execute if entity @s[tag=aj.assembler.bone.bone21] run data modify entity @s {} merge value {transformation:[-0.5574944603863252f,-0.83018065903667f,1.2246467991473532e-16f,0.4980128296396809f,-0.83018065903667f,0.5574944603863252f,0f,1.2153871441994317f,-6.827338064544943e-17f,-1.0166780868032981e-16f,-1f,-1.5546875f,0f,0f,0f,1f],start_interpolation:0}
execute if entity @s[tag=aj.assembler.bone.arm4] run data modify entity @s {} merge value {transformation:[-0.7784327272179667f,0.6277280376054575f,1.2246467991473532e-16f,0.08680914712997163f,0.6277280376054575f,0.7784327272179667f,0f,1.54698173375435f,-9.533051477390276e-17f,7.687451319885729e-17f,-1f,-1.5546875f,0f,0f,0f,1f],start_interpolation:0}
execute if entity @s[tag=aj.assembler.bone.small_arm_base4] run data modify entity @s {} merge value {transformation:[0.07845909572784476f,0.9969173337331282f,1.2246467991473532e-16f,0.08812220913391193f,0.9969173337331282f,-0.07845909572784476f,0f,1.5636657684077075f,9.60846804471009e-18f,1.220871621770789e-16f,-1f,-1.4609375f,0f,0f,0f,1f],start_interpolation:0}
execute if entity @s[tag=aj.assembler.bone.bone25] run data modify entity @s {} merge value {transformation:[-0.9510565162951535f,-0.3090169943749476f,1.2246467991473532e-16f,2.6414183864572156e-16f,-0.3090169943749476f,0.9510565162951535f,0f,0.4999999999999999f,-1.1647083184890923e-16f,-3.7843667304341524e-17f,-1f,-1.8984375f,0f,0f,0f,1f],start_interpolation:0}
execute if entity @s[tag=aj.assembler.bone.bone16] run data modify entity @s {} merge value {transformation:[-0.6255150398420292f,-0.7802121089366819f,1.2246467991473532e-16f,-0.6606473405464677f,-0.7802121089366819f,0.6255150398420292f,0f,0.947071797090161f,-7.6603499136107e-17f,-9.554842618653135e-17f,-1f,-1.5546875f,0f,0f,0f,1f],start_interpolation:0}
execute if entity @s[tag=aj.assembler.bone.arm3] run data modify entity @s {} merge value {transformation:[-0.7313537016191707f,-0.6819983600624984f,1.2246467991473532e-16f,-1.0469817337543499f,-0.6819983600624984f,0.7313537016191707f,0f,0.5868091471299716f,-8.956499697324858e-17f,-8.352071086742828e-17f,-1f,-1.5546875f,0f,0f,0f,1f],start_interpolation:0}
execute if entity @s[tag=aj.assembler.bone.small_arm_base3] run data modify entity @s {} merge value {transformation:[-0.9969173337331281f,0.07845909572784504f,1.2246467991473532e-16f,-1.0636657684077073f,0.07845909572784504f,0.9969173337331281f,0f,0.5881222091339119f,-1.220871621770789e-16f,9.608468044710115e-18f,-1f,-1.4609375f,0f,0f,0f,1f],start_interpolation:0}
execute if entity @s[tag=aj.assembler.bone.bone15] run data modify entity @s {} merge value {transformation:[0.3090169943749474f,-0.9510565162951536f,1.2246467991473532e-16f,2.6414183864572156e-16f,-0.9510565162951536f,-0.3090169943749474f,0f,0.4999999999999999f,3.78436673043415e-17f,-1.1647083184890923e-16f,-1f,-1.8984375f,0f,0f,0f,1f],start_interpolation:0}
execute if entity @s[tag=aj.assembler.bone.bone26] run data modify entity @s {} merge value {transformation:[-0.9111909517274736f,0.4119842830618443f,1.2246467991473532e-16f,0.5232007880025993f,0.4119842830618443f,0.9111909517274736f,0f,0.4817252325567371f,-1.1158870824450808e-16f,5.0453523355070475e-17f,-1f,-1.5546875f,0f,0f,0f,1f],start_interpolation:0}
execute if entity @s[tag=aj.assembler.bone.arm5] run data modify entity @s {} merge value {transformation:[0.9915480999047576f,-0.12973960681019997f,1.2246467991473532e-16f,1.0469817337543503f,-0.12973960681019997f,-0.9915480999047576f,0f,0.41319085287002877f,1.2142962067490011e-16f,-1.588851942027476e-17f,-1f,-1.5546875f,0f,0f,0f,1f],start_interpolation:0}
execute if entity @s[tag=aj.assembler.bone.small_arm_base5] run data modify entity @s {} merge value {transformation:[0.9969173337331282f,-0.07845909572784454f,1.2246467991473532e-16f,1.0636657684077078f,-0.07845909572784454f,-0.9969173337331282f,0f,0.41187779086608844f,1.220871621770789e-16f,-9.608468044710066e-18f,-1f,-1.4609375f,0f,0f,0f,1f],start_interpolation:0}
execute if entity @s[tag=aj.assembler.bone.bone20] run data modify entity @s {} merge value {transformation:[-0.30901699437494784f,0.9510565162951534f,1.2246467991473532e-16f,2.6414183864572156e-16f,0.9510565162951534f,0.30901699437494784f,0f,0.4999999999999999f,-3.784366730434155e-17f,1.1647083184890923e-16f,-1f,-1.8984375f,0f,0f,0f,1f],start_interpolation:0}
execute if entity @s[tag=aj.assembler.bone.bone11] run data modify entity @s {} merge value {transformation:[-0.5560665930898959f,0.8311377407201507f,1.2246467991473532e-16f,-0.21012563926338612f,0.8311377407201507f,0.5560665930898959f,0f,-0.033331577422679115f,-6.809851733403146e-17f,1.0178501738234954e-16f,-1f,-1.5546875f,0f,0f,0f,1f],start_interpolation:0}
execute if entity @s[tag=aj.assembler.bone.arm2] run data modify entity @s {} merge value {transformation:[-0.233445363855905f,0.9723699203976769f,1.2246467991473532e-16f,-0.08680914712997119f,0.9723699203976769f,0.233445363855905f,0f,-0.5469817337543501f,-2.8588811762192315e-17f,1.1908097106021816e-16f,-1f,-1.5546875f,0f,0f,0f,1f],start_interpolation:0}
execute if entity @s[tag=aj.assembler.bone.small_arm_base2] run data modify entity @s {} merge value {transformation:[0.07845909572784476f,0.9969173337331282f,1.2246467991473532e-16f,-0.08812220913391151f,0.9969173337331282f,-0.07845909572784476f,0f,-0.5636657684077077f,9.60846804471009e-18f,1.220871621770789e-16f,-1f,-1.4609375f,0f,0f,0f,1f],start_interpolation:0}
execute if entity @s[tag=aj.assembler.bone.bone2] run data modify entity @s {} merge value {transformation:[-0.9510565162951535f,-0.3090169943749476f,1.2246467991473532e-16f,2.6414183864572156e-16f,-0.3090169943749476f,0.9510565162951535f,0f,0.4999999999999999f,-1.1647083184890923e-16f,-3.7843667304341524e-17f,-1f,-1.8984375f,0f,0f,0f,1f],start_interpolation:0}
execute if entity @s[tag=aj.assembler.bone.ring] run data modify entity @s {} merge value {transformation:[-1.7111876443969585f,-0.5559985696149626f,2.2034447328268763e-16f,2.220446049250313e-16f,-0.5559985696149626f,1.7111876443969585f,0f,0.4999999999999999f,-2.0956004714512344e-16f,-6.809018686094708e-17f,-1.799249166666667f,-1.5546875f,0f,0f,0f,1f],start_interpolation:0}
execute if entity @s[tag=aj.assembler.bone.wheel] run data modify entity @s {} merge value {transformation:[-1f,1.4997597826618576e-32f,-1.2246467991473532e-16f,1.0625000000000002f,0f,-1f,-1.2246467991473532e-16f,-0.625f,-1.2246467991473532e-16f,-1.2246467991473532e-16f,1f,-1.6796874999999998f,0f,0f,0f,1f],start_interpolation:0}
execute if entity @s[tag=aj.assembler.bone.wheel2] run data modify entity @s {} merge value {transformation:[-1f,1.4997597826618576e-32f,-1.2246467991473532e-16f,1.0625000000000002f,0f,-1f,-1.2246467991473532e-16f,-0.625f,-1.2246467991473532e-16f,-1.2246467991473532e-16f,1f,-1.4296874999999998f,0f,0f,0f,1f],start_interpolation:0}
execute if entity @s[tag=aj.assembler.bone.rails] run data modify entity @s {} merge value {transformation:[-1.1373008333333334f,0f,1.3927918252092842e-16f,-0.43749999999999983f,0f,1.1373008333333334f,0f,-1f,-1.3927918252092842e-16f,0f,-1.1373008333333334f,-1.1171875f,0f,0f,0f,1f],start_interpolation:0}
execute if entity @s[tag=aj.assembler.bone.wheel3] run data modify entity @s {} merge value {transformation:[-1f,1.4997597826618576e-32f,-1.2246467991473532e-16f,-1.0625f,0f,-1f,-1.2246467991473532e-16f,-0.625f,-1.2246467991473532e-16f,-1.2246467991473532e-16f,1f,-1.4296875000000002f,0f,0f,0f,1f],start_interpolation:0}
execute if entity @s[tag=aj.assembler.bone.wheel4] run data modify entity @s {} merge value {transformation:[-1f,1.4997597826618576e-32f,-1.2246467991473532e-16f,-1.0625f,0f,-1f,-1.2246467991473532e-16f,-0.625f,-1.2246467991473532e-16f,-1.2246467991473532e-16f,1f,-1.6796875000000002f,0f,0f,0f,1f],start_interpolation:0}
execute if entity @s[tag=aj.assembler.bone.rails2] run data modify entity @s {} merge value {transformation:[-1.2038220833333333f,0f,1.4742568610970649e-16f,0.4375000000000001f,0f,1.2038220833333333f,0f,-1f,-1.4742568610970649e-16f,0f,-1.2038220833333333f,-1.1171875f,0f,0f,0f,1f],start_interpolation:0}
execute if entity @s[tag=aj.assembler.bone.bone6] run data modify entity @s {} merge value {transformation:[-0.7916968112058066f,-0.015732306210320457f,-0.6107115961465464f,0.11849153283337775f,0f,0.9996683604115837f,-0.02575207160630072f,0.6820394032886455f,0.6109141994802195f,-0.020387832972651954f,-0.7914342532011878f,-0.9785432340174888f,0f,0f,0f,1f],start_interpolation:0}
execute if entity @s[tag=aj.assembler.bone.bone5] run data modify entity @s {} merge value {transformation:[-0.7916968112058066f,-0.24669503984632143f,-0.5588897176024796f,0.04379074517291437f,0f,0.9148415899941372f,-0.40381290868049147f,0.6317989542871447f,0.6109141994802195f,-0.3196973921260867f,-0.7242771695568083f,-1.0753495865882245f,0f,0f,0f,1f],start_interpolation:0}
execute if entity @s[tag=aj.assembler.bone.bone4] run data modify entity @s {} merge value {transformation:[-0.7916968112058066f,-0.24669503984632143f,-0.5588897176024796f,0.883047949978635f,0f,0.9148415899941372f,-0.40381290868049147f,0.295568617147443f,0.6109141994802195f,-0.3196973921260867f,-0.7242771695568083f,-0.2946552546640735f,0f,0f,0f,1f],start_interpolation:0}
execute if entity @s[tag=aj.assembler.bone.bone3] run data modify entity @s {} merge value {transformation:[-0.7916968112058066f,-0.4481554256582368f,-0.41517812271318205f,0.8459333878826677f,0f,0.6796013631151896f,-0.7335816159446583f,-0.234375f,0.6109141994802195f,-0.5807742261025887f,-0.538038232069415f,-0.24044711943411967f,0f,0f,0f,1f],start_interpolation:0}
execute if entity @s[tag=aj.assembler.bone.octagon] run data modify entity @s {} merge value {transformation:[-0.7916968112058066f,0f,-0.6109141994802195f,0.859375f,0f,1f,0f,-0.40625f,0.6109141994802195f,0f,-0.7916968112058066f,-0.1718749999999999f,0f,0f,0f,1f],start_interpolation:0}
execute if entity @s[tag=aj.assembler.bone.bone10] run data modify entity @s {} merge value {transformation:[-0.9400659593183297f,0.04814013093676428f,0.3375774280432562f,-0.40819682448176137f,0f,0.9899844501311866f,-0.1411764445594661f,-0.02585637744608446f,-0.34099265700438275f,-0.1327151697879455f,-0.9306506818228031f,-1.1407734135156913f,0f,0f,0f,1f],start_interpolation:0}
execute if entity @s[tag=aj.assembler.bone.bone9] run data modify entity @s {} merge value {transformation:[-0.9400659593183297f,0.3069559109691069f,0.14850609701973289f,-0.3875232108757123f,0f,0.4355111289620062f,-0.9001833460746975f,-0.14333002396822442f,-0.34099265700438275f,-0.8462317207900946f,-0.4094091872414772f,-1.1977674865783767f,0f,0f,0f,1f],start_interpolation:0}
execute if entity @s[tag=aj.assembler.bone.bone8] run data modify entity @s {} merge value {transformation:[-0.9400659593183297f,0.3069559109691069f,0.14850609701973289f,-0.864953469792316f,0f,0.4355111289620062f,-0.9001833460746975f,0.2646195232401657f,-0.34099265700438275f,-0.8462317207900946f,-0.4094091872414772f,-0.43142859631694536f,0f,0f,0f,1f],start_interpolation:0}
execute if entity @s[tag=aj.assembler.bone.bone7] run data modify entity @s {} merge value {transformation:[-0.9400659593183297f,0.3085255215217371f,0.14521706063906106f,-0.8674400201659239f,0f,0.425865653280606f,-0.9047864086931692f,-0.234375f,-0.34099265700438275f,-0.8505589032663304f,-0.40034180389196006f,-0.24128514298878256f,0f,0f,0f,1f],start_interpolation:0}
execute if entity @s[tag=aj.assembler.bone.octagon2] run data modify entity @s {} merge value {transformation:[-0.9400659593183297f,0f,0.34099265700438275f,-0.859375f,0f,1f,0f,-0.40625f,-0.34099265700438275f,0f,-0.9400659593183297f,-0.171875f,0f,0f,0f,1f],start_interpolation:0}