execute if entity @s[tag=aj.assembler.bone.bone21] run data modify entity @s {} merge value {transformation:[0.8428839642934339f,-0.5380953658386078f,1.2246467991473532e-16f,-0.8195145091529041f,-0.5380953658386078f,-0.8428839642934339f,0f,0.37480919701209353f,1.0322351489245861e-16f,-6.589767674102751e-17f,-1f,-1.1535000000000002f,0f,0f,0f,1f],start_interpolation:0}
execute if entity @s[tag=aj.assembler.bone.arm4] run data modify entity @s {} merge value {transformation:[-0.0059201222409629994f,-0.9999824759227794f,1.2246467991473532e-16f,-0.822641787826158f,-0.9999824759227794f,0.0059201222409629994f,0f,-0.15342717097078246f,-7.250058752956191e-19f,-1.2246253383422772e-16f,-1f,-1.1535000000000002f,0f,0f,0f,1f],start_interpolation:0}
execute if entity @s[tag=aj.assembler.bone.small_arm_base4] run data modify entity @s {} merge value {transformation:[-0.7804304073383299f,-0.6252426563357051f,1.2246467991473532e-16f,-0.8357027784619696f,-0.6252426563357051f,0.7804304073383299f,0f,-0.16389099760122072f,-9.557516003041508e-17f,-7.657014177719099e-17f,-1f,-1.0597500000000002f,0f,0f,0f,1f],start_interpolation:0}
execute if entity @s[tag=aj.assembler.bone.bone25] run data modify entity @s {} merge value {transformation:[0.8763066800438635f,-0.4817536741017154f,1.2246467991473532e-16f,1.531195361832059e-16f,-0.4817536741017154f,-0.8763066800438635f,0f,0.4999999999999999f,1.0731661707871612e-16f,-5.89978094966143e-17f,-1f,-1.4972500000000002f,0f,0f,0f,1f],start_interpolation:0}
execute if entity @s[tag=aj.assembler.bone.bone16] run data modify entity @s {} merge value {transformation:[0.7467448587540857f,-0.6651106042789732f,1.2246467991473532e-16f,0.4267526171885483f,-0.6651106042789732f,-0.7467448587540857f,0f,0.15449769597209706f,9.144987010529336e-17f,-8.145255726092065e-17f,-1f,-1.1535000000000002f,0f,0f,0f,1f],start_interpolation:0}
execute if entity @s[tag=aj.assembler.bone.arm3] run data modify entity @s {} merge value {transformation:[0.42910824634323097f,-0.903253072466536f,1.2246467991473532e-16f,0.6534271709707823f,-0.903253072466536f,-0.42910824634323097f,0f,-0.3226417878261585f,5.255060403719719e-17f,-1.1061659840161555e-16f,-1f,-1.1535000000000002f,0f,0f,0f,1f],start_interpolation:0}
execute if entity @s[tag=aj.assembler.bone.small_arm_base3] run data modify entity @s {} merge value {transformation:[0.6252426563357049f,-0.7804304073383301f,1.2246467991473532e-16f,0.6638909976012205f,-0.7804304073383301f,-0.6252426563357049f,0f,-0.33570277846197005f,7.657014177719096e-17f,-9.55751600304151e-17f,-1f,-1.0597500000000002f,0f,0f,0f,1f],start_interpolation:0}
execute if entity @s[tag=aj.assembler.bone.bone15] run data modify entity @s {} merge value {transformation:[0.4817536741017156f,0.8763066800438634f,1.2246467991473532e-16f,1.531195361832059e-16f,0.8763066800438634f,-0.4817536741017156f,0f,0.4999999999999999f,5.899780949661432e-17f,1.0731661707871611e-16f,-1f,-1.4972500000000002f,0f,0f,0f,1f],start_interpolation:0}
execute if entity @s[tag=aj.assembler.bone.bone26] run data modify entity @s {} merge value {transformation:[-0.9458559215519386f,0.32458677678724523f,1.2246467991473532e-16f,-0.21623976430811293f,0.32458677678724523f,0.9458559215519386f,0f,1.0261445504238336f,-1.1583394267831518e-16f,3.9750415723805634e-17f,-1f,-1.1535000000000002f,0f,0f,0f,1f],start_interpolation:0}
execute if entity @s[tag=aj.assembler.bone.arm5] run data modify entity @s {} merge value {transformation:[-0.8276214434576141f,0.5612866881809468f,1.2246467991473532e-16f,-0.6534271709707824f,0.5612866881809468f,0.8276214434576141f,0f,1.322641787826158f,-1.0135439516360794e-16f,6.873779460848152e-17f,-1f,-1.1535000000000002f,0f,0f,0f,1f],start_interpolation:0}
execute if entity @s[tag=aj.assembler.bone.small_arm_base5] run data modify entity @s {} merge value {transformation:[-0.6252426563357052f,0.7804304073383297f,1.2246467991473532e-16f,-0.6638909976012207f,0.7804304073383297f,0.6252426563357052f,0f,1.3357027784619695f,-7.657014177719101e-17f,9.557516003041506e-17f,-1f,-1.0597500000000002f,0f,0f,0f,1f],start_interpolation:0}
execute if entity @s[tag=aj.assembler.bone.bone20] run data modify entity @s {} merge value {transformation:[-0.48175367410171516f,-0.8763066800438636f,1.2246467991473532e-16f,1.531195361832059e-16f,-0.8763066800438636f,0.48175367410171516f,0f,0.4999999999999999f,-5.899780949661427e-17f,-1.0731661707871613e-16f,-1f,-1.4972500000000002f,0f,0f,0f,1f],start_interpolation:0}
execute if entity @s[tag=aj.assembler.bone.bone11] run data modify entity @s {} merge value {transformation:[0.03039981853897533f,-0.9995378187106265f,1.2246467991473532e-16f,0.34734757057932186f,-0.9995378187106265f,-0.03039981853897533f,0f,0.92290852230357f,3.722904046841644e-18f,-1.2240807903106961e-16f,-1f,-1.1535000000000002f,0f,0f,0f,1f],start_interpolation:0}
execute if entity @s[tag=aj.assembler.bone.arm2] run data modify entity @s {} merge value {transformation:[-0.8997598744842165f,-0.43638534378247307f,1.2246467991473532e-16f,0.8226417878261583f,-0.43638534378247307f,0.8997598744842165f,0f,1.1534271709707824f,-1.1018880502883199e-16f,-5.344179144580229e-17f,-1f,-1.1535000000000002f,0f,0f,0f,1f],start_interpolation:0}
execute if entity @s[tag=aj.assembler.bone.small_arm_base2] run data modify entity @s {} merge value {transformation:[-0.7804304073383299f,-0.6252426563357051f,1.2246467991473532e-16f,0.8357027784619698f,-0.6252426563357051f,0.7804304073383299f,0f,1.1638909976012206f,-9.557516003041508e-17f,-7.657014177719099e-17f,-1f,-1.0597500000000002f,0f,0f,0f,1f],start_interpolation:0}
execute if entity @s[tag=aj.assembler.bone.bone2] run data modify entity @s {} merge value {transformation:[0.8763066800438635f,-0.4817536741017154f,1.2246467991473532e-16f,1.531195361832059e-16f,-0.4817536741017154f,-0.8763066800438635f,0f,0.4999999999999999f,1.0731661707871612e-16f,-5.89978094966143e-17f,-1f,-1.4972500000000002f,0f,0f,0f,1f],start_interpolation:0}
execute if entity @s[tag=aj.assembler.bone.ring] run data modify entity @s {} merge value {transformation:[1.5766940638133549f,-0.8667948966661164f,2.2034447328268763e-16f,1.1102230246251565e-16f,-0.8667948966661164f,-1.5766940638133549f,0f,0.4999999999999999f,1.930893338483658e-16f,-1.0615175957194205e-16f,-1.799249166666667f,-1.1535000000000002f,0f,0f,0f,1f],start_interpolation:0}
execute if entity @s[tag=aj.assembler.bone.wheel] run data modify entity @s {} merge value {transformation:[-1f,1.1647083184890928e-16f,3.784366730434141e-17f,1.0625f,0f,0.3090169943749467f,-0.9510565162951539f,-0.625f,-1.2246467991473532e-16f,-0.9510565162951539f,-0.3090169943749467f,-1.2785f,0f,0f,0f,1f],start_interpolation:0}
execute if entity @s[tag=aj.assembler.bone.wheel2] run data modify entity @s {} merge value {transformation:[-1f,1.1647083184890928e-16f,3.784366730434141e-17f,1.0625f,0f,0.3090169943749467f,-0.9510565162951539f,-0.625f,-1.2246467991473532e-16f,-0.9510565162951539f,-0.3090169943749467f,-1.0285f,0f,0f,0f,1f],start_interpolation:0}
execute if entity @s[tag=aj.assembler.bone.rails] run data modify entity @s {} merge value {transformation:[-1.1373008333333334f,0f,1.3927918252092842e-16f,-0.43749999999999994f,0f,1.1373008333333334f,0f,-1f,-1.3927918252092842e-16f,0f,-1.1373008333333334f,-0.7160000000000002f,0f,0f,0f,1f],start_interpolation:0}
execute if entity @s[tag=aj.assembler.bone.wheel3] run data modify entity @s {} merge value {transformation:[-1f,1.1647083184890928e-16f,3.784366730434141e-17f,-1.0625f,0f,0.3090169943749467f,-0.9510565162951539f,-0.625f,-1.2246467991473532e-16f,-0.9510565162951539f,-0.3090169943749467f,-1.0285000000000002f,0f,0f,0f,1f],start_interpolation:0}
execute if entity @s[tag=aj.assembler.bone.wheel4] run data modify entity @s {} merge value {transformation:[-1f,1.1647083184890928e-16f,3.784366730434141e-17f,-1.0625f,0f,0.3090169943749467f,-0.9510565162951539f,-0.625f,-1.2246467991473532e-16f,-0.9510565162951539f,-0.3090169943749467f,-1.2785000000000002f,0f,0f,0f,1f],start_interpolation:0}
execute if entity @s[tag=aj.assembler.bone.rails2] run data modify entity @s {} merge value {transformation:[-1.2038220833333333f,0f,1.4742568610970649e-16f,0.4375f,0f,1.2038220833333333f,0f,-1f,-1.4742568610970649e-16f,0f,-1.2038220833333333f,-0.7160000000000001f,0f,0f,0f,1f],start_interpolation:0}
execute if entity @s[tag=aj.assembler.bone.bone6] run data modify entity @s {} merge value {transformation:[0.2697212452781922f,-0.8845838821953125f,-0.380475761653552f,0.25118353214805583f,0f,0.3951195047063941f,-0.9186297279103119f,0.3092343411607839f,0.9629384455122669f,0.2477739541615362f,0.10657212484311118f,0.09583905927141793f,0f,0f,0f,1f],start_interpolation:0}
execute if entity @s[tag=aj.assembler.bone.bone5] run data modify entity @s {} merge value {transformation:[0.2697212452781922f,-0.6513057547761547f,-0.7092610687476399f,0.15522914289599077f,0f,0.7365590937334785f,-0.6763731968658403f,0.22236570430031877f,0.9629384455122669f,0.1824322209314463f,0.19866563598277054f,0.12271610159908941f,0f,0f,0f,1f],start_interpolation:0}
execute if entity @s[tag=aj.assembler.bone.bone4] run data modify entity @s {} merge value {transformation:[0.2697212452781922f,-0.6513057547761547f,-0.7092610687476399f,0.8861673584736668f,0f,0.7365590937334785f,-0.6763731968658403f,0.2829821046947445f,0.9629384455122669f,0.1824322209314463f,0.19866563598277054f,-0.2767378484635269f,0f,0f,0f,1f],start_interpolation:0}
execute if entity @s[tag=aj.assembler.bone.bone3] run data modify entity @s {} merge value {transformation:[0.2697212452781922f,-0.5145608908086271f,-0.8139272323099979f,0.7907625582405398f,0f,0.845253646381314f,-0.5343652994713379f,-0.234375f,0.9629384455122669f,0.14412967400686336f,0.22798286607790072f,-0.1851092485923712f,0f,0f,0f,1f],start_interpolation:0}
execute if entity @s[tag=aj.assembler.bone.octagon] run data modify entity @s {} merge value {transformation:[0.2697212452781922f,0f,-0.9629384455122669f,0.859375f,0f,1f,0f,-0.40625f,0.9629384455122669f,0f,0.2697212452781922f,-0.1718749999999999f,0f,0f,0f,1f],start_interpolation:0}
execute if entity @s[tag=aj.assembler.bone.bone10] run data modify entity @s {} merge value {transformation:[0.04361938736533623f,0.242128926748578f,0.9692630870292411f,-0.6268899098121428f,0f,0.9701864895916077f,-0.24235959938470197f,0.5713495620611887f,-0.9990482215818577f,0.010571577247269018f,0.042318940306112086f,-0.06788516751616641f,0f,0f,0f,1f],start_interpolation:0}
execute if entity @s[tag=aj.assembler.bone.bone9] run data modify entity @s {} merge value {transformation:[0.04361938736533623f,0.11952595803606424f,0.9918724184094614f,-0.4954039288118547f,0f,0.9928173605463865f,-0.1196398286429168f,0.5589294056676144f,-0.9990482215818577f,0.0052186160298978365f,0.043306085032703515f,-0.0621443656064431f,0f,0f,0f,1f],start_interpolation:0}
execute if entity @s[tag=aj.assembler.bone.bone8] run data modify entity @s {} merge value {transformation:[0.04361938736533623f,0.11952595803606424f,0.9918724184094614f,-1.1268809521572198f,0f,0.9928173605463865f,-0.1196398286429168f,0.17727702900424502f,-0.9990482215818577f,0.0052186160298978365f,0.043306085032703515f,-0.27739387633888485f,0f,0f,0f,1f],start_interpolation:0}
execute if entity @s[tag=aj.assembler.bone.bone7] run data modify entity @s {} merge value {transformation:[0.04361938736533623f,0.10296592522089089f,0.9937280147451205f,-0.7955713802959672f,0f,0.9946747246811437f,-0.10306401933017635f,-0.234375f,-0.9990482215818577f,0.004495589382591463f,0.04338710211837597f,-0.20036904521409954f,0f,0f,0f,1f],start_interpolation:0}
execute if entity @s[tag=aj.assembler.bone.octagon2] run data modify entity @s {} merge value {transformation:[0.04361938736533623f,0f,0.9990482215818577f,-0.859375f,0f,1f,0f,-0.40625f,-0.9990482215818577f,0f,0.04361938736533623f,-0.171875f,0f,0f,0f,1f],start_interpolation:0}