execute if entity @s[tag=aj.mech_torso.bone.drillhead_right1] run data modify entity @s {} merge value {transformation:[-0.7585674873725343f,-0.468336855473047f,-0.4530297527833441f,-2.503969063680711f,-0.500361417819259f,-0.02668268661652204f,0.8654053881232915f,0.47404213790968197f,-0.41738928910457274f,0.8831470002443207f,-0.2140970744784634f,0.8587057723951517f,0f,0f,0f,1f],start_interpolation:0}
execute if entity @s[tag=aj.mech_torso.bone.drillhead_right2] run data modify entity @s {} merge value {transformation:[-0.21414421140536183f,-0.14395613887000658f,0.9661360601919458f,-2.3983886278962867f,0.9654159840767462f,-0.18176947507774038f,0.18690060358139615f,0.7710609226078489f,0.1487085552707146f,0.9727468776673621f,0.17790243836916544f,0.9715626427327673f,0f,0f,0f,1f],start_interpolation:0}
execute if entity @s[tag=aj.mech_torso.bone.drillhead_right3] run data modify entity @s {} merge value {transformation:[0.7947266309019283f,-0.4562784738327795f,-0.40027432649634154f,-2.1911135130875157f,-0.5824559344884728f,-0.38778152929836635f,-0.7144022465769407f,0.45326299378654955f,0.1707473763032106f,0.8008966474220315f,-0.5739424131685338f,0.9761426817026393f,0f,0f,0f,1f],start_interpolation:0}
execute if entity @s[tag=aj.mech_torso.bone.drill_right] run data modify entity @s {} merge value {transformation:[-1.1597020836023537f,0.5436675411145435f,0.8347231181991819f,-2.126153864588428f,-0.7649552458530964f,0.33457234641596295f,-1.2806837310143693f,0.7100426774615863f,-0.6381070060417201f,-1.3891482828631085f,0.01823455752929319f,0.3189560190505116f,0f,0f,0f,1f],start_interpolation:0}
execute if entity @s[tag=aj.mech_torso.bone.right_hand] run data modify entity @s {} merge value {transformation:[-0.5459969654079144f,0.3556159176227475f,-0.7585674873725342f,-2.1149741545084133f,0.8377022458533081f,0.21884560505119632f,-0.5003614178192592f,0.8258083950283237f,-0.011927323994606899f,-0.90864950353979f,-0.41738928910457274f,0.0374061776216289f,0f,0f,0f,1f],start_interpolation:0}
execute if entity @s[tag=aj.mech_torso.bone.right_arm_low] run data modify entity @s {} merge value {transformation:[-0.5459969654079144f,0.3556159176227475f,-0.7585674873725342f,-1.7489386605280628f,0.8377022458533081f,0.21884560505119632f,-0.5003614178192592f,0.9766613154068364f,-0.011927323994606899f,-0.90864950353979f,-0.41738928910457274f,-0.8835412834530161f,0f,0f,0f,1f],start_interpolation:0}
execute if entity @s[tag=aj.mech_torso.bone.right_arm] run data modify entity @s {} merge value {transformation:[-0.6042516566346408f,0.7199672733579748f,0.5842080445199325f,-1f,0.927080188889422f,0.479092213259012f,0.3684629602787269f,1.4375f,-0.01319989988877482f,0.6905720491173186f,-0.8647010964228402f,-0.1811737500000001f,0f,0f,0f,1f],start_interpolation:0}