execute if entity @s[tag=aj.mech_torso.bone.drillhead_right1] run data modify entity @s {} merge value {transformation:[-0.1830127018922194f,0.18301270189221933f,0.9659258262890683f,-1.669538066661703f,-0.6830127018922193f,0.6830127018922193f,-0.25881904510252085f,-1.0548025274924346f,-0.7071067811865475f,-0.7071067811865476f,-3.871744873051051e-17f,1.1372630827448535f,0f,0f,0f,1f],start_interpolation:0}
execute if entity @s[tag=aj.mech_torso.bone.drillhead_right2] run data modify entity @s {} merge value {transformation:[-0.8223631719059994f,0.18301270189221933f,-0.5387255000821973f,-1.8024136342538264f,0.500495263503403f,0.6830127018922193f,-0.5319756951821668f,-0.8172903206314617f,0.27059805007309856f,-0.7071067811865476f,-0.6532814824381883f,1.33229152988913f,0f,0f,0f,1f],start_interpolation:0}
execute if entity @s[tag=aj.mech_torso.bone.drillhead_right3] run data modify entity @s {} merge value {transformation:[0.9624350297590465f,0.18301270189221933f,-0.200562121146575f,-1.435872910039042f,0.022260026714733733f,0.6830127018922193f,0.7300672162647421f,-0.915409445072948f,0.27059805007309845f,-0.7071067811865476f,0.6532814824381883f,1.3323834537706842f,0f,0f,0f,1f],start_interpolation:0}
execute if entity @s[tag=aj.mech_torso.bone.drill_right] run data modify entity @s {} merge value {transformation:[-0.279790809971627f,0.2797908099716268f,1.4767126353289535f,-1.5108305915183577f,-1.0441935183049602f,1.0441935183049602f,-0.3956839580892282f,-0.4708051288225811f,-1.0810286772397253f,-1.0810286772397253f,-5.919144533871843e-17f,0.7857956571560801f,0f,0f,0f,1f],start_interpolation:0}
execute if entity @s[tag=aj.mech_torso.bone.right_hand] run data modify entity @s {} merge value {transformation:[-0.9659258262890683f,0.18301270189221933f,-0.1830127018922192f,-1.5590205269130233f,0.2588190451025207f,0.6830127018922193f,-0.6830127018922194f,-0.28657082405492806f,-1.1829179713786698e-16f,-0.7071067811865476f,-0.7071067811865475f,0.548030118098627f,0f,0f,0f,1f],start_interpolation:0}
execute if entity @s[tag=aj.mech_torso.bone.right_arm_low] run data modify entity @s {} merge value {transformation:[-0.9659258262890683f,0.18301270189221933f,-0.1830127018922192f,-1.321356607811869f,0.2588190451025207f,0.6830127018922193f,-0.6830127018922194f,0.35892154058425185f,-1.1829179713786698e-16f,-0.7071067811865476f,-0.7071067811865475f,-0.18117375000000013f,0f,0f,0f,1f],start_interpolation:0}
execute if entity @s[tag=aj.mech_torso.bone.right_arm] run data modify entity @s {} merge value {transformation:[-1.068984477386792f,0.2864335274371966f,1.355309468843381e-16f,-1f,0.2864335274371966f,1.068984477386792f,0f,1.4375f,-1.309128418569941e-16f,3.507799025444483e-17f,-1.1066941666666668f,-0.1811737500000001f,0f,0f,0f,1f],start_interpolation:0}