execute if entity @s[tag=aj.mech_torso.bone.drillhead_right1] run data modify entity @s {} merge value {transformation:[-0.30120815209689833f,-0.2938133711214239f,0.9071644570091114f,-1.993629346500175f,-0.6937384372805994f,0.720221105891368f,0.0029222026087789565f,-0.8246520410542333f,-0.6542175706520299f,-0.6284546615141614f,-0.42076609734064496f,1.0823124244257418f,0f,0f,0f,1f],start_interpolation:0}
execute if entity @s[tag=aj.mech_torso.bone.drillhead_right2] run data modify entity @s {} merge value {transformation:[-0.7313497542880001f,0.5703253799632582f,-0.37397392672838403f,-2.0844988236889086f,0.6353295828096178f,0.7691029693130076f,-0.06954814016831465f,-0.5573217653316277f,0.24795938802521345f,-0.28846071407330326f,-0.9248278533470332f,1.2622605332347212f,0f,0f,0f,1f],start_interpolation:0}
execute if entity @s[tag=aj.mech_torso.bone.drillhead_right3] run data modify entity @s {} merge value {transformation:[0.961884493289574f,0.25910092532542384f,0.08743530216433298f,-1.7367458343568352f,-0.10436517012535174f,0.052295122975234906f,0.9931631947357449f,-0.7091314701045888f,0.25275706287612487f,-0.964433476507589f,0.07734298001577374f,1.263330807225741f,0f,0f,0f,1f],start_interpolation:0}
execute if entity @s[tag=aj.mech_torso.bone.drill_right] run data modify entity @s {} merge value {transformation:[-0.46048865446989534f,0.40314232331117517f,1.400954127831855f,-1.7592452205832358f,-1.060591080664449f,0.915333155179327f,-0.6120112553489641f,-0.2960513343682786f,-1.0001713656913311f,-1.1562385066300407f,0.0039695171509762026f,0.6880843813100943f,0f,0f,0f,1f],start_interpolation:0}
execute if entity @s[tag=aj.mech_torso.bone.right_hand] run data modify entity @s {} merge value {transformation:[-0.9163717714229634f,0.26369760266166975f,-0.3012081520968981f,-1.7858001157439534f,0.4003199155870101f,0.5987244322924202f,-0.6937384372805995f,-0.12306543461192399f,-0.0025964829190829055f,-0.7563019426965709f,-0.6542175706520299f,0.43874983392780414f,0f,0f,0f,1f],start_interpolation:0}
execute if entity @s[tag=aj.mech_torso.bone.right_arm_low] run data modify entity @s {} merge value {transformation:[-0.9163717714229634f,0.26369760266166975f,-0.3012081520968981f,-1.4742420321213765f,0.4003199155870101f,0.5987244322924202f,-0.6937384372805995f,0.4289596767912893f,-0.0025964829190829055f,-0.7563019426965709f,-0.6542175706520299f,-0.3378341276692f,0f,0f,0f,1f],start_interpolation:0}
execute if entity @s[tag=aj.mech_torso.bone.right_arm] run data modify entity @s {} merge value {transformation:[-1.0141432939317938f,0.4383545889791155f,0.06426983917943142f,-1f,0.4430317153806365f,1.004435941021191f,0.140011849804912f,1.4375f,-0.0028735125003986903f,0.1540314034210338f,-1.095918814611778f,-0.1811737500000001f,0f,0f,0f,1f],start_interpolation:0}