execute if entity @s[tag=aj.mech_torso.bone.drillhead_right1] run data modify entity @s {} merge value {transformation:[-0.9134776065309547f,-0.13706039401795236f,0.3831097894313354f,-2.0484734681518884f,-0.4068889084001653f,0.3070557772893704f,-0.8603244538278233f,0.7930829924927145f,0.0002803344439154087f,-0.9417702469418239f,-0.33625693061665707f,1.8325120826055024f,0f,0f,0f,1f],start_interpolation:0}
execute if entity @s[tag=aj.mech_torso.bone.drillhead_right2] run data modify entity @s {} merge value {transformation:[-0.025087640746509987f,0.2264929243329767f,-0.9736896659145924f,-1.8735033561147885f,0.9968848592576961f,0.07852080183607989f,-0.007420314129638117f,1.0781359510998378f,0.07477424466042751f,-0.9708426437410521f,-0.22775726866413487f,1.847819948212985f,0f,0f,0f,1f],start_interpolation:0}
execute if entity @s[tag=aj.mech_torso.bone.drillhead_right3] run data modify entity @s {} merge value {transformation:[0.7242331324583355f,-0.21036425512750173f,0.6566835234831454f,-1.7195079634931514f,-0.6854655711419763f,-0.11606781161935652f,0.7187942778604304f,0.7327100588197314f,-0.07498880335484293f,-0.9707085779318861f,-0.2282576090754999f,1.8170653463969542f,0f,0f,0f,1f],start_interpolation:0}
execute if entity @s[tag=aj.mech_torso.bone.drill_right] run data modify entity @s {} merge value {transformation:[-1.3965295128682256f,-0.05080841778455341f,0.6199756659737603f,-1.9062065305273395f,-0.6220539671437598f,0.11301656094241941f,-1.39194903676205f,0.9141268242658195f,0.0004285768163361147f,-1.523775496477194f,-0.12391147923793754f,1.1580649869648227f,0f,0f,0f,1f],start_interpolation:0}
execute if entity @s[tag=aj.mech_torso.bone.right_hand] run data modify entity @s {} merge value {transformation:[-0.40552948021699553f,-0.033234064473249725f,-0.9134776065309546f,-2.000584873668531f,0.9104814920115786f,0.07392475177700197f,-0.4068889084001655f,1.0002052368706995f,0.08105117753187199f,-0.996709901643049f,0.0002803344439153907f,0.8815143845080728f,0f,0f,0f,1f],start_interpolation:0}
execute if entity @s[tag=aj.mech_torso.bone.right_arm_low] run data modify entity @s {} merge value {transformation:[-0.40552948021699553f,-0.033234064473249725f,-0.9134776065309546f,-2.037019520832311f,0.9104814920115786f,0.07392475177700197f,-0.4068889084001655f,1.0045096170094727f,0.08105117753187199f,-0.996709901643049f,0.0002803344439153907f,-0.12025245527934578f,0f,0f,0f,1f],start_interpolation:0}
execute if entity @s[tag=aj.mech_torso.bone.right_arm] run data modify entity @s {} merge value {transformation:[-0.4487971101675144f,1.0076787064283073f,-0.08908847877413457f,-1f,1.0076245560671773f,0.45393439862709484f,0.058380598553880045f,1.4375f,0.08969886537598713f,-0.05743835728900386f,-1.1015565928250028f,-0.1811737500000001f,0f,0f,0f,1f],start_interpolation:0}