execute if entity @s[tag=aj.mech_torso.bone.drillhead_right1] run data modify entity @s {} merge value {transformation:[-0.9267153126670528f,0.33681896273317025f,-0.16658846182061296f,-2.334864691370811f,-0.31183731651375446f,-0.9367076643488691f,-0.15917361458353277f,1.0395565871045123f,-0.20965738073797202f,-0.09556012711082967f,0.9730940575343451f,1.0235349706656949f,0f,0f,0f,1f],start_interpolation:0}
execute if entity @s[tag=aj.mech_torso.bone.drillhead_right2] run data modify entity @s {} merge value {transformation:[0.05805652256193361f,-0.958273744582662f,-0.2798943919258455f,-2.1402014642829412f,0.9942637695970229f,0.0807292541914924f,-0.07015941835850234f,1.305328210716885f,0.08982759406069854f,-0.27421564135039506f,0.9574637253619888f,1.0833323967690467f,0f,0f,0f,1f],start_interpolation:0}
execute if entity @s[tag=aj.mech_torso.bone.drillhead_right3] run data modify entity @s {} merge value {transformation:[0.6512206707914963f,0.7475568792336681f,-0.13065355044656188f,-2.0182718680463467f,-0.7555938203510182f,0.6547368667634264f,-0.019940259480877583f,0.9460270404087212f,0.07063721810226459f,0.1117065244792359f,0.9912275398754532f,1.0794188158222395f,0f,0f,0f,1f],start_interpolation:0}
execute if entity @s[tag=aj.mech_torso.bone.drill_right] run data modify entity @s {} merge value {transformation:[-1.416767389713334f,0.29859136705647227f,0.4907742464652698f,-2.0426606412756607f,-0.4767385786050256f,0.11760864435708851f,-1.4478033486877586f,1.1437490927992977f,-0.3205253393163573f,-1.4947432569913723f,-0.015877800990663892f,0.5615022071052367f,0f,0f,0f,1f],start_interpolation:0}
execute if entity @s[tag=aj.mech_torso.bone.right_hand] run data modify entity @s {} merge value {transformation:[-0.32101812376838024f,0.19531024929745894f,-0.9267153126670526f,-2.037666679586628f,0.9470161034911028f,0.07692845870046477f,-0.3118373165137547f,1.1815488773993732f,0.010385756629043745f,-0.9777197547157035f,-0.20965738073797202f,0.11057429877302039f,0f,0f,0f,1f],start_interpolation:0}
execute if entity @s[tag=aj.mech_torso.bone.right_arm_low] run data modify entity @s {} merge value {transformation:[-0.32101812376838024f,0.19531024929745894f,-0.9267153126670526f,-1.8512526510744909f,0.9470161034911028f,0.07692845870046477f,-0.3118373165137547f,1.1895439134905892f,0.010385756629043745f,-0.9777197547157035f,-0.20965738073797202f,-0.87434635888006f,0f,0f,0f,1f],start_interpolation:0}
execute if entity @s[tag=aj.mech_torso.bone.right_arm] run data modify entity @s {} merge value {transformation:[-0.3552688849687445f,0.8275326139096899f,0.6432307290723048f,-1f,1.0480571974729997f,0.2730340817337703f,0.22759718708908958f,1.4375f,0.011493856277782377f,0.682212680666096f,-0.8713356001795595f,-0.1811737500000001f,0f,0f,0f,1f],start_interpolation:0}