# This file was generated by Animated Java via MC-Build. It is not recommended to edit this file directly.
$data merge entity $(bone_drillhead_left1) { transformation: [0.7863045814526063f,0.5404748226384368f,-0.2993527539218439f,1.0576782986295483f,-0.5868973373597053f,0.8048065223398617f,-0.08853235001571974f,0.8258723731563358f,0.19307154266418927f,0.24530272663215133f,0.9500262900152301f,2.5462263765155093f,0f,0f,0f,1f], start_interpolation: 0, interpolation_duration: 1 }
$data merge entity $(bone_drillhead_left2) { transformation: [-0.8224435522811371f,0.4865948434071606f,-0.29463886654809524f,0.6845067718315648f,-0.5232477250477228f,-0.8503206585093117f,0.056272515002205134f,0.8707744909744211f,-0.22315559939998805f,0.2004500837661378f,0.9539503877951834f,2.4502388468873386f,0f,0f,0f,1f], start_interpolation: 0, interpolation_duration: 1 }
$data merge entity $(bone_drillhead_left3) { transformation: [0.2206320800517792f,-0.9607778463013092f,-0.16801016430157872f,0.8986051721367467f,0.9724395000612112f,0.22999757668115195f,-0.03824308357729383f,1.177997384543259f,0.07538503812247829f,-0.1549420691013762f,0.9850431722771631f,2.511520509666796f,0f,0f,0f,1f], start_interpolation: 0, interpolation_duration: 1 }
$data merge entity $(bone_drill_left) { transformation: [1.2021067032745607f,0.3838954872193878f,0.8630235980923677f,0.9759701078574253f,-0.8972518283827615f,0.027597915077450123f,1.2375069751627705f,0.9929689217400353f,0.295168820229202f,-1.479563655949046f,0.24700760633740437f,1.9941177936711174f,0f,0f,0f,1f], start_interpolation: 0, interpolation_duration: 1 }
$data merge entity $(bone_left_hand) { transformation: [-0.5645084643761024f,0.25110814171264184f,0.7863045814526064f,1.2029886694351286f,-0.8094600932674421f,0.01805194747257194f,-0.5868973373597051f,1.0324412687875293f,-0.16156902876231805f,-0.9677906944985941f,0.1930715426641893f,1.5941908101481448f,0f,0f,0f,1f], start_interpolation: 0, interpolation_duration: 1 }
$data merge entity $(bone_left_arm_low) { transformation: [-0.5645084643761024f,0.25110814171264184f,0.7863045814526064f,1.443387050294658f,-0.8094600932674421f,0.01805194747257194f,-0.5868973373597051f,0.9815614186383953f,-0.16156902876231805f,-0.9677906944985941f,0.1930715426641893f,0.6223355370601616f,0f,0f,0f,1f], start_interpolation: 0, interpolation_duration: 1 }
$data merge entity $(bone_left_arm) { transformation: [-0.6247382245589903f,-0.4188184823281507f,0.8118283120027616f,1f,-0.8958247633685341f,0.4734036375168267f,-0.44515050023062386f,1.4375f,-0.17880750164525627f,-0.9084338464523486f,-0.6062572082121583f,-0.3061737499999999f,0f,0f,0f,1f], start_interpolation: 0, interpolation_duration: 1 }