# This file was generated by Animated Java via MC-Build. It is not recommended to edit this file directly.
$data merge entity $(bone_drillhead_left1) { transformation: [0.7863045814526065f,0.26336307202630194f,0.5588962314057148f,1.0755798640875118f,-0.5868973373597053f,0.03570593047261472f,0.8088736625265859f,0.816115358723358f,0.193071542664189f,-0.9640357767333916f,0.1826428224467539f,2.532562424763213f,0f,0f,0f,1f], start_interpolation: 0, interpolation_duration: 1 }
$data merge entity $(bone_drillhead_left2) { transformation: [-0.8224435522811369f,0.2621831966918453f,0.504823310360794f,0.7024083372895282f,-0.5232477250477229f,-0.0005383993124848715f,-0.8521804552784363f,0.8610174765414433f,-0.22315559939998786f,-0.9650179695210993f,0.1376295642578535f,2.4365748951350428f,0f,0f,0f,1f], start_interpolation: 0, interpolation_duration: 1 }
$data merge entity $(bone_drillhead_left3) { transformation: [0.2206320800517792f,0.23048831928621538f,-0.9477323566939355f,0.91650673759471f,0.972439500061211f,0.02311864096946556f,0.2320063515519074f,1.1682403701102813f,0.07538503812247839f,-0.9728004230634054f,-0.2190352321315725f,2.4978565579145f,0f,0f,0f,1f], start_interpolation: 0, interpolation_duration: 1 }
$data merge entity $(bone_drill_left) { transformation: [1.2021067032745612f,0.3838954872193874f,0.8630235980923675f,0.9938716733153885f,-0.8972518283827615f,0.027597915077450633f,1.2375069751627705f,0.9832119073070578f,0.29516882022920155f,-1.4795636559490462f,0.24700760633740437f,1.9804538419188213f,0f,0f,0f,1f], start_interpolation: 0, interpolation_duration: 1 }
$data merge entity $(bone_left_hand) { transformation: [-0.5645084643761022f,0.25110814171264156f,0.7863045814526066f,1.2208902348930917f,-0.8094600932674421f,0.01805194747257227f,-0.5868973373597051f,1.022684254354552f,-0.16156902876231805f,-0.9677906944985942f,0.19307154266418902f,1.5805268583958485f,0f,0f,0f,1f], start_interpolation: 0, interpolation_duration: 1 }
$data merge entity $(bone_left_arm_low) { transformation: [-0.5645084643761022f,0.25110814171264156f,0.7863045814526066f,1.4612886157526208f,-0.8094600932674421f,0.01805194747257227f,-0.5868973373597051f,0.9718044042054184f,-0.16156902876231805f,-0.9677906944985942f,0.19307154266418902f,0.6086715853078654f,0f,0f,0f,1f], start_interpolation: 0, interpolation_duration: 1 }
$data merge entity $(bone_left_arm) { transformation: [-0.6247382245589902f,-0.4364287561650653f,0.8024986418064037f,1f,-0.8958247633685341f,0.4830018872564338f,-0.4347173205388312f,1.4375f,-0.17880750164525627f,-0.8949922324986764f,-0.6259303153358562f,-0.3061737499999999f,0f,0f,0f,1f], start_interpolation: 0, interpolation_duration: 1 }