execute if entity @s[tag=aj.mech_torso.bone.drillhead_right1] run data modify entity @s {} merge value {transformation:[-0.7863045814526067f,-0.2387336975234971f,0.5698520218911225f,-1.0305428974351862f,-0.5868973373597048f,0.0003893727232227896f,-0.8096612648441144f,0.854294725526689f,0.19307154266418927f,-0.9710849963085838f,-0.14041833697074058f,2.5192961141040953f,0f,0f,0f,1f],start_interpolation:0}
execute if entity @s[tag=aj.mech_torso.bone.drillhead_right2] run data modify entity @s {} merge value {transformation:[-0.22063208005177876f,-0.27160845026358366f,-0.9367765662085277f,-0.9208261060293144f,0.9724395000612112f,0.012976662226371966f,-0.23279395386943497f,1.1698202013929608f,0.07538503812247822f,-0.96232034997857f,0.26125971760758604f,2.496713823933049f,0f,0f,0f,1f],start_interpolation:0}
execute if entity @s[tag=aj.mech_torso.bone.drillhead_right3] run data modify entity @s {} merge value {transformation:[0.8224435522811366f,-0.23991357285795373f,0.5157791008462023f,-0.706523266532955f,-0.5232477250477232f,0.03663370250832238f,0.8513928529609078f,0.8627499011318365f,-0.22315559939998791f,-0.9701028035208761f,-0.09540507878184049f,2.435381962552499f,0f,0f,0f,1f],start_interpolation:0}
execute if entity @s[tag=aj.mech_torso.bone.drill_right] run data modify entity @s {} merge value {transformation:[-1.2021067032745614f,-0.3838954872193871f,0.863023598092367f,-1.0581292682790207f,-0.8972518283827609f,0.027597915077450207f,-1.237506975162771f,0.9700538742364073f,0.295168820229202f,-1.4795636559490466f,-0.2470076063374043f,1.8296518672614213f,0f,0f,0f,1f],start_interpolation:0}
execute if entity @s[tag=aj.mech_torso.bone.right_hand] run data modify entity @s {} merge value {transformation:[-0.5645084643761024f,-0.2511081417126414f,-0.7863045814526066f,-1.2231132575816985f,0.8094600932674422f,0.018051947472571994f,-0.5868973373597051f,1.021480964511621f,0.1615690287623181f,-0.9677906944985946f,0.19307154266418924f,1.578788282519748f,0f,0f,0f,1f],start_interpolation:0}
execute if entity @s[tag=aj.mech_torso.bone.right_arm_low] run data modify entity @s {} merge value {transformation:[-0.5645084643761024f,-0.2511081417126414f,-0.7863045814526066f,-1.4635116384412274f,0.8094600932674422f,0.018051947472571994f,-0.5868973373597051f,0.970601114362487f,0.1615690287623181f,-0.9677906944985946f,0.19307154266418924f,0.6069330094317642f,0f,0f,0f,1f],start_interpolation:0}
execute if entity @s[tag=aj.mech_torso.bone.right_arm] run data modify entity @s {} merge value {transformation:[-0.6247382245589903f,0.43861560615781964f,-0.8013054844088596f,-1f,0.8958247633685342f,0.4841855973453062f,-0.4333985223707007f,1.4375f,0.17880750164525636f,-0.8932819464716646f,-0.628368697499489f,-0.30617375000000013f,0f,0f,0f,1f],start_interpolation:0}