execute if entity @s[tag=aj.mech.bone.locator] at @s run tp @e[tag=aj.mech.locator.locator,limit=1] ^0 ^0.9 ^0 ~ ~
execute if entity @s[tag=aj.mech.bone.hand] run data modify entity @s {} merge value {transformation:[-0.9725809060610187f,-0.23149776748544926f,0.02225229908977744f,1.607757856691211f,-0.21643961393810304f,0.865985134704023f,-0.45080332739453f,0.06703452235567087f,0.08508980364211065f,-0.44325898763692073f,-0.8923458943678955f,-0.21669353714040257f,0f,0f,0f,1f],start_interpolation:0}
execute if entity @s[tag=aj.mech.bone.arm_low] run data modify entity @s {} merge value {transformation:[-0.9725809060610187f,-0.23149776748544926f,0.02225229908977744f,1.3465623202379104f,-0.21643961393810304f,0.865985134704023f,-0.45080332739453f,0.9121683151430491f,0.08508980364211065f,-0.44325898763692073f,-0.8923458943678955f,-0.6851792776125041f,0f,0f,0f,1f],start_interpolation:0}
execute if entity @s[tag=aj.mech.bone.arm] run data modify entity @s {} merge value {transformation:[-1.0763496153491108f,-0.1912408917100162f,-0.17225099538117977f,1.1217649587385248f,-0.239532458180884f,1.0153013189758624f,0.3695394589184289f,1.9375f,0.09416838933353595f,0.39668896072094056f,-1.0288547815053861f,-0.27926962659232807f,0f,0f,0f,1f],start_interpolation:0}
execute if entity @s[tag=aj.mech.bone.hand2] run data modify entity @s {} merge value {transformation:[-0.9885005555978437f,-0.10271201683529364f,-0.11098149927073742f,-1.1395965588704293f,0.09149788967667112f,0.17806184957010474f,-0.9797561502294279f,0.7121597283195211f,0.1203943012250582f,-0.9786440718286193f,-0.16661630444596415f,1.2036168723829794f,0f,0f,0f,1f],start_interpolation:0}
execute if entity @s[tag=aj.mech.bone.arm_low2] run data modify entity @s {} merge value {transformation:[-0.9885005555978437f,-0.10271201683529364f,-0.11098149927073742f,-1.2148861051955009f,0.09149788967667112f,0.17806184957010474f,-0.9797561502294279f,0.8567448891425602f,0.1203943012250582f,-0.9786440718286193f,-0.16661630444596415f,0.21600371912714078f,0f,0f,0f,1f],start_interpolation:0}
execute if entity @s[tag=aj.mech.bone.arm2] run data modify entity @s {} merge value {transformation:[-1.0939677986268928f,0.06327570710112486f,-0.1549277863790448f,-1.1196731119679026f,0.10126018076748215f,1.0659820066045327f,-0.27964390914221376f,1.9375f,0.13323967086568145f,-0.29060372506259197f,-1.0595133994534371f,-0.08316920541009747f,0f,0f,0f,1f],start_interpolation:0}
execute if entity @s[tag=aj.mech.bone.torso] run data modify entity @s {} merge value {transformation:[-1.3282595974556606f,0f,-0.1162076569968774f,2.0816681711721685e-17f,0f,1.3333333333333333f,0f,0.7033387499999999f,0.1162076569968774f,0f,-1.3282595974556606f,-0.193174375f,0f,0f,0f,1f],start_interpolation:0}
execute if entity @s[tag=aj.mech.bone.foot] run data modify entity @s {} merge value {transformation:[-0.989226363031934f,-0.030457618839803496f,0.14319055882711562f,0.628147034462657f,-0.030843564597222213f,0.9995241107909292f,-0.0004758892090732658f,-1.5163642732297449f,-0.14310792153318908f,-0.004887269402394201f,-0.9896950224146016f,0.8780406986579639f,0f,0f,0f,1f],start_interpolation:0}
execute if entity @s[tag=aj.mech.bone.leg_low] run data modify entity @s {} merge value {transformation:[-0.989226363031934f,0.04521820775950445f,0.13923547094627398f,0.7417664629668652f,-0.030843564597222213f,0.8653753270354598f,-0.5001741875399088f,-0.662595334404931f,-0.14310792153318908f,-0.4990800106649125f,-0.8546573967088573f,0.12190340531020022f,0f,0f,0f,1f],start_interpolation:0}
execute if entity @s[tag=aj.mech.bone.bone4] run data modify entity @s {} merge value {transformation:[-0.989226363031934f,-0.11133254285602755f,0.09505928457453909f,0.6813419648832743f,-0.030843564597222213f,0.7932654949925756f,0.60809417772013f,-0.21281030998782163f,-0.14310792153318908f,0.5986108246226381f,-0.7881530330075852f,0.4426440919894026f,0f,0f,0f,1f],start_interpolation:0}
execute if entity @s[tag=aj.mech.bone.leg] run data modify entity @s {} merge value {transformation:[-0.989226363031934f,0.07971422632812455f,0.1227878039689649f,0.7429753591759705f,-0.030843564597222213f,0.7064337722128906f,-0.7071067811865495f,0.302923125f,-0.14310792153318908f,-0.7032758829918556f,-0.6963642403200183f,-0.023456493358011032f,0f,0f,0f,1f],start_interpolation:0}
execute if entity @s[tag=aj.mech.bone.foot2] run data modify entity @s {} merge value {transformation:[-0.984807753012208f,-2.7755575615628914e-17f,0.17364817766693041f,-0.5192431319793294f,0f,1f,1.1102230246251565e-16f,-1.5246200194358317f,-0.17364817766693044f,1.1102230246251565e-16f,-0.984807753012208f,-1.3860496520880032f,0f,0f,0f,1f],start_interpolation:0}
execute if entity @s[tag=aj.mech.bone.leg_low2] run data modify entity @s {} merge value {transformation:[-0.984807753012208f,-0.09960050292505128f,0.1422442597229241f,-0.6275540444056418f,0f,0.8191520442889918f,0.5735764363510462f,-0.47126624019935337f,-0.17364817766693044f,0.5648625214636235f,-0.8067072841115986f,-0.9475420194924438f,0f,0f,0f,1f],start_interpolation:0}
execute if entity @s[tag=aj.mech.bone.bone3] run data modify entity @s {} merge value {transformation:[-0.984807753012208f,-0.17216259343480464f,0.022665635416815426f,-0.7228552512331448f,0f,0.13052619222005157f,0.9914448613738105f,-0.3839087904672364f,-0.17364817766693044f,0.9763825861650423f,-0.12854320606946856f,-0.40706201782399903f,0f,0f,0f,1f],start_interpolation:0}
execute if entity @s[tag=aj.mech.bone.leg2] run data modify entity @s {} merge value {transformation:[-0.984807753012208f,-0.02266563541681543f,0.17216259343480464f,-0.7542746460967575f,0f,0.9914448613738104f,0.13052619222005157f,0.302923125f,-0.17364817766693044f,0.12854320606946854f,-0.9763825861650423f,-0.2874620661534846f,0f,0f,0f,1f],start_interpolation:0}
execute if entity @s[tag=aj.mech.bone.hips] run data modify entity @s {} merge value {transformation:[-0.984807753012208f,0f,0.17364817766693044f,2.0816681711721685e-17f,0f,1f,0f,0.699629375f,-0.17364817766693044f,0f,-0.984807753012208f,-0.1875f,0f,0f,0f,1f],start_interpolation:0}