execute if entity @s[tag=aj.mech.bone.locator] at @s run tp @e[tag=aj.mech.locator.locator,limit=1] ^0 ^0.9 ^0 ~ ~
execute if entity @s[tag=aj.mech.bone.hand] run data modify entity @s {} merge value {transformation:[-0.9728530831258124f,-0.23014378619836146f,0.024304656485618345f,1.5999883460278754f,-0.21569089150410053f,0.8636406165483209f,-0.45563398114078646f,0.06969536834387235f,0.08387084102813881f,-0.4485072163547864f,-0.8898353549409652f,-0.20612986388122656f,0f,0f,0f,1f],start_interpolation:0}
execute if entity @s[tag=aj.mech.bone.arm_low] run data modify entity @s {} merge value {transformation:[-0.9728530831258124f,-0.23014378619836146f,0.024304656485618345f,1.3402024214970079f,-0.21569089150410053f,0.8636406165483209f,-0.45563398114078646f,0.9123570826220406f,0.08387084102813881f,-0.4485072163547864f,-0.8898353549409652f,-0.6798234712957888f,0f,0f,0f,1f],start_interpolation:0}
execute if entity @s[tag=aj.mech.bone.arm] run data modify entity @s {} merge value {transformation:[-1.0766508321190185f,-0.19158876337314348f,-0.16996679081691995f,1.1150429286544303f,-0.23870385143072098f,1.0168141304984117f,0.36589817417544923f,1.93925f,0.09281937051926857f,0.3926254554940837f,-1.0305347129953935f,-0.27808263254292237f,0f,0f,0f,1f],start_interpolation:0}
execute if entity @s[tag=aj.mech.bone.hand2] run data modify entity @s {} merge value {transformation:[-0.988581669641092f,-0.10072146127939811f,-0.11207796254114256f,-1.1502615969304488f,0.09226167470832917f,0.18348298391884674f,-0.9786836966008223f,0.7075358903942564f,0.11913885105055153f,-0.9778492633581f,-0.17209518389651576f,1.1977630485031752f,0f,0f,0f,1f],start_interpolation:0}
execute if entity @s[tag=aj.mech.bone.arm_low2] run data modify entity @s {} merge value {transformation:[-0.988581669641092f,-0.10072146127939811f,-0.11207796254114256f,-1.2235923173629735f,0.09226167470832917f,0.18348298391884674f,-0.9786836966008223f,0.8575518314596922f,0.11913885105055153f,-0.9778492633581f,-0.17209518389651576f,0.21081272155297942f,0f,0f,0f,1f],start_interpolation:0}
execute if entity @s[tag=aj.mech.bone.arm2] run data modify entity @s {} merge value {transformation:[-1.0940575670653903f,0.06502222498778899f,-0.15356473794014186f,-1.1266013822744123f,0.10210545720660544f,1.0669331988935842f,-0.2756809809206314f,1.93925f,0.13185027148101425f,-0.286701304305315f,-1.0607496625283657f,-0.08435399944921951f,0f,0f,0f,1f],start_interpolation:0}
execute if entity @s[tag=aj.mech.bone.torso] run data modify entity @s {} merge value {transformation:[-1.3283818138837584f,0f,-0.11480215294441651f,-0.006812499999999985f,0f,1.3333333333333333f,0f,0.7050887499999998f,0.11480215294441651f,0f,-1.3283818138837584f,-0.193174375f,0f,0f,0f,1f],start_interpolation:0}
execute if entity @s[tag=aj.mech.bone.foot] run data modify entity @s {} merge value {transformation:[-0.9913303860686443f,-0.019069225113412157f,0.13000165503010747f,0.6385168833348072f,-0.03068226005635361f,0.9956547973067942f,-0.08792112099945537f,-1.4293091476458821f,-0.12776018383998727f,-0.09114762341136817f,-0.9876079415292447f,0.8710308484488083f,0f,0f,0f,1f],start_interpolation:0}
execute if entity @s[tag=aj.mech.bone.leg_low] run data modify entity @s {} merge value {transformation:[-0.9913638165830047f,0.044327379959817226f,0.12342149956906596f,0.7474859450041212f,-0.03255318197712731f,0.8285023325870318f,-0.5590386169496804f,-0.6306698545752194f,-0.12703571747009967f,-0.5582284194518812f,-0.8199042372150003f,0.05624535214351983f,0f,0f,0f,1f],start_interpolation:0}
execute if entity @s[tag=aj.mech.bone.bone4] run data modify entity @s {} merge value {transformation:[-0.9913638165830047f,-0.11094940743094922f,0.06991432014044179f,0.6868977423851463f,-0.03255318197712731f,0.7246387606019051f,0.6883596131212948f,-0.21780672188535471f,-0.12703571747009967f,0.6801388796591883f,-0.721992403604637f,0.42326766702221086f,0f,0f,0f,1f],start_interpolation:0}
execute if entity @s[tag=aj.mech.bone.leg] run data modify entity @s {} merge value {transformation:[-0.9913638165830047f,0.06545686731458338f,0.1136361812599314f,0.7389126543813992f,-0.03255318197712731f,0.7165706541681444f,-0.6967544674619616f,0.30467312499999993f,-0.12703571747009967f,-0.6944363873720895f,-0.7082513892541674f,-0.036448185919860904f,0f,0f,0f,1f],start_interpolation:0}
execute if entity @s[tag=aj.mech.bone.foot2] run data modify entity @s {} merge value {transformation:[-0.9885893592473682f,-0.0008436534633689818f,0.15063322021291278f,-0.5340546745350366f,-0.001923684179339931f,0.999973478520642f,-0.007024364348855616f,-1.501760810724215f,-0.15062329906776142f,-0.007233982593361776f,-0.9885647633179038f,-1.397095801978503f,0f,0f,0f,1f],start_interpolation:0}
execute if entity @s[tag=aj.mech.bone.leg_low2] run data modify entity @s {} merge value {transformation:[-0.9881249738733275f,-0.09504016057995157f,0.12073277883314389f,-0.6424088622792059f,-0.007151002902033876f,0.8133467304368744f,0.581735299981995f,-0.4532174765936418f,-0.15348582724581097f,0.5739638176440948f,-0.80436784922701f,-0.9472173425301795f,0f,0f,0f,1f],start_interpolation:0}
execute if entity @s[tag=aj.mech.bone.bone3] run data modify entity @s {} merge value {transformation:[-0.9881249738733275f,-0.15303732069676815f,0.013733698765822464f,-0.7274544473116246f,-0.007151002902033876f,0.1350882248383974f,0.990807768776318f,-0.3803028271931603f,-0.15348582724581097f,0.9789436909158592f,-0.13457841896345768f,-0.40310030503337557f,0f,0f,0f,1f],start_interpolation:0}
execute if entity @s[tag=aj.mech.bone.leg2] run data modify entity @s {} merge value {transformation:[-0.9881249738733275f,-0.02912451874760754f,0.15086682344225347f,-0.762716845021567f,-0.007151002902033876f,0.9895243289198289f,0.1441889927603959f,0.30467312499999993f,-0.15348582724581097f,0.14139789561193142f,-0.9779819711790123f,-0.2742829337576135f,0f,0f,0f,1f],start_interpolation:0}
execute if entity @s[tag=aj.mech.bone.hips] run data modify entity @s {} merge value {transformation:[-0.9876883405951378f,0f,0.15643446504023098f,-0.006812499999999985f,0f,1f,0f,0.7013793749999999f,-0.15643446504023098f,0f,-0.9876883405951378f,-0.1875f,0f,0f,0f,1f],start_interpolation:0}