execute if entity @s[tag=aj.mech.bone.locator] at @s run tp @e[tag=aj.mech.locator.locator,limit=1] ^0.1 ^1 ^0 ~ ~
execute if entity @s[tag=aj.mech.bone.hand] run data modify entity @s {} merge value {transformation:[-0.988928612172418f,-0.04995666602009816f,0.13973020985775256f,1.4519666592958564f,-0.1447710306429794f,0.5315489799896691f,-0.8345639763124885f,0.38493192608264604f,-0.03258141668658268f,-0.8455530813568705f,-0.5328962731100645f,0.7019043805514574f,0f,0f,0f,1f],start_interpolation:0}
execute if entity @s[tag=aj.mech.bone.arm_low] run data modify entity @s {} merge value {transformation:[-0.988928612172418f,-0.04995666602009816f,0.13973020985775256f,1.375472543203425f,-0.1447710306429794f,0.5315489799896691f,-0.8345639763124885f,0.8858766871049568f,-0.03258141668658268f,-0.8455530813568705f,-0.5328962731100645f,-0.16131987861155828f,0f,0f,0f,1f],start_interpolation:0}
execute if entity @s[tag=aj.mech.bone.arm] run data modify entity @s {} merge value {transformation:[-1.0944415263409775f,-0.16017717901235506f,0.036235276707974606f,1.1817418536012343f,-0.16021725511490656f,1.0950344378968533f,0.001410502532924003f,1.9945f,-0.036057663788777054f,-0.003850932042296815f,-1.1060999022414426f,-0.16625267821004705f,0f,0f,0f,1f],start_interpolation:0}
execute if entity @s[tag=aj.mech.bone.hand2] run data modify entity @s {} merge value {transformation:[-0.9864965708497657f,0.10525097132045609f,-0.125486049972711f,-1.414624802499286f,0.16377721191589065f,0.6397392206202054f,-0.750939914012639f,0.2834857426339885f,0.0012411924551202717f,-0.761351405486555f,-0.6483382580142381f,0.4809628202639149f,0f,0f,0f,1f],start_interpolation:0}
execute if entity @s[tag=aj.mech.bone.arm_low2] run data modify entity @s {} merge value {transformation:[-0.9864965708497657f,0.10525097132045609f,-0.125486049972711f,-1.282467252401422f,0.16377721191589065f,0.6397392206202054f,-0.750939914012639f,0.8946400530689274f,0.0012411924551202717f,-0.761351405486555f,-0.6483382580142381f,-0.3006879430498075f,0f,0f,0f,1f],start_interpolation:0}
execute if entity @s[tag=aj.mech.bone.arm2] run data modify entity @s {} merge value {transformation:[-1.0917500003961058f,0.1805918549520849f,0.01550796872888282f,-1.0680602089016231f,0.18125128506024668f,1.086997946735165f,0.10176155458508274f,1.9945f,0.0013736204497922832f,0.10292727652342061f,-1.101896577473748f,-0.19609693323322114f,0f,0f,0f,1f],start_interpolation:0}
execute if entity @s[tag=aj.mech.bone.torso] run data modify entity @s {} merge value {transformation:[-1.3332160370387303f,0f,0.017685484458177234f,0.057000000000000016f,0f,1.3333333333333333f,0f,0.7603387499999998f,-0.017685484458177234f,0f,-1.3332160370387303f,-0.193174375f,0f,0f,0f,1f],start_interpolation:0}
execute if entity @s[tag=aj.mech.bone.foot] run data modify entity @s {} merge value {transformation:[-0.999178562385826f,0.005215459162424009f,-0.04018705580555987f,0.5911354848057819f,0.0054874478067071224f,0.999962760579509f,-0.006660733501373861f,-1.5028603683462651f,0.0401508204793222f,-0.006875786495575964f,-0.9991699731151374f,-0.6936977250927836f,0f,0f,0f,1f],start_interpolation:0}
execute if entity @s[tag=aj.mech.bone.leg_low] run data modify entity @s {} merge value {transformation:[-0.9940870399269454f,0.0930146107630612f,-0.05602891426647529f,0.7126073242857885f,0.07851664596815522f,0.9721508322080864f,0.22081190127127753f,-0.363247500835271f,0.07500728868046885f,0.2151070468899643f,-0.9737057384154021f,-0.6836236869914347f,0f,0f,0f,1f],start_interpolation:0}
execute if entity @s[tag=aj.mech.bone.bone4] run data modify entity @s {} merge value {transformation:[-0.9940870399269454f,0.10073842462630289f,0.04053056689826224f,0.7599360136128132f,0.07851664596815522f,0.40902412461782195f,0.9091393742361705f,-0.32969378920361575f,0.07500728868046885f,0.9069459935875096f,-0.4145152245218138f,-0.09149040819997417f,0f,0f,0f,1f],start_interpolation:0}
execute if entity @s[tag=aj.mech.bone.leg] run data modify entity @s {} merge value {transformation:[-0.9940870399269454f,0.06449295788531215f,-0.08735911762653725f,0.8178461278159233f,0.07851664596815522f,0.982651312676419f,-0.16802242112653293f,0.35992312499999995f,0.07500728868046885f,-0.17388805616980701f,-0.9819047054405488f,-0.18151450072438644f,0f,0f,0f,1f],start_interpolation:0}
execute if entity @s[tag=aj.mech.bone.foot2] run data modify entity @s {} merge value {transformation:[-0.9996968483344228f,0.018795610623352582f,-0.01590397596568788f,-0.6961639422679156f,0.019196203073916715f,0.9994924829791015f,-0.0254220820511378f,-1.2016024034175712f,0.015418080871717236f,-0.02571967125694162f,-0.9995502895265789f,-0.05391384559811885f,0f,0f,0f,1f],start_interpolation:0}
execute if entity @s[tag=aj.mech.bone.leg_low2] run data modify entity @s {} merge value {transformation:[-0.9996231507140839f,0.02174230784350044f,-0.01675794158261645f,-0.7062298046285791f,0.02328944913973996f,0.9948687905579143f,-0.09845654438685042f,-0.1084439601400515f,0.014531280577271648f,-0.09880972433657959f,-0.9950002413373142f,-0.3981197115169888f,0f,0f,0f,1f],start_interpolation:0}
execute if entity @s[tag=aj.mech.bone.bone3] run data modify entity @s {} merge value {transformation:[-0.9996231507140839f,0.005435107835757482f,0.026907548369586066f,-0.7028075258112854f,0.02328944913973996f,-0.350959947287679f,0.9361008049129091f,-0.2893928753034685f,0.014531280577271648f,0.9363746979722609f,0.3507011076146486f,0.12731159166058073f,0f,0f,0f,1f],start_interpolation:0}
execute if entity @s[tag=aj.mech.bone.leg2] run data modify entity @s {} merge value {transformation:[-0.9996231507140839f,0.015294004928893629f,-0.02279583228756748f,-0.7015752175654915f,0.02328944913973996f,0.9120846331506014f,-0.40933998525589976f,0.35992312499999995f,0.014531280577271648f,-0.4097166281514185f,-0.912097103657838f,-0.128455138161481f,0f,0f,0f,1f],start_interpolation:0}
execute if entity @s[tag=aj.mech.bone.hips] run data modify entity @s {} merge value {transformation:[-0.9993908270190958f,0f,-0.03489949670250088f,0.057000000000000016f,0f,1f,0f,0.7566293749999999f,0.03489949670250088f,0f,-0.9993908270190958f,-0.1875f,0f,0f,0f,1f],start_interpolation:0}