execute if entity @s[tag=aj.mech.bone.locator] at @s run tp @e[tag=aj.mech.locator.locator,limit=1] ^-0.1 ^1 ^0 ~ ~
execute if entity @s[tag=aj.mech.bone.hand] run data modify entity @s {} merge value {transformation:[-0.9867675409740653f,-0.10045799368776422f,0.12727140913899573f,1.402797870128361f,-0.16209154914132534f,0.6306389823790912f,-0.7589603438921096f,0.29711116466536014f,-0.004018678509392342f,-0.7695470521079872f,-0.638577469705082f,0.501340131168607f,0f,0f,0f,1f],start_interpolation:0}
execute if entity @s[tag=aj.mech.bone.arm_low] run data modify entity @s {} merge value {transformation:[-0.9867675409740653f,-0.10045799368776422f,0.12727140913899573f,1.2754806223207509f,-0.16209154914132534f,0.6306389823790912f,-0.7589603438921096f,0.8989672753871565f,-0.004018678509392342f,-0.7695470521079872f,-0.638577469705082f,-0.2882880505710827f,0f,0f,0f,1f],start_interpolation:0}
execute if entity @s[tag=aj.mech.bone.arm] run data modify entity @s {} merge value {transformation:[-1.0920498814520092f,-0.17911738316072234f,-0.010770236967492753f,1.062563972040656f,-0.17938577190066812f,1.0880998213422544f,0.09290587800878708f,2f,-0.004447448064053201f,0.09342226917944736f,-1.1027349991548778f,-0.19344606690813762f,0f,0f,0f,1f],start_interpolation:0}
execute if entity @s[tag=aj.mech.bone.hand2] run data modify entity @s {} merge value {transformation:[-0.9887676522062142f,0.05495687719763842f,-0.13899018526246615f,-1.4647214217857416f,0.14646137114492716f,0.5416436713808528f,-0.8277506871126225f,0.38055885957901947f,0.029792561369557848f,-0.8388097966176564f,-0.5436088008718095f,0.6830675892093452f,0f,0f,0f,1f],start_interpolation:0}
execute if entity @s[tag=aj.mech.bone.arm_low2] run data modify entity @s {} merge value {transformation:[-0.9887676522062142f,0.05495687719763842f,-0.13899018526246615f,-1.3832089987461111f,0.14646137114492716f,0.5416436713808528f,-0.8277506871126225f,0.8917584041393238f,0.029792561369557848f,-0.8388097966176564f,-0.5436088008718095f,-0.173660999978354f,0f,0f,0f,1f],start_interpolation:0}
execute if entity @s[tag=aj.mech.bone.arm2] run data modify entity @s {} merge value {transformation:[-1.0942633928853127f,0.16232286219016256f,-0.03179455826937895f,-1.1873021642096813f,0.16208794508809254f,1.094710895715885f,0.010369734426288931f,2f,0.03297125387774835f,0.005596583363603135f,-1.1061887511660977f,-0.16890286104622756f,0f,0f,0f,1f],start_interpolation:0}
execute if entity @s[tag=aj.mech.bone.torso] run data modify entity @s {} merge value {transformation:[-1.3332540066668663f,0f,-0.014544121992242998f,-0.06249999999999998f,0f,1.3333333333333333f,0f,0.7658387499999999f,0.014544121992242998f,0f,-1.3332540066668663f,-0.193174375f,0f,0f,0f,1f],start_interpolation:0}
execute if entity @s[tag=aj.mech.bone.foot] run data modify entity @s {} merge value {transformation:[-0.9997147680917665f,-0.015273265208256052f,-0.018360550893259726f,0.6895878608578333f,-0.01739259496214473f,0.9924461466243772f,0.12144193547085845f,-1.2003170783297412f,0.01636704309606604f,0.12172663398083299f,-0.992428711031673f,-0.348221212527572f,0f,0f,0f,1f],start_interpolation:0}
execute if entity @s[tag=aj.mech.bone.leg_low] run data modify entity @s {} merge value {transformation:[-0.9996398039815108f,-0.020618832832492016f,-0.017179232475070944f,0.6929379460060904f,-0.02261159021682093f,0.9918623400016742f,0.12529091936078207f,-0.057964332240397404f,0.014456081200427412f,0.12563423983544142f,-0.9919712997346735f,-0.4409216022710262f,0f,0f,0f,1f],start_interpolation:0}
execute if entity @s[tag=aj.mech.bone.bone4] run data modify entity @s {} merge value {transformation:[-0.9996398039815108f,0.023195254148166727f,-0.013499721508562221f,0.70562133123716f,-0.02261159021682093f,-0.4569718520615148f,0.8891937035378377f,-0.29850794464639124f,0.014456081200427412f,0.8891786696769504f,0.4573317342016141f,0.05988792092093059f,0f,0f,0f,1f],start_interpolation:0}
execute if entity @s[tag=aj.mech.bone.leg] run data modify entity @s {} merge value {transformation:[-0.9996398039815108f,-0.026252408530994274f,-0.005574346789406084f,0.69767375f,-0.02261159021682093f,0.9357398022449388f,-0.3519655359299676f,0.365423125f,0.014456081200427412f,-0.3517127144999517f,-0.9359963611977358f,-0.1549649999999999f,0f,0f,0f,1f],start_interpolation:0}
execute if entity @s[tag=aj.mech.bone.foot2] run data modify entity @s {} merge value {transformation:[-0.9997384808026208f,0.002989178104215019f,-0.022672335934547826f,-0.6304548802732868f,0.003166102922246169f,0.9999647877927226f,-0.007771677228309182f,-1.5220284500918722f,0.022648306664151546f,-0.007841427734574441f,-0.9997127418495425f,-0.4883205058608456f,0f,0f,0f,1f],start_interpolation:0}
execute if entity @s[tag=aj.mech.bone.leg_low2] run data modify entity @s {} merge value {transformation:[-0.996194698091746f,-0.08101259088970351f,-0.032141618055608015f,-0.7592549635548786f,-0.08399861885681356f,0.9907948993247286f,0.10615884090479005f,-0.38862286295418125f,0.02324554847799513f,0.10845472598941153f,-0.9938295713483871f,-0.5995711032465454f,0f,0f,0f,1f],start_interpolation:0}
execute if entity @s[tag=aj.mech.bone.bone3] run data modify entity @s {} merge value {transformation:[-0.996194698091746f,-0.02221300586370651f,-0.0842775525534172f,-0.7517875118484473f,-0.08399861885681356f,0.502603674393513f,0.860426509654536f,-0.3116356971682824f,0.02324554847799513f,0.864231525030555f,-0.5025569774854574f,-0.0013554316704268432f,0f,0f,0f,1f],start_interpolation:0}
execute if entity @s[tag=aj.mech.bone.leg2] run data modify entity @s {} merge value {transformation:[-0.996194698091746f,-0.08715574274765295f,4.7098415683177294e-15f,-0.82267375f,-0.08399861885681356f,0.960108606893138f,-0.2667127574749014f,0.365423125f,0.02324554847799513f,-0.2656978349099268f,-0.9637760657954391f,-0.15496500000000007f,0f,0f,0f,1f],start_interpolation:0}
execute if entity @s[tag=aj.mech.bone.hips] run data modify entity @s {} merge value {transformation:[-1f,0f,1.2246467991473532e-16f,-0.06249999999999998f,0f,1f,0f,0.762129375f,-1.2246467991473532e-16f,0f,-1f,-0.1875f,0f,0f,0f,1f],start_interpolation:0}