execute if entity @s[tag=aj.mech.bone.locator] at @s run tp @e[tag=aj.mech.locator.locator,limit=1] ^-0.1 ^1 ^0 ~ ~
execute if entity @s[tag=aj.mech.bone.hand] run data modify entity @s {} merge value {transformation:[-0.9895782172980591f,-0.02454093531300787f,0.14188972599578187f,1.3061427024668693f,-0.13621124469888987f,0.47914327673078494f,-0.8671033486161067f,0.4313190375183772f,-0.046705981059971785f,-0.8773935621245742f,-0.4774925009626605f,0.7947140807567994f,0f,0f,0f,1f],start_interpolation:0}
execute if entity @s[tag=aj.mech.bone.arm_low] run data modify entity @s {} merge value {transformation:[-0.9895782172980591f,-0.02454093531300787f,0.14188972599578187f,1.2551115018006653f,-0.13621124469888987f,0.47914327673078494f,-0.8671033486161067f,0.8791087332080685f,-0.046705981059971785f,-0.8773935621245742f,-0.4774925009626605f,-0.09906068393098207f,0f,0f,0f,1f],start_interpolation:0}
execute if entity @s[tag=aj.mech.bone.arm] run data modify entity @s {} merge value {transformation:[-1.095160440544161f,-0.1483609551339658f,0.058177444021580337f,1.0733721881305534f,-0.15074418994266736f,1.095496013557844f,-0.044007408597065964f,1.98846875f,-0.051689236787514595f,-0.051473195010971265f,-1.1042874225172152f,-0.15284485920700533f,0f,0f,0f,1f],start_interpolation:0}
execute if entity @s[tag=aj.mech.bone.hand2] run data modify entity @s {} merge value {transformation:[-0.9849615744531391f,0.12900138438623024f,-0.11493189147155439f,-1.5529887446036543f,0.17229934672894703f,0.6841516470823641f,-0.7086956038464374f,0.23908844434456267f,-0.012791871152070394f,-0.7178406275914763f,-0.696089937731831f,0.3757756655695045f,0f,0f,0f,1f],start_interpolation:0}
execute if entity @s[tag=aj.mech.bone.arm_low2] run data modify entity @s {} merge value {transformation:[-0.9849615744531391f,0.12900138438623024f,-0.11493189147155439f,-1.3967989326242496f,0.17229934672894703f,0.6841516470823641f,-0.7086956038464374f,0.895708999221446f,-0.012791871152070394f,-0.7178406275914763f,-0.696089937731831f,-0.36341802660258926f,0f,0f,0f,1f],start_interpolation:0}
execute if entity @s[tag=aj.mech.bone.arm2] run data modify entity @s {} merge value {transformation:[-1.0900512288381048f,0.1870113768872721f,0.03983769518046939f,-1.1759141504846142f,0.1906826819454031f,1.080275267169369f,0.14634698658422926f,1.98846875f,-0.01415668918474792f,0.15101016717725668f,-1.0962515660624852f,-0.20951025357757813f,0f,0f,0f,1f],start_interpolation:0}
execute if entity @s[tag=aj.mech.bone.torso] run data modify entity @s {} merge value {transformation:[-1.3329104228830624f,0f,0.03357949296033945f,-0.050968749999999986f,0f,1.3333333333333333f,0f,0.7543074999999999f,-0.03357949296033945f,0f,-1.3329104228830624f,-0.193174375f,0f,0f,0f,1f],start_interpolation:0}
execute if entity @s[tag=aj.mech.bone.foot] run data modify entity @s {} merge value {transformation:[-0.997900417656118f,0.004274029619196382f,-0.0646257619882304f,0.6484221679033073f,-0.011612260490970397f,0.9698443925280504f,0.2434481663274265f,-1.1703182888502077f,0.06371743755076018f,0.24368747803838972f,-0.9677584932199015f,-0.8858560798554842f,0f,0f,0f,1f],start_interpolation:0}
execute if entity @s[tag=aj.mech.bone.leg_low] run data modify entity @s {} merge value {transformation:[-0.9980077636487137f,0.015275475970432148f,-0.06121407951419254f,0.68162292337622f,-0.014324213812000408f,0.8900487778001938f,0.4556401980017228f,-0.0647458762025021f,0.06144363755150923f,0.45560929859942256f,-0.8880567810867618f,-0.585553345843099f,0f,0f,0f,1f],start_interpolation:0}
execute if entity @s[tag=aj.mech.bone.bone4] run data modify entity @s {} merge value {transformation:[-0.9980077636487137f,0.06004181953726832f,0.019377399297822232f,0.7152678317291459f,-0.014324213812000408f,-0.5147480040975667f,0.8572218552838229f,-0.3378643638959275f,0.06144363755150923f,0.8552365007319469f,0.5145825562727648f,-0.10274221499379965f,0f,0f,0f,1f],start_interpolation:0}
execute if entity @s[tag=aj.mech.bone.leg] run data modify entity @s {} merge value {transformation:[-0.9980077636487137f,-0.025019622285373487f,-0.05791823717612943f,0.7098659586315038f,-0.014324213812000408f,0.983890456976205f,-0.178197602592803f,0.353891875f,0.06144363755150923f,-0.17701295763828054f,-0.9822887010612446f,-0.19479400820379436f,0f,0f,0f,1f],start_interpolation:0}
execute if entity @s[tag=aj.mech.bone.foot2] run data modify entity @s {} merge value {transformation:[-0.9987868083306118f,0.008449881936467344f,-0.04851299825829407f,-0.6486297924596006f,0.008949022399986958f,0.999909141797013f,-0.010080830761668574f,-1.5621577675712235f,0.0484234086246932f,-0.010502744689872015f,-0.9987716785387665f,-0.07797714213730339f,0f,0f,0f,1f],start_interpolation:0}
execute if entity @s[tag=aj.mech.bone.leg_low2] run data modify entity @s {} merge value {transformation:[-0.996158198195891f,-0.06633144245402325f,-0.05717502871957771f,-0.7668496617901817f,-0.06059675489141323f,0.9934590688249452f,-0.09678384093485087f,-0.47274713081325065f,0.06322086256724058f,-0.092947395398909f,-0.9936618661420054f,-0.413808809555672f,0f,0f,0f,1f],start_interpolation:0}
execute if entity @s[tag=aj.mech.bone.bone3] run data modify entity @s {} merge value {transformation:[-0.996158198195891f,0.014384540002712665f,-0.08638245872876213f,-0.7425410437513116f,-0.06059675489141323f,0.598899356664153f,0.7985283926598311f,-0.2908855790758393f,0.06322086256724058f,0.8006951015187828f,-0.5957268475904707f,0.1435301382253896f,0f,0f,0f,1f],start_interpolation:0}
execute if entity @s[tag=aj.mech.bone.leg2] run data modify entity @s {} merge value {transformation:[-0.996158198195891f,-0.08144327095729456f,-0.03218443386006094f,-0.8083979579587756f,-0.06059675489141323f,0.9063902452378422f,-0.4180726690831563f,0.353891875f,0.06322086256724058f,-0.4145162444988869f,-0.9078432714862147f,-0.11522516796972551f,0f,0f,0f,1f],start_interpolation:0}
execute if entity @s[tag=aj.mech.bone.hips] run data modify entity @s {} merge value {transformation:[-0.9986295347545738f,0f,-0.0523359562429437f,-0.050968749999999986f,0f,1f,0f,0.750598125f,0.0523359562429437f,0f,-0.9986295347545738f,-0.1875f,0f,0f,0f,1f],start_interpolation:0}