execute if entity @s[tag=aj.mech.bone.locator] at @s run tp @e[tag=aj.mech.locator.locator,limit=1] ^0.1 ^1 ^0 ~ ~
execute if entity @s[tag=aj.mech.bone.hand] run data modify entity @s {} merge value {transformation:[-0.9780602835349412f,-0.19833114907725735f,0.06374038811652398f,1.618723559461691f,-0.20000689845712238f,0.8084041249182664f,-0.5536063686272893f,0.1275581707607708f,0.05826939454904875f,-0.5542089191999949f,-0.8303355656227551f,0.011763124520837498f,0f,0f,0f,1f],start_interpolation:0}
execute if entity @s[tag=aj.mech.bone.arm_low] run data modify entity @s {} merge value {transformation:[-0.9780602835349412f,-0.19833114907725735f,0.06374038811652398f,1.3918199136526082f,-0.20000689845712238f,0.8084041249182664f,-0.5536063686272893f,0.9124118810826494f,0.05826939454904875f,-0.5542089191999949f,-0.8303355656227551f,-0.5665728625252107f,0f,0f,0f,1f],start_interpolation:0}
execute if entity @s[tag=aj.mech.bone.arm] run data modify entity @s {} merge value {transformation:[-1.0824136104364657f,-0.1955001394813002f,-0.12219840399414171f,1.162521621598779f,-0.2213464678155897f,1.0452980545357413f,0.28832221021521115f,1.96875f,0.06448639904263072f,0.3064370264517891f,-1.0614658881433394f,-0.253246141220835f,0f,0f,0f,1f],start_interpolation:0}
execute if entity @s[tag=aj.mech.bone.hand2] run data modify entity @s {} merge value {transformation:[-0.9897791794525796f,-0.057244428125988414f,-0.13061489720053673f,-1.1843798482321792f,0.10821855886638275f,0.29499544586864024f,-0.9493505308544602f,0.6089955498311218f,0.09287582806662606f,-0.9537823453835212f,-0.285785440839186f,1.0662678282640856f,0f,0f,0f,1f],start_interpolation:0}
execute if entity @s[tag=aj.mech.bone.arm_low2] run data modify entity @s {} merge value {transformation:[-0.9897791794525796f,-0.057244428125988414f,-0.13061489720053673f,-1.2147753925377913f,0.10821855886638275f,0.29499544586864024f,-0.9493505308544602f,0.8709419616459857f,0.09287582806662606f,-0.9537823453835212f,-0.285785440839186f,0.10065231822725784f,0f,0f,0f,1f],start_interpolation:0}
execute if entity @s[tag=aj.mech.bone.arm2] run data modify entity @s {} merge value {transformation:[-1.0953828441882898f,0.09934205307007138f,-0.12263588252964118f,-1.0828595227501752f,0.11976484782249908f,1.0832714699205486f,-0.1922271630552139f,1.96875f,0.10278513714567135f,-0.2035339221899516f,-1.0829502004404212f,-0.1091506291388071f,0f,0f,0f,1f],start_interpolation:0}
execute if entity @s[tag=aj.mech.bone.torso] run data modify entity @s {} merge value {transformation:[-1.330596233688269f,0f,-0.08538993308564616f,0.03906250000000002f,0f,1.3333333333333333f,0f,0.7345887499999999f,0.08538993308564616f,0f,-1.330596233688269f,-0.193174375f,0f,0f,0f,1f],start_interpolation:0}
execute if entity @s[tag=aj.mech.bone.foot] run data modify entity @s {} merge value {transformation:[-0.9990131375975102f,-0.019923779630710445f,0.03969627076697953f,0.6754300938784785f,-0.019942810570428723f,0.9998011188946051f,-0.00008344847057278892f,-1.5746761329633154f,-0.03968671331983114f,-0.0008750213266729978f,-0.999211788923423f,0.37085097737816486f,0f,0f,0f,1f],start_interpolation:0}
execute if entity @s[tag=aj.mech.bone.leg_low] run data modify entity @s {} merge value {transformation:[-0.9985926297301069f,0.04174801685012291f,0.032708759343509794f,0.7604076663818942f,0.029905060466443686f,0.9525755462003266f,-0.30282918640654094f,-0.5785989925575784f,-0.043800082273988176f,-0.3014248361867865f,-0.9524833966650341f,-0.18966978437782067f,0f,0f,0f,1f],start_interpolation:0}
execute if entity @s[tag=aj.mech.bone.bone4] run data modify entity @s {} merge value {transformation:[-0.9985926297301069f,-0.007864065304488304f,0.05244917850258981f,0.7494487422247679f,0.029905060466443686f,0.7332421091382508f,0.6793097207791065f,-0.2566199362944465f,-0.043800082273988176f,0.6799221763285679f,-0.7319749906447732f,0.28001664020162265f,0f,0f,0f,1f],start_interpolation:0}
execute if entity @s[tag=aj.mech.bone.leg] run data modify entity @s {} merge value {transformation:[-0.9985926297301069f,0.049520027672279254f,0.018987540863589537f,0.793507947288225f,0.029905060466443686f,0.8214249435785372f,-0.5695320442481662f,0.334173125f,-0.043800082273988176f,-0.5681626782237051f,-0.8217497939558357f,-0.08883529769906234f,0f,0f,0f,1f],start_interpolation:0}
execute if entity @s[tag=aj.mech.bone.foot2] run data modify entity @s {} merge value {transformation:[-0.9951382254800304f,-0.017996728227349434f,0.09682990220777385f,-0.6006224219573325f,0.006969061001784024f,0.9678315118332013f,0.25150267770227225f,-1.1600584269730114f,-0.09824125598346929f,0.2509547418873979f,-0.9630007129524982f,-1.2463069479914004f,0f,0f,0f,1f],start_interpolation:0}
execute if entity @s[tag=aj.mech.bone.leg_low2] run data modify entity @s {} merge value {transformation:[-0.9954010861522317f,-0.04947194410451593f,0.08203172821218085f,-0.66719686570004f,0.012183117241549917f,0.7839946615590907f,0.6206480019311473f,-0.13469325540938165f,-0.09501710025693327f,0.6187930974028124f,-0.7797864151582774f,-0.7385978873950869f,0f,0f,0f,1f],start_interpolation:0}
execute if entity @s[tag=aj.mech.bone.bone3] run data modify entity @s {} merge value {transformation:[-0.9954010861522317f,-0.09079493719344861f,-0.0305443459087796f,-0.7180931247644144f,0.012183117241549917f,-0.43624866423496045f,0.8997436716129164f,-0.36356663312610454f,-0.09501710025693327f,0.8952337026348206f,0.4353485595767068f,-0.23475384005921718f,0f,0f,0f,1f],start_interpolation:0}
execute if entity @s[tag=aj.mech.bone.leg2] run data modify entity @s {} merge value {transformation:[-0.9954010861522317f,0.014698824974583868f,0.09466056323160141f,-0.7210541714688151f,0.012183117241549917f,0.9995584988169233f,-0.027099429830485137f,0.334173125f,-0.09501710025693327f,-0.02582154114736934f,-0.9951406929030381f,-0.22134231329610776f,0f,0f,0f,1f],start_interpolation:0}
execute if entity @s[tag=aj.mech.bone.hips] run data modify entity @s {} merge value {transformation:[-0.9961946980917455f,0f,0.0871557427476583f,0.03906250000000002f,0f,1f,0f,0.730879375f,-0.0871557427476583f,0f,-0.9961946980917455f,-0.1875f,0f,0f,0f,1f],start_interpolation:0}