execute if entity @s[tag=aj.mech.bone.locator] at @s run tp @e[tag=aj.mech.locator.locator,limit=1] ^0.1 ^1 ^0 ~ ~
execute if entity @s[tag=aj.mech.bone.hand] run data modify entity @s {} merge value {transformation:[-0.9799177972178928f,-0.18360572148950766f,0.07778206561894596f,1.611366439415436f,-0.19359519461714084f,0.7825656443848434f,-0.5917025543714391f,0.15341668028498878f,0.047770402099878144f,-0.5948780978190842f,-0.8023951878085784f,0.09865274753330677f,0f,0f,0f,1f],start_interpolation:0}
execute if entity @s[tag=aj.mech.bone.arm_low] run data modify entity @s {} merge value {transformation:[-0.9799177972178928f,-0.18360572148950766f,0.07778206561894596f,1.399568976313461f,-0.19359519461714084f,0.7825656443848434f,-0.5917025543714391f,0.911441770013939f,0.047770402099878144f,-0.5948780978190842f,-0.8023951878085784f,-0.5198073748391743f,0f,0f,0f,1f],start_interpolation:0}
execute if entity @s[tag=aj.mech.bone.arm] run data modify entity @s {} merge value {transformation:[-1.0844693099938916f,-0.19526140750166976f,-0.10281671535245326f,1.1704553178034505f,-0.21425067257748784f,1.0551547600479512f,0.255963005495467f,1.978f,0.05286722534325623f,0.2707275265329428f,-1.0717665983766653f,-0.24310891797112597f,0f,0f,0f,1f],start_interpolation:0}
execute if entity @s[tag=aj.mech.bone.hand2] run data modify entity @s {} merge value {transformation:[-0.9899944225987287f,-0.038693527339201304f,-0.13569765718486165f,-1.208988890532786f,0.11471850783898101f,0.33925062451641386f,-0.9336748244032399f,0.5691175605649608f,0.08216268728934928f,-0.9398999014295478f,-0.3314173624150053f,1.0077529336707707f,0f,0f,0f,1f],start_interpolation:0}
execute if entity @s[tag=aj.mech.bone.arm_low2] run data modify entity @s {} merge value {transformation:[-0.9899944225987287f,-0.038693527339201304f,-0.13569765718486165f,-1.220985643952804f,0.11471850783898101f,0.33925062451641386f,-0.9336748244032399f,0.8756058934488051f,0.08216268728934928f,-0.9398999014295478f,-0.3314173624150053f,0.0549286556879616f,0f,0f,0f,1f],start_interpolation:0}
execute if entity @s[tag=aj.mech.bone.arm2] run data modify entity @s {} merge value {transformation:[-1.095621052522548f,0.11206037362452449f,-0.1087610245747257f,-1.0761343534632577f,0.12695830343410455f,1.0879827325068754f,-0.15794664127494004f,1.978f,0.09092896674078034f,-0.16884319638064407f,-1.0899522359156153f,-0.11927496076332292f,0f,0f,0f,1f],start_interpolation:0}
execute if entity @s[tag=aj.mech.bone.torso] run data modify entity @s {} merge value {transformation:[-1.3313123977876788f,0f,-0.07338308575277216f,0.04650000000000003f,0f,1.3333333333333333f,0f,0.7438387499999999f,0.07338308575277216f,0f,-1.3313123977876788f,-0.193174375f,0f,0f,0f,1f],start_interpolation:0}
execute if entity @s[tag=aj.mech.bone.foot] run data modify entity @s {} merge value {transformation:[-0.9995596683888832f,-0.016391027043189028f,0.024734663182972634f,0.6674750390523769f,-0.016503868204886623f,0.9998542746832342f,-0.0043648289702042375f,-1.5792083740967082f,-0.024659514686655688f,-0.004771124619295686f,-0.9996845225896444f,0.18326764627454112f,0f,0f,0f,1f],start_interpolation:0}
execute if entity @s[tag=aj.mech.bone.leg_low] run data modify entity @s {} merge value {transformation:[-0.9986716584744622f,0.049623522775050465f,0.013871717531045711f,0.7568589773699436f,0.04537544998322757f,0.9745484549348833f,-0.21953673388034883f,-0.5393884427085179f,-0.02441284700084543f,-0.21861567869534332f,-0.9755056114292153f,-0.29039827363700854f,0f,0f,0f,1f],start_interpolation:0}
execute if entity @s[tag=aj.mech.bone.bone4] run data modify entity @s {} merge value {transformation:[-0.9986716584744622f,0.013480017640139187f,0.04973135514229036f,0.7564389354179791f,0.04537544998322757f,0.6873782729785534f,0.7248808028744043f,-0.27280679728920937f,-0.02441284700084543f,0.7261744962207379f,-0.6870768617410067f,0.22227221131438046f,0f,0f,0f,1f],start_interpolation:0}
execute if entity @s[tag=aj.mech.bone.leg] run data modify entity @s {} merge value {transformation:[-0.9986716584744622f,0.05148970138013412f,-0.0019311166851560951f,0.802552478077934f,0.04537544998322757f,0.8610888683682403f,-0.5064257391870233f,0.343423125f,-0.02441284700084543f,-0.505840658136619f,-0.8622814166368339f,-0.10201721339194825f,0f,0f,0f,1f],start_interpolation:0}
execute if entity @s[tag=aj.mech.bone.foot2] run data modify entity @s {} merge value {transformation:[-0.9965536596956567f,-0.01367883313046999f,0.08181499172756801f,-0.6207525007550985f,0.0085430545650675f,0.9641401480076806f,0.26525608611005735f,-1.1268537416626965f,-0.08250951197220563f,0.265040873308093f,-0.9607005339387461f,-1.129320877845689f,0f,0f,0f,1f],start_interpolation:0}
execute if entity @s[tag=aj.mech.bone.leg_low2] run data modify entity @s {} merge value {transformation:[-0.9967432675174546f,-0.03489060621758245f,0.0727014735503866f,-0.673210094483291f,0.014144415377529602f,0.8119321613115579f,0.5835804151456511f,-0.07881305119572274f,-0.07939013901144064f,0.582708169691924f,-0.8087944082410758f,-0.6684160136787858f,0f,0f,0f,1f],start_interpolation:0}
execute if entity @s[tag=aj.mech.bone.bone3] run data modify entity @s {} merge value {transformation:[-0.9967432675174546f,-0.07519452531321663f,-0.02913146102666303f,-0.71541877678679f,0.014144415377529602f,-0.5186748957218328f,0.8548545420488646f,-0.35414847587441206f,-0.07939013901144064f,0.851658462008607f,0.5180492929412008f,-0.18754065840966008f,0f,0f,0f,1f],start_interpolation:0}
execute if entity @s[tag=aj.mech.bone.leg2] run data modify entity @s {} merge value {transformation:[-0.9967432675174546f,0.020097370353265066f,0.078095802470502f,-0.7140915318244642f,0.014144415377529602f,0.9970040457744548f,-0.07604517225305484f,0.343423125f,-0.07939013901144064f,-0.07469289400105326f,-0.9940413358676244f,-0.20807129385764497f,0f,0f,0f,1f],start_interpolation:0}
execute if entity @s[tag=aj.mech.bone.hips] run data modify entity @s {} merge value {transformation:[-0.9975640502598242f,0f,0.06975647374412541f,0.04650000000000003f,0f,1f,0f,0.740129375f,-0.06975647374412541f,0f,-0.9975640502598242f,-0.1875f,0f,0f,0f,1f],start_interpolation:0}