execute if entity @s[tag=aj.mech.bone.locator] at @s run tp @e[tag=aj.mech.locator.locator,limit=1] ^0 ^1 ^0 ~ ~
execute if entity @s[tag=aj.mech.bone.hand] run data modify entity @s {} merge value {transformation:[-0.9899446841025864f,0.00010116324118223524f,0.1414549828851178f,1.362317404542736f,-0.1279081489819314f,0.4264013635953433f,-0.8954447959243762f,0.47841488487746336f,-0.060407183687425654f,-0.9045340606577679f,-0.42210082358237966f,0.880490677139019f,0f,0f,0f,1f],start_interpolation:0}
execute if entity @s[tag=aj.mech.bone.arm_low] run data modify entity @s {} merge value {transformation:[-0.9899446841025864f,0.00010116324118223524f,0.1414549828851178f,1.3359032646208724f,-0.1279081489819314f,0.4264013635953433f,-0.8954447959243762f,0.8728364689444845f,-0.060407183687425654f,-0.9045340606577679f,-0.42210082358237966f,-0.03912175874593024f,0f,0f,0f,1f],start_interpolation:0}
execute if entity @s[tag=aj.mech.bone.arm] run data modify entity @s {} merge value {transformation:[-1.0955660072190085f,-0.13542734167849174f,0.0785273040803279f,1.167300047278625f,-0.14155520234743443f,1.0940637472046506f,-0.08808303057299353f,1.981f,-0.0668522778116358f,-0.09724160998483658f,-1.1003848512102394f,-0.13985956714185543f,0f,0f,0f,1f],start_interpolation:0}
execute if entity @s[tag=aj.mech.bone.hand2] run data modify entity @s {} merge value {transformation:[-0.983213930630238f,0.1510547143406881f,-0.10233689408073039f,-1.4852030123846423f,0.1805436955705492f,0.7244610741997071f,-0.6652519266857746f,0.1989293309986383f,-0.026350343534124486f,-0.6725612427466063f,-0.7395721967129201f,0.2707654166208655f,0f,0f,0f,1f],start_interpolation:0}
execute if entity @s[tag=aj.mech.bone.arm_low2] run data modify entity @s {} merge value {transformation:[-0.983213930630238f,0.1510547143406881f,-0.10233689408073039f,-1.306620890651782f,0.1805436955705492f,0.7244610741997071f,-0.6652519266857746f,0.8969592920028353f,-0.026350343534124486f,-0.6725612427466063f,-0.7395721967129201f,-0.42408400903757826f,0f,0f,0f,1f],start_interpolation:0}
execute if entity @s[tag=aj.mech.bone.arm2] run data modify entity @s {} merge value {transformation:[-1.0881171216138892f,0.1915454656985012f,0.06390182121878094f,-1.0811816351863701f,0.19980665471636933f,1.071951543048491f,0.18912738728444628f,1.981f,-0.029161771478878287f,0.19748975279829495f,-1.0885400163328447f,-0.2225041290886944f,0f,0f,0f,1f],start_interpolation:0}
execute if entity @s[tag=aj.mech.bone.torso] run data modify entity @s {} merge value {transformation:[-1.332433589608886f,0f,0.04897455522775643f,0.04350000000000003f,0f,1.3333333333333333f,0f,0.74683875f,-0.04897455522775643f,0f,-1.332433589608886f,-0.193174375f,0f,0f,0f,1f],start_interpolation:0}
execute if entity @s[tag=aj.mech.bone.foot] run data modify entity @s {} merge value {transformation:[-0.9977455610890112f,0.008224758269495196f,-0.06660441936224842f,0.5802751424038269f,0.008511403400059365f,0.9999556925178641f,-0.004021071160840495f,-1.5112510900806997f,0.066568395949845f,-0.004578902982970368f,-0.9977713577308869f,-0.8999399393353915f,0f,0f,0f,1f],start_interpolation:0}
execute if entity @s[tag=aj.mech.bone.leg_low] run data modify entity @s {} merge value {transformation:[-0.9931811566924911f,0.0903730655561203f,-0.07364712494696812f,0.6946165413242296f,0.060681139262578274f,0.9401435029657765f,0.3353326604567986f,-0.3800697912063993f,0.09954390653757132f,0.32857708814405817f,-0.9392167523090775f,-0.7552703316185991f,0f,0f,0f,1f],start_interpolation:0}
execute if entity @s[tag=aj.mech.bone.bone4] run data modify entity @s {} merge value {transformation:[-0.9931811566924911f,0.11397246329824469f,0.02452483640506949f,0.7540310318886707f,0.060681139262578274f,0.3257641104959297f,0.9435017454412001f,-0.3491400487919349f,0.09954390653757132f,0.9385563498919636f,-0.3304587549887478f,-0.18132761183278062f,0f,0f,0f,1f],start_interpolation:0}
execute if entity @s[tag=aj.mech.bone.leg] run data modify entity @s {} merge value {transformation:[-0.9931811566924911f,0.05246301043813534f,-0.10410966586601485f,0.8040915318244641f,0.060681139262578274f,0.9951512861302142f,-0.0774061822542363f,0.3464231250000001f,0.09954390653757132f,-0.08319585475940833f,-0.991549020685357f,-0.20807129385764478f,0f,0f,0f,1f],start_interpolation:0}
execute if entity @s[tag=aj.mech.bone.foot2] run data modify entity @s {} merge value {transformation:[-0.998610618532124f,0.01670620636285558f,-0.049977347106970514f,-0.6941810740619606f,0.023077668115001625f,0.9912766473812504f,-0.12976143337279175f,-1.2053280908478776f,0.047373555801341f,-0.13073450587182123f,-0.9902849262637431f,0.2725042180801135f,0f,0f,0f,1f],start_interpolation:0}
execute if entity @s[tag=aj.mech.bone.leg_low2] run data modify entity @s {} merge value {transformation:[-0.9986078669468076f,0.008372653754474338f,-0.05207904320410209f,-0.727509237133445f,0.025540342599274565f,0.9406156935001485f,-0.3385111638353244f,-0.229356024315785f,0.0461521285734334f,-0.3393700278609496f,-0.9395200717482297f,-0.3274475639176655f,0f,0f,0f,1f],start_interpolation:0}
execute if entity @s[tag=aj.mech.bone.bone3] run data modify entity @s {} merge value {transformation:[-0.9986078669468076f,0.043420626692293754f,0.02994957845438751f,-0.702939498552854f,0.025540342599274565f,-0.098767273783114f,0.9947827484075922f,-0.2693268424267457f,0.0461521285734334f,0.9941628009572171f,0.09752079891511062f,0.22629510004784611f,0f,0f,0f,1f],start_interpolation:0}
execute if entity @s[tag=aj.mech.bone.leg2] run data modify entity @s {} merge value {transformation:[-0.9986078669468076f,-0.0016766202735027241f,-0.052721124953907475f,-0.712552478077934f,0.025540342599274565f,0.8591475313356525f,-0.5110902173782684f,0.3464231250000001f,0.0461521285734334f,-0.5117252273870346f,-0.8579086622035172f,-0.10201721339194844f,0f,0f,0f,1f],start_interpolation:0}
execute if entity @s[tag=aj.mech.bone.hips] run data modify entity @s {} merge value {transformation:[-0.9975640502598242f,0f,-0.06975647374412518f,0.04350000000000003f,0f,1f,0f,0.7431293750000001f,0.06975647374412518f,0f,-0.9975640502598242f,-0.1875f,0f,0f,0f,1f],start_interpolation:0}