execute if entity @s[tag=aj.mech.bone.locator] at @s run tp @e[tag=aj.mech.locator.locator,limit=1] ^-0.1 ^1 ^0 ~ ~
execute if entity @s[tag=aj.mech.bone.hand] run data modify entity @s {} merge value {transformation:[-0.9879882158108495f,-0.07548405523885998f,0.13483858061990656f,1.370308382915152f,-0.15344506557392554f,0.5824049246003701f,-0.7982851092512318f,0.3400277736733369f,-0.018272856096078247f,-0.8093865956426102f,-0.5869918581412846f,0.6035215982742318f,0f,0f,0f,1f],start_interpolation:0}
execute if entity @s[tag=aj.mech.bone.arm_low] run data modify entity @s {} merge value {transformation:[-0.9879882158108495f,-0.07548405523885998f,0.13483858061990656f,1.268163401576575f,-0.15344506557392554f,0.5824049246003701f,-0.7982851092512318f,0.8926911303104208f,-0.018272856096078247f,-0.8093865956426102f,-0.5869918581412846f,-0.22477951968829601f,0f,0f,0f,1f],start_interpolation:0}
execute if entity @s[tag=aj.mech.bone.arm] run data modify entity @s {} merge value {transformation:[-1.093400795173275f,-0.1705143150619024f,0.013097633658345327f,1.0639539766958936f,-0.16981675897444756f,1.0925631852838913f,0.04732793115867334f,1.99853125f,-0.020222463249869236f,0.044749671007908325f,-1.1056041323452168f,-0.17986067091811775f,0f,0f,0f,1f],start_interpolation:0}
execute if entity @s[tag=aj.mech.bone.hand2] run data modify entity @s {} merge value {transformation:[-0.987774186837628f,0.08035904750167346f,-0.13358360416565532f,-1.4991278472936713f,0.1551175155496097f,0.5919325230328261f,-0.7909199988277634f,0.3310941053357188f,0.015514902093770926f,-0.8019715154920508f,-0.5971607624018879f,0.584069666179224f,0f,0f,0f,1f],start_interpolation:0}
execute if entity @s[tag=aj.mech.bone.arm_low2] run data modify entity @s {} merge value {transformation:[-0.987774186837628f,0.08035904750167346f,-0.13358360416565532f,-1.3920753440834988f,0.1551175155496097f,0.5919325230328261f,-0.7909199988277634f,0.893462956044252f,0.015514902093770926f,-0.8019715154920508f,-0.5971607624018879f,-0.23704796382831617f,0f,0f,0f,1f],start_interpolation:0}
execute if entity @s[tag=aj.mech.bone.arm2] run data modify entity @s {} merge value {transformation:[-1.093163930557113f,0.1723126851393447f,-0.008540374875854437f,-1.1860444906830132f,0.17166764960657904f,1.0918553322127267f,0.05616164288210383f,1.99853125f,0.01717025164358074f,0.05415025939673053f,-1.1052352285372518f,-0.18248684543069207f,0f,0f,0f,1f],start_interpolation:0}
execute if entity @s[tag=aj.mech.bone.torso] run data modify entity @s {} merge value {transformation:[-1.3333324251134262f,0f,0.0015562515630070048f,-0.061031249999999974f,0f,1.3333333333333333f,0f,0.76437f,-0.0015562515630070048f,0f,-1.3333324251134262f,-0.193174375f,0f,0f,0f,1f],start_interpolation:0}
execute if entity @s[tag=aj.mech.bone.foot] run data modify entity @s {} merge value {transformation:[-0.9993571247804438f,-0.009896867249396472f,-0.03445851374062026f,0.6790651748146743f,-0.015492111595052852f,0.9859851149072226f,0.1661124548603083f,-1.1915106427146591f,0.03233158871585373f,0.16653950041968818f,-0.9855045728818664f,-0.5267126491334007f,0f,0f,0f,1f],start_interpolation:0}
execute if entity @s[tag=aj.mech.bone.leg_low] run data modify entity @s {} merge value {transformation:[-0.9993491888961346f,-0.011972759010380744f,-0.03402721990285844f,0.6881418915542229f,-0.019904798212485204f,0.9697267974116079f,0.24337982124643548f,-0.046308159057239895f,0.030083179033446313f,0.24389873190220965f,-0.9693340037962849f,-0.4819547842930977f,0f,0f,0f,1f],start_interpolation:0}
execute if entity @s[tag=aj.mech.bone.bone4] run data modify entity @s {} merge value {transformation:[-0.9993491888961346f,0.036009202747343316f,-0.002129781711551919f,0.7081140104293103f,-0.019904798212485204f,-0.5012446300319358f,0.8650766554891354f,-0.31180755923978115f,0.030083179033446313f,0.8645560468712533f,0.5016351703754363f,0.00583970032142736f,0f,0f,0f,1f],start_interpolation:0}
execute if entity @s[tag=aj.mech.bone.leg] run data modify entity @s {} merge value {transformation:[-0.9993491888961346f,-0.027876970147009357f,-0.022892644846345025f,0.6995945358993277f,-0.019904798212485204f,0.955432801033475f,-0.2945368596923793f,0.3639543750000001f,0.030083179033446313f,-0.29388949835737715f,-0.9553658802231169f,-0.16823681648604066f,0f,0f,0f,1f],start_interpolation:0}
execute if entity @s[tag=aj.mech.bone.foot2] run data modify entity @s {} merge value {transformation:[-0.9994697502799119f,0.004529229856084716f,-0.0322444468447105f,-0.6359037529253713f,0.004850444758238502f,0.9999393225065673f,-0.009890626408608279f,-1.5316401987139634f,0.03219769341207359f,-0.010041781814903852f,-0.9994310737399174f,-0.3666602380952562f,0f,0f,0f,1f],start_interpolation:0}
execute if entity @s[tag=aj.mech.bone.leg_low2] run data modify entity @s {} merge value {transformation:[-0.9960606318775296f,-0.07826970730878734f,-0.04167817824153609f,-0.7638653661443653f,-0.08006537690283591f,0.9958481174923157f,0.043313534933295594f,-0.4072184075494988f,0.03811499764060493f,0.04647988602404002f,-0.9981917987791971f,-0.5479772062031647f,0f,0f,0f,1f],start_interpolation:0}
execute if entity @s[tag=aj.mech.bone.bone3] run data modify entity @s {} merge value {transformation:[-0.9960606318775296f,-0.010342553899499118f,-0.08806957024178355f,-0.7494297713784799f,-0.08006537690283591f,0.5317911857892261f,0.8430822439942f,-0.3049874052752099f,0.03811499764060493f,0.8468123560126676f,-0.5305243450202186f,0.044017881532155356f,0f,0f,0f,1f],start_interpolation:0}
execute if entity @s[tag=aj.mech.bone.leg2] run data modify entity @s {} merge value {transformation:[-0.9960606318775296f,-0.08797231732164577f,-0.011139524621641384f,-0.8205214078124538f,-0.08006537690283591f,0.946224938690291f,-0.31344521183447976f,0.3639543750000001f,0.03811499764060493f,-0.3113185455214879f,-0.9495409470735015f,-0.14170309399013295f,0f,0f,0f,1f],start_interpolation:0}
execute if entity @s[tag=aj.mech.bone.hips] run data modify entity @s {} merge value {transformation:[-0.9998476951563913f,0f,-0.01745240643728339f,-0.061031249999999974f,0f,1f,0f,0.7606606250000001f,0.01745240643728339f,0f,-0.9998476951563913f,-0.1875f,0f,0f,0f,1f],start_interpolation:0}