execute if entity @s[tag=aj.mech.bone.locator] at @s run tp @e[tag=aj.mech.locator.locator,limit=1] ^0 ^1 ^0 ~ ~
execute if entity @s[tag=aj.mech.bone.hand] run data modify entity @s {} merge value {transformation:[-0.9780602835349412f,-0.19833114907725735f,0.06374038811652398f,1.540598559461691f,-0.20000689845712238f,0.8084041249182664f,-0.5536063686272893f,0.1275581707607708f,0.05826939454904875f,-0.5542089191999949f,-0.8303355656227551f,0.011763124520837498f,0f,0f,0f,1f],start_interpolation:0}
execute if entity @s[tag=aj.mech.bone.arm_low] run data modify entity @s {} merge value {transformation:[-0.9780602835349412f,-0.19833114907725735f,0.06374038811652398f,1.3136949136526082f,-0.20000689845712238f,0.8084041249182664f,-0.5536063686272893f,0.9124118810826494f,0.05826939454904875f,-0.5542089191999949f,-0.8303355656227551f,-0.5665728625252107f,0f,0f,0f,1f],start_interpolation:0}
execute if entity @s[tag=aj.mech.bone.arm] run data modify entity @s {} merge value {transformation:[-1.0824136104364657f,-0.1955001394813002f,-0.12219840399414171f,1.084396621598779f,-0.2213464678155897f,1.0452980545357413f,0.28832221021521115f,1.96875f,0.06448639904263072f,0.3064370264517891f,-1.0614658881433394f,-0.253246141220835f,0f,0f,0f,1f],start_interpolation:0}
execute if entity @s[tag=aj.mech.bone.hand2] run data modify entity @s {} merge value {transformation:[-0.9897791794525796f,-0.057244428125988414f,-0.13061489720053673f,-1.2625048482321792f,0.10821855886638275f,0.29499544586864024f,-0.9493505308544602f,0.6089955498311218f,0.09287582806662606f,-0.9537823453835212f,-0.285785440839186f,1.0662678282640856f,0f,0f,0f,1f],start_interpolation:0}
execute if entity @s[tag=aj.mech.bone.arm_low2] run data modify entity @s {} merge value {transformation:[-0.9897791794525796f,-0.057244428125988414f,-0.13061489720053673f,-1.2929003925377913f,0.10821855886638275f,0.29499544586864024f,-0.9493505308544602f,0.8709419616459857f,0.09287582806662606f,-0.9537823453835212f,-0.285785440839186f,0.10065231822725784f,0f,0f,0f,1f],start_interpolation:0}
execute if entity @s[tag=aj.mech.bone.arm2] run data modify entity @s {} merge value {transformation:[-1.0953828441882898f,0.09934205307007138f,-0.12263588252964118f,-1.1609845227501752f,0.11976484782249908f,1.0832714699205486f,-0.1922271630552139f,1.96875f,0.10278513714567135f,-0.2035339221899516f,-1.0829502004404212f,-0.1091506291388071f,0f,0f,0f,1f],start_interpolation:0}
execute if entity @s[tag=aj.mech.bone.torso] run data modify entity @s {} merge value {transformation:[-1.330596233688269f,0f,-0.08538993308564616f,-0.03906249999999998f,0f,1.3333333333333333f,0f,0.7345887499999999f,0.08538993308564616f,0f,-1.330596233688269f,-0.193174375f,0f,0f,0f,1f],start_interpolation:0}
execute if entity @s[tag=aj.mech.bone.foot] run data modify entity @s {} merge value {transformation:[-0.9974939941319694f,-0.014122516950123364f,0.06932738409635898f,0.6858260535525189f,-0.026686302250434436f,0.9826006458804655f,-0.1838037322458122f,-1.1809316259304956f,-0.06552536106614806f,-0.1851932105404656f,-0.9805151206518261f,0.5121683490518506f,0f,0f,0f,1f],start_interpolation:0}
execute if entity @s[tag=aj.mech.bone.leg_low] run data modify entity @s {} merge value {transformation:[-0.9974355621455818f,0.0035794221292191203f,0.07148067644159461f,0.7370806631773178f,-0.03266158534354432f,0.8659180974076963f,-0.4991182920157118f,-0.326250409595526f,-0.06368296640525986f,-0.5001730063878456f,-0.8635805946585242f,-0.24971574007413955f,0f,0f,0f,1f],start_interpolation:0}
execute if entity @s[tag=aj.mech.bone.bone4] run data modify entity @s {} merge value {transformation:[-0.9974355621455818f,-0.06711793230482889f,-0.024849195770718438f,0.6994228571270112f,-0.03266158534354432f,0.11793255857095658f,0.992484323539548f,-0.24587347225039063f,-0.06368296640525986f,0.9907507732987304f,-0.11982230592754523f,0.29887674423137245f,0f,0f,0f,1f],start_interpolation:0}
execute if entity @s[tag=aj.mech.bone.leg] run data modify entity @s {} merge value {transformation:[-0.9974355621455818f,0.01163487201652718f,0.07061819256031776f,0.715382947288225f,-0.03266158534354432f,0.8039626043758602f,-0.5937822425839548f,0.334173125f,-0.06368296640525986f,-0.594566027046907f,-0.8015208788743332f,-0.08883529769906234f,0f,0f,0f,1f],start_interpolation:0}
execute if entity @s[tag=aj.mech.bone.foot2] run data modify entity @s {} merge value {transformation:[-0.9985535803739745f,-0.00443076610286703f,0.0535827904653945f,-0.6011821276087721f,-0.005025357169880327f,0.9999272322409549f,-0.010967041910119657f,-1.5013186925720379f,-0.053530298968264875f,-0.011220451625708838f,-0.9985031840498473f,-1.1146824856528907f,0f,0f,0f,1f],start_interpolation:0}
execute if entity @s[tag=aj.mech.bone.leg_low2] run data modify entity @s {} merge value {transformation:[-0.9962235911898091f,-0.07702115325393649f,0.04007865152813815f,-0.7085337601629507f,-0.05114600487563393f,0.8935965477043282f,0.44594763831213186f,-0.396044123181824f,-0.0701615460358588f,0.44221369481545914f,-0.8941612861086741f,-0.8311015711431444f,0f,0f,0f,1f],start_interpolation:0}
execute if entity @s[tag=aj.mech.bone.bone3] run data modify entity @s {} merge value {transformation:[-0.9962235911898091f,-0.08175461352123797f,-0.029235928664458666f,-0.7502769974026472f,-0.05114600487563393f,0.28047719595312837f,0.9584970676718485f,-0.36066718545293025f,-0.0701615460358588f,0.9563726918509663f,-0.28359942126103604f,-0.2641783642211875f,0f,0f,0f,1f],start_interpolation:0}
execute if entity @s[tag=aj.mech.bone.leg2] run data modify entity @s {} merge value {transformation:[-0.9962235911898091f,-0.05238431222274236f,0.06924189620331428f,-0.7991791714688151f,-0.05114600487563393f,0.9985000420828984f,0.019538478592555714f,0.334173125f,-0.0701615460358588f,0.015923246949048207f,-0.9974085460153516f,-0.22134231329610776f,0f,0f,0f,1f],start_interpolation:0}
execute if entity @s[tag=aj.mech.bone.hips] run data modify entity @s {} merge value {transformation:[-0.9961946980917455f,0f,0.0871557427476583f,-0.03906249999999998f,0f,1f,0f,0.730879375f,-0.0871557427476583f,0f,-0.9961946980917455f,-0.1875f,0f,0f,0f,1f],start_interpolation:0}