execute if entity @s[tag=aj.mech.bone.locator] at @s run tp @e[tag=aj.mech.locator.locator,limit=1] ^0.1 ^1 ^0 ~ ~
execute if entity @s[tag=aj.mech.bone.hand] run data modify entity @s {} merge value {transformation:[-0.9879882158108495f,-0.07548405523885998f,0.13483858061990656f,1.4923708829151519f,-0.15344506557392554f,0.5824049246003701f,-0.7982851092512318f,0.3400277736733369f,-0.01827285609607825f,-0.8093865956426102f,-0.5869918581412846f,0.6035215982742318f,0f,0f,0f,1f],start_interpolation:0}
execute if entity @s[tag=aj.mech.bone.arm_low] run data modify entity @s {} merge value {transformation:[-0.9879882158108495f,-0.07548405523885998f,0.13483858061990656f,1.390225901576575f,-0.15344506557392554f,0.5824049246003701f,-0.7982851092512318f,0.8926911303104208f,-0.01827285609607825f,-0.8093865956426102f,-0.5869918581412846f,-0.22477951968829601f,0f,0f,0f,1f],start_interpolation:0}
execute if entity @s[tag=aj.mech.bone.arm] run data modify entity @s {} merge value {transformation:[-1.093400795173275f,-0.1705143150619024f,0.013097633658345332f,1.1860164766958936f,-0.16981675897444756f,1.0925631852838913f,0.04732793115867334f,1.99853125f,-0.02022246324986924f,0.044749671007908325f,-1.1056041323452168f,-0.17986067091811775f,0f,0f,0f,1f],start_interpolation:0}
execute if entity @s[tag=aj.mech.bone.hand2] run data modify entity @s {} merge value {transformation:[-0.987774186837628f,0.08035904750167346f,-0.13358360416565532f,-1.3770653472936714f,0.1551175155496097f,0.5919325230328261f,-0.7909199988277634f,0.3310941053357188f,0.015514902093770926f,-0.8019715154920508f,-0.5971607624018879f,0.584069666179224f,0f,0f,0f,1f],start_interpolation:0}
execute if entity @s[tag=aj.mech.bone.arm_low2] run data modify entity @s {} merge value {transformation:[-0.987774186837628f,0.08035904750167346f,-0.13358360416565532f,-1.2700128440834988f,0.1551175155496097f,0.5919325230328261f,-0.7909199988277634f,0.893462956044252f,0.015514902093770926f,-0.8019715154920508f,-0.5971607624018879f,-0.23704796382831617f,0f,0f,0f,1f],start_interpolation:0}
execute if entity @s[tag=aj.mech.bone.arm2] run data modify entity @s {} merge value {transformation:[-1.093163930557113f,0.1723126851393447f,-0.008540374875854437f,-1.0639819906830132f,0.17166764960657904f,1.0918553322127267f,0.05616164288210383f,1.99853125f,0.01717025164358074f,0.05415025939673053f,-1.1052352285372518f,-0.18248684543069207f,0f,0f,0f,1f],start_interpolation:0}
execute if entity @s[tag=aj.mech.bone.torso] run data modify entity @s {} merge value {transformation:[-1.3333324251134262f,0f,0.0015562515630070048f,0.061031250000000016f,0f,1.3333333333333333f,0f,0.76437f,-0.0015562515630070048f,0f,-1.3333324251134262f,-0.193174375f,0f,0f,0f,1f],start_interpolation:0}
execute if entity @s[tag=aj.mech.bone.foot] run data modify entity @s {} merge value {transformation:[-0.9995813147754761f,0.002608371680159236f,-0.02881651521105252f,0.5986945075148233f,0.0028577352399645098f,0.9999588006583807f,-0.008615702823963095f,-1.5045725155781327f,0.028792855034347378f,-0.008694445527503536f,-0.9995475867190818f,-0.586290803065633f,0f,0f,0f,1f],start_interpolation:0}
execute if entity @s[tag=aj.mech.bone.leg_low] run data modify entity @s {} merge value {transformation:[-0.9946442709555434f,0.09188776862452423f,-0.04732242843009692f,0.7209660205990684f,0.08318266081687557f,0.9834157237752601f,0.16116500603730877f,-0.36648877588537687f,0.061346712990512996f,0.15636544442039302f,-0.9857922847113749f,-0.6445098752155296f,0f,0f,0f,1f],start_interpolation:0}
execute if entity @s[tag=aj.mech.bone.bone4] run data modify entity @s {} merge value {transformation:[-0.9946442709555434f,0.09238748459271134f,0.046339259229591395f,0.7616709367249735f,0.08318266081687557f,0.4494260076020527f,0.8894362869988521f,-0.32063571817803355f,0.061346712990512996f,0.888527330126379f,-0.454704040474404f,-0.0467152992723634f,0f,0f,0f,1f],start_interpolation:0}
execute if entity @s[tag=aj.mech.bone.leg] run data modify entity @s {} merge value {transformation:[-0.9946442709555434f,0.06790357653174338f,-0.07792225965353812f,0.8216570358993277f,0.08318266081687557f,0.9733822997696462f,-0.21355922699471303f,0.3639543750000001f,0.061346712990512996f,-0.2188972425348305f,-0.9738175280903025f,-0.16823681648604066f,0f,0f,0f,1f],start_interpolation:0}
execute if entity @s[tag=aj.mech.bone.foot2] run data modify entity @s {} merge value {transformation:[-0.9998518826832319f,0.017151407989722298f,0.0014289502324134824f,-0.6920546640343614f,0.017191530304175612f,0.9992132743118499f,0.03573910637931032f,-1.197299692339791f,-0.0008148500458589187f,0.03575837863999342f,-0.9993601324729947f,-0.2359989388970963f,0f,0f,0f,1f],start_interpolation:0}
execute if entity @s[tag=aj.mech.bone.leg_low2] run data modify entity @s {} merge value {transformation:[-0.9997564758003247f,0.021977673088856797f,0.0019927320226941804f,-0.6974537935708063f,0.022035507241749346f,0.9990992917033239f,0.03626350422276792f,-0.06777310371828882f,-0.0011939497115639186f,0.036298584042841586f,-0.9993402760224221f,-0.4302022262644144f,0f,0f,0f,1f],start_interpolation:0}
execute if entity @s[tag=aj.mech.bone.bone3] run data modify entity @s {} merge value {transformation:[-0.9997564758003247f,-0.010796142218679411f,0.019246620703619093f,-0.7031631023318015f,0.022035507241749346f,-0.44120297731005675f,0.897136761722169f,-0.29943776468166855f,-0.0011939497115639186f,0.8973423962601652f,0.4413334321781557f,0.07490287656488157f,0f,0f,0f,1f],start_interpolation:0}
execute if entity @s[tag=aj.mech.bone.leg2] run data modify entity @s {} merge value {transformation:[-0.9997564758003247f,0.02102846168860588f,-0.00669274938465248f,-0.6984589078124538f,0.022035507241749346f,0.9348652269826108f,-0.35431828036293933f,0.3639543750000001f,-0.0011939497115639186f,-0.35437947341481635f,-0.9351009374962277f,-0.14170309399013295f,0f,0f,0f,1f],start_interpolation:0}
execute if entity @s[tag=aj.mech.bone.hips] run data modify entity @s {} merge value {transformation:[-0.9998476951563913f,0f,-0.01745240643728339f,0.061031250000000016f,0f,1f,0f,0.7606606250000001f,0.01745240643728339f,0f,-0.9998476951563913f,-0.1875f,0f,0f,0f,1f],start_interpolation:0}