execute if entity @s[tag=aj.mech.bone.locator] at @s run tp @e[tag=aj.mech.locator.locator,limit=1] ^0.1 ^1 ^0 ~ ~
execute if entity @s[tag=aj.mech.bone.hand] run data modify entity @s {} merge value {transformation:[-0.9867675409740653f,-0.10045799368776422f,0.12727140913899573f,1.527797870128361f,-0.16209154914132534f,0.6306389823790912f,-0.7589603438921096f,0.29711116466536014f,-0.004018678509392342f,-0.7695470521079872f,-0.638577469705082f,0.501340131168607f,0f,0f,0f,1f],start_interpolation:0}
execute if entity @s[tag=aj.mech.bone.arm_low] run data modify entity @s {} merge value {transformation:[-0.9867675409740653f,-0.10045799368776422f,0.12727140913899573f,1.4004806223207509f,-0.16209154914132534f,0.6306389823790912f,-0.7589603438921096f,0.8989672753871565f,-0.004018678509392342f,-0.7695470521079872f,-0.638577469705082f,-0.2882880505710827f,0f,0f,0f,1f],start_interpolation:0}
execute if entity @s[tag=aj.mech.bone.arm] run data modify entity @s {} merge value {transformation:[-1.0920498814520092f,-0.17911738316072234f,-0.010770236967492753f,1.187563972040656f,-0.17938577190066812f,1.0880998213422544f,0.09290587800878708f,2f,-0.004447448064053201f,0.09342226917944736f,-1.1027349991548778f,-0.19344606690813762f,0f,0f,0f,1f],start_interpolation:0}
execute if entity @s[tag=aj.mech.bone.hand2] run data modify entity @s {} merge value {transformation:[-0.9887676522062142f,0.05495687719763842f,-0.13899018526246615f,-1.3397214217857416f,0.14646137114492716f,0.5416436713808528f,-0.8277506871126225f,0.38055885957901947f,0.029792561369557848f,-0.8388097966176564f,-0.5436088008718095f,0.6830675892093452f,0f,0f,0f,1f],start_interpolation:0}
execute if entity @s[tag=aj.mech.bone.arm_low2] run data modify entity @s {} merge value {transformation:[-0.9887676522062142f,0.05495687719763842f,-0.13899018526246615f,-1.2582089987461111f,0.14646137114492716f,0.5416436713808528f,-0.8277506871126225f,0.8917584041393238f,0.029792561369557848f,-0.8388097966176564f,-0.5436088008718095f,-0.173660999978354f,0f,0f,0f,1f],start_interpolation:0}
execute if entity @s[tag=aj.mech.bone.arm2] run data modify entity @s {} merge value {transformation:[-1.0942633928853127f,0.16232286219016256f,-0.03179455826937895f,-1.0623021642096813f,0.16208794508809254f,1.094710895715885f,0.010369734426288931f,2f,0.03297125387774835f,0.005596583363603135f,-1.1061887511660977f,-0.16890286104622756f,0f,0f,0f,1f],start_interpolation:0}
execute if entity @s[tag=aj.mech.bone.torso] run data modify entity @s {} merge value {transformation:[-1.3332540066668663f,0f,-0.014544121992242998f,0.06250000000000003f,0f,1.3333333333333333f,0f,0.7658387499999999f,0.014544121992242998f,0f,-1.3332540066668663f,-0.193174375f,0f,0f,0f,1f],start_interpolation:0}
execute if entity @s[tag=aj.mech.bone.foot] run data modify entity @s {} merge value {transformation:[-0.9998390074695569f,-0.00043781487700996803f,-0.01793787781274451f,0.6085670306430284f,-0.00023601758802249987f,0.9999366848542218f,-0.011250359036341542f,-1.5126884794924784f,0.01794166764795369f,-0.011244314157916421f,-0.9997758058490556f,-0.47583837253885336f,0f,0f,0f,1f],start_interpolation:0}
execute if entity @s[tag=aj.mech.bone.leg_low] run data modify entity @s {} merge value {transformation:[-0.9953975864158969f,0.08809902804932518f,-0.03771214942390931f,0.7288717191752112f,0.0838966107205747f,0.9913057328858834f,0.10136223486674817f,-0.3798342827203084f,0.04631418429603831f,0.09773180242042839f,-0.9941345437759654f,-0.6013076221572733f,0f,0f,0f,1f],start_interpolation:0}
execute if entity @s[tag=aj.mech.bone.bone4] run data modify entity @s {} merge value {transformation:[-0.9953975864158969f,0.08156102264704346f,0.05031346283228291f,0.7623559846790527f,0.0838966107205747f,0.4879297373410049f,0.8688417175342918f,-0.3129766400474437f,0.04631418429603831f,0.8690640776163208f,-0.4925267762567699f,-0.0027646948497195567f,0f,0f,0f,1f],start_interpolation:0}
execute if entity @s[tag=aj.mech.bone.leg] run data modify entity @s {} merge value {transformation:[-0.9953975864158969f,0.0688963961309162f,-0.06661029618293951f,0.82267375f,0.0838966107205747f,0.9624253712716205f,-0.25826103740650397f,0.365423125f,0.04631418429603831f,-0.26266079138854204f,-0.9637760657954406f,-0.1549649999999999f,0f,0f,0f,1f],start_interpolation:0}
execute if entity @s[tag=aj.mech.bone.foot2] run data modify entity @s {} merge value {transformation:[-0.9997349532495967f,0.013286423259587003f,0.01880144164668758f,-0.6843097256259439f,0.01524417421267401f,0.9940188435103271f,0.10813951127578429f,-1.1866367769134527f,-0.017252199964072335f,0.10839746170164202f,-0.9939579225968477f,-0.4376082262264842f,0f,0f,0f,1f],start_interpolation:0}
execute if entity @s[tag=aj.mech.bone.leg_low2] run data modify entity @s {} merge value {transformation:[-0.9996436019385959f,0.017263481414070397f,0.020362743250754007f,-0.6906742160191448f,0.02068468172538823f,0.9830821217912993f,0.1819936420764096f,-0.04086190232400322f,-0.01687640498297763f,0.18234997675838338f,-0.9830888428474142f,-0.46469718797330845f,0f,0f,0f,1f],start_interpolation:0}
execute if entity @s[tag=aj.mech.bone.bone3] run data modify entity @s {} merge value {transformation:[-0.9996436019385959f,-0.025039177959231978f,0.00925789772874996f,-0.7044454683364592f,0.02068468172538823f,-0.5072519706851165f,0.8615495239265039f,-0.3097513492180531f,-0.01687640498297763f,0.8614339660143382f,0.507589114492873f,0.021452062986337395f,0f,0f,0f,1f],start_interpolation:0}
execute if entity @s[tag=aj.mech.bone.leg2] run data modify entity @s {} merge value {transformation:[-0.9996436019385959f,0.024770031209655926f,0.009955634439991914f,-0.69767375f,0.02068468172538823f,0.9544302163546867f,-0.29771648602498524f,0.365423125f,-0.01687640498297763f,-0.2974044513167523f,-0.9546024194877321f,-0.15496500000000007f,0f,0f,0f,1f],start_interpolation:0}
execute if entity @s[tag=aj.mech.bone.hips] run data modify entity @s {} merge value {transformation:[-1f,0f,1.2246467991473532e-16f,0.06250000000000003f,0f,1f,0f,0.762129375f,-1.2246467991473532e-16f,0f,-1f,-0.1875f,0f,0f,0f,1f],start_interpolation:0}