execute if entity @s[tag=aj.mech.bone.locator] at @s run tp @e[tag=aj.mech.locator.locator,limit=1] ^0 ^1 ^0 ~ ~
execute if entity @s[tag=aj.mech.bone.hand] run data modify entity @s {} merge value {transformation:[-0.9899429019694811f,0.04465603614653228f,0.13423445636617204f,1.2188099932418723f,-0.11264404113858698f,0.32521172021748335f,-0.9389082260951566f,0.5705940460458347f,-0.08558253815008335f,-0.944586245648784f,-0.31691079769380626f,1.0267342136271087f,0f,0f,0f,1f],start_interpolation:0}
execute if entity @s[tag=aj.mech.bone.arm_low] run data modify entity @s {} merge value {transformation:[-0.9899429019694811f,0.04465603614653228f,0.13423445636617204f,1.2367251404633013f,-0.11264404113858698f,0.32521172021748335f,-0.9389082260951566f,0.8629447579122635f,-0.08558253815008335f,-0.944586245648784f,-0.31691079769380626f,0.06957005123320292f,0f,0f,0f,1f],start_interpolation:0}
execute if entity @s[tag=aj.mech.bone.arm] run data modify entity @s {} merge value {transformation:[-1.0955640349426967f,-0.10808471145985239f,0.11326570099878391f,1.095916883604359f,-0.12466250323783425f,1.0866018816199419f,-0.16890112397644522f,1.964f,-0.09471369573922471f,-0.17996117509804718f,-1.08784891866048f,-0.11604231681230845f,0f,0f,0f,1f],start_interpolation:0}
execute if entity @s[tag=aj.mech.bone.hand2] run data modify entity @s {} merge value {transformation:[-0.9793416322301227f,0.18840716174958816f,-0.0734350650731875f,-1.59631340001405f,0.19564294199730847f,0.7910169150588955f,-0.5796689394277962f,0.1338014535447124f,-0.05112540100064301f,-0.5820609774690044f,-0.8115363281334673f,0.07105739450117554f,0f,0f,0f,1f],start_interpolation:0}
execute if entity @s[tag=aj.mech.bone.arm_low2] run data modify entity @s {} merge value {transformation:[-0.9793416322301227f,0.18840716174958816f,-0.0734350650731875f,-1.3795966580408077f,0.19564294199730847f,0.7910169150588955f,-0.5796689394277962f,0.9005898723090733f,-0.05112540100064301f,-0.5820609774690044f,-0.8115363281334673f,-0.5347664244407296f,0f,0f,0f,1f],start_interpolation:0}
execute if entity @s[tag=aj.mech.bone.arm2] run data modify entity @s {} merge value {transformation:[-1.0838316715628888f,0.19545239678714577f,0.10899195769129884f,-1.1503068562465337f,0.2165169026579263f,1.0521208340425456f,0.266334676621472f,1.964f,-0.056580183055905786f,0.28215614417872614f,-1.0686246168424074f,-0.24634546539387106f,0f,0f,0f,1f],start_interpolation:0}
execute if entity @s[tag=aj.mech.bone.torso] run data modify entity @s {} merge value {transformation:[-1.3310955495412697f,0f,0.07721668064092599f,-0.026499999999999982f,0f,1.3333333333333333f,0f,0.7298387499999999f,-0.07721668064092599f,0f,-1.3310955495412697f,-0.193174375f,0f,0f,0f,1f],start_interpolation:0}
execute if entity @s[tag=aj.mech.bone.foot] run data modify entity @s {} merge value {transformation:[-0.9939145729964297f,0.016740545488197055f,-0.10887412788207526f,0.5907704676545696f,-0.005598039557477169f,0.9794308442022628f,0.20170246249948365f,-1.2624755660119356f,0.11001128823188007f,0.2010844985621722f,-0.9733768750589682f,-1.2534299843940069f,0f,0f,0f,1f],start_interpolation:0}
execute if entity @s[tag=aj.mech.bone.leg_low] run data modify entity @s {} merge value {transformation:[-0.9940266458500369f,0.05906271008540538f,-0.09177485286009839f,0.6657676079813706f,-0.00653027024423747f,0.8072145333193786f,0.5902220368374217f,-0.2183963782272662f,0.10894210806966508f,0.5872957461750807f,-0.8020070595786501f,-0.7866875924852998f,0f,0f,0f,1f],start_interpolation:0}
execute if entity @s[tag=aj.mech.bone.bone4] run data modify entity @s {} merge value {transformation:[-0.9940266458500369f,0.10600376567186064f,0.025965920039748576f,0.7250441895588262f,-0.00653027024423747f,-0.2952625536940614f,0.9553938350003095f,-0.36811508568903f,0.10894210806966508f,0.9495173647961614f,0.29419107913036835f,-0.25480144699693513f,0f,0f,0f,1f],start_interpolation:0}
execute if entity @s[tag=aj.mech.bone.leg] run data modify entity @s {} merge value {transformation:[-0.9940266458500369f,-0.008302799958569201f,-0.1088213713062528f,0.732910272211621f,-0.00653027024423747f,0.9998403083241706f,-0.01663470531042696f,0.329423125f,0.10894210806966508f,-0.01582470736144917f,-0.9939221275966552f,-0.23460302403810251f,0f,0f,0f,1f],start_interpolation:0}
execute if entity @s[tag=aj.mech.bone.foot2] run data modify entity @s {} merge value {transformation:[-0.996654836704666f,0.016750652028064517f,-0.07999095029958246f,-0.6615836332095724f,0.017260622075404738f,0.999834844556451f,-0.005688104811611028f,-1.5783275989221761f,0.07988245989430733f,-0.007049770734748828f,-0.9967793604072177f,0.39697086001326104f,0f,0f,0f,1f],start_interpolation:0}
execute if entity @s[tag=aj.mech.bone.leg_low2] run data modify entity @s {} merge value {transformation:[-0.995325918069507f,-0.04487003339771914f,-0.08551606236246267f,-0.7623733900448328f,-0.01640702792005026f,0.9512024616545856f,-0.308130956538105f,-0.5846242518654414f,0.09516893534091743f,-0.3052876627791311f,-0.9474926473070554f,-0.1651407523843889f,0f,0f,0f,1f],start_interpolation:0}
execute if entity @s[tag=aj.mech.bone.bone3] run data modify entity @s {} merge value {transformation:[-0.995325918069507f,0.05645566547552996f,-0.07835224728626544f,-0.7238788431723068f,-0.01640702792005026f,0.7006795783620275f,0.7132874160541754f,-0.26030621614220745f,0.09516893534091743f,0.711238979740373f,-0.6964782749260381f,0.2933672168110243f,0f,0f,0f,1f],start_interpolation:0}
execute if entity @s[tag=aj.mech.bone.leg2] run data modify entity @s {} merge value {transformation:[-0.995325918069507f,-0.06791190327254813f,-0.06866068899299729f,-0.7791086051067948f,-0.01640702792005026f,0.8195506649231337f,-0.5727717844472441f,0.329423125f,0.09516893534091743f,-0.568968084357945f,-0.8168342504621894f,-0.07568343623028394f,0f,0f,0f,1f],start_interpolation:0}
execute if entity @s[tag=aj.mech.bone.hips] run data modify entity @s {} merge value {transformation:[-0.9945218953682733f,0f,-0.10452846326765333f,-0.026499999999999982f,0f,1f,0f,0.726129375f,0.10452846326765333f,0f,-0.9945218953682733f,-0.1875f,0f,0f,0f,1f],start_interpolation:0}