execute if entity @s[tag=aj.mech.bone.locator] at @s run tp @e[tag=aj.mech.locator.locator,limit=1] ^0 ^0.9 ^0 ~ ~
execute if entity @s[tag=aj.mech.bone.hand] run data modify entity @s {} merge value {transformation:[-0.9892904587591698f,0.07971668843254964f,0.12226871142454732f,1.1725295228735533f,-0.10012500395425901f,0.2388859690412152f,-0.9658718742040265f,0.6519306856999862f,-0.10620438687375888f,-0.9677699847487455f,-0.22834597615938315f,1.1351463987787807f,0f,0f,0f,1f],start_interpolation:0}
execute if entity @s[tag=aj.mech.bone.arm_low] run data modify entity @s {} merge value {transformation:[-0.9892904587591698f,0.07971668843254964f,0.12226871142454732f,1.225151781701896f,-0.10012500395425901f,0.2388859690412152f,-0.9658718742040265f,0.857504252298755f,-0.10620438687375888f,-0.9677699847487455f,-0.22834597615938315f,0.1569217151852494f,0f,0f,0f,1f],start_interpolation:0}
execute if entity @s[tag=aj.mech.bone.arm] run data modify entity @s {} merge value {transformation:[-1.0948419798477638f,-0.08246418514931345f,0.13889807725348977f,1.110408229248106f,-0.11080775781365539f,1.0758293557221774f,-0.23470154816008937f,1.948f,-0.11753577542759887f,-0.24609517278502682f,-1.0725644437331348f,-0.09656300608170798f,0f,0f,0f,1f],start_interpolation:0}
execute if entity @s[tag=aj.mech.bone.hand2] run data modify entity @s {} merge value {transformation:[-0.9755336394557798f,0.21528242020642285f,-0.04458248355829736f,-1.6056048700166312f,0.20797201619758587f,0.8379001767229326f,-0.5046493181669719f,0.09020308778660657f,-0.07128645571826223f,-0.5015742949930186f,-0.8621725278813892f,-0.09803188244787497f,0f,0f,0f,1f],start_interpolation:0}
execute if entity @s[tag=aj.mech.bone.arm_low2] run data modify entity @s {} merge value {transformation:[-0.9755336394557798f,0.21528242020642285f,-0.04458248355829736f,-1.3612302261884122f,0.20797201619758587f,0.8379001767229326f,-0.5046493181669719f,0.9058338478106467f,-0.07128645571826223f,-0.5015742949930186f,-0.8621725278813892f,-0.6243213671959913f,0f,0f,0f,1f],start_interpolation:0}
execute if entity @s[tag=aj.mech.bone.arm2] run data modify entity @s {} merge value {transformation:[-1.0796173881728146f,0.19431653113557082f,0.14642185429906487f,-1.1332140781789115f,0.23016141715577382f,1.0316015516546853f,0.3280181995111238f,1.948f,-0.07889230470574246f,0.3504444362307844f,-1.0467744169147104f,-0.2658525261822331f,0f,0f,0f,1f],start_interpolation:0}
execute if entity @s[tag=aj.mech.bone.torso] run data modify entity @s {} merge value {transformation:[-1.329553959956751f,0f,0.100319715615126f,-0.010499999999999982f,0f,1.3333333333333333f,0f,0.7138387499999999f,-0.100319715615126f,0f,-1.329553959956751f,-0.193174375f,0f,0f,0f,1f],start_interpolation:0}
execute if entity @s[tag=aj.mech.bone.foot] run data modify entity @s {} merge value {transformation:[-0.9899564087380581f,0.009983678795762459f,-0.14101998069830352f,0.5557919172913417f,-0.002227397824230707f,0.9962780470175274f,0.08616897196714146f,-1.4177313938986855f,0.14135539429883617f,0.08561763363142211f,-0.9862495999056102f,-1.3437711983611882f,0f,0f,0f,1f],start_interpolation:0}
execute if entity @s[tag=aj.mech.bone.leg_low] run data modify entity @s {} merge value {transformation:[-0.9899981232869904f,0.08014620102800266f,-0.11610470425015473f,0.6485897743923328f,-0.002492504418042159f,0.8129029758114851f,0.5823938009101386f,-0.36923658213758603f,0.14105851023586968f,0.5768581614033134f,-0.8045726557076285f,-0.89031605255901f,0f,0f,0f,1f],start_interpolation:0}
execute if entity @s[tag=aj.mech.bone.bone4] run data modify entity @s {} merge value {transformation:[-0.9899981232869904f,0.1410243478426245f,0.003981105851313737f,0.7269919422877301f,-0.002492504418042159f,-0.04569784747038904f,0.9989521981347752f,-0.37966356968650566f,0.14105851023586968f,0.9889508784829182f,0.04559228704398954f,-0.3402463712913034f,0f,0f,0f,1f],start_interpolation:0}
execute if entity @s[tag=aj.mech.bone.leg] run data modify entity @s {} merge value {transformation:[-0.9899981232869904f,0.007397132434016914f,-0.14088647316187075f,0.746803788160273f,-0.002492504418042159f,0.9975515703334265f,0.06989028506910645f,0.31342312499999997f,0.14105851023586968f,0.0695424112112065f,-0.9875557451268099f,-0.26107736643943447f,0f,0f,0f,1f],start_interpolation:0}
execute if entity @s[tag=aj.mech.bone.foot2] run data modify entity @s {} merge value {transformation:[-0.993691248901528f,0.024106681421861557f,-0.1095288535836411f,-0.6546258116956891f,0.024522589238302465f,0.9996962699689678f,-0.0024516172584394536f,-1.5541035661211047f,0.10943648602532569f,-0.0051220817015408815f,-0.9939805932740697f,0.6779983835504197f,0f,0f,0f,1f],start_interpolation:0}
execute if entity @s[tag=aj.mech.bone.leg_low2] run data modify entity @s {} merge value {transformation:[-0.9930480045721607f,-0.03872044519232596f,-0.11115928993727128f,-0.7544770606702551f,0.01203643207739f,0.9059954533302526f,-0.4231162521668911f,-0.6372490447707341f,0.11709306093059757f,-0.4215127111594832f,-0.8992309210724938f,-0.0024293470606683853f,0f,0f,0f,1f],start_interpolation:0}
execute if entity @s[tag=aj.mech.bone.bone3] run data modify entity @s {} merge value {transformation:[-0.9930480045721607f,0.0857138445112015f,-0.08067711865429894f,-0.7046805780665375f,0.01203643207739f,0.7557378628362587f,0.6547636267986565f,-0.23511275553285532f,0.11709306093059757f,0.6492406483999549f,-0.751515665536727f,0.3785497750028465f,0f,0f,0f,1f],start_interpolation:0}
execute if entity @s[tag=aj.mech.bone.leg2] run data modify entity @s {} merge value {transformation:[-0.9930480045721607f,-0.06757130828500776f,-0.09638349916818076f,-0.7587477944808015f,0.01203643207739f,0.7562378978884153f,-0.6541860332506014f,0.31342312499999997f,0.11709306093059757f,-0.650798248379606f,-0.7501672180173834f,-0.049485890327551546f,0f,0f,0f,1f],start_interpolation:0}
execute if entity @s[tag=aj.mech.bone.hips] run data modify entity @s {} merge value {transformation:[-0.9902680687415704f,0f,-0.13917310096006533f,-0.010499999999999982f,0f,1f,0f,0.710129375f,0.13917310096006533f,0f,-0.9902680687415704f,-0.1875f,0f,0f,0f,1f],start_interpolation:0}