execute if entity @s[tag=aj.mech.bone.locator] at @s run tp @e[tag=aj.mech.locator.locator,limit=1] ^0 ^0.9 ^0 ~ ~
execute if entity @s[tag=aj.mech.bone.hand] run data modify entity @s {} merge value {transformation:[-0.9728530831258124f,-0.2301437861983614f,0.024304656485618387f,1.6136133460278752f,-0.21569089150410053f,0.8636406165483209f,-0.4556339811407865f,0.06969536834387235f,0.0838708410281388f,-0.4485072163547864f,-0.8898353549409652f,-0.20612986388122645f,0f,0f,0f,1f],start_interpolation:0}
execute if entity @s[tag=aj.mech.bone.arm_low] run data modify entity @s {} merge value {transformation:[-0.9728530831258124f,-0.2301437861983614f,0.024304656485618387f,1.3538274214970079f,-0.21569089150410053f,0.8636406165483209f,-0.4556339811407865f,0.9123570826220406f,0.0838708410281388f,-0.4485072163547864f,-0.8898353549409652f,-0.6798234712957887f,0f,0f,0f,1f],start_interpolation:0}
execute if entity @s[tag=aj.mech.bone.arm] run data modify entity @s {} merge value {transformation:[-1.0766508321190185f,-0.19158876337314348f,-0.1699667908169199f,1.1286679286544303f,-0.23870385143072098f,1.0168141304984117f,0.3658981741754492f,1.93925f,0.09281937051926856f,0.3926254554940836f,-1.0305347129953935f,-0.2780826325429223f,0f,0f,0f,1f],start_interpolation:0}
execute if entity @s[tag=aj.mech.bone.hand2] run data modify entity @s {} merge value {transformation:[-0.988581669641092f,-0.10072146127939809f,-0.11207796254114256f,-1.1366365969304488f,0.09226167470832917f,0.18348298391884688f,-0.9786836966008223f,0.707535890394256f,0.1191388510505515f,-0.9778492633581f,-0.17209518389651587f,1.1977630485031752f,0f,0f,0f,1f],start_interpolation:0}
execute if entity @s[tag=aj.mech.bone.arm_low2] run data modify entity @s {} merge value {transformation:[-0.988581669641092f,-0.10072146127939809f,-0.11207796254114256f,-1.2099673173629735f,0.09226167470832917f,0.18348298391884688f,-0.9786836966008223f,0.8575518314596919f,0.1191388510505515f,-0.9778492633581f,-0.17209518389651587f,0.21081272155297928f,0f,0f,0f,1f],start_interpolation:0}
execute if entity @s[tag=aj.mech.bone.arm2] run data modify entity @s {} merge value {transformation:[-1.0940575670653903f,0.065022224987789f,-0.15356473794014183f,-1.1129763822744123f,0.10210545720660544f,1.0669331988935842f,-0.2756809809206313f,1.93925f,0.13185027148101422f,-0.2867013043053149f,-1.0607496625283657f,-0.08435399944921954f,0f,0f,0f,1f],start_interpolation:0}
execute if entity @s[tag=aj.mech.bone.torso] run data modify entity @s {} merge value {transformation:[-1.3283818138837584f,0f,-0.11480215294441648f,0.006812500000000027f,0f,1.3333333333333333f,0f,0.7050887499999998f,0.11480215294441648f,0f,-1.3283818138837584f,-0.193174375f,0f,0f,0f,1f],start_interpolation:0}
execute if entity @s[tag=aj.mech.bone.foot] run data modify entity @s {} merge value {transformation:[-0.9921191494279494f,-0.030585084519417216f,0.12150780198531458f,0.6434250309832739f,-0.030178353197446793f,0.9995310728070551f,0.005186664772987792f,-1.509807255022533f,-0.12160945825326445f,0.001478884078386311f,-0.992576925263342f,0.869053304288468f,0f,0f,0f,1f],start_interpolation:0}
execute if entity @s[tag=aj.mech.bone.leg_low] run data modify entity @s {} merge value {transformation:[-0.9920554210071387f,0.041056017636930085f,0.118913603368769f,0.7476874181665358f,-0.02436205945966003f,0.8646553154469805f,-0.5017745265835707f,-0.6574196260619534f,-0.12342014304493742f,-0.5006851194963542f,-0.8567857838489668f,0.11001505331506528f,0f,0f,0f,1f],start_interpolation:0}
execute if entity @s[tag=aj.mech.bone.bone4] run data modify entity @s {} merge value {transformation:[-0.9920554210071387f,-0.09188691093873963f,0.08592343829529261f,0.6964572065749577f,-0.02436205945966003f,0.8104018265821458f,0.5853677216341926f,-0.20847969195142052f,-0.12342014304493742f,0.5786239496170701f,-0.8062020796427588f,0.43318845739732004f,0f,0f,0f,1f],start_interpolation:0}
execute if entity @s[tag=aj.mech.bone.leg] run data modify entity @s {} merge value {transformation:[-0.9920554210071387f,0.07082807670889023f,0.10396838557979242f,0.7525376543813992f,-0.02436205945966003f,0.7026383452341728f,-0.7111299781794235f,0.30467312499999993f,-0.12342014304493742f,-0.7080132338850049f,-0.6953306615808512f,-0.036448185919860904f,0f,0f,0f,1f],start_interpolation:0}
execute if entity @s[tag=aj.mech.bone.foot2] run data modify entity @s {} merge value {transformation:[-0.9873133459859734f,-0.005112586501953897f,0.1587016644438284f,-0.5347891041856194f,0.0010669094237907284f,0.999245331008995f,0.038828213466562955f,-1.4765124776440466f,-0.15878040981891592f,0.03850493365769636f,-0.9865627965526338f,-1.3886715736976283f,0f,0f,0f,1f],start_interpolation:0}
execute if entity @s[tag=aj.mech.bone.leg_low2] run data modify entity @s {} merge value {transformation:[-0.9874633505013738f,-0.09056055919490144f,0.12928618075768095f,-0.6360896744940632f,0.0027814199223224773f,0.8089427927958087f,0.5878807886697207f,-0.43115998563716007f,-0.15782393709389175f,0.580870332434033f,-0.7985494735945666f,-0.9298134869898419f,0f,0f,0f,1f],start_interpolation:0}
execute if entity @s[tag=aj.mech.bone.bone3] run data modify entity @s {} merge value {transformation:[-0.9874633505013738f,-0.15740410795998455f,0.011835464246176562f,-0.7233543554914471f,0.0027814199223224773f,0.05761734238966322f,0.9983348664447055f,-0.38420204688113296f,-0.15782393709389175f,0.9858520115378747f,-0.056457207041346366f,-0.38299349495570834f,0f,0f,0f,1f],start_interpolation:0}
execute if entity @s[tag=aj.mech.bone.leg2] run data modify entity @s {} merge value {transformation:[-0.9874633505013738f,-0.015177683327643517f,0.15711705618871163f,-0.749091845021567f,0.0027814199223224773f,0.9935389129506204f,0.11345788714811901f,0.30467312499999993f,-0.15782393709389175f,0.11247251389430832f,-0.9810410483249302f,-0.2742829337576135f,0f,0f,0f,1f],start_interpolation:0}
execute if entity @s[tag=aj.mech.bone.hips] run data modify entity @s {} merge value {transformation:[-0.9876883405951378f,0f,0.15643446504023098f,0.006812500000000027f,0f,1f,0f,0.7013793749999999f,-0.15643446504023098f,0f,-0.9876883405951378f,-0.1875f,0f,0f,0f,1f],start_interpolation:0}