execute if entity @s[tag=aj.mech.bone.locator] at @s run tp @e[tag=aj.mech.locator.locator,limit=1] ^0 ^1 ^0 ~ ~
execute if entity @s[tag=aj.mech.bone.hand] run data modify entity @s {} merge value {transformation:[-0.9895782172980591f,-0.024540935313007918f,0.14188972599578184f,1.4080802024668695f,-0.13621124469888987f,0.47914327673078505f,-0.8671033486161066f,0.4313190375183771f,-0.046705981059971736f,-0.8773935621245741f,-0.47749250096266066f,0.7947140807567992f,0f,0f,0f,1f],start_interpolation:0}
execute if entity @s[tag=aj.mech.bone.arm_low] run data modify entity @s {} merge value {transformation:[-0.9895782172980591f,-0.024540935313007918f,0.14188972599578184f,1.3570490018006653f,-0.13621124469888987f,0.47914327673078505f,-0.8671033486161066f,0.8791087332080685f,-0.046705981059971736f,-0.8773935621245741f,-0.47749250096266066f,-0.09906068393098227f,0f,0f,0f,1f],start_interpolation:0}
execute if entity @s[tag=aj.mech.bone.arm] run data modify entity @s {} merge value {transformation:[-1.095160440544161f,-0.1483609551339658f,0.05817744402158027f,1.1753096881305534f,-0.15074418994266736f,1.095496013557844f,-0.04400740859706579f,1.98846875f,-0.05168923678751454f,-0.05147319501097109f,-1.1042874225172152f,-0.15284485920700536f,0f,0f,0f,1f],start_interpolation:0}
execute if entity @s[tag=aj.mech.bone.hand2] run data modify entity @s {} merge value {transformation:[-0.9849615744531391f,0.12900138438623018f,-0.11493189147155447f,-1.4510512446036543f,0.17229934672894703f,0.6841516470823636f,-0.7086956038464377f,0.2390884443445631f,-0.01279187115207035f,-0.7178406275914765f,-0.6960899377318307f,0.3757756655695049f,0f,0f,0f,1f],start_interpolation:0}
execute if entity @s[tag=aj.mech.bone.arm_low2] run data modify entity @s {} merge value {transformation:[-0.9849615744531391f,0.12900138438623018f,-0.11493189147155447f,-1.2948614326242496f,0.17229934672894703f,0.6841516470823636f,-0.7086956038464377f,0.895708999221446f,-0.01279187115207035f,-0.7178406275914765f,-0.6960899377318307f,-0.36341802660258904f,0f,0f,0f,1f],start_interpolation:0}
execute if entity @s[tag=aj.mech.bone.arm2] run data modify entity @s {} merge value {transformation:[-1.0900512288381048f,0.18701137688727212f,0.03983769518046931f,-1.0739766504846142f,0.1906826819454031f,1.080275267169369f,0.1463469865842291f,1.98846875f,-0.01415668918474787f,0.15101016717725652f,-1.0962515660624852f,-0.2095102535775781f,0f,0f,0f,1f],start_interpolation:0}
execute if entity @s[tag=aj.mech.bone.torso] run data modify entity @s {} merge value {transformation:[-1.3329104228830624f,0f,0.0335794929603394f,0.05096875000000003f,0f,1.3333333333333333f,0f,0.7543074999999999f,-0.0335794929603394f,0f,-1.3329104228830624f,-0.193174375f,0f,0f,0f,1f],start_interpolation:0}
execute if entity @s[tag=aj.mech.bone.foot] run data modify entity @s {} merge value {transformation:[-0.9985868008065882f,0.007151481689026441f,-0.05266172770157477f,0.5852436314767357f,0.007434662311816413f,0.999958928149401f,-0.005183416885636782f,-1.505684352892478f,0.05262249567601809f,-0.005567613847292763f,-0.9985989558500823f,-0.7982953685446411f,0f,0f,0f,1f],start_interpolation:0}
execute if entity @s[tag=aj.mech.bone.leg_low] run data modify entity @s {} merge value {transformation:[-0.9936383390410446f,0.09223750109748177f,-0.06461497178708672f,0.7038124335935732f,0.0707365299378723f,0.9576182040577867f,0.2792198391760294f,-0.36840275091259045f,0.08763101346043223f,0.2728728983399254f,-0.9580507224732238f,-0.7201520464397245f,0f,0f,0f,1f],start_interpolation:0}
execute if entity @s[tag=aj.mech.bone.bone4] run data modify entity @s {} merge value {transformation:[-0.9936383390410446f,0.10763205761044956f,0.03313897044711608f,0.7573447808801579f,0.0707365299378723f,0.36751058647690327f,0.9273253539938133f,-0.33941319172944023f,0.08763101346043223f,0.923770160268204f,-0.3727861269923467f,-0.13655532876787632f,0f,0f,0f,1f],start_interpolation:0}
execute if entity @s[tag=aj.mech.bone.leg] run data modify entity @s {} merge value {transformation:[-0.9936383390410446f,0.059152464198008826f,-0.0958323388374574f,0.8118034586315038f,0.0707365299378723f,0.9899592865030123f,-0.12238036770166698f,0.353891875f,0.08763101346043223f,-0.12838067239950882f,-0.9878457412137521f,-0.19479400820379433f,0f,0f,0f,1f],start_interpolation:0}
execute if entity @s[tag=aj.mech.bone.foot2] run data modify entity @s {} merge value {transformation:[-0.9992804689149088f,0.018637599981493794f,-0.03303307905917221f,-0.6969415754885506f,0.02117833475541734f,0.9967038208010832f,-0.07831329221473193f,-1.2036853152285554f,0.031464624297569174f,-0.07895652897292488f,-0.9963813747508333f,0.11271953713758248f,0f,0f,0f,1f],start_interpolation:0}
execute if entity @s[tag=aj.mech.bone.leg_low2] run data modify entity @s {} merge value {transformation:[-0.9992413479014843f,0.017101382590114136f,-0.03498958927354086f,-0.7164847393893486f,0.024454921574538144f,0.9747452217251193f,-0.22197682206669972f,-0.16208704355187964f,0.03030982439420811f,-0.2226640865464267f,-0.974423942187197f,-0.36505183811617087f,0f,0f,0f,1f],start_interpolation:0}
execute if entity @s[tag=aj.mech.bone.bone3] run data modify entity @s {} merge value {transformation:[-0.9992413479014843f,0.02364904704412535f,0.03094270863918171f,-0.7028837354682892f,0.024454921574538144f,-0.23733396958372427f,0.9711202519216737f,-0.27938947123235097f,0.03030982439420811f,0.9711402110177174f,0.23657558007887397f,0.17798354692112756f,0f,0f,0f,1f],start_interpolation:0}
execute if entity @s[tag=aj.mech.bone.leg2] run data modify entity @s {} merge value {transformation:[-0.9992413479014843f,0.007671059906511766f,-0.03818224042582169f,-0.7064604579587755f,0.024454921574538144f,0.8866120228698429f,-0.4618669480634314f,0.353891875f,0.03030982439420811f,-0.46245029542920174f,-0.8861269879665309f,-0.11522516796972553f,0f,0f,0f,1f],start_interpolation:0}
execute if entity @s[tag=aj.mech.bone.hips] run data modify entity @s {} merge value {transformation:[-0.9986295347545738f,0f,-0.052335956242943675f,0.05096875000000003f,0f,1f,0f,0.750598125f,0.052335956242943675f,0f,-0.9986295347545738f,-0.1875f,0f,0f,0f,1f],start_interpolation:0}