execute if entity @s[tag=aj.mech.bone.locator] at @s run tp @e[tag=aj.mech.locator.locator,limit=1] ^0 ^1 ^0 ~ ~
execute if entity @s[tag=aj.mech.bone.hand] run data modify entity @s {} merge value {transformation:[-0.9900528391167338f,0.02334938225754324f,0.13874502551474038f,1.3163392776369f,-0.12000466698122925f,0.37463540547726254f,-0.919373260904194f,0.5252253418350771f,-0.07344559659788397f,-0.9268781577484057f,-0.36810681198437867f,0.9581022909730905f,0f,0f,0f,1f],start_interpolation:0}
execute if entity @s[tag=aj.mech.bone.arm_low] run data modify entity @s {} merge value {transformation:[-0.9900528391167338f,0.02334938225754324f,0.13874502551474038f,1.313085290719381f,-0.12000466698122925f,0.37463540547726254f,-0.919373260904194f,0.8673801870659201f,-0.07344559659788397f,-0.9268781577484057f,-0.36810681198437867f,0.017425620456489155f,0f,0f,0f,1f],start_interpolation:0}
execute if entity @s[tag=aj.mech.bone.arm] run data modify entity @s {} merge value {transformation:[-1.0956857017422612f,-0.12182811616073444f,0.09696768350498644f,1.1583028639029342f,-0.13280846492090237f,1.0909802986081993f,-0.12998414606460898f,1.97265625f,-0.08128181332223137f,-0.1403277474183875f,-1.0947480845662894f,-0.1275184637751578f,0f,0f,0f,1f],start_interpolation:0}
execute if entity @s[tag=aj.mech.bone.hand2] run data modify entity @s {} merge value {transformation:[-0.981315156700397f,0.17096316444767368f,-0.08827321016091529f,-1.5161757817661394f,0.18837099277768368f,0.7601755230225442f,-0.6218115014032397f,0.16370522621018713f,-0.03920372826690424f,-0.6268211631713142f,-0.7781762635100969f,0.16835368221938823f,0f,0f,0f,1f],start_interpolation:0}
execute if entity @s[tag=aj.mech.bone.arm_low2] run data modify entity @s {} merge value {transformation:[-0.981315156700397f,0.17096316444767368f,-0.08827321016091529f,-1.317305056489107f,0.18837099277768368f,0.7601755230225442f,-0.6218115014032397f,0.8985625462895774f,-0.03920372826690424f,-0.6268211631713142f,-0.7781762635100969f,-0.4815603726782757f,0f,0f,0f,1f],start_interpolation:0}
execute if entity @s[tag=aj.mech.bone.arm2] run data modify entity @s {} merge value {transformation:[-1.0860157595819153f,0.1942898474468275f,0.08713899042812041f,-1.0891353611294743f,0.20846907887627134f,1.062407017835203f,0.2293555103785771f,1.97265625f,-0.04338653738456804f,0.241484496743843f,-1.0791546806367374f,-0.23485636324770487f,0f,0f,0f,1f],start_interpolation:0}
execute if entity @s[tag=aj.mech.bone.torso] run data modify entity @s {} merge value {transformation:[-1.3318152444636493f,0f,0.06360764413187972f,0.03515625000000002f,0f,1.3333333333333333f,0f,0.7384949999999999f,-0.06360764413187972f,0f,-1.3318152444636493f,-0.193174375f,0f,0f,0f,1f],start_interpolation:0}
execute if entity @s[tag=aj.mech.bone.foot] run data modify entity @s {} merge value {transformation:[-0.9965868999325979f,0.008328132397753804f,-0.08212912451438806f,0.5753854106275555f,0.008608647618895715f,0.9999582567510186f,-0.0030620159433674132f,-1.517900956716251f,0.08210019530371443f,-0.0037585856687373798f,-0.9966169931146381f,-0.9980580475969989f,0f,0f,0f,1f],start_interpolation:0}
execute if entity @s[tag=aj.mech.bone.leg_low] run data modify entity @s {} merge value {transformation:[-0.9925950387097736f,0.08825842410435555f,-0.0834598089103899f,0.6850314608561225f,0.049192993435900806f,0.9202857700169595f,0.38814192108184753f,-0.39622484542000214f,0.11106366879208747f,0.3811621073492321f,-0.9178127855916663f,-0.7897437973797996f,0f,0f,0f,1f],start_interpolation:0}
execute if entity @s[tag=aj.mech.bone.bone4] run data modify entity @s {} merge value {transformation:[-0.9925950387097736f,0.12052141768513f,0.01515509841305952f,0.7500798833000535f,0.049192993435900806f,0.284764520113587f,0.9573344334564039f,-0.35832010694769895f,0.11106366879208747f,0.9509909336916126f,-0.2885846591743861f,-0.22518389651550513f,0f,0f,0f,1f],start_interpolation:0}
execute if entity @s[tag=aj.mech.bone.leg] run data modify entity @s {} merge value {transformation:[-0.9925950387097736f,0.045083167548178205f,-0.11279449070130143f,0.7952729214688151f,0.049192993435900806f,0.9982131079251672f,-0.03392109318984185f,0.338079375f,0.11106366879208747f,-0.039218607448523804f,-0.9930391544668519f,-0.2213423132961076f,0f,0f,0f,1f],start_interpolation:0}
execute if entity @s[tag=aj.mech.bone.foot2] run data modify entity @s {} merge value {transformation:[-0.9976901901197481f,0.01180710083902657f,-0.06689452076663596f,-0.6862809061061071f,0.02486099263295822f,0.9799216574604603f,-0.19782688463716963f,-1.202424725047858f,0.06321562768908359f,-0.1990330063324198f,-0.977951760981161f,0.4451974032665769f,0f,0f,0f,1f],start_interpolation:0}
execute if entity @s[tag=aj.mech.bone.leg_low2] run data modify entity @s {} merge value {transformation:[-0.9977185867820783f,-0.005214607780668103f,-0.06730846495996194f,-0.7383971805848286f,0.026554133711600578f,0.8863356399479332f,-0.4622813119096574f,-0.3163772603961148f,0.062068507090142486f,-0.4630139751927378f,-0.8841750727111795f,-0.2799082208638877f,0f,0f,0f,1f],start_interpolation:0}
execute if entity @s[tag=aj.mech.bone.bone3] run data modify entity @s {} merge value {transformation:[-0.9977185867820783f,0.06392633286600824f,0.021703583940836713f,-0.7025594933499254f,0.026554133711600578f,0.0760323366064169f,0.9967517051768684f,-0.25921303981781146f,0.062068507090142486f,0.9950540225316779f,-0.07755638381930968f,0.27170775815532827f,0f,0f,0f,1f],start_interpolation:0}
execute if entity @s[tag=aj.mech.bone.leg2] run data modify entity @s {} merge value {transformation:[-0.9977185867820783f,-0.012534991175440269f,-0.06633623132048025f,-0.719289197288225f,0.026554133711600578f,0.8305416146563722f,-0.5563232013019163f,0.338079375f,0.062068507090142486f,-0.5568154993534371f,-0.8283139502069148f,-0.08883529769906252f,0f,0f,0f,1f],start_interpolation:0}
execute if entity @s[tag=aj.mech.bone.hips] run data modify entity @s {} merge value {transformation:[-0.9961946980917455f,0f,-0.08715574274765805f,0.03515625000000002f,0f,1f,0f,0.734785625f,0.08715574274765805f,0f,-0.9961946980917455f,-0.1875f,0f,0f,0f,1f],start_interpolation:0}