execute if entity @s[tag=aj.mech.bone.locator] at @s run tp @e[tag=aj.mech.locator.locator,limit=1] ^0 ^1 ^0 ~ ~
execute if entity @s[tag=aj.mech.bone.hand] run data modify entity @s {} merge value {transformation:[-0.9763249134957157f,-0.21031186074876648f,0.05058245264886539f,1.559778811129573f,-0.20555845649511037f,0.8292726117911906f,-0.5196659083453188f,0.10625868833105168f,0.06734526153287308f,-0.5177604239041536f,-0.8528708924495314f,-0.06456077684337913f,0f,0f,0f,1f],start_interpolation:0}
execute if entity @s[tag=aj.mech.bone.arm_low] run data modify entity @s {} merge value {transformation:[-0.9763249134957157f,-0.21031186074876648f,0.05058245264886539f,1.3205374984793423f,-0.20555845649511037f,0.8292726117911906f,-0.5196659083453188f,0.9128680387209789f,0.06734526153287308f,-0.5177604239041536f,-0.8528708924495314f,-0.6068688767136783f,0f,0f,0f,1f],start_interpolation:0}
execute if entity @s[tag=aj.mech.bone.arm] run data modify entity @s {} merge value {transformation:[-1.0804930865370466f,-0.19484941219660526f,-0.13906967694760686f,1.0919549277069622f,-0.22749034471214244f,1.03592049730368f,0.3160519654469421f,1.9595f,0.0745306080910717f,0.33715635596376037f,-1.0514479343385679f,-0.2620310764824403f,0f,0f,0f,1f],start_interpolation:0}
execute if entity @s[tag=aj.mech.bone.hand2] run data modify entity @s {} merge value {transformation:[-0.9894645176503924f,-0.07298433927063921f,-0.1250330137687824f,-1.2263325654612063f,0.10257968923592786f,0.25601052404085406f,-0.9612159065145498f,0.6438323378883692f,0.10216347521074624f,-0.9639148809939369f,-0.24582661884203616f,1.1147276151776417f,0f,0f,0f,1f],start_interpolation:0}
execute if entity @s[tag=aj.mech.bone.arm_low2] run data modify entity @s {} merge value {transformation:[-0.9894645176503924f,-0.07298433927063921f,-0.1250330137687824f,-1.2723034202355452f,0.10257968923592786f,0.25601052404085406f,-0.9612159065145498f,0.866599249562021f,0.10216347521074624f,-0.9639148809939369f,-0.24582661884203616f,0.13993804374455548f,0f,0f,0f,1f],start_interpolation:0}
execute if entity @s[tag=aj.mech.bone.arm2] run data modify entity @s {} merge value {transformation:[-1.0950346098073365f,0.08770144091848846f,-0.1340881766560474f,-1.15223054320031f,0.11352434369588082f,1.0782706853296269f,-0.22184799093348612f,1.9595f,0.11306372206212748f,-0.23326543883230003f,-1.075906970111199f,-0.10037844839150949f,0f,0f,0f,1f],start_interpolation:0}
execute if entity @s[tag=aj.mech.bone.torso] run data modify entity @s {} merge value {transformation:[-1.3298876864635687f,0f,-0.09579414997981084f,-0.030999999999999972f,0f,1.3333333333333333f,0f,0.7253387499999999f,0.09579414997981084f,0f,-1.3298876864635687f,-0.193174375f,0f,0f,0f,1f],start_interpolation:0}
execute if entity @s[tag=aj.mech.bone.foot] run data modify entity @s {} merge value {transformation:[-0.9962484790019333f,-0.006275045790935553f,0.08631101833865781f,0.6709698836186f,-0.02833280106745059f,0.9660496869037942f,-0.25679808180115593f,-1.166965186202161f,-0.08176931252008136f,-0.258280131317534f,-0.9626033208422826f,0.676792324738417f,0f,0f,0f,1f],start_interpolation:0}
execute if entity @s[tag=aj.mech.bone.leg_low] run data modify entity @s {} merge value {transformation:[-0.9962786995261025f,0.021638773693023205f,0.08342970899889296f,0.745248203752816f,-0.03351178058587552f,0.7945579425415776f,-0.6062628444050144f,-0.41745875612283034f,-0.0794085224175716f,-0.6068026362971382f,-0.7908759998573107f,-0.1870926353429182f,0f,0f,0f,1f],start_interpolation:0}
execute if entity @s[tag=aj.mech.bone.bone4] run data modify entity @s {} merge value {transformation:[-0.9962786995261025f,-0.08579917838045494f,-0.00820084506723004f,0.697461807528132f,-0.03351178058587552f,0.29794589975544894f,0.953994340329585f,-0.2376562949147491f,-0.0794085224175716f,0.950719065659333f,-0.29971243677782744f,0.3365673798667347f,0f,0f,0f,1f],start_interpolation:0}
execute if entity @s[tag=aj.mech.bone.leg] run data modify entity @s {} merge value {transformation:[-0.9962786995261025f,0.023964886639012133f,0.08279152782113115f,0.7216086051067947f,-0.03351178058587552f,0.7772819434941682f,-0.628259294304424f,0.32492312500000003f,-0.0794085224175716f,-0.6286958442095096f,-0.7735863378066796f,-0.07568343623028374f,0f,0f,0f,1f],start_interpolation:0}
execute if entity @s[tag=aj.mech.bone.foot2] run data modify entity @s {} merge value {transformation:[-0.9970681317753881f,-0.004475854521293805f,0.07638787419637512f,-0.5873812491880768f,-0.00543023537877716f,0.9999097209395356f,-0.012290749137114365f,-1.4936506109237704f,-0.07632596636576636f,-0.012669518417233516f,-0.997002422344804f,-1.2215115845459241f,0f,0f,0f,1f],start_interpolation:0}
execute if entity @s[tag=aj.mech.bone.leg_low2] run data modify entity @s {} merge value {transformation:[-0.99507710958371f,-0.07950753602576863f,0.059161623520997f,-0.6930009999129113f,-0.03935688002971414f,0.8649080977201852f,0.5003848703671778f,-0.40739167671350646f,-0.09095373536505125f,0.4955931135651116f,-0.8637794184917711f,-0.8715681920777151f,0f,0f,0f,1f],start_interpolation:0}
execute if entity @s[tag=aj.mech.bone.bone3] run data modify entity @s {} merge value {transformation:[-0.99507710958371f,-0.09763184555756263f,-0.017016718707004587f,-0.7456889840959712f,-0.03935688002971414f,0.23171856802594143f,0.9719863894244269f,-0.3671412803082538f,-0.09095373536505125f,0.967871131899816f,-0.23442032774081864f,-0.31255347119646193f,0f,0f,0f,1f],start_interpolation:0}
execute if entity @s[tag=aj.mech.bone.leg2] run data modify entity @s {} merge value {transformation:[-0.99507710958371f,-0.045526151267074266f,0.08802792473605495f,-0.7904102722116211f,-0.03935688002971414f,0.9967285382856041f,0.07059218767944285f,0.32492312500000003f,-0.09095373536505125f,0.06678016560214915f,-0.993613520190468f,-0.23460302403810268f,0f,0f,0f,1f],start_interpolation:0}
execute if entity @s[tag=aj.mech.bone.hips] run data modify entity @s {} merge value {transformation:[-0.9945218953682733f,0f,0.10452846326765358f,-0.030999999999999972f,0f,1f,0f,0.721629375f,-0.10452846326765358f,0f,-0.9945218953682733f,-0.1875f,0f,0f,0f,1f],start_interpolation:0}