execute if entity @s[tag=aj.mech.bone.locator] at @s run tp @e[tag=aj.mech.locator.locator,limit=1] ^0 ^1 ^0 ~ ~
execute if entity @s[tag=aj.mech.bone.hand] run data modify entity @s {} merge value {transformation:[-0.9899429019694811f,0.044656036146532345f,0.13423445636617204f,1.2718099932418723f,-0.11264404113858698f,0.3252117202174832f,-0.9389082260951566f,0.5705940460458349f,-0.08558253815008338f,-0.944586245648784f,-0.31691079769380615f,1.0267342136271087f,0f,0f,0f,1f],start_interpolation:0}
execute if entity @s[tag=aj.mech.bone.arm_low] run data modify entity @s {} merge value {transformation:[-0.9899429019694811f,0.044656036146532345f,0.13423445636617204f,1.2897251404633012f,-0.11264404113858698f,0.3252117202174832f,-0.9389082260951566f,0.8629447579122635f,-0.08558253815008338f,-0.944586245648784f,-0.31691079769380615f,0.06957005123320315f,0f,0f,0f,1f],start_interpolation:0}
execute if entity @s[tag=aj.mech.bone.arm] run data modify entity @s {} merge value {transformation:[-1.0955640349426967f,-0.10808471145985234f,0.11326570099878397f,1.1489168836043588f,-0.12466250323783425f,1.0866018816199419f,-0.16890112397644538f,1.964f,-0.09471369573922474f,-0.17996117509804735f,-1.08784891866048f,-0.1160423168123084f,0f,0f,0f,1f],start_interpolation:0}
execute if entity @s[tag=aj.mech.bone.hand2] run data modify entity @s {} merge value {transformation:[-0.9793416322301227f,0.18840716174958821f,-0.07343506507318744f,-1.5433134000140503f,0.19564294199730847f,0.7910169150588956f,-0.5796689394277962f,0.1338014535447123f,-0.05112540100064305f,-0.5820609774690043f,-0.8115363281334674f,0.07105739450117532f,0f,0f,0f,1f],start_interpolation:0}
execute if entity @s[tag=aj.mech.bone.arm_low2] run data modify entity @s {} merge value {transformation:[-0.9793416322301227f,0.18840716174958821f,-0.07343506507318744f,-1.3265966580408077f,0.19564294199730847f,0.7910169150588956f,-0.5796689394277962f,0.9005898723090733f,-0.05112540100064305f,-0.5820609774690043f,-0.8115363281334674f,-0.5347664244407297f,0f,0f,0f,1f],start_interpolation:0}
execute if entity @s[tag=aj.mech.bone.arm2] run data modify entity @s {} merge value {transformation:[-1.0838316715628888f,0.19545239678714574f,0.10899195769129891f,-1.0973068562465338f,0.2165169026579263f,1.0521208340425456f,0.2663346766214721f,1.964f,-0.05658018305590583f,0.2821561441787263f,-1.0686246168424074f,-0.2463454653938711f,0f,0f,0f,1f],start_interpolation:0}
execute if entity @s[tag=aj.mech.bone.torso] run data modify entity @s {} merge value {transformation:[-1.3310955495412697f,0f,0.07721668064092603f,0.026500000000000017f,0f,1.3333333333333333f,0f,0.7298387499999999f,-0.07721668064092603f,0f,-1.3310955495412697f,-0.193174375f,0f,0f,0f,1f],start_interpolation:0}
execute if entity @s[tag=aj.mech.bone.foot] run data modify entity @s {} merge value {transformation:[-0.9950475035332521f,0.007477497281764174f,-0.09911888188757867f,0.5696469078902422f,0.0077379158485246236f,0.9999675459252441f,-0.002243157276214991f,-1.5241698363161906f,0.0990988918735407f,-0.002999021614776054f,-0.9950730704319107f,-1.0916279690315822f,0f,0f,0f,1f],start_interpolation:0}
execute if entity @s[tag=aj.mech.bone.leg_low] run data modify entity @s {} merge value {transformation:[-0.9917738560243955f,0.08670736621307522f,-0.09416183489553122f,0.6750133872847021f,0.03711914726604101f,0.8988344120055787f,0.436713714807341f,-0.4147639455673367f,0.12250219350176379f,0.42962603789688686f,-0.8946589742177067f,-0.823876486461059f,0f,0f,0f,1f],start_interpolation:0}
execute if entity @s[tag=aj.mech.bone.bone4] run data modify entity @s {} merge value {transformation:[-0.9917738560243955f,0.127880595072629f,0.005583181026253374f,0.7455460458095096f,0.03711914726604101f,0.24558513238333896f,0.9686640860786054f,-0.3665079133353874f,0.12250219350176379f,0.9609029587612519f,-0.2483117323670556f,-0.2674682948565035f,0f,0f,0f,1f],start_interpolation:0}
execute if entity @s[tag=aj.mech.bone.leg] run data modify entity @s {} merge value {transformation:[-0.9917738560243955f,0.03772307797029924f,-0.1223175698538372f,0.7859102722116209f,0.03711914726604101f,0.9992848136964284f,0.007213183897307049f,0.329423125f,0.12250219350176379f,0.002613523319416447f,-0.9924648014328342f,-0.23460302403810251f,0f,0f,0f,1f],start_interpolation:0}
execute if entity @s[tag=aj.mech.bone.foot2] run data modify entity @s {} merge value {transformation:[-0.9965229490016555f,0.0038751548161383327f,-0.08322857254690118f,-0.672451333365931f,0.026467708774638707f,0.961899209680151f,-0.27212014039560145f,-1.189141550300762f,0.07900299048304912f,-0.27337683440966964f,-0.9586572035419559f,0.6230272626248574f,0f,0f,0f,1f],start_interpolation:0}
execute if entity @s[tag=aj.mech.bone.leg_low2] run data modify entity @s {} merge value {transformation:[-0.9965684653362565f,-0.022976015927124838f,-0.07951978740825982f,-0.7473190725280711f,0.027504719333979244f,0.8141904246935514f,-0.579946068830278f,-0.4116186397200765f,0.07806909959578989f,-0.580143133226147f,-0.8107645531588388f,-0.2156784825455469f,0f,0f,0f,1f],start_interpolation:0}
execute if entity @s[tag=aj.mech.bone.bone3] run data modify entity @s {} merge value {transformation:[-0.9965684653362565f,0.08258241769445406f,0.005606976464821004f,-0.7013585104657988f,0.027504719333979244f,0.26650151558553353f,0.963441971581565f,-0.24914284174998907f,0.07806909959578989f,0.9602901053735545f,-0.26785841261746896f,0.31377549851315023f,0f,0f,0f,1f],start_interpolation:0}
execute if entity @s[tag=aj.mech.bone.leg2] run data modify entity @s {} merge value {transformation:[-0.9965684653362565f,-0.024649984484020712f,-0.07901691060953896f,-0.7261086051067949f,0.027504719333979244f,0.801763110867775f,-0.5970087138945186f,0.329423125f,0.07806909959578989f,-0.597133395747186f,-0.7983338420559015f,-0.07568343623028394f,0f,0f,0f,1f],start_interpolation:0}
execute if entity @s[tag=aj.mech.bone.hips] run data modify entity @s {} merge value {transformation:[-0.9945218953682733f,0f,-0.10452846326765333f,0.026500000000000017f,0f,1f,0f,0.726129375f,0.10452846326765333f,0f,-0.9945218953682733f,-0.1875f,0f,0f,0f,1f],start_interpolation:0}