execute if entity @s[tag=aj.mech.bone.locator] at @s run tp @e[tag=aj.mech.locator.locator,limit=1] ^0 ^0.9 ^0 ~ ~
execute if entity @s[tag=aj.mech.bone.hand] run data modify entity @s {} merge value {transformation:[-0.973624211233783f,-0.22615979473925785f,0.030127106447363425f,1.6183701438543543f,-0.21353659436711905f,0.8567434565106917f,-0.46946008626102065f,0.07729350397262758f,0.08036179543468701f,-0.46351094590053565f,-0.8824395644263149f,-0.17580865011405972f,0f,0f,0f,1f],start_interpolation:0}
execute if entity @s[tag=aj.mech.bone.arm_low] run data modify entity @s {} merge value {transformation:[-0.973624211233783f,-0.22615979473925785f,0.030127106447363425f,1.3627260645905208f,-0.21353659436711905f,0.8567434565106917f,-0.46946008626102065f,0.9126933142136899f,0.08036179543468701f,-0.46351094590053565f,-0.8824395644263149f,-0.6643845262955838f,0f,0f,0f,1f],start_interpolation:0}
execute if entity @s[tag=aj.mech.bone.arm] run data modify entity @s {} merge value {transformation:[-1.077504235097862f,-0.192507398188625f,-0.16339370710907197f,1.1366086440363528f,-0.23631970335595687f,1.021089852385703f,0.3553878018372656f,1.944f,0.08893593023042809f,0.3809047040030054f,-1.035265176327524f,-0.27466796971325613f,0f,0f,0f,1f],start_interpolation:0}
execute if entity @s[tag=aj.mech.bone.hand2] run data modify entity @s {} merge value {transformation:[-0.9888028486068923f,-0.09494566745453507f,-0.11512708985511746f,-1.1400237504105473f,0.09445827356362452f,0.1990370131788072f,-0.9754290860643016f,0.6940738408513725f,0.115527317731673f,-0.9753817650625175f,-0.18783996177931075f,1.1807018288142583f,0f,0f,0f,1f],start_interpolation:0}
execute if entity @s[tag=aj.mech.bone.arm_low2] run data modify entity @s {} merge value {transformation:[-0.9888028486068923f,-0.09494566745453507f,-0.11512708985511746f,-1.2076670504040894f,0.09445827356362452f,0.1990370131788072f,-0.9754290860643016f,0.859676874041807f,0.115527317731673f,-0.9753817650625175f,-0.18783996177931075f,0.19583983626702253f,0f,0f,0f,1f],start_interpolation:0}
execute if entity @s[tag=aj.mech.bone.arm2] run data modify entity @s {} merge value {transformation:[-1.0943023445366309f,0.06999430360311157f,-0.1495832702503071f,-1.1056148816821343f,0.10453642034626748f,1.0695829701471276f,-0.2642657475467933f,1.944f,0.1278534086242891f,-0.2754361014253441f,-1.0642182287805382f,-0.08776248366601022f,0f,0f,0f,1f],start_interpolation:0}
execute if entity @s[tag=aj.mech.bone.torso] run data modify entity @s {} merge value {transformation:[-1.328725052277622f,0f,-0.11075880654651607f,0.014500000000000034f,0f,1.3333333333333333f,0f,0.7098387499999999f,0.11075880654651607f,0f,-1.328725052277622f,-0.193174375f,0f,0f,0f,1f],start_interpolation:0}
execute if entity @s[tag=aj.mech.bone.foot] run data modify entity @s {} merge value {transformation:[-0.9946385342189012f,-0.028961170806956385f,0.09927455279358349f,0.6587788766880398f,-0.02838677134301565f,0.9995711273746104f,0.007193923253009049f,-1.519096175768365f,-0.09944032109559502f,0.0043372692493247045f,-0.9950340751129401f,0.8038362104978849f,0f,0f,0f,1f],start_interpolation:0}
execute if entity @s[tag=aj.mech.bone.leg_low] run data modify entity @s {} merge value {transformation:[-0.9945297719262445f,0.037417556228728804f,0.09752158344798506f,0.7540091631694521f,-0.01401127474812002f,0.8774100150086241f,-0.47953659896039125f,-0.6474956065984754f,-0.10350950165209513f,-0.47827982609392616f,-0.8720861144516057f,0.06571831870393358f,0f,0f,0f,1f],start_interpolation:0}
execute if entity @s[tag=aj.mech.bone.bone4] run data modify entity @s {} merge value {transformation:[-0.9945297719262445f,-0.07191122018369549f,0.07575822835853847f,0.7120133164555151f,-0.01401127474812002f,0.8105701986917857f,0.5854738569506686f,-0.2130260279543132f,-0.10350950165209513f,0.5812097120699649f,-0.8071437626986185f,0.41040790418853096f,0f,0f,0f,1f],start_interpolation:0}
execute if entity @s[tag=aj.mech.bone.leg] run data modify entity @s {} merge value {transformation:[-0.9945297719262445f,0.06218688764487052f,0.08392451225581621f,0.7627477944808017f,-0.01401127474812002f,0.7167783054062704f,-0.6971603438799772f,0.30942312499999997f,-0.10350950165209513f,-0.694522607194294f,-0.7119860470288554f,-0.04948589032755141f,0f,0f,0f,1f],start_interpolation:0}
execute if entity @s[tag=aj.mech.bone.foot2] run data modify entity @s {} merge value {transformation:[-0.9895961541474634f,-0.011275871207329577f,0.14343049335851107f,-0.5490973049132051f,0.002348106740153271f,0.995525458649295f,0.09446453078191669f,-1.4002372937200644f,-0.14385387756778412f,0.09381852647332811f,-0.9851416882860489f,-1.3891208379132307f,0f,0f,0f,1f],start_interpolation:0}
execute if entity @s[tag=aj.mech.bone.leg_low2] run data modify entity @s {} merge value {transformation:[-0.989843711878793f,-0.08207929269049981f,0.11607073604246847f,-0.6440660882737257f,0.005382072597874601f,0.7942580819163945f,0.6075566908569446f,-0.3666476745607867f,-0.14205794363063384f,0.6020108711825038f,-0.7857496112818119f,-0.9030675371527526f,0f,0f,0f,1f],start_interpolation:0}
execute if entity @s[tag=aj.mech.bone.bone3] run data modify entity @s {} merge value {transformation:[-0.989843711878793f,-0.1421388113361021f,-0.0024462963788355408f,-0.7230643847294869f,0.005382072597874601f,-0.054664969558001285f,0.9984902475226155f,-0.38206304031784416f,-0.14205794363063384f,0.9883361267378539f,0.05487477777861971f,-0.3532003605494716f,0f,0f,0f,1f],start_interpolation:0}
execute if entity @s[tag=aj.mech.bone.leg2] run data modify entity @s {} merge value {transformation:[-0.989843711878793f,-0.00724464321907842f,0.1419751428900193f,-0.7428037881602729f,0.005382072597874601f,0.9960748811909786f,0.08835080279730927f,0.30942312499999997f,-0.14205794363063384f,0.08821760711448755f,-0.9859194665115554f,-0.2610773664394346f,0f,0f,0f,1f],start_interpolation:0}
execute if entity @s[tag=aj.mech.bone.hips] run data modify entity @s {} merge value {transformation:[-0.9902680687415704f,0f,0.13917310096006552f,0.014500000000000034f,0f,1f,0f,0.706129375f,-0.13917310096006552f,0f,-0.9902680687415704f,-0.1875f,0f,0f,0f,1f],start_interpolation:0}