execute if entity @s[tag=aj.mech.bone.locator] at @s run tp @e[tag=aj.mech.locator.locator,limit=1] ^-0.1 ^1 ^0 ~ ~
execute if entity @s[tag=aj.mech.bone.hand] run data modify entity @s {} merge value {transformation:[-0.9899446841025864f,0.00010116324118229769f,0.14145498288511782f,1.2753174045427358f,-0.1279081489819314f,0.426401363595343f,-0.8954447959243764f,0.4784148848774637f,-0.060407183687425675f,-0.9045340606577681f,-0.4221008235823793f,0.8804906771390193f,0f,0f,0f,1f],start_interpolation:0}
execute if entity @s[tag=aj.mech.bone.arm_low] run data modify entity @s {} merge value {transformation:[-0.9899446841025864f,0.00010116324118229769f,0.14145498288511782f,1.2489032646208722f,-0.1279081489819314f,0.426401363595343f,-0.8954447959243764f,0.8728364689444845f,-0.060407183687425675f,-0.9045340606577681f,-0.4221008235823793f,-0.039121758745930144f,0f,0f,0f,1f],start_interpolation:0}
execute if entity @s[tag=aj.mech.bone.arm] run data modify entity @s {} merge value {transformation:[-1.0955660072190085f,-0.13542734167849174f,0.07852730408032793f,1.080300047278625f,-0.14155520234743443f,1.0940637472046506f,-0.0880830305729936f,1.981f,-0.06685227781163583f,-0.09724160998483665f,-1.1003848512102394f,-0.1398595671418554f,0f,0f,0f,1f],start_interpolation:0}
execute if entity @s[tag=aj.mech.bone.hand2] run data modify entity @s {} merge value {transformation:[-0.983213930630238f,0.15105471434068812f,-0.10233689408073035f,-1.5722030123846422f,0.1805436955705492f,0.7244610741997073f,-0.6652519266857744f,0.19892933099863808f,-0.026350343534124503f,-0.6725612427466062f,-0.7395721967129202f,0.2707654166208653f,0f,0f,0f,1f],start_interpolation:0}
execute if entity @s[tag=aj.mech.bone.arm_low2] run data modify entity @s {} merge value {transformation:[-0.983213930630238f,0.15105471434068812f,-0.10233689408073035f,-1.393620890651782f,0.1805436955705492f,0.7244610741997073f,-0.6652519266857744f,0.8969592920028353f,-0.026350343534124503f,-0.6725612427466062f,-0.7395721967129202f,-0.42408400903757837f,0f,0f,0f,1f],start_interpolation:0}
execute if entity @s[tag=aj.mech.bone.arm2] run data modify entity @s {} merge value {transformation:[-1.0881171216138892f,0.1915454656985012f,0.06390182121878098f,-1.16818163518637f,0.19980665471636933f,1.071951543048491f,0.18912738728444634f,1.981f,-0.029161771478878308f,0.197489752798295f,-1.0885400163328447f,-0.22250412908869444f,0f,0f,0f,1f],start_interpolation:0}
execute if entity @s[tag=aj.mech.bone.torso] run data modify entity @s {} merge value {transformation:[-1.332433589608886f,0f,0.048974555227756456f,-0.043499999999999976f,0f,1.3333333333333333f,0f,0.74683875f,-0.048974555227756456f,0f,-1.332433589608886f,-0.193174375f,0f,0f,0f,1f],start_interpolation:0}
execute if entity @s[tag=aj.mech.bone.foot] run data modify entity @s {} merge value {transformation:[-0.9968138722805084f,0.011400713088559594f,-0.07894382667574686f,0.6291296007829729f,-0.009605302789145261f,0.9653721647118876f,0.26069967732586946f,-1.170326657468254f,0.07918233507207814f,0.26062733421603346f,-0.9621868583970458f,-1.044425430508369f,0f,0f,0f,1f],start_interpolation:0}
execute if entity @s[tag=aj.mech.bone.leg_low] run data modify entity @s {} merge value {transformation:[-0.9969481248585041f,0.03136366566617411f,-0.07148955739891463f,0.6779233732960862f,-0.011583000633201994f,0.8461843196562753f,0.5327644237974014f,-0.09589881009155216f,0.07720278775694246f,0.5319665568847598f,-0.843238585406722f,-0.6484477160188306f,0f,0f,0f,1f],start_interpolation:0}
execute if entity @s[tag=aj.mech.bone.bone4] run data modify entity @s {} merge value {transformation:[-0.9969481248585041f,0.07327092094701361f,0.026940833036280455f,0.7190306406298942f,-0.011583000633201994f,-0.4801123938610492f,0.877130505316822f,-0.34947821837409204f,0.07720278775694246f,0.8741415568456797f,0.4794958479048252f,-0.15565977732975972f,0f,0f,0f,1f],start_interpolation:0}
execute if entity @s[tag=aj.mech.bone.leg] run data modify entity @s {} merge value {transformation:[-0.9969481248585041f,-0.020844518220368938f,-0.0752325886918227f,0.7170915318244642f,-0.011583000633201994f,0.9925234189544183f,-0.1215034852313439f,0.3464231250000001f,0.07720278775694246f,-0.12026125264270644f,-0.9897358034725042f,-0.20807129385764478f,0f,0f,0f,1f],start_interpolation:0}
execute if entity @s[tag=aj.mech.bone.foot2] run data modify entity @s {} merge value {transformation:[-0.9982924958939995f,0.010818481507429143f,-0.057402553075645686f,-0.6546634117099702f,0.011349930107380429f,0.9998956193421602f,-0.008940330358309767f,-1.574187458055491f,0.05729984056074228f,-0.009576579672907815f,-0.9983110824755387f,0.07994020037773425f,0f,0f,0f,1f],start_interpolation:0}
execute if entity @s[tag=aj.mech.bone.leg_low2] run data modify entity @s {} merge value {transformation:[-0.9961350641364193f,-0.058727644961577306f,-0.065314605680496f,-0.7662691272938286f,-0.04692559144329973f,0.9844188463446635f,-0.16946245551489753f,-0.5115780517015514f,0.07424905969524646f,-0.16574256749160443f,-0.9833699601145351f,-0.3347642674111929f,0f,0f,0f,1f],start_interpolation:0}
execute if entity @s[tag=aj.mech.bone.bone3] run data modify entity @s {} merge value {transformation:[-0.9961350641364193f,0.027740861391154007f,-0.083338938121436f,-0.7376054106347464f,-0.04692559144329973f,0.6339798460517125f,0.7719245712295622f,-0.282141702663455f,0.07424905969524646f,0.7728518612318427f,-0.6302277982799933f,0.1947962384211023f,0f,0f,0f,1f],start_interpolation:0}
execute if entity @s[tag=aj.mech.bone.leg2] run data modify entity @s {} merge value {transformation:[-0.9961350641364193f,-0.07635832462200405f,-0.04340898822654598f,-0.799552478077934f,-0.04692559144329973f,0.8804206779529814f,-0.4718658905881089f,0.3464231250000001f,0.07424905969524646f,-0.4680051667382885f,-0.8806010680442298f,-0.10201721339194844f,0f,0f,0f,1f],start_interpolation:0}
execute if entity @s[tag=aj.mech.bone.hips] run data modify entity @s {} merge value {transformation:[-0.9975640502598242f,0f,-0.06975647374412518f,-0.043499999999999976f,0f,1f,0f,0.7431293750000001f,0.06975647374412518f,0f,-0.9975640502598242f,-0.1875f,0f,0f,0f,1f],start_interpolation:0}