execute if entity @s[tag=aj.mech.bone.locator] at @s run tp @e[tag=aj.mech.locator.locator,limit=1] ^0 ^0.9 ^0 ~ ~
execute if entity @s[tag=aj.mech.bone.hand] run data modify entity @s {} merge value {transformation:[-0.9885005555978437f,0.1027120168352939f,0.11098149927073747f,1.139596558870429f,-0.09149788967667112f,0.17806184957010474f,-0.9797561502294279f,0.7121597283195211f,-0.12039430122505845f,-0.9786440718286193f,-0.16661630444596415f,1.2036168723829799f,0f,0f,0f,1f],start_interpolation:0}
execute if entity @s[tag=aj.mech.bone.arm_low] run data modify entity @s {} merge value {transformation:[-0.9885005555978437f,0.1027120168352939f,0.11098149927073747f,1.2148861051955009f,-0.09149788967667112f,0.17806184957010474f,-0.9797561502294279f,0.8567448891425602f,-0.12039430122505845f,-0.9786440718286193f,-0.16661630444596415f,0.2160037191271411f,0f,0f,0f,1f],start_interpolation:0}
execute if entity @s[tag=aj.mech.bone.arm] run data modify entity @s {} merge value {transformation:[-1.0939677986268928f,-0.0632757071011248f,0.15492778637904508f,1.1196731119679026f,-0.10126018076748215f,1.0659820066045327f,-0.27964390914221376f,1.9375f,-0.13323967086568173f,-0.29060372506259197f,-1.0595133994534371f,-0.08316920541009717f,0f,0f,0f,1f],start_interpolation:0}
execute if entity @s[tag=aj.mech.bone.hand2] run data modify entity @s {} merge value {transformation:[-0.9725809060610187f,0.23149776748544937f,-0.022252299089777217f,-1.607757856691211f,0.21643961393810304f,0.865985134704023f,-0.45080332739453f,0.06703452235567087f,-0.0850898036421109f,-0.4432589876369207f,-0.8923458943678955f,-0.21669353714040285f,0f,0f,0f,1f],start_interpolation:0}
execute if entity @s[tag=aj.mech.bone.arm_low2] run data modify entity @s {} merge value {transformation:[-0.9725809060610187f,0.23149776748544937f,-0.022252299089777217f,-1.3465623202379102f,0.21643961393810304f,0.865985134704023f,-0.45080332739453f,0.9121683151430491f,-0.0850898036421109f,-0.4432589876369207f,-0.8923458943678955f,-0.6851792776125043f,0f,0f,0f,1f],start_interpolation:0}
execute if entity @s[tag=aj.mech.bone.arm2] run data modify entity @s {} merge value {transformation:[-1.0763496153491108f,0.1912408917100161f,0.17225099538118005f,-1.1217649587385248f,0.239532458180884f,1.0153013189758624f,0.3695394589184289f,1.9375f,-0.09416838933353623f,0.3966889607209406f,-1.0288547815053861f,-0.27926962659232835f,0f,0f,0f,1f],start_interpolation:0}
execute if entity @s[tag=aj.mech.bone.torso] run data modify entity @s {} merge value {transformation:[-1.3282595974556606f,0f,0.11620765699687774f,2.0816681711721685e-17f,0f,1.3333333333333333f,0f,0.7033387499999999f,-0.11620765699687774f,0f,-1.3282595974556606f,-0.193174375f,0f,0f,0f,1f],start_interpolation:0}
execute if entity @s[tag=aj.mech.bone.foot] run data modify entity @s {} merge value {transformation:[-0.984807753012208f,1.3877787807814457e-17f,-0.1736481776669302f,0.5192431319793297f,0f,1f,1.1102230246251565e-16f,-1.5246200194358317f,0.17364817766693022f,1.1102230246251565e-16f,-0.984807753012208f,-1.386049652088003f,0f,0f,0f,1f],start_interpolation:0}
execute if entity @s[tag=aj.mech.bone.leg_low] run data modify entity @s {} merge value {transformation:[-0.984807753012208f,0.09960050292505114f,-0.14224425972292393f,0.627554044405642f,0f,0.8191520442889918f,0.5735764363510462f,-0.47126624019935337f,0.17364817766693022f,0.5648625214636235f,-0.8067072841115986f,-0.9475420194924435f,0f,0f,0f,1f],start_interpolation:0}
execute if entity @s[tag=aj.mech.bone.bone4] run data modify entity @s {} merge value {transformation:[-0.984807753012208f,0.17216259343480442f,-0.022665635416815398f,0.7228552512331449f,0f,0.13052619222005157f,0.9914448613738105f,-0.3839087904672364f,0.17364817766693022f,0.9763825861650423f,-0.12854320606946856f,-0.40706201782399887f,0f,0f,0f,1f],start_interpolation:0}
execute if entity @s[tag=aj.mech.bone.leg] run data modify entity @s {} merge value {transformation:[-0.984807753012208f,0.0226656354168154f,-0.17216259343480442f,0.7542746460967575f,0f,0.9914448613738104f,0.13052619222005157f,0.302923125f,0.17364817766693022f,0.12854320606946854f,-0.9763825861650423f,-0.2874620661534844f,0f,0f,0f,1f],start_interpolation:0}
execute if entity @s[tag=aj.mech.bone.foot2] run data modify entity @s {} merge value {transformation:[-0.9892263630319338f,0.03045761883981015f,-0.14319055882711568f,-0.6281470344626691f,0.030843564597230144f,0.999524110790929f,-0.000475889209081648f,-1.516364273229737f,0.1431079215331888f,-0.004887269402403416f,-0.9896950224146017f,0.8780406986579807f,0f,0f,0f,1f],start_interpolation:0}
execute if entity @s[tag=aj.mech.bone.leg_low2] run data modify entity @s {} merge value {transformation:[-0.9892263630319338f,-0.0452182077594987f,-0.13923547094627733f,-0.7417664629668717f,0.030843564597230144f,0.8653753270354554f,-0.5001741875399159f,-0.6625953344049296f,0.1431079215331888f,-0.49908001066492047f,-0.8546573967088528f,0.12190340531020899f,0f,0f,0f,1f],start_interpolation:0}
execute if entity @s[tag=aj.mech.bone.bone3] run data modify entity @s {} merge value {transformation:[-0.9892263630319338f,0.11133254285603285f,-0.09505928457453507f,-0.6813419648832777f,0.030843564597230144f,0.7932654949925805f,0.6080941777201233f,-0.21281030998781764f,0.1431079215331888f,0.5986108246226308f,-0.7881530330075909f,0.44264409198940724f,0f,0f,0f,1f],start_interpolation:0}
execute if entity @s[tag=aj.mech.bone.leg2] run data modify entity @s {} merge value {transformation:[-0.9892263630319338f,-0.07971422632811986f,-0.12278780396896963f,-0.7429753591759705f,0.030843564597230144f,0.7064337722128846f,-0.7071067811865552f,0.302923125f,0.1431079215331888f,-0.7032758829918622f,-0.6963642403200118f,-0.0234564933580112f,0f,0f,0f,1f],start_interpolation:0}
execute if entity @s[tag=aj.mech.bone.hips] run data modify entity @s {} merge value {transformation:[-0.984807753012208f,0f,-0.17364817766693022f,2.0816681711721685e-17f,0f,1f,0f,0.699629375f,0.17364817766693022f,0f,-0.984807753012208f,-0.1875f,0f,0f,0f,1f],start_interpolation:0}