execute if entity @s[tag=aj.mech.bone.locator] at @s run tp @e[tag=aj.mech.locator.locator,limit=1] ^0 ^0.9 ^0 ~ ~
execute if entity @s[tag=aj.mech.bone.hand] run data modify entity @s {} merge value {transformation:[-0.973624211233783f,-0.22615979473925785f,0.030127106447363425f,1.5893701438543544f,-0.21353659436711905f,0.8567434565106917f,-0.46946008626102065f,0.07729350397262758f,0.08036179543468704f,-0.46351094590053565f,-0.8824395644263149f,-0.17580865011405972f,0f,0f,0f,1f],start_interpolation:0}
execute if entity @s[tag=aj.mech.bone.arm_low] run data modify entity @s {} merge value {transformation:[-0.973624211233783f,-0.22615979473925785f,0.030127106447363425f,1.333726064590521f,-0.21353659436711905f,0.8567434565106917f,-0.46946008626102065f,0.9126933142136899f,0.08036179543468704f,-0.46351094590053565f,-0.8824395644263149f,-0.6643845262955838f,0f,0f,0f,1f],start_interpolation:0}
execute if entity @s[tag=aj.mech.bone.arm] run data modify entity @s {} merge value {transformation:[-1.077504235097862f,-0.192507398188625f,-0.16339370710907197f,1.1076086440363528f,-0.23631970335595687f,1.021089852385703f,0.3553878018372656f,1.944f,0.08893593023042812f,0.3809047040030054f,-1.035265176327524f,-0.27466796971325613f,0f,0f,0f,1f],start_interpolation:0}
execute if entity @s[tag=aj.mech.bone.hand2] run data modify entity @s {} merge value {transformation:[-0.9888028486068923f,-0.0949456674545351f,-0.11512708985511748f,-1.1690237504105472f,0.09445827356362452f,0.1990370131788072f,-0.9754290860643016f,0.6940738408513725f,0.11552731773167302f,-0.9753817650625175f,-0.18783996177931075f,1.1807018288142583f,0f,0f,0f,1f],start_interpolation:0}
execute if entity @s[tag=aj.mech.bone.arm_low2] run data modify entity @s {} merge value {transformation:[-0.9888028486068923f,-0.0949456674545351f,-0.11512708985511748f,-1.2366670504040893f,0.09445827356362452f,0.1990370131788072f,-0.9754290860643016f,0.859676874041807f,0.11552731773167302f,-0.9753817650625175f,-0.18783996177931075f,0.19583983626702256f,0f,0f,0f,1f],start_interpolation:0}
execute if entity @s[tag=aj.mech.bone.arm2] run data modify entity @s {} merge value {transformation:[-1.0943023445366309f,0.06999430360311155f,-0.14958327025030713f,-1.1346148816821342f,0.10453642034626748f,1.0695829701471276f,-0.2642657475467933f,1.944f,0.1278534086242891f,-0.2754361014253441f,-1.0642182287805382f,-0.08776248366601021f,0f,0f,0f,1f],start_interpolation:0}
execute if entity @s[tag=aj.mech.bone.torso] run data modify entity @s {} merge value {transformation:[-1.328725052277622f,0f,-0.1107588065465161f,-0.014499999999999999f,0f,1.3333333333333333f,0f,0.7098387499999999f,0.1107588065465161f,0f,-1.328725052277622f,-0.193174375f,0f,0f,0f,1f],start_interpolation:0}
execute if entity @s[tag=aj.mech.bone.foot] run data modify entity @s {} merge value {transformation:[-0.9931790929892881f,-0.008612974303443904f,0.11628029034459364f,0.6476873306672719f,-0.030264511792060262f,0.9821309296742298f,-0.18574955263262855f,-1.3165209770348707f,-0.11260261353522404f,-0.1880017384251581f,-0.9756925733929493f,0.844482248953994f,0f,0f,0f,1f],start_interpolation:0}
execute if entity @s[tag=aj.mech.bone.leg_low] run data modify entity @s {} merge value {transformation:[-0.9932469162001261f,0.04222267291360587f,0.10806391326881651f,0.7507443518096647f,-0.033523667516001984f,0.7872513965390857f,-0.6157202305946556f,-0.5774300377906991f,-0.11107082053904252f,-0.615184918979074f,-0.7805195630382971f,-0.025401775354636724f,0f,0f,0f,1f],start_interpolation:0}
execute if entity @s[tag=aj.mech.bone.bone4] run data modify entity @s {} merge value {transformation:[-0.9932469162001261f,-0.1080639132688165f,0.04222267291360589f,0.6913444309178867f,-0.033523667516001984f,0.6157202305946559f,0.7872513965390856f,-0.22359296702643033f,-0.11107082053904252f,0.780519563038297f,-0.6151849189790742f,0.39898396074050146f,0f,0f,0f,1f],start_interpolation:0}
execute if entity @s[tag=aj.mech.bone.leg] run data modify entity @s {} merge value {transformation:[-0.9932469162001261f,0.05119583298913512f,0.10411316027999643f,0.7337477944808016f,-0.033523667516001984f,0.7324546418250991f,-0.6799899715327737f,0.30942312499999997f,-0.11107082053904252f,-0.6788881972412059f,-0.7257920421659152f,-0.04948589032755138f,0f,0f,0f,1f],start_interpolation:0}
execute if entity @s[tag=aj.mech.bone.foot2] run data modify entity @s {} merge value {transformation:[-0.9920261551363715f,-0.0022755310076188126f,0.12601162440021657f,-0.5520913598433508f,-0.003684847217932026f,0.9999332350112397f,-0.010952050992297513f,-1.490474996238442f,-0.12597828950389978f,-0.011329054620344614f,-0.9919683075053765f,-1.368900706858455f,0f,0f,0f,1f],start_interpolation:0}
execute if entity @s[tag=aj.mech.bone.leg_low2] run data modify entity @s {} merge value {transformation:[-0.9909985123634875f,-0.08932650828642284f,0.09971320579898406f,-0.6590664173337407f,-0.016600195474377792f,0.821080400052521f,0.5705711262934752f,-0.4361718227266795f,-0.13283968534879687f,0.5637798786467533f,-0.8151722924814637f,-0.9323511252243541f,0f,0f,0f,1f],start_interpolation:0}
execute if entity @s[tag=aj.mech.bone.bone3] run data modify entity @s {} merge value {transformation:[-0.9909985123634875f,-0.13379957650995958f,0.004429652256146575f,-0.7335151384266584f,-0.016600195474377792f,0.15564934477361408f,0.9876728785289982f,-0.37639658001356374f,-0.13283968534879687f,0.9787088202306651f,-0.15646936824545746f,-0.38442532318888056f,0f,0f,0f,1f],start_interpolation:0}
execute if entity @s[tag=aj.mech.bone.leg2] run data modify entity @s {} merge value {transformation:[-0.9909985123634875f,-0.0344275059396233f,0.12937038041272086f,-0.771803788160273f,-0.016600195474377792f,0.9905105788140849f,0.13643030003484952f,0.30942312499999997f,-0.13283968534879687f,0.13305465077239434f,-0.9821660134133481f,-0.26107736643943463f,0f,0f,0f,1f],start_interpolation:0}
execute if entity @s[tag=aj.mech.bone.hips] run data modify entity @s {} merge value {transformation:[-0.9902680687415704f,0f,0.13917310096006555f,-0.014499999999999999f,0f,1f,0f,0.706129375f,-0.13917310096006555f,0f,-0.9902680687415704f,-0.1875f,0f,0f,0f,1f],start_interpolation:0}