execute if entity @s[tag=aj.mech.bone.locator] at @s run tp @e[tag=aj.mech.locator.locator,limit=1] ^0 ^0.9 ^0 ~ ~
execute if entity @s[tag=aj.mech.bone.hand] run data modify entity @s {} merge value {transformation:[-0.9888784793033718f,0.0928368582798929f,0.11619238751041336f,1.1542485741008035f,-0.09525335845095889f,0.20465293564532464f,-0.9741888798562442f,0.6853070641732235f,-0.11421974818070699f,-0.9744221332033001f,-0.19353386124672398f,1.174443816318595f,0f,0f,0f,1f],start_interpolation:0}
execute if entity @s[tag=aj.mech.bone.arm_low] run data modify entity @s {} merge value {transformation:[-0.9888784793033718f,0.0928368582798929f,0.11619238751041336f,1.2198139920121664f,-0.09525335845095889f,0.20465293564532464f,-0.9741888798562442f,0.856539929871448f,-0.11421974818070699f,-0.9744221332033001f,-0.19353386124672398f,0.19040438282068786f,0f,0f,0f,1f],start_interpolation:0}
execute if entity @s[tag=aj.mech.bone.arm] run data modify entity @s {} merge value {transformation:[-1.0943860445872458f,-0.0717752170898317f,0.1481198236510517f,1.115949088245999f,-0.10541633615308525f,1.0705106657037202f,-0.2601274480339694f,1.94178125f,-0.12640632902972404f,-0.271343345892825f,-1.0654417896604882f,-0.08899662174315079f,0f,0f,0f,1f],start_interpolation:0}
execute if entity @s[tag=aj.mech.bone.hand2] run data modify entity @s {} merge value {transformation:[-0.9738990696927412f,0.22468520976292689f,-0.03220494628784472f,-1.6070257409805435f,0.21275644881886588f,0.8541906332967326f,-0.4744397279677493f,0.07618919231871546f,-0.0790904263333984f,-0.46890821969967245f,-0.8796986904392236f,-0.16485611756285834f,0f,0f,0f,1f],start_interpolation:0}
execute if entity @s[tag=aj.mech.bone.arm_low2] run data modify entity @s {} merge value {transformation:[-0.9738990696927412f,0.22468520976292689f,-0.03220494628784472f,-1.3529125898612135f,0.21275644881886588f,0.8541906332967326f,-0.4744397279677493f,0.9089049450908664f,-0.0790904263333984f,-0.46890821969967245f,-0.8796986904392236f,-0.6587833455158378f,0f,0f,0f,1f],start_interpolation:0}
execute if entity @s[tag=aj.mech.bone.arm2] run data modify entity @s {} merge value {transformation:[-1.0778084193510502f,0.19280997556195054f,0.1610133629045084f,-1.1264789976731446f,0.2354563208285541f,1.022609948050713f,0.3515696142496209f,1.94178125f,-0.08752891346235174f,0.37664995155388814f,-1.0369404427625446f,-0.27343164954699734f,0f,0f,0f,1f],start_interpolation:0}
execute if entity @s[tag=aj.mech.bone.torso] run data modify entity @s {} merge value {transformation:[-1.3288462731372703f,0f,0.10929483129116832f,-0.0042812499999999795f,0f,1.3333333333333333f,0f,0.7076199999999999f,-0.10929483129116832f,0f,-1.3288462731372703f,-0.193174375f,0f,0f,0f,1f],start_interpolation:0}
execute if entity @s[tag=aj.mech.bone.foot] run data modify entity @s {} merge value {transformation:[-0.9875399305530044f,0.00439687656598145f,-0.1573071932234224f,0.5386925691040151f,-0.0009492016700425494f,0.9994249927272749f,0.033893700421701145f,-1.4842685172456196f,0.15736576686038561f,0.03362069881114865f,-0.9869679143882505f,-1.3640911246364351f,0f,0f,0f,1f],start_interpolation:0}
execute if entity @s[tag=aj.mech.bone.leg_low] run data modify entity @s {} merge value {transformation:[-0.987552196298636f,0.08947858446104762f,-0.1293609002310495f,0.6387650270859061f,-0.0010199588442360364f,0.818766843102406f,0.5741252618724213f,-0.4311865637645958f,0.15728833163873426f,0.5671106061069283f,-0.8084837296886909f,-0.9229808388427256f,0f,0f,0f,1f],start_interpolation:0}
execute if entity @s[tag=aj.mech.bone.bone4] run data modify entity @s {} merge value {transformation:[-0.987552196298636f,0.15694062419120827f,-0.010502383739623615f,0.7257921941432262f,-0.0010199588442360364f,0.06037923082843992f,0.998174988751232f,-0.38269672110207703f,0.15728833163873426f,0.9857606144308263f,-0.0594675690377844f,-0.37625670035738196f,0f,0f,0f,1f],start_interpolation:0}
execute if entity @s[tag=aj.mech.bone.leg] run data modify entity @s {} merge value {transformation:[-0.987552196298636f,0.015337234255575892f,-0.1565420992293446f,0.751623095021567f,-0.0010199588442360364f,0.9945893686192538f,0.10387948552775018f,0.30720437500000003f,0.15728833163873426f,0.10274608058190632f,-0.9821932720474927f,-0.27428293375761326f,0f,0f,0f,1f],start_interpolation:0}
execute if entity @s[tag=aj.mech.bone.foot2] run data modify entity @s {} merge value {transformation:[-0.9916305280622443f,0.02766659007198846f,-0.12610890376489467f,-0.6439379153209627f,0.02804509354230528f,0.9996059064462499f,-0.0012265912009889468f,-1.535462818093369f,0.12602526946290682f,-0.004753061282957105f,-0.9920156449699984f,0.7908700979558508f,0f,0f,0f,1f],start_interpolation:0}
execute if entity @s[tag=aj.mech.bone.leg_low2] run data modify entity @s {} merge value {transformation:[-0.9913240716055279f,-0.040207649339082066f,-0.12513964196074637f,-0.748689946530091f,0.0231149842905733f,0.8838974418057428f,-0.4671092055082088f,-0.6533890419779982f,0.1293919725357216f,-0.46594920034687126f,-0.8752994117097452f,0.06661375709711403f,0f,0f,0f,1f],start_interpolation:0}
execute if entity @s[tag=aj.mech.bone.bone3] run data modify entity @s {} merge value {transformation:[-0.9913240716055279f,0.09926095669226621f,-0.0861617521408103f,-0.6933627557965171f,0.0231149842905733f,0.7769561110588604f,0.6291302718750214f,-0.2231231284665562f,0.1293919725357216f,0.6216803551382557f,-0.7725097109282751f,0.41363363226378924f,0f,0f,0f,1f],start_interpolation:0}
execute if entity @s[tag=aj.mech.bone.leg2] run data modify entity @s {} merge value {transformation:[-0.9913240716055279f,-0.07192886765675002f,-0.11001283131097082f,-0.7500064043813992f,0.0231149842905733f,0.7285332987038301f,-0.6846202817481838f,0.30720437500000003f,0.1293919725357216f,-0.6812235100738477f,-0.7205499613253624f,-0.03644818591986107f,0f,0f,0f,1f],start_interpolation:0}
execute if entity @s[tag=aj.mech.bone.hips] run data modify entity @s {} merge value {transformation:[-0.9876883405951378f,0f,-0.15643446504023076f,-0.0042812499999999795f,0f,1f,0f,0.703910625f,0.15643446504023076f,0f,-0.9876883405951378f,-0.1875f,0f,0f,0f,1f],start_interpolation:0}