execute if entity @s[tag=aj.mech.bone.locator] at @s run tp @e[tag=aj.mech.locator.locator,limit=1] ^-0.1 ^1 ^0 ~ ~
execute if entity @s[tag=aj.mech.bone.hand] run data modify entity @s {} merge value {transformation:[-0.98529546955546f,-0.12425155990310191f,0.11727910101604368f,1.4347602120965912f,-0.1705694619866811f,0.6753567463301965f,-0.7174951733801871f,0.2562864871772491f,0.009944662440709098f,-0.7269489769219958f,-0.6866194642165365f,0.3974126643951782f,0f,0f,0f,1f],start_interpolation:0}
execute if entity @s[tag=aj.mech.bone.arm_low] run data modify entity @s {} merge value {transformation:[-0.98529546955546f,-0.12425155990310191f,0.11727910101604368f,1.2833831406766325f,-0.1705694619866811f,0.6753567463301965f,-0.7174951733801871f,0.903891213652231f,0.009944662440709098f,-0.7269489769219958f,-0.6866194642165365f,-0.3506824000823122f,0f,0f,0f,1f],start_interpolation:0}
execute if entity @s[tag=aj.mech.bone.arm] run data modify entity @s {} merge value {transformation:[-1.0904207486001218f,-0.18584936052802134f,-0.03485089306894575f,1.0636691615922773f,-0.18876822859213174f,1.081795104208883f,0.13732402163463178f,1.99825f,0.011005699912601856f,0.1412492344582641f,-1.0975880406001224f,-0.20678599068180858f,0f,0f,0f,1f],start_interpolation:0}
execute if entity @s[tag=aj.mech.bone.hand2] run data modify entity @s {} merge value {transformation:[-0.9894685715434057f,0.029712117171240178f,-0.1416655781093439f,-1.4262594394619545f,0.1379506662042698f,0.48996095116475863f,-0.8607600594983037f,0.4301265850918553f,0.04383559765362227f,-0.8712378873918004f,-0.48889976881915403f,0.7762084665315858f,0f,0f,0f,1f],start_interpolation:0}
execute if entity @s[tag=aj.mech.bone.arm_low2] run data modify entity @s {} merge value {transformation:[-0.9894685715434057f,0.029712117171240178f,-0.1416655781093439f,-1.3700534787459f,0.1379506662042698f,0.48996095116475863f,-0.8607600594983037f,0.8888778260784085f,0.04383559765362227f,-0.8712378873918004f,-0.48889976881915403f,-0.11167740106248879f,0f,0f,0f,1f],start_interpolation:0}
execute if entity @s[tag=aj.mech.bone.arm2] run data modify entity @s {} merge value {transformation:[-1.0950390962270866f,0.15088892644492297f,-0.05379487098685191f,-1.185747805009508f,0.15266919757604586f,1.0955614453027516f,-0.03477375751425484f,1.99825f,0.04851260021561079f,-0.04182857846583548f,-1.1048388462476668f,-0.1555677286650132f,0f,0f,0f,1f],start_interpolation:0}
execute if entity @s[tag=aj.mech.bone.torso] run data modify entity @s {} merge value {transformation:[-1.3329878320603172f,0f,-0.030351562676619488f,-0.06131249999999997f,0f,1.3333333333333333f,0f,0.76408875f,0.030351562676619488f,0f,-1.3329878320603172f,-0.193174375f,0f,0f,0f,1f],start_interpolation:0}
execute if entity @s[tag=aj.mech.bone.foot] run data modify entity @s {} merge value {transformation:[-0.9998147377298067f,-0.019221260271472855f,-0.0010165489925166925f,0.6968644789948711f,-0.019247989400757014f,0.9986088939224899f,0.04908963111421112f,-1.2004325441876862f,0.00007157028875827485f,0.04910010318194129f,-0.9987938599857412f,-0.1460291391196356f,0f,0f,0f,1f],start_interpolation:0}
execute if entity @s[tag=aj.mech.bone.leg_low] run data modify entity @s {} merge value {transformation:[-0.9996824102701131f,-0.025144070276516394f,0.0016894752045758573f,0.6995761470708073f,-0.025174369958532443f,0.999456247582389f,-0.021294606493683532f,-0.08393748505736479f,-0.0011531234661609317f,-0.02133037501919488f,-0.99977181667009f,-0.40488394711203124f,0f,0f,0f,1f],start_interpolation:0}
execute if entity @s[tag=aj.mech.bone.bone4] run data modify entity @s {} merge value {transformation:[-0.9996824102701131f,0.00872850863842434f,-0.02364089113138977f,0.7040710294874754f,-0.025174369958532443f,-0.3888113815125183f,0.9209733767615205f,-0.2861403514551027f,-0.0011531234661609317f,0.9212760296150528f,0.3889076337165368f,0.11273181105477603f,0f,0f,0f,1f],start_interpolation:0}
execute if entity @s[tag=aj.mech.bone.leg] run data modify entity @s {} merge value {transformation:[-0.9996824102701131f,-0.022517658191814432f,0.01131519624637083f,0.6981776578124538f,-0.025174369958532443f,0.9128565314395996f,-0.4075036246529032f,0.3636731250000001f,-0.0011531234661609317f,-0.4076590586232813f,-0.9131334854382749f,-0.14170309399013276f,0f,0f,0f,1f],start_interpolation:0}
execute if entity @s[tag=aj.mech.bone.foot2] run data modify entity @s {} merge value {transformation:[-0.9999318685442201f,0.001501142867106987f,-0.01157604594657925f,-0.6264651269673286f,0.0015699227205126585f,0.9999811567419546f,-0.005934770734730671f,-1.5189308985685206f,0.011566918877401966f,-0.0059525398877059155f,-0.9999153832482871f,-0.6066104985964617f,0f,0f,0f,1f],start_interpolation:0}
execute if entity @s[tag=aj.mech.bone.leg_low2] run data modify entity @s {} merge value {transformation:[-0.9964927113171177f,-0.08103865128343721f,-0.02085697221604712f,-0.7526513541323425f,-0.08341118937092074f,0.9818952402103748f,0.1700714871456666f,-0.3804658686431651f,0.006696997804083428f,0.1712147022027365f,-0.9852109804351759f,-0.6459652128994875f,0f,0f,0f,1f],start_interpolation:0}
execute if entity @s[tag=aj.mech.bone.bone3] run data modify entity @s {} merge value {transformation:[-0.9964927113171177f,-0.03345873970878588f,-0.07669934177657078f,-0.7536628663409646f,-0.08341118937092074f,0.4705184717271014f,0.8784389228918088f,-0.3203753738176252f,0.006696997804083428f,0.8817555673204978f,-0.47165906089008774f,-0.04804727756080446f,0f,0f,0f,1f],start_interpolation:0}
execute if entity @s[tag=aj.mech.bone.leg2] run data modify entity @s {} merge value {transformation:[-0.9964927113171177f,-0.08286075029074115f,0.011677857385451334f,-0.8219382858993277f,-0.08341118937092074f,0.9724075701877328f,-0.21786714054514467f,0.3636731250000001f,0.006696997804083428f,-0.21807708156256325f,-0.975908569855582f,-0.16823681648604083f,0f,0f,0f,1f],start_interpolation:0}
execute if entity @s[tag=aj.mech.bone.hips] run data modify entity @s {} merge value {transformation:[-0.9998476951563913f,0f,0.017452406437283633f,-0.06131249999999997f,0f,1f,0f,0.7603793750000001f,-0.017452406437283633f,0f,-0.9998476951563913f,-0.1875f,0f,0f,0f,1f],start_interpolation:0}