execute if entity @s[tag=aj.mech.bone.locator] at @s run tp @e[tag=aj.mech.locator.locator,limit=1] ^0 ^0.9 ^0 ~ ~
execute if entity @s[tag=aj.mech.bone.hand] run data modify entity @s {} merge value {transformation:[-0.9892904587591698f,0.07971668843254967f,0.12226871142454737f,1.1935295228735532f,-0.10012500395425904f,0.2388859690412152f,-0.9658718742040268f,0.6519306856999862f,-0.1062043868737589f,-0.9677699847487458f,-0.22834597615938312f,1.1351463987787809f,0f,0f,0f,1f],start_interpolation:0}
execute if entity @s[tag=aj.mech.bone.arm_low] run data modify entity @s {} merge value {transformation:[-0.9892904587591698f,0.07971668843254967f,0.12226871142454737f,1.2461517817018959f,-0.10012500395425904f,0.2388859690412152f,-0.9658718742040268f,0.857504252298755f,-0.1062043868737589f,-0.9677699847487458f,-0.22834597615938312f,0.15692171518524933f,0f,0f,0f,1f],start_interpolation:0}
execute if entity @s[tag=aj.mech.bone.arm] run data modify entity @s {} merge value {transformation:[-1.0948419798477638f,-0.08246418514931347f,0.1388980772534898f,1.1314082292481058f,-0.11080775781365541f,1.0758293557221774f,-0.23470154816008934f,1.948f,-0.11753577542759888f,-0.2460951727850268f,-1.0725644437331348f,-0.09656300608170798f,0f,0f,0f,1f],start_interpolation:0}
execute if entity @s[tag=aj.mech.bone.hand2] run data modify entity @s {} merge value {transformation:[-0.9755336394557798f,0.21528242020642285f,-0.0445824835582974f,-1.5846048700166313f,0.20797201619758587f,0.8379001767229324f,-0.5046493181669721f,0.0902030877866068f,-0.07128645571826223f,-0.5015742949930189f,-0.862172527881389f,-0.09803188244787464f,0f,0f,0f,1f],start_interpolation:0}
execute if entity @s[tag=aj.mech.bone.arm_low2] run data modify entity @s {} merge value {transformation:[-0.9755336394557798f,0.21528242020642285f,-0.0445824835582974f,-1.3402302261884123f,0.20797201619758587f,0.8379001767229324f,-0.5046493181669721f,0.9058338478106467f,-0.07128645571826223f,-0.5015742949930189f,-0.862172527881389f,-0.6243213671959912f,0f,0f,0f,1f],start_interpolation:0}
execute if entity @s[tag=aj.mech.bone.arm2] run data modify entity @s {} merge value {transformation:[-1.0796173881728146f,0.19431653113557082f,0.14642185429906487f,-1.1122140781789116f,0.23016141715577382f,1.0316015516546853f,0.32801819951112376f,1.948f,-0.07889230470574246f,0.35044443623078436f,-1.0467744169147104f,-0.2658525261822331f,0f,0f,0f,1f],start_interpolation:0}
execute if entity @s[tag=aj.mech.bone.torso] run data modify entity @s {} merge value {transformation:[-1.329553959956751f,0f,0.100319715615126f,0.010500000000000044f,0f,1.3333333333333333f,0f,0.7138387499999999f,-0.100319715615126f,0f,-1.329553959956751f,-0.193174375f,0f,0f,0f,1f],start_interpolation:0}
execute if entity @s[tag=aj.mech.bone.foot] run data modify entity @s {} merge value {transformation:[-0.9906879564009919f,0.003724881177032194f,-0.13610105915180637f,0.5517397375827219f,0.003888352896182178f,0.9999920029468343f,-0.0009352829163749021f,-1.530935870879544f,0.13609648692667f,-0.001455782468606559f,-0.9906945174692465f,-1.258916249178778f,0f,0f,0f,1f],start_interpolation:0}
execute if entity @s[tag=aj.mech.bone.leg_low] run data modify entity @s {} merge value {transformation:[-0.9891213630095388f,0.08819631785563807f,-0.11772993992549034f,0.6531557935595713f,0.014619313222602893f,0.8553051560042694f,0.5179183003075023f,-0.45056934188698355f,0.14637351167151708f,0.5105629242602913f,-0.8472899712918408f,-0.8900025350807222f,0f,0f,0f,1f],start_interpolation:0}
execute if entity @s[tag=aj.mech.bone.bone4] run data modify entity @s {} merge value {transformation:[-0.9891213630095388f,0.14663350268718678f,-0.011727963499222515f,0.7349313183534373f,0.014619313222602893f,0.1773204180325748f,0.9840445848789843f,-0.3786572215657921f,0.14637351167151708f,0.9731680662857982f,-0.17753509467851292f,-0.3445854591236176f,0f,0f,0f,1f],start_interpolation:0}
execute if entity @s[tag=aj.mech.bone.leg] run data modify entity @s {} merge value {transformation:[-0.9891213630095388f,0.02596484600132161f,-0.14479211308037454f,0.7678037881602731f,0.014619313222602893f,0.9967770877470963f,0.07887783607146527f,0.31342312499999997f,0.14637351167151708f,0.07590299147296617f,-0.9863130998655565f,-0.26107736643943447f,0f,0f,0f,1f],start_interpolation:0}
execute if entity @s[tag=aj.mech.bone.foot2] run data modify entity @s {} merge value {transformation:[-0.9934399153174844f,0.008528536416036056f,-0.11403683054430148f,-0.651247642107832f,0.02896088411601502f,0.9834693809879522f,-0.17874351414916473f,-1.347329726120346f,0.11062731057568079f,-0.18087354899424696f,-0.9772647325208341f,0.8006081775963236f,0f,0f,0f,1f],start_interpolation:0}
execute if entity @s[tag=aj.mech.bone.leg_low2] run data modify entity @s {} merge value {transformation:[-0.9934609141147974f,-0.041402800663649264f,-0.10640122284728382f,-0.7530010639429046f,0.02924998294408696f,0.8085343094336598f,-0.587721625403052f,-0.577923436724257f,0.11036236054000408f,-0.5869906971714636f,-0.8020362029298909f,-0.04273907283468903f,0f,0f,0f,1f],start_interpolation:0}
execute if entity @s[tag=aj.mech.bone.bone3] run data modify entity @s {} merge value {transformation:[-0.9934609141147974f,0.10547270490099525f,-0.04371407836222558f,-0.6950629578762535f,0.02924998294408696f,0.6052198465784476f,0.7955208204725573f,-0.22979575716718842f,0.11036236054000408f,0.7890402054575089f,-0.6043473368416628f,0.3865423859328896f,0f,0f,0f,1f],start_interpolation:0}
execute if entity @s[tag=aj.mech.bone.leg2] run data modify entity @s {} merge value {transformation:[-0.9934609141147974f,-0.05149327534581928f,-0.10190120077973011f,-0.7377477944808015f,0.02924998294408696f,0.7479417270027369f,-0.6631196057318273f,0.31342312499999997f,0.11036236054000408f,-0.6617640180625741f,-0.7415446943871389f,-0.049485890327551546f,0f,0f,0f,1f],start_interpolation:0}
execute if entity @s[tag=aj.mech.bone.hips] run data modify entity @s {} merge value {transformation:[-0.9902680687415704f,0f,-0.13917310096006533f,0.010500000000000044f,0f,1f,0f,0.710129375f,0.13917310096006533f,0f,-0.9902680687415704f,-0.1875f,0f,0f,0f,1f],start_interpolation:0}