execute if entity @s[tag=aj.mech.bone.locator] at @s run tp @e[tag=aj.mech.locator.locator,limit=1] ^0 ^1 ^0 ~ ~
execute if entity @s[tag=aj.mech.bone.hand] run data modify entity @s {} merge value {transformation:[-0.9818002859275982f,-0.16620478076874334f,0.09189216180992071f,1.4931242935259743f,-0.1864599965959375f,0.7516926186991589f,-0.632606415287297f,0.1837318526852827f,0.03606755081689969f,-0.6382273715869722f,-0.7690025708248677f,0.19358753211858903f,0f,0f,0f,1f],start_interpolation:0}
execute if entity @s[tag=aj.mech.bone.arm_low] run data modify entity @s {} merge value {transformation:[-0.9818002859275982f,-0.16620478076874334f,0.09189216180992071f,1.2991098838785535f,-0.1864599965959375f,0.7516926186991589f,-0.632606415287297f,0.9098286460130904f,0.03606755081689969f,-0.6382273715869722f,-0.7690025708248677f,-0.46754405884363215f,0f,0f,0f,1f],start_interpolation:0}
execute if entity @s[tag=aj.mech.bone.arm] run data modify entity @s {} merge value {transformation:[-1.0865526492677384f,-0.19376169747996652f,-0.08143539459577276f,1.0714619143284785f,-0.2063541905494106f,1.0648839780702966f,0.21957240224105082f,1.9865f,0.03991574809501646f,0.2307606907011899f,-1.081632199601673f,-0.23183924352641527f,0f,0f,0f,1f],start_interpolation:0}
execute if entity @s[tag=aj.mech.bone.hand2] run data modify entity @s {} merge value {transformation:[-0.9900480540674164f,-0.01769690445698497f,-0.1396125718191694f,-1.343410759854353f,0.1219361027092933f,0.38741685988501406f,-0.9138051015029978f,0.5253109829751146f,0.07025978574825761f,-0.9217347754367716f,-0.38140341668256356f,0.9395062568010012f,0f,0f,0f,1f],start_interpolation:0}
execute if entity @s[tag=aj.mech.bone.arm_low2] run data modify entity @s {} merge value {transformation:[-0.9900480540674164f,-0.01769690445698497f,-0.1396125718191694f,-1.3345315554910802f,0.1219361027092933f,0.38741685988501406f,-0.9138051015029978f,0.8803609302284945f,0.07025978574825761f,-0.9217347754367716f,-0.38140341668256356f,0.0036570062882664844f,0f,0f,0f,1f],start_interpolation:0}
execute if entity @s[tag=aj.mech.bone.arm2] run data modify entity @s {} merge value {transformation:[-1.0956804061560943f,0.12526430257242732f,-0.09254880118449738f,-1.176256253820391f,0.13494597357444243f,1.091888637966595f,-0.11975293328151719f,1.9865f,0.0777560950388465f,-0.12984619869108607f,-1.0962964621414286f,-0.13053259728101452f,0f,0f,0f,1f],start_interpolation:0}
execute if entity @s[tag=aj.mech.bone.torso] run data modify entity @s {} merge value {transformation:[-1.3319811366808114f,0f,-0.06003356814542267f,-0.05293749999999998f,0f,1.3333333333333333f,0f,0.7523387499999998f,0.06003356814542267f,0f,-1.3319811366808114f,-0.193174375f,0f,0f,0f,1f],start_interpolation:0}
execute if entity @s[tag=aj.mech.bone.foot] run data modify entity @s {} merge value {transformation:[-0.9991987592946143f,-0.020820149109676424f,0.03418129335110169f,0.6993565071826303f,-0.02303910107623074f,0.9975627521508501f,-0.0658616378692565f,-1.1909658624458008f,-0.03272673594635511f,-0.06659637311650446f,-0.9972431417874104f,0.19712608200645382f,0f,0f,0f,1f],start_interpolation:0}
execute if entity @s[tag=aj.mech.bone.leg_low] run data modify entity @s {} merge value {transformation:[-0.9990373997349816f,-0.01955413920651134f,0.03926715638620657f,0.7171484047533319f,-0.029603060591994104f,0.9611174548120082f,-0.27454853279388425f,-0.17684751628261247f,-0.03237178917442089f,-0.2754466803132325f,-0.960771145263047f,-0.3365609144465493f,0f,0f,0f,1f],start_interpolation:0}
execute if entity @s[tag=aj.mech.bone.bone4] run data modify entity @s {} merge value {transformation:[-0.9990373997349816f,-0.02637829613412071f,-0.03504938549856559f,0.7019697372455834f,-0.029603060591994104f,-0.18421737532804716f,0.9824396253362505f,-0.2644728403223155f,-0.03237178917442089f,0.9825314977751634f,0.18325916933496356f,0.21200420191578934f,0f,0f,0f,1f],start_interpolation:0}
execute if entity @s[tag=aj.mech.bone.leg] run data modify entity @s {} merge value {transformation:[-0.9990373997349816f,-0.008959104079995197f,0.04294191873740903f,0.7044917079587756f,-0.029603060591994104f,0.8601001742637918f,-0.5092654995530148f,0.35192312499999995f,-0.03237178917442089f,-0.5100464926705003f,-0.8595374585090333f,-0.11522516796972532f,0f,0f,0f,1f],start_interpolation:0}
execute if entity @s[tag=aj.mech.bone.foot2] run data modify entity @s {} merge value {transformation:[-0.9998744787285194f,-0.00201333274456614f,0.015715383502515595f,-0.6184446535483433f,-0.002127240202840936f,0.9999715658385637f,-0.007234802242648053f,-1.5143071868473177f,-0.01570037058450846f,-0.007267324516661289f,-0.9998503309785312f,-0.8649248279142052f,0f,0f,0f,1f],start_interpolation:0}
execute if entity @s[tag=aj.mech.bone.leg_low2] run data modify entity @s {} merge value {transformation:[-0.9969698733609904f,-0.07754686998933058f,0.00612817798604276f,-0.7343877800734037f,-0.07176143206761763f,0.9472697722297052f,0.3122983757362293f,-0.3808867046664458f,-0.0300227993061183f,0.3109123052803478f,-0.9499642993013391f,-0.7404676713846287f,0f,0f,0f,1f],start_interpolation:0}
execute if entity @s[tag=aj.mech.bone.bone3] run data modify entity @s {} merge value {transformation:[-0.9969698733609904f,-0.05531315378286527f,-0.05469485011556258f,-0.7547837626418001f,-0.07176143206761763f,0.38261503613691444f,0.92111673038196f,-0.34233343708563874f,-0.0300227993061183f,0.9222506108106086f,-0.3854250152510651f,-0.15532761543313936f,0f,0f,0f,1f],start_interpolation:0}
execute if entity @s[tag=aj.mech.bone.leg2] run data modify entity @s {} merge value {transformation:[-0.9969698733609904f,-0.06834117214067231f,0.037155831319050744f,-0.8137722086315038f,-0.07176143206761763f,0.9923733026427594f,-0.100227366869069f,0.35192312499999995f,-0.0300227993061183f,-0.10259002091987915f,-0.9942705462445738f,-0.19479400820379456f,0f,0f,0f,1f],start_interpolation:0}
execute if entity @s[tag=aj.mech.bone.hips] run data modify entity @s {} merge value {transformation:[-0.9986295347545738f,0f,0.05233595624294395f,-0.05293749999999998f,0f,1f,0f,0.7486293749999999f,-0.05233595624294395f,0f,-0.9986295347545738f,-0.1875f,0f,0f,0f,1f],start_interpolation:0}