execute if entity @s[tag=aj.mech.bone.locator] at @s run tp @e[tag=aj.mech.locator.locator,limit=1] ^0.1 ^1 ^0 ~ ~
execute if entity @s[tag=aj.mech.bone.hand] run data modify entity @s {} merge value {transformation:[-0.9818002859275982f,-0.16620478076874332f,0.09189216180992074f,1.5989992935259745f,-0.1864599965959375f,0.7516926186991589f,-0.632606415287297f,0.1837318526852827f,0.03606755081689965f,-0.6382273715869722f,-0.7690025708248676f,0.19358753211858915f,0f,0f,0f,1f],start_interpolation:0}
execute if entity @s[tag=aj.mech.bone.arm_low] run data modify entity @s {} merge value {transformation:[-0.9818002859275982f,-0.16620478076874332f,0.09189216180992074f,1.4049848838785537f,-0.1864599965959375f,0.7516926186991589f,-0.632606415287297f,0.9098286460130904f,0.03606755081689965f,-0.6382273715869722f,-0.7690025708248676f,-0.46754405884363204f,0f,0f,0f,1f],start_interpolation:0}
execute if entity @s[tag=aj.mech.bone.arm] run data modify entity @s {} merge value {transformation:[-1.0865526492677384f,-0.19376169747996652f,-0.08143539459577269f,1.1773369143284786f,-0.2063541905494106f,1.0648839780702966f,0.21957240224105073f,1.9865f,0.03991574809501641f,0.23076069070118982f,-1.081632199601673f,-0.23183924352641525f,0f,0f,0f,1f],start_interpolation:0}
execute if entity @s[tag=aj.mech.bone.hand2] run data modify entity @s {} merge value {transformation:[-0.9900480540674164f,-0.01769690445698493f,-0.13961257181916936f,-1.2375357598543528f,0.1219361027092933f,0.3874168598850141f,-0.9138051015029978f,0.5253109829751145f,0.07025978574825759f,-0.9217347754367715f,-0.38140341668256367f,0.9395062568010009f,0f,0f,0f,1f],start_interpolation:0}
execute if entity @s[tag=aj.mech.bone.arm_low2] run data modify entity @s {} merge value {transformation:[-0.9900480540674164f,-0.01769690445698493f,-0.13961257181916936f,-1.22865655549108f,0.1219361027092933f,0.3874168598850141f,-0.9138051015029978f,0.8803609302284945f,0.07025978574825759f,-0.9217347754367715f,-0.38140341668256367f,0.003657006288266318f,0f,0f,0f,1f],start_interpolation:0}
execute if entity @s[tag=aj.mech.bone.arm2] run data modify entity @s {} merge value {transformation:[-1.0956804061560943f,0.12526430257242732f,-0.09254880118449733f,-1.0703812538203907f,0.13494597357444243f,1.091888637966595f,-0.11975293328151708f,1.9865f,0.07775609503884648f,-0.12984619869108596f,-1.0962964621414286f,-0.13053259728101457f,0f,0f,0f,1f],start_interpolation:0}
execute if entity @s[tag=aj.mech.bone.torso] run data modify entity @s {} merge value {transformation:[-1.3319811366808114f,0f,-0.06003356814542263f,0.05293750000000003f,0f,1.3333333333333333f,0f,0.7523387499999998f,0.06003356814542263f,0f,-1.3319811366808114f,-0.193174375f,0f,0f,0f,1f],start_interpolation:0}
execute if entity @s[tag=aj.mech.bone.foot] run data modify entity @s {} merge value {transformation:[-0.9998448008597202f,-0.012535084826160675f,0.012379250469528818f,0.6542953632082497f,-0.012639404004587185f,0.9998849623115263f,-0.008384963308571053f,-1.5711659322761788f,-0.012272720162832585f,-0.008540128317432755f,-0.9998882170263467f,-0.006367084940793133f,0f,0f,0f,1f],start_interpolation:0}
execute if entity @s[tag=aj.mech.bone.leg_low] run data modify entity @s {} merge value {transformation:[-0.9982106679038844f,0.05974888512523089f,-0.0023522774438829892f,0.7512061744371931f,0.05953671639917682f,0.9894730700520527f,-0.13190308200405854f,-0.4944465082847311f,-0.005553546910311312f,-0.13180711046092086f,-0.9912598265584345f,-0.38696918490009047f,0f,0f,0f,1f],start_interpolation:0}
execute if entity @s[tag=aj.mech.bone.bone4] run data modify entity @s {} merge value {transformation:[-0.9982106679038844f,0.033622282557348664f,0.049446987759770016f,0.7605436569670436f,0.05953671639917682f,0.6356617260937105f,0.7696684671856892f,-0.2867109013478994f,-0.005553546910311312f,0.7712351859810327f,-0.6365260764662488f,0.16171101763649712f,0f,0f,0f,1f],start_interpolation:0}
execute if entity @s[tag=aj.mech.bone.leg] run data modify entity @s {} merge value {transformation:[-0.9982106679038844f,0.055919947137687456f,-0.021175976836955566f,0.8103667079587756f,0.05953671639917682f,0.8965919969491328f,-0.4388372937743215f,0.35192312499999995f,-0.005553546910311312f,-0.43931281624701596f,-0.8983169861456648f,-0.11522516796972535f,0f,0f,0f,1f],start_interpolation:0}
execute if entity @s[tag=aj.mech.bone.foot2] run data modify entity @s {} merge value {transformation:[-0.99774202321047f,-0.006356180590635949f,0.06686145442762369f,-0.641109375514583f,0.01007548873528855f,0.9700809657289544f,0.24257247258731646f,-1.131633034007116f,-0.06640285872327371f,0.24269841140534604f,-0.9678265037984333f,-0.9731469167174941f,0f,0f,0f,1f],start_interpolation:0}
execute if entity @s[tag=aj.mech.bone.leg_low2] run data modify entity @s {} merge value {transformation:[-0.9978366915968571f,-0.0187670806652796f,0.06300582184482273f,-0.6777990861071629f,0.015966827658803424f,0.8605097061323471f,0.5091837645354925f,-0.0465497926347031f,-0.06377301402280372f,0.5090882461178265f,-0.8583485075114438f,-0.6059649369631419f,0f,0f,0f,1f],start_interpolation:0}
execute if entity @s[tag=aj.mech.bone.bone3] run data modify entity @s {} merge value {transformation:[-0.9978366915968571f,-0.06184247619008028f,-0.022303476000794263f,-0.7124881222457691f,0.015966827658803424f,-0.5570770674021788f,0.8303072933493373f,-0.34358617878539205f,-0.06377301402280372f,0.828154966846947f,0.5568593660603901f,-0.13756517999873744f,0f,0f,0f,1f],start_interpolation:0}
execute if entity @s[tag=aj.mech.bone.leg2] run data modify entity @s {} merge value {transformation:[-0.9978366915968571f,0.02400693676880593f,0.061201338956081715f,-0.7078972086315037f,0.015966827658803424f,0.9915645086600021f,-0.1286269240103434f,0.35192312499999995f,-0.06377301402280372f,-0.12737147307316163f,-0.9898027634481631f,-0.19479400820379453f,0f,0f,0f,1f],start_interpolation:0}
execute if entity @s[tag=aj.mech.bone.hips] run data modify entity @s {} merge value {transformation:[-0.9986295347545738f,0f,0.052335956242943925f,0.05293750000000003f,0f,1f,0f,0.7486293749999999f,-0.052335956242943925f,0f,-0.9986295347545738f,-0.1875f,0f,0f,0f,1f],start_interpolation:0}