execute if entity @s[tag=aj.mech.bone.locator] at @s run tp @e[tag=aj.mech.locator.locator,limit=1] ^0 ^1 ^0 ~ ~
execute if entity @s[tag=aj.mech.bone.hand] run data modify entity @s {} merge value {transformation:[-0.974812802697745f,-0.21956684496534246f,0.03912033088475621f,1.6213675115931574f,-0.21011369477961453f,0.8453266581085523f,-0.49119759400579877f,0.08950998363780616f,0.07478124739950871f,-0.4870454205543788f,-0.8701692498326873f,-0.1278694425515865f,0f,0f,0f,1f],start_interpolation:0}
execute if entity @s[tag=aj.mech.bone.arm_low] run data modify entity @s {} merge value {transformation:[-0.974812802697745f,-0.21956684496534246f,0.03912033088475621f,1.3725602768836591f,-0.21011369477961453f,0.8453266581085523f,-0.49119759400579877f,0.9129206639718144f,0.07478124739950871f,-0.4870454205543788f,-0.8701692498326873f,-0.6397707381820021f,0f,0f,0f,1f],start_interpolation:0}
execute if entity @s[tag=aj.mech.bone.arm] run data modify entity @s {} merge value {transformation:[-1.0788196423375787f,-0.19371626625084012f,-0.15295151529318238f,1.1451768488918146f,-0.23253160034937986f,1.0276470739826826f,0.3385890203592183f,1.951f,0.08275997027309313f,0.3621981198994447f,-1.042465964814071f,-0.26924458352357766f,0f,0f,0f,1f],start_interpolation:0}
execute if entity @s[tag=aj.mech.bone.hand2] run data modify entity @s {} merge value {transformation:[-0.9891170554869986f,-0.08562837931292801f,-0.11964627533262878f,-1.1493912637310633f,0.09794522183665867f,0.22360754478951259f,-0.9697455333398415f,0.6725340539739687f,0.10979154823618076f,-0.9709106274881574f,-0.2127871456795616f,1.1529319479535962f,0f,0f,0f,1f],start_interpolation:0}
execute if entity @s[tag=aj.mech.bone.arm_low2] run data modify entity @s {} merge value {transformation:[-0.9891170554869986f,-0.08562837931292801f,-0.11964627533262878f,-1.207848681164167f,0.09794522183665867f,0.22360754478951259f,-0.9697455333398415f,0.8627762626642157f,0.10979154823618076f,-0.9709106274881574f,-0.2127871456795616f,0.17194073628057183f,0f,0f,0f,1f],start_interpolation:0}
execute if entity @s[tag=aj.mech.bone.arm2] run data modify entity @s {} merge value {transformation:[-1.094650075457971f,0.07772935980609792f,-0.1430780816827669f,-1.0979236916737658f,0.10839540565950279f,1.0735273053907297f,-0.24609254183428322f,1.951f,0.12150566598228321f,-0.25742814480681936f,-1.0694573866824004f,-0.09317651454342256f,0f,0f,0f,1f],start_interpolation:0}
execute if entity @s[tag=aj.mech.bone.torso] run data modify entity @s {} merge value {transformation:[-1.3292447647796033f,0f,-0.10433663346972152f,0.022687500000000006f,0f,1.3333333333333333f,0f,0.71683875f,0.10433663346972152f,0f,-1.3292447647796033f,-0.193174375f,0f,0f,0f,1f],start_interpolation:0}
execute if entity @s[tag=aj.mech.bone.foot] run data modify entity @s {} merge value {transformation:[-0.996639733402791f,-0.0263301680797884f,0.07756264598183718f,0.6706752272033886f,-0.025908428542623832f,0.9996435837525173f,0.006438850275903296f,-1.538237121888961f,-0.07770453740461664f,0.004407687751399381f,-0.9969666880871298f,0.6922827119626636f,0f,0f,0f,1f],start_interpolation:0}
execute if entity @s[tag=aj.mech.bone.leg_low] run data modify entity @s {} merge value {transformation:[-0.9965069344077618f,0.03573486706285674f,0.07547813559730157f,0.7588982253442829f,-0.0008254455260225946f,0.8995618898129595f,-0.4367925423308192f,-0.6321532430934844f,-0.08350597773170645f,-0.43532910041959855f,-0.8963901639414249f,-0.003995313694422575f,0f,0f,0f,1f],start_interpolation:0}
execute if entity @s[tag=aj.mech.bone.bone4] run data modify entity @s {} merge value {transformation:[-0.9965069344077618f,-0.05113145754338964f,0.06602653804897868f,0.72670349910848f,-0.0008254455260225946f,0.7966339892809264f,0.6044614179267692f,-0.2242992315871944f,-0.08350597773170645f,0.6022954932355423f,-0.79389350073623f,0.3761643771275115f,0f,0f,0f,1f],start_interpolation:0}
execute if entity @s[tag=aj.mech.bone.leg] run data modify entity @s {} merge value {transformation:[-0.9965069344077618f,0.055131636304793036f,0.06272505365163678f,0.7732300110535659f,-0.0008254455260225946f,0.7445684103846308f,-0.6675456545413111f,0.3164231250000001f,-0.08350597773170645f,-0.6652656498990911f,-0.7419220759267187f,-0.06256563517002076f,0f,0f,0f,1f],start_interpolation:0}
execute if entity @s[tag=aj.mech.bone.foot2] run data modify entity @s {} merge value {transformation:[-0.9916585655884768f,-0.016338627763920296f,0.1278528002735825f,-0.5643896000802342f,0.003804457462077262f,0.9877906679600239f,0.15574056117309143f,-1.3109980839639592f,-0.12883639003955275f,0.15492787203690078f,-0.9794889172766043f,-1.3720621783439926f,0f,0f,0f,1f],start_interpolation:0}
execute if entity @s[tag=aj.mech.bone.leg_low2] run data modify entity @s {} merge value {transformation:[-0.9919561055359769f,-0.07286599557580106f,0.10350667311166521f,-0.6520444711620204f,0.00781032456291721f,0.7809121668539798f,0.6245920160309804f,-0.2882959538518202f,-0.1263411394602711f,0.6203762844823857f,-0.7740614847230877f,-0.8621883130923175f,0f,0f,0f,1f],start_interpolation:0}
execute if entity @s[tag=aj.mech.bone.bone3] run data modify entity @s {} merge value {transformation:[-0.9919561055359769f,-0.1255564311037892f,-0.016083137081341164f,-0.7220350525287459f,0.00781032456291721f,-0.187523829814947f,0.9822290018533137f,-0.3777612501070153f,-0.1263411394602711f,0.9742024409023078f,0.1869960443963083f,-0.31819423634522837f,0f,0f,0f,1f],start_interpolation:0}
execute if entity @s[tag=aj.mech.bone.leg2] run data modify entity @s {} merge value {transformation:[-0.9919561055359769f,0.0006602424142087143f,0.1265806018703192f,-0.7357850492289388f,0.00781032456291721f,0.9984003087422368f,0.055998413670639326f,0.3164231250000001f,-0.1263411394602711f,0.056536603924896595f,-0.9903744387334115f,-0.24784938674267842f,0f,0f,0f,1f],start_interpolation:0}
execute if entity @s[tag=aj.mech.bone.hips] run data modify entity @s {} merge value {transformation:[-0.992546151641322f,0f,0.12186934340514763f,0.022687500000000006f,0f,1f,0f,0.7131293750000001f,-0.12186934340514763f,0f,-0.992546151641322f,-0.1875f,0f,0f,0f,1f],start_interpolation:0}