execute if entity @s[tag=aj.mech.bone.locator] at @s run tp @e[tag=aj.mech.locator.locator,limit=1] ^0 ^1 ^0 ~ ~
execute if entity @s[tag=aj.mech.bone.hand] run data modify entity @s {} merge value {transformation:[-0.9763249134957157f,-0.21031186074876645f,0.050582452648865406f,1.6217788111295728f,-0.20555845649511037f,0.8292726117911906f,-0.5196659083453188f,0.10625868833105168f,0.06734526153287305f,-0.5177604239041536f,-0.8528708924495314f,-0.06456077684337902f,0f,0f,0f,1f],start_interpolation:0}
execute if entity @s[tag=aj.mech.bone.arm_low] run data modify entity @s {} merge value {transformation:[-0.9763249134957157f,-0.21031186074876645f,0.050582452648865406f,1.3825374984793422f,-0.20555845649511037f,0.8292726117911906f,-0.5196659083453188f,0.9128680387209789f,0.06734526153287305f,-0.5177604239041536f,-0.8528708924495314f,-0.6068688767136782f,0f,0f,0f,1f],start_interpolation:0}
execute if entity @s[tag=aj.mech.bone.arm] run data modify entity @s {} merge value {transformation:[-1.0804930865370466f,-0.19484941219660526f,-0.13906967694760683f,1.153954927706962f,-0.22749034471214244f,1.03592049730368f,0.3160519654469421f,1.9595f,0.07453060809107168f,0.33715635596376037f,-1.0514479343385679f,-0.26203107648244023f,0f,0f,0f,1f],start_interpolation:0}
execute if entity @s[tag=aj.mech.bone.hand2] run data modify entity @s {} merge value {transformation:[-0.9894645176503924f,-0.07298433927063919f,-0.1250330137687824f,-1.1643325654612064f,0.10257968923592788f,0.2560105240408541f,-0.9612159065145498f,0.6438323378883692f,0.10216347521074622f,-0.9639148809939369f,-0.24582661884203622f,1.1147276151776415f,0f,0f,0f,1f],start_interpolation:0}
execute if entity @s[tag=aj.mech.bone.arm_low2] run data modify entity @s {} merge value {transformation:[-0.9894645176503924f,-0.07298433927063919f,-0.1250330137687824f,-1.2103034202355454f,0.10257968923592788f,0.2560105240408541f,-0.9612159065145498f,0.866599249562021f,0.10216347521074622f,-0.9639148809939369f,-0.24582661884203622f,0.13993804374455543f,0f,0f,0f,1f],start_interpolation:0}
execute if entity @s[tag=aj.mech.bone.arm2] run data modify entity @s {} merge value {transformation:[-1.0950346098073365f,0.08770144091848847f,-0.13408817665604736f,-1.09023054320031f,0.11352434369588085f,1.0782706853296269f,-0.2218479909334861f,1.9595f,0.11306372206212745f,-0.23326543883229997f,-1.075906970111199f,-0.10037844839150951f,0f,0f,0f,1f],start_interpolation:0}
execute if entity @s[tag=aj.mech.bone.torso] run data modify entity @s {} merge value {transformation:[-1.3298876864635687f,0f,-0.0957941499798108f,0.031000000000000014f,0f,1.3333333333333333f,0f,0.7253387499999999f,0.0957941499798108f,0f,-1.3298876864635687f,-0.193174375f,0f,0f,0f,1f],start_interpolation:0}
execute if entity @s[tag=aj.mech.bone.foot] run data modify entity @s {} merge value {transformation:[-0.9980790219462092f,-0.023235109445536972f,0.057431660605909596f,0.6766037020635733f,-0.02305729078901189f,0.9997270859529863f,0.003756987279884938f,-1.5592736758631944f,-0.05750328070962052f,0.0024255516906856456f,-0.9983423708360908f,0.5443802683682313f,0f,0f,0f,1f],start_interpolation:0}
execute if entity @s[tag=aj.mech.bone.leg_low] run data modify entity @s {} merge value {transformation:[-0.9978781033230157f,0.03703378187406255f,0.05355174981795816f,0.7611718253630315f,0.014159173982521568f,0.9262293555285125f,-0.3766944368442f,-0.6096192317079285f,-0.06355162232857245f,-0.3751368816276809f,-0.924788360297677f,-0.09168501998251216f,0f,0f,0f,1f],start_interpolation:0}
execute if entity @s[tag=aj.mech.bone.bone4] run data modify entity @s {} merge value {transformation:[-0.9978781033230157f,-0.029634305025808653f,0.0579749848995078f,0.7394320550630915f,0.014159173982521568f,0.770340483047429f,0.6374755351936154f,-0.23970204545400448f,-0.06355162232857245f,0.6369437558716555f,-0.7682863028555926f,0.3320864207155194f,0f,0f,0f,1f],start_interpolation:0}
execute if entity @s[tag=aj.mech.bone.leg] run data modify entity @s {} merge value {transformation:[-0.9978781033230157f,0.05071823960170074f,0.0408283122375307f,0.7836086051067948f,0.014159173982521568f,0.7810999847666303f,-0.6242454097466016f,0.32492312500000003f,-0.06355162232857245f,-0.6223427303096537f,-0.7801606996831691f,-0.07568343623028373f,0f,0f,0f,1f],start_interpolation:0}
execute if entity @s[tag=aj.mech.bone.foot2] run data modify entity @s {} merge value {transformation:[-0.9935053391747455f,-0.0188384946159717f,0.11221520463768624f,-0.5816028830762668f,0.00536975321483957f,0.9773382768113374f,0.2116153549009554f,-1.2255598575959636f,-0.11365872945658645f,0.210843552901315f,-0.9708896381248822f,-1.3264247460075205f,0f,0f,0f,1f],start_interpolation:0}
execute if entity @s[tag=aj.mech.bone.leg_low2] run data modify entity @s {} merge value {transformation:[-0.9938068020895072f,-0.062123309864427725f,0.09213432852154074f,-0.6599408049235269f,0.010074547336155013f,0.7753436635454529f,0.63145918862258f,-0.20741886004219637f,-0.11066410265573236f,0.6284766485490163f,-0.7699159425625616f,-0.8060148489765102f,0f,0f,0f,1f],start_interpolation:0}
execute if entity @s[tag=aj.mech.bone.bone3] run data modify entity @s {} merge value {transformation:[-0.9938068020895072f,-0.10802849906134969f,-0.02603619617338275f,-0.7203432289022795f,0.010074547336155013f,-0.3209311097789041f,0.947048956639546f,-0.37152205667644483f,-0.11066410265573236f,0.9409213921293494f,0.3200318581278566f,-0.2785170155383889f,0f,0f,0f,1f],start_interpolation:0}
execute if entity @s[tag=aj.mech.bone.leg2] run data modify entity @s {} merge value {transformation:[-0.9938068020895072f,0.00810484322823191f,0.1108257715374573f,-0.728410272211621f,0.010074547336155013f,0.9998008893392449f,0.017224551443406594f,0.32492312500000003f,-0.11066410265573236f,0.018234395868818122f,-0.9936905771872352f,-0.2346030240381027f,0f,0f,0f,1f],start_interpolation:0}
execute if entity @s[tag=aj.mech.bone.hips] run data modify entity @s {} merge value {transformation:[-0.9945218953682733f,0f,0.1045284632676536f,0.031000000000000014f,0f,1f,0f,0.721629375f,-0.1045284632676536f,0f,-0.9945218953682733f,-0.1875f,0f,0f,0f,1f],start_interpolation:0}