# This file was generated by Animated Java via MC-Build. It is not recommended to edit this file directly.
$data merge entity $(bone_drillhead_right1) { transformation: [-0.12941424692335549f,0.04552009502488235f,0.9905452405832792f,-1.3159120791196983f,-0.869430192303452f,0.4751327897999459f,-0.1354251555956391f,-0.6314986644330034f,-0.4768050895328651f,-0.8787358835314774f,-0.021912407209398098f,1.423343803537719f,0f,0f,0f,1f], start_interpolation: 0, interpolation_duration: 1 }
$data merge entity $(bone_drillhead_right2) { transformation: [-0.8656197855917872f,0.04552009502488235f,-0.4986284265271629f,-1.4682440096823481f,0.4578330596344925f,0.4751327897999459f,-0.7514237962445959f,-0.3659930052362913f,0.20270983276039645f,-0.8787358835314774f,-0.4321249480143517f,1.5590117361230638f,0f,0f,0f,1f], start_interpolation: 0, interpolation_duration: 1 }
$data merge entity $(bone_drillhead_right3) { transformation: [0.964669162010933f,0.04552009502488235f,-0.259502078631463f,-1.092368508835575f,0.20760000075055776f,0.4751327897999459f,0.855073722988427f,-0.41726654675772357f,0.1622209837027651f,-0.8787358835314774f,0.44889597841889967f,1.5507591400406242f,0f,0f,0f,1f], start_interpolation: 0, interpolation_duration: 1 }
$data merge entity $(bone_drill_right) { transformation: [-0.19784920169026338f,0.06959136784122152f,1.5143509292571038f,-1.2597737506767037f,-1.329189587407059f,0.7263855826821021f,-0.2070387114275392f,-0.15441299741371278f,-0.7289422035720792f,-1.3434161785622918f,-0.03349980683393353f,0.9144153901297858f,0f,0f,0f,1f], start_interpolation: 0, interpolation_duration: 1 }
$data merge entity $(bone_barrel_right) { transformation: [-2.2734358762004714f,0.10447480122834586f,-0.29702327545764073f,-1.3631650456424136f,0.31081912734229306f,1.0904942914614901f,-1.9954603889375433f,-0.9875842893867522f,0.050291950980880996f,-2.01681821432892f,-1.0943324465025868f,1.3593617903162918f,0f,0f,0f,1f], start_interpolation: 0, interpolation_duration: 1 }
$data merge entity $(bone_blaster_right) { transformation: [-0.9905452405832792f,0.04552009502488235f,-0.12941424692335526f,-1.501521575418257f,0.13542515559563892f,0.4751327897999459f,-0.869430192303452f,-0.0294489950396221f,0.02191240720939799f,-0.8787358835314774f,-0.4768050895328651f,0.6449709321088065f,0f,0f,0f,1f], start_interpolation: 0, interpolation_duration: 1 }
$data merge entity $(bone_rocket_right) { transformation: [-2.282508857877031f,0.10489174633206753f,-0.2982086560368558f,-1.0844409143515683f,0.31205956534040097f,1.0948463098440622f,-2.003424007236463f,0.09876154338065679f,0.050492659500749416f,-2.0248670688821173f,-1.0986997824539206f,0.1669007568184458f,0f,0f,0f,1f], start_interpolation: 0, interpolation_duration: 1 }
$data merge entity $(bone_sword_right) { transformation: [-2.638860397267151f,0.1212677332842128f,-0.3447658088257531f,-1.1083648945234243f,0.3607791600559692f,1.265776716778563f,-2.316204054755691f,0.8798329224726007f,0.05837571190551804f,-2.3409948659622266f,-1.2702318040948801f,1.3888341575745637f,0f,0f,0f,1f], start_interpolation: 0, interpolation_duration: 1 }
$data merge entity $(bone_right_hand) { transformation: [-0.9905452405832792f,0.04552009502488235f,-0.12941424692335526f,-1.3467488815771196f,0.13542515559563892f,0.4751327897999459f,-0.869430192303452f,-0.05060917560144068f,0.02191240720939799f,-0.8787358835314774f,-0.4768050895328651f,0.641547118482338f,0f,0f,0f,1f], start_interpolation: 0, interpolation_duration: 1 }
$data merge entity $(bone_right_arm_low) { transformation: [-0.9905452405832792f,0.04552009502488235f,-0.12941424692335526f,-1.2433639042321372f,0.13542515559563892f,0.4751327897999459f,-0.869430192303452f,0.38888984846429486f,0.02191240720939799f,-0.8787358835314774f,-0.4768050895328651f,-0.25345844954762864f,0f,0f,0f,1f], start_interpolation: 0, interpolation_duration: 1 }
$data merge entity $(bone_right_arm) { transformation: [-1.096230639572945f,0.148638239653802f,-0.03093601635858378f,-1.0613124999999999f,0.1498742297176193f,1.0954719805472801f,-0.04744295138793224f,1.49825f,0.02425033323626537f,-0.051183904525410606f,-1.105243913256025f,-0.30617375000000013f,0f,0f,0f,1f], start_interpolation: 0, interpolation_duration: 1 }