# This file was generated by Animated Java via MC-Build. It is not recommended to edit this file directly.
$data merge entity $(bone_drillhead_right1) { transformation: [-0.09869549136561448f,-0.014089966103077313f,0.9950179258884304f,-1.0703379051525417f,-0.9760729447334616f,0.1960562893079809f,-0.09404008710190682f,-0.12665839882272284f,-0.19375450070501293f,-0.9804914095890894f,-0.033102706513995564f,1.8737348949941195f,0f,0f,0f,1f], start_interpolation: 0, interpolation_duration: 1 }
$data merge entity $(bone_drillhead_right2) { transformation: [-0.881507566815401f,-0.014089966103077313f,-0.4719596195676128f,-1.2319914412032908f,0.4604086564383321f,0.1960562893079809f,-0.8657862325651959f,0.16040485830972304f,0.10472955038498712f,-0.9804914095890894f,-0.16633796018395508f,1.9334582635629363f,0f,0f,0f,1f], start_interpolation: 0, interpolation_duration: 1 }
$data merge entity $(bone_drillhead_right3) { transformation: [0.9570458256049058f,-0.014089966103077313f,-0.28959413071994144f,-0.8544227901282705f,0.2866452330202714f,0.1960562893079809f,0.9377613991893354f,0.12484858939204653f,0.04356372434697002f,-0.9804914095890894f,0.1916736748826552f,1.9209227537964417f,0f,0f,0f,1f], start_interpolation: 0, interpolation_duration: 1 }
$data merge entity $(bone_drill_right) { transformation: [-0.15088620180032966f,-0.02154081649903432f,1.5211887947786644f,-1.060023961666677f,-1.4922256049703002f,0.2997319170656083f,-0.14376899454520028f,0.180866980435261f,-0.29621293018136924f,-1.4989805779749352f,-0.05060759702492337f,1.2451713427167586f,0f,0f,0f,1f], start_interpolation: 0, interpolation_duration: 1 }
$data merge entity $(bone_barrel_right) { transformation: [-2.2837012965155474f,-0.032338386093624764f,-0.22651955882166186f,-1.100080959293541f,0.21583477367737364f,0.4499758149411138f,-2.240219991404954f,-0.4874224910668249f,0.07597520790058787f,-2.250360968423429f,-0.44469289743768375f,1.9194309958936522f,0f,0f,0f,1f], start_interpolation: 0, interpolation_duration: 1 }
$data merge entity $(bone_blaster_right) { transformation: [-0.9950179258884304f,-0.014089966103077313f,-0.09869549136561426f,-1.3183193055048572f,0.0940400871019066f,0.1960562893079809f,-0.9760729447334616f,0.21043817362019623f,0.03310270651399552f,-0.9804914095890894f,-0.19375450070501293f,0.9639821030578072f,0f,0f,0f,1f], start_interpolation: 0, interpolation_duration: 1 }
$data merge entity $(bone_rocket_right) { transformation: [-2.2928152461258833f,-0.032467444312309746f,-0.22742356839944952f,-0.9273067243745718f,0.2166961416918575f,0.45177160886105444f,-2.2491604128816522f,0.2092579738431958f,0.07627841489946169f,-2.259341861197178f,-0.44646760793309975f,0.4481787674478884f,0f,0f,0f,1f], start_interpolation: 0, interpolation_duration: 1 }
$data merge entity $(bone_sword_right) { transformation: [-2.6507758470998635f,-0.03753635071362628f,-0.26292955928007905f,-0.9486430735526439f,0.2505273373103558f,0.5223034307704444f,-2.6003055016289376f,1.3144804816379652f,0.08818721011743226f,-2.6120765055634645f,-0.5161713546790219f,1.387217669951325f,0f,0f,0f,1f], start_interpolation: 0, interpolation_duration: 1 }
$data merge entity $(bone_right_hand) { transformation: [-0.9950179258884304f,-0.014089966103077313f,-0.09869549136561426f,-1.16284775458479f,0.0940400871019066f,0.1960562893079809f,-0.9760729447334616f,0.19574441001052334f,0.03310270651399552f,-0.9804914095890894f,-0.19375450070501293f,0.9588098051649954f,0f,0f,0f,1f], start_interpolation: 0, interpolation_duration: 1 }
$data merge entity $(bone_right_arm_low) { transformation: [-0.9950179258884304f,-0.014089966103077313f,-0.09869549136561426f,-1.1178333344250158f,0.0940400871019066f,0.1960562893079809f,-0.9760729447334616f,0.3554209143517144f,0.03310270651399552f,-0.9804914095890894f,-0.19375450070501293f,-0.02980535172825033f,0f,0f,0f,1f], start_interpolation: 0, interpolation_duration: 1 }
$data merge entity $(bone_right_arm) { transformation: [-1.1011805343094916f,0.09202926769803772f,-0.06086068746615658f,-0.9931875f,0.10407361582850529f,1.0690841131069029f,-0.26645791435953925f,1.4392500000000001f,0.03663457219991752f,-0.2708537456329851f,-1.0724122971741508f,-0.30617375000000013f,0f,0f,0f,1f], start_interpolation: 0, interpolation_duration: 1 }