# This file was generated by Animated Java via MC-Build. It is not recommended to edit this file directly.
$data merge entity $(bone_drillhead_right1) { transformation: [-0.11229534049103147f,0.0043463249127700665f,0.9936653692082441f,-1.1045247417148645f,-0.9487078537995053f,0.29694819236277464f,-0.10851349773930001f,-0.3162920517728118f,-0.2955387701184733f,-0.9548836999929537f,-0.029222505789664684f,1.7367692718019727f,0f,0f,0f,1f], start_interpolation: 0, interpolation_duration: 1 }
$data merge entity $(bone_drillhead_right2) { transformation: [-0.8750535304390534f,0.0043463249127700665f,-0.4840066407869851f,-1.2621705347242342f,0.4633081773662616f,0.29694819236277464f,-0.8349654506852564f,-0.03402905982733427f,0.1400958659336584f,-0.9548836999929537f,-0.26185925195811816f,1.8238294084366031f,0f,0f,0f,1f], start_interpolation: 0, interpolation_duration: 1 }
$data merge entity $(bone_drillhead_right3) { transformation: [0.9610006631144823f,0.0043463249127700665f,-0.2765119074348852f,-0.8851133382290368f,0.26280137824116345f,0.29694819236277464f,0.91801808623089f,-0.07508076759790112f,0.08609971595813082f,-0.9548836999929537f,0.28422518959391335f,1.812779458239227f,0f,0f,0f,1f], start_interpolation: 0, interpolation_duration: 1 }
$data merge entity $(bone_drill_right) { transformation: [-0.17167772480911658f,0.006644685069236155f,1.5191209987996468f,-1.079302724302855f,-1.4503897057228918f,0.4539760049535852f,-0.16589602312528795f,0.05454110229739241f,-0.4518212725921268f,-1.459831372835936f,-0.0446755251398124f,1.143796256185289f,0f,0f,0f,1f], start_interpolation: 0, interpolation_duration: 1 }
$data merge entity $(bone_barrel_right) { transformation: [-2.2805969952122376f,0.009975406050607953f,-0.2577330598773334f,-1.141102368303122f,0.2490532170618026f,0.6815364369353637f,-2.1774133906200057f,-0.6792370046694038f,0.06706962017765006f,-2.1915877965197446f,-0.6783016214381706f,1.744289348917675f,0f,0f,0f,1f], start_interpolation: 0, interpolation_duration: 1 }
$data merge entity $(bone_blaster_right) { transformation: [-0.9936653692082441f,0.0043463249127700665f,-0.11229534049103125f,-1.3326974392988515f,0.1085134977392998f,0.29694819236277464f,-0.9487078537995053f,0.11790464066584486f,0.029222505789664618f,-0.9548836999929537f,-0.2955387701184733f,0.8637346396928265f,0f,0f,0f,1f], start_interpolation: 0, interpolation_duration: 1 }
$data merge entity $(bone_rocket_right) { transformation: [-2.289698555966948f,0.010015216575840214f,-0.25876163840650607f,-0.9338661793823068f,0.25004715548713724f,0.6842563586489933f,-2.18610315926587f,0.16300088752817254f,0.06733728615463931f,-2.2003341333434716f,-0.6810086334313017f,0.35594997358689384f,0f,0f,0f,1f], start_interpolation: 0, interpolation_duration: 1 }
$data merge entity $(bone_sword_right) { transformation: [-2.6471725707302745f,0.011578819639990242f,-0.299160214676231f,-0.9508484461621046f,0.2890852027965521f,0.7910843369503959f,-2.527403576734816f,1.165041777585246f,0.07785016784477972f,-2.543856329493395f,-0.7873295679695019f,1.404468809476795f,0f,0f,0f,1f], start_interpolation: 0, interpolation_duration: 1 }
$data merge entity $(bone_right_hand) { transformation: [-0.9936653692082441f,0.0043463249127700665f,-0.11229534049103125f,-1.1774372253600633f,0.1085134977392998f,0.29694819236277464f,-0.9487078537995053f,0.10094940664407925f,0.029222505789664618f,-0.9548836999929537f,-0.2955387701184733f,0.8591686231631914f,0f,0f,0f,1f], start_interpolation: 0, interpolation_duration: 1 }
$data merge entity $(bone_right_arm_low) { transformation: [-0.9936653692082441f,0.0043463249127700665f,-0.11229534049103125f,-1.1144960442621228f,0.1085134977392998f,0.29694819236277464f,-0.9487078537995053f,0.36146838496691314f,0.029222505789664618f,-0.9548836999929537f,-0.2955387701184733f,-0.10677707000781869f,0f,0f,0f,1f], start_interpolation: 0, interpolation_duration: 1 }
$data merge entity $(bone_right_arm) { transformation: [-1.0996836677214434f,0.11258178563704113f,-0.05285026985283353f,-0.969f,0.12009125495267962f,1.0835004754577493f,-0.19072700045024976f,1.4595000000000002f,0.03234037669280473f,-0.19525378295857523f,-1.0888535433242439f,-0.30617375000000013f,0f,0f,0f,1f], start_interpolation: 0, interpolation_duration: 1 }