# This file was generated by Animated Java via MC-Build. It is not recommended to edit this file directly.
$data merge entity $(bone_drillhead_right1) { transformation: [-0.11757719035989801f,0.01370229345126605f,0.9929692097246761f,-1.1246661662333577f,-0.9325929460758293f,0.3420690706268048f,-0.11514837319788526f,-0.39879980239523743f,-0.34124185153154607f,-0.939574902854844f,-0.027440858015609467f,1.6666708039871874f,0f,0f,0f,1f], start_interpolation: 0, interpolation_duration: 1 }
$data merge entity $(bone_drillhead_right2) { transformation: [-0.8723890865037663f,0.01370229345126605f,-0.48862002507398294f,-1.2807230168986563f,0.46327109480326695f,0.3420690706268048f,-0.8175381603572378f,-0.11972205715813318f,0.1559396500858803f,-0.939574902854844f,-0.3047652005337942f,1.765998199705634f,0f,0f,0f,1f], start_interpolation: 0, interpolation_duration: 1 }
$data merge entity $(bone_drillhead_right3) { transformation: [0.9623787720533049f,0.01370229345126605f,-0.2713657057465966f,-0.9039292888684178f,0.25050464440427206f,0.3420690706268048f,0.905668909730484f,-0.16329343847868133f,0.10523555593554056f,-0.939574902854844f,0.32576752399870723f,1.7556302304755276f,0f,0f,0f,1f], start_interpolation: 0, interpolation_duration: 1 }
$data merge entity $(bone_drill_right) { transformation: [-0.17975264549865988f,0.02094814044905173f,1.518056706410304f,-1.0921692642258072f,-1.4257531475058525f,0.5229570480483917f,-0.1760394566652818f,-0.00034996403738823956f,-0.5216923910147901f,-1.4364272008485426f,-0.04195173237224467f,1.0922562731455252f,0f,0f,0f,1f], start_interpolation: 0, interpolation_duration: 1 }
$data merge entity $(bone_barrel_right) { transformation: [-2.278999214635786f,0.031448624698849376f,-0.26985562277765596f,-1.1641514223369862f,0.26428115747650555f,0.7850949814706104f,-2.140427488452537f,-0.7613783728150234f,0.06298049652903734f,-2.156452027642838f,-0.7831964012830646f,1.6566105861694258f,0f,0f,0f,1f], start_interpolation: 0, interpolation_duration: 1 }
$data merge entity $(bone_blaster_right) { transformation: [-0.9929692097246761f,0.01370229345126605f,-0.11757719035989779f,-1.342991796255567f,0.11514837319788505f,0.3420690706268048f,-0.9325929460758293f,0.07836492466385382f,0.02744085801560939f,-0.939574902854844f,-0.34124185153154607f,0.8137776342200684f,0f,0f,0f,1f], start_interpolation: 0, interpolation_duration: 1 }
$data merge entity $(bone_rocket_right) { transformation: [-2.2880943988596933f,0.03157413199757404f,-0.27093258085085664f,-0.9400954824767781f,0.26533586859650937f,0.7882281916287727f,-2.1489696512581973f,0.14433337423587608f,0.06323184335476949f,-2.1650581422634456f,-0.7863220344589887f,0.31151471850308354f,0f,0f,0f,1f], start_interpolation: 0, interpolation_duration: 1 }
$data merge entity $(bone_sword_right) { transformation: [-2.6453179682183405f,0.03650357203168957f,-0.31323131801630183f,-0.9569052638415625f,0.30676083170387036f,0.9112885374882217f,-2.4844726836717363f,1.0953754423352287f,0.07310377206172085f,-2.503072953992276f,-0.9090847858361961f,1.40650444809101f,0f,0f,0f,1f], start_interpolation: 0, interpolation_duration: 1 }
$data merge entity $(bone_right_hand) { transformation: [-0.9929692097246761f,0.01370229345126605f,-0.11757719035989779f,-1.1878403572360865f,0.11514837319788505f,0.3420690706268048f,-0.9325929460758293f,0.06037299135168428f,0.02744085801560939f,-0.939574902854844f,-0.34124185153154607f,0.8094900001551295f,0f,0f,0f,1f], start_interpolation: 0, interpolation_duration: 1 }
$data merge entity $(bone_right_arm_low) { transformation: [-0.9929692097246761f,0.01370229345126605f,-0.11757719035989779f,-1.115751775375775f,0.11514837319788505f,0.3420690706268048f,-0.9325929460758293f,0.36610175908875164f,0.02744085801560939f,-0.939574902854844f,-0.34124185153154607f,-0.14246376418605086f,0f,0f,0f,1f], start_interpolation: 0, interpolation_duration: 1 }
$data merge entity $(bone_right_arm) { transformation: [-1.098913232081909f,0.12176979286447799f,-0.04830946527402684f,-0.9609375f,0.12743403291925576f,1.0882459463381926f,-0.15573472980184516f,1.46875f,0.030368637494203158f,-0.16020254791438807f,-1.0946163108745055f,-0.30617375000000013f,0f,0f,0f,1f], start_interpolation: 0, interpolation_duration: 1 }