# This file was generated by Animated Java via MC-Build. It is not recommended to edit this file directly.
$data merge entity $(bone_drillhead_right1) { transformation: [-0.12711389084666008f,0.03690425745980516f,0.9912013592278633f,-1.1777966258812405f,-0.8877121790679854f,0.44158058125957506f,-0.13028306639323894f,-0.5783880905414664f,-0.4425032721779497f,-0.8964623059759937f,-0.023370666999704748f,1.4902971423974642f,0f,0f,0f,1f], start_interpolation: 0, interpolation_duration: 1 }
$data merge entity $(bone_drillhead_right2) { transformation: [-0.8671062683375093f,0.03690425745980516f,-0.4967542603653642f,-1.3308875668177604f,0.46007860211155244f,0.44158058125957506f,-0.7702819419754926f,-0.3088161168827085f,0.19093035193200553f,-0.8964623059759937f,-0.39987614917037034f,1.6167810342070508f,0f,0f,0f,1f], start_interpolation: 0, interpolation_duration: 1 }
$data merge entity $(bone_drillhead_right3) { transformation: [0.9643950284384717f,0.03690425745980516f,-0.2618784162631581f,-0.9547634032580348f,0.21934688516450734f,0.44158058125957506f,0.8699962840283196f,-0.3581361352808451f,0.14774699012767717f,-0.8964623059759937f,0.4177632832985874f,1.6079706476793971f,0f,0f,0f,1f], start_interpolation: 0, interpolation_duration: 1 }
$data merge entity $(bone_drill_right) { transformation: [-0.19433240485994935f,0.05641942870261137f,1.51535400699492f,-1.1278977335163527f,-1.357139187800106f,0.6750907845244535f,-0.19917745760192668f,-0.12070794244030128f,-0.6765013993983738f,-1.37051642921359f,-0.03572920230026153f,0.9632209067878666f,0f,0f,0f,1f], start_interpolation: 0, interpolation_duration: 1 }
$data merge entity $(bone_barrel_right) { transformation: [-2.2749417576125746f,0.0847002836985578f,-0.291743645796591f,-1.2232595105396762f,0.299017334155668f,1.0134874153530125f,-2.0374200318653495f,-0.9369263129702202f,0.05363885527992296f,-2.057502761678134f,-1.0156051163428654f,1.440227367723228f,0f,0f,0f,1f], start_interpolation: 0, interpolation_duration: 1 }
$data merge entity $(bone_blaster_right) { transformation: [-0.9912013592278633f,0.03690425745980516f,-0.12711389084665986f,-1.3721490563475518f,0.13028306639323875f,0.44158058125957506f,-0.8877121790679854f,-0.007533438480347973f,0.02337066699970465f,-0.8964623059759937f,-0.4425032721779497f,0.6908403796507901f,0f,0f,0f,1f], start_interpolation: 0, interpolation_duration: 1 }
$data merge entity $(bone_rocket_right) { transformation: [-2.284020749062536f,0.08503831132011568f,-0.29290795607262526f,-0.9589659936092458f,0.3002106727592191f,1.0175321094854415f,-2.045551105545538f,0.10484734523543723f,0.05385292085186234f,-2.065713982874913f,-1.0196582619396521f,0.20545843868304137f,0f,0f,0f,1f], start_interpolation: 0, interpolation_duration: 1 }
$data merge entity $(bone_sword_right) { transformation: [-2.640608329048724f,0.09831472557869818f,-0.3386375490535595f,-0.9798245046886239f,0.3470803858864637f,1.1763920115369355f,-2.364908151125768f,0.931737056227916f,0.06226058646945151f,-2.388218912131503f,-1.1788501047402133f,1.3969215813431877f,0f,0f,0f,1f], start_interpolation: 0, interpolation_duration: 1 }
$data merge entity $(bone_right_hand) { transformation: [-0.9912013592278633f,0.03690425745980516f,-0.12711389084665986f,-1.217273843968198f,0.13028306639323875f,0.44158058125957506f,-0.8877121790679854f,-0.027890167604291527f,0.02337066699970465f,-0.8964623059759937f,-0.4425032721779497f,0.6871887129320863f,0f,0f,0f,1f], start_interpolation: 0, interpolation_duration: 1 }
$data merge entity $(bone_right_arm_low) { transformation: [-0.9912013592278633f,0.03690425745980516f,-0.12711389084665986f,-1.1223918106456097f,0.13028306639323875f,0.44158058125957506f,-0.8877121790679854f,0.37780671640983154f,0.02337066699970465f,-0.8964623059759937f,-0.4425032721779497f,-0.22456248698694992f,0f,0f,0f,1f], start_interpolation: 0, interpolation_duration: 1 }
$data merge entity $(bone_right_arm) { transformation: [-1.0969567622495475f,0.14200535690389837f,-0.035948837249816436f,-0.9470625f,0.14418350959284337f,1.0946578882191365f,-0.07554602474742839f,1.4865000000000002f,0.025864180839682307f,-0.07956484716409039f,-1.1035272800340168f,-0.30617375000000013f,0f,0f,0f,1f], start_interpolation: 0, interpolation_duration: 1 }