# This file was generated by Animated Java via MC-Build. It is not recommended to edit this file directly.
$data merge entity $(bone_drillhead_right1) { transformation: [-0.13240880466021857f,0.11106143442124647f,0.9849534335351836f,-1.3683660939897389f,-0.7082215387928914f,0.6846162085446917f,-0.1724033032970084f,-1.015928265688714f,-0.6934624434230603f,-0.7203929516466594f,-0.011993113838052585f,0.8904899661320571f,0f,0f,0f,1f], start_interpolation: 0, interpolation_duration: 1 }
$data merge entity $(bone_drillhead_right2) { transformation: [-0.8593076618771411f,0.11106143442124647f,-0.4992551452148855f,-1.5188106496594398f,0.430304532593591f,0.6846162085446917f,-0.5883354963176219f,-0.7878666523749587f,0.2764567804714733f,-0.7203929516466594f,-0.6360861920755405f,1.084031683259088f,0f,0f,0f,1f], start_interpolation: 0, interpolation_duration: 1 }
$data merge entity $(bone_drillhead_right3) { transformation: [0.9606489735626034f,0.11106143442124647f,-0.2545955761151634f,-1.1450565497352843f,0.11174476608670758f,0.6846162085446917f,0.7202872720311795f,-0.8531923704985781f,0.25429639565936396f,-0.7203929516466594f,0.6452653240121229f,1.079571091305061f,0f,0f,0f,1f], start_interpolation: 0, interpolation_duration: 1 }
$data merge entity $(bone_drill_right) { transformation: [-0.20242729777890073f,0.1697913225259714f,1.5058021443530203f,-1.267367253744041f,-1.0827329247065742f,1.046644967960921f,-0.26357110393169264f,-0.42613796603207743f,-1.0601691397600765f,-1.101340646605901f,-0.01833513739831475f,0.5275615816407225f,0f,0f,0f,1f], start_interpolation: 0, interpolation_duration: 1 }
$data merge entity $(bone_barrel_right) { transformation: [-2.260601919471301f,0.2549010778416028f,-0.30389619222450076f,-1.4242164117301914f,0.39568899918199835f,1.571287192311728f,-1.6254646316220382f,-1.3404202850078923f,0.027525825322959996f,-1.6533996774050153f,-1.5915905029711548f,0.7332984123951657f,0f,0f,0f,1f], start_interpolation: 0, interpolation_duration: 1 }
$data merge entity $(bone_blaster_right) { transformation: [-0.9849534335351836f,0.11106143442124647f,-0.13240880466021834f,-1.4891789909051416f,0.17240330329700823f,0.6846162085446917f,-0.7082215387928914f,-0.22393992301471635f,0.011993113838052431f,-0.7203929516466594f,-0.6934624434230603f,0.28970903641076723f,0f,0f,0f,1f], start_interpolation: 0, interpolation_duration: 1 }
$data merge entity $(bone_rocket_right) { transformation: [-2.26962368252522f,0.2559183543053038f,-0.3051090017048531f,-1.0417864916121138f,0.3972681416054893f,1.577557991525244f,-1.6319516458250736f,0.004065493118664221f,0.02763567724858579f,-1.659998176678369f,-1.5979423300102256f,-0.11870104462321257f,0f,0f,0f,1f], start_interpolation: 0, interpolation_duration: 1 }
$data merge entity $(bone_sword_right) { transformation: [-2.6239635530203502f,0.295873029267531f,-0.3527434553737136f,-1.1071913682368117f,0.459290732809556f,1.823850669346472f,-1.8867364100519712f,0.44059465744182924f,0.03195023493174052f,-1.9191616421793638f,-1.8474174666304648f,1.2629394957331757f,0f,0f,0f,1f], start_interpolation: 0, interpolation_duration: 1 }
$data merge entity $(bone_right_hand) { transformation: [-0.9849534335351836f,0.11106143442124647f,-0.13240880466021834f,-1.3352800169152692f,0.17240330329700823f,0.6846162085446917f,-0.7082215387928914f,-0.2508779391548739f,0.011993113838052431f,-0.7203929516466594f,-0.6934624434230603f,0.2878351123735715f,0f,0f,0f,1f], start_interpolation: 0, interpolation_duration: 1 }
$data merge entity $(bone_right_arm_low) { transformation: [-0.9849534335351836f,0.11106143442124647f,-0.13240880466021834f,-1.1667967680437057f,0.17240330329700823f,0.6846162085446917f,-0.7082215387928914f,0.400831139846477f,0.011993113838052431f,-0.7203929516466594f,-0.6934624434230603f,-0.45497811024493673f,0f,0f,0f,1f], start_interpolation: 0, interpolation_duration: 1 }
$data merge entity $(bone_right_arm) { transformation: [-1.090042219331692f,0.19085995780033202f,0.01234565174150888f,-0.942f,0.19079773007286313f,1.0801890512844416f,0.14683261973515507f,1.4935f,0.013272709124741905f,0.14675172410469758f,-1.096840802121628f,-0.30617375000000013f,0f,0f,0f,1f], start_interpolation: 0, interpolation_duration: 1 }