# This file was generated by Animated Java via MC-Build. It is not recommended to edit this file directly.
$data merge entity $(bone_drillhead_right1) { transformation: [-0.12949089709058104f,0.12604401510743565f,0.9835369915901857f,-1.4103768734999447f,-0.6658678128785552f,0.7239208208294088f,-0.18044029744490125f,-1.0876569741482462f,-0.7347463258451898f,-0.6782710014627424f,-0.009812503845730165f,0.7601774257095901f,0f,0f,0f,1f], start_interpolation: 0, interpolation_duration: 1 }
$data merge entity $(bone_drillhead_right2) { transformation: [-0.8591156750392401f,0.12604401510743565f,-0.4960173012682799f,-1.5613573528322282f,0.4215216777833938f,0.7239208208294088f,-0.5461301313133601f,-0.8697514341398859f,0.29024081735783436f,-0.6782710014627424f,-0.6750620093844599f,0.9646918031031243f,0f,0f,0f,1f], start_interpolation: 0, interpolation_duration: 1 }
$data merge entity $(bone_drillhead_right3) { transformation: [0.9582237169565564f,0.12604401510743565f,-0.2567493223312536f,-1.1881410958204288f,0.08811148248420794f,0.7239208208294088f,0.6842331560397451f,-0.938132265538564f,0.2721096744263176f,-0.6782710014627424f,0.6825721746880193f,0.9610640023381113f,0f,0f,0f,1f], start_interpolation: 0, interpolation_duration: 1 }
$data merge entity $(bone_drill_right) { transformation: [-0.1979663848811062f,0.1926967730346628f,1.5036366802351138f,-1.299769607138511f,-1.0179823191127217f,1.1067340721217798f,-0.27585810411870954f,-0.4788946017609747f,-1.1232841628280579f,-1.0369443810041652f,-0.015001409030414773f,0.4331532948522435f,0f,0f,0f,1f], start_interpolation: 0, interpolation_duration: 1 }
$data merge entity $(bone_barrel_right) { transformation: [-2.2573509928075004f,0.28928813565028355f,-0.2971991980030711f,-1.4669456932540956f,0.41413499244311763f,1.6614966163816558f,-1.5282570776008668f,-1.4020327804779424f,0.022521029191056065f,-1.5567240801680258f,-1.6863426208573045f,0.5838500761975494f,0f,0f,0f,1f], start_interpolation: 0, interpolation_duration: 1 }
$data merge entity $(bone_blaster_right) { transformation: [-0.9835369915901857f,0.12604401510743565f,-0.12949089709058081f,-1.5168052736501267f,0.18044029744490112f,0.7239208208294088f,-0.6658678128785552f,-0.26131137528839943f,0.009812503845730002f,-0.6782710014627424f,-0.7347463258451898f,0.20465518187428813f,0f,0f,0f,1f], start_interpolation: 0, interpolation_duration: 1 }
$data merge entity $(bone_rocket_right) { transformation: [-2.266359781843387f,0.29044264631032807f,-0.2983852806658804f,-1.0623145443310573f,0.4157877503842557f,1.6681274294667778f,-1.5343561493219124f,-0.014271574015595812f,0.022610907637739684f,-1.5629367599285073f,-1.6930725910577442f,-0.1843882939097352f,0f,0f,0f,1f], start_interpolation: 0, interpolation_duration: 1 }
$data merge entity $(bone_sword_right) { transformation: [-2.620190083217515f,0.33578734837360547f,-0.344970008576f,-1.1417143624644654f,0.4807016736742598f,1.9285600561958853f,-1.773904037119427f,0.34254637827146794f,0.02614098451604394f,-1.8069467309951501f,-1.9573997247906685f,1.219229428176059f,0f,0f,0f,1f], start_interpolation: 0, interpolation_duration: 1 }
$data merge entity $(bone_right_hand) { transformation: [-0.9835369915901857f,0.12604401510743565f,-0.12949089709058081f,-1.3631276187141603f,0.18044029744490112f,0.7239208208294088f,-0.6658678128785552f,-0.28950517176416524f,0.009812503845730002f,-0.6782710014627424f,-0.7347463258451898f,0.20312197814839283f,0f,0f,0f,1f], start_interpolation: 0, interpolation_duration: 1 }
$data merge entity $(bone_right_arm_low) { transformation: [-0.9835369915901857f,0.12604401510743565f,-0.12949089709058081f,-1.1796591321664187f,0.18044029744490112f,0.7239208208294088f,-0.6658678128785552f,0.4023297613224823f,0.009812503845730002f,-0.6782710014627424f,-0.7347463258451898f,-0.4987231274873699f,0f,0f,0f,1f], start_interpolation: 0, interpolation_duration: 1 }
$data merge entity $(bone_right_arm) { transformation: [-1.088474651293741f,0.1985764472461854f,0.023713005378477793f,-0.9470624999999999f,0.19969222461387032f,1.0720757874108446f,0.18854309854833945f,1.4865000000000002f,0.010859440766463627f,0.18971789367513076f,-1.0902573879133952f,-0.30617375000000013f,0f,0f,0f,1f], start_interpolation: 0, interpolation_duration: 1 }