# This file was generated by Animated Java via MC-Build. It is not recommended to edit this file directly.
$data merge entity $(bone_drillhead_right1) { transformation: [-0.11567988847357646f,0.1647857609716861f,0.9795222388408154f,-1.5243159178760939f,-0.5458557221327069f,0.8133403155736316f,-0.2012934715224675f,-1.24902976794425f,-0.8298552247336412f,-0.5579634253636772f,-0.004137866444233843f,0.4028434715673983f,0f,0f,0f,1f], start_interpolation: 0, interpolation_duration: 1 }
$data merge entity $(bone_drillhead_right2) { transformation: [-0.8606917713279825f,0.1647857609716861f,-0.48172121372146615f,-1.6783435545145686f,0.3948608596896203f,0.8133403155736316f,-0.42727325278767386f,-1.0602666251705344f,0.32139473588326567f,-0.5579634253636772f,-0.7651027641454176f,0.6325128494743413f,0f,0f,0f,1f], start_interpolation: 0, interpolation_duration: 1 }
$data merge entity $(bone_drillhead_right3) { transformation: [0.9492293248813406f,0.1647857609716861f,-0.2679726511536149f,-1.3066524758093154f,0.02291902295411774f,0.8133403155736316f,0.5813366059774785f,-1.1365757168453392f,0.3137489556510799f,-0.5579634253636772f,0.7682697500125131f,0.6310506327482913f,0f,0f,0f,1f], start_interpolation: 0, interpolation_duration: 1 }
$data merge entity $(bone_drill_right) { transformation: [-0.1768520400977996f,0.2519253639630523f,1.4974989044852989f,-1.3899881709342221f,-0.8345071847149773f,1.243439080042344f,-0.3077385496031857f,-0.6013545243802032f,-1.2686871626219245f,-0.853017506997877f,-0.006325992633387938f,0.17427573358737528f,0f,0f,0f,1f], start_interpolation: 0, interpolation_duration: 1 }
$data merge entity $(bone_barrel_right) { transformation: [-2.248136589910447f,0.3782057048292182f,-0.26550105723170847f,-1.580574273418736f,0.46199585950727773f,1.8667265029676832f,-1.2528130276968188f,-1.5322080992005822f,0.009496965549708256f,-1.2806018512415842f,-1.9046304627650659f,0.17975482708211266f,0f,0f,0f,1f], start_interpolation: 0, interpolation_duration: 1 }
$data merge entity $(bone_blaster_right) { transformation: [-0.9795222388408154f,0.1647857609716861f,-0.11567988847357624f,-1.5942654822471156f,0.20129347152246738f,0.8133403155736316f,-0.5458557221327069f,-0.3469169452140827f,0.004137866444233659f,-0.5579634253636772f,-0.8298552247336412f,-0.026200267484331644f,0f,0f,0f,1f], start_interpolation: 0, interpolation_duration: 1 }
$data merge entity $(bone_rocket_right) { transformation: [-2.2571086054839626f,0.37971507373898516f,-0.2665606368101729f,-1.12117168526179f,0.4638396238341438f,1.8741763613665396f,-1.2578128386716703f,-0.05613824286656344f,0.009534866682226417f,-1.285712563733155f,-1.912231590850616f,-0.3587289399549927f,0f,0f,0f,1f], start_interpolation: 0, interpolation_duration: 1 }
$data merge entity $(bone_sword_right) { transformation: [-2.6094945878468097f,0.43899723187368545f,-0.3081768140882167f,-1.244590790773605f,0.5362555373203101f,2.166777912136741f,-1.4541860267881013f,0.0899615398037612f,0.011023476204316606f,-1.4864415334010619f,-2.2107744283596156f,1.0790431803219351f,0f,0f,0f,1f], start_interpolation: 0, interpolation_duration: 1 }
$data merge entity $(bone_right_hand) { transformation: [-0.9795222388408154f,0.1647857609716861f,-0.11567988847357624f,-1.4412151324282383f,0.20129347152246738f,0.8133403155736316f,-0.5458557221327069f,-0.3783690501394682f,0.004137866444233659f,-0.5579634253636772f,-0.8298552247336412f,-0.026846809116243153f,0f,0f,0f,1f], start_interpolation: 0, interpolation_duration: 1 }
$data merge entity $(bone_right_arm_low) { transformation: [-0.9795222388408154f,0.1647857609716861f,-0.11567988847357624f,-1.2188242280438004f,0.20129347152246738f,0.8133403155736316f,-0.5458557221327069f,0.40533243214736214f,0.004137866444233659f,-0.5579634253636772f,-0.8298552247336412f,-0.6110018269056112f,0f,0f,0f,1f], start_interpolation: 0, interpolation_duration: 1 }
$data merge entity $(bone_right_arm) { transformation: [-1.084031547845404f,0.21564713777591826f,0.05607043587292678f,-0.969f,0.22277031072199746f,1.0432023735482352f,0.29474425357957573f,1.4595000000000002f,0.004579352656279133f,0.2999951638383704f,-1.0652482854888181f,-0.30617375000000013f,0f,0f,0f,1f], start_interpolation: 0, interpolation_duration: 1 }