# This file was generated by Animated Java via MC-Build. It is not recommended to edit this file directly.
$data merge entity $(bone_drillhead_right1) { transformation: [-0.10601139384139063f,0.18258440679470264f,0.9774581928508411f,-1.5813233351066098f,-0.48483160928960084f,0.8487431547900057f,-0.21112405791563482f,-1.3102929693525835f,-0.8681589111501773f,-0.4962841843062651f,-0.0014537530751648593f,0.22614360139410067f,0f,0f,0f,1f], start_interpolation: 0, interpolation_duration: 1 }
$data merge entity $(bone_drillhead_right2) { transformation: [-0.8624848141953316f,0.18258440679470264f,-0.4719988132165917f,-1.7376258588781694f,0.3805902202910172f,0.8487431547900057f,-0.3671323213991702f,-1.1364949535090694f,0.33357312466875905f,-0.4962841843062651f,-0.8015179217623183f,0.46586809079371294f,0f,0f,0f,1f], start_interpolation: 0, interpolation_duration: 1 }
$data merge entity $(bone_drillhead_right3) { transformation: [0.9436224223253931f,0.18258440679470264f,-0.2761152992504839f,-1.3667192315879417f,-0.009516171566947923f,0.8487431547900057f,0.5287196796751724f,-1.2165421574607322f,0.33088693924581875f,-0.4962841843062651f,0.802630576195549f,0.4654293302993653f,0f,0f,0f,1f], start_interpolation: 0, interpolation_duration: 1 }
$data merge entity $(bone_drill_right) { transformation: [-0.1620707931331013f,0.27913603010661153f,1.4943433797955772f,-1.4366946750776846f,-0.7412131904531588f,1.2975631324017158f,-0.32276760333006954f,-0.6496382887655312f,-1.3272460458938264f,-0.7587219491734164f,-0.0022225055758078606f,0.04617605074624506f,0f,0f,0f,1f], start_interpolation: 0, interpolation_duration: 1 }
$data merge entity $(bone_barrel_right) { transformation: [-2.243399323997209f,0.41905601464243214f,-0.24331054874698776f,-1.6362890451334926f,0.48455839060091516f,1.947980827854922f,-1.1127543996132292f,-1.576447043589644f,0.0033365607756289527f,-1.1390396149179132f,-1.9925426260084214f,-0.01729898454356882f,0f,0f,0f,1f], start_interpolation: 0, interpolation_duration: 1 }
$data merge entity $(bone_blaster_right) { transformation: [-0.9774581928508411f,0.18258440679470264f,-0.10601139384139041f,-1.6348857017733631f,0.2111240579156347f,0.8487431547900057f,-0.4848316092896009f,-0.37952456378300387f,0.0014537530751646665f,-0.4962841843062651f,-0.8681589111501773f,-0.13934273840520506f,0f,0f,0f,1f], start_interpolation: 0, interpolation_duration: 1 }
$data merge entity $(bone_rocket_right) { transformation: [-2.252352433769476f,0.4207284117318355f,-0.24428156894316083f,-1.1531268196454445f,0.48649219900306495f,1.9557549615098175f,-1.1171952551411515f,-0.0712241104968277f,0.003349876548067013f,-1.143585371261082f,-2.0004945999016774f,-0.4423353496920093f,0f,0f,0f,1f], start_interpolation: 0, interpolation_duration: 1 }
$data merge entity $(bone_sword_right) { transformation: [-2.6039958695672953f,0.48641368461408296f,-0.28241947707749976f,-1.3009178269886141f,0.5624446946167169f,2.2610927869463904f,-1.2916148406752792f,-0.02530831316420812f,0.003872868456970638f,-1.3221250540607985f,-2.3128173003181116f,0.9998212470931894f,0f,0f,0f,1f], start_interpolation: 0, interpolation_duration: 1 }
$data merge entity $(bone_right_hand) { transformation: [-0.9774581928508411f,0.18258440679470264f,-0.10601139384139041f,-1.4821578591404192f,0.2111240579156347f,0.8487431547900057f,-0.4848316092896009f,-0.4125126978323218f,0.0014537530751646665f,-0.4962841843062651f,-0.8681589111501773f,-0.13956988732319953f,0f,0f,0f,1f], start_interpolation: 0, interpolation_duration: 1 }
$data merge entity $(bone_right_arm_low) { transformation: [-0.9774581928508411f,0.18258440679470264f,-0.10601139384139041f,-1.2417951713500823f,0.2111240579156347f,0.8487431547900057f,-0.4848316092896009f,0.40788421554765675f,0.0014537530751646665f,-0.4962841843062651f,-0.8681589111501773f,-0.6630748971701055f,0f,0f,0f,1f], start_interpolation: 0, interpolation_duration: 1 }
$data merge entity $(bone_right_arm) { transformation: [-1.0817472801885677f,0.22207623873073531f,0.0726425806939282f,-0.9854999999999999f,0.23364976333822846f,1.0257465331102094f,0.343545945163677f,1.4440000000000002f,0.0016088600480584647f,0.3511383951344879f,-1.0495099892643946f,-0.30617375000000013f,0f,0f,0f,1f], start_interpolation: 0, interpolation_duration: 1 }