# This file was generated by Animated Java via MC-Build. It is not recommended to edit this file directly.
$data merge entity $(bone_drillhead_right1) { transformation: [-0.09897715246130928f,0.19337613218481922f,0.9761194572345591f,-1.6266072543438277f,-0.44563356531142034f,0.8684583855913144f,-0.21723433882321613f,-1.3376297630742688f,-0.8897270641935551f,-0.45649283017082226f,0.00021735719467943888f,0.11400964467110447f,0f,0f,0f,1f], start_interpolation: 0, interpolation_duration: 1 }
$data merge entity $(bone_drillhead_right2) { transformation: [-0.8639398713954188f,0.19337613218481922f,-0.4649877096381224f,-1.784595785788238f,0.3712349417478582f,0.8684583855913144f,-0.3285797475828238f,-1.1734831758959063f,0.34028299493029585f,-0.45649283017082226f,-0.8220838031270905f,0.35936567560603205f,0f,0f,0f,1f], start_interpolation: 0, interpolation_duration: 1 }
$data merge entity $(bone_drillhead_right3) { transformation: [0.9396937042546522f,0.19337613218481922f,-0.2821017789476168f,-1.414198051158729f,-0.03016177704692466f,0.8684583855913144f,0.4948437123996823f,-1.2558539987701147f,0.3406846186571127f,-0.45649283017082226f,0.8219174451324722f,0.35956381549680894f,0f,0f,0f,1f], start_interpolation: 0, interpolation_duration: 1 }
$data merge entity $(bone_drill_right) { transformation: [-0.15131680680909212f,0.29563447833820095f,1.4922967135339207f,-1.4759433599052023f,-0.6812870084965782f,1.32770388404159f,-0.3321090338789348f,-0.6706839442750334f,-1.3602195550940381f,-0.6978887114346498f,0.00033229685657739733f,-0.0351682399778446f,0f,0f,0f,1f], start_interpolation: 0, interpolation_duration: 1 }
$data merge entity $(bone_barrel_right) { transformation: [-2.2403267439129206f,0.44382449028878185f,-0.22716600929524694f,-1.6803836830582375f,0.49858231526363755f,1.9932299605294426f,-1.0227895642823313f,-1.5924996899829986f,-0.0004988642861420429f,-1.047713052184802f,-2.042044466917095f,-0.14147602857111133f,0f,0f,0f,1f], start_interpolation: 0, interpolation_duration: 1 }
$data merge entity $(bone_blaster_right) { transformation: [-0.9761194572345591f,0.19337613218481922f,-0.09897715246130906f,-1.670362374634392f,0.21723433882321602f,0.8684583855913144f,-0.4456335653114204f,-0.39141465873371734f,-0.00021735719467963645f,-0.45649283017082226f,-0.8897270641935551f,-0.21086184111293935f,0f,0f,0f,1f], start_interpolation: 0, interpolation_duration: 1 }
$data merge entity $(bone_rocket_right) { transformation: [-2.249267591424749f,0.4455957350862064f,-0.22807259877131236f,-1.1833118510692748f,0.5005720912929504f,2.0011846774837987f,-1.0268713820599318f,-0.07328901391695547f,-0.0005008551874798107f,-1.051894336303821f,-2.0501939961054982f,-0.49462789635010906f,0f,0f,0f,1f], start_interpolation: 0, interpolation_duration: 1 }
$data merge entity $(bone_sword_right) { transformation: [-2.6004294131799655f,0.515163362653414f,-0.26367991805262964f,-1.34734157731992f,0.5787227782847574f,2.313615114703899f,-1.1871893569452807f,-0.08962799229602514f,-0.0005790500722242944f,-1.2161189633951954f,-2.3702759024864f,0.9464110964044007f,0f,0f,0f,1f], start_interpolation: 0, interpolation_duration: 1 }
$data merge entity $(bone_right_hand) { transformation: [-0.9761194572345591f,0.19337613218481922f,-0.09897715246130906f,-1.5178437094414923f,0.21723433882321602f,0.8684583855913144f,-0.4456335653114204f,-0.42535752417484485f,-0.00021735719467963645f,-0.45649283017082226f,-0.8897270641935551f,-0.21082787905127065f,0f,0f,0f,1f], start_interpolation: 0, interpolation_duration: 1 }
$data merge entity $(bone_right_arm_low) { transformation: [-0.9761194572345591f,0.19337613218481922f,-0.09897715246130906f,-1.266553147193929f,0.21723433882321602f,0.8684583855913144f,-0.4456335653114204f,0.4155976663240366f,-0.00021735719467963645f,-0.45649283017082226f,-0.8897270641935551f,-0.695111095153474f,0f,0f,0f,1f], start_interpolation: 0, interpolation_duration: 1 }
$data merge entity $(bone_right_arm) { transformation: [-1.0802657092913195f,0.2255068050492378f,0.08333460709594617f,-1.0068124999999999f,0.24041197557534338f,1.0136737249872343f,0.37341617507078234f,1.4392500000000001f,-0.00024054793943498472f,0.3826019324062775f,-1.0384544679424799f,-0.30617375000000013f,0f,0f,0f,1f], start_interpolation: 0, interpolation_duration: 1 }