# This file was generated by Animated Java via MC-Build. It is not recommended to edit this file directly.
$data merge entity $(bone_drillhead_right1) { transformation: [-0.11522936412066989f,0.165661325802961f,0.979427648567035f,-1.5883134686951432f,-0.5428428636050888f,0.8152399870454218f,-0.20175576560586195f,-1.251641954202099f,-0.831891711148376f,-0.5549234980205701f,-0.004011516825492194f,0.39407271526327137f,0f,0f,0f,1f], start_interpolation: 0, interpolation_duration: 1 }
$data merge entity $(bone_drillhead_right2) { transformation: [-0.8607767895157966f,0.165661325802961f,-0.4812687853622793f,-1.7424474101152385f,0.39413499268869023f,0.8152399870454218f,-0.42431282217305993f,-1.0636220406361518f,0.3220573336677253f,-0.5549234980205701f,-0.7670325841680065f,0.6242797965430764f,0f,0f,0f,1f], start_interpolation: 0, interpolation_duration: 1 }
$data merge entity $(bone_drillhead_right3) { transformation: [0.948969526657686f,0.165661325802961f,-0.26835268325152456f,-1.3707922819028235f,0.021338947869889185f,0.8152399870454218f,0.5787299999360556f,-1.1401069397389065f,0.3146450170889315f,-0.5549234980205701f,0.7701028662235457f,0.6228657874492808f,0f,0f,0f,1f], start_interpolation: 0, interpolation_duration: 1 }
$data merge entity $(bone_drill_right) { transformation: [-0.1761632760267358f,0.2532639322197482f,1.4973542943623797f,-1.4534744741581065f,-0.8299011102783044f,1.246343308078304f,-0.3084453073019721f,-0.6032231765358679f,-1.2718005540837394f,-0.8483700496094618f,-0.0061328286518619385f,0.16792694393070112f,0f,0f,0f,1f], start_interpolation: 0, interpolation_duration: 1 }
$data merge entity $(bone_barrel_right) { transformation: [-2.247919492383609f,0.3802152450478837f,-0.26446704264556326f,-1.6445169043312138f,0.4630568872236143f,1.8710865070341498f,-1.2458981081293183f,-1.5339971773695824f,0.00920697601220629f,-1.2736248050656893f,-1.9093044757096205f,0.16992942419144777f,0f,0f,0f,1f], start_interpolation: 0, interpolation_duration: 1 }
$data merge entity $(bone_blaster_right) { transformation: [-0.979427648567035f,0.165661325802961f,-0.11522936412066967f,-1.6574554066965133f,0.20175576560586184f,0.8152399870454218f,-0.5428428636050888f,-0.34797413877672695f,0.0040115168254920095f,-0.5549234980205701f,-0.831891711148376f,-0.031817984662338226f,0f,0f,0f,1f], start_interpolation: 0, interpolation_duration: 1 }
$data merge entity $(bone_rocket_right) { transformation: [-2.2568906415496297f,0.3817326337666864f,-0.2655224956086736f,-1.1839340968222167f,0.46490488597166174f,1.878553765632158f,-1.2508703225754148f,-0.05624510400671551f,0.009243719834862454f,-1.2787076730894338f,-1.9169242571621934f,-0.3629026443297529f,0f,0f,0f,1f], start_interpolation: 0, interpolation_duration: 1 }
$data merge entity $(bone_sword_right) { transformation: [-2.6092425947855955f,0.4413297789031686f,-0.30697659543672984f,-1.30852162328704f,0.5374871111026869f,2.1718387287550445f,-1.446159626049031f,0.0847980214370852f,0.010686874713090613f,-1.4783430200292031f,-2.216199726598646f,1.0752735885991906f,0f,0f,0f,1f], start_interpolation: 0, interpolation_duration: 1 }
$data merge entity $(bone_right_hand) { transformation: [-0.979427648567035f,0.165661325802961f,-0.11522936412066967f,-1.504419836607914f,0.20175576560586184f,0.8152399870454218f,-0.5428428636050888f,-0.37949847715264284f,0.0040115168254920095f,-0.5549234980205701f,-0.831891711148376f,-0.03244478416632135f,0f,0f,0f,1f], start_interpolation: 0, interpolation_duration: 1 }
$data merge entity $(bone_right_arm_low) { transformation: [-0.979427648567035f,0.165661325802961f,-0.11522936412066967f,-1.2811452003982842f,0.20175576560586184f,0.8152399870454218f,-0.5428428636050888f,0.40616793505475357f,0.0040115168254920095f,-0.5549234980205701f,-0.831891711148376f,-0.6136156179618715f,0f,0f,0f,1f], start_interpolation: 0, interpolation_duration: 1 }
$data merge entity $(bone_right_arm) { transformation: [-1.0839268653411878f,0.21596579516314093f,0.05686215301241222f,-1.031f,0.2232819288873746f,1.0423946774360795f,0.29720446702445924f,1.4595000000000002f,0.004439522270257192f,0.3025625394964019f,-1.0645225121478306f,-0.30617375000000013f,0f,0f,0f,1f], start_interpolation: 0, interpolation_duration: 1 }