# This file was generated by Animated Java via MC-Build. It is not recommended to edit this file directly.
$data merge entity $(bone_drillhead_right1) { transformation: [-0.12241873401863963f,0.14896537157516362f,0.98123543129707f,-1.5573978428315394f,-0.5966879074515907f,0.778991957018291f,-0.1927046237168558f,-1.1907686890559255f,-0.7930808247980249f,-0.6090819722929636f,-0.006477373340948653f,0.5523987407177504f,0f,0f,0f,1f], start_interpolation: 0, interpolation_duration: 1 }
$data merge entity $(bone_drillhead_right2) { transformation: [-0.8596957102302061f,0.14896537157516362f,-0.4886027055627664f,-1.7098920251076866f,0.40637843414660996f,0.778991957018291f,-0.47752287815492417f,-0.9896157663975522f,0.30948320483078134f,-0.6090819722929636f,-0.7302323581952407f,0.7723693890877774f,0f,0f,0f,1f], start_interpolation: 0, interpolation_duration: 1 }
$data merge entity $(bone_drillhead_right3) { transformation: [0.95339095287029f,0.14896537157516362f,-0.2624023800512377f,-1.3375500058994583f,0.05030671880202564f,0.778991957018291f,0.6250126118281031f,-1.0626592437966054f,0.29751457952250787f,-0.6090819722929636f,0.7351899251208894f,0.7700146745709282f,0f,0f,0f,1f], start_interpolation: 0, interpolation_duration: 1 }
$data merge entity $(bone_drill_right) { transformation: [-0.1871544236691722f,0.22773906695987284f,1.5001180423922136f,-1.4325591490144853f,-0.9122197049714906f,1.1909271234293306f,-0.29460787255504095f,-0.557190663474824f,-1.2124662608056882f,-0.9311678184354993f,-0.009902643449414564f,0.2826496691784094f,0f,0f,0f,1f], start_interpolation: 0, interpolation_duration: 1 }
$data merge entity $(bone_barrel_right) { transformation: [-2.2520685993061935f,0.3418957622279728f,-0.28096762311748164f,-1.6141632762866487f,0.4422832871415719f,1.7878923544311394f,-1.3694797977088295f,-1.487567579234629f,0.014866451660688899f,-1.397925860046921f,-1.820228219723502f,0.34791984813196564f,0f,0f,0f,1f], start_interpolation: 0, interpolation_duration: 1 }
$data merge entity $(bone_blaster_right) { transformation: [-0.98123543129707f,0.14896537157516362f,-0.12241873401863941f,-1.6421210452431665f,0.19270462371685565f,0.778991957018291f,-0.5966879074515907f,-0.3172966068310707f,0.006477373340948477f,-0.6090819722929636f,-0.7930808247980249f,0.07006325886277592f,0f,0f,0f,1f], start_interpolation: 0, interpolation_duration: 1 }
$data merge entity $(bone_rocket_right) { transformation: [-2.2610563070087784f,0.3432602229626965f,-0.28208892771328653f,-1.176662636367315f,0.44404838120122514f,1.7950275961774451f,-1.3749452103211248f,-0.04337987592262221f,0.014925781701586429f,-1.4035047971289696f,-1.8274925096283086f,-0.28667671175334275f,0f,0f,0f,1f], start_interpolation: 0, interpolation_duration: 1 }
$data merge entity $(bone_sword_right) { transformation: [-2.614058615354574f,0.3968509498691954f,-0.326129424331133f,-1.2807344840459884f,0.5133744316385165f,2.07527222477465f,-1.5896054253665646f,0.1895281279079728f,0.017256035653331555f,-1.6226238131504493f,-2.1128056495018037f,1.1411499598772372f,0f,0f,0f,1f], start_interpolation: 0, interpolation_duration: 1 }
$data merge entity $(bone_right_hand) { transformation: [-0.98123543129707f,0.14896537157516362f,-0.12241873401863941f,-1.4888030091029993f,0.19270462371685565f,0.778991957018291f,-0.5966879074515907f,-0.3474067042868294f,0.006477373340948477f,-0.6090819722929636f,-0.7930808247980249f,0.06905116927825272f,0f,0f,0f,1f], start_interpolation: 0, interpolation_duration: 1 }
$data merge entity $(bone_right_arm_low) { transformation: [-0.98123543129707f,0.14896537157516362f,-0.12241873401863941f,-1.2823360085098514f,0.19270462371685565f,0.778991957018291f,-0.5966879074515907f,0.40089471664129595f,0.006477373340948477f,-0.6090819722929636f,-0.7930808247980249f,-0.5652194146234584f,0f,0f,0f,1f], start_interpolation: 0, interpolation_duration: 1 }
$data merge entity $(bone_right_arm) { transformation: [-1.0859275279431182f,0.20915034446592348f,0.04230267130054113f,-1.0390625f,0.21326508295713914f,1.0564033304708167f,0.2515988598850935f,1.46875f,0.007168471291749858f,0.2550296361483894f,-1.0768846160287495f,-0.30617375000000013f,0f,0f,0f,1f], start_interpolation: 0, interpolation_duration: 1 }