# This file was generated by Animated Java via MC-Build. It is not recommended to edit this file directly.
$data merge entity $(bone_drillhead_right1) { transformation: [-0.134140455003872f,0.07692341897915597f,0.9879722293384119f,-1.4004384276213044f,-0.7969522243941718f,0.5841636538556539f,-0.15368792258077263f,-0.8352393614842988f,-0.5889596678589596f,-0.8079824336745007f,-0.017055688461478594f,1.1743225459665267f,0f,0f,0f,1f], start_interpolation: 0, interpolation_duration: 1 }
$data merge entity $(bone_drillhead_right2) { transformation: [-0.8614339916354092f,0.07692341897915597f,-0.5020102246644418f,-1.550978403268994f,0.44696953872871f,0.5841636538556539f,-0.6774740267808473f,-0.5862573366694876f,0.24114250870331894f,-0.8079824336745007f,-0.53760085320775f,1.3400021377016467f,0f,0f,0f,1f], start_interpolation: 0, interpolation_duration: 1 }
$data merge entity $(bone_drillhead_right3) { transformation: [0.9641006511152024f,0.07692341897915597f,-0.2541509829447846f,-1.1760786074832432f,0.16299128659559986f,0.5841636538556539f,0.7951016702333878f,-0.6444700387738809f,0.20962770573842093f,-0.8079824336745007f,0.5506547120113267f,1.333606985430592f,0f,0f,0f,1f], start_interpolation: 0, interpolation_duration: 1 }
$data merge entity $(bone_drill_right) { transformation: [-0.2050746542040508f,0.11760093960385312f,1.5104172957288065f,-1.3222150386768459f,-1.2183848774783586f,0.8930725582343155f,-0.2349589285177325f,-0.29744164740314766f,-0.9004047304209783f,-1.2352479211730925f,-0.026074828904887642f,0.7333859340588018f,0f,0f,0f,1f], start_interpolation: 0, interpolation_duration: 1 }
$data merge entity $(bone_barrel_right) { transformation: [-2.267530465892807f,0.17654969532157427f,-0.30787056497902376f,-1.452949938306376f,0.35273465826569f,1.340734934495041f,-1.829113607661771f,-1.1788347516102984f,0.039145121750109084f,-1.8544294362302198f,-1.3517424380911964f,1.063379937877932f,0f,0f,0f,1f], start_interpolation: 0, interpolation_duration: 1 }
$data merge entity $(bone_blaster_right) { transformation: [-0.9879722293384119f,0.07692341897915597f,-0.13414045500387178f,-1.5546055683749969f,0.15368792258077246f,0.5841636538556539f,-0.7969522243941718f,-0.13310964136645406f,0.017055688461478462f,-0.8079824336745007f,-0.5889596678589596f,0.4771673513732114f,0f,0f,0f,1f], start_interpolation: 0, interpolation_duration: 1 }
$data merge entity $(bone_rocket_right) { transformation: [-2.2765798798584513f,0.1772542817879988f,-0.30909923565500297f,-1.123163919154431f,0.3541423755998955f,1.3460856301628366f,-1.836413357973795f,0.04672695298829832f,0.039301344749879376f,-1.861830218663331f,-1.357137063248923f,0.029437281857300435f,0f,0f,0f,1f], start_interpolation: 0, interpolation_duration: 1 }
$data merge entity $(bone_sword_right) { transformation: [-2.632005770948614f,0.2049277061257222f,-0.35735665558563967f,-1.1628369492377455f,0.4094320540047693f,1.5562402084480653f,-2.1231192451435863f,0.662701401158157f,0.045437178419654264f,-2.1525042557931644f,-1.569017021560215f,1.3419797085365726f,0f,0f,0f,1f], start_interpolation: 0, interpolation_duration: 1 }
$data merge entity $(bone_right_hand) { transformation: [-0.9879722293384119f,0.07692341897915597f,-0.13414045500387178f,-1.40023490754087f,0.15368792258077246f,0.5841636538556539f,-0.7969522243941718f,-0.15712337926969977f,0.017055688461478462f,-0.8079824336745007f,-0.5889596678589596f,0.4745024000511054f,0f,0f,0f,1f], start_interpolation: 0, interpolation_duration: 1 }
$data merge entity $(bone_right_arm_low) { transformation: [-0.9879722293384119f,0.07692341897915597f,-0.13414045500387178f,-1.2657551134469343f,0.15368792258077246f,0.5841636538556539f,-0.7969522243941718f,0.39253002241233803f,0.017055688461478462f,-0.8079824336745007f,-0.5889596678589596f,-0.35295100377283023f,0f,0f,0f,1f], start_interpolation: 0, interpolation_duration: 1 }
$data merge entity $(bone_right_arm) { transformation: [-1.0933831030374828f,0.17074420066656817f,-0.01147982860883343f,-1.0613124999999999f,0.17008552740725918f,1.0924524639062576f,0.04889280116509349f,1.49825f,0.01887543092880219f,0.046540418755202186f,-1.1055540177048657f,-0.30617375000000013f,0f,0f,0f,1f], start_interpolation: 0, interpolation_duration: 1 }