# This file was generated by Animated Java via MC-Build. It is not recommended to edit this file directly.
$data merge entity $(bone_drillhead_right1) { transformation: [-0.11494990381425607f,0.00903007882527039f,0.9933302458344369f,-1.1961250764318516f,-0.9407890974489078f,0.32003329692118254f,-0.11177908115129387f,-0.3449192353036724f,-0.31890812741973606f,-0.9473632600740687f,-0.028292396990530558f,1.7016403351490514f,0f,0f,0f,1f], start_interpolation: 0, interpolation_duration: 1 }
$data merge entity $(bone_drillhead_right2) { transformation: [-0.8737280594091646f,0.00903007882527039f,-0.48633089134611307f,-1.3529750960254685f,0.46329480618200164f,0.32003329692118254f,-0.8263997891012194f,-0.06422045531066703f,0.14817962331534312f,-0.9473632600740687f,-0.2838056600844237f,1.7949694642049185f,0f,0f,0f,1f], start_interpolation: 0, interpolation_duration: 1 }
$data merge entity $(bone_drillhead_right3) { transformation: [0.9617069068925176f,0.00903007882527039f,-0.27393116454984845f,-0.9760447157445173f,0.25675399570480445f,0.32003329692118254f,0.9119517939844055f,-0.10651230589930274f,0.0959020903048729f,-0.9473632600740687f,0.3054597232647676f,1.7842754783199148f,0f,0f,0f,1f], start_interpolation: 0, interpolation_duration: 1 }
$data merge entity $(bone_drill_right) { transformation: [-0.17573603559654702f,0.013805233421000344f,1.5186086603705187f,-1.1672592393001433f,-1.4382834681208347f,0.48926863784679553f,-0.17088846473412098f,0.04010216341453094f,-0.487548472618316f,-1.4483340835522283f,-0.043253569769606814f,1.1179489256308925f,0f,0f,0f,1f], start_interpolation: 0, interpolation_duration: 1 }
$data merge entity $(bone_barrel_right) { transformation: [-2.2798278415484248f,0.020725257489702643f,-0.2638256432823186f,-1.2341618672308488f,0.25654817456740864f,0.7345198876236123f,-2.1592387691643133f,-0.7077892669714618f,0.06493489414385868f,-2.174327365379481f,-0.7319374707822687f,1.7002065210410338f,0f,0f,0f,1f], start_interpolation: 0, interpolation_duration: 1 }
$data merge entity $(bone_blaster_right) { transformation: [-0.9933302458344369f,0.00903007882527039f,-0.11494990381425585f,-1.41937016004716f,0.11177908115129366f,0.32003329692118254f,-0.9407890974489078f,0.1112709029262754f,0.02829239699053049f,-0.9473632600740687f,-0.31890812741973606f,0.8386042948050169f,0f,0f,0f,1f], start_interpolation: 0, interpolation_duration: 1 }
$data merge entity $(bone_rocket_right) { transformation: [-2.2889263327126663f,0.020807969249209277f,-0.26487853650546395f,-1.0184990772526756f,0.25757202437613735f,0.7374512592762034f,-2.167856005301488f,0.1670779810785969f,0.0651940407117932f,-2.183004818107068f,-0.7348585363510471f,0.333497120526846f,0f,0f,0f,1f], start_interpolation: 0, interpolation_duration: 1 }
$data merge entity $(bone_sword_right) { transformation: [-2.646279785864822f,0.02405656644433021f,-0.3062320996731953f,-1.0353840205658307f,0.2977848748426353f,0.8525841712740482f,-2.506307627076934f,1.143416700247747f,0.07537231304862776f,-2.5238215140615563f,-0.8495866653390023f,1.4059912678711197f,0f,0f,0f,1f], start_interpolation: 0, interpolation_duration: 1 }
$data merge entity $(bone_right_hand) { transformation: [-0.9933302458344369f,0.00903007882527039f,-0.11494990381425585f,-1.2641623091355292f,0.11177908115129366f,0.32003329692118254f,-0.9407890974489078f,0.09380542149638577f,0.02829239699053049f,-0.9473632600740687f,-0.31890812741973606f,0.8341836077752465f,0f,0f,0f,1f], start_interpolation: 0, interpolation_duration: 1 }
$data merge entity $(bone_right_arm_low) { transformation: [-0.9933302458344369f,0.00903007882527039f,-0.11494990381425585f,-1.196641274439802f,0.11177908115129366f,0.32003329692118254f,-0.9407890974489078f,0.37745286655033405f,0.02829239699053049f,-0.9473632600740687f,-0.31890812741973606f,-0.12491380609259703f,0f,0f,0f,1f], start_interpolation: 0, interpolation_duration: 1 }
$data merge entity $(bone_right_arm) { transformation: [-1.0993127886385374f,0.11716173151419895f,-0.050561842711528374f,-1.0465f,0.12370525706549665f,1.0860754506789012f,-0.17294248564482068f,1.4780000000000002f,0.03131103071043765f,-0.17744075810039917f,-1.0919278251123714f,-0.30617375000000013f,0f,0f,0f,1f], start_interpolation: 0, interpolation_duration: 1 }