# This file was generated by Animated Java via MC-Build. It is not recommended to edit this file directly.
$data merge entity $(bone_drillhead_right1) { transformation: [-0.13300941088992985f,0.06406144641511434f,0.9890422780133907f,-1.3675882426867894f,-0.8277357179251408f,0.5416826388821885f,-0.1464018442663224f,-0.7554643482613508f,-0.5451257450218855f,-0.8381384431087934f,-0.019022941347284886f,1.2775834182707286f,0f,0f,0f,1f], start_interpolation: 0, interpolation_duration: 1 }
$data merge entity $(bone_drillhead_right2) { transformation: [-0.8628554195486927f,0.06406144641511434f,-0.5013747660569419f,-1.5186432910405179f,0.45201841306633483f,0.5416826388821885f,-0.7087025278511578f,-0.4993749183161607f,0.2261854973344711f,-0.8381384431087934f,-0.4963507539822278f,1.4315465187318668f,0f,0f,0f,1f], start_interpolation: 0, interpolation_duration: 1 }
$data merge entity $(bone_drillhead_right3) { transformation: [0.9646564153411264f,0.06406144641511434f,-0.25560542135176173f,-1.1433376163334636f,0.18150307818721453f,0.5416826388821885f,0.8207536483879891f,-0.5548189434727704f,0.19103568501663273f,-0.8381384431087934f,0.5109102829591453f,1.4243992013205227f,0f,0f,0f,1f], start_interpolation: 0, interpolation_duration: 1 }
$data merge entity $(bone_drill_right) { transformation: [-0.20334550783616706f,0.09793748627892822f,1.512053191939211f,-1.2982659175557605f,-1.2654468491324273f,0.8281273524373837f,-0.22381993252434348f,-0.24086467101831582f,-0.8333911917539107f,-1.2813505917412902f,-0.029082375772661432f,0.8083798771616241f,0f,0f,0f,1f], start_interpolation: 0, interpolation_duration: 1 }
$data merge entity $(bone_barrel_right) { transformation: [-2.2699863729501617f,0.1470297212024921f,-0.30527466510403434f,-1.4182245401376123f,0.33601211884172233f,1.2432352347930706f,-1.8997659067398829f,-1.1048066408982542f,0.043660234341551536f,-1.923641574073203f,-1.2511376310722593f,1.185282599664231f,0f,0f,0f,1f], start_interpolation: 0, interpolation_duration: 1 }
$data merge entity $(bone_blaster_right) { transformation: [-0.9890422780133907f,0.06406144641511434f,-0.13300941088992962f,-1.5345341369076584f,0.14640184426632222f,0.5416826388821885f,-0.8277357179251408f,-0.0920441177396432f,0.019022941347284765f,-0.8381384431087934f,-0.5451257450218855f,0.5462957302527411f,0f,0f,0f,1f], start_interpolation: 0, interpolation_duration: 1 }
$data merge entity $(bone_rocket_right) { transformation: [-2.2790455881158156f,0.14761649735938523f,-0.30649297588719826f,-1.109018076437782f,0.3373530987344334f,1.248196822064132f,-1.9073476210261948f,0.06758797009793635f,0.04383447655806711f,-1.9313185729877285f,-1.2561307557609327f,0.08542807971214217f,0f,0f,0f,1f], start_interpolation: 0, interpolation_duration: 1 }
$data merge entity $(bone_sword_right) { transformation: [-2.634856432337777f,0.170662789553108f,-0.3543434993989656f,-1.1412304545678738f,0.390021589214622f,1.4430687313096962f,-2.2051279597789417f,0.7510638326620913f,0.05067803519133174f,-2.232841322466576f,-1.4522413324826458f,1.3643296396199616f,0f,0f,0f,1f], start_interpolation: 0, interpolation_duration: 1 }
$data merge entity $(bone_right_hand) { transformation: [-0.9890422780133907f,0.06406144641511434f,-0.13300941088992962f,-1.3799962809680661f,0.14640184426632222f,0.5416826388821885f,-0.8277357179251408f,-0.11491940590625604f,0.019022941347284765f,-0.8381384431087934f,-0.5451257450218855f,0.5433233956672279f,0f,0f,0f,1f], start_interpolation: 0, interpolation_duration: 1 }
$data merge entity $(bone_right_arm_low) { transformation: [-0.9890422780133907f,0.06406144641511434f,-0.13300941088992962f,-1.2582762362674251f,0.14640184426632222f,0.5416826388821885f,-0.8277357179251408f,0.3917463765241267f,0.019022941347284765f,-0.8381384431087934f,-0.5451257450218855f,-0.3130391608077046f,0f,0f,0f,1f], start_interpolation: 0, interpolation_duration: 1 }
$data merge entity $(bone_right_arm) { transformation: [-1.0945673196641312f,0.1621859465863205f,-0.019750442709133807f,-1.0625f,0.16202206703878058f,1.0947208976736955f,0.010343332297055918f,1.5f,0.021052578221882192f,0.007338491699636136f,-1.1064695721183724f,-0.30617375000000013f,0f,0f,0f,1f], start_interpolation: 0, interpolation_duration: 1 }