# This file was generated by Animated Java via MC-Build. It is not recommended to edit this file directly.
$data merge entity $(bone_drillhead_right1) { transformation: [-0.10866824066762291f,-0.0011075610749909717f,0.994077455120409f,-1.1576514690395314f,-0.9574698951885108f,0.2689962454084943f,-0.10436675602812952f,-0.2495409479492557f,-0.2672875105161212f,-0.9631405885251635f,-0.030291805121123692f,1.777379255488624f,0f,0f,0f,1f], start_interpolation: 0, interpolation_duration: 1 }
$data merge entity $(bone_drillhead_right2) { transformation: [-0.8768222791888917f,-0.0011075610749909717f,-0.4808133359490592f,-1.3163758816574085f,0.46283017564596995f,0.2689962454084943f,-0.8446474107387376f,0.03435158195722303f,0.13027248070685607f,-0.9631405885251635f,-0.2353492883054537f,1.8568503343086276f,0f,0f,0f,1f], start_interpolation: 0, interpolation_duration: 1 }
$data merge entity $(bone_drillhead_right3) { transformation: [0.9599933498444148f,-0.0011075610749909717f,-0.28002060917540417f,-0.9391627922311392f,0.26998555610799424f,0.2689962454084943f,0.9245262675820467f,-0.005125521155941032f,0.07430052319840255f,-0.9631405885251635f,0.2585336322180257f,1.8453909698260538f,0f,0f,0f,1f], start_interpolation: 0, interpolation_duration: 1 }
$data merge entity $(bone_drill_right) { transformation: [-0.16613259495229887f,-0.0016932453707353538f,1.5197509979742965f,-1.1367685315007028f,-1.4637851620594609f,0.4112429170435021f,-0.1595564619357329f,0.10396497330466507f,-0.4086305938843947f,-1.4724545487487912f,-0.046310275749784975f,1.1737503611108804f,0f,0f,0f,1f], start_interpolation: 0, interpolation_duration: 1 }
$data merge entity $(bone_barrel_right) { transformation: [-2.281542788355659f,-0.002542003110816966f,-0.24940837310155142f,-1.1923443547349775f,0.23953588156891722f,0.6173829218691624f,-2.197523465785062f,-0.6122900455809834f,0.06952380738984101f,-2.210538477261858f,-0.6134611431880099f,1.7956277899299302f,0f,0f,0f,1f], start_interpolation: 0, interpolation_duration: 1 }
$data merge entity $(bone_blaster_right) { transformation: [-0.994077455120409f,-0.0011075610749909717f,-0.10866824066762269f,-1.3916362074114028f,0.10436675602812931f,0.2689962454084943f,-0.9574698951885108f,0.1578717615896981f,0.030291805121123633f,-0.9631405885251635f,-0.2672875105161212f,0.8930461492302697f,0f,0f,0f,1f], start_interpolation: 0, interpolation_duration: 1 }
$data merge entity $(bone_rocket_right) { transformation: [-2.2906481236456226f,-0.0025521479087801027f,-0.25040372890763324f,-0.9951377868479586f,0.2404918375679866f,0.6198468153953354f,-2.206293491079199f,0.19012902120823583f,0.06980126770316505f,-2.2193604437441703f,-0.6159093854145415f,0.38246433972997396f,0f,0f,0f,1f], start_interpolation: 0, interpolation_duration: 1 }
$data merge entity $(bone_sword_right) { transformation: [-2.6482703875177673f,-0.0029505962358945736f,-0.2894974454368458f,-1.0129114840662108f,0.2780380824521445f,0.7166189992534236f,-2.550746078493794f,1.2222207305757318f,0.08069883294658756f,-2.5658530796261476f,-0.7120668469112885f,1.4014034405055498f,0f,0f,0f,1f], start_interpolation: 0, interpolation_duration: 1 }
$data merge entity $(bone_right_hand) { transformation: [-0.994077455120409f,-0.0011075610749909717f,-0.10866824066762269f,-1.236311605048839f,0.10436675602812931f,0.2689962454084943f,-0.9574698951885108f,0.1415644559603029f,0.030291805121123633f,-0.9631405885251635f,-0.2672875105161212f,0.8883130546800941f,0f,0f,0f,1f], start_interpolation: 0, interpolation_duration: 1 }
$data merge entity $(bone_right_arm_low) { transformation: [-0.994077455120409f,-0.0011075610749909717f,-0.10866824066762269f,-1.1786852076996677f,0.10436675602812931f,0.2689962454084943f,-0.9574698951885108f,0.37411684489239816f,0.030291805121123633f,-0.9631405885251635f,-0.2672875105161212f,-0.08507350636876831f,0f,0f,0f,1f], start_interpolation: 0, interpolation_duration: 1 }
$data merge entity $(bone_right_arm) { transformation: [-1.100139720796602f,0.1067913509960297f,-0.05531889923024165f,-1.0390625f,0.11550208009025388f,1.080029837689184f,-0.21205376141423984f,1.46875f,0.03352376402535099f,-0.21657131755508524f,-1.0847787793794894f,-0.30617375000000013f,0f,0f,0f,1f], start_interpolation: 0, interpolation_duration: 1 }