# This file was generated by Animated Java via MC-Build. It is not recommended to edit this file directly.
$data merge entity $(bone_drillhead_right1) { transformation: [-0.10263456264609616f,-0.009303130117582215f,0.9946756246739235f,-1.1236587730630991f,-0.9696288379237794f,0.22410916751614515f,-0.09795405913897243f,-0.1654045746209851f,-0.22200464683655943f,-0.9745196420828242f,-0.03202192963796522f,1.8382730898974535f,0f,0f,0f,1f], start_interpolation: 0, interpolation_duration: 1 }
$data merge entity $(bone_drillhead_right2) { transformation: [-0.8796839044114187f,-0.009303130117582215f,-0.47546785389708257f,-1.284160890647744f,0.46155864218174214f,0.22410916751614515f,-0.8583348419250887f,0.12062427394789037f,0.11454190563644678f,-0.9745196420828242f,-0.1928512873898839f,1.9055830304977426f,0f,0f,0f,1f], start_interpolation: 0, interpolation_duration: 1 }
$data merge entity $(bone_drillhead_right3) { transformation: [0.9582369978368145f,-0.009303130117582215f,-0.28582391038313115f,-0.9067216124056722f,0.2805631414519485f,0.22410916751614515f,0.9333056330558787f,0.0835820252842592f,0.05537309486838152f,-0.9745196420828242f,0.2173598112795038f,1.8934612899829415f,0f,0f,0f,1f], start_interpolation: 0, interpolation_duration: 1 }
$data merge entity $(bone_drill_right) { transformation: [-0.15690827531056614f,-0.014222675715714493f,1.5206654828277946f,-1.109400857295815f,-1.4823738195740794f,0.3426193092233401f,-0.14975269619614806f,0.1599326457829284f,-0.3394019066089024f,-1.489850907464283f,-0.0489552994826401f,1.2188194754699004f,0f,0f,0f,1f], start_interpolation: 0, interpolation_duration: 1 }
$data merge entity $(bone_barrel_right) { transformation: [-2.282915668732339f,-0.021351947295025486f,-0.2355602624675496f,-1.1553175923214225f,0.22481787115030757f,0.5143609809448073f,-2.225429890952225f,-0.5271779855977676f,0.07349467816457256f,-2.2366549508314644f,-0.5095308201210992f,1.8735042044577164f,0f,0f,0f,1f], start_interpolation: 0, interpolation_duration: 1 }
$data merge entity $(bone_blaster_right) { transformation: [-0.9946756246739235f,-0.009303130117582215f,-0.10263456264609594f,-1.3664468680882975f,0.0979540591389722f,0.22410916751614515f,-0.9696288379237794f,0.1988125931281073f,0.03202192963796517f,-0.9745196420828242f,-0.22200464683655943f,0.9376184323620365f,0f,0f,0f,1f], start_interpolation: 0, interpolation_duration: 1 }
$data merge entity $(bone_rocket_right) { transformation: [-2.2920264830061754f,-0.021437160090598324f,-0.23650035229698674f,-0.9734261207886881f,0.22571508951782926f,0.5164137275404355f,-2.2343112870955912f,0.21047153799073623f,0.07378798569758564f,-2.2455811447030922f,-0.5115642901841859f,0.423474411977916f,0f,0f,0f,1f], start_interpolation: 0, interpolation_duration: 1 }
$data merge entity $(bone_sword_right) { transformation: [-2.6498639401198583f,-0.02478398828452804f,-0.2734234355597275f,-0.9931198662492449f,0.2609543479924137f,0.5970376542061073f,-2.5831380896227816f,1.288453214777353f,0.0853079682821384f,-2.5961674282913445f,-0.5914311093971915f,1.3936979701588716f,0f,0f,0f,1f], start_interpolation: 0, interpolation_duration: 1 }
$data merge entity $(bone_right_hand) { transformation: [-0.9946756246739235f,-0.009303130117582215f,-0.10263456264609594f,-1.2110288017329969f,0.0979540591389722f,0.22410916751614515f,-0.9696288379237794f,0.18350727138764292f,0.03202192963796517f,-0.9745196420828242f,-0.22200464683655943f,0.9326150058561044f,0f,0f,0f,1f], start_interpolation: 0, interpolation_duration: 1 }
$data merge entity $(bone_right_arm_low) { transformation: [-0.9946756246739235f,-0.009303130117582215f,-0.10263456264609594f,-1.1613720353911494f,0.0979540591389722f,0.22410916751614515f,-0.9696288379237794f,0.3711934090224842f,0.03202192963796517f,-0.9745196420828242f,-0.22200464683655943f,-0.05084365204273511f,0f,0f,0f,1f], start_interpolation: 0, interpolation_duration: 1 }
$data merge entity $(bone_right_arm) { transformation: [-1.100801711552154f,0.09767281562474722f,-0.058886258718061926f,-1.031f,0.10840518585042223f,1.0736090825222477f,-0.24573121930373606f,1.4595000000000002f,0.035438482735746506f,-0.2501910021317704f,-1.077460233571391f,-0.30617375000000013f,0f,0f,0f,1f], start_interpolation: 0, interpolation_duration: 1 }