# This file was generated by Animated Java via MC-Build. It is not recommended to edit this file directly.
$data merge entity $(bone_drillhead_right1) { transformation: [-0.09440346563259916f,-0.018722664883643117f,0.9953579494313639f,-1.0761799667361456f,-0.9817822887998685f,0.1673598546358345f,-0.08996786345781431f,-0.06107527460076553f,-0.16489852356963736f,-0.9857180838738464f,-0.03418093106728685f,1.908029000608006f,0f,0f,0f,1f], start_interpolation: 0, interpolation_duration: 1 }
$data merge entity $(bone_drillhead_right2) { transformation: [-0.8834641947465988f,-0.018722664883643117f,-0.4681244262163629f,-1.2390818379333002f,0.45883128374563237f,0.1673598546358345f,-0.8726193512136936f,0.2267896953863947f,0.09468299560680998f,-0.9857180838738464f,-0.1392658948450541f,1.9599982172767538f,0f,0f,0f,1f], start_interpolation: 0, interpolation_duration: 1 }
$data merge entity $(bone_drillhead_right3) { transformation: [0.9557174792574844f,-0.018722664883643117f,-0.29368956682418085f,-0.8613847241633473f,0.29259234848074284f,0.1673598546358345f,0.9414777727948739f,0.1927793586743591f,0.03152487037631899f,-0.9857180838738464f,0.16542684688958184f,1.9470498279698276f,0f,0f,0f,1f], start_interpolation: 0, interpolation_duration: 1 }
$data merge entity $(bone_drill_right) { transformation: [-0.1443245296112231f,-0.028623311488548384f,1.5217086246128952f,-1.0697690539724216f,-1.5009540811046367f,0.25586065229980975f,-0.1375433569802336f,0.22807145613038796f,-0.2520977560335976f,-1.506971145932624f,-0.05225599256237808f,1.2707508479348166f,0f,0f,0f,1f], start_interpolation: 0, interpolation_duration: 1 }
$data merge entity $(bone_barrel_right) { transformation: [-2.284481696733111f,-0.042971059069940976f,-0.21666877676422963f,-1.103902808096098f,0.20648846727046966f,0.3841135994361615f,-2.253323711556593f,-0.4205011336711859f,0.07844987970922654f,-2.2623568958635367f,-0.3784645103084359f,1.9643140701929929f,0f,0f,0f,1f], start_interpolation: 0, interpolation_duration: 1 }
$data merge entity $(bone_blaster_right) { transformation: [-0.9953579494313639f,-0.018722664883643117f,-0.09440346563259894f,-1.3292511698406622f,0.08996786345781409f,0.1673598546358345f,-0.9817822887998685f,0.24814830618540976f,0.03418093106728681f,-0.9857180838738464f,-0.16489852356963736f,0.9898161931639019f,0f,0f,0f,1f], start_interpolation: 0, interpolation_duration: 1 }
$data merge entity $(bone_rocket_right) { transformation: [-2.2935987608174235f,-0.043142550879164784f,-0.2175334731746469f,-0.9401485519280295f,0.2073125354131335f,0.385646545971353f,-2.262316428246047f,0.23391739592359825f,0.07876296279574828f,-2.271385662795953f,-0.37997491207661566f,0.4727649902577912f,0f,0f,0f,1f], start_interpolation: 0, interpolation_duration: 1 }
$data merge entity $(bone_sword_right) { transformation: [-2.6516816862527097f,-0.049878084178827976f,-0.25149539527941583f,-0.9636798541626126f,0.23967873669835055f,0.44585474180950385f,-2.615515470173475f,1.3658841165043067f,0.091059652441587f,-2.6260006184806475f,-0.4392976368848198f,1.3793319835132078f,0f,0f,0f,1f], start_interpolation: 0, interpolation_duration: 1 }
$data merge entity $(bone_right_hand) { transformation: [-0.9953579494313639f,-0.018722664883643117f,-0.09440346563259894f,-1.1737264902420115f,0.08996786345781409f,0.1673598546358345f,-0.9817822887998685f,0.2340908275201263f,0.03418093106728681f,-0.9857180838738464f,-0.16489852356963736f,0.9844754226846384f,0f,0f,0f,1f], start_interpolation: 0, interpolation_duration: 1 }
$data merge entity $(bone_right_arm_low) { transformation: [-0.9953579494313639f,-0.018722664883643117f,-0.09440346563259894f,-1.133189391587213f,0.08996786345781409f,0.1673598546358345f,-0.9817822887998685f,0.3651469941648515f,0.03418093106728681f,-0.9857180838738464f,-0.16489852356963736f,-0.008532048242464563f,0f,0f,0f,1f], start_interpolation: 0, interpolation_duration: 1 }
$data merge entity $(bone_right_arm) { transformation: [-1.1015568363809856f,0.08615929438033672f,-0.06261861343263099f,-1.0145f,0.09956690967622601f,1.0640638170452805f,-0.28744843413485854f,1.4440000000000002f,0.03782783702340176f,-0.2917477468309539f,-1.066875946630732f,-0.30617375000000013f,0f,0f,0f,1f], start_interpolation: 0, interpolation_duration: 1 }