# This file was generated by Animated Java via MC-Build. It is not recommended to edit this file directly.
$data merge entity $(bone_drillhead_right1) { transformation: [-0.09369569009999681f,-0.01946619408233464f,0.9954105609971367f,-1.0659956138872575f,-0.9826416187984779f,0.16259907223649575f,-0.0893140006546444f,-0.05568411352182945f,-0.16011423004153116f,-0.9865001819542557f,-0.034363124747728374f,1.9135254292112451f,0f,0f,0f,1f], start_interpolation: 0, interpolation_duration: 1 }
$data merge entity $(bone_drillhead_right2) { transformation: [-0.8837836554655498f,-0.01946619408233464f,-0.46749066046275134f,-1.2291026847414355f,0.45855604463811533f,0.16259907223649575f,-0.8736634910728946f,0.23229375323752907f,0.09302045075034504f,-0.9865001819542557f,-0.13477606147392399f,1.964209665029748f,0f,0f,0f,1f], start_interpolation: 0, interpolation_duration: 1 }
$data merge entity $(bone_drillhead_right3) { transformation: [0.955495232036115f,-0.01946619408233464f,-0.2943635997269364f,-0.8513856997209627f,0.2935252902950641f,0.16259907223649575f,0.942021467730449f,0.19853163402707058f,0.029525675495228408f,-0.9865001819542557f,0.1610764585244249f,1.9511915210558457f,0f,0f,0f,1f], start_interpolation: 0, interpolation_duration: 1 }
$data merge entity $(bone_drill_right) { transformation: [-0.1432424785431965f,-0.029760022954957808f,1.521789057459628f,-1.0602145205444744f,-1.5022678294612148f,0.24858234238012933f,-0.13654372798499056f,0.23039776287729197f,-0.24478350217290556f,-1.5081668217143185f,-0.05253453124791952f,1.274859542753192f,0f,0f,0f,1f], start_interpolation: 0, interpolation_duration: 1 }
$data merge entity $(bone_barrel_right) { transformation: [-2.284602447422964f,-0.044677559576987505f,-0.2150443357773974f,-1.093387673498645f,0.20498776332083063f,0.3731869571567365f,-2.25529599062906f,-0.41485760093639046f,0.07886803895381476f,-2.2641519171930655f,-0.3674839067948946f,1.9715564051505994f,0f,0f,0f,1f], start_interpolation: 0, interpolation_duration: 1 }
$data merge entity $(bone_blaster_right) { transformation: [-0.9954105609971367f,-0.01946619408233464f,-0.09369569009999659f,-1.3198856501540637f,0.08931400065464418f,0.16259907223649575f,-0.9826416187984779f,0.24890941919790066f,0.03436312474772834f,-0.9865001819542557f,-0.16011423004153116f,0.9939920443800423f,0f,0f,0f,1f], start_interpolation: 0, interpolation_duration: 1 }
$data merge entity $(bone_rocket_right) { transformation: [-2.2937199934072976f,-0.0448558618038675f,-0.21590254925884253f,-0.931089187421394f,0.20580584235266025f,0.37467629690880944f,-2.2642965784232465f,0.23251004137529446f,0.07918279085853532f,-2.2731878478180243f,-0.3689504864278126f,0.47677479459655414f,0f,0f,0f,1f], start_interpolation: 0, interpolation_duration: 1 }
$data merge entity $(bone_sword_right) { transformation: [-2.6518218460068206f,-0.051858881901386794f,-0.24960984705141245f,-0.9549962809885716f,0.2379368145873371f,0.4331717873931828f,-2.617804766824054f,1.368806481794539f,0.09154502521231112f,-2.628084165568265f,-0.4265520476850911f,1.3778990603418455f,0f,0f,0f,1f], start_interpolation: 0, interpolation_duration: 1 }
$data merge entity $(bone_right_hand) { transformation: [-0.9954105609971367f,-0.01946619408233464f,-0.09369569009999659f,-1.164352749998261f,0.08931400065464418f,0.16259907223649575f,-0.9826416187984779f,0.2349541065956125f,0.03436312474772834f,-0.9865001819542557f,-0.16011423004153116f,0.9886228061382097f,0f,0f,0f,1f], start_interpolation: 0, interpolation_duration: 1 }
$data merge entity $(bone_right_arm_low) { transformation: [-0.9954105609971367f,-0.01946619408233464f,-0.09369569009999659f,-1.1245337743338997f,0.08931400065464418f,0.16259907223649575f,-0.9826416187984779f,0.36126350320374057f,0.03436312474772834f,-0.9865001819542557f,-0.16011423004153116f,-0.005028640801576834f,0f,0f,0f,1f], start_interpolation: 0, interpolation_duration: 1 }
$data merge entity $(bone_right_arm) { transformation: [-1.1016150612939255f,0.08520531282885169f,-0.06289904554241268f,-1.0068124999999999f,0.09884328352615757f,1.0631913069867098f,-0.290905875814992f,1.4392500000000001f,0.038029469706749926f,-0.295188546437116f,-1.0659218827006949f,-0.30617375000000013f,0f,0f,0f,1f], start_interpolation: 0, interpolation_duration: 1 }