execute if entity @s[tag=aj.mech_torso.bone.drillhead_right1] run data modify entity @s {} merge value {transformation:[-0.7078390054901718f,0.5953064516409818f,-0.38022910322765663f,-1.5518954327114471f,-0.7041437600511428f,-0.6373967061480581f,0.31290094945948144f,0.5104590445314026f,-0.056084824041120224f,0.4892194473099261f,0.8703555738237374f,2.5092258736950863f,0f,0f,0f,1f],start_interpolation:0}
execute if entity @s[tag=aj.mech_torso.bone.drillhead_right2] run data modify entity @s {} merge value {transformation:[-0.380378107839934f,-0.7180950393875172f,0.5827967136859571f,-1.4904723998108018f,0.9152988906003078f,-0.38254732002425895f,0.1260376483758075f,0.8373636959186508f,0.13244031086477268f,0.5813751476880465f,0.8027842186470441f,2.547496227718459f,0f,0f,0f,1f],start_interpolation:0}
execute if entity @s[tag=aj.mech_torso.bone.drillhead_right3] run data modify entity @s {} merge value {transformation:[0.9221346282056755f,0.3366667124311056f,-0.19058660027612737f,-1.2229030983251818f,-0.37637058865064443f,0.6667080899250416f,-0.6433082486858612f,0.5722046673560182f,-0.08951484492947664f,0.6649480036584322f,0.7415060653615168f,2.501923955301113f,0f,0f,0f,1f],start_interpolation:0}
execute if entity @s[tag=aj.mech_torso.bone.drill_right] run data modify entity @s {} merge value {transformation:[-1.082148105721321f,-0.06937220575742994f,1.077677584614919f,-1.4292902038403215f,-1.0764987944782207f,0.19043035678323586f,-1.068706052538156f,0.7202289285268112f,-0.08574278278686148f,-1.5153117759435182f,-0.1836420401656625f,2.008548219549934f,0f,0f,0f,1f],start_interpolation:0}
execute if entity @s[tag=aj.mech_torso.bone.right_hand] run data modify entity @s {} merge value {transformation:[-0.7049148131386368f,-0.04537673990499441f,-0.7078390054901716f,-1.5255745602151027f,0.6990464848484843f,0.12456153981874357f,-0.7041437600511429f,0.7412475313512685f,0.12012126472318935f,-0.99117373566574f,-0.05608482404112025f,1.5668726792097052f,0f,0f,0f,1f],start_interpolation:0}
execute if entity @s[tag=aj.mech_torso.bone.right_arm_low] run data modify entity @s {} merge value {transformation:[-0.7049148131386368f,-0.04537673990499441f,-0.7078390054901716f,-1.5490140932205003f,0.6990464848484843f,0.12456153981874357f,-0.7041437600511429f,0.8001141733653836f,0.12012126472318935f,-0.99117373566574f,-0.05608482404112025f,0.5664387137474809f,0f,0f,0f,1f],start_interpolation:0}
execute if entity @s[tag=aj.mech_torso.bone.right_arm] run data modify entity @s {} merge value {transformation:[-0.7801251116974528f,0.5184104752394416f,-0.5894296970759797f,-1f,0.7736306670106561f,0.6485041196414438f,-0.4535526170167596f,1.4375f,0.13293750296177612f,-0.7317547160791793f,-0.8195331807414484f,-0.1811737500000001f,0f,0f,0f,1f],start_interpolation:0}