execute if entity @s[tag=aj.mech_torso.bone.drillhead_right1] run data modify entity @s {} merge value {transformation:[-0.30321476381051304f,-0.2972004276775809f,0.9053909171156942f,-1.8106779985161081f,-0.745236449114423f,0.6660824022066014f,-0.030933289220664906f,-0.7748126124832684f,-0.5938715702226035f,-0.6841097421166772f,-0.4234506096611421f,1.5060141116686176f,0f,0f,0f,1f],start_interpolation:0}
execute if entity @s[tag=aj.mech_torso.bone.drillhead_right2] run data modify entity @s {} merge value {transformation:[-0.7456595499455531f,0.4876752434619892f,-0.454053622922761f,-1.9040918965986438f,0.6176294134495592f,0.7615711146729495f,-0.19632459076171493f,-0.5009643537552715f,0.25005148113328335f,-0.4268281787910576f,-0.8690753491918641f,1.674492700525113f,0f,0f,0f,1f],start_interpolation:0}
execute if entity @s[tag=aj.mech_torso.bone.drillhead_right3] run data modify entity @s {} merge value {transformation:[0.9777300830631074f,0.20754132922221188f,0.031152549463675294f,-1.5501460923366985f,-0.047250128908201294f,0.07306241245474415f,0.9962074629335254f,-0.6374036988836969f,0.20447814062037942f,-0.975493967460061f,0.08124167315769677f,1.6652111982030928f,0f,0f,0f,1f],start_interpolation:0}
execute if entity @s[tag=aj.mech_torso.bone.drill_right] run data modify entity @s {} merge value {transformation:[-0.4635563733268163f,0.29859456054142164f,1.425904197059713f,-1.6221578862102835f,-1.1393215201035627f,0.8582371718044277f,-0.5501103823701067f,-0.2621493760212217f,-0.907914073360655f,-1.229437370254196f,-0.03770663131931151f,1.0685133130339293f,0f,0f,0f,1f],start_interpolation:0}
execute if entity @s[tag=aj.mech_torso.bone.right_hand] run data modify entity @s {} merge value {transformation:[-0.9326917484166727f,0.19531233817346275f,-0.3032147638105128f,-1.6698526094388622f,0.359830215391008f,0.5613776367143481f,-0.7452364491144231f,-0.10626005553042439f,0.024664114156218143f,-0.8041817204800346f,-0.5938715702226035f,0.8111794178259513f,0f,0f,0f,1f],start_interpolation:0}
execute if entity @s[tag=aj.mech_torso.bone.right_arm_low] run data modify entity @s {} merge value {transformation:[-0.9326917484166727f,0.19531233817346275f,-0.3032147638105128f,-1.425722498358436f,0.359830215391008f,0.5613776367143481f,-0.7452364491144231f,0.40933955368716f,0.024664114156218143f,-0.8041817204800346f,-0.5938715702226035f,-0.013102296358303317f,0f,0f,0f,1f],start_interpolation:0}
execute if entity @s[tag=aj.mech_torso.bone.right_arm] run data modify entity @s {} merge value {transformation:[-1.032204517270866f,0.39012285723317885f,-0.08443914568413907f,-1f,0.3982220003636388f,1.022492094082827f,-0.14387888830028306f,1.4375f,0.027295631262687376f,-0.16457840786799463f,-1.094047930719507f,-0.1811737500000001f,0f,0f,0f,1f],start_interpolation:0}