execute if entity @s[tag=aj.mech_torso.bone.barrel_left] run data modify entity @s {} merge value {transformation:[-2.216930976258149f,-0.4200390100679833f,0.4200390100679837f,1.7512444986198492f,-0.5940248647639114f,1.5676069267346502f,-1.5676069267346504f,-1.3706258965568159f,-2.714957424005159e-16f,-1.6229061114942378f,-1.6229061114942376f,0.8488520314378575f,0f,0f,0f,1f],start_interpolation:0}
execute if entity @s[tag=aj.mech_torso.bone.blaster_left] run data modify entity @s {} merge value {transformation:[-0.9659258262890683f,-0.18301270189221916f,0.18301270189221935f,1.70994643727069f,-0.2588190451025207f,0.6830127018922193f,-0.6830127018922194f,-0.2461303482576592f,-1.1829179713786698e-16f,-0.7071067811865476f,-0.7071067811865475f,0.4230301180986273f,0f,0f,0f,1f],start_interpolation:0}
execute if entity @s[tag=aj.mech_torso.bone.sword_left] run data modify entity @s {} merge value {transformation:[-2.5732730876490155f,-0.4875546834547967f,0.4875546834547972f,1.286846492445806f,-0.6895064457402951f,1.8195788501214638f,-1.819578850121464f,0.3669743162193273f,-3.151350650121393e-16f,-1.8837666419087202f,-1.88376664190872f,1.4128722199174009f,0f,0f,0f,1f],start_interpolation:0}
execute if entity @s[tag=aj.mech_torso.bone.rocket_left] run data modify entity @s {} merge value {transformation:[-2.225778454357863f,-0.4217153301620236f,0.42171533016202406f,1.4789524698351773f,-0.5963955393757817f,1.5738630384953574f,-1.5738630384953576f,0.012247233022917858f,-2.7257924597405e-16f,-1.629382914982081f,-1.6293829149820809f,0.02528255368119431f,0f,0f,0f,1f],start_interpolation:0}
execute if entity @s[tag=aj.mech_torso.bone.drillhead_left1] run data modify entity @s {} merge value {transformation:[0.18301270189221913f,-0.18301270189221916f,0.9659258262890683f,1.6777525830847264f,-0.6830127018922195f,0.6830127018922193f,0.2588190451025205f,-1.098354629923728f,-0.7071067811865475f,-0.7071067811865476f,-3.871744873051051e-17f,0.9680689089206946f,0f,0f,0f,1f],start_interpolation:0}
execute if entity @s[tag=aj.mech_torso.bone.drillhead_left2] run data modify entity @s {} merge value {transformation:[-0.9624350297590463f,-0.18301270189221916f,-0.20056212114657526f,1.4324845687089214f,0.02226002671473415f,0.6830127018922193f,-0.7300672162647422f,-0.9164125150010185f,0.27059805007309856f,-0.7071067811865476f,-0.6532814824381883f,1.2072915298891302f,0f,0f,0f,1f],start_interpolation:0}
execute if entity @s[tag=aj.mech_torso.bone.drillhead_left3] run data modify entity @s {} merge value {transformation:[0.8223631719059996f,-0.18301270189221916f,-0.5387255000821971f,1.7989777096212136f,0.5004952635034028f,0.6830127018922193f,0.5319756951821671f,-0.8181158072570403f,0.27059805007309845f,-0.7071067811865476f,0.6532814824381883f,1.2073834537706845f,0f,0f,0f,1f],start_interpolation:0}
execute if entity @s[tag=aj.mech_torso.bone.drill_left] run data modify entity @s {} merge value {transformation:[0.27979080997162653f,-0.2797908099716266f,1.4767126353289535f,1.533884536103146f,-1.0441935183049604f,1.0441935183049602f,0.3956839580892277f,-0.5617046430486892f,-1.0810286772397253f,-1.0810286772397253f,-5.919144533871843e-17f,0.792768740971523f,0f,0f,0f,1f],start_interpolation:0}
execute if entity @s[tag=aj.mech_torso.bone.left_hand] run data modify entity @s {} merge value {transformation:[-0.9659258262890683f,-0.18301270189221916f,0.18301270189221935f,1.559020526913023f,-0.2588190451025207f,0.6830127018922193f,-0.6830127018922194f,-0.28657082405492806f,-1.1829179713786698e-16f,-0.7071067811865476f,-0.7071067811865475f,0.4230301180986273f,0f,0f,0f,1f],start_interpolation:0}
execute if entity @s[tag=aj.mech_torso.bone.left_arm_low] run data modify entity @s {} merge value {transformation:[-0.9659258262890683f,-0.18301270189221916f,0.18301270189221935f,1.321356607811869f,-0.2588190451025207f,0.6830127018922193f,-0.6830127018922194f,0.35892154058425185f,-1.1829179713786698e-16f,-0.7071067811865476f,-0.7071067811865475f,-0.30617374999999986f,0f,0f,0f,1f],start_interpolation:0}
execute if entity @s[tag=aj.mech_torso.bone.left_arm] run data modify entity @s {} merge value {transformation:[-1.068984477386792f,-0.2864335274371966f,1.355309468843381e-16f,1f,-0.2864335274371966f,1.068984477386792f,0f,1.4375f,-1.309128418569941e-16f,-3.507799025444483e-17f,-1.1066941666666668f,-0.3061737499999999f,0f,0f,0f,1f],start_interpolation:0}
execute if entity @s[tag=aj.mech_torso.bone.drillhead_right1] run data modify entity @s {} merge value {transformation:[-0.15304591873303122f,0.15304591873303114f,0.9762960071199334f,-1.5601881054014322f,-0.6903455270798549f,0.6903455270798547f,-0.21643961393810324f,-1.0816352480208407f,-0.7071067811865475f,-0.7071067811865476f,-3.74474678544007e-17f,1.0122630827448535f,0f,0f,0f,1f],start_interpolation:0}
execute if entity @s[tag=aj.mech_torso.bone.drillhead_right2] run data modify entity @s {} merge value {transformation:[-0.8434117611603751f,0.15304591873303114f,-0.5150082988608216f,-1.7032973418510875f,0.4641479251628642f,0.6903455270798547f,-0.5549682484681859f,-0.8501450510065931f,0.27059805007309856f,-0.7071067811865476f,-0.6532814824381883f,1.20729152988913f,0f,0f,0f,1f],start_interpolation:0}
execute if entity @s[tag=aj.mech_torso.bone.drillhead_right3] run data modify entity @s {} merge value {transformation:[0.960548036140825f,0.15304591873303114f,-0.232216315157155f,-1.3328255870900203f,0.06421966647874769f,0.6903455270798547f,0.7206239571914026f,-0.9321825059483337f,0.27059805007309845f,-0.7071067811865476f,0.6532814824381883f,1.2073834537706842f,0f,0f,0f,1f],start_interpolation:0}
execute if entity @s[tag=aj.mech_torso.bone.drill_right] run data modify entity @s {} merge value {transformation:[-0.2339774295577846f,0.23397742955778447f,1.4925666239549926f,-1.427105293360655f,-1.0554039811712872f,1.055403981171287f,-0.3308940541698144f,-0.4912709626352404f,-1.0810286772397253f,-1.0810286772397253f,-5.724989169625868e-17f,0.6607956571560801f,0f,0f,0f,1f],start_interpolation:0}
execute if entity @s[tag=aj.mech_torso.bone.barrel_right] run data modify entity @s {} merge value {transformation:[-2.240731949881214f,0.351261172229601f,-0.3512611722296007f,-1.6280407490667728f,0.4967583137021731f,1.5844367565823616f,-1.5844367565823618f,-1.4007220077244236f,-2.744105210169236e-16f,-1.6229061114942378f,-1.6229061114942376f,0.8488520314378571f,0f,0f,0f,1f],start_interpolation:0}
execute if entity @s[tag=aj.mech_torso.bone.blaster_right] run data modify entity @s {} merge value {transformation:[-0.9762960071199334f,0.15304591873303114f,-0.153045918733031f,-1.6358318012329733f,0.21643961393810307f,0.6903455270798547f,-0.6903455270798549f,-0.27549533388400854f,-1.195617780139768e-16f,-0.7071067811865476f,-0.7071067811865475f,0.42303011809862695f,0f,0f,0f,1f],start_interpolation:0}
execute if entity @s[tag=aj.mech_torso.bone.rocket_right] run data modify entity @s {} merge value {transformation:[-2.24967441451643f,0.3526630090760628f,-0.35266300907606246f,-1.1722539588947993f,0.4987408103826737f,1.5907600339664436f,-1.5907600339664438f,-0.06139775894892646f,-2.755056570861242e-16f,-1.629382914982081f,-1.6293829149820809f,0.025282553681193976f,0f,0f,0f,1f],start_interpolation:0}
execute if entity @s[tag=aj.mech_torso.bone.sword_right] run data modify entity @s {} merge value {transformation:[-2.600899750607847f,0.40772172472420043f,-0.40772172472420004f,-1.2398778036596072f,0.5766055927791136f,1.8391138508412088f,-1.839113850841209f,0.3554811511928352f,-3.185183554485049e-16f,-1.8837666419087202f,-1.88376664190872f,1.4128722199174006f,0f,0f,0f,1f],start_interpolation:0}
execute if entity @s[tag=aj.mech_torso.bone.right_hand] run data modify entity @s {} merge value {transformation:[-0.9762960071199334f,0.15304591873303114f,-0.153045918733031f,-1.4832855501204838f,0.21643961393810307f,0.6903455270798547f,-0.6903455270798549f,-0.3093140235618371f,-1.195617780139768e-16f,-0.7071067811865476f,-0.7071067811865475f,0.42303011809862695f,0f,0f,0f,1f],start_interpolation:0}
execute if entity @s[tag=aj.mech_torso.bone.right_arm_low] run data modify entity @s {} merge value {transformation:[-0.9762960071199334f,0.15304591873303114f,-0.153045918733031f,-1.274003815902864f,0.21643961393810307f,0.6903455270798547f,-0.6903455270798549f,0.34593072992564067f,-1.195617780139768e-16f,-0.7071067811865476f,-0.7071067811865475f,-0.3061737500000002f,0f,0f,0f,1f],start_interpolation:0}
execute if entity @s[tag=aj.mech_torso.bone.right_arm] run data modify entity @s {} merge value {transformation:[-1.0804610960195888f,0.23953245818088406f,1.355309468843381e-16f,-1f,0.23953245818088406f,1.0804610960195888f,0f,1.4375f,-1.3231832228436305e-16f,2.933426582031169e-17f,-1.1066941666666668f,-0.30617375000000013f,0f,0f,0f,1f],start_interpolation:0}
execute if entity @s[tag=aj.mech_torso.bone.torso] run data modify entity @s {} merge value {transformation:[-1.3197129166666666f,0f,1.616182199189251e-16f,1.3877787807814457e-17f,0f,1.3197129166666666f,0f,0.20333875f,-1.616182199189251e-16f,0f,-1.3197129166666666f,-0.130674375f,0f,0f,0f,1f],start_interpolation:0}