# This file was generated by Animated Java via MC-Build. It is not recommended to edit this file directly.
$data merge entity $(bone_bone21) { transformation: [0.1305261922200514f,0.9914448613738105f,1.2246467991473532e-16f,0.709084796687756f,0.9914448613738105f,-0.1305261922200514f,0f,1.0361998149932496f,1.598484835071781e-17f,1.2141697760125282e-16f,-1f,-1.0625f,0f,0f,0f,1f], start_interpolation: 0, interpolation_duration: 1 }
$data merge entity $(bone_arm4) { transformation: [-0.573576436351046f,0.8191520442889918f,1.2246467991473532e-16f,0.4060955535822251f,0.8191520442889918f,0.573576436351046f,0f,1.4689132985987157f,-7.024285468436541e-17f,1.0031719290535247e-16f,-1f,-1.0625f,0f,0f,0f,1f], start_interpolation: 0, interpolation_duration: 1 }
$data merge entity $(bone_small_arm_base4) { transformation: [0.38268343236508984f,0.9238795325112868f,1.2246467991473532e-16f,0.4125000000000001f,0.9238795325112868f,-0.38268343236508984f,0f,1.484375f,4.686520405326299e-17f,1.1314261122877005e-16f,-1f,-0.96875f,0f,0f,0f,1f], start_interpolation: 0, interpolation_duration: 1 }
$data merge entity $(bone_bone25) { transformation: [-1f,0f,1.2246467991473532e-16f,1.531195361832059e-16f,0f,1f,0f,0.4999999999999999f,-1.2246467991473532e-16f,0f,-1f,-1.40625f,0f,0f,0f,1f], start_interpolation: 0, interpolation_duration: 1 }
$data merge entity $(bone_bone16) { transformation: [-0.8870108331782219f,-0.4617486132350337f,1.2246467991473532e-16f,-0.564253672965554f,-0.4617486132350337f,0.8870108331782219f,0f,1.2456452962033469f,-1.0862749776607363e-16f,-5.654789612090133e-17f,-1f,-1.0625f,0f,0f,0f,1f], start_interpolation: 0, interpolation_duration: 1 }
$data merge entity $(bone_arm3) { transformation: [-0.7660444431189783f,-0.6427876096865391f,1.2246467991473532e-16f,-0.9689132985987156f,-0.6427876096865391f,0.7660444431189783f,0f,0.906095553582225f,-9.381338752702734e-17f,-7.871877887341985e-17f,-1f,-1.0625f,0f,0f,0f,1f], start_interpolation: 0, interpolation_duration: 1 }
$data merge entity $(bone_small_arm_base3) { transformation: [-0.9238795325112867f,0.38268343236509006f,1.2246467991473532e-16f,-0.9843749999999998f,0.38268343236509006f,0.9238795325112867f,0f,0.9125000000000001f,-1.1314261122877005e-16f,4.6865204053263017e-17f,-1f,-0.9687500000000001f,0f,0f,0f,1f], start_interpolation: 0, interpolation_duration: 1 }
$data merge entity $(bone_bone15) { transformation: [-2.220446049250313e-16f,-1f,1.2246467991473532e-16f,1.531195361832059e-16f,-1f,2.220446049250313e-16f,0f,0.4999999999999999f,-2.719262146893782e-32f,-1.2246467991473532e-16f,-1f,-1.40625f,0f,0f,0f,1f], start_interpolation: 0, interpolation_duration: 1 }
$data merge entity $(bone_bone26) { transformation: [0.9990482215818577f,-0.04361938736533577f,1.2246467991473532e-16f,0.5953872350290901f,-0.04361938736533577f,-0.9990482215818577f,0f,-0.27962161715185097f,1.2234812067540777e-16f,-5.341834311772719e-18f,-1f,-1.0625f,0f,0f,0f,1f], start_interpolation: 0, interpolation_duration: 1 }
$data merge entity $(bone_arm5) { transformation: [0.7071067811865475f,0.7071067811865477f,1.2246467991473532e-16f,0.968913298598716f,0.7071067811865477f,-0.7071067811865475f,0f,0.09390444641777515f,8.659560562354933e-17f,8.659560562354933e-17f,-1f,-1.0625f,0f,0f,0f,1f], start_interpolation: 0, interpolation_duration: 1 }
$data merge entity $(bone_small_arm_base5) { transformation: [0.923879532511287f,-0.3826834323650896f,1.2246467991473532e-16f,0.9843750000000002f,-0.3826834323650896f,-0.923879532511287f,0f,0.08750000000000013f,1.1314261122877005e-16f,-4.686520405326297e-17f,-1f,-0.9687499999999999f,0f,0f,0f,1f], start_interpolation: 0, interpolation_duration: 1 }
$data merge entity $(bone_bone20) { transformation: [-2.220446049250313e-16f,1f,1.2246467991473532e-16f,1.531195361832059e-16f,1f,2.220446049250313e-16f,0f,0.4999999999999999f,-2.719262146893782e-32f,1.2246467991473532e-16f,-1f,-1.40625f,0f,0f,0f,1f], start_interpolation: 0, interpolation_duration: 1 }
$data merge entity $(bone_bone11) { transformation: [-0.0871557427476583f,0.9961946980917455f,1.2246467991473532e-16f,-0.8251809846702061f,0.9961946980917455f,0.0871557427476583f,0f,-0.14733773705611114f,-1.0673500138322989e-17f,1.2199866483456202e-16f,-1f,-1.0625f,0f,0f,0f,1f], start_interpolation: 0, interpolation_duration: 1 }
$data merge entity $(bone_arm2) { transformation: [-0.7933533402912353f,0.6087614290087207f,1.2246467991473532e-16f,-0.4060955535822248f,0.6087614290087207f,0.7933533402912353f,0f,-0.4689132985987159f,-9.715776287805221e-17f,7.455177354798985e-17f,-1f,-1.0625f,0f,0f,0f,1f], start_interpolation: 0, interpolation_duration: 1 }
$data merge entity $(bone_small_arm_base2) { transformation: [0.38268343236508984f,0.9238795325112868f,1.2246467991473532e-16f,-0.41249999999999987f,0.9238795325112868f,-0.38268343236508984f,0f,-0.4843750000000001f,4.686520405326299e-17f,1.1314261122877005e-16f,-1f,-0.96875f,0f,0f,0f,1f], start_interpolation: 0, interpolation_duration: 1 }
$data merge entity $(bone_bone2) { transformation: [-1f,0f,1.2246467991473532e-16f,1.531195361832059e-16f,0f,1f,0f,0.4999999999999999f,-1.2246467991473532e-16f,0f,-1f,-1.40625f,0f,0f,0f,1f], start_interpolation: 0, interpolation_duration: 1 }
$data merge entity $(bone_ring) { transformation: [-1.799249166666667f,0f,2.2034447328268763e-16f,1.1102230246251565e-16f,0f,1.799249166666667f,0f,0.4999999999999999f,-2.2034447328268763e-16f,0f,-1.799249166666667f,-1.0625f,0f,0f,0f,1f], start_interpolation: 0, interpolation_duration: 1 }
$data merge entity $(bone_wheel) { transformation: [-1f,0f,1.2246467991473532e-16f,1.0625f,0f,1f,0f,-0.625f,-1.2246467991473532e-16f,0f,-1f,-1.1874999999999998f,0f,0f,0f,1f], start_interpolation: 0, interpolation_duration: 1 }
$data merge entity $(bone_wheel2) { transformation: [-1f,0f,1.2246467991473532e-16f,1.0625f,0f,1f,0f,-0.625f,-1.2246467991473532e-16f,0f,-1f,-0.9374999999999998f,0f,0f,0f,1f], start_interpolation: 0, interpolation_duration: 1 }
$data merge entity $(bone_rails) { transformation: [-1.1373008333333334f,0f,1.3927918252092842e-16f,-0.43749999999999994f,0f,1.1373008333333334f,0f,-1f,-1.3927918252092842e-16f,0f,-1.1373008333333334f,-0.625f,0f,0f,0f,1f], start_interpolation: 0, interpolation_duration: 1 }
$data merge entity $(bone_wheel3) { transformation: [-1f,0f,1.2246467991473532e-16f,-1.0625f,0f,1f,0f,-0.625f,-1.2246467991473532e-16f,0f,-1f,-0.9375f,0f,0f,0f,1f], start_interpolation: 0, interpolation_duration: 1 }
$data merge entity $(bone_wheel4) { transformation: [-1f,0f,1.2246467991473532e-16f,-1.0625f,0f,1f,0f,-0.625f,-1.2246467991473532e-16f,0f,-1f,-1.1875f,0f,0f,0f,1f], start_interpolation: 0, interpolation_duration: 1 }
$data merge entity $(bone_rails2) { transformation: [-1.2038220833333333f,0f,1.4742568610970649e-16f,0.4375f,0f,1.2038220833333333f,0f,-1f,-1.4742568610970649e-16f,0f,-1.2038220833333333f,-0.6249999999999999f,0f,0f,0f,1f], start_interpolation: 0, interpolation_duration: 1 }
$data merge entity $(bone_bone6) { transformation: [-0.7071067811865476f,0f,-0.7071067811865475f,0.6684296525753378f,0f,1f,0f,0.62365625f,0.7071067811865475f,0f,-0.7071067811865476f,-0.23023782595218456f,0f,0f,0f,1f], start_interpolation: 0, interpolation_duration: 1 }
$data merge entity $(bone_bone5) { transformation: [-0.7071067811865476f,0f,-0.7071067811865475f,0.5749841656163208f,0f,1f,0f,0.62707125f,0.7071067811865475f,0f,-0.7071067811865476f,-0.32368331291120156f,0f,0f,0f,1f], start_interpolation: 0, interpolation_duration: 1 }
$data merge entity $(bone_bone4) { transformation: [-0.7071067811865476f,0f,-0.7071067811865475f,1.146637129857035f,0f,1f,0f,0.140625f,0.7071067811865475f,0f,-0.7071067811865476f,-0.01719539161544259f,0f,0f,0f,1f], start_interpolation: 0, interpolation_duration: 1 }
$data merge entity $(bone_bone3) { transformation: [-0.7071067811865476f,0f,-0.7071067811865475f,0.8372779130879204f,0f,1f,0f,-0.234375f,0.7071067811865475f,0f,-0.7071067811865476f,-0.23816626073623873f,0f,0f,0f,1f], start_interpolation: 0, interpolation_duration: 1 }
$data merge entity $(bone_octagon) { transformation: [-0.7071067811865476f,0f,-0.7071067811865475f,0.859375f,0f,1f,0f,-0.40625f,0.7071067811865475f,0f,-0.7071067811865476f,-0.1718749999999999f,0f,0f,0f,1f], start_interpolation: 0, interpolation_duration: 1 }
$data merge entity $(bone_machine_arm_root) { transformation: [-1f,0f,1.2246467991473532e-16f,0.858915f,0f,1f,0f,-0.297335f,-1.2246467991473532e-16f,0f,-1f,-0.06249999999999989f,0f,0f,0f,1f], start_interpolation: 0, interpolation_duration: 1 }
$data merge entity $(bone_bone10) { transformation: [-0.7071067811865474f,-0.541675220419702f,0.4545194776720437f,-0.6684296525753375f,0f,0.6427876096865393f,0.766044443118978f,0.62365625f,-0.7071067811865477f,0.5416752204197017f,-0.45451947767204354f,-0.23023782595218467f,0f,0f,0f,1f], start_interpolation: 0, interpolation_duration: 1 }
$data merge entity $(bone_bone9) { transformation: [-0.7071067811865474f,0f,0.7071067811865477f,-0.5749841656163205f,0f,1f,0f,0.62707125f,-0.7071067811865477f,0f,-0.7071067811865474f,-0.32368331291120167f,0f,0f,0f,1f], start_interpolation: 0, interpolation_duration: 1 }
$data merge entity $(bone_bone8) { transformation: [-0.7071067811865474f,0f,0.7071067811865477f,-1.1466371298570348f,0f,1f,0f,0.140625f,-0.7071067811865477f,0f,-0.7071067811865474f,-0.017195391615442812f,0f,0f,0f,1f], start_interpolation: 0, interpolation_duration: 1 }
$data merge entity $(bone_bone7) { transformation: [-0.7071067811865474f,0f,0.7071067811865477f,-0.8372779130879203f,0f,1f,0f,-0.234375f,-0.7071067811865477f,0f,-0.7071067811865474f,-0.2381662607362388f,0f,0f,0f,1f], start_interpolation: 0, interpolation_duration: 1 }
$data merge entity $(bone_octagon2) { transformation: [-0.7071067811865474f,0f,0.7071067811865477f,-0.859375f,0f,1f,0f,-0.40625f,-0.7071067811865477f,0f,-0.7071067811865474f,-0.171875f,0f,0f,0f,1f], start_interpolation: 0, interpolation_duration: 1 }
$data merge entity $(bone_machine_arm_root2) { transformation: [-1f,0f,1.2246467991473532e-16f,-0.858915f,0f,1f,0f,-0.297335f,-1.2246467991473532e-16f,0f,-1f,-0.0625f,0f,0f,0f,1f], start_interpolation: 0, interpolation_duration: 1 }
$data merge entity $(bone_base) { transformation: [-2.2905141666666666f,0f,2.8050708426100006e-16f,0.5000000000000001f,0f,2.2905141666666666f,0f,-0.71442375f,-2.8050708426100006e-16f,0f,-2.2905141666666666f,-0.8749999999999999f,0f,0f,0f,1f], start_interpolation: 0, interpolation_duration: 1 }