# This file was generated by Animated Java via MC-Build. It is not recommended to edit this file directly.
$data merge entity $(bone_bone21) { transformation: [-0.01854306048125784f,0.9998280626727721f,1.2246467991473532e-16f,0.7869900944369598f,0.9998280626727721f,0.01854306048125784f,0f,0.7775708716262384f,-2.270869966476809e-18f,1.2244362366499093e-16f,-1f,-1.5546875f,0f,0f,0f,1f], start_interpolation: 0, interpolation_duration: 1 }
$data merge entity $(bone_arm4) { transformation: [-0.19187967078990126f,0.9814184591383838f,1.2246467991473532e-16f,0.6856304978157541f,0.9814184591383838f,0.19187967078990126f,0f,1.2960008789603308f,-2.3498482465430034e-17f,1.201890974607949e-16f,-1f,-1.5546875f,0f,0f,0f,1f], start_interpolation: 0, interpolation_duration: 1 }
$data merge entity $(bone_small_arm_base4) { transformation: [0.6494480483301838f,0.760405965600031f,1.2246467991473532e-16f,0.6964994168095899f,0.760405965600031f,-0.6494480483301838f,0f,1.3087267480483757f,7.953444736000551e-17f,9.312287318246302e-17f,-1f,-1.4609375f,0f,0f,0f,1f], start_interpolation: 0, interpolation_duration: 1 }
$data merge entity $(bone_bone25) { transformation: [-0.9510565162951535f,0.30901699437494745f,1.2246467991473532e-16f,2.6414183864572156e-16f,0.30901699437494745f,0.9510565162951535f,0f,0.4999999999999999f,-1.1647083184890923e-16f,3.7843667304341506e-17f,-1f,-1.8984375f,0f,0f,0f,1f], start_interpolation: 0, interpolation_duration: 1 }
$data merge entity $(bone_bone16) { transformation: [-0.025003669395343875f,-0.9996873593863075f,1.2246467991473532e-16f,-0.4202640916856863f,-0.9996873593863075f,0.025003669395343875f,0f,0.8143283203104645f,-3.062066369194644e-18f,-1.2242639248205113e-16f,-1f,-1.5546875f,0f,0f,0f,1f], start_interpolation: 0, interpolation_duration: 1 }
$data merge entity $(bone_arm3) { transformation: [-0.7112918110294698f,0.7028968342242103f,1.2246467991473532e-16f,-0.7960008789603304f,0.7028968342242103f,0.7112918110294698f,0f,1.185630497815754f,-8.710812396369643e-17f,8.60800358163487e-17f,-1f,-1.5546875f,0f,0f,0f,1f], start_interpolation: 0, interpolation_duration: 1 }
$data merge entity $(bone_small_arm_base3) { transformation: [-0.7604059656000308f,0.6494480483301839f,1.2246467991473532e-16f,-0.8087267480483755f,0.6494480483301839f,0.7604059656000308f,0f,1.1964994168095897f,-9.312287318246302e-17f,7.953444736000553e-17f,-1f,-1.4609375f,0f,0f,0f,1f], start_interpolation: 0, interpolation_duration: 1 }
$data merge entity $(bone_bone15) { transformation: [-0.3090169943749477f,-0.9510565162951534f,1.2246467991473532e-16f,2.6414183864572156e-16f,-0.9510565162951534f,0.3090169943749477f,0f,0.4999999999999999f,-3.784366730434153e-17f,-1.1647083184890923e-16f,-1f,-1.8984375f,0f,0f,0f,1f], start_interpolation: 0, interpolation_duration: 1 }
$data merge entity $(bone_bone26) { transformation: [0.3907311284892737f,0.9205048534524405f,1.2246467991473532e-16f,0.4257486265719664f,0.9205048534524405f,-0.3907311284892737f,0f,0.19114093147922756f,4.785076258316221e-17f,1.1272933223801346e-16f,-1f,-1.5546875f,0f,0f,0f,1f], start_interpolation: 0, interpolation_duration: 1 }
$data merge entity $(bone_arm5) { transformation: [0.700909264299851f,-0.7132504491541816f,1.2246467991473532e-16f,0.7960008789603313f,-0.7132504491541816f,-0.700909264299851f,0f,-0.18563049781575375f,8.583662870175387e-17f,-8.734798795470803e-17f,-1f,-1.5546875f,0f,0f,0f,1f], start_interpolation: 0, interpolation_duration: 1 }
$data merge entity $(bone_small_arm_base5) { transformation: [0.760405965600031f,-0.6494480483301837f,1.2246467991473532e-16f,0.8087267480483764f,-0.6494480483301837f,-0.760405965600031f,0f,-0.1964994168095896f,9.312287318246303e-17f,-7.953444736000549e-17f,-1f,-1.4609375f,0f,0f,0f,1f], start_interpolation: 0, interpolation_duration: 1 }
$data merge entity $(bone_bone20) { transformation: [0.30901699437494723f,0.9510565162951536f,1.2246467991473532e-16f,2.6414183864572156e-16f,0.9510565162951536f,-0.30901699437494723f,0f,0.4999999999999999f,3.784366730434148e-17f,1.1647083184890923e-16f,-1f,-1.8984375f,0f,0f,0f,1f], start_interpolation: 0, interpolation_duration: 1 }
$data merge entity $(bone_bone11) { transformation: [-0.902197667695115f,0.4313228122943356f,1.2246467991473532e-16f,-0.2782488332779795f,0.4313228122943356f,0.902197667695115f,0f,0.040278201165199756f,-1.1048734859410298e-16f,5.282181014754928e-17f,-1f,-1.5546875f,0f,0f,0f,1f], start_interpolation: 0, interpolation_duration: 1 }
$data merge entity $(bone_arm2) { transformation: [0.7711974226720271f,0.6365960534467858f,1.2246467991473532e-16f,-0.6856304978157536f,0.6365960534467858f,-0.7711974226720271f,0f,-0.296000878960331f,9.444444551859864e-17f,7.796053192034435e-17f,-1f,-1.5546875f,0f,0f,0f,1f], start_interpolation: 0, interpolation_duration: 1 }
$data merge entity $(bone_small_arm_base2) { transformation: [0.6494480483301838f,0.760405965600031f,1.2246467991473532e-16f,-0.6964994168095895f,0.760405965600031f,-0.6494480483301838f,0f,-0.3087267480483761f,7.953444736000551e-17f,9.312287318246302e-17f,-1f,-1.4609375f,0f,0f,0f,1f], start_interpolation: 0, interpolation_duration: 1 }
$data merge entity $(bone_bone2) { transformation: [-0.9510565162951535f,0.30901699437494745f,1.2246467991473532e-16f,2.6414183864572156e-16f,0.30901699437494745f,0.9510565162951535f,0f,0.4999999999999999f,-1.1647083184890923e-16f,3.7843667304341506e-17f,-1f,-1.8984375f,0f,0f,0f,1f], start_interpolation: 0, interpolation_duration: 1 }
$data merge entity $(bone_ring) { transformation: [-1.7111876443969585f,0.5559985696149623f,2.2034447328268763e-16f,2.220446049250313e-16f,0.5559985696149623f,1.7111876443969585f,0f,0.4999999999999999f,-2.0956004714512344e-16f,6.809018686094705e-17f,-1.799249166666667f,-1.5546875f,0f,0f,0f,1f], start_interpolation: 0, interpolation_duration: 1 }
$data merge entity $(bone_wheel) { transformation: [-1f,1.4997597826618576e-32f,-1.2246467991473532e-16f,1.0625000000000002f,0f,-1f,-1.2246467991473532e-16f,-0.625f,-1.2246467991473532e-16f,-1.2246467991473532e-16f,1f,-1.6796874999999998f,0f,0f,0f,1f], start_interpolation: 0, interpolation_duration: 1 }
$data merge entity $(bone_wheel2) { transformation: [-1f,1.4997597826618576e-32f,-1.2246467991473532e-16f,1.0625000000000002f,0f,-1f,-1.2246467991473532e-16f,-0.625f,-1.2246467991473532e-16f,-1.2246467991473532e-16f,1f,-1.4296874999999998f,0f,0f,0f,1f], start_interpolation: 0, interpolation_duration: 1 }
$data merge entity $(bone_rails) { transformation: [-1.1373008333333334f,0f,1.3927918252092842e-16f,-0.43749999999999983f,0f,1.1373008333333334f,0f,-1f,-1.3927918252092842e-16f,0f,-1.1373008333333334f,-1.1171875f,0f,0f,0f,1f], start_interpolation: 0, interpolation_duration: 1 }
$data merge entity $(bone_wheel3) { transformation: [-1f,1.4997597826618576e-32f,-1.2246467991473532e-16f,-1.0625f,0f,-1f,-1.2246467991473532e-16f,-0.625f,-1.2246467991473532e-16f,-1.2246467991473532e-16f,1f,-1.4296875000000002f,0f,0f,0f,1f], start_interpolation: 0, interpolation_duration: 1 }
$data merge entity $(bone_wheel4) { transformation: [-1f,1.4997597826618576e-32f,-1.2246467991473532e-16f,-1.0625f,0f,-1f,-1.2246467991473532e-16f,-0.625f,-1.2246467991473532e-16f,-1.2246467991473532e-16f,1f,-1.6796875000000002f,0f,0f,0f,1f], start_interpolation: 0, interpolation_duration: 1 }
$data merge entity $(bone_rails2) { transformation: [-1.2038220833333333f,0f,1.4742568610970649e-16f,0.4375000000000001f,0f,1.2038220833333333f,0f,-1f,-1.4742568610970649e-16f,0f,-1.2038220833333333f,-1.1171875f,0f,0f,0f,1f], start_interpolation: 0, interpolation_duration: 1 }
$data merge entity $(bone_bone6) { transformation: [0.9318925572638213f,0.03175228996650811f,-0.36134201775904584f,0.8601776543093343f,0f,0.9961613641487062f,0.08753591592819993f,0.16095375772008683f,0.36273442312013315f,-0.08157406854676108f,0.9283153610839545f,0.08451647126732609f,0f,0f,0f,1f], start_interpolation: 0, interpolation_duration: 1 }
$data merge entity $(bone_bone5) { transformation: [0.9318925572638213f,-0.17687325804448464f,-0.3166892993219457f,0.817722547435281f,0f,0.8730610582747536f,-0.4876108986929714f,0.09949656670138382f,0.36273442312013315f,0.4544009673327033f,0.8135991022431183f,0.19358689743051205f,0f,0f,0f,1f], start_interpolation: 0, interpolation_duration: 1 }
$data merge entity $(bone_bone4) { transformation: [0.9318925572638213f,-0.17687325804448464f,-0.3166892993219457f,0.9256768816394934f,0f,0.8730610582747536f,-0.4876108986929714f,-0.02242390443979944f,0.36273442312013315f,0.4544009673327033f,0.8135991022431183f,-0.600663171507282f,0f,0f,0f,1f], start_interpolation: 0, interpolation_duration: 1 }
$data merge entity $(bone_bone3) { transformation: [0.9318925572638213f,0.13260766926703382f,-0.337626224940926f,0.8075824561404973f,0f,0.9307807680251741f,0.36557784653130593f,-0.234375f,0.36273442312013315f,-0.34067927428305944f,0.867387670166963f,-0.12496716589351523f,0f,0f,0f,1f], start_interpolation: 0, interpolation_duration: 1 }
$data merge entity $(bone_octagon) { transformation: [0.9318925572638213f,0f,-0.36273442312013315f,0.859375f,0f,1f,0f,-0.40625f,0.36273442312013315f,0f,0.9318925572638213f,-0.1718749999999999f,0f,0f,0f,1f], start_interpolation: 0, interpolation_duration: 1 }
$data merge entity $(bone_bone10) { transformation: [0.25881904510252085f,0.9463552064480644f,0.19345419385699741f,-0.2532509289218151f,0f,0.200278518900584f,-0.9797390034427478f,0.36984935454717105f,-0.9659258262890683f,0.25357511332074734f,0.05183589501639632f,0.08759259727190946f,0f,0f,0f,1f], start_interpolation: 0, interpolation_duration: 1 }
$data merge entity $(bone_bone9) { transformation: [0.25881904510252085f,0.592890308893039f,0.7625573968646138f,-0.15045281872616756f,0f,0.7894575091694532f,-0.6138052143929398f,0.2914298419741807f,-0.9659258262890683f,0.15886447946812873f,0.20432663867225248f,0.1151372678822788f,0f,0f,0f,1f], start_interpolation: 0, interpolation_duration: 1 }
$data merge entity $(bone_bone8) { transformation: [0.25881904510252085f,0.592890308893039f,0.7625573968646138f,-0.8416036357905123f,0f,0.7894575091694532f,-0.6138052143929398f,0.2914180384874835f,-0.9659258262890683f,0.15886447946812873f,0.20432663867225248f,-0.2641703192251137f,0f,0f,0f,1f], start_interpolation: 0, interpolation_duration: 1 }
$data merge entity $(bone_bone7) { transformation: [0.25881904510252085f,0.5880183863281625f,0.7663204807600037f,-0.7909165406974794f,0f,0.7933533402912352f,-0.6087614290087207f,-0.234375f,-0.9659258262890683f,0.15755905175128312f,0.20533495396307277f,-0.18588399175262582f,0f,0f,0f,1f], start_interpolation: 0, interpolation_duration: 1 }
$data merge entity $(bone_octagon2) { transformation: [0.25881904510252085f,0f,0.9659258262890683f,-0.859375f,0f,1f,0f,-0.40625f,-0.9659258262890683f,0f,0.25881904510252085f,-0.171875f,0f,0f,0f,1f], start_interpolation: 0, interpolation_duration: 1 }