# This file was generated by Animated Java via MC-Build. It is not recommended to edit this file directly.
$data merge entity $(bone_bone21) { transformation: [0.6779030949693046f,0.7351512727534639f,1.2246467991473532e-16f,-0.10174839840238104f,0.7351512727534639f,-0.6779030949693046f,0f,-0.037153817561441205f,8.30191855386243e-17f,9.003006530666324e-17f,-1f,-1.9375f,0f,0f,0f,1f], start_interpolation: 0, interpolation_duration: 1 }
$data merge entity $(bone_arm4) { transformation: [-0.576147043678485f,-0.8173460613843697f,1.2246467991473532e-16f,-0.4060955535822246f,-0.8173460613843697f,0.576147043678485f,0f,-0.4689132985987159f,-7.055766328790671e-17f,-1.0009602378700644e-16f,-1f,-1.9375f,0f,0f,0f,1f], start_interpolation: 0, interpolation_duration: 1 }
$data merge entity $(bone_small_arm_base4) { transformation: [-0.3826834323650897f,-0.9238795325112868f,1.2246467991473532e-16f,-0.41249999999999964f,-0.9238795325112868f,0.3826834323650897f,0f,-0.4843750000000001f,-4.686520405326298e-17f,-1.1314261122877005e-16f,-1f,-1.84375f,0f,0f,0f,1f], start_interpolation: 0, interpolation_duration: 1 }
$data merge entity $(bone_bone25) { transformation: [1f,1.2246467991473532e-16f,1.2246467991473532e-16f,2.6414183864572156e-16f,1.2246467991473532e-16f,-1f,0f,0.4999999999999999f,1.2246467991473532e-16f,1.4997597826618576e-32f,-1f,-2.28125f,0f,0f,0f,1f], start_interpolation: 0, interpolation_duration: 1 }
$data merge entity $(bone_bone16) { transformation: [-0.8691994460762588f,0.49446164961574585f,1.2246467991473532e-16f,0.5445151907252658f,0.49446164961574585f,0.8691994460762588f,0f,0.40843534532132597f,-1.064462319457943e-16f,6.055408765030433e-17f,-1f,-1.9375f,0f,0f,0f,1f], start_interpolation: 0, interpolation_duration: 1 }
$data merge entity $(bone_arm3) { transformation: [0.8034105495401884f,-0.5954254687931418f,1.2246467991473532e-16f,0.968913298598716f,-0.5954254687931418f,-0.8034105495401884f,0f,0.09390444641777482f,9.838941578956079e-17f,-7.291858944883334e-17f,-1f,-1.9375f,0f,0f,0f,1f], start_interpolation: 0, interpolation_duration: 1 }
$data merge entity $(bone_small_arm_base3) { transformation: [0.9238795325112868f,-0.38268343236508995f,1.2246467991473532e-16f,0.9843750000000002f,-0.38268343236508995f,-0.9238795325112868f,0f,0.0874999999999998f,1.1314261122877005e-16f,-4.6865204053263004e-17f,-1f,-1.84375f,0f,0f,0f,1f], start_interpolation: 0, interpolation_duration: 1 }
$data merge entity $(bone_bone15) { transformation: [9.957992501029599e-17f,1f,1.2246467991473532e-16f,2.6414183864572156e-16f,1f,-9.957992501029599e-17f,0f,0.4999999999999999f,1.2195023642319245e-32f,1.2246467991473532e-16f,-1f,-2.28125f,0f,0f,0f,1f], start_interpolation: 0, interpolation_duration: 1 }
$data merge entity $(bone_bone26) { transformation: [-0.7125439745672916f,0.7016274540722071f,1.2246467991473532e-16f,-0.4501318898062838f,0.7016274540722071f,0.7125439745672916f,0f,0.806550135691795f,-8.726146977055668e-17f,8.59245815823435e-17f,-1f,-1.9375f,0f,0f,0f,1f], start_interpolation: 0, interpolation_duration: 1 }
$data merge entity $(bone_arm5) { transformation: [-0.9820836827421561f,0.18844532387831794f,1.2246467991473532e-16f,-0.9689132985987157f,0.18844532387831794f,0.9820836827421561f,0f,0.9060955535822245f,-1.2027056385650263e-16f,2.307789627018684e-17f,-1f,-1.9375f,0f,0f,0f,1f], start_interpolation: 0, interpolation_duration: 1 }
$data merge entity $(bone_small_arm_base5) { transformation: [-0.923879532511287f,0.3826834323650895f,1.2246467991473532e-16f,-0.9843749999999999f,0.3826834323650895f,0.923879532511287f,0f,0.9124999999999995f,-1.1314261122877008e-16f,4.6865204053262955e-17f,-1f,-1.84375f,0f,0f,0f,1f], start_interpolation: 0, interpolation_duration: 1 }
$data merge entity $(bone_bone20) { transformation: [3.4450928483976665e-16f,-1f,1.2246467991473532e-16f,2.6414183864572156e-16f,-1f,-3.4450928483976665e-16f,0f,0.4999999999999999f,4.2190219295556397e-32f,-1.2246467991473532e-16f,-1f,-2.28125f,0f,0f,0f,1f], start_interpolation: 0, interpolation_duration: 1 }
$data merge entity $(bone_bone11) { transformation: [0.9602606371729012f,-0.2791048345985672f,1.2246467991473532e-16f,-0.004036474115326816f,-0.2791048345985672f,-0.9602606371729012f,0f,1.1359941489717602f,1.1759801156609914e-16f,-3.41804842317687e-17f,-1f,-1.9375f,0f,0f,0f,1f], start_interpolation: 0, interpolation_duration: 1 }
$data merge entity $(bone_arm2) { transformation: [-0.7764040217040169f,-0.63023550763332f,1.2246467991473532e-16f,0.4060955535822251f,-0.63023550763332f,0.7764040217040169f,0f,1.4689132985987157f,-9.508207000249567e-17f,-7.718158971321526e-17f,-1f,-1.9375f,0f,0f,0f,1f], start_interpolation: 0, interpolation_duration: 1 }
$data merge entity $(bone_small_arm_base2) { transformation: [-0.3826834323650897f,-0.9238795325112868f,1.2246467991473532e-16f,0.4125000000000001f,-0.9238795325112868f,0.3826834323650897f,0f,1.484375f,-4.686520405326298e-17f,-1.1314261122877005e-16f,-1f,-1.84375f,0f,0f,0f,1f], start_interpolation: 0, interpolation_duration: 1 }
$data merge entity $(bone_bone2) { transformation: [1f,1.2246467991473532e-16f,1.2246467991473532e-16f,2.6414183864572156e-16f,1.2246467991473532e-16f,-1f,0f,0.4999999999999999f,1.2246467991473532e-16f,1.4997597826618576e-32f,-1f,-2.28125f,0f,0f,0f,1f], start_interpolation: 0, interpolation_duration: 1 }
$data merge entity $(bone_ring) { transformation: [1.799249166666667f,2.2034447328268763e-16f,2.2034447328268763e-16f,2.220446049250313e-16f,2.2034447328268763e-16f,-1.799249166666667f,0f,0.4999999999999999f,2.2034447328268763e-16f,2.698441539154529e-32f,-1.799249166666667f,-1.9375f,0f,0f,0f,1f], start_interpolation: 0, interpolation_duration: 1 }
$data merge entity $(bone_wheel) { transformation: [-1f,-2.999519565323715e-32f,1.2246467991473532e-16f,1.0625000000000002f,0f,1f,2.4492935982947064e-16f,-0.625f,-1.2246467991473532e-16f,2.4492935982947064e-16f,-1f,-2.0625f,0f,0f,0f,1f], start_interpolation: 0, interpolation_duration: 1 }
$data merge entity $(bone_wheel2) { transformation: [-1f,-2.999519565323715e-32f,1.2246467991473532e-16f,1.0625000000000002f,0f,1f,2.4492935982947064e-16f,-0.625f,-1.2246467991473532e-16f,2.4492935982947064e-16f,-1f,-1.8124999999999998f,0f,0f,0f,1f], start_interpolation: 0, interpolation_duration: 1 }
$data merge entity $(bone_rails) { transformation: [-1.1373008333333334f,0f,1.3927918252092842e-16f,-0.43749999999999983f,0f,1.1373008333333334f,0f,-1f,-1.3927918252092842e-16f,0f,-1.1373008333333334f,-1.5f,0f,0f,0f,1f], start_interpolation: 0, interpolation_duration: 1 }
$data merge entity $(bone_wheel3) { transformation: [-1f,-2.999519565323715e-32f,1.2246467991473532e-16f,-1.0625f,0f,1f,2.4492935982947064e-16f,-0.625f,-1.2246467991473532e-16f,2.4492935982947064e-16f,-1f,-1.8125000000000002f,0f,0f,0f,1f], start_interpolation: 0, interpolation_duration: 1 }
$data merge entity $(bone_wheel4) { transformation: [-1f,-2.999519565323715e-32f,1.2246467991473532e-16f,-1.0625f,0f,1f,2.4492935982947064e-16f,-0.625f,-1.2246467991473532e-16f,2.4492935982947064e-16f,-1f,-2.0625f,0f,0f,0f,1f], start_interpolation: 0, interpolation_duration: 1 }
$data merge entity $(bone_rails2) { transformation: [-1.2038220833333333f,0f,1.4742568610970649e-16f,0.4375000000000001f,0f,1.2038220833333333f,0f,-1f,-1.4742568610970649e-16f,0f,-1.2038220833333333f,-1.5f,0f,0f,0f,1f], start_interpolation: 0, interpolation_duration: 1 }
$data merge entity $(bone_bone6) { transformation: [-0.16985749339203415f,-0.9660721900348712f,-0.19455836034414686f,-0.2621371360884379f,0f,0.19742724760279545f,-0.9803175413629934f,0.49611960217809337f,0.9854686356950054f,-0.16651428030415985f,-0.033534497405099326f,-0.2700488400801528f,0f,0f,0f,1f], start_interpolation: 0, interpolation_duration: 1 }
$data merge entity $(bone_bone5) { transformation: [-0.16985749339203415f,-0.5588400953053306f,-0.8116934025958966f,-0.3713123800920832f,0f,0.8236623401245508f,-0.5670805493583331f,0.4239916511958849f,0.9854686356950054f,-0.09632288066538416f,-0.13990522049497328f,-0.28886651992832424f,0f,0f,0f,1f], start_interpolation: 0, interpolation_duration: 1 }
$data merge entity $(bone_bone4) { transformation: [-0.16985749339203415f,-0.5588400953053306f,-0.8116934025958966f,0.9182221455852635f,0f,0.8236623401245508f,-0.5670805493583331f,0.28524230065304423f,0.9854686356950054f,-0.09632288066538416f,-0.13990522049497328f,-0.25686438304469006f,0f,0f,0f,1f], start_interpolation: 0, interpolation_duration: 1 }
$data merge entity $(bone_bone3) { transformation: [-0.16985749339203415f,-0.5434023427298385f,-0.8221084635583669f,0.8030912569375632f,0f,0.8342309778114569f,-0.5514151572633278f,-0.234375f,0.9854686356950054f,-0.09366199643112318f,-0.14170038280103975f,-0.21328698820247094f,0f,0f,0f,1f], start_interpolation: 0, interpolation_duration: 1 }
$data merge entity $(bone_octagon) { transformation: [-0.16985749339203415f,0f,-0.9854686356950054f,0.859375f,0f,1f,0f,-0.40625f,0.9854686356950054f,0f,-0.16985749339203415f,-0.1718749999999999f,0f,0f,0f,1f], start_interpolation: 0, interpolation_duration: 1 }
$data merge entity $(bone_bone10) { transformation: [-0.9886448559698607f,0.005060896813481257f,0.15018567204556035f,-0.5623093999766637f,0f,0.9994327189292691f,-0.033678484729113445f,0.7794450007342401f,-0.1502709178927623f,-0.033296060684297524f,-0.9880840164573934f,-1.5024210574304617f,0f,0f,0f,1f], start_interpolation: 0, interpolation_duration: 1 }
$data merge entity $(bone_bone9) { transformation: [-0.9886448559698607f,0.04518733650718409f,0.14331592159882245f,-0.5432156174658543f,0f,0.953716950748227f,-0.30070579950427323f,0.7429631088931814f,-0.1502709178927623f,-0.29729124184020406f,-0.9428873574084956f,-1.6280406392166737f,0f,0f,0f,1f], start_interpolation: 0, interpolation_duration: 1 }
$data merge entity $(bone_bone8) { transformation: [-0.9886448559698607f,0.04518733650718409f,0.14331592159882245f,-0.9058703034695124f,0f,0.953716950748227f,-0.30070579950427323f,0.23603353134468757f,-0.1502709178927623f,-0.29729124184020406f,-0.9428873574084956f,-0.48985174538867216f,0f,0f,0f,1f], start_interpolation: 0, interpolation_duration: 1 }
$data merge entity $(bone_bone7) { transformation: [-0.9886448559698607f,0.14331592159882245f,0.04518733650718409f,-0.8808782193807605f,0f,0.30070579950427323f,-0.9537169507482269f,-0.234375f,-0.1502709178927623f,-0.9428873574084956f,-0.297291241840204f,-0.23836126968226512f,0f,0f,0f,1f], start_interpolation: 0, interpolation_duration: 1 }
$data merge entity $(bone_octagon2) { transformation: [-0.9886448559698607f,0f,0.1502709178927623f,-0.859375f,0f,1f,0f,-0.40625f,-0.1502709178927623f,0f,-0.9886448559698607f,-0.171875f,0f,0f,0f,1f], start_interpolation: 0, interpolation_duration: 1 }