# This file was generated by Animated Java via MC-Build. It is not recommended to edit this file directly.
$data merge entity $(bone_bone21) { transformation: [0.7683900609357787f,0.6399818077532448f,1.2246467991473532e-16f,-0.09879147400979865f,0.6399818077532448f,-0.7683900609357787f,0f,-0.07756283077914622f,9.41006428621641e-17f,7.83751672377548e-17f,-1f,-1.8843437499999998f,0f,0f,0f,1f], start_interpolation: 0, interpolation_duration: 1 }
$data merge entity $(bone_arm4) { transformation: [-0.7509472689226712f,-0.660362172824566f,1.2246467991473532e-16f,-0.4954760834238981f,-0.660362172824566f,0.7509472689226712f,0f,-0.42639625948921706f,-9.196451692145959e-17f,-8.087104212275961e-17f,-1f,-1.8843437499999998f,0f,0f,0f,1f], start_interpolation: 0, interpolation_duration: 1 }
$data merge entity $(bone_small_arm_base4) { transformation: [-0.46792981426057334f,-0.8837656300886938f,1.2246467991473532e-16f,-0.5033071813216827f,-0.8837656300886938f,0.46792981426057334f,0f,-0.4411866296622702f,-5.730487492598266e-17f,-1.0823007500845627e-16f,-1f,-1.7905937499999998f,0f,0f,0f,1f], start_interpolation: 0, interpolation_duration: 1 }
$data merge entity $(bone_bone25) { transformation: [0.9955619646030802f,-0.0941083133185141f,1.2246467991473532e-16f,2.6414183864572156e-16f,-0.0941083133185141f,-0.9955619646030802f,0f,0.4999999999999999f,1.2192117733040127e-16f,-1.1524944467867452e-17f,-1f,-2.2280937499999998f,0f,0f,0f,1f], start_interpolation: 0, interpolation_duration: 1 }
$data merge entity $(bone_bone16) { transformation: [-0.798300582517456f,0.6022592298606063f,1.2246467991473532e-16f,0.4763394164698344f,0.6022592298606063f,0.798300582517456f,0f,0.2810962911601647f,-9.776362531374699e-17f,7.375548381057414e-17f,-1f,-1.8843437499999998f,0f,0f,0f,1f], start_interpolation: 0, interpolation_duration: 1 }
$data merge entity $(bone_arm3) { transformation: [0.8519840424980003f,-0.5235677523766777f,1.2246467991473532e-16f,0.9263962594892171f,-0.5235677523766777f,-0.8519840424980003f,0f,0.004523916576101343f,1.0433795305697986e-16f,-6.411855720848723e-17f,-1f,-1.8843437499999998f,0f,0f,0f,1f], start_interpolation: 0, interpolation_duration: 1 }
$data merge entity $(bone_small_arm_base3) { transformation: [0.8837656300886937f,-0.46792981426057356f,1.2246467991473532e-16f,0.9411866296622702f,-0.46792981426057356f,-0.8837656300886937f,0f,-0.0033071813216832835f,1.0823007500845625e-16f,-5.730487492598268e-17f,-1f,-1.7905937499999998f,0f,0f,0f,1f], start_interpolation: 0, interpolation_duration: 1 }
$data merge entity $(bone_bone15) { transformation: [0.09410831331851433f,0.9955619646030802f,1.2246467991473532e-16f,2.6414183864572156e-16f,0.9955619646030802f,-0.09410831331851433f,0f,0.4999999999999999f,1.152494446786748e-17f,1.2192117733040127e-16f,-1f,-2.2280937499999998f,0f,0f,0f,1f], start_interpolation: 0, interpolation_duration: 1 }
$data merge entity $(bone_bone26) { transformation: [-0.7189525179949732f,0.695059189471435f,1.2246467991473532e-16f,-0.4166972610662326f,0.695059189471435f,0.7189525179949732f,0f,0.8567303759650815f,-8.804628999014741e-17f,8.512020116041465e-17f,-1f,-1.8843437499999998f,0f,0f,0f,1f], start_interpolation: 0, interpolation_duration: 1 }
$data merge entity $(bone_arm5) { transformation: [-0.9648901463651198f,0.26265377485864916f,1.2246467991473532e-16f,-0.9263962594892168f,0.26265377485864916f,0.9648901463651198f,0f,0.9954760834238979f,-1.1816496292748653e-16f,3.216581046646142e-17f,-1f,-1.8843437499999998f,0f,0f,0f,1f], start_interpolation: 0, interpolation_duration: 1 }
$data merge entity $(bone_small_arm_base5) { transformation: [-0.8837656300886938f,0.4679298142605731f,1.2246467991473532e-16f,-0.94118662966227f,0.4679298142605731f,0.8837656300886938f,0f,1.0033071813216825f,-1.0823007500845628e-16f,5.730487492598263e-17f,-1f,-1.7905937499999998f,0f,0f,0f,1f], start_interpolation: 0, interpolation_duration: 1 }
$data merge entity $(bone_bone20) { transformation: [-0.09410831331851388f,-0.9955619646030802f,1.2246467991473532e-16f,2.6414183864572156e-16f,-0.9955619646030802f,0.09410831331851388f,0f,0.4999999999999999f,-1.1524944467867424e-17f,-1.2192117733040127e-16f,-1f,-2.2280937499999998f,0f,0f,0f,1f], start_interpolation: 0, interpolation_duration: 1 }
$data merge entity $(bone_bone11) { transformation: [0.8670163524410812f,-0.4982796851164648f,1.2246467991473532e-16f,0.07042443152673922f,-0.4982796851164648f,-0.8670163524410812f,0f,1.1127491113256527f,1.0617888008253838e-16f,-6.102166214580296e-17f,-1f,-1.8843437499999998f,0f,0f,0f,1f], start_interpolation: 0, interpolation_duration: 1 }
$data merge entity $(bone_arm2) { transformation: [-0.8046477467696195f,-0.5937524767262659f,1.2246467991473532e-16f,0.49547608342389854f,-0.5937524767262659f,0.8046477467696195f,0f,1.4263962594892168f,-9.854092875225444e-17f,-7.271370701086349e-17f,-1f,-1.8843437499999998f,0f,0f,0f,1f], start_interpolation: 0, interpolation_duration: 1 }
$data merge entity $(bone_small_arm_base2) { transformation: [-0.46792981426057334f,-0.8837656300886938f,1.2246467991473532e-16f,0.5033071813216832f,-0.8837656300886938f,0.46792981426057334f,0f,1.44118662966227f,-5.730487492598266e-17f,-1.0823007500845627e-16f,-1f,-1.7905937499999998f,0f,0f,0f,1f], start_interpolation: 0, interpolation_duration: 1 }
$data merge entity $(bone_bone2) { transformation: [0.9955619646030802f,-0.0941083133185141f,1.2246467991473532e-16f,2.6414183864572156e-16f,-0.0941083133185141f,-0.9955619646030802f,0f,0.4999999999999999f,1.2192117733040127e-16f,-1.1524944467867452e-17f,-1f,-2.2280937499999998f,0f,0f,0f,1f], start_interpolation: 0, interpolation_duration: 1 }
$data merge entity $(bone_ring) { transformation: [1.7912640351771218f,-0.1693243043147421f,2.2034447328268763e-16f,2.220446049250313e-16f,-0.1693243043147421f,-1.7912640351771218f,0f,0.4999999999999999f,2.193665767107434e-16f,-2.0736246729690126e-17f,-1.799249166666667f,-1.8843437499999998f,0f,0f,0f,1f], start_interpolation: 0, interpolation_duration: 1 }
$data merge entity $(bone_wheel) { transformation: [-1f,-9.907600726170932e-17f,7.198293278059947e-17f,1.0625000000000002f,0f,0.5877852522924715f,0.8090169943749487f,-0.625f,-1.2246467991473532e-16f,0.8090169943749487f,-0.5877852522924715f,-2.0093437499999993f,0f,0f,0f,1f], start_interpolation: 0, interpolation_duration: 1 }
$data merge entity $(bone_wheel2) { transformation: [-1f,-9.907600726170932e-17f,7.198293278059947e-17f,1.0625000000000002f,0f,0.5877852522924715f,0.8090169943749487f,-0.625f,-1.2246467991473532e-16f,0.8090169943749487f,-0.5877852522924715f,-1.7593437499999995f,0f,0f,0f,1f], start_interpolation: 0, interpolation_duration: 1 }
$data merge entity $(bone_rails) { transformation: [-1.1373008333333334f,0f,1.3927918252092842e-16f,-0.43749999999999983f,0f,1.1373008333333334f,0f,-1f,-1.3927918252092842e-16f,0f,-1.1373008333333334f,-1.4468437499999998f,0f,0f,0f,1f], start_interpolation: 0, interpolation_duration: 1 }
$data merge entity $(bone_wheel3) { transformation: [-1f,-9.907600726170932e-17f,7.198293278059947e-17f,-1.0625f,0f,0.5877852522924715f,0.8090169943749487f,-0.625f,-1.2246467991473532e-16f,0.8090169943749487f,-0.5877852522924715f,-1.75934375f,0f,0f,0f,1f], start_interpolation: 0, interpolation_duration: 1 }
$data merge entity $(bone_wheel4) { transformation: [-1f,-9.907600726170932e-17f,7.198293278059947e-17f,-1.0625f,0f,0.5877852522924715f,0.8090169943749487f,-0.625f,-1.2246467991473532e-16f,0.8090169943749487f,-0.5877852522924715f,-2.00934375f,0f,0f,0f,1f], start_interpolation: 0, interpolation_duration: 1 }
$data merge entity $(bone_rails2) { transformation: [-1.2038220833333333f,0f,1.4742568610970649e-16f,0.4375000000000001f,0f,1.2038220833333333f,0f,-1f,-1.4742568610970649e-16f,0f,-1.2038220833333333f,-1.4468437499999998f,0f,0f,0f,1f], start_interpolation: 0, interpolation_duration: 1 }
$data merge entity $(bone_bone6) { transformation: [-0.22384217451863353f,-0.9692345852321913f,-0.10236698538372496f,-0.2587037922917389f,0f,0.10503213318014532f,-0.9944688285711263f,0.3299859658886537f,0.9746254054285521f,-0.2226040650783591f,-0.023510621085374467f,-0.3324733050287157f,0f,0f,0f,1f], start_interpolation: 0, interpolation_duration: 1 }
$data merge entity $(bone_bone5) { transformation: [-0.22384217451863353f,-0.6597663537278387f,-0.7173583758453247f,-0.3557571488046338f,0f,0.7360349646640857f,-0.6769435211241319f,0.24304016970732534f,0.9746254054285521f,-0.1515285097947262f,-0.16475566701215455f,-0.35476354520219655f,0f,0f,0f,1f], start_interpolation: 0, interpolation_duration: 1 }
$data merge entity $(bone_bone4) { transformation: [-0.22384217451863353f,-0.6597663537278387f,-0.7173583758453247f,0.923287118166429f,0f,0.7360349646640857f,-0.6769435211241319f,0.285142337453521f,0.9746254054285521f,-0.1515285097947262f,-0.16475566701215455f,-0.2533871092155425f,0f,0f,0f,1f], start_interpolation: 0, interpolation_duration: 1 }
$data merge entity $(bone_bone3) { transformation: [-0.22384217451863353f,-0.5366583913309442f,-0.8135677303831887f,0.8054559801144228f,0f,0.8347491516758228f,-0.5506304148668999f,-0.234375f,0.9746254054285521f,-0.12325430941990419f,-0.1868520652887008f,-0.21632217982705673f,0f,0f,0f,1f], start_interpolation: 0, interpolation_duration: 1 }
$data merge entity $(bone_octagon) { transformation: [-0.22384217451863353f,0f,-0.9746254054285521f,0.859375f,0f,1f,0f,-0.40625f,0.9746254054285521f,0f,-0.22384217451863353f,-0.1718749999999999f,0f,0f,0f,1f], start_interpolation: 0, interpolation_duration: 1 }
$data merge entity $(bone_bone10) { transformation: [-0.9870510939704068f,0.00895901333878265f,0.1601557803259648f,-0.5573996404139615f,0f,0.9984390559231096f,-0.055852051057856844f,0.8127357338841205f,-0.16040616537971095f,-0.05512882809714867f,-0.9855103624116857f,-1.4456110097590686f,0f,0f,0f,1f], start_interpolation: 0, interpolation_duration: 1 }
$data merge entity $(bone_bone9) { transformation: [-0.9870510939704068f,0.04619457541937644f,0.15361054356276044f,-0.5369419645873164f,0f,0.9576349088523871f,-0.28798503667253283f,0.7779482945296323f,-0.16040616537971095f,-0.2842559454947314f,-0.9452345844069996f,-1.571496266457164f,0f,0f,0f,1f], start_interpolation: 0, interpolation_duration: 1 }
$data merge entity $(bone_bone8) { transformation: [-0.9870510939704068f,0.04619457541937644f,0.15361054356276044f,-0.9097605972618436f,0f,0.9576349088523871f,-0.28798503667253283f,0.2566857312874858f,-0.16040616537971095f,-0.2842559454947314f,-0.9452345844069996f,-0.44628366127651f,0f,0f,0f,1f], start_interpolation: 0, interpolation_duration: 1 }
$data merge entity $(bone_bone7) { transformation: [-0.9870510939704068f,0.14785896844804314f,0.06219214855030952f,-0.8801949613503433f,0f,0.3877166965689208f,-0.9217785868643746f,-0.234375f,-0.16040616537971095f,-0.9098425625629767f,-0.38269618949894557f,-0.2385783860412664f,0f,0f,0f,1f], start_interpolation: 0, interpolation_duration: 1 }
$data merge entity $(bone_octagon2) { transformation: [-0.9870510939704068f,0f,0.16040616537971095f,-0.859375f,0f,1f,0f,-0.40625f,-0.16040616537971095f,0f,-0.9870510939704068f,-0.171875f,0f,0f,0f,1f], start_interpolation: 0, interpolation_duration: 1 }