# This file was generated by Animated Java via MC-Build. It is not recommended to edit this file directly.
$data merge entity $(bone_bone21) { transformation: [0.7823198318896485f,0.6228769385939343f,1.2246467991473532e-16f,-0.11069159735097184f,0.6228769385939343f,-0.7823198318896485f,0f,-0.08182391994520921f,9.580654780331534e-17f,7.628042491117641e-17f,-1f,-1.8464999999999998f,0f,0f,0f,1f], start_interpolation: 0, interpolation_duration: 1 }
$data merge entity $(bone_arm4) { transformation: [-0.7830425633023044f,-0.6219681214153638f,1.2246467991473532e-16f,-0.5243304056041996f,-0.6219681214153638f,0.7830425633023044f,0f,-0.4103758589723439f,-9.589505687443057e-17f,-7.616912690630176e-17f,-1f,-1.8464999999999998f,0f,0f,0f,1f], start_interpolation: 0, interpolation_duration: 1 }
$data merge entity $(bone_small_arm_base4) { transformation: [-0.4954586684324076f,-0.8686315144381912f,1.2246467991473532e-16f,-0.5326222160820838f,-0.8686315144381912f,0.4954586684324076f,0f,-0.4249129502611636f,-6.067618724055577e-17f,-1.0637668037952487e-16f,-1f,-1.7527499999999998f,0f,0f,0f,1f], start_interpolation: 0, interpolation_duration: 1 }
$data merge entity $(bone_bone25) { transformation: [0.9921147013144778f,-0.12533323356430429f,1.2246467991473532e-16f,2.6414183864572156e-16f,-0.12533323356430429f,-0.9921147013144778f,0f,0.4999999999999999f,1.2149900933518075e-16f,-1.5348894331131286e-17f,-1f,-2.19025f,0f,0f,0f,1f], start_interpolation: 0, interpolation_duration: 1 }
$data merge entity $(bone_bone16) { transformation: [-0.5654259461672472f,0.8247990660766258f,1.2246467991473532e-16f,0.4562362223448374f,0.8247990660766258f,0.5654259461672472f,0f,0.2454855145626365f,-6.924470751285827e-17f,1.010087536210466e-16f,-1f,-1.8464999999999998f,0f,0f,0f,1f], start_interpolation: 0, interpolation_duration: 1 }
$data merge entity $(bone_arm3) { transformation: [0.8597130106425523f,-0.5107773872558562f,1.2246467991473532e-16f,0.9103758589723441f,-0.5107773872558562f,-0.8597130106425523f,0f,-0.024330405604200245f,1.0528447866687359e-16f,-6.255218923797325e-17f,-1f,-1.8464999999999998f,0f,0f,0f,1f], start_interpolation: 0, interpolation_duration: 1 }
$data merge entity $(bone_small_arm_base3) { transformation: [0.8686315144381912f,-0.4954586684324078f,1.2246467991473532e-16f,0.9249129502611637f,-0.4954586684324078f,-0.8686315144381912f,0f,-0.032622216082084377f,1.0637668037952486e-16f,-6.06761872405558e-17f,-1f,-1.7527499999999998f,0f,0f,0f,1f], start_interpolation: 0, interpolation_duration: 1 }
$data merge entity $(bone_bone15) { transformation: [0.1253332335643045f,0.9921147013144778f,1.2246467991473532e-16f,2.6414183864572156e-16f,0.9921147013144778f,-0.1253332335643045f,0f,0.4999999999999999f,1.5348894331131314e-17f,1.2149900933518075e-16f,-1f,-2.19025f,0f,0f,0f,1f], start_interpolation: 0, interpolation_duration: 1 }
$data merge entity $(bone_bone26) { transformation: [-0.7210752713992657f,0.6928567333702365f,1.2246467991473532e-16f,-0.4043646608947463f,0.6928567333702365f,0.7210752713992657f,0f,0.8726857296286974f,-8.830625230634198e-17f,8.485047807895513e-17f,-1f,-1.8464999999999998f,0f,0f,0f,1f], start_interpolation: 0, interpolation_duration: 1 }
$data merge entity $(bone_arm5) { transformation: [-0.9579089236708727f,0.2870722800127349f,1.2246467991473532e-16f,-0.9103758589723436f,0.2870722800127349f,0.9579089236708727f,0f,1.0243304056041995f,-1.1731000972482205e-16f,3.5156214884152847e-17f,-1f,-1.8464999999999998f,0f,0f,0f,1f], start_interpolation: 0, interpolation_duration: 1 }
$data merge entity $(bone_small_arm_base5) { transformation: [-0.8686315144381913f,0.4954586684324074f,1.2246467991473532e-16f,-0.9249129502611634f,0.4954586684324074f,0.8686315144381913f,0f,1.0326222160820837f,-1.0637668037952489e-16f,6.067618724055574e-17f,-1f,-1.7527499999999998f,0f,0f,0f,1f], start_interpolation: 0, interpolation_duration: 1 }
$data merge entity $(bone_bone20) { transformation: [-0.12533323356430406f,-0.9921147013144778f,1.2246467991473532e-16f,2.6414183864572156e-16f,-0.9921147013144778f,0.12533323356430406f,0f,0.4999999999999999f,-1.5348894331131258e-17f,-1.2149900933518075e-16f,-1f,-2.19025f,0f,0f,0f,1f], start_interpolation: 0, interpolation_duration: 1 }
$data merge entity $(bone_bone11) { transformation: [0.8246589426737564f,-0.5656302929195023f,1.2246467991473532e-16f,0.0945051022863338f,-0.5656302929195023f,-0.8246589426737564f,0f,1.1033031494077448f,1.0099159345336564e-16f,-6.926973277246483e-17f,-1f,-1.8464999999999998f,0f,0f,0f,1f], start_interpolation: 0, interpolation_duration: 1 }
$data merge entity $(bone_arm2) { transformation: [-0.8136845493379457f,-0.5813066782419622f,1.2246467991473532e-16f,0.5243304056042002f,-0.5813066782419622f,0.8136845493379457f,0f,1.4103758589723439f,-9.964761788623718e-17f,-7.118953628319994e-17f,-1f,-1.8464999999999998f,0f,0f,0f,1f], start_interpolation: 0, interpolation_duration: 1 }
$data merge entity $(bone_small_arm_base2) { transformation: [-0.4954586684324076f,-0.8686315144381912f,1.2246467991473532e-16f,0.5326222160820843f,-0.8686315144381912f,0.4954586684324076f,0f,1.4249129502611635f,-6.067618724055577e-17f,-1.0637668037952487e-16f,-1f,-1.7527499999999998f,0f,0f,0f,1f], start_interpolation: 0, interpolation_duration: 1 }
$data merge entity $(bone_bone2) { transformation: [0.9921147013144778f,-0.12533323356430429f,1.2246467991473532e-16f,2.6414183864572156e-16f,-0.12533323356430429f,-0.9921147013144778f,0f,0.4999999999999999f,1.2149900933518075e-16f,-1.5348894331131286e-17f,-1f,-2.19025f,0f,0f,0f,1f], start_interpolation: 0, interpolation_duration: 1 }
$data merge entity $(bone_ring) { transformation: [1.7850615495778233f,-0.22550571604621322f,2.2034447328268763e-16f,2.220446049250313e-16f,-0.22550571604621322f,-1.7850615495778233f,0f,0.4999999999999999f,2.1860699129714957e-16f,-2.7616485334542694e-17f,-1.799249166666667f,-1.8464999999999998f,0f,0f,0f,1f], start_interpolation: 0, interpolation_duration: 1 }
$data merge entity $(bone_wheel) { transformation: [-1f,-1.1647083184890928e-16f,3.784366730434137e-17f,1.0625000000000002f,0f,0.30901699437494634f,0.951056516295154f,-0.625f,-1.2246467991473532e-16f,0.951056516295154f,-0.30901699437494634f,-1.9714999999999996f,0f,0f,0f,1f], start_interpolation: 0, interpolation_duration: 1 }
$data merge entity $(bone_wheel2) { transformation: [-1f,-1.1647083184890928e-16f,3.784366730434137e-17f,1.0625000000000002f,0f,0.30901699437494634f,0.951056516295154f,-0.625f,-1.2246467991473532e-16f,0.951056516295154f,-0.30901699437494634f,-1.7214999999999996f,0f,0f,0f,1f], start_interpolation: 0, interpolation_duration: 1 }
$data merge entity $(bone_rails) { transformation: [-1.1373008333333334f,0f,1.3927918252092842e-16f,-0.43749999999999983f,0f,1.1373008333333334f,0f,-1f,-1.3927918252092842e-16f,0f,-1.1373008333333334f,-1.4089999999999998f,0f,0f,0f,1f], start_interpolation: 0, interpolation_duration: 1 }
$data merge entity $(bone_wheel3) { transformation: [-1f,-1.1647083184890928e-16f,3.784366730434137e-17f,-1.0625f,0f,0.30901699437494634f,0.951056516295154f,-0.625f,-1.2246467991473532e-16f,0.951056516295154f,-0.30901699437494634f,-1.7215f,0f,0f,0f,1f], start_interpolation: 0, interpolation_duration: 1 }
$data merge entity $(bone_wheel4) { transformation: [-1f,-1.1647083184890928e-16f,3.784366730434137e-17f,-1.0625f,0f,0.30901699437494634f,0.951056516295154f,-0.625f,-1.2246467991473532e-16f,0.951056516295154f,-0.30901699437494634f,-1.9715f,0f,0f,0f,1f], start_interpolation: 0, interpolation_duration: 1 }
$data merge entity $(bone_rails2) { transformation: [-1.2038220833333333f,0f,1.4742568610970649e-16f,0.4375000000000001f,0f,1.2038220833333333f,0f,-1f,-1.4742568610970649e-16f,0f,-1.2038220833333333f,-1.4089999999999998f,0f,0f,0f,1f], start_interpolation: 0, interpolation_duration: 1 }
$data merge entity $(bone_bone6) { transformation: [-0.23881808017518813f,-0.9663789610015916f,-0.09527658849330273f,-0.24606006703129302f,0f,0.09811563042226257f,-0.9951750213238082f,0.30060525245526054f,0.9710643256661412f,-0.2376657880308538f,-0.02343178649262305f,-0.3471959091992492f,0f,0f,0f,1f], start_interpolation: 0, interpolation_duration: 1 }
$data merge entity $(bone_bone5) { transformation: [-0.23881808017518813f,-0.6749413139093856f,-0.698154816183137f,-0.34062745961717544f,0f,0.7189583611819013f,-0.6950531453684926f,0.2112079188736028f,0.9710643256661412f,-0.16599125779662935f,-0.17170025554336119f,-0.370453280052659f,0f,0f,0f,1f], start_interpolation: 0, interpolation_duration: 1 }
$data merge entity $(bone_bone4) { transformation: [-0.23881808017518813f,-0.6749413139093856f,-0.698154816183137f,0.9248760505058424f,0f,0.7189583611819013f,-0.6950531453684926f,0.28507002952088767f,0.9710643256661412f,-0.16599125779662935f,-0.17170025554336119f,-0.25230959408845627f,0f,0f,0f,1f], start_interpolation: 0, interpolation_duration: 1 }
$data merge entity $(bone_bone3) { transformation: [-0.23881808017518813f,-0.534148215291703f,-0.8109572175411759f,0.8061465446513408f,0f,0.8351220368278556f,-0.5500647085611782f,-0.234375f,0.9710643256661412f,-0.13136539767070493f,-0.19944224154722123f,-0.21714689018801606f,0f,0f,0f,1f], start_interpolation: 0, interpolation_duration: 1 }
$data merge entity $(bone_octagon) { transformation: [-0.23881808017518813f,0f,-0.9710643256661412f,0.859375f,0f,1f,0f,-0.40625f,0.9710643256661412f,0f,-0.23881808017518813f,-0.1718749999999999f,0f,0f,0f,1f], start_interpolation: 0, interpolation_duration: 1 }
$data merge entity $(bone_bone10) { transformation: [-0.9859692635828855f,0.008552525725741847f,0.16670772499657313f,-0.5554487371735973f,0f,0.998686617924287f,-0.05123513617576611f,0.83015725978445f,-0.16692696387888484f,-0.05051626948478896f,-0.9846743092248919f,-1.4054201910084931f,0f,0f,0f,1f], start_interpolation: 0, interpolation_duration: 1 }
$data merge entity $(bone_bone9) { transformation: [-0.9859692635828855f,0.0466251909634444f,0.16028319574255084f,-0.5341077872980871f,0f,0.9601995508577366f,-0.27931491641622186f,0.796524351330757f,-0.16692696387888484f,-0.2753959224466174f,-0.94672724405182f,-1.531472448498679f,0f,0f,0f,1f], start_interpolation: 0, interpolation_duration: 1 }
$data merge entity $(bone_bone8) { transformation: [-0.9859692635828855f,0.0466251909634444f,0.16028319574255084f,-0.9127327259491086f,0f,0.9601995508577366f,-0.27931491641622186f,0.26742665322927694f,-0.16692696387888484f,-0.2753959224466174f,-0.94672724405182f,-0.4183356153703852f,0f,0f,0f,1f], start_interpolation: 0, interpolation_duration: 1 }
$data merge entity $(bone_bone7) { transformation: [-0.9859692635828855f,0.14987757828309983f,0.07349369223148207f,-0.8797536042445349f,0f,0.44027453997669297f,-0.8978632019680456f,-0.234375f,-0.16692696387888484f,-0.8852655200426055f,-0.43409716395511366f,-0.2387145465951455f,0f,0f,0f,1f], start_interpolation: 0, interpolation_duration: 1 }
$data merge entity $(bone_octagon2) { transformation: [-0.9859692635828855f,0f,0.16692696387888484f,-0.859375f,0f,1f,0f,-0.40625f,-0.16692696387888484f,0f,-0.9859692635828855f,-0.171875f,0f,0f,0f,1f], start_interpolation: 0, interpolation_duration: 1 }