# This file was generated by Animated Java via MC-Build. It is not recommended to edit this file directly.
$data merge entity $(bone_bone21) { transformation: [0.8061167507202445f,0.5917565244323341f,1.2246467991473532e-16f,-0.25614814723686286f,0.5917565244323341f,-0.8061167507202445f,0f,0.03136485756503987f,9.872082985086124e-17f,7.246927335206202e-17f,-1f,-1.6294999999999995f,0f,0f,0f,1f], start_interpolation: 0, interpolation_duration: 1 }
$data merge entity $(bone_arm4) { transformation: [-0.7158565803041561f,-0.6982473461712833f,1.2246467991473532e-16f,-0.6342962539099944f,-0.6982473461712833f,0.7158565803041561f,0f,-0.33748124821780096f,-8.766714697180552e-17f,-8.551063775017957e-17f,-1f,-1.6294999999999995f,0f,0f,0f,1f], start_interpolation: 0, interpolation_duration: 1 }
$data merge entity $(bone_small_arm_base4) { transformation: [-0.600420225325884f,-0.7996846584870909f,1.2246467991473532e-16f,-0.6443446616434639f,-0.7996846584870909f,0.600420225325884f,0f,-0.350864470780494f,-7.353027070886766e-17f,-9.793312573434601e-17f,-1f,-1.5357499999999995f,0f,0f,0f,1f], start_interpolation: 0, interpolation_duration: 1 }
$data merge entity $(bone_bone25) { transformation: [0.9685831611286313f,-0.2486898871648546f,1.2246467991473532e-16f,2.6414183864572156e-16f,-0.2486898871648546f,-0.9685831611286313f,0f,0.4999999999999999f,1.1861722679842034e-16f,-3.0455727429675563e-17f,-1f,-1.9732499999999995f,0f,0f,0f,1f], start_interpolation: 0, interpolation_duration: 1 }
$data merge entity $(bone_bone16) { transformation: [0.9589263922537219f,0.28365502681824883f,1.2246467991473532e-16f,0.40370766803109837f,0.28365502681824883f,-0.9589263922537219f,0f,0.16717334897502403f,1.17434613689144e-16f,3.4737722065502515e-17f,-1f,-1.6294999999999993f,0f,0f,0f,1f], start_interpolation: 0, interpolation_duration: 1 }
$data merge entity $(bone_arm3) { transformation: [0.8211588693928181f,-0.5706996681421054f,1.2246467991473532e-16f,0.8374812482178009f,-0.5706996681421054f,-0.8211588693928181f,0f,-0.13429625390999497f,1.0056295809933742e-16f,-6.98905521864686e-17f,-1f,-1.6294999999999993f,0f,0f,0f,1f], start_interpolation: 0, interpolation_duration: 1 }
$data merge entity $(bone_small_arm_base3) { transformation: [0.7996846584870908f,-0.6004202253258842f,1.2246467991473532e-16f,0.850864470780494f,-0.6004202253258842f,-0.7996846584870908f,0f,-0.1443446616434645f,9.7933125734346e-17f,-7.353027070886767e-17f,-1f,-1.5357499999999993f,0f,0f,0f,1f], start_interpolation: 0, interpolation_duration: 1 }
$data merge entity $(bone_bone15) { transformation: [0.24868988716485482f,0.9685831611286313f,1.2246467991473532e-16f,2.6414183864572156e-16f,0.9685831611286313f,-0.24868988716485482f,0f,0.4999999999999999f,3.045572742967559e-17f,1.1861722679842034e-16f,-1f,-1.9732499999999995f,0f,0f,0f,1f], start_interpolation: 0, interpolation_duration: 1 }
$data merge entity $(bone_bone26) { transformation: [-0.7294986170854679f,0.6839822860793914f,1.2246467991473532e-16f,-0.3494580942251657f,0.6839822860793914f,0.7294986170854679f,0f,0.9321160335650713f,-8.933781463961389e-17f,8.376367173206162e-17f,-1f,-1.6294999999999997f,0f,0f,0f,1f], start_interpolation: 0, interpolation_duration: 1 }
$data merge entity $(bone_arm5) { transformation: [-0.9238564995074687f,0.3827390342228069f,1.2246467991473532e-16f,-0.8374812482178007f,0.3827390342228069f,0.9238564995074687f,0f,1.1342962539099943f,-1.1313979049932998e-16f,4.687201331697101e-17f,-1f,-1.6294999999999997f,0f,0f,0f,1f], start_interpolation: 0, interpolation_duration: 1 }
$data merge entity $(bone_small_arm_base5) { transformation: [-0.7996846584870909f,0.6004202253258838f,1.2246467991473532e-16f,-0.8508644707804938f,0.6004202253258838f,0.7996846584870909f,0f,1.1443446616434638f,-9.793312573434602e-17f,7.353027070886763e-17f,-1f,-1.5357499999999997f,0f,0f,0f,1f], start_interpolation: 0, interpolation_duration: 1 }
$data merge entity $(bone_bone20) { transformation: [-0.24868988716485438f,-0.9685831611286313f,1.2246467991473532e-16f,2.6414183864572156e-16f,-0.9685831611286313f,0.24868988716485438f,0f,0.4999999999999999f,-3.045572742967554e-17f,-1.1861722679842034e-16f,-1f,-1.9732499999999995f,0f,0f,0f,1f], start_interpolation: 0, interpolation_duration: 1 }
$data merge entity $(bone_bone11) { transformation: [0.6061916765042592f,-0.7953185848054578f,1.2246467991473532e-16f,0.1864040772197108f,-0.7953185848054578f,-0.6061916765042592f,0f,1.0574169013414443f,7.423706963007087e-17f,-9.739843591844068e-17f,-1f,-1.6294999999999995f,0f,0f,0f,1f], start_interpolation: 0, interpolation_duration: 1 }
$data merge entity $(bone_arm2) { transformation: [-0.8478862019733417f,-0.5301782610624677f,1.2246467991473532e-16f,0.6342962539099949f,-0.5301782610624677f,0.8478862019733417f,0f,1.3374812482178007f,-1.0383611232878592e-16f,-6.492811103876607e-17f,-1f,-1.6294999999999995f,0f,0f,0f,1f], start_interpolation: 0, interpolation_duration: 1 }
$data merge entity $(bone_small_arm_base2) { transformation: [-0.600420225325884f,-0.7996846584870909f,1.2246467991473532e-16f,0.6443446616434644f,-0.7996846584870909f,0.600420225325884f,0f,1.3508644707804938f,-7.353027070886766e-17f,-9.793312573434601e-17f,-1f,-1.5357499999999995f,0f,0f,0f,1f], start_interpolation: 0, interpolation_duration: 1 }
$data merge entity $(bone_bone2) { transformation: [0.9685831611286313f,-0.2486898871648546f,1.2246467991473532e-16f,2.6414183864572156e-16f,-0.2486898871648546f,-0.9685831611286313f,0f,0.4999999999999999f,1.1861722679842034e-16f,-3.0455727429675563e-17f,-1f,-1.9732499999999995f,0f,0f,0f,1f], start_interpolation: 0, interpolation_duration: 1 }
$data merge entity $(bone_ring) { transformation: [1.7427224455080559f,-0.4474550722397921f,2.2034447328268763e-16f,2.220446049250313e-16f,-0.4474550722397921f,-1.7427224455080559f,0f,0.4999999999999999f,2.1342194646936885e-16f,-5.479744219807091e-17f,-1.799249166666667f,-1.6294999999999995f,0f,0f,0f,1f], start_interpolation: 0, interpolation_duration: 1 }
$data merge entity $(bone_wheel) { transformation: [-1f,-7.198293278059944e-17f,-9.907600726170936e-17f,1.0625000000000002f,0f,-0.809016994374949f,0.5877852522924712f,-0.625f,-1.2246467991473532e-16f,0.5877852522924712f,0.809016994374949f,-1.7544999999999993f,0f,0f,0f,1f], start_interpolation: 0, interpolation_duration: 1 }
$data merge entity $(bone_wheel2) { transformation: [-1f,-7.198293278059944e-17f,-9.907600726170936e-17f,1.0625000000000002f,0f,-0.809016994374949f,0.5877852522924712f,-0.625f,-1.2246467991473532e-16f,0.5877852522924712f,0.809016994374949f,-1.5044999999999993f,0f,0f,0f,1f], start_interpolation: 0, interpolation_duration: 1 }
$data merge entity $(bone_rails) { transformation: [-1.1373008333333334f,0f,1.3927918252092842e-16f,-0.43749999999999983f,0f,1.1373008333333334f,0f,-1f,-1.3927918252092842e-16f,0f,-1.1373008333333334f,-1.1919999999999995f,0f,0f,0f,1f], start_interpolation: 0, interpolation_duration: 1 }
$data merge entity $(bone_wheel3) { transformation: [-1f,-7.198293278059944e-17f,-9.907600726170936e-17f,-1.0625f,0f,-0.809016994374949f,0.5877852522924712f,-0.625f,-1.2246467991473532e-16f,0.5877852522924712f,0.809016994374949f,-1.5044999999999995f,0f,0f,0f,1f], start_interpolation: 0, interpolation_duration: 1 }
$data merge entity $(bone_wheel4) { transformation: [-1f,-7.198293278059944e-17f,-9.907600726170936e-17f,-1.0625f,0f,-0.809016994374949f,0.5877852522924712f,-0.625f,-1.2246467991473532e-16f,0.5877852522924712f,0.809016994374949f,-1.7544999999999995f,0f,0f,0f,1f], start_interpolation: 0, interpolation_duration: 1 }
$data merge entity $(bone_rails2) { transformation: [-1.2038220833333333f,0f,1.4742568610970649e-16f,0.4375000000000001f,0f,1.2038220833333333f,0f,-1f,-1.4742568610970649e-16f,0f,-1.2038220833333333f,-1.1919999999999993f,0f,0f,0f,1f], start_interpolation: 0, interpolation_duration: 1 }
$data merge entity $(bone_bone6) { transformation: [-0.2728432602430647f,-0.9422964232437858f,-0.19399486096776708f,-0.14977832145262682f,0f,0.20164559762841f,-0.9794585509132487f,0.3233693043013717f,0.9620584989177816f,-0.26723866430411863f,-0.055017642270596565f,-0.36062722506170175f,0f,0f,0f,1f], start_interpolation: 0, interpolation_duration: 1 }
$data merge entity $(bone_bone5) { transformation: [-0.2728432602430647f,-0.652494115558123f,-0.7069709926877892f,-0.24543413111156043f,0f,0.7348523956527175f,-0.678227068616007f,0.2362498464391667f,0.9620584989177816f,-0.18504968458628812f,-0.20049952342731397f,-0.3877555576920899f,0f,0f,0f,1f], start_interpolation: 0, interpolation_duration: 1 }
$data merge entity $(bone_bone4) { transformation: [-0.2728432602430647f,-0.652494115558123f,-0.7069709926877892f,0.929812474755406f,0f,0.7348523956527175f,-0.678227068616007f,0.2846059056938053f,0.9620584989177816f,-0.18504968458628812f,-0.20049952342731397f,-0.24934597481939705f,0f,0f,0f,1f], start_interpolation: 0, interpolation_duration: 1 }
$data merge entity $(bone_bone3) { transformation: [-0.2728432602430647f,-0.5257372210783908f,-0.8057027551850039f,0.8077726957002345f,0f,0.8374779247741566f,-0.5464711570759907f,-0.234375f,0.9620584989177816f,-0.14910097212541323f,-0.228500207376977f,-0.21899203185637212f,0f,0f,0f,1f], start_interpolation: 0, interpolation_duration: 1 }
$data merge entity $(bone_octagon) { transformation: [-0.2728432602430647f,0f,-0.9620584989177816f,0.859375f,0f,1f,0f,-0.40625f,0.9620584989177816f,0f,-0.2728432602430647f,-0.1718749999999999f,0f,0f,0f,1f], start_interpolation: 0, interpolation_duration: 1 }
$data merge entity $(bone_bone10) { transformation: [-0.9778382940702127f,0.001914568851125266f,0.2093528243802089f,-0.5518548229971522f,0f,0.9999581854821795f,-0.00914479563397233f,0.8860024291253116f,-0.20936157873367378f,-0.00894213136234423f,-0.9777974062334398f,-1.1603801809620689f,0f,0f,0f,1f], start_interpolation: 0, interpolation_duration: 1 }
$data merge entity $(bone_bone9) { transformation: [-0.9778382940702127f,0.04811681931215431f,0.20375731238200456f,-0.5247635931829585f,0f,0.9732316388443061f,-0.229826406560313f,0.8589540246205072f,-0.20936157873367378f,-0.22473306132322363f,-0.9516631654626736f,-1.2869117160508152f,0f,0f,0f,1f], start_interpolation: 0, interpolation_duration: 1 }
$data merge entity $(bone_bone8) { transformation: [-0.9778382940702127f,0.04811681931215431f,0.20375731238200456f,-0.9367461239940348f,0f,0.9732316388443061f,-0.229826406560313f,0.2959232736826489f,-0.20936157873367378f,-0.22473306132322363f,-0.9516631654626736f,-0.2582975050881697f,0f,0f,0f,1f], start_interpolation: 0, interpolation_duration: 1 }
$data merge entity $(bone_bone7) { transformation: [-0.9778382940702127f,0.149653601576179f,0.14641062183166415f,-0.8768473480188396f,0f,0.6993194392076649f,-0.714809290612732f,-0.234375f,-0.20936157873367378f,-0.6989678973182928f,-0.6838213274449609f,-0.2395324427148156f,0f,0f,0f,1f], start_interpolation: 0, interpolation_duration: 1 }
$data merge entity $(bone_octagon2) { transformation: [-0.9778382940702127f,0f,0.20936157873367378f,-0.859375f,0f,1f,0f,-0.40625f,-0.20936157873367378f,0f,-0.9778382940702127f,-0.171875f,0f,0f,0f,1f], start_interpolation: 0, interpolation_duration: 1 }