# This file was generated by Animated Java via MC-Build. It is not recommended to edit this file directly.
$data merge entity $(bone_bone21) { transformation: [0.8170703682335189f,0.5765379548258225f,1.2246467991473532e-16f,-0.3293416932572725f,0.5765379548258225f,-0.8170703682335189f,0f,0.09458038495053311f,1.000622611135328e-16f,7.06055360964405e-17f,-1f,-1.5654062499999997f,0f,0f,0f,1f], start_interpolation: 0, interpolation_duration: 1 }
$data merge entity $(bone_arm4) { transformation: [-0.6265030504727687f,-0.7794189680449888f,1.2246467991473532e-16f,-0.6602891887186667f,-0.7794189680449888f,0.6265030504727687f,0f,-0.317144274961247f,-7.672449554175287e-17f,-9.545129444110287e-17f,-1f,-1.5654062499999997f,0f,0f,0f,1f], start_interpolation: 0, interpolation_duration: 1 }
$data merge entity $(bone_small_arm_base4) { transformation: [-0.6252426563357052f,-0.7804304073383296f,1.2246467991473532e-16f,-0.670753015349105f,-0.7804304073383296f,0.6252426563357052f,0f,-0.33020526559705854f,-7.6570141777191e-17f,-9.557516003041504e-17f,-1f,-1.4716562499999997f,0f,0f,0f,1f], start_interpolation: 0, interpolation_duration: 1 }
$data merge entity $(bone_bone25) { transformation: [0.9602936856769428f,-0.27899110603922933f,1.2246467991473532e-16f,2.6414183864572156e-16f,-0.27899110603922933f,-0.9602936856769428f,0f,0.4999999999999999f,1.1760205884056826e-16f,-3.41665565001522e-17f,-1f,-1.9091562499999997f,0f,0f,0f,1f], start_interpolation: 0, interpolation_duration: 1 }
$data merge entity $(bone_bone16) { transformation: [0.9910288702758758f,-0.13364796399392448f,1.2246467991473532e-16f,0.39772481739095195f,-0.13364796399392448f,-0.9910288702758758f,0f,0.16085059228499482f,1.2136603338459688e-16f,-1.636715513177203e-17f,-1f,-1.5654062499999997f,0f,0f,0f,1f], start_interpolation: 0, interpolation_duration: 1 }
$data merge entity $(bone_arm3) { transformation: [0.7939856720446953f,-0.6079364708485038f,1.2246467991473532e-16f,0.817144274961247f,-0.6079364708485038f,-0.7939856720446953f,0f,-0.16028918871866732f,9.723520118383962e-17f,-7.445074531095584e-17f,-1f,-1.5654062499999997f,0f,0f,0f,1f], start_interpolation: 0, interpolation_duration: 1 }
$data merge entity $(bone_small_arm_base3) { transformation: [0.7804304073383295f,-0.6252426563357054f,1.2246467991473532e-16f,0.8302052655970585f,-0.6252426563357054f,-0.7804304073383295f,0f,-0.17075301534910559f,9.557516003041503e-17f,-7.657014177719103e-17f,-1f,-1.4716562499999997f,0f,0f,0f,1f], start_interpolation: 0, interpolation_duration: 1 }
$data merge entity $(bone_bone15) { transformation: [0.27899110603922955f,0.9602936856769427f,1.2246467991473532e-16f,2.6414183864572156e-16f,0.9602936856769427f,-0.27899110603922955f,0f,0.4999999999999999f,3.4166556500152224e-17f,1.1760205884056826e-16f,-1f,-1.9091562499999997f,0f,0f,0f,1f], start_interpolation: 0, interpolation_duration: 1 }
$data merge entity $(bone_bone26) { transformation: [-0.7315874380037324f,0.681747622331853f,1.2246467991473532e-16f,-0.3344128388499915f,0.681747622331853f,0.7315874380037324f,0f,0.945780911671823f,-8.959362142476837e-17f,8.349000435150225e-17f,-1f,-1.5654062499999997f,0f,0f,0f,1f], start_interpolation: 0, interpolation_duration: 1 }
$data merge entity $(bone_arm5) { transformation: [-0.913838966695191f,0.4060767697732355f,1.2246467991473532e-16f,-0.8171442749612469f,0.4060767697732355f,0.913838966695191f,0f,1.1602891887186668f,-1.1191299654993905e-16f,4.973006163108895e-17f,-1f,-1.5654062499999997f,0f,0f,0f,1f], start_interpolation: 0, interpolation_duration: 1 }
$data merge entity $(bone_small_arm_base5) { transformation: [-0.7804304073383297f,0.6252426563357051f,1.2246467991473532e-16f,-0.8302052655970584f,0.6252426563357051f,0.7804304073383297f,0f,1.170753015349105f,-9.557516003041505e-17f,7.657014177719099e-17f,-1f,-1.4716562499999997f,0f,0f,0f,1f], start_interpolation: 0, interpolation_duration: 1 }
$data merge entity $(bone_bone20) { transformation: [-0.2789911060392291f,-0.960293685676943f,1.2246467991473532e-16f,2.6414183864572156e-16f,-0.960293685676943f,0.2789911060392291f,0f,0.4999999999999999f,-3.4166556500152175e-17f,-1.1760205884056826e-16f,-1f,-1.9091562499999997f,0f,0f,0f,1f], start_interpolation: 0, interpolation_duration: 1 }
$data merge entity $(bone_bone11) { transformation: [0.5410452427199813f,-0.8409934870913546f,1.2246467991473532e-16f,0.20814256930213892f,-0.8409934870913546f,-0.5410452427199813f,0f,1.044001684210838f,6.625893246909277e-17f,-1.0299199820701985e-16f,-1f,-1.5654062499999997f,0f,0f,0f,1f], start_interpolation: 0, interpolation_duration: 1 }
$data merge entity $(bone_arm2) { transformation: [-0.8559401119820508f,-0.5170749700963623f,1.2246467991473532e-16f,0.6602891887186673f,-0.5170749700963623f,0.8559401119820508f,0f,1.317144274961247f,-1.0482243184006457e-16f,-6.332342070477234e-17f,-1f,-1.5654062499999997f,0f,0f,0f,1f], start_interpolation: 0, interpolation_duration: 1 }
$data merge entity $(bone_small_arm_base2) { transformation: [-0.6252426563357052f,-0.7804304073383296f,1.2246467991473532e-16f,0.6707530153491055f,-0.7804304073383296f,0.6252426563357052f,0f,1.3302052655970584f,-7.6570141777191e-17f,-9.557516003041504e-17f,-1f,-1.4716562499999997f,0f,0f,0f,1f], start_interpolation: 0, interpolation_duration: 1 }
$data merge entity $(bone_bone2) { transformation: [0.9602936856769428f,-0.27899110603922933f,1.2246467991473532e-16f,2.6414183864572156e-16f,-0.27899110603922933f,-0.9602936856769428f,0f,0.4999999999999999f,1.1760205884056826e-16f,-3.41665565001522e-17f,-1f,-1.9091562499999997f,0f,0f,0f,1f], start_interpolation: 0, interpolation_duration: 1 }
$data merge entity $(bone_ring) { transformation: [1.7278076137095018f,-0.5019745150484951f,2.2034447328268763e-16f,2.220446049250313e-16f,-0.5019745150484951f,-1.7278076137095018f,0f,0.4999999999999999f,2.1159540636717677e-16f,-6.147414831076844e-17f,-1.799249166666667f,-1.5654062499999997f,0f,0f,0f,1f], start_interpolation: 0, interpolation_duration: 1 }
$data merge entity $(bone_wheel) { transformation: [-1f,-3.784366730434133e-17f,-1.164708318489093e-16f,1.0625000000000002f,0f,-0.9510565162951541f,0.30901699437494606f,-0.625f,-1.2246467991473532e-16f,0.30901699437494606f,0.9510565162951541f,-1.6904062499999994f,0f,0f,0f,1f], start_interpolation: 0, interpolation_duration: 1 }
$data merge entity $(bone_wheel2) { transformation: [-1f,-3.784366730434133e-17f,-1.164708318489093e-16f,1.0625000000000002f,0f,-0.9510565162951541f,0.30901699437494606f,-0.625f,-1.2246467991473532e-16f,0.30901699437494606f,0.9510565162951541f,-1.4404062499999994f,0f,0f,0f,1f], start_interpolation: 0, interpolation_duration: 1 }
$data merge entity $(bone_rails) { transformation: [-1.1373008333333334f,0f,1.3927918252092842e-16f,-0.43749999999999983f,0f,1.1373008333333334f,0f,-1f,-1.3927918252092842e-16f,0f,-1.1373008333333334f,-1.1279062499999997f,0f,0f,0f,1f], start_interpolation: 0, interpolation_duration: 1 }
$data merge entity $(bone_wheel3) { transformation: [-1f,-3.784366730434133e-17f,-1.164708318489093e-16f,-1.0625f,0f,-0.9510565162951541f,0.30901699437494606f,-0.625f,-1.2246467991473532e-16f,0.30901699437494606f,0.9510565162951541f,-1.4404062499999999f,0f,0f,0f,1f], start_interpolation: 0, interpolation_duration: 1 }
$data merge entity $(bone_wheel4) { transformation: [-1f,-3.784366730434133e-17f,-1.164708318489093e-16f,-1.0625f,0f,-0.9510565162951541f,0.30901699437494606f,-0.625f,-1.2246467991473532e-16f,0.30901699437494606f,0.9510565162951541f,-1.6904062499999999f,0f,0f,0f,1f], start_interpolation: 0, interpolation_duration: 1 }
$data merge entity $(bone_rails2) { transformation: [-1.2038220833333333f,0f,1.4742568610970649e-16f,0.4375000000000001f,0f,1.2038220833333333f,0f,-1f,-1.4742568610970649e-16f,0f,-1.2038220833333333f,-1.1279062499999997f,0f,0f,0f,1f], start_interpolation: 0, interpolation_duration: 1 }
$data merge entity $(bone_bone6) { transformation: [-0.27287985286954153f,-0.9316913975378447f,-0.2397659810145611f,-0.10820498132244127f,0f,0.2492245199996706f,-0.9684457334466055f,0.3484894773900102f,0.9620481203650352f,-0.264269329255045f,-0.0680083503489922f,-0.3488755879520559f,0f,0f,0f,1f], start_interpolation: 0, interpolation_duration: 1 }
$data merge entity $(bone_bone5) { transformation: [-0.27287985286954153f,-0.6337350022971517f,-0.7238207877377703f,-0.20602346061880938f,0f,0.7523748265971634f,-0.658735242948856f,0.2640057399385676f,0.9620481203650352f,-0.17975557617586554f,-0.20530793198458078f,-0.37662128140883133f,0f,0f,0f,1f], start_interpolation: 0, interpolation_duration: 1 }
$data merge entity $(bone_bone4) { transformation: [-0.27287985286954153f,-0.6337350022971517f,-0.7238207877377703f,0.9305278569958664f,0f,0.7523748265971634f,-0.658735242948856f,0.2844496383402064f,0.9620481203650352f,-0.17975557617586554f,-0.20530793198458078f,-0.249141217019909f,0f,0f,0f,1f], start_interpolation: 0, interpolation_duration: 1 }
$data merge entity $(bone_bone3) { transformation: [-0.27287985286954153f,-0.5245811864028043f,-0.8064435285685685f,0.8077744878793585f,0f,0.8382569556526707f,-0.5452754132545465f,-0.234375f,0.9620481203650352f,-0.14879467454227913f,-0.22874343472537056f,-0.21899399456575358f,0f,0f,0f,1f], start_interpolation: 0, interpolation_duration: 1 }
$data merge entity $(bone_octagon) { transformation: [-0.27287985286954153f,0f,-0.9620481203650352f,0.859375f,0f,1f,0f,-0.40625f,0.9620481203650352f,0f,-0.27287985286954153f,-0.1718749999999999f,0f,0f,0f,1f], start_interpolation: 0, interpolation_duration: 1 }
$data merge entity $(bone_bone10) { transformation: [-0.9745546360738216f,-0.00009983574146361224f,0.22415006433156762f,-0.5679547697234196f,0f,0.9999999008108201f,0.0004453968454511681f,0.847349798516438f,-0.22415008656483085f,0.0004340635606271126f,-0.9745545394085464f,-1.0206586849740173f,0f,0f,0f,1f], start_interpolation: 0, interpolation_duration: 1 }
$data merge entity $(bone_bone9) { transformation: [-0.9745546360738216f,0.04822726936245468f,0.21890041525054815f,-0.5388619732849083f,0f,0.9765796596613655f,-0.2151561487285259f,0.8222515295819279f,-0.22415008656483085f,-0.20968142222317354f,-0.9517302348183785f,-1.1471476820563484f,0f,0f,0f,1f], start_interpolation: 0, interpolation_duration: 1 }
$data merge entity $(bone_bone8) { transformation: [-0.9745546360738216f,0.04822726936245468f,0.21890041525054815f,-0.9464445896601128f,0f,0.9765796596613655f,-0.2151561487285259f,0.29418125866546707f,-0.22415008656483085f,-0.20968142222317354f,-0.9517302348183785f,-0.21156237140379752f,0f,0f,0f,1f], start_interpolation: 0, interpolation_duration: 1 }
$data merge entity $(bone_bone7) { transformation: [-0.9745546360738216f,0.14501527759433816f,0.17092053876365534f,-0.875820451967005f,0f,0.7625272039063882f,-0.6469561525348573f,-0.234375f,-0.22415008656483085f,-0.6304941177893276f,-0.7431244216993789f,-0.23978935495976483f,0f,0f,0f,1f], start_interpolation: 0, interpolation_duration: 1 }
$data merge entity $(bone_octagon2) { transformation: [-0.9745546360738216f,0f,0.22415008656483085f,-0.859375f,0f,1f,0f,-0.40625f,-0.22415008656483085f,0f,-0.9745546360738216f,-0.171875f,0f,0f,0f,1f], start_interpolation: 0, interpolation_duration: 1 }