# This file was generated by Animated Java via MC-Build. It is not recommended to edit this file directly.
$data merge entity $(bone_bone21) { transformation: [0.831532622470488f,0.5554759200607648f,1.2246467991473532e-16f,-0.41545793292100985f,0.5554759200607648f,-0.831532622470488f,0f,0.1579266763938642f,1.0183337644950879e-16f,6.802618075058467e-17f,-1f,-1.5f,0f,0f,0f,1f], start_interpolation: 0, interpolation_duration: 1 }
$data merge entity $(bone_arm4) { transformation: [-0.5114525366769366f,-0.8593115283334252f,1.2246467991473532e-16f,-0.6856304978157536f,-0.8593115283334252f,0.5114525366769366f,0f,-0.2960008789603311f,-6.263487119572048e-17f,-1.0523531126439495e-16f,-1f,-1.5f,0f,0f,0f,1f], start_interpolation: 0, interpolation_duration: 1 }
$data merge entity $(bone_small_arm_base4) { transformation: [-0.6494480483301837f,-0.760405965600031f,1.2246467991473532e-16f,-0.6964994168095895f,-0.760405965600031f,0.6494480483301837f,0f,-0.3087267480483762f,-7.953444736000551e-17f,-9.312287318246305e-17f,-1f,-1.40625f,0f,0f,0f,1f], start_interpolation: 0, interpolation_duration: 1 }
$data merge entity $(bone_bone25) { transformation: [0.9510565162951536f,-0.30901699437494734f,1.2246467991473532e-16f,2.6414183864572156e-16f,-0.30901699437494734f,-0.9510565162951536f,0f,0.4999999999999999f,1.1647083184890926e-16f,-3.7843667304341493e-17f,-1f,-1.84375f,0f,0f,0f,1f], start_interpolation: 0, interpolation_duration: 1 }
$data merge entity $(bone_bone16) { transformation: [0.8984313596655362f,-0.4391139851673325f,1.2246467991473532e-16f,0.3941992089377187f,-0.4391139851673325f,-0.8984313596655362f,0f,0.15729640153552232f,1.1002610888680036e-16f,-5.377595363960122e-17f,-1f,-1.5f,0f,0f,0f,1f], start_interpolation: 0, interpolation_duration: 1 }
$data merge entity $(bone_arm3) { transformation: [0.7606341652571421f,-0.649180765768342f,1.2246467991473532e-16f,0.796000878960331f,-0.649180765768342f,-0.7606341652571421f,0f,-0.18563049781575408f,9.315081958042782e-17f,-7.950171468662278e-17f,-1f,-1.5f,0f,0f,0f,1f], start_interpolation: 0, interpolation_duration: 1 }
$data merge entity $(bone_small_arm_base3) { transformation: [0.7604059656000309f,-0.6494480483301839f,1.2246467991473532e-16f,0.8087267480483761f,-0.6494480483301839f,-0.7604059656000309f,0f,-0.19649941680958993f,9.312287318246304e-17f,-7.953444736000553e-17f,-1f,-1.40625f,0f,0f,0f,1f], start_interpolation: 0, interpolation_duration: 1 }
$data merge entity $(bone_bone15) { transformation: [0.30901699437494756f,0.9510565162951535f,1.2246467991473532e-16f,2.6414183864572156e-16f,0.9510565162951535f,-0.30901699437494756f,0f,0.4999999999999999f,3.784366730434152e-17f,1.1647083184890926e-16f,-1f,-1.84375f,0f,0f,0f,1f], start_interpolation: 0, interpolation_duration: 1 }
$data merge entity $(bone_bone26) { transformation: [-0.7336694135352353f,0.6795065795434685f,1.2246467991473532e-16f,-0.3188725229239553f,0.6795065795434685f,0.7336694135352353f,0f,0.9589325220910767f,-8.984858989182417e-17f,8.321555576374752e-17f,-1f,-1.5f,0f,0f,0f,1f], start_interpolation: 0, interpolation_duration: 1 }
$data merge entity $(bone_arm5) { transformation: [-0.9032320069595953f,0.429152585456201f,1.2246467991473532e-16f,-0.796000878960331f,0.429152585456201f,0.9032320069595953f,0f,1.1856304978157535f,-1.1061401862105083e-16f,5.2556034012474765e-17f,-1f,-1.5f,0f,0f,0f,1f], start_interpolation: 0, interpolation_duration: 1 }
$data merge entity $(bone_small_arm_base5) { transformation: [-0.7604059656000313f,0.6494480483301834f,1.2246467991473532e-16f,-0.8087267480483761f,0.6494480483301834f,0.7604059656000313f,0f,1.1964994168095893f,-9.312287318246307e-17f,7.953444736000549e-17f,-1f,-1.40625f,0f,0f,0f,1f], start_interpolation: 0, interpolation_duration: 1 }
$data merge entity $(bone_bone20) { transformation: [-0.3090169943749471f,-0.9510565162951538f,1.2246467991473532e-16f,2.6414183864572156e-16f,-0.9510565162951538f,0.3090169943749471f,0f,0.4999999999999999f,-3.784366730434147e-17f,-1.1647083184890926e-16f,-1f,-1.84375f,0f,0f,0f,1f], start_interpolation: 0, interpolation_duration: 1 }
$data merge entity $(bone_bone11) { transformation: [0.4724738548350732f,-0.8813446865428339f,1.2246467991473532e-16f,0.22933639624617774f,-0.8813446865428339f,-0.4724738548350732f,0f,1.029844659411635f,5.786135940045838e-17f,-1.0793359493202091e-16f,-1f,-1.5f,0f,0f,0f,1f], start_interpolation: 0, interpolation_duration: 1 }
$data merge entity $(bone_arm2) { transformation: [-0.8637915393422831f,-0.5038493589960087f,1.2246467991473532e-16f,0.6856304978157541f,-0.5038493589960087f,0.8637915393422831f,0f,1.296000878960331f,-1.0578395437860923e-16f,-6.17037504746908e-17f,-1f,-1.5f,0f,0f,0f,1f], start_interpolation: 0, interpolation_duration: 1 }
$data merge entity $(bone_small_arm_base2) { transformation: [-0.6494480483301837f,-0.760405965600031f,1.2246467991473532e-16f,0.6964994168095899f,-0.760405965600031f,0.6494480483301837f,0f,1.308726748048376f,-7.953444736000551e-17f,-9.312287318246305e-17f,-1f,-1.40625f,0f,0f,0f,1f], start_interpolation: 0, interpolation_duration: 1 }
$data merge entity $(bone_bone2) { transformation: [0.9510565162951536f,-0.30901699437494734f,1.2246467991473532e-16f,2.6414183864572156e-16f,-0.30901699437494734f,-0.9510565162951536f,0f,0.4999999999999999f,1.1647083184890926e-16f,-3.7843667304341493e-17f,-1f,-1.84375f,0f,0f,0f,1f], start_interpolation: 0, interpolation_duration: 1 }
$data merge entity $(bone_ring) { transformation: [1.7111876443969587f,-0.5559985696149621f,2.2034447328268763e-16f,2.220446049250313e-16f,-0.5559985696149621f,-1.7111876443969587f,0f,0.4999999999999999f,2.095600471451235e-16f,-6.809018686094703e-17f,-1.799249166666667f,-1.5f,0f,0f,0f,1f], start_interpolation: 0, interpolation_duration: 1 }
$data merge entity $(bone_wheel) { transformation: [-1f,1.4997597826618576e-32f,-1.2246467991473532e-16f,1.0625000000000002f,0f,-1f,-1.2246467991473532e-16f,-0.625f,-1.2246467991473532e-16f,-1.2246467991473532e-16f,1f,-1.6249999999999998f,0f,0f,0f,1f], start_interpolation: 0, interpolation_duration: 1 }
$data merge entity $(bone_wheel2) { transformation: [-1f,1.4997597826618576e-32f,-1.2246467991473532e-16f,1.0625000000000002f,0f,-1f,-1.2246467991473532e-16f,-0.625f,-1.2246467991473532e-16f,-1.2246467991473532e-16f,1f,-1.3749999999999998f,0f,0f,0f,1f], start_interpolation: 0, interpolation_duration: 1 }
$data merge entity $(bone_rails) { transformation: [-1.1373008333333334f,0f,1.3927918252092842e-16f,-0.43749999999999983f,0f,1.1373008333333334f,0f,-1f,-1.3927918252092842e-16f,0f,-1.1373008333333334f,-1.0625f,0f,0f,0f,1f], start_interpolation: 0, interpolation_duration: 1 }
$data merge entity $(bone_wheel3) { transformation: [-1f,1.4997597826618576e-32f,-1.2246467991473532e-16f,-1.0625f,0f,-1f,-1.2246467991473532e-16f,-0.625f,-1.2246467991473532e-16f,-1.2246467991473532e-16f,1f,-1.3750000000000002f,0f,0f,0f,1f], start_interpolation: 0, interpolation_duration: 1 }
$data merge entity $(bone_wheel4) { transformation: [-1f,1.4997597826618576e-32f,-1.2246467991473532e-16f,-1.0625f,0f,-1f,-1.2246467991473532e-16f,-0.625f,-1.2246467991473532e-16f,-1.2246467991473532e-16f,1f,-1.6250000000000002f,0f,0f,0f,1f], start_interpolation: 0, interpolation_duration: 1 }
$data merge entity $(bone_rails2) { transformation: [-1.2038220833333333f,0f,1.4742568610970649e-16f,0.4375000000000001f,0f,1.2038220833333333f,0f,-1f,-1.4742568610970649e-16f,0f,-1.2038220833333333f,-1.0625f,0f,0f,0f,1f], start_interpolation: 0, interpolation_duration: 1 }
$data merge entity $(bone_bone6) { transformation: [-0.26870809182629996f,-0.903353288614742f,-0.3342884941723236f,-0.056232575116490255f,0f,0.3470525102769851f,-0.9378456989880815f,0.42256690468701974f,0.963221657453293f,-0.25200672820258985f,-0.09325581780005601f,-0.3299706607369906f,0f,0f,0f,1f], start_interpolation: 0, interpolation_duration: 1 }
$data merge entity $(bone_bone5) { transformation: [-0.26870809182629996f,-0.5752435985146507f,-0.7725870590134062f,-0.16029586045477506f,0f,0.8020864699575853f,-0.5972079158140654f,0.34638388414225396f,0.963221657453293f,-0.16047459948195908f,-0.2155271248219956f,-0.35900099515280726f,0f,0f,0f,1f], start_interpolation: 0, interpolation_duration: 1 }
$data merge entity $(bone_bone4) { transformation: [-0.26870809182629996f,-0.5752435985146507f,-0.7725870590134062f,0.9309671966395965f,0f,0.8020864699575853f,-0.5972079158140654f,0.2842786355486191f,0.963221657453293f,-0.16047459948195908f,-0.2155271248219956f,-0.24923268488462774f,0f,0f,0f,1f], start_interpolation: 0, interpolation_duration: 1 }
$data merge entity $(bone_bone3) { transformation: [-0.26870809182629996f,-0.5239683304741405f,-0.8082407747987049f,0.807570774278741f,0f,0.8391015386174463f,-0.5439748228455379f,-0.234375f,0.963221657453293f,-0.14617043664837404f,-0.22547337329040634f,-0.21876993253455904f,0f,0f,0f,1f], start_interpolation: 0, interpolation_duration: 1 }
$data merge entity $(bone_octagon) { transformation: [-0.26870809182629996f,0f,-0.963221657453293f,0.859375f,0f,1f,0f,-0.40625f,0.963221657453293f,0f,-0.26870809182629996f,-0.1718749999999999f,0f,0f,0f,1f], start_interpolation: 0, interpolation_duration: 1 }
$data merge entity $(bone_bone10) { transformation: [-0.9706157535798158f,-0.0016660443230153352f,0.2406289325891636f,-0.5956100672655794f,0f,0.9999760319995932f,0.006923541460032101f,0.7774261471832516f,-0.24063470012175403f,0.006720098411670011f,-0.9705924898610391f,-0.8461933708411469f,0f,0f,0f,1f], start_interpolation: 0, interpolation_duration: 1 }
$data merge entity $(bone_bone9) { transformation: [-0.9706157535798158f,0.04816134001344757f,0.2357658673998329f,-0.5642886948515442f,0f,0.9797667056353151f,-0.20014295523080977f,0.7543227836812036f,-0.24063470012175403f,-0.1942619053150439f,-0.9509769993226349f,-0.9725301687901576f,0f,0f,0f,1f], start_interpolation: 0, interpolation_duration: 1 }
$data merge entity $(bone_bone8) { transformation: [-0.9706157535798158f,0.04816134001344757f,0.2357658673998329f,-0.9577164435783702f,0f,0.9797667056353151f,-0.20014295523080977f,0.2877319794630626f,-0.24063470012175403f,-0.1942619053150439f,-0.9509769993226349f,-0.16480305914489626f,0f,0f,0f,1f], start_interpolation: 0, interpolation_duration: 1 }
$data merge entity $(bone_bone7) { transformation: [-0.9706157535798158f,0.13766822799559575f,0.1973639224965879f,-0.8746670735417597f,0f,0.8201806406005767f,-0.5721046379675903f,-0.234375f,-0.24063470012175403f,-0.5552937743074203f,-0.7960802505481048f,-0.24005831897754332f,0f,0f,0f,1f], start_interpolation: 0, interpolation_duration: 1 }
$data merge entity $(bone_octagon2) { transformation: [-0.9706157535798158f,0f,0.24063470012175403f,-0.859375f,0f,1f,0f,-0.40625f,-0.24063470012175403f,0f,-0.9706157535798158f,-0.171875f,0f,0f,0f,1f], start_interpolation: 0, interpolation_duration: 1 }