# This file was generated by Animated Java via MC-Build. It is not recommended to edit this file directly.
$data merge entity $(bone_bone21) { transformation: [0.9196860420855435f,0.39265453517440485f,1.2246467991473532e-16f,-0.6039150828850143f,0.39265453517440485f,-0.9196860420855435f,0f,0.26053298253314566f,1.1262905676605588e-16f,4.808631196720267e-17f,-1f,-1.3705000000000003f,0f,0f,0f,1f], start_interpolation: 0, interpolation_duration: 1 }
$data merge entity $(bone_arm4) { transformation: [-0.24674844869069834f,-0.9690795648803734f,1.2246467991473532e-16f,-0.7342588713814127f,-0.9690795648803734f,0.24674844869069834f,0f,-0.2513790578918152f,-3.021796978836387e-17f,-1.186780187249859e-16f,-1f,-1.3705000000000003f,0f,0f,0f,1f], start_interpolation: 0, interpolation_duration: 1 }
$data merge entity $(bone_small_arm_base4) { transformation: [-0.695912796592314f,-0.7181262977631893f,1.2246467991473532e-16f,-0.745905406977883f,-0.7181262977631893f,0.695912796592314f,0f,-0.2633973503138183f,-8.522473788324605e-17f,-8.794510719392288e-17f,-1f,-1.2767500000000003f,0f,0f,0f,1f], start_interpolation: 0, interpolation_duration: 1 }
$data merge entity $(bone_bone25) { transformation: [0.9297764858882516f,-0.3681245526846775f,1.2246467991473532e-16f,2.6414183864572156e-16f,-0.3681245526846775f,-0.9297764858882516f,0f,0.4999999999999999f,1.1386477973655215e-16f,-4.508225551328415e-17f,-1f,-1.7142500000000003f,0f,0f,0f,1f], start_interpolation: 0, interpolation_duration: 1 }
$data merge entity $(bone_bone16) { transformation: [0.7655096574616678f,-0.6434244045207799f,1.2246467991473532e-16f,0.3950128151761465f,-0.6434244045207799f,-0.7655096574616678f,0f,0.1556725859086569f,9.374789517268184e-17f,-7.879676374896649e-17f,-1f,-1.3705000000000003f,0f,0f,0f,1f], start_interpolation: 0, interpolation_duration: 1 }
$data merge entity $(bone_arm3) { transformation: [0.6746222322535443f,-0.7381631552368656f,1.2246467991473532e-16f,0.7513790578918151f,-0.7381631552368656f,-0.6746222322535443f,0f,-0.23425887138141316f,8.261739573629455e-17f,-9.039891453093384e-17f,-1f,-1.3705000000000003f,0f,0f,0f,1f], start_interpolation: 0, interpolation_duration: 1 }
$data merge entity $(bone_small_arm_base3) { transformation: [0.718126297763189f,-0.6959127965923142f,1.2246467991473532e-16f,0.7633973503138182f,-0.6959127965923142f,-0.718126297763189f,0f,-0.24590540697788343f,8.794510719392287e-17f,-8.522473788324607e-17f,-1f,-1.2767500000000003f,0f,0f,0f,1f], start_interpolation: 0, interpolation_duration: 1 }
$data merge entity $(bone_bone15) { transformation: [0.3681245526846777f,0.9297764858882515f,1.2246467991473532e-16f,2.6414183864572156e-16f,0.9297764858882515f,-0.3681245526846777f,0f,0.4999999999999999f,4.508225551328417e-17f,1.1386477973655215e-16f,-1f,-1.7142500000000003f,0f,0f,0f,1f], start_interpolation: 0, interpolation_duration: 1 }
$data merge entity $(bone_bone26) { transformation: [-0.7378127505788818f,0.6750054407804615f,1.2246467991473532e-16f,-0.28637629412188065f,0.6750054407804615f,0.7378127505788818f,0f,0.9836279275257838f,-9.035600233665319e-17f,8.266432524588403e-17f,-1f,-1.3705000000000003f,0f,0f,0f,1f], start_interpolation: 0, interpolation_duration: 1 }
$data merge entity $(bone_arm5) { transformation: [-0.8802775484793354f,0.47445910007419156f,1.2246467991473532e-16f,-0.7513790578918149f,0.47445910007419156f,0.8802775484793354f,0f,1.2342588713814127f,-1.078029082106497e-16f,5.810448182321922e-17f,-1f,-1.3705000000000003f,0f,0f,0f,1f], start_interpolation: 0, interpolation_duration: 1 }
$data merge entity $(bone_small_arm_base5) { transformation: [-0.7181262977631894f,0.695912796592314f,1.2246467991473532e-16f,-0.7633973503138181f,0.695912796592314f,0.7181262977631894f,0f,1.245905406977883f,-8.794510719392288e-17f,8.522473788324602e-17f,-1f,-1.2767500000000003f,0f,0f,0f,1f], start_interpolation: 0, interpolation_duration: 1 }
$data merge entity $(bone_bone20) { transformation: [-0.36812455268467725f,-0.9297764858882517f,1.2246467991473532e-16f,2.6414183864572156e-16f,-0.9297764858882517f,0.36812455268467725f,0f,0.4999999999999999f,-4.5082255513284124e-17f,-1.1386477973655215e-16f,-1f,-1.7142500000000003f,0f,0f,0f,1f], start_interpolation: 0, interpolation_duration: 1 }
$data merge entity $(bone_bone11) { transformation: [0.32681144714968213f,-0.9450895608416858f,1.2246467991473532e-16f,0.2699945862321813f,-0.9450895608416858f,-0.32681144714968213f,0f,0.9993828002479497f,4.0022859267657254e-17f,-1.1574009055923485e-16f,-1f,-1.3705000000000003f,0f,0f,0f,1f], start_interpolation: 0, interpolation_duration: 1 }
$data merge entity $(bone_arm2) { transformation: [-0.8788795650682993f,-0.47704371928090306f,1.2246467991473532e-16f,0.7342588713814132f,-0.47704371928090306f,0.8788795650682993f,0f,1.251379057891815f,-1.0763170461969109e-16f,-5.842100638707065e-17f,-1f,-1.3705000000000003f,0f,0f,0f,1f], start_interpolation: 0, interpolation_duration: 1 }
$data merge entity $(bone_small_arm_base2) { transformation: [-0.695912796592314f,-0.7181262977631893f,1.2246467991473532e-16f,0.7459054069778834f,-0.7181262977631893f,0.695912796592314f,0f,1.263397350313818f,-8.522473788324605e-17f,-8.794510719392288e-17f,-1f,-1.2767500000000003f,0f,0f,0f,1f], start_interpolation: 0, interpolation_duration: 1 }
$data merge entity $(bone_bone2) { transformation: [0.9297764858882516f,-0.3681245526846775f,1.2246467991473532e-16f,2.6414183864572156e-16f,-0.3681245526846775f,-0.9297764858882516f,0f,0.4999999999999999f,1.1386477973655215e-16f,-4.508225551328415e-17f,-1f,-1.7142500000000003f,0f,0f,0f,1f], start_interpolation: 0, interpolation_duration: 1 }
$data merge entity $(bone_ring) { transformation: [1.6728995674206988f,-0.6623477946474455f,2.2034447328268763e-16f,2.220446049250313e-16f,-0.6623477946474455f,-1.6728995674206988f,0f,0.4999999999999999f,2.0487111005367504e-16f,-8.111421066373025e-17f,-1.799249166666667f,-1.3705000000000003f,0f,0f,0f,1f], start_interpolation: 0, interpolation_duration: 1 }
$data merge entity $(bone_wheel) { transformation: [-1f,7.19829327805995e-17f,-9.90760072617093e-17f,1.0625000000000002f,0f,-0.8090169943749486f,-0.5877852522924718f,-0.625f,-1.2246467991473532e-16f,-0.5877852522924718f,0.8090169943749486f,-1.4955f,0f,0f,0f,1f], start_interpolation: 0, interpolation_duration: 1 }
$data merge entity $(bone_wheel2) { transformation: [-1f,7.19829327805995e-17f,-9.90760072617093e-17f,1.0625000000000002f,0f,-0.8090169943749486f,-0.5877852522924718f,-0.625f,-1.2246467991473532e-16f,-0.5877852522924718f,0.8090169943749486f,-1.2455f,0f,0f,0f,1f], start_interpolation: 0, interpolation_duration: 1 }
$data merge entity $(bone_rails) { transformation: [-1.1373008333333334f,0f,1.3927918252092842e-16f,-0.43749999999999983f,0f,1.1373008333333334f,0f,-1f,-1.3927918252092842e-16f,0f,-1.1373008333333334f,-0.9330000000000003f,0f,0f,0f,1f], start_interpolation: 0, interpolation_duration: 1 }
$data merge entity $(bone_wheel3) { transformation: [-1f,7.19829327805995e-17f,-9.90760072617093e-17f,-1.0625f,0f,-0.8090169943749486f,-0.5877852522924718f,-0.625f,-1.2246467991473532e-16f,-0.5877852522924718f,0.8090169943749486f,-1.2455000000000003f,0f,0f,0f,1f], start_interpolation: 0, interpolation_duration: 1 }
$data merge entity $(bone_wheel4) { transformation: [-1f,7.19829327805995e-17f,-9.90760072617093e-17f,-1.0625f,0f,-0.8090169943749486f,-0.5877852522924718f,-0.625f,-1.2246467991473532e-16f,-0.5877852522924718f,0.8090169943749486f,-1.4955000000000003f,0f,0f,0f,1f], start_interpolation: 0, interpolation_duration: 1 }
$data merge entity $(bone_rails2) { transformation: [-1.2038220833333333f,0f,1.4742568610970649e-16f,0.4375000000000001f,0f,1.2038220833333333f,0f,-1f,-1.4742568610970649e-16f,0f,-1.2038220833333333f,-0.9330000000000002f,0f,0f,0f,1f], start_interpolation: 0, interpolation_duration: 1 }
$data merge entity $(bone_bone6) { transformation: [-0.24598412657485802f,-0.8275903810116948f,-0.504565130315326f,0.06325808059504374f,0f,0.5205599292462652f,-0.8538251343589761f,0.5320190461923188f,0.9692738567985851f,-0.21002742992295353f,-0.12804947952551243f,-0.27719314549137003f,0f,0f,0f,1f], start_interpolation: 0, interpolation_duration: 1 }
$data merge entity $(bone_bone5) { transformation: [-0.24598412657485802f,-0.46127329818890206f,-0.8524780078401649f,-0.05097373485061385f,0f,0.8795017031159953f,-0.47589573880847447f,0.4721320303204096f,0.9692738567985851f,-0.11706279765149935f,-0.2163434582620882f,-0.3061831085986691f,0f,0f,0f,1f], start_interpolation: 0, interpolation_duration: 1 }
$data merge entity $(bone_bone4) { transformation: [-0.24598412657485802f,-0.46127329818890206f,-0.8524780078401649f,0.9308557640710673f,0f,0.8795017031159953f,-0.47589573880847447f,0.28389514962858264f,0.9692738567985851f,-0.11706279765149935f,-0.2163434582620882f,-0.250456369082466f,0f,0f,0f,1f], start_interpolation: 0, interpolation_duration: 1 }
$data merge entity $(bone_bone3) { transformation: [-0.24598412657485802f,-0.52446178471932f,-0.8151267667315494f,0.8064823879055527f,0f,0.8409664214237984f,-0.5410873109190885f,-0.234375f,0.9692738567985851f,-0.13309888957717061f,-0.20686439065271703f,-0.2175388159358843f,0f,0f,0f,1f], start_interpolation: 0, interpolation_duration: 1 }
$data merge entity $(bone_octagon) { transformation: [-0.24598412657485802f,0f,-0.9692738567985851f,0.859375f,0f,1f,0f,-0.40625f,0.9692738567985851f,0f,-0.24598412657485802f,-0.1718749999999999f,0f,0f,0f,1f], start_interpolation: 0, interpolation_duration: 1 }
$data merge entity $(bone_bone10) { transformation: [-0.8964864303834409f,-0.00224621575940806f,0.44306549702399345f,-0.59128024192602f,0f,0.9999871492430481f,0.005069649767184742f,0.6382378205095287f,-0.4430711908241791f,0.004544872223077673f,-0.8964749098542133f,-0.5027322430483888f,0f,0f,0f,1f], start_interpolation: 0, interpolation_duration: 1 }
$data merge entity $(bone_bone9) { transformation: [-0.8964864303834409f,0.07544377375949371f,0.43660086708489537f,-0.5333249782267366f,0f,0.9853966498538351f,-0.17027460896104962f,0.619100841229685f,-0.4430711908241791f,-0.15264887637242766f,-0.883394725139266f,-0.6199958082534643f,0f,0f,0f,1f], start_interpolation: 0, interpolation_duration: 1 }
$data merge entity $(bone_bone8) { transformation: [-0.8964864303834409f,0.07544377375949371f,0.43660086708489537f,-0.9992973293705789f,0f,0.9853966498538351f,-0.17027460896104962f,0.2612815349546652f,-0.4430711908241791f,-0.15264887637242766f,-0.883394725139266f,-0.10035495932793329f,0f,0f,0f,1f], start_interpolation: 0, interpolation_duration: 1 }
$data merge entity $(bone_bone7) { transformation: [-0.8964864303834409f,0.1813899403113432f,0.4042397428410565f,-0.8596982515229713f,0f,0.9123584453530137f,-0.40939231452609365f,-0.234375f,-0.4430711908241791f,-0.3670146546759126f,-0.8179169659047089f,-0.24175137661222065f,0f,0f,0f,1f], start_interpolation: 0, interpolation_duration: 1 }
$data merge entity $(bone_octagon2) { transformation: [-0.8964864303834409f,0f,0.4430711908241791f,-0.859375f,0f,1f,0f,-0.40625f,-0.4430711908241791f,0f,-0.8964864303834409f,-0.171875f,0f,0f,0f,1f], start_interpolation: 0, interpolation_duration: 1 }