# This file was generated by Animated Java via MC-Build. It is not recommended to edit this file directly.
$data merge entity $(bone_bone21) { transformation: [0.971491540715125f,0.23707422111852f,1.2246467991473532e-16f,-0.690352787567737f,0.23707422111852f,-0.971491540715125f,0f,0.29601617678239517f,1.1897340057355085e-16f,2.9033218605314757e-17f,-1f,-1.3090312499999999f,0f,0f,0f,1f], start_interpolation: 0, interpolation_duration: 1 }
$data merge entity $(bone_arm4) { transformation: [-0.12710972844974194f,-0.9918886615610811f,1.2246467991473532e-16f,-0.7574979455162512f,-0.9918886615610811f,0.12710972844974194f,0f,-0.22794466917435158f,-1.556645220864656e-17f,-1.2147132744913305e-16f,-1f,-1.3090312499999999f,0f,0f,0f,1f], start_interpolation: 0, interpolation_duration: 1 }
$data merge entity $(bone_small_arm_base4) { transformation: [-0.718126297763189f,-0.6959127965923142f,1.2246467991473532e-16f,-0.7695162379382543f,-0.6959127965923142f,0.718126297763189f,0f,-0.23959120477082185f,-8.794510719392285e-17f,-8.522473788324607e-17f,-1f,-1.2152812499999999f,0f,0f,0f,1f], start_interpolation: 0, interpolation_duration: 1 }
$data merge entity $(bone_bone25) { transformation: [0.917754625683981f,-0.3971478906347808f,1.2246467991473532e-16f,2.6414183864572156e-16f,-0.3971478906347808f,-0.917754625683981f,0f,0.4999999999999999f,1.1239252647465647e-16f,-4.863658930540074e-17f,-1f,-1.6527812499999996f,0f,0f,0f,1f], start_interpolation: 0, interpolation_duration: 1 }
$data merge entity $(bone_bone16) { transformation: [0.739627522908375f,-0.6730164391427759f,1.2246467991473532e-16f,0.3994094155775231f,-0.6730164391427759f,-0.739627522908375f,0f,0.15615411537032026f,9.057824784910271e-17f,-8.2420742796975e-17f,-1f,-1.3090312499999994f,0f,0f,0f,1f], start_interpolation: 0, interpolation_duration: 1 }
$data merge entity $(bone_arm3) { transformation: [0.6219365349156057f,-0.7830676513157531f,1.2246467991473532e-16f,0.7279446691743515f,-0.7830676513157531f,-0.6219365349156057f,0f,-0.25749794551625177f,7.616525867571927e-17f,-9.589812926996727e-17f,-1f,-1.3090312499999994f,0f,0f,0f,1f], start_interpolation: 0, interpolation_duration: 1 }
$data merge entity $(bone_small_arm_base3) { transformation: [0.6959127965923141f,-0.7181262977631893f,1.2246467991473532e-16f,0.7395912047708217f,-0.7181262977631893f,-0.6959127965923141f,0f,-0.26951623793825485f,8.522473788324606e-17f,-8.794510719392288e-17f,-1f,-1.2152812499999994f,0f,0f,0f,1f], start_interpolation: 0, interpolation_duration: 1 }
$data merge entity $(bone_bone15) { transformation: [0.397147890634781f,0.9177546256839809f,1.2246467991473532e-16f,2.6414183864572156e-16f,0.9177546256839809f,-0.397147890634781f,0f,0.4999999999999999f,4.8636589305400766e-17f,1.1239252647465647e-16f,-1f,-1.6527812499999996f,0f,0f,0f,1f], start_interpolation: 0, interpolation_duration: 1 }
$data merge entity $(bone_bone26) { transformation: [-0.7398740733222561f,0.6727453869225211f,1.2246467991473532e-16f,-0.2694565965784875f,0.6727453869225211f,0.7398740733222561f,0f,0.9951391689926321f,-9.06084415666215e-17f,8.238754847358132e-17f,-1f,-1.3090312499999999f,0f,0f,0f,1f], start_interpolation: 0, interpolation_duration: 1 }
$data merge entity $(bone_arm5) { transformation: [-0.8679448553802296f,0.4966605762681312f,1.2246467991473532e-16f,-0.7279446691743514f,0.4966605762681312f,0.8679448553802296f,0f,1.2574979455162512f,-1.0629258889778105e-16f,6.082337849894469e-17f,-1f,-1.3090312499999999f,0f,0f,0f,1f], start_interpolation: 0, interpolation_duration: 1 }
$data merge entity $(bone_small_arm_base5) { transformation: [-0.6959127965923144f,0.7181262977631888f,1.2246467991473532e-16f,-0.7395912047708217f,0.7181262977631888f,0.6959127965923144f,0f,1.2695162379382543f,-8.522473788324607e-17f,8.794510719392283e-17f,-1f,-1.2152812499999999f,0f,0f,0f,1f], start_interpolation: 0, interpolation_duration: 1 }
$data merge entity $(bone_bone20) { transformation: [-0.39714789063478056f,-0.9177546256839811f,1.2246467991473532e-16f,2.6414183864572156e-16f,-0.9177546256839811f,0.39714789063478056f,0f,0.4999999999999999f,-4.8636589305400717e-17f,-1.1239252647465647e-16f,-1f,-1.6527812499999996f,0f,0f,0f,1f], start_interpolation: 0, interpolation_duration: 1 }
$data merge entity $(bone_bone11) { transformation: [0.2506425074658275f,-0.9680797144095329f,1.2246467991473532e-16f,0.28941284438059345f,-0.9680797144095329f,-0.2506425074658275f,0f,0.9831186525289358f,3.0694854449829226e-17f,-1.1855557235711183e-16f,-1f,-1.3090312499999994f,0f,0f,0f,1f], start_interpolation: 0, interpolation_duration: 1 }
$data merge entity $(bone_arm2) { transformation: [-0.8861125941850598f,-0.46347003185386604f,1.2246467991473532e-16f,0.7574979455162517f,-0.46347003185386604f,0.8861125941850598f,0f,1.2279446691743512f,-1.0851749521528912e-16f,-5.675870910105589e-17f,-1f,-1.3090312499999994f,0f,0f,0f,1f], start_interpolation: 0, interpolation_duration: 1 }
$data merge entity $(bone_small_arm_base2) { transformation: [-0.718126297763189f,-0.6959127965923142f,1.2246467991473532e-16f,0.7695162379382547f,-0.6959127965923142f,0.718126297763189f,0f,1.2395912047708215f,-8.794510719392285e-17f,-8.522473788324607e-17f,-1f,-1.2152812499999994f,0f,0f,0f,1f], start_interpolation: 0, interpolation_duration: 1 }
$data merge entity $(bone_bone2) { transformation: [0.917754625683981f,-0.3971478906347808f,1.2246467991473532e-16f,2.6414183864572156e-16f,-0.3971478906347808f,-0.917754625683981f,0f,0.4999999999999999f,1.1239252647465647e-16f,-4.863658930540074e-17f,-1f,-1.6527812499999996f,0f,0f,0f,1f], start_interpolation: 0, interpolation_duration: 1 }
$data merge entity $(bone_ring) { transformation: [1.6512692454663818f,-0.7145680112680539f,2.2034447328268763e-16f,2.220446049250313e-16f,-0.7145680112680539f,-1.6512692454663818f,0f,0.4999999999999999f,2.0222215959908695e-16f,-8.750934277725122e-17f,-1.799249166666667f,-1.3090312499999996f,0f,0f,0f,1f], start_interpolation: 0, interpolation_duration: 1 }
$data merge entity $(bone_wheel) { transformation: [-1f,9.907600726170933e-17f,-7.198293278059945e-17f,1.0625000000000002f,0f,-0.5877852522924714f,-0.8090169943749488f,-0.625f,-1.2246467991473532e-16f,-0.8090169943749488f,0.5877852522924714f,-1.4340312499999994f,0f,0f,0f,1f], start_interpolation: 0, interpolation_duration: 1 }
$data merge entity $(bone_wheel2) { transformation: [-1f,9.907600726170933e-17f,-7.198293278059945e-17f,1.0625000000000002f,0f,-0.5877852522924714f,-0.8090169943749488f,-0.625f,-1.2246467991473532e-16f,-0.8090169943749488f,0.5877852522924714f,-1.1840312499999994f,0f,0f,0f,1f], start_interpolation: 0, interpolation_duration: 1 }
$data merge entity $(bone_rails) { transformation: [-1.1373008333333334f,0f,1.3927918252092842e-16f,-0.43749999999999983f,0f,1.1373008333333334f,0f,-1f,-1.3927918252092842e-16f,0f,-1.1373008333333334f,-0.8715312499999996f,0f,0f,0f,1f], start_interpolation: 0, interpolation_duration: 1 }
$data merge entity $(bone_wheel3) { transformation: [-1f,9.907600726170933e-17f,-7.198293278059945e-17f,-1.0625f,0f,-0.5877852522924714f,-0.8090169943749488f,-0.625f,-1.2246467991473532e-16f,-0.8090169943749488f,0.5877852522924714f,-1.1840312499999996f,0f,0f,0f,1f], start_interpolation: 0, interpolation_duration: 1 }
$data merge entity $(bone_wheel4) { transformation: [-1f,9.907600726170933e-17f,-7.198293278059945e-17f,-1.0625f,0f,-0.5877852522924714f,-0.8090169943749488f,-0.625f,-1.2246467991473532e-16f,-0.8090169943749488f,0.5877852522924714f,-1.4340312499999999f,0f,0f,0f,1f], start_interpolation: 0, interpolation_duration: 1 }
$data merge entity $(bone_rails2) { transformation: [-1.2038220833333333f,0f,1.4742568610970649e-16f,0.4375000000000001f,0f,1.2038220833333333f,0f,-1f,-1.4742568610970649e-16f,0f,-1.2038220833333333f,-0.8715312499999995f,0f,0f,0f,1f], start_interpolation: 0, interpolation_duration: 1 }
$data merge entity $(bone_bone6) { transformation: [-0.160344279632603f,-0.8466137291363627f,-0.5074789706253092f,0.09734322575298046f,0f,0.5141312380769641f,-0.8577115307802783f,0.4912165601938526f,0.9870611490627629f,-0.1375291375355409f,-0.08243800300606913f,-0.20068520687096703f,0f,0f,0f,1f], start_interpolation: 0, interpolation_duration: 1 }
$data merge entity $(bone_bone5) { transformation: [-0.160344279632603f,-0.4981572227496127f,-0.8521320868336637f,-0.01696883418544093f,0f,0.8633022256450703f,-0.5046872964482743f,0.42746936478011016f,0.9870611490627629f,-0.0809237209887245f,-0.13842557347628168f,-0.2192547604609844f,0f,0f,0f,1f], start_interpolation: 0, interpolation_duration: 1 }
$data merge entity $(bone_bone4) { transformation: [-0.160344279632603f,-0.4981572227496127f,-0.8521320868336637f,0.924671551564444f,0f,0.8633022256450703f,-0.5046872964482743f,0.2836840566675113f,0.9870611490627629f,-0.0809237209887245f,-0.13842557347628168f,-0.2562467449075798f,0f,0f,0f,1f], start_interpolation: 0, interpolation_duration: 1 }
$data merge entity $(bone_bone3) { transformation: [-0.160344279632603f,-0.5325338274550594f,-0.831082086562553f,0.8026944369220962f,0f,0.8419762923013274f,-0.5395145254787026f,-0.234375f,0.9870611490627629f,-0.0865080679392082f,-0.13500608205678633f,-0.21274217838524892f,0f,0f,0f,1f], start_interpolation: 0, interpolation_duration: 1 }
$data merge entity $(bone_octagon) { transformation: [-0.160344279632603f,0f,-0.9870611490627629f,0.859375f,0f,1f,0f,-0.40625f,0.9870611490627629f,0f,-0.160344279632603f,-0.1718749999999999f,0f,0f,0f,1f], start_interpolation: 0, interpolation_duration: 1 }
$data merge entity $(bone_bone10) { transformation: [-0.7241718614374649f,0.004137303648500887f,0.6896071329537691f,-0.5412247416985445f,0f,0.999982003436509f,-0.0059994002288407955f,0.6246432337486921f,-0.6896195437356725f,-0.004344596831228051f,-0.7241588288325822f,-0.3700211604622836f,0f,0f,0f,1f], start_interpolation: 0, interpolation_duration: 1 }
$data merge entity $(bone_bone9) { transformation: [-0.7241718614374649f,0.10759535615551227f,0.6811742467503933f,-0.4508388496474963f,0f,0.9877536867074111f,-0.15602132673425653f,0.6073979017208783f,-0.6896195437356725f,-0.11298625460508951f,-0.7153034259446245f,-0.4649356974542658f,0f,0f,0f,1f], start_interpolation: 0, interpolation_duration: 1 }
$data merge entity $(bone_bone8) { transformation: [-0.7241718614374649f,0.10759535615551227f,0.6811742467503933f,-1.0441890007124954f,0f,0.9877536867074111f,-0.15602132673425653f,0.24249417920026373f,-0.6896195437356725f,-0.11298625460508951f,-0.7153034259446245f,-0.11374570352078375f,0f,0f,0f,1f], start_interpolation: 0, interpolation_duration: 1 }
$data merge entity $(bone_bone7) { transformation: [-0.7241718614374649f,0.22511226079397054f,0.6518432212905374f,-0.8389041491864413f,0f,0.9452215025106444f,-0.3264296420233921f,-0.234375f,-0.6896195437356725f,-0.23639116149244518f,-0.6845028149438508f,-0.23868635208158132f,0f,0f,0f,1f], start_interpolation: 0, interpolation_duration: 1 }
$data merge entity $(bone_octagon2) { transformation: [-0.7241718614374649f,0f,0.6896195437356725f,-0.859375f,0f,1f,0f,-0.40625f,-0.6896195437356725f,0f,-0.7241718614374649f,-0.171875f,0f,0f,0f,1f], start_interpolation: 0, interpolation_duration: 1 }