# This file was generated by Animated Java via MC-Build. It is not recommended to edit this file directly.
$data merge entity $(bone_bone21) { transformation: [0.9996951766166292f,0.02468914436441648f,1.2246467991473532e-16f,-0.7603494832371114f,0.02468914436441648f,-0.9996951766166292f,0f,0.32408850822969093f,1.2242734981666025e-16f,3.0235481619569554e-18f,-1f,-1.2514999999999996f,0f,0f,0f,1f], start_interpolation: 0, interpolation_duration: 1 }
$data merge entity $(bone_arm4) { transformation: [-0.037179630963509736f,-0.9993085985026937f,1.2246467991473532e-16f,-0.7799894606326999f,-0.9993085985026937f,0.037179630963509736f,0f,-0.20379188695423858f,-4.5531916052942e-18f,-1.223800076516751e-16f,-1f,-1.2514999999999996f,0f,0f,0f,1f], start_interpolation: 0, interpolation_duration: 1 }
$data merge entity $(bone_small_arm_base4) { transformation: [-0.7396310949786099f,-0.6730125135097734f,1.2246467991473532e-16f,-0.7923676492766013f,-0.6730125135097734f,0.7396310949786099f,0f,-0.2150551720006456f,-9.057868530154065e-17f,-8.242026204558588e-17f,-1f,-1.1577499999999996f,0f,0f,0f,1f], start_interpolation: 0, interpolation_duration: 1 }
$data merge entity $(bone_bone25) { transformation: [0.9048270524660196f,-0.4257792915650727f,1.2246467991473532e-16f,2.6414183864572156e-16f,-0.4257792915650727f,-0.9048270524660196f,0f,0.4999999999999999f,1.108093553584445e-16f,-5.214292465583939e-17f,-1f,-1.5952499999999996f,0f,0f,0f,1f], start_interpolation: 0, interpolation_duration: 1 }
$data merge entity $(bone_bone16) { transformation: [0.7284022738454747f,-0.6851497117103256f,1.2246467991473532e-16f,0.4063396148625628f,-0.6851497117103256f,-0.7284022738454747f,0f,0.15654872344647086f,8.920355131565145e-17f,-8.390664013827823e-17f,-1f,-1.2514999999999996f,0f,0f,0f,1f], start_interpolation: 0, interpolation_duration: 1 }
$data merge entity $(bone_arm3) { transformation: [0.5630946249515569f,-0.8263924269683658f,1.2246467991473532e-16f,0.7037918869542386f,-0.8263924269683658f,-0.5630946249515569f,0f,-0.2799894606327003f,6.895920300640033e-17f,-1.0120388405264221e-16f,-1f,-1.2514999999999996f,0f,0f,0f,1f], start_interpolation: 0, interpolation_duration: 1 }
$data merge entity $(bone_small_arm_base3) { transformation: [0.6730125135097733f,-0.73963109497861f,1.2246467991473532e-16f,0.7150551720006456f,-0.73963109497861f,-0.6730125135097733f,0f,-0.29236764927660175f,8.242026204558585e-17f,-9.057868530154068e-17f,-1f,-1.1577499999999996f,0f,0f,0f,1f], start_interpolation: 0, interpolation_duration: 1 }
$data merge entity $(bone_bone15) { transformation: [0.42577929156507294f,0.9048270524660195f,1.2246467991473532e-16f,2.6414183864572156e-16f,0.9048270524660195f,-0.42577929156507294f,0f,0.4999999999999999f,5.214292465583942e-17f,1.1080935535844449e-16f,-1f,-1.5952499999999996f,0f,0f,0f,1f], start_interpolation: 0, interpolation_duration: 1 }
$data merge entity $(bone_bone26) { transformation: [-0.8241289481543291f,0.5664022217594485f,1.2246467991473532e-16f,-0.25211423073552464f,0.5664022217594485f,0.8241289481543291f,0f,1.0060720730786965f,-1.009266878441874e-16f,6.936426679076579e-17f,-1f,-1.2514999999999996f,0f,0f,0f,1f], start_interpolation: 0, interpolation_duration: 1 }
$data merge entity $(bone_arm5) { transformation: [-0.8550523370992686f,0.5185417059611301f,1.2246467991473532e-16f,-0.7037918869542384f,0.5185417059611301f,0.8550523370992686f,0f,1.2799894606327f,-1.0471371077320828e-16f,6.35030440429706e-17f,-1f,-1.2514999999999996f,0f,0f,0f,1f], start_interpolation: 0, interpolation_duration: 1 }
$data merge entity $(bone_small_arm_base5) { transformation: [-0.6730125135097736f,0.7396310949786098f,1.2246467991473532e-16f,-0.7150551720006455f,0.7396310949786098f,0.6730125135097736f,0f,1.2923676492766014f,-8.242026204558589e-17f,9.057868530154064e-17f,-1f,-1.1577499999999996f,0f,0f,0f,1f], start_interpolation: 0, interpolation_duration: 1 }
$data merge entity $(bone_bone20) { transformation: [-0.4257792915650725f,-0.9048270524660197f,1.2246467991473532e-16f,2.6414183864572156e-16f,-0.9048270524660197f,0.4257792915650725f,0f,0.4999999999999999f,-5.214292465583937e-17f,-1.1080935535844452e-16f,-1f,-1.5952499999999996f,0f,0f,0f,1f], start_interpolation: 0, interpolation_duration: 1 }
$data merge entity $(bone_bone11) { transformation: [0.17288693691276702f,-0.984941676976318f,1.2246467991473532e-16f,0.30819427451815223f,-0.984941676976318f,-0.17288693691276702f,0f,0.9661940277661143f,2.1172543390461043e-17f,-1.206205672055874e-16f,-1f,-1.2514999999999996f,0f,0f,0f,1f], start_interpolation: 0, interpolation_duration: 1 }
$data merge entity $(bone_arm2) { transformation: [-0.8931360029996428f,-0.4497867051679303f,1.2246467991473532e-16f,0.7799894606327004f,-0.4497867051679303f,0.8931360029996428f,0f,1.2037918869542383f,-1.0937761472767733e-16f,-5.5082984878294e-17f,-1f,-1.2514999999999996f,0f,0f,0f,1f], start_interpolation: 0, interpolation_duration: 1 }
$data merge entity $(bone_small_arm_base2) { transformation: [-0.7396310949786099f,-0.6730125135097734f,1.2246467991473532e-16f,0.7923676492766017f,-0.6730125135097734f,0.7396310949786099f,0f,1.2150551720006453f,-9.057868530154065e-17f,-8.242026204558588e-17f,-1f,-1.1577499999999996f,0f,0f,0f,1f], start_interpolation: 0, interpolation_duration: 1 }
$data merge entity $(bone_bone2) { transformation: [0.9048270524660196f,-0.4257792915650727f,1.2246467991473532e-16f,2.6414183864572156e-16f,-0.4257792915650727f,-0.9048270524660196f,0f,0.4999999999999999f,1.108093553584445e-16f,-5.214292465583939e-17f,-1f,-1.5952499999999996f,0f,0f,0f,1f], start_interpolation: 0, interpolation_duration: 1 }
$data merge entity $(bone_ring) { transformation: [1.6280093201269423f,-0.7660830355323809f,2.2034447328268763e-16f,2.220446049250313e-16f,-0.7660830355323809f,-1.6280093201269423f,0f,0.4999999999999999f,1.9937364028755184e-16f,-9.381811373458183e-17f,-1.799249166666667f,-1.2514999999999996f,0f,0f,0f,1f], start_interpolation: 0, interpolation_duration: 1 }
$data merge entity $(bone_wheel) { transformation: [-1f,1.1647083184890928e-16f,-3.784366730434137e-17f,1.0625000000000002f,0f,-0.30901699437494634f,-0.951056516295154f,-0.625f,-1.2246467991473532e-16f,-0.951056516295154f,0.30901699437494634f,-1.3764999999999994f,0f,0f,0f,1f], start_interpolation: 0, interpolation_duration: 1 }
$data merge entity $(bone_wheel2) { transformation: [-1f,1.1647083184890928e-16f,-3.784366730434137e-17f,1.0625000000000002f,0f,-0.30901699437494634f,-0.951056516295154f,-0.625f,-1.2246467991473532e-16f,-0.951056516295154f,0.30901699437494634f,-1.1264999999999994f,0f,0f,0f,1f], start_interpolation: 0, interpolation_duration: 1 }
$data merge entity $(bone_rails) { transformation: [-1.1373008333333334f,0f,1.3927918252092842e-16f,-0.43749999999999983f,0f,1.1373008333333334f,0f,-1f,-1.3927918252092842e-16f,0f,-1.1373008333333334f,-0.8139999999999996f,0f,0f,0f,1f], start_interpolation: 0, interpolation_duration: 1 }
$data merge entity $(bone_wheel3) { transformation: [-1f,1.1647083184890928e-16f,-3.784366730434137e-17f,-1.0625f,0f,-0.30901699437494634f,-0.951056516295154f,-0.625f,-1.2246467991473532e-16f,-0.951056516295154f,0.30901699437494634f,-1.1264999999999996f,0f,0f,0f,1f], start_interpolation: 0, interpolation_duration: 1 }
$data merge entity $(bone_wheel4) { transformation: [-1f,1.1647083184890928e-16f,-3.784366730434137e-17f,-1.0625f,0f,-0.30901699437494634f,-0.951056516295154f,-0.625f,-1.2246467991473532e-16f,-0.951056516295154f,0.30901699437494634f,-1.3764999999999996f,0f,0f,0f,1f], start_interpolation: 0, interpolation_duration: 1 }
$data merge entity $(bone_rails2) { transformation: [-1.2038220833333333f,0f,1.4742568610970649e-16f,0.4375000000000001f,0f,1.2038220833333333f,0f,-1f,-1.4742568610970649e-16f,0f,-1.2038220833333333f,-0.8139999999999995f,0f,0f,0f,1f], start_interpolation: 0, interpolation_duration: 1 }
$data merge entity $(bone_bone6) { transformation: [-0.01973908991785679f,-0.880729925042518f,-0.47320731974877084f,0.13426922799286795f,0f,0.47329953497643645f,-0.8809015553346974f,0.4230429062880352f,0.9998051651843047f,-0.017388195009531492f,-0.009342502078979686f,-0.0924224479102627f,0f,0f,0f,1f], start_interpolation: 0, interpolation_duration: 1 }
$data merge entity $(bone_bone5) { transformation: [-0.01973908991785679f,-0.5662733033516142f,-0.8239811370659317f,0.023444752434027327f,0f,0.8241417085638264f,-0.5663836546065724f,0.3510086882971697f,0.9998051651843047f,-0.011179897886283475f,-0.016267807290397496f,-0.09461044849710906f,0f,0f,0f,1f], start_interpolation: 0, interpolation_duration: 1 }
$data merge entity $(bone_bone4) { transformation: [-0.01973908991785679f,-0.5662733033516142f,-0.8239811370659317f,0.9131525569599415f,0f,0.8241417085638264f,-0.5663836546065724f,0.28346101825561487f,0.9998051651843047f,-0.011179897886283475f,-0.016267807290397496f,-0.264581542429713f,0f,0f,0f,1f], start_interpolation: 0, interpolation_duration: 1 }
$data merge entity $(bone_bone3) { transformation: [-0.01973908991785679f,-0.5377603808883684f,-0.842866621166132f,0.797504023735914f,0f,0.8430308729308849f,-0.5378651757507548f,-0.234375f,0.9998051651843047f,-0.010616969067827994f,-0.016640662204312037f,-0.20435260453187545f,0f,0f,0f,1f], start_interpolation: 0, interpolation_duration: 1 }
$data merge entity $(bone_octagon) { transformation: [-0.01973908991785679f,0f,-0.9998051651843047f,0.859375f,0f,1f,0f,-0.40625f,0.9998051651843047f,0f,-0.01973908991785679f,-0.1718749999999999f,0f,0f,0f,1f], start_interpolation: 0, interpolation_duration: 1 }
$data merge entity $(bone_bone10) { transformation: [-0.453990499739545f,0.022855934439072023f,0.8907133278486156f,-0.5360429719576285f,0f,0.9996709380551164f,-0.025651814906621273f,0.6081561417230297f,-0.8910065241883689f,-0.011645680268683303f,-0.453841108742742f,-0.2314028121460126f,0f,0f,0f,1f], start_interpolation: 0, interpolation_duration: 1 }
$data merge entity $(bone_bone9) { transformation: [-0.453990499739545f,0.12708180150069923f,0.881897296669842f,-0.4190646062931527f,0f,0.9897764749513762f,-0.14262724015007627f,0.5926877711730807f,-0.8910065241883689f,-0.06475141203220522f,-0.4493491164936205f,-0.29100626649232797f,0f,0f,0f,1f], start_interpolation: 0, interpolation_duration: 1 }
$data merge entity $(bone_bone8) { transformation: [-0.453990499739545f,0.12708180150069923f,0.881897296669842f,-1.0879289847950835f,0f,0.9897764749513762f,-0.14262724015007627f,0.22134050967566699f,-0.8910065241883689f,-0.06475141203220522f,-0.4493491164936205f,-0.16063901294176408f,0f,0f,0f,1f], start_interpolation: 0, interpolation_duration: 1 }
$data merge entity $(bone_bone7) { transformation: [-0.453990499739545f,0.2191536121180971f,0.8636343673348282f,-0.8178742953550877f,0f,0.9692795101826281f,-0.2459618489524837f,-0.234375f,-0.8910065241883689f,-0.11166434272280056f,-0.4400436892151127f,-0.2280933601146081f,0f,0f,0f,1f], start_interpolation: 0, interpolation_duration: 1 }
$data merge entity $(bone_octagon2) { transformation: [-0.453990499739545f,0f,0.8910065241883689f,-0.859375f,0f,1f,0f,-0.40625f,-0.8910065241883689f,0f,-0.453990499739545f,-0.171875f,0f,0f,0f,1f], start_interpolation: 0, interpolation_duration: 1 }