# This file was generated by Animated Java via MC-Build. It is not recommended to edit this file directly.
$data merge entity $(bone_bone21) { transformation: [0.6341523450747134f,-0.7732081241400937f,1.2246467991473532e-16f,-0.830281983092136f,-0.7732081241400937f,-0.6341523450747134f,0f,0.40083327586914763f,7.766126395675355e-17f,-9.469068543028947e-17f,-1f,-1.1156562500000002f,0f,0f,0f,1f], start_interpolation: 0, interpolation_duration: 1 }
$data merge entity $(bone_arm4) { transformation: [-0.023622579199911287f,-0.9997209479409466f,1.2246467991473532e-16f,-0.8427605072057051f,-0.9997209479409466f,0.023622579199911287f,0f,-0.12726494110151007f,-2.8929316004776113e-18f,-1.2243050589364378e-16f,-1f,-1.1156562500000002f,0f,0f,0f,1f], start_interpolation: 0, interpolation_duration: 1 }
$data merge entity $(bone_small_arm_base4) { transformation: [-0.7996846584870905f,-0.6004202253258847f,1.2246467991473532e-16f,-0.8561437297683981f,-0.6004202253258847f,0.7996846584870905f,0f,-0.1373133488349796f,-9.793312573434596e-17f,-7.353027070886773e-17f,-1f,-1.0219062500000002f,0f,0f,0f,1f], start_interpolation: 0, interpolation_duration: 1 }
$data merge entity $(bone_bone25) { transformation: [0.8607420270039441f,-0.5090414157503709f,1.2246467991473532e-16f,1.531195361832059e-16f,-0.5090414157503709f,-0.8607420270039441f,0f,0.4999999999999999f,1.0541049682619848e-16f,-6.233959404321287e-17f,-1f,-1.4594062500000002f,0f,0f,0f,1f], start_interpolation: 0, interpolation_duration: 1 }
$data merge entity $(bone_bone16) { transformation: [0.7725100872333417f,-0.6350024922177359f,1.2246467991473532e-16f,0.43943779770713776f,-0.6350024922177359f,-0.7725100872333417f,0f,0.15096452207268835f,9.460520056393544e-17f,-7.776537695450421e-17f,-1f,-1.1156562500000002f,0f,0f,0f,1f], start_interpolation: 0, interpolation_duration: 1 }
$data merge entity $(bone_arm3) { transformation: [0.35556781638157836f,-0.9346504843809995f,1.2246467991473532e-16f,0.6272649411015099f,-0.9346504843809995f,-0.35556781638157836f,0f,-0.34276050720570544f,4.3544498821151376e-17f,-1.144616724018714e-16f,-1f,-1.1156562500000002f,0f,0f,0f,1f], start_interpolation: 0, interpolation_duration: 1 }
$data merge entity $(bone_small_arm_base3) { transformation: [0.6004202253258845f,-0.7996846584870906f,1.2246467991473532e-16f,0.6373133488349794f,-0.7996846584870906f,-0.6004202253258845f,0f,-0.3561437297683985f,7.353027070886771e-17f,-9.793312573434598e-17f,-1f,-1.0219062500000002f,0f,0f,0f,1f], start_interpolation: 0, interpolation_duration: 1 }
$data merge entity $(bone_bone15) { transformation: [0.5090414157503711f,0.860742027003944f,1.2246467991473532e-16f,1.531195361832059e-16f,0.860742027003944f,-0.5090414157503711f,0f,0.4999999999999999f,6.23395940432129e-17f,1.0541049682619847e-16f,-1f,-1.4594062500000002f,0f,0f,0f,1f], start_interpolation: 0, interpolation_duration: 1 }
$data merge entity $(bone_bone26) { transformation: [-0.9810873000930522f,0.19356577589058854f,1.2246467991473532e-16f,-0.19774802139424708f,0.19356577589058854f,0.9810873000930522f,0f,1.0352565950081116f,-1.2014854217430754e-16f,2.370497078688831e-17f,-1f,-1.1156562500000002f,0f,0f,0f,1f], start_interpolation: 0, interpolation_duration: 1 }
$data merge entity $(bone_arm5) { transformation: [-0.8131007610470282f,0.582122970157289f,1.2246467991473532e-16f,-0.6272649411015101f,0.582122970157289f,0.8131007610470282f,0f,1.342760507205705f,-9.957612444005201e-17f,7.128950321132741e-17f,-1f,-1.1156562500000002f,0f,0f,0f,1f], start_interpolation: 0, interpolation_duration: 1 }
$data merge entity $(bone_small_arm_base5) { transformation: [-0.6004202253258848f,0.7996846584870902f,1.2246467991473532e-16f,-0.6373133488349796f,0.7996846584870902f,0.6004202253258848f,0f,1.356143729768398f,-7.353027070886776e-17f,9.793312573434593e-17f,-1f,-1.0219062500000002f,0f,0f,0f,1f], start_interpolation: 0, interpolation_duration: 1 }
$data merge entity $(bone_bone20) { transformation: [-0.5090414157503707f,-0.8607420270039442f,1.2246467991473532e-16f,1.531195361832059e-16f,-0.8607420270039442f,0.5090414157503707f,0f,0.4999999999999999f,-6.233959404321285e-17f,-1.0541049682619849e-16f,-1f,-1.4594062500000002f,0f,0f,0f,1f], start_interpolation: 0, interpolation_duration: 1 }
$data merge entity $(bone_bone11) { transformation: [-0.04126152558595725f,-0.9991483806253805f,1.2246467991473532e-16f,0.36575655708148935f,-0.9991483806253805f,0.04126152558595725f,0f,0.9003053149616715f,-5.0530795236779e-18f,-1.2236038662061335e-16f,-1f,-1.1156562500000002f,0f,0f,0f,1f], start_interpolation: 0, interpolation_duration: 1 }
$data merge entity $(bone_arm2) { transformation: [-0.9029964992596315f,-0.4296479050627979f,1.2246467991473532e-16f,0.8427605072057054f,-0.4296479050627979f,0.9029964992596315f,0f,1.1272649411015099f,-1.105851772459573e-16f,-5.261669316955215e-17f,-1f,-1.1156562500000002f,0f,0f,0f,1f], start_interpolation: 0, interpolation_duration: 1 }
$data merge entity $(bone_small_arm_base2) { transformation: [-0.7996846584870905f,-0.6004202253258847f,1.2246467991473532e-16f,0.8561437297683984f,-0.6004202253258847f,0.7996846584870905f,0f,1.1373133488349794f,-9.793312573434596e-17f,-7.353027070886773e-17f,-1f,-1.0219062500000002f,0f,0f,0f,1f], start_interpolation: 0, interpolation_duration: 1 }
$data merge entity $(bone_bone2) { transformation: [0.8607420270039441f,-0.5090414157503709f,1.2246467991473532e-16f,1.531195361832059e-16f,-0.5090414157503709f,-0.8607420270039441f,0f,0.4999999999999999f,1.0541049682619848e-16f,-6.233959404321287e-17f,-1f,-1.4594062500000002f,0f,0f,0f,1f], start_interpolation: 0, interpolation_duration: 1 }
$data merge entity $(bone_ring) { transformation: [1.5486893748018242f,-0.9158923430876752f,2.2034447328268763e-16f,1.1102230246251565e-16f,-0.9158923430876752f,-1.5486893748018242f,0f,0.4999999999999999f,1.8965974857245697e-16f,-1.1216446263258907e-16f,-1.799249166666667f,-1.1156562500000002f,0f,0f,0f,1f], start_interpolation: 0, interpolation_duration: 1 }
$data merge entity $(bone_wheel) { transformation: [-1f,9.907600726170932e-17f,7.198293278059947e-17f,1.0625f,0f,0.5877852522924715f,-0.8090169943749487f,-0.625f,-1.2246467991473532e-16f,-0.8090169943749487f,-0.5877852522924715f,-1.24065625f,0f,0f,0f,1f], start_interpolation: 0, interpolation_duration: 1 }
$data merge entity $(bone_wheel2) { transformation: [-1f,9.907600726170932e-17f,7.198293278059947e-17f,1.0625f,0f,0.5877852522924715f,-0.8090169943749487f,-0.625f,-1.2246467991473532e-16f,-0.8090169943749487f,-0.5877852522924715f,-0.99065625f,0f,0f,0f,1f], start_interpolation: 0, interpolation_duration: 1 }
$data merge entity $(bone_rails) { transformation: [-1.1373008333333334f,0f,1.3927918252092842e-16f,-0.43749999999999994f,0f,1.1373008333333334f,0f,-1f,-1.3927918252092842e-16f,0f,-1.1373008333333334f,-0.6781562500000002f,0f,0f,0f,1f], start_interpolation: 0, interpolation_duration: 1 }
$data merge entity $(bone_wheel3) { transformation: [-1f,9.907600726170932e-17f,7.198293278059947e-17f,-1.0625f,0f,0.5877852522924715f,-0.8090169943749487f,-0.625f,-1.2246467991473532e-16f,-0.8090169943749487f,-0.5877852522924715f,-0.9906562500000002f,0f,0f,0f,1f], start_interpolation: 0, interpolation_duration: 1 }
$data merge entity $(bone_wheel4) { transformation: [-1f,9.907600726170932e-17f,7.198293278059947e-17f,-1.0625f,0f,0.5877852522924715f,-0.8090169943749487f,-0.625f,-1.2246467991473532e-16f,-0.8090169943749487f,-0.5877852522924715f,-1.2406562500000002f,0f,0f,0f,1f], start_interpolation: 0, interpolation_duration: 1 }
$data merge entity $(bone_rails2) { transformation: [-1.2038220833333333f,0f,1.4742568610970649e-16f,0.4375f,0f,1.2038220833333333f,0f,-1f,-1.4742568610970649e-16f,0f,-1.2038220833333333f,-0.6781562500000001f,0f,0f,0f,1f], start_interpolation: 0, interpolation_duration: 1 }
$data merge entity $(bone_bone6) { transformation: [0.3420201433256683f,-0.8545225416641049f,-0.39091360598910685f,0.29789431651051823f,0f,0.4160015704520142f,-0.9093638949185623f,0.3046023361710165f,0.9396926207859083f,0.3110207696752346f,0.14228091674970106f,0.1322539220752307f,0f,0f,0f,1f], start_interpolation: 0, interpolation_duration: 1 }
$data merge entity $(bone_bone5) { transformation: [0.3420201433256683f,-0.6389050345971168f,-0.6890737103720805f,0.2046500729784917f,0f,0.7332969261754725f,-0.6799085365412054f,0.21725535724147937f,0.9396926207859083f,0.23254241511616847f,0.2508023197908072f,0.1661920512375572f,0f,0f,0f,1f], start_interpolation: 0, interpolation_duration: 1 }
$data merge entity $(bone_bone4) { transformation: [0.3420201433256683f,-0.6389050345971168f,-0.6890737103720805f,0.8791872533381874f,0f,0.7332969261754725f,-0.6799085365412054f,0.28272779910395474f,0.9396926207859083f,0.23254241511616847f,0.2508023197908072f,-0.278852736658458f,0f,0f,0f,1f], start_interpolation: 0, interpolation_duration: 1 }
$data merge entity $(bone_bone3) { transformation: [0.3420201433256683f,-0.5004136719088483f,-0.7953668201064162f,0.7899560817219536f,0f,0.8464116909220957f,-0.5325291066884502f,-0.234375f,0.9396926207859083f,0.18213568139467387f,0.28948984784169646f,-0.17986413544170526f,0f,0f,0f,1f], start_interpolation: 0, interpolation_duration: 1 }
$data merge entity $(bone_octagon) { transformation: [0.3420201433256683f,0f,-0.9396926207859083f,0.859375f,0f,1f,0f,-0.40625f,0.9396926207859083f,0f,0.3420201433256683f,-0.1718749999999999f,0f,0f,0f,1f], start_interpolation: 0, interpolation_duration: 1 }
$data merge entity $(bone_bone10) { transformation: [0.06764487644501717f,0.39528247453950643f,0.9160654649164889f,-0.6589618223640255f,0f,0.9181685648465095f,-0.39618996267914314f,0.5537215710756883f,-0.9977094620633497f,0.0268002210741866f,0.06210939912474088f,-0.06432172049394146f,0f,0f,0f,1f], start_interpolation: 0, interpolation_duration: 1 }
$data merge entity $(bone_bone9) { transformation: [0.06764487644501717f,0.11040502367947719f,0.9915820195208628f,-0.5275453661121914f,0f,0.9938584900960898f,-0.11065849115147214f,0.5424918707290285f,-0.9977094620633497f,0.007485479961533358f,0.06722943476638132f,-0.055411661720305344f,0f,0f,0f,1f], start_interpolation: 0, interpolation_duration: 1 }
$data merge entity $(bone_bone8) { transformation: [0.06764487644501717f,0.11040502367947719f,0.9915820195208628f,-1.1474142348425502f,0f,0.9938584900960898f,-0.11065849115147214f,0.1572921399711928f,-0.9977094620633497f,0.007485479961533358f,0.06722943476638132f,-0.28536934154715055f,0f,0f,0f,1f], start_interpolation: 0, interpolation_duration: 1 }
$data merge entity $(bone_bone7) { transformation: [0.06764487644501717f,0.04537630418709283f,0.9966770598890389f,-0.7949042562321339f,0f,0.9989652276403437f,-0.045480478949503696f,-0.234375f,-0.9977094620633497f,0.0030765213791993816f,0.0675748793965995f,-0.19882561591166611f,0f,0f,0f,1f], start_interpolation: 0, interpolation_duration: 1 }
$data merge entity $(bone_octagon2) { transformation: [0.06764487644501717f,0f,0.9977094620633497f,-0.859375f,0f,1f,0f,-0.40625f,-0.9977094620633497f,0f,0.06764487644501717f,-0.171875f,0f,0f,0f,1f], start_interpolation: 0, interpolation_duration: 1 }