# This file was generated by Animated Java via MC-Build. It is not recommended to edit this file directly.
$data merge entity $(bone_bone21) { transformation: [0.3817975420114687f,-0.9242459829039027f,1.2246467991473532e-16f,-0.8386520817184171f,-0.9242459829039027f,-0.3817975420114687f,0f,0.4272436144955031f,4.6756713774667225e-17f,-1.1318748845880637e-16f,-1f,-1.0870000000000002f,0f,0f,0f,1f], start_interpolation: 0, interpolation_duration: 1 }
$data merge entity $(bone_arm4) { transformation: [-0.04428894606355277f,-0.9990187632154763f,1.2246467991473532e-16f,-0.8620475237123498f,-0.9990187632154763f,0.04428894606355277f,0f,-0.10048367646598323f,-5.4238316034339655e-18f,-1.2234451306599807e-16f,-1f,-1.0870000000000002f,0f,0f,0f,1f], start_interpolation: 0, interpolation_duration: 1 }
$data merge entity $(bone_small_arm_base4) { transformation: [-0.8181497174250236f,-0.5750052520432785f,1.2246467991473532e-16f,-0.875739770577031f,-0.5750052520432785f,0.8181497174250236f,0f,-0.11010674873721005f,-1.0019444326678667e-16f,-7.041783414077182e-17f,-1f,-0.9932500000000001f,0f,0f,0f,1f], start_interpolation: 0, interpolation_duration: 1 }
$data merge entity $(bone_bone25) { transformation: [0.8443279255020151f,-0.5358267949789968f,1.2246467991473532e-16f,1.531195361832059e-16f,-0.5358267949789968f,-0.8443279255020151f,0f,0.4999999999999999f,1.0340034913967676e-16f,-6.561985693684134e-17f,-1f,-1.43075f,0f,0f,0f,1f], start_interpolation: 0, interpolation_duration: 1 }
$data merge entity $(bone_bone16) { transformation: [0.8058253434148583f,-0.5921532875112034f,1.2246467991473532e-16f,0.45308506939738474f,-0.5921532875112034f,-0.8058253434148583f,0f,0.14521679689957456f,9.86851427484823e-17f,-7.251786281551776e-17f,-1f,-1.087f,0f,0f,0f,1f], start_interpolation: 0, interpolation_duration: 1 }
$data merge entity $(bone_arm3) { transformation: [0.2790342221359586f,-0.9602811582432412f,1.2246467991473532e-16f,0.600483676465983f,-0.9602811582432412f,-0.2790342221359586f,0f,-0.36204752371235027f,3.4171836699137345e-17f,-1.1760052467240984e-16f,-1f,-1.087f,0f,0f,0f,1f], start_interpolation: 0, interpolation_duration: 1 }
$data merge entity $(bone_small_arm_base3) { transformation: [0.5750052520432783f,-0.8181497174250238f,1.2246467991473532e-16f,0.6101067487372098f,-0.8181497174250238f,-0.5750052520432783f,0f,-0.37573977057703145f,7.04178341407718e-17f,-1.0019444326678667e-16f,-1f,-0.99325f,0f,0f,0f,1f], start_interpolation: 0, interpolation_duration: 1 }
$data merge entity $(bone_bone15) { transformation: [0.535826794978997f,0.844327925502015f,1.2246467991473532e-16f,1.531195361832059e-16f,0.844327925502015f,-0.535826794978997f,0f,0.4999999999999999f,6.561985693684137e-17f,1.0340034913967675e-16f,-1f,-1.43075f,0f,0f,0f,1f], start_interpolation: 0, interpolation_duration: 1 }
$data merge entity $(bone_bone26) { transformation: [-0.9916046639464142f,0.12930657539243406f,1.2246467991473532e-16f,-0.20243731450787428f,0.12930657539243406f,0.9916046639464142f,0f,1.0147687681519861f,-1.214365477721563e-16f,1.583548836630502e-17f,-1f,-1.087f,0f,0f,0f,1f], start_interpolation: 0, interpolation_duration: 1 }
$data merge entity $(bone_arm5) { transformation: [-0.7535251464848554f,0.6574190852226436f,1.2246467991473532e-16f,-0.6004836764659832f,0.6574190852226436f,0.7535251464848554f,0f,1.3620475237123497f,-9.228021587197187e-17f,8.051061784162915e-17f,-1f,-1.087f,0f,0f,0f,1f], start_interpolation: 0, interpolation_duration: 1 }
$data merge entity $(bone_small_arm_base5) { transformation: [-0.5750052520432787f,0.8181497174250235f,1.2246467991473532e-16f,-0.61010674873721f,0.8181497174250235f,0.5750052520432787f,0f,1.375739770577031f,-7.041783414077184e-17f,1.0019444326678665e-16f,-1f,-0.99325f,0f,0f,0f,1f], start_interpolation: 0, interpolation_duration: 1 }
$data merge entity $(bone_bone20) { transformation: [-0.5358267949789965f,-0.8443279255020152f,1.2246467991473532e-16f,1.531195361832059e-16f,-0.8443279255020152f,0.5358267949789965f,0f,0.4999999999999999f,-6.561985693684132e-17f,-1.0340034913967678e-16f,-1f,-1.43075f,0f,0f,0f,1f], start_interpolation: 0, interpolation_duration: 1 }
$data merge entity $(bone_bone11) { transformation: [-0.112710971150213f,-0.9936278161275357f,1.2246467991473532e-16f,0.3833604903587923f,-0.9936278161275357f,0.112710971150213f,0f,0.8770957528201188f,-1.3803113004789811e-17f,-1.2168431245643614e-16f,-1f,-1.0869999999999997f,0f,0f,0f,1f], start_interpolation: 0, interpolation_duration: 1 }
$data merge entity $(bone_arm2) { transformation: [-0.9061826746857728f,-0.42288646242146233f,1.2246467991473532e-16f,0.86204752371235f,-0.42288646242146233f,0.9061826746857728f,0f,1.100483676465983f,-1.1097537119967191e-16f,-5.178865526071913e-17f,-1f,-1.0869999999999997f,0f,0f,0f,1f], start_interpolation: 0, interpolation_duration: 1 }
$data merge entity $(bone_small_arm_base2) { transformation: [-0.8181497174250236f,-0.5750052520432785f,1.2246467991473532e-16f,0.8757397705770312f,-0.5750052520432785f,0.8181497174250236f,0f,1.1101067487372098f,-1.0019444326678667e-16f,-7.041783414077182e-17f,-1f,-0.9932499999999999f,0f,0f,0f,1f], start_interpolation: 0, interpolation_duration: 1 }
$data merge entity $(bone_bone2) { transformation: [0.8443279255020151f,-0.5358267949789968f,1.2246467991473532e-16f,1.531195361832059e-16f,-0.5358267949789968f,-0.8443279255020151f,0f,0.4999999999999999f,1.0340034913967676e-16f,-6.561985693684134e-17f,-1f,-1.43075f,0f,0f,0f,1f], start_interpolation: 0, interpolation_duration: 1 }
$data merge entity $(bone_ring) { transformation: [1.5191563163528963f,-0.964085914343631f,2.2034447328268763e-16f,1.1102230246251565e-16f,-0.964085914343631f,-1.5191563163528963f,0f,0.4999999999999999f,1.8604299202260585e-16f,-1.180664729103977e-16f,-1.799249166666667f,-1.087f,0f,0f,0f,1f], start_interpolation: 0, interpolation_duration: 1 }
$data merge entity $(bone_wheel) { transformation: [-1f,7.198293278059947e-17f,9.90760072617093e-17f,1.0625f,0f,0.8090169943749486f,-0.5877852522924715f,-0.625f,-1.2246467991473532e-16f,-0.5877852522924715f,-0.8090169943749486f,-1.2119999999999997f,0f,0f,0f,1f], start_interpolation: 0, interpolation_duration: 1 }
$data merge entity $(bone_wheel2) { transformation: [-1f,7.198293278059947e-17f,9.90760072617093e-17f,1.0625f,0f,0.8090169943749486f,-0.5877852522924715f,-0.625f,-1.2246467991473532e-16f,-0.5877852522924715f,-0.8090169943749486f,-0.9619999999999997f,0f,0f,0f,1f], start_interpolation: 0, interpolation_duration: 1 }
$data merge entity $(bone_rails) { transformation: [-1.1373008333333334f,0f,1.3927918252092842e-16f,-0.43749999999999994f,0f,1.1373008333333334f,0f,-1f,-1.3927918252092842e-16f,0f,-1.1373008333333334f,-0.6495f,0f,0f,0f,1f], start_interpolation: 0, interpolation_duration: 1 }
$data merge entity $(bone_wheel3) { transformation: [-1f,7.198293278059947e-17f,9.90760072617093e-17f,-1.0625f,0f,0.8090169943749486f,-0.5877852522924715f,-0.625f,-1.2246467991473532e-16f,-0.5877852522924715f,-0.8090169943749486f,-0.962f,0f,0f,0f,1f], start_interpolation: 0, interpolation_duration: 1 }
$data merge entity $(bone_wheel4) { transformation: [-1f,7.198293278059947e-17f,9.90760072617093e-17f,-1.0625f,0f,0.8090169943749486f,-0.5877852522924715f,-0.625f,-1.2246467991473532e-16f,-0.5877852522924715f,-0.8090169943749486f,-1.2120000000000002f,0f,0f,0f,1f], start_interpolation: 0, interpolation_duration: 1 }
$data merge entity $(bone_rails2) { transformation: [-1.2038220833333333f,0f,1.4742568610970649e-16f,0.4375f,0f,1.2038220833333333f,0f,-1f,-1.4742568610970649e-16f,0f,-1.2038220833333333f,-0.6494999999999999f,0f,0f,0f,1f], start_interpolation: 0, interpolation_duration: 1 }
$data merge entity $(bone_bone6) { transformation: [0.3405659738871546f,-0.819438120254514f,-0.46101625188711337f,0.304834813086251f,0f,0.4903277393170686f,-0.8715381277122721f,0.3418870502546083f,0.9402206216789195f,0.2968162312441173f,0.1669889440644043f,0.128700750307628f,0f,0f,0f,1f], start_interpolation: 0, interpolation_duration: 1 }
$data merge entity $(bone_bone5) { transformation: [0.3405659738871546f,-0.6001414847920034f,-0.7237713835610963f,0.20713758450674324f,0f,0.7697888845159371f,-0.6382985769024629f,0.26016352554773803f,0.9402206216789195f,0.21738277647357218f,0.26216390114267646f,0.1640885635826046f,0f,0f,0f,1f], start_interpolation: 0, interpolation_duration: 1 }
$data merge entity $(bone_bone4) { transformation: [0.3405659738871546f,-0.6001414847920034f,-0.7237713835610963f,0.8804339437058063f,0f,0.7697888845159371f,-0.6382985769024629f,0.282464693580189f,0.9402206216789195f,0.21738277647357218f,0.26216390114267646f,-0.27921359409719154f,0f,0f,0f,1f], start_interpolation: 0, interpolation_duration: 1 }
$data merge entity $(bone_bone3) { transformation: [0.3405659738871546f,-0.4989233938581973f,-0.7969255074919562f,0.7899685244610939f,0f,0.847594159410069f,-0.5306450234704351f,-0.234375f,0.9402206216789195f,0.18071963920658074f,0.2886617303605543f,-0.17997152105951897f,0f,0f,0f,1f], start_interpolation: 0, interpolation_duration: 1 }
$data merge entity $(bone_octagon) { transformation: [0.3405659738871546f,0f,-0.9402206216789195f,0.859375f,0f,1f,0f,-0.40625f,0.9402206216789195f,0f,0.3405659738871546f,-0.1718749999999999f,0f,0f,0f,1f], start_interpolation: 0, interpolation_duration: 1 }
$data merge entity $(bone_bone10) { transformation: [0.08967741042854462f,0.5426549427149868f,0.8351548210995522f,-0.684111731606594f,0f,0.8385333861013696f,-0.5448502183108413f,0.5384137517332444f,-0.9959708640612086f,0.04886075664954345f,0.07519750262344979f,-0.061965001622741996f,0f,0f,0f,1f], start_interpolation: 0, interpolation_duration: 1 }
$data merge entity $(bone_bone9) { transformation: [0.08967741042854462f,0.1033410569587434f,0.9905950676262628f,-0.5528498263445174f,0f,0.9946024561270546f,-0.10375911654418885f,0.5280983573212601f,-0.9959708640612086f,0.009304848880036416f,0.08919337267134442f,-0.050146154127724746f,0f,0f,0f,1f], start_interpolation: 0, interpolation_duration: 1 }
$data merge entity $(bone_bone8) { transformation: [0.08967741042854462f,0.1033410569587434f,0.9905950676262628f,-1.1622086377914516f,0f,0.9946024561270546f,-0.10375911654418885f,0.140625f,-0.9959708640612086f,0.009304848880036416f,0.08919337267134442f,-0.2932714592646585f,0f,0f,0f,1f], start_interpolation: 0, interpolation_duration: 1 }
$data merge entity $(bone_bone7) { transformation: [0.08967741042854462f,0f,0.9959708640612086f,-0.7943244019202824f,0f,1f,0f,-0.234375f,-0.9959708640612086f,0f,0.08967741042854462f,-0.19739425135012872f,0f,0f,0f,1f], start_interpolation: 0, interpolation_duration: 1 }
$data merge entity $(bone_octagon2) { transformation: [0.08967741042854462f,0f,0.9959708640612086f,-0.859375f,0f,1f,0f,-0.40625f,-0.9959708640612086f,0f,0.08967741042854462f,-0.171875f,0f,0f,0f,1f], start_interpolation: 0, interpolation_duration: 1 }