# This file was generated by Animated Java via MC-Build. It is not recommended to edit this file directly.
$data merge entity $(bone_bone21) { transformation: [-0.09410831331851421f,-0.9955619646030802f,1.2246467991473532e-16f,-0.8483388470678662f,-0.9955619646030802f,0.09410831331851421f,0f,0.4807309049929122f,-1.1524944467867458e-17f,-1.2192117733040127e-16f,-1f,-1.0625f,0f,0f,0f,1f], start_interpolation: 0, interpolation_duration: 1 }
$data merge entity $(bone_arm4) { transformation: [-0.09410831331851421f,-0.9955619646030802f,1.2246467991473532e-16f,-0.8980511518545006f,-0.9955619646030802f,0.09410831331851421f,0f,-0.045170347225069685f,-1.1524944467867458e-17f,-1.2192117733040127e-16f,-1f,-1.0625f,0f,0f,0f,1f], start_interpolation: 0, interpolation_duration: 1 }
$data merge entity $(bone_small_arm_base4) { transformation: [-0.8526401643540923f,-0.5224985647159491f,1.2246467991473532e-16f,-0.912320617905069f,-0.5224985647159491f,0.8526401643540923f,0f,-0.05391468726719406f,-1.0441830481007122e-16f,-6.398761948384734e-17f,-1f,-0.9687500000000001f,0f,0f,0f,1f], start_interpolation: 0, interpolation_duration: 1 }
$data merge entity $(bone_bone25) { transformation: [0.8090169943749477f,-0.587785252292473f,1.2246467991473532e-16f,1.531195361832059e-16f,-0.587785252292473f,-0.8090169943749477f,0f,0.4999999999999999f,9.90760072617092e-17f,-7.198293278059965e-17f,-1f,-1.40625f,0f,0f,0f,1f], start_interpolation: 0, interpolation_duration: 1 }
$data merge entity $(bone_bone16) { transformation: [0.8826453693562795f,-0.4700395216935668f,1.2246467991473532e-16f,0.48079415185821195f,-0.4700395216935668f,-0.8826453693562795f,0f,0.1262571027073826f,1.0809288263644011e-16f,-5.756323957147794e-17f,-1f,-1.0625f,0f,0f,0f,1f], start_interpolation: 0, interpolation_duration: 1 }
$data merge entity $(bone_arm3) { transformation: [0.12186791961950955f,-0.99254632645918f,1.2246467991473532e-16f,0.5451703472250695f,-0.99254632645918f,-0.12186791961950955f,0f,-0.39805115185450085f,1.4924515768077938e-17f,-1.2155186817036986e-16f,-1f,-1.0625f,0f,0f,0f,1f], start_interpolation: 0, interpolation_duration: 1 }
$data merge entity $(bone_small_arm_base3) { transformation: [0.5224985647159489f,-0.8526401643540924f,1.2246467991473532e-16f,0.5539146872671938f,-0.8526401643540924f,-0.5224985647159489f,0f,-0.41232061790506935f,6.398761948384731e-17f,-1.0441830481007125e-16f,-1f,-0.96875f,0f,0f,0f,1f], start_interpolation: 0, interpolation_duration: 1 }
$data merge entity $(bone_bone15) { transformation: [0.5877852522924732f,0.8090169943749476f,1.2246467991473532e-16f,1.531195361832059e-16f,0.8090169943749476f,-0.5877852522924732f,0f,0.4999999999999999f,7.198293278059968e-17f,9.907600726170918e-17f,-1f,-1.40625f,0f,0f,0f,1f], start_interpolation: 0, interpolation_duration: 1 }
$data merge entity $(bone_bone26) { transformation: [-0.9999998307681052f,-0.0005817763845121227f,1.2246467991473532e-16f,-0.2207496333093371f,-0.0005817763845121227f,0.9999998307681052f,0f,0.9811643078379888f,-1.224646591898055e-16f,-7.12470587112381e-20f,-1f,-1.0625f,0f,0f,0f,1f], start_interpolation: 0, interpolation_duration: 1 }
$data merge entity $(bone_arm5) { transformation: [-0.6141474695899896f,0.7891912858085885f,1.2246467991473532e-16f,-0.5451703472250696f,0.7891912858085885f,0.6141474695899896f,0f,1.3980511518545002f,-7.521137328378273e-17f,9.664805820804719e-17f,-1f,-1.0625f,0f,0f,0f,1f], start_interpolation: 0, interpolation_duration: 1 }
$data merge entity $(bone_small_arm_base5) { transformation: [-0.5224985647159494f,0.8526401643540922f,1.2246467991473532e-16f,-0.5539146872671941f,0.8526401643540922f,0.5224985647159494f,0f,1.4123206179050687f,-6.398761948384736e-17f,1.0441830481007121e-16f,-1f,-0.96875f,0f,0f,0f,1f], start_interpolation: 0, interpolation_duration: 1 }
$data merge entity $(bone_bone20) { transformation: [-0.5877852522924728f,-0.8090169943749478f,1.2246467991473532e-16f,1.531195361832059e-16f,-0.8090169943749478f,0.5877852522924728f,0f,0.4999999999999999f,-7.198293278059963e-17f,-9.907600726170921e-17f,-1f,-1.40625f,0f,0f,0f,1f], start_interpolation: 0, interpolation_duration: 1 }
$data merge entity $(bone_bone11) { transformation: [-0.2535094246803325f,-0.9673329166312119f,1.2246467991473532e-16f,0.416078275619734f,-0.9673329166312119f,0.2535094246803325f,0f,0.8289630695824638f,-3.104595054884561e-17f,-1.1846411600622872e-16f,-1f,-1.0625f,0f,0f,0f,1f], start_interpolation: 0, interpolation_duration: 1 }
$data merge entity $(bone_arm2) { transformation: [-0.9124029682872752f,-0.4092930777090785f,1.2246467991473532e-16f,0.8980511518545008f,-0.4092930777090785f,0.9124029682872752f,0f,1.0451703472250695f,-1.1173713746455556e-16f,-5.012394575295921e-17f,-1f,-1.0625f,0f,0f,0f,1f], start_interpolation: 0, interpolation_duration: 1 }
$data merge entity $(bone_small_arm_base2) { transformation: [-0.8526401643540923f,-0.5224985647159491f,1.2246467991473532e-16f,0.9123206179050692f,-0.5224985647159491f,0.8526401643540923f,0f,1.0539146872671938f,-1.0441830481007122e-16f,-6.398761948384734e-17f,-1f,-0.9687499999999999f,0f,0f,0f,1f], start_interpolation: 0, interpolation_duration: 1 }
$data merge entity $(bone_bone2) { transformation: [0.8090169943749477f,-0.587785252292473f,1.2246467991473532e-16f,1.531195361832059e-16f,-0.587785252292473f,-0.8090169943749477f,0f,0.4999999999999999f,9.90760072617092e-17f,-7.198293278059965e-17f,-1f,-1.40625f,0f,0f,0f,1f], start_interpolation: 0, interpolation_duration: 1 }
$data merge entity $(bone_ring) { transformation: [1.4556231529482961f,-1.0575721253661887f,2.2034447328268763e-16f,1.1102230246251565e-16f,-1.0575721253661887f,-1.4556231529482961f,0f,0.4999999999999999f,1.7826242350229092e-16f,-1.2951523181971663e-16f,-1.799249166666667f,-1.0625f,0f,0f,0f,1f], start_interpolation: 0, interpolation_duration: 1 }
$data merge entity $(bone_wheel) { transformation: [-1f,0f,1.2246467991473532e-16f,1.0625f,0f,1f,0f,-0.625f,-1.2246467991473532e-16f,0f,-1f,-1.1874999999999998f,0f,0f,0f,1f], start_interpolation: 0, interpolation_duration: 1 }
$data merge entity $(bone_wheel2) { transformation: [-1f,0f,1.2246467991473532e-16f,1.0625f,0f,1f,0f,-0.625f,-1.2246467991473532e-16f,0f,-1f,-0.9374999999999998f,0f,0f,0f,1f], start_interpolation: 0, interpolation_duration: 1 }
$data merge entity $(bone_rails) { transformation: [-1.1373008333333334f,0f,1.3927918252092842e-16f,-0.43749999999999994f,0f,1.1373008333333334f,0f,-1f,-1.3927918252092842e-16f,0f,-1.1373008333333334f,-0.625f,0f,0f,0f,1f], start_interpolation: 0, interpolation_duration: 1 }
$data merge entity $(bone_wheel3) { transformation: [-1f,0f,1.2246467991473532e-16f,-1.0625f,0f,1f,0f,-0.625f,-1.2246467991473532e-16f,0f,-1f,-0.9375f,0f,0f,0f,1f], start_interpolation: 0, interpolation_duration: 1 }
$data merge entity $(bone_wheel4) { transformation: [-1f,0f,1.2246467991473532e-16f,-1.0625f,0f,1f,0f,-0.625f,-1.2246467991473532e-16f,0f,-1f,-1.1875f,0f,0f,0f,1f], start_interpolation: 0, interpolation_duration: 1 }
$data merge entity $(bone_rails2) { transformation: [-1.2038220833333333f,0f,1.4742568610970649e-16f,0.4375f,0f,1.2038220833333333f,0f,-1f,-1.4742568610970649e-16f,0f,-1.2038220833333333f,-0.6249999999999999f,0f,0f,0f,1f], start_interpolation: 0, interpolation_duration: 1 }
$data merge entity $(bone_bone6) { transformation: [0.2127493495934062f,-0.6888724139283178f,-0.6929592423628935f,0.3082952843781486f,0f,0.7091949791840189f,-0.7050123981180609f,0.4849350968386663f,0.9771068080039064f,0.149990929154905f,0.15088077055630927f,0.04406029933917392f,0f,0f,0f,1f], start_interpolation: 0, interpolation_duration: 1 }
$data merge entity $(bone_bone5) { transformation: [0.2127493495934062f,-0.44563899556859354f,-0.8695651786244651f,0.19185875841834887f,0f,0.8899387165266672f,-0.45608012544603205f,0.42770239382767644f,0.9771068080039064f,0.0970307500511224f,0.18933388311903915f,0.06941248700581037f,0f,0f,0f,1f], start_interpolation: 0, interpolation_duration: 1 }
$data merge entity $(bone_bone4) { transformation: [0.2127493495934062f,-0.44563899556859354f,-0.8695651786244651f,0.896804391486665f,0f,0.8899387165266672f,-0.45608012544603205f,0.2819155933469668f,0.9771068080039064f,0.0970307500511224f,0.18933388311903915f,-0.27597117235422863f,0f,0f,0f,1f], start_interpolation: 0, interpolation_duration: 1 }
$data merge entity $(bone_bone3) { transformation: [0.2127493495934062f,-0.5147029802085422f,-0.830553162905318f,0.7916574073249619f,0f,0.8500126660687412f,-0.5267622495231703f,-0.234375f,0.9771068080039064f,0.11206832597641402f,0.18083964185228185f,-0.18911275340053407f,0f,0f,0f,1f], start_interpolation: 0, interpolation_duration: 1 }
$data merge entity $(bone_octagon) { transformation: [0.2127493495934062f,0f,-0.9771068080039064f,0.859375f,0f,1f,0f,-0.40625f,0.9771068080039064f,0f,0.2127493495934062f,-0.1718749999999999f,0f,0f,0f,1f], start_interpolation: 0, interpolation_duration: 1 }
$data merge entity $(bone_bone10) { transformation: [0.1278179787901158f,0.6643955572633548f,0.7363702246741958f,-0.7954739487441593f,0f,0.7424601480020072f,-0.6698902362542964f,0.5273385953693434f,-0.9917976428173286f,0.08562401600925734f,0.09489975544982682f,-0.06911441778629882f,0f,0f,0f,1f], start_interpolation: 0, interpolation_duration: 1 }
$data merge entity $(bone_bone9) { transformation: [0.1278179787901158f,-0.013847657548954367f,0.9917009663595252f,-0.6644660963509658f,0f,0.9999025240093041f,0.013962180339144897f,0.5325983907997413f,-0.9917976428173286f,-0.001784617670452595f,0.1278055196060045f,-0.05223077320436065f,0f,0f,0f,1f], start_interpolation: 0, interpolation_duration: 1 }
$data merge entity $(bone_bone8) { transformation: [0.1278179787901158f,-0.013847657548954367f,0.9917009663595252f,-1.2102831319141738f,0f,0.9999025240093041f,0.013962180339144897f,0.07824311094773406f,-0.9917976428173286f,-0.001784617670452595f,0.1278055196060045f,-0.31162363639377805f,0f,0f,0f,1f], start_interpolation: 0, interpolation_duration: 1 }
$data merge entity $(bone_bone7) { transformation: [0.1278179787901158f,-0.15309935274914846f,0.9799097675223986f,-0.7933933354867259f,0f,0.9880138096908951f,0.15436551383027095f,-0.234375f,-0.9917976428173286f,-0.0197306879726829f,0.12628592817141235f,-0.1948800526636593f,0f,0f,0f,1f], start_interpolation: 0, interpolation_duration: 1 }
$data merge entity $(bone_octagon2) { transformation: [0.1278179787901158f,0f,0.9917976428173286f,-0.859375f,0f,1f,0f,-0.40625f,-0.9917976428173286f,0f,0.1278179787901158f,-0.171875f,0f,0f,0f,1f], start_interpolation: 0, interpolation_duration: 1 }