# This file was generated by Animated Java via MC-Build. It is not recommended to edit this file directly.
$data merge entity $(bone_bone21) { transformation: [-0.27064441129503813f,-0.9626793872493388f,1.2246467991473532e-16f,-0.8497403884695987f,-0.9626793872493388f,0.27064441129503813f,0f,0.507539426187245f,-3.314438119995881e-17f,-1.178942230200038e-16f,-1f,-1.06884375f,0f,0f,0f,1f], start_interpolation: 0, interpolation_duration: 1 }
$data merge entity $(bone_arm4) { transformation: [-0.12303337824369576f,-0.992402533167839f,1.2246467991473532e-16f,-0.9147322322558011f,-0.992402533167839f,0.12303337824369576f,0f,-0.016692870197583205f,-1.5067243285442753e-17f,-1.215342585709719e-16f,-1f,-1.06884375f,0f,0f,0f,1f], start_interpolation: 0, interpolation_duration: 1 }
$data merge entity $(bone_small_arm_base4) { transformation: [-0.8686315144381914f,-0.4954586684324074f,1.2246467991473532e-16f,-0.9292693235446209f,-0.4954586684324074f,0.8686315144381914f,0f,-0.02498468067546733f,-1.063766803795249e-16f,-6.067618724055576e-17f,-1f,-0.9750937500000002f,0f,0f,0f,1f], start_interpolation: 0, interpolation_duration: 1 }
$data merge entity $(bone_bone25) { transformation: [0.7901550123756902f,-0.6129070536529766f,1.2246467991473532e-16f,1.531195361832059e-16f,-0.6129070536529766f,-0.7901550123756902f,0f,0.4999999999999999f,9.676608067361262e-17f,-7.505946614309529e-17f,-1f,-1.41259375f,0f,0f,0f,1f], start_interpolation: 0, interpolation_duration: 1 }
$data merge entity $(bone_bone16) { transformation: [0.919773708872078f,-0.3924491361535935f,1.2246467991473532e-16f,0.49354331828941306f,-0.3924491361535935f,-0.919773708872078f,0f,0.11300590221819246f,1.12639792851008e-16f,-4.80611578418642e-17f,-1f,-1.06884375f,0f,0f,0f,1f], start_interpolation: 0, interpolation_duration: 1 }
$data merge entity $(bone_arm3) { transformation: [0.04382346168635093f,-0.9990392906216576f,1.2246467991473532e-16f,0.516692870197583f,-0.9990392906216576f,-0.04382346168635093f,0f,-0.41473223225580164f,5.366826208174644e-18f,-1.2234702694822554e-16f,-1f,-1.06884375f,0f,0f,0f,1f], start_interpolation: 0, interpolation_duration: 1 }
$data merge entity $(bone_small_arm_base3) { transformation: [0.49545866843240716f,-0.8686315144381915f,1.2246467991473532e-16f,0.5249846806754671f,-0.8686315144381915f,-0.49545866843240716f,0f,-0.42926932354462133f,6.067618724055573e-17f,-1.0637668037952492e-16f,-1f,-0.9750937500000001f,0f,0f,0f,1f], start_interpolation: 0, interpolation_duration: 1 }
$data merge entity $(bone_bone15) { transformation: [0.6129070536529768f,0.7901550123756901f,1.2246467991473532e-16f,1.531195361832059e-16f,0.7901550123756901f,-0.6129070536529768f,0f,0.4999999999999999f,7.505946614309531e-17f,9.676608067361261e-17f,-1f,-1.41259375f,0f,0f,0f,1f], start_interpolation: 0, interpolation_duration: 1 }
$data merge entity $(bone_bone26) { transformation: [-0.9978420394061872f,-0.06566021926327448f,1.2246467991473532e-16f,-0.23374850948469017f,-0.06566021926327448f,0.9978420394061872f,0f,0.9686538433235274f,-1.222004059613454e-16f,-8.041057735208257e-18f,-1f,-1.06884375f,0f,0f,0f,1f], start_interpolation: 0, interpolation_duration: 1 }
$data merge entity $(bone_arm5) { transformation: [-0.5356302964419118f,0.8444525951961719f,1.2246467991473532e-16f,-0.5166928701975831f,0.8444525951961719f,0.5356302964419118f,0f,1.4147322322558011f,-6.559579280639352e-17f,1.0341561677386673e-16f,-1f,-1.06884375f,0f,0f,0f,1f], start_interpolation: 0, interpolation_duration: 1 }
$data merge entity $(bone_small_arm_base5) { transformation: [-0.4954586684324076f,0.8686315144381913f,1.2246467991473532e-16f,-0.5249846806754673f,0.8686315144381913f,0.4954586684324076f,0f,1.4292693235446208f,-6.067618724055577e-17f,1.0637668037952487e-16f,-1f,-0.9750937500000001f,0f,0f,0f,1f], start_interpolation: 0, interpolation_duration: 1 }
$data merge entity $(bone_bone20) { transformation: [-0.6129070536529764f,-0.7901550123756903f,1.2246467991473532e-16f,1.531195361832059e-16f,-0.7901550123756903f,0.6129070536529764f,0f,0.4999999999999999f,-7.505946614309526e-17f,-9.676608067361264e-17f,-1f,-1.41259375f,0f,0f,0f,1f], start_interpolation: 0, interpolation_duration: 1 }
$data merge entity $(bone_bone11) { transformation: [-0.3221353622016364f,-0.9466936190865662f,1.2246467991473532e-16f,0.4311567799453332f,-0.9466936190865662f,0.3221353622016364f,0f,0.8040941348900401f,-3.9450204021240725e-17f,-1.159365310387587e-16f,-1f,-1.06884375f,0f,0f,0f,1f], start_interpolation: 0, interpolation_duration: 1 }
$data merge entity $(bone_arm2) { transformation: [-0.9154367389421698f,-0.402461895084399f,1.2246467991473532e-16f,0.9147322322558015f,-0.402461895084399f,0.9154367389421698f,0f,1.0166928701975828f,-1.1210866721674194e-16f,-4.928736715938872e-17f,-1f,-1.06884375f,0f,0f,0f,1f], start_interpolation: 0, interpolation_duration: 1 }
$data merge entity $(bone_small_arm_base2) { transformation: [-0.8686315144381914f,-0.4954586684324074f,1.2246467991473532e-16f,0.9292693235446211f,-0.4954586684324074f,0.8686315144381914f,0f,1.024984680675467f,-1.063766803795249e-16f,-6.067618724055576e-17f,-1f,-0.97509375f,0f,0f,0f,1f], start_interpolation: 0, interpolation_duration: 1 }
$data merge entity $(bone_bone2) { transformation: [0.7901550123756902f,-0.6129070536529766f,1.2246467991473532e-16f,1.531195361832059e-16f,-0.6129070536529766f,-0.7901550123756902f,0f,0.4999999999999999f,9.676608067361262e-17f,-7.505946614309529e-17f,-1f,-1.41259375f,0f,0f,0f,1f], start_interpolation: 0, interpolation_duration: 1 }
$data merge entity $(bone_ring) { transformation: [1.4216857475544504f,-1.1027725055292403f,2.2034447328268763e-16f,1.1102230246251565e-16f,-1.1027725055292403f,-1.4216857475544504f,0f,0.4999999999999999f,1.74106290013597e-16f,-1.350506819084091e-16f,-1.799249166666667f,-1.06884375f,0f,0f,0f,1f], start_interpolation: 0, interpolation_duration: 1 }
$data merge entity $(bone_wheel) { transformation: [-1f,3.784366730434137e-17f,1.1647083184890928e-16f,1.0625f,0f,0.9510565162951539f,-0.30901699437494634f,-0.625f,-1.2246467991473532e-16f,-0.30901699437494634f,-0.9510565162951539f,-1.1938437499999999f,0f,0f,0f,1f], start_interpolation: 0, interpolation_duration: 1 }
$data merge entity $(bone_wheel2) { transformation: [-1f,3.784366730434137e-17f,1.1647083184890928e-16f,1.0625f,0f,0.9510565162951539f,-0.30901699437494634f,-0.625f,-1.2246467991473532e-16f,-0.30901699437494634f,-0.9510565162951539f,-0.9438437499999999f,0f,0f,0f,1f], start_interpolation: 0, interpolation_duration: 1 }
$data merge entity $(bone_rails) { transformation: [-1.1373008333333334f,0f,1.3927918252092842e-16f,-0.43749999999999994f,0f,1.1373008333333334f,0f,-1f,-1.3927918252092842e-16f,0f,-1.1373008333333334f,-0.6313437500000001f,0f,0f,0f,1f], start_interpolation: 0, interpolation_duration: 1 }
$data merge entity $(bone_wheel3) { transformation: [-1f,3.784366730434137e-17f,1.1647083184890928e-16f,-1.0625f,0f,0.9510565162951539f,-0.30901699437494634f,-0.625f,-1.2246467991473532e-16f,-0.30901699437494634f,-0.9510565162951539f,-0.9438437500000001f,0f,0f,0f,1f], start_interpolation: 0, interpolation_duration: 1 }
$data merge entity $(bone_wheel4) { transformation: [-1f,3.784366730434137e-17f,1.1647083184890928e-16f,-1.0625f,0f,0.9510565162951539f,-0.30901699437494634f,-0.625f,-1.2246467991473532e-16f,-0.30901699437494634f,-0.9510565162951539f,-1.19384375f,0f,0f,0f,1f], start_interpolation: 0, interpolation_duration: 1 }
$data merge entity $(bone_rails2) { transformation: [-1.2038220833333333f,0f,1.4742568610970649e-16f,0.4375f,0f,1.2038220833333333f,0f,-1f,-1.4742568610970649e-16f,0f,-1.2038220833333333f,-0.63134375f,0f,0f,0f,1f], start_interpolation: 0, interpolation_duration: 1 }
$data merge entity $(bone_bone6) { transformation: [0.13619696043679197f,-0.5827504946788147f,-0.8011568191804747f,0.32772119574598746f,0f,0.8086923933265309f,-0.5882317680776921f,0.5613583789074993f,0.9906817793659974f,0.08011537884454162f,0.11014144589942813f,-0.004152492526015458f,0f,0f,0f,1f], start_interpolation: 0, interpolation_duration: 1 }
$data merge entity $(bone_bone5) { transformation: [0.13619696043679197f,-0.3388087132108667f,-0.9309452421169441f,0.20353800472228922f,0f,0.9397015888519896f,-0.3419955027614344f,0.5193721129019375f,0.9906817793659974f,0.046578747959159866f,0.127984500119265f,0.012919965559963664f,0f,0f,0f,1f], start_interpolation: 0, interpolation_duration: 1 }
$data merge entity $(bone_bone4) { transformation: [0.13619696043679197f,-0.3388087132108667f,-0.9309452421169441f,0.9059709674308153f,0f,0.9397015888519896f,-0.3419955027614344f,0.28163145002989454f,0.9906817793659974f,0.046578747959159866f,0.127984500119265f,-0.2729127209084706f,0f,0f,0f,1f], start_interpolation: 0, interpolation_duration: 1 }
$data merge entity $(bone_bone3) { transformation: [0.13619696043679197f,-0.5198881925304109f,-0.8433069756827826f,0.7932012337759754f,0f,0.8512390085769724f,-0.5247781915027463f,-0.234375f,0.9906817793659974f,0.07147319458619078f,0.11593616557341194f,-0.1943214955778878f,0f,0f,0f,1f], start_interpolation: 0, interpolation_duration: 1 }
$data merge entity $(bone_octagon) { transformation: [0.13619696043679197f,0f,-0.9906817793659974f,0.859375f,0f,1f,0f,-0.40625f,0.9906817793659974f,0f,0.13619696043679197f,-0.1718749999999999f,0f,0f,0f,1f], start_interpolation: 0, interpolation_duration: 1 }
$data merge entity $(bone_bone10) { transformation: [0.14396231060145326f,0.6331180283386202f,0.7605500741692877f,-0.8462059354823608f,0f,0.7685559901853641f,-0.6397825333269067f,0.561327878945835f,-0.9895831714041476f,0.09210457178019278f,0.11064309617367285f,-0.07522233681788024f,0f,0f,0f,1f], start_interpolation: 0, interpolation_duration: 1 }
$data merge entity $(bone_bone9) { transformation: [0.14396231060145326f,-0.10824787734656792f,0.9836448801148986f,-0.7165850867421653f,0f,0.9939991993994571f,0.10938734658651475f,0.5791781291644669f,-0.9895831714041476f,-0.015747655165156655f,0.14309842148154053f,-0.05636539035194338f,0f,0f,0f,1f], start_interpolation: 0, interpolation_duration: 1 }
$data merge entity $(bone_bone8) { transformation: [0.14396231060145326f,-0.10824787734656792f,0.9836448801148986f,-1.2108561363702686f,0f,0.9939991993994571f,0.10938734658651475f,0.07419178464449966f,-0.9895831714041476f,-0.015747655165156655f,0.14309842148154053f,-0.3177445344625414f,0f,0f,0f,1f], start_interpolation: 0, interpolation_duration: 1 }
$data merge entity $(bone_bone7) { transformation: [0.14396231060145326f,-0.16196540515123897f,0.976238731387198f,-0.7930272295809454f,0f,0.9865150899868125f,0.16367033093481337f,-0.234375f,-0.9895831714041476f,-0.023562359018280247f,0.1420209917977021f,-0.19380182969378879f,0f,0f,0f,1f], start_interpolation: 0, interpolation_duration: 1 }
$data merge entity $(bone_octagon2) { transformation: [0.14396231060145326f,0f,0.9895831714041476f,-0.859375f,0f,1f,0f,-0.40625f,-0.9895831714041476f,0f,0.14396231060145326f,-0.171875f,0f,0f,0f,1f], start_interpolation: 0, interpolation_duration: 1 }