# This file was generated by Animated Java via MC-Build. It is not recommended to edit this file directly.
$data merge entity $(bone_bone21) { transformation: [-0.5718831757735487f,-0.820335073776052f,1.2246467991473532e-16f,-0.8459308710673635f,-0.820335073776052f,0.5718831757735487f,0f,0.5605648888871017f,-7.003549006972997e-17f,-1.0046207223281499e-16f,-1f,-1.1156562500000002f,0f,0f,0f,1f], start_interpolation: 0, interpolation_duration: 1 }
$data merge entity $(bone_arm4) { transformation: [-0.1882453069735917f,-0.9821220415011662f,1.2246467991473532e-16f,-0.9453706309029454f,-0.9821220415011662f,0.1882453069735917f,0f,0.0417632172480422f,-2.3053401263972012e-17f,-1.202752614496467e-16f,-1f,-1.1156562500000002f,0f,0f,0f,1f], start_interpolation: 0, interpolation_duration: 1 }
$data merge entity $(bone_small_arm_base4) { transformation: [-0.8980275757606156f,-0.4399391698559155f,1.2246467991473532e-16f,-0.9603996836505342f,-0.4399391698559155f,0.8980275757606156f,0f,0.034400560278522285f,-1.0997665962012952e-16f,-5.387700961835907e-17f,-1f,-1.0219062500000002f,0f,0f,0f,1f], start_interpolation: 0, interpolation_duration: 1 }
$data merge entity $(bone_bone25) { transformation: [0.7501110696304598f,-0.6613118653236517f,1.2246467991473532e-16f,1.531195361832059e-16f,-0.6613118653236517f,-0.7501110696304598f,0f,0.4999999999999999f,9.1862112042794e-17f,-8.098734591067755e-17f,-1f,-1.4594062500000002f,0f,0f,0f,1f], start_interpolation: 0, interpolation_duration: 1 }
$data merge entity $(bone_bone16) { transformation: [0.977256802847039f,-0.21205928720332884f,1.2246467991473532e-16f,0.513605561455646f,-0.21205928720332884f,-0.977256802847039f,0f,0.07996520327982037f,1.1967944155516022e-16f,-2.5969772730302596e-17f,-1f,-1.1156562500000002f,0f,0f,0f,1f], start_interpolation: 0, interpolation_duration: 1 }
$data merge entity $(bone_arm3) { transformation: [-0.10481635073397588f,-0.9944915950468423f,1.2246467991473532e-16f,0.4582367827519576f,-0.9944915950468423f,0.10481635073397588f,0f,-0.4453706309029457f,-1.283630084246699e-17f,-1.2179009486530613e-16f,-1f,-1.1156562500000002f,0f,0f,0f,1f], start_interpolation: 0, interpolation_duration: 1 }
$data merge entity $(bone_small_arm_base3) { transformation: [0.4399391698559153f,-0.8980275757606158f,1.2246467991473532e-16f,0.46559943972147755f,-0.8980275757606158f,-0.4399391698559153f,0f,-0.4603996836505345f,5.387700961835905e-17f,-1.0997665962012954e-16f,-1f,-1.0219062500000002f,0f,0f,0f,1f], start_interpolation: 0, interpolation_duration: 1 }
$data merge entity $(bone_bone15) { transformation: [0.6613118653236519f,0.7501110696304597f,1.2246467991473532e-16f,1.531195361832059e-16f,0.7501110696304597f,-0.6613118653236519f,0f,0.4999999999999999f,8.098734591067758e-17f,9.186211204279399e-17f,-1f,-1.4594062500000002f,0f,0f,0f,1f], start_interpolation: 0, interpolation_duration: 1 }
$data merge entity $(bone_bone26) { transformation: [-0.9808614120116455f,-0.19470719151207955f,1.2246467991473532e-16f,-0.26566390921798916f,-0.19470719151207955f,0.9808614120116455f,0f,0.9534772189624001f,-1.2012087886272148e-16f,-2.3844753885623885e-17f,-1f,-1.1156562500000002f,0f,0f,0f,1f], start_interpolation: 0, interpolation_duration: 1 }
$data merge entity $(bone_arm5) { transformation: [-0.36455176232452213f,0.9311831251617941f,1.2246467991473532e-16f,-0.4582367827519578f,0.9311831251617941f,0.36455176232452213f,0f,1.4453706309029453f,-4.464471488542526e-17f,1.1403704336494202e-16f,-1f,-1.1156562500000002f,0f,0f,0f,1f], start_interpolation: 0, interpolation_duration: 1 }
$data merge entity $(bone_small_arm_base5) { transformation: [-0.4399391698559157f,0.8980275757606155f,1.2246467991473532e-16f,-0.4655994397214777f,0.8980275757606155f,0.4399391698559157f,0f,1.460399683650534f,-5.387700961835908e-17f,1.099766596201295e-16f,-1f,-1.0219062500000002f,0f,0f,0f,1f], start_interpolation: 0, interpolation_duration: 1 }
$data merge entity $(bone_bone20) { transformation: [-0.6613118653236515f,-0.7501110696304599f,1.2246467991473532e-16f,1.531195361832059e-16f,-0.7501110696304599f,0.6613118653236515f,0f,0.4999999999999999f,-8.098734591067753e-17f,-9.186211204279401e-17f,-1f,-1.4594062500000002f,0f,0f,0f,1f], start_interpolation: 0, interpolation_duration: 1 }
$data merge entity $(bone_bone11) { transformation: [-0.45408032617553695f,-0.8909607496294761f,1.2246467991473532e-16f,0.4586711648360539f,-0.8909607496294761f,0.45408032617553695f,0f,0.7528905627676512f,-5.560880180066576e-17f,-1.0911122301996644e-16f,-1f,-1.1156562500000002f,0f,0f,0f,1f], start_interpolation: 0, interpolation_duration: 1 }
$data merge entity $(bone_arm2) { transformation: [-0.9213506805037747f,-0.3887324575273225f,1.2246467991473532e-16f,0.9453706309029456f,-0.3887324575273225f,0.9213506805037747f,0f,0.9582367827519577f,-1.1283291617711834e-16f,-4.760599598355199e-17f,-1f,-1.1156562500000002f,0f,0f,0f,1f], start_interpolation: 0, interpolation_duration: 1 }
$data merge entity $(bone_small_arm_base2) { transformation: [-0.8980275757606156f,-0.4399391698559155f,1.2246467991473532e-16f,0.9603996836505344f,-0.4399391698559155f,0.8980275757606156f,0f,0.9655994397214775f,-1.0997665962012952e-16f,-5.387700961835907e-17f,-1f,-1.0219062500000002f,0f,0f,0f,1f], start_interpolation: 0, interpolation_duration: 1 }
$data merge entity $(bone_bone2) { transformation: [0.7501110696304598f,-0.6613118653236517f,1.2246467991473532e-16f,1.531195361832059e-16f,-0.6613118653236517f,-0.7501110696304598f,0f,0.4999999999999999f,9.1862112042794e-17f,-8.098734591067755e-17f,-1f,-1.4594062500000002f,0f,0f,0f,1f], start_interpolation: 0, interpolation_duration: 1 }
$data merge entity $(bone_ring) { transformation: [1.349636716940047f,-1.1898648225903594f,2.2034447328268763e-16f,1.1102230246251565e-16f,-1.1898648225903594f,-1.349636716940047f,0f,0.4999999999999999f,1.6528282854123709e-16f,-1.457164146403317e-16f,-1.799249166666667f,-1.1156562500000002f,0f,0f,0f,1f], start_interpolation: 0, interpolation_duration: 1 }
$data merge entity $(bone_wheel) { transformation: [-1f,9.907600726170932e-17f,7.198293278059945e-17f,1.0625f,0f,0.5877852522924714f,-0.8090169943749487f,-0.625f,-1.2246467991473532e-16f,-0.8090169943749487f,-0.5877852522924714f,-1.24065625f,0f,0f,0f,1f], start_interpolation: 0, interpolation_duration: 1 }
$data merge entity $(bone_wheel2) { transformation: [-1f,9.907600726170932e-17f,7.198293278059945e-17f,1.0625f,0f,0.5877852522924714f,-0.8090169943749487f,-0.625f,-1.2246467991473532e-16f,-0.8090169943749487f,-0.5877852522924714f,-0.99065625f,0f,0f,0f,1f], start_interpolation: 0, interpolation_duration: 1 }
$data merge entity $(bone_rails) { transformation: [-1.1373008333333334f,0f,1.3927918252092842e-16f,-0.43749999999999994f,0f,1.1373008333333334f,0f,-1f,-1.3927918252092842e-16f,0f,-1.1373008333333334f,-0.6781562500000002f,0f,0f,0f,1f], start_interpolation: 0, interpolation_duration: 1 }
$data merge entity $(bone_wheel3) { transformation: [-1f,9.907600726170932e-17f,7.198293278059945e-17f,-1.0625f,0f,0.5877852522924714f,-0.8090169943749487f,-0.625f,-1.2246467991473532e-16f,-0.8090169943749487f,-0.5877852522924714f,-0.9906562500000002f,0f,0f,0f,1f], start_interpolation: 0, interpolation_duration: 1 }
$data merge entity $(bone_wheel4) { transformation: [-1f,9.907600726170932e-17f,7.198293278059945e-17f,-1.0625f,0f,0.5877852522924714f,-0.8090169943749487f,-0.625f,-1.2246467991473532e-16f,-0.8090169943749487f,-0.5877852522924714f,-1.2406562500000002f,0f,0f,0f,1f], start_interpolation: 0, interpolation_duration: 1 }
$data merge entity $(bone_rails2) { transformation: [-1.2038220833333333f,0f,1.4742568610970649e-16f,0.4375f,0f,1.2038220833333333f,0f,-1f,-1.4742568610970649e-16f,0f,-1.2038220833333333f,-0.6781562500000001f,0f,0f,0f,1f], start_interpolation: 0, interpolation_duration: 1 }
$data merge entity $(bone_bone6) { transformation: [0.08402019190473996f,-0.37674670750158457f,-0.9224979814281473f,0.3883918587830162f,0f,0.9257714609770712f,-0.378083591339771f,0.6626878152264872f,0.9964640522127683f,0.03176665590040084f,0.07778349581122501f,-0.03807981329668584f,0f,0f,0f,1f], start_interpolation: 0, interpolation_duration: 1 }
$data merge entity $(bone_bone5) { transformation: [0.08402019190473996f,-0.16520761385421728f,-0.982673420662677f,0.2579655397284675f,0f,0.9861604324616953f,-0.16579385225924997f,0.644145584663811f,0.9964640522127683f,0.013930031283448288f,0.082857388784293f,-0.027082482954404574f,0f,0f,0f,1f], start_interpolation: 0, interpolation_duration: 1 }
$data merge entity $(bone_bone4) { transformation: [0.08402019190473996f,-0.16520761385421728f,-0.982673420662677f,0.9136303177971605f,0f,0.9861604324616953f,-0.16579385225924997f,0.28104890965168927f,0.9964640522127683f,0.013930031283448288f,0.082857388784293f,-0.2705323895915904f,0f,0f,0f,1f], start_interpolation: 0, interpolation_duration: 1 }
$data merge entity $(bone_bone3) { transformation: [0.08402019190473996f,-0.5189202447564564f,-0.8506834822271971f,0.7944703657396789f,0f,0.8537021283789938f,-0.5207616306921775f,-0.234375f,0.9964640522127683f,0.04375449214738207f,0.07172821665588801f,-0.19776323963760264f,0f,0f,0f,1f], start_interpolation: 0, interpolation_duration: 1 }
$data merge entity $(bone_octagon) { transformation: [0.08402019190473996f,0f,-0.9964640522127683f,0.859375f,0f,1f,0f,-0.40625f,0.9964640522127683f,0f,0.08402019190473996f,-0.1718749999999999f,0f,0f,0f,1f], start_interpolation: 0, interpolation_duration: 1 }
$data merge entity $(bone_bone10) { transformation: [0.17050579027476054f,0.17524038133893494f,0.969648691140747f,-0.935631605696053f,0f,0.9840585815099975f,-0.1778446180139609f,0.635732434173056f,-0.9853566742468329f,0.030323537140583327f,0.16778768611702197f,-0.08992720455441269f,0f,0f,0f,1f], start_interpolation: 0, interpolation_duration: 1 }
$data merge entity $(bone_bone9) { transformation: [0.17050579027476054f,-0.2861162290265173f,0.9429025819088761f,-0.8120023484765795f,0f,0.9569149999715514f,0.29036818494705285f,0.6773729989790587f,-0.9853566742468329f,-0.04950945684504507f,0.16315954829592183f,-0.06853443911807938f,0f,0f,0f,1f], start_interpolation: 0, interpolation_duration: 1 }
$data merge entity $(bone_bone8) { transformation: [0.17050579027476054f,-0.2861162290265173f,0.9429025819088761f,-1.1963834147602377f,0f,0.9569149999715514f,0.29036818494705285f,0.08846950093265954f,-0.9853566742468329f,-0.04950945684504507f,0.16315954829592183f,-0.3253340367528782f,0f,0f,0f,1f], start_interpolation: 0, interpolation_duration: 1 }
$data merge entity $(bone_bone7) { transformation: [0.17050579027476054f,-0.12861485466805286f,0.9769268113024101f,-0.7924619019134866f,0f,0.9914448613738104f,0.13052619222005157f,-0.234375f,-0.9853566742468329f,-0.022255471556035192f,0.16904708960239195f,-0.192010784178041f,0f,0f,0f,1f], start_interpolation: 0, interpolation_duration: 1 }
$data merge entity $(bone_octagon2) { transformation: [0.17050579027476054f,0f,0.9853566742468329f,-0.859375f,0f,1f,0f,-0.40625f,-0.9853566742468329f,0f,0.17050579027476054f,-0.171875f,0f,0f,0f,1f], start_interpolation: 0, interpolation_duration: 1 }