# This file was generated by Animated Java via MC-Build. It is not recommended to edit this file directly.
$data merge entity $(bone_bone21) { transformation: [-0.6899160853884035f,-0.7238893528173632f,1.2246467991473532e-16f,-0.8408564159188853f,-0.7238893528173632f,0.6899160853884035f,0f,0.5864803113726174f,-8.449035256511802e-17f,-8.86508778864633e-17f,-1f,-1.1535000000000002f,0f,0f,0f,1f], start_interpolation: 0, interpolation_duration: 1 }
$data merge entity $(bone_arm4) { transformation: [-0.2242163327513742f,-0.9745393969088807f,1.2246467991473532e-16f,-0.9592977127483429f,-0.9745393969088807f,0.2242163327513742f,0f,0.07168413856536275f,-2.7458581422052804e-17f,-1.1934665530674528e-16f,-1f,-1.1535000000000002f,0f,0f,0f,1f], start_interpolation: 0, interpolation_duration: 1 }
$data merge entity $(bone_small_arm_base4) { transformation: [-0.9114032766354452f,-0.41151435860510865f,1.2246467991473532e-16f,-0.9745506162098849f,-0.41151435860510865f,0.9114032766354452f,0f,0.06479718857763211f,-1.1161471054640075e-16f,-5.0395974206892244e-17f,-1f,-1.0597500000000002f,0f,0f,0f,1f], start_interpolation: 0, interpolation_duration: 1 }
$data merge entity $(bone_bone25) { transformation: [0.7289686274214113f,-0.6845471059286886f,1.2246467991473532e-16f,1.531195361832059e-16f,-0.6845471059286886f,-0.7289686274214113f,0f,0.4999999999999999f,8.927290962504709e-17f,-8.383284221411526e-17f,-1f,-1.4972500000000002f,0f,0f,0f,1f], start_interpolation: 0, interpolation_duration: 1 }
$data merge entity $(bone_bone16) { transformation: [0.9934885433637675f,-0.11393205960105918f,1.2246467991473532e-16f,0.5197532540346768f,-0.11393205960105918f,-0.9934885433637675f,0f,0.06097398892891198f,1.2166725646200042e-16f,-1.3952653211070266e-17f,-1f,-1.1535000000000002f,0f,0f,0f,1f], start_interpolation: 0, interpolation_duration: 1 }
$data merge entity $(bone_arm3) { transformation: [-0.1730963556963479f,-0.9849048947206238f,1.2246467991473532e-16f,0.4283158614346371f,-0.9849048947206238f,0.1730963556963479f,0f,-0.45929771274834313f,-2.1198189794760422e-17f,-1.2061606267841728e-16f,-1f,-1.1535000000000002f,0f,0f,0f,1f], start_interpolation: 0, interpolation_duration: 1 }
$data merge entity $(bone_small_arm_base3) { transformation: [0.4115143586051085f,-0.9114032766354453f,1.2246467991473532e-16f,0.4352028114223677f,-0.9114032766354453f,-0.4115143586051085f,0f,-0.47455061620988526f,5.039597420689221e-17f,-1.1161471054640078e-16f,-1f,-1.0597500000000002f,0f,0f,0f,1f], start_interpolation: 0, interpolation_duration: 1 }
$data merge entity $(bone_bone15) { transformation: [0.6845471059286887f,0.7289686274214112f,1.2246467991473532e-16f,1.531195361832059e-16f,0.7289686274214112f,-0.6845471059286887f,0f,0.4999999999999999f,8.383284221411528e-17f,8.927290962504707e-17f,-1f,-1.4972500000000002f,0f,0f,0f,1f], start_interpolation: 0, interpolation_duration: 1 }
$data merge entity $(bone_bone26) { transformation: [-0.9661105714583387f,-0.2581285798133213f,1.2246467991473532e-16f,-0.2838050089345601f,-0.2581285798133213f,0.9661105714583387f,0f,0.9512031803615618f,-1.1831442189588745e-16f,-3.161163390368363e-17f,-1f,-1.1535000000000002f,0f,0f,0f,1f], start_interpolation: 0, interpolation_duration: 1 }
$data merge entity $(bone_arm5) { transformation: [-0.273567533096137f,0.9618527979039692f,1.2246467991473532e-16f,-0.4283158614346372f,0.9618527979039692f,0.273567533096137f,0f,1.4592977127483426f,-3.350236037568221e-17f,1.1779299502040218e-16f,-1f,-1.1535000000000002f,0f,0f,0f,1f], start_interpolation: 0, interpolation_duration: 1 }
$data merge entity $(bone_small_arm_base5) { transformation: [-0.4115143586051088f,0.9114032766354452f,1.2246467991473532e-16f,-0.43520281142236783f,0.9114032766354452f,0.4115143586051088f,0f,1.4745506162098847f,-5.039597420689228e-17f,1.1161471054640075e-16f,-1f,-1.0597500000000002f,0f,0f,0f,1f], start_interpolation: 0, interpolation_duration: 1 }
$data merge entity $(bone_bone20) { transformation: [-0.6845471059286885f,-0.7289686274214114f,1.2246467991473532e-16f,1.531195361832059e-16f,-0.7289686274214114f,0.6845471059286885f,0f,0.4999999999999999f,-8.383284221411523e-17f,-8.927290962504712e-17f,-1f,-1.4972500000000002f,0f,0f,0f,1f], start_interpolation: 0, interpolation_duration: 1 }
$data merge entity $(bone_bone11) { transformation: [-0.5167217492783379f,-0.856153393862767f,1.2246467991473532e-16f,0.4710769835356928f,-0.856153393862767f,0.5167217492783379f,0f,0.7266132092490287f,-6.328016363035375e-17f,-1.0484855133731808e-16f,-1f,-1.1535000000000002f,0f,0f,0f,1f], start_interpolation: 0, interpolation_duration: 1 }
$data merge entity $(bone_arm2) { transformation: [-0.9242305210055461f,-0.3818349696424051f,1.2246467991473532e-16f,0.9592977127483431f,-0.3818349696424051f,0.9242305210055461f,0f,0.928315861434637f,-1.1318559492237325e-16f,-4.676129733750983e-17f,-1f,-1.1535000000000002f,0f,0f,0f,1f], start_interpolation: 0, interpolation_duration: 1 }
$data merge entity $(bone_small_arm_base2) { transformation: [-0.9114032766354452f,-0.41151435860510865f,1.2246467991473532e-16f,0.9745506162098851f,-0.41151435860510865f,0.9114032766354452f,0f,0.9352028114223676f,-1.1161471054640075e-16f,-5.0395974206892244e-17f,-1f,-1.0597500000000002f,0f,0f,0f,1f], start_interpolation: 0, interpolation_duration: 1 }
$data merge entity $(bone_bone2) { transformation: [0.7289686274214113f,-0.6845471059286886f,1.2246467991473532e-16f,1.531195361832059e-16f,-0.6845471059286886f,-0.7289686274214113f,0f,0.4999999999999999f,8.927290962504709e-17f,-8.383284221411526e-17f,-1f,-1.4972500000000002f,0f,0f,0f,1f], start_interpolation: 0, interpolation_duration: 1 }
$data merge entity $(bone_ring) { transformation: [1.3115961954141184f,-1.2316708098862716f,2.2034447328268763e-16f,1.1102230246251565e-16f,-1.2316708098862716f,-1.3115961954141184f,0f,0.4999999999999999f,1.6062420824877466e-16f,-1.5083617149304506e-16f,-1.799249166666667f,-1.1535000000000002f,0f,0f,0f,1f], start_interpolation: 0, interpolation_duration: 1 }
$data merge entity $(bone_wheel) { transformation: [-1f,1.1647083184890928e-16f,3.784366730434141e-17f,1.0625f,0f,0.3090169943749467f,-0.9510565162951539f,-0.625f,-1.2246467991473532e-16f,-0.9510565162951539f,-0.3090169943749467f,-1.2785f,0f,0f,0f,1f], start_interpolation: 0, interpolation_duration: 1 }
$data merge entity $(bone_wheel2) { transformation: [-1f,1.1647083184890928e-16f,3.784366730434141e-17f,1.0625f,0f,0.3090169943749467f,-0.9510565162951539f,-0.625f,-1.2246467991473532e-16f,-0.9510565162951539f,-0.3090169943749467f,-1.0285f,0f,0f,0f,1f], start_interpolation: 0, interpolation_duration: 1 }
$data merge entity $(bone_rails) { transformation: [-1.1373008333333334f,0f,1.3927918252092842e-16f,-0.43749999999999994f,0f,1.1373008333333334f,0f,-1f,-1.3927918252092842e-16f,0f,-1.1373008333333334f,-0.7160000000000002f,0f,0f,0f,1f], start_interpolation: 0, interpolation_duration: 1 }
$data merge entity $(bone_wheel3) { transformation: [-1f,1.1647083184890928e-16f,3.784366730434141e-17f,-1.0625f,0f,0.3090169943749467f,-0.9510565162951539f,-0.625f,-1.2246467991473532e-16f,-0.9510565162951539f,-0.3090169943749467f,-1.0285000000000002f,0f,0f,0f,1f], start_interpolation: 0, interpolation_duration: 1 }
$data merge entity $(bone_wheel4) { transformation: [-1f,1.1647083184890928e-16f,3.784366730434141e-17f,-1.0625f,0f,0.3090169943749467f,-0.9510565162951539f,-0.625f,-1.2246467991473532e-16f,-0.9510565162951539f,-0.3090169943749467f,-1.2785000000000002f,0f,0f,0f,1f], start_interpolation: 0, interpolation_duration: 1 }
$data merge entity $(bone_rails2) { transformation: [-1.2038220833333333f,0f,1.4742568610970649e-16f,0.4375f,0f,1.2038220833333333f,0f,-1f,-1.4742568610970649e-16f,0f,-1.2038220833333333f,-0.7160000000000001f,0f,0f,0f,1f], start_interpolation: 0, interpolation_duration: 1 }
$data merge entity $(bone_bone6) { transformation: [0.08243032201757648f,-0.32619596995082767f,-0.9417013492609625f,0.401476414778089f,0f,0.9449170624489266f,-0.3273098609771651f,0.6737999302072485f,0.9965968302237764f,0.026980257239875908f,0.07788981773756745f,-0.03993124517016676f,0f,0f,0f,1f], start_interpolation: 0, interpolation_duration: 1 }
$data merge entity $(bone_bone5) { transformation: [0.08243032201757648f,-0.14088553435382634f,-0.9865883174971795f,0.27061579466792307f,0f,0.9899573102953281f,-0.14136662899298186f,0.6584987693380551f,0.9965968302237764f,0.011652896750430755f,0.08160249987129778f,-0.029107527165084773f,0f,0f,0f,1f], start_interpolation: 0, interpolation_duration: 1 }
$data merge entity $(bone_bone4) { transformation: [0.08243032201757648f,-0.14088553435382634f,-0.9865883174971795f,0.9150004187148055f,0f,0.9899573102953281f,-0.14136662899298186f,0.28075261144289665f,0.9965968302237764f,0.011652896750430755f,0.08160249987129778f,-0.27054601539440337f,0f,0f,0f,1f], start_interpolation: 0, interpolation_duration: 1 }
$data merge entity $(bone_bone3) { transformation: [0.08243032201757648f,-0.5169786419090623f,-0.8520201440235672f,0.7945117505479647f,0f,0.8549296146489389f,-0.5187440158654524f,-0.234375f,0.9965968302237764f,0.042760236272480046f,0.07047212343787461f,-0.19786675581839436f,0f,0f,0f,1f], start_interpolation: 0, interpolation_duration: 1 }
$data merge entity $(bone_octagon) { transformation: [0.08243032201757648f,0f,-0.9965968302237764f,0.859375f,0f,1f,0f,-0.40625f,0.9965968302237764f,0f,0.08243032201757648f,-0.1718749999999999f,0f,0f,0f,1f], start_interpolation: 0, interpolation_duration: 1 }
$data merge entity $(bone_bone10) { transformation: [0.1809502324490978f,-0.31802586166265523f,0.9306538371974529f,-0.9064304965850507f,0f,0.9462746997318413f,0.3233638703495079f,0.6417776430597456f,-0.9834922538467792f,-0.05851276750538338f,0.17122862687717694f,-0.08520904343395432f,0f,0f,0f,1f], start_interpolation: 0, interpolation_duration: 1 }
$data merge entity $(bone_bone9) { transformation: [0.1809502324490978f,-0.25520967547065854f,0.9498026294566564f,-0.7817838392641556f,0f,0.9657449011333328f,0.2594933254150656f,0.6793681914007019f,-0.9834922538467792f,-0.04695537755284549f,0.17475176434660755f,-0.062275622730334934f,0f,0f,0f,1f], start_interpolation: 0, interpolation_duration: 1 }
$data merge entity $(bone_bone8) { transformation: [0.1809502324490978f,-0.25520967547065854f,0.9498026294566564f,-1.180726647225313f,0f,0.9657449011333328f,0.2594933254150656f,0.1062309047221609f,-0.9834922538467792f,-0.04695537755284549f,0.17475176434660755f,-0.3263232477306685f,0f,0f,0f,1f], start_interpolation: 0, interpolation_duration: 1 }
$data merge entity $(bone_bone7) { transformation: [0.1809502324490978f,-0.08640097129882701f,0.9796896883887453f,-0.792252039370542f,0f,0.9961336091431724f,0.08785119655074339f,-0.234375f,-0.9834922538467792f,-0.015896694436788397f,0.18025060812481578f,-0.19129974340464323f,0f,0f,0f,1f], start_interpolation: 0, interpolation_duration: 1 }
$data merge entity $(bone_octagon2) { transformation: [0.1809502324490978f,0f,0.9834922538467792f,-0.859375f,0f,1f,0f,-0.40625f,-0.9834922538467792f,0f,0.1809502324490978f,-0.171875f,0f,0f,0f,1f], start_interpolation: 0, interpolation_duration: 1 }