# This file was generated by Animated Java via MC-Build. It is not recommended to edit this file directly.
$data merge entity $(bone_bone21) { transformation: [-0.7848890365705188f,-0.6196363451827229f,1.2246467991473532e-16f,-0.8337777970292941f,-0.6196363451827229f,0.7848890365705188f,0f,0.6117934971845532f,-9.612118463219358e-17f,-7.588356667633863e-17f,-1f,-1.19921875f,0f,0f,0f,1f], start_interpolation: 0, interpolation_duration: 1 }
$data merge entity $(bone_arm4) { transformation: [-0.2621891786408645f,-0.9650164944723114f,1.2246467991473532e-16f,-0.9722780835686742f,-0.9650164944723114f,0.2621891786408645f,0f,0.10202775592671806f,-3.210891383936085e-17f,-1.1818043610799158e-16f,-1f,-1.19921875f,0f,0f,0f,1f], start_interpolation: 0, interpolation_duration: 1 }
$data merge entity $(bone_small_arm_base4) { transformation: [-0.9238795325112867f,-0.3826834323650898f,1.2246467991473532e-16f,-0.9877397849699584f,-0.3826834323650898f,0.9238795325112867f,0f,0.09562330950894304f,-1.1314261122877005e-16f,-4.686520405326298e-17f,-1f,-1.10546875f,0f,0f,0f,1f], start_interpolation: 0, interpolation_duration: 1 }
$data merge entity $(bone_bone25) { transformation: [0.7071067811865475f,-0.7071067811865475f,1.2246467991473532e-16f,1.531195361832059e-16f,-0.7071067811865475f,-0.7071067811865475f,0f,0.4999999999999999f,8.659560562354932e-17f,-8.659560562354932e-17f,-1f,-1.54296875f,0f,0f,0f,1f], start_interpolation: 0, interpolation_duration: 1 }
$data merge entity $(bone_bone16) { transformation: [0.9998983463132524f,-0.01425822709956956f,1.2246467991473532e-16f,0.5226462625524221f,-0.01425822709956956f,-0.9998983463132524f,0f,0.041044261014048344f,1.2245223092852561e-16f,-1.746129217900398e-18f,-1f,-1.19921875f,0f,0f,0f,1f], start_interpolation: 0, interpolation_duration: 1 }
$data merge entity $(bone_arm3) { transformation: [-0.23601524097646853f,-0.9717493534995634f,1.2246467991473532e-16f,0.39797224407328186f,-0.9717493534995634f,0.23601524097646853f,0f,-0.4722780835686744f,-2.890353094118235e-17f,-1.1900497353367502e-16f,-1f,-1.19921875f,0f,0f,0f,1f], start_interpolation: 0, interpolation_duration: 1 }
$data merge entity $(bone_small_arm_base3) { transformation: [0.3826834323650896f,-0.9238795325112868f,1.2246467991473532e-16f,0.40437669049105684f,-0.9238795325112868f,-0.3826834323650896f,0f,-0.4877397849699586f,4.686520405326295e-17f,-1.1314261122877005e-16f,-1f,-1.10546875f,0f,0f,0f,1f], start_interpolation: 0, interpolation_duration: 1 }
$data merge entity $(bone_bone15) { transformation: [0.7071067811865476f,0.7071067811865474f,1.2246467991473532e-16f,1.531195361832059e-16f,0.7071067811865474f,-0.7071067811865476f,0f,0.4999999999999999f,8.659560562354934e-17f,8.659560562354929e-17f,-1f,-1.54296875f,0f,0f,0f,1f], start_interpolation: 0, interpolation_duration: 1 }
$data merge entity $(bone_bone26) { transformation: [-0.9472635575393635f,-0.3204555391280818f,1.2246467991473532e-16f,-0.3028556232994666f,-0.3204555391280818f,0.9472635575393635f,0f,0.9526664316744821f,-1.160063283689516e-16f,-3.924448502622449e-17f,-1f,-1.19921875f,0f,0f,0f,1f], start_interpolation: 0, interpolation_duration: 1 }
$data merge entity $(bone_arm5) { transformation: [-0.1800613507661616f,0.9836553817065535f,1.2246467991473532e-16f,-0.39797224407328186f,0.9836553817065535f,0.1800613507661616f,0f,1.472278083568674f,-2.2051155686592873e-17f,1.2046304146709985e-16f,-1f,-1.19921875f,0f,0f,0f,1f], start_interpolation: 0, interpolation_duration: 1 }
$data merge entity $(bone_small_arm_base5) { transformation: [-0.38268343236508995f,0.9238795325112867f,1.2246467991473532e-16f,-0.4043766904910569f,0.9238795325112867f,0.38268343236508995f,0f,1.4877397849699583f,-4.6865204053263017e-17f,1.1314261122877003e-16f,-1f,-1.10546875f,0f,0f,0f,1f], start_interpolation: 0, interpolation_duration: 1 }
$data merge entity $(bone_bone20) { transformation: [-0.7071067811865474f,-0.7071067811865476f,1.2246467991473532e-16f,1.531195361832059e-16f,-0.7071067811865476f,0.7071067811865474f,0f,0.4999999999999999f,-8.659560562354929e-17f,-8.659560562354934e-17f,-1f,-1.54296875f,0f,0f,0f,1f], start_interpolation: 0, interpolation_duration: 1 }
$data merge entity $(bone_bone11) { transformation: [-0.3803742996911241f,-0.9248326292548762f,1.2246467991473532e-16f,0.48256336752651996f,-0.9248326292548762f,0.3803742996911241f,0f,0.699924428575628f,-4.658241685946513e-17f,-1.132593319164015e-16f,-1f,-1.19921875f,0f,0f,0f,1f], start_interpolation: 0, interpolation_duration: 1 }
$data merge entity $(bone_arm2) { transformation: [-0.9270587258382963f,-0.3749161490881325f,1.2246467991473532e-16f,0.9722780835686744f,-0.3749161490881325f,0.9270587258382963f,0f,0.8979722440732817f,-1.1353195012194933e-16f,-4.5913986192943324e-17f,-1f,-1.19921875f,0f,0f,0f,1f], start_interpolation: 0, interpolation_duration: 1 }
$data merge entity $(bone_small_arm_base2) { transformation: [-0.9238795325112867f,-0.3826834323650898f,1.2246467991473532e-16f,0.9877397849699586f,-0.3826834323650898f,0.9238795325112867f,0f,0.9043766904910567f,-1.1314261122877005e-16f,-4.686520405326298e-17f,-1f,-1.10546875f,0f,0f,0f,1f], start_interpolation: 0, interpolation_duration: 1 }
$data merge entity $(bone_bone2) { transformation: [0.7071067811865475f,-0.7071067811865475f,1.2246467991473532e-16f,1.531195361832059e-16f,-0.7071067811865475f,-0.7071067811865475f,0f,0.4999999999999999f,8.659560562354932e-17f,-8.659560562354932e-17f,-1f,-1.54296875f,0f,0f,0f,1f], start_interpolation: 0, interpolation_duration: 1 }
$data merge entity $(bone_ring) { transformation: [1.2722612867942449f,-1.2722612867942449f,2.2034447328268763e-16f,1.1102230246251565e-16f,-1.2722612867942449f,-1.2722612867942449f,0f,0.4999999999999999f,1.5580707125516644e-16f,-1.5580707125516644e-16f,-1.799249166666667f,-1.19921875f,0f,0f,0f,1f], start_interpolation: 0, interpolation_duration: 1 }
$data merge entity $(bone_wheel) { transformation: [-1f,1.2246467991473532e-16f,2.719262146893782e-32f,1.0625f,0f,2.220446049250313e-16f,-1f,-0.625f,-1.2246467991473532e-16f,-1f,-2.220446049250313e-16f,-1.3242187499999998f,0f,0f,0f,1f], start_interpolation: 0, interpolation_duration: 1 }
$data merge entity $(bone_wheel2) { transformation: [-1f,1.2246467991473532e-16f,2.719262146893782e-32f,1.0625f,0f,2.220446049250313e-16f,-1f,-0.625f,-1.2246467991473532e-16f,-1f,-2.220446049250313e-16f,-1.0742187499999998f,0f,0f,0f,1f], start_interpolation: 0, interpolation_duration: 1 }
$data merge entity $(bone_rails) { transformation: [-1.1373008333333334f,0f,1.3927918252092842e-16f,-0.43749999999999994f,0f,1.1373008333333334f,0f,-1f,-1.3927918252092842e-16f,0f,-1.1373008333333334f,-0.76171875f,0f,0f,0f,1f], start_interpolation: 0, interpolation_duration: 1 }
$data merge entity $(bone_wheel3) { transformation: [-1f,1.2246467991473532e-16f,2.719262146893782e-32f,-1.0625f,0f,2.220446049250313e-16f,-1f,-0.625f,-1.2246467991473532e-16f,-1f,-2.220446049250313e-16f,-1.07421875f,0f,0f,0f,1f], start_interpolation: 0, interpolation_duration: 1 }
$data merge entity $(bone_wheel4) { transformation: [-1f,1.2246467991473532e-16f,2.719262146893782e-32f,-1.0625f,0f,2.220446049250313e-16f,-1f,-0.625f,-1.2246467991473532e-16f,-1f,-2.220446049250313e-16f,-1.32421875f,0f,0f,0f,1f], start_interpolation: 0, interpolation_duration: 1 }
$data merge entity $(bone_rails2) { transformation: [-1.2038220833333333f,0f,1.4742568610970649e-16f,0.4375f,0f,1.2038220833333333f,0f,-1f,-1.4742568610970649e-16f,0f,-1.2038220833333333f,-0.7617187499999999f,0f,0f,0f,1f], start_interpolation: 0, interpolation_duration: 1 }
$data merge entity $(bone_bone6) { transformation: [0.0822560768717474f,-0.2772539334329792f,-0.957269133636727f,0.41367901551629405f,0f,0.9605241318636611f,-0.27819667882194454f,0.6832181250519409f,0.9966112270176717f,0.022883367398642693f,0.07900894682774573f,-0.04102036017081359f,0f,0f,0f,1f], start_interpolation: 0, interpolation_duration: 1 }
$data merge entity $(bone_bone5) { transformation: [0.0822560768717474f,-0.11923846656833692f,-0.9894524374158167f,0.2825138213251428f,0f,0.9928168683958364f,-0.11964391262694718f,0.6707974272715254f,0.9966112270176717f,0.0098414388742788f,0.08166522064633543f,-0.030194539626355987f,0f,0f,0f,1f], start_interpolation: 0, interpolation_duration: 1 }
$data merge entity $(bone_bone4) { transformation: [0.0822560768717474f,-0.11923846656833692f,-0.9894524374158167f,0.9162257618613758f,0f,0.9928168683958364f,-0.11964391262694718f,0.280454431383813f,0.9966112270176717f,0.0098414388742788f,0.08166522064633543f,-0.27063599924383186f,0f,0f,0f,1f], start_interpolation: 0, interpolation_duration: 1 }
$data merge entity $(bone_bone3) { transformation: [0.0822560768717474f,-0.5149790940793673f,-0.8532470160972515f,0.7945162959091534f,0f,0.8561483083534658f,-0.5167301753367021f,-0.234375f,0.9966112270176717f,0.04250419702444728f,0.07042340106553917f,-0.19787809603981793f,0f,0f,0f,1f], start_interpolation: 0, interpolation_duration: 1 }
$data merge entity $(bone_octagon) { transformation: [0.0822560768717474f,0f,-0.9966112270176717f,0.859375f,0f,1f,0f,-0.40625f,0.9966112270176717f,0f,0.0822560768717474f,-0.1718749999999999f,0f,0f,0f,1f], start_interpolation: 0, interpolation_duration: 1 }
$data merge entity $(bone_bone10) { transformation: [0.1895397528330972f,-0.6587100945339415f,0.7281316456898811f,-0.7846088051823049f,0f,0.7415741243571314f,0.6708709399608498f,0.5989402784586687f,-0.9818730478508759f,-0.12715671214308705f,0.14055777623807117f,-0.06196143599879331f,0f,0f,0f,1f], start_interpolation: 0, interpolation_duration: 1 }
$data merge entity $(bone_bone9) { transformation: [0.1895397528330972f,-0.06438857111788603f,0.9797595592824626f,-0.6553516293443213f,0f,0.9978474930409392f,0.06557728746992267f,0.6110140891439677f,-0.9818730478508759f,-0.012429502858514106f,0.1891317671961053f,-0.037009765094026315f,0f,0f,0f,1f], start_interpolation: 0, interpolation_duration: 1 }
$data merge entity $(bone_bone8) { transformation: [0.1895397528330972f,-0.06438857111788603f,0.9797595592824626f,-1.1524036740844827f,0f,0.9978474930409392f,0.06557728746992267f,0.13654523359542692f,-0.9818730478508759f,-0.012429502858514106f,0.1891317671961053f,-0.3239217261890428f,0f,0f,0f,1f], start_interpolation: 0, interpolation_duration: 1 }
$data merge entity $(bone_bone7) { transformation: [0.1895397528330972f,-0.01062468151115295f,0.9818155622308882f,-0.7920848172332859f,0f,0.9999414531032158f,0.010820830182077263f,-0.234375f,-0.9818730478508759f,-0.0020509774781598427f,0.1895286558687516f,-0.1907122981932713f,0f,0f,0f,1f], start_interpolation: 0, interpolation_duration: 1 }
$data merge entity $(bone_octagon2) { transformation: [0.1895397528330972f,0f,0.9818730478508759f,-0.859375f,0f,1f,0f,-0.40625f,-0.9818730478508759f,0f,0.1895397528330972f,-0.171875f,0f,0f,0f,1f], start_interpolation: 0, interpolation_duration: 1 }