# This file was generated by Animated Java via MC-Build. It is not recommended to edit this file directly.
$data merge entity $(bone_bone21) { transformation: [-0.9475960694224393f,-0.3194709520678579f,1.2246467991473532e-16f,-0.8015419842219478f,-0.3194709520678579f,0.9475960694224393f,0f,0.6826115915957309f,-1.1604704933028033e-16f,-3.9123907887045963e-17f,-1f,-1.3705000000000007f,0f,0f,0f,1f], start_interpolation: 0, interpolation_duration: 1 }
$data merge entity $(bone_arm4) { transformation: [-0.38594468517087943f,-0.9225219238524095f,1.2246467991473532e-16f,-1.0054155756554672f,-0.9225219238524095f,0.38594468517087943f,0f,0.1952934213541126f,-4.7264592334245035e-17f,-1.1297635211891114e-16f,-1f,-1.3705000000000007f,0f,0f,0f,1f], start_interpolation: 0, interpolation_duration: 1 }
$data merge entity $(bone_small_arm_base4) { transformation: [-0.9557930147983302f,-0.2940403252323038f,1.2246467991473532e-16f,-1.0214113691287516f,-0.2940403252323038f,0.9557930147983302f,0f,0.19037247273614671f,-1.1705088562201738e-16f,-3.600955431159876e-17f,-1f,-1.2767500000000007f,0f,0f,0f,1f], start_interpolation: 0, interpolation_duration: 1 }
$data merge entity $(bone_bone25) { transformation: [0.6374239897486895f,-0.7705132427757893f,1.2246467991473532e-16f,2.6414183864572156e-16f,-0.7705132427757893f,-0.6374239897486895f,0f,0.4999999999999999f,7.806192487454679e-17f,-9.436065764660177e-17f,-1f,-1.7142500000000005f,0f,0f,0f,1f], start_interpolation: 0, interpolation_duration: 1 }
$data merge entity $(bone_bone16) { transformation: [0.9643847587389069f,0.26450337826217f,1.2246467991473532e-16f,0.5081513650653938f,0.26450337826217f,-0.9643847587389069f,0f,-0.017918232882851437f,1.1810307079360945e-16f,3.239232155524281e-17f,-1f,-1.3705000000000005f,0f,0f,0f,1f], start_interpolation: 0, interpolation_duration: 1 }
$data merge entity $(bone_arm3) { transformation: [-0.385132932089133f,-0.9228611079791083f,1.2246467991473532e-16f,0.30470657864588724f,-0.9228611079791083f,0.385132932089133f,0f,-0.5054155756554679f,-4.716518125291916e-17f,-1.1301789019441947e-16f,-1f,-1.3705000000000005f,0f,0f,0f,1f], start_interpolation: 0, interpolation_duration: 1 }
$data merge entity $(bone_small_arm_base3) { transformation: [0.29404032523230356f,-0.9557930147983302f,1.2246467991473532e-16f,0.3096275272638531f,-0.9557930147983302f,-0.29404032523230356f,0f,-0.5214113691287522f,3.600955431159873e-17f,-1.1705088562201738e-16f,-1f,-1.2767500000000005f,0f,0f,0f,1f], start_interpolation: 0, interpolation_duration: 1 }
$data merge entity $(bone_bone15) { transformation: [0.7705132427757894f,0.6374239897486893f,1.2246467991473532e-16f,2.6414183864572156e-16f,0.6374239897486893f,-0.7705132427757894f,0f,0.4999999999999999f,9.436065764660179e-17f,7.806192487454676e-17f,-1f,-1.7142500000000005f,0f,0f,0f,1f], start_interpolation: 0, interpolation_duration: 1 }
$data merge entity $(bone_bone26) { transformation: [-0.8670292935491031f,-0.4982571666596911f,1.2246467991473532e-16f,-0.3611762367638159f,-0.4982571666596911f,0.8670292935491031f,0f,0.980196937330736f,-1.0618046491119001e-16f,-6.1018904430202e-17f,-1f,-1.3705000000000005f,0f,0f,0f,1f], start_interpolation: 0, interpolation_duration: 1 }
$data merge entity $(bone_arm5) { transformation: [0.10690038013647257f,0.9942697364028927f,1.2246467991473532e-16f,-0.30470657864588735f,0.9942697364028927f,-0.10690038013647257f,0f,1.5054155756554672f,1.3091520836176651e-17f,1.2176292501748853e-16f,-1f,-1.3705000000000005f,0f,0f,0f,1f], start_interpolation: 0, interpolation_duration: 1 }
$data merge entity $(bone_small_arm_base5) { transformation: [-0.29404032523230406f,0.9557930147983301f,1.2246467991473532e-16f,-0.30962752726385323f,0.9557930147983301f,0.29404032523230406f,0f,1.5214113691287516f,-3.6009554311598786e-17f,1.1705088562201738e-16f,-1f,-1.2767500000000005f,0f,0f,0f,1f], start_interpolation: 0, interpolation_duration: 1 }
$data merge entity $(bone_bone20) { transformation: [-0.7705132427757891f,-0.6374239897486897f,1.2246467991473532e-16f,2.6414183864572156e-16f,-0.6374239897486897f,0.7705132427757891f,0f,0.4999999999999999f,-9.436065764660176e-17f,-7.806192487454681e-17f,-1f,-1.7142500000000005f,0f,0f,0f,1f], start_interpolation: 0, interpolation_duration: 1 }
$data merge entity $(bone_bone11) { transformation: [0.06819547496299838f,-0.997671978755829f,1.2246467991473532e-16f,0.5113833840477761f,-0.997671978755829f,-0.06819547496299838f,0f,0.6176888415540764f,8.351537012976959e-18f,-1.221795795382332e-16f,-1f,-1.3705000000000003f,0f,0f,0f,1f], start_interpolation: 0, interpolation_duration: 1 }
$data merge entity $(bone_arm2) { transformation: [-0.9352319607146613f,-0.3540355627021251f,1.2246467991473532e-16f,1.0054155756554677f,-0.3540355627021251f,0.9352319607146613f,0f,0.8047065786458872f,-1.145328827149513e-16f,-4.3356851864748965e-17f,-1f,-1.3705000000000003f,0f,0f,0f,1f], start_interpolation: 0, interpolation_duration: 1 }
$data merge entity $(bone_small_arm_base2) { transformation: [-0.9557930147983302f,-0.2940403252323038f,1.2246467991473532e-16f,1.021411369128752f,-0.2940403252323038f,0.9557930147983302f,0f,0.8096275272638531f,-1.1705088562201738e-16f,-3.600955431159876e-17f,-1f,-1.2767500000000003f,0f,0f,0f,1f], start_interpolation: 0, interpolation_duration: 1 }
$data merge entity $(bone_bone2) { transformation: [0.6374239897486895f,-0.7705132427757893f,1.2246467991473532e-16f,2.6414183864572156e-16f,-0.7705132427757893f,-0.6374239897486895f,0f,0.4999999999999999f,7.806192487454679e-17f,-9.436065764660177e-17f,-1f,-1.7142500000000005f,0f,0f,0f,1f], start_interpolation: 0, interpolation_duration: 1 }
$data merge entity $(bone_ring) { transformation: [1.1468845823686717f,-1.38634530996997f,2.2034447328268763e-16f,2.220446049250313e-16f,-1.38634530996997f,-1.1468845823686717f,0f,0.4999999999999999f,1.4045285327892426e-16f,-1.697783346367669e-16f,-1.799249166666667f,-1.3705000000000005f,0f,0f,0f,1f], start_interpolation: 0, interpolation_duration: 1 }
$data merge entity $(bone_wheel) { transformation: [-1f,7.19829327805995e-17f,-9.90760072617093e-17f,1.0625000000000002f,0f,-0.8090169943749486f,-0.5877852522924718f,-0.625f,-1.2246467991473532e-16f,-0.5877852522924718f,0.8090169943749486f,-1.4955000000000003f,0f,0f,0f,1f], start_interpolation: 0, interpolation_duration: 1 }
$data merge entity $(bone_wheel2) { transformation: [-1f,7.19829327805995e-17f,-9.90760072617093e-17f,1.0625000000000002f,0f,-0.8090169943749486f,-0.5877852522924718f,-0.625f,-1.2246467991473532e-16f,-0.5877852522924718f,0.8090169943749486f,-1.2455000000000003f,0f,0f,0f,1f], start_interpolation: 0, interpolation_duration: 1 }
$data merge entity $(bone_rails) { transformation: [-1.1373008333333334f,0f,1.3927918252092842e-16f,-0.43749999999999983f,0f,1.1373008333333334f,0f,-1f,-1.3927918252092842e-16f,0f,-1.1373008333333334f,-0.9330000000000005f,0f,0f,0f,1f], start_interpolation: 0, interpolation_duration: 1 }
$data merge entity $(bone_wheel3) { transformation: [-1f,7.19829327805995e-17f,-9.90760072617093e-17f,-1.0625f,0f,-0.8090169943749486f,-0.5877852522924718f,-0.625f,-1.2246467991473532e-16f,-0.5877852522924718f,0.8090169943749486f,-1.2455000000000005f,0f,0f,0f,1f], start_interpolation: 0, interpolation_duration: 1 }
$data merge entity $(bone_wheel4) { transformation: [-1f,7.19829327805995e-17f,-9.90760072617093e-17f,-1.0625f,0f,-0.8090169943749486f,-0.5877852522924718f,-0.625f,-1.2246467991473532e-16f,-0.5877852522924718f,0.8090169943749486f,-1.4955000000000007f,0f,0f,0f,1f], start_interpolation: 0, interpolation_duration: 1 }
$data merge entity $(bone_rails2) { transformation: [-1.2038220833333333f,0f,1.4742568610970649e-16f,0.4375000000000001f,0f,1.2038220833333333f,0f,-1f,-1.4742568610970649e-16f,0f,-1.2038220833333333f,-0.9330000000000004f,0f,0f,0f,1f], start_interpolation: 0, interpolation_duration: 1 }
$data merge entity $(bone_bone6) { transformation: [0.08891911274609542f,-0.1469135655219282f,-0.985144555714582f,0.44240248722947184f,0f,0.9890623798232349f,-0.14749782648703347f,0.7003505381329957f,0.9960388503409128f,0.013115375863204543f,0.08794654926442366f,-0.04052788855922887f,0f,0f,0f,1f], start_interpolation: 0, interpolation_duration: 1 }
$data merge entity $(bone_bone5) { transformation: [0.08891911274609542f,-0.07457176559171774f,-0.9932433957318725f,0.3108888475726421f,0f,0.9971934281397925f,-0.07486833025257422f,0.6938619634690961f,0.9960388503409128f,0.006657225498840548f,0.08866955486642761f,-0.028787306203136548f,0f,0f,0f,1f], start_interpolation: 0, interpolation_duration: 1 }
$data merge entity $(bone_bone4) { transformation: [0.08891911274609542f,-0.07457176559171774f,-0.9932433957318725f,0.9191132093207022f,0f,0.9971934281397925f,-0.07486833025257422f,0.2795603650623357f,0.9960388503409128f,0.006657225498840548f,0.08866955486642761f,-0.27133082798897f,0f,0f,0f,1f], start_interpolation: 0, interpolation_duration: 1 }
$data merge entity $(bone_bone3) { transformation: [0.08891911274609542f,-0.5087637145056941f,-0.8563018592709091f,0.7943438495803775f,0f,0.8597072885036803f,-0.5107870183292151f,-0.234375f,0.9960388503409128f,0.045418728472057385f,0.07644440931509873f,-0.19744376952652246f,0f,0f,0f,1f], start_interpolation: 0, interpolation_duration: 1 }
$data merge entity $(bone_octagon) { transformation: [0.08891911274609542f,0f,-0.9960388503409128f,0.859375f,0f,1f,0f,-0.40625f,0.9960388503409128f,0f,0.08891911274609542f,-0.1718749999999999f,0f,0f,0f,1f], start_interpolation: 0, interpolation_duration: 1 }
$data merge entity $(bone_bone10) { transformation: [0.20438590383035649f,-0.3712879128389083f,0.9057437209802645f,-0.5147020468823639f,0f,0.9252759318872059f,0.37929467419179835f,0.2169637641006345f,-0.9788903934125863f,-0.0775224848027313f,0.18911335763124199f,-0.0041378415256904805f,0f,0f,0f,1f], start_interpolation: 0, interpolation_duration: 1 }
$data merge entity $(bone_bone9) { transformation: [0.20438590383035649f,0.6681012832925105f,0.7154488644049612f,-0.41787257210218354f,0f,0.7308773987563398f,-0.6825087750257619f,0.12926489609377972f,-0.9788903934125863f,0.1394951728557898f,0.1493810377339944f,0.016079518715605146f,0f,0f,0f,1f], start_interpolation: 0, interpolation_duration: 1 }
$data merge entity $(bone_bone8) { transformation: [0.20438590383035649f,0.6681012832925105f,0.7154488644049612f,-1.0767967903639146f,0f,0.7308773987563398f,-0.6825087750257619f,0.20004597400467689f,-0.9788903934125863f,0.1394951728557898f,0.1493810377339944f,-0.31304294900213f,0f,0f,0f,1f], start_interpolation: 0, interpolation_duration: 1 }
$data merge entity $(bone_bone7) { transformation: [0.20438590383035649f,0.1699825329517601f,0.9640188487818855f,-0.7918072909170147f,0f,0.984807753012208f,-0.17364817766693033f,-0.234375f,-0.9788903934125863f,0.03549123974094988f,0.2012808226985426f,-0.18969120580474605f,0f,0f,0f,1f], start_interpolation: 0, interpolation_duration: 1 }
$data merge entity $(bone_octagon2) { transformation: [0.20438590383035649f,0f,0.9788903934125863f,-0.859375f,0f,1f,0f,-0.40625f,-0.9788903934125863f,0f,0.20438590383035649f,-0.171875f,0f,0f,0f,1f], start_interpolation: 0, interpolation_duration: 1 }