# This file was generated by Animated Java via MC-Build. It is not recommended to edit this file directly.
$data merge entity $(bone_bone21) { transformation: [-0.040045958664286466f,0.9991978388660868f,1.2246467991473532e-16f,0.788993087897899f,0.9991978388660868f,0.040045958664286466f,0f,0.7006387841910714f,-4.904215509700573e-18f,1.2236644350823058e-16f,-1f,-1.7258046875000002f,0f,0f,0f,1f], start_interpolation: 0, interpolation_duration: 1 }
$data merge entity $(bone_arm4) { transformation: [-0.059622154715711195f,0.9982210169431698f,1.2246467991473532e-16f,0.7574979455162515f,0.9982210169431698f,0.059622154715711195f,0f,1.2279446691743516f,-7.301608093086407e-18f,1.2224681732410684e-16f,-1f,-1.7258046875000002f,0f,0f,0f,1f], start_interpolation: 0, interpolation_duration: 1 }
$data merge entity $(bone_small_arm_base4) { transformation: [0.7181262977631889f,0.6959127965923143f,1.2246467991473532e-16f,0.7695162379382545f,0.6959127965923143f,-0.7181262977631889f,0f,1.239591204770822f,8.794510719392283e-17f,8.522473788324607e-17f,-1f,-1.6320546875000002f,0f,0f,0f,1f], start_interpolation: 0, interpolation_duration: 1 }
$data merge entity $(bone_bone25) { transformation: [-0.9177546256839811f,0.3971478906347806f,1.2246467991473532e-16f,2.6414183864572156e-16f,0.3971478906347806f,0.9177546256839811f,0f,0.4999999999999999f,-1.1239252647465647e-16f,4.8636589305400717e-17f,-1f,-2.0695546875f,0f,0f,0f,1f], start_interpolation: 0, interpolation_duration: 1 }
$data merge entity $(bone_bone16) { transformation: [-0.08954145278942871f,-0.9959830963587479f,1.2246467991473532e-16f,-0.5484634302276531f,-0.9959830963587479f,0.08954145278942871f,0f,0.7606781339167148f,-1.0965665354957764e-17f,-1.2197275109606105e-16f,-1f,-1.7258046875000002f,0f,0f,0f,1f], start_interpolation: 0, interpolation_duration: 1 }
$data merge entity $(bone_arm3) { transformation: [-0.33976852898061977f,0.9405090891184125f,1.2246467991473532e-16f,-0.7279446691743512f,0.9405090891184125f,0.33976852898061977f,0f,1.2574979455162512f,-4.160964414671208e-17f,1.1517914455578566e-16f,-1f,-1.7258046875000002f,0f,0f,0f,1f], start_interpolation: 0, interpolation_duration: 1 }
$data merge entity $(bone_small_arm_base3) { transformation: [-0.6959127965923142f,0.718126297763189f,1.2246467991473532e-16f,-0.7395912047708215f,0.718126297763189f,0.6959127965923142f,0f,1.2695162379382543f,-8.522473788324607e-17f,8.794510719392285e-17f,-1f,-1.6320546875000002f,0f,0f,0f,1f], start_interpolation: 0, interpolation_duration: 1 }
$data merge entity $(bone_bone15) { transformation: [-0.39714789063478084f,-0.917754625683981f,1.2246467991473532e-16f,2.6414183864572156e-16f,-0.917754625683981f,0.39714789063478084f,0f,0.4999999999999999f,-4.863658930540074e-17f,-1.1239252647465647e-16f,-1f,-2.0695546875f,0f,0f,0f,1f], start_interpolation: 0, interpolation_duration: 1 }
$data merge entity $(bone_bone26) { transformation: [-0.2731198368628219f,0.9619800178340641f,1.2246467991473532e-16f,0.4223177993560882f,0.9619800178340641f,0.2731198368628219f,0f,0.17335662017469117f,-3.344753339977019e-17f,1.1780857496842e-16f,-1f,-1.7258046875000002f,0f,0f,0f,1f], start_interpolation: 0, interpolation_duration: 1 }
$data merge entity $(bone_arm5) { transformation: [0.5785696186660588f,-0.8156330034743637f,1.2246467991473532e-16f,0.7279446691743521f,-0.8156330034743637f,-0.5785696186660588f,0f,-0.2574979455162512f,7.085434315832934e-17f,-9.988623469838213e-17f,-1f,-1.7258046875000002f,0f,0f,0f,1f], start_interpolation: 0, interpolation_duration: 1 }
$data merge entity $(bone_small_arm_base5) { transformation: [0.6959127965923145f,-0.7181262977631888f,1.2246467991473532e-16f,0.7395912047708223f,-0.7181262977631888f,-0.6959127965923145f,0f,-0.2695162379382543f,8.522473788324609e-17f,-8.79451071939228e-17f,-1f,-1.6320546875000002f,0f,0f,0f,1f], start_interpolation: 0, interpolation_duration: 1 }
$data merge entity $(bone_bone20) { transformation: [0.3971478906347804f,0.9177546256839813f,1.2246467991473532e-16f,2.6414183864572156e-16f,0.9177546256839813f,-0.3971478906347804f,0f,0.4999999999999999f,4.863658930540069e-17f,1.1239252647465647e-16f,-1f,-2.0695546875f,0f,0f,0f,1f], start_interpolation: 0, interpolation_duration: 1 }
$data merge entity $(bone_bone11) { transformation: [-0.9133323656171923f,0.4072149185824405f,1.2246467991473532e-16f,-0.23526084490069288f,0.4072149185824405f,0.9133323656171923f,0f,-0.14849751017985952f,-1.1185095581107743e-16f,4.986944466070358e-17f,-1f,-1.7258046875000002f,0f,0f,0f,1f], start_interpolation: 0, interpolation_duration: 1 }
$data merge entity $(bone_arm2) { transformation: [0.9886255103685111f,0.15039813911282707f,1.2246467991473532e-16f,-0.7574979455162509f,0.15039813911282707f,-0.9886255103685111f,0f,-0.2279446691743518f,1.2107170668282153e-16f,1.8418459966224204e-17f,-1f,-1.7258046875000002f,0f,0f,0f,1f], start_interpolation: 0, interpolation_duration: 1 }
$data merge entity $(bone_small_arm_base2) { transformation: [0.7181262977631889f,0.6959127965923143f,1.2246467991473532e-16f,-0.7695162379382541f,0.6959127965923143f,-0.7181262977631889f,0f,-0.23959120477082207f,8.794510719392283e-17f,8.522473788324607e-17f,-1f,-1.6320546875000002f,0f,0f,0f,1f], start_interpolation: 0, interpolation_duration: 1 }
$data merge entity $(bone_bone2) { transformation: [-0.9177546256839811f,0.3971478906347806f,1.2246467991473532e-16f,2.6414183864572156e-16f,0.3971478906347806f,0.9177546256839811f,0f,0.4999999999999999f,-1.1239252647465647e-16f,4.8636589305400717e-17f,-1f,-2.0695546875f,0f,0f,0f,1f], start_interpolation: 0, interpolation_duration: 1 }
$data merge entity $(bone_ring) { transformation: [-1.651269245466382f,0.7145680112680537f,2.2034447328268763e-16f,2.220446049250313e-16f,0.7145680112680537f,1.651269245466382f,0f,0.4999999999999999f,-2.0222215959908695e-16f,8.750934277725117e-17f,-1.799249166666667f,-1.7258046875000002f,0f,0f,0f,1f], start_interpolation: 0, interpolation_duration: 1 }
$data merge entity $(bone_wheel) { transformation: [-1f,-9.907600726170914e-17f,-7.19829327805997e-17f,1.0625000000000002f,0f,-0.5877852522924734f,0.8090169943749472f,-0.625f,-1.2246467991473532e-16f,0.8090169943749472f,0.5877852522924734f,-1.8508046875f,0f,0f,0f,1f], start_interpolation: 0, interpolation_duration: 1 }
$data merge entity $(bone_wheel2) { transformation: [-1f,-9.907600726170914e-17f,-7.19829327805997e-17f,1.0625000000000002f,0f,-0.5877852522924734f,0.8090169943749472f,-0.625f,-1.2246467991473532e-16f,0.8090169943749472f,0.5877852522924734f,-1.6008046875f,0f,0f,0f,1f], start_interpolation: 0, interpolation_duration: 1 }
$data merge entity $(bone_rails) { transformation: [-1.1373008333333334f,0f,1.3927918252092842e-16f,-0.43749999999999983f,0f,1.1373008333333334f,0f,-1f,-1.3927918252092842e-16f,0f,-1.1373008333333334f,-1.2883046875000002f,0f,0f,0f,1f], start_interpolation: 0, interpolation_duration: 1 }
$data merge entity $(bone_wheel3) { transformation: [-1f,-9.907600726170914e-17f,-7.19829327805997e-17f,-1.0625f,0f,-0.5877852522924734f,0.8090169943749472f,-0.625f,-1.2246467991473532e-16f,0.8090169943749472f,0.5877852522924734f,-1.6008046875000004f,0f,0f,0f,1f], start_interpolation: 0, interpolation_duration: 1 }
$data merge entity $(bone_wheel4) { transformation: [-1f,-9.907600726170914e-17f,-7.19829327805997e-17f,-1.0625f,0f,-0.5877852522924734f,0.8090169943749472f,-0.625f,-1.2246467991473532e-16f,0.8090169943749472f,0.5877852522924734f,-1.8508046875000004f,0f,0f,0f,1f], start_interpolation: 0, interpolation_duration: 1 }
$data merge entity $(bone_rails2) { transformation: [-1.2038220833333333f,0f,1.4742568610970649e-16f,0.4375000000000001f,0f,1.2038220833333333f,0f,-1f,-1.4742568610970649e-16f,0f,-1.2038220833333333f,-1.2883046875000002f,0f,0f,0f,1f], start_interpolation: 0, interpolation_duration: 1 }
$data merge entity $(bone_bone6) { transformation: [0.9556102940329678f,0.017156365696185782f,-0.29413368568445786f,0.7537157584622091f,0f,0.9983032235893665f,0.05822949227907931f,0.22571192693967468f,0.2946336130488589f,-0.05564470223820139f,0.9539888370282942f,0.4890104192102608f,0f,0f,0f,1f], start_interpolation: 0, interpolation_duration: 1 }
$data merge entity $(bone_bone5) { transformation: [0.9556102940329678f,-0.15116240997929611f,-0.25290095244477806f,0.7197782037772665f,0f,0.8583574352829855f,-0.5130521545558653f,0.1608424133838186f,0.2946336130488589f,0.4902779202693781f,0.8202552011161579f,0.5990829811139831f,0f,0f,0f,1f], start_interpolation: 0, interpolation_duration: 1 }
$data merge entity $(bone_bone4) { transformation: [0.9556102940329678f,-0.15116240997929611f,-0.25290095244477806f,0.8974396212269646f,0f,0.8583574352829855f,-0.5130521545558653f,-0.04603595820410994f,0.2946336130488589f,0.4902779202693781f,0.8202552011161579f,-0.6135250294600625f,0f,0f,0f,1f], start_interpolation: 0, interpolation_duration: 1 }
$data merge entity $(bone_bone3) { transformation: [0.9556102940329678f,0.12076889966083455f,-0.2687449326274562f,0.811097577495916f,0f,0.9121326309191017f,0.4098951861300616f,-0.234375f,0.2946336130488589f,-0.3917000593404462f,0.8716433316296672f,-0.12135665703071624f,0f,0f,0f,1f], start_interpolation: 0, interpolation_duration: 1 }
$data merge entity $(bone_octagon) { transformation: [0.9556102940329678f,0f,-0.2946336130488589f,0.859375f,0f,1f,0f,-0.40625f,0.2946336130488589f,0f,0.9556102940329678f,-0.1718749999999999f,0f,0f,0f,1f], start_interpolation: 0, interpolation_duration: 1 }
$data merge entity $(bone_bone10) { transformation: [-0.010155023705994292f,0.5696615241472095f,0.8218166604540266f,-0.4942134405507197f,0f,0.8218590384504711f,-0.5696908994509806f,0.7223261113674608f,-0.9999484364173639f,-0.005785224589013917f,-0.008345998018450207f,-0.0818285811767672f,0f,0f,0f,1f], start_interpolation: 0, interpolation_duration: 1 }
$data merge entity $(bone_bone9) { transformation: [-0.010155023705994292f,0.016871095460014196f,0.999806102017541f,-0.3620295747416644f,0f,0.9998576582605273f,-0.016871965438998326f,0.7235109634027217f,-0.9999484364173639f,-0.00017133520899974405f,-0.010153578222255592f,-0.08317098068653617f,0f,0f,0f,1f], start_interpolation: 0, interpolation_duration: 1 }
$data merge entity $(bone_bone8) { transformation: [-0.010155023705994292f,0.016871095460014196f,0.999806102017541f,-0.9741719446382382f,0f,0.9998576582605273f,-0.016871965438998326f,0.2657753791728519f,-0.9999484364173639f,-0.00017133520899974405f,-0.010153578222255592f,-0.26446400852681534f,0f,0f,0f,1f], start_interpolation: 0, interpolation_duration: 1 }
$data merge entity $(bone_bone7) { transformation: [-0.010155023705994292f,0.43171053491407796f,0.9019550374257752f,-0.7971955672147271f,0f,0.902001547857126f,-0.43173279660381236f,-0.234375f,-0.9999484364173639f,-0.004384256784166926f,-0.00915984710133266f,-0.20375807761966727f,0f,0f,0f,1f], start_interpolation: 0, interpolation_duration: 1 }
$data merge entity $(bone_octagon2) { transformation: [-0.010155023705994292f,0f,0.9999484364173639f,-0.859375f,0f,1f,0f,-0.40625f,-0.9999484364173639f,0f,-0.010155023705994292f,-0.171875f,0f,0f,0f,1f], start_interpolation: 0, interpolation_duration: 1 }