# This file was generated by Animated Java via MC-Build. It is not recommended to edit this file directly.
$data merge entity $(bone_bone21) { transformation: [-0.9847065619423454f,-0.1742210861741081f,1.2246467991473532e-16f,-0.7721292797662036f,-0.1742210861741081f,0.9847065619423454f,0f,0.7241335664245364f,-1.2059177391820884e-16f,-2.133592955270969e-17f,-1f,-1.5f,0f,0f,0f,1f], start_interpolation: 0, interpolation_duration: 1 }
$data merge entity $(bone_arm4) { transformation: [-0.47408820904711624f,-0.8804773535091621f,1.2246467991473532e-16f,-1.0225643020594282f,-0.8804773535091621f,0.47408820904711624f,0f,0.2590252565217432f,-5.80590607723052e-17f,-1.078273772696728e-16f,-1f,-1.5f,0f,0f,0f,1f], start_interpolation: 0, interpolation_duration: 1 }
$data merge entity $(bone_small_arm_base4) { transformation: [-0.9723699203976767f,-0.2334453638559057f,1.2246467991473532e-16f,-1.0388375204084837f,-0.2334453638559057f,0.9723699203976767f,0f,0.2551184024542622f,-1.1908097106021814e-16f,-2.858881176219242e-17f,-1f,-1.40625f,0f,0f,0f,1f], start_interpolation: 0, interpolation_duration: 1 }
$data merge entity $(bone_bone25) { transformation: [0.5877852522924734f,-0.8090169943749472f,1.2246467991473532e-16f,2.6414183864572156e-16f,-0.8090169943749472f,-0.5877852522924734f,0f,0.4999999999999999f,7.19829327805997e-17f,-9.907600726170914e-17f,-1f,-1.84375f,0f,0f,0f,1f], start_interpolation: 0, interpolation_duration: 1 }
$data merge entity $(bone_bone16) { transformation: [0.9128957867939747f,0.40819270259744944f,1.2246467991473532e-16f,0.47667678613808084f,0.40819270259744944f,-0.9128957867939747f,0f,-0.04981914088099093f,1.1179749032523458e-16f,4.998918866712741e-17f,-1f,-1.5f,0f,0f,0f,1f], start_interpolation: 0, interpolation_duration: 1 }
$data merge entity $(bone_arm3) { transformation: [-0.44619781310980866f,-0.8949343616020251f,1.2246467991473532e-16f,0.24097474347825676f,-0.8949343616020251f,0.44619781310980866f,0f,-0.5225643020594286f,-5.4643472361147615e-17f,-1.0959785013829002e-16f,-1f,-1.5f,0f,0f,0f,1f], start_interpolation: 0, interpolation_duration: 1 }
$data merge entity $(bone_small_arm_base3) { transformation: [0.23344536385590542f,-0.9723699203976766f,1.2246467991473532e-16f,0.24488159754573774f,-0.9723699203976766f,-0.23344536385590542f,0f,-0.538837520408484f,2.858881176219239e-17f,-1.1908097106021814e-16f,-1f,-1.40625f,0f,0f,0f,1f], start_interpolation: 0, interpolation_duration: 1 }
$data merge entity $(bone_bone15) { transformation: [0.8090169943749473f,0.5877852522924731f,1.2246467991473532e-16f,2.6414183864572156e-16f,0.5877852522924731f,-0.8090169943749473f,0f,0.4999999999999999f,9.907600726170915e-17f,7.198293278059968e-17f,-1f,-1.84375f,0f,0f,0f,1f], start_interpolation: 0, interpolation_duration: 1 }
$data merge entity $(bone_bone26) { transformation: [-0.6902897266484834f,-0.7235330630203172f,1.2246467991473532e-16f,-0.31580679729980865f,-0.7235330630203172f,0.6902897266484834f,0f,0.9996459489176697f,-8.453611042243667e-17f,-8.860724497051119e-17f,-1f,-1.5f,0f,0f,0f,1f], start_interpolation: 0, interpolation_duration: 1 }
$data merge entity $(bone_arm5) { transformation: [0.1416614739053484f,0.9899151614208991f,1.2246467991473532e-16f,-0.24097474347825673f,0.9899151614208991f,-0.1416614739053484f,0f,1.5225643020594284f,1.7348527058068116e-17f,1.2122964338615397e-16f,-1f,-1.5f,0f,0f,0f,1f], start_interpolation: 0, interpolation_duration: 1 }
$data merge entity $(bone_small_arm_base5) { transformation: [-0.23344536385590597f,0.9723699203976767f,1.2246467991473532e-16f,-0.24488159754573774f,0.9723699203976767f,0.23344536385590597f,0f,1.5388375204084839f,-2.858881176219245e-17f,1.1908097106021814e-16f,-1f,-1.40625f,0f,0f,0f,1f], start_interpolation: 0, interpolation_duration: 1 }
$data merge entity $(bone_bone20) { transformation: [-0.8090169943749471f,-0.5877852522924736f,1.2246467991473532e-16f,2.6414183864572156e-16f,-0.5877852522924736f,0.8090169943749471f,0f,0.4999999999999999f,-9.907600726170912e-17f,-7.198293278059972e-17f,-1f,-1.84375f,0f,0f,0f,1f], start_interpolation: 0, interpolation_duration: 1 }
$data merge entity $(bone_bone11) { transformation: [0.294264704596322f,-0.9557239578606573f,1.2246467991473532e-16f,0.5257916643733467f,-0.9557239578606573f,-0.294264704596322f,0f,0.5613629766642381f,3.6037032858592724e-17f,-1.170424285862494e-16f,-1f,-1.5f,0f,0f,0f,1f], start_interpolation: 0, interpolation_duration: 1 }
$data merge entity $(bone_arm2) { transformation: [-0.9404197861290039f,-0.34001562590133805f,1.2246467991473532e-16f,1.0225643020594286f,-0.34001562590133805f,0.9404197861290039f,0f,0.7409747434782565f,-1.151682080937723e-16f,-4.1639904792015764e-17f,-1f,-1.5f,0f,0f,0f,1f], start_interpolation: 0, interpolation_duration: 1 }
$data merge entity $(bone_small_arm_base2) { transformation: [-0.9723699203976767f,-0.2334453638559057f,1.2246467991473532e-16f,1.038837520408484f,-0.2334453638559057f,0.9723699203976767f,0f,0.7448815975457376f,-1.1908097106021814e-16f,-2.858881176219242e-17f,-1f,-1.40625f,0f,0f,0f,1f], start_interpolation: 0, interpolation_duration: 1 }
$data merge entity $(bone_bone2) { transformation: [0.5877852522924734f,-0.8090169943749472f,1.2246467991473532e-16f,2.6414183864572156e-16f,-0.8090169943749472f,-0.5877852522924734f,0f,0.4999999999999999f,7.19829327805997e-17f,-9.907600726170914e-17f,-1f,-1.84375f,0f,0f,0f,1f], start_interpolation: 0, interpolation_duration: 1 }
$data merge entity $(bone_ring) { transformation: [1.0575721253661894f,-1.4556231529482955f,2.2034447328268763e-16f,2.220446049250313e-16f,-1.4556231529482955f,-1.0575721253661894f,0f,0.4999999999999999f,1.2951523181971673e-16f,-1.7826242350229082e-16f,-1.799249166666667f,-1.5f,0f,0f,0f,1f], start_interpolation: 0, interpolation_duration: 1 }
$data merge entity $(bone_wheel) { transformation: [-1f,1.4997597826618576e-32f,-1.2246467991473532e-16f,1.0625000000000002f,0f,-1f,-1.2246467991473532e-16f,-0.625f,-1.2246467991473532e-16f,-1.2246467991473532e-16f,1f,-1.6249999999999998f,0f,0f,0f,1f], start_interpolation: 0, interpolation_duration: 1 }
$data merge entity $(bone_wheel2) { transformation: [-1f,1.4997597826618576e-32f,-1.2246467991473532e-16f,1.0625000000000002f,0f,-1f,-1.2246467991473532e-16f,-0.625f,-1.2246467991473532e-16f,-1.2246467991473532e-16f,1f,-1.3749999999999998f,0f,0f,0f,1f], start_interpolation: 0, interpolation_duration: 1 }
$data merge entity $(bone_rails) { transformation: [-1.1373008333333334f,0f,1.3927918252092842e-16f,-0.43749999999999983f,0f,1.1373008333333334f,0f,-1f,-1.3927918252092842e-16f,0f,-1.1373008333333334f,-1.0625f,0f,0f,0f,1f], start_interpolation: 0, interpolation_duration: 1 }
$data merge entity $(bone_wheel3) { transformation: [-1f,1.4997597826618576e-32f,-1.2246467991473532e-16f,-1.0625f,0f,-1f,-1.2246467991473532e-16f,-0.625f,-1.2246467991473532e-16f,-1.2246467991473532e-16f,1f,-1.3750000000000002f,0f,0f,0f,1f], start_interpolation: 0, interpolation_duration: 1 }
$data merge entity $(bone_wheel4) { transformation: [-1f,1.4997597826618576e-32f,-1.2246467991473532e-16f,-1.0625f,0f,-1f,-1.2246467991473532e-16f,-0.625f,-1.2246467991473532e-16f,-1.2246467991473532e-16f,1f,-1.6250000000000002f,0f,0f,0f,1f], start_interpolation: 0, interpolation_duration: 1 }
$data merge entity $(bone_rails2) { transformation: [-1.2038220833333333f,0f,1.4742568610970649e-16f,0.4375000000000001f,0f,1.2038220833333333f,0f,-1f,-1.4742568610970649e-16f,0f,-1.2038220833333333f,-1.0625f,0f,0f,0f,1f], start_interpolation: 0, interpolation_duration: 1 }
$data merge entity $(bone_bone6) { transformation: [0.09803617123309714f,-0.07994693223617129f,-0.9919664294500999f,0.45261765842942203f,0f,0.9967680083603151f,-0.08033391257377649f,0.701474023258715f,0.995182852108071f,0.007875629208907407f,0.09771931914728506f,-0.03760125110503655f,0f,0f,0f,1f], start_interpolation: 0, interpolation_duration: 1 }
$data merge entity $(bone_bone5) { transformation: [0.09803617123309714f,-0.06573462004239133f,-0.9930095008900154f,0.32116510726654757f,0f,0.9978161287511618f,-0.06605280617842979f,0.6961525631529091f,0.995182852108071f,0.006475564216935119f,0.097822072857395f,-0.02465176670874436f,0f,0f,0f,1f], start_interpolation: 0, interpolation_duration: 1 }
$data merge entity $(bone_bone4) { transformation: [0.09803617123309714f,-0.06573462004239133f,-0.9930095008900154f,0.9204586612129587f,0f,0.9978161287511618f,-0.06605280617842979f,0.27897719194403714f,0.995182852108071f,0.006475564216935119f,0.097822072857395f,-0.2720961885574039f,0f,0f,0f,1f], start_interpolation: 0, interpolation_duration: 1 }
$data merge entity $(bone_bone3) { transformation: [0.09803617123309714f,-0.5045410906559744f,-0.8578037053834838f,0.7941124413922113f,0f,0.8619558743063344f,-0.506983304211098f,-0.234375f,0.995182852108071f,0.04970270202396059f,0.08450285368886976f,-0.19684720342630854f,0f,0f,0f,1f], start_interpolation: 0, interpolation_duration: 1 }
$data merge entity $(bone_octagon) { transformation: [0.09803617123309714f,0f,-0.995182852108071f,0.859375f,0f,1f,0f,-0.40625f,0.995182852108071f,0f,0.09803617123309714f,-0.1718749999999999f,0f,0f,0f,1f], start_interpolation: 0, interpolation_duration: 1 }
$data merge entity $(bone_bone10) { transformation: [0.2053601333605043f,0.5986283852607394f,0.7742553015551626f,-0.5670196738720817f,0f,0.7911167893138425f,-0.6116651254287407f,0.2522687589634359f,-0.978686474631256f,0.12561163173001577f,0.16246384935722463f,-0.014737721874003122f,0f,0f,0f,1f], start_interpolation: 0, interpolation_duration: 1 }
$data merge entity $(bone_bone9) { transformation: [0.2053601333605043f,0.5807710381097826f,0.7877386729868234f,-0.46093519813171624f,0f,0.8048937973559134f,-0.5934188866037023f,0.17659605275631463f,-0.978686474631256f,0.12186458169157828f,0.16529309756605307f,0.007522238440385465f,0f,0f,0f,1f], start_interpolation: 0, interpolation_duration: 1 }
$data merge entity $(bone_bone8) { transformation: [0.2053601333605043f,0.5807710381097826f,0.7877386729868234f,-1.1205593994523435f,0f,0.8048937973559134f,-0.5934188866037023f,0.16489703934593697f,-0.978686474631256f,0.12186458169157828f,0.16529309756605307f,-0.32247160772235367f,0f,0f,0f,1f], start_interpolation: 0, interpolation_duration: 1 }
$data merge entity $(bone_bone7) { transformation: [0.2053601333605043f,0.06554310398261727f,0.976489281634202f,-0.7917895911680307f,0f,0.9977549572268465f,-0.06697048102898553f,-0.234375f,-0.978686474631256f,0.013753066915329593f,0.20489909107720944f,-0.18962394399719523f,0f,0f,0f,1f], start_interpolation: 0, interpolation_duration: 1 }
$data merge entity $(bone_octagon2) { transformation: [0.2053601333605043f,0f,0.978686474631256f,-0.859375f,0f,1f,0f,-0.40625f,-0.978686474631256f,0f,0.2053601333605043f,-0.171875f,0f,0f,0f,1f], start_interpolation: 0, interpolation_duration: 1 }