# This file was generated by Animated Java via MC-Build. It is not recommended to edit this file directly.
$data merge entity $(bone_bone21) { transformation: [-0.9951067474886665f,-0.09880567343289459f,1.2246467991473532e-16f,-0.7377718611598215f,-0.09880567343289459f,0.9951067474886665f,0f,0.759937073798437f,-1.218654293121929e-16f,-1.2100205170719295e-17f,-1f,-1.6294999999999997f,0f,0f,0f,1f], start_interpolation: 0, interpolation_duration: 1 }
$data merge entity $(bone_arm4) { transformation: [-0.5639527505192894f,-0.8258070568732919f,1.2246467991473532e-16f,-1.0356774343283526f,-0.8258070568732919f,0.5639527505192894f,0f,0.3237081089109944f,-6.906429307937937e-17f,-1.0113219689131733e-16f,-1f,-1.6294999999999997f,0f,0f,0f,1f], start_interpolation: 0, interpolation_duration: 1 }
$data merge entity $(bone_small_arm_base4) { transformation: [-0.9851093261547739f,-0.17192910027941f,1.2246467991473532e-16f,-1.0521638545948817f,-0.17192910027941f,0.9851093261547739f,0f,0.3208307679621308f,-1.20641098308565e-16f,-2.1055242233746376e-17f,-1f,-1.5357499999999997f,0f,0f,0f,1f], start_interpolation: 0, interpolation_duration: 1 }
$data merge entity $(bone_bone25) { transformation: [0.535826794978997f,-0.8443279255020147f,1.2246467991473532e-16f,2.6414183864572156e-16f,-0.8443279255020147f,-0.535826794978997f,0f,0.4999999999999999f,6.561985693684138e-17f,-1.0340034913967673e-16f,-1f,-1.9732499999999997f,0f,0f,0f,1f], start_interpolation: 0, interpolation_duration: 1 }
$data merge entity $(bone_bone16) { transformation: [0.8245487013486374f,0.5657909853508413f,1.2246467991473532e-16f,0.390306161811026f,0.5657909853508413f,-0.8245487013486374f,0f,-0.052726782336907696f,1.009780927847716e-16f,6.928941191963347e-17f,-1f,-1.6294999999999997f,0f,0f,0f,1f], start_interpolation: 0, interpolation_duration: 1 }
$data merge entity $(bone_arm3) { transformation: [-0.4051415867798631f,-0.9142539552342636f,1.2246467991473532e-16f,0.1762918910890055f,-0.9142539552342636f,0.4051415867798631f,0f,-0.5356774343283532f,-4.961553474514391e-17f,-1.1196381798854486e-16f,-1f,-1.6294999999999997f,0f,0f,0f,1f], start_interpolation: 0, interpolation_duration: 1 }
$data merge entity $(bone_small_arm_base3) { transformation: [0.17192910027940977f,-0.9851093261547739f,1.2246467991473532e-16f,0.1791692320378691f,-0.9851093261547739f,-0.17192910027940977f,0f,-0.5521638545948823f,2.1055242233746345e-17f,-1.20641098308565e-16f,-1f,-1.5357499999999997f,0f,0f,0f,1f], start_interpolation: 0, interpolation_duration: 1 }
$data merge entity $(bone_bone15) { transformation: [0.8443279255020149f,0.5358267949789968f,1.2246467991473532e-16f,2.6414183864572156e-16f,0.5358267949789968f,-0.8443279255020149f,0f,0.4999999999999999f,1.0340034913967674e-16f,6.561985693684135e-17f,-1f,-1.9732499999999997f,0f,0f,0f,1f], start_interpolation: 0, interpolation_duration: 1 }
$data merge entity $(bone_bone26) { transformation: [-0.31219437866932825f,-0.9500182471549019f,1.2246467991473532e-16f,-0.18691218397576095f,-0.9500182471549019f,0.31219437866932825f,0f,1.0075385797544443f,-3.823278465491896e-17f,-1.1634368055098297e-16f,-1f,-1.6294999999999997f,0f,0f,0f,1f], start_interpolation: 0, interpolation_duration: 1 }
$data merge entity $(bone_arm5) { transformation: [0.02010483832545784f,0.999797877311163f,1.2246467991473532e-16f,-0.17629189108900553f,0.999797877311163f,-0.02010483832545784f,0f,1.5356774343283528f,2.4621325902646993e-18f,1.2243992702434339e-16f,-1f,-1.6294999999999997f,0f,0f,0f,1f], start_interpolation: 0, interpolation_duration: 1 }
$data merge entity $(bone_small_arm_base5) { transformation: [-0.17192910027941027f,0.9851093261547739f,1.2246467991473532e-16f,-0.17916923203786916f,0.9851093261547739f,0.17192910027941027f,0f,1.5521638545948817f,-2.1055242233746407e-17f,1.2064109830856497e-16f,-1f,-1.5357499999999997f,0f,0f,0f,1f], start_interpolation: 0, interpolation_duration: 1 }
$data merge entity $(bone_bone20) { transformation: [-0.8443279255020146f,-0.5358267949789972f,1.2246467991473532e-16f,2.6414183864572156e-16f,-0.5358267949789972f,0.8443279255020146f,0f,0.4999999999999999f,-1.0340034913967672e-16f,-6.56198569368414e-17f,-1f,-1.9732499999999997f,0f,0f,0f,1f], start_interpolation: 0, interpolation_duration: 1 }
$data merge entity $(bone_bone11) { transformation: [0.4384994510591812f,-0.898731456788287f,1.2246467991473532e-16f,0.5362753654184662f,-0.898731456788287f,-0.4384994510591812f,0f,0.5041262327823474f,5.370069491674977e-17f,-1.1006286018488138e-16f,-1f,-1.6294999999999997f,0f,0f,0f,1f], start_interpolation: 0, interpolation_duration: 1 }
$data merge entity $(bone_arm2) { transformation: [-0.9453974539020311f,-0.32591970507405177f,1.2246467991473532e-16f,1.0356774343283532f,-0.32591970507405177f,0.9453974539020311f,0f,0.6762918910890054f,-1.15777796584318e-16f,-3.991365235979869e-17f,-1f,-1.6294999999999997f,0f,0f,0f,1f], start_interpolation: 0, interpolation_duration: 1 }
$data merge entity $(bone_small_arm_base2) { transformation: [-0.9851093261547739f,-0.17192910027941f,1.2246467991473532e-16f,1.0521638545948822f,-0.17192910027941f,0.9851093261547739f,0f,0.679169232037869f,-1.20641098308565e-16f,-2.1055242233746376e-17f,-1f,-1.5357499999999997f,0f,0f,0f,1f], start_interpolation: 0, interpolation_duration: 1 }
$data merge entity $(bone_bone2) { transformation: [0.535826794978997f,-0.8443279255020147f,1.2246467991473532e-16f,2.6414183864572156e-16f,-0.8443279255020147f,-0.535826794978997f,0f,0.4999999999999999f,6.561985693684138e-17f,-1.0340034913967673e-16f,-1f,-1.9732499999999997f,0f,0f,0f,1f], start_interpolation: 0, interpolation_duration: 1 }
$data merge entity $(bone_ring) { transformation: [0.9640859143436313f,-1.5191563163528958f,2.2034447328268763e-16f,2.220446049250313e-16f,-1.5191563163528958f,-0.9640859143436313f,0f,0.4999999999999999f,1.1806647291039777e-16f,-1.8604299202260578e-16f,-1.799249166666667f,-1.6294999999999997f,0f,0f,0f,1f], start_interpolation: 0, interpolation_duration: 1 }
$data merge entity $(bone_wheel) { transformation: [-1f,-7.198293278059944e-17f,-9.907600726170936e-17f,1.0625000000000002f,0f,-0.809016994374949f,0.5877852522924712f,-0.625f,-1.2246467991473532e-16f,0.5877852522924712f,0.809016994374949f,-1.7544999999999995f,0f,0f,0f,1f], start_interpolation: 0, interpolation_duration: 1 }
$data merge entity $(bone_wheel2) { transformation: [-1f,-7.198293278059944e-17f,-9.907600726170936e-17f,1.0625000000000002f,0f,-0.809016994374949f,0.5877852522924712f,-0.625f,-1.2246467991473532e-16f,0.5877852522924712f,0.809016994374949f,-1.5044999999999995f,0f,0f,0f,1f], start_interpolation: 0, interpolation_duration: 1 }
$data merge entity $(bone_rails) { transformation: [-1.1373008333333334f,0f,1.3927918252092842e-16f,-0.43749999999999983f,0f,1.1373008333333334f,0f,-1f,-1.3927918252092842e-16f,0f,-1.1373008333333334f,-1.1919999999999997f,0f,0f,0f,1f], start_interpolation: 0, interpolation_duration: 1 }
$data merge entity $(bone_wheel3) { transformation: [-1f,-7.198293278059944e-17f,-9.907600726170936e-17f,-1.0625f,0f,-0.809016994374949f,0.5877852522924712f,-0.625f,-1.2246467991473532e-16f,0.5877852522924712f,0.809016994374949f,-1.5045f,0f,0f,0f,1f], start_interpolation: 0, interpolation_duration: 1 }
$data merge entity $(bone_wheel4) { transformation: [-1f,-7.198293278059944e-17f,-9.907600726170936e-17f,-1.0625f,0f,-0.809016994374949f,0.5877852522924712f,-0.625f,-1.2246467991473532e-16f,0.5877852522924712f,0.809016994374949f,-1.7545f,0f,0f,0f,1f], start_interpolation: 0, interpolation_duration: 1 }
$data merge entity $(bone_rails2) { transformation: [-1.2038220833333333f,0f,1.4742568610970649e-16f,0.4375000000000001f,0f,1.2038220833333333f,0f,-1f,-1.4742568610970649e-16f,0f,-1.2038220833333333f,-1.1919999999999997f,0f,0f,0f,1f], start_interpolation: 0, interpolation_duration: 1 }
$data merge entity $(bone_bone6) { transformation: [0.10966523207031452f,-0.03396045558802576f,-0.9933882545768385f,0.45390532001042744f,0f,0.999416153734077f,-0.034166528289887615f,0.6930642718137858f,0.9939685794203779f,0.00374688025394749f,0.1096012044340687f,-0.03282037652877127f,0f,0f,0f,1f], start_interpolation: 0, interpolation_duration: 1 }
$data merge entity $(bone_bone5) { transformation: [0.10966523207031452f,-0.07725911983988892f,-0.9909614348078989f,0.3226840684536201f,0f,0.9969746079758048f,-0.07772792967453934f,0.6861970484536646f,0.9939685794203779f,0.008524051446103444f,0.10933345175187749f,-0.01834264624385018f,0f,0f,0f,1f], start_interpolation: 0, interpolation_duration: 1 }
$data merge entity $(bone_bone4) { transformation: [0.10966523207031452f,-0.07725911983988892f,-0.9909614348078989f,0.9214129818051512f,0f,0.9969746079758048f,-0.07772792967453934f,0.27841666539950993f,0.9939685794203779f,0.008524051446103444f,0.10933345175187749f,-0.2730385697080811f,0f,0f,0f,1f], start_interpolation: 0, interpolation_duration: 1 }
$data merge entity $(bone_bone3) { transformation: [0.10966523207031452f,-0.5003422262269918f,-0.8588545822950366f,0.793824925284029f,0f,0.8640661285247754f,-0.5033783125405845f,-0.234375f,0.9939685794203779f,0.055203099463926514f,0.09475801250876771f,-0.19608244110249204f,0f,0f,0f,1f], start_interpolation: 0, interpolation_duration: 1 }
$data merge entity $(bone_octagon) { transformation: [0.10966523207031452f,0f,-0.9939685794203779f,0.859375f,0f,1f,0f,-0.40625f,0.9939685794203779f,0f,0.10966523207031452f,-0.1718749999999999f,0f,0f,0f,1f], start_interpolation: 0, interpolation_duration: 1 }
$data merge entity $(bone_bone10) { transformation: [0.19932709509920932f,0.6985779348329183f,0.6872099956519009f,-0.7861545623059727f,0f,0.7012826252655313f,-0.7128833561675321f,0.5218315994912124f,-0.9799330125877538f,0.1420969685294492f,0.13978462853772575f,-0.06131150662270067f,0f,0f,0f,1f], start_interpolation: 0, interpolation_duration: 1 }
$data merge entity $(bone_bone9) { transformation: [0.19932709509920932f,0.017786203099338857f,0.9797715856966969f,-0.6566151703008467f,0f,0.9998352674223816f,-0.018150427499498176f,0.5228474239033495f,-0.9799330125877538f,0.003617871988283776f,0.19929425943304446f,-0.034962041529047416f,0f,0f,0f,1f], start_interpolation: 0, interpolation_duration: 1 }
$data merge entity $(bone_bone8) { transformation: [0.19932709509920932f,0.017786203099338857f,0.9797715856966969f,-1.1814827873674552f,0f,0.9998352674223816f,-0.018150427499498176f,0.10166916550879213f,-0.9799330125877538f,0.003617871988283776f,0.19929425943304446f,-0.33306439512780595f,0f,0f,0f,1f], start_interpolation: 0, interpolation_duration: 1 }
$data merge entity $(bone_bone7) { transformation: [0.19932709509920932f,-0.09698632580022974f,0.9751217163857456f,-0.791900214991415f,0f,0.9950901784711765f,0.0989724037810641f,-0.234375f,-0.9799330125877538f,-0.019727881740665507f,0.19834843463641338f,-0.19003996319966673f,0f,0f,0f,1f], start_interpolation: 0, interpolation_duration: 1 }
$data merge entity $(bone_octagon2) { transformation: [0.19932709509920932f,0f,0.9799330125877538f,-0.859375f,0f,1f,0f,-0.40625f,-0.9799330125877538f,0f,0.19932709509920932f,-0.171875f,0f,0f,0f,1f], start_interpolation: 0, interpolation_duration: 1 }