# This file was generated by Animated Java via MC-Build. It is not recommended to edit this file directly.
$data merge entity $(bone_bone21) { transformation: [-0.9913986712578662f,-0.13087656256235253f,1.2246467991473532e-16f,-0.7191692529011359f,-0.13087656256235253f,0.9913986712578662f,0f,0.7754433720689315f,-1.2141132094348848e-16f,-1.602775634253934e-17f,-1f,-1.6909687500000006f,0f,0f,0f,1f], start_interpolation: 0, interpolation_duration: 1 }
$data merge entity $(bone_arm4) { transformation: [-0.6086838849848049f,-0.7934128358930204f,1.2246467991473532e-16f,-1.0407038521523622f,-0.7934128358930204f,0.6086838849848049f,0f,0.3563265126896006f,-7.454227714392169e-17f,-9.716504898788117e-17f,-1f,-1.6909687500000006f,0f,0f,0f,1f], start_interpolation: 0, interpolation_duration: 1 }
$data merge entity $(bone_small_arm_base4) { transformation: [-0.9900236577165576f,-0.14090123193758247f,1.2246467991473532e-16f,-1.057272516829035f,-0.14090123193758247f,0.9900236577165576f,0f,0.35396844250985515f,-1.212429303502737e-16f,-1.725542426882792e-17f,-1f,-1.5972187500000006f,0f,0f,0f,1f], start_interpolation: 0, interpolation_duration: 1 }
$data merge entity $(bone_bone25) { transformation: [0.5090414157503711f,-0.8607420270039436f,1.2246467991473532e-16f,2.6414183864572156e-16f,-0.8607420270039436f,-0.5090414157503711f,0f,0.4999999999999999f,6.23395940432129e-17f,-1.0541049682619842e-16f,-1f,-2.0347187500000006f,0f,0f,0f,1f], start_interpolation: 0, interpolation_duration: 1 }
$data merge entity $(bone_bone16) { transformation: [0.7650680746309235f,0.6439494088672897f,1.2246467991473532e-16f,0.3238025484273014f,0.6439494088672897f,-0.7650680746309235f,0f,-0.04411855064537673f,9.369381687265886e-17f,7.886105823821564e-17f,-1f,-1.6909687500000006f,0f,0f,0f,1f], start_interpolation: 0, interpolation_duration: 1 }
$data merge entity $(bone_arm3) { transformation: [-0.34099489440523445f,-0.9400651477368805f,1.2246467991473532e-16f,0.14367348731039933f,-0.9400651477368805f,0.34099489440523445f,0f,-0.5407038521523625f,-4.1759830595896005e-17f,-1.1512477741659543e-16f,-1f,-1.6909687500000006f,0f,0f,0f,1f], start_interpolation: 0, interpolation_duration: 1 }
$data merge entity $(bone_small_arm_base3) { transformation: [0.14090123193758225f,-0.9900236577165575f,1.2246467991473532e-16f,0.14603155749014474f,-0.9900236577165575f,-0.14090123193758225f,0f,-0.5572725168290352f,1.725542426882789e-17f,-1.212429303502737e-16f,-1f,-1.5972187500000006f,0f,0f,0f,1f], start_interpolation: 0, interpolation_duration: 1 }
$data merge entity $(bone_bone15) { transformation: [0.8607420270039438f,0.5090414157503709f,1.2246467991473532e-16f,2.6414183864572156e-16f,0.5090414157503709f,-0.8607420270039438f,0f,0.4999999999999999f,1.0541049682619843e-16f,6.233959404321287e-17f,-1f,-2.0347187500000006f,0f,0f,0f,1f], start_interpolation: 0, interpolation_duration: 1 }
$data merge entity $(bone_bone26) { transformation: [-0.09516404898335781f,-0.9954616033685546f,1.2246467991473532e-16f,-0.12206871305880998f,-0.9954616033685546f,0.09516404898335781f,0f,1.0129002200493058f,-1.1654234798137108e-17f,-1.2190888662393924e-16f,-1f,-1.6909687500000006f,0f,0f,0f,1f], start_interpolation: 0, interpolation_duration: 1 }
$data merge entity $(bone_arm5) { transformation: [-0.04089910683422961f,0.9991632814811413f,1.2246467991473532e-16f,-0.14367348731039936f,0.9991632814811413f,0.04089910683422961f,0f,1.5407038521523622f,-5.008696027252495e-18f,1.2236221144914456e-16f,-1f,-1.6909687500000006f,0f,0f,0f,1f], start_interpolation: 0, interpolation_duration: 1 }
$data merge entity $(bone_small_arm_base5) { transformation: [-0.1409012319375827f,0.9900236577165576f,1.2246467991473532e-16f,-0.1460315574901448f,0.9900236577165576f,0.1409012319375827f,0f,1.557272516829035f,-1.725542426882795e-17f,1.212429303502737e-16f,-1f,-1.5972187500000006f,0f,0f,0f,1f], start_interpolation: 0, interpolation_duration: 1 }
$data merge entity $(bone_bone20) { transformation: [-0.8607420270039435f,-0.5090414157503713f,1.2246467991473532e-16f,2.6414183864572156e-16f,-0.5090414157503713f,0.8607420270039435f,0f,0.4999999999999999f,-1.0541049682619841e-16f,-6.233959404321292e-17f,-1f,-2.0347187500000006f,0f,0f,0f,1f], start_interpolation: 0, interpolation_duration: 1 }
$data merge entity $(bone_bone11) { transformation: [0.506869661258866f,-0.8620227064847666f,1.2246467991473532e-16f,0.5400288828002232f,-0.8620227064847666f,-0.506869661258866f,0f,0.47524541543437593f,6.207363082455733e-17f,-1.0556733482889079e-16f,-1f,-1.6909687500000006f,0f,0f,0f,1f], start_interpolation: 0, interpolation_duration: 1 }
$data merge entity $(bone_arm2) { transformation: [-0.9478071292159579f,-0.31884423439573834f,1.2246467991473532e-16f,1.0407038521523626f,-0.31884423439573834f,0.9478071292159579f,0f,0.6436734873103992f,-1.1607289670033646e-16f,-3.904715710793293e-17f,-1f,-1.6909687500000006f,0f,0f,0f,1f], start_interpolation: 0, interpolation_duration: 1 }
$data merge entity $(bone_small_arm_base2) { transformation: [-0.9900236577165576f,-0.14090123193758247f,1.2246467991473532e-16f,1.0572725168290353f,-0.14090123193758247f,0.9900236577165576f,0f,0.6460315574901446f,-1.212429303502737e-16f,-1.725542426882792e-17f,-1f,-1.5972187500000006f,0f,0f,0f,1f], start_interpolation: 0, interpolation_duration: 1 }
$data merge entity $(bone_bone2) { transformation: [0.5090414157503711f,-0.8607420270039436f,1.2246467991473532e-16f,2.6414183864572156e-16f,-0.8607420270039436f,-0.5090414157503711f,0f,0.4999999999999999f,6.23395940432129e-17f,-1.0541049682619842e-16f,-1f,-2.0347187500000006f,0f,0f,0f,1f], start_interpolation: 0, interpolation_duration: 1 }
$data merge entity $(bone_ring) { transformation: [0.9158923430876755f,-1.5486893748018233f,2.2034447328268763e-16f,2.220446049250313e-16f,-1.5486893748018233f,-0.9158923430876755f,0f,0.4999999999999999f,1.1216446263258912e-16f,-1.8965974857245685e-16f,-1.799249166666667f,-1.6909687500000004f,0f,0f,0f,1f], start_interpolation: 0, interpolation_duration: 1 }
$data merge entity $(bone_wheel) { transformation: [-1f,-9.907600726170927e-17f,-7.198293278059948e-17f,1.0625000000000002f,0f,-0.5877852522924716f,0.8090169943749483f,-0.625f,-1.2246467991473532e-16f,0.8090169943749483f,0.5877852522924716f,-1.8159687500000001f,0f,0f,0f,1f], start_interpolation: 0, interpolation_duration: 1 }
$data merge entity $(bone_wheel2) { transformation: [-1f,-9.907600726170927e-17f,-7.198293278059948e-17f,1.0625000000000002f,0f,-0.5877852522924716f,0.8090169943749483f,-0.625f,-1.2246467991473532e-16f,0.8090169943749483f,0.5877852522924716f,-1.5659687500000001f,0f,0f,0f,1f], start_interpolation: 0, interpolation_duration: 1 }
$data merge entity $(bone_rails) { transformation: [-1.1373008333333334f,0f,1.3927918252092842e-16f,-0.43749999999999983f,0f,1.1373008333333334f,0f,-1f,-1.3927918252092842e-16f,0f,-1.1373008333333334f,-1.2534687500000004f,0f,0f,0f,1f], start_interpolation: 0, interpolation_duration: 1 }
$data merge entity $(bone_wheel3) { transformation: [-1f,-9.907600726170927e-17f,-7.198293278059948e-17f,-1.0625f,0f,-0.5877852522924716f,0.8090169943749483f,-0.625f,-1.2246467991473532e-16f,0.8090169943749483f,0.5877852522924716f,-1.5659687500000004f,0f,0f,0f,1f], start_interpolation: 0, interpolation_duration: 1 }
$data merge entity $(bone_wheel4) { transformation: [-1f,-9.907600726170927e-17f,-7.198293278059948e-17f,-1.0625f,0f,-0.5877852522924716f,0.8090169943749483f,-0.625f,-1.2246467991473532e-16f,0.8090169943749483f,0.5877852522924716f,-1.8159687500000004f,0f,0f,0f,1f], start_interpolation: 0, interpolation_duration: 1 }
$data merge entity $(bone_rails2) { transformation: [-1.2038220833333333f,0f,1.4742568610970649e-16f,0.4375000000000001f,0f,1.2038220833333333f,0f,-1f,-1.4742568610970649e-16f,0f,-1.2038220833333333f,-1.2534687500000001f,0f,0f,0f,1f], start_interpolation: 0, interpolation_duration: 1 }
$data merge entity $(bone_bone6) { transformation: [0.11609291412522992f,0.22359537894217635f,-0.9677435310068554f,0.450900748235585f,0f,0.9743316128134154f,0.22511754323554783f,0.6847743191943297f,0.993238357741943f,-0.026134551614927178f,0.11311299625584459f,-0.02974298794863691f,0f,0f,0f,1f], start_interpolation: 0, interpolation_duration: 1 }
$data merge entity $(bone_bone5) { transformation: [0.11609291412522992f,-0.09157701859671724f,-0.9890076263380624f,0.3198888005072029f,0f,0.9957404671588611f,-0.09220044502198954f,0.6759903112041868f,0.993238357741943f,0.01070381834624582f,0.11559841254488998f,-0.014429887444153744f,0f,0f,0f,1f], start_interpolation: 0, interpolation_duration: 1 }
$data merge entity $(bone_bone4) { transformation: [0.11609291412522992f,-0.09157701859671724f,-0.9890076263380624f,0.9217635069332757f,0f,0.9957404671588611f,-0.09220044502198954f,0.27814837129447434f,0.993238357741943f,0.01070381834624582f,0.11559841254488998f,-0.27355538999964324f,0f,0f,0f,1f], start_interpolation: 0, interpolation_duration: 1 }
$data merge entity $(bone_bone3) { transformation: [0.11609291412522992f,-0.4982776754900007f,-0.8592099821337003f,0.7936696990747152f,0f,0.8650592029964018f,-0.5016697871221966f,-0.234375f,0.993238357741943f,0.05824030751559954f,0.1004272437667011f,-0.19565789154660873f,0f,0f,0f,1f], start_interpolation: 0, interpolation_duration: 1 }
$data merge entity $(bone_octagon) { transformation: [0.11609291412522992f,0f,-0.993238357741943f,0.859375f,0f,1f,0f,-0.40625f,0.993238357741943f,0f,0.11609291412522992f,-0.1718749999999999f,0f,0f,0f,1f], start_interpolation: 0, interpolation_duration: 1 }
$data merge entity $(bone_bone10) { transformation: [0.19370842308880565f,0.3215054709629378f,0.9268825594245196f,-0.905176343488747f,0f,0.9447774517425505f,-0.32771262819557767f,0.6001780149645632f,-0.9810591454262318f,0.06348069643405341f,0.18301135034690963f,-0.08535840783208337f,0f,0f,0f,1f], start_interpolation: 0, interpolation_duration: 1 }
$data merge entity $(bone_bone9) { transformation: [0.19370842308880565f,-0.2133429562104432f,0.9575812393002681f,-0.7793587534458515f,0f,0.976068816813523f,0.2174618698628552f,0.6322492838173637f,-0.9810591454262318f,-0.042124195893076755f,0.18907275133110385f,-0.06051594336124411f,0f,0f,0f,1f], start_interpolation: 0, interpolation_duration: 1 }
$data merge entity $(bone_bone8) { transformation: [0.19370842308880565f,-0.2133429562104432f,0.9575812393002681f,-1.1926686248831961f,0f,0.976068816813523f,0.2174618698628552f,0.08846950093265954f,-0.9810591454262318f,-0.042124195893076755f,0.18907275133110385f,-0.3332432347692662f,0f,0f,0f,1f], start_interpolation: 0, interpolation_duration: 1 }
$data merge entity $(bone_bone7) { transformation: [0.19370842308880565f,-0.12805391459514387f,0.9726660484366193f,-0.7920054151893353f,0f,0.9914448613738104f,0.13052619222005157f,-0.234375f,-0.9810591454262318f,-0.025284022866732522f,0.19205122067622032f,-0.1904263218515194f,0f,0f,0f,1f], start_interpolation: 0, interpolation_duration: 1 }
$data merge entity $(bone_octagon2) { transformation: [0.19370842308880565f,0f,0.9810591454262318f,-0.859375f,0f,1f,0f,-0.40625f,-0.9810591454262318f,0f,0.19370842308880565f,-0.171875f,0f,0f,0f,1f], start_interpolation: 0, interpolation_duration: 1 }