# This file was generated by Animated Java via MC-Build. It is not recommended to edit this file directly.
$data merge entity $(bone_bone21) { transformation: [-0.9757426959049611f,-0.21892051385861216f,1.2246467991473532e-16f,-0.699866181414159f,-0.21892051385861216f,0.9757426959049611f,0f,0.7892502420693581f,-1.19494016933142e-16f,-2.6810030656464314e-17f,-1f,-1.7485000000000004f,0f,0f,0f,1f], start_interpolation: 0, interpolation_duration: 1 }
$data merge entity $(bone_arm4) { transformation: [-0.6527967732924183f,-0.7575330836201197f,1.2246467991473532e-16f,-1.0447032209199958f,-0.7575330836201197f,0.6527967732924183f,0f,0.3890867048542707f,-7.994454789062805e-17f,-9.277104661036039e-17f,-1f,-1.7485000000000004f,0f,0f,0f,1f], start_interpolation: 0, interpolation_duration: 1 }
$data merge entity $(bone_small_arm_base4) { transformation: [-0.9939609554551798f,-0.1097343110910452f,1.2246467991473532e-16f,-1.0613377787351355f,-0.1097343110910452f,0.9939609554551798f,0f,0.38725023257421765f,-1.2172511025756309e-16f,-1.3438577283428838e-17f,-1f,-1.6547500000000004f,0f,0f,0f,1f], start_interpolation: 0, interpolation_duration: 1 }
$data merge entity $(bone_bone25) { transformation: [0.4817536741017152f,-0.8763066800438636f,1.2246467991473532e-16f,2.6414183864572156e-16f,-0.8763066800438636f,-0.4817536741017152f,0f,0.4999999999999999f,5.899780949661427e-17f,-1.0731661707871613e-16f,-1f,-2.0922500000000004f,0f,0f,0f,1f], start_interpolation: 0, interpolation_duration: 1 }
$data merge entity $(bone_bone16) { transformation: [0.7046342099635947f,0.709570736536521f,1.2246467991473532e-16f,0.24585139920011925f,0.709570736536521f,-0.7046342099635947f,0f,-0.03398299574201569f,8.629280298016403e-17f,8.689735312680802e-17f,-1f,-1.7485000000000004f,0f,0f,0f,1f], start_interpolation: 0, interpolation_duration: 1 }
$data merge entity $(bone_arm3) { transformation: [-0.2554457579357901f,-0.9668233886044597f,1.2246467991473532e-16f,0.11091329514572912f,-0.9668233886044597f,0.2554457579357901f,0f,-0.5447032209199963f,-3.128308298118351e-17f,-1.184017168195249e-16f,-1f,-1.7485000000000004f,0f,0f,0f,1f], start_interpolation: 0, interpolation_duration: 1 }
$data merge entity $(bone_small_arm_base3) { transformation: [0.10973431109104498f,-0.9939609554551798f,1.2246467991473532e-16f,0.11274976742578217f,-0.9939609554551798f,-0.10973431109104498f,0f,-0.561337778735136f,1.3438577283428808e-17f,-1.2172511025756309e-16f,-1f,-1.6547500000000004f,0f,0f,0f,1f], start_interpolation: 0, interpolation_duration: 1 }
$data merge entity $(bone_bone15) { transformation: [0.8763066800438637f,0.481753674101715f,1.2246467991473532e-16f,2.6414183864572156e-16f,0.481753674101715f,-0.8763066800438637f,0f,0.4999999999999999f,1.0731661707871615e-16f,5.899780949661425e-17f,-1f,-2.0922500000000004f,0f,0f,0f,1f], start_interpolation: 0, interpolation_duration: 1 }
$data merge entity $(bone_bone26) { transformation: [0.12654523649167676f,-0.9919608374937317f,1.2246467991473532e-16f,-0.05716386422020335f,-0.9919608374937317f,-0.12654523649167676f,0f,1.019199235200741f,1.5497321881687683e-17f,-1.2148016645162264e-16f,-1f,-1.7485000000000004f,0f,0f,0f,1f], start_interpolation: 0, interpolation_duration: 1 }
$data merge entity $(bone_arm5) { transformation: [-0.10175083026106618f,0.9948099157835048f,1.2246467991473532e-16f,-0.11091329514572916f,0.9948099157835048f,0.10175083026106618f,0f,1.5447032209199958f,-1.2460882858980037e-17f,1.218290779124317e-16f,-1f,-1.7485000000000004f,0f,0f,0f,1f], start_interpolation: 0, interpolation_duration: 1 }
$data merge entity $(bone_small_arm_base5) { transformation: [-0.10973431109104542f,0.9939609554551797f,1.2246467991473532e-16f,-0.11274976742578226f,0.9939609554551797f,0.10973431109104542f,0f,1.5613377787351355f,-1.343857728342887e-17f,1.2172511025756309e-16f,-1f,-1.6547500000000004f,0f,0f,0f,1f], start_interpolation: 0, interpolation_duration: 1 }
$data merge entity $(bone_bone20) { transformation: [-0.8763066800438635f,-0.48175367410171543f,1.2246467991473532e-16f,2.6414183864572156e-16f,-0.48175367410171543f,0.8763066800438635f,0f,0.4999999999999999f,-1.0731661707871612e-16f,-5.89978094966143e-17f,-1f,-2.0922500000000004f,0f,0f,0f,1f], start_interpolation: 0, interpolation_duration: 1 }
$data merge entity $(bone_bone11) { transformation: [0.5721874932390552f,-0.8201228399336324f,1.2246467991473532e-16f,0.5427833232455652f,-0.8201228399336324f,-0.5721874932390552f,0f,0.4462322195780448f,7.007275821073567e-17f,-1.0043608108323601e-16f,-1f,-1.7485000000000004f,0f,0f,0f,1f], start_interpolation: 0, interpolation_duration: 1 }
$data merge entity $(bone_arm2) { transformation: [-0.9501638516635724f,-0.31175095026614597f,1.2246467991473532e-16f,1.0447032209199962f,-0.31175095026614597f,0.9501638516635724f,0f,0.610913295145729f,-1.1636151196053146e-16f,-3.817848033745813e-17f,-1f,-1.7485000000000004f,0f,0f,0f,1f], start_interpolation: 0, interpolation_duration: 1 }
$data merge entity $(bone_small_arm_base2) { transformation: [-0.9939609554551798f,-0.1097343110910452f,1.2246467991473532e-16f,1.061337778735136f,-0.1097343110910452f,0.9939609554551798f,0f,0.6127497674257821f,-1.2172511025756309e-16f,-1.3438577283428838e-17f,-1f,-1.6547500000000004f,0f,0f,0f,1f], start_interpolation: 0, interpolation_duration: 1 }
$data merge entity $(bone_bone2) { transformation: [0.4817536741017152f,-0.8763066800438636f,1.2246467991473532e-16f,2.6414183864572156e-16f,-0.8763066800438636f,-0.4817536741017152f,0f,0.4999999999999999f,5.899780949661427e-17f,-1.0731661707871613e-16f,-1f,-2.0922500000000004f,0f,0f,0f,1f], start_interpolation: 0, interpolation_duration: 1 }
$data merge entity $(bone_ring) { transformation: [0.8667948966661162f,-1.576694063813355f,2.2034447328268763e-16f,2.220446049250313e-16f,-1.576694063813355f,-0.8667948966661162f,0f,0.4999999999999999f,1.06151759571942e-16f,-1.9308933384836582e-16f,-1.799249166666667f,-1.7485000000000004f,0f,0f,0f,1f], start_interpolation: 0, interpolation_duration: 1 }
$data merge entity $(bone_wheel) { transformation: [-1f,-1.1647083184890928e-16f,-3.7843667304341425e-17f,1.0625000000000002f,0f,-0.3090169943749468f,0.9510565162951539f,-0.625f,-1.2246467991473532e-16f,0.9510565162951539f,0.3090169943749468f,-1.8735000000000002f,0f,0f,0f,1f], start_interpolation: 0, interpolation_duration: 1 }
$data merge entity $(bone_wheel2) { transformation: [-1f,-1.1647083184890928e-16f,-3.7843667304341425e-17f,1.0625000000000002f,0f,-0.3090169943749468f,0.9510565162951539f,-0.625f,-1.2246467991473532e-16f,0.9510565162951539f,0.3090169943749468f,-1.6235000000000002f,0f,0f,0f,1f], start_interpolation: 0, interpolation_duration: 1 }
$data merge entity $(bone_rails) { transformation: [-1.1373008333333334f,0f,1.3927918252092842e-16f,-0.43749999999999983f,0f,1.1373008333333334f,0f,-1f,-1.3927918252092842e-16f,0f,-1.1373008333333334f,-1.3110000000000004f,0f,0f,0f,1f], start_interpolation: 0, interpolation_duration: 1 }
$data merge entity $(bone_wheel3) { transformation: [-1f,-1.1647083184890928e-16f,-3.7843667304341425e-17f,-1.0625f,0f,-0.3090169943749468f,0.9510565162951539f,-0.625f,-1.2246467991473532e-16f,0.9510565162951539f,0.3090169943749468f,-1.6235000000000006f,0f,0f,0f,1f], start_interpolation: 0, interpolation_duration: 1 }
$data merge entity $(bone_wheel4) { transformation: [-1f,-1.1647083184890928e-16f,-3.7843667304341425e-17f,-1.0625f,0f,-0.3090169943749468f,0.9510565162951539f,-0.625f,-1.2246467991473532e-16f,0.9510565162951539f,0.3090169943749468f,-1.8735000000000006f,0f,0f,0f,1f], start_interpolation: 0, interpolation_duration: 1 }
$data merge entity $(bone_rails2) { transformation: [-1.2038220833333333f,0f,1.4742568610970649e-16f,0.4375000000000001f,0f,1.2038220833333333f,0f,-1f,-1.4742568610970649e-16f,0f,-1.2038220833333333f,-1.3110000000000004f,0f,0f,0f,1f], start_interpolation: 0, interpolation_duration: 1 }
$data merge entity $(bone_bone6) { transformation: [0.12275432675969654f,0.5173160522646725f,-0.8469447900135334f,0.4454075104669908f,0f,0.8533989706311293f,0.5212582823569604f,0.6733953819921101f,0.9924370888181143f,-0.06398670951864448f,0.10475841609724232f,-0.0262070255693091f,0f,0f,0f,1f], start_interpolation: 0, interpolation_duration: 1 }
$data merge entity $(bone_bone5) { transformation: [0.12275432675969654f,-0.1120597861346605f,-0.9860902492131376f,0.31471115094460744f,0f,0.9936047940202082f,-0.11291374274223437f,0.6618667795470352f,0.9924370888181143f,0.013860650472240547f,0.12196928755515762f,-0.01004122140511815f,0f,0f,0f,1f], start_interpolation: 0, interpolation_duration: 1 }
$data merge entity $(bone_bone4) { transformation: [0.12275432675969654f,-0.1120597861346605f,-0.9860902492131376f,0.9220407523902882f,0f,0.9936047940202082f,-0.11291374274223437f,0.27788996799242904f,0.9924370888181143f,0.013860650472240547f,0.12196928755515762f,-0.2740905392906231f,0f,0f,0f,1f], start_interpolation: 0, interpolation_duration: 1 }
$data merge entity $(bone_bone3) { transformation: [0.12275432675969654f,-0.4962526199503586f,-0.859456056150737f,0.7935116092376273f,0f,0.866005579430991f,-0.5000343352154866f,-0.234375f,0.9924370888181143f,0.061381378176109475f,0.1063059318731922f,-0.19521651360308492f,0f,0f,0f,1f], start_interpolation: 0, interpolation_duration: 1 }
$data merge entity $(bone_octagon) { transformation: [0.12275432675969654f,0f,-0.9924370888181143f,0.859375f,0f,1f,0f,-0.40625f,0.9924370888181143f,0f,0.12275432675969654f,-0.1718749999999999f,0f,0f,0f,1f], start_interpolation: 0, interpolation_duration: 1 }
$data merge entity $(bone_bone10) { transformation: [0.18636526510918305f,-0.24383467421263288f,0.9517418975816938f,-0.922296933177577f,0f,0.9687132420718193f,0.24818270414093066f,0.6302074884755932f,-0.9824805280313622f,-0.04625263545273848f,0.1805345001734908f,-0.0883888291274509f,0f,0f,0f,1f], start_interpolation: 0, interpolation_duration: 1 }
$data merge entity $(bone_bone9) { transformation: [0.18636526510918305f,-0.2655294973370031f,0.9459186402670912f,-0.7981987945022362f,0f,0.9627861451488188f,0.270264386683628f,0.6692113486072429f,-0.9824805280313622f,-0.05036789407386509f,0.17942989518410798f,-0.0648488384060798f,0f,0f,0f,1f], start_interpolation: 0, interpolation_duration: 1 }
$data merge entity $(bone_bone8) { transformation: [0.18636526510918305f,-0.2655294973370031f,0.9459186402670912f,-1.1835839172105056f,0f,0.9627861451488188f,0.270264386683628f,0.10166916550879174f,-0.9824805280313622f,-0.05036789407386509f,0.17942989518410798f,-0.3287954441289199f,0f,0f,0f,1f], start_interpolation: 0, interpolation_duration: 1 }
$data merge entity $(bone_bone7) { transformation: [0.18636526510918305f,-0.0972384595273541f,0.9776567239831838f,-0.7921460524633779f,0f,0.9950901784711764f,0.09897240378106517f,-0.234375f,-0.9824805280313622f,-0.018445018269151323f,0.18545024491832507f,-0.19092968743165611f,0f,0f,0f,1f], start_interpolation: 0, interpolation_duration: 1 }
$data merge entity $(bone_octagon2) { transformation: [0.18636526510918305f,0f,0.9824805280313622f,-0.859375f,0f,1f,0f,-0.40625f,-0.9824805280313622f,0f,0.18636526510918305f,-0.171875f,0f,0f,0f,1f], start_interpolation: 0, interpolation_duration: 1 }