# This file was generated by Animated Java via MC-Build. It is not recommended to edit this file directly.
$data merge entity $(bone_bone21) { transformation: [-0.937061980854794f,-0.3491630622452639f,1.2246467991473532e-16f,-0.6800587035557251f,-0.3491630622452639f,0.937061980854794f,0f,0.8013034300413773f,-1.1475699554565017e-16f,-4.2760142655915063e-17f,-1f,-1.80078125f,0f,0f,0f,1f], start_interpolation: 0, interpolation_duration: 1 }
$data merge entity $(bone_arm4) { transformation: [-0.6959127965923141f,-0.7181262977631891f,1.2246467991473532e-16f,-1.04767159373713f,-0.7181262977631891f,0.6959127965923141f,0f,0.42195635505052537f,-8.522473788324605e-17f,-8.794510719392287e-17f,-1f,-1.80078125f,0f,0f,0f,1f], start_interpolation: 0, interpolation_duration: 1 }
$data merge entity $(bone_small_arm_base4) { transformation: [-0.9969173337331281f,-0.07845909572784515f,1.2246467991473532e-16f,-1.0643556283904874f,-0.07845909572784515f,0.9969173337331281f,0f,0.42064329304658504f,-1.220871621770789e-16f,-9.608468044710134e-18f,-1f,-1.70703125f,0f,0f,0f,1f], start_interpolation: 0, interpolation_duration: 1 }
$data merge entity $(bone_bone25) { transformation: [0.45399049973954697f,-0.8910065241883678f,1.2246467991473532e-16f,2.6414183864572156e-16f,-0.8910065241883678f,-0.45399049973954697f,0f,0.4999999999999999f,5.559780123493435e-17f,-1.0911682878666934e-16f,-1f,-2.14453125f,0f,0f,0f,1f], start_interpolation: 0, interpolation_duration: 1 }
$data merge entity $(bone_bone16) { transformation: [0.7099549493199593f,0.7042470943753295f,1.2246467991473532e-16f,0.16011028537142497f,0.7042470943753295f,-0.7099549493199593f,0f,-0.025839717687482278f,8.694440562235093e-17f,8.624539499355713e-17f,-1f,-1.80078125f,0f,0f,0f,1f], start_interpolation: 0, interpolation_duration: 1 }
$data merge entity $(bone_arm3) { transformation: [-0.15535697133686724f,-0.9878583964602601f,1.2246467991473532e-16f,0.07804364494947447f,-0.9878583964602601f,0.15535697133686724f,0f,-0.5476715937371301f,-1.9025741767292143e-17f,-1.2097776232358943e-16f,-1f,-1.80078125f,0f,0f,0f,1f], start_interpolation: 0, interpolation_duration: 1 }
$data merge entity $(bone_small_arm_base3) { transformation: [0.07845909572784487f,-0.9969173337331282f,1.2246467991473532e-16f,0.07935670695341478f,-0.9969173337331282f,-0.07845909572784487f,0f,-0.5643556283904877f,9.608468044710109e-18f,-1.220871621770789e-16f,-1f,-1.70703125f,0f,0f,0f,1f], start_interpolation: 0, interpolation_duration: 1 }
$data merge entity $(bone_bone15) { transformation: [0.8910065241883679f,0.45399049973954675f,1.2246467991473532e-16f,2.6414183864572156e-16f,0.45399049973954675f,-0.8910065241883679f,0f,0.4999999999999999f,1.0911682878666935e-16f,5.559780123493433e-17f,-1f,-2.14453125f,0f,0f,0f,1f], start_interpolation: 0, interpolation_duration: 1 }
$data merge entity $(bone_bone26) { transformation: [0.02624673749087536f,-0.9996554950437103f,1.2246467991473532e-16f,0.007650393501032859f,-0.9996554950437103f,-0.02624673749087536f,0f,1.0264231192974598f,3.214298305626132e-18f,-1.2242249022553427e-16f,-1f,-1.80078125f,0f,0f,0f,1f], start_interpolation: 0, interpolation_duration: 1 }
$data merge entity $(bone_arm5) { transformation: [-0.16222384889701158f,0.9867539829405503f,1.2246467991473532e-16f,-0.07804364494947458f,0.9867539829405503f,0.16222384889701158f,0f,1.5476715937371301f,-1.9866691729708912e-17f,1.2084251067540469e-16f,-1f,-1.80078125f,0f,0f,0f,1f], start_interpolation: 0, interpolation_duration: 1 }
$data merge entity $(bone_small_arm_base5) { transformation: [-0.07845909572784537f,0.9969173337331281f,1.2246467991473532e-16f,-0.07935670695341492f,0.9969173337331281f,0.07845909572784537f,0f,1.5643556283904876f,-9.608468044710158e-18f,1.220871621770789e-16f,-1f,-1.70703125f,0f,0f,0f,1f], start_interpolation: 0, interpolation_duration: 1 }
$data merge entity $(bone_bone20) { transformation: [-0.8910065241883677f,-0.4539904997395472f,1.2246467991473532e-16f,2.6414183864572156e-16f,-0.4539904997395472f,0.8910065241883677f,0f,0.4999999999999999f,-1.0911682878666933e-16f,-5.559780123493438e-17f,-1f,-2.14453125f,0f,0f,0f,1f], start_interpolation: 0, interpolation_duration: 1 }
$data merge entity $(bone_bone11) { transformation: [0.634059601840393f,-0.7732841788850996f,1.2246467991473532e-16f,0.5445348094130453f,-0.7732841788850996f,-0.634059601840393f,0f,0.41711876622756966f,7.764990618624825e-17f,-9.469999945029265e-17f,-1f,-1.80078125f,0f,0f,0f,1f], start_interpolation: 0, interpolation_duration: 1 }
$data merge entity $(bone_arm2) { transformation: [-0.9524674895775712f,-0.3046402489786919f,1.2246467991473532e-16f,1.0476715937371304f,-0.3046402489786919f,0.9524674895775712f,0f,0.5780436449494744f,-1.1664362624030877e-16f,-3.7307670580320776e-17f,-1f,-1.80078125f,0f,0f,0f,1f], start_interpolation: 0, interpolation_duration: 1 }
$data merge entity $(bone_small_arm_base2) { transformation: [-0.9969173337331281f,-0.07845909572784515f,1.2246467991473532e-16f,1.0643556283904878f,-0.07845909572784515f,0.9969173337331281f,0f,0.5793567069534147f,-1.220871621770789e-16f,-9.608468044710134e-18f,-1f,-1.70703125f,0f,0f,0f,1f], start_interpolation: 0, interpolation_duration: 1 }
$data merge entity $(bone_bone2) { transformation: [0.45399049973954697f,-0.8910065241883678f,1.2246467991473532e-16f,2.6414183864572156e-16f,-0.8910065241883678f,-0.45399049973954697f,0f,0.4999999999999999f,5.559780123493435e-17f,-1.0911682878666934e-16f,-1f,-2.14453125f,0f,0f,0f,1f], start_interpolation: 0, interpolation_duration: 1 }
$data merge entity $(bone_ring) { transformation: [0.8168420283309636f,-1.6031427461404841f,2.2034447328268763e-16f,2.220446049250313e-16f,-1.6031427461404841f,-0.8168420283309636f,0f,0.4999999999999999f,1.0003429754045462e-16f,-1.963283632637242e-16f,-1.799249166666667f,-1.80078125f,0f,0f,0f,1f], start_interpolation: 0, interpolation_duration: 1 }
$data merge entity $(bone_wheel) { transformation: [-1f,-1.2246467991473532e-16f,-2.719262146893782e-32f,1.0625000000000002f,0f,-2.220446049250313e-16f,1f,-0.625f,-1.2246467991473532e-16f,1f,2.220446049250313e-16f,-1.9257812499999998f,0f,0f,0f,1f], start_interpolation: 0, interpolation_duration: 1 }
$data merge entity $(bone_wheel2) { transformation: [-1f,-1.2246467991473532e-16f,-2.719262146893782e-32f,1.0625000000000002f,0f,-2.220446049250313e-16f,1f,-0.625f,-1.2246467991473532e-16f,1f,2.220446049250313e-16f,-1.6757812499999998f,0f,0f,0f,1f], start_interpolation: 0, interpolation_duration: 1 }
$data merge entity $(bone_rails) { transformation: [-1.1373008333333334f,0f,1.3927918252092842e-16f,-0.43749999999999983f,0f,1.1373008333333334f,0f,-1f,-1.3927918252092842e-16f,0f,-1.1373008333333334f,-1.36328125f,0f,0f,0f,1f], start_interpolation: 0, interpolation_duration: 1 }
$data merge entity $(bone_wheel3) { transformation: [-1f,-1.2246467991473532e-16f,-2.719262146893782e-32f,-1.0625f,0f,-2.220446049250313e-16f,1f,-0.625f,-1.2246467991473532e-16f,1f,2.220446049250313e-16f,-1.6757812500000002f,0f,0f,0f,1f], start_interpolation: 0, interpolation_duration: 1 }
$data merge entity $(bone_wheel4) { transformation: [-1f,-1.2246467991473532e-16f,-2.719262146893782e-32f,-1.0625f,0f,-2.220446049250313e-16f,1f,-0.625f,-1.2246467991473532e-16f,1f,2.220446049250313e-16f,-1.9257812500000002f,0f,0f,0f,1f], start_interpolation: 0, interpolation_duration: 1 }
$data merge entity $(bone_rails2) { transformation: [-1.2038220833333333f,0f,1.4742568610970649e-16f,0.4375000000000001f,0f,1.2038220833333333f,0f,-1f,-1.4742568610970649e-16f,0f,-1.2038220833333333f,-1.36328125f,0f,0f,0f,1f], start_interpolation: 0, interpolation_duration: 1 }
$data merge entity $(bone_bone6) { transformation: [0.1295185680936325f,0.7488125846740029f,-0.650003579646154f,0.43747041373840756f,0f,0.6555250694247314f,0.7551734127706702f,0.6585841252483488f,0.9915769967677623f,-0.0978089790844389f,0.08490266834137024f,-0.022219977375979277f,0f,0f,0f,1f], start_interpolation: 0, interpolation_duration: 1 }
$data merge entity $(bone_bone5) { transformation: [0.1295185680936325f,-0.13902005369294812f,-0.9817832577459165f,0.307251161900315f,0f,0.990123067544154f,-0.14020096689022737f,0.6434375748726555f,0.9915769967677623f,0.018158628476965026f,0.12823932194479382f,-0.005210898815997289f,0f,0f,0f,1f], start_interpolation: 0, interpolation_duration: 1 }
$data merge entity $(bone_bone4) { transformation: [0.1295185680936325f,-0.13902005369294812f,-0.9817832577459165f,0.9222534317189559f,0f,0.990123067544154f,-0.14020096689022737f,0.27764291854114465f,0.9915769967677623f,0.018158628476965026f,0.12823932194479382f,-0.2746344677693768f,0f,0f,0f,1f], start_interpolation: 0, interpolation_duration: 1 }
$data merge entity $(bone_bone3) { transformation: [0.1295185680936325f,-0.4942811069101198f,-0.8595993996453707f,0.7933539824490888f,0f,0.8669013122000628f,-0.498479803909656f,-0.234375f,0.9915769967677623f,0.06456239042597335f,0.1122798166346432f,-0.19476687064314044f,0f,0f,0f,1f], start_interpolation: 0, interpolation_duration: 1 }
$data merge entity $(bone_octagon) { transformation: [0.1295185680936325f,0f,-0.9915769967677623f,0.859375f,0f,1f,0f,-0.40625f,0.9915769967677623f,0f,0.1295185680936325f,-0.1718749999999999f,0f,0f,0f,1f], start_interpolation: 0, interpolation_duration: 1 }
$data merge entity $(bone_bone10) { transformation: [0.17730369763667497f,-0.650189691409247f,0.7387941282857564f,-0.8155077021322787f,0f,0.7506878874077225f,0.660657018201828f,0.6045414676225321f,-0.9841561861840643f,-0.11713693219680418f,0.13309973820845314f,-0.06871268131262057f,0f,0f,0f,1f], start_interpolation: 0, interpolation_duration: 1 }
$data merge entity $(bone_bone9) { transformation: [0.17730369763667497f,-0.10970283919818846f,0.9780228452731659f,-0.6866347845324567f,0f,0.9937679191605963f,0.11146893220632667f,0.6226660134617795f,-0.9841561861840643f,-0.019763853851793564f,0.176198726659878f,-0.04549518277280906f,0f,0f,0f,1f], start_interpolation: 0, interpolation_duration: 1 }
$data merge entity $(bone_bone8) { transformation: [0.17730369763667497f,-0.10970283919818846f,0.9780228452731659f,-1.1588311969448588f,0f,0.9937679191605963f,0.11146893220632667f,0.13175296760643085f,-0.9841561861840643f,-0.019763853851793564f,0.176198726659878f,-0.3210837262773918f,0f,0f,0f,1f], start_interpolation: 0, interpolation_duration: 1 }
$data merge entity $(bone_bone7) { transformation: [0.17730369763667497f,-0.023014767973244806f,0.9838870459862251f,-0.7923244978123499f,0f,0.9997265269460097f,0.023385279995527468f,-0.234375f,-0.9841561861840643f,-0.004146296613475986f,0.1772552098529985f,-0.19154839971595983f,0f,0f,0f,1f], start_interpolation: 0, interpolation_duration: 1 }
$data merge entity $(bone_octagon2) { transformation: [0.17730369763667497f,0f,0.9841561861840643f,-0.859375f,0f,1f,0f,-0.40625f,-0.9841561861840643f,0f,0.17730369763667497f,-0.171875f,0f,0f,0f,1f], start_interpolation: 0, interpolation_duration: 1 }