# This file was generated by Animated Java via MC-Build. It is not recommended to edit this file directly.
$data merge entity $(bone_bone21) { transformation: [-0.8635601706140762f,-0.5042458048699939f,1.2246467991473532e-16f,-0.6599482362635196f,-0.5042458048699939f,0.8635601706140762f,0f,0.8115684639352111f,-1.0575561988136705e-16f,-6.175230109175191e-17f,-1f,-1.8464999999999998f,0f,0f,0f,1f], start_interpolation: 0, interpolation_duration: 1 }
$data merge entity $(bone_arm4) { transformation: [-0.7376451152144425f,-0.6751886284589457f,1.2246467991473532e-16f,-1.0496060411781698f,-0.6751886284589457f,0.7376451152144425f,0f,0.4549030249020226f,-9.033547292540475e-17f,-8.268675926629394e-17f,-1f,-1.8464999999999998f,0f,0f,0f,1f], start_interpolation: 0, interpolation_duration: 1 }
$data merge entity $(bone_small_arm_base4) { transformation: [-0.9988898749619701f,-0.047106450709642145f,1.2246467991473532e-16f,-1.0663230875418304f,-0.047106450709642145f,0.9988898749619701f,0f,0.45411466900786507f,-1.2232872880728766e-16f,-5.7688764080755765e-18f,-1f,-1.7527499999999998f,0f,0f,0f,1f], start_interpolation: 0, interpolation_duration: 1 }
$data merge entity $(bone_bone25) { transformation: [0.4257792915650722f,-0.9048270524660198f,1.2246467991473532e-16f,2.6414183864572156e-16f,-0.9048270524660198f,-0.4257792915650722f,0f,0.4999999999999999f,5.214292465583933e-17f,-1.1080935535844454e-16f,-1f,-2.19025f,0f,0f,0f,1f], start_interpolation: 0, interpolation_duration: 1 }
$data merge entity $(bone_bone16) { transformation: [0.7944146205354179f,0.6073758397232871f,1.2246467991473532e-16f,0.07090165227476769f,0.6073758397232871f,-0.7944146205354179f,0f,-0.021991068904408606f,9.728773222345587e-17f,7.438208779965592e-17f,-1f,-1.8464999999999998f,0f,0f,0f,1f], start_interpolation: 0, interpolation_duration: 1 }
$data merge entity $(bone_arm3) { transformation: [-0.04884976979561447f,-0.9988061373414341f,1.2246467991473532e-16f,0.04509697509797721f,-0.9988061373414341f,0.04884976979561447f,0f,-0.5496060411781702f,-5.982371421928436e-18f,-1.2231847390639188e-16f,-1f,-1.8464999999999998f,0f,0f,0f,1f], start_interpolation: 0, interpolation_duration: 1 }
$data merge entity $(bone_small_arm_base3) { transformation: [0.04710645070964192f,-0.9988898749619701f,1.2246467991473532e-16f,0.04588533099213475f,-0.9988898749619701f,-0.04710645070964192f,0f,-0.5663230875418307f,5.768876408075552e-18f,-1.2232872880728766e-16f,-1f,-1.7527499999999998f,0f,0f,0f,1f], start_interpolation: 0, interpolation_duration: 1 }
$data merge entity $(bone_bone15) { transformation: [0.9048270524660199f,0.425779291565072f,1.2246467991473532e-16f,2.6414183864572156e-16f,0.425779291565072f,-0.9048270524660199f,0f,0.4999999999999999f,1.1080935535844455e-16f,5.2142924655839307e-17f,-1f,-2.19025f,0f,0f,0f,1f], start_interpolation: 0, interpolation_duration: 1 }
$data merge entity $(bone_bone26) { transformation: [-0.07431735215884461f,-0.9972346419815644f,1.2246467991473532e-16f,0.07222272760374364f,-0.9972346419815644f,0.07431735215884461f,0f,1.0345531043943663f,-9.101250744243573e-18f,-1.2212602123015796e-16f,-1f,-1.8464999999999998f,0f,0f,0f,1f], start_interpolation: 0, interpolation_duration: 1 }
$data merge entity $(bone_arm5) { transformation: [-0.22209308917933956f,0.9750254662001288f,1.2246467991473532e-16f,-0.04509697509797732f,0.9750254662001288f,0.22209308917933956f,0f,1.5496060411781698f,-2.7198559077622578e-17f,1.1940618162691434e-16f,-1f,-1.8464999999999998f,0f,0f,0f,1f], start_interpolation: 0, interpolation_duration: 1 }
$data merge entity $(bone_small_arm_base5) { transformation: [-0.04710645070964237f,0.9988898749619702f,1.2246467991473532e-16f,-0.04588533099213489f,0.9988898749619702f,0.04710645070964237f,0f,1.5663230875418304f,-5.768876408075607e-18f,1.2232872880728766e-16f,-1f,-1.7527499999999998f,0f,0f,0f,1f], start_interpolation: 0, interpolation_duration: 1 }
$data merge entity $(bone_bone20) { transformation: [-0.9048270524660197f,-0.42577929156507244f,1.2246467991473532e-16f,2.6414183864572156e-16f,-0.42577929156507244f,0.9048270524660197f,0f,0.4999999999999999f,-1.1080935535844453e-16f,-5.2142924655839356e-17f,-1f,-2.19025f,0f,0f,0f,1f], start_interpolation: 0, interpolation_duration: 1 }
$data merge entity $(bone_bone11) { transformation: [0.692113392111704f,-0.7217887865987049f,1.2246467991473532e-16f,0.5452804798630905f,-0.7217887865987049f,-0.692113392111704f,0f,0.3879372839050057f,8.475944502966151e-17f,-8.839363271685562e-17f,-1f,-1.8464999999999998f,0f,0f,0f,1f], start_interpolation: 0, interpolation_duration: 1 }
$data merge entity $(bone_arm2) { transformation: [-0.9547179142564219f,-0.2975125277998687f,1.2246467991473532e-16f,1.0496060411781705f,-0.2975125277998687f,0.9547179142564219f,0f,0.5450969750979772f,-1.1691922377827645e-16f,-3.6434776487634707e-17f,-1f,-1.8464999999999998f,0f,0f,0f,1f], start_interpolation: 0, interpolation_duration: 1 }
$data merge entity $(bone_small_arm_base2) { transformation: [-0.9988898749619701f,-0.047106450709642145f,1.2246467991473532e-16f,1.0663230875418308f,-0.047106450709642145f,0.9988898749619701f,0f,0.5458853309921348f,-1.2232872880728766e-16f,-5.7688764080755765e-18f,-1f,-1.7527499999999998f,0f,0f,0f,1f], start_interpolation: 0, interpolation_duration: 1 }
$data merge entity $(bone_bone2) { transformation: [0.4257792915650722f,-0.9048270524660198f,1.2246467991473532e-16f,2.6414183864572156e-16f,-0.9048270524660198f,-0.4257792915650722f,0f,0.4999999999999999f,5.214292465583933e-17f,-1.1080935535844454e-16f,-1f,-2.19025f,0f,0f,0f,1f], start_interpolation: 0, interpolation_duration: 1 }
$data merge entity $(bone_ring) { transformation: [0.76608303553238f,-1.6280093201269428f,2.2034447328268763e-16f,2.220446049250313e-16f,-1.6280093201269428f,-0.76608303553238f,0f,0.4999999999999999f,9.381811373458172e-17f,-1.9937364028755191e-16f,-1.799249166666667f,-1.8464999999999998f,0f,0f,0f,1f], start_interpolation: 0, interpolation_duration: 1 }
$data merge entity $(bone_wheel) { transformation: [-1f,-1.1647083184890928e-16f,3.784366730434137e-17f,1.0625000000000002f,0f,0.30901699437494634f,0.951056516295154f,-0.625f,-1.2246467991473532e-16f,0.951056516295154f,-0.30901699437494634f,-1.9714999999999996f,0f,0f,0f,1f], start_interpolation: 0, interpolation_duration: 1 }
$data merge entity $(bone_wheel2) { transformation: [-1f,-1.1647083184890928e-16f,3.784366730434137e-17f,1.0625000000000002f,0f,0.30901699437494634f,0.951056516295154f,-0.625f,-1.2246467991473532e-16f,0.951056516295154f,-0.30901699437494634f,-1.7214999999999996f,0f,0f,0f,1f], start_interpolation: 0, interpolation_duration: 1 }
$data merge entity $(bone_rails) { transformation: [-1.1373008333333334f,0f,1.3927918252092842e-16f,-0.43749999999999983f,0f,1.1373008333333334f,0f,-1f,-1.3927918252092842e-16f,0f,-1.1373008333333334f,-1.4089999999999998f,0f,0f,0f,1f], start_interpolation: 0, interpolation_duration: 1 }
$data merge entity $(bone_wheel3) { transformation: [-1f,-1.1647083184890928e-16f,3.784366730434137e-17f,-1.0625f,0f,0.30901699437494634f,0.951056516295154f,-0.625f,-1.2246467991473532e-16f,0.951056516295154f,-0.30901699437494634f,-1.7215f,0f,0f,0f,1f], start_interpolation: 0, interpolation_duration: 1 }
$data merge entity $(bone_wheel4) { transformation: [-1f,-1.1647083184890928e-16f,3.784366730434137e-17f,-1.0625f,0f,0.30901699437494634f,0.951056516295154f,-0.625f,-1.2246467991473532e-16f,0.951056516295154f,-0.30901699437494634f,-1.9715f,0f,0f,0f,1f], start_interpolation: 0, interpolation_duration: 1 }
$data merge entity $(bone_rails2) { transformation: [-1.2038220833333333f,0f,1.4742568610970649e-16f,0.4375000000000001f,0f,1.2038220833333333f,0f,-1f,-1.4742568610970649e-16f,0f,-1.2038220833333333f,-1.4089999999999998f,0f,0f,0f,1f], start_interpolation: 0, interpolation_duration: 1 }
$data merge entity $(bone_bone6) { transformation: [0.1362551364922583f,0.7967920732447866f,-0.5886908609735253f,0.38173016134999405f,0f,0.5942328070431794f,0.8042930877693675f,0.5620885770885252f,0.9906737796971696f,-0.10958906445379506f,0.08096727223184619f,-0.01154819420361439f,0f,0f,0f,1f], start_interpolation: 0, interpolation_duration: 1 }
$data merge entity $(bone_bone5) { transformation: [0.1362551364922583f,-0.30873140188972253f,-0.9413391839643577f,0.2562761054406808f,0f,0.9502009675194062f,-0.3116378047111492f,0.5241499931791417f,0.9906737796971696f,0.04246225161706536f,0.1294697625244326f,0.00570648625906639f,0f,0f,0f,1f], start_interpolation: 0, interpolation_duration: 1 }
$data merge entity $(bone_bone4) { transformation: [0.1362551364922583f,-0.30873140188972253f,-0.9413391839643577f,0.9224105709478877f,0f,0.9502009675194062f,-0.3116378047111492f,0.2774087047684314f,0.9906737796971696f,0.04246225161706536f,0.1294697625244326f,-0.2751773407106372f,0f,0f,0f,1f], start_interpolation: 0, interpolation_duration: 1 }
$data merge entity $(bone_bone3) { transformation: [0.1362551364922583f,-0.4923787946203363f,-0.8596497312206297f,0.7931999157535439f,0f,0.867742488837656f,-0.4970140572114942f,-0.234375f,0.9906737796971696f,0.06772071820392321f,0.11823437125670674f,-0.1943176095847703f,0f,0f,0f,1f], start_interpolation: 0, interpolation_duration: 1 }
$data merge entity $(bone_octagon) { transformation: [0.1362551364922583f,0f,-0.9906737796971696f,0.859375f,0f,1f,0f,-0.40625f,0.9906737796971696f,0f,0.1362551364922583f,-0.1718749999999999f,0f,0f,0f,1f], start_interpolation: 0, interpolation_duration: 1 }
$data merge entity $(bone_bone10) { transformation: [0.16652892087242488f,-0.8054370379600843f,0.5688051480033839f,-0.6607522607806229f,0f,0.5768600932024002f,0.8168429670815062f,0.5054463945183258f,-0.9860365705758918f,-0.13602797783031287f,0.09606388881536211f,-0.04325255920264159f,0f,0f,0f,1f], start_interpolation: 0, interpolation_duration: 1 }
$data merge entity $(bone_bone9) { transformation: [0.16652892087242488f,0.18070607839815855f,0.9693365936262924f,-0.5320355011690656f,0f,0.983063531873016f,-0.18326508751355713f,0.4845847315427164f,-0.9860365705758918f,0.030518937257223176f,0.16370850911184798f,-0.021513950599322873f,0f,0f,0f,1f], start_interpolation: 0, interpolation_duration: 1 }
$data merge entity $(bone_bone8) { transformation: [0.16652892087242488f,0.18070607839815855f,0.9693365936262924f,-1.1263059528279988f,0f,0.983063531873016f,-0.18326508751355713f,0.1648970393459364f,-0.9860365705758918f,0.030518937257223176f,0.16370850911184798f,-0.3120338213317265f,0f,0f,0f,1f], start_interpolation: 0, interpolation_duration: 1 }
$data merge entity $(bone_bone7) { transformation: [0.16652892087242488f,0.06603534344363711f,0.9838228762990554f,-0.7925436855617435f,0f,0.9977549572268466f,-0.06697048102898391f,-0.234375f,-0.9860365705758918f,0.011152521936063893f,0.1661550563220992f,-0.19228058527597006f,0f,0f,0f,1f], start_interpolation: 0, interpolation_duration: 1 }
$data merge entity $(bone_octagon2) { transformation: [0.16652892087242488f,0f,0.9860365705758918f,-0.859375f,0f,1f,0f,-0.40625f,-0.9860365705758918f,0f,0.16652892087242488f,-0.171875f,0f,0f,0f,1f], start_interpolation: 0, interpolation_duration: 1 }