# This file was generated by Animated Java via MC-Build. It is not recommended to edit this file directly.
$data merge entity $(bone_bone21) { transformation: [-0.7481374579821258f,-0.6635437769763521f,1.2246467991473532e-16f,-0.6397394409897119f,-0.6635437769763521f,0.7481374579821258f,0f,0.8200317919439082f,-9.162041432400481e-17f,-8.126067625682348e-17f,-1f,-1.8843437499999998f,0f,0f,0f,1f], start_interpolation: 0, interpolation_duration: 1 }
$data merge entity $(bone_arm4) { transformation: [-0.7776026790327472f,-0.6287559729824398f,1.2246467991473532e-16f,-1.0505046541770398f,-0.6287559729824398f,0.7776026790327472f,0f,0.4878942000233162f,-9.522886318858606e-17f,-7.700039897577246e-17f,-1f,-1.8843437499999998f,0f,0f,0f,1f], start_interpolation: 0, interpolation_duration: 1 }
$data merge entity $(bone_small_arm_base4) { transformation: [-0.9998766324816607f,-0.015707317311821012f,1.2246467991473532e-16f,-1.0672382145445156f,-0.015707317311821012f,0.9998766324816607f,0f,0.48763132825102956f,-1.2244957175109002e-16f,-1.9235915869113403e-18f,-1f,-1.7905937499999998f,0f,0f,0f,1f], start_interpolation: 0, interpolation_duration: 1 }
$data merge entity $(bone_bone25) { transformation: [0.39714789063478095f,-0.917754625683981f,1.2246467991473532e-16f,2.6414183864572156e-16f,-0.917754625683981f,-0.39714789063478095f,0f,0.4999999999999999f,4.863658930540076e-17f,-1.1239252647465647e-16f,-1f,-2.2280937499999998f,0f,0f,0f,1f], start_interpolation: 0, interpolation_duration: 1 }
$data merge entity $(bone_bone16) { transformation: [0.9111786948204842f,0.412011390746954f,1.2246467991473532e-16f,-0.017036462656568684f,0.412011390746954f,-0.9111786948204842f,0f,-0.02306350214180586f,1.1158720720631686e-16f,5.0456843089050665e-17f,-1f,-1.8843437499999998f,0f,0f,0f,1f], start_interpolation: 0, interpolation_duration: 1 }
$data merge entity $(bone_arm3) { transformation: [0.05516801513169631f,-0.9984770854188039f,1.2246467991473532e-16f,0.012105799976683687f,-0.9984770854188039f,-0.05516801513169631f,0f,-0.5505046541770402f,6.756133314634477e-18f,-1.2227817666801162e-16f,-1f,-1.8843437499999998f,0f,0f,0f,1f], start_interpolation: 0, interpolation_duration: 1 }
$data merge entity $(bone_small_arm_base3) { transformation: [0.015707317311820734f,-0.9998766324816607f,1.2246467991473532e-16f,0.012368671748970316f,-0.9998766324816607f,-0.015707317311820734f,0f,-0.5672382145445162f,1.9235915869113218e-18f,-1.2244957175109002e-16f,-1f,-1.7905937499999998f,0f,0f,0f,1f], start_interpolation: 0, interpolation_duration: 1 }
$data merge entity $(bone_bone15) { transformation: [0.9177546256839811f,0.39714789063478073f,1.2246467991473532e-16f,2.6414183864572156e-16f,0.39714789063478073f,-0.9177546256839811f,0f,0.4999999999999999f,1.1239252647465647e-16f,4.8636589305400735e-17f,-1f,-2.2280937499999998f,0f,0f,0f,1f], start_interpolation: 0, interpolation_duration: 1 }
$data merge entity $(bone_bone26) { transformation: [-0.17412942477053756f,-0.9847227749113362f,1.2246467991473532e-16f,0.13640291664755058f,-0.9847227749113362f,0.17412942477053756f,0f,1.0435642223526846f,-2.1324704268260868e-17f,-1.2059375943426674e-16f,-1f,-1.8843437499999998f,0f,0f,0f,1f], start_interpolation: 0, interpolation_duration: 1 }
$data merge entity $(bone_arm5) { transformation: [-0.2811357247383437f,0.9596680177414723f,1.2246467991473532e-16f,-0.012105799976683734f,0.9596680177414723f,0.2811357247383437f,0f,1.5505046541770398f,-3.442919654267839e-17f,1.1752543661711794e-16f,-1f,-1.8843437499999998f,0f,0f,0f,1f], start_interpolation: 0, interpolation_duration: 1 }
$data merge entity $(bone_small_arm_base5) { transformation: [-0.01570731731182129f,0.9998766324816608f,1.2246467991473532e-16f,-0.012368671748970396f,0.9998766324816608f,0.01570731731182129f,0f,1.5672382145445156f,-1.923591586911365e-18f,1.2244957175109004e-16f,-1f,-1.7905937499999998f,0f,0f,0f,1f], start_interpolation: 0, interpolation_duration: 1 }
$data merge entity $(bone_bone20) { transformation: [-0.9177546256839809f,-0.3971478906347812f,1.2246467991473532e-16f,2.6414183864572156e-16f,-0.3971478906347812f,0.9177546256839809f,0f,0.4999999999999999f,-1.1239252647465647e-16f,-4.8636589305400785e-17f,-1f,-2.2280937499999998f,0f,0f,0f,1f], start_interpolation: 0, interpolation_duration: 1 }
$data merge entity $(bone_bone11) { transformation: [0.745999263083495f,-0.6659467692532807f,1.2246467991473532e-16f,0.5450184919451931f,-0.6659467692532807f,-0.745999263083495f,0f,0.358720076639212f,9.135856097014864e-17f,-8.155495793685513e-17f,-1f,-1.8843437499999998f,0f,0f,0f,1f], start_interpolation: 0, interpolation_duration: 1 }
$data merge entity $(bone_arm2) { transformation: [-0.9569149999715514f,-0.29036818494705285f,1.2246467991473532e-16f,1.0505046541770402f,-0.29036818494705285f,0.9569149999715514f,0f,0.5121057999766835f,-1.1718828917712501e-16f,-3.5559846826963494e-17f,-1f,-1.8843437499999998f,0f,0f,0f,1f], start_interpolation: 0, interpolation_duration: 1 }
$data merge entity $(bone_small_arm_base2) { transformation: [-0.9998766324816607f,-0.015707317311821012f,1.2246467991473532e-16f,1.067238214544516f,-0.015707317311821012f,0.9998766324816607f,0f,0.5123686717489702f,-1.2244957175109002e-16f,-1.9235915869113403e-18f,-1f,-1.7905937499999998f,0f,0f,0f,1f], start_interpolation: 0, interpolation_duration: 1 }
$data merge entity $(bone_bone2) { transformation: [0.39714789063478095f,-0.917754625683981f,1.2246467991473532e-16f,2.6414183864572156e-16f,-0.917754625683981f,-0.39714789063478095f,0f,0.4999999999999999f,4.863658930540076e-17f,-1.1239252647465647e-16f,-1f,-2.2280937499999998f,0f,0f,0f,1f], start_interpolation: 0, interpolation_duration: 1 }
$data merge entity $(bone_ring) { transformation: [0.7145680112680542f,-1.6512692454663818f,2.2034447328268763e-16f,2.220446049250313e-16f,-1.6512692454663818f,-0.7145680112680542f,0f,0.4999999999999999f,8.750934277725124e-17f,-2.0222215959908695e-16f,-1.799249166666667f,-1.8843437499999998f,0f,0f,0f,1f], start_interpolation: 0, interpolation_duration: 1 }
$data merge entity $(bone_wheel) { transformation: [-1f,-9.907600726170932e-17f,7.198293278059947e-17f,1.0625000000000002f,0f,0.5877852522924715f,0.8090169943749487f,-0.625f,-1.2246467991473532e-16f,0.8090169943749487f,-0.5877852522924715f,-2.0093437499999993f,0f,0f,0f,1f], start_interpolation: 0, interpolation_duration: 1 }
$data merge entity $(bone_wheel2) { transformation: [-1f,-9.907600726170932e-17f,7.198293278059947e-17f,1.0625000000000002f,0f,0.5877852522924715f,0.8090169943749487f,-0.625f,-1.2246467991473532e-16f,0.8090169943749487f,-0.5877852522924715f,-1.7593437499999995f,0f,0f,0f,1f], start_interpolation: 0, interpolation_duration: 1 }
$data merge entity $(bone_rails) { transformation: [-1.1373008333333334f,0f,1.3927918252092842e-16f,-0.43749999999999983f,0f,1.1373008333333334f,0f,-1f,-1.3927918252092842e-16f,0f,-1.1373008333333334f,-1.4468437499999998f,0f,0f,0f,1f], start_interpolation: 0, interpolation_duration: 1 }
$data merge entity $(bone_wheel3) { transformation: [-1f,-9.907600726170932e-17f,7.198293278059947e-17f,-1.0625f,0f,0.5877852522924715f,0.8090169943749487f,-0.625f,-1.2246467991473532e-16f,0.8090169943749487f,-0.5877852522924715f,-1.75934375f,0f,0f,0f,1f], start_interpolation: 0, interpolation_duration: 1 }
$data merge entity $(bone_wheel4) { transformation: [-1f,-9.907600726170932e-17f,7.198293278059947e-17f,-1.0625f,0f,0.5877852522924715f,0.8090169943749487f,-0.625f,-1.2246467991473532e-16f,0.8090169943749487f,-0.5877852522924715f,-2.00934375f,0f,0f,0f,1f], start_interpolation: 0, interpolation_duration: 1 }
$data merge entity $(bone_rails2) { transformation: [-1.2038220833333333f,0f,1.4742568610970649e-16f,0.4375000000000001f,0f,1.2038220833333333f,0f,-1f,-1.4742568610970649e-16f,0f,-1.2038220833333333f,-1.4468437499999998f,0f,0f,0f,1f], start_interpolation: 0, interpolation_duration: 1 }
$data merge entity $(bone_bone6) { transformation: [0.1428339965290889f,0.6914422204210322f,-0.7081709576470646f,0.33044955309146784f,0f,0.7155072978025981f,0.6986052582046773f,0.403828216723463f,0.9897466592191803f,-0.09978458102561016f,0.1021987668908741f,-0.0008226060657368292f,0f,0f,0f,1f], start_interpolation: 0, interpolation_duration: 1 }
$data merge entity $(bone_bone5) { transformation: [0.1428339965290889f,-0.5417289910606957f,-0.8283285276265021f,0.219134380545164f,0f,0.8369096474445064f,-0.5473410655289005f,0.33435411509534385f,0.9897466592191803f,0.07817891185398279f,0.11953914967824965f,0.015241697684130862f,0f,0f,0f,1f], start_interpolation: 0, interpolation_duration: 1 }
$data merge entity $(bone_bone4) { transformation: [0.1428339965290889f,-0.5417289910606957f,-0.8283285276265021f,0.9225215150691511f,0f,0.8369096474445064f,-0.5473410655289005f,0.277188822800031f,0.9897466592191803f,0.07817891185398279f,0.11953914967824965f,-0.2757091156870252f,0f,0f,0f,1f], start_interpolation: 0, interpolation_duration: 1 }
$data merge entity $(bone_bone3) { transformation: [0.1428339965290889f,-0.4905629548650285f,-0.8596199373849004f,0.7930522714072672f,0f,0.868525222467598f,-0.4956449716658179f,-0.234375f,0.9897466592191803f,0.0707949521625758f,0.12405492861136307f,-0.19387745831753123f,0f,0f,0f,1f], start_interpolation: 0, interpolation_duration: 1 }
$data merge entity $(bone_octagon) { transformation: [0.1428339965290889f,0f,-0.9897466592191803f,0.859375f,0f,1f,0f,-0.40625f,0.9897466592191803f,0f,0.1428339965290889f,-0.1718749999999999f,0f,0f,0f,1f], start_interpolation: 0, interpolation_duration: 1 }
$data merge entity $(bone_bone10) { transformation: [0.15404569758541042f,-0.7469442921359333f,0.646795290258807f,-0.5474920406680066f,0f,0.6546088824287383f,0.7559677314842205f,0.3542901472936817f,-0.9880637241875772f,-0.11645357654854702f,0.10083968193934091f,-0.02836783081221542f,0f,0f,0f,1f], start_interpolation: 0, interpolation_duration: 1 }
$data merge entity $(bone_bone9) { transformation: [0.15404569758541042f,0.4784193707598745f,0.8645142154627363f,-0.43161106397930704f,0f,0.8749579549371393f,-0.48419890240707786f,0.29329033588375464f,-0.9880637241875772f,0.07458875769138837f,0.13478350852619575f,-0.010301216833884075f,0f,0f,0f,1f], start_interpolation: 0, interpolation_duration: 1 }
$data merge entity $(bone_bone8) { transformation: [0.15404569758541042f,0.4784193707598745f,0.8645142154627363f,-1.0972139936493979f,0f,0.8749579549371393f,-0.48419890240707786f,0.19016601953907264f,-0.9880637241875772f,0.07458875769138837f,0.13478350852619575f,-0.3038382231179658f,0f,0f,0f,1f], start_interpolation: 0, interpolation_duration: 1 }
$data merge entity $(bone_bone7) { transformation: [0.15404569758541042f,0.14058509370188452f,0.9780111218612276f,-0.7928070891887323f,0f,0.9898259574961977f,-0.14228342794132923f,-0.234375f,-0.9880637241875772f,0.02191814991206554f,0.1524784301106486f,-0.19312413528177363f,0f,0f,0f,1f], start_interpolation: 0, interpolation_duration: 1 }
$data merge entity $(bone_octagon2) { transformation: [0.15404569758541042f,0f,0.9880637241875772f,-0.859375f,0f,1f,0f,-0.40625f,-0.9880637241875772f,0f,0.15404569758541042f,-0.171875f,0f,0f,0f,1f], start_interpolation: 0, interpolation_duration: 1 }