# This file was generated by Animated Java via MC-Build. It is not recommended to edit this file directly.
$data merge entity $(bone_bone21) { transformation: [-0.4060909687311502f,-0.9138326570630952f,1.2246467991473532e-16f,-0.5998476489693912f,-0.9138326570630952f,0.4060909687311502f,0f,0.8316085140772157f,-4.973180050192509e-17f,-1.1191222384286404e-16f,-1f,-1.9311562500000004f,0f,0f,0f,1f], start_interpolation: 0, interpolation_duration: 1 }
$data merge entity $(bone_arm4) { transformation: [-0.8506349744163931f,-0.5257567311025346f,1.2246467991473532e-16f,-1.0491918526768378f,-0.5257567311025346f,0.8506349744163931f,0f,0.5538798210580004f,-1.0417273986618264e-16f,-6.438662978748948e-17f,-1f,-1.9311562500000004f,0f,0f,0f,1f], start_interpolation: 0, interpolation_duration: 1 }
$data merge entity $(bone_small_arm_base4) { transformation: [-0.9988898749619703f,0.04710645070964159f,1.2246467991473532e-16f,-1.0659088990404983f,0.04710645070964159f,0.9988898749619703f,0f,0.554668176952158f,-1.2232872880728769e-16f,5.768876408075515e-18f,-1f,-1.8374062500000004f,0f,0f,0f,1f], start_interpolation: 0, interpolation_duration: 1 }
$data merge entity $(bone_bone25) { transformation: [0.3387379202452925f,-0.9408807689542252f,1.2246467991473532e-16f,2.6414183864572156e-16f,-0.9408807689542252f,-0.3387379202452925f,0f,0.4999999999999999f,4.1483430977822887e-17f,-1.1522466220790924e-16f,-1f,-2.2749062500000004f,0f,0f,0f,1f], start_interpolation: 0, interpolation_duration: 1 }
$data merge entity $(bone_bone16) { transformation: [0.9704801704847846f,-0.24118092523212487f,1.2246467991473532e-16f,-0.17057467641706964f,-0.24118092523212487f,-0.9704801704847846f,0f,-0.03399698559801467f,1.188495434420169e-16f,-2.9536144810091874e-17f,-1f,-1.9311562500000004f,0f,0f,0f,1f], start_interpolation: 0, interpolation_duration: 1 }
$data merge entity $(bone_arm3) { transformation: [0.22091021645294093f,-0.9752941485863202f,1.2246467991473532e-16f,-0.05387982105800059f,-0.9752941485863202f,-0.22091021645294093f,0f,-0.5491918526768382f,2.705369894780431e-17f,-1.1943908572933801e-16f,-1f,-1.9311562500000004f,0f,0f,0f,1f], start_interpolation: 0, interpolation_duration: 1 }
$data merge entity $(bone_small_arm_base3) { transformation: [-0.04710645070964181f,-0.9988898749619703f,1.2246467991473532e-16f,-0.05466817695215816f,-0.9988898749619703f,0.04710645070964181f,0f,-0.5659088990404987f,-5.7688764080755395e-18f,-1.2232872880728769e-16f,-1f,-1.8374062500000004f,0f,0f,0f,1f], start_interpolation: 0, interpolation_duration: 1 }
$data merge entity $(bone_bone15) { transformation: [0.9408807689542253f,0.33873792024529226f,1.2246467991473532e-16f,2.6414183864572156e-16f,0.33873792024529226f,-0.9408807689542253f,0f,0.4999999999999999f,1.1522466220790924e-16f,4.148343097782286e-17f,-1f,-2.2749062500000004f,0f,0f,0f,1f], start_interpolation: 0, interpolation_duration: 1 }
$data merge entity $(bone_bone26) { transformation: [-0.3674753565882322f,-0.930033258706565f,1.2246467991473532e-16f,0.26299434417421036f,-0.930033258706565f,0.3674753565882322f,0f,1.0640995351191167f,-4.50027519211311e-17f,-1.1389622533755772e-16f,-1f,-1.9311562500000004f,0f,0f,0f,1f], start_interpolation: 0, interpolation_duration: 1 }
$data merge entity $(bone_arm5) { transformation: [-0.39586607672559493f,0.9183082539637145f,1.2246467991473532e-16f,0.05387982105800054f,0.9183082539637145f,0.39586607672559493f,0f,1.5491918526768378f,-4.847961237530204e-17f,1.124603263847258e-16f,-1f,-1.9311562500000004f,0f,0f,0f,1f], start_interpolation: 0, interpolation_duration: 1 }
$data merge entity $(bone_small_arm_base5) { transformation: [0.04710645070964137f,0.9988898749619703f,1.2246467991473532e-16f,0.054668176952158073f,0.9988898749619703f,-0.04710645070964137f,0f,1.5659088990404983f,5.768876408075496e-18f,1.223287288072877e-16f,-1f,-1.8374062500000004f,0f,0f,0f,1f], start_interpolation: 0, interpolation_duration: 1 }
$data merge entity $(bone_bone20) { transformation: [-0.9408807689542251f,-0.3387379202452927f,1.2246467991473532e-16f,2.6414183864572156e-16f,-0.3387379202452927f,0.9408807689542251f,0f,0.4999999999999999f,-1.1522466220790924e-16f,-4.148343097782291e-17f,-1f,-2.2749062500000004f,0f,0f,0f,1f], start_interpolation: 0, interpolation_duration: 1 }
$data merge entity $(bone_bone11) { transformation: [0.8399962938305681f,-0.542592136278172f,1.2246467991473532e-16f,0.5414692746219696f,-0.542592136278172f,-0.8399962938305681f,0f,0.3003078884279333f,1.0286987725352447e-16f,-6.644837229355878e-17f,-1f,-1.9311562500000004f,0f,0f,0f,1f], start_interpolation: 0, interpolation_duration: 1 }
$data merge entity $(bone_arm2) { transformation: [-0.9611486665031421f,-0.2760312317098054f,1.2246467991473532e-16f,1.0491918526768385f,-0.2760312317098054f,0.9611486665031421f,0f,0.4461201789419993f,-1.1770676379378199e-16f,-3.380407643781145e-17f,-1f,-1.9311562500000004f,0f,0f,0f,1f], start_interpolation: 0, interpolation_duration: 1 }
$data merge entity $(bone_small_arm_base2) { transformation: [-0.9988898749619703f,0.04710645070964159f,1.2246467991473532e-16f,1.0659088990404988f,0.04710645070964159f,0.9988898749619703f,0f,0.44533182304784175f,-1.2232872880728769e-16f,5.768876408075515e-18f,-1f,-1.8374062500000004f,0f,0f,0f,1f], start_interpolation: 0, interpolation_duration: 1 }
$data merge entity $(bone_bone2) { transformation: [0.3387379202452925f,-0.9408807689542252f,1.2246467991473532e-16f,2.6414183864572156e-16f,-0.9408807689542252f,-0.3387379202452925f,0f,0.4999999999999999f,4.1483430977822887e-17f,-1.1522466220790924e-16f,-1f,-2.2749062500000004f,0f,0f,0f,1f], start_interpolation: 0, interpolation_duration: 1 }
$data merge entity $(bone_ring) { transformation: [0.6094739207197424f,-1.6928789394735826f,2.2034447328268763e-16f,2.220446049250313e-16f,-1.6928789394735826f,-0.6094739207197424f,0f,0.4999999999999999f,7.463902861732203e-17f,-2.073178774570289e-16f,-1.799249166666667f,-1.9311562500000004f,0f,0f,0f,1f], start_interpolation: 0, interpolation_duration: 1 }
$data merge entity $(bone_wheel) { transformation: [-1f,-3.7843667304341327e-17f,1.164708318489093e-16f,1.0625000000000002f,0f,0.9510565162951541f,0.309016994374946f,-0.625f,-1.2246467991473532e-16f,0.309016994374946f,-0.9510565162951541f,-2.05615625f,0f,0f,0f,1f], start_interpolation: 0, interpolation_duration: 1 }
$data merge entity $(bone_wheel2) { transformation: [-1f,-3.7843667304341327e-17f,1.164708318489093e-16f,1.0625000000000002f,0f,0.9510565162951541f,0.309016994374946f,-0.625f,-1.2246467991473532e-16f,0.309016994374946f,-0.9510565162951541f,-1.8061562500000001f,0f,0f,0f,1f], start_interpolation: 0, interpolation_duration: 1 }
$data merge entity $(bone_rails) { transformation: [-1.1373008333333334f,0f,1.3927918252092842e-16f,-0.43749999999999983f,0f,1.1373008333333334f,0f,-1f,-1.3927918252092842e-16f,0f,-1.1373008333333334f,-1.4936562500000004f,0f,0f,0f,1f], start_interpolation: 0, interpolation_duration: 1 }
$data merge entity $(bone_wheel3) { transformation: [-1f,-3.7843667304341327e-17f,1.164708318489093e-16f,-1.0625f,0f,0.9510565162951541f,0.309016994374946f,-0.625f,-1.2246467991473532e-16f,0.309016994374946f,-0.9510565162951541f,-1.8061562500000006f,0f,0f,0f,1f], start_interpolation: 0, interpolation_duration: 1 }
$data merge entity $(bone_wheel4) { transformation: [-1f,-3.7843667304341327e-17f,1.164708318489093e-16f,-1.0625f,0f,0.9510565162951541f,0.309016994374946f,-0.625f,-1.2246467991473532e-16f,0.309016994374946f,-0.9510565162951541f,-2.056156250000001f,0f,0f,0f,1f], start_interpolation: 0, interpolation_duration: 1 }
$data merge entity $(bone_rails2) { transformation: [-1.2038220833333333f,0f,1.4742568610970649e-16f,0.4375000000000001f,0f,1.2038220833333333f,0f,-1f,-1.4742568610970649e-16f,0f,-1.2038220833333333f,-1.4936562500000004f,0f,0f,0f,1f], start_interpolation: 0, interpolation_duration: 1 }
$data merge entity $(bone_bone6) { transformation: [0.1550010042359461f,-0.02780810689048463f,-0.987522859419981f,0.3282961415554994f,0f,0.9996037581439094f,-0.028148298431210583f,0.18722540884594824f,0.9879143124207931f,0.004363014524370726f,0.15493958635033173f,0.006346688028731779f,0f,0f,0f,1f], start_interpolation: 0, interpolation_duration: 1 }
$data merge entity $(bone_bone5) { transformation: [0.1550010042359461f,-0.7859953631868111f,-0.5984864056389929f,0.246520866723013f,0f,0.6058080120050666f,-0.7956108675668458f,0.08415277528761012f,0.9879143124207931f,0.1233204834538934f,0.09390085023496741f,0.019177000902371955f,0f,0f,0f,1f], start_interpolation: 0, interpolation_duration: 1 }
$data merge entity $(bone_bone4) { transformation: [0.1550010042359461f,-0.7859953631868111f,-0.5984864056389929f,0.9226437231377613f,0f,0.6058080120050666f,-0.7956108675668458f,0.2767980807021819f,0.9879143124207931f,0.1233204834538934f,0.09390085023496741f,-0.2766985806699902f,0f,0f,0f,1f], start_interpolation: 0, interpolation_duration: 1 }
$data merge entity $(bone_bone3) { transformation: [0.1550010042359461f,-0.4872673209849785f,-0.8593865524814606f,0.7927865740913271f,0f,0.8698998907866948f,-0.49322832441912373f,-0.234375f,0.9879143124207931f,0.07645088560257719f,0.13483535665667754f,-0.19305975949840304f,0f,0f,0f,1f], start_interpolation: 0, interpolation_duration: 1 }
$data merge entity $(bone_octagon) { transformation: [0.1550010042359461f,0f,-0.9879143124207931f,0.859375f,0f,1f,0f,-0.40625f,0.9879143124207931f,0f,0.1550010042359461f,-0.1718749999999999f,0f,0f,0f,1f], start_interpolation: 0, interpolation_duration: 1 }
$data merge entity $(bone_bone10) { transformation: [0.12397385004890506f,0.18474478806881345f,0.9749358172646345f,-0.5204402975687299f,0f,0.982515447041135f,-0.18618108476845513f,0.1788719683113591f,-0.9922854853841467f,0.023081585885026935f,0.12180622270221057f,-0.03505042483953216f,0f,0f,0f,1f], start_interpolation: 0, interpolation_duration: 1 }
$data merge entity $(bone_bone9) { transformation: [0.12397385004890506f,0.7099295562064558f,0.6932752048995812f,-0.426398269915796f,0f,0.698665066768755f,-0.7154488971806521f,0.08670999628526893f,-0.9922854853841467f,0.08869695429672864f,0.08661619822199786f,-0.02330103174020015f,0f,0f,0f,1f], start_interpolation: 0, interpolation_duration: 1 }
$data merge entity $(bone_bone8) { transformation: [0.12397385004890506f,0.7099295562064558f,0.6932752048995812f,-1.1011111650925531f,0f,0.698665066768755f,-0.7154488971806521f,0.19016601953907292f,-0.9922854853841467f,0.08869695429672864f,0.08661619822199786f,-0.2965558150526215f,0f,0f,0f,1f], start_interpolation: 0, interpolation_duration: 1 }
$data merge entity $(bone_bone7) { transformation: [0.12397385004890506f,0.14118578035688317f,0.9821899306799421f,-0.7934829743494626f,0f,0.9898259574961975f,-0.14228342794133028f,-0.234375f,-0.9922854853841467f,0.017639424360042667f,0.12271253482914746f,-0.19513555579019803f,0f,0f,0f,1f], start_interpolation: 0, interpolation_duration: 1 }
$data merge entity $(bone_octagon2) { transformation: [0.12397385004890506f,0f,0.9922854853841467f,-0.859375f,0f,1f,0f,-0.40625f,-0.9922854853841467f,0f,0.12397385004890506f,-0.171875f,0f,0f,0f,1f], start_interpolation: 0, interpolation_duration: 1 }