# This file was generated by Animated Java via MC-Build. It is not recommended to edit this file directly.
$data merge entity $(bone_bone21) { transformation: [-0.05877239555751122f,0.9982714087463549f,1.2246467991473532e-16f,0.7882176435521686f,0.9982714087463549f,0.05877239555751122f,0f,0.6756103487143219f,-7.197542609772813e-18f,1.2225298854015427e-16f,-1f,-1.7760625f,0f,0f,0f,1f], start_interpolation: 0, interpolation_duration: 1 }
$data merge entity $(bone_arm4) { transformation: [-0.015576433632494946f,0.9998786799983751f,1.2246467991473532e-16f,0.7799894606327002f,0.9998786799983751f,0.015576433632494946f,0f,1.2037918869542386f,-1.9075629590166007e-18f,1.2244982249956907e-16f,-1f,-1.7760625f,0f,0f,0f,1f], start_interpolation: 0, interpolation_duration: 1 }
$data merge entity $(bone_small_arm_base4) { transformation: [0.7396310949786098f,0.6730125135097735f,1.2246467991473532e-16f,0.7923676492766016f,0.6730125135097735f,-0.7396310949786098f,0f,1.2150551720006455f,9.057868530154065e-17f,8.242026204558588e-17f,-1f,-1.6823125f,0f,0f,0f,1f], start_interpolation: 0, interpolation_duration: 1 }
$data merge entity $(bone_bone25) { transformation: [-0.9048270524660196f,0.4257792915650726f,1.2246467991473532e-16f,2.6414183864572156e-16f,0.4257792915650726f,0.9048270524660196f,0f,0.4999999999999999f,-1.108093553584445e-16f,5.214292465583938e-17f,-1f,-2.1198125f,0f,0f,0f,1f], start_interpolation: 0, interpolation_duration: 1 }
$data merge entity $(bone_bone16) { transformation: [-0.20516736072267058f,-0.978726904756426f,1.2246467991473532e-16f,-0.5853402727976168f,-0.978726904756426f,0.20516736072267058f,0f,0.7651956616846829f,-2.5125755159852892e-17f,-1.1985947711493533e-16f,-1f,-1.7760625f,0f,0f,0f,1f], start_interpolation: 0, interpolation_duration: 1 }
$data merge entity $(bone_arm3) { transformation: [-0.22423586405778811f,0.9745349030538913f,1.2246467991473532e-16f,-0.7037918869542381f,0.9745349030538913f,0.22423586405778811f,0f,1.2799894606327f,-2.746097331724111e-17f,1.193461049682324e-16f,-1f,-1.7760625f,0f,0f,0f,1f], start_interpolation: 0, interpolation_duration: 1 }
$data merge entity $(bone_small_arm_base3) { transformation: [-0.6730125135097733f,0.7396310949786099f,1.2246467991473532e-16f,-0.7150551720006452f,0.7396310949786099f,0.6730125135097733f,0f,1.2923676492766014f,-8.242026204558585e-17f,9.057868530154065e-17f,-1f,-1.6823125f,0f,0f,0f,1f], start_interpolation: 0, interpolation_duration: 1 }
$data merge entity $(bone_bone15) { transformation: [-0.4257792915650728f,-0.9048270524660195f,1.2246467991473532e-16f,2.6414183864572156e-16f,-0.9048270524660195f,0.4257792915650728f,0f,0.4999999999999999f,-5.2142924655839405e-17f,-1.1080935535844449e-16f,-1f,-2.1198125f,0f,0f,0f,1f], start_interpolation: 0, interpolation_duration: 1 }
$data merge entity $(bone_bone26) { transformation: [-0.48175367410171516f,0.8763066800438637f,1.2246467991473532e-16f,0.4215225961805915f,0.8763066800438637f,0.48175367410171516f,0f,0.16651640474622514f,-5.899780949661425e-17f,1.0731661707871615e-16f,-1f,-1.7760625f,0f,0f,0f,1f], start_interpolation: 0, interpolation_duration: 1 }
$data merge entity $(bone_arm5) { transformation: [0.534352349389827f,-0.845261833221856f,1.2246467991473532e-16f,0.703791886954239f,-0.845261833221856f,-0.534352349389827f,0f,-0.2799894606326999f,6.543928942971196e-17f,-1.0351471984965698e-16f,-1f,-1.7760625f,0f,0f,0f,1f], start_interpolation: 0, interpolation_duration: 1 }
$data merge entity $(bone_small_arm_base5) { transformation: [0.6730125135097738f,-0.7396310949786096f,1.2246467991473532e-16f,0.715055172000646f,-0.7396310949786096f,-0.6730125135097738f,0f,-0.2923676492766013f,8.24202620455859e-17f,-9.057868530154063e-17f,-1f,-1.6823125f,0f,0f,0f,1f], start_interpolation: 0, interpolation_duration: 1 }
$data merge entity $(bone_bone20) { transformation: [0.4257792915650724f,0.9048270524660197f,1.2246467991473532e-16f,2.6414183864572156e-16f,0.9048270524660197f,-0.4257792915650724f,0f,0.4999999999999999f,5.2142924655839356e-17f,1.1080935535844452e-16f,-1f,-2.1198125f,0f,0f,0f,1f], start_interpolation: 0, interpolation_duration: 1 }
$data merge entity $(bone_bone11) { transformation: [-0.9762369875407984f,0.21670566249470152f,1.2246467991473532e-16f,-0.2587785058162204f,0.21670566249470152f,0.9762369875407984f,0f,-0.11786994033444549f,-1.195545502001093e-16f,2.65387895931243e-17f,-1f,-1.7760625f,0f,0f,0f,1f], start_interpolation: 0, interpolation_duration: 1 }
$data merge entity $(bone_arm2) { transformation: [0.9866829560897536f,0.16265529244997196f,1.2246467991473532e-16f,-0.7799894606326998f,0.16265529244997196f,-0.9866829560897536f,0f,-0.2037918869542387f,1.2083381239485651e-16f,1.9919528326323457e-17f,-1f,-1.7760625f,0f,0f,0f,1f], start_interpolation: 0, interpolation_duration: 1 }
$data merge entity $(bone_small_arm_base2) { transformation: [0.7396310949786098f,0.6730125135097735f,1.2246467991473532e-16f,-0.7923676492766012f,0.6730125135097735f,-0.7396310949786098f,0f,-0.21505517200064572f,9.057868530154065e-17f,8.242026204558588e-17f,-1f,-1.6823125f,0f,0f,0f,1f], start_interpolation: 0, interpolation_duration: 1 }
$data merge entity $(bone_bone2) { transformation: [-0.9048270524660196f,0.4257792915650726f,1.2246467991473532e-16f,2.6414183864572156e-16f,0.4257792915650726f,0.9048270524660196f,0f,0.4999999999999999f,-1.108093553584445e-16f,5.214292465583938e-17f,-1f,-2.1198125f,0f,0f,0f,1f], start_interpolation: 0, interpolation_duration: 1 }
$data merge entity $(bone_ring) { transformation: [-1.6280093201269423f,0.7660830355323808f,2.2034447328268763e-16f,2.220446049250313e-16f,0.7660830355323808f,1.6280093201269423f,0f,0.4999999999999999f,-1.9937364028755184e-16f,9.381811373458181e-17f,-1.799249166666667f,-1.7760625f,0f,0f,0f,1f], start_interpolation: 0, interpolation_duration: 1 }
$data merge entity $(bone_wheel) { transformation: [-1f,-1.164708318489092e-16f,-3.784366730434164e-17f,1.0625000000000002f,0f,-0.30901699437494856f,0.9510565162951533f,-0.625f,-1.2246467991473532e-16f,0.9510565162951533f,0.30901699437494856f,-1.9010624999999999f,0f,0f,0f,1f], start_interpolation: 0, interpolation_duration: 1 }
$data merge entity $(bone_wheel2) { transformation: [-1f,-1.164708318489092e-16f,-3.784366730434164e-17f,1.0625000000000002f,0f,-0.30901699437494856f,0.9510565162951533f,-0.625f,-1.2246467991473532e-16f,0.9510565162951533f,0.30901699437494856f,-1.6510624999999999f,0f,0f,0f,1f], start_interpolation: 0, interpolation_duration: 1 }
$data merge entity $(bone_rails) { transformation: [-1.1373008333333334f,0f,1.3927918252092842e-16f,-0.43749999999999983f,0f,1.1373008333333334f,0f,-1f,-1.3927918252092842e-16f,0f,-1.1373008333333334f,-1.3385625f,0f,0f,0f,1f], start_interpolation: 0, interpolation_duration: 1 }
$data merge entity $(bone_wheel3) { transformation: [-1f,-1.164708318489092e-16f,-3.784366730434164e-17f,-1.0625f,0f,-0.30901699437494856f,0.9510565162951533f,-0.625f,-1.2246467991473532e-16f,0.9510565162951533f,0.30901699437494856f,-1.6510625000000003f,0f,0f,0f,1f], start_interpolation: 0, interpolation_duration: 1 }
$data merge entity $(bone_wheel4) { transformation: [-1f,-1.164708318489092e-16f,-3.784366730434164e-17f,-1.0625f,0f,-0.30901699437494856f,0.9510565162951533f,-0.625f,-1.2246467991473532e-16f,0.9510565162951533f,0.30901699437494856f,-1.9010625000000003f,0f,0f,0f,1f], start_interpolation: 0, interpolation_duration: 1 }
$data merge entity $(bone_rails2) { transformation: [-1.2038220833333333f,0f,1.4742568610970649e-16f,0.4375000000000001f,0f,1.2038220833333333f,0f,-1f,-1.4742568610970649e-16f,0f,-1.2038220833333333f,-1.3385625f,0f,0f,0f,1f], start_interpolation: 0, interpolation_duration: 1 }
$data merge entity $(bone_bone6) { transformation: [0.9429553052541759f,0.018244079349101827f,-0.3324190816750869f,0.7593185522152499f,0f,0.9984973346899197f,0.05480029760071026f,0.21442024887275196f,0.3329193480304268f,-0.05167423135209753f,0.9415383590280143f,0.3931229773669584f,0f,0f,0f,1f], start_interpolation: 0, interpolation_duration: 1 }
$data merge entity $(bone_bone5) { transformation: [0.9429553052541759f,-0.16799772168595073f,-0.2874231337268005f,0.7207613339553199f,0f,0.8633416334232753f,-0.5046198807003455f,0.15068209715406541f,0.3329193480304268f,0.47583399364312007f,0.8140925734832835f,0.5023318104646408f,0f,0f,0f,1f], start_interpolation: 0, interpolation_duration: 1 }
$data merge entity $(bone_bone4) { transformation: [0.9429553052541759f,-0.16799772168595073f,-0.2874231337268005f,0.91484398598363f,0f,0.8633416334232753f,-0.5046198807003455f,-0.04313816445684879f,0.3329193480304268f,0.47583399364312007f,0.8140925734832835f,-0.6105841812909143f,0f,0f,0f,1f], start_interpolation: 0, interpolation_duration: 1 }
$data merge entity $(bone_bone3) { transformation: [0.9429553052541759f,0.1346827499929105f,-0.30445993028205137f,0.8091001874589053f,0f,0.9145155788729517f,0.40455068409121514f,-0.234375f,0.3329193480304268f,-0.38147321380801746f,0.8623473168358435f,-0.12334402304756473f,0f,0f,0f,1f], start_interpolation: 0, interpolation_duration: 1 }
$data merge entity $(bone_octagon) { transformation: [0.9429553052541759f,0f,-0.3329193480304268f,0.859375f,0f,1f,0f,-0.40625f,0.3329193480304268f,0f,0.9429553052541759f,-0.1718749999999999f,0f,0f,0f,1f], start_interpolation: 0, interpolation_duration: 1 }
$data merge entity $(bone_bone10) { transformation: [-0.17047091208041087f,0.40783818760725643f,0.8969992646951841f,-0.5112537053367014f,0f,0.9103239411975944f,-0.41389651131953137f,0.7775758020690687f,-0.9853627089221881f,-0.07055731579154059f,-0.15518375254458822f,-0.13695847122069646f,0f,0f,0f,1f], start_interpolation: 0, interpolation_duration: 1 }
$data merge entity $(bone_bone9) { transformation: [-0.17047091208041087f,-0.08593623425522312f,0.9816081864860868f,-0.38182581521719694f,0f,0.9961897051693707f,0.08721279329641174f,0.7925031240703303f,-0.9853627089221881f,0.014867244418319658f,-0.1698213676453382f,-0.1593499117304037f,0f,0f,0f,1f], start_interpolation: 0, interpolation_duration: 1 }
$data merge entity $(bone_bone8) { transformation: [-0.17047091208041087f,-0.08593623425522312f,0.9816081864860868f,-0.9655084522996307f,0f,0.9961897051693707f,0.08721279329641174f,0.2731058141242567f,-0.9853627089221881f,0.014867244418319658f,-0.1698213676453382f,-0.24865620239296943f,0f,0f,0f,1f], start_interpolation: 0, interpolation_duration: 1 }
$data merge entity $(bone_bone7) { transformation: [-0.17047091208041087f,0.4644209281757147f,0.8690528577749921f,-0.803117046694876f,0f,0.8819623981158995f,-0.4713197728821184f,-0.234375f,-0.9853627089221881f,-0.08034631156474682f,-0.15034893442744385f,-0.21332201665884407f,0f,0f,0f,1f], start_interpolation: 0, interpolation_duration: 1 }
$data merge entity $(bone_octagon2) { transformation: [-0.17047091208041087f,0f,0.9853627089221881f,-0.859375f,0f,1f,0f,-0.40625f,-0.9853627089221881f,0f,-0.17047091208041087f,-0.171875f,0f,0f,0f,1f], start_interpolation: 0, interpolation_duration: 1 }