# This file was generated by Animated Java via MC-Build. It is not recommended to edit this file directly.
$data merge entity $(bone_bone21) { transformation: [-0.12169515717125051f,-0.9925675235071239f,1.2246467991473532e-16f,-0.4922887905266272f,-0.9925675235071239f,0.12169515717125051f,0f,0.7446265540817834f,-1.490335847015061e-17f,-1.2155446406006142e-16f,-1f,-1.80078125f,0f,0f,0f,1f], start_interpolation: 0, interpolation_duration: 1 }
$data merge entity $(bone_arm4) { transformation: [-0.999957014744327f,0.009271928796858814f,1.2246467991473532e-16f,-1.0205117087533784f,0.009271928796858814f,0.999957014744327f,0f,0.7495244099040356f,-1.2245941573915826e-16f,1.1354837922995396e-18f,-1f,-1.80078125f,0f,0f,0f,1f], start_interpolation: 0, interpolation_duration: 1 }
$data merge entity $(bone_small_arm_base4) { transformation: [-0.9723699203976768f,0.23344536385590514f,1.2246467991473532e-16f,-1.0367849271024339f,0.23344536385590514f,0.9723699203976768f,0f,0.7534312639715166f,-1.1908097106021814e-16f,2.858881176219235e-17f,-1f,-1.70703125f,0f,0f,0f,1f], start_interpolation: 0, interpolation_duration: 1 }
$data merge entity $(bone_bone25) { transformation: [0.15643446504023117f,-0.9876883405951377f,1.2246467991473532e-16f,2.6414183864572156e-16f,-0.9876883405951377f,-0.15643446504023117f,0f,0.4999999999999999f,1.9157696688784763e-17f,-1.2095693648649962e-16f,-1f,-2.14453125f,0f,0f,0f,1f], start_interpolation: 0, interpolation_duration: 1 }
$data merge entity $(bone_bone16) { transformation: [-0.39174755643424763f,-0.9200727427914578f,1.2246467991473532e-16f,-0.38481763850868433f,-0.9200727427914578f,0.39174755643424763f,0f,-0.00988544363830357f,-4.7975239106099836e-17f,-1.1267641394422847e-16f,-1f,-1.80078125f,0f,0f,0f,1f], start_interpolation: 0, interpolation_duration: 1 }
$data merge entity $(bone_arm3) { transformation: [0.2561180295712788f,-0.9666455166856802f,1.2246467991473532e-16f,-0.2495244099040357f,-0.9666455166856802f,-0.2561180295712788f,0f,-0.5205117087533786f,3.136541251183938e-17f,-1.1837993379192576e-16f,-1f,-1.80078125f,0f,0f,0f,1f], start_interpolation: 0, interpolation_duration: 1 }
$data merge entity $(bone_small_arm_base3) { transformation: [-0.23344536385590534f,-0.9723699203976767f,1.2246467991473532e-16f,-0.2534312639715167f,-0.9723699203976767f,0.23344536385590534f,0f,-0.536784927102434f,-2.8588811762192377e-17f,-1.1908097106021814e-16f,-1f,-1.70703125f,0f,0f,0f,1f], start_interpolation: 0, interpolation_duration: 1 }
$data merge entity $(bone_bone15) { transformation: [0.9876883405951377f,0.15643446504023095f,1.2246467991473532e-16f,2.6414183864572156e-16f,0.15643446504023095f,-0.9876883405951377f,0f,0.4999999999999999f,1.2095693648649962e-16f,1.9157696688784735e-17f,-1f,-2.14453125f,0f,0f,0f,1f], start_interpolation: 0, interpolation_duration: 1 }
$data merge entity $(bone_bone26) { transformation: [-0.8963637719554612f,-0.4433192848566124f,1.2246467991473532e-16f,0.5657186624901858f,-0.4433192848566124f,0.8963637719554612f,0f,1.0973514141094614f,-1.0977290241969039e-16f,-5.4290954319994397e-17f,-1f,-1.80078125f,0f,0f,0f,1f], start_interpolation: 0, interpolation_duration: 1 }
$data merge entity $(bone_arm5) { transformation: [-0.5985742950282836f,0.8010672963811428f,1.2246467991473532e-16f,0.24952440990403574f,0.8010672963811428f,0.5985742950282836f,0f,1.5205117087533784f,-7.33042094458271e-17f,9.810245004147908e-17f,-1f,-1.80078125f,0f,0f,0f,1f], start_interpolation: 0, interpolation_duration: 1 }
$data merge entity $(bone_small_arm_base5) { transformation: [0.23344536385590495f,0.9723699203976769f,1.2246467991473532e-16f,0.2534312639715167f,0.9723699203976769f,-0.23344536385590495f,0f,1.5367849271024339f,2.858881176219233e-17f,1.1908097106021816e-16f,-1f,-1.70703125f,0f,0f,0f,1f], start_interpolation: 0, interpolation_duration: 1 }
$data merge entity $(bone_bone20) { transformation: [-0.9876883405951377f,-0.1564344650402314f,1.2246467991473532e-16f,2.6414183864572156e-16f,-0.1564344650402314f,0.9876883405951377f,0f,0.4999999999999999f,-1.2095693648649962e-16f,-1.915769668878479e-17f,-1f,-2.14453125f,0f,0f,0f,1f], start_interpolation: 0, interpolation_duration: 1 }
$data merge entity $(bone_bone11) { transformation: [0.9941959521413124f,-0.10758442613050104f,1.2246467991473532e-16f,0.5067625266207858f,-0.10758442613050104f,-0.9941959521413124f,0f,0.12757230214266146f,1.217538890515113e-16f,-1.3175292309882296e-17f,-1f,-1.80078125f,0f,0f,0f,1f], start_interpolation: 0, interpolation_duration: 1 }
$data merge entity $(bone_arm2) { transformation: [-0.972557382056109f,-0.23266314406920585f,1.2246467991473532e-16f,1.0205117087533788f,-0.23266314406920585f,0.972557382056109f,0f,0.25047559009596415f,-1.1910392849221432e-16f,-2.8493017466391235e-17f,-1f,-1.80078125f,0f,0f,0f,1f], start_interpolation: 0, interpolation_duration: 1 }
$data merge entity $(bone_small_arm_base2) { transformation: [-0.9723699203976768f,0.23344536385590514f,1.2246467991473532e-16f,1.0367849271024343f,0.23344536385590514f,0.9723699203976768f,0f,0.24656873602848317f,-1.1908097106021814e-16f,2.858881176219235e-17f,-1f,-1.70703125f,0f,0f,0f,1f], start_interpolation: 0, interpolation_duration: 1 }
$data merge entity $(bone_bone2) { transformation: [0.15643446504023117f,-0.9876883405951377f,1.2246467991473532e-16f,2.6414183864572156e-16f,-0.9876883405951377f,-0.15643446504023117f,0f,0.4999999999999999f,1.9157696688784763e-17f,-1.2095693648649962e-16f,-1f,-2.14453125f,0f,0f,0f,1f], start_interpolation: 0, interpolation_duration: 1 }
$data merge entity $(bone_ring) { transformation: [0.28146458086158177f,-1.7770974237421846f,2.2034447328268763e-16f,2.220446049250313e-16f,-1.7770974237421846f,-0.28146458086158177f,0f,0.4999999999999999f,3.446946980254875e-17f,-2.1763166717588742e-16f,-1.799249166666667f,-1.80078125f,0f,0f,0f,1f], start_interpolation: 0, interpolation_duration: 1 }
$data merge entity $(bone_wheel) { transformation: [-1f,-1.2246467991473532e-16f,-2.719262146893782e-32f,1.0625000000000002f,0f,-2.220446049250313e-16f,1f,-0.625f,-1.2246467991473532e-16f,1f,2.220446049250313e-16f,-1.9257812499999998f,0f,0f,0f,1f], start_interpolation: 0, interpolation_duration: 1 }
$data merge entity $(bone_wheel2) { transformation: [-1f,-1.2246467991473532e-16f,-2.719262146893782e-32f,1.0625000000000002f,0f,-2.220446049250313e-16f,1f,-0.625f,-1.2246467991473532e-16f,1f,2.220446049250313e-16f,-1.6757812499999998f,0f,0f,0f,1f], start_interpolation: 0, interpolation_duration: 1 }
$data merge entity $(bone_rails) { transformation: [-1.1373008333333334f,0f,1.3927918252092842e-16f,-0.43749999999999983f,0f,1.1373008333333334f,0f,-1f,-1.3927918252092842e-16f,0f,-1.1373008333333334f,-1.36328125f,0f,0f,0f,1f], start_interpolation: 0, interpolation_duration: 1 }
$data merge entity $(bone_wheel3) { transformation: [-1f,-1.2246467991473532e-16f,-2.719262146893782e-32f,-1.0625f,0f,-2.220446049250313e-16f,1f,-0.625f,-1.2246467991473532e-16f,1f,2.220446049250313e-16f,-1.6757812500000002f,0f,0f,0f,1f], start_interpolation: 0, interpolation_duration: 1 }
$data merge entity $(bone_wheel4) { transformation: [-1f,-1.2246467991473532e-16f,-2.719262146893782e-32f,-1.0625f,0f,-2.220446049250313e-16f,1f,-0.625f,-1.2246467991473532e-16f,1f,2.220446049250313e-16f,-1.9257812500000002f,0f,0f,0f,1f], start_interpolation: 0, interpolation_duration: 1 }
$data merge entity $(bone_rails2) { transformation: [-1.2038220833333333f,0f,1.4742568610970649e-16f,0.4375000000000001f,0f,1.2038220833333333f,0f,-1f,-1.4742568610970649e-16f,0f,-1.2038220833333333f,-1.36328125f,0f,0f,0f,1f], start_interpolation: 0, interpolation_duration: 1 }
$data merge entity $(bone_bone6) { transformation: [0.1743368659357344f,0.7685585985107691f,-0.6155683047646847f,0.4109740567233869f,0f,0.6251416804697683f,0.7805112935374057f,0.597562561120011f,0.9846860703674575f,-0.13607189274275733f,0.10898524133889767f,0.0027215747939492857f,0f,0f,0f,1f], start_interpolation: 0, interpolation_duration: 1 }
$data merge entity $(bone_bone5) { transformation: [0.1743368659357344f,-0.2461103639122555f,-0.9534339756641161f,0.2841355022579092f,0f,0.9682618698041713f,-0.24993789525266052f,0.5678394139141996f,0.9846860703674575f,0.043573389336922695f,0.1688037397867333f,0.025178108638363783f,0f,0f,0f,1f], start_interpolation: 0, interpolation_duration: 1 }
$data merge entity $(bone_bone4) { transformation: [0.1743368659357344f,-0.2461103639122555f,-0.9534339756641161f,0.9229507099873145f,0f,0.9682618698041713f,-0.24993789525266052f,0.27612575945657136f,0.9846860703674575f,0.043573389336922695f,0.1688037397867333f,-0.278338971801395f,0f,0f,0f,1f], start_interpolation: 0, interpolation_duration: 1 }
$data merge entity $(bone_bone3) { transformation: [0.1743368659357344f,-0.481627088242851f,-0.8588608764208662f,0.7923840935415423f,0f,0.8722179608983025f,-0.4891173976525545f,-0.234375f,0.9846860703674575f,0.08527119418138868f,0.15205974571586697f,-0.19175038557799953f,0f,0f,0f,1f], start_interpolation: 0, interpolation_duration: 1 }
$data merge entity $(bone_octagon) { transformation: [0.1743368659357344f,0f,-0.9846860703674575f,0.859375f,0f,1f,0f,-0.40625f,0.9846860703674575f,0f,0.1743368659357344f,-0.1718749999999999f,0f,0f,0f,1f], start_interpolation: 0, interpolation_duration: 1 }
$data merge entity $(bone_bone10) { transformation: [-0.0549822811758741f,-0.6523982974881457f,0.7558792298980479f,-0.8777878804823687f,0f,0.7570243577110187f,0.6533866556888193f,0.6332942615191687f,-0.9984873302935281f,0.035924688819646694f,-0.04162292609265273f,-0.07696905648233734f,0f,0f,0f,1f], start_interpolation: 0, interpolation_duration: 1 }
$data merge entity $(bone_bone9) { transformation: [-0.0549822811758741f,-0.24371010209758748f,0.9682883531739296f,-0.750659029068435f,0f,0.9697552725974792f,0.24407931348106673f,0.6688615147003247f,-0.9984873302935281f,0.01342003744303033f,-0.05331935706974104f,-0.08396948006503019f,0f,0f,0f,1f], start_interpolation: 0, interpolation_duration: 1 }
$data merge entity $(bone_bone8) { transformation: [-0.0549822811758741f,-0.24371010209758748f,0.9682883531739296f,-1.206111074042031f,0f,0.9697552725974792f,0.24407931348106673f,0.10848018101999163f,-0.9984873302935281f,0.01342003744303033f,-0.05331935706974104f,-0.24667380557046908f,0f,0f,0f,1f], start_interpolation: 0, interpolation_duration: 1 }
$data merge entity $(bone_bone7) { transformation: [-0.0549822811758741f,-0.082200518601577f,0.9950979969321258f,-0.7986877381434005f,0f,0.9966055319295779f,0.08232504920960017f,-0.234375f,-0.9984873302935281f,0.004526419003459908f,-0.05479564557798362f,-0.2065141216451649f,0f,0f,0f,1f], start_interpolation: 0, interpolation_duration: 1 }
$data merge entity $(bone_octagon2) { transformation: [-0.0549822811758741f,0f,0.9984873302935281f,-0.859375f,0f,1f,0f,-0.40625f,-0.9984873302935281f,0f,-0.0549822811758741f,-0.171875f,0f,0f,0f,1f], start_interpolation: 0, interpolation_duration: 1 }