# This file was generated by Animated Java via MC-Build. It is not recommended to edit this file directly.
$data merge entity $(bone_bone21) { transformation: [-0.10178338528494232f,-0.9948065854626903f,1.2246467991473532e-16f,-0.48842295113981027f,-0.9948065854626903f,0.10178338528494232f,0f,0.7126664084452656f,-1.2464869699558643e-17f,-1.2182867006575914e-16f,-1f,-1.7485f,0f,0f,0f,1f], start_interpolation: 0, interpolation_duration: 1 }
$data merge entity $(bone_arm4) { transformation: [-0.99148468208445f,0.13022336653572314f,1.2246467991473532e-16f,-1.0121703967054367f,0.13022336653572314f,0.99148468208445f,0f,0.7814563320905328f,-1.2142185423183527e-16f,1.5947762900216592e-17f,-1f,-1.7485f,0f,0f,0f,1f], start_interpolation: 0, interpolation_duration: 1 }
$data merge entity $(bone_small_arm_base4) { transformation: [-0.9645574184577983f,0.2638730499653725f,1.2246467991473532e-16f,-1.0283128679517146f,0.2638730499653725f,0.9645574184577983f,0f,0.7858724125023595f,-1.1812421551081767e-16f,3.23151286021343e-17f,-1f,-1.65475f,0f,0f,0f,1f], start_interpolation: 0, interpolation_duration: 1 }
$data merge entity $(bone_bone25) { transformation: [0.1253332335643047f,-0.9921147013144778f,1.2246467991473532e-16f,2.6414183864572156e-16f,-0.9921147013144778f,-0.1253332335643047f,0f,0.4999999999999999f,1.5348894331131338e-17f,-1.2149900933518075e-16f,-1f,-2.09225f,0f,0f,0f,1f], start_interpolation: 0, interpolation_duration: 1 }
$data merge entity $(bone_bone16) { transformation: [-0.42954597454417076f,-0.903044990990426f,1.2246467991473532e-16f,-0.41337256270224376f,-0.903044990990426f,0.42954597454417076f,0f,-0.0006613074090311422f,-5.260421028121493e-17f,-1.1059111577024754e-16f,-1f,-1.7485f,0f,0f,0f,1f], start_interpolation: 0, interpolation_duration: 1 }
$data merge entity $(bone_arm3) { transformation: [0.2497251739883524f,-0.9683167547225893f,1.2246467991473532e-16f,-0.28145633209053283f,-0.9683167547225893f,-0.2497251739883524f,0f,-0.512170396705437f,3.058251349913515e-17f,-1.1858460142317716e-16f,-1f,-1.7485f,0f,0f,0f,1f], start_interpolation: 0, interpolation_duration: 1 }
$data merge entity $(bone_small_arm_base3) { transformation: [-0.2638730499653727f,-0.9645574184577982f,1.2246467991473532e-16f,-0.2858724125023596f,-0.9645574184577982f,0.2638730499653727f,0f,-0.5283128679517147f,-3.2315128602134324e-17f,-1.1812421551081765e-16f,-1f,-1.65475f,0f,0f,0f,1f], start_interpolation: 0, interpolation_duration: 1 }
$data merge entity $(bone_bone15) { transformation: [0.9921147013144778f,0.12533323356430448f,1.2246467991473532e-16f,2.6414183864572156e-16f,0.12533323356430448f,-0.9921147013144778f,0f,0.4999999999999999f,1.2149900933518075e-16f,1.534889433113131e-17f,-1f,-2.09225f,0f,0f,0f,1f], start_interpolation: 0, interpolation_duration: 1 }
$data merge entity $(bone_bone26) { transformation: [-0.9742847415618925f,-0.2253203105795757f,1.2246467991473532e-16f,0.56711294859361f,-0.2253203105795757f,0.9742847415618925f,0f,1.0678239802917848f,-1.1931546902118776e-16f,-2.7593779713416465e-17f,-1f,-1.7485f,0f,0f,0f,1f], start_interpolation: 0, interpolation_duration: 1 }
$data merge entity $(bone_arm5) { transformation: [-0.5407647559846369f,0.8411738694734141f,1.2246467991473532e-16f,0.2814563320905329f,0.8411738694734141f,0.5407647559846369f,0f,1.5121703967054367f,-6.622458275082849e-17f,1.03014088677701e-16f,-1f,-1.7485f,0f,0f,0f,1f], start_interpolation: 0, interpolation_duration: 1 }
$data merge entity $(bone_small_arm_base5) { transformation: [0.26387304996537225f,0.9645574184577984f,1.2246467991473532e-16f,0.2858724125023596f,0.9645574184577984f,-0.26387304996537225f,0f,1.5283128679517146f,3.2315128602134275e-17f,1.1812421551081767e-16f,-1f,-1.65475f,0f,0f,0f,1f], start_interpolation: 0, interpolation_duration: 1 }
$data merge entity $(bone_bone20) { transformation: [-0.9921147013144778f,-0.12533323356430492f,1.2246467991473532e-16f,2.6414183864572156e-16f,-0.12533323356430492f,0.9921147013144778f,0f,0.4999999999999999f,-1.2149900933518075e-16f,-1.5348894331131366e-17f,-1f,-2.09225f,0f,0f,0f,1f], start_interpolation: 0, interpolation_duration: 1 }
$data merge entity $(bone_bone11) { transformation: [0.8338599932300128f,-0.551976006444522f,1.2246467991473532e-16f,0.4975169261329828f,-0.551976006444522f,-0.8338599932300128f,0f,0.0994838276636119f,1.0211839716461685e-16f,-6.759756494984225e-17f,-1f,-1.7485f,0f,0f,0f,1f], start_interpolation: 0, interpolation_duration: 1 }
$data merge entity $(bone_arm2) { transformation: [-0.9742692531953376f,-0.2253872717750481f,1.2246467991473532e-16f,1.0121703967054372f,-0.2253872717750481f,0.9742692531953376f,0f,0.21854366790946703f,-1.1931357224333521e-16f,-2.7601980094786724e-17f,-1f,-1.7485f,0f,0f,0f,1f], start_interpolation: 0, interpolation_duration: 1 }
$data merge entity $(bone_small_arm_base2) { transformation: [-0.9645574184577983f,0.2638730499653725f,1.2246467991473532e-16f,1.028312867951715f,0.2638730499653725f,0.9645574184577983f,0f,0.21412758749764027f,-1.1812421551081767e-16f,3.23151286021343e-17f,-1f,-1.65475f,0f,0f,0f,1f], start_interpolation: 0, interpolation_duration: 1 }
$data merge entity $(bone_bone2) { transformation: [0.1253332335643047f,-0.9921147013144778f,1.2246467991473532e-16f,2.6414183864572156e-16f,-0.9921147013144778f,-0.1253332335643047f,0f,0.4999999999999999f,1.5348894331131338e-17f,-1.2149900933518075e-16f,-1f,-2.09225f,0f,0f,0f,1f], start_interpolation: 0, interpolation_duration: 1 }
$data merge entity $(bone_ring) { transformation: [0.22550571604621397f,-1.7850615495778233f,2.2034447328268763e-16f,2.220446049250313e-16f,-1.7850615495778233f,-0.22550571604621397f,0f,0.4999999999999999f,2.761648533454279e-17f,-2.1860699129714957e-16f,-1.799249166666667f,-1.7485000000000002f,0f,0f,0f,1f], start_interpolation: 0, interpolation_duration: 1 }
$data merge entity $(bone_wheel) { transformation: [-1f,-1.1647083184890928e-16f,-3.7843667304341425e-17f,1.0625000000000002f,0f,-0.3090169943749468f,0.9510565162951539f,-0.625f,-1.2246467991473532e-16f,0.9510565162951539f,0.3090169943749468f,-1.8735f,0f,0f,0f,1f], start_interpolation: 0, interpolation_duration: 1 }
$data merge entity $(bone_wheel2) { transformation: [-1f,-1.1647083184890928e-16f,-3.7843667304341425e-17f,1.0625000000000002f,0f,-0.3090169943749468f,0.9510565162951539f,-0.625f,-1.2246467991473532e-16f,0.9510565162951539f,0.3090169943749468f,-1.6235f,0f,0f,0f,1f], start_interpolation: 0, interpolation_duration: 1 }
$data merge entity $(bone_rails) { transformation: [-1.1373008333333334f,0f,1.3927918252092842e-16f,-0.43749999999999983f,0f,1.1373008333333334f,0f,-1f,-1.3927918252092842e-16f,0f,-1.1373008333333334f,-1.3110000000000002f,0f,0f,0f,1f], start_interpolation: 0, interpolation_duration: 1 }
$data merge entity $(bone_wheel3) { transformation: [-1f,-1.1647083184890928e-16f,-3.7843667304341425e-17f,-1.0625f,0f,-0.3090169943749468f,0.9510565162951539f,-0.625f,-1.2246467991473532e-16f,0.9510565162951539f,0.3090169943749468f,-1.6235000000000002f,0f,0f,0f,1f], start_interpolation: 0, interpolation_duration: 1 }
$data merge entity $(bone_wheel4) { transformation: [-1f,-1.1647083184890928e-16f,-3.7843667304341425e-17f,-1.0625f,0f,-0.3090169943749468f,0.9510565162951539f,-0.625f,-1.2246467991473532e-16f,0.9510565162951539f,0.3090169943749468f,-1.8735000000000002f,0f,0f,0f,1f], start_interpolation: 0, interpolation_duration: 1 }
$data merge entity $(bone_rails2) { transformation: [-1.2038220833333333f,0f,1.4742568610970649e-16f,0.4375000000000001f,0f,1.2038220833333333f,0f,-1f,-1.4742568610970649e-16f,0f,-1.2038220833333333f,-1.311f,0f,0f,0f,1f], start_interpolation: 0, interpolation_duration: 1 }
$data merge entity $(bone_bone6) { transformation: [0.17371274580525686f,0.7268449766161915f,-0.6644699104644286f,0.34534358419264394f,0f,0.6747282317348697f,0.7380662661983243f,0.43872509060748793f,0.9847963657248122f,-0.12821151768754457f,0.11720889380698987f,0.01399470366745717f,0f,0f,0f,1f], start_interpolation: 0, interpolation_duration: 1 }
$data merge entity $(bone_bone5) { transformation: [0.17371274580525686f,-0.49140127430610325f,-0.853433459359976f,0.23088261699873147f,0f,0.866609066669176f,-0.4989877008171439f,0.37574240030523853f,0.9847963657248122f,0.08668052363199809f,0.1505410405108335f,0.03418499842361805f,0f,0f,0f,1f], start_interpolation: 0, interpolation_duration: 1 }
$data merge entity $(bone_bone4) { transformation: [0.17371274580525686f,-0.49140127430610325f,-0.853433459359976f,0.923101860033736f,0f,0.866609066669176f,-0.4989877008171439f,0.27610183746216965f,0.9847963657248122f,0.08668052363199809f,0.1505410405108335f,-0.2783134186276516f,0f,0f,0f,1f], start_interpolation: 0, interpolation_duration: 1 }
$data merge entity $(bone_bone3) { transformation: [0.17371274580525686f,-0.4815380420115477f,-0.8590372495069599f,0.792396703835785f,0f,0.8722993701085673f,-0.4889721964572185f,-0.234375f,0.9847963657248122f,0.08494070286901093f,0.15152951874575524f,-0.1917928398160717f,0f,0f,0f,1f], start_interpolation: 0, interpolation_duration: 1 }
$data merge entity $(bone_octagon) { transformation: [0.17371274580525686f,0f,-0.9847963657248122f,0.859375f,0f,1f,0f,-0.40625f,0.9847963657248122f,0f,0.17371274580525686f,-0.1718749999999999f,0f,0f,0f,1f], start_interpolation: 0, interpolation_duration: 1 }
$data merge entity $(bone_bone10) { transformation: [-0.11988220410095461f,-0.9002987524662882f,0.4184380640519475f,-0.7910068498635001f,0f,0.4214777094571552f,0.9068387620910068f,0.6121931848330238f,-0.992788122984908f,0.10871382956365111f,-0.05052767678914554f,-0.0856996384192169f,0f,0f,0f,1f], start_interpolation: 0, interpolation_duration: 1 }
$data merge entity $(bone_bone9) { transformation: [-0.11988220410095461f,-0.12274589999726457f,0.9851708994756992f,-0.6612338455508405f,0f,0.9923274429529768f,0.1236375588662542f,0.6319209182753065f,-0.992788122984908f,0.014821943066548077f,-0.11896240105106717f,-0.10137012583704515f,0f,0f,0f,1f], start_interpolation: 0, interpolation_duration: 1 }
$data merge entity $(bone_bone8) { transformation: [-0.11988220410095461f,-0.12274589999726457f,0.9851708994756992f,-1.1918591384417903f,0f,0.9923274429529768f,0.1236375588662542f,0.12920878149425502f,-0.992788122984908f,0.014821943066548077f,-0.11896240105106717f,-0.22615754771316443f,0f,0f,0f,1f], start_interpolation: 0, interpolation_duration: 1 }
$data merge entity $(bone_bone7) { transformation: [-0.11988220410095461f,-0.02977703935526142f,0.9923414659617585f,-0.8010720611915981f,0f,0.99955009834142f,0.02999334769007312f,-0.234375f,-0.992788122984908f,0.0035956686294522414f,-0.11982826889849536f,-0.21039226659958804f,0f,0f,0f,1f], start_interpolation: 0, interpolation_duration: 1 }
$data merge entity $(bone_octagon2) { transformation: [-0.11988220410095461f,0f,0.992788122984908f,-0.859375f,0f,1f,0f,-0.40625f,-0.992788122984908f,0f,-0.11988220410095461f,-0.171875f,0f,0f,0f,1f], start_interpolation: 0, interpolation_duration: 1 }