# This file was generated by Animated Java via MC-Build. It is not recommended to edit this file directly.
$data merge entity $(bone_bone21) { transformation: [-0.08109446860848821f,-0.9967064197451058f,1.2246467991473532e-16f,-0.4917526240430834f,-0.9967064197451058f,0.08109446860848821f,0f,0.6795322099630531f,-9.93120814099405e-18f,-1.2206133266304622e-16f,-1f,-1.6909687500000006f,0f,0f,0f,1f], start_interpolation: 0, interpolation_duration: 1 }
$data merge entity $(bone_arm4) { transformation: [-0.9674998645444084f,0.25287153281172586f,1.2246467991473532e-16f,-1.0028301946767597f,0.25287153281172586f,0.9674998645444084f,0f,0.8131104908578912f,-1.1848456122898077e-16f,3.096783132533649e-17f,-1f,-1.6909687500000006f,0f,0f,0f,1f], start_interpolation: 0, interpolation_duration: 1 }
$data merge entity $(bone_small_arm_base4) { transformation: [-0.9557930147983305f,0.2940403252323034f,1.2246467991473532e-16f,-1.018825988150044f,0.2940403252323034f,0.9557930147983305f,0f,0.8180314394758571f,-1.1705088562201743e-16f,3.60095543115987e-17f,-1f,-1.5972187500000006f,0f,0f,0f,1f], start_interpolation: 0, interpolation_duration: 1 }
$data merge entity $(bone_bone25) { transformation: [0.09410831331851499f,-0.9955619646030799f,1.2246467991473532e-16f,2.6414183864572156e-16f,-0.9955619646030799f,-0.09410831331851499f,0f,0.4999999999999999f,1.1524944467867561e-17f,-1.2192117733040124e-16f,-1f,-2.0347187500000006f,0f,0f,0f,1f], start_interpolation: 0, interpolation_duration: 1 }
$data merge entity $(bone_bone16) { transformation: [-0.4551540070467382f,-0.8904127300692068f,1.2246467991473532e-16f,-0.44065445677141524f,-0.8904127300692068f,0.4551540070467382f,0f,0.00978659893294076f,-5.574028978488798e-17f,-1.0904410997993104e-16f,-1f,-1.6909687500000006f,0f,0f,0f,1f], start_interpolation: 0, interpolation_duration: 1 }
$data merge entity $(bone_arm3) { transformation: [0.24144822006528477f,-0.9704137040599262f,1.2246467991473532e-16f,-0.31311049085789133f,-0.9704137040599262f,-0.24144822006528477f,0f,-0.5028301946767599f,2.9568878986277675e-17f,-1.1884140365257155e-16f,-1f,-1.6909687500000006f,0f,0f,0f,1f], start_interpolation: 0, interpolation_duration: 1 }
$data merge entity $(bone_small_arm_base3) { transformation: [-0.29404032523230356f,-0.9557930147983303f,1.2246467991473532e-16f,-0.3180314394758572f,-0.9557930147983303f,0.29404032523230356f,0f,-0.5188259881500442f,-3.600955431159873e-17f,-1.170508856220174e-16f,-1f,-1.5972187500000006f,0f,0f,0f,1f], start_interpolation: 0, interpolation_duration: 1 }
$data merge entity $(bone_bone15) { transformation: [0.9955619646030799f,0.09410831331851477f,1.2246467991473532e-16f,2.6414183864572156e-16f,0.09410831331851477f,-0.9955619646030799f,0f,0.4999999999999999f,1.2192117733040124e-16f,1.1524944467867534e-17f,-1f,-2.0347187500000006f,0f,0f,0f,1f], start_interpolation: 0, interpolation_duration: 1 }
$data merge entity $(bone_bone26) { transformation: [-0.9999886960760409f,0.004754757632043416f,1.2246467991473532e-16f,0.566815333908274f,0.004754757632043416f,0.9999886960760409f,0f,1.0394973845451856f,-1.224632955833059e-16f,5.822898714803366e-19f,-1f,-1.6909687500000006f,0f,0f,0f,1f], start_interpolation: 0, interpolation_duration: 1 }
$data merge entity $(bone_arm5) { transformation: [-0.4802781718265676f,0.877116228140222f,1.2246467991473532e-16f,0.31311049085789133f,0.877116228140222f,0.4802781718265676f,0f,1.5028301946767597f,-5.881711258277487e-17f,1.0741575812721226e-16f,-1f,-1.6909687500000006f,0f,0f,0f,1f], start_interpolation: 0, interpolation_duration: 1 }
$data merge entity $(bone_small_arm_base5) { transformation: [0.29404032523230317f,0.9557930147983305f,1.2246467991473532e-16f,0.3180314394758572f,0.9557930147983305f,-0.29404032523230317f,0f,1.518825988150044f,3.6009554311598675e-17f,1.1705088562201743e-16f,-1f,-1.5972187500000006f,0f,0f,0f,1f], start_interpolation: 0, interpolation_duration: 1 }
$data merge entity $(bone_bone20) { transformation: [-0.9955619646030799f,-0.09410831331851521f,1.2246467991473532e-16f,2.6414183864572156e-16f,-0.09410831331851521f,0.9955619646030799f,0f,0.4999999999999999f,-1.2192117733040124e-16f,-1.1524944467867589e-17f,-1f,-2.0347187500000006f,0f,0f,0f,1f], start_interpolation: 0, interpolation_duration: 1 }
$data merge entity $(bone_bone11) { transformation: [0.48741357466329466f,-0.8731712359176457f,1.2246467991473532e-16f,0.48730118874677986f,-0.8731712359176457f,-0.48741357466329466f,0f,0.07167976833653693f,5.969094740723733e-17f,-1.0693263591740832e-16f,-1f,-1.6909687500000006f,0f,0f,0f,1f], start_interpolation: 0, interpolation_duration: 1 }
$data merge entity $(bone_arm2) { transformation: [-0.975926693060601f,-0.21809880735987475f,1.2246467991473532e-16f,1.0028301946767602f,-0.21809880735987475f,0.975926693060601f,0f,0.18688950914210856f,-1.1951655008591264e-16f,-2.6709400633112594e-17f,-1f,-1.6909687500000006f,0f,0f,0f,1f], start_interpolation: 0, interpolation_duration: 1 }
$data merge entity $(bone_small_arm_base2) { transformation: [-0.9557930147983305f,0.2940403252323034f,1.2246467991473532e-16f,1.0188259881500445f,0.2940403252323034f,0.9557930147983305f,0f,0.18196856052414268f,-1.1705088562201743e-16f,3.60095543115987e-17f,-1f,-1.5972187500000006f,0f,0f,0f,1f], start_interpolation: 0, interpolation_duration: 1 }
$data merge entity $(bone_bone2) { transformation: [0.09410831331851499f,-0.9955619646030799f,1.2246467991473532e-16f,2.6414183864572156e-16f,-0.9955619646030799f,-0.09410831331851499f,0f,0.4999999999999999f,1.1524944467867561e-17f,-1.2192117733040124e-16f,-1f,-2.0347187500000006f,0f,0f,0f,1f], start_interpolation: 0, interpolation_duration: 1 }
$data merge entity $(bone_ring) { transformation: [0.16932430431474368f,-1.7912640351771214f,2.2034447328268763e-16f,2.220446049250313e-16f,-1.7912640351771214f,-0.16932430431474368f,0f,0.4999999999999999f,2.0736246729690324e-17f,-2.1936657671074336e-16f,-1.799249166666667f,-1.6909687500000004f,0f,0f,0f,1f], start_interpolation: 0, interpolation_duration: 1 }
$data merge entity $(bone_wheel) { transformation: [-1f,-9.907600726170927e-17f,-7.198293278059948e-17f,1.0625000000000002f,0f,-0.5877852522924716f,0.8090169943749483f,-0.625f,-1.2246467991473532e-16f,0.8090169943749483f,0.5877852522924716f,-1.8159687500000001f,0f,0f,0f,1f], start_interpolation: 0, interpolation_duration: 1 }
$data merge entity $(bone_wheel2) { transformation: [-1f,-9.907600726170927e-17f,-7.198293278059948e-17f,1.0625000000000002f,0f,-0.5877852522924716f,0.8090169943749483f,-0.625f,-1.2246467991473532e-16f,0.8090169943749483f,0.5877852522924716f,-1.5659687500000001f,0f,0f,0f,1f], start_interpolation: 0, interpolation_duration: 1 }
$data merge entity $(bone_rails) { transformation: [-1.1373008333333334f,0f,1.3927918252092842e-16f,-0.43749999999999983f,0f,1.1373008333333334f,0f,-1f,-1.3927918252092842e-16f,0f,-1.1373008333333334f,-1.2534687500000004f,0f,0f,0f,1f], start_interpolation: 0, interpolation_duration: 1 }
$data merge entity $(bone_wheel3) { transformation: [-1f,-9.907600726170927e-17f,-7.198293278059948e-17f,-1.0625f,0f,-0.5877852522924716f,0.8090169943749483f,-0.625f,-1.2246467991473532e-16f,0.8090169943749483f,0.5877852522924716f,-1.5659687500000004f,0f,0f,0f,1f], start_interpolation: 0, interpolation_duration: 1 }
$data merge entity $(bone_wheel4) { transformation: [-1f,-9.907600726170927e-17f,-7.198293278059948e-17f,-1.0625f,0f,-0.5877852522924716f,0.8090169943749483f,-0.625f,-1.2246467991473532e-16f,0.8090169943749483f,0.5877852522924716f,-1.8159687500000004f,0f,0f,0f,1f], start_interpolation: 0, interpolation_duration: 1 }
$data merge entity $(bone_rails2) { transformation: [-1.2038220833333333f,0f,1.4742568610970649e-16f,0.4375000000000001f,0f,1.2038220833333333f,0f,-1f,-1.4742568610970649e-16f,0f,-1.2038220833333333f,-1.2534687500000001f,0f,0f,0f,1f], start_interpolation: 0, interpolation_duration: 1 }
$data merge entity $(bone_bone6) { transformation: [0.1716461965094923f,0.4265450190872407f,-0.8880298023803539f,0.32319829404834544f,0f,0.9014079045537562f,0.43297088771418213f,0.26751351111651717f,0.9851586589092259f,-0.07431780607547785f,0.1547232383202437f,0.016706494517126674f,0f,0f,0f,1f], start_interpolation: 0, interpolation_duration: 1 }
$data merge entity $(bone_bone5) { transformation: [0.1716461965094923f,-0.7015039158145853f,-0.6916862289511249f,0.22939502610826823f,0f,0.7021064299601898f,-0.7120720195377412f,0.175809552057882f,0.9851586589092259f,0.12222445379448618f,0.12051389824752484f,0.03305002864380446f,0f,0f,0f,1f], start_interpolation: 0, interpolation_duration: 1 }
$data merge entity $(bone_bone4) { transformation: [0.1716461965094923f,-0.7015039158145853f,-0.6916862289511249f,0.9233078996319166f,0f,0.7021064299601898f,-0.7120720195377412f,0.2761067349281936f,0.9851586589092259f,0.12222445379448618f,0.12051389824752484f,-0.27817649581143855f,0f,0f,0f,1f], start_interpolation: 0, interpolation_duration: 1 }
$data merge entity $(bone_bone3) { transformation: [0.1716461965094923f,-0.4817444728573413f,-0.8593368641546963f,0.7924386401772517f,0f,0.8722827093720718f,-0.489001917103111f,-0.234375f,0.9851586589092259f,0.08393531915659906f,0.149724009344711f,-0.19193332080906994f,0f,0f,0f,1f], start_interpolation: 0, interpolation_duration: 1 }
$data merge entity $(bone_octagon) { transformation: [0.1716461965094923f,0f,-0.9851586589092259f,0.859375f,0f,1f,0f,-0.40625f,0.9851586589092259f,0f,0.1716461965094923f,-0.1718749999999999f,0f,0f,0f,1f], start_interpolation: 0, interpolation_duration: 1 }
$data merge entity $(bone_bone10) { transformation: [-0.1926202711609566f,-0.9494410753347872f,0.24790941007755773f,-0.6849521150737379f,0f,0.25264051494901185f,0.9675602152870376f,0.5651493023817636f,-0.9812733722759828f,0.1863717110331427f,-0.04866368449572237f,-0.11057443044586238f,0f,0f,0f,1f], start_interpolation: 0, interpolation_duration: 1 }
$data merge entity $(bone_bone9) { transformation: [-0.1926202711609566f,0.04628964655277189f,0.9801809525592196f,-0.5552612852107732f,0f,0.9988867325379172f,-0.04717303848305479f,0.5623264950883977f,-0.9812733722759828f,-0.009086483464092254f,-0.1924058332805355f,-0.13603225241585243f,0f,0f,0f,1f], start_interpolation: 0, interpolation_duration: 1 }
$data merge entity $(bone_bone8) { transformation: [-0.1926202711609566f,0.04628964655277189f,0.9801809525592196f,-1.1713835562340458f,0f,0.9988867325379172f,-0.04717303848305479f,0.15313299017834114f,-0.9812733722759828f,-0.009086483464092254f,-0.1924058332805355f,-0.20616801991106637f,0f,0f,0f,1f], start_interpolation: 0, interpolation_duration: 1 }
$data merge entity $(bone_bone7) { transformation: [-0.1926202711609566f,0.03329504096831227f,0.9807083518481924f,-0.8040647977065309f,0f,0.999424196718515f,-0.03393044375706146f,-0.234375f,-0.9812733722759828f,-0.006535691277096765f,-0.19250935977674158f,-0.21457855983118423f,0f,0f,0f,1f], start_interpolation: 0, interpolation_duration: 1 }
$data merge entity $(bone_octagon2) { transformation: [-0.1926202711609566f,0f,0.9812733722759828f,-0.859375f,0f,1f,0f,-0.40625f,-0.9812733722759828f,0f,-0.1926202711609566f,-0.171875f,0f,0f,0f,1f], start_interpolation: 0, interpolation_duration: 1 }