# This file was generated by Animated Java via MC-Build. It is not recommended to edit this file directly.
$data merge entity $(bone_bone21) { transformation: [-0.0596806320507372f,-0.9982175224659326f,1.2246467991473532e-16f,-0.5025125502156154f,-0.9982175224659326f,0.0596806320507372f,0f,0.6470843589832304f,-7.308769501202629e-18f,-1.2224638937407055e-16f,-1f,-1.6294999999999997f,0f,0f,0f,1f], start_interpolation: 0, interpolation_duration: 1 }
$data merge entity $(bone_arm4) { transformation: [-0.9275756332169857f,0.3736354435303322f,1.2246467991473532e-16f,-0.9925003203190926f,0.3736354435303322f,0.9275756332169857f,0f,0.8444556473730629f,-1.1359525301862608e-16f,4.57571449967423e-17f,-1f,-1.6294999999999997f,0f,0f,0f,1f], start_interpolation: 0, interpolation_duration: 1 }
$data merge entity $(bone_small_arm_base4) { transformation: [-0.9460853588275449f,0.3239174181981506f,1.2246467991473532e-16f,-1.008333650102421f,0.3239174181981506f,0.9460853588275449f,0f,0.8498766078149953f,-1.158620406408328e-16f,3.966844293844398e-17f,-1f,-1.5357499999999997f,0f,0f,0f,1f], start_interpolation: 0, interpolation_duration: 1 }
$data merge entity $(bone_bone25) { transformation: [0.06279051952931214f,-0.9980267284282716f,1.2246467991473532e-16f,2.6414183864572156e-16f,-0.9980267284282716f,-0.06279051952931214f,0f,0.4999999999999999f,7.689620875837149e-18f,-1.2222302384331876e-16f,-1f,-1.9732499999999995f,0f,0f,0f,1f], start_interpolation: 0, interpolation_duration: 1 }
$data merge entity $(bone_bone16) { transformation: [-0.47008786203316943f,-0.882619624735981f,1.2246467991473532e-16f,-0.46651668852453554f,-0.882619624735981f,0.47008786203316943f,0f,0.021449621372371108f,-5.756915955569435e-17f,-1.0808972982975573e-16f,-1f,-1.6294999999999995f,0f,0f,0f,1f], start_interpolation: 0, interpolation_duration: 1 }
$data merge entity $(bone_arm3) { transformation: [0.2310687213954165f,-0.9729374316947044f,1.2246467991473532e-16f,-0.3444556473730629f,-0.9729374316947044f,-0.2310687213954165f,0f,-0.4925003203190928f,2.829775700399684e-17f,-1.1915047114955665e-16f,-1f,-1.6294999999999995f,0f,0f,0f,1f], start_interpolation: 0, interpolation_duration: 1 }
$data merge entity $(bone_small_arm_base3) { transformation: [-0.3239174181981508f,-0.9460853588275449f,1.2246467991473532e-16f,-0.34987660781499536f,-0.9460853588275449f,0.3239174181981508f,0f,-0.508333650102421f,-3.9668442938444006e-17f,-1.158620406408328e-16f,-1f,-1.5357499999999995f,0f,0f,0f,1f], start_interpolation: 0, interpolation_duration: 1 }
$data merge entity $(bone_bone15) { transformation: [0.9980267284282716f,0.06279051952931192f,1.2246467991473532e-16f,2.6414183864572156e-16f,0.06279051952931192f,-0.9980267284282716f,0f,0.4999999999999999f,1.2222302384331876e-16f,7.689620875837121e-18f,-1f,-1.9732499999999995f,0f,0f,0f,1f], start_interpolation: 0, interpolation_duration: 1 }
$data merge entity $(bone_bone26) { transformation: [-0.9720980261363494f,0.23457499351340322f,1.2246467991473532e-16f,0.5649527562168791f,0.23457499351340322f,0.9720980261363494f,0f,1.012474836283965f,-1.1904767361653408e-16f,2.872715149662005e-17f,-1f,-1.6294999999999995f,0f,0f,0f,1f], start_interpolation: 0, interpolation_duration: 1 }
$data merge entity $(bone_arm5) { transformation: [-0.41741398017980025f,0.9087164404534878f,1.2246467991473532e-16f,0.34445564737306295f,0.9087164404534878f,0.41741398017980025f,0f,1.492500320319093f,-5.111846947465493e-17f,1.1128566801339405e-16f,-1f,-1.6294999999999995f,0f,0f,0f,1f], start_interpolation: 0, interpolation_duration: 1 }
$data merge entity $(bone_small_arm_base5) { transformation: [0.3239174181981504f,0.946085358827545f,1.2246467991473532e-16f,0.34987660781499536f,0.946085358827545f,-0.3239174181981504f,0f,1.5083336501024212f,3.966844293844395e-17f,1.1586204064083283e-16f,-1f,-1.5357499999999995f,0f,0f,0f,1f], start_interpolation: 0, interpolation_duration: 1 }
$data merge entity $(bone_bone20) { transformation: [-0.9980267284282716f,-0.06279051952931236f,1.2246467991473532e-16f,2.6414183864572156e-16f,-0.06279051952931236f,0.9980267284282716f,0f,0.4999999999999999f,-1.2222302384331876e-16f,-7.689620875837176e-18f,-1f,-1.9732499999999995f,0f,0f,0f,1f], start_interpolation: 0, interpolation_duration: 1 }
$data merge entity $(bone_bone11) { transformation: [0.03218059101446563f,-0.9994820706555768f,1.2246467991473532e-16f,0.47612458102904975f,-0.9994820706555768f,-0.03218059101446563f,0f,0.04419114789397158f,3.940985778053539e-18f,-1.2240125186335212e-16f,-1f,-1.6294999999999993f,0f,0f,0f,1f], start_interpolation: 0, interpolation_duration: 1 }
$data merge entity $(bone_arm2) { transformation: [-0.977529609052689f,-0.21079815802159346f,1.2246467991473532e-16f,0.9925003203190931f,-0.21079815802159346f,0.977529609052689f,0f,0.15554435262693697f,-1.1971285067981396e-16f,-2.5815328948730242e-17f,-1f,-1.6294999999999993f,0f,0f,0f,1f], start_interpolation: 0, interpolation_duration: 1 }
$data merge entity $(bone_small_arm_base2) { transformation: [-0.9460853588275449f,0.3239174181981506f,1.2246467991473532e-16f,1.0083336501024214f,0.3239174181981506f,0.9460853588275449f,0f,0.15012339218500453f,-1.158620406408328e-16f,3.966844293844398e-17f,-1f,-1.5357499999999993f,0f,0f,0f,1f], start_interpolation: 0, interpolation_duration: 1 }
$data merge entity $(bone_bone2) { transformation: [0.06279051952931214f,-0.9980267284282716f,1.2246467991473532e-16f,2.6414183864572156e-16f,-0.9980267284282716f,-0.06279051952931214f,0f,0.4999999999999999f,7.689620875837149e-18f,-1.2222302384331876e-16f,-1f,-1.9732499999999995f,0f,0f,0f,1f], start_interpolation: 0, interpolation_duration: 1 }
$data merge entity $(bone_ring) { transformation: [0.11297578993768195f,-1.7956987594356275f,2.2034447328268763e-16f,2.220446049250313e-16f,-1.7956987594356275f,-0.11297578993768195f,0f,0.4999999999999999f,1.3835543952832595e-17f,-2.1990967379757146e-16f,-1.799249166666667f,-1.6294999999999995f,0f,0f,0f,1f], start_interpolation: 0, interpolation_duration: 1 }
$data merge entity $(bone_wheel) { transformation: [-1f,-7.198293278059944e-17f,-9.907600726170936e-17f,1.0625000000000002f,0f,-0.809016994374949f,0.5877852522924712f,-0.625f,-1.2246467991473532e-16f,0.5877852522924712f,0.809016994374949f,-1.7544999999999993f,0f,0f,0f,1f], start_interpolation: 0, interpolation_duration: 1 }
$data merge entity $(bone_wheel2) { transformation: [-1f,-7.198293278059944e-17f,-9.907600726170936e-17f,1.0625000000000002f,0f,-0.809016994374949f,0.5877852522924712f,-0.625f,-1.2246467991473532e-16f,0.5877852522924712f,0.809016994374949f,-1.5044999999999993f,0f,0f,0f,1f], start_interpolation: 0, interpolation_duration: 1 }
$data merge entity $(bone_rails) { transformation: [-1.1373008333333334f,0f,1.3927918252092842e-16f,-0.43749999999999983f,0f,1.1373008333333334f,0f,-1f,-1.3927918252092842e-16f,0f,-1.1373008333333334f,-1.1919999999999995f,0f,0f,0f,1f], start_interpolation: 0, interpolation_duration: 1 }
$data merge entity $(bone_wheel3) { transformation: [-1f,-7.198293278059944e-17f,-9.907600726170936e-17f,-1.0625f,0f,-0.809016994374949f,0.5877852522924712f,-0.625f,-1.2246467991473532e-16f,0.5877852522924712f,0.809016994374949f,-1.5044999999999995f,0f,0f,0f,1f], start_interpolation: 0, interpolation_duration: 1 }
$data merge entity $(bone_wheel4) { transformation: [-1f,-7.198293278059944e-17f,-9.907600726170936e-17f,-1.0625f,0f,-0.809016994374949f,0.5877852522924712f,-0.625f,-1.2246467991473532e-16f,0.5877852522924712f,0.809016994374949f,-1.7544999999999995f,0f,0f,0f,1f], start_interpolation: 0, interpolation_duration: 1 }
$data merge entity $(bone_rails2) { transformation: [-1.2038220833333333f,0f,1.4742568610970649e-16f,0.4375000000000001f,0f,1.2038220833333333f,0f,-1f,-1.4742568610970649e-16f,0f,-1.2038220833333333f,-1.1919999999999993f,0f,0f,0f,1f], start_interpolation: 0, interpolation_duration: 1 }
$data merge entity $(bone_bone6) { transformation: [0.16800637845993804f,0.046970571024484986f,-0.9846662491699456f,0.32692677240563267f,0f,0.9988641965601049f,0.04764784182243659f,0.18872413567592253f,0.9857859081954742f,-0.008005141346019554f,0.16781555623735894f,0.013971335307132834f,0f,0f,0f,1f], start_interpolation: 0, interpolation_duration: 1 }
$data merge entity $(bone_bone5) { transformation: [0.16800637845993804f,-0.7815414966828395f,-0.6008050813363042f,0.2448602901863407f,0f,0.6094681171047628f,-0.7928105790368688f,0.08603406475627734f,0.9857859081954742f,0.1331972341887108f,0.10239453114156861f,0.02795783314199146f,0f,0f,0f,1f], start_interpolation: 0, interpolation_duration: 1 }
$data merge entity $(bone_bone4) { transformation: [0.16800637845993804f,-0.7815414966828395f,-0.6008050813363042f,0.923577609491687f,0f,0.6094681171047628f,-0.7928105790368688f,0.27614169959376444f,0.9857859081954742f,0.1331972341887108f,0.10239453114156861f,-0.27791876370091817f,0f,0f,0f,1f], start_interpolation: 0, interpolation_duration: 1 }
$data merge entity $(bone_bone3) { transformation: [0.16800637845993804f,-0.48226045549796226f,-0.859766660123358f,0.7925131814109098f,0f,0.872163674663599f,-0.48921419091977275f,-0.234375f,0.9857859081954742f,0.08219110450763972f,0.1465290604045429f,-0.19218041097736233f,0f,0f,0f,1f], start_interpolation: 0, interpolation_duration: 1 }
$data merge entity $(bone_octagon) { transformation: [0.16800637845993804f,0f,-0.9857859081954742f,0.859375f,0f,1f,0f,-0.40625f,0.9857859081954742f,0f,0.16800637845993804f,-0.1718749999999999f,0f,0f,0f,1f], start_interpolation: 0, interpolation_duration: 1 }
$data merge entity $(bone_bone10) { transformation: [-0.27101389114655317f,-0.8929989497729917f,0.35931093291178606f,-0.5849295965964794f,0f,0.37328080409664366f,0.9277184062488807f,0.4955247282906448f,-0.9625754364233507f,0.251424575165788f,-0.10116428320854562f,-0.15175036084620536f,0f,0f,0f,1f], start_interpolation: 0, interpolation_duration: 1 }
$data merge entity $(bone_bone9) { transformation: [-0.27101389114655317f,0.2275098262912446f,0.9353024910404825f,-0.4605506726565243f,0f,0.9716666929667284f,-0.23635532102980386f,0.46760817120681064f,-0.9625754364233507f,-0.06405557524547989f,-0.2633351713584162f,-0.18676934728412967f,0f,0f,0f,1f], start_interpolation: 0, interpolation_duration: 1 }
$data merge entity $(bone_bone8) { transformation: [-0.27101389114655317f,0.2275098262912446f,0.9353024910404825f,-1.1461912134136618f,0f,0.9716666929667284f,-0.23635532102980386f,0.1775058228847814f,-0.9625754364233507f,-0.06405557524547989f,-0.2633351713584162f,-0.18851662760932747f,0f,0f,0f,1f], start_interpolation: 0, interpolation_duration: 1 }
$data merge entity $(bone_bone7) { transformation: [-0.27101389114655317f,0.09986231593012719f,0.9573813183171456f,-0.8076832193218704f,0f,0.9946039365750855f,-0.10374492445099824f,-0.234375f,-0.9625754364233507f,-0.02811631566217022f,-0.2695514830008935f,-0.21889385058488928f,0f,0f,0f,1f], start_interpolation: 0, interpolation_duration: 1 }
$data merge entity $(bone_octagon2) { transformation: [-0.27101389114655317f,0f,0.9625754364233507f,-0.859375f,0f,1f,0f,-0.40625f,-0.9625754364233507f,0f,-0.27101389114655317f,-0.171875f,0f,0f,0f,1f], start_interpolation: 0, interpolation_duration: 1 }