# This file was generated by Animated Java via MC-Build. It is not recommended to edit this file directly.
$data merge entity $(bone_bone21) { transformation: [-0.03759616519763426f,-0.9992930142668028f,1.2246467991473532e-16f,-0.5204058004874454f,-0.9992930142668028f,0.03759616519763426f,0f,0.6171578097772787f,-4.604202336949777e-18f,-1.2237809913321507e-16f,-1f,-1.5654062499999997f,0f,0f,0f,1f], start_interpolation: 0, interpolation_duration: 1 }
$data merge entity $(bone_arm4) { transformation: [-0.8722933909463843f,0.48898286279915637f,1.2246467991473532e-16f,-0.9811909679712875f,0.48898286279915637f,0.8722933909463843f,0f,0.8754608677509084f,-1.0682513091398805e-16f,5.988312977648963e-17f,-1f,-1.5654062499999997f,0f,0f,0f,1f], start_interpolation: 0, interpolation_duration: 1 }
$data merge entity $(bone_small_arm_base4) { transformation: [-0.9354440308298674f,0.35347484377925714f,1.2246467991473532e-16f,-0.9968462084797446f,0.35347484377925714f,0.9354440308298674f,0f,0.8813764901833316f,-1.1455885381372952e-16f,4.32881836013378e-17f,-1f,-1.4716562499999997f,0f,0f,0f,1f], start_interpolation: 0, interpolation_duration: 1 }
$data merge entity $(bone_bone25) { transformation: [0.03141075907812829f,-0.9995065603657315f,1.2246467991473532e-16f,2.6414183864572156e-16f,-0.9995065603657315f,-0.03141075907812829f,0f,0.4999999999999999f,3.846708556381848e-18f,-1.224042509878674e-16f,-1f,-1.9091562499999997f,0f,0f,0f,1f], start_interpolation: 0, interpolation_duration: 1 }
$data merge entity $(bone_bone16) { transformation: [-0.4756649893381316f,-0.8796265218363731f,1.2246467991473532e-16f,-0.49081076514524485f,-0.8796265218363731f,0.4756649893381316f,0f,0.03430669594461855f,-5.825216066594027e-17f,-1.0772318044120338e-16f,-1f,-1.5654062499999997f,0f,0f,0f,1f], start_interpolation: 0, interpolation_duration: 1 }
$data merge entity $(bone_arm3) { transformation: [0.21836413201592808f,-0.9758673607867673f,1.2246467991473532e-16f,-0.3754608677509084f,-0.9758673607867673f,-0.21836413201592808f,0f,-0.4811909679712878f,2.6741893532189633e-17f,-1.1950928397798899e-16f,-1f,-1.5654062499999997f,0f,0f,0f,1f], start_interpolation: 0, interpolation_duration: 1 }
$data merge entity $(bone_small_arm_base3) { transformation: [-0.35347484377925736f,-0.9354440308298673f,1.2246467991473532e-16f,-0.3813764901833317f,-0.9354440308298673f,0.35347484377925736f,0f,-0.4968462084797449f,-4.328818360133783e-17f,-1.145588538137295e-16f,-1f,-1.4716562499999997f,0f,0f,0f,1f], start_interpolation: 0, interpolation_duration: 1 }
$data merge entity $(bone_bone15) { transformation: [0.9995065603657315f,0.03141075907812807f,1.2246467991473532e-16f,2.6414183864572156e-16f,0.03141075907812807f,-0.9995065603657315f,0f,0.4999999999999999f,1.224042509878674e-16f,3.846708556381821e-18f,-1f,-1.9091562499999997f,0f,0f,0f,1f], start_interpolation: 0, interpolation_duration: 1 }
$data merge entity $(bone_bone26) { transformation: [-0.892107538621187f,0.4518231285970737f,1.2246467991473532e-16f,0.561658675858644f,0.4518231285970737f,0.892107538621187f,0f,0.9868491665954424f,-1.0925166416676603e-16f,5.5332374821714935e-17f,-1f,-1.5654062499999997f,0f,0f,0f,1f], start_interpolation: 0, interpolation_duration: 1 }
$data merge entity $(bone_arm5) { transformation: [-0.35248338896840953f,0.9358180701938519f,1.2246467991473532e-16f,0.3754608677509085f,0.9358180701938519f,0.35248338896840953f,0f,1.4811909679712876f,-4.316676540527742e-17f,1.146046604247154e-16f,-1f,-1.5654062499999997f,0f,0f,0f,1f], start_interpolation: 0, interpolation_duration: 1 }
$data merge entity $(bone_small_arm_base5) { transformation: [0.353474843779257f,0.9354440308298675f,1.2246467991473532e-16f,0.3813764901833317f,0.9354440308298675f,-0.353474843779257f,0f,1.4968462084797447f,4.328818360133777e-17f,1.1455885381372952e-16f,-1f,-1.4716562499999997f,0f,0f,0f,1f], start_interpolation: 0, interpolation_duration: 1 }
$data merge entity $(bone_bone20) { transformation: [-0.9995065603657315f,-0.031410759078128514f,1.2246467991473532e-16f,2.6414183864572156e-16f,-0.031410759078128514f,0.9995065603657315f,0f,0.4999999999999999f,-1.224042509878674e-16f,-3.846708556381875e-18f,-1f,-1.9091562499999997f,0f,0f,0f,1f], start_interpolation: 0, interpolation_duration: 1 }
$data merge entity $(bone_bone11) { transformation: [-0.4302348268970722f,-0.9027170064449026f,1.2246467991473532e-16f,0.4639973446246387f,-0.9027170064449026f,0.4302348268970722f,0f,0.017048684760931354f,-5.268857036412151e-17f,-1.1055094924786307e-16f,-1f,-1.5654062499999997f,0f,0f,0f,1f], start_interpolation: 0, interpolation_duration: 1 }
$data merge entity $(bone_arm2) { transformation: [-0.9790779116185757f,-0.20348573163887557f,1.2246467991473532e-16f,0.9811909679712879f,-0.20348573163887557f,0.9790779116185757f,0f,0.12453913224909144f,-1.199024630579564e-16f,-2.4919814992370633e-17f,-1f,-1.5654062499999997f,0f,0f,0f,1f], start_interpolation: 0, interpolation_duration: 1 }
$data merge entity $(bone_small_arm_base2) { transformation: [-0.9354440308298674f,0.35347484377925714f,1.2246467991473532e-16f,0.996846208479745f,0.35347484377925714f,0.9354440308298674f,0f,0.1186235098166682f,-1.1455885381372952e-16f,4.32881836013378e-17f,-1f,-1.4716562499999997f,0f,0f,0f,1f], start_interpolation: 0, interpolation_duration: 1 }
$data merge entity $(bone_bone2) { transformation: [0.03141075907812829f,-0.9995065603657315f,1.2246467991473532e-16f,2.6414183864572156e-16f,-0.9995065603657315f,-0.03141075907812829f,0f,0.4999999999999999f,3.846708556381848e-18f,-1.224042509878674e-16f,-1f,-1.9091562499999997f,0f,0f,0f,1f], start_interpolation: 0, interpolation_duration: 1 }
$data merge entity $(bone_ring) { transformation: [0.056515782095689776f,-1.7983613458159091f,2.2034447328268763e-16f,2.220446049250313e-16f,-1.7983613458159091f,-0.056515782095689776f,0f,0.4999999999999999f,6.921187164479578e-18f,-2.2023574658637796e-16f,-1.799249166666667f,-1.5654062499999997f,0f,0f,0f,1f], start_interpolation: 0, interpolation_duration: 1 }
$data merge entity $(bone_wheel) { transformation: [-1f,-3.784366730434133e-17f,-1.164708318489093e-16f,1.0625000000000002f,0f,-0.9510565162951541f,0.30901699437494606f,-0.625f,-1.2246467991473532e-16f,0.30901699437494606f,0.9510565162951541f,-1.6904062499999994f,0f,0f,0f,1f], start_interpolation: 0, interpolation_duration: 1 }
$data merge entity $(bone_wheel2) { transformation: [-1f,-3.784366730434133e-17f,-1.164708318489093e-16f,1.0625000000000002f,0f,-0.9510565162951541f,0.30901699437494606f,-0.625f,-1.2246467991473532e-16f,0.30901699437494606f,0.9510565162951541f,-1.4404062499999994f,0f,0f,0f,1f], start_interpolation: 0, interpolation_duration: 1 }
$data merge entity $(bone_rails) { transformation: [-1.1373008333333334f,0f,1.3927918252092842e-16f,-0.43749999999999983f,0f,1.1373008333333334f,0f,-1f,-1.3927918252092842e-16f,0f,-1.1373008333333334f,-1.1279062499999997f,0f,0f,0f,1f], start_interpolation: 0, interpolation_duration: 1 }
$data merge entity $(bone_wheel3) { transformation: [-1f,-3.784366730434133e-17f,-1.164708318489093e-16f,-1.0625f,0f,-0.9510565162951541f,0.30901699437494606f,-0.625f,-1.2246467991473532e-16f,0.30901699437494606f,0.9510565162951541f,-1.4404062499999999f,0f,0f,0f,1f], start_interpolation: 0, interpolation_duration: 1 }
$data merge entity $(bone_wheel4) { transformation: [-1f,-3.784366730434133e-17f,-1.164708318489093e-16f,-1.0625f,0f,-0.9510565162951541f,0.30901699437494606f,-0.625f,-1.2246467991473532e-16f,0.30901699437494606f,0.9510565162951541f,-1.6904062499999999f,0f,0f,0f,1f], start_interpolation: 0, interpolation_duration: 1 }
$data merge entity $(bone_rails2) { transformation: [-1.2038220833333333f,0f,1.4742568610970649e-16f,0.4375000000000001f,0f,1.2038220833333333f,0f,-1f,-1.4742568610970649e-16f,0f,-1.2038220833333333f,-1.1279062499999997f,0f,0f,0f,1f], start_interpolation: 0, interpolation_duration: 1 }
$data merge entity $(bone_bone6) { transformation: [0.16266097167637217f,-0.23494497619881965f,-0.9583017616869096f,0.3200414904619361f,0f,0.971236672412018f,-0.23811620306486947f,0.2294767427259291f,0.986682019848998f,0.03873221296242002f,0.15798230086226522f,0.012053063011488691f,0f,0f,0f,1f], start_interpolation: 0, interpolation_duration: 1 }
$data merge entity $(bone_bone5) { transformation: [0.16266097167637217f,-0.7423418969122408f,-0.6499768583434601f,0.23161073234728313f,0f,0.6587500788176243f,-0.7523618369227494f,0.13230034681730568f,0.986682019848998f,0.12237990744607467f,0.1071529279123615f,0.02663145073077544f,0f,0f,0f,1f], start_interpolation: 0, interpolation_duration: 1 }
$data merge entity $(bone_bone4) { transformation: [0.16266097167637217f,-0.7423418969122408f,-0.6499768583434601f,0.9239189752521257f,0f,0.6587500788176243f,-0.7523618369227494f,0.27620790958339814f,0.986682019848998f,0.12237990744607467f,0.1071529279123615f,-0.2775309090296595f,0f,0f,0f,1f], start_interpolation: 0, interpolation_duration: 1 }
$data merge entity $(bone_bone3) { transformation: [0.16266097167637217f,-0.4830958785877034f,-0.8603253921539648f,0.792624218394551f,0f,0.8719378430404855f,-0.48961658251524287f,-0.234375f,0.986682019848998f,0.07964150906079406f,0.14183025679036546f,-0.19254250239050782f,0f,0f,0f,1f], start_interpolation: 0, interpolation_duration: 1 }
$data merge entity $(bone_octagon) { transformation: [0.16266097167637217f,0f,-0.986682019848998f,0.859375f,0f,1f,0f,-0.40625f,0.986682019848998f,0f,0.16266097167637217f,-0.1718749999999999f,0f,0f,0f,1f], start_interpolation: 0, interpolation_duration: 1 }
$data merge entity $(bone_bone10) { transformation: [-0.3527133958178682f,-0.8094971382166651f,0.4693694106241446f,-0.5087686578988592f,0f,0.501606987457506f,0.8650956190698259f,0.4166109516714046f,-0.9357314039886807f,0.3051308135092793f,-0.17692350391210773f,-0.20384309831353753f,0f,0f,0f,1f], start_interpolation: 0, interpolation_duration: 1 }
$data merge entity $(bone_bone9) { transformation: [-0.3527133958178682f,0.38331404768778543f,0.8536179480633205f,-0.39465242805578493f,0f,0.9122467669938823f,-0.40964110646907637f,0.3655914340837256f,-0.9357314039886807f,-0.14448590572929682f,-0.32176165501028386f,-0.24685792369431525f,0f,0f,0f,1f], start_interpolation: 0, interpolation_duration: 1 }
$data merge entity $(bone_bone8) { transformation: [-0.3527133958178682f,0.38331404768778543f,0.8536179480633205f,-1.1185939762198946f,0f,0.9122467669938823f,-0.40964110646907637f,0.20004597400467689f,-0.9357314039886807f,-0.14448590572929682f,-0.32176165501028386f,-0.17435433822372576f,0f,0f,0f,1f], start_interpolation: 0, interpolation_duration: 1 }
$data merge entity $(bone_bone7) { transformation: [-0.3527133958178682f,0.1624880530883526f,0.9215155413850513f,-0.8119140808700158f,0f,0.984807753012208f,-0.17364817766693033f,-0.234375f,-0.9357314039886807f,-0.0612480384224875f,-0.3473548867927003f,-0.22316119361326303f,0f,0f,0f,1f], start_interpolation: 0, interpolation_duration: 1 }
$data merge entity $(bone_octagon2) { transformation: [-0.3527133958178682f,0f,0.9357314039886807f,-0.859375f,0f,1f,0f,-0.40625f,-0.9357314039886807f,0f,-0.3527133958178682f,-0.171875f,0f,0f,0f,1f], start_interpolation: 0, interpolation_duration: 1 }