# This file was generated by Animated Java via MC-Build. It is not recommended to edit this file directly.
$data merge entity $(bone_bone21) { transformation: [-0.014897369321189402f,-0.9998890280362657f,1.2246467991473532e-16f,-0.5446224341270152f,-0.9998890280362657f,0.014897369321189402f,0f,0.5914200021685538f,-1.8244015654910715e-18f,-1.2245108976871707e-16f,-1f,-1.5f,0f,0f,0f,1f], start_interpolation: 0, interpolation_duration: 1 }
$data merge entity $(bone_arm4) { transformation: [-0.803207531480645f,0.5956993044924335f,1.2246467991473532e-16f,-0.9689132985987157f,0.5956993044924335f,0.803207531480645f,0f,0.9060955535822246f,-9.836455324788188e-17f,7.295212465009633e-17f,-1f,-1.5f,0f,0f,0f,1f], start_interpolation: 0, interpolation_duration: 1 }
$data merge entity $(bone_small_arm_base4) { transformation: [-0.923879532511287f,0.3826834323650896f,1.2246467991473532e-16f,-0.9843749999999999f,0.3826834323650896f,0.923879532511287f,0f,0.9124999999999996f,-1.1314261122877005e-16f,4.686520405326297e-17f,-1f,-1.40625f,0f,0f,0f,1f], start_interpolation: 0, interpolation_duration: 1 }
$data merge entity $(bone_bone25) { transformation: [2.220446049250313e-16f,-1f,1.2246467991473532e-16f,2.6414183864572156e-16f,-1f,-2.220446049250313e-16f,0f,0.4999999999999999f,2.719262146893782e-32f,-1.2246467991473532e-16f,-1f,-1.84375f,0f,0f,0f,1f], start_interpolation: 0, interpolation_duration: 1 }
$data merge entity $(bone_bone16) { transformation: [-0.4730313710256244f,-0.8810455845332966f,1.2246467991473532e-16f,-0.5133863256867873f,-0.8810455845332966f,0.4730313710256244f,0f,0.04832178388588071f,-5.79296354422815e-17f,-1.0789696550016105e-16f,-1f,-1.5f,0f,0f,0f,1f], start_interpolation: 0, interpolation_duration: 1 }
$data merge entity $(bone_arm3) { transformation: [0.2031077344077627f,-0.9791563962022338f,1.2246467991473532e-16f,-0.4060955535822247f,-0.9791563962022338f,-0.2031077344077627f,0f,-0.4689132985987159f,2.4873523682453728e-17f,-1.1991207464737233e-16f,-1f,-1.5f,0f,0f,0f,1f], start_interpolation: 0, interpolation_duration: 1 }
$data merge entity $(bone_small_arm_base3) { transformation: [-0.38268343236508984f,-0.9238795325112868f,1.2246467991473532e-16f,-0.41249999999999976f,-0.9238795325112868f,0.38268343236508984f,0f,-0.4843750000000001f,-4.686520405326299e-17f,-1.1314261122877005e-16f,-1f,-1.40625f,0f,0f,0f,1f], start_interpolation: 0, interpolation_duration: 1 }
$data merge entity $(bone_bone15) { transformation: [1f,0f,1.2246467991473532e-16f,2.6414183864572156e-16f,0f,-1f,0f,0.4999999999999999f,1.2246467991473532e-16f,0f,-1f,-1.84375f,0f,0f,0f,1f], start_interpolation: 0, interpolation_duration: 1 }
$data merge entity $(bone_bone26) { transformation: [-0.7935257904463033f,0.6085366216560592f,1.2246467991473532e-16f,0.5570722924270024f,0.6085366216560592f,0.7935257904463033f,0f,0.962702409087796f,-9.717888193109389e-17f,7.452424258750368e-17f,-1f,-1.5f,0f,0f,0f,1f], start_interpolation: 0, interpolation_duration: 1 }
$data merge entity $(bone_arm5) { transformation: [-0.2858078357861982f,0.9582869512850574f,1.2246467991473532e-16f,0.40609555358222477f,0.9582869512850574f,0.2858078357861982f,0f,1.4689132985987157f,-3.500136512668e-17f,1.1735630475559213e-16f,-1f,-1.5f,0f,0f,0f,1f], start_interpolation: 0, interpolation_duration: 1 }
$data merge entity $(bone_small_arm_base5) { transformation: [0.38268343236508945f,0.9238795325112871f,1.2246467991473532e-16f,0.41249999999999976f,0.9238795325112871f,-0.38268343236508945f,0f,1.484375f,4.686520405326294e-17f,1.1314261122877008e-16f,-1f,-1.40625f,0f,0f,0f,1f], start_interpolation: 0, interpolation_duration: 1 }
$data merge entity $(bone_bone20) { transformation: [-1f,-4.440892098500626e-16f,1.2246467991473532e-16f,2.6414183864572156e-16f,-4.440892098500626e-16f,1f,0f,0.4999999999999999f,-1.2246467991473532e-16f,-5.438524293787564e-32f,-1f,-1.84375f,0f,0f,0f,1f], start_interpolation: 0, interpolation_duration: 1 }
$data merge entity $(bone_bone11) { transformation: [-0.7966254900012448f,-0.6044731827635339f,1.2246467991473532e-16f,0.4509306861931355f,-0.6044731827635339f,0.7966254900012448f,0f,-0.009717238461069672f,-9.755848564492165e-17f,-7.402661484417747e-17f,-1f,-1.5f,0f,0f,0f,1f], start_interpolation: 0, interpolation_duration: 1 }
$data merge entity $(bone_arm2) { transformation: [-0.9805715142564233f,-0.1961619367483542f,1.2246467991473532e-16f,0.9689132985987161f,-0.1961619367483542f,0.9805715142564233f,0f,0.09390444641777515f,-1.200853766269202e-16f,-2.4022908795341734e-17f,-1f,-1.5f,0f,0f,0f,1f], start_interpolation: 0, interpolation_duration: 1 }
$data merge entity $(bone_small_arm_base2) { transformation: [-0.923879532511287f,0.3826834323650896f,1.2246467991473532e-16f,0.9843750000000003f,0.3826834323650896f,0.923879532511287f,0f,0.08750000000000013f,-1.1314261122877005e-16f,4.686520405326297e-17f,-1f,-1.40625f,0f,0f,0f,1f], start_interpolation: 0, interpolation_duration: 1 }
$data merge entity $(bone_bone2) { transformation: [2.220446049250313e-16f,-1f,1.2246467991473532e-16f,2.6414183864572156e-16f,-1f,-2.220446049250313e-16f,0f,0.4999999999999999f,2.719262146893782e-32f,-1.2246467991473532e-16f,-1f,-1.84375f,0f,0f,0f,1f], start_interpolation: 0, interpolation_duration: 1 }
$data merge entity $(bone_ring) { transformation: [3.995135703741919e-16f,-1.799249166666667f,2.2034447328268763e-16f,2.220446049250313e-16f,-1.799249166666667f,-3.995135703741919e-16f,0f,0.4999999999999999f,4.892630151746849e-32f,-2.2034447328268763e-16f,-1.799249166666667f,-1.5f,0f,0f,0f,1f], start_interpolation: 0, interpolation_duration: 1 }
$data merge entity $(bone_wheel) { transformation: [-1f,1.4997597826618576e-32f,-1.2246467991473532e-16f,1.0625000000000002f,0f,-1f,-1.2246467991473532e-16f,-0.625f,-1.2246467991473532e-16f,-1.2246467991473532e-16f,1f,-1.6249999999999998f,0f,0f,0f,1f], start_interpolation: 0, interpolation_duration: 1 }
$data merge entity $(bone_wheel2) { transformation: [-1f,1.4997597826618576e-32f,-1.2246467991473532e-16f,1.0625000000000002f,0f,-1f,-1.2246467991473532e-16f,-0.625f,-1.2246467991473532e-16f,-1.2246467991473532e-16f,1f,-1.3749999999999998f,0f,0f,0f,1f], start_interpolation: 0, interpolation_duration: 1 }
$data merge entity $(bone_rails) { transformation: [-1.1373008333333334f,0f,1.3927918252092842e-16f,-0.43749999999999983f,0f,1.1373008333333334f,0f,-1f,-1.3927918252092842e-16f,0f,-1.1373008333333334f,-1.0625f,0f,0f,0f,1f], start_interpolation: 0, interpolation_duration: 1 }
$data merge entity $(bone_wheel3) { transformation: [-1f,1.4997597826618576e-32f,-1.2246467991473532e-16f,-1.0625f,0f,-1f,-1.2246467991473532e-16f,-0.625f,-1.2246467991473532e-16f,-1.2246467991473532e-16f,1f,-1.3750000000000002f,0f,0f,0f,1f], start_interpolation: 0, interpolation_duration: 1 }
$data merge entity $(bone_wheel4) { transformation: [-1f,1.4997597826618576e-32f,-1.2246467991473532e-16f,-1.0625f,0f,-1f,-1.2246467991473532e-16f,-0.625f,-1.2246467991473532e-16f,-1.2246467991473532e-16f,1f,-1.6250000000000002f,0f,0f,0f,1f], start_interpolation: 0, interpolation_duration: 1 }
$data merge entity $(bone_rails2) { transformation: [-1.2038220833333333f,0f,1.4742568610970649e-16f,0.4375000000000001f,0f,1.2038220833333333f,0f,-1f,-1.4742568610970649e-16f,0f,-1.2038220833333333f,-1.0625f,0f,0f,0f,1f], start_interpolation: 0, interpolation_duration: 1 }
$data merge entity $(bone_bone6) { transformation: [0.1554759823752515f,-0.40076368073939506f,-0.9028929566148264f,0.317498109083299f,0f,0.9140075880661127f,-0.4056970901517133f,0.33222948847621825f,0.9878396726718615f,0.06307615363811858f,0.1421062276530131f,0.00831501146236457f,0f,0f,0f,1f], start_interpolation: 0, interpolation_duration: 1 }
$data merge entity $(bone_bone5) { transformation: [0.1554759823752515f,-0.6306660820483213f,-0.7603206638374829f,0.21486658308573592f,0f,0.7696802273399325f,-0.638429594898255f,0.25048827843128924f,0.9878396726718615f,0.09926046844424005f,0.11966678946048293f,0.024468176564534705f,0f,0f,0f,1f], start_interpolation: 0, interpolation_duration: 1 }
$data merge entity $(bone_bone4) { transformation: [0.1554759823752515f,-0.6306660820483213f,-0.7603206638374829f,0.9243390173871777f,0f,0.7696802273399325f,-0.638429594898255f,0.27630646382399027f,0.9878396726718615f,0.09926046844424005f,0.11966678946048293f,-0.27700374436539366f,0f,0f,0f,1f], start_interpolation: 0, interpolation_duration: 1 }
$data merge entity $(bone_bone3) { transformation: [0.1554759823752515f,-0.48425538638217164f,-0.8610017071204354f,0.792776396008782f,0f,0.8716006564017005f,-0.4902165804622737f,-0.234375f,0.9878396726718615f,0.07621690442400852f,0.13551296829296844f,-0.19302774087254235f,0f,0f,0f,1f], start_interpolation: 0, interpolation_duration: 1 }
$data merge entity $(bone_octagon) { transformation: [0.1554759823752515f,0f,-0.9878396726718615f,0.859375f,0f,1f,0f,-0.40625f,0.9878396726718615f,0f,0.1554759823752515f,-0.1718749999999999f,0f,0f,0f,1f], start_interpolation: 0, interpolation_duration: 1 }
$data merge entity $(bone_bone10) { transformation: [-0.4352857904702434f,-0.7304642842989965f,0.5262586911189686f,-0.47724683279895136f,0f,0.5845420128627317f,0.8113634421135734f,0.3577411351375103f,-0.9002923306430503f,0.3531749772590643f,-0.25444283213202135f,-0.2524987694696441f,0f,0f,0f,1f], start_interpolation: 0, interpolation_duration: 1 }
$data merge entity $(bone_bone9) { transformation: [-0.4352857904702434f,0.4634910305167764f,0.7718175595600245f,-0.37366687327595516f,0f,0.8572966061020866f,-0.5148228133696523f,0.29263400296777425f,-0.9002923306430503f,-0.2240950552697237f,-0.3731690308546036f,-0.3025790412027589f,0f,0f,0f,1f], start_interpolation: 0, interpolation_duration: 1 }
$data merge entity $(bone_bone8) { transformation: [-0.4352857904702434f,0.4634910305167764f,0.7718175595600245f,-1.1030053420157198f,0f,0.8572966061020866f,-0.5148228133696523f,0.2110796342858342f,-0.9002923306430503f,-0.2240950552697237f,-0.3731690308546036f,-0.15821407500015733f,0f,0f,0f,1f], start_interpolation: 0, interpolation_duration: 1 }
$data merge entity $(bone_bone7) { transformation: [-0.4352857904702434f,0.18926509476348838f,0.8801732809616883f,-0.8167094102870045f,0f,0.9776527590021882f,-0.21022626576003633f,-0.234375f,-0.9002923306430503f,-0.09150850626896488f,-0.4255583540076818f,-0.22721449723698553f,0f,0f,0f,1f], start_interpolation: 0, interpolation_duration: 1 }
$data merge entity $(bone_octagon2) { transformation: [-0.4352857904702434f,0f,0.9002923306430503f,-0.859375f,0f,1f,0f,-0.40625f,-0.9002923306430503f,0f,-0.4352857904702434f,-0.171875f,0f,0f,0f,1f], start_interpolation: 0, interpolation_duration: 1 }