# This file was generated by Animated Java via MC-Build. It is not recommended to edit this file directly.
$data merge entity $(bone_bone21) { transformation: [0.05629400967270376f,-0.9984142349120277f,1.2246467991473532e-16f,-0.6409875803063338f,-0.9984142349120277f,-0.05629400967270376f,0f,0.5509703734732578f,6.894027875684685e-18f,-1.2227047970081686e-16f,-1f,-1.3090312499999999f,0f,0f,0f,1f], start_interpolation: 0, interpolation_duration: 1 }
$data merge entity $(bone_arm4) { transformation: [-0.5402953960723909f,0.8414754214966582f,1.2246467991473532e-16f,-0.9263962594892164f,0.8414754214966582f,0.5402953960723909f,0f,0.9954760834238984f,-6.616710273941051e-17f,1.0305101814970524e-16f,-1f,-1.3090312499999999f,0f,0f,0f,1f], start_interpolation: 0, interpolation_duration: 1 }
$data merge entity $(bone_small_arm_base4) { transformation: [-0.8837656300886935f,0.46792981426057356f,1.2246467991473532e-16f,-0.9411866296622696f,0.46792981426057356f,0.8837656300886935f,0f,1.003307181321683f,-1.0823007500845625e-16f,5.73048749259827e-17f,-1f,-1.2152812499999999f,0f,0f,0f,1f], start_interpolation: 0, interpolation_duration: 1 }
$data merge entity $(bone_bone25) { transformation: [-0.09410831331851444f,-0.9955619646030801f,1.2246467991473532e-16f,2.6414183864572156e-16f,-0.9955619646030801f,0.09410831331851444f,0f,0.4999999999999999f,-1.1524944467867494e-17f,-1.2192117733040127e-16f,-1f,-1.6527812499999996f,0f,0f,0f,1f], start_interpolation: 0, interpolation_duration: 1 }
$data merge entity $(bone_bone16) { transformation: [-0.42573240786646127f,-0.904849112776393f,1.2246467991473532e-16f,-0.5692775371324315f,-0.904849112776393f,0.42573240786646127f,0f,0.09666854124024166f,-5.213718305869572e-17f,-1.1081205696729322e-16f,-1f,-1.3090312499999996f,0f,0f,0f,1f], start_interpolation: 0, interpolation_duration: 1 }
$data merge entity $(bone_arm3) { transformation: [0.1397104873486324f,-0.9901923953075019f,1.2246467991473532e-16f,-0.49547608342389854f,-0.9901923953075019f,-0.1397104873486324f,0f,-0.4263962594892167f,1.7109600113881957e-17f,-1.2126359474533829e-16f,-1f,-1.3090312499999996f,0f,0f,0f,1f], start_interpolation: 0, interpolation_duration: 1 }
$data merge entity $(bone_small_arm_base3) { transformation: [-0.4679298142605738f,-0.8837656300886935f,1.2246467991473532e-16f,-0.5033071813216832f,-0.8837656300886935f,0.4679298142605738f,0f,-0.44118662966226985f,-5.730487492598272e-17f,-1.0823007500845624e-16f,-1f,-1.2152812499999996f,0f,0f,0f,1f], start_interpolation: 0, interpolation_duration: 1 }
$data merge entity $(bone_bone15) { transformation: [0.9955619646030801f,-0.09410831331851466f,1.2246467991473532e-16f,2.6414183864572156e-16f,-0.09410831331851466f,-0.9955619646030801f,0f,0.4999999999999999f,1.2192117733040127e-16f,-1.1524944467867521e-17f,-1f,-1.6527812499999996f,0f,0f,0f,1f], start_interpolation: 0, interpolation_duration: 1 }
$data merge entity $(bone_bone26) { transformation: [-0.35261065666819663f,0.9357701239107944f,1.2246467991473532e-16f,0.5370202339482245f,0.9357701239107944f,0.35261065666819663f,0f,0.899786798988503f,-4.3182351203395344e-17f,1.1459878869850762e-16f,-1f,-1.3090312499999996f,0f,0f,0f,1f], start_interpolation: 0, interpolation_duration: 1 }
$data merge entity $(bone_arm5) { transformation: [-0.07864551746041631f,0.9969026444861021f,1.2246467991473532e-16f,0.49547608342389854f,0.9969026444861021f,0.07864551746041631f,0f,1.4263962594892168f,-9.631298122518628e-18f,1.2208536326314367e-16f,-1f,-1.3090312499999996f,0f,0f,0f,1f], start_interpolation: 0, interpolation_duration: 1 }
$data merge entity $(bone_small_arm_base5) { transformation: [0.4679298142605734f,0.8837656300886936f,1.2246467991473532e-16f,0.5033071813216832f,0.8837656300886936f,-0.4679298142605734f,0f,1.44118662966227f,5.730487492598267e-17f,1.0823007500845625e-16f,-1f,-1.2152812499999996f,0f,0f,0f,1f], start_interpolation: 0, interpolation_duration: 1 }
$data merge entity $(bone_bone20) { transformation: [-0.9955619646030801f,0.09410831331851421f,1.2246467991473532e-16f,2.6414183864572156e-16f,0.09410831331851421f,0.9955619646030801f,0f,0.4999999999999999f,-1.2192117733040127e-16f,1.1524944467867466e-17f,-1f,-1.6527812499999996f,0f,0f,0f,1f], start_interpolation: 0, interpolation_duration: 1 }
$data merge entity $(bone_bone11) { transformation: [-0.9978060217262475f,-0.06620530950640657f,1.2246467991473532e-16f,0.40622048260543697f,-0.06620530950640657f,0.9978060217262475f,0f,-0.08745761132486618f,-1.2219599506770041e-16f,-8.107812037358086e-18f,-1f,-1.3090312499999994f,0f,0f,0f,1f], start_interpolation: 0, interpolation_duration: 1 }
$data merge entity $(bone_arm2) { transformation: [-0.9847233034514581f,-0.17412643578632103f,1.2246467991473532e-16f,0.926396259489217f,-0.17412643578632103f,0.9847233034514581f,0f,0.004523916576101343f,-1.2059382416176363e-16f,-2.1324338223265546e-17f,-1f,-1.3090312499999994f,0f,0f,0f,1f], start_interpolation: 0, interpolation_duration: 1 }
$data merge entity $(bone_small_arm_base2) { transformation: [-0.8837656300886935f,0.46792981426057356f,1.2246467991473532e-16f,0.9411866296622701f,0.46792981426057356f,0.8837656300886935f,0f,-0.0033071813216832835f,-1.0823007500845625e-16f,5.73048749259827e-17f,-1f,-1.2152812499999994f,0f,0f,0f,1f], start_interpolation: 0, interpolation_duration: 1 }
$data merge entity $(bone_bone2) { transformation: [-0.09410831331851444f,-0.9955619646030801f,1.2246467991473532e-16f,2.6414183864572156e-16f,-0.9955619646030801f,0.09410831331851444f,0f,0.4999999999999999f,-1.1524944467867494e-17f,-1.2192117733040127e-16f,-1f,-1.6527812499999996f,0f,0f,0f,1f], start_interpolation: 0, interpolation_duration: 1 }
$data merge entity $(bone_ring) { transformation: [-0.1693243043147427f,-1.7912640351771216f,2.2034447328268763e-16f,2.220446049250313e-16f,-1.7912640351771216f,0.1693243043147427f,0f,0.4999999999999999f,-2.0736246729690203e-17f,-2.193665767107434e-16f,-1.799249166666667f,-1.3090312499999996f,0f,0f,0f,1f], start_interpolation: 0, interpolation_duration: 1 }
$data merge entity $(bone_wheel) { transformation: [-1f,9.907600726170933e-17f,-7.198293278059945e-17f,1.0625000000000002f,0f,-0.5877852522924714f,-0.8090169943749488f,-0.625f,-1.2246467991473532e-16f,-0.8090169943749488f,0.5877852522924714f,-1.4340312499999994f,0f,0f,0f,1f], start_interpolation: 0, interpolation_duration: 1 }
$data merge entity $(bone_wheel2) { transformation: [-1f,9.907600726170933e-17f,-7.198293278059945e-17f,1.0625000000000002f,0f,-0.5877852522924714f,-0.8090169943749488f,-0.625f,-1.2246467991473532e-16f,-0.8090169943749488f,0.5877852522924714f,-1.1840312499999994f,0f,0f,0f,1f], start_interpolation: 0, interpolation_duration: 1 }
$data merge entity $(bone_rails) { transformation: [-1.1373008333333334f,0f,1.3927918252092842e-16f,-0.43749999999999983f,0f,1.1373008333333334f,0f,-1f,-1.3927918252092842e-16f,0f,-1.1373008333333334f,-0.8715312499999996f,0f,0f,0f,1f], start_interpolation: 0, interpolation_duration: 1 }
$data merge entity $(bone_wheel3) { transformation: [-1f,9.907600726170933e-17f,-7.198293278059945e-17f,-1.0625f,0f,-0.5877852522924714f,-0.8090169943749488f,-0.625f,-1.2246467991473532e-16f,-0.8090169943749488f,0.5877852522924714f,-1.1840312499999996f,0f,0f,0f,1f], start_interpolation: 0, interpolation_duration: 1 }
$data merge entity $(bone_wheel4) { transformation: [-1f,9.907600726170933e-17f,-7.198293278059945e-17f,-1.0625f,0f,-0.5877852522924714f,-0.8090169943749488f,-0.625f,-1.2246467991473532e-16f,-0.8090169943749488f,0.5877852522924714f,-1.4340312499999999f,0f,0f,0f,1f], start_interpolation: 0, interpolation_duration: 1 }
$data merge entity $(bone_rails2) { transformation: [-1.2038220833333333f,0f,1.4742568610970649e-16f,0.4375000000000001f,0f,1.2038220833333333f,0f,-1f,-1.4742568610970649e-16f,0f,-1.2038220833333333f,-0.8715312499999995f,0f,0f,0f,1f], start_interpolation: 0, interpolation_duration: 1 }
$data merge entity $(bone_bone6) { transformation: [0.12151792604119903f,-0.21286424338627458f,-0.9694958522542705f,0.4315747959665286f,0f,0.9767341977888128f,-0.2144535074785305f,0.6685030491299966f,0.9925892371221067f,0.026059945461051788f,0.11869071400881082f,-0.025051532543621333f,0f,0f,0f,1f], start_interpolation: 0, interpolation_duration: 1 }
$data merge entity $(bone_bone5) { transformation: [0.12151792604119903f,-0.13326990255201743f,-0.9836018130953305f,0.301134855395366f,0f,0.9909454750357417f,-0.13426490794763957f,0.6541437685952606f,0.9925892371221067f,0.01631559315390966f,0.1204176389462541f,-0.009082398023180227f,0f,0f,0f,1f], start_interpolation: 0, interpolation_duration: 1 }
$data merge entity $(bone_bone4) { transformation: [0.12151792604119903f,-0.13326990255201743f,-0.9836018130953305f,0.9261232602815144f,0f,0.9909454750357417f,-0.13426490794763957f,0.27680578030066816f,0.9925892371221067f,0.01631559315390966f,0.1204176389462541f,-0.2744966146082761f,0f,0f,0f,1f], start_interpolation: 0, interpolation_duration: 1 }
$data merge entity $(bone_bone3) { transformation: [0.12151792604119903f,-0.4896201967761533f,-0.8634265785575092f,0.7935407374910809f,0f,0.8698730011025617f,-0.4932757463658868f,-0.234375f,0.9925892371221067f,0.05994184566480708f,0.10570516301321693f,-0.19529854328249077f,0f,0f,0f,1f], start_interpolation: 0, interpolation_duration: 1 }
$data merge entity $(bone_octagon) { transformation: [0.12151792604119903f,0f,-0.9925892371221067f,0.859375f,0f,1f,0f,-0.40625f,0.9925892371221067f,0f,0.12151792604119903f,-0.1718749999999999f,0f,0f,0f,1f], start_interpolation: 0, interpolation_duration: 1 }
$data merge entity $(bone_bone10) { transformation: [-0.6651849972010931f,-0.46376633426711605f,0.5851920254916528f,-0.45717722388909315f,0f,0.7837268027957308f,0.6211057064458366f,0.23765485973407163f,-0.7466785918309039f,0.4131501976037569f,-0.5213233111240999f,-0.404620291585882f,0f,0f,0f,1f], start_interpolation: 0, interpolation_duration: 1 }
$data merge entity $(bone_bone9) { transformation: [-0.6651849972010931f,0.52714929974727f,0.5288123819224967f,-0.3854934612361822f,0f,0.7082195575285141f,-0.705992250902314f,0.1467752298308202f,-0.7466785918309039f,-0.4696154534404492f,-0.4710970243923641f,-0.46848038343975273f,0f,0f,0f,1f], start_interpolation: 0, interpolation_duration: 1 }
$data merge entity $(bone_bone8) { transformation: [-0.6651849972010931f,0.52714929974727f,0.5288123819224967f,-1.0510059407163135f,0f,0.7082195575285141f,-0.705992250902314f,0.24073567660305994f,-0.7466785918309039f,-0.4696154534404492f,-0.4710970243923641f,-0.126714971129559f,0f,0f,0f,1f], start_interpolation: 0, interpolation_duration: 1 }
$data merge entity $(bone_bone7) { transformation: [-0.6651849972010931f,0.23842361566887774f,0.707589640250591f,-0.8334946191731026f,0f,0.9476495616615119f,-0.31931224261331465f,-0.234375f,-0.7466785918309039f,-0.21240171320901247f,-0.6303622710214299f,-0.23678276831978406f,0f,0f,0f,1f], start_interpolation: 0, interpolation_duration: 1 }
$data merge entity $(bone_octagon2) { transformation: [-0.6651849972010931f,0f,0.7466785918309039f,-0.859375f,0f,1f,0f,-0.40625f,-0.7466785918309039f,0f,-0.6651849972010931f,-0.171875f,0f,0f,0f,1f], start_interpolation: 0, interpolation_duration: 1 }