# This file was generated by Animated Java via MC-Build. It is not recommended to edit this file directly.
$data merge entity $(bone_bone21) { transformation: [0.08085089466658019f,-0.9967262075573284f,1.2246467991473532e-16f,-0.6750245469061658f,-0.9967262075573284f,-0.08085089466658019f,0f,0.5514105389879103f,9.90137893616272e-18f,-1.2206375597113628e-16f,-1f,-1.2514999999999996f,0f,0f,0f,1f], start_interpolation: 0, interpolation_duration: 1 }
$data merge entity $(bone_arm4) { transformation: [-0.44553385949231084f,0.8952650892589782f,1.2246467991473532e-16f,-0.9103758589723436f,0.8952650892589782f,0.44553385949231084f,0f,1.0243304056042f,-5.456216149390251e-17f,1.0963835259493773e-16f,-1f,-1.2514999999999996f,0f,0f,0f,1f], start_interpolation: 0, interpolation_duration: 1 }
$data merge entity $(bone_small_arm_base4) { transformation: [-0.8686315144381913f,0.4954586684324077f,1.2246467991473532e-16f,-0.9249129502611634f,0.4954586684324077f,0.8686315144381913f,0f,1.0326222160820842f,-1.063766803795249e-16f,6.067618724055579e-17f,-1f,-1.1577499999999996f,0f,0f,0f,1f], start_interpolation: 0, interpolation_duration: 1 }
$data merge entity $(bone_bone25) { transformation: [-0.12533323356430437f,-0.9921147013144779f,1.2246467991473532e-16f,2.6414183864572156e-16f,-0.9921147013144779f,0.12533323356430437f,0f,0.4999999999999999f,-1.5348894331131295e-17f,-1.2149900933518077e-16f,-1f,-1.5952499999999996f,0f,0f,0f,1f], start_interpolation: 0, interpolation_duration: 1 }
$data merge entity $(bone_bone16) { transformation: [-0.39992915995206113f,-0.9165460528637058f,1.2246467991473532e-16f,-0.583453882086489f,-0.9165460528637058f,0.39992915995206113f,0f,0.11455066432428745f,-4.897719656209817e-17f,-1.1224451899106783e-16f,-1f,-1.2514999999999996f,0f,0f,0f,1f], start_interpolation: 0, interpolation_duration: 1 }
$data merge entity $(bone_arm3) { transformation: [0.11192421419919729f,-0.9937167454943548f,1.2246467991473532e-16f,-0.5243304056042001f,-0.9937167454943548f,-0.11192421419919729f,0f,-0.4103758589723439f,1.3706763066612968e-17f,-1.216952031628787e-16f,-1f,-1.2514999999999996f,0f,0f,0f,1f], start_interpolation: 0, interpolation_duration: 1 }
$data merge entity $(bone_small_arm_base3) { transformation: [-0.49545866843240793f,-0.8686315144381912f,1.2246467991473532e-16f,-0.5326222160820843f,-0.8686315144381912f,0.49545866843240793f,0f,-0.4249129502611636f,-6.067618724055582e-17f,-1.0637668037952489e-16f,-1f,-1.1577499999999996f,0f,0f,0f,1f], start_interpolation: 0, interpolation_duration: 1 }
$data merge entity $(bone_bone15) { transformation: [0.9921147013144779f,-0.1253332335643046f,1.2246467991473532e-16f,2.6414183864572156e-16f,-0.1253332335643046f,-0.9921147013144779f,0f,0.4999999999999999f,1.2149900933518077e-16f,-1.5348894331131323e-17f,-1f,-1.5952499999999996f,0f,0f,0f,1f], start_interpolation: 0, interpolation_duration: 1 }
$data merge entity $(bone_bone26) { transformation: [-0.17406112413979155f,0.9847348501313399f,1.2246467991473532e-16f,0.5287426036056815f,0.9847348501313399f,0.17406112413979155f,0f,0.8821486608459729f,-2.1316339853378577e-17f,1.2059523822221939e-16f,-1f,-1.2514999999999996f,0f,0f,0f,1f], start_interpolation: 0, interpolation_duration: 1 }
$data merge entity $(bone_arm5) { transformation: [-0.008352550012092064f,0.9999651168457306f,1.2246467991473532e-16f,0.5243304056042002f,0.9999651168457306f,0.008352550012092064f,0f,1.4103758589723439f,-1.0228923637026704e-18f,1.224604079604133e-16f,-1f,-1.2514999999999996f,0f,0f,0f,1f], start_interpolation: 0, interpolation_duration: 1 }
$data merge entity $(bone_small_arm_base5) { transformation: [0.49545866843240755f,0.8686315144381914f,1.2246467991473532e-16f,0.5326222160820843f,0.8686315144381914f,-0.49545866843240755f,0f,1.4249129502611635f,6.067618724055577e-17f,1.063766803795249e-16f,-1f,-1.1577499999999996f,0f,0f,0f,1f], start_interpolation: 0, interpolation_duration: 1 }
$data merge entity $(bone_bone20) { transformation: [-0.9921147013144779f,0.12533323356430415f,1.2246467991473532e-16f,2.6414183864572156e-16f,0.12533323356430415f,0.9921147013144779f,0f,0.4999999999999999f,-1.2149900933518077e-16f,1.5348894331131267e-17f,-1f,-1.5952499999999996f,0f,0f,0f,1f], start_interpolation: 0, interpolation_duration: 1 }
$data merge entity $(bone_bone11) { transformation: [-0.9999115831602947f,-0.013297588573626062f,1.2246467991473532e-16f,0.38952709763951887f,-0.013297588573626062f,0.9999115831602947f,0f,-0.11242131404373323f,-1.2245385197476174e-16f,-1.628484928306968e-18f,-1f,-1.2514999999999996f,0f,0f,0f,1f], start_interpolation: 0, interpolation_duration: 1 }
$data merge entity $(bone_arm2) { transformation: [-0.9859973025480815f,-0.16676126459075358f,1.2246467991473532e-16f,0.9103758589723442f,-0.16676126459075358f,0.9859973025480815f,0f,-0.024330405604200248f,-1.2074984405334324e-16f,-2.042236489028313e-17f,-1f,-1.2514999999999996f,0f,0f,0f,1f], start_interpolation: 0, interpolation_duration: 1 }
$data merge entity $(bone_small_arm_base2) { transformation: [-0.8686315144381913f,0.4954586684324077f,1.2246467991473532e-16f,0.9249129502611638f,0.4954586684324077f,0.8686315144381913f,0f,-0.032622216082084377f,-1.063766803795249e-16f,6.067618724055579e-17f,-1f,-1.1577499999999996f,0f,0f,0f,1f], start_interpolation: 0, interpolation_duration: 1 }
$data merge entity $(bone_bone2) { transformation: [-0.12533323356430437f,-0.9921147013144779f,1.2246467991473532e-16f,2.6414183864572156e-16f,-0.9921147013144779f,0.12533323356430437f,0f,0.4999999999999999f,-1.5348894331131295e-17f,-1.2149900933518077e-16f,-1f,-1.5952499999999996f,0f,0f,0f,1f], start_interpolation: 0, interpolation_duration: 1 }
$data merge entity $(bone_ring) { transformation: [-0.2255057160462134f,-1.7850615495778235f,2.2034447328268763e-16f,2.220446049250313e-16f,-1.7850615495778235f,0.2255057160462134f,0f,0.4999999999999999f,-2.7616485334542712e-17f,-2.1860699129714962e-16f,-1.799249166666667f,-1.2514999999999996f,0f,0f,0f,1f], start_interpolation: 0, interpolation_duration: 1 }
$data merge entity $(bone_wheel) { transformation: [-1f,1.1647083184890928e-16f,-3.784366730434137e-17f,1.0625000000000002f,0f,-0.30901699437494634f,-0.951056516295154f,-0.625f,-1.2246467991473532e-16f,-0.951056516295154f,0.30901699437494634f,-1.3764999999999994f,0f,0f,0f,1f], start_interpolation: 0, interpolation_duration: 1 }
$data merge entity $(bone_wheel2) { transformation: [-1f,1.1647083184890928e-16f,-3.784366730434137e-17f,1.0625000000000002f,0f,-0.30901699437494634f,-0.951056516295154f,-0.625f,-1.2246467991473532e-16f,-0.951056516295154f,0.30901699437494634f,-1.1264999999999994f,0f,0f,0f,1f], start_interpolation: 0, interpolation_duration: 1 }
$data merge entity $(bone_rails) { transformation: [-1.1373008333333334f,0f,1.3927918252092842e-16f,-0.43749999999999983f,0f,1.1373008333333334f,0f,-1f,-1.3927918252092842e-16f,0f,-1.1373008333333334f,-0.8139999999999996f,0f,0f,0f,1f], start_interpolation: 0, interpolation_duration: 1 }
$data merge entity $(bone_wheel3) { transformation: [-1f,1.1647083184890928e-16f,-3.784366730434137e-17f,-1.0625f,0f,-0.30901699437494634f,-0.951056516295154f,-0.625f,-1.2246467991473532e-16f,-0.951056516295154f,0.30901699437494634f,-1.1264999999999996f,0f,0f,0f,1f], start_interpolation: 0, interpolation_duration: 1 }
$data merge entity $(bone_wheel4) { transformation: [-1f,1.1647083184890928e-16f,-3.784366730434137e-17f,-1.0625f,0f,-0.30901699437494634f,-0.951056516295154f,-0.625f,-1.2246467991473532e-16f,-0.951056516295154f,0.30901699437494634f,-1.3764999999999996f,0f,0f,0f,1f], start_interpolation: 0, interpolation_duration: 1 }
$data merge entity $(bone_rails2) { transformation: [-1.2038220833333333f,0f,1.4742568610970649e-16f,0.4375000000000001f,0f,1.2038220833333333f,0f,-1f,-1.4742568610970649e-16f,0f,-1.2038220833333333f,-0.8139999999999995f,0f,0f,0f,1f], start_interpolation: 0, interpolation_duration: 1 }
$data merge entity $(bone_bone6) { transformation: [0.10560211797869977f,-0.18639477709906482f,-0.9767830771203005f,0.4527775115256286f,0f,0.9822755062701026f,-0.1874428707148224f,0.7027562817155936f,0.9944084637001099f,0.019794364147492843f,0.10373037390072243f,-0.034418853016786585f,0f,0f,0f,1f], start_interpolation: 0, interpolation_duration: 1 }
$data merge entity $(bone_bone5) { transformation: [0.10560211797869977f,-0.07013393306737542f,-0.9919321670915375f,0.3214523083902435f,0f,0.9975097792316063f,-0.07052829458672649f,0.6968423312414812f,0.9944084637001099f,0.0074479372857839815f,0.10533914539132286f,-0.02047265273659471f,0f,0f,0f,1f], start_interpolation: 0, interpolation_duration: 1 }
$data merge entity $(bone_bone4) { transformation: [0.10560211797869977f,-0.07013393306737542f,-0.9919321670915375f,0.9269028006087139f,0f,0.9975097792316063f,-0.07052829458672649f,0.27704275775048015f,0.9944084637001099f,0.0074479372857839815f,0.10533914539132286f,-0.273323330790904f,0f,0f,0f,1f], start_interpolation: 0, interpolation_duration: 1 }
$data merge entity $(bone_bone3) { transformation: [0.10560211797869977f,-0.49197282485751487f,-0.8641822332587785f,0.7939244048319087f,0f,0.8690415104103493f,-0.4947391769242646f,-0.234375f,0.9944084637001099f,0.05224550493024101f,0.09177262411074115f,-0.1963501321169596f,0f,0f,0f,1f], start_interpolation: 0, interpolation_duration: 1 }
$data merge entity $(bone_octagon) { transformation: [0.10560211797869977f,0f,-0.9944084637001099f,0.859375f,0f,1f,0f,-0.40625f,0.9944084637001099f,0f,0.10560211797869977f,-0.1718749999999999f,0f,0f,0f,1f], start_interpolation: 0, interpolation_duration: 1 }
$data merge entity $(bone_bone10) { transformation: [-0.729525519120464f,-0.35927385210710444f,0.5819921100359866f,-0.4664487967391865f,0f,0.8509233905007519f,0.5252898090565862f,0.19313813486496137f,-0.6839535926888735f,0.3832123206406955f,-0.6207703281868064f,-0.4539112294633445f,0f,0f,0f,1f], start_interpolation: 0, interpolation_duration: 1 }
$data merge entity $(bone_bone9) { transformation: [-0.729525519120464f,0.5223964507381255f,0.44146853252324425f,-0.4063239185334706f,0f,0.6454656240457322f,-0.7637893218520756f,0.09440620898334723f,-0.6839535926888735f,-0.5572038015228027f,-0.47088364445637704f,-0.5180422369672885f,0f,0f,0f,1f], start_interpolation: 0, interpolation_duration: 1 }
$data merge entity $(bone_bone8) { transformation: [-0.729525519120464f,0.5223964507381255f,0.44146853252324425f,-1.0327853358561758f,0f,0.6454656240457322f,-0.7637893218520756f,0.249954196118511f,-0.6839535926888735f,-0.5572038015228027f,-0.47088364445637704f,-0.1239810118164601f,0f,0f,0f,1f], start_interpolation: 0, interpolation_duration: 1 }
$data merge entity $(bone_bone7) { transformation: [-0.729525519120464f,0.24465903433024375f,0.6386974822814084f,-0.83942557292946f,0f,0.9338316065720971f,-0.3577129164105988f,-0.234375f,-0.6839535926888735f,-0.26096070104053726f,-0.6812539875556061f,-0.23884389471655632f,0f,0f,0f,1f], start_interpolation: 0, interpolation_duration: 1 }
$data merge entity $(bone_octagon2) { transformation: [-0.729525519120464f,0f,0.6839535926888735f,-0.859375f,0f,1f,0f,-0.40625f,-0.6839535926888735f,0f,-0.729525519120464f,-0.171875f,0f,0f,0f,1f], start_interpolation: 0, interpolation_duration: 1 }