# This file was generated by Animated Java via MC-Build. It is not recommended to edit this file directly.
$data merge entity $(bone_bone21) { transformation: [0.10571494885185809f,-0.9943964750486849f,1.2246467991473532e-16f,-0.7068432976070298f,-0.9943964750486849f,-0.10571494885185809f,0f,0.5584823356985198f,1.2946347373345409e-17f,-1.2177844602517825e-16f,-1f,-1.19921875f,0f,0f,0f,1f], start_interpolation: 0, interpolation_duration: 1 }
$data merge entity $(bone_arm4) { transformation: [-0.3532707531399722f,0.9355211248154247f,1.2246467991473532e-16f,-0.8934570273936752f,0.9355211248154247f,0.3532707531399722f,0f,1.0526672769773469f,-4.326318970652416e-17f,1.1456829510399412e-16f,-1f,-1.19921875f,0f,0f,0f,1f], start_interpolation: 0, interpolation_duration: 1 }
$data merge entity $(bone_small_arm_base4) { transformation: [-0.8526401643540926f,0.5224985647159488f,1.2246467991473532e-16f,-0.9077264934442436f,0.5224985647159488f,0.8526401643540926f,0f,1.0614116170194712f,-1.0441830481007126e-16f,6.398761948384729e-17f,-1f,-1.10546875f,0f,0f,0f,1f], start_interpolation: 0, interpolation_duration: 1 }
$data merge entity $(bone_bone25) { transformation: [-0.15643446504023062f,-0.9876883405951379f,1.2246467991473532e-16f,1.531195361832059e-16f,-0.9876883405951379f,0.15643446504023062f,0f,0.4999999999999999f,-1.9157696688784695e-17f,-1.2095693648649964e-16f,-1f,-1.54296875f,0f,0f,0f,1f], start_interpolation: 0, interpolation_duration: 1 }
$data merge entity $(bone_bone16) { transformation: [-0.3706967447732016f,-0.9287539627988417f,1.2246467991473532e-16f,-0.5951540604741855f,-0.9287539627988417f,0.3706967447732016f,0f,0.13307721988729077f,-4.5397258194084453e-17f,-1.1373955677370213e-16f,-1f,-1.19921875f,0f,0f,0f,1f], start_interpolation: 0, interpolation_duration: 1 }
$data merge entity $(bone_arm3) { transformation: [0.08042997705250926f,-0.9967602614427069f,1.2246467991473532e-16f,-0.5526672769773471f,-0.9967602614427069f,-0.08042997705250926f,0f,-0.39345702739367533f,9.849831395285057e-18f,-1.2206792636930898e-16f,-1f,-1.19921875f,0f,0f,0f,1f], start_interpolation: 0, interpolation_duration: 1 }
$data merge entity $(bone_small_arm_base3) { transformation: [-0.522498564715949f,-0.8526401643540925f,1.2246467991473532e-16f,-0.5614116170194715f,-0.8526401643540925f,0.522498564715949f,0f,-0.40772649344424383f,-6.398761948384731e-17f,-1.0441830481007125e-16f,-1f,-1.10546875f,0f,0f,0f,1f], start_interpolation: 0, interpolation_duration: 1 }
$data merge entity $(bone_bone15) { transformation: [0.9876883405951379f,-0.15643446504023084f,1.2246467991473532e-16f,1.531195361832059e-16f,-0.15643446504023084f,-0.9876883405951379f,0f,0.4999999999999999f,1.2095693648649964e-16f,-1.9157696688784723e-17f,-1f,-1.54296875f,0f,0f,0f,1f], start_interpolation: 0, interpolation_duration: 1 }
$data merge entity $(bone_bone26) { transformation: [0.010454785086604856f,0.9999453472409348f,1.2246467991473532e-16f,0.5199256799579789f,0.9999453472409348f,-0.010454785086604856f,0f,0.8662270698265222f,1.2803419092084126e-18f,1.2245798688208995e-16f,-1f,-1.19921875f,0f,0f,0f,1f], start_interpolation: 0, interpolation_duration: 1 }
$data merge entity $(bone_arm5) { transformation: [0.061981766568096175f,0.9980772818840726f,1.2246467991473532e-16f,0.552667276977347f,0.9980772818840726f,-0.061981766568096175f,0f,1.3934570273936753f,7.590577203311741e-18f,1.2222921485610202e-16f,-1f,-1.19921875f,0f,0f,0f,1f], start_interpolation: 0, interpolation_duration: 1 }
$data merge entity $(bone_small_arm_base5) { transformation: [0.5224985647159486f,0.8526401643540926f,1.2246467991473532e-16f,0.5614116170194713f,0.8526401643540926f,-0.5224985647159486f,0f,1.4077264934442437f,6.398761948384726e-17f,1.0441830481007127e-16f,-1f,-1.10546875f,0f,0f,0f,1f], start_interpolation: 0, interpolation_duration: 1 }
$data merge entity $(bone_bone20) { transformation: [-0.9876883405951379f,0.1564344650402304f,1.2246467991473532e-16f,1.531195361832059e-16f,0.1564344650402304f,0.9876883405951379f,0f,0.4999999999999999f,-1.2095693648649964e-16f,1.9157696688784667e-17f,-1f,-1.54296875f,0f,0f,0f,1f], start_interpolation: 0, interpolation_duration: 1 }
$data merge entity $(bone_bone11) { transformation: [-0.9992137321618735f,0.039647414280633175f,1.2246467991473532e-16f,0.3719643808177271f,0.039647414280633175f,0.9992137321618735f,0f,-0.13686264442029983f,-1.223683898756119e-16f,4.855407899324658e-18f,-1f,-1.19921875f,0f,0f,0f,1f], start_interpolation: 0, interpolation_duration: 1 }
$data merge entity $(bone_arm2) { transformation: [-0.9872162151384564f,-0.1593867766400388f,1.2246467991473532e-16f,0.8934570273936754f,-0.1593867766400388f,0.9872162151384564f,0f,-0.05266727697734714f,-1.2089911779356752e-16f,-1.951925058386375e-17f,-1f,-1.19921875f,0f,0f,0f,1f], start_interpolation: 0, interpolation_duration: 1 }
$data merge entity $(bone_small_arm_base2) { transformation: [-0.8526401643540926f,0.5224985647159488f,1.2246467991473532e-16f,0.9077264934442438f,0.5224985647159488f,0.8526401643540926f,0f,-0.06141161701947151f,-1.0441830481007126e-16f,6.398761948384729e-17f,-1f,-1.10546875f,0f,0f,0f,1f], start_interpolation: 0, interpolation_duration: 1 }
$data merge entity $(bone_bone2) { transformation: [-0.15643446504023062f,-0.9876883405951379f,1.2246467991473532e-16f,1.531195361832059e-16f,-0.9876883405951379f,0.15643446504023062f,0f,0.4999999999999999f,-1.9157696688784695e-17f,-1.2095693648649964e-16f,-1f,-1.54296875f,0f,0f,0f,1f], start_interpolation: 0, interpolation_duration: 1 }
$data merge entity $(bone_ring) { transformation: [-0.28146458086158077f,-1.777097423742185f,2.2034447328268763e-16f,1.1102230246251565e-16f,-1.777097423742185f,0.28146458086158077f,0f,0.4999999999999999f,-3.4469469802548626e-17f,-2.1763166717588744e-16f,-1.799249166666667f,-1.19921875f,0f,0f,0f,1f], start_interpolation: 0, interpolation_duration: 1 }
$data merge entity $(bone_wheel) { transformation: [-1f,1.2246467991473532e-16f,2.719262146893782e-32f,1.0625f,0f,2.220446049250313e-16f,-1f,-0.625f,-1.2246467991473532e-16f,-1f,-2.220446049250313e-16f,-1.3242187499999998f,0f,0f,0f,1f], start_interpolation: 0, interpolation_duration: 1 }
$data merge entity $(bone_wheel2) { transformation: [-1f,1.2246467991473532e-16f,2.719262146893782e-32f,1.0625f,0f,2.220446049250313e-16f,-1f,-0.625f,-1.2246467991473532e-16f,-1f,-2.220446049250313e-16f,-1.0742187499999998f,0f,0f,0f,1f], start_interpolation: 0, interpolation_duration: 1 }
$data merge entity $(bone_rails) { transformation: [-1.1373008333333334f,0f,1.3927918252092842e-16f,-0.43749999999999994f,0f,1.1373008333333334f,0f,-1f,-1.3927918252092842e-16f,0f,-1.1373008333333334f,-0.76171875f,0f,0f,0f,1f], start_interpolation: 0, interpolation_duration: 1 }
$data merge entity $(bone_wheel3) { transformation: [-1f,1.2246467991473532e-16f,2.719262146893782e-32f,-1.0625f,0f,2.220446049250313e-16f,-1f,-0.625f,-1.2246467991473532e-16f,-1f,-2.220446049250313e-16f,-1.07421875f,0f,0f,0f,1f], start_interpolation: 0, interpolation_duration: 1 }
$data merge entity $(bone_wheel4) { transformation: [-1f,1.2246467991473532e-16f,2.719262146893782e-32f,-1.0625f,0f,2.220446049250313e-16f,-1f,-0.625f,-1.2246467991473532e-16f,-1f,-2.220446049250313e-16f,-1.32421875f,0f,0f,0f,1f], start_interpolation: 0, interpolation_duration: 1 }
$data merge entity $(bone_rails2) { transformation: [-1.2038220833333333f,0f,1.4742568610970649e-16f,0.4375f,0f,1.2038220833333333f,0f,-1f,-1.4742568610970649e-16f,0f,-1.2038220833333333f,-0.7617187499999999f,0f,0f,0f,1f], start_interpolation: 0, interpolation_duration: 1 }
$data merge entity $(bone_bone6) { transformation: [0.08715574274765824f,-0.16530966336857597f,-0.9823831185963408f,0.4669011228045603f,0f,0.9861356625147057f,-0.16594111942698941f,0.7262450429932772f,0.9961946980917455f,0.014462721516037122f,0.0859473861164232f,-0.04342987524564436f,0f,0f,0f,1f], start_interpolation: 0, interpolation_duration: 1 }
$data merge entity $(bone_bone5) { transformation: [0.08715574274765824f,-0.026133190988577804f,-0.9958518628967155f,0.33520818705329036f,0f,0.9996558552302208f,-0.026233015532643456f,0.7261921255493454f,0.9961946980917455f,0.0022863579532583986f,0.0871257485546354f,-0.031908236300960374f,0f,0f,0f,1f], start_interpolation: 0, interpolation_duration: 1 }
$data merge entity $(bone_bone4) { transformation: [0.08715574274765824f,-0.026133190988577804f,-0.9958518628967155f,0.9277755675912349f,0f,0.9996558552302208f,-0.026233015532643456f,0.27731602093866314f,0.9961946980917455f,0.0022863579532583986f,0.0871257485546354f,-0.27196738401266046f,0f,0f,0f,1f], start_interpolation: 0, interpolation_duration: 1 }
$data merge entity $(bone_bone3) { transformation: [0.08715574274765824f,-0.4945470600209155f,-0.8647699589664138f,0.7943892144084016f,0f,0.8680732397220328f,-0.49643614944773545f,-0.234375f,0.9961946980917455f,0.04326726133190485f,0.07565756796733974f,-0.1975588503936383f,0f,0f,0f,1f], start_interpolation: 0, interpolation_duration: 1 }
$data merge entity $(bone_octagon) { transformation: [0.08715574274765824f,0f,-0.9961946980917455f,0.859375f,0f,1f,0f,-0.40625f,0.9961946980917455f,0f,0.08715574274765824f,-0.1718749999999999f,0f,0f,0f,1f], start_interpolation: 0, interpolation_duration: 1 }
$data merge entity $(bone_bone10) { transformation: [-0.7855912181270707f,-0.25990883321993763f,0.5615103172835525f,-0.48165505677876314f,0f,0.9074974953555244f,0.42005749121215497f,0.150061096652853f,-0.6187458589773553f,0.3299934762047581f,-0.712922062823612f,-0.4999312889609385f,0f,0f,0f,1f], start_interpolation: 0, interpolation_duration: 1 }
$data merge entity $(bone_bone9) { transformation: [-0.7855912181270707f,0.5039409645219299f,0.35901245421061956f,-0.43248992941263575f,0f,0.5802260314177854f,-0.8144554944655766f,0.044410747852466625f,-0.6187458589773553f,-0.639829084007498f,-0.45582047481053406f,-0.5623538356924265f,0f,0f,0f,1f], start_interpolation: 0, interpolation_duration: 1 }
$data merge entity $(bone_bone8) { transformation: [-0.7855912181270707f,0.5039409645219299f,0.35901245421061956f,-1.0148202558109132f,0f,0.5802260314177854f,-0.8144554944655766f,0.2589233340252414f,-0.6187458589773553f,-0.639829084007498f,-0.45582047481053406f,-0.12602996127690835f,0f,0f,0f,1f], start_interpolation: 0, interpolation_duration: 1 }
$data merge entity $(bone_bone7) { transformation: [-0.7855912181270707f,0.24634480816128168f,0.5675919956215085f,-0.8452531093803862f,0f,0.9173265362286346f,-0.3981356878386758f,-0.234375f,-0.6187458589773553f,-0.3127718999890445f,-0.7206436710161395f,-0.24031025922598426f,0f,0f,0f,1f], start_interpolation: 0, interpolation_duration: 1 }
$data merge entity $(bone_octagon2) { transformation: [-0.7855912181270707f,0f,0.6187458589773553f,-0.859375f,0f,1f,0f,-0.40625f,-0.6187458589773553f,0f,-0.7855912181270707f,-0.171875f,0f,0f,0f,1f], start_interpolation: 0, interpolation_duration: 1 }