# This file was generated by Animated Java via MC-Build. It is not recommended to edit this file directly.
$data merge entity $(bone_bone21) { transformation: [0.15610320536828742f,-0.987740750031984f,1.2246467991473532e-16f,-0.756910512555836f,-0.987740750031984f,-0.15610320536828742f,0f,0.5889990340599704f,1.9117129079091522e-17f,-1.2096335479140754e-16f,-1f,-1.1156562500000002f,0f,0f,0f,1f], start_interpolation: 0, interpolation_duration: 1 }
$data merge entity $(bone_arm4) { transformation: [-0.18945962124506732f,0.9818885129777595f,1.2246467991473532e-16f,-0.8569917285926998f,0.9818885129777595f,0.18945962124506732f,0f,1.1076773452782276f,-2.3202111872544167e-17f,1.2024666245377676e-16f,-1f,-1.1156562500000002f,0f,0f,0f,1f], start_interpolation: 0, interpolation_duration: 1 }
$data merge entity $(bone_small_arm_base4) { transformation: [-0.8181497174250238f,0.5750052520432781f,1.2246467991473532e-16f,-0.870683975457381f,0.5750052520432781f,0.8181497174250238f,0f,1.1173004175494543f,-1.001944432667867e-16f,7.041783414077177e-17f,-1f,-1.0219062500000002f,0f,0f,0f,1f], start_interpolation: 0, interpolation_duration: 1 }
$data merge entity $(bone_bone25) { transformation: [-0.21814324139654195f,-0.9759167619387475f,1.2246467991473532e-16f,1.531195361832059e-16f,-0.9759167619387475f,0.21814324139654195f,0f,0.4999999999999999f,-2.671484223319035e-17f,-1.1951533387425367e-16f,-1f,-1.4594062500000002f,0f,0f,0f,1f], start_interpolation: 0, interpolation_duration: 1 }
$data merge entity $(bone_bone16) { transformation: [-0.30613408607305326f,-0.9519884039967174f,1.2246467991473532e-16f,-0.6105743099302253f,-0.9519884039967174f,0.30613408607305326f,0f,0.17124595269049459f,-3.749061286192649e-17f,-1.1658495517799772e-16f,-1f,-1.1156562500000002f,0f,0f,0f,1f], start_interpolation: 0, interpolation_duration: 1 }
$data merge entity $(bone_arm3) { transformation: [0.005484124268890445f,-0.9999849620774324f,1.2246467991473532e-16f,-0.6076773452782276f,-0.9999849620774324f,-0.005484124268890445f,0f,-0.3569917285926999f,6.716115232023145e-19f,-1.224628383003615e-16f,-1f,-1.1156562500000002f,0f,0f,0f,1f], start_interpolation: 0, interpolation_duration: 1 }
$data merge entity $(bone_small_arm_base3) { transformation: [-0.5750052520432783f,-0.8181497174250237f,1.2246467991473532e-16f,-0.6173004175494544f,-0.8181497174250237f,0.5750052520432783f,0f,-0.3706839754573811f,-7.041783414077179e-17f,-1.001944432667867e-16f,-1f,-1.0219062500000002f,0f,0f,0f,1f], start_interpolation: 0, interpolation_duration: 1 }
$data merge entity $(bone_bone15) { transformation: [0.9759167619387475f,-0.21814324139654218f,1.2246467991473532e-16f,1.531195361832059e-16f,-0.21814324139654218f,-0.9759167619387475f,0f,0.4999999999999999f,1.1951533387425367e-16f,-2.6714842233190377e-17f,-1f,-1.4594062500000002f,0f,0f,0f,1f], start_interpolation: 0, interpolation_duration: 1 }
$data merge entity $(bone_bone26) { transformation: [0.3720990558994921f,0.9281930255063903f,1.2246467991473532e-16f,0.5012975447946985f,0.9281930255063903f,-0.3720990558994921f,0f,0.8395685184631919f,4.556899177730651e-17f,1.1367086176772985e-16f,-1f,-1.1156562500000002f,0f,0f,0f,1f], start_interpolation: 0, interpolation_duration: 1 }
$data merge entity $(bone_arm5) { transformation: [0.20138321161397016f,0.9795125328856404f,1.2246467991473532e-16f,0.6076773452782274f,0.9795125328856404f,-0.20138321161397016f,0f,1.3569917285927f,2.4662330550506265e-17f,1.1995568881231162e-16f,-1f,-1.1156562500000002f,0f,0f,0f,1f], start_interpolation: 0, interpolation_duration: 1 }
$data merge entity $(bone_small_arm_base5) { transformation: [0.5750052520432779f,0.818149717425024f,1.2246467991473532e-16f,0.6173004175494542f,0.818149717425024f,-0.5750052520432779f,0f,1.3706839754573812f,7.041783414077174e-17f,1.0019444326678671e-16f,-1f,-1.0219062500000002f,0f,0f,0f,1f], start_interpolation: 0, interpolation_duration: 1 }
$data merge entity $(bone_bone20) { transformation: [-0.9759167619387475f,0.21814324139654173f,1.2246467991473532e-16f,1.531195361832059e-16f,0.21814324139654173f,0.9759167619387475f,0f,0.4999999999999999f,-1.1951533387425367e-16f,2.6714842233190322e-17f,-1f,-1.4594062500000002f,0f,0f,0f,1f], start_interpolation: 0, interpolation_duration: 1 }
$data merge entity $(bone_bone11) { transformation: [-0.9894234733469908f,0.14505581818726457f,1.2246467991473532e-16f,0.3342987514129613f,0.14505581818726457f,0.9894234733469908f,0f,-0.18406773694250483f,-1.211694289635649e-16f,1.776421434407339e-17f,-1f,-1.1156562500000002f,0f,0f,0f,1f], start_interpolation: 0, interpolation_duration: 1 }
$data merge entity $(bone_arm2) { transformation: [-0.9894885114850479f,-0.14461149898643694f,1.2246467991473532e-16f,0.8569917285927f,-0.14461149898643694f,0.9894885114850479f,0f,-0.10767734527822762f,-1.211773938383243e-16f,-1.770980093536408e-17f,-1f,-1.1156562500000002f,0f,0f,0f,1f], start_interpolation: 0, interpolation_duration: 1 }
$data merge entity $(bone_small_arm_base2) { transformation: [-0.8181497174250238f,0.5750052520432781f,1.2246467991473532e-16f,0.8706839754573812f,0.5750052520432781f,0.8181497174250238f,0f,-0.11730041754945442f,-1.001944432667867e-16f,7.041783414077177e-17f,-1f,-1.0219062500000002f,0f,0f,0f,1f], start_interpolation: 0, interpolation_duration: 1 }
$data merge entity $(bone_bone2) { transformation: [-0.21814324139654195f,-0.9759167619387475f,1.2246467991473532e-16f,1.531195361832059e-16f,-0.9759167619387475f,0.21814324139654195f,0f,0.4999999999999999f,-2.671484223319035e-17f,-1.1951533387425367e-16f,-1f,-1.4594062500000002f,0f,0f,0f,1f], start_interpolation: 0, interpolation_duration: 1 }
$data merge entity $(bone_ring) { transformation: [-0.3924940452966937f,-1.7559174206543235f,2.2034447328268763e-16f,1.1102230246251565e-16f,-1.7559174206543235f,0.3924940452966937f,0f,0.4999999999999999f,-4.806665762569922e-17f,-2.150378648771394e-16f,-1.799249166666667f,-1.1156562500000002f,0f,0f,0f,1f], start_interpolation: 0, interpolation_duration: 1 }
$data merge entity $(bone_wheel) { transformation: [-1f,9.907600726170932e-17f,7.198293278059947e-17f,1.0625f,0f,0.5877852522924715f,-0.8090169943749487f,-0.625f,-1.2246467991473532e-16f,-0.8090169943749487f,-0.5877852522924715f,-1.24065625f,0f,0f,0f,1f], start_interpolation: 0, interpolation_duration: 1 }
$data merge entity $(bone_wheel2) { transformation: [-1f,9.907600726170932e-17f,7.198293278059947e-17f,1.0625f,0f,0.5877852522924715f,-0.8090169943749487f,-0.625f,-1.2246467991473532e-16f,-0.8090169943749487f,-0.5877852522924715f,-0.99065625f,0f,0f,0f,1f], start_interpolation: 0, interpolation_duration: 1 }
$data merge entity $(bone_rails) { transformation: [-1.1373008333333334f,0f,1.3927918252092842e-16f,-0.43749999999999994f,0f,1.1373008333333334f,0f,-1f,-1.3927918252092842e-16f,0f,-1.1373008333333334f,-0.6781562500000002f,0f,0f,0f,1f], start_interpolation: 0, interpolation_duration: 1 }
$data merge entity $(bone_wheel3) { transformation: [-1f,9.907600726170932e-17f,7.198293278059947e-17f,-1.0625f,0f,0.5877852522924715f,-0.8090169943749487f,-0.625f,-1.2246467991473532e-16f,-0.8090169943749487f,-0.5877852522924715f,-0.9906562500000002f,0f,0f,0f,1f], start_interpolation: 0, interpolation_duration: 1 }
$data merge entity $(bone_wheel4) { transformation: [-1f,9.907600726170932e-17f,7.198293278059947e-17f,-1.0625f,0f,0.5877852522924715f,-0.8090169943749487f,-0.625f,-1.2246467991473532e-16f,-0.8090169943749487f,-0.5877852522924715f,-1.2406562500000002f,0f,0f,0f,1f], start_interpolation: 0, interpolation_duration: 1 }
$data merge entity $(bone_rails2) { transformation: [-1.2038220833333333f,0f,1.4742568610970649e-16f,0.4375f,0f,1.2038220833333333f,0f,-1f,-1.4742568610970649e-16f,0f,-1.2038220833333333f,-0.6781562500000001f,0f,0f,0f,1f], start_interpolation: 0, interpolation_duration: 1 }
$data merge entity $(bone_bone6) { transformation: [-0.23984768897479936f,-0.11746226211530837f,-0.9636782155222783f,0.466966881110695f,0f,0.9926532369240796f,-0.12099401317481584f,0.757847695431051f,0.9708105304813334f,-0.02902013443976601f,-0.2380855848295944f,-0.17225425057360622f,0f,0f,0f,1f], start_interpolation: 0, interpolation_duration: 1 }
$data merge entity $(bone_bone5) { transformation: [-0.23984768897479936f,0.031286854238550044f,-0.9703062500289812f,0.33884593545237096f,0f,0.9994805572905126f,0.03222755960737039f,0.7655198539629863f,0.9708105304813334f,0.007729705693125366f,-0.23972310184137396f,-0.2039077110178177f,0f,0f,0f,1f], start_interpolation: 0, interpolation_duration: 1 }
$data merge entity $(bone_bone4) { transformation: [-0.23984768897479936f,0.031286854238550044f,-0.9703062500289812f,0.954117673099548f,0f,0.9994805572905126f,0.03222755960737039f,0.27797284008791734f,0.9708105304813334f,0.007729705693125366f,-0.23972310184137396f,-0.24503674122520408f,0f,0f,0f,1f], start_interpolation: 0, interpolation_duration: 1 }
$data merge entity $(bone_bone3) { transformation: [-0.23984768897479936f,-0.4859467573512968f,-0.8404337184532804f,0.8061945821253791f,0f,0.8657031336862288f,-0.5005577732148843f,-0.234375f,0.9708105304813334f,-0.12005762510396172f,-0.20763689595288373f,-0.2172033096384665f,0f,0f,0f,1f], start_interpolation: 0, interpolation_duration: 1 }
$data merge entity $(bone_octagon) { transformation: [-0.23984768897479936f,0f,-0.9708105304813334f,0.859375f,0f,1f,0f,-0.40625f,0.9708105304813334f,0f,-0.23984768897479936f,-0.1718749999999999f,0f,0f,0f,1f], start_interpolation: 0, interpolation_duration: 1 }
$data merge entity $(bone_bone10) { transformation: [-0.8713396936012082f,-0.10284881339589387f,0.47978042888180533f,-0.5206750904207138f,0f,0.9777862434414677f,0.20960453749053976f,0.07608188082342349f,-0.4906802811963738f,0.18263675347442984f,-0.8519839657677649f,-0.5822698806432295f,0f,0f,0f,1f], start_interpolation: 0, interpolation_duration: 1 }
$data merge entity $(bone_bone9) { transformation: [-0.8713396936012082f,0.4366705594934157f,0.22379892945825222f,-0.4896084123091431f,0f,0.45609929323547915f,-0.8899288930639888f,-0.03996631192525801f,-0.4906802811963738f,-0.7754303690092385f,-0.39741741841953004f,-0.6374374323551965f,0f,0f,0f,1f], start_interpolation: 0, interpolation_duration: 1 }
$data merge entity $(bone_bone8) { transformation: [-0.8713396936012082f,0.4366705594934157f,0.22379892945825222f,-0.9815287270028107f,0f,0.45609929323547915f,-0.8899288930639888f,0.27575650785322936f,-0.4906802811963738f,-0.7754303690092385f,-0.39741741841953004f,-0.14601826284329095f,0f,0f,0f,1f], start_interpolation: 0, interpolation_duration: 1 }
$data merge entity $(bone_bone7) { transformation: [-0.8713396936012082f,0.2389044312241093f,0.4285928266973647f,-0.8559368478502644f,0f,0.8734665791997432f,-0.48688410840886837f,-0.234375f,-0.4906802811963738f,-0.4242414498402808f,-0.7610861014907998f,-0.2416674896374622f,0f,0f,0f,1f], start_interpolation: 0, interpolation_duration: 1 }
$data merge entity $(bone_octagon2) { transformation: [-0.8713396936012082f,0f,0.4906802811963738f,-0.859375f,0f,1f,0f,-0.40625f,-0.4906802811963738f,0f,-0.8713396936012082f,-0.171875f,0f,0f,0f,1f], start_interpolation: 0, interpolation_duration: 1 }