# This file was generated by Animated Java via MC-Build. It is not recommended to edit this file directly.
$data merge entity $(bone_bone21) { transformation: [0.20693138509484768f,-0.9783554578284565f,1.2246467991473532e-16f,-0.779422043089541f,-0.9783554578284565f,-0.20693138509484768f,0f,0.6333921650468136f,2.5341785839953375e-17f,-1.1981398798579624e-16f,-1f,-1.06884375f,0f,0f,0f,1f], start_interpolation: 0, interpolation_duration: 1 }
$data merge entity $(bone_arm4) { transformation: [-0.07141040093177475f,0.9974470184620151f,1.2246467991473532e-16f,-0.817144274961247f,0.9974470184620151f,0.07141040093177475f,0f,1.1602891887186673f,-8.745251892692731e-18f,1.2215202984785777e-16f,-1f,-1.06884375f,0f,0f,0f,1f], start_interpolation: 0, interpolation_duration: 1 }
$data merge entity $(bone_small_arm_base4) { transformation: [-0.7804304073383297f,0.6252426563357054f,1.2246467991473532e-16f,-0.8302052655970585f,0.6252426563357054f,0.7804304073383297f,0f,1.1707530153491055f,-9.557516003041506e-17f,7.657014177719101e-17f,-1f,-0.97509375f,0f,0f,0f,1f], start_interpolation: 0, interpolation_duration: 1 }
$data merge entity $(bone_bone25) { transformation: [-0.2789911060392294f,-0.9602936856769431f,1.2246467991473532e-16f,1.531195361832059e-16f,-0.9602936856769431f,0.2789911060392294f,0f,0.4999999999999999f,-3.4166556500152206e-17f,-1.1760205884056828e-16f,-1f,-1.4125937499999999f,0f,0f,0f,1f], start_interpolation: 0, interpolation_duration: 1 }
$data merge entity $(bone_bone16) { transformation: [-0.2410406542856321f,-0.9705150194518137f,1.2246467991473532e-16f,-0.6145839329208499f,-0.9705150194518137f,0.2410406542856321f,0f,0.20912036371790343f,-2.9518966573528286e-17f,-1.1885381120960954e-16f,-1f,-1.0688437499999999f,0f,0f,0f,1f], start_interpolation: 0, interpolation_duration: 1 }
$data merge entity $(bone_arm3) { transformation: [-0.08652273418794004f,-0.9962498765212687f,1.2246467991473532e-16f,-0.6602891887186672f,-0.9962498765212687f,0.08652273418794004f,0f,-0.317144274961247f,-1.0595978947673781e-17f,-1.220054222432718e-16f,-1f,-1.0688437499999999f,0f,0f,0f,1f], start_interpolation: 0, interpolation_duration: 1 }
$data merge entity $(bone_small_arm_base3) { transformation: [-0.6252426563357055f,-0.7804304073383295f,1.2246467991473532e-16f,-0.6707530153491055f,-0.7804304073383295f,0.6252426563357055f,0f,-0.33020526559705854f,-7.657014177719104e-17f,-9.557516003041505e-17f,-1f,-0.9750937499999999f,0f,0f,0f,1f], start_interpolation: 0, interpolation_duration: 1 }
$data merge entity $(bone_bone15) { transformation: [0.960293685676943f,-0.2789911060392296f,1.2246467991473532e-16f,1.531195361832059e-16f,-0.2789911060392296f,-0.960293685676943f,0f,0.4999999999999999f,1.1760205884056828e-16f,-3.416655650015223e-17f,-1f,-1.4125937499999999f,0f,0f,0f,1f], start_interpolation: 0, interpolation_duration: 1 }
$data merge entity $(bone_bone26) { transformation: [0.6831620511168093f,0.7302668087171115f,1.2246467991473532e-16f,0.48237510199725836f,0.7302668087171115f,-0.6831620511168093f,0f,0.8197611046813036f,8.36632219199141e-17f,8.943189098189631e-17f,-1f,-1.0688437499999999f,0f,0f,0f,1f], start_interpolation: 0, interpolation_duration: 1 }
$data merge entity $(bone_arm5) { transformation: [0.33680181775553525f,0.9415755601950209f,1.2246467991473532e-16f,0.6602891887186672f,0.9415755601950209f,-0.33680181775553525f,0f,1.3171442749612474f,4.124632680613264e-17f,1.1530974959482084e-16f,-1f,-1.0688437499999999f,0f,0f,0f,1f], start_interpolation: 0, interpolation_duration: 1 }
$data merge entity $(bone_small_arm_base5) { transformation: [0.6252426563357052f,0.7804304073383299f,1.2246467991473532e-16f,0.6707530153491054f,0.7804304073383299f,-0.6252426563357052f,0f,1.3302052655970589f,7.657014177719099e-17f,9.557516003041508e-17f,-1f,-0.9750937499999999f,0f,0f,0f,1f], start_interpolation: 0, interpolation_duration: 1 }
$data merge entity $(bone_bone20) { transformation: [-0.9602936856769432f,0.27899110603922916f,1.2246467991473532e-16f,1.531195361832059e-16f,0.27899110603922916f,0.9602936856769432f,0f,0.4999999999999999f,-1.1760205884056828e-16f,3.416655650015218e-17f,-1f,-1.4125937499999999f,0f,0f,0f,1f], start_interpolation: 0, interpolation_duration: 1 }
$data merge entity $(bone_bone11) { transformation: [-0.968544962565935f,0.24883861333834745f,1.2246467991473532e-16f,0.2933677745065685f,0.24883861333834745f,0.968544962565935f,0f,-0.22885753347840754f,-1.1861254882366655e-16f,3.047394113290729e-17f,-1f,-1.0688437499999996f,0f,0f,0f,1f], start_interpolation: 0, interpolation_duration: 1 }
$data merge entity $(bone_arm2) { transformation: [-0.9915396846962599f,-0.1298039046887331f,1.2246467991473532e-16f,0.8171442749612472f,-0.1298039046887331f,0.9915396846962599f,0f,-0.16028918871866732f,-1.2142859010908506e-16f,-1.589639363938853e-17f,-1f,-1.0688437499999996f,0f,0f,0f,1f], start_interpolation: 0, interpolation_duration: 1 }
$data merge entity $(bone_small_arm_base2) { transformation: [-0.7804304073383297f,0.6252426563357054f,1.2246467991473532e-16f,0.8302052655970588f,0.6252426563357054f,0.7804304073383297f,0f,-0.17075301534910559f,-9.557516003041506e-17f,7.657014177719101e-17f,-1f,-0.9750937499999998f,0f,0f,0f,1f], start_interpolation: 0, interpolation_duration: 1 }
$data merge entity $(bone_bone2) { transformation: [-0.2789911060392294f,-0.9602936856769431f,1.2246467991473532e-16f,1.531195361832059e-16f,-0.9602936856769431f,0.2789911060392294f,0f,0.4999999999999999f,-3.4166556500152206e-17f,-1.1760205884056828e-16f,-1f,-1.4125937499999999f,0f,0f,0f,1f], start_interpolation: 0, interpolation_duration: 1 }
$data merge entity $(bone_ring) { transformation: [-0.5019745150484952f,-1.727807613709502f,2.2034447328268763e-16f,1.1102230246251565e-16f,-1.727807613709502f,0.5019745150484952f,0f,0.4999999999999999f,-6.147414831076846e-17f,-2.1159540636717682e-16f,-1.799249166666667f,-1.0688437499999999f,0f,0f,0f,1f], start_interpolation: 0, interpolation_duration: 1 }
$data merge entity $(bone_wheel) { transformation: [-1f,3.784366730434138e-17f,1.1647083184890928e-16f,1.0625f,0f,0.9510565162951539f,-0.30901699437494645f,-0.625f,-1.2246467991473532e-16f,-0.30901699437494645f,-0.9510565162951539f,-1.1938437499999996f,0f,0f,0f,1f], start_interpolation: 0, interpolation_duration: 1 }
$data merge entity $(bone_wheel2) { transformation: [-1f,3.784366730434138e-17f,1.1647083184890928e-16f,1.0625f,0f,0.9510565162951539f,-0.30901699437494645f,-0.625f,-1.2246467991473532e-16f,-0.30901699437494645f,-0.9510565162951539f,-0.9438437499999996f,0f,0f,0f,1f], start_interpolation: 0, interpolation_duration: 1 }
$data merge entity $(bone_rails) { transformation: [-1.1373008333333334f,0f,1.3927918252092842e-16f,-0.43749999999999994f,0f,1.1373008333333334f,0f,-1f,-1.3927918252092842e-16f,0f,-1.1373008333333334f,-0.6313437499999999f,0f,0f,0f,1f], start_interpolation: 0, interpolation_duration: 1 }
$data merge entity $(bone_wheel3) { transformation: [-1f,3.784366730434138e-17f,1.1647083184890928e-16f,-1.0625f,0f,0.9510565162951539f,-0.30901699437494645f,-0.625f,-1.2246467991473532e-16f,-0.30901699437494645f,-0.9510565162951539f,-0.9438437499999999f,0f,0f,0f,1f], start_interpolation: 0, interpolation_duration: 1 }
$data merge entity $(bone_wheel4) { transformation: [-1f,3.784366730434138e-17f,1.1647083184890928e-16f,-1.0625f,0f,0.9510565162951539f,-0.30901699437494645f,-0.625f,-1.2246467991473532e-16f,-0.30901699437494645f,-0.9510565162951539f,-1.19384375f,0f,0f,0f,1f], start_interpolation: 0, interpolation_duration: 1 }
$data merge entity $(bone_rails2) { transformation: [-1.2038220833333333f,0f,1.4742568610970649e-16f,0.4375f,0f,1.2038220833333333f,0f,-1f,-1.4742568610970649e-16f,0f,-1.2038220833333333f,-0.6313437499999998f,0f,0f,0f,1f], start_interpolation: 0, interpolation_duration: 1 }
$data merge entity $(bone_bone6) { transformation: [-0.6549830845305767f,-0.03175929886930366f,-0.7549758313443824f,0.5298676999099036f,0f,0.9991163713486562f,-0.04202947183934691f,0.7921918851067069f,0.7556435396261992f,-0.02752859310652643f,-0.65440432271094f,-0.3334216835708541f,0f,0f,0f,1f], start_interpolation: 0, interpolation_duration: 1 }
$data merge entity $(bone_bone5) { transformation: [-0.6549830845305767f,0.07444129653139075f,-0.7519678532686997f,0.4307479551883747f,0f,0.9951356874442179f,0.09851377352900442f,0.8086090533645122f,0.7556435396261992f,0.06452485525477403f,-0.6517970420886697f,-0.4193375324216307f,0f,0f,0f,1f], start_interpolation: 0, interpolation_duration: 1 }
$data merge entity $(bone_bone4) { transformation: [-0.6549830845305767f,0.07444129653139075f,-0.7519678532686997f,0.9747195138561122f,0f,0.9951356874442179f,0.09851377352900442f,0.2787774451864846f,0.7556435396261992f,0.06452485525477403f,-0.6517970420886697f,-0.1959621437077958f,0f,0f,0f,1f], start_interpolation: 0, interpolation_duration: 1 }
$data merge entity $(bone_bone3) { transformation: [-0.6549830845305767f,-0.38212367885406184f,-0.6519038679420832f,0.8326155001649431f,0f,0.8627134803065559f,-0.5056930401907364f,-0.234375f,0.7556435396261992f,-0.33122038728977343f,-0.565062736397297f,-0.23642530339647966f,0f,0f,0f,1f], start_interpolation: 0, interpolation_duration: 1 }
$data merge entity $(bone_octagon) { transformation: [-0.6549830845305767f,0f,-0.7556435396261992f,0.859375f,0f,1f,0f,-0.40625f,0.7556435396261992f,0f,-0.6549830845305767f,-0.1718749999999999f,0f,0f,0f,1f], start_interpolation: 0, interpolation_duration: 1 }
$data merge entity $(bone_bone10) { transformation: [-0.9239203114241797f,-0.01963681105726786f,0.38208069015503515f,-0.5553682338966028f,0f,0.9986819179869135f,0.05132666642185307f,0.028317798863630353f,-0.3825849685205193f,0.04742174962484358f,-0.922702508680166f,-0.6609899454641266f,0f,0f,0f,1f], start_interpolation: 0, interpolation_duration: 1 }
$data merge entity $(bone_bone9) { transformation: [-0.9239203114241797f,0.35611007129618416f,0.1398458982568792f,-0.5356712203374205f,0f,0.36552899293893404f,-0.9307999545128098f,-0.09344087886426578f,-0.3825849685205193f,-0.8599849838470874f,-0.3377196609907067f,-0.7085570806082506f,0f,0f,0f,1f], start_interpolation: 0, interpolation_duration: 1 }
$data merge entity $(bone_bone8) { transformation: [-0.9239203114241797f,0.35611007129618416f,0.1398458982568792f,-0.9538038649601108f,0f,0.36552899293893404f,-0.9307999545128098f,0.28943291176919705f,-0.3825849685205193f,-0.8599849838470874f,-0.3377196609907067f,-0.18887842202094038f,0f,0f,0f,1f], start_interpolation: 0, interpolation_duration: 1 }
$data merge entity $(bone_bone7) { transformation: [-0.9239203114241797f,0.2249041828511877f,0.30949857297552485f,-0.8643359491994732f,0f,0.8089668921713672f,-0.587854205879825f,-0.234375f,-0.3825849685205193f,-0.5431304409685017f,-0.7474209429468204f,-0.24157579973027746f,0f,0f,0f,1f], start_interpolation: 0, interpolation_duration: 1 }
$data merge entity $(bone_octagon2) { transformation: [-0.9239203114241797f,0f,0.3825849685205193f,-0.859375f,0f,1f,0f,-0.40625f,-0.3825849685205193f,0f,-0.9239203114241797f,-0.171875f,0f,0f,0f,1f], start_interpolation: 0, interpolation_duration: 1 }