# This file was generated by Animated Java via MC-Build. It is not recommended to edit this file directly.
$data merge entity $(bone_bone21) { transformation: [0.23234523882766456f,-0.972633379025271f,1.2246467991473532e-16f,-0.7775653725125327f,-0.972633379025271f,-0.23234523882766456f,0f,0.6577066657777844f,2.845408530274267e-17f,-1.1911323543671725e-16f,-1f,-1.0625f,0f,0f,0f,1f], start_interpolation: 0, interpolation_duration: 1 }
$data merge entity $(bone_arm4) { transformation: [-0.03489949670250142f,0.9993908270190959f,1.2246467991473532e-16f,-0.796000878960331f,0.9993908270190959f,0.03489949670250142f,0f,1.1856304978157535f,-4.273955692857195e-18f,1.223900777406162e-16f,-1f,-1.0625f,0f,0f,0f,1f], start_interpolation: 0, interpolation_duration: 1 }
$data merge entity $(bone_small_arm_base4) { transformation: [-0.7604059656000312f,0.6494480483301834f,1.2246467991473532e-16f,-0.8087267480483761f,0.6494480483301834f,0.7604059656000312f,0f,1.1964994168095893f,-9.312287318246307e-17f,7.953444736000549e-17f,-1f,-0.9687500000000001f,0f,0f,0f,1f], start_interpolation: 0, interpolation_duration: 1 }
$data merge entity $(bone_bone25) { transformation: [-0.3090169943749471f,-0.9510565162951536f,1.2246467991473532e-16f,1.531195361832059e-16f,-0.9510565162951536f,0.3090169943749471f,0f,0.4999999999999999f,-3.784366730434146e-17f,-1.1647083184890926e-16f,-1f,-1.40625f,0f,0f,0f,1f], start_interpolation: 0, interpolation_duration: 1 }
$data merge entity $(bone_bone16) { transformation: [-0.21132479645538726f,-0.9774158942860964f,1.2246467991473532e-16f,-0.6121129161159158f,-0.9774158942860964f,0.21132479645538726f,0f,0.2271038959296029f,-2.5879823555955583e-17f,-1.196989246373216e-16f,-1f,-1.0625f,0f,0f,0f,1f], start_interpolation: 0, interpolation_duration: 1 }
$data merge entity $(bone_arm3) { transformation: [-0.13917310096006535f,-0.9902680687415706f,1.2246467991473532e-16f,-0.6856304978157536f,-0.9902680687415706f,0.13917310096006535f,0f,-0.296000878960331f,-1.7043789261815535e-17f,-1.2127286206821957e-16f,-1f,-1.0625f,0f,0f,0f,1f], start_interpolation: 0, interpolation_duration: 1 }
$data merge entity $(bone_small_arm_base3) { transformation: [-0.6494480483301837f,-0.760405965600031f,1.2246467991473532e-16f,-0.6964994168095895f,-0.760405965600031f,0.6494480483301837f,0f,-0.3087267480483761f,-7.95344473600055e-17f,-9.312287318246305e-17f,-1f,-0.9687500000000001f,0f,0f,0f,1f], start_interpolation: 0, interpolation_duration: 1 }
$data merge entity $(bone_bone15) { transformation: [0.9510565162951535f,-0.30901699437494734f,1.2246467991473532e-16f,1.531195361832059e-16f,-0.30901699437494734f,-0.9510565162951535f,0f,0.4999999999999999f,1.1647083184890926e-16f,-3.784366730434149e-17f,-1f,-1.40625f,0f,0f,0f,1f], start_interpolation: 0, interpolation_duration: 1 }
$data merge entity $(bone_bone26) { transformation: [0.8060758654700622f,0.5918122160843682f,1.2246467991473532e-16f,0.47318274897533036f,0.5918122160843682f,-0.8060758654700622f,0f,0.8123590752002787f,9.87158228517844e-17f,7.247609361240228e-17f,-1f,-1.0625f,0f,0f,0f,1f], start_interpolation: 0, interpolation_duration: 1 }
$data merge entity $(bone_arm5) { transformation: [0.4021760688324172f,0.9155623461340594f,1.2246467991473532e-16f,0.6856304978157536f,0.9155623461340594f,-0.4021760688324172f,0f,1.2960008789603312f,4.925236353892855e-17f,1.1212404966129167e-16f,-1f,-1.0625f,0f,0f,0f,1f], start_interpolation: 0, interpolation_duration: 1 }
$data merge entity $(bone_small_arm_base5) { transformation: [0.6494480483301833f,0.7604059656000314f,1.2246467991473532e-16f,0.6964994168095894f,0.7604059656000314f,-0.6494480483301833f,0f,1.3087267480483762f,7.953444736000546e-17f,9.312287318246307e-17f,-1f,-0.9687499999999999f,0f,0f,0f,1f], start_interpolation: 0, interpolation_duration: 1 }
$data merge entity $(bone_bone20) { transformation: [-0.9510565162951538f,0.3090169943749469f,1.2246467991473532e-16f,1.531195361832059e-16f,0.3090169943749469f,0.9510565162951538f,0f,0.4999999999999999f,-1.1647083184890926e-16f,3.784366730434144e-17f,-1f,-1.40625f,0f,0f,0f,1f], start_interpolation: 0, interpolation_duration: 1 }
$data merge entity $(bone_bone11) { transformation: [-0.9540159399583141f,0.2997558778497166f,1.2246467991473532e-16f,0.2717264963055792f,0.2997558778497166f,0.9540159399583141f,0f,-0.2502819635657212f,-1.1683325672055033e-16f,3.670950763342604e-17f,-1f,-1.0625f,0f,0f,0f,1f], start_interpolation: 0, interpolation_duration: 1 }
$data merge entity $(bone_arm2) { transformation: [-0.9924822049491694f,-0.12238902262553991f,1.2246467991473532e-16f,0.7960008789603312f,-0.12238902262553991f,0.9924822049491694f,0f,-0.18563049781575375f,-1.215440155501708e-16f,-1.498833248091405e-17f,-1f,-1.0625f,0f,0f,0f,1f], start_interpolation: 0, interpolation_duration: 1 }
$data merge entity $(bone_small_arm_base2) { transformation: [-0.7604059656000312f,0.6494480483301834f,1.2246467991473532e-16f,0.8087267480483763f,0.6494480483301834f,0.7604059656000312f,0f,-0.1964994168095896f,-9.312287318246307e-17f,7.953444736000549e-17f,-1f,-0.9687499999999999f,0f,0f,0f,1f], start_interpolation: 0, interpolation_duration: 1 }
$data merge entity $(bone_bone2) { transformation: [-0.3090169943749471f,-0.9510565162951536f,1.2246467991473532e-16f,1.531195361832059e-16f,-0.9510565162951536f,0.3090169943749471f,0f,0.4999999999999999f,-3.784366730434146e-17f,-1.1647083184890926e-16f,-1f,-1.40625f,0f,0f,0f,1f], start_interpolation: 0, interpolation_duration: 1 }
$data merge entity $(bone_ring) { transformation: [-0.5559985696149617f,-1.7111876443969587f,2.2034447328268763e-16f,1.1102230246251565e-16f,-1.7111876443969587f,0.5559985696149617f,0f,0.4999999999999999f,-6.809018686094696e-17f,-2.095600471451235e-16f,-1.799249166666667f,-1.0625f,0f,0f,0f,1f], start_interpolation: 0, interpolation_duration: 1 }
$data merge entity $(bone_wheel) { transformation: [-1f,0f,1.2246467991473532e-16f,1.0625f,0f,1f,0f,-0.625f,-1.2246467991473532e-16f,0f,-1f,-1.1874999999999998f,0f,0f,0f,1f], start_interpolation: 0, interpolation_duration: 1 }
$data merge entity $(bone_wheel2) { transformation: [-1f,0f,1.2246467991473532e-16f,1.0625f,0f,1f,0f,-0.625f,-1.2246467991473532e-16f,0f,-1f,-0.9374999999999998f,0f,0f,0f,1f], start_interpolation: 0, interpolation_duration: 1 }
$data merge entity $(bone_rails) { transformation: [-1.1373008333333334f,0f,1.3927918252092842e-16f,-0.43749999999999994f,0f,1.1373008333333334f,0f,-1f,-1.3927918252092842e-16f,0f,-1.1373008333333334f,-0.625f,0f,0f,0f,1f], start_interpolation: 0, interpolation_duration: 1 }
$data merge entity $(bone_wheel3) { transformation: [-1f,0f,1.2246467991473532e-16f,-1.0625f,0f,1f,0f,-0.625f,-1.2246467991473532e-16f,0f,-1f,-0.9375f,0f,0f,0f,1f], start_interpolation: 0, interpolation_duration: 1 }
$data merge entity $(bone_wheel4) { transformation: [-1f,0f,1.2246467991473532e-16f,-1.0625f,0f,1f,0f,-0.625f,-1.2246467991473532e-16f,0f,-1f,-1.1875f,0f,0f,0f,1f], start_interpolation: 0, interpolation_duration: 1 }
$data merge entity $(bone_rails2) { transformation: [-1.2038220833333333f,0f,1.4742568610970649e-16f,0.4375f,0f,1.2038220833333333f,0f,-1f,-1.4742568610970649e-16f,0f,-1.2038220833333333f,-0.6249999999999999f,0f,0f,0f,1f], start_interpolation: 0, interpolation_duration: 1 }
$data merge entity $(bone_bone6) { transformation: [-0.805654066206075f,0.013084385580075353f,-0.5922417787184633f,0.5884487939009477f,0f,0.9997560394287227f,0.022087589859331513f,0.817459613980334f,0.592386297618047f,0.01779495658286255f,-0.8054575183798316f,-0.3820804015870825f,0f,0f,0f,1f], start_interpolation: 0, interpolation_duration: 1 }
$data merge entity $(bone_bone5) { transformation: [-0.805654066206075f,0.09027551109735069f,-0.5854672131739995f,0.5113864947993765f,0f,0.9883199789193831f,0.15239297644179745f,0.8409737442819579f,0.592386297618047f,0.12277602113158076f,-0.7962440097291033f,-0.4868862603181374f,0f,0f,0f,1f], start_interpolation: 0, interpolation_duration: 1 }
$data merge entity $(bone_bone4) { transformation: [-0.805654066206075f,0.09027551109735069f,-0.5854672131739995f,0.9761455110321355f,0f,0.9883199789193831f,0.15239297644179745f,0.27923474580746543f,0.592386297618047f,0.12277602113158076f,-0.7962440097291033f,-0.17132360806653568f,0f,0f,0f,1f], start_interpolation: 0, interpolation_duration: 1 }
$data merge entity $(bone_bone3) { transformation: [-0.805654066206075f,-0.3013210530839823f,-0.5100266155544995f,0.8475275459678119f,0f,0.8609696368827042f,-0.5086563519372036f,-0.234375f,0.592386297618047f,-0.40980105823975643f,-0.6936436888345185f,-0.24074045093844354f,0f,0f,0f,1f], start_interpolation: 0, interpolation_duration: 1 }
$data merge entity $(bone_octagon) { transformation: [-0.805654066206075f,0f,-0.592386297618047f,0.859375f,0f,1f,0f,-0.40625f,0.592386297618047f,0f,-0.805654066206075f,-0.1718749999999999f,0f,0f,0f,1f], start_interpolation: 0, interpolation_duration: 1 }
$data merge entity $(bone_bone10) { transformation: [-0.9396926207859081f,-0.0034024891124109224f,0.3420032185643162f,-0.5657729921196873f,0f,0.9999505153082835f,0.009948212638374032f,0.01685175961273981f,-0.3420201433256695f,0.009348262006289187f,-0.9396461203862603f,-0.7044332244424063f,0f,0f,0f,1f], start_interpolation: 0, interpolation_duration: 1 }
$data merge entity $(bone_bone9) { transformation: [-0.9396926207859081f,0.3213938048432704f,0.1169777784405113f,-0.5492165995218995f,0f,0.3420201433256689f,-0.9396926207859084f,-0.10616238335832484f,-0.3420201433256695f,-0.8830222215594888f,-0.32139380484326974f,-0.7499215392524541f,0f,0f,0f,1f], start_interpolation: 0, interpolation_duration: 1 }
$data merge entity $(bone_bone8) { transformation: [-0.9396926207859081f,0.3213938048432704f,0.1169777784405113f,-0.9419035441794862f,0f,0.3420201433256689f,-0.9396926207859084f,0.2939370198020691f,-0.3420201433256695f,-0.8830222215594888f,-0.32139380484326974f,-0.21923635092168803f,0f,0f,0f,1f], start_interpolation: 0, interpolation_duration: 1 }
$data merge entity $(bone_bone7) { transformation: [-0.9396926207859081f,0.21984631039295469f,0.2620026302293856f,-0.8673641354417053f,0f,0.7660444431189781f,-0.6427876096865394f,-0.234375f,-0.3420201433256695f,-0.6040227735550535f,-0.7198463103929541f,-0.24129391827804642f,0f,0f,0f,1f], start_interpolation: 0, interpolation_duration: 1 }
$data merge entity $(bone_octagon2) { transformation: [-0.9396926207859081f,0f,0.3420201433256695f,-0.859375f,0f,1f,0f,-0.40625f,-0.3420201433256695f,0f,-0.9396926207859081f,-0.171875f,0f,0f,0f,1f], start_interpolation: 0, interpolation_duration: 1 }