# This file was generated by Animated Java via MC-Build. It is not recommended to edit this file directly.
$data merge entity $(bone_bone21) { transformation: [0.292154308177519f,-0.9563711937387678f,1.2246467991473532e-16f,-0.7468513132982355f,-0.9563711937387678f,-0.292154308177519f,0f,0.6827513556632656f,3.5778583836670806e-17f,-1.171216921208915e-16f,-1f,-1.06884375f,0f,0f,0f,1f], start_interpolation: 0, interpolation_duration: 1 }
$data merge entity $(bone_arm4) { transformation: [-0.051530219291443524f,0.9986714357083495f,1.2246467991473532e-16f,-0.7740719261942312f,0.9986714357083495f,0.051530219291443524f,0f,1.21029517238867f,-6.310631811462759e-18f,1.223019777140122e-16f,-1f,-1.06884375f,0f,0f,0f,1f], start_interpolation: 0, interpolation_duration: 1 }
$data merge entity $(bone_small_arm_base4) { transformation: [-0.7396310949786095f,0.6730125135097739f,1.2246467991473532e-16f,-0.7864501148381325f,0.6730125135097739f,0.7396310949786095f,0f,1.2215584574350768f,-9.05786853015406e-17f,8.242026204558594e-17f,-1f,-0.9750937500000002f,0f,0f,0f,1f], start_interpolation: 0, interpolation_duration: 1 }
$data merge entity $(bone_bone25) { transformation: [-0.3387379202452919f,-0.9408807689542253f,1.2246467991473532e-16f,1.531195361832059e-16f,-0.9408807689542253f,0.3387379202452919f,0f,0.4999999999999999f,-4.148343097782282e-17f,-1.1522466220790924e-16f,-1f,-1.41259375f,0f,0f,0f,1f], start_interpolation: 0, interpolation_duration: 1 }
$data merge entity $(bone_bone16) { transformation: [-0.23069724602869154f,-0.9730255806888007f,1.2246467991473532e-16f,-0.5826351802714205f,-0.9730255806888007f,0.23069724602869154f,0f,0.23851598504077298f,-2.825226439211467e-17f,-1.1916126628790343e-16f,-1f,-1.06884375f,0f,0f,0f,1f], start_interpolation: 0, interpolation_duration: 1 }
$data merge entity $(bone_arm3) { transformation: [-0.24166786448491578f,-0.9703590280279257f,1.2246467991473532e-16f,-0.7102951723886701f,-0.9703590280279257f,0.24166786448491578f,0f,-0.27407192619423115f,-2.959577766982286e-17f,-1.188347077698136e-16f,-1f,-1.06884375f,0f,0f,0f,1f], start_interpolation: 0, interpolation_duration: 1 }
$data merge entity $(bone_small_arm_base3) { transformation: [-0.673012513509774f,-0.7396310949786093f,1.2246467991473532e-16f,-0.7215584574350772f,-0.7396310949786093f,0.673012513509774f,0f,-0.28645011483813254f,-8.242026204558596e-17f,-9.057868530154059e-17f,-1f,-0.9750937500000002f,0f,0f,0f,1f], start_interpolation: 0, interpolation_duration: 1 }
$data merge entity $(bone_bone15) { transformation: [0.9408807689542252f,-0.33873792024529215f,1.2246467991473532e-16f,1.531195361832059e-16f,-0.33873792024529215f,-0.9408807689542252f,0f,0.4999999999999999f,1.1522466220790924e-16f,-4.1483430977822844e-17f,-1f,-1.41259375f,0f,0f,0f,1f], start_interpolation: 0, interpolation_duration: 1 }
$data merge entity $(bone_bone26) { transformation: [0.6893637077246618f,0.7244154046347355f,1.2246467991473532e-16f,0.46436547976295994f,0.7244154046347355f,-0.6893637077246618f,0f,0.8065657480354133f,8.442270581133583e-17f,8.871530065389632e-17f,-1f,-1.06884375f,0f,0f,0f,1f], start_interpolation: 0, interpolation_duration: 1 }
$data merge entity $(bone_arm5) { transformation: [0.46555935532018855f,0.885016658980977f,1.2246467991473532e-16f,0.71029517238867f,0.885016658980977f,-0.46555935532018855f,0f,1.2740719261942313f,5.70145774305974e-17f,1.0838328186131378e-16f,-1f,-1.06884375f,0f,0f,0f,1f], start_interpolation: 0, interpolation_duration: 1 }
$data merge entity $(bone_small_arm_base5) { transformation: [0.6730125135097738f,0.7396310949786097f,1.2246467991473532e-16f,0.7215584574350771f,0.7396310949786097f,-0.6730125135097738f,0f,1.2864501148381327f,8.242026204558591e-17f,9.05786853015406e-17f,-1f,-0.97509375f,0f,0f,0f,1f], start_interpolation: 0, interpolation_duration: 1 }
$data merge entity $(bone_bone20) { transformation: [-0.9408807689542255f,0.3387379202452917f,1.2246467991473532e-16f,1.531195361832059e-16f,0.3387379202452917f,0.9408807689542255f,0f,0.4999999999999999f,-1.1522466220790924e-16f,4.1483430977822794e-17f,-1f,-1.41259375f,0f,0f,0f,1f], start_interpolation: 0, interpolation_duration: 1 }
$data merge entity $(bone_bone11) { transformation: [-0.9010931335066367f,0.43362560434917935f,1.2246467991473532e-16f,0.24597972651170208f,0.43362560434917935f,0.9010931335066367f,0f,-0.22302580340634867f,-1.1035208216825611e-16f,5.310382083945589e-17f,-1f,-1.06884375f,0f,0f,0f,1f], start_interpolation: 0, interpolation_duration: 1 }
$data merge entity $(bone_arm2) { transformation: [-0.9997095568610328f,-0.024099832379451347f,1.2246467991473532e-16f,0.7740719261942314f,-0.024099832379451347f,0.9997095568610328f,0f,-0.21029517238867015f,-1.2242911088868826e-16f,-2.9513782583482975e-18f,-1f,-1.06884375f,0f,0f,0f,1f], start_interpolation: 0, interpolation_duration: 1 }
$data merge entity $(bone_small_arm_base2) { transformation: [-0.7396310949786095f,0.6730125135097739f,1.2246467991473532e-16f,0.7864501148381328f,0.6730125135097739f,0.7396310949786095f,0f,-0.22155845743507718f,-9.05786853015406e-17f,8.242026204558594e-17f,-1f,-0.97509375f,0f,0f,0f,1f], start_interpolation: 0, interpolation_duration: 1 }
$data merge entity $(bone_bone2) { transformation: [-0.3387379202452919f,-0.9408807689542253f,1.2246467991473532e-16f,1.531195361832059e-16f,-0.9408807689542253f,0.3387379202452919f,0f,0.4999999999999999f,-4.148343097782282e-17f,-1.1522466220790924e-16f,-1f,-1.41259375f,0f,0f,0f,1f], start_interpolation: 0, interpolation_duration: 1 }
$data merge entity $(bone_ring) { transformation: [-0.6094739207197414f,-1.6928789394735828f,2.2034447328268763e-16f,1.1102230246251565e-16f,-1.6928789394735828f,0.6094739207197414f,0f,0.4999999999999999f,-7.463902861732191e-17f,-2.073178774570289e-16f,-1.799249166666667f,-1.06884375f,0f,0f,0f,1f], start_interpolation: 0, interpolation_duration: 1 }
$data merge entity $(bone_wheel) { transformation: [-1f,3.784366730434202e-17f,1.1647083184890906e-16f,1.0625f,0f,0.9510565162951522f,-0.3090169943749516f,-0.625f,-1.2246467991473532e-16f,-0.3090169943749516f,-0.9510565162951522f,-1.1938437499999999f,0f,0f,0f,1f], start_interpolation: 0, interpolation_duration: 1 }
$data merge entity $(bone_wheel2) { transformation: [-1f,3.784366730434202e-17f,1.1647083184890906e-16f,1.0625f,0f,0.9510565162951522f,-0.3090169943749516f,-0.625f,-1.2246467991473532e-16f,-0.3090169943749516f,-0.9510565162951522f,-0.9438437499999999f,0f,0f,0f,1f], start_interpolation: 0, interpolation_duration: 1 }
$data merge entity $(bone_rails) { transformation: [-1.1373008333333334f,0f,1.3927918252092842e-16f,-0.43749999999999994f,0f,1.1373008333333334f,0f,-1f,-1.3927918252092842e-16f,0f,-1.1373008333333334f,-0.6313437500000001f,0f,0f,0f,1f], start_interpolation: 0, interpolation_duration: 1 }
$data merge entity $(bone_wheel3) { transformation: [-1f,3.784366730434202e-17f,1.1647083184890906e-16f,-1.0625f,0f,0.9510565162951522f,-0.3090169943749516f,-0.625f,-1.2246467991473532e-16f,-0.3090169943749516f,-0.9510565162951522f,-0.9438437500000001f,0f,0f,0f,1f], start_interpolation: 0, interpolation_duration: 1 }
$data merge entity $(bone_wheel4) { transformation: [-1f,3.784366730434202e-17f,1.1647083184890906e-16f,-1.0625f,0f,0.9510565162951522f,-0.3090169943749516f,-0.625f,-1.2246467991473532e-16f,-0.3090169943749516f,-0.9510565162951522f,-1.19384375f,0f,0f,0f,1f], start_interpolation: 0, interpolation_duration: 1 }
$data merge entity $(bone_rails2) { transformation: [-1.2038220833333333f,0f,1.4742568610970649e-16f,0.4375f,0f,1.2038220833333333f,0f,-1f,-1.4742568610970649e-16f,0f,-1.2038220833333333f,-0.63134375f,0f,0f,0f,1f], start_interpolation: 0, interpolation_duration: 1 }
$data merge entity $(bone_bone6) { transformation: [-0.8978551348815667f,0.022622739609225527f,-0.43970941361241855f,0.6339427239753651f,0f,0.9986791067453297f,0.051381336595599875f,0.8297585517220298f,0.44029099101253905f,0.04613299689943752f,-0.8966691640902306f,-0.41865617157673707f,0f,0f,0f,1f], start_interpolation: 0, interpolation_duration: 1 }
$data merge entity $(bone_bone5) { transformation: [-0.8978551348815667f,0.07729436926052863f,-0.43345326996969447f,0.5769250218950135f,0f,0.9844699955656147f,0.1755529203147546f,0.8563201643382068f,0.44029099101253905f,0.15762109094805693f,-0.8839114406554203f,-0.5349284497677145f,0f,0f,0f,1f], start_interpolation: 0, interpolation_duration: 1 }
$data merge entity $(bone_bone4) { transformation: [-0.8978551348815667f,0.07729436926052863f,-0.43345326996969447f,0.9733498328467004f,0f,0.9844699955656147f,0.1755529203147546f,0.2797280765023413f,0.44029099101253905f,0.15762109094805693f,-0.8839114406554203f,-0.15238132628448714f,0f,0f,0f,1f], start_interpolation: 0, interpolation_duration: 1 }
$data merge entity $(bone_bone3) { transformation: [-0.8978551348815667f,-0.22538113619463174f,-0.37823207190086433f,0.8599147860267653f,0f,0.85905021820011f,-0.5118913191394668f,-0.234375f,0.44029099101253905f,-0.4596042493906691f,-0.771302649532099f,-0.24175003939923967f,0f,0f,0f,1f], start_interpolation: 0, interpolation_duration: 1 }
$data merge entity $(bone_octagon) { transformation: [-0.8978551348815667f,0f,-0.44029099101253905f,0.859375f,0f,1f,0f,-0.40625f,0.44029099101253905f,0f,-0.8978551348815667f,-0.1718749999999999f,0f,0f,0f,1f], start_interpolation: 0, interpolation_duration: 1 }
$data merge entity $(bone_bone10) { transformation: [-0.9460627454775183f,0.0016283384598190925f,0.32397936683282874f,-0.5682747327210462f,0f,0.9999873696195373f,-0.005025992578487237f,0.012073802923798796f,-0.3239834588671779f,-0.004754904337553267f,-0.9460507963451014f,-0.732549050170062f,0f,0f,0f,1f], start_interpolation: 0, interpolation_duration: 1 }
$data merge entity $(bone_bone9) { transformation: [-0.9460627454775183f,0.30538058465231255f,0.10820342017215585f,-0.5529325731672954f,0f,0.3339782239207329f,-0.9425807901430799f,-0.11134948019790147f,-0.3239834588671779f,-0.8917405701571308f,-0.31596435545215396f,-0.7773496262233172f,0f,0f,0f,1f], start_interpolation: 0, interpolation_duration: 1 }
$data merge entity $(bone_bone8) { transformation: [-0.9460627454775183f,0.30538058465231255f,0.10820342017215585f,-0.9351815446280209f,0f,0.3339782239207329f,-0.9425807901430799f,0.29546802381179105f,-0.3239834588671779f,-0.8917405701571308f,-0.31596435545215396f,-0.23987925040552105f,0f,0f,0f,1f], start_interpolation: 0, interpolation_duration: 1 }
$data merge entity $(bone_bone7) { transformation: [-0.9460627454775183f,0.21906432945664833f,0.2386966719065211f,-0.8686904946169738f,0f,0.7367557366698112f,-0.6761589934949648f,-0.234375f,-0.3239834588671779f,-0.6396888337651618f,-0.6970171549801532f,-0.2411284046819442f,0f,0f,0f,1f], start_interpolation: 0, interpolation_duration: 1 }
$data merge entity $(bone_octagon2) { transformation: [-0.9460627454775183f,0f,0.3239834588671779f,-0.859375f,0f,1f,0f,-0.40625f,-0.3239834588671779f,0f,-0.9460627454775183f,-0.171875f,0f,0f,0f,1f], start_interpolation: 0, interpolation_duration: 1 }