# This file was generated by Animated Java via MC-Build. It is not recommended to edit this file directly.
$data merge entity $(bone_bone21) { transformation: [0.39847439874824786f,-0.9171794554732584f,1.2246467991473532e-16f,-0.6784989955649379f,-0.9171794554732584f,-0.39847439874824786f,0f,0.7110648950716015f,4.8799039696920786e-17f,-1.1232208843890384e-16f,-1f,-1.0869999999999997f,0f,0f,0f,1f], start_interpolation: 0, interpolation_duration: 1 }
$data merge entity $(bone_arm4) { transformation: [-0.13796623933587188f,0.9904369322695501f,1.2246467991473532e-16f,-0.751379057891815f,0.9904369322695501f,0.13796623933587188f,0f,1.2342588713814127f,-1.689599133930732e-17f,1.2129354188612284e-16f,-1f,-1.0869999999999997f,0f,0f,0f,1f], start_interpolation: 0, interpolation_duration: 1 }
$data merge entity $(bone_small_arm_base4) { transformation: [-0.7181262977631893f,0.6959127965923141f,1.2246467991473532e-16f,-0.7633973503138182f,0.6959127965923141f,0.7181262977631893f,0f,1.245905406977883f,-8.794510719392288e-17f,8.522473788324605e-17f,-1f,-0.9932499999999999f,0f,0f,0f,1f], start_interpolation: 0, interpolation_duration: 1 }
$data merge entity $(bone_bone25) { transformation: [-0.3681245526846775f,-0.9297764858882517f,1.2246467991473532e-16f,1.531195361832059e-16f,-0.9297764858882517f,0.3681245526846775f,0f,0.4999999999999999f,-4.508225551328415e-17f,-1.1386477973655215e-16f,-1f,-1.4307499999999997f,0f,0f,0f,1f], start_interpolation: 0, interpolation_duration: 1 }
$data merge entity $(bone_bone16) { transformation: [-0.29036818494705074f,-0.9569149999715522f,1.2246467991473532e-16f,-0.5331306038798234f,-0.9569149999715522f,0.29036818494705074f,0f,0.23707857624184203f,-3.555984682696325e-17f,-1.171882891771251e-16f,-1f,-1.0869999999999997f,0f,0f,0f,1f], start_interpolation: 0, interpolation_duration: 1 }
$data merge entity $(bone_arm3) { transformation: [-0.3807476256932364f,-0.92467899593803f,1.2246467991473532e-16f,-0.734258871381413f,-0.92467899593803f,0.3807476256932364f,0f,-0.2513790578918151f,-4.662813610881766e-17f,-1.132405172614297e-16f,-1f,-1.0869999999999997f,0f,0f,0f,1f], start_interpolation: 0, interpolation_duration: 1 }
$data merge entity $(bone_small_arm_base3) { transformation: [-0.6959127965923142f,-0.7181262977631891f,1.2246467991473532e-16f,-0.7459054069778833f,-0.7181262977631891f,0.6959127965923142f,0f,-0.26339735031381817f,-8.522473788324607e-17f,-8.794510719392287e-17f,-1f,-0.9932499999999999f,0f,0f,0f,1f], start_interpolation: 0, interpolation_duration: 1 }
$data merge entity $(bone_bone15) { transformation: [0.9297764858882516f,-0.3681245526846777f,1.2246467991473532e-16f,1.531195361832059e-16f,-0.3681245526846777f,-0.9297764858882516f,0f,0.4999999999999999f,1.1386477973655215e-16f,-4.508225551328417e-17f,-1f,-1.4307499999999997f,0f,0f,0f,1f], start_interpolation: 0, interpolation_duration: 1 }
$data merge entity $(bone_bone26) { transformation: [0.5511397256601197f,0.8344129689783643f,1.2246467991473532e-16f,0.4560647049975392f,0.8344129689783643f,-0.5511397256601197f,0f,0.8023228853235913f,6.749515009126158e-17f,1.0218611716263931e-16f,-1f,-1.0869999999999997f,0f,0f,0f,1f], start_interpolation: 0, interpolation_duration: 1 }
$data merge entity $(bone_arm5) { transformation: [0.5266378995261413f,0.8500897145494084f,1.2246467991473532e-16f,0.7342588713814129f,0.8500897145494084f,-0.5266378995261413f,0f,1.2513790578918151f,6.449454179643743e-17f,1.0410596479110197e-16f,-1f,-1.0869999999999997f,0f,0f,0f,1f], start_interpolation: 0, interpolation_duration: 1 }
$data merge entity $(bone_small_arm_base5) { transformation: [0.695912796592314f,0.7181262977631895f,1.2246467991473532e-16f,0.7459054069778831f,0.7181262977631895f,-0.695912796592314f,0f,1.2633973503138183f,8.522473788324602e-17f,8.794510719392288e-17f,-1f,-0.9932499999999996f,0f,0f,0f,1f], start_interpolation: 0, interpolation_duration: 1 }
$data merge entity $(bone_bone20) { transformation: [-0.9297764858882518f,0.36812455268467725f,1.2246467991473532e-16f,1.531195361832059e-16f,0.36812455268467725f,0.9297764858882518f,0f,0.4999999999999999f,-1.1386477973655215e-16f,4.5082255513284124e-17f,-1f,-1.4307499999999997f,0f,0f,0f,1f], start_interpolation: 0, interpolation_duration: 1 }
$data merge entity $(bone_bone11) { transformation: [-0.8294979408179235f,0.5585097726797851f,1.2246467991473532e-16f,0.224598400471404f,0.5585097726797851f,0.8294979408179235f,0f,-0.1949450150536512f,-1.0158419981219904e-16f,6.839772054048145e-17f,-1f,-1.0869999999999997f,0f,0f,0f,1f], start_interpolation: 0, interpolation_duration: 1 }
$data merge entity $(bone_arm2) { transformation: [-0.9972267303120805f,0.07442343952732566f,1.2246467991473532e-16f,0.7513790578918154f,0.07442343952732566f,0.9972267303120805f,0f,-0.23425887138141305f,-1.22125052330087e-16f,9.114242699867588e-18f,-1f,-1.0869999999999997f,0f,0f,0f,1f], start_interpolation: 0, interpolation_duration: 1 }
$data merge entity $(bone_small_arm_base2) { transformation: [-0.7181262977631893f,0.6959127965923141f,1.2246467991473532e-16f,0.7633973503138184f,0.6959127965923141f,0.7181262977631893f,0f,-0.24590540697788332f,-8.794510719392288e-17f,8.522473788324605e-17f,-1f,-0.9932499999999996f,0f,0f,0f,1f], start_interpolation: 0, interpolation_duration: 1 }
$data merge entity $(bone_bone2) { transformation: [-0.3681245526846775f,-0.9297764858882517f,1.2246467991473532e-16f,1.531195361832059e-16f,-0.9297764858882517f,0.3681245526846775f,0f,0.4999999999999999f,-4.508225551328415e-17f,-1.1386477973655215e-16f,-1f,-1.4307499999999997f,0f,0f,0f,1f], start_interpolation: 0, interpolation_duration: 1 }
$data merge entity $(bone_ring) { transformation: [-0.6623477946474455f,-1.672899567420699f,2.2034447328268763e-16f,1.1102230246251565e-16f,-1.672899567420699f,0.6623477946474455f,0f,0.4999999999999999f,-8.111421066373025e-17f,-2.0487111005367504e-16f,-1.799249166666667f,-1.0869999999999997f,0f,0f,0f,1f], start_interpolation: 0, interpolation_duration: 1 }
$data merge entity $(bone_wheel) { transformation: [-1f,7.198293278059944e-17f,9.907600726170933e-17f,1.0625f,0f,0.8090169943749488f,-0.5877852522924712f,-0.625f,-1.2246467991473532e-16f,-0.5877852522924712f,-0.8090169943749488f,-1.2119999999999995f,0f,0f,0f,1f], start_interpolation: 0, interpolation_duration: 1 }
$data merge entity $(bone_wheel2) { transformation: [-1f,7.198293278059944e-17f,9.907600726170933e-17f,1.0625f,0f,0.8090169943749488f,-0.5877852522924712f,-0.625f,-1.2246467991473532e-16f,-0.5877852522924712f,-0.8090169943749488f,-0.9619999999999995f,0f,0f,0f,1f], start_interpolation: 0, interpolation_duration: 1 }
$data merge entity $(bone_rails) { transformation: [-1.1373008333333334f,0f,1.3927918252092842e-16f,-0.43749999999999994f,0f,1.1373008333333334f,0f,-1f,-1.3927918252092842e-16f,0f,-1.1373008333333334f,-0.6494999999999997f,0f,0f,0f,1f], start_interpolation: 0, interpolation_duration: 1 }
$data merge entity $(bone_wheel3) { transformation: [-1f,7.198293278059944e-17f,9.907600726170933e-17f,-1.0625f,0f,0.8090169943749488f,-0.5877852522924712f,-0.625f,-1.2246467991473532e-16f,-0.5877852522924712f,-0.8090169943749488f,-0.9619999999999997f,0f,0f,0f,1f], start_interpolation: 0, interpolation_duration: 1 }
$data merge entity $(bone_wheel4) { transformation: [-1f,7.198293278059944e-17f,9.907600726170933e-17f,-1.0625f,0f,0.8090169943749488f,-0.5877852522924712f,-0.625f,-1.2246467991473532e-16f,-0.5877852522924712f,-0.8090169943749488f,-1.2119999999999997f,0f,0f,0f,1f], start_interpolation: 0, interpolation_duration: 1 }
$data merge entity $(bone_rails2) { transformation: [-1.2038220833333333f,0f,1.4742568610970649e-16f,0.4375f,0f,1.2038220833333333f,0f,-1f,-1.4742568610970649e-16f,0f,-1.2038220833333333f,-0.6494999999999996f,0f,0f,0f,1f], start_interpolation: 0, interpolation_duration: 1 }
$data merge entity $(bone_bone6) { transformation: [-0.9396926207859084f,0.030417599881323795f,-0.34066486178937f,0.6657346792385873f,0f,0.9960374218807104f,0.08893511237541477f,0.8440671533705252f,0.34202014332566855f,0.08357166882794274f,-0.9359690153679242f,-0.4297907462726419f,0f,0f,0f,1f], start_interpolation: 0, interpolation_duration: 1 }
$data merge entity $(bone_bone5) { transformation: [-0.9396926207859084f,0.06979359451289499f,-0.3348232856380817f,0.6217254993731157f,0f,0.9789577958256861f,0.20406281874000082f,0.8743775783575461f,0.34202014332566855f,0.1917563249467511f,-0.9199194167982351f,-0.550704974201742f,0f,0f,0f,1f], start_interpolation: 0, interpolation_duration: 1 }
$data merge entity $(bone_bone4) { transformation: [-0.9396926207859084f,0.06979359451289499f,-0.3348232856380817f,0.969900529491025f,0f,0.9789577958256861f,0.20406281874000082f,0.2802566782726664f,0.34202014332566855f,0.1917563249467511f,-0.9199194167982351f,-0.1423152659654319f,0f,0f,0f,1f], start_interpolation: 0, interpolation_duration: 1 }
$data merge entity $(bone_bone3) { transformation: [-0.9396926207859084f,-0.176278393483395f,-0.2930933408172629f,0.8673641354417053f,0f,0.8569475995400131f,-0.5154035425204306f,-0.234375f,0.34202014332566855f,-0.48432090563336483f,-0.8052673356879481f,-0.2412939182780463f,0f,0f,0f,1f], start_interpolation: 0, interpolation_duration: 1 }
$data merge entity $(bone_octagon) { transformation: [-0.9396926207859084f,0f,-0.34202014332566855f,0.859375f,0f,1f,0f,-0.40625f,0.34202014332566855f,0f,-0.9396926207859084f,-0.1718749999999999f,0f,0f,0f,1f], start_interpolation: 0, interpolation_duration: 1 }
$data merge entity $(bone_bone10) { transformation: [-0.9513260552393499f,0.004440394402416822f,0.3081542138609962f,-0.5685837261192818f,0f,0.9998961971566007f,-0.014408154349804914f,0.00931876813773895f,-0.308186204465316f,-0.013706852640879674f,-0.9512273048898163f,-0.765306220570912f,0f,0f,0f,1f], start_interpolation: 0, interpolation_duration: 1 }
$data merge entity $(bone_bone9) { transformation: [-0.9513260552393499f,0.29081416327331167f,0.10200911264382805f,-0.5541099002487353f,0f,0.33099830935264457f,-0.9436313470872462f,-0.11425352446217718f,-0.308186204465316f,-0.8977010870247037f,-0.3148873159273453f,-0.8099848189966173f,0f,0f,0f,1f], start_interpolation: 0, interpolation_duration: 1 }
$data merge entity $(bone_bone8) { transformation: [-0.9513260552393499f,0.29081416327331167f,0.10200911264382805f,-0.9278407086446825f,0f,0.33099830935264457f,-0.9436313470872462f,0.2959339414055031f,-0.308186204465316f,-0.8977010870247037f,-0.3148873159273453f,-0.2647305109257275f,0f,0f,0f,1f], start_interpolation: 0, interpolation_duration: 1 }
$data merge entity $(bone_bone7) { transformation: [-0.9513260552393499f,0.21985782813427476f,0.21596590478780966f,-0.8698423014471475f,0f,0.7007643484967055f,-0.7133928285846359f,-0.234375f,-0.308186204465316f,-0.6786691854534634f,-0.6666553833077439f,-0.2409636973420005f,0f,0f,0f,1f], start_interpolation: 0, interpolation_duration: 1 }
$data merge entity $(bone_octagon2) { transformation: [-0.9513260552393499f,0f,0.308186204465316f,-0.859375f,0f,1f,0f,-0.40625f,-0.308186204465316f,0f,-0.9513260552393499f,-0.171875f,0f,0f,0f,1f], start_interpolation: 0, interpolation_duration: 1 }