# This file was generated by Animated Java via MC-Build. It is not recommended to edit this file directly.
$data merge entity $(bone_bone21) { transformation: [0.6566045357096167f,-0.7542350321256359f,1.2246467991473532e-16f,-0.4718810236359502f,-0.7542350321256359f,-0.6566045357096167f,0f,0.8053729925170151f,8.04108642962416e-17f,-9.236715178974609e-17f,-1f,-1.1534999999999993f,0f,0f,0f,1f], start_interpolation: 0, interpolation_duration: 1 }
$data merge entity $(bone_arm4) { transformation: [-0.43902088790283544f,0.8984768555644639f,1.2246467991473532e-16f,-0.7037918869542384f,0.8984768555644639f,0.43902088790283544f,0f,1.2799894606327f,-5.376455251290363e-17f,1.1003168052749993e-16f,-1f,-1.1534999999999993f,0f,0f,0f,1f], start_interpolation: 0, interpolation_duration: 1 }
$data merge entity $(bone_small_arm_base4) { transformation: [-0.6730125135097735f,0.7396310949786098f,1.2246467991473532e-16f,-0.7150551720006455f,0.7396310949786098f,0.6730125135097735f,0f,1.2923676492766014f,-8.242026204558588e-17f,9.057868530154064e-17f,-1f,-1.0597499999999993f,0f,0f,0f,1f], start_interpolation: 0, interpolation_duration: 1 }
$data merge entity $(bone_bone25) { transformation: [-0.42577929156507255f,-0.9048270524660196f,1.2246467991473532e-16f,1.531195361832059e-16f,-0.9048270524660196f,0.42577929156507255f,0f,0.4999999999999999f,-5.2142924655839374e-17f,-1.108093553584445e-16f,-1f,-1.4972499999999993f,0f,0f,0f,1f], start_interpolation: 0, interpolation_duration: 1 }
$data merge entity $(bone_bone16) { transformation: [-0.47930468898442313f,-0.8776485715350681f,1.2246467991473532e-16f,-0.4154339788044714f,-0.8776485715350681f,0.47930468898442313f,0f,0.17849431604114654f,-5.869789531810913e-17f,-1.0748095139066678e-16f,-1f,-1.1534999999999993f,0f,0f,0f,1f], start_interpolation: 0, interpolation_duration: 1 }
$data merge entity $(bone_arm3) { transformation: [-0.6901249429718015f,-0.7236902397353221f,1.2246467991473532e-16f,-0.7799894606327f,-0.7236902397353221f,0.6901249429718015f,0f,-0.20379188695423847f,-8.451593024221662e-17f,-8.862649356660427e-17f,-1f,-1.1534999999999993f,0f,0f,0f,1f], start_interpolation: 0, interpolation_duration: 1 }
$data merge entity $(bone_small_arm_base3) { transformation: [-0.7396310949786099f,-0.6730125135097733f,1.2246467991473532e-16f,-0.7923676492766014f,-0.6730125135097733f,0.7396310949786099f,0f,-0.2150551720006455f,-9.057868530154065e-17f,-8.242026204558586e-17f,-1f,-1.0597499999999993f,0f,0f,0f,1f], start_interpolation: 0, interpolation_duration: 1 }
$data merge entity $(bone_bone15) { transformation: [0.9048270524660195f,-0.42577929156507277f,1.2246467991473532e-16f,1.531195361832059e-16f,-0.42577929156507277f,-0.9048270524660195f,0f,0.4999999999999999f,1.1080935535844449e-16f,-5.21429246558394e-17f,-1f,-1.4972499999999993f,0f,0f,0f,1f], start_interpolation: 0, interpolation_duration: 1 }
$data merge entity $(bone_bone26) { transformation: [0.2279462752300601f,0.9736737110596867f,1.2246467991473532e-16f,0.4415508375686769f,0.9736737110596867f,-0.2279462752300601f,0f,0.7982025148669405f,2.79153676338055e-17f,1.1924063936631698e-16f,-1f,-1.1534999999999993f,0f,0f,0f,1f], start_interpolation: 0, interpolation_duration: 1 }
$data merge entity $(bone_arm5) { transformation: [0.6406841950920522f,0.7678045077747654f,1.2246467991473532e-16f,0.7799894606326999f,0.7678045077747654f,-0.6406841950920522f,0f,1.2037918869542388f,7.846118487837802e-17f,9.402893328172752e-17f,-1f,-1.1534999999999993f,0f,0f,0f,1f], start_interpolation: 0, interpolation_duration: 1 }
$data merge entity $(bone_small_arm_base5) { transformation: [0.7396310949786096f,0.6730125135097738f,1.2246467991473532e-16f,0.7923676492766013f,0.6730125135097738f,-0.7396310949786096f,0f,1.2150551720006457f,9.057868530154063e-17f,8.24202620455859e-17f,-1f,-1.0597499999999993f,0f,0f,0f,1f], start_interpolation: 0, interpolation_duration: 1 }
$data merge entity $(bone_bone20) { transformation: [-0.9048270524660197f,0.4257792915650723f,1.2246467991473532e-16f,1.531195361832059e-16f,0.4257792915650723f,0.9048270524660197f,0f,0.4999999999999999f,-1.1080935535844452e-16f,5.214292465583935e-17f,-1f,-1.4972499999999993f,0f,0f,0f,1f], start_interpolation: 0, interpolation_duration: 1 }
$data merge entity $(bone_bone11) { transformation: [-0.6365809431635913f,0.7712098954246845f,1.2246467991473532e-16f,0.19492173815981595f,0.7712098954246845f,0.6365809431635913f,0f,-0.1382339951381284f,-7.795868144434951e-17f,9.444597299026047e-17f,-1f,-1.1534999999999993f,0f,0f,0f,1f], start_interpolation: 0, interpolation_duration: 1 }
$data merge entity $(bone_arm2) { transformation: [-0.9633210853273471f,0.26835142362905834f,1.2246467991473532e-16f,0.7037918869542387f,0.26835142362905834f,0.9633210853273471f,0f,-0.2799894606327001f,-1.1797280836972897e-16f,3.2863571199396166e-17f,-1f,-1.1534999999999993f,0f,0f,0f,1f], start_interpolation: 0, interpolation_duration: 1 }
$data merge entity $(bone_small_arm_base2) { transformation: [-0.6730125135097735f,0.7396310949786098f,1.2246467991473532e-16f,0.7150551720006457f,0.7396310949786098f,0.6730125135097735f,0f,-0.2923676492766015f,-8.242026204558588e-17f,9.057868530154064e-17f,-1f,-1.0597499999999993f,0f,0f,0f,1f], start_interpolation: 0, interpolation_duration: 1 }
$data merge entity $(bone_bone2) { transformation: [-0.42577929156507255f,-0.9048270524660196f,1.2246467991473532e-16f,1.531195361832059e-16f,-0.9048270524660196f,0.42577929156507255f,0f,0.4999999999999999f,-5.2142924655839374e-17f,-1.108093553584445e-16f,-1f,-1.4972499999999993f,0f,0f,0f,1f], start_interpolation: 0, interpolation_duration: 1 }
$data merge entity $(bone_ring) { transformation: [-0.7660830355323807f,-1.6280093201269423f,2.2034447328268763e-16f,1.1102230246251565e-16f,-1.6280093201269423f,0.7660830355323807f,0f,0.4999999999999999f,-9.38181137345818e-17f,-1.9937364028755184e-16f,-1.799249166666667f,-1.1534999999999993f,0f,0f,0f,1f], start_interpolation: 0, interpolation_duration: 1 }
$data merge entity $(bone_wheel) { transformation: [-1f,1.1647083184890909e-16f,3.7843667304342005e-17f,1.0625f,0f,0.30901699437495156f,-0.9510565162951523f,-0.625f,-1.2246467991473532e-16f,-0.9510565162951523f,-0.30901699437495156f,-1.278499999999999f,0f,0f,0f,1f], start_interpolation: 0, interpolation_duration: 1 }
$data merge entity $(bone_wheel2) { transformation: [-1f,1.1647083184890909e-16f,3.7843667304342005e-17f,1.0625f,0f,0.30901699437495156f,-0.9510565162951523f,-0.625f,-1.2246467991473532e-16f,-0.9510565162951523f,-0.30901699437495156f,-1.028499999999999f,0f,0f,0f,1f], start_interpolation: 0, interpolation_duration: 1 }
$data merge entity $(bone_rails) { transformation: [-1.1373008333333334f,0f,1.3927918252092842e-16f,-0.43749999999999994f,0f,1.1373008333333334f,0f,-1f,-1.3927918252092842e-16f,0f,-1.1373008333333334f,-0.7159999999999993f,0f,0f,0f,1f], start_interpolation: 0, interpolation_duration: 1 }
$data merge entity $(bone_wheel3) { transformation: [-1f,1.1647083184890909e-16f,3.7843667304342005e-17f,-1.0625f,0f,0.30901699437495156f,-0.9510565162951523f,-0.625f,-1.2246467991473532e-16f,-0.9510565162951523f,-0.30901699437495156f,-1.0284999999999993f,0f,0f,0f,1f], start_interpolation: 0, interpolation_duration: 1 }
$data merge entity $(bone_wheel4) { transformation: [-1f,1.1647083184890909e-16f,3.7843667304342005e-17f,-1.0625f,0f,0.30901699437495156f,-0.9510565162951523f,-0.625f,-1.2246467991473532e-16f,-0.9510565162951523f,-0.30901699437495156f,-1.2784999999999993f,0f,0f,0f,1f], start_interpolation: 0, interpolation_duration: 1 }
$data merge entity $(bone_rails2) { transformation: [-1.2038220833333333f,0f,1.4742568610970649e-16f,0.4375f,0f,1.2038220833333333f,0f,-1f,-1.4742568610970649e-16f,0f,-1.2038220833333333f,-0.7159999999999992f,0f,0f,0f,1f], start_interpolation: 0, interpolation_duration: 1 }
$data merge entity $(bone_bone6) { transformation: [-0.9455939378424874f,0.059763919218527674f,-0.3198130370625615f,0.6810425612034018f,0f,0.9829839227225228f,0.18369161023041186f,0.8764313281748405f,0.32534920426449176f,0.17369767306640246f,-0.9295036383230455f,-0.40202793126660324f,0f,0f,0f,1f], start_interpolation: 0, interpolation_duration: 1 }
$data merge entity $(bone_bone5) { transformation: [-0.9455939378424874f,0.08887581818004042f,-0.31297474923444923f,0.6399858721834993f,0f,0.9619656207304483f,0.27317054111430705f,0.9158164399726552f,0.32534920426449176f,0.25830840767484065f,-0.9096288593755972f,-0.5213549673749902f,0f,0f,0f,1f], start_interpolation: 0, interpolation_duration: 1 }
$data merge entity $(bone_bone4) { transformation: [-0.9455939378424874f,0.08887581818004042f,-0.31297474923444923f,0.9678153632062572f,0f,0.9619656207304483f,0.27317054111430705f,0.2814154196612294f,0.32534920426449176f,0.25830840767484065f,-0.9096288593755972f,-0.14485618467771602f,0f,0f,0f,1f], start_interpolation: 0, interpolation_duration: 1 }
$data merge entity $(bone_bone3) { transformation: [-0.9455939378424874f,-0.17024899440529936f,-0.2772496792054453f,0.868590485291047f,0f,0.8521603113559667f,-0.523280807740645f,-0.234375f,0.32534920426449176f,-0.49481115958887406f,-0.8057976244881686f,-0.2411417837484207f,0f,0f,0f,1f], start_interpolation: 0, interpolation_duration: 1 }
$data merge entity $(bone_octagon) { transformation: [-0.9455939378424874f,0f,-0.32534920426449176f,0.859375f,0f,1f,0f,-0.40625f,0.32534920426449176f,0f,-0.9455939378424874f,-0.1718749999999999f,0f,0f,0f,1f], start_interpolation: 0, interpolation_duration: 1 }
$data merge entity $(bone_bone10) { transformation: [-0.9591203962442504f,0.005268100478375268f,0.2829493110534498f,-0.5638266129599918f,0f,0.9998267202036323f,-0.018615304640208774f,0.0065776941395147975f,-0.28299834894972814f,-0.017854318362724386f,-0.958954200057297f,-0.842255186991349f,0f,0f,0f,1f], start_interpolation: 0, interpolation_duration: 1 }
$data merge entity $(bone_bone9) { transformation: [-0.9591203962442504f,0.2663107766320981f,0.09574254935962828f,-0.5502646042426382f,0f,0.3383148690264478f,-0.9410329693457172f,-0.11662623191861399f,-0.28299834894972814f,-0.9025639144377678f,-0.32448469123596835f,-0.8882187031147832f,0f,0f,0f,1f], start_interpolation: 0, interpolation_duration: 1 }
$data merge entity $(bone_bone8) { transformation: [-0.9591203962442504f,0.2663107766320981f,0.09574254935962828f,-0.9120810927348915f,0f,0.3383148690264478f,-0.9410329693457172f,0.2914485293704674f,-0.28299834894972814f,-0.9025639144377678f,-0.32448469123596835f,-0.3245208073410828f,0f,0f,0f,1f], start_interpolation: 0, interpolation_duration: 1 }
$data merge entity $(bone_bone7) { transformation: [-0.9591203962442504f,0.22444165100588023f,0.17237752406281615f,-0.8716601155732748f,0f,0.6091114124960401f,-0.7930846658252062f,-0.234375f,-0.28299834894972814f,-0.7606636789415107f,-0.584211179310097f,-0.24066372316994467f,0f,0f,0f,1f], start_interpolation: 0, interpolation_duration: 1 }
$data merge entity $(bone_octagon2) { transformation: [-0.9591203962442504f,0f,0.28299834894972814f,-0.859375f,0f,1f,0f,-0.40625f,-0.28299834894972814f,0f,-0.9591203962442504f,-0.171875f,0f,0f,0f,1f], start_interpolation: 0, interpolation_duration: 1 }