# This file was generated by Animated Java via MC-Build. It is not recommended to edit this file directly.
$data merge entity $(bone_bone21) { transformation: [0.6682672463876459f,-0.7439212911360138f,1.2246467991473532e-16f,-0.3594095757089845f,-0.7439212911360138f,-0.6682672463876459f,0f,0.8810678531052446f,8.183913442636462e-17f,-9.110408280072855e-17f,-1f,-1.19921875f,0f,0f,0f,1f], start_interpolation: 0, interpolation_duration: 1 }
$data merge entity $(bone_arm4) { transformation: [-0.6048984719987811f,0.7963026049018929f,1.2246467991473532e-16f,-0.6789445471115256f,0.7963026049018929f,0.6048984719987811f,0f,1.301711220320773f,-7.407869775424321e-17f,9.751894362458025e-17f,-1f,-1.19921875f,0f,0f,0f,1f], start_interpolation: 0, interpolation_duration: 1 }
$data merge entity $(bone_small_arm_base4) { transformation: [-0.6494480483301838f,0.760405965600031f,1.2246467991473532e-16f,-0.6898134661053615f,0.760405965600031f,0.6494480483301838f,0f,1.314437089408818f,-7.953444736000551e-17f,9.312287318246303e-17f,-1f,-1.10546875f,0f,0f,0f,1f], start_interpolation: 0, interpolation_duration: 1 }
$data merge entity $(bone_bone25) { transformation: [-0.45399049973954675f,-0.8910065241883679f,1.2246467991473532e-16f,1.531195361832059e-16f,-0.8910065241883679f,0.45399049973954675f,0f,0.4999999999999999f,-5.559780123493432e-17f,-1.0911682878666935e-16f,-1f,-1.54296875f,0f,0f,0f,1f], start_interpolation: 0, interpolation_duration: 1 }
$data merge entity $(bone_bone16) { transformation: [-0.4799747054430127f,-0.8772823274949141f,1.2246467991473532e-16f,-0.3683377470347358f,-0.8772823274949141f,0.4799747054430127f,0f,0.12309994130638452f,-5.877994866924791e-17f,-1.0743609943151864e-16f,-1f,-1.19921875f,0f,0f,0f,1f], start_interpolation: 0, interpolation_duration: 1 }
$data merge entity $(bone_arm3) { transformation: [-0.8204014435255138f,-0.5717879602276124f,1.2246467991473532e-16f,-0.801711220320773f,-0.5717879602276124f,0.8204014435255138f,0f,-0.1789445471115257f,-1.0047020018293885e-16f,-7.002382952837395e-17f,-1f,-1.19921875f,0f,0f,0f,1f], start_interpolation: 0, interpolation_duration: 1 }
$data merge entity $(bone_small_arm_base3) { transformation: [-0.7604059656000312f,-0.6494480483301837f,1.2246467991473532e-16f,-0.8144370894088181f,-0.6494480483301837f,0.7604059656000312f,0f,-0.18981346610536154f,-9.312287318246305e-17f,-7.953444736000549e-17f,-1f,-1.10546875f,0f,0f,0f,1f], start_interpolation: 0, interpolation_duration: 1 }
$data merge entity $(bone_bone15) { transformation: [0.8910065241883678f,-0.45399049973954697f,1.2246467991473532e-16f,1.531195361832059e-16f,-0.45399049973954697f,-0.8910065241883678f,0f,0.4999999999999999f,1.0911682878666934e-16f,-5.559780123493434e-17f,-1f,-1.54296875f,0f,0f,0f,1f], start_interpolation: 0, interpolation_duration: 1 }
$data merge entity $(bone_bone26) { transformation: [0.05306216623122029f,0.9985912109140811f,1.2246467991473532e-16f,0.4355908533132519f,0.9985912109140811f,-0.05306216623122029f,0f,0.7981567883876945f,6.498241203088861e-18f,1.222921530102609e-16f,-1f,-1.19921875f,0f,0f,0f,1f], start_interpolation: 0, interpolation_duration: 1 }
$data merge entity $(bone_arm5) { transformation: [0.6930873625456359f,0.720853596702919f,1.2246467991473532e-16f,0.8017112203207729f,0.720853596702919f,-0.6930873625456359f,0f,1.1789445471115259f,8.487872200709941e-17f,8.827910498560869e-17f,-1f,-1.19921875f,0f,0f,0f,1f], start_interpolation: 0, interpolation_duration: 1 }
$data merge entity $(bone_small_arm_base5) { transformation: [0.7604059656000308f,0.649448048330184f,1.2246467991473532e-16f,0.814437089408818f,0.649448048330184f,-0.7604059656000308f,0f,1.1898134661053617f,9.312287318246302e-17f,7.953444736000553e-17f,-1f,-1.10546875f,0f,0f,0f,1f], start_interpolation: 0, interpolation_duration: 1 }
$data merge entity $(bone_bone20) { transformation: [-0.891006524188368f,0.4539904997395465f,1.2246467991473532e-16f,1.531195361832059e-16f,0.4539904997395465f,0.891006524188368f,0f,0.4999999999999999f,-1.0911682878666936e-16f,5.559780123493429e-17f,-1f,-1.54296875f,0f,0f,0f,1f], start_interpolation: 0, interpolation_duration: 1 }
$data merge entity $(bone_bone11) { transformation: [-0.519256750162757f,0.8546182933979429f,1.2246467991473532e-16f,0.1864993999190202f,0.8546182933979429f,0.519256750162757f,0f,-0.11055364830702333f,-6.359061170224775e-17f,1.0466055575025641e-16f,-1f,-1.19921875f,0f,0f,0f,1f], start_interpolation: 0, interpolation_duration: 1 }
$data merge entity $(bone_arm2) { transformation: [-0.9322275924055325f,0.36187251340463034f,1.2246467991473532e-16f,0.678944547111526f,0.36187251340463034f,0.9322275924055325f,0f,-0.30171122032077313f,-1.141649537116279e-16f,4.4316601524038803e-17f,-1f,-1.19921875f,0f,0f,0f,1f], start_interpolation: 0, interpolation_duration: 1 }
$data merge entity $(bone_small_arm_base2) { transformation: [-0.6494480483301838f,0.760405965600031f,1.2246467991473532e-16f,0.6898134661053618f,0.760405965600031f,0.6494480483301838f,0f,-0.3144370894088182f,-7.953444736000551e-17f,9.312287318246303e-17f,-1f,-1.10546875f,0f,0f,0f,1f], start_interpolation: 0, interpolation_duration: 1 }
$data merge entity $(bone_bone2) { transformation: [-0.45399049973954675f,-0.8910065241883679f,1.2246467991473532e-16f,1.531195361832059e-16f,-0.8910065241883679f,0.45399049973954675f,0f,0.4999999999999999f,-5.559780123493432e-17f,-1.0911682878666935e-16f,-1f,-1.54296875f,0f,0f,0f,1f], start_interpolation: 0, interpolation_duration: 1 }
$data merge entity $(bone_ring) { transformation: [-0.8168420283309632f,-1.6031427461404844f,2.2034447328268763e-16f,1.1102230246251565e-16f,-1.6031427461404844f,0.8168420283309632f,0f,0.4999999999999999f,-1.0003429754045456e-16f,-1.9632836326372422e-16f,-1.799249166666667f,-1.19921875f,0f,0f,0f,1f], start_interpolation: 0, interpolation_duration: 1 }
$data merge entity $(bone_wheel) { transformation: [-1f,1.2246467991473532e-16f,2.719262146893782e-32f,1.0625f,0f,2.220446049250313e-16f,-1f,-0.625f,-1.2246467991473532e-16f,-1f,-2.220446049250313e-16f,-1.3242187499999998f,0f,0f,0f,1f], start_interpolation: 0, interpolation_duration: 1 }
$data merge entity $(bone_wheel2) { transformation: [-1f,1.2246467991473532e-16f,2.719262146893782e-32f,1.0625f,0f,2.220446049250313e-16f,-1f,-0.625f,-1.2246467991473532e-16f,-1f,-2.220446049250313e-16f,-1.0742187499999998f,0f,0f,0f,1f], start_interpolation: 0, interpolation_duration: 1 }
$data merge entity $(bone_rails) { transformation: [-1.1373008333333334f,0f,1.3927918252092842e-16f,-0.43749999999999994f,0f,1.1373008333333334f,0f,-1f,-1.3927918252092842e-16f,0f,-1.1373008333333334f,-0.76171875f,0f,0f,0f,1f], start_interpolation: 0, interpolation_duration: 1 }
$data merge entity $(bone_wheel3) { transformation: [-1f,1.2246467991473532e-16f,2.719262146893782e-32f,-1.0625f,0f,2.220446049250313e-16f,-1f,-0.625f,-1.2246467991473532e-16f,-1f,-2.220446049250313e-16f,-1.07421875f,0f,0f,0f,1f], start_interpolation: 0, interpolation_duration: 1 }
$data merge entity $(bone_wheel4) { transformation: [-1f,1.2246467991473532e-16f,2.719262146893782e-32f,-1.0625f,0f,2.220446049250313e-16f,-1f,-0.625f,-1.2246467991473532e-16f,-1f,-2.220446049250313e-16f,-1.32421875f,0f,0f,0f,1f], start_interpolation: 0, interpolation_duration: 1 }
$data merge entity $(bone_rails2) { transformation: [-1.2038220833333333f,0f,1.4742568610970649e-16f,0.4375f,0f,1.2038220833333333f,0f,-1f,-1.4742568610970649e-16f,0f,-1.2038220833333333f,-0.7617187499999999f,0f,0f,0f,1f], start_interpolation: 0, interpolation_duration: 1 }
$data merge entity $(bone_bone6) { transformation: [-0.9472285201272127f,0.0763451866875925f,-0.311335097808209f,0.6886170278989252f,0f,0.9712252960511801f,0.2381626005700681f,0.8933831498291676f,0.3205590907424253f,0.22559440768763414f,-0.9199722998886734f,-0.3839944599589804f,0f,0f,0f,1f], start_interpolation: 0, interpolation_duration: 1 }
$data merge entity $(bone_bone5) { transformation: [-0.9472285201272127f,0.09993615031176065f,-0.3045831520594592f,0.6487070752141723f,0f,0.9501622660397331f,0.311755782936323f,0.9378270652248213f,0.3205590907424253f,0.2953039689118738f,-0.9000207971415353f,-0.5019254327863949f,0f,0f,0f,1f], start_interpolation: 0, interpolation_duration: 1 }
$data merge entity $(bone_bone4) { transformation: [-0.9472285201272127f,0.09993615031176065f,-0.3045831520594592f,0.9668265292547629f,0f,0.9501622660397331f,0.311755782936323f,0.2820427530091747f,0.3205590907424253f,0.2953039689118738f,-0.9000207971415353f,-0.14682141932383044f,0f,0f,0f,1f], start_interpolation: 0, interpolation_duration: 1 }
$data merge entity $(bone_bone3) { transformation: [-0.9472285201272127f,-0.16914480891150557f,-0.27230160534947406f,0.8689409480825738f,0f,0.8494583782316536f,-0.527655629792812f,-0.234375f,0.3205590907424253f,-0.4998104613454377f,-0.8046312025220314f,-0.24109425409365148f,0f,0f,0f,1f], start_interpolation: 0, interpolation_duration: 1 }
$data merge entity $(bone_octagon) { transformation: [-0.9472285201272127f,0f,-0.3205590907424253f,0.859375f,0f,1f,0f,-0.40625f,0.3205590907424253f,0f,-0.9472285201272127f,-0.1718749999999999f,0f,0f,0f,1f], start_interpolation: 0, interpolation_duration: 1 }
$data merge entity $(bone_bone10) { transformation: [-0.9618926995941617f,0.003978312651637103f,0.2733982580337733f,-0.5566987545840042f,0f,0.999894145974609f,-0.0145498056931192f,0.0009245971537459874f,-0.2734272014036933f,-0.013995351876724904f,-0.9617908793799154f,-0.8937931917265933f,0f,0f,0f,1f], start_interpolation: 0, interpolation_duration: 1 }
$data merge entity $(bone_bone9) { transformation: [-0.9618926995941617f,0.2563767622691054f,0.09504414887759523f,-0.5432629654589018f,0f,0.3476031221095306f,-0.9376417596820796f,-0.12179945480453624f,-0.2734272014036933f,-0.9019107634728157f,-0.33435690551329544f,-0.9410591089666328f,0f,0f,0f,1f], start_interpolation: 0, interpolation_duration: 1 }
$data merge entity $(bone_bone8) { transformation: [-0.9618926995941617f,0.2563767622691054f,0.09504414887759523f,-0.9039264395150174f,0f,0.3476031221095306f,-0.9376417596820796f,0.28558414338967153f,-0.2734272014036933f,-0.9019107634728157f,-0.33435690551329544f,-0.35801703456279277f,0f,0f,0f,1f], start_interpolation: 0, interpolation_duration: 1 }
$data merge entity $(bone_bone7) { transformation: [-0.9618926995941617f,0.2276103658740054f,0.15151222991612678f,-0.8723449467745867f,0f,0.5541227395749523f,-0.8324349761308385f,-0.234375f,-0.2734272014036933f,-0.8007131264270938f,-0.5330066178762635f,-0.24053789376850052f,0f,0f,0f,1f], start_interpolation: 0, interpolation_duration: 1 }
$data merge entity $(bone_octagon2) { transformation: [-0.9618926995941617f,0f,0.2734272014036933f,-0.859375f,0f,1f,0f,-0.40625f,-0.2734272014036933f,0f,-0.9618926995941617f,-0.171875f,0f,0f,0f,1f], start_interpolation: 0, interpolation_duration: 1 }