# This file was generated by Animated Java via MC-Build. It is not recommended to edit this file directly.
$data merge entity $(bone_bone21) { transformation: [0.25974626354173586f,-0.9656769017513607f,1.2246467991473532e-16f,-0.17473669034214362f,-0.9656769017513607f,-0.25974626354173586f,0f,1.0702506494091308f,3.180974302368718e-17f,-1.182613126740337e-16f,-1f,-1.3090312499999996f,0f,0f,0f,1f], start_interpolation: 0, interpolation_duration: 1 }
$data merge entity $(bone_arm4) { transformation: [-0.8566625625330375f,0.5158771694447524f,1.2246467991473532e-16f,-0.6272649411015095f,0.5158771694447524f,0.8566625625330375f,0f,1.342760507205705f,-1.0491090651554538e-16f,6.317673243137127e-17f,-1f,-1.3090312499999996f,0f,0f,0f,1f], start_interpolation: 0, interpolation_duration: 1 }
$data merge entity $(bone_small_arm_base4) { transformation: [-0.6004202253258845f,0.7996846584870904f,1.2246467991473532e-16f,-0.637313348834979f,0.7996846584870904f,0.6004202253258845f,0f,1.356143729768398f,-7.353027070886771e-17f,9.793312573434595e-17f,-1f,-1.2152812499999996f,0f,0f,0f,1f], start_interpolation: 0, interpolation_duration: 1 }
$data merge entity $(bone_bone25) { transformation: [-0.5090414157503709f,-0.8607420270039439f,1.2246467991473532e-16f,2.6414183864572156e-16f,-0.8607420270039439f,0.5090414157503709f,0f,0.4999999999999999f,-6.233959404321287e-17f,-1.0541049682619846e-16f,-1f,-1.6527812499999996f,0f,0f,0f,1f], start_interpolation: 0, interpolation_duration: 1 }
$data merge entity $(bone_bone16) { transformation: [-0.29931141805363165f,-0.9541554773844376f,1.2246467991473532e-16f,-0.3294240758245247f,-0.9541554773844376f,0.29931141805363165f,0f,-0.0026489367181421614f,-3.6655077006763535e-17f,-1.1685034512677666e-16f,-1f,-1.3090312499999999f,0f,0f,0f,1f], start_interpolation: 0, interpolation_duration: 1 }
$data merge entity $(bone_arm3) { transformation: [-0.9717760206365746f,-0.23590541688512323f,1.2246467991473532e-16f,-0.842760507205705f,-0.23590541688512323f,0.9717760206365746f,0f,-0.12726494110150963f,-1.1900823931607335e-16f,-2.889008136898882e-17f,-1f,-1.3090312499999999f,0f,0f,0f,1f], start_interpolation: 0, interpolation_duration: 1 }
$data merge entity $(bone_small_arm_base3) { transformation: [-0.7996846584870905f,-0.6004202253258842f,1.2246467991473532e-16f,-0.856143729768398f,-0.6004202253258842f,0.7996846584870905f,0f,-0.13731334883497914f,-9.793312573434597e-17f,-7.353027070886768e-17f,-1f,-1.2152812499999999f,0f,0f,0f,1f], start_interpolation: 0, interpolation_duration: 1 }
$data merge entity $(bone_bone15) { transformation: [0.8607420270039438f,-0.5090414157503711f,1.2246467991473532e-16f,2.6414183864572156e-16f,-0.5090414157503711f,-0.8607420270039438f,0f,0.4999999999999999f,1.0541049682619844e-16f,-6.23395940432129e-17f,-1f,-1.6527812499999996f,0f,0f,0f,1f], start_interpolation: 0, interpolation_duration: 1 }
$data merge entity $(bone_bone26) { transformation: [-0.2961645321077739f,0.9551369377850403f,1.2246467991473532e-16f,0.4268421323009809f,0.9551369377850403f,0.2961645321077739f,0f,0.8016035437142024f,-3.626969462667591e-17f,1.169705393605854e-16f,-1f,-1.3090312499999994f,0f,0f,0f,1f], start_interpolation: 0, interpolation_duration: 1 }
$data merge entity $(bone_arm5) { transformation: [0.7873579168871004f,0.6164961562858329f,1.2246467991473532e-16f,0.8427605072057053f,0.6164961562858329f,-0.7873579168871004f,0f,1.1272649411015099f,9.642353526991152e-17f,7.549900444820919e-17f,-1f,-1.3090312499999994f,0f,0f,0f,1f], start_interpolation: 0, interpolation_duration: 1 }
$data merge entity $(bone_small_arm_base5) { transformation: [0.7996846584870902f,0.6004202253258846f,1.2246467991473532e-16f,0.8561437297683983f,0.6004202253258846f,-0.7996846584870902f,0f,1.1373133488349794f,9.793312573434593e-17f,7.353027070886773e-17f,-1f,-1.2152812499999994f,0f,0f,0f,1f], start_interpolation: 0, interpolation_duration: 1 }
$data merge entity $(bone_bone20) { transformation: [-0.860742027003944f,0.5090414157503707f,1.2246467991473532e-16f,2.6414183864572156e-16f,0.5090414157503707f,0.860742027003944f,0f,0.4999999999999999f,-1.0541049682619847e-16f,6.233959404321285e-17f,-1f,-1.6527812499999996f,0f,0f,0f,1f], start_interpolation: 0, interpolation_duration: 1 }
$data merge entity $(bone_bone11) { transformation: [-0.25498251389042464f,0.966945664249093f,1.2246467991473532e-16f,0.18181316109949625f,0.966945664249093f,0.25498251389042464f,0f,-0.05883067075895504f,-3.122635194744542e-17f,1.184166912672063e-16f,-1f,-1.3090312499999996f,0f,0f,0f,1f], start_interpolation: 0, interpolation_duration: 1 }
$data merge entity $(bone_arm2) { transformation: [-0.8432663876809463f,0.5374958598980353f,1.2246467991473532e-16f,0.62726494110151f,0.5374958598980353f,0.8432663876809463f,0f,-0.3427605072057051f,-1.032703482502022e-16f,6.582425843790831e-17f,-1f,-1.3090312499999996f,0f,0f,0f,1f], start_interpolation: 0, interpolation_duration: 1 }
$data merge entity $(bone_small_arm_base2) { transformation: [-0.6004202253258845f,0.7996846584870904f,1.2246467991473532e-16f,0.6373133488349795f,0.7996846584870904f,0.6004202253258845f,0f,-0.35614372976839814f,-7.353027070886771e-17f,9.793312573434595e-17f,-1f,-1.2152812499999996f,0f,0f,0f,1f], start_interpolation: 0, interpolation_duration: 1 }
$data merge entity $(bone_bone2) { transformation: [-0.5090414157503709f,-0.8607420270039439f,1.2246467991473532e-16f,2.6414183864572156e-16f,-0.8607420270039439f,0.5090414157503709f,0f,0.4999999999999999f,-6.233959404321287e-17f,-1.0541049682619846e-16f,-1f,-1.6527812499999996f,0f,0f,0f,1f], start_interpolation: 0, interpolation_duration: 1 }
$data merge entity $(bone_ring) { transformation: [-0.9158923430876752f,-1.5486893748018238f,2.2034447328268763e-16f,2.220446049250313e-16f,-1.5486893748018238f,0.9158923430876752f,0f,0.4999999999999999f,-1.1216446263258907e-16f,-1.8965974857245692e-16f,-1.799249166666667f,-1.3090312499999996f,0f,0f,0f,1f], start_interpolation: 0, interpolation_duration: 1 }
$data merge entity $(bone_wheel) { transformation: [-1f,9.907600726170933e-17f,-7.198293278059945e-17f,1.0625000000000002f,0f,-0.5877852522924714f,-0.8090169943749488f,-0.625f,-1.2246467991473532e-16f,-0.8090169943749488f,0.5877852522924714f,-1.4340312499999994f,0f,0f,0f,1f], start_interpolation: 0, interpolation_duration: 1 }
$data merge entity $(bone_wheel2) { transformation: [-1f,9.907600726170933e-17f,-7.198293278059945e-17f,1.0625000000000002f,0f,-0.5877852522924714f,-0.8090169943749488f,-0.625f,-1.2246467991473532e-16f,-0.8090169943749488f,0.5877852522924714f,-1.1840312499999994f,0f,0f,0f,1f], start_interpolation: 0, interpolation_duration: 1 }
$data merge entity $(bone_rails) { transformation: [-1.1373008333333334f,0f,1.3927918252092842e-16f,-0.43749999999999983f,0f,1.1373008333333334f,0f,-1f,-1.3927918252092842e-16f,0f,-1.1373008333333334f,-0.8715312499999996f,0f,0f,0f,1f], start_interpolation: 0, interpolation_duration: 1 }
$data merge entity $(bone_wheel3) { transformation: [-1f,9.907600726170933e-17f,-7.198293278059945e-17f,-1.0625f,0f,-0.5877852522924714f,-0.8090169943749488f,-0.625f,-1.2246467991473532e-16f,-0.8090169943749488f,0.5877852522924714f,-1.1840312499999996f,0f,0f,0f,1f], start_interpolation: 0, interpolation_duration: 1 }
$data merge entity $(bone_wheel4) { transformation: [-1f,9.907600726170933e-17f,-7.198293278059945e-17f,-1.0625f,0f,-0.5877852522924714f,-0.8090169943749488f,-0.625f,-1.2246467991473532e-16f,-0.8090169943749488f,0.5877852522924714f,-1.4340312499999999f,0f,0f,0f,1f], start_interpolation: 0, interpolation_duration: 1 }
$data merge entity $(bone_rails2) { transformation: [-1.2038220833333333f,0f,1.4742568610970649e-16f,0.4375000000000001f,0f,1.2038220833333333f,0f,-1f,-1.4742568610970649e-16f,0f,-1.2038220833333333f,-0.8715312499999995f,0f,0f,0f,1f], start_interpolation: 0, interpolation_duration: 1 }
$data merge entity $(bone_bone6) { transformation: [-0.9482357627809513f,0.11245066582542244f,-0.29699122198921396f,0.700598642798254f,0f,0.9352074295125581f,0.3541003583512927f,0.9491940451140057f,0.31756721836994983f,0.3357706234022463f,-0.8867971302822532f,-0.3507581368501034f,0f,0f,0f,1f], start_interpolation: 0, interpolation_duration: 1 }
$data merge entity $(bone_bone5) { transformation: [-0.9482357627809513f,0.12448440822638906f,-0.2921516220933115f,0.6624153724084245f,0f,0.9199678215935048f,0.39199388672848157f,1.004138462344454f,0.31756721836994983f,0.3717026221874516f,-0.872346389042647f,-0.46477098335679856f,0f,0f,0f,1f], start_interpolation: 0, interpolation_duration: 1 }
$data merge entity $(bone_bone4) { transformation: [-0.9482357627809513f,0.12448440822638906f,-0.2921516220933115f,0.9648759266337839f,0f,0.9199678215935048f,0.39199388672848157f,0.2833841453098911f,0.31756721836994983f,0.3717026221874516f,-0.872346389042647f,-0.15206895177824684f,0f,0f,0f,1f], start_interpolation: 0, interpolation_duration: 1 }
$data merge entity $(bone_bone3) { transformation: [-0.9482357627809513f,-0.17062874205396433f,-0.26783347544380837f,0.8691594164387829f,0f,0.8433914458128857f,-0.5372996083468239f,-0.234375f,0.31756721836994983f,-0.5094867039626569f,-0.7997339309433111f,-0.24106371074787028f,0f,0f,0f,1f], start_interpolation: 0, interpolation_duration: 1 }
$data merge entity $(bone_octagon) { transformation: [-0.9482357627809513f,0f,-0.31756721836994983f,0.859375f,0f,1f,0f,-0.40625f,0.31756721836994983f,0f,-0.9482357627809513f,-0.1718749999999999f,0f,0f,0f,1f], start_interpolation: 0, interpolation_duration: 1 }
$data merge entity $(bone_bone10) { transformation: [-0.9656557385946328f,-0.0008183232400289925f,0.2598236418541027f,-0.5360702517011893f,0f,0.9999950402565569f,0.003149517786434408f,-0.017257989070861512f,-0.25982493051909816f,0.003041349924276293f,-0.9656509491899152f,-1.0126376053173636f,0f,0f,0f,1f], start_interpolation: 0, interpolation_duration: 1 }
$data merge entity $(bone_bone9) { transformation: [-0.9656557385946328f,0.24088220273288585f,0.09738972700345284f,-0.5223774039496121f,0f,0.37482826151008747f,-0.9270942640170553f,-0.1384951958494035f,-0.25982493051909816f,-0.8952538962662371f,-0.36195506171466574f,-1.0635279374444466f,0f,0f,0f,1f], start_interpolation: 0, interpolation_duration: 1 }
$data merge entity $(bone_bone8) { transformation: [-0.9656557385946328f,0.24088220273288585f,0.09738972700345284f,-0.8874778429210599f,0f,0.37482826151008747f,-0.9270942640170553f,0.2652737347584677f,-0.25982493051909816f,-0.8952538962662371f,-0.36195506171466574f,-0.42824889117884796f,0f,0f,0f,1f], start_interpolation: 0, interpolation_duration: 1 }
$data merge entity $(bone_bone7) { transformation: [-0.9656557385946328f,0.23467936294309003f,0.11151049783710777f,-0.8733126836736387f,0f,0.429175512966841f,-0.9032211130557395f,-0.234375f,-0.25982493051909816f,-0.8722006510421064f,-0.41443579696072524f,-0.24034801274088635f,0f,0f,0f,1f], start_interpolation: 0, interpolation_duration: 1 }
$data merge entity $(bone_octagon2) { transformation: [-0.9656557385946328f,0f,0.25982493051909816f,-0.859375f,0f,1f,0f,-0.40625f,-0.25982493051909816f,0f,-0.9656557385946328f,-0.171875f,0f,0f,0f,1f], start_interpolation: 0, interpolation_duration: 1 }