# This file was generated by Animated Java via MC-Build. It is not recommended to edit this file directly.
$data merge entity $(bone_bone21) { transformation: [-0.15415451261801566f,-0.9880467530635897f,1.2246467991473532e-16f,-0.11233759783606984f,-0.9880467530635897f,0.15415451261801566f,0f,1.1601642746551781f,-1.8878483045177313e-17f,-1.2100082935472605e-16f,-1f,-1.3705000000000005f,0f,0f,0f,1f], start_interpolation: 0, interpolation_duration: 1 }
$data merge entity $(bone_arm4) { transformation: [-0.9240892030670624f,0.38217685012946767f,1.2246467991473532e-16f,-0.6004836764659821f,0.38217685012946767f,0.9240892030670624f,0f,1.3620475237123502f,-1.1316828846627065e-16f,4.680316562192703e-17f,-1f,-1.3705000000000005f,0f,0f,0f,1f], start_interpolation: 0, interpolation_duration: 1 }
$data merge entity $(bone_small_arm_base4) { transformation: [-0.5750052520432778f,0.8181497174250241f,1.2246467991473532e-16f,-0.6101067487372089f,0.8181497174250241f,0.5750052520432778f,0f,1.3757397705770313f,-7.041783414077173e-17f,1.0019444326678672e-16f,-1f,-1.2767500000000005f,0f,0f,0f,1f], start_interpolation: 0, interpolation_duration: 1 }
$data merge entity $(bone_bone25) { transformation: [-0.5358267949789974f,-0.8443279255020145f,1.2246467991473532e-16f,2.6414183864572156e-16f,-0.8443279255020145f,0.5358267949789974f,0f,0.4999999999999999f,-6.561985693684143e-17f,-1.034003491396767e-16f,-1f,-1.7142500000000005f,0f,0f,0f,1f], start_interpolation: 0, interpolation_duration: 1 }
$data merge entity $(bone_bone16) { transformation: [-0.1232550800255138f,-0.9923750224828841f,1.2246467991473532e-16f,-0.33604330779290525f,-0.9923750224828841f,0.1232550800255138f,0f,-0.05187292491233564f,-1.5094393923189626e-17f,-1.2153088948374469e-16f,-1f,-1.3705000000000007f,0f,0f,0f,1f], start_interpolation: 0, interpolation_duration: 1 }
$data merge entity $(bone_arm3) { transformation: [-0.9957568809385695f,-0.0920230083375449f,1.2246467991473532e-16f,-0.8620475237123504f,-0.0920230083375449f,0.9957568809385695f,0f,-0.10048367646598225f,-1.2194504769703713e-16f,-1.1269568260848467e-17f,-1f,-1.3705000000000007f,0f,0f,0f,1f], start_interpolation: 0, interpolation_duration: 1 }
$data merge entity $(bone_small_arm_base3) { transformation: [-0.8181497174250243f,-0.5750052520432776f,1.2246467991473532e-16f,-0.8757397705770316f,-0.5750052520432776f,0.8181497174250243f,0f,-0.11010674873720905f,-1.0019444326678675e-16f,-7.04178341407717e-17f,-1f,-1.2767500000000007f,0f,0f,0f,1f], start_interpolation: 0, interpolation_duration: 1 }
$data merge entity $(bone_bone15) { transformation: [0.8443279255020144f,-0.5358267949789977f,1.2246467991473532e-16f,2.6414183864572156e-16f,-0.5358267949789977f,-0.8443279255020144f,0f,0.4999999999999999f,1.0340034913967669e-16f,-6.561985693684145e-17f,-1f,-1.7142500000000005f,0f,0f,0f,1f], start_interpolation: 0, interpolation_duration: 1 }
$data merge entity $(bone_bone26) { transformation: [-0.4596093859013098f,0.8881211698813517f,1.2246467991473532e-16f,0.4242594088965351f,0.8881211698813517f,0.4596093859013098f,0f,0.8048741251019322f,-5.628591633021198e-17f,1.0876347479502e-16f,-1f,-1.3705000000000003f,0f,0f,0f,1f], start_interpolation: 0, interpolation_duration: 1 }
$data merge entity $(bone_arm5) { transformation: [0.8287586192802173f,0.5596062463632333f,1.2246467991473532e-16f,0.8620475237123505f,0.5596062463632333f,-0.8287586192802173f,0f,1.1004836764659824f,1.014936590367298e-16f,6.853199983915989e-17f,-1f,-1.3705000000000003f,0f,0f,0f,1f], start_interpolation: 0, interpolation_duration: 1 }
$data merge entity $(bone_small_arm_base5) { transformation: [0.8181497174250238f,0.575005252043278f,1.2246467991473532e-16f,0.8757397705770317f,0.575005252043278f,-0.8181497174250238f,0f,1.1101067487372092f,1.001944432667867e-16f,7.041783414077174e-17f,-1f,-1.2767500000000003f,0f,0f,0f,1f], start_interpolation: 0, interpolation_duration: 1 }
$data merge entity $(bone_bone20) { transformation: [-0.8443279255020146f,0.5358267949789972f,1.2246467991473532e-16f,2.6414183864572156e-16f,0.5358267949789972f,0.8443279255020146f,0f,0.4999999999999999f,-1.0340034913967672e-16f,6.56198569368414e-17f,-1f,-1.7142500000000005f,0f,0f,0f,1f], start_interpolation: 0, interpolation_duration: 1 }
$data merge entity $(bone_bone11) { transformation: [-0.11350874208153022f,0.9935369975351038f,1.2246467991473532e-16f,0.18514381549888098f,0.9935369975351038f,0.11350874208153022f,0f,-0.035648626313064924f,-1.3900811766538852e-17f,1.2167319038658368e-16f,-1f,-1.3705000000000005f,0f,0f,0f,1f], start_interpolation: 0, interpolation_duration: 1 }
$data merge entity $(bone_arm2) { transformation: [-0.7862627560182853f,0.6178922871330654f,1.2246467991473532e-16f,0.6004836764659826f,0.6178922871330654f,0.7862627560182853f,0f,-0.3620475237123505f,-9.628941674465695e-17f,7.566998116553459e-17f,-1f,-1.3705000000000005f,0f,0f,0f,1f], start_interpolation: 0, interpolation_duration: 1 }
$data merge entity $(bone_small_arm_base2) { transformation: [-0.5750052520432778f,0.8181497174250241f,1.2246467991473532e-16f,0.6101067487372094f,0.8181497174250241f,0.5750052520432778f,0f,-0.3757397705770317f,-7.041783414077173e-17f,1.0019444326678672e-16f,-1f,-1.2767500000000005f,0f,0f,0f,1f], start_interpolation: 0, interpolation_duration: 1 }
$data merge entity $(bone_bone2) { transformation: [-0.5358267949789974f,-0.8443279255020145f,1.2246467991473532e-16f,2.6414183864572156e-16f,-0.8443279255020145f,0.5358267949789974f,0f,0.4999999999999999f,-6.561985693684143e-17f,-1.034003491396767e-16f,-1f,-1.7142500000000005f,0f,0f,0f,1f], start_interpolation: 0, interpolation_duration: 1 }
$data merge entity $(bone_ring) { transformation: [-0.9640859143436322f,-1.5191563163528954f,2.2034447328268763e-16f,2.220446049250313e-16f,-1.5191563163528954f,0.9640859143436322f,0f,0.4999999999999999f,-1.1806647291039784e-16f,-1.8604299202260573e-16f,-1.799249166666667f,-1.3705000000000005f,0f,0f,0f,1f], start_interpolation: 0, interpolation_duration: 1 }
$data merge entity $(bone_wheel) { transformation: [-1f,7.19829327805995e-17f,-9.90760072617093e-17f,1.0625000000000002f,0f,-0.8090169943749486f,-0.5877852522924718f,-0.625f,-1.2246467991473532e-16f,-0.5877852522924718f,0.8090169943749486f,-1.4955000000000003f,0f,0f,0f,1f], start_interpolation: 0, interpolation_duration: 1 }
$data merge entity $(bone_wheel2) { transformation: [-1f,7.19829327805995e-17f,-9.90760072617093e-17f,1.0625000000000002f,0f,-0.8090169943749486f,-0.5877852522924718f,-0.625f,-1.2246467991473532e-16f,-0.5877852522924718f,0.8090169943749486f,-1.2455000000000003f,0f,0f,0f,1f], start_interpolation: 0, interpolation_duration: 1 }
$data merge entity $(bone_rails) { transformation: [-1.1373008333333334f,0f,1.3927918252092842e-16f,-0.43749999999999983f,0f,1.1373008333333334f,0f,-1f,-1.3927918252092842e-16f,0f,-1.1373008333333334f,-0.9330000000000005f,0f,0f,0f,1f], start_interpolation: 0, interpolation_duration: 1 }
$data merge entity $(bone_wheel3) { transformation: [-1f,7.19829327805995e-17f,-9.90760072617093e-17f,-1.0625f,0f,-0.8090169943749486f,-0.5877852522924718f,-0.625f,-1.2246467991473532e-16f,-0.5877852522924718f,0.8090169943749486f,-1.2455000000000005f,0f,0f,0f,1f], start_interpolation: 0, interpolation_duration: 1 }
$data merge entity $(bone_wheel4) { transformation: [-1f,7.19829327805995e-17f,-9.90760072617093e-17f,-1.0625f,0f,-0.8090169943749486f,-0.5877852522924718f,-0.625f,-1.2246467991473532e-16f,-0.5877852522924718f,0.8090169943749486f,-1.4955000000000007f,0f,0f,0f,1f], start_interpolation: 0, interpolation_duration: 1 }
$data merge entity $(bone_rails2) { transformation: [-1.2038220833333333f,0f,1.4742568610970649e-16f,0.4375000000000001f,0f,1.2038220833333333f,0f,-1f,-1.4742568610970649e-16f,0f,-1.2038220833333333f,-0.9330000000000004f,0f,0f,0f,1f], start_interpolation: 0, interpolation_duration: 1 }
$data merge entity $(bone_bone6) { transformation: [-0.9477054099506811f,0.11911442671722018f,-0.2960848008561729f,0.6897185489842308f,0f,0.9277396058281793f,0.3732281122554606f,0.9744289009260957f,0.3191464490640802f,0.35371030113018015f,-0.8792238434688778f,-0.38191755775760683f,0f,0f,0f,1f], start_interpolation: 0, interpolation_duration: 1 }
$data merge entity $(bone_bone5) { transformation: [-0.9477054099506811f,0.12531198575772406f,-0.29351552288706556f,0.6513578627244623f,0f,0.9196891387882298f,0.39264728191465215f,1.0294587138537323f,0.3191464490640802f,0.37211395327294605f,-0.8715943723024882f,-0.4958296191464016f,0f,0f,0f,1f], start_interpolation: 0, interpolation_duration: 1 }
$data merge entity $(bone_bone4) { transformation: [-0.9477054099506811f,0.12531198575772406f,-0.29351552288706556f,0.9567421612835244f,0f,0.9196891387882298f,0.39264728191465215f,0.28840043931022574f,0.3191464490640802f,0.37211395327294605f,-0.8715943723024882f,-0.17649549477406945f,0f,0f,0f,1f], start_interpolation: 0, interpolation_duration: 1 }
$data merge entity $(bone_bone3) { transformation: [-0.9477054099506811f,-0.18450065726216006f,-0.26041114304123486f,0.8690441409944538f,0f,0.8159612735937034f,-0.5781065645668985f,-0.234375f,0.3191464490640802f,-0.5478747187680524f,-0.7732909132950005f,-0.24107991465516998f,0f,0f,0f,1f], start_interpolation: 0, interpolation_duration: 1 }
$data merge entity $(bone_octagon) { transformation: [-0.9477054099506811f,0f,-0.3191464490640802f,0.859375f,0f,1f,0f,-0.40625f,0.3191464490640802f,0f,-0.9477054099506811f,-0.1718749999999999f,0f,0f,0f,1f], start_interpolation: 0, interpolation_duration: 1 }
$data merge entity $(bone_bone10) { transformation: [-0.9667889711756649f,-0.004005849748400556f,0.25554459176608046f,-0.5231556738664941f,0f,0.9998771582775141f,0.01567381111545435f,-0.029207430424854644f,-0.2555759871605693f,0.01515326772271186f,-0.9666702091531653f,-1.076901872718946f,0f,0f,0f,1f], start_interpolation: 0, interpolation_duration: 1 }
$data merge entity $(bone_bone9) { transformation: [-0.9667889711756649f,0.23515297490902917f,0.1001107566874458f,-0.509122802253265f,0f,0.39170642672525324f,-0.920090253867594f,-0.1494614051954165f,-0.2555759871605693f,-0.8895331099254076f,-0.37869745329660354f,-1.1299852068002125f,0f,0f,0f,1f], start_interpolation: 0, interpolation_duration: 1 }
$data merge entity $(bone_bone8) { transformation: [-0.9667889711756649f,0.23515297490902917f,0.1001107566874458f,-0.8792892965712306f,0f,0.39170642672525324f,-0.920090253867594f,0.2507653532401659f,-0.2555759871605693f,-0.8895331099254076f,-0.37869745329660354f,-0.46336199975248105f,0f,0f,0f,1f], start_interpolation: 0, interpolation_duration: 1 }
$data merge entity $(bone_bone7) { transformation: [-0.9667889711756649f,0.2383185266263135f,0.09232207254910697f,-0.8736136561517039f,0f,0.36123140352424543f,-0.9324762051161969f,-0.234375f,-0.2555759871605693f,-0.9015077109900762f,-0.3492345369695467f,-0.24028606029724686f,0f,0f,0f,1f], start_interpolation: 0, interpolation_duration: 1 }
$data merge entity $(bone_octagon2) { transformation: [-0.9667889711756649f,0f,0.2555759871605693f,-0.859375f,0f,1f,0f,-0.40625f,-0.2555759871605693f,0f,-0.9667889711756649f,-0.171875f,0f,0f,0f,1f], start_interpolation: 0, interpolation_duration: 1 }