# This file was generated by Animated Java via MC-Build. It is not recommended to edit this file directly.
$data merge entity $(bone_bone21) { transformation: [-0.9408963729204678f,-0.3386945754291144f,1.2246467991473532e-16f,-0.039655565486396926f,-0.3386945754291144f,0.9408963729204678f,0f,1.2447597764436729f,-1.1522657314264053e-16f,-4.147812276878368e-17f,-1f,-1.5f,0f,0f,0f,1f], start_interpolation: 0, interpolation_duration: 1 }
$data merge entity $(bone_arm4) { transformation: [-0.9569691783792289f,0.29018957877943125f,1.2246467991473532e-16f,-0.5451703472250691f,0.29018957877943125f,0.9569691783792289f,0f,1.3980511518545002f,-1.1719492411847953e-16f,3.5537973879814915e-17f,-1f,-1.5f,0f,0f,0f,1f], start_interpolation: 0, interpolation_duration: 1 }
$data merge entity $(bone_small_arm_base4) { transformation: [-0.5224985647159489f,0.8526401643540922f,1.2246467991473532e-16f,-0.5539146872671935f,0.8526401643540922f,0.5224985647159489f,0f,1.4123206179050687f,-6.39876194838473e-17f,1.0441830481007122e-16f,-1f,-1.40625f,0f,0f,0f,1f], start_interpolation: 0, interpolation_duration: 1 }
$data merge entity $(bone_bone25) { transformation: [-0.587785252292473f,-0.8090169943749475f,1.2246467991473532e-16f,2.6414183864572156e-16f,-0.8090169943749475f,0.587785252292473f,0f,0.4999999999999999f,-7.198293278059965e-17f,-9.907600726170916e-17f,-1f,-1.84375f,0f,0f,0f,1f], start_interpolation: 0, interpolation_duration: 1 }
$data merge entity $(bone_bone16) { transformation: [0.35118806988038326f,-0.9363049394154082f,1.2246467991473532e-16f,-0.3707908114278924f,-0.9363049394154082f,-0.35118806988038326f,0f,-0.07741897114699703f,4.3008134567774856e-17f,-1.146642847080936e-16f,-1f,-1.5f,0f,0f,0f,1f], start_interpolation: 0, interpolation_duration: 1 }
$data merge entity $(bone_arm3) { transformation: [-0.998134798421867f,0.06104853953485706f,1.2246467991473532e-16f,-0.8980511518545005f,0.06104853953485706f,0.998134798421867f,0f,-0.045170347225069254f,-1.222362586004928e-16f,7.476289853398314e-18f,-1f,-1.5f,0f,0f,0f,1f], start_interpolation: 0, interpolation_duration: 1 }
$data merge entity $(bone_small_arm_base3) { transformation: [-0.8526401643540924f,-0.5224985647159487f,1.2246467991473532e-16f,-0.9123206179050689f,-0.5224985647159487f,0.8526401643540924f,0f,-0.05391468726719362f,-1.0441830481007124e-16f,-6.398761948384729e-17f,-1f,-1.40625f,0f,0f,0f,1f], start_interpolation: 0, interpolation_duration: 1 }
$data merge entity $(bone_bone15) { transformation: [0.8090169943749473f,-0.5877852522924732f,1.2246467991473532e-16f,2.6414183864572156e-16f,-0.5877852522924732f,-0.8090169943749473f,0f,0.4999999999999999f,9.907600726170915e-17f,-7.198293278059968e-17f,-1f,-1.84375f,0f,0f,0f,1f], start_interpolation: 0, interpolation_duration: 1 }
$data merge entity $(bone_bone26) { transformation: [-0.7388195051356938f,0.6739033601571137f,1.2246467991473532e-16f,0.4231228778755226f,0.6739033601571137f,0.7388195051356938f,0f,0.8138986997907388f,-9.047929421120587e-17f,8.252935929510556e-17f,-1f,-1.5f,0f,0f,0f,1f], start_interpolation: 0, interpolation_duration: 1 }
$data merge entity $(bone_arm5) { transformation: [0.8990671223807637f,0.437810814683663f,1.2246467991473532e-16f,0.8980511518545006f,0.437810814683663f,-0.8990671223807637f,0f,1.0451703472250695f,1.1010396736422241e-16f,5.361636128344427e-17f,-1f,-1.5f,0f,0f,0f,1f], start_interpolation: 0, interpolation_duration: 1 }
$data merge entity $(bone_small_arm_base5) { transformation: [0.852640164354092f,0.5224985647159491f,1.2246467991473532e-16f,0.912320617905069f,0.5224985647159491f,-0.852640164354092f,0f,1.0539146872671938f,1.044183048100712e-16f,6.398761948384731e-17f,-1f,-1.40625f,0f,0f,0f,1f], start_interpolation: 0, interpolation_duration: 1 }
$data merge entity $(bone_bone20) { transformation: [-0.8090169943749476f,0.5877852522924728f,1.2246467991473532e-16f,2.6414183864572156e-16f,0.5877852522924728f,0.8090169943749476f,0f,0.4999999999999999f,-9.907600726170917e-17f,7.198293278059963e-17f,-1f,-1.84375f,0f,0f,0f,1f], start_interpolation: 0, interpolation_duration: 1 }
$data merge entity $(bone_bone11) { transformation: [-0.25372393305845725f,0.9672766748936663f,1.2246467991473532e-16f,0.20182525075872199f,0.9672766748936663f,0.25372393305845725f,0f,0.0033932217069618797f,-3.10722202487117e-17f,1.1845722837984237e-16f,-1f,-1.5f,0f,0f,0f,1f], start_interpolation: 0, interpolation_duration: 1 }
$data merge entity $(bone_arm2) { transformation: [-0.6499724374742293f,0.7599577820667468f,1.2246467991473532e-16f,0.5451703472250696f,0.7599577820667468f,0.6499724374742293f,0f,-0.3980511518545005f,-7.959866650868182e-17f,9.306798652951634e-17f,-1f,-1.5f,0f,0f,0f,1f], start_interpolation: 0, interpolation_duration: 1 }
$data merge entity $(bone_small_arm_base2) { transformation: [-0.5224985647159489f,0.8526401643540922f,1.2246467991473532e-16f,0.553914687267194f,0.8526401643540922f,0.5224985647159489f,0f,-0.412320617905069f,-6.39876194838473e-17f,1.0441830481007122e-16f,-1f,-1.40625f,0f,0f,0f,1f], start_interpolation: 0, interpolation_duration: 1 }
$data merge entity $(bone_bone2) { transformation: [-0.587785252292473f,-0.8090169943749475f,1.2246467991473532e-16f,2.6414183864572156e-16f,-0.8090169943749475f,0.587785252292473f,0f,0.4999999999999999f,-7.198293278059965e-17f,-9.907600726170916e-17f,-1f,-1.84375f,0f,0f,0f,1f], start_interpolation: 0, interpolation_duration: 1 }
$data merge entity $(bone_ring) { transformation: [-1.0575721253661887f,-1.455623152948296f,2.2034447328268763e-16f,2.220446049250313e-16f,-1.455623152948296f,1.0575721253661887f,0f,0.4999999999999999f,-1.2951523181971663e-16f,-1.7826242350229087e-16f,-1.799249166666667f,-1.5f,0f,0f,0f,1f], start_interpolation: 0, interpolation_duration: 1 }
$data merge entity $(bone_wheel) { transformation: [-1f,1.4997597826618576e-32f,-1.2246467991473532e-16f,1.0625000000000002f,0f,-1f,-1.2246467991473532e-16f,-0.625f,-1.2246467991473532e-16f,-1.2246467991473532e-16f,1f,-1.6249999999999998f,0f,0f,0f,1f], start_interpolation: 0, interpolation_duration: 1 }
$data merge entity $(bone_wheel2) { transformation: [-1f,1.4997597826618576e-32f,-1.2246467991473532e-16f,1.0625000000000002f,0f,-1f,-1.2246467991473532e-16f,-0.625f,-1.2246467991473532e-16f,-1.2246467991473532e-16f,1f,-1.3749999999999998f,0f,0f,0f,1f], start_interpolation: 0, interpolation_duration: 1 }
$data merge entity $(bone_rails) { transformation: [-1.1373008333333334f,0f,1.3927918252092842e-16f,-0.43749999999999983f,0f,1.1373008333333334f,0f,-1f,-1.3927918252092842e-16f,0f,-1.1373008333333334f,-1.0625f,0f,0f,0f,1f], start_interpolation: 0, interpolation_duration: 1 }
$data merge entity $(bone_wheel3) { transformation: [-1f,1.4997597826618576e-32f,-1.2246467991473532e-16f,-1.0625f,0f,-1f,-1.2246467991473532e-16f,-0.625f,-1.2246467991473532e-16f,-1.2246467991473532e-16f,1f,-1.3750000000000002f,0f,0f,0f,1f], start_interpolation: 0, interpolation_duration: 1 }
$data merge entity $(bone_wheel4) { transformation: [-1f,1.4997597826618576e-32f,-1.2246467991473532e-16f,-1.0625f,0f,-1f,-1.2246467991473532e-16f,-0.625f,-1.2246467991473532e-16f,-1.2246467991473532e-16f,1f,-1.6250000000000002f,0f,0f,0f,1f], start_interpolation: 0, interpolation_duration: 1 }
$data merge entity $(bone_rails2) { transformation: [-1.2038220833333333f,0f,1.4742568610970649e-16f,0.4375000000000001f,0f,1.2038220833333333f,0f,-1f,-1.4742568610970649e-16f,0f,-1.2038220833333333f,-1.0625f,0f,0f,0f,1f], start_interpolation: 0, interpolation_duration: 1 }
$data merge entity $(bone_bone6) { transformation: [-0.9447212919370022f,0.11702708677664757f,-0.30627820934805744f,0.6400705196661894f,0f,0.9341324793160515f,0.35692647854543774f,1.0101185962856243f,0.3278744890364017f,0.33719604393797065f,-0.8824948426997752f,-0.5178354689645033f,0f,0f,0f,1f], start_interpolation: 0, interpolation_duration: 1 }
$data merge entity $(bone_bone5) { transformation: [-0.9447212919370022f,0.11048956602826056f,-0.30869683568149536f,0.5996529758922994f,0f,0.9415091628163325f,0.3369873830470344f,1.0578673645976508f,0.3278744890364017f,0.31835915587866376f,-0.8894637526663711f,-0.6342925751065749f,0f,0f,0f,1f], start_interpolation: 0, interpolation_duration: 1 }
$data merge entity $(bone_bone4) { transformation: [-0.9447212919370022f,0.11048956602826056f,-0.30869683568149536f,0.9294050232587717f,0f,0.9415091628163325f,0.3369873830470344f,0.29592158015116443f,0.3278744890364017f,0.31835915587866376f,-0.8894637526663711f,-0.25602654845893363f,0f,0f,0f,1f], start_interpolation: 0, interpolation_duration: 1 }
$data merge entity $(bone_bone3) { transformation: [-0.9447212919370022f,-0.2292215500671486f,-0.2344337039456895f,0.8684053848082562f,0f,0.7150105048876245f,-0.699113708848814f,-0.234375f,0.3278744890364017f,-0.6604676062345207f,-0.6754856479259649f,-0.24116615852845008f,0f,0f,0f,1f], start_interpolation: 0, interpolation_duration: 1 }
$data merge entity $(bone_octagon) { transformation: [-0.9447212919370022f,0f,-0.3278744890364017f,0.859375f,0f,1f,0f,-0.40625f,0.3278744890364017f,0f,-0.9447212919370022f,-0.1718749999999999f,0f,0f,0f,1f], start_interpolation: 0, interpolation_duration: 1 }
$data merge entity $(bone_bone10) { transformation: [-0.9678283259642091f,-0.011394655250307362f,0.2513533236164652f,-0.493274445302613f,0f,0.9989740307124974f,0.0452867084476985f,-0.056442773595984805f,-0.25161146925630556f,0.043829759225365195f,-0.9668353638261947f,-1.2074895042096898f,0f,0f,0f,1f], start_interpolation: 0, interpolation_duration: 1 }
$data merge entity $(bone_bone9) { transformation: [-0.9678283259642091f,0.22723769380945438f,0.10803407783416064f,-0.4782215226285734f,0f,0.42936865379578965f,-0.9031293147371486f,-0.17432671195325156f,-0.25161146925630556f,-0.8740741328112579f,-0.41555514542468514f,-1.26539085900701f,0f,0f,0f,1f], start_interpolation: 0, interpolation_duration: 1 }
$data merge entity $(bone_bone8) { transformation: [-0.9678283259642091f,0.22723769380945438f,0.10803407783416064f,-0.8631890465009575f,0f,0.42936865379578965f,-0.9031293147371486f,0.21416460231203394f,-0.25161146925630556f,-0.8740741328112579f,-0.41555514542468514f,-0.5298024745543889f,0f,0f,0f,1f], start_interpolation: 0, interpolation_duration: 1 }
$data merge entity $(bone_bone7) { transformation: [-0.9678283259642091f,0.24540246744938388f,0.0555514215036024f,-0.8738939183578625f,0f,0.220782548855174f,-0.9753230573102498f,-0.234375f,-0.25161146925630556f,-0.9439452818308735f,-0.21367960466061428f,-0.24022712878702263f,0f,0f,0f,1f], start_interpolation: 0, interpolation_duration: 1 }
$data merge entity $(bone_octagon2) { transformation: [-0.9678283259642091f,0f,0.25161146925630556f,-0.859375f,0f,1f,0f,-0.40625f,-0.25161146925630556f,0f,-0.9678283259642091f,-0.171875f,0f,0f,0f,1f], start_interpolation: 0, interpolation_duration: 1 }