# This file was generated by Animated Java via MC-Build. It is not recommended to edit this file directly.
$data merge entity $(bone_bone21) { transformation: [-0.9873709034659204f,0.1584256891696934f,1.2246467991473532e-16f,-0.011964492743121724f,0.1584256891696934f,0.9873709034659204f,0f,1.2588710590155494f,-1.2091806165007698e-16f,1.9401551314437844e-17f,-1f,-1.565406250000001f,0f,0f,0f,1f], start_interpolation: 0, interpolation_duration: 1 }
$data merge entity $(bone_arm4) { transformation: [-0.9554804688717695f,0.2950543570337228f,1.2246467991473532e-16f,-0.5166928701975826f,0.2950543570337228f,0.9554804688717695f,0f,1.4147322322558014f,-1.1701260978516248e-16f,3.613373739158289e-17f,-1f,-1.565406250000001f,0f,0f,0f,1f], start_interpolation: 0, interpolation_duration: 1 }
$data merge entity $(bone_small_arm_base4) { transformation: [-0.49545866843240716f,0.8686315144381915f,1.2246467991473532e-16f,-0.5249846806754668f,0.8686315144381915f,0.49545866843240716f,0f,1.429269323544621f,-6.067618724055573e-17f,1.0637668037952492e-16f,-1f,-1.471656250000001f,0f,0f,0f,1f], start_interpolation: 0, interpolation_duration: 1 }
$data merge entity $(bone_bone25) { transformation: [-0.6129070536529768f,-0.7901550123756901f,1.2246467991473532e-16f,2.6414183864572156e-16f,-0.7901550123756901f,0.6129070536529768f,0f,0.4999999999999999f,-7.505946614309531e-17f,-9.676608067361261e-17f,-1f,-1.909156250000001f,0f,0f,0f,1f], start_interpolation: 0, interpolation_duration: 1 }
$data merge entity $(bone_bone16) { transformation: [0.5727831364995484f,-0.8197069467448354f,1.2246467991473532e-16f,-0.3881000144665898f,-0.8197069467448354f,-0.5727831364995484f,0f,-0.05794753681915417f,7.014570347197532e-17f,-1.0038514885699126e-16f,-1f,-1.565406250000001f,0f,0f,0f,1f], start_interpolation: 0, interpolation_duration: 1 }
$data merge entity $(bone_arm3) { transformation: [-0.9969457253701093f,0.07809750742672295f,1.2246467991473532e-16f,-0.9147322322558015f,0.07809750742672295f,0.9969457253701093f,0f,-0.016692870197582768f,-1.2209063914981404e-16f,9.564186249152301e-18f,-1f,-1.565406250000001f,0f,0f,0f,1f], start_interpolation: 0, interpolation_duration: 1 }
$data merge entity $(bone_small_arm_base3) { transformation: [-0.8686315144381916f,-0.495458668432407f,1.2246467991473532e-16f,-0.9292693235446212f,-0.495458668432407f,0.8686315144381916f,0f,-0.024984680675466886f,-1.0637668037952495e-16f,-6.06761872405557e-17f,-1f,-1.471656250000001f,0f,0f,0f,1f], start_interpolation: 0, interpolation_duration: 1 }
$data merge entity $(bone_bone15) { transformation: [0.79015501237569f,-0.612907053652977f,1.2246467991473532e-16f,2.6414183864572156e-16f,-0.612907053652977f,-0.79015501237569f,0f,0.4999999999999999f,9.67660806736126e-17f,-7.505946614309534e-17f,-1f,-1.909156250000001f,0f,0f,0f,1f], start_interpolation: 0, interpolation_duration: 1 }
$data merge entity $(bone_bone26) { transformation: [-0.845871925722959f,0.5333860565047918f,1.2246467991473532e-16f,0.4247174006402431f,0.5333860565047918f,0.845871925722959f,0f,0.8193887771624497f,-1.0358943463252295e-16f,6.532095268084222e-17f,-1f,-1.565406250000001f,0f,0f,0f,1f], start_interpolation: 0, interpolation_duration: 1 }
$data merge entity $(bone_arm5) { transformation: [0.9276268622490883f,0.3735082387764842f,1.2246467991473532e-16f,0.9147322322558016f,0.3735082387764842f,-0.9276268622490883f,0f,1.0166928701975828f,1.1360152676564486e-16f,4.574156690727868e-17f,-1f,-1.565406250000001f,0f,0f,0f,1f], start_interpolation: 0, interpolation_duration: 1 }
$data merge entity $(bone_small_arm_base5) { transformation: [0.8686315144381914f,0.4954586684324074f,1.2246467991473532e-16f,0.9292693235446212f,0.4954586684324074f,-0.8686315144381914f,0f,1.024984680675467f,1.063766803795249e-16f,6.067618724055576e-17f,-1f,-1.471656250000001f,0f,0f,0f,1f], start_interpolation: 0, interpolation_duration: 1 }
$data merge entity $(bone_bone20) { transformation: [-0.7901550123756902f,0.6129070536529766f,1.2246467991473532e-16f,2.6414183864572156e-16f,0.6129070536529766f,0.7901550123756902f,0f,0.4999999999999999f,-9.676608067361262e-17f,7.505946614309529e-17f,-1f,-1.909156250000001f,0f,0f,0f,1f], start_interpolation: 0, interpolation_duration: 1 }
$data merge entity $(bone_bone11) { transformation: [-0.3220702065549321f,0.9467157873668652f,1.2246467991473532e-16f,0.21453133408296876f,0.9467157873668652f,0.3220702065549321f,0f,0.01855963984024539f,-3.9442224755822454e-17f,1.1593924587010979e-16f,-1f,-1.565406250000001f,0f,0f,0f,1f], start_interpolation: 0, interpolation_duration: 1 }
$data merge entity $(bone_arm2) { transformation: [-0.5720095383934594f,0.8202469676791873f,1.2246467991473532e-16f,0.5166928701975831f,0.8202469676791873f,0.5720095383934594f,0f,-0.41473223225580164f,-7.005096502753052e-17f,1.0045128234786392e-16f,-1f,-1.565406250000001f,0f,0f,0f,1f], start_interpolation: 0, interpolation_duration: 1 }
$data merge entity $(bone_small_arm_base2) { transformation: [-0.49545866843240716f,0.8686315144381915f,1.2246467991473532e-16f,0.5249846806754672f,0.8686315144381915f,0.49545866843240716f,0f,-0.42926932354462133f,-6.067618724055573e-17f,1.0637668037952492e-16f,-1f,-1.471656250000001f,0f,0f,0f,1f], start_interpolation: 0, interpolation_duration: 1 }
$data merge entity $(bone_bone2) { transformation: [-0.6129070536529768f,-0.7901550123756901f,1.2246467991473532e-16f,2.6414183864572156e-16f,-0.7901550123756901f,0.6129070536529768f,0f,0.4999999999999999f,-7.505946614309531e-17f,-9.676608067361261e-17f,-1f,-1.909156250000001f,0f,0f,0f,1f], start_interpolation: 0, interpolation_duration: 1 }
$data merge entity $(bone_ring) { transformation: [-1.1027725055292408f,-1.4216857475544504f,2.2034447328268763e-16f,2.220446049250313e-16f,-1.4216857475544504f,1.1027725055292408f,0f,0.4999999999999999f,-1.3505068190840914e-16f,-1.7410629001359696e-16f,-1.799249166666667f,-1.565406250000001f,0f,0f,0f,1f], start_interpolation: 0, interpolation_duration: 1 }
$data merge entity $(bone_wheel) { transformation: [-1f,-3.7843667304342005e-17f,-1.164708318489091e-16f,1.0625000000000002f,0f,-0.9510565162951525f,0.30901699437495156f,-0.625f,-1.2246467991473532e-16f,0.30901699437495156f,0.9510565162951525f,-1.6904062500000008f,0f,0f,0f,1f], start_interpolation: 0, interpolation_duration: 1 }
$data merge entity $(bone_wheel2) { transformation: [-1f,-3.7843667304342005e-17f,-1.164708318489091e-16f,1.0625000000000002f,0f,-0.9510565162951525f,0.30901699437495156f,-0.625f,-1.2246467991473532e-16f,0.30901699437495156f,0.9510565162951525f,-1.4404062500000008f,0f,0f,0f,1f], start_interpolation: 0, interpolation_duration: 1 }
$data merge entity $(bone_rails) { transformation: [-1.1373008333333334f,0f,1.3927918252092842e-16f,-0.43749999999999983f,0f,1.1373008333333334f,0f,-1f,-1.3927918252092842e-16f,0f,-1.1373008333333334f,-1.127906250000001f,0f,0f,0f,1f], start_interpolation: 0, interpolation_duration: 1 }
$data merge entity $(bone_wheel3) { transformation: [-1f,-3.7843667304342005e-17f,-1.164708318489091e-16f,-1.0625f,0f,-0.9510565162951525f,0.30901699437495156f,-0.625f,-1.2246467991473532e-16f,0.30901699437495156f,0.9510565162951525f,-1.4404062500000012f,0f,0f,0f,1f], start_interpolation: 0, interpolation_duration: 1 }
$data merge entity $(bone_wheel4) { transformation: [-1f,-3.7843667304342005e-17f,-1.164708318489091e-16f,-1.0625f,0f,-0.9510565162951525f,0.30901699437495156f,-0.625f,-1.2246467991473532e-16f,0.30901699437495156f,0.9510565162951525f,-1.6904062500000012f,0f,0f,0f,1f], start_interpolation: 0, interpolation_duration: 1 }
$data merge entity $(bone_rails2) { transformation: [-1.2038220833333333f,0f,1.4742568610970649e-16f,0.4375000000000001f,0f,1.2038220833333333f,0f,-1f,-1.4742568610970649e-16f,0f,-1.2038220833333333f,-1.127906250000001f,0f,0f,0f,1f], start_interpolation: 0, interpolation_duration: 1 }
$data merge entity $(bone_bone6) { transformation: [-0.9422960788178694f,0.10976703607772773f,-0.3162740862530134f,0.6030076365942483f,0f,0.9447202619182602f,0.32787745686627223f,1.013828410473013f,0.33478067423981883f,0.30895764193786335f,-0.8902061983853672f,-0.6134296435282657f,0f,0f,0f,1f], start_interpolation: 0, interpolation_duration: 1 }
$data merge entity $(bone_bone5) { transformation: [-0.9422960788178694f,0.09600521676227337f,-0.32071965670799885f,0.560951790426173f,0f,0.9579993153316029f,0.28677048631994934f,1.0549972355967137f,0.33478067423981883f,0.2702227047799816f,-0.9027189983471731f,-0.7318028412211429f,0f,0f,0f,1f], start_interpolation: 0, interpolation_duration: 1 }
$data merge entity $(bone_bone4) { transformation: [-0.9422960788178694f,0.09600521676227337f,-0.32071965670799885f,0.9112015480714561f,0f,0.9579993153316029f,0.28677048631994934f,0.2939066132518863f,0.33478067423981883f,0.2702227047799816f,-0.9027189983471731f,-0.3060346168165522f,0f,0f,0f,1f], start_interpolation: 0, interpolation_duration: 1 }
$data merge entity $(bone_bone3) { transformation: [-0.9422960788178694f,-0.2565978558009282f,-0.2150247433269803f,0.8678979603230698f,0f,0.6422854121291008f,-0.7664655565425958f,-0.234375f,0.33478067423981883f,-0.722237488479044f,-0.6052230253311709f,-0.24123040099611107f,0f,0f,0f,1f], start_interpolation: 0, interpolation_duration: 1 }
$data merge entity $(bone_octagon) { transformation: [-0.9422960788178694f,0f,-0.33478067423981883f,0.859375f,0f,1f,0f,-0.40625f,0.33478067423981883f,0f,-0.9422960788178694f,-0.1718749999999999f,0f,0f,0f,1f], start_interpolation: 0, interpolation_duration: 1 }
$data merge entity $(bone_bone10) { transformation: [-0.9678156918302796f,-0.015416140198161246f,0.2511874385164752f,-0.47673008658573296f,0f,0.9981219778580566f,0.061257793926333515f,-0.07056776355459955f,-0.2516600616845616f,0.05928625420881123f,-0.965998112531702f,-1.2708962342395427f,0f,0f,0f,1f], start_interpolation: 0, interpolation_duration: 1 }
$data merge entity $(bone_bone9) { transformation: [-0.9678156918302796f,0.22484976614478538f,0.11302817928159635f,-0.4610253388144494f,0f,0.44913038058168053f,-0.8934662283704712f,-0.18710722063324914f,-0.2516600616845616f,-0.864710635937358f,-0.4346754300046559f,-1.3312923941528152f,0f,0f,0f,1f], start_interpolation: 0, interpolation_duration: 1 }
$data merge entity $(bone_bone8) { transformation: [-0.9678156918302796f,0.22484976614478538f,0.11302817928159635f,-0.8553563902986159f,0f,0.44913038058168053f,-0.8934662283704712f,0.19300154595066854f,-0.2516600616845616f,-0.864710635937358f,-0.4346754300046559f,-0.5598558058329295f,0f,0f,0f,1f], start_interpolation: 0, interpolation_duration: 1 }
$data merge entity $(bone_bone7) { transformation: [-0.9678156918302796f,0.24876824649555718f,0.038041374615056495f,-0.8738904865144111f,0f,0.15116174716168795f,-0.9885090420400948f,-0.234375f,-0.2516600616845616f,-0.9566945624025213f,-0.14629671090756283f,-0.24022785766703503f,0f,0f,0f,1f], start_interpolation: 0, interpolation_duration: 1 }
$data merge entity $(bone_octagon2) { transformation: [-0.9678156918302796f,0f,0.2516600616845616f,-0.859375f,0f,1f,0f,-0.40625f,-0.2516600616845616f,0f,-0.9678156918302796f,-0.171875f,0f,0f,0f,1f], start_interpolation: 0, interpolation_duration: 1 }