# This file was generated by Animated Java via MC-Build. It is not recommended to edit this file directly.
$data merge entity $(bone_bone21) { transformation: [-0.9357672610381826f,0.3526182541631929f,1.2246467991473532e-16f,0.2123467937005143f,0.3526182541631929f,0.9357672610381826f,0f,1.3059099699744248f,-1.145984380977296e-16f,4.318328162818822e-17f,-1f,-1.93115625f,0f,0f,0f,1f], start_interpolation: 0, interpolation_duration: 1 }
$data merge entity $(bone_arm4) { transformation: [-0.9187433433516159f,0.39485525075284894f,1.2246467991473532e-16f,-0.2729753579228496f,0.39485525075284894f,0.9187433433516159f,0f,1.5144905286928951f,-1.125136094673494e-16f,4.8355821896100204e-17f,-1f,-1.93115625f,0f,0f,0f,1f], start_interpolation: 0, interpolation_duration: 1 }
$data merge entity $(bone_small_arm_base4) { transformation: [-0.26387304996537303f,0.9645574184577982f,1.2246467991473532e-16f,-0.2773914383346764f,0.9645574184577982f,0.26387304996537303f,0f,1.530632999939173f,-3.231512860213437e-17f,1.1812421551081767e-16f,-1f,-1.83740625f,0f,0f,0f,1f], start_interpolation: 0, interpolation_duration: 1 }
$data merge entity $(bone_bone25) { transformation: [-0.7901550123756903f,-0.6129070536529766f,1.2246467991473532e-16f,2.6414183864572156e-16f,-0.6129070536529766f,0.7901550123756903f,0f,0.4999999999999999f,-9.676608067361264e-17f,-7.505946614309529e-17f,-1f,-2.27490625f,0f,0f,0f,1f], start_interpolation: 0, interpolation_duration: 1 }
$data merge entity $(bone_bone16) { transformation: [0.7230462729262854f,-0.6907995998894377f,1.2246467991473532e-16f,-0.4959055105811425f,-0.6907995998894377f,-0.7230462729262854f,0f,0.3275881509741354f,8.854763037745992e-17f,-8.459855188568723e-17f,-1f,-1.93115625f,0f,0f,0f,1f], start_interpolation: 0, interpolation_duration: 1 }
$data merge entity $(bone_arm3) { transformation: [-0.9817119036466274f,-0.19037262996164922f,1.2246467991473532e-16f,-1.014490528692895f,-0.19037262996164922f,0.9817119036466274f,0f,0.2270246420771503f,-1.2022503404856972e-16f,-2.3313923192779723e-17f,-1f,-1.93115625f,0f,0f,0f,1f], start_interpolation: 0, interpolation_duration: 1 }
$data merge entity $(bone_small_arm_base3) { transformation: [-0.9645574184577982f,-0.2638730499653728f,1.2246467991473532e-16f,-1.0306329999391728f,-0.2638730499653728f,0.9645574184577982f,0f,0.22260856166532356f,-1.1812421551081767e-16f,-3.2315128602134337e-17f,-1f,-1.83740625f,0f,0f,0f,1f], start_interpolation: 0, interpolation_duration: 1 }
$data merge entity $(bone_bone15) { transformation: [0.6129070536529764f,-0.7901550123756904f,1.2246467991473532e-16f,2.6414183864572156e-16f,-0.7901550123756904f,-0.6129070536529764f,0f,0.4999999999999999f,7.505946614309526e-17f,-9.676608067361265e-17f,-1f,-2.27490625f,0f,0f,0f,1f], start_interpolation: 0, interpolation_duration: 1 }
$data merge entity $(bone_bone26) { transformation: [-0.8938066402913114f,0.4484525501891575f,1.2246467991473532e-16f,0.48850331317244444f,0.4484525501891575f,0.8938066402913114f,0f,0.7241809992255236f,-1.0945974410894043e-16f,5.491959801586195e-17f,-1f,-1.93115625f,0f,0f,0f,1f], start_interpolation: 0, interpolation_duration: 1 }
$data merge entity $(bone_arm5) { transformation: [0.9957246981845822f,0.09237058744656221f,1.2246467991473532e-16f,1.0144905286928954f,0.09237058744656221f,-0.9957246981845822f,0f,0.77297535792285f,1.219411064463713e-16f,1.1312134425179304e-17f,-1f,-1.93115625f,0f,0f,0f,1f], start_interpolation: 0, interpolation_duration: 1 }
$data merge entity $(bone_small_arm_base5) { transformation: [0.9645574184577982f,0.2638730499653733f,1.2246467991473532e-16f,1.0306329999391732f,0.2638730499653733f,-0.9645574184577982f,0f,0.7773914383346767f,1.1812421551081767e-16f,3.23151286021344e-17f,-1f,-1.83740625f,0f,0f,0f,1f], start_interpolation: 0, interpolation_duration: 1 }
$data merge entity $(bone_bone20) { transformation: [-0.6129070536529768f,0.7901550123756902f,1.2246467991473532e-16f,2.6414183864572156e-16f,0.7901550123756902f,0.6129070536529768f,0f,0.4999999999999999f,-7.505946614309531e-17f,9.676608067361262e-17f,-1f,-2.27490625f,0f,0f,0f,1f], start_interpolation: 0, interpolation_duration: 1 }
$data merge entity $(bone_bone11) { transformation: [-0.7827128152620221f,0.6223830402771269f,1.2246467991473532e-16f,0.3674441239395095f,0.6223830402771269f,0.7827128152620221f,0f,0.005239297831357792f,-9.58546743862249e-17f,7.621993981189818e-17f,-1f,-1.93115625f,0f,0f,0f,1f], start_interpolation: 0, interpolation_duration: 1 }
$data merge entity $(bone_arm2) { transformation: [0.17883492365253267f,0.9838790932234474f,1.2246467991473532e-16f,0.2729753579228501f,0.9838790932234474f,-0.17883492365253267f,0f,-0.5144905286928954f,2.1900961682683546e-17f,1.2049043822640953e-16f,-1f,-1.93115625f,0f,0f,0f,1f], start_interpolation: 0, interpolation_duration: 1 }
$data merge entity $(bone_small_arm_base2) { transformation: [-0.26387304996537303f,0.9645574184577982f,1.2246467991473532e-16f,0.27739143833467683f,0.9645574184577982f,0.26387304996537303f,0f,-0.5306329999391731f,-3.231512860213437e-17f,1.1812421551081767e-16f,-1f,-1.83740625f,0f,0f,0f,1f], start_interpolation: 0, interpolation_duration: 1 }
$data merge entity $(bone_bone2) { transformation: [-0.7901550123756903f,-0.6129070536529766f,1.2246467991473532e-16f,2.6414183864572156e-16f,-0.6129070536529766f,0.7901550123756903f,0f,0.4999999999999999f,-9.676608067361264e-17f,-7.505946614309529e-17f,-1f,-2.27490625f,0f,0f,0f,1f], start_interpolation: 0, interpolation_duration: 1 }
$data merge entity $(bone_ring) { transformation: [-1.4216857475544507f,-1.1027725055292403f,2.2034447328268763e-16f,2.220446049250313e-16f,-1.1027725055292403f,1.4216857475544507f,0f,0.4999999999999999f,-1.7410629001359701e-16f,-1.350506819084091e-16f,-1.799249166666667f,-1.93115625f,0f,0f,0f,1f], start_interpolation: 0, interpolation_duration: 1 }
$data merge entity $(bone_wheel) { transformation: [-1f,-3.784366730434194e-17f,1.1647083184890909e-16f,1.0625000000000002f,0f,0.9510565162951524f,0.309016994374951f,-0.625f,-1.2246467991473532e-16f,0.309016994374951f,-0.9510565162951524f,-2.05615625f,0f,0f,0f,1f], start_interpolation: 0, interpolation_duration: 1 }
$data merge entity $(bone_wheel2) { transformation: [-1f,-3.784366730434194e-17f,1.1647083184890909e-16f,1.0625000000000002f,0f,0.9510565162951524f,0.309016994374951f,-0.625f,-1.2246467991473532e-16f,0.309016994374951f,-0.9510565162951524f,-1.8061562499999997f,0f,0f,0f,1f], start_interpolation: 0, interpolation_duration: 1 }
$data merge entity $(bone_rails) { transformation: [-1.1373008333333334f,0f,1.3927918252092842e-16f,-0.43749999999999983f,0f,1.1373008333333334f,0f,-1f,-1.3927918252092842e-16f,0f,-1.1373008333333334f,-1.49365625f,0f,0f,0f,1f], start_interpolation: 0, interpolation_duration: 1 }
$data merge entity $(bone_wheel3) { transformation: [-1f,-3.784366730434194e-17f,1.1647083184890909e-16f,-1.0625f,0f,0.9510565162951524f,0.309016994374951f,-0.625f,-1.2246467991473532e-16f,0.309016994374951f,-0.9510565162951524f,-1.8061562500000001f,0f,0f,0f,1f], start_interpolation: 0, interpolation_duration: 1 }
$data merge entity $(bone_wheel4) { transformation: [-1f,-3.784366730434194e-17f,1.1647083184890909e-16f,-1.0625f,0f,0.9510565162951524f,0.309016994374951f,-0.625f,-1.2246467991473532e-16f,0.309016994374951f,-0.9510565162951524f,-2.05615625f,0f,0f,0f,1f], start_interpolation: 0, interpolation_duration: 1 }
$data merge entity $(bone_rails2) { transformation: [-1.2038220833333333f,0f,1.4742568610970649e-16f,0.4375000000000001f,0f,1.2038220833333333f,0f,-1f,-1.4742568610970649e-16f,0f,-1.2038220833333333f,-1.49365625f,0f,0f,0f,1f], start_interpolation: 0, interpolation_duration: 1 }
$data merge entity $(bone_bone6) { transformation: [-0.9008089655173482f,0.010861097423825669f,-0.4340797671008349f,0.22407550646032684f,0f,0.9996871223957875f,0.025013142865888016f,0.736752777396634f,0.43421562344480985f,0.022532063349358228f,-0.9005271225663641f,-1.2739391675045377f,0f,0f,0f,1f], start_interpolation: 0, interpolation_duration: 1 }
$data merge entity $(bone_bone5) { transformation: [-0.9008089655173482f,-0.07723004212228225f,-0.4272923217626961f,0.16734428437243565f,0f,0.9840556135977134f,-0.17786103942917758f,0.7166086574670554f,0.43421562344480985f,-0.16021881893403775f,-0.8864461192964956f,-1.391631831522703f,0f,0f,0f,1f], start_interpolation: 0, interpolation_duration: 1 }
$data merge entity $(bone_bone4) { transformation: [-0.9008089655173482f,-0.07723004212228225f,-0.4272923217626961f,0.7602595963616413f,0f,0.9840556135977134f,-0.17786103942917758f,0.15481300118394897f,0.43421562344480985f,-0.16021881893403775f,-0.8864461192964956f,-0.5934030020700786f,0f,0f,0f,1f], start_interpolation: 0, interpolation_duration: 1 }
$data merge entity $(bone_bone3) { transformation: [-0.9008089655173482f,-0.43389237101551636f,-0.01675165717469108f,0.8603868037071165f,0f,0.038579121225057134f,-0.9992555485988067f,-0.234375f,0.43421562344480985f,-0.9001383570207614f,-0.03475241828131209f,-0.24174479857748446f,0f,0f,0f,1f], start_interpolation: 0, interpolation_duration: 1 }
$data merge entity $(bone_octagon) { transformation: [-0.9008089655173482f,0f,-0.43421562344480985f,0.859375f,0f,1f,0f,-0.40625f,0.43421562344480985f,0f,-0.9008089655173482f,-0.1718749999999999f,0f,0f,0f,1f], start_interpolation: 0, interpolation_duration: 1 }
$data merge entity $(bone_bone10) { transformation: [-0.9585962530823601f,-0.04097389570822341f,0.2818055419024822f,-0.34214875425463076f,0f,0.9895944415806357f,0.14388481918781376f,-0.13178133653280277f,-0.28476871944871335f,0.13792744854887112f,-0.9486215237703278f,-1.5837616072991483f,0f,0f,0f,1f], start_interpolation: 0, interpolation_duration: 1 }
$data merge entity $(bone_bone9) { transformation: [-0.9585962530823601f,0.23411515131553387f,0.16212131106355113f,-0.3199246157783817f,0f,0.5693087055959074f,-0.8221238335754003f,-0.2384823533923699f,-0.28476871944871335f,-0.7880848264350845f,-0.5457371920314052f,-1.6585731101656094f,0f,0f,0f,1f], start_interpolation: 0, interpolation_duration: 1 }
$data merge entity $(bone_bone8) { transformation: [-0.9585962530823601f,0.23411515131553387f,0.16212131106355113f,-0.8044534353751003f,0f,0.5693087055959074f,-0.8221238335754003f,0.05264549580579586f,-0.28476871944871335f,-0.7880848264350845f,-0.5457371920314052f,-0.6859680027225681f,0f,0f,0f,1f], start_interpolation: 0, interpolation_duration: 1 }
$data merge entity $(bone_bone7) { transformation: [-0.9585962530823601f,0.2783018365759703f,-0.060343279119566835f,-0.8715330879432792f,0f,-0.21190276529102636f,-0.977290754106482f,-0.234375f,-0.28476871944871335f,-0.9368272550585077f,0.20312919682576866f,-0.2406862883004198f,0f,0f,0f,1f], start_interpolation: 0, interpolation_duration: 1 }
$data merge entity $(bone_octagon2) { transformation: [-0.9585962530823601f,0f,0.28476871944871335f,-0.859375f,0f,1f,0f,-0.40625f,-0.28476871944871335f,0f,-0.9585962530823601f,-0.171875f,0f,0f,0f,1f], start_interpolation: 0, interpolation_duration: 1 }