# This file was generated by Animated Java via MC-Build. It is not recommended to edit this file directly.
$data merge entity $(bone_bone21) { transformation: [-0.999662031983827f,0.02599657304274f,1.2246467991473532e-16f,0.26752222154227046f,0.02599657304274f,0.999662031983827f,0f,1.301109244524191f,-1.224232907698133e-16f,3.1836619965591916e-18f,-1f,-1.9321953124999998f,0f,0f,0f,1f], start_interpolation: 0, interpolation_duration: 1 }
$data merge entity $(bone_arm4) { transformation: [-0.901585389556902f,0.4326011850856741f,1.2246467991473532e-16f,-0.2087363160550837f,0.4326011850856741f,0.901585389556902f,0f,1.5296289279155135f,-1.1041236614788797e-16f,5.297836566225225e-17f,-1f,-1.9321953124999998f,0f,0f,0f,1f], start_interpolation: 0, interpolation_duration: 1 }
$data merge entity $(bone_small_arm_base4) { transformation: [-0.20278729535651296f,0.9792228106217659f,1.2246467991473532e-16f,-0.21213008818493456f,0.9792228106217659f,0.20278729535651296f,0f,1.5460168336655253f,-2.483428121661025e-17f,1.1992020806800203e-16f,-1f,-1.8384453124999998f,0f,0f,0f,1f], start_interpolation: 0, interpolation_duration: 1 }
$data merge entity $(bone_bone25) { transformation: [-0.8270805742745616f,-0.562083377852131f,1.2246467991473532e-16f,2.6414183864572156e-16f,-0.562083377852131f,0.8270805742745616f,0f,0.4999999999999999f,-1.0128815779222965e-16f,-6.883536095405445e-17f,-1f,-2.2759453124999998f,0f,0f,0f,1f], start_interpolation: 0, interpolation_duration: 1 }
$data merge entity $(bone_bone16) { transformation: [0.5778887833425512f,-0.8161155274143891f,1.2246467991473532e-16f,-0.5281456825534683f,-0.8161155274143891f,-0.5778887833425512f,0f,0.4572696927301154f,7.077096487836135e-17f,-9.994532683824855e-17f,-1f,-1.9321953124999998f,0f,0f,0f,1f], start_interpolation: 0, interpolation_duration: 1 }
$data merge entity $(bone_arm3) { transformation: [-0.9493372431850148f,-0.31425912668031886f,1.2246467991473532e-16f,-1.0296289279155133f,-0.31425912668031886f,0.9493372431850148f,0f,0.2912636839449162f,-1.1626028161779007e-16f,-3.8485643359189506e-17f,-1f,-1.9321953124999998f,0f,0f,0f,1f], start_interpolation: 0, interpolation_duration: 1 }
$data merge entity $(bone_small_arm_base3) { transformation: [-0.979222810621766f,-0.20278729535651274f,1.2246467991473532e-16f,-1.0460168336655253f,-0.20278729535651274f,0.979222810621766f,0f,0.2878699118150653f,-1.1992020806800203e-16f,-2.4834281216610224e-17f,-1f,-1.8384453124999998f,0f,0f,0f,1f], start_interpolation: 0, interpolation_duration: 1 }
$data merge entity $(bone_bone15) { transformation: [0.5620833778521308f,-0.8270805742745617f,1.2246467991473532e-16f,2.6414183864572156e-16f,-0.8270805742745617f,-0.5620833778521308f,0f,0.4999999999999999f,6.883536095405443e-17f,-1.0128815779222967e-16f,-1f,-2.2759453124999998f,0f,0f,0f,1f], start_interpolation: 0, interpolation_duration: 1 }
$data merge entity $(bone_bone26) { transformation: [-0.6760190238276405f,0.7368841696108857f,1.2246467991473532e-16f,0.5016158048818373f,0.7368841696108857f,0.6760190238276405f,0f,0.6930652524069417f,-8.278845336932381e-17f,9.024228396563267e-17f,-1f,-1.9321953124999998f,0f,0f,0f,1f], start_interpolation: 0, interpolation_duration: 1 }
$data merge entity $(bone_arm5) { transformation: [0.9995598601193842f,0.029666244085111704f,1.2246467991473532e-16f,1.029628927915514f,0.029666244085111704f,-0.9995598601193842f,0f,0.7087363160550841f,1.2241077832513801e-16f,3.633067086155612e-18f,-1f,-1.9321953124999998f,0f,0f,0f,1f], start_interpolation: 0, interpolation_duration: 1 }
$data merge entity $(bone_small_arm_base5) { transformation: [0.9792228106217659f,0.20278729535651324f,1.2246467991473532e-16f,1.0460168336655258f,0.20278729535651324f,-0.9792228106217659f,0f,0.712130088184935f,1.1992020806800203e-16f,2.483428121661028e-17f,-1f,-1.8384453124999998f,0f,0f,0f,1f], start_interpolation: 0, interpolation_duration: 1 }
$data merge entity $(bone_bone20) { transformation: [-0.5620833778521312f,0.8270805742745615f,1.2246467991473532e-16f,2.6414183864572156e-16f,0.8270805742745615f,0.5620833778521312f,0f,0.4999999999999999f,-6.883536095405448e-17f,1.0128815779222964e-16f,-1f,-2.2759453124999998f,0f,0f,0f,1f], start_interpolation: 0, interpolation_duration: 1 }
$data merge entity $(bone_bone11) { transformation: [-0.8633074807749248f,0.5046783070809101f,1.2246467991473532e-16f,0.403196500465847f,0.5046783070809101f,0.8633074807749248f,0f,-0.03847856701717056f,-1.0572467430109768e-16f,6.180526733657417e-17f,-1f,-1.9321953124999998f,0f,0f,0f,1f], start_interpolation: 0, interpolation_duration: 1 }
$data merge entity $(bone_arm2) { transformation: [0.36812455268467736f,0.9297764858882518f,1.2246467991473532e-16f,0.20873631605508416f,0.9297764858882518f,-0.36812455268467736f,0f,-0.5296289279155137f,4.508225551328414e-17f,1.1386477973655218e-16f,-1f,-1.9321953124999998f,0f,0f,0f,1f], start_interpolation: 0, interpolation_duration: 1 }
$data merge entity $(bone_small_arm_base2) { transformation: [-0.20278729535651296f,0.9792228106217659f,1.2246467991473532e-16f,0.212130088184935f,0.9792228106217659f,0.20278729535651296f,0f,-0.5460168336655257f,-2.483428121661025e-17f,1.1992020806800203e-16f,-1f,-1.8384453124999998f,0f,0f,0f,1f], start_interpolation: 0, interpolation_duration: 1 }
$data merge entity $(bone_bone2) { transformation: [-0.8270805742745616f,-0.562083377852131f,1.2246467991473532e-16f,2.6414183864572156e-16f,-0.562083377852131f,0.8270805742745616f,0f,0.4999999999999999f,-1.0128815779222965e-16f,-6.883536095405445e-17f,-1f,-2.2759453124999998f,0f,0f,0f,1f], start_interpolation: 0, interpolation_duration: 1 }
$data merge entity $(bone_ring) { transformation: [-1.4881240340296933f,-1.011328049197632f,2.2034447328268763e-16f,2.220446049250313e-16f,-1.011328049197632f,1.4881240340296933f,0f,0.4999999999999999f,-1.8224263350087107e-16f,-1.238519658337817e-16f,-1.799249166666667f,-1.9321953124999998f,0f,0f,0f,1f], start_interpolation: 0, interpolation_duration: 1 }
$data merge entity $(bone_wheel) { transformation: [-1f,-3.784366730434194e-17f,1.1647083184890909e-16f,1.0625000000000002f,0f,0.9510565162951524f,0.309016994374951f,-0.625f,-1.2246467991473532e-16f,0.309016994374951f,-0.9510565162951524f,-2.0571953124999993f,0f,0f,0f,1f], start_interpolation: 0, interpolation_duration: 1 }
$data merge entity $(bone_wheel2) { transformation: [-1f,-3.784366730434194e-17f,1.1647083184890909e-16f,1.0625000000000002f,0f,0.9510565162951524f,0.309016994374951f,-0.625f,-1.2246467991473532e-16f,0.309016994374951f,-0.9510565162951524f,-1.8071953124999995f,0f,0f,0f,1f], start_interpolation: 0, interpolation_duration: 1 }
$data merge entity $(bone_rails) { transformation: [-1.1373008333333334f,0f,1.3927918252092842e-16f,-0.43749999999999983f,0f,1.1373008333333334f,0f,-1f,-1.3927918252092842e-16f,0f,-1.1373008333333334f,-1.4946953124999998f,0f,0f,0f,1f], start_interpolation: 0, interpolation_duration: 1 }
$data merge entity $(bone_wheel3) { transformation: [-1f,-3.784366730434194e-17f,1.1647083184890909e-16f,-1.0625f,0f,0.9510565162951524f,0.309016994374951f,-0.625f,-1.2246467991473532e-16f,0.309016994374951f,-0.9510565162951524f,-1.8071953125f,0f,0f,0f,1f], start_interpolation: 0, interpolation_duration: 1 }
$data merge entity $(bone_wheel4) { transformation: [-1f,-3.784366730434194e-17f,1.1647083184890909e-16f,-1.0625f,0f,0.9510565162951524f,0.309016994374951f,-0.625f,-1.2246467991473532e-16f,0.309016994374951f,-0.9510565162951524f,-2.0571953125f,0f,0f,0f,1f], start_interpolation: 0, interpolation_duration: 1 }
$data merge entity $(bone_rails2) { transformation: [-1.2038220833333333f,0f,1.4742568610970649e-16f,0.4375000000000001f,0f,1.2038220833333333f,0f,-1f,-1.4742568610970649e-16f,0f,-1.2038220833333333f,-1.4946953124999998f,0f,0f,0f,1f], start_interpolation: 0, interpolation_duration: 1 }
$data merge entity $(bone_bone6) { transformation: [-0.8844792043836589f,0.017466351468244698f,-0.466252574876791f,0.17440783803095283f,0f,0.9992990692618327f,0.03743487908936327f,0.7430558349920605f,0.4665796148706562f,0.03311037207315848f,-0.8838592457220367f,-1.2694137567870394f,0f,0f,0f,1f], start_interpolation: 0, interpolation_duration: 1 }
$data merge entity $(bone_bone5) { transformation: [-0.8844792043836589f,-0.09222599308500458f,-0.4573739205642737f,0.1136500650858977f,0f,0.9802698317436469f,-0.19766400019548905f,0.7202817882216308f,0.4665796148706562f,-0.17482969762819756f,-0.8670282808619241f,-1.3845902131983696f,0f,0f,0f,1f], start_interpolation: 0, interpolation_duration: 1 }
$data merge entity $(bone_bone4) { transformation: [-0.8844792043836589f,-0.09222599308500458f,-0.4573739205642737f,0.7500290251804095f,0f,0.9802698317436469f,-0.19766400019548905f,0.16443217319077547f,0.4665796148706562f,-0.17482969762819756f,-0.8670282808619241f,-0.5800888069057879f,0f,0f,0f,1f], start_interpolation: 0, interpolation_duration: 1 }
$data merge entity $(bone_bone3) { transformation: [-0.8844792043836589f,-0.46557329543486603f,-0.03062749729848619f,0.8578537492075733f,0f,0.06564259629511815f,-0.997843198880283f,-0.234375f,0.4665796148706562f,-0.8825715586452779f,-0.058059511344783814f,-0.24173556323868656f,0f,0f,0f,1f], start_interpolation: 0, interpolation_duration: 1 }
$data merge entity $(bone_octagon) { transformation: [-0.8844792043836589f,0f,-0.4665796148706562f,0.859375f,0f,1f,0f,-0.40625f,0.4665796148706562f,0f,-0.8844792043836589f,-0.1718749999999999f,0f,0f,0f,1f], start_interpolation: 0, interpolation_duration: 1 }
$data merge entity $(bone_bone10) { transformation: [-0.9546743376438858f,-0.03899949109616367f,0.2950863411587333f,-0.3226721626822352f,0f,0.9913792443970447f,0.13102363824419178f,-0.12409913180345841f,-0.29765232914292483f,0.1250849050564659f,-0.9464443234986446f,-1.578302515394707f,0f,0f,0f,1f], start_interpolation: 0, interpolation_duration: 1 }
$data merge entity $(bone_bone9) { transformation: [-0.9546743376438858f,0.24381626836975628f,0.17073528142260183f,-0.299276542557103f,0f,0.5736064015162443f,-0.8191310616376267f,-0.23038997160843344f,-0.29765232914292483f,-0.7820034037124342f,-0.5476073114358133f,-1.6533403899883365f,0f,0f,0f,1f], start_interpolation: 0, interpolation_duration: 1 }
$data merge entity $(bone_bone8) { transformation: [-0.9546743376438858f,0.24381626836975628f,0.17073528142260183f,-0.7981053098939368f,0f,0.5736064015162443f,-0.8191310616376267f,0.05560024656014406f,-0.29765232914292483f,-0.7820034037124342f,-0.5476073114358133f,-0.6833529422624613f,0f,0f,0f,1f], start_interpolation: 0, interpolation_duration: 1 }
$data merge entity $(bone_bone7) { transformation: [-0.9546743376438858f,0.2913052616282206f,-0.0611404415417652f,-0.8706053024799386f,0f,-0.2054089135395516f,-0.9786762376999358f,-0.234375f,-0.29765232914292483f,-0.9343170889939963f,0.19609861847952162f,-0.24084378138845924f,0f,0f,0f,1f], start_interpolation: 0, interpolation_duration: 1 }
$data merge entity $(bone_octagon2) { transformation: [-0.9546743376438858f,0f,0.29765232914292483f,-0.859375f,0f,1f,0f,-0.40625f,-0.29765232914292483f,0f,-0.9546743376438858f,-0.171875f,0f,0f,0f,1f], start_interpolation: 0, interpolation_duration: 1 }