# This file was generated by Animated Java via MC-Build. It is not recommended to edit this file directly.
$data merge entity $(bone_bone21) { transformation: [-0.9885972690060106f,-0.15058366350257846f,1.2246467991473532e-16f,0.29471554705479086f,-0.15058366350257846f,0.9885972690060106f,0f,1.2965217663109305f,-1.210682481134026e-16f,-1.8441180151231477e-17f,-1f,-1.9169375000000004f,0f,0f,0f,1f], start_interpolation: 0, interpolation_duration: 1 }
$data merge entity $(bone_arm4) { transformation: [-0.8916447498146252f,0.4527357287955247f,1.2246467991473532e-16f,-0.1762918910890044f,0.4527357287955247f,0.8916447498146252f,0f,1.535677434328353f,-1.0919498888370233e-16f,5.544413611290835e-17f,-1f,-1.9169375000000004f,0f,0f,0f,1f], start_interpolation: 0, interpolation_duration: 1 }
$data merge entity $(bone_small_arm_base4) { transformation: [-0.17192910027940916f,0.9851093261547741f,1.2246467991473532e-16f,-0.179169232037868f,0.9851093261547741f,0.17192910027940916f,0f,1.5521638545948822f,-2.1055242233746278e-17f,1.2064109830856502e-16f,-1f,-1.8231875000000004f,0f,0f,0f,1f], start_interpolation: 0, interpolation_duration: 1 }
$data merge entity $(bone_bone25) { transformation: [-0.8443279255020153f,-0.5358267949789963f,1.2246467991473532e-16f,2.6414183864572156e-16f,-0.5358267949789963f,0.8443279255020153f,0f,0.4999999999999999f,-1.0340034913967679e-16f,-6.561985693684129e-17f,-1f,-2.2606875000000004f,0f,0f,0f,1f], start_interpolation: 0, interpolation_duration: 1 }
$data merge entity $(bone_bone16) { transformation: [0.4805296499516378f,-0.8769784806466785f,1.2246467991473532e-16f,-0.5461041120454629f,-0.8769784806466785f,-0.4805296499516378f,0f,0.5221051916529906f,5.884790977086716e-17f,-1.0739888892450638e-16f,-1f,-1.9169375000000004f,0f,0f,0f,1f], start_interpolation: 0, interpolation_duration: 1 }
$data merge entity $(bone_arm3) { transformation: [-0.9267910591458095f,-0.3755773324994318f,1.2246467991473532e-16f,-1.035677434328353f,-0.3755773324994318f,0.9267910591458095f,0f,0.3237081089109955f,-1.134991704061301e-16f,-4.599495780777305e-17f,-1f,-1.9169375000000004f,0f,0f,0f,1f], start_interpolation: 0, interpolation_duration: 1 }
$data merge entity $(bone_small_arm_base3) { transformation: [-0.9851093261547741f,-0.17192910027940894f,1.2246467991473532e-16f,-1.0521638545948822f,-0.17192910027940894f,0.9851093261547741f,0f,0.3208307679621319f,-1.2064109830856502e-16f,-2.1055242233746253e-17f,-1f,-1.8231875000000004f,0f,0f,0f,1f], start_interpolation: 0, interpolation_duration: 1 }
$data merge entity $(bone_bone15) { transformation: [0.5358267949789961f,-0.8443279255020154f,1.2246467991473532e-16f,2.6414183864572156e-16f,-0.8443279255020154f,-0.5358267949789961f,0f,0.4999999999999999f,6.561985693684127e-17f,-1.034003491396768e-16f,-1f,-2.2606875000000004f,0f,0f,0f,1f], start_interpolation: 0, interpolation_duration: 1 }
$data merge entity $(bone_bone26) { transformation: [-0.5317270965787813f,0.8469157542305489f,1.2246467991473532e-16f,0.5074326138922457f,0.8469157542305489f,0.5317270965787813f,0f,0.677213853162479f,-6.511778868451201e-17f,1.037172667565908e-16f,-1f,-1.9169375000000004f,0f,0f,0f,1f], start_interpolation: 0, interpolation_duration: 1 }
$data merge entity $(bone_arm5) { transformation: [0.9999984769132878f,-0.0017453283658982188f,1.2246467991473532e-16f,1.0356774343283535f,-0.0017453283658982188f,-0.9999984769132878f,0f,0.6762918910890048f,1.2246449339040863e-16f,-2.137410796758303e-19f,-1f,-1.9169375000000004f,0f,0f,0f,1f], start_interpolation: 0, interpolation_duration: 1 }
$data merge entity $(bone_small_arm_base5) { transformation: [0.9851093261547741f,0.17192910027940944f,1.2246467991473532e-16f,1.0521638545948824f,0.17192910027940944f,-0.9851093261547741f,0f,0.6791692320378684f,1.20641098308565e-16f,2.1055242233746308e-17f,-1f,-1.8231875000000004f,0f,0f,0f,1f], start_interpolation: 0, interpolation_duration: 1 }
$data merge entity $(bone_bone20) { transformation: [-0.5358267949789965f,0.8443279255020152f,1.2246467991473532e-16f,2.6414183864572156e-16f,0.8443279255020152f,0.5358267949789965f,0f,0.4999999999999999f,-6.561985693684132e-17f,1.0340034913967678e-16f,-1f,-2.2606875000000004f,0f,0f,0f,1f], start_interpolation: 0, interpolation_duration: 1 }
$data merge entity $(bone_bone11) { transformation: [-0.8368749538367162f,0.5473941099799982f,1.2246467991473532e-16f,0.3368960253782546f,0.5473941099799982f,0.8368749538367162f,0f,-0.032438174750127335f,-1.0248762335027235e-16f,6.70364444659119e-17f,-1f,-1.9169375000000004f,0f,0f,0f,1f], start_interpolation: 0, interpolation_duration: 1 }
$data merge entity $(bone_arm2) { transformation: [0.3040330609254923f,0.9526614812535857f,1.2246467991473532e-16f,0.17629189108900487f,0.9526614812535857f,-0.3040330609254923f,0f,-0.5356774343283535f,3.7233311489737644e-17f,1.16667383368818e-16f,-1f,-1.9169375000000004f,0f,0f,0f,1f], start_interpolation: 0, interpolation_duration: 1 }
$data merge entity $(bone_small_arm_base2) { transformation: [-0.17192910027940916f,0.9851093261547741f,1.2246467991473532e-16f,0.17916923203786844f,0.9851093261547741f,0.17192910027940916f,0f,-0.5521638545948825f,-2.1055242233746278e-17f,1.2064109830856502e-16f,-1f,-1.8231875000000004f,0f,0f,0f,1f], start_interpolation: 0, interpolation_duration: 1 }
$data merge entity $(bone_bone2) { transformation: [-0.8443279255020153f,-0.5358267949789963f,1.2246467991473532e-16f,2.6414183864572156e-16f,-0.5358267949789963f,0.8443279255020153f,0f,0.4999999999999999f,-1.0340034913967679e-16f,-6.561985693684129e-17f,-1f,-2.2606875000000004f,0f,0f,0f,1f], start_interpolation: 0, interpolation_duration: 1 }
$data merge entity $(bone_ring) { transformation: [-1.5191563163528967f,-0.9640859143436302f,2.2034447328268763e-16f,2.220446049250313e-16f,-0.9640859143436302f,1.5191563163528967f,0f,0.4999999999999999f,-1.8604299202260587e-16f,-1.180664729103976e-16f,-1.799249166666667f,-1.9169375000000004f,0f,0f,0f,1f], start_interpolation: 0, interpolation_duration: 1 }
$data merge entity $(bone_wheel) { transformation: [-1f,-7.198293278059952e-17f,9.907600726170927e-17f,1.0625000000000002f,0f,0.8090169943749483f,0.5877852522924719f,-0.625f,-1.2246467991473532e-16f,0.5877852522924719f,-0.8090169943749483f,-2.0419375000000004f,0f,0f,0f,1f], start_interpolation: 0, interpolation_duration: 1 }
$data merge entity $(bone_wheel2) { transformation: [-1f,-7.198293278059952e-17f,9.907600726170927e-17f,1.0625000000000002f,0f,0.8090169943749483f,0.5877852522924719f,-0.625f,-1.2246467991473532e-16f,0.5877852522924719f,-0.8090169943749483f,-1.7919375000000002f,0f,0f,0f,1f], start_interpolation: 0, interpolation_duration: 1 }
$data merge entity $(bone_rails) { transformation: [-1.1373008333333334f,0f,1.3927918252092842e-16f,-0.43749999999999983f,0f,1.1373008333333334f,0f,-1f,-1.3927918252092842e-16f,0f,-1.1373008333333334f,-1.4794375000000004f,0f,0f,0f,1f], start_interpolation: 0, interpolation_duration: 1 }
$data merge entity $(bone_wheel3) { transformation: [-1f,-7.198293278059952e-17f,9.907600726170927e-17f,-1.0625f,0f,0.8090169943749483f,0.5877852522924719f,-0.625f,-1.2246467991473532e-16f,0.5877852522924719f,-0.8090169943749483f,-1.7919375000000006f,0f,0f,0f,1f], start_interpolation: 0, interpolation_duration: 1 }
$data merge entity $(bone_wheel4) { transformation: [-1f,-7.198293278059952e-17f,9.907600726170927e-17f,-1.0625f,0f,0.8090169943749483f,0.5877852522924719f,-0.625f,-1.2246467991473532e-16f,0.5877852522924719f,-0.8090169943749483f,-2.0419375000000004f,0f,0f,0f,1f], start_interpolation: 0, interpolation_duration: 1 }
$data merge entity $(bone_rails2) { transformation: [-1.2038220833333333f,0f,1.4742568610970649e-16f,0.4375000000000001f,0f,1.2038220833333333f,0f,-1f,-1.4742568610970649e-16f,0f,-1.2038220833333333f,-1.4794375000000004f,0f,0f,0f,1f], start_interpolation: 0, interpolation_duration: 1 }
$data merge entity $(bone_bone6) { transformation: [-0.8755199830490827f,0.018007232796269868f,-0.4828462476283262f,0.1519057201650747f,0f,0.9993053060684829f,0.03726801931113777f,0.7437696165010292f,0.48318191116983467f,0.03262889563556026f,-0.8749117646299365f,-1.2597747738474057f,0f,0f,0f,1f], start_interpolation: 0, interpolation_duration: 1 }
$data merge entity $(bone_bone5) { transformation: [-0.8755199830490827f,-0.10457122303598937f,-0.47173045120544355f,0.08920854581701143f,0f,0.9762998992725825f,-0.2164220568249572f,0.7185031000562704f,0.48318191116983467f,-0.1894818355228341f,-0.8547700712619526f,-1.373381321926867f,0f,0f,0f,1f], start_interpolation: 0, interpolation_duration: 1 }
$data merge entity $(bone_bone4) { transformation: [-0.8755199830490827f,-0.10457122303598937f,-0.47173045120544355f,0.7495526095596402f,0f,0.9762998992725825f,-0.2164220568249572f,0.17702517798914297f,0.48318191116983467f,-0.1894818355228341f,-0.8547700712619526f,-0.5648981927701544f,0f,0f,0f,1f], start_interpolation: 0, interpolation_duration: 1 }
$data merge entity $(bone_bone3) { transformation: [-0.8755199830490827f,-0.48064619154600124f,-0.0494368064710768f,0.8565361300221692f,0f,0.10231510188654425f,-0.9947520394178371f,-0.234375f,0.48318191116983467f,-0.8709252886891452f,-0.0895789162693724f,-0.2416944336646249f,0f,0f,0f,1f], start_interpolation: 0, interpolation_duration: 1 }
$data merge entity $(bone_octagon) { transformation: [-0.8755199830490827f,0f,-0.48318191116983467f,0.859375f,0f,1f,0f,-0.40625f,0.48318191116983467f,0f,-0.8755199830490827f,-0.1718749999999999f,0f,0f,0f,1f], start_interpolation: 0, interpolation_duration: 1 }
$data merge entity $(bone_bone10) { transformation: [-0.9526340718141549f,-0.03466936124416459f,0.302136327855002f,-0.31767055800245164f,0f,0.9934808240491633f,0.11399935195691024f,-0.1172101482622542f,-0.30411893268717033f,0.10859966683888639f,-0.9464236826832364f,-1.5604636832778376f,0f,0f,0f,1f], start_interpolation: 0, interpolation_duration: 1 }
$data merge entity $(bone_bone9) { transformation: [-0.9526340718141549f,0.25028268946982246f,0.17276255546424424f,-0.29398494698352085f,0f,0.5680756338900977f,-0.8229763509241098f,-0.22402803782779868f,-0.30411893268717033f,-0.7839953121875897f,-0.541168204211131f,-1.634657420145842f,0f,0f,0f,1f], start_interpolation: 0, interpolation_duration: 1 }
$data merge entity $(bone_bone8) { transformation: [-0.9526340718141549f,0.25028268946982246f,0.17276255546424424f,-0.7972319792972049f,0f,0.5680756338900977f,-0.8229763509241098f,0.06825713437510428f,-0.30411893268717033f,-0.7839953121875897f,-0.541168204211131f,-0.6748017908297752f,0f,0f,0f,1f], start_interpolation: 0, interpolation_duration: 1 }
$data merge entity $(bone_bone7) { transformation: [-0.9526340718141549f,0.29930825779389464f,-0.05387849325256924f,-0.8701373814512442f,0f,-0.17716257510344136f,-0.9841816001037195f,-0.234375f,-0.30411893268717033f,-0.9375649251113766f,0.16877110529387238f,-0.24091834613485874f,0f,0f,0f,1f], start_interpolation: 0, interpolation_duration: 1 }
$data merge entity $(bone_octagon2) { transformation: [-0.9526340718141549f,0f,0.30411893268717033f,-0.859375f,0f,1f,0f,-0.40625f,-0.30411893268717033f,0f,-0.9526340718141549f,-0.171875f,0f,0f,0f,1f], start_interpolation: 0, interpolation_duration: 1 }