# This file was generated by Animated Java via MC-Build. It is not recommended to edit this file directly.
$data merge entity $(bone_bone21) { transformation: [-0.9471390037268332f,-0.3208234835845745f,1.2246467991473532e-16f,0.3215891416068152f,-0.3208234835845745f,0.9471390037268332f,0f,1.2905556431548098f,-1.1599107492616794e-16f,-3.9289545226315265e-17f,-1f,-1.8927109375f,0f,0f,0f,1f], start_interpolation: 0, interpolation_duration: 1 }
$data merge entity $(bone_arm4) { transformation: [-0.8807694884689566f,0.4735452546295152f,1.2246467991473532e-16f,-0.14367348731039908f,0.4735452546295152f,0.8807694884689566f,0f,1.5407038521523622f,-1.0786315348401594e-16f,5.799256803334541e-17f,-1f,-1.8927109375f,0f,0f,0f,1f], start_interpolation: 0, interpolation_duration: 1 }
$data merge entity $(bone_small_arm_base4) { transformation: [-0.14090123193758242f,0.9900236577165576f,1.2246467991473532e-16f,-0.14603155749014451f,0.9900236577165576f,0.14090123193758242f,0f,1.557272516829035f,-1.7255424268827913e-17f,1.212429303502737e-16f,-1f,-1.7989609375f,0f,0f,0f,1f], start_interpolation: 0, interpolation_duration: 1 }
$data merge entity $(bone_bone25) { transformation: [-0.8607420270039438f,-0.5090414157503711f,1.2246467991473532e-16f,2.6414183864572156e-16f,-0.5090414157503711f,0.8607420270039438f,0f,0.4999999999999999f,-1.0541049682619843e-16f,-6.23395940432129e-17f,-1f,-2.2364609375f,0f,0f,0f,1f], start_interpolation: 0, interpolation_duration: 1 }
$data merge entity $(bone_bone16) { transformation: [0.3669934155500443f,-0.9302235392328624f,1.2246467991473532e-16f,-0.5648895424324372f,-0.9302235392328624f,-0.3669934155500443f,0f,0.5857697148059233f,4.494373116615162e-17f,-1.1391952798130472e-16f,-1f,-1.8927109375f,0f,0f,0f,1f], start_interpolation: 0, interpolation_duration: 1 }
$data merge entity $(bone_arm3) { transformation: [-0.9007444400886904f,-0.4343494602843563f,1.2246467991473532e-16f,-1.0407038521523624f,-0.4343494602843563f,0.9007444400886904f,0f,0.35632651268960086f,-1.1030937954043895e-16f,-5.3192467624861724e-17f,-1f,-1.8927109375f,0f,0f,0f,1f], start_interpolation: 0, interpolation_duration: 1 }
$data merge entity $(bone_small_arm_base3) { transformation: [-0.9900236577165576f,-0.1409012319375822f,1.2246467991473532e-16f,-1.0572725168290351f,-0.1409012319375822f,0.9900236577165576f,0f,0.35396844250985543f,-1.212429303502737e-16f,-1.7255424268827883e-17f,-1f,-1.7989609375f,0f,0f,0f,1f], start_interpolation: 0, interpolation_duration: 1 }
$data merge entity $(bone_bone15) { transformation: [0.5090414157503709f,-0.8607420270039439f,1.2246467991473532e-16f,2.6414183864572156e-16f,-0.8607420270039439f,-0.5090414157503709f,0f,0.4999999999999999f,6.233959404321287e-17f,-1.0541049682619844e-16f,-1f,-2.2364609375f,0f,0f,0f,1f], start_interpolation: 0, interpolation_duration: 1 }
$data merge entity $(bone_bone26) { transformation: [-0.3699269327930455f,0.9290608507489325f,1.2246467991473532e-16f,0.5127486481758241f,0.9290608507489325f,0.3699269327930455f,0f,0.6611875652402328f,-4.5302983416340116e-17f,1.1377713970827968e-16f,-1f,-1.8927109375f,0f,0f,0f,1f], start_interpolation: 0, interpolation_duration: 1 }
$data merge entity $(bone_arm5) { transformation: [0.9994502159417574f,-0.03315517838852608f,1.2246467991473532e-16f,1.0407038521523626f,-0.03315517838852608f,-0.9994502159417574f,0f,0.6436734873103994f,1.2239735078602038e-16f,-4.060338308866793e-18f,-1f,-1.8927109375f,0f,0f,0f,1f], start_interpolation: 0, interpolation_duration: 1 }
$data merge entity $(bone_small_arm_base5) { transformation: [0.9900236577165578f,0.1409012319375827f,1.2246467991473532e-16f,1.0572725168290353f,0.1409012319375827f,-0.9900236577165578f,0f,0.6460315574901448f,1.212429303502737e-16f,1.7255424268827944e-17f,-1f,-1.7989609375f,0f,0f,0f,1f], start_interpolation: 0, interpolation_duration: 1 }
$data merge entity $(bone_bone20) { transformation: [-0.5090414157503713f,0.8607420270039436f,1.2246467991473532e-16f,2.6414183864572156e-16f,0.8607420270039436f,0.5090414157503713f,0f,0.4999999999999999f,-6.233959404321292e-17f,1.0541049682619842e-16f,-1f,-2.2364609375f,0f,0f,0f,1f], start_interpolation: 0, interpolation_duration: 1 }
$data merge entity $(bone_bone11) { transformation: [-0.8083307250146438f,0.5887286633053469f,1.2246467991473532e-16f,0.26967774269240846f,0.5887286633053469f,0.8083307250146438f,0f,-0.027706417502571967f,-9.899196350416429e-17f,7.209846730831928e-17f,-1f,-1.8927109375f,0f,0f,0f,1f], start_interpolation: 0, interpolation_duration: 1 }
$data merge entity $(bone_arm2) { transformation: [0.23853345757858177f,0.971134279909636f,1.2246467991473532e-16f,0.14367348731039956f,0.971134279909636f,-0.23853345757858177f,0f,-0.5407038521523625f,2.9211923531316106e-17f,1.1892964874336053e-16f,-1f,-1.8927109375f,0f,0f,0f,1f], start_interpolation: 0, interpolation_duration: 1 }
$data merge entity $(bone_small_arm_base2) { transformation: [-0.14090123193758242f,0.9900236577165576f,1.2246467991473532e-16f,0.14603155749014496f,0.9900236577165576f,0.14090123193758242f,0f,-0.5572725168290352f,-1.7255424268827913e-17f,1.212429303502737e-16f,-1f,-1.7989609375f,0f,0f,0f,1f], start_interpolation: 0, interpolation_duration: 1 }
$data merge entity $(bone_bone2) { transformation: [-0.8607420270039438f,-0.5090414157503711f,1.2246467991473532e-16f,2.6414183864572156e-16f,-0.5090414157503711f,0.8607420270039438f,0f,0.4999999999999999f,-1.0541049682619843e-16f,-6.23395940432129e-17f,-1f,-2.2364609375f,0f,0f,0f,1f], start_interpolation: 0, interpolation_duration: 1 }
$data merge entity $(bone_ring) { transformation: [-1.5486893748018236f,-0.9158923430876755f,2.2034447328268763e-16f,2.220446049250313e-16f,-0.9158923430876755f,1.5486893748018236f,0f,0.4999999999999999f,-1.8965974857245687e-16f,-1.1216446263258912e-16f,-1.799249166666667f,-1.8927109375f,0f,0f,0f,1f], start_interpolation: 0, interpolation_duration: 1 }
$data merge entity $(bone_wheel) { transformation: [-1f,-9.907600726170932e-17f,7.198293278059947e-17f,1.0625000000000002f,0f,0.5877852522924715f,0.8090169943749487f,-0.625f,-1.2246467991473532e-16f,0.8090169943749487f,-0.5877852522924715f,-2.0177109374999995f,0f,0f,0f,1f], start_interpolation: 0, interpolation_duration: 1 }
$data merge entity $(bone_wheel2) { transformation: [-1f,-9.907600726170932e-17f,7.198293278059947e-17f,1.0625000000000002f,0f,0.5877852522924715f,0.8090169943749487f,-0.625f,-1.2246467991473532e-16f,0.8090169943749487f,-0.5877852522924715f,-1.7677109374999997f,0f,0f,0f,1f], start_interpolation: 0, interpolation_duration: 1 }
$data merge entity $(bone_rails) { transformation: [-1.1373008333333334f,0f,1.3927918252092842e-16f,-0.43749999999999983f,0f,1.1373008333333334f,0f,-1f,-1.3927918252092842e-16f,0f,-1.1373008333333334f,-1.4552109375f,0f,0f,0f,1f], start_interpolation: 0, interpolation_duration: 1 }
$data merge entity $(bone_wheel3) { transformation: [-1f,-9.907600726170932e-17f,7.198293278059947e-17f,-1.0625f,0f,0.5877852522924715f,0.8090169943749487f,-0.625f,-1.2246467991473532e-16f,0.8090169943749487f,-0.5877852522924715f,-1.7677109375000002f,0f,0f,0f,1f], start_interpolation: 0, interpolation_duration: 1 }
$data merge entity $(bone_wheel4) { transformation: [-1f,-9.907600726170932e-17f,7.198293278059947e-17f,-1.0625f,0f,0.5877852522924715f,0.8090169943749487f,-0.625f,-1.2246467991473532e-16f,0.8090169943749487f,-0.5877852522924715f,-2.0177109375000004f,0f,0f,0f,1f], start_interpolation: 0, interpolation_duration: 1 }
$data merge entity $(bone_rails2) { transformation: [-1.2038220833333333f,0f,1.4742568610970649e-16f,0.4375000000000001f,0f,1.2038220833333333f,0f,-1f,-1.4742568610970649e-16f,0f,-1.2038220833333333f,-1.4552109375f,0f,0f,0f,1f], start_interpolation: 0, interpolation_duration: 1 }
$data merge entity $(bone_bone6) { transformation: [-0.8660822537043639f,0.016367829973153974f,-0.4996334896304889f,0.13163858936164222f,0f,0.9994638334175703f,0.032742108824198424f,0.7424404620036245f,0.49990152012008326f,0.02835735940149528f,-0.865617889342292f,-1.2451455723709572f,0f,0f,0f,1f], start_interpolation: 0, interpolation_duration: 1 }
$data merge entity $(bone_bone5) { transformation: [-0.8660822537043639f,-0.11983084308823763f,-0.48532679594591943f,0.06709252096050022f,0f,0.970844809252305f,-0.23970889918368846f,0.7140779165459106f,0.49990152012008326f,-0.20760762363800106f,-0.8408314603944195f,-1.3569720064557917f,0f,0f,0f,1f], start_interpolation: 0, interpolation_duration: 1 }
$data merge entity $(bone_bone4) { transformation: [-0.8660822537043639f,-0.11983084308823763f,-0.48532679594591943f,0.7525252876693143f,0f,0.970844809252305f,-0.23970889918368846f,0.1932520980756926f,0.49990152012008326f,-0.20760762363800106f,-0.8408314603944195f,-0.5445296773017887f,0f,0f,0f,1f], start_interpolation: 0, interpolation_duration: 1 }
$data merge entity $(bone_bone3) { transformation: [-0.8660822537043639f,-0.4940966866407244f,-0.07596047701948536f,0.8551962254207561f,0f,0.15195088224824482f,-0.9883880459536022f,-0.234375f,0.49990152012008326f,-0.8560253463739481f,-0.1316019625499263f,-0.24162706336027523f,0f,0f,0f,1f], start_interpolation: 0, interpolation_duration: 1 }
$data merge entity $(bone_octagon) { transformation: [-0.8660822537043639f,0f,-0.49990152012008326f,0.859375f,0f,1f,0f,-0.40625f,0.49990152012008326f,0f,-0.8660822537043639f,-0.1718749999999999f,0f,0f,0f,1f], start_interpolation: 0, interpolation_duration: 1 }
$data merge entity $(bone_bone10) { transformation: [-0.9505917442287172f,-0.028121794534382072f,0.3091674311378402f,-0.31611108376468605f,0f,0.995888655701348f,0.09058579052678067f,-0.10873897831325678f,-0.31044377237143145f,0.08611010461918983f,-0.9466835342807369f,-1.5333846559416344f,0f,0f,0f,1f], start_interpolation: 0, interpolation_duration: 1 }
$data merge entity $(bone_bone9) { transformation: [-0.9505917442287172f,0.25763900208519913f,0.17319780717072572f,-0.29234283160906527f,0f,0.5579039510043792f,-0.8299055256194546f,-0.21650730760404835f,-0.31044377237143145f,-0.7889013411436476f,-0.5303388898973457f,-1.6061640327069928f,0f,0f,0f,1f], start_interpolation: 0, interpolation_duration: 1 }
$data merge entity $(bone_bone8) { transformation: [-0.9505917442287172f,0.25763900208519913f,0.17319780717072572f,-0.798179636479721f,0f,0.5579039510043792f,-0.8299055256194546f,0.08722834841712601f,-0.31044377237143145f,-0.7889013411436476f,-0.5303388898973457f,-0.6612448017742326f,0f,0f,0f,1f], start_interpolation: 0, interpolation_duration: 1 }
$data merge entity $(bone_bone7) { transformation: [-0.9505917442287172f,0.3076671472778709f,-0.04142779610481377f,-0.8696782562339329f,0f,-0.13344701936957315f,-0.9910559484819093f,-0.234375f,-0.31044377237143145f,-0.9420896026956638f,0.12685363490464593f,-0.24098835190090206f,0f,0f,0f,1f], start_interpolation: 0, interpolation_duration: 1 }
$data merge entity $(bone_octagon2) { transformation: [-0.9505917442287172f,0f,0.31044377237143145f,-0.859375f,0f,1f,0f,-0.40625f,-0.31044377237143145f,0f,-0.9505917442287172f,-0.171875f,0f,0f,0f,1f], start_interpolation: 0, interpolation_duration: 1 }