# This file was generated by Animated Java via MC-Build. It is not recommended to edit this file directly.
$data merge entity $(bone_bone21) { transformation: [-0.8804217514903429f,-0.47419145869856943f,1.2246467991473532e-16f,0.34810431174968226f,-0.47419145869856943f,0.8804217514903429f,0f,1.2832720122021957f,-1.0782056798623549e-16f,-5.807170520782175e-17f,-1f,-1.8605000000000005f,0f,0f,0f,1f], start_interpolation: 0, interpolation_duration: 1 }
$data merge entity $(bone_arm4) { transformation: [-0.8689472949168512f,0.49490463592159545f,1.2246467991473532e-16f,-0.11091329514572906f,0.49490463592159545f,0.8689472949168512f,0f,1.5447032209199962f,-1.064153523347673e-16f,6.060833782645681e-17f,-1f,-1.8605000000000005f,0f,0f,0f,1f], start_interpolation: 0, interpolation_duration: 1 }
$data merge entity $(bone_small_arm_base4) { transformation: [-0.10973431109104531f,0.9939609554551798f,1.2246467991473532e-16f,-0.11274976742578215f,0.9939609554551798f,0.10973431109104531f,0f,1.561337778735136f,-1.3438577283428851e-17f,1.2172511025756309e-16f,-1f,-1.7667500000000005f,0f,0f,0f,1f], start_interpolation: 0, interpolation_duration: 1 }
$data merge entity $(bone_bone25) { transformation: [-0.8763066800438636f,-0.4817536741017153f,1.2246467991473532e-16f,2.6414183864572156e-16f,-0.4817536741017153f,0.8763066800438636f,0f,0.4999999999999999f,-1.0731661707871613e-16f,-5.899780949661428e-17f,-1f,-2.2042500000000005f,0f,0f,0f,1f], start_interpolation: 0, interpolation_duration: 1 }
$data merge entity $(bone_bone16) { transformation: [0.2388300625342932f,-0.9710613787139647f,1.2246467991473532e-16f,-0.5839744173869506f,-0.9710613787139647f,-0.2388300625342932f,0f,0.6474902844089068f,2.924824716227844e-17f,-1.1892072092176726e-16f,-1f,-1.8605000000000005f,0f,0f,0f,1f], start_interpolation: 0, interpolation_duration: 1 }
$data merge entity $(bone_arm3) { transformation: [-0.8721866906764169f,-0.489173156057158f,1.2246467991473532e-16f,-1.044703220919996f,-0.489173156057158f,0.8721866906764169f,0f,0.3890867048542709f,-1.0681206389957965e-16f,-5.990643397942073e-17f,-1f,-1.8605000000000005f,0f,0f,0f,1f], start_interpolation: 0, interpolation_duration: 1 }
$data merge entity $(bone_small_arm_base3) { transformation: [-0.9939609554551798f,-0.10973431109104503f,1.2246467991473532e-16f,-1.0613377787351357f,-0.10973431109104503f,0.9939609554551798f,0f,0.3872502325742178f,-1.2172511025756309e-16f,-1.343857728342882e-17f,-1f,-1.7667500000000005f,0f,0f,0f,1f], start_interpolation: 0, interpolation_duration: 1 }
$data merge entity $(bone_bone15) { transformation: [0.4817536741017151f,-0.8763066800438637f,1.2246467991473532e-16f,2.6414183864572156e-16f,-0.8763066800438637f,-0.4817536741017151f,0f,0.4999999999999999f,5.899780949661426e-17f,-1.0731661707871615e-16f,-1f,-2.2042500000000005f,0f,0f,0f,1f], start_interpolation: 0, interpolation_duration: 1 }
$data merge entity $(bone_bone26) { transformation: [-0.19594614424251816f,0.9806146585466131f,1.2246467991473532e-16f,0.5175586614485478f,0.9806146585466131f,0.19594614424251816f,0f,0.6450022046515056f,-2.3996481835186542e-17f,1.2009066027860844e-16f,-1f,-1.8605000000000005f,0f,0f,0f,1f], start_interpolation: 0, interpolation_duration: 1 }
$data merge entity $(bone_arm5) { transformation: [0.9979156182721792f,-0.06453230825295753f,1.2246467991473532e-16f,1.0447032209199965f,-0.06453230825295753f,-0.9979156182721792f,0f,0.6109132951457293f,1.2220941677361762e-16f,-7.902928474357474e-18f,-1f,-1.8605000000000005f,0f,0f,0f,1f], start_interpolation: 0, interpolation_duration: 1 }
$data merge entity $(bone_small_arm_base5) { transformation: [0.9939609554551798f,0.10973431109104553f,1.2246467991473532e-16f,1.0613377787351361f,0.10973431109104553f,-0.9939609554551798f,0f,0.6127497674257825f,1.2172511025756309e-16f,1.3438577283428882e-17f,-1f,-1.7667500000000005f,0f,0f,0f,1f], start_interpolation: 0, interpolation_duration: 1 }
$data merge entity $(bone_bone20) { transformation: [-0.48175367410171555f,0.8763066800438635f,1.2246467991473532e-16f,2.6414183864572156e-16f,0.8763066800438635f,0.48175367410171555f,0f,0.4999999999999999f,-5.899780949661431e-17f,1.0731661707871612e-16f,-1f,-2.2042500000000005f,0f,0f,0f,1f], start_interpolation: 0, interpolation_duration: 1 }
$data merge entity $(bone_bone11) { transformation: [-0.7777468204835885f,0.6285776668222226f,1.2246467991473532e-16f,0.20173409017851507f,0.6285776668222226f,0.7777468204835885f,0f,-0.024323529232039176f,-9.524651542522575e-17f,7.697856276893463e-17f,-1f,-1.8605000000000005f,0f,0f,0f,1f], start_interpolation: 0, interpolation_duration: 1 }
$data merge entity $(bone_arm2) { transformation: [0.17192910027941188f,0.9851093261547736f,1.2246467991473532e-16f,0.11091329514572949f,0.9851093261547736f,-0.17192910027941188f,0f,-0.5447032209199963f,2.1055242233746613e-17f,1.2064109830856495e-16f,-1f,-1.8605000000000005f,0f,0f,0f,1f], start_interpolation: 0, interpolation_duration: 1 }
$data merge entity $(bone_small_arm_base2) { transformation: [-0.10973431109104531f,0.9939609554551798f,1.2246467991473532e-16f,0.11274976742578256f,0.9939609554551798f,0.10973431109104531f,0f,-0.561337778735136f,-1.3438577283428851e-17f,1.2172511025756309e-16f,-1f,-1.7667500000000005f,0f,0f,0f,1f], start_interpolation: 0, interpolation_duration: 1 }
$data merge entity $(bone_bone2) { transformation: [-0.8763066800438636f,-0.4817536741017153f,1.2246467991473532e-16f,2.6414183864572156e-16f,-0.4817536741017153f,0.8763066800438636f,0f,0.4999999999999999f,-1.0731661707871613e-16f,-5.899780949661428e-17f,-1f,-2.2042500000000005f,0f,0f,0f,1f], start_interpolation: 0, interpolation_duration: 1 }
$data merge entity $(bone_ring) { transformation: [-1.576694063813355f,-0.8667948966661164f,2.2034447328268763e-16f,2.220446049250313e-16f,-0.8667948966661164f,1.576694063813355f,0f,0.4999999999999999f,-1.9308933384836582e-16f,-1.0615175957194202e-16f,-1.799249166666667f,-1.8605000000000005f,0f,0f,0f,1f], start_interpolation: 0, interpolation_duration: 1 }
$data merge entity $(bone_wheel) { transformation: [-1f,-1.1647083184890914e-16f,3.784366730434189e-17f,1.0625000000000002f,0f,0.30901699437495056f,0.9510565162951526f,-0.625f,-1.2246467991473532e-16f,0.9510565162951526f,-0.30901699437495056f,-1.9855000000000003f,0f,0f,0f,1f], start_interpolation: 0, interpolation_duration: 1 }
$data merge entity $(bone_wheel2) { transformation: [-1f,-1.1647083184890914e-16f,3.784366730434189e-17f,1.0625000000000002f,0f,0.30901699437495056f,0.9510565162951526f,-0.625f,-1.2246467991473532e-16f,0.9510565162951526f,-0.30901699437495056f,-1.7355000000000003f,0f,0f,0f,1f], start_interpolation: 0, interpolation_duration: 1 }
$data merge entity $(bone_rails) { transformation: [-1.1373008333333334f,0f,1.3927918252092842e-16f,-0.43749999999999983f,0f,1.1373008333333334f,0f,-1f,-1.3927918252092842e-16f,0f,-1.1373008333333334f,-1.4230000000000005f,0f,0f,0f,1f], start_interpolation: 0, interpolation_duration: 1 }
$data merge entity $(bone_wheel3) { transformation: [-1f,-1.1647083184890914e-16f,3.784366730434189e-17f,-1.0625f,0f,0.30901699437495056f,0.9510565162951526f,-0.625f,-1.2246467991473532e-16f,0.9510565162951526f,-0.30901699437495056f,-1.7355000000000007f,0f,0f,0f,1f], start_interpolation: 0, interpolation_duration: 1 }
$data merge entity $(bone_wheel4) { transformation: [-1f,-1.1647083184890914e-16f,3.784366730434189e-17f,-1.0625f,0f,0.30901699437495056f,0.9510565162951526f,-0.625f,-1.2246467991473532e-16f,0.9510565162951526f,-0.30901699437495056f,-1.9855000000000007f,0f,0f,0f,1f], start_interpolation: 0, interpolation_duration: 1 }
$data merge entity $(bone_rails2) { transformation: [-1.2038220833333333f,0f,1.4742568610970649e-16f,0.4375000000000001f,0f,1.2038220833333333f,0f,-1f,-1.4742568610970649e-16f,0f,-1.2038220833333333f,-1.4230000000000005f,0f,0f,0f,1f], start_interpolation: 0, interpolation_duration: 1 }
$data merge entity $(bone_bone6) { transformation: [-0.8562143742364005f,0.012910242329088356f,-0.5164593604476285f,0.11453749922970209f,0f,0.9996877064544445f,0.024989789191837364f,0.7389895552559533f,0.5166206977570384f,0.021396616715188582f,-0.8559469840137145f,-1.2248536688602212f,0f,0f,0f,1f], start_interpolation: 0, interpolation_duration: 1 }
$data merge entity $(bone_bone5) { transformation: [-0.8562143742364005f,-0.13741065650485942f,-0.49801130190977877f,0.04825511451916964f,0f,0.9639786095910321f,-0.26597977413882534f,0.7071318163431843f,0.5166206977570384f,-0.22773570587381345f,-0.8253723419882608f,-1.3347058888626702f,0f,0f,0f,1f], start_interpolation: 0, interpolation_duration: 1 }
$data merge entity $(bone_bone4) { transformation: [-0.8562143742364005f,-0.13741065650485942f,-0.49801130190977877f,0.7592610611710222f,0f,0.9639786095910321f,-0.26597977413882534f,0.21180344872526613f,0.5166206977570384f,-0.22773570587381345f,-0.8253723419882608f,-0.5192652502667381f,0f,0f,0f,1f], start_interpolation: 0, interpolation_duration: 1 }
$data merge entity $(bone_bone3) { transformation: [-0.8562143742364005f,-0.5048003524112339f,-0.10987970493436613f,0.8538429055850726f,0f,0.21268932005902996f,-0.9771198765416798f,-0.234375f,0.5166206977570384f,-0.8366240836470832f,-0.18210765308110782f,-0.24153279519468238f,0f,0f,0f,1f], start_interpolation: 0, interpolation_duration: 1 }
$data merge entity $(bone_octagon) { transformation: [-0.8562143742364005f,0f,-0.5166206977570384f,0.859375f,0f,1f,0f,-0.40625f,0.5166206977570384f,0f,-0.8562143742364005f,-0.1718749999999999f,0f,0f,0f,1f], start_interpolation: 0, interpolation_duration: 1 }
$data merge entity $(bone_bone10) { transformation: [-0.9485893716582527f,-0.019646367579164575f,0.3158990728348941f,-0.31823026364529367f,0f,0.9980716750247103f,0.06207198654279178f,-0.09879473743326399f,-0.3165094058270645f,0.0588808267122064f,-0.9467601830815899f,-1.4975043105681989f,0f,0f,0f,1f], start_interpolation: 0, interpolation_duration: 1 }
$data merge entity $(bone_bone9) { transformation: [-0.9485893716582527f,0.2655812570072673f,0.17217665318922076f,-0.2945698361024336f,0f,0.5439858974784947f,-0.8390943590231771f,-0.207824918440211f,-0.3165094058270645f,-0.7959559907877799f,-0.516019240680076f,-1.5684154104686874f,0f,0f,0f,1f], start_interpolation: 0, interpolation_duration: 1 }
$data merge entity $(bone_bone8) { transformation: [-0.9485893716582527f,0.2655812570072673f,0.17217665318922076f,-0.8011490543110049f,0f,0.5439858974784947f,-0.8390943590231771f,0.11101800574537657f,-0.3165094058270645f,-0.7959559907877799f,-0.516019240680076f,-0.6425798526599963f,0f,0f,0f,1f], start_interpolation: 0, interpolation_duration: 1 }
$data merge entity $(bone_bone7) { transformation: [-0.9485893716582527f,0.315592661924077f,-0.024072301856628918f,-0.8692365800001288f,0f,-0.07605556553280324f,-0.9971035808538075f,-0.234375f,-0.3165094058270645f,-0.9458418592403071f,0.07214550111987489f,-0.24105275466073656f,0f,0f,0f,1f], start_interpolation: 0, interpolation_duration: 1 }
$data merge entity $(bone_octagon2) { transformation: [-0.9485893716582527f,0f,0.3165094058270645f,-0.859375f,0f,1f,0f,-0.40625f,-0.3165094058270645f,0f,-0.9485893716582527f,-0.171875f,0f,0f,0f,1f], start_interpolation: 0, interpolation_duration: 1 }