# This file was generated by Animated Java via MC-Build. It is not recommended to edit this file directly.
$data merge entity $(bone_bone21) { transformation: [-0.7110147608946119f,-0.7031770828105665f,1.2246467991473532e-16f,0.3999235340116453f,-0.7031770828105665f,0.7110147608946119f,0f,1.26500072358299f,-8.707419510761072e-17f,-8.611435636977336e-17f,-1f,-1.7760624999999992f,0f,0f,0f,1f], start_interpolation: 0, interpolation_duration: 1 }
$data merge entity $(bone_arm4) { transformation: [-0.842449966546571f,0.5387745853932622f,1.2246467991473532e-16f,-0.0450969750979771f,0.5387745853932622f,0.842449966546571f,0f,1.5496060411781698f,-1.031703654973053e-16f,6.598085714638009e-17f,-1f,-1.7760624999999992f,0f,0f,0f,1f], start_interpolation: 0, interpolation_duration: 1 }
$data merge entity $(bone_small_arm_base4) { transformation: [-0.047106450709642145f,0.9988898749619701f,1.2246467991473532e-16f,-0.04588533099213467f,0.9988898749619701f,0.047106450709642145f,0f,1.5663230875418304f,-5.768876408075583e-18f,1.2232872880728766e-16f,-1f,-1.6823124999999992f,0f,0f,0f,1f], start_interpolation: 0, interpolation_duration: 1 }
$data merge entity $(bone_bone25) { transformation: [-0.9048270524660197f,-0.4257792915650722f,1.2246467991473532e-16f,2.6414183864572156e-16f,-0.4257792915650722f,0.9048270524660197f,0f,0.4999999999999999f,-1.1080935535844453e-16f,-5.214292465583933e-17f,-1f,-2.119812499999999f,0f,0f,0f,1f], start_interpolation: 0, interpolation_duration: 1 }
$data merge entity $(bone_bone16) { transformation: [-0.049547056062013706f,-0.9987717903683442f,1.2246467991473532e-16f,-0.6201964867510062f,-0.9987717903683442f,0.049547056062013706f,0f,0.7625568480512007f,-6.067764361351943e-18f,-1.223142676153264e-16f,-1f,-1.7760624999999992f,0f,0f,0f,1f], start_interpolation: 0, interpolation_duration: 1 }
$data merge entity $(bone_arm3) { transformation: [-0.8128975122646087f,-0.5824067603951816f,1.2246467991473532e-16f,-1.0496060411781696f,-0.5824067603951816f,0.8128975122646087f,0f,0.45490302490202283f,-9.955123364296994e-17f,-7.132425749197386e-17f,-1f,-1.7760624999999992f,0f,0f,0f,1f], start_interpolation: 0, interpolation_duration: 1 }
$data merge entity $(bone_small_arm_base3) { transformation: [-0.99888987496197f,-0.04710645070964198f,1.2246467991473532e-16f,-1.0663230875418301f,-0.04710645070964198f,0.99888987496197f,0f,0.4541146690078653f,-1.2232872880728766e-16f,-5.768876408075558e-18f,-1f,-1.6823124999999992f,0f,0f,0f,1f], start_interpolation: 0, interpolation_duration: 1 }
$data merge entity $(bone_bone15) { transformation: [0.425779291565072f,-0.9048270524660198f,1.2246467991473532e-16f,2.6414183864572156e-16f,-0.9048270524660198f,-0.425779291565072f,0f,0.4999999999999999f,5.2142924655839307e-17f,-1.1080935535844454e-16f,-1f,-2.119812499999999f,0f,0f,0f,1f], start_interpolation: 0, interpolation_duration: 1 }
$data merge entity $(bone_bone26) { transformation: [-0.4551564352690877f,0.8904114888258895f,1.2246467991473532e-16f,0.5256421414181734f,0.8904114888258895f,0.4551564352690877f,0f,0.6122182986839781f,-5.574058715636076e-17f,1.0904395797146549e-16f,-1f,-1.7760624999999992f,0f,0f,0f,1f], start_interpolation: 0, interpolation_duration: 1 }
$data merge entity $(bone_arm5) { transformation: [0.9918944425900298f,-0.12706460860135052f,1.2246467991473532e-16f,1.0496060411781702f,-0.12706460860135052f,-0.9918944425900298f,0f,0.5450969750979774f,1.2147203542099281e-16f,-1.5560926620855526e-17f,-1f,-1.7760624999999992f,0f,0f,0f,1f], start_interpolation: 0, interpolation_duration: 1 }
$data merge entity $(bone_small_arm_base5) { transformation: [0.9988898749619701f,0.04710645070964242f,1.2246467991473532e-16f,1.0663230875418306f,0.04710645070964242f,-0.9988898749619701f,0f,0.545885330992135f,1.2232872880728766e-16f,5.768876408075607e-18f,-1f,-1.6823124999999992f,0f,0f,0f,1f], start_interpolation: 0, interpolation_duration: 1 }
$data merge entity $(bone_bone20) { transformation: [-0.42577929156507244f,0.9048270524660196f,1.2246467991473532e-16f,2.6414183864572156e-16f,0.9048270524660196f,0.42577929156507244f,0f,0.4999999999999999f,-5.2142924655839356e-17f,1.1080935535844452e-16f,-1f,-2.119812499999999f,0f,0f,0f,1f], start_interpolation: 0, interpolation_duration: 1 }
$data merge entity $(bone_bone11) { transformation: [-0.7107736280173707f,0.7034208197907029f,1.2246467991473532e-16f,0.0644538539059904f,0.7034208197907029f,0.7107736280173707f,0f,-0.021715189226317655f,-8.704466484698244e-17f,8.614420554102915e-17f,-1f,-1.7760624999999992f,0f,0f,0f,1f], start_interpolation: 0, interpolation_duration: 1 }
$data merge entity $(bone_arm2) { transformation: [0.03664370870655648f,0.9993283937786563f,1.2246467991473532e-16f,0.04509697509797754f,0.9993283937786563f,-0.03664370870655648f,0f,-0.54960604117817f,4.487560057637237e-18f,1.2238243187380972e-16f,-1f,-1.7760624999999992f,0f,0f,0f,1f], start_interpolation: 0, interpolation_duration: 1 }
$data merge entity $(bone_small_arm_base2) { transformation: [-0.047106450709642145f,0.9988898749619701f,1.2246467991473532e-16f,0.045885330992135084f,0.9988898749619701f,0.047106450709642145f,0f,-0.5663230875418305f,-5.768876408075583e-18f,1.2232872880728766e-16f,-1f,-1.6823124999999992f,0f,0f,0f,1f], start_interpolation: 0, interpolation_duration: 1 }
$data merge entity $(bone_bone2) { transformation: [-0.9048270524660197f,-0.4257792915650722f,1.2246467991473532e-16f,2.6414183864572156e-16f,-0.4257792915650722f,0.9048270524660197f,0f,0.4999999999999999f,-1.1080935535844453e-16f,-5.214292465583933e-17f,-1f,-2.119812499999999f,0f,0f,0f,1f], start_interpolation: 0, interpolation_duration: 1 }
$data merge entity $(bone_ring) { transformation: [-1.6280093201269425f,-0.76608303553238f,2.2034447328268763e-16f,2.220446049250313e-16f,-0.76608303553238f,1.6280093201269425f,0f,0.4999999999999999f,-1.993736402875519e-16f,-9.381811373458172e-17f,-1.799249166666667f,-1.7760624999999992f,0f,0f,0f,1f], start_interpolation: 0, interpolation_duration: 1 }
$data merge entity $(bone_wheel) { transformation: [-1f,-1.1647083184890906e-16f,-3.784366730434205e-17f,1.0625000000000002f,0f,-0.3090169943749519f,0.9510565162951521f,-0.625f,-1.2246467991473532e-16f,0.9510565162951521f,0.3090169943749519f,-1.901062499999999f,0f,0f,0f,1f], start_interpolation: 0, interpolation_duration: 1 }
$data merge entity $(bone_wheel2) { transformation: [-1f,-1.1647083184890906e-16f,-3.784366730434205e-17f,1.0625000000000002f,0f,-0.3090169943749519f,0.9510565162951521f,-0.625f,-1.2246467991473532e-16f,0.9510565162951521f,0.3090169943749519f,-1.651062499999999f,0f,0f,0f,1f], start_interpolation: 0, interpolation_duration: 1 }
$data merge entity $(bone_rails) { transformation: [-1.1373008333333334f,0f,1.3927918252092842e-16f,-0.43749999999999983f,0f,1.1373008333333334f,0f,-1f,-1.3927918252092842e-16f,0f,-1.1373008333333334f,-1.3385624999999992f,0f,0f,0f,1f], start_interpolation: 0, interpolation_duration: 1 }
$data merge entity $(bone_wheel3) { transformation: [-1f,-1.1647083184890906e-16f,-3.784366730434205e-17f,-1.0625f,0f,-0.3090169943749519f,0.9510565162951521f,-0.625f,-1.2246467991473532e-16f,0.9510565162951521f,0.3090169943749519f,-1.6510624999999994f,0f,0f,0f,1f], start_interpolation: 0, interpolation_duration: 1 }
$data merge entity $(bone_wheel4) { transformation: [-1f,-1.1647083184890906e-16f,-3.784366730434205e-17f,-1.0625f,0f,-0.3090169943749519f,0.9510565162951521f,-0.625f,-1.2246467991473532e-16f,0.9510565162951521f,0.3090169943749519f,-1.9010624999999994f,0f,0f,0f,1f], start_interpolation: 0, interpolation_duration: 1 }
$data merge entity $(bone_rails2) { transformation: [-1.2038220833333333f,0f,1.4742568610970649e-16f,0.4375000000000001f,0f,1.2038220833333333f,0f,-1f,-1.4742568610970649e-16f,0f,-1.2038220833333333f,-1.3385624999999992f,0f,0f,0f,1f], start_interpolation: 0, interpolation_duration: 1 }
$data merge entity $(bone_bone6) { transformation: [-0.8354225528748557f,0.002385256709697775f,-0.5496030100886348f,0.09340297530954433f,0f,0.9999905824937634f,0.004339922094209803f,0.7256876620808919f,0.5496081860271544f,0.003625668795222692f,-0.8354146852777538f,-1.1656016550659387f,0f,0f,0f,1f], start_interpolation: 0, interpolation_duration: 1 }
$data merge entity $(bone_bone5) { transformation: [-0.8354225528748557f,-0.17664377945439771f,-0.520448012128133f,0.02402155615995205f,0f,0.9469437052788353f,-0.3213994695589747f,0.6864479323081951f,0.5496081860271544f,-0.2685043653515831f,-0.7910981276928195f,-1.27106369835721f,0f,0f,0f,1f], start_interpolation: 0, interpolation_duration: 1 }
$data merge entity $(bone_bone4) { transformation: [-0.8354225528748557f,-0.17664377945439771f,-0.520448012128133f,0.7849433539393502f,0f,0.9469437052788353f,-0.3213994695589747f,0.25022791766592084f,0.5496081860271544f,-0.2685043653515831f,-0.7910981276928195f,-0.45558961657771146f,0f,0f,0f,1f], start_interpolation: 0, interpolation_duration: 1 }
$data merge entity $(bone_bone3) { transformation: [-0.8354225528748557f,-0.5129916390504047f,-0.1972529756744839f,0.851131443150642f,0f,0.3588974485629991f,-0.9333769985461231f,-0.234375f,0.5496081860271544f,-0.7797641949200727f,-0.29983102269877293f,-0.24126416536802694f,0f,0f,0f,1f], start_interpolation: 0, interpolation_duration: 1 }
$data merge entity $(bone_octagon) { transformation: [-0.8354225528748557f,0f,-0.5496081860271544f,0.859375f,0f,1f,0f,-0.40625f,0.5496081860271544f,0f,-0.8354225528748557f,-0.1718749999999999f,0f,0f,0f,1f], start_interpolation: 0, interpolation_duration: 1 }
$data merge entity $(bone_bone10) { transformation: [-0.9448864572264242f,0.0016283072823965739f,0.3273941532243527f,-0.3341341350416644f,0f,0.9999876321890199f,-0.004973476550401534f,-0.07549571199013667f,-0.32739820242343554f,-0.004699370637807565f,-0.9448747710493235f,-1.4013960453244991f,0f,0f,0f,1f], start_interpolation: 0, interpolation_duration: 1 }
$data merge entity $(bone_bone9) { transformation: [-0.9448864572264242f,0.2818974125445854f,0.1665035487632762f,-0.31116769921460374f,0f,0.5085658611769998f,-0.8610230919349936f,-0.18754477559172406f,-0.32739820242343554f,-0.8135690589285979f,-0.4805369948338408f,-1.4676782485348976f,0f,0f,0f,1f], start_interpolation: 0, interpolation_duration: 1 }
$data merge entity $(bone_bone8) { transformation: [-0.9448864572264242f,0.2818974125445854f,0.1665035487632762f,-0.8138218803325636f,0f,0.5085658611769998f,-0.8610230919349936f,0.16649861358448764f,-0.32739820242343554f,-0.8135690589285979f,-0.4805369948338408f,-0.5896919728655283f,0f,0f,0f,1f], start_interpolation: 0, interpolation_duration: 1 }
$data merge entity $(bone_bone7) { transformation: [-0.9448864572264242f,0.3265588504899961f,0.023428617474132284f,-0.8684403141368611f,0f,0.07156000644081495f,-0.9974362964511521f,-0.234375f,-0.32739820242343554f,-0.9424640484627744f,-0.06761608096496173f,-0.24116159740238385f,0f,0f,0f,1f], start_interpolation: 0, interpolation_duration: 1 }
$data merge entity $(bone_octagon2) { transformation: [-0.9448864572264242f,0f,0.32739820242343554f,-0.859375f,0f,1f,0f,-0.40625f,-0.32739820242343554f,0f,-0.9448864572264242f,-0.171875f,0f,0f,0f,1f], start_interpolation: 0, interpolation_duration: 1 }