# This file was generated by Animated Java via MC-Build. It is not recommended to edit this file directly.
$data merge entity $(bone_bone21) { transformation: [-0.6327716402548555f,-0.7743384604223011f,1.2246467991473532e-16f,0.42517025647565115f,-0.7743384604223011f,0.6327716402548555f,0f,1.2541381736413089f,-7.749217638293292e-17f,-9.482911170128604e-17f,-1f,-1.7258046875000002f,0f,0f,0f,1f], start_interpolation: 0, interpolation_duration: 1 }
$data merge entity $(bone_arm4) { transformation: [-0.8277892627171953f,0.5610391577511522f,1.2246467991473532e-16f,-0.012105799976682806f,0.5610391577511522f,0.8277892627171953f,0f,1.5505046541770398f,-1.0137494709551606e-16f,6.870748087362754e-17f,-1f,-1.7258046875000002f,0f,0f,0f,1f], start_interpolation: 0, interpolation_duration: 1 }
$data merge entity $(bone_small_arm_base4) { transformation: [-0.015707317311820346f,0.9998766324816607f,1.2246467991473532e-16f,-0.012368671748969452f,0.9998766324816607f,0.015707317311820346f,0f,1.5672382145445156f,-1.92359158691126e-18f,1.2244957175109002e-16f,-1f,-1.6320546875000002f,0f,0f,0f,1f], start_interpolation: 0, interpolation_duration: 1 }
$data merge entity $(bone_bone25) { transformation: [-0.9177546256839813f,-0.39714789063478034f,1.2246467991473532e-16f,2.6414183864572156e-16f,-0.39714789063478034f,0.9177546256839813f,0f,0.4999999999999999f,-1.123925264746565e-16f,-4.8636589305400686e-17f,-1f,-2.0695546875f,0f,0f,0f,1f], start_interpolation: 0, interpolation_duration: 1 }
$data merge entity $(bone_bone16) { transformation: [-0.20135039382653913f,-0.9795192794967835f,1.2246467991473532e-16f,-0.6356546110816665f,-0.9795192794967835f,0.20135039382653913f,0f,0.8149154257494275f,-2.465831153067301e-17f,-1.1995651503388573e-16f,-1f,-1.7258046875000002f,0f,0f,0f,1f], start_interpolation: 0, interpolation_duration: 1 }
$data merge entity $(bone_arm3) { transformation: [-0.785335502012673f,-0.6190703912145235f,1.2246467991473532e-16f,-1.0505046541770398f,-0.6190703912145235f,0.785335502012673f,0f,0.4878942000233171f,-9.617586087965996e-17f,-7.581425730477659e-17f,-1f,-1.7258046875000002f,0f,0f,0f,1f], start_interpolation: 0, interpolation_duration: 1 }
$data merge entity $(bone_small_arm_base3) { transformation: [-0.9998766324816607f,-0.015707317311820124f,1.2246467991473532e-16f,-1.0672382145445156f,-0.015707317311820124f,0.9998766324816607f,0f,0.4876313282510305f,-1.2244957175109002e-16f,-1.9235915869112355e-18f,-1f,-1.6320546875000002f,0f,0f,0f,1f], start_interpolation: 0, interpolation_duration: 1 }
$data merge entity $(bone_bone15) { transformation: [0.3971478906347801f,-0.9177546256839814f,1.2246467991473532e-16f,2.6414183864572156e-16f,-0.9177546256839814f,-0.3971478906347801f,0f,0.4999999999999999f,4.863658930540066e-17f,-1.123925264746565e-16f,-1f,-2.0695546875f,0f,0f,0f,1f], start_interpolation: 0, interpolation_duration: 1 }
$data merge entity $(bone_bone26) { transformation: [-0.5730401797790894f,0.8195272737125648f,1.2246467991473532e-16f,0.5289076306962758f,0.8195272737125648f,0.5730401797790894f,0f,0.5956521070623197f,-7.017718219492857e-17f,1.0036314525660496e-16f,-1f,-1.7258046875000002f,0f,0f,0f,1f], start_interpolation: 0, interpolation_duration: 1 }
$data merge entity $(bone_arm5) { transformation: [0.9874138067509115f,-0.15815806725448342f,1.2246467991473532e-16f,1.0505046541770402f,-0.15815806725448342f,-0.9874138067509115f,0f,0.5121057999766832f,1.2092331578714072e-16f,-1.9368777082253502e-17f,-1f,-1.7258046875000002f,0f,0f,0f,1f], start_interpolation: 0, interpolation_duration: 1 }
$data merge entity $(bone_small_arm_base5) { transformation: [0.9998766324816606f,0.015707317311820568f,1.2246467991473532e-16f,1.067238214544516f,0.015707317311820568f,-0.9998766324816606f,0f,0.5123686717489698f,1.2244957175109004e-16f,1.923591586911285e-18f,-1f,-1.6320546875000002f,0f,0f,0f,1f], start_interpolation: 0, interpolation_duration: 1 }
$data merge entity $(bone_bone20) { transformation: [-0.39714789063478056f,0.9177546256839811f,1.2246467991473532e-16f,2.6414183864572156e-16f,0.9177546256839811f,0.39714789063478056f,0f,0.4999999999999999f,-4.863658930540071e-17f,1.123925264746565e-16f,-1f,-2.0695546875f,0f,0f,0f,1f], start_interpolation: 0, interpolation_duration: 1 }
$data merge entity $(bone_bone11) { transformation: [-0.674553334764213f,0.7382261161449652f,1.2246467991473532e-16f,-0.004486796084266012f,0.7382261161449652f,0.674553334764213f,0f,-0.02251968650504388f,-8.260895822731666e-17f,9.04066250183914e-17f,-1f,-1.7258046875000002f,0f,0f,0f,1f], start_interpolation: 0, interpolation_duration: 1 }
$data merge entity $(bone_arm2) { transformation: [-0.03141075907812632f,0.9995065603657317f,1.2246467991473532e-16f,0.012105799976683249f,0.9995065603657317f,0.03141075907812632f,0f,-0.55050465417704f,-3.846708556381608e-18f,1.2240425098786741e-16f,-1f,-1.7258046875000002f,0f,0f,0f,1f], start_interpolation: 0, interpolation_duration: 1 }
$data merge entity $(bone_small_arm_base2) { transformation: [-0.015707317311820346f,0.9998766324816607f,1.2246467991473532e-16f,0.012368671748969872f,0.9998766324816607f,0.015707317311820346f,0f,-0.567238214544516f,-1.92359158691126e-18f,1.2244957175109002e-16f,-1f,-1.6320546875000002f,0f,0f,0f,1f], start_interpolation: 0, interpolation_duration: 1 }
$data merge entity $(bone_bone2) { transformation: [-0.9177546256839813f,-0.39714789063478034f,1.2246467991473532e-16f,2.6414183864572156e-16f,-0.39714789063478034f,0.9177546256839813f,0f,0.4999999999999999f,-1.123925264746565e-16f,-4.8636589305400686e-17f,-1f,-2.0695546875f,0f,0f,0f,1f], start_interpolation: 0, interpolation_duration: 1 }
$data merge entity $(bone_ring) { transformation: [-1.6512692454663822f,-0.7145680112680531f,2.2034447328268763e-16f,2.220446049250313e-16f,-0.7145680112680531f,1.6512692454663822f,0f,0.4999999999999999f,-2.02222159599087e-16f,-8.750934277725112e-17f,-1.799249166666667f,-1.7258046875000004f,0f,0f,0f,1f], start_interpolation: 0, interpolation_duration: 1 }
$data merge entity $(bone_wheel) { transformation: [-1f,-9.907600726170927e-17f,-7.198293278059948e-17f,1.0625000000000002f,0f,-0.5877852522924716f,0.8090169943749483f,-0.625f,-1.2246467991473532e-16f,0.8090169943749483f,0.5877852522924716f,-1.8508046875000002f,0f,0f,0f,1f], start_interpolation: 0, interpolation_duration: 1 }
$data merge entity $(bone_wheel2) { transformation: [-1f,-9.907600726170927e-17f,-7.198293278059948e-17f,1.0625000000000002f,0f,-0.5877852522924716f,0.8090169943749483f,-0.625f,-1.2246467991473532e-16f,0.8090169943749483f,0.5877852522924716f,-1.6008046875000002f,0f,0f,0f,1f], start_interpolation: 0, interpolation_duration: 1 }
$data merge entity $(bone_rails) { transformation: [-1.1373008333333334f,0f,1.3927918252092842e-16f,-0.43749999999999983f,0f,1.1373008333333334f,0f,-1f,-1.3927918252092842e-16f,0f,-1.1373008333333334f,-1.2883046875000004f,0f,0f,0f,1f], start_interpolation: 0, interpolation_duration: 1 }
$data merge entity $(bone_wheel3) { transformation: [-1f,-9.907600726170927e-17f,-7.198293278059948e-17f,-1.0625f,0f,-0.5877852522924716f,0.8090169943749483f,-0.625f,-1.2246467991473532e-16f,0.8090169943749483f,0.5877852522924716f,-1.6008046875000004f,0f,0f,0f,1f], start_interpolation: 0, interpolation_duration: 1 }
$data merge entity $(bone_wheel4) { transformation: [-1f,-9.907600726170927e-17f,-7.198293278059948e-17f,-1.0625f,0f,-0.5877852522924716f,0.8090169943749483f,-0.625f,-1.2246467991473532e-16f,0.8090169943749483f,0.5877852522924716f,-1.8508046875000004f,0f,0f,0f,1f], start_interpolation: 0, interpolation_duration: 1 }
$data merge entity $(bone_rails2) { transformation: [-1.2038220833333333f,0f,1.4742568610970649e-16f,0.4375000000000001f,0f,1.2038220833333333f,0f,-1f,-1.4742568610970649e-16f,0f,-1.2038220833333333f,-1.2883046875000002f,0f,0f,0f,1f], start_interpolation: 0, interpolation_duration: 1 }
$data merge entity $(bone_bone6) { transformation: [-0.8246359729330476f,-0.0035564651759817933f,-0.5656525998351091f,0.09080378963918857f,0f,0.9999802350975828f,-0.00628724217626031f,0.7161419974400095f,0.5656637801245242f,-0.005184686069086175f,-0.8246196740835128f,-1.1265789898954357f,0f,0f,0f,1f], start_interpolation: 0, interpolation_duration: 1 }
$data merge entity $(bone_bone5) { transformation: [-0.8246359729330476f,-0.19663221696767114f,-0.5303878612818592f,0.020040540272606377f,0f,0.9376380102772368f,-0.3476132357712294f,0.6734062903631212f,0.5656637801245242f,-0.28665437888461265f,-0.7732100328639759f,-1.2297390702111126f,0f,0f,0f,1f], start_interpolation: 0, interpolation_duration: 1 }
$data merge entity $(bone_bone4) { transformation: [-0.8246359729330476f,-0.19663221696767114f,-0.5303878612818592f,0.8040229188594196f,0f,0.9376380102772368f,-0.3476132357712294f,0.2672800218233462f,0.5656637801245242f,-0.28665437888461265f,-0.7732100328639759f,-0.4183028643659052f,0f,0f,0f,1f], start_interpolation: 0, interpolation_duration: 1 }
$data merge entity $(bone_bone3) { transformation: [-0.8246359729330476f,-0.5081010577444208f,-0.24861381149036513f,0.849790887896375f,0f,0.43950809690455295f,-0.8982386279577037f,-0.234375f,0.5656637801245242f,-0.7407198848919467f,-0.3624341871028382f,-0.24109174143720674f,0f,0f,0f,1f], start_interpolation: 0, interpolation_duration: 1 }
$data merge entity $(bone_octagon) { transformation: [-0.8246359729330476f,0f,-0.5656637801245242f,0.859375f,0f,1f,0f,-0.40625f,0.5656637801245242f,0f,-0.8246359729330476f,-0.1718749999999999f,0f,0f,0f,1f], start_interpolation: 0, interpolation_duration: 1 }
$data merge entity $(bone_bone10) { transformation: [-0.943282528581799f,0.013546195223945123f,0.3317145939920078f,-0.3478911461721662f,0f,0.9991672153100555f,-0.040802890210738574f,-0.0628826210639755f,-0.33199107107319586f,-0.03848865345143104f,-0.9424969773337039f,-1.3427612582083668f,0f,0f,0f,1f], start_interpolation: 0, interpolation_duration: 1 }
$data merge entity $(bone_bone9) { transformation: [-0.943282528581799f,0.2895913932068798f,0.16234191157192324f,-0.32544840355905086f,0f,0.4889948125626874f,-0.8722866921412836f,-0.17648702568309238f,-0.33199107107319586f,-0.8228127966112833f,-0.46126026325751457f,-1.4065275725612685f,0f,0f,0f,1f], start_interpolation: 0, interpolation_duration: 1 }
$data merge entity $(bone_bone8) { transformation: [-0.943282528581799f,0.2895913932068798f,0.16234191157192324f,-0.8236470920995924f,0f,0.4889948125626874f,-0.8722866921412836f,0.19483973111198782f,-0.33199107107319586f,-0.8228127966112833f,-0.46126026325751457f,-0.5557754190481199f,0f,0f,0f,1f], start_interpolation: 0, interpolation_duration: 1 }
$data merge entity $(bone_bone7) { transformation: [-0.943282528581799f,0.32787554842018535f,0.05211234038584825f,-0.8681031370761064f,0f,0.1569691022634725f,-0.9876035140351617f,-0.234375f,-0.33199107107319586f,-0.9315891399553574f,-0.1480662116923033f,-0.2412048790073998f,0f,0f,0f,1f], start_interpolation: 0, interpolation_duration: 1 }
$data merge entity $(bone_octagon2) { transformation: [-0.943282528581799f,0f,0.33199107107319586f,-0.859375f,0f,1f,0f,-0.40625f,-0.33199107107319586f,0f,-0.943282528581799f,-0.171875f,0f,0f,0f,1f], start_interpolation: 0, interpolation_duration: 1 }