# This file was generated by Animated Java via MC-Build. It is not recommended to edit this file directly.
$data merge entity $(bone_bone21) { transformation: [-0.574841235417574f,-0.8182649656826311f,1.2246467991473532e-16f,0.4499444777836343f,-0.8182649656826311f,0.574841235417574f,0f,1.2422075308913942f,-7.039774789720422e-17f,-1.0020855710776529e-16f,-1f,-1.6714999999999995f,0f,0f,0f,1f], start_interpolation: 0, interpolation_duration: 1 }
$data merge entity $(bone_arm4) { transformation: [-0.8122114701394769f,0.5833631182838607f,1.2246467991473532e-16f,0.02089732210763749f,0.5833631182838607f,0.8122114701394769f,0f,1.550366545911201f,-9.946721771370765e-17f,7.144137755469488e-17f,-1f,-1.6714999999999995f,0f,0f,0f,1f], start_interpolation: 0, interpolation_duration: 1 }
$data merge entity $(bone_small_arm_base4) { transformation: [0.01570731731182079f,0.9998766324816607f,1.2246467991473532e-16f,0.021160193879924117f,0.9998766324816607f,-0.01570731731182079f,0f,1.567100106278677f,1.9235915869113156e-18f,1.2244957175109002e-16f,-1f,-1.5777499999999995f,0f,0f,0f,1f], start_interpolation: 0, interpolation_duration: 1 }
$data merge entity $(bone_bone25) { transformation: [-0.9297764858882515f,-0.36812455268467786f,1.2246467991473532e-16f,2.6414183864572156e-16f,-0.36812455268467786f,0.9297764858882515f,0f,0.4999999999999999f,-1.1386477973655213e-16f,-4.508225551328419e-17f,-1f,-2.0152499999999995f,0f,0f,0f,1f], start_interpolation: 0, interpolation_duration: 1 }
$data merge entity $(bone_bone16) { transformation: [-0.3514740315648513f,-0.936197631451581f,1.2246467991473532e-16f,-0.6481395563245766f,-0.936197631451581f,0.3514740315648513f,0f,0.8633252549339798f,-4.3043154773931075e-17f,-1.1465114327265118e-16f,-1f,-1.6714999999999995f,0f,0f,0f,1f], start_interpolation: 0, interpolation_duration: 1 }
$data merge entity $(bone_arm3) { transformation: [-0.761439320177284f,-0.6482361928247726f,1.2246467991473532e-16f,-1.050366545911201f,-0.6482361928247726f,0.761439320177284f,0f,0.5208973221076374f,-9.324942262000472e-17f,-7.93860378634324e-17f,-1f,-1.6714999999999995f,0f,0f,0f,1f], start_interpolation: 0, interpolation_duration: 1 }
$data merge entity $(bone_small_arm_base3) { transformation: [-0.9998766324816607f,0.015707317311821067f,1.2246467991473532e-16f,-1.067100106278677f,0.015707317311821067f,0.9998766324816607f,0f,0.5211601938799241f,-1.2244957175109e-16f,1.9235915869113403e-18f,-1f,-1.5777499999999995f,0f,0f,0f,1f], start_interpolation: 0, interpolation_duration: 1 }
$data merge entity $(bone_bone15) { transformation: [0.36812455268467764f,-0.9297764858882516f,1.2246467991473532e-16f,2.6414183864572156e-16f,-0.9297764858882516f,-0.36812455268467764f,0f,0.4999999999999999f,4.5082255513284167e-17f,-1.1386477973655213e-16f,-1f,-2.0152499999999995f,0f,0f,0f,1f], start_interpolation: 0, interpolation_duration: 1 }
$data merge entity $(bone_bone26) { transformation: [-0.680081345565984f,0.7331366608028552f,1.2246467991473532e-16f,0.5316511519986731f,0.7331366608028552f,0.680081345565984f,0f,0.5789915183592097f,-8.328594430072073e-17f,8.978334649897953e-17f,-1f,-1.6714999999999995f,0f,0f,0f,1f], start_interpolation: 0, interpolation_duration: 1 }
$data merge entity $(bone_arm5) { transformation: [0.9819587126964439f,-0.189095442989891f,1.2246467991473532e-16f,1.0503665459112015f,-0.189095442989891f,-0.9819587126964439f,0f,0.4791026778923629f,1.2025525943985553e-16f,-2.3157512899092085e-17f,-1f,-1.6714999999999995f,0f,0f,0f,1f], start_interpolation: 0, interpolation_duration: 1 }
$data merge entity $(bone_small_arm_base5) { transformation: [0.9998766324816607f,-0.015707317311820568f,1.2246467991473532e-16f,1.0671001062786774f,-0.015707317311820568f,-0.9998766324816607f,0f,0.47883980612007626f,1.2244957175109002e-16f,-1.923591586911291e-18f,-1f,-1.5777499999999995f,0f,0f,0f,1f], start_interpolation: 0, interpolation_duration: 1 }
$data merge entity $(bone_bone20) { transformation: [-0.3681245526846781f,0.9297764858882513f,1.2246467991473532e-16f,2.6414183864572156e-16f,0.9297764858882513f,0.3681245526846781f,0f,0.4999999999999999f,-4.5082255513284216e-17f,1.1386477973655213e-16f,-1f,-2.0152499999999995f,0f,0f,0f,1f], start_interpolation: 0, interpolation_duration: 1 }
$data merge entity $(bone_bone11) { transformation: [-0.6366309287387015f,0.7711686330325545f,1.2246467991473532e-16f,-0.07336254538580914f,0.7711686330325545f,0.6366309287387015f,0f,-0.02473279444730203f,-7.796480291180575e-17f,9.444091980461575e-17f,-1f,-1.6714999999999995f,0f,0f,0f,1f], start_interpolation: 0, interpolation_duration: 1 }
$data merge entity $(bone_arm2) { transformation: [-0.09931974974363884f,0.9950555699612265f,1.2246467991473532e-16f,-0.02089732210763704f,0.9950555699612265f,0.09931974974363884f,0f,-0.5503665459112013f,-1.2163161361566343e-17f,1.2185916187267611e-16f,-1f,-1.6714999999999995f,0f,0f,0f,1f], start_interpolation: 0, interpolation_duration: 1 }
$data merge entity $(bone_small_arm_base2) { transformation: [0.01570731731182079f,0.9998766324816607f,1.2246467991473532e-16f,-0.021160193879923694f,0.9998766324816607f,-0.01570731731182079f,0f,-0.5671001062786772f,1.9235915869113156e-18f,1.2244957175109002e-16f,-1f,-1.5777499999999995f,0f,0f,0f,1f], start_interpolation: 0, interpolation_duration: 1 }
$data merge entity $(bone_bone2) { transformation: [-0.9297764858882515f,-0.36812455268467786f,1.2246467991473532e-16f,2.6414183864572156e-16f,-0.36812455268467786f,0.9297764858882515f,0f,0.4999999999999999f,-1.1386477973655213e-16f,-4.508225551328419e-17f,-1f,-2.0152499999999995f,0f,0f,0f,1f], start_interpolation: 0, interpolation_duration: 1 }
$data merge entity $(bone_ring) { transformation: [-1.6728995674206986f,-0.6623477946474462f,2.2034447328268763e-16f,2.220446049250313e-16f,-0.6623477946474462f,1.6728995674206986f,0f,0.4999999999999999f,-2.0487111005367502e-16f,-8.111421066373034e-17f,-1.799249166666667f,-1.6714999999999995f,0f,0f,0f,1f], start_interpolation: 0, interpolation_duration: 1 }
$data merge entity $(bone_wheel) { transformation: [-1f,-7.198293278059944e-17f,-9.907600726170936e-17f,1.0625000000000002f,0f,-0.809016994374949f,0.5877852522924712f,-0.625f,-1.2246467991473532e-16f,0.5877852522924712f,0.809016994374949f,-1.7964999999999993f,0f,0f,0f,1f], start_interpolation: 0, interpolation_duration: 1 }
$data merge entity $(bone_wheel2) { transformation: [-1f,-7.198293278059944e-17f,-9.907600726170936e-17f,1.0625000000000002f,0f,-0.809016994374949f,0.5877852522924712f,-0.625f,-1.2246467991473532e-16f,0.5877852522924712f,0.809016994374949f,-1.5464999999999993f,0f,0f,0f,1f], start_interpolation: 0, interpolation_duration: 1 }
$data merge entity $(bone_rails) { transformation: [-1.1373008333333334f,0f,1.3927918252092842e-16f,-0.43749999999999983f,0f,1.1373008333333334f,0f,-1f,-1.3927918252092842e-16f,0f,-1.1373008333333334f,-1.2339999999999995f,0f,0f,0f,1f], start_interpolation: 0, interpolation_duration: 1 }
$data merge entity $(bone_wheel3) { transformation: [-1f,-7.198293278059944e-17f,-9.907600726170936e-17f,-1.0625f,0f,-0.809016994374949f,0.5877852522924712f,-0.625f,-1.2246467991473532e-16f,0.5877852522924712f,0.809016994374949f,-1.5464999999999998f,0f,0f,0f,1f], start_interpolation: 0, interpolation_duration: 1 }
$data merge entity $(bone_wheel4) { transformation: [-1f,-7.198293278059944e-17f,-9.907600726170936e-17f,-1.0625f,0f,-0.809016994374949f,0.5877852522924712f,-0.625f,-1.2246467991473532e-16f,0.5877852522924712f,0.809016994374949f,-1.7964999999999998f,0f,0f,0f,1f], start_interpolation: 0, interpolation_duration: 1 }
$data merge entity $(bone_rails2) { transformation: [-1.2038220833333333f,0f,1.4742568610970649e-16f,0.4375000000000001f,0f,1.2038220833333333f,0f,-1f,-1.4742568610970649e-16f,0f,-1.2038220833333333f,-1.2339999999999995f,0f,0f,0f,1f], start_interpolation: 0, interpolation_duration: 1 }
$data merge entity $(bone_bone6) { transformation: [-0.8136934354341361f,-0.009069016231400745f,-0.5812234906436491f,0.09409661515027526f,0f,0.9998782904228297f,-0.015601421124992798f,0.7051854117312166f,0.581294239719777f,-0.012694773952850125f,-0.8135944011501631f,-1.081830684898667f,0f,0f,0f,1f], start_interpolation: 0, interpolation_duration: 1 }
$data merge entity $(bone_bone5) { transformation: [-0.8136934354341361f,-0.21563962280011637f,-0.5398171414562685f,0.02202235843782674f,0f,0.9286469821488286f,-0.37096466482115714f,0.6593330651603924f,0.581294239719777f,-0.30185151254300013f,-0.7556339532102231f,-1.1827199515443945f,0f,0f,0f,1f], start_interpolation: 0, interpolation_duration: 1 }
$data merge entity $(bone_bone4) { transformation: [-0.8136934354341361f,-0.21563962280011637f,-0.5398171414562685f,0.8270479722709174f,0f,0.9286469821488286f,-0.37096466482115714f,0.2811720943704107f,0.581294239719777f,-0.30185151254300013f,-0.7556339532102231f,-0.37840429626160765f,0f,0f,0f,1f], start_interpolation: 0, interpolation_duration: 1 }
$data merge entity $(bone_bone3) { transformation: [-0.8136934354341361f,-0.4959526047737798f,-0.3032062119243215f,0.8484720298748307f,0f,0.5216053956951084f,-0.85318685595932f,-0.234375f,0.581294239719777f,-0.6942325438927885f,-0.4244268863641347f,-0.24089628470587643f,0f,0f,0f,1f], start_interpolation: 0, interpolation_duration: 1 }
$data merge entity $(bone_octagon) { transformation: [-0.8136934354341361f,0f,-0.581294239719777f,0.859375f,0f,1f,0f,-0.40625f,0.581294239719777f,0f,-0.8136934354341361f,-0.1718749999999999f,0f,0f,0f,1f], start_interpolation: 0, interpolation_duration: 1 }
$data merge entity $(bone_bone10) { transformation: [-0.9419105726878281f,0.02564262004709872f,0.3348834559903012f,-0.36518796010692667f,0f,0.9970812106839573f,-0.07634827634605629f,-0.05018744300242477f,-0.3358637715784301f,-0.07191324869684251f,-0.9391613341715992f,-1.2786630170987174f,0f,0f,0f,1f], start_interpolation: 0, interpolation_duration: 1 }
$data merge entity $(bone_bone9) { transformation: [-0.9419105726878281f,0.29653462716507323f,0.1577076027050025f,-0.3433339389559368f,0f,0.4695582437005267f,-0.8829014983410532f,-0.1652609900462671f,-0.3358637715784301f,-0.831614255929363f,-0.4422818742342538f,-1.339951358741287f,0f,0f,0f,1f], start_interpolation: 0, interpolation_duration: 1 }
$data merge entity $(bone_bone8) { transformation: [-0.9419105726878281f,0.29653462716507323f,0.1577076027050025f,-0.835663548409159f,0f,0.4695582437005267f,-0.8829014983410532f,0.22147687407433042f,-0.3358637715784301f,-0.831614255929363f,-0.4422818742342538f,-0.5175034266732266f,0f,0f,0f,1f], start_interpolation: 0, interpolation_duration: 1 }
$data merge entity $(bone_bone7) { transformation: [-0.9419105726878281f,0.32550428235249756f,0.0827733968680363f,-0.8678182196728428f,0f,0.24644931627794586f,-0.9691556812536019f,-0.234375f,-0.3358637715784301f,-0.9128579827532423f,-0.23213321663388364f,-0.24124015365481521f,0f,0f,0f,1f], start_interpolation: 0, interpolation_duration: 1 }
$data merge entity $(bone_octagon2) { transformation: [-0.9419105726878281f,0f,0.3358637715784301f,-0.859375f,0f,1f,0f,-0.40625f,-0.3358637715784301f,0f,-0.9419105726878281f,-0.171875f,0f,0f,0f,1f], start_interpolation: 0, interpolation_duration: 1 }