# This file was generated by Animated Java via MC-Build. It is not recommended to edit this file directly.
$data merge entity $(bone_bone21) { transformation: [-0.5472407941810332f,-0.8369752165889456f,1.2246467991473532e-16f,0.4742293072949831f,-0.8369752165889456f,0.5472407941810332f,0f,1.2292703783242296f,-6.701766869566579e-17f,-1.0249990199613147e-16f,-1f,-1.6141328125000007f,0f,0f,0f,1f], start_interpolation: 0, interpolation_duration: 1 }
$data merge entity $(bone_arm4) { transformation: [-0.7957462709454172f,0.6056301447884368f,1.2246467991473532e-16f,0.053879821058001855f,0.6056301447884368f,0.7957462709454172f,0f,1.5491918526768378f,-9.745081236467476e-17f,7.416830182823072e-17f,-1f,-1.6141328125000007f,0f,0f,0f,1f], start_interpolation: 0, interpolation_duration: 1 }
$data merge entity $(bone_small_arm_base4) { transformation: [0.047106450709642644f,0.9988898749619701f,1.2246467991473532e-16f,0.054668176952159406f,0.9988898749619701f,-0.047106450709642644f,0f,1.5659088990404983f,5.768876408075644e-18f,1.2232872880728766e-16f,-1f,-1.5203828125000007f,0f,0f,0f,1f], start_interpolation: 0, interpolation_duration: 1 }
$data merge entity $(bone_bone25) { transformation: [-0.9408807689542255f,-0.3387379202452914f,1.2246467991473532e-16f,2.6414183864572156e-16f,-0.3387379202452914f,0.9408807689542255f,0f,0.4999999999999999f,-1.1522466220790926e-16f,-4.148343097782276e-17f,-1f,-1.9578828125000007f,0f,0f,0f,1f], start_interpolation: 0, interpolation_duration: 1 }
$data merge entity $(bone_bone16) { transformation: [-0.4945535086081299f,-0.8691471838091571f,1.2246467991473532e-16f,-0.6567512921624179f,-0.8691471838091571f,0.4945535086081299f,0f,0.9074810750076572f,-6.056533713240393e-17f,-1.0643983166398208e-16f,-1f,-1.6141328125000007f,0f,0f,0f,1f], start_interpolation: 0, interpolation_duration: 1 }
$data merge entity $(bone_arm3) { transformation: [-0.7429130350382357f,-0.6693879460897675f,1.2246467991473532e-16f,-1.0491918526768376f,-0.6693879460897675f,0.7429130350382357f,0f,0.5538798210580017f,-9.098060704044208e-17f,-8.19763805566655e-17f,-1f,-1.6141328125000007f,0f,0f,0f,1f], start_interpolation: 0, interpolation_duration: 1 }
$data merge entity $(bone_small_arm_base3) { transformation: [-0.99888987496197f,0.04710645070964292f,1.2246467991473532e-16f,-1.0659088990404981f,0.04710645070964292f,0.99888987496197f,0f,0.5546681769521593f,-1.2232872880728766e-16f,5.768876408075663e-18f,-1f,-1.5203828125000007f,0f,0f,0f,1f], start_interpolation: 0, interpolation_duration: 1 }
$data merge entity $(bone_bone15) { transformation: [0.3387379202452912f,-0.9408807689542256f,1.2246467991473532e-16f,2.6414183864572156e-16f,-0.9408807689542256f,-0.3387379202452912f,0f,0.4999999999999999f,4.148343097782273e-17f,-1.1522466220790926e-16f,-1f,-1.9578828125000007f,0f,0f,0f,1f], start_interpolation: 0, interpolation_duration: 1 }
$data merge entity $(bone_bone26) { transformation: [-0.7742545907643725f,0.6328742597706867f,1.2246467991473532e-16f,0.5338699978010691f,0.6328742597706867f,0.7742545907643725f,0f,0.5622529745642406f,-9.481884063047326e-17f,7.75047436490922e-17f,-1f,-1.6141328125000007f,0f,0f,0f,1f], start_interpolation: 0, interpolation_duration: 1 }
$data merge entity $(bone_arm5) { transformation: [0.9755345439458569f,-0.21984620435283705f,1.2246467991473532e-16f,1.0491918526768382f,-0.21984620435283705f,-0.9755345439458569f,0f,0.44612017894199846f,1.1946852567009665e-16f,-2.692339504653969e-17f,-1f,-1.6141328125000007f,0f,0f,0f,1f], start_interpolation: 0, interpolation_duration: 1 }
$data merge entity $(bone_small_arm_base5) { transformation: [0.9988898749619701f,-0.04710645070964237f,1.2246467991473532e-16f,1.0659088990404986f,-0.04710645070964237f,-0.9988898749619701f,0f,0.4453318230478409f,1.2232872880728766e-16f,-5.7688764080756196e-18f,-1f,-1.5203828125000007f,0f,0f,0f,1f], start_interpolation: 0, interpolation_duration: 1 }
$data merge entity $(bone_bone20) { transformation: [-0.33873792024529165f,0.9408807689542253f,1.2246467991473532e-16f,2.6414183864572156e-16f,0.9408807689542253f,0.33873792024529165f,0f,0.4999999999999999f,-4.148343097782278e-17f,1.1522466220790926e-16f,-1f,-1.9578828125000007f,0f,0f,0f,1f], start_interpolation: 0, interpolation_duration: 1 }
$data merge entity $(bone_bone11) { transformation: [-0.5971021002418526f,0.8021652459978361f,1.2246467991473532e-16f,-0.1419746818975145f,0.8021652459978361f,0.5971021002418526f,0f,-0.028343759827005766f,-7.312391758253469e-17f,9.823691008984993e-17f,-1f,-1.6141328125000007f,0f,0f,0f,1f], start_interpolation: 0, interpolation_duration: 1 }
$data merge entity $(bone_arm2) { transformation: [-0.16676874671610029f,0.9859960370705054f,1.2246467991473532e-16f,-0.05387982105800141f,0.9859960370705054f,0.16676874671610029f,0f,-0.549191852676838f,-2.0423281186368786e-17f,1.2074968907703695e-16f,-1f,-1.6141328125000007f,0f,0f,0f,1f], start_interpolation: 0, interpolation_duration: 1 }
$data merge entity $(bone_small_arm_base2) { transformation: [0.047106450709642644f,0.9988898749619701f,1.2246467991473532e-16f,-0.05466817695215899f,0.9988898749619701f,-0.047106450709642644f,0f,-0.5659088990404985f,5.768876408075644e-18f,1.2232872880728766e-16f,-1f,-1.5203828125000007f,0f,0f,0f,1f], start_interpolation: 0, interpolation_duration: 1 }
$data merge entity $(bone_bone2) { transformation: [-0.9408807689542255f,-0.3387379202452914f,1.2246467991473532e-16f,2.6414183864572156e-16f,-0.3387379202452914f,0.9408807689542255f,0f,0.4999999999999999f,-1.1522466220790926e-16f,-4.148343097782276e-17f,-1f,-1.9578828125000007f,0f,0f,0f,1f], start_interpolation: 0, interpolation_duration: 1 }
$data merge entity $(bone_ring) { transformation: [-1.692878939473583f,-0.6094739207197405f,2.2034447328268763e-16f,2.220446049250313e-16f,-0.6094739207197405f,1.692878939473583f,0f,0.4999999999999999f,-2.0731787745702894e-16f,-7.46390286173218e-17f,-1.799249166666667f,-1.6141328125000007f,0f,0f,0f,1f], start_interpolation: 0, interpolation_duration: 1 }
$data merge entity $(bone_wheel) { transformation: [-1f,-3.7843667304342005e-17f,-1.164708318489091e-16f,1.0625000000000002f,0f,-0.9510565162951525f,0.30901699437495156f,-0.625f,-1.2246467991473532e-16f,0.30901699437495156f,0.9510565162951525f,-1.7391328125000005f,0f,0f,0f,1f], start_interpolation: 0, interpolation_duration: 1 }
$data merge entity $(bone_wheel2) { transformation: [-1f,-3.7843667304342005e-17f,-1.164708318489091e-16f,1.0625000000000002f,0f,-0.9510565162951525f,0.30901699437495156f,-0.625f,-1.2246467991473532e-16f,0.30901699437495156f,0.9510565162951525f,-1.4891328125000005f,0f,0f,0f,1f], start_interpolation: 0, interpolation_duration: 1 }
$data merge entity $(bone_rails) { transformation: [-1.1373008333333334f,0f,1.3927918252092842e-16f,-0.43749999999999983f,0f,1.1373008333333334f,0f,-1f,-1.3927918252092842e-16f,0f,-1.1373008333333334f,-1.1766328125000007f,0f,0f,0f,1f], start_interpolation: 0, interpolation_duration: 1 }
$data merge entity $(bone_wheel3) { transformation: [-1f,-3.7843667304342005e-17f,-1.164708318489091e-16f,-1.0625f,0f,-0.9510565162951525f,0.30901699437495156f,-0.625f,-1.2246467991473532e-16f,0.30901699437495156f,0.9510565162951525f,-1.489132812500001f,0f,0f,0f,1f], start_interpolation: 0, interpolation_duration: 1 }
$data merge entity $(bone_wheel4) { transformation: [-1f,-3.7843667304342005e-17f,-1.164708318489091e-16f,-1.0625f,0f,-0.9510565162951525f,0.30901699437495156f,-0.625f,-1.2246467991473532e-16f,0.30901699437495156f,0.9510565162951525f,-1.739132812500001f,0f,0f,0f,1f], start_interpolation: 0, interpolation_duration: 1 }
$data merge entity $(bone_rails2) { transformation: [-1.2038220833333333f,0f,1.4742568610970649e-16f,0.4375000000000001f,0f,1.2038220833333333f,0f,-1f,-1.4742568610970649e-16f,0f,-1.2038220833333333f,-1.1766328125000007f,0f,0f,0f,1f], start_interpolation: 0, interpolation_duration: 1 }
$data merge entity $(bone_bone6) { transformation: [-0.8026823719247163f,-0.013399859655555346f,-0.5962561979237809f,0.10337933249606862f,0f,0.9997475704322549f,-0.02246765263224515f,0.6935018187197038f,0.5964067486215356f,-0.018034388706431148f,-0.8024797511605346f,-1.032150972300321f,0f,0f,0f,1f], start_interpolation: 0, interpolation_duration: 1 }
$data merge entity $(bone_bone5) { transformation: [-0.8026823719247163f,-0.23267406947558647f,-0.5491482379057422f,0.030013781256619576f,0f,0.9207612743735356f,-0.39012648668607786f,0.6450902717689617f,0.5964067486215356f,-0.31314765368383723f,-0.739078843690574f,-1.1308910265041927f,0f,0f,0f,1f], start_interpolation: 0, interpolation_duration: 1 }
$data merge entity $(bone_bone4) { transformation: [-0.8026823719247163f,-0.23267406947558647f,-0.5491482379057422f,0.8535981642554573f,0f,0.9207612743735356f,-0.39012648668607786f,0.2908565589660451f,0.5964067486215356f,-0.31314765368383723f,-0.739078843690574f,-0.3368412154981463f,0f,0f,0f,1f], start_interpolation: 0, interpolation_duration: 1 }
$data merge entity $(bone_bone3) { transformation: [-0.8026823719247163f,-0.476006043573331f,-0.35933168004362726f,0.8471834023338014f,0f,0.602494322665101f,-0.7981231679110193f,-0.234375f,0.5964067486215356f,-0.6406393975068856f,-0.48361157198799853f,-0.24068035913971764f,0f,0f,0f,1f], start_interpolation: 0, interpolation_duration: 1 }
$data merge entity $(bone_octagon) { transformation: [-0.8026823719247163f,0f,-0.5964067486215356f,0.859375f,0f,1f,0f,-0.40625f,0.5964067486215356f,0f,-0.8026823719247163f,-0.1718749999999999f,0f,0f,0f,1f], start_interpolation: 0, interpolation_duration: 1 }
$data merge entity $(bone_bone10) { transformation: [-0.9408215622265188f,0.03736430369386323f,0.3368363057319168f,-0.3855203469917172f,0f,0.9939037820578225f,-0.11025095015988012f,-0.037773084132337625f,-0.33890232818564786f,-0.10372647116637657f,-0.9350861089384861f,-1.210707270041829f,0f,0f,0f,1f], start_interpolation: 0, interpolation_duration: 1 }
$data merge entity $(bone_bone9) { transformation: [-0.9408215622265188f,0.30241817331213433f,0.15296416737329194f,-0.36427308740366193f,0f,0.45135177498544493f,-0.8923461073022554f,-0.15415692904970663f,-0.33890232818564786f,-0.8395384587188608f,-0.42464148205551844f,-1.2696914619347697f,0f,0f,0f,1f], start_interpolation: 0, interpolation_duration: 1 }
$data merge entity $(bone_bone8) { transformation: [-0.9408215622265188f,0.30241817331213433f,0.15296416737329194f,-0.8495794641488491f,0f,0.45135177498544493f,-0.8923461073022554f,0.24507728668925993f,-0.33890232818564786f,-0.8395384587188608f,-0.42464148205551844f,-0.47569661106288363f,0f,0f,0f,1f], start_interpolation: 0, interpolation_duration: 1 }
$data merge entity $(bone_bone7) { transformation: [-0.9408215622265188f,0.3190715440149426f,0.11422844588618512f,-0.8675942783079758f,0f,0.3370541787001585f,-0.9414852524712013f,-0.234375f,-0.33890232818564786f,-0.8857696260431841f,-0.3171078389596594f,-0.2412670453949589f,0f,0f,0f,1f], start_interpolation: 0, interpolation_duration: 1 }
$data merge entity $(bone_octagon2) { transformation: [-0.9408215622265188f,0f,0.33890232818564786f,-0.859375f,0f,1f,0f,-0.40625f,-0.33890232818564786f,0f,-0.9408215622265188f,-0.171875f,0f,0f,0f,1f], start_interpolation: 0, interpolation_duration: 1 }