# This file was generated by Animated Java via MC-Build. It is not recommended to edit this file directly.
$data merge entity $(bone_bone21) { transformation: [-0.21129680874095644f,0.9774219450247102f,1.2246467991473532e-16f,0.7776147019810336f,0.9774219450247102f,0.21129680874095644f,0f,0.5549772097140941f,-2.5876396049466273e-17f,1.1969966563908917e-16f,-1f,-1.9321953125000002f,0f,0f,0f,1f], start_interpolation: 0, interpolation_duration: 1 }
$data merge entity $(bone_arm4) { transformation: [0.19473725202800418f,0.9808554443303976f,1.2246467991473532e-16f,0.8804838033893492f,0.9808554443303976f,-0.19473725202800418f,0f,1.0731098069390577f,2.3848435237084682e-17f,1.2012014803254764e-16f,-1f,-1.9321953125000002f,0f,0f,0f,1f], start_interpolation: 0, interpolation_duration: 1 }
$data merge entity $(bone_small_arm_base4) { transformation: [0.8358073613682704f,0.5490228179981317f,1.2246467991473532e-16f,0.8944715619614481f,0.5490228179981317f,-0.8358073613682704f,0f,1.0822980469375176f,1.0235688098034476e-16f,6.723590367202718e-17f,-1f,-1.8384453125000002f,0f,0f,0f,1f], start_interpolation: 0, interpolation_duration: 1 }
$data merge entity $(bone_bone25) { transformation: [-0.8270805742745617f,0.5620833778521307f,1.2246467991473532e-16f,2.6414183864572156e-16f,0.5620833778521307f,0.8270805742745617f,0f,0.4999999999999999f,-1.0128815779222968e-16f,6.883536095405442e-17f,-1f,-2.2759453125f,0f,0f,0f,1f], start_interpolation: 0, interpolation_duration: 1 }
$data merge entity $(bone_bone16) { transformation: [-0.537970954826878f,-0.8429633751015863f,1.2246467991473532e-16f,-0.5469754435438149f,-0.8429633751015863f,0.537970954826878f,0f,0.8528850587153628f,-6.588244078629813e-17f,-1.0323323991166074e-16f,-1f,-1.9321953125000002f,0f,0f,0f,1f], start_interpolation: 0, interpolation_duration: 1 }
$data merge entity $(bone_arm3) { transformation: [-0.04947388517461465f,0.9987754175417661f,1.2246467991473532e-16f,-0.5731098069390574f,0.9987754175417661f,0.04947388517461465f,0f,1.380483803389349f,-6.058803512047571e-18f,1.2231471181595852e-16f,-1f,-1.9321953125000002f,0f,0f,0f,1f], start_interpolation: 0, interpolation_duration: 1 }
$data merge entity $(bone_small_arm_base3) { transformation: [-0.5490228179981315f,0.8358073613682706f,1.2246467991473532e-16f,-0.5822980469375174f,0.8358073613682706f,0.5490228179981315f,0f,1.3944715619614478f,-6.723590367202717e-17f,1.0235688098034477e-16f,-1f,-1.8384453125000002f,0f,0f,0f,1f], start_interpolation: 0, interpolation_duration: 1 }
$data merge entity $(bone_bone15) { transformation: [-0.5620833778521309f,-0.8270805742745616f,1.2246467991473532e-16f,2.6414183864572156e-16f,-0.8270805742745616f,0.5620833778521309f,0f,0.4999999999999999f,-6.883536095405444e-17f,-1.0128815779222967e-16f,-1f,-2.2759453125f,0f,0f,0f,1f], start_interpolation: 0, interpolation_duration: 1 }
$data merge entity $(bone_bone26) { transformation: [-0.22296656003203477f,0.9748260937764647f,1.2246467991473532e-16f,0.41822495332772175f,0.9748260937764647f,0.22296656003203477f,0f,0.12454502989983618f,-2.730552840601275e-17f,1.1938176554686651e-16f,-1f,-1.9321953125000002f,0f,0f,0f,1f], start_interpolation: 0, interpolation_duration: 1 }
$data merge entity $(bone_arm5) { transformation: [0.29320612662213075f,-0.9560492494172291f,1.2246467991473532e-16f,0.5731098069390583f,-0.9560492494172291f,-0.29320612662213075f,0f,-0.38048380338934884f,3.590739444581859e-17f,-1.1708226531260392e-16f,-1f,-1.9321953125000002f,0f,0f,0f,1f], start_interpolation: 0, interpolation_duration: 1 }
$data merge entity $(bone_small_arm_base5) { transformation: [0.5490228179981319f,-0.8358073613682702f,1.2246467991473532e-16f,0.5822980469375183f,-0.8358073613682702f,-0.5490228179981319f,0f,-0.3944715619614477f,6.723590367202721e-17f,-1.0235688098034473e-16f,-1f,-1.8384453125000002f,0f,0f,0f,1f], start_interpolation: 0, interpolation_duration: 1 }
$data merge entity $(bone_bone20) { transformation: [0.5620833778521305f,0.8270805742745618f,1.2246467991473532e-16f,2.6414183864572156e-16f,0.8270805742745618f,-0.5620833778521305f,0f,0.4999999999999999f,6.883536095405439e-17f,1.0128815779222969e-16f,-1f,-2.2759453125f,0f,0f,0f,1f], start_interpolation: 0, interpolation_duration: 1 }
$data merge entity $(bone_bone11) { transformation: [-0.9701797786633177f,0.24238646223086813f,1.2246467991473532e-16f,-0.3656040705179686f,0.24238646223086813f,0.9701797786633177f,0f,0.044967714249087215f,-1.18812756053752e-16f,2.968378051276837e-17f,-1f,-1.9321953125000002f,0f,0f,0f,1f], start_interpolation: 0, interpolation_duration: 1 }
$data merge entity $(bone_arm2) { transformation: [0.9746975810190196f,0.22352768409231066f,1.2246467991473532e-16f,-0.8804838033893487f,0.22352768409231066f,-0.9746975810190196f,0f,-0.07310980693905797f,1.1936602727316106e-16f,2.7374246284446895e-17f,-1f,-1.9321953125000002f,0f,0f,0f,1f], start_interpolation: 0, interpolation_duration: 1 }
$data merge entity $(bone_small_arm_base2) { transformation: [0.8358073613682704f,0.5490228179981317f,1.2246467991473532e-16f,-0.8944715619614476f,0.5490228179981317f,-0.8358073613682704f,0f,-0.08229804693751797f,1.0235688098034476e-16f,6.723590367202718e-17f,-1f,-1.8384453125000002f,0f,0f,0f,1f], start_interpolation: 0, interpolation_duration: 1 }
$data merge entity $(bone_bone2) { transformation: [-0.8270805742745617f,0.5620833778521307f,1.2246467991473532e-16f,2.6414183864572156e-16f,0.5620833778521307f,0.8270805742745617f,0f,0.4999999999999999f,-1.0128815779222968e-16f,6.883536095405442e-17f,-1f,-2.2759453125f,0f,0f,0f,1f], start_interpolation: 0, interpolation_duration: 1 }
$data merge entity $(bone_ring) { transformation: [-1.4881240340296935f,1.0113280491976315f,2.2034447328268763e-16f,2.220446049250313e-16f,1.0113280491976315f,1.4881240340296935f,0f,0.4999999999999999f,-1.8224263350087112e-16f,1.2385196583378163e-16f,-1.799249166666667f,-1.9321953125000002f,0f,0f,0f,1f], start_interpolation: 0, interpolation_duration: 1 }
$data merge entity $(bone_wheel) { transformation: [-1f,-3.7843667304341524e-17f,1.1647083184890923e-16f,1.0625000000000002f,0f,0.9510565162951535f,0.3090169943749476f,-0.625f,-1.2246467991473532e-16f,0.3090169943749476f,-0.9510565162951535f,-2.0571953125f,0f,0f,0f,1f], start_interpolation: 0, interpolation_duration: 1 }
$data merge entity $(bone_wheel2) { transformation: [-1f,-3.7843667304341524e-17f,1.1647083184890923e-16f,1.0625000000000002f,0f,0.9510565162951535f,0.3090169943749476f,-0.625f,-1.2246467991473532e-16f,0.3090169943749476f,-0.9510565162951535f,-1.8071953125f,0f,0f,0f,1f], start_interpolation: 0, interpolation_duration: 1 }
$data merge entity $(bone_rails) { transformation: [-1.1373008333333334f,0f,1.3927918252092842e-16f,-0.43749999999999983f,0f,1.1373008333333334f,0f,-1f,-1.3927918252092842e-16f,0f,-1.1373008333333334f,-1.4946953125000002f,0f,0f,0f,1f], start_interpolation: 0, interpolation_duration: 1 }
$data merge entity $(bone_wheel3) { transformation: [-1f,-3.7843667304341524e-17f,1.1647083184890923e-16f,-1.0625f,0f,0.9510565162951535f,0.3090169943749476f,-0.625f,-1.2246467991473532e-16f,0.3090169943749476f,-0.9510565162951535f,-1.8071953125000004f,0f,0f,0f,1f], start_interpolation: 0, interpolation_duration: 1 }
$data merge entity $(bone_wheel4) { transformation: [-1f,-3.7843667304341524e-17f,1.1647083184890923e-16f,-1.0625f,0f,0.9510565162951535f,0.3090169943749476f,-0.625f,-1.2246467991473532e-16f,0.3090169943749476f,-0.9510565162951535f,-2.0571953125f,0f,0f,0f,1f], start_interpolation: 0, interpolation_duration: 1 }
$data merge entity $(bone_rails2) { transformation: [-1.2038220833333333f,0f,1.4742568610970649e-16f,0.4375000000000001f,0f,1.2038220833333333f,0f,-1f,-1.4742568610970649e-16f,0f,-1.2038220833333333f,-1.4946953125000002f,0f,0f,0f,1f], start_interpolation: 0, interpolation_duration: 1 }
$data merge entity $(bone_bone6) { transformation: [0.7081550167071479f,0.13436823433588388f,-0.6931534100860761f,0.7083581042048547f,0f,0.981724450674907f,0.19030791614394815f,0.4605720814860219f,0.7060569894225954f,-0.13476750553642014f,0.6952130947695043f,0.11237028808786007f,0f,0f,0f,1f], start_interpolation: 0, interpolation_duration: 1 }
$data merge entity $(bone_bone5) { transformation: [0.7081550167071479f,-0.21925857699502926f,-0.6711498705405625f,0.618915622366474f,0f,0.9505604796709405f,-0.31053948941761234f,0.422779869736018f,0.7060569894225954f,0.21991009731675842f,0.6731441723625294f,0.20207854559322824f,0f,0f,0f,1f], start_interpolation: 0, interpolation_duration: 1 }
$data merge entity $(bone_bone4) { transformation: [0.7081550167071479f,-0.21925857699502926f,-0.6711498705405625f,0.9980394074690304f,0f,0.9505604796709405f,-0.31053948941761234f,0.1614742193354215f,0.7060569894225954f,0.21991009731675842f,0.6731441723625294f,-0.4437310947111207f,0f,0f,0f,1f], start_interpolation: 0, interpolation_duration: 1 }
$data merge entity $(bone_bone3) { transformation: [0.7081550167071479f,-0.04041280792668628f,-0.7048994802579867f,0.7931165938889895f,0f,0.9983606009402225f,-0.057237317287568194f,-0.234375f,0.7060569894225954f,0.04053289338005018f,0.7069940680385814f,-0.14967959237525924f,0f,0f,0f,1f], start_interpolation: 0, interpolation_duration: 1 }
$data merge entity $(bone_octagon) { transformation: [0.7081550167071479f,0f,-0.7060569894225954f,0.859375f,0f,1f,0f,-0.40625f,0.7060569894225954f,0f,0.7081550167071479f,-0.1718749999999999f,0f,0f,0f,1f], start_interpolation: 0, interpolation_duration: 1 }
$data merge entity $(bone_bone10) { transformation: [-0.841189576855935f,0.0806703238446432f,0.5346890635123682f,-0.41174744947204267f,0f,0.9888093079102928f,-0.14918496100467876f,0.7306072580211184f,-0.5407403219558654f,-0.12549283422079494f,-0.8317760833122693f,-0.6948425286555606f,0f,0f,0f,1f], start_interpolation: 0, interpolation_duration: 1 }
$data merge entity $(bone_bone9) { transformation: [-0.841189576855935f,0.04253674894687398f,0.5390646721664883f,-0.34036377930132733f,0f,0.9969011931950695f,-0.07866391171462483f,0.7236160921679573f,-0.5407403219558654f,-0.06617126260905792f,-0.8385828928709373f,-0.8058888051531891f,0f,0f,0f,1f], start_interpolation: 0, interpolation_duration: 1 }
$data merge entity $(bone_bone8) { transformation: [-0.841189576855935f,0.04253674894687398f,0.5390646721664883f,-0.8535051475938527f,0f,0.9969011931950695f,-0.07866391171462483f,0.2875227652928245f,-0.5407403219558654f,-0.06617126260905792f,-0.8385828928709373f,-0.35437971558100057f,0f,0f,0f,1f], start_interpolation: 0, interpolation_duration: 1 }
$data merge entity $(bone_bone7) { transformation: [-0.841189576855935f,0.4441950276621844f,0.30836808069111854f,-0.8518659041545064f,0f,0.570270179918795f,-0.8214571941954035f,-0.234375f,-0.5407403219558654f,-0.6910012295904951f,-0.4797053313394491f,-0.24134748361461672f,0f,0f,0f,1f], start_interpolation: 0, interpolation_duration: 1 }
$data merge entity $(bone_octagon2) { transformation: [-0.841189576855935f,0f,0.5407403219558654f,-0.859375f,0f,1f,0f,-0.40625f,-0.5407403219558654f,0f,-0.841189576855935f,-0.171875f,0f,0f,0f,1f], start_interpolation: 0, interpolation_duration: 1 }