# This file was generated by Animated Java via MC-Build. It is not recommended to edit this file directly.
$data merge entity $(bone_bone21) { transformation: [-0.6353728912688733f,-0.7722054707399013f,1.2246467991473532e-16f,0.5212881387012698f,-0.7722054707399013f,0.6353728912688733f,0f,1.2006166753929122f,-7.78107377557425e-17f,-9.456789580256953e-17f,-1f,-1.4941484374999991f,0f,0f,0f,1f], start_interpolation: 0, interpolation_duration: 1 }
$data merge entity $(bone_arm4) { transformation: [-0.7603192845126742f,0.6495495251311754f,1.2246467991473532e-16f,0.11965280305431936f,0.6495495251311754f,0.7603192845126742f,0f,1.543738370264283f,-9.311225781084521e-17f,7.954687468395772e-17f,-1f,-1.4941484374999991f,0f,0f,0f,1f], start_interpolation: 0, interpolation_duration: 1 }
$data merge entity $(bone_small_arm_base4) { transformation: [0.10973431109104487f,0.9939609554551798f,1.2246467991473532e-16f,0.12148927533437241f,0.9939609554551798f,-0.10973431109104487f,0f,1.5603729280794227f,1.3438577283428795e-17f,1.2172511025756309e-16f,-1f,-1.4003984374999991f,0f,0f,0f,1f], start_interpolation: 0, interpolation_duration: 1 }
$data merge entity $(bone_bone25) { transformation: [-0.960293685676943f,-0.27899110603922966f,1.2246467991473532e-16f,2.6414183864572156e-16f,-0.27899110603922966f,0.960293685676943f,0f,0.4999999999999999f,-1.1760205884056826e-16f,-3.416655650015224e-17f,-1f,-1.8378984374999991f,0f,0f,0f,1f], start_interpolation: 0, interpolation_duration: 1 }
$data merge entity $(bone_bone16) { transformation: [-0.7132332460378299f,-0.7009267698885104f,1.2246467991473532e-16f,-0.6734943378414923f,-0.7009267698885104f,0.7132332460378299f,0f,0.9964323099107193f,-8.734588118057047e-17f,-8.583877251806576e-17f,-1f,-1.4941484374999994f,0f,0f,0f,1f], start_interpolation: 0, interpolation_duration: 1 }
$data merge entity $(bone_arm3) { transformation: [-0.700893703422136f,-0.7132657404524649f,1.2246467991473532e-16f,-1.043738370264283f,-0.7132657404524649f,0.700893703422136f,0f,0.6196528030543192f,-8.583472304384529e-17f,-8.73498605986578e-17f,-1f,-1.4941484374999994f,0f,0f,0f,1f], start_interpolation: 0, interpolation_duration: 1 }
$data merge entity $(bone_small_arm_base3) { transformation: [-0.9939609554551798f,0.10973431109104514f,1.2246467991473532e-16f,-1.0603729280794227f,0.10973431109104514f,0.9939609554551798f,0f,0.6214892753343724f,-1.2172511025756309e-16f,1.343857728342882e-17f,-1f,-1.4003984374999994f,0f,0f,0f,1f], start_interpolation: 0, interpolation_duration: 1 }
$data merge entity $(bone_bone15) { transformation: [0.27899110603922944f,-0.9602936856769431f,1.2246467991473532e-16f,2.6414183864572156e-16f,-0.9602936856769431f,-0.27899110603922944f,0f,0.4999999999999999f,3.416655650015222e-17f,-1.1760205884056826e-16f,-1f,-1.8378984374999991f,0f,0f,0f,1f], start_interpolation: 0, interpolation_duration: 1 }
$data merge entity $(bone_bone26) { transformation: [-0.986581877732646f,0.163267261046196f,1.2246467991473532e-16f,0.5158853305556468f,0.163267261046196f,0.986581877732646f,0f,0.4007091418919018f,-1.2082143386620705e-16f,1.9994472864577936e-17f,-1f,-1.494148437499999f,0f,0f,0f,1f], start_interpolation: 0, interpolation_duration: 1 }
$data merge entity $(bone_arm5) { transformation: [0.9992568129809628f,-0.03854635794895768f,1.2246467991473532e-16f,1.0437383702642835f,-0.03854635794895768f,-0.9992568129809628f,0f,0.380347196945681f,1.2237366575433215e-16f,-4.720567388097926e-18f,-1f,-1.494148437499999f,0f,0f,0f,1f], start_interpolation: 0, interpolation_duration: 1 }
$data merge entity $(bone_small_arm_base5) { transformation: [0.9939609554551798f,-0.10973431109104459f,1.2246467991473532e-16f,1.0603729280794232f,-0.10973431109104459f,-0.9939609554551798f,0f,0.3785107246656279f,1.2172511025756309e-16f,-1.3438577283428777e-17f,-1f,-1.400398437499999f,0f,0f,0f,1f], start_interpolation: 0, interpolation_duration: 1 }
$data merge entity $(bone_bone20) { transformation: [-0.2789911060392299f,0.9602936856769428f,1.2246467991473532e-16f,2.6414183864572156e-16f,0.9602936856769428f,0.2789911060392299f,0f,0.4999999999999999f,-3.416655650015227e-17f,1.1760205884056826e-16f,-1f,-1.8378984374999991f,0f,0f,0f,1f], start_interpolation: 0, interpolation_duration: 1 }
$data merge entity $(bone_bone11) { transformation: [-0.5136279529288816f,0.8580130103734365f,1.2246467991473532e-16f,-0.2776197932601312f,0.8580130103734365f,0.5136279529288816f,0f,-0.0396650915269976f,-6.290128285069624e-17f,1.0507628867806138e-16f,-1f,-1.4941484374999991f,0f,0f,0f,1f], start_interpolation: 0, interpolation_duration: 1 }
$data merge entity $(bone_arm2) { transformation: [-0.2990407922560878f,0.9542403285162766f,1.2246467991473532e-16f,-0.11965280305431891f,0.9542403285162766f,0.2990407922560878f,0f,-0.5437383702642834f,-3.662193490509066e-17f,1.168607363934777e-16f,-1f,-1.4941484374999991f,0f,0f,0f,1f], start_interpolation: 0, interpolation_duration: 1 }
$data merge entity $(bone_small_arm_base2) { transformation: [0.10973431109104487f,0.9939609554551798f,1.2246467991473532e-16f,-0.121489275334372f,0.9939609554551798f,-0.10973431109104487f,0f,-0.5603729280794231f,1.3438577283428795e-17f,1.2172511025756309e-16f,-1f,-1.4003984374999991f,0f,0f,0f,1f], start_interpolation: 0, interpolation_duration: 1 }
$data merge entity $(bone_bone2) { transformation: [-0.960293685676943f,-0.27899110603922966f,1.2246467991473532e-16f,2.6414183864572156e-16f,-0.27899110603922966f,0.960293685676943f,0f,0.4999999999999999f,-1.1760205884056826e-16f,-3.416655650015224e-17f,-1f,-1.8378984374999991f,0f,0f,0f,1f], start_interpolation: 0, interpolation_duration: 1 }
$data merge entity $(bone_ring) { transformation: [-1.727807613709502f,-0.5019745150484957f,2.2034447328268763e-16f,2.220446049250313e-16f,-0.5019745150484957f,1.727807613709502f,0f,0.4999999999999999f,-2.1159540636717677e-16f,-6.147414831076852e-17f,-1.799249166666667f,-1.4941484374999991f,0f,0f,0f,1f], start_interpolation: 0, interpolation_duration: 1 }
$data merge entity $(bone_wheel) { transformation: [-1f,3.784366730434203e-17f,-1.1647083184890906e-16f,1.0625000000000002f,0f,-0.9510565162951521f,-0.3090169943749517f,-0.625f,-1.2246467991473532e-16f,-0.3090169943749517f,0.9510565162951521f,-1.619148437499999f,0f,0f,0f,1f], start_interpolation: 0, interpolation_duration: 1 }
$data merge entity $(bone_wheel2) { transformation: [-1f,3.784366730434203e-17f,-1.1647083184890906e-16f,1.0625000000000002f,0f,-0.9510565162951521f,-0.3090169943749517f,-0.625f,-1.2246467991473532e-16f,-0.3090169943749517f,0.9510565162951521f,-1.369148437499999f,0f,0f,0f,1f], start_interpolation: 0, interpolation_duration: 1 }
$data merge entity $(bone_rails) { transformation: [-1.1373008333333334f,0f,1.3927918252092842e-16f,-0.43749999999999983f,0f,1.1373008333333334f,0f,-1f,-1.3927918252092842e-16f,0f,-1.1373008333333334f,-1.0566484374999991f,0f,0f,0f,1f], start_interpolation: 0, interpolation_duration: 1 }
$data merge entity $(bone_wheel3) { transformation: [-1f,3.784366730434203e-17f,-1.1647083184890906e-16f,-1.0625f,0f,-0.9510565162951521f,-0.3090169943749517f,-0.625f,-1.2246467991473532e-16f,-0.3090169943749517f,0.9510565162951521f,-1.3691484374999991f,0f,0f,0f,1f], start_interpolation: 0, interpolation_duration: 1 }
$data merge entity $(bone_wheel4) { transformation: [-1f,3.784366730434203e-17f,-1.1647083184890906e-16f,-1.0625f,0f,-0.9510565162951521f,-0.3090169943749517f,-0.625f,-1.2246467991473532e-16f,-0.3090169943749517f,0.9510565162951521f,-1.6191484374999991f,0f,0f,0f,1f], start_interpolation: 0, interpolation_duration: 1 }
$data merge entity $(bone_rails2) { transformation: [-1.2038220833333333f,0f,1.4742568610970649e-16f,0.4375000000000001f,0f,1.2038220833333333f,0f,-1f,-1.4742568610970649e-16f,0f,-1.2038220833333333f,-1.056648437499999f,0f,0f,0f,1f], start_interpolation: 0, interpolation_duration: 1 }
$data merge entity $(bone_bone6) { transformation: [-0.7808367183067796f,-0.015194152390824f,-0.6245503639235378f,0.13907547396710293f,0f,0.9997042019544419f,-0.024320949706631678f,0.6720125597799476f,0.6247351593626687f,-0.0189906905550305f,-0.7806057483316045f,-0.9220910092663783f,0f,0f,0f,1f], start_interpolation: 0, interpolation_duration: 1 }
$data merge entity $(bone_bone5) { transformation: [-0.7808367183067796f,-0.2566094924082802f,-0.5696012532902853f,0.06292527892586752f,0f,0.9117483540887488f,-0.41074924079839453f,0.6208448980828263f,0.6247351593626687f,-0.32072808923201956f,-0.7119265927282663f,-1.0172687297825074f,0f,0f,0f,1f], start_interpolation: 0, interpolation_duration: 1 }
$data merge entity $(bone_bone4) { transformation: [-0.7808367183067796f,-0.2566094924082802f,-0.5696012532902853f,0.9145956842193594f,0f,0.9117483540887488f,-0.41074924079839453f,0.2948822838416314f,0.6247351593626687f,-0.32072808923201956f,-0.7119265927282663f,-0.2529200018583122f,0f,0f,0f,1f], start_interpolation: 0, interpolation_duration: 1 }
$data merge entity $(bone_bone3) { transformation: [-0.7808367183067796f,-0.4127765923018524f,-0.46894509720389377f,0.8447301999869201f,0f,0.7506302313484228f,-0.6607225255625945f,-0.234375f,0.6247351593626687f,-0.5159164085716635f,-0.5861196465079612f,-0.240200268624257f,0f,0f,0f,1f], start_interpolation: 0, interpolation_duration: 1 }
$data merge entity $(bone_octagon) { transformation: [-0.7808367183067796f,0f,-0.6247351593626687f,0.859375f,0f,1f,0f,-0.40625f,0.6247351593626687f,0f,-0.7808367183067796f,-0.1718749999999999f,0f,0f,0f,1f], start_interpolation: 0, interpolation_duration: 1 }
$data merge entity $(bone_bone10) { transformation: [-0.9396926207859081f,0.057399134630715096f,0.3371692717080792f,-0.4323823973713665f,0f,0.9858170002198633f,-0.1678238423988378f,-0.01442856606664264f,-0.3420201433256695f,-0.1577028262941252f,-0.9263649605519054f,-1.070920871481039f,0f,0f,0f,1f], start_interpolation: 0, interpolation_duration: 1 }
$data merge entity $(bone_bone9) { transformation: [-0.9396926207859081f,0.3098831711508942f,0.14474183458135775f,-0.41219624151101997f,0f,0.42319681283665056f,-0.9060377793474734f,-0.1327179403124104f,-0.3420201433256695f,-0.8513970154060716f,-0.39767492216271555f,-1.1263818788929325f,0f,0f,0f,1f], start_interpolation: 0, interpolation_duration: 1 }
$data merge entity $(bone_bone8) { transformation: [-0.9396926207859081f,0.3098831711508942f,0.14474183458135775f,-0.8812193099691248f,0f,0.42319681283665056f,-0.9060377793474734f,0.27946795956796944f,-0.3420201433256695f,-0.8513970154060716f,-0.39767492216271555f,-0.3859649141315512f,0f,0f,0f,1f], start_interpolation: 0, interpolation_duration: 1 }
$data merge entity $(bone_bone7) { transformation: [-0.9396926207859081f,0.29416034260003054f,0.1744920378754978f,-0.8673641354417053f,0f,0.5101805881338034f,-0.8600673040474486f,-0.234375f,-0.3420201433256695f,-0.8081988989926174f,-0.4794129339375497f,-0.24129391827804642f,0f,0f,0f,1f], start_interpolation: 0, interpolation_duration: 1 }
$data merge entity $(bone_octagon2) { transformation: [-0.9396926207859081f,0f,0.3420201433256695f,-0.859375f,0f,1f,0f,-0.40625f,-0.3420201433256695f,0f,-0.9396926207859081f,-0.171875f,0f,0f,0f,1f], start_interpolation: 0, interpolation_duration: 1 }