# This file was generated by Animated Java via MC-Build. It is not recommended to edit this file directly.
$data merge entity $(bone_bone21) { transformation: [-0.909531854875327f,-0.41563422015884083f,1.2246467991473532e-16f,0.5663112556376378f,-0.41563422015884083f,0.909531854875327f,0f,1.168639046303454f,-1.113855274795624e-16f,-5.090051173336305e-17f,-1f,-1.3737265624999995f,0f,0f,0f,1f], start_interpolation: 0, interpolation_duration: 1 }
$data merge entity $(bone_arm4) { transformation: [-0.7219325016397254f,0.6919634839181965f,1.2246467991473532e-16f,0.18495357010114757f,0.6919634839181965f,0.7219325016397254f,0f,1.534165729342999f,-8.841123273335308e-17f,8.474108657072703e-17f,-1f,-1.3737265624999995f,0f,0f,0f,1f], start_interpolation: 0, interpolation_duration: 1 }
$data merge entity $(bone_small_arm_base4) { transformation: [0.17192910027940886f,0.9851093261547742f,1.2246467991473532e-16f,0.18783091105001115f,0.9851093261547742f,-0.17192910027940886f,0f,1.5506521496095282f,2.105524223374623e-17f,1.20641098308565e-16f,-1f,-1.2799765624999995f,0f,0f,0f,1f], start_interpolation: 0, interpolation_duration: 1 }
$data merge entity $(bone_bone25) { transformation: [-0.9759167619387472f,-0.21814324139654329f,1.2246467991473532e-16f,2.6414183864572156e-16f,-0.21814324139654329f,0.9759167619387472f,0f,0.4999999999999999f,-1.1951533387425362e-16f,-2.6714842233190513e-17f,-1f,-1.7174765624999995f,0f,0f,0f,1f], start_interpolation: 0, interpolation_duration: 1 }
$data merge entity $(bone_bone16) { transformation: [-0.8573652786630969f,-0.5147084407146925f,1.2246467991473532e-16f,-0.6775176327327539f,-0.5147084407146925f,0.8573652786630969f,0f,1.07462724834479f,-1.0499696442148401e-16f,-6.303360444153734e-17f,-1f,-1.3737265624999995f,0f,0f,0f,1f], start_interpolation: 0, interpolation_duration: 1 }
$data merge entity $(bone_arm3) { transformation: [-0.6751557982335302f,-0.7376751643587065f,1.2246467991473532e-16f,-1.0341657293429989f,-0.7376751643587065f,0.6751557982335302f,0f,0.6849535701011474f,-8.268273872324689e-17f,-9.033915288423876e-17f,-1f,-1.3737265624999995f,0f,0f,0f,1f], start_interpolation: 0, interpolation_duration: 1 }
$data merge entity $(bone_small_arm_base3) { transformation: [-0.9851093261547741f,0.17192910027940905f,1.2246467991473532e-16f,-1.050652149609528f,0.17192910027940905f,0.9851093261547741f,0f,0.687830911050011f,-1.20641098308565e-16f,2.1055242233746256e-17f,-1f,-1.2799765624999995f,0f,0f,0f,1f], start_interpolation: 0, interpolation_duration: 1 }
$data merge entity $(bone_bone15) { transformation: [0.21814324139654306f,-0.9759167619387472f,1.2246467991473532e-16f,2.6414183864572156e-16f,-0.9759167619387472f,-0.21814324139654306f,0f,0.4999999999999999f,2.6714842233190485e-17f,-1.1951533387425362e-16f,-1f,-1.7174765624999995f,0f,0f,0f,1f], start_interpolation: 0, interpolation_duration: 1 }
$data merge entity $(bone_bone26) { transformation: [-0.9512279766726828f,0.30848879460232376f,1.2246467991473532e-16f,0.511428888396178f,0.30848879460232376f,0.9512279766726828f,0f,0.23895677588086028f,-1.164918296891614e-16f,3.7778981488256115e-17f,-1f,-1.3737265624999995f,0f,0f,0f,1f], start_interpolation: 0, interpolation_duration: 1 }
$data merge entity $(bone_arm5) { transformation: [0.9895715481729203f,0.1440421849551381f,1.2246467991473532e-16f,1.0341657293429998f,0.1440421849551381f,-0.9895715481729203f,0f,0.3150464298988528f,1.2118756289972575e-16f,1.7640080074750083e-17f,-1f,-1.3737265624999995f,0f,0f,0f,1f], start_interpolation: 0, interpolation_duration: 1 }
$data merge entity $(bone_small_arm_base5) { transformation: [0.9851093261547743f,-0.17192910027940864f,1.2246467991473532e-16f,1.0506521496095287f,-0.17192910027940864f,-0.9851093261547743f,0f,0.3121690889499892f,1.2064109830856502e-16f,-2.1055242233746207e-17f,-1f,-1.2799765624999995f,0f,0f,0f,1f], start_interpolation: 0, interpolation_duration: 1 }
$data merge entity $(bone_bone20) { transformation: [-0.2181432413965435f,0.9759167619387472f,1.2246467991473532e-16f,2.6414183864572156e-16f,0.9759167619387472f,0.2181432413965435f,0f,0.4999999999999999f,-2.671484223319054e-17f,1.1951533387425362e-16f,-1f,-1.7174765624999995f,0f,0f,0f,1f], start_interpolation: 0, interpolation_duration: 1 }
$data merge entity $(bone_bone11) { transformation: [-0.4249728887073008f,0.9052060781191057f,1.2246467991473532e-16f,-0.4098696180859966f,0.9052060781191057f,0.4249728887073008f,0f,-0.056194797496179505f,-5.2044168787980015e-17f,1.1085577261372914e-16f,-1f,-1.3737265624999995f,0f,0f,0f,1f], start_interpolation: 0, interpolation_duration: 1 }
$data merge entity $(bone_arm2) { transformation: [-0.42577929156507355f,0.9048270524660192f,1.2246467991473532e-16f,-0.1849535701011471f,0.9048270524660192f,0.42577929156507355f,0f,-0.5341657293429996f,-5.214292465583948e-17f,1.1080935535844444e-16f,-1f,-1.3737265624999995f,0f,0f,0f,1f], start_interpolation: 0, interpolation_duration: 1 }
$data merge entity $(bone_small_arm_base2) { transformation: [0.17192910027940886f,0.9851093261547742f,1.2246467991473532e-16f,-0.1878309110500107f,0.9851093261547742f,-0.17192910027940886f,0f,-0.5506521496095286f,2.105524223374623e-17f,1.20641098308565e-16f,-1f,-1.2799765624999995f,0f,0f,0f,1f], start_interpolation: 0, interpolation_duration: 1 }
$data merge entity $(bone_bone2) { transformation: [-0.9759167619387472f,-0.21814324139654329f,1.2246467991473532e-16f,2.6414183864572156e-16f,-0.21814324139654329f,0.9759167619387472f,0f,0.4999999999999999f,-1.1951533387425362e-16f,-2.6714842233190513e-17f,-1f,-1.7174765624999995f,0f,0f,0f,1f], start_interpolation: 0, interpolation_duration: 1 }
$data merge entity $(bone_ring) { transformation: [-1.7559174206543229f,-0.39249404529669607f,2.2034447328268763e-16f,2.220446049250313e-16f,-0.39249404529669607f,1.7559174206543229f,0f,0.4999999999999999f,-2.150378648771393e-16f,-4.8066657625699514e-17f,-1.799249166666667f,-1.3737265624999995f,0f,0f,0f,1f], start_interpolation: 0, interpolation_duration: 1 }
$data merge entity $(bone_wheel) { transformation: [-1f,9.907600726170933e-17f,-7.198293278059945e-17f,1.0625000000000002f,0f,-0.5877852522924714f,-0.8090169943749488f,-0.625f,-1.2246467991473532e-16f,-0.8090169943749488f,0.5877852522924714f,-1.4987265624999992f,0f,0f,0f,1f], start_interpolation: 0, interpolation_duration: 1 }
$data merge entity $(bone_wheel2) { transformation: [-1f,9.907600726170933e-17f,-7.198293278059945e-17f,1.0625000000000002f,0f,-0.5877852522924714f,-0.8090169943749488f,-0.625f,-1.2246467991473532e-16f,-0.8090169943749488f,0.5877852522924714f,-1.2487265624999992f,0f,0f,0f,1f], start_interpolation: 0, interpolation_duration: 1 }
$data merge entity $(bone_rails) { transformation: [-1.1373008333333334f,0f,1.3927918252092842e-16f,-0.43749999999999983f,0f,1.1373008333333334f,0f,-1f,-1.3927918252092842e-16f,0f,-1.1373008333333334f,-0.9362265624999995f,0f,0f,0f,1f], start_interpolation: 0, interpolation_duration: 1 }
$data merge entity $(bone_wheel3) { transformation: [-1f,9.907600726170933e-17f,-7.198293278059945e-17f,-1.0625f,0f,-0.5877852522924714f,-0.8090169943749488f,-0.625f,-1.2246467991473532e-16f,-0.8090169943749488f,0.5877852522924714f,-1.2487265624999995f,0f,0f,0f,1f], start_interpolation: 0, interpolation_duration: 1 }
$data merge entity $(bone_wheel4) { transformation: [-1f,9.907600726170933e-17f,-7.198293278059945e-17f,-1.0625f,0f,-0.5877852522924714f,-0.8090169943749488f,-0.625f,-1.2246467991473532e-16f,-0.8090169943749488f,0.5877852522924714f,-1.4987265624999995f,0f,0f,0f,1f], start_interpolation: 0, interpolation_duration: 1 }
$data merge entity $(bone_rails2) { transformation: [-1.2038220833333333f,0f,1.4742568610970649e-16f,0.4375000000000001f,0f,1.2038220833333333f,0f,-1f,-1.4742568610970649e-16f,0f,-1.2038220833333333f,-0.9362265624999994f,0f,0f,0f,1f], start_interpolation: 0, interpolation_duration: 1 }
$data merge entity $(bone_bone6) { transformation: [-0.7599179318766763f,-0.0018005750488883365f,-0.6500165342064527f,0.19489176077296436f,0f,0.9999961634474346f,-0.0027700343701036467f,0.6622741728163123f,0.6500190280386222f,-0.0021049987897564515f,-0.7599150164115853f,-0.8044760642502164f,0f,0f,0f,1f], start_interpolation: 0, interpolation_duration: 1 }
$data merge entity $(bone_bone5) { transformation: [-0.7599179318766763f,-0.25939182457848486f,-0.5960206524560366f,0.11524069093124023f,0f,0.9169280078684449f,-0.3990526636753664f,0.6126699242347389f,0.6500190280386222f,-0.3032472748900633f,-0.6967900354191894f,-0.8975937633559283f,0f,0f,0f,1f], start_interpolation: 0, interpolation_duration: 1 }
$data merge entity $(bone_bone4) { transformation: [-0.7599179318766763f,-0.25939182457848486f,-0.5960206524560366f,0.9802072521883625f,0f,0.9169280078684449f,-0.3990526636753664f,0.2774719871752166f,0.6500190280386222f,-0.3032472748900633f,-0.6967900354191894f,-0.1748401513723133f,0f,0f,0f,1f], start_interpolation: 0, interpolation_duration: 1 }
$data merge entity $(bone_bone3) { transformation: [-0.7599179318766763f,-0.32332552770772455f,-0.5639018885806258f,0.8424962461187322f,0f,0.8675159714664853f,-0.4974093276674256f,-0.234375f,0.6500190280386222f,-0.3779902675771981f,-0.6592409429067972f,-0.2396829653684991f,0f,0f,0f,1f], start_interpolation: 0, interpolation_duration: 1 }
$data merge entity $(bone_octagon) { transformation: [-0.7599179318766763f,0f,-0.6500190280386222f,0.859375f,0f,1f,0f,-0.40625f,0.6500190280386222f,0f,-0.7599179318766763f,-0.1718749999999999f,0f,0f,0f,1f], start_interpolation: 0, interpolation_duration: 1 }
$data merge entity $(bone_bone10) { transformation: [-0.9424460413026154f,0.06795538627566135f,0.3273797866532914f,-0.48656622341031786f,0f,0.9791286966317786f,-0.20324122473591466f,0.008472309881502174f,-0.3343582797434945f,-0.19154388768185798f,-0.9227759640664093f,-0.9423124955435186f,0f,0f,0f,1f], start_interpolation: 0, interpolation_duration: 1 }
$data merge entity $(bone_bone9) { transformation: [-0.9424460413026154f,0.30438955611567586f,0.13835626968349052f,-0.4672426926195039f,0f,0.4137964514880013f,-0.9103694287133868f,-0.11042160218381925f,-0.3343582797434945f,-0.857974064213855f,-0.3899808276099366f,-0.9967791745555138f,0f,0f,0f,1f], start_interpolation: 0, interpolation_duration: 1 }
$data merge entity $(bone_bone8) { transformation: [-0.9424460413026154f,0.30438955611567586f,0.13835626968349052f,-0.9145914890350542f,0f,0.4137964514880013f,-0.9103694287133868f,0.29469002460476346f,-0.3343582797434945f,-0.857974064213855f,-0.3899808276099366f,-0.29662572705327717f,0f,0f,0f,1f], start_interpolation: 0, interpolation_duration: 1 }
$data merge entity $(bone_bone7) { transformation: [-0.9424460413026154f,0.25218360846986126f,0.2195424488616009f,-0.8679290463067383f,0f,0.6566083813746875f,-0.7542316842380151f,-0.234375f,-0.3343582797434945f,-0.7108226650351216f,-0.6188179697126922f,-0.24122657382339768f,0f,0f,0f,1f], start_interpolation: 0, interpolation_duration: 1 }
$data merge entity $(bone_octagon2) { transformation: [-0.9424460413026154f,0f,0.3343582797434945f,-0.859375f,0f,1f,0f,-0.40625f,-0.3343582797434945f,0f,-0.9424460413026154f,-0.171875f,0f,0f,0f,1f], start_interpolation: 0, interpolation_duration: 1 }