# This file was generated by Animated Java via MC-Build. It is not recommended to edit this file directly.
$data merge entity $(bone_bone21) { transformation: [-0.9935487327308545f,-0.11340597730681179f,1.2246467991473532e-16f,0.5880696444451441f,-0.11340597730681179f,0.9935487327308545f,0f,1.1515380519848168f,-1.2167462753357502e-16f,-1.388822671129646e-17f,-1f,-1.315812500000001f,0f,0f,0f,1f], start_interpolation: 0, interpolation_duration: 1 }
$data merge entity $(bone_arm4) { transformation: [-0.7018011880263739f,0.7123728605756751f,1.2246467991473532e-16f,0.21734623725040977f,0.7123728605756751f,0.7018011880263739f,0f,1.5278458989526522f,-8.594585785543089e-17f,8.724051435034443e-17f,-1f,-1.315812500000001f,0f,0f,0f,1f], start_interpolation: 0, interpolation_duration: 1 }
$data merge entity $(bone_small_arm_base4) { transformation: [0.20278729535651158f,0.9792228106217661f,1.2246467991473532e-16f,0.2207400093802606f,0.9792228106217661f,-0.20278729535651158f,0f,1.5442338047026642f,2.4834281216610082e-17f,1.1992020806800208e-16f,-1f,-1.222062500000001f,0f,0f,0f,1f], start_interpolation: 0, interpolation_duration: 1 }
$data merge entity $(bone_bone25) { transformation: [-0.9822872507286885f,-0.18738131458572557f,1.2246467991473532e-16f,2.6414183864572156e-16f,-0.18738131458572557f,0.9822872507286885f,0f,0.4999999999999999f,-1.202954937448142e-16f,-2.2947592712743208e-17f,-1f,-1.659562500000001f,0f,0f,0f,1f], start_interpolation: 0, interpolation_duration: 1 }
$data merge entity $(bone_bone16) { transformation: [-0.9071909282524409f,-0.42071916963275485f,1.2246467991473532e-16f,-0.6701534202982606f,-0.42071916963275485f,0.9071909282524409f,0f,1.106061468551832f,-1.1109884664998678e-16f,-5.1523238443068556e-17f,-1f,-1.3158125000000012f,0f,0f,0f,1f], start_interpolation: 0, interpolation_duration: 1 }
$data merge entity $(bone_arm3) { transformation: [-0.6771328747954922f,-0.7358607679929623f,1.2246467991473532e-16f,-1.0278458989526522f,-0.7358607679929623f,0.6771328747954922f,0f,0.7173462372504097f,-8.29248607715745e-17f,-9.011695341406943e-17f,-1f,-1.3158125000000012f,0f,0f,0f,1f], start_interpolation: 0, interpolation_duration: 1 }
$data merge entity $(bone_small_arm_base3) { transformation: [-0.979222810621766f,0.2027872953565118f,1.2246467991473532e-16f,-1.0442338047026642f,0.2027872953565118f,0.979222810621766f,0f,0.7207400093802605f,-1.1992020806800206e-16f,2.483428121661011e-17f,-1f,-1.2220625000000012f,0f,0f,0f,1f], start_interpolation: 0, interpolation_duration: 1 }
$data merge entity $(bone_bone15) { transformation: [0.18738131458572535f,-0.9822872507286885f,1.2246467991473532e-16f,2.6414183864572156e-16f,-0.9822872507286885f,-0.18738131458572535f,0f,0.4999999999999999f,2.294759271274318e-17f,-1.202954937448142e-16f,-1f,-1.659562500000001f,0f,0f,0f,1f], start_interpolation: 0, interpolation_duration: 1 }
$data merge entity $(bone_bone26) { transformation: [-0.7492710423351908f,0.6622634710732102f,1.2246467991473532e-16f,0.5142544993218842f,0.6622634710732102f,0.7492710423351908f,0f,0.1590927876929474f,-9.175923836895924e-17f,8.110388400420226e-17f,-1f,-1.3158125000000007f,0f,0f,0f,1f], start_interpolation: 0, interpolation_duration: 1 }
$data merge entity $(bone_arm5) { transformation: [0.9722586905111974f,0.23390818439176497f,1.2246467991473532e-16f,1.027845898952653f,0.23390818439176497f,-0.9722586905111974f,0f,0.28265376274959053f,1.190673493277735e-16f,2.864549093097439e-17f,-1f,-1.3158125000000007f,0f,0f,0f,1f], start_interpolation: 0, interpolation_duration: 1 }
$data merge entity $(bone_small_arm_base5) { transformation: [0.9792228106217662f,-0.20278729535651138f,1.2246467991473532e-16f,1.044233804702665f,-0.20278729535651138f,-0.9792228106217662f,0f,0.2792599906197397f,1.1992020806800208e-16f,-2.4834281216610058e-17f,-1f,-1.2220625000000007f,0f,0f,0f,1f], start_interpolation: 0, interpolation_duration: 1 }
$data merge entity $(bone_bone20) { transformation: [-0.1873813145857258f,0.9822872507286885f,1.2246467991473532e-16f,2.6414183864572156e-16f,0.9822872507286885f,0.1873813145857258f,0f,0.4999999999999999f,-2.2947592712743236e-17f,1.202954937448142e-16f,-1f,-1.659562500000001f,0f,0f,0f,1f], start_interpolation: 0, interpolation_duration: 1 }
$data merge entity $(bone_bone11) { transformation: [-0.378980169592464f,0.9254047930801241f,1.2246467991473532e-16f,-0.4742507742418285f,0.9254047930801241f,0.378980169592464f,0f,-0.06627954488764376f,-4.6411685163173226e-17f,1.1332940177611929e-16f,-1f,-1.315812500000001f,0f,0f,0f,1f], start_interpolation: 0, interpolation_duration: 1 }
$data merge entity $(bone_arm2) { transformation: [-0.48633538042348995f,0.8737722230354656f,1.2246467991473532e-16f,-0.2173462372504093f,0.8737722230354656f,0.48633538042348995f,0f,-0.5278458989526527f,-5.955890669477374e-17f,1.0700623561242504e-16f,-1f,-1.315812500000001f,0f,0f,0f,1f], start_interpolation: 0, interpolation_duration: 1 }
$data merge entity $(bone_small_arm_base2) { transformation: [0.20278729535651158f,0.9792228106217661f,1.2246467991473532e-16f,-0.22074000938026014f,0.9792228106217661f,-0.20278729535651158f,0f,-0.5442338047026646f,2.4834281216610082e-17f,1.1992020806800208e-16f,-1f,-1.222062500000001f,0f,0f,0f,1f], start_interpolation: 0, interpolation_duration: 1 }
$data merge entity $(bone_bone2) { transformation: [-0.9822872507286885f,-0.18738131458572557f,1.2246467991473532e-16f,2.6414183864572156e-16f,-0.18738131458572557f,0.9822872507286885f,0f,0.4999999999999999f,-1.202954937448142e-16f,-2.2947592712743208e-17f,-1f,-1.659562500000001f,0f,0f,0f,1f], start_interpolation: 0, interpolation_duration: 1 }
$data merge entity $(bone_ring) { transformation: [-1.7673795173008842f,-0.3371456741172713f,2.2034447328268763e-16f,2.220446049250313e-16f,-0.3371456741172713f,1.7673795173008842f,0f,0.4999999999999999f,-2.164415668741122e-16f,-4.12884370654093e-17f,-1.799249166666667f,-1.315812500000001f,0f,0f,0f,1f], start_interpolation: 0, interpolation_duration: 1 }
$data merge entity $(bone_wheel) { transformation: [-1f,1.1647083184890906e-16f,-3.784366730434199e-17f,1.0625000000000002f,0f,-0.30901699437495145f,-0.9510565162951522f,-0.625f,-1.2246467991473532e-16f,-0.9510565162951522f,0.30901699437495145f,-1.4408125000000007f,0f,0f,0f,1f], start_interpolation: 0, interpolation_duration: 1 }
$data merge entity $(bone_wheel2) { transformation: [-1f,1.1647083184890906e-16f,-3.784366730434199e-17f,1.0625000000000002f,0f,-0.30901699437495145f,-0.9510565162951522f,-0.625f,-1.2246467991473532e-16f,-0.9510565162951522f,0.30901699437495145f,-1.1908125000000007f,0f,0f,0f,1f], start_interpolation: 0, interpolation_duration: 1 }
$data merge entity $(bone_rails) { transformation: [-1.1373008333333334f,0f,1.3927918252092842e-16f,-0.43749999999999983f,0f,1.1373008333333334f,0f,-1f,-1.3927918252092842e-16f,0f,-1.1373008333333334f,-0.8783125000000009f,0f,0f,0f,1f], start_interpolation: 0, interpolation_duration: 1 }
$data merge entity $(bone_wheel3) { transformation: [-1f,1.1647083184890906e-16f,-3.784366730434199e-17f,-1.0625f,0f,-0.30901699437495145f,-0.9510565162951522f,-0.625f,-1.2246467991473532e-16f,-0.9510565162951522f,0.30901699437495145f,-1.190812500000001f,0f,0f,0f,1f], start_interpolation: 0, interpolation_duration: 1 }
$data merge entity $(bone_wheel4) { transformation: [-1f,1.1647083184890906e-16f,-3.784366730434199e-17f,-1.0625f,0f,-0.30901699437495145f,-0.9510565162951522f,-0.625f,-1.2246467991473532e-16f,-0.9510565162951522f,0.30901699437495145f,-1.4408125000000012f,0f,0f,0f,1f], start_interpolation: 0, interpolation_duration: 1 }
$data merge entity $(bone_rails2) { transformation: [-1.2038220833333333f,0f,1.4742568610970649e-16f,0.4375000000000001f,0f,1.2038220833333333f,0f,-1f,-1.4742568610970649e-16f,0f,-1.2038220833333333f,-0.8783125000000008f,0f,0f,0f,1f], start_interpolation: 0, interpolation_duration: 1 }
$data merge entity $(bone_bone6) { transformation: [-0.7500817888240673f,0.012975661405241201f,-0.6612177722094167f,0.22950201336689396f,0f,0.9998075071667172f,0.019620107366540684f,0.6659250098188988f,0.6613450763969498f,0.014716685230415028f,-0.7499374034553428f,-0.7445053408939457f,0f,0f,0f,1f], start_interpolation: 0, interpolation_duration: 1 }
$data merge entity $(bone_bone5) { transformation: [-0.7500817888240673f,-0.24964925467847282f,-0.6124153490181076f,0.14771762451064463f,0f,0.9260148307969349f,-0.3774871297728228f,0.6192017184782234f,0.6613450763969498f,-0.2831462215580618f,-0.694586860761781f,-0.8372632412405998f,0f,0f,0f,1f], start_interpolation: 0, interpolation_duration: 1 }
$data merge entity $(bone_bone4) { transformation: [-0.7500817888240673f,-0.24964925467847282f,-0.6124153490181076f,1.012292805570291f,0f,0.9260148307969349f,-0.3774871297728228f,0.26174364720480137f,0.6613450763969498f,-0.2831462215580618f,-0.694586860761781f,-0.14019583296158103f,0f,0f,0f,1f], start_interpolation: 0, interpolation_duration: 1 }
$data merge entity $(bone_bone3) { transformation: [-0.7500817888240673f,-0.27223189265968883f,-0.6027164397072732f,0.8414809886259428f,0f,0.9113494017236974f,-0.4116336574891062f,-0.234375f,0.6613450763969498f,-0.3087589101496222f,-0.6835865894886545f,-0.23942214543890877f,0f,0f,0f,1f], start_interpolation: 0, interpolation_duration: 1 }
$data merge entity $(bone_octagon) { transformation: [-0.7500817888240673f,0f,-0.6613450763969498f,0.859375f,0f,1f,0f,-0.40625f,0.6613450763969498f,0f,-0.7500817888240673f,-0.1718749999999999f,0f,0f,0f,1f], start_interpolation: 0, interpolation_duration: 1 }
$data merge entity $(bone_bone10) { transformation: [-0.9431990025501557f,0.06961165470662038f,0.32485359643599127f,-0.5089051196671471f,0f,0.9778023093923804f,-0.209529577260414f,0.021520117267422353f,-0.3322282973926086f,-0.1976280882767782f,-0.9222621629101317f,-0.8846765386177873f,0f,0f,0f,1f], start_interpolation: 0, interpolation_duration: 1 }
$data merge entity $(bone_bone9) { transformation: [-0.9431990025501557f,0.30166373746666886f,0.1391927838863505f,-0.48948035062664746f,0f,0.4189672733441496f,-0.9080013347273057f,-0.09704318838082349f,-0.3322282973926086f,-0.8564259532290046f,-0.3951695143193604f,-0.9398236255082071f,0f,0f,0f,1f], start_interpolation: 0, interpolation_duration: 1 }
$data merge entity $(bone_bone8) { transformation: [-0.9431990025501557f,0.30166373746666886f,0.1391927838863505f,-0.9292068968841593f,0f,0.4189672733441496f,-0.9080013347273057f,0.2959148150911961f,-0.3322282973926086f,-0.8564259532290046f,-0.3951695143193604f,-0.2558071175574735f,0f,0f,0f,1f], start_interpolation: 0, interpolation_duration: 1 }
$data merge entity $(bone_bone7) { transformation: [-0.9431990025501557f,0.2320080312136922f,0.2377980551660127f,-0.8680857002426543f,0f,0.7157670103127802f,-0.6983391632637428f,-0.234375f,-0.3322282973926086f,-0.6586728022320725f,-0.6751107301853213f,-0.24120707195290375f,0f,0f,0f,1f], start_interpolation: 0, interpolation_duration: 1 }
$data merge entity $(bone_octagon2) { transformation: [-0.9431990025501557f,0f,0.3322282973926086f,-0.859375f,0f,1f,0f,-0.40625f,-0.3322282973926086f,0f,-0.9431990025501557f,-0.171875f,0f,0f,0f,1f], start_interpolation: 0, interpolation_duration: 1 }