# This file was generated by Animated Java via MC-Build. It is not recommended to edit this file directly.
$data merge entity $(bone_bone21) { transformation: [-0.9731138784728767f,0.23032450916799058f,1.2246467991473532e-16f,0.6093405961540138f,0.23032450916799058f,0.9731138784728767f,0f,1.1337614631889281f,-1.191720796477675e-16f,2.820661729177651e-17f,-1f,-1.2607421875f,0f,0f,0f,1f], start_interpolation: 0, interpolation_duration: 1 }
$data merge entity $(bone_arm4) { transformation: [-0.6811531780314829f,0.732140934559468f,1.2246467991473532e-16f,0.24952440990403693f,0.732140934559468f,0.6811531780314829f,0f,1.5205117087533784f,-8.341720592053028e-17f,8.966140520330045e-17f,-1f,-1.2607421875f,0f,0f,0f,1f], start_interpolation: 0, interpolation_duration: 1 }
$data merge entity $(bone_small_arm_base4) { transformation: [0.2334453638559061f,0.9723699203976767f,1.2246467991473532e-16f,0.25343126397151794f,0.9723699203976767f,-0.2334453638559061f,0f,1.5367849271024339f,2.8588811762192463e-17f,1.1908097106021814e-16f,-1f,-1.1669921875f,0f,0f,0f,1f], start_interpolation: 0, interpolation_duration: 1 }
$data merge entity $(bone_bone25) { transformation: [-0.9876883405951379f,-0.15643446504023023f,1.2246467991473532e-16f,2.6414183864572156e-16f,-0.15643446504023023f,0.9876883405951379f,0f,0.4999999999999999f,-1.2095693648649964e-16f,-1.915769668878465e-17f,-1f,-1.6044921875f,0f,0f,0f,1f], start_interpolation: 0, interpolation_duration: 1 }
$data merge entity $(bone_bone16) { transformation: [-0.9858216701580027f,-0.1677964083253468f,1.2246467991473532e-16f,-0.6579377165090425f,-0.1677964083253468f,0.9858216701580027f,0f,1.1336904423426755f,-1.2072833528890958e-16f,-2.0549133436405817e-17f,-1f,-1.2607421875f,0f,0f,0f,1f], start_interpolation: 0, interpolation_duration: 1 }
$data merge entity $(bone_arm3) { transformation: [-0.6863738667865646f,-0.7272488673022871f,1.2246467991473532e-16f,-1.0205117087533782f,-0.7272488673022871f,0.6863738667865646f,0f,0.7495244099040368f,-8.405655589785582e-17f,-8.90622997525284e-17f,-1f,-1.2607421875f,0f,0f,0f,1f], start_interpolation: 0, interpolation_duration: 1 }
$data merge entity $(bone_small_arm_base3) { transformation: [-0.9723699203976766f,0.23344536385590633f,1.2246467991473532e-16f,-1.0367849271024336f,0.23344536385590633f,0.9723699203976766f,0f,0.7534312639715178f,-1.1908097106021811e-16f,2.858881176219249e-17f,-1f,-1.1669921875f,0f,0f,0f,1f], start_interpolation: 0, interpolation_duration: 1 }
$data merge entity $(bone_bone15) { transformation: [0.15643446504023f,-0.9876883405951379f,1.2246467991473532e-16f,2.6414183864572156e-16f,-0.9876883405951379f,-0.15643446504023f,0f,0.4999999999999999f,1.915769668878462e-17f,-1.2095693648649964e-16f,-1f,-1.6044921875f,0f,0f,0f,1f], start_interpolation: 0, interpolation_duration: 1 }
$data merge entity $(bone_bone26) { transformation: [-0.4229777297312962f,0.9061400775549876f,1.2246467991473532e-16f,0.5203674034600809f,0.9061400775549876f,0.4229777297312962f,0f,0.0804781953679106f,-5.179983228260462e-17f,1.1097015455568497e-16f,-1f,-1.2607421875f,0f,0f,0f,1f], start_interpolation: 0, interpolation_duration: 1 }
$data merge entity $(bone_arm5) { transformation: [0.9468025509786242f,0.3218150547447559f,1.2246467991473532e-16f,1.0205117087533786f,0.3218150547447559f,-0.9468025509786242f,0f,0.2504755900959634f,1.1594987134805207e-16f,3.941097767105956e-17f,-1f,-1.2607421875f,0f,0f,0f,1f], start_interpolation: 0, interpolation_duration: 1 }
$data merge entity $(bone_small_arm_base5) { transformation: [0.9723699203976768f,-0.23344536385590592f,1.2246467991473532e-16f,1.036784927102434f,-0.23344536385590592f,-0.9723699203976768f,0f,0.2465687360284824f,1.1908097106021814e-16f,-2.858881176219244e-17f,-1f,-1.1669921875f,0f,0f,0f,1f], start_interpolation: 0, interpolation_duration: 1 }
$data merge entity $(bone_bone20) { transformation: [-0.15643446504023045f,0.9876883405951379f,1.2246467991473532e-16f,2.6414183864572156e-16f,0.9876883405951379f,0.15643446504023045f,0f,0.4999999999999999f,-1.9157696688784676e-17f,1.2095693648649964e-16f,-1f,-1.6044921875f,0f,0f,0f,1f], start_interpolation: 0, interpolation_duration: 1 }
$data merge entity $(bone_bone11) { transformation: [-0.33203116288124446f,0.9432684171940292f,1.2246467991473532e-16f,-0.5372275973549461f,0.9432684171940292f,0.33203116288124446f,0f,-0.07748765041994282f,-4.066209008396894e-17f,1.155170647853458e-16f,-1f,-1.2607421875f,0f,0f,0f,1f], start_interpolation: 0, interpolation_duration: 1 }
$data merge entity $(bone_arm2) { transformation: [-0.5446390350150265f,0.8386705679454247f,1.2246467991473532e-16f,-0.2495244099040365f,0.8386705679454247f,0.5446390350150265f,0f,-0.5205117087533786f,-6.669904509218555e-17f,1.0270752265734573e-16f,-1f,-1.2607421875f,0f,0f,0f,1f], start_interpolation: 0, interpolation_duration: 1 }
$data merge entity $(bone_small_arm_base2) { transformation: [0.2334453638559061f,0.9723699203976767f,1.2246467991473532e-16f,-0.2534312639715175f,0.9723699203976767f,-0.2334453638559061f,0f,-0.536784927102434f,2.8588811762192463e-17f,1.1908097106021814e-16f,-1f,-1.1669921875f,0f,0f,0f,1f], start_interpolation: 0, interpolation_duration: 1 }
$data merge entity $(bone_bone2) { transformation: [-0.9876883405951379f,-0.15643446504023023f,1.2246467991473532e-16f,2.6414183864572156e-16f,-0.15643446504023023f,0.9876883405951379f,0f,0.4999999999999999f,-1.2095693648649964e-16f,-1.915769668878465e-17f,-1f,-1.6044921875f,0f,0f,0f,1f], start_interpolation: 0, interpolation_duration: 1 }
$data merge entity $(bone_ring) { transformation: [-1.777097423742185f,-0.2814645808615801f,2.2034447328268763e-16f,2.220446049250313e-16f,-0.2814645808615801f,1.777097423742185f,0f,0.4999999999999999f,-2.1763166717588744e-16f,-3.4469469802548546e-17f,-1.799249166666667f,-1.2607421875f,0f,0f,0f,1f], start_interpolation: 0, interpolation_duration: 1 }
$data merge entity $(bone_wheel) { transformation: [-1f,1.2246467991473532e-16f,2.719262146893782e-32f,1.0625000000000002f,0f,2.220446049250313e-16f,-1f,-0.625f,-1.2246467991473532e-16f,-1f,-2.220446049250313e-16f,-1.3857421874999998f,0f,0f,0f,1f], start_interpolation: 0, interpolation_duration: 1 }
$data merge entity $(bone_wheel2) { transformation: [-1f,1.2246467991473532e-16f,2.719262146893782e-32f,1.0625000000000002f,0f,2.220446049250313e-16f,-1f,-0.625f,-1.2246467991473532e-16f,-1f,-2.220446049250313e-16f,-1.1357421874999998f,0f,0f,0f,1f], start_interpolation: 0, interpolation_duration: 1 }
$data merge entity $(bone_rails) { transformation: [-1.1373008333333334f,0f,1.3927918252092842e-16f,-0.43749999999999983f,0f,1.1373008333333334f,0f,-1f,-1.3927918252092842e-16f,0f,-1.1373008333333334f,-0.8232421875f,0f,0f,0f,1f], start_interpolation: 0, interpolation_duration: 1 }
$data merge entity $(bone_wheel3) { transformation: [-1f,1.2246467991473532e-16f,2.719262146893782e-32f,-1.0625f,0f,2.220446049250313e-16f,-1f,-0.625f,-1.2246467991473532e-16f,-1f,-2.220446049250313e-16f,-1.1357421875f,0f,0f,0f,1f], start_interpolation: 0, interpolation_duration: 1 }
$data merge entity $(bone_wheel4) { transformation: [-1f,1.2246467991473532e-16f,2.719262146893782e-32f,-1.0625f,0f,2.220446049250313e-16f,-1f,-0.625f,-1.2246467991473532e-16f,-1f,-2.220446049250313e-16f,-1.3857421875f,0f,0f,0f,1f], start_interpolation: 0, interpolation_duration: 1 }
$data merge entity $(bone_rails2) { transformation: [-1.2038220833333333f,0f,1.4742568610970649e-16f,0.4375000000000001f,0f,1.2038220833333333f,0f,-1f,-1.4742568610970649e-16f,0f,-1.2038220833333333f,-0.8232421874999999f,0f,0f,0f,1f], start_interpolation: 0, interpolation_duration: 1 }
$data merge entity $(bone_bone6) { transformation: [-0.7408144030214663f,0.034422835032899585f,-0.6708271675359058f,0.2686537434829748f,0f,0.9986860302748803f,0.05124658948457622f,0.6774836403324388f,0.6717097738428022f,0.03796421159590249f,-0.7398409953239635f,-0.683799685912377f,0f,0f,0f,1f], start_interpolation: 0, interpolation_duration: 1 }
$data merge entity $(bone_bone5) { transformation: [-0.7408144030214663f,-0.23053678746823686f,-0.6309095100723823f,0.18449058564237408f,0f,0.9392590887326165f,-0.34320892213515497f,0.6353355075435709f,0.6717097738428022f,-0.25425411276319576f,-0.6958166611019397f,-0.7766214401283242f,0f,0f,0f,1f], start_interpolation: 0, interpolation_duration: 1 }
$data merge entity $(bone_bone4) { transformation: [-0.7408144030214663f,-0.23053678746823686f,-0.6309095100723823f,1.042655173210926f,0f,0.9392590887326165f,-0.34320892213515497f,0.2425358380068337f,0.6717097738428022f,-0.25425411276319576f,-0.6958166611019397f,-0.10930840689760676f,0f,0f,0f,1f], start_interpolation: 0, interpolation_duration: 1 }
$data merge entity $(bone_bone3) { transformation: [-0.7408144030214663f,-0.21937998313055043f,-0.6348751399114536f,0.8405435892292457f,0f,0.9451628733632678f,-0.32659936132162215f,-0.234375f,0.6717097738428022f,-0.24194951088466968f,-0.700190269788663f,-0.2391668306214291f,0f,0f,0f,1f], start_interpolation: 0, interpolation_duration: 1 }
$data merge entity $(bone_octagon) { transformation: [-0.7408144030214663f,0f,-0.6717097738428022f,0.859375f,0f,1f,0f,-0.40625f,0.6717097738428022f,0f,-0.7408144030214663f,-0.1718749999999999f,0f,0f,0f,1f], start_interpolation: 0, interpolation_duration: 1 }
$data merge entity $(bone_bone10) { transformation: [-0.9398253089492654f,0.07056156920344304f,0.3342894757690788f,-0.5202879096726662f,0f,0.9784405857250508f,-0.20652849732184608f,0.03721276197609108f,-0.3416553653294761f,-0.19410070880233138f,-0.919563225767546f,-0.8302361798710658f,0f,0f,0f,1f], start_interpolation: 0, interpolation_duration: 1 }
$data merge entity $(bone_bone9) { transformation: [-0.9398253089492654f,0.30811090453371454f,0.147634884650729f,-0.49972548411168105f,0f,0.4321163945672475f,-0.9018178427743615f,-0.08048847936754888f,-0.3416553653294761f,-0.8475512327013743f,-0.4061139240262061f,-0.8867992838544116f,0f,0f,0f,1f], start_interpolation: 0, interpolation_duration: 1 }
$data merge entity $(bone_bone8) { transformation: [-0.9398253089492654f,0.30811090453371454f,0.147634884650729f,-0.9415145540615284f,0f,0.4321163945672475f,-0.9018178427743615f,0.29403998011103516f,-0.3416553653294761f,-0.8475512327013743f,-0.4061139240262061f,-0.22032489983168008f,0f,0f,0f,1f], start_interpolation: 0, interpolation_duration: 1 }
$data merge entity $(bone_bone7) { transformation: [-0.9398253089492654f,0.2202018951930354f,0.26122693967470745f,-0.8673910805715723f,0f,0.7645919431787429f,-0.6445146704506842f,-0.234375f,-0.3416553653294761f,-0.6057311992786483f,-0.7185828592180813f,-0.2412908119758752f,0f,0f,0f,1f], start_interpolation: 0, interpolation_duration: 1 }
$data merge entity $(bone_octagon2) { transformation: [-0.9398253089492654f,0f,0.3416553653294761f,-0.859375f,0f,1f,0f,-0.40625f,-0.3416553653294761f,0f,-0.9398253089492654f,-0.171875f,0f,0f,0f,1f], start_interpolation: 0, interpolation_duration: 1 }