# This file was generated by Animated Java via MC-Build. It is not recommended to edit this file directly.
$data merge entity $(bone_bone21) { transformation: [-0.8316241237623042f,0.5553389206390813f,1.2246467991473532e-16f,0.6301404528616354f,0.5553389206390813f,0.8316241237623042f,0f,1.1153545398477198f,-1.0184458212592281e-16f,6.800940316025968e-17f,-1f,-1.2094999999999994f,0f,0f,0f,1f], start_interpolation: 0, interpolation_duration: 1 }
$data merge entity $(bone_arm4) { transformation: [-0.6600795241249793f,0.7511957280435912f,1.2246467991473532e-16f,0.28145633209053317f,0.7511957280435912f,0.6600795241249793f,0f,1.5121703967054367f,-8.08364276402364e-17f,9.199494438817495e-17f,-1f,-1.2094999999999994f,0f,0f,0f,1f], start_interpolation: 0, interpolation_duration: 1 }
$data merge entity $(bone_small_arm_base4) { transformation: [0.26387304996537253f,0.9645574184577983f,1.2246467991473532e-16f,0.2858724125023599f,0.9645574184577983f,-0.26387304996537253f,0f,1.5283128679517146f,3.2315128602134306e-17f,1.1812421551081767e-16f,-1f,-1.1157499999999994f,0f,0f,0f,1f], start_interpolation: 0, interpolation_duration: 1 }
$data merge entity $(bone_bone25) { transformation: [-0.9921147013144778f,-0.12533323356430465f,1.2246467991473532e-16f,2.6414183864572156e-16f,-0.12533323356430465f,0.9921147013144778f,0f,0.4999999999999999f,-1.2149900933518075e-16f,-1.534889433113133e-17f,-1f,-1.5532499999999994f,0f,0f,0f,1f], start_interpolation: 0, interpolation_duration: 1 }
$data merge entity $(bone_bone16) { transformation: [-0.9998850140166491f,0.01516439068758263f,1.2246467991473532e-16f,-0.6420496849108306f,0.01516439068758263f,0.9998850140166491f,0f,1.158356980846004f,-1.2245059819308953e-16f,1.857102251656799e-18f,-1f,-1.2094999999999994f,0f,0f,0f,1f], start_interpolation: 0, interpolation_duration: 1 }
$data merge entity $(bone_arm3) { transformation: [-0.7006602502284915f,-0.7134950691839066f,1.2246467991473532e-16f,-1.0121703967054365f,-0.7134950691839066f,0.7006602502284915f,0f,0.781456332090533f,-8.580613327321056e-17f,-8.737794526834903e-17f,-1f,-1.2094999999999994f,0f,0f,0f,1f], start_interpolation: 0, interpolation_duration: 1 }
$data merge entity $(bone_small_arm_base3) { transformation: [-0.9645574184577982f,0.26387304996537275f,1.2246467991473532e-16f,-1.0283128679517144f,0.26387304996537275f,0.9645574184577982f,0f,0.7858724125023597f,-1.1812421551081765e-16f,3.231512860213433e-17f,-1f,-1.1157499999999994f,0f,0f,0f,1f], start_interpolation: 0, interpolation_duration: 1 }
$data merge entity $(bone_bone15) { transformation: [0.12533323356430442f,-0.9921147013144778f,1.2246467991473532e-16f,2.6414183864572156e-16f,-0.9921147013144778f,-0.12533323356430442f,0f,0.4999999999999999f,1.53488943311313e-17f,-1.2149900933518075e-16f,-1f,-1.5532499999999994f,0f,0f,0f,1f], start_interpolation: 0, interpolation_duration: 1 }
$data merge entity $(bone_bone26) { transformation: [-0.02649417083385225f,0.9996489678441263f,1.2246467991473532e-16f,0.5296622108453527f,0.9996489678441263f,0.02649417083385225f,0f,0.0035336892813792598f,-3.2446001507740315e-18f,1.2242169087412643e-16f,-1f,-1.2094999999999994f,0f,0f,0f,1f], start_interpolation: 0, interpolation_duration: 1 }
$data merge entity $(bone_arm5) { transformation: [0.9134163408548523f,0.4070265203390713f,1.2246467991473532e-16f,1.0121703967054372f,0.4070265203390713f,-0.9134163408548523f,0f,0.21854366790946717f,1.1186123981167825e-16f,4.984637253013286e-17f,-1f,-1.2094999999999994f,0f,0f,0f,1f], start_interpolation: 0, interpolation_duration: 1 }
$data merge entity $(bone_small_arm_base5) { transformation: [0.9645574184577984f,-0.2638730499653723f,1.2246467991473532e-16f,1.028312867951715f,-0.2638730499653723f,-0.9645574184577984f,0f,0.21412758749764044f,1.1812421551081767e-16f,-3.2315128602134275e-17f,-1f,-1.1157499999999994f,0f,0f,0f,1f], start_interpolation: 0, interpolation_duration: 1 }
$data merge entity $(bone_bone20) { transformation: [-0.12533323356430487f,0.9921147013144778f,1.2246467991473532e-16f,2.6414183864572156e-16f,0.9921147013144778f,0.12533323356430487f,0f,0.4999999999999999f,-1.5348894331131357e-17f,1.2149900933518075e-16f,-1f,-1.5532499999999994f,0f,0f,0f,1f], start_interpolation: 0, interpolation_duration: 1 }
$data merge entity $(bone_bone11) { transformation: [-0.2842443358613378f,0.9587518748512293f,1.2246467991473532e-16f,-0.5986256892804457f,0.9587518748512293f,0.2842443358613378f,0f,-0.08974047448001271f,-3.480989160883526e-17f,1.1741324147130815e-16f,-1f,-1.2094999999999994f,0f,0f,0f,1f], start_interpolation: 0, interpolation_duration: 1 }
$data merge entity $(bone_arm2) { transformation: [-0.6004202253258852f,0.7996846584870898f,1.2246467991473532e-16f,-0.28145633209053267f,0.7996846584870898f,0.6004202253258852f,0f,-0.512170396705437f,-7.353027070886778e-17f,9.793312573434586e-17f,-1f,-1.2094999999999994f,0f,0f,0f,1f], start_interpolation: 0, interpolation_duration: 1 }
$data merge entity $(bone_small_arm_base2) { transformation: [0.26387304996537253f,0.9645574184577983f,1.2246467991473532e-16f,-0.28587241250235945f,0.9645574184577983f,-0.26387304996537253f,0f,-0.5283128679517147f,3.2315128602134306e-17f,1.1812421551081767e-16f,-1f,-1.1157499999999994f,0f,0f,0f,1f], start_interpolation: 0, interpolation_duration: 1 }
$data merge entity $(bone_bone2) { transformation: [-0.9921147013144778f,-0.12533323356430465f,1.2246467991473532e-16f,2.6414183864572156e-16f,-0.12533323356430465f,0.9921147013144778f,0f,0.4999999999999999f,-1.2149900933518075e-16f,-1.534889433113133e-17f,-1f,-1.5532499999999994f,0f,0f,0f,1f], start_interpolation: 0, interpolation_duration: 1 }
$data merge entity $(bone_ring) { transformation: [-1.7850615495778233f,-0.2255057160462139f,2.2034447328268763e-16f,2.220446049250313e-16f,-0.2255057160462139f,1.7850615495778233f,0f,0.4999999999999999f,-2.1860699129714957e-16f,-2.7616485334542774e-17f,-1.799249166666667f,-1.2094999999999994f,0f,0f,0f,1f], start_interpolation: 0, interpolation_duration: 1 }
$data merge entity $(bone_wheel) { transformation: [-1f,1.1647083184890906e-16f,3.784366730434198e-17f,1.0625000000000002f,0f,0.30901699437495134f,-0.9510565162951522f,-0.625f,-1.2246467991473532e-16f,-0.9510565162951522f,-0.30901699437495134f,-1.3344999999999991f,0f,0f,0f,1f], start_interpolation: 0, interpolation_duration: 1 }
$data merge entity $(bone_wheel2) { transformation: [-1f,1.1647083184890906e-16f,3.784366730434198e-17f,1.0625000000000002f,0f,0.30901699437495134f,-0.9510565162951522f,-0.625f,-1.2246467991473532e-16f,-0.9510565162951522f,-0.30901699437495134f,-1.0844999999999991f,0f,0f,0f,1f], start_interpolation: 0, interpolation_duration: 1 }
$data merge entity $(bone_rails) { transformation: [-1.1373008333333334f,0f,1.3927918252092842e-16f,-0.43749999999999983f,0f,1.1373008333333334f,0f,-1f,-1.3927918252092842e-16f,0f,-1.1373008333333334f,-0.7719999999999994f,0f,0f,0f,1f], start_interpolation: 0, interpolation_duration: 1 }
$data merge entity $(bone_wheel3) { transformation: [-1f,1.1647083184890906e-16f,3.784366730434198e-17f,-1.0625f,0f,0.30901699437495134f,-0.9510565162951522f,-0.625f,-1.2246467991473532e-16f,-0.9510565162951522f,-0.30901699437495134f,-1.0844999999999994f,0f,0f,0f,1f], start_interpolation: 0, interpolation_duration: 1 }
$data merge entity $(bone_wheel4) { transformation: [-1f,1.1647083184890906e-16f,3.784366730434198e-17f,-1.0625f,0f,0.30901699437495134f,-0.9510565162951522f,-0.625f,-1.2246467991473532e-16f,-0.9510565162951522f,-0.30901699437495134f,-1.3344999999999994f,0f,0f,0f,1f], start_interpolation: 0, interpolation_duration: 1 }
$data merge entity $(bone_rails2) { transformation: [-1.2038220833333333f,0f,1.4742568610970649e-16f,0.4375000000000001f,0f,1.2038220833333333f,0f,-1f,-1.4742568610970649e-16f,0f,-1.2038220833333333f,-0.7719999999999992f,0f,0f,0f,1f], start_interpolation: 0, interpolation_duration: 1 }
$data merge entity $(bone_bone6) { transformation: [-0.732232941166537f,0.001976032163276603f,-0.681051404203451f,0.3227315144158289f,0f,0.9999957908394118f,0.0029014312776448614f,0.6341994047327154f,0.6810542708702463f,0.0021245235580225064f,-0.7322298590804998f,-0.6111909996263535f,0f,0f,0f,1f], start_interpolation: 0, interpolation_duration: 1 }
$data merge entity $(bone_bone5) { transformation: [-0.732232941166537f,-0.233145152270519f,-0.6399048818717976f,0.23737069375981357f,0f,0.9395798679217321f,-0.3423297705373873f,0.5921685489368326f,0.6810542708702463f,-0.25066513472945684f,-0.6879913301491963f,-0.7029663653244149f,0f,0f,0f,1f], start_interpolation: 0, interpolation_duration: 1 }
$data merge entity $(bone_bone4) { transformation: [-0.732232941166537f,-0.233145152270519f,-0.6399048818717976f,1.0705056999033056f,0f,0.9395798679217321f,-0.3423297705373873f,0.22106245872670877f,0.6810542708702463f,-0.25066513472945684f,-0.6879913301491963f,-0.08253284921516249f,0f,0f,0f,1f], start_interpolation: 0, interpolation_duration: 1 }
$data merge entity $(bone_bone3) { transformation: [-0.732232941166537f,-0.16683716370904436f,-0.6603031733045998f,0.8396913874820638f,0f,0.9695309192626735f,-0.24496897067521659f,-0.234375f,0.6810542708702463f,-0.179374349892053f,-0.7099224765636039f,-0.23892250478760366f,0f,0f,0f,1f], start_interpolation: 0, interpolation_duration: 1 }
$data merge entity $(bone_octagon) { transformation: [-0.732232941166537f,0f,-0.6810542708702463f,0.859375f,0f,1f,0f,-0.40625f,0.6810542708702463f,0f,-0.732232941166537f,-0.1718749999999999f,0f,0f,0f,1f], start_interpolation: 0, interpolation_duration: 1 }
$data merge entity $(bone_bone10) { transformation: [-0.9289388452300299f,0.07142614121549376f,0.36327803150447047f,-0.5169360029854436f,0f,0.9812140895142178f,-0.1929220322793238f,0.05707291019263197f,-0.37023319924433934f,-0.17921276988498563f,-0.9114878832367728f,-0.7778576263726451f,0f,0f,0f,1f], start_interpolation: 0, interpolation_duration: 1 }
$data merge entity $(bone_bone9) { transformation: [-0.9289388452300299f,0.32985085506850664f,0.1681399275403488f,-0.4935895556285635f,0f,0.4541460027991251f,-0.8909272743280324f,-0.05911389099889791f,-0.37023319924433934f,-0.8276169533982205f,-0.42187386340605326f,-0.8364353603311038f,0f,0f,0f,1f], start_interpolation: 0, interpolation_duration: 1 }
$data merge entity $(bone_bone8) { transformation: [-0.9289388452300299f,0.32985085506850664f,0.1681399275403488f,-0.9520740321508009f,0f,0.4541460027991251f,-0.8909272743280324f,0.2902388064382416f,-0.37023319924433934f,-0.8276169533982205f,-0.42187386340605326f,-0.19250596484994753f,0f,0f,0f,1f], start_interpolation: 0, interpolation_duration: 1 }
$data merge entity $(bone_bone7) { transformation: [-0.9289388452300299f,0.2206384767494986f,0.2973067177181835f,-0.8652647639606672f,0f,0.8030255480194599f,-0.5959446024825178f,-0.234375f,-0.37023319924433934f,-0.5535960908511793f,-0.7459616252674091f,-0.24150346530326247f,0f,0f,0f,1f], start_interpolation: 0, interpolation_duration: 1 }
$data merge entity $(bone_octagon2) { transformation: [-0.9289388452300299f,0f,0.37023319924433934f,-0.859375f,0f,1f,0f,-0.40625f,-0.37023319924433934f,0f,-0.9289388452300299f,-0.171875f,0f,0f,0f,1f], start_interpolation: 0, interpolation_duration: 1 }