# This file was generated by Animated Java via MC-Build. It is not recommended to edit this file directly.
$data merge entity $(bone_bone21) { transformation: [-0.5940975732016613f,0.8043929845019143f,1.2246467991473532e-16f,0.6504894570233503f,0.8043929845019143f,0.5940975732016613f,0f,1.0963589490507424f,-7.275596914026249e-17f,9.850972937268559e-17f,-1f,-1.1630703125000004f,0f,0f,0f,1f], start_interpolation: 0, interpolation_duration: 1 }
$data merge entity $(bone_arm4) { transformation: [-0.638678202333355f,0.7694739461893654f,1.2246467991473532e-16f,0.3131104908578907f,0.7694739461893654f,0.638678202333355f,0f,1.5028301946767602f,-7.821552161727289e-17f,9.42333805228089e-17f,-1f,-1.1630703125000004f,0f,0f,0f,1f], start_interpolation: 0, interpolation_duration: 1 }
$data merge entity $(bone_small_arm_base4) { transformation: [0.2940403252323026f,0.9557930147983307f,1.2246467991473532e-16f,0.31803143947585655f,0.9557930147983307f,-0.2940403252323026f,0f,1.5188259881500445f,3.6009554311598607e-17f,1.1705088562201745e-16f,-1f,-1.0693203125000004f,0f,0f,0f,1f], start_interpolation: 0, interpolation_duration: 1 }
$data merge entity $(bone_bone25) { transformation: [-0.9955619646030799f,-0.0941083133185158f,1.2246467991473532e-16f,1.531195361832059e-16f,-0.0941083133185158f,0.9955619646030799f,0f,0.4999999999999999f,-1.2192117733040124e-16f,-1.152494446786766e-17f,-1f,-1.5068203125000004f,0f,0f,0f,1f], start_interpolation: 0, interpolation_duration: 1 }
$data merge entity $(bone_bone16) { transformation: [-0.9905034651457478f,0.13748776503480853f,1.2246467991473532e-16f,-0.6236676290252422f,0.13748776503480853f,0.9905034651457478f,0f,1.1809136843462007f,-1.2130168981351019e-16f,1.6837395137180157e-17f,-1f,-1.1630703125000004f,0f,0f,0f,1f], start_interpolation: 0, interpolation_duration: 1 }
$data merge entity $(bone_arm3) { transformation: [-0.7177770107447985f,-0.6962730519316843f,1.2246467991473532e-16f,-1.00283019467676f,-0.6962730519316843f,0.7177770107447985f,0f,0.8131104908578907f,-8.790233187101727e-17f,-8.52688564380696e-17f,-1f,-1.1630703125000004f,0f,0f,0f,1f], start_interpolation: 0, interpolation_duration: 1 }
$data merge entity $(bone_small_arm_base3) { transformation: [-0.9557930147983307f,0.29404032523230283f,1.2246467991473532e-16f,-1.0188259881500443f,0.29404032523230283f,0.9557930147983307f,0f,0.8180314394758565f,-1.1705088562201745e-16f,3.600955431159864e-17f,-1f,-1.0693203125000004f,0f,0f,0f,1f], start_interpolation: 0, interpolation_duration: 1 }
$data merge entity $(bone_bone15) { transformation: [0.09410831331851557f,-0.9955619646030799f,1.2246467991473532e-16f,1.531195361832059e-16f,-0.9955619646030799f,-0.09410831331851557f,0f,0.4999999999999999f,1.1524944467867632e-17f,-1.2192117733040124e-16f,-1f,-1.5068203125000004f,0f,0f,0f,1f], start_interpolation: 0, interpolation_duration: 1 }
$data merge entity $(bone_bone26) { transformation: [0.37438591356706785f,0.927272984467116f,1.2246467991473532e-16f,0.5419994396835618f,0.927272984467116f,-0.37438591356706785f,0f,-0.07133220873622656f,4.584905106957673e-17f,1.135581892363467e-16f,-1f,-1.1630703125000004f,0f,0f,0f,1f], start_interpolation: 0, interpolation_duration: 1 }
$data merge entity $(bone_arm5) { transformation: [0.8723796907796423f,0.48882888122042867f,1.2246467991473532e-16f,1.0028301946767606f,0.48882888122042867f,-0.8723796907796423f,0f,0.18688950914210953f,1.0683569959544468e-16f,5.986427247173798e-17f,-1f,-1.1630703125000004f,0f,0f,0f,1f], start_interpolation: 0, interpolation_duration: 1 }
$data merge entity $(bone_small_arm_base5) { transformation: [0.9557930147983308f,-0.2940403252323024f,1.2246467991473532e-16f,1.018825988150045f,-0.2940403252323024f,-0.9557930147983308f,0f,0.18196856052414367f,1.1705088562201748e-16f,-3.600955431159858e-17f,-1f,-1.0693203125000004f,0f,0f,0f,1f], start_interpolation: 0, interpolation_duration: 1 }
$data merge entity $(bone_bone20) { transformation: [-0.09410831331851602f,0.9955619646030799f,1.2246467991473532e-16f,1.531195361832059e-16f,0.9955619646030799f,0.09410831331851602f,0f,0.4999999999999999f,-1.1524944467867688e-17f,1.2192117733040124e-16f,-1f,-1.5068203125000004f,0f,0f,0f,1f], start_interpolation: 0, interpolation_duration: 1 }
$data merge entity $(bone_bone11) { transformation: [-0.23574026990774938f,0.9718160963597083f,1.2246467991473532e-16f,-0.6582770662005215f,0.9718160963597083f,0.23574026990774938f,0f,-0.10295086838208861f,-2.8869856697265844e-17f,1.1901314717667925e-16f,-1f,-1.1630703125000004f,0f,0f,0f,1f], start_interpolation: 0, interpolation_duration: 1 }
$data merge entity $(bone_arm2) { transformation: [-0.653420603990106f,0.7569950556517562f,1.2246467991473532e-16f,-0.31311049085789044f,0.7569950556517562f,0.653420603990106f,0f,-0.5028301946767603f,-8.002094511734137e-17f,9.270515718742956e-17f,-1f,-1.1630703125000004f,0f,0f,0f,1f], start_interpolation: 0, interpolation_duration: 1 }
$data merge entity $(bone_small_arm_base2) { transformation: [0.2940403252323026f,0.9557930147983307f,1.2246467991473532e-16f,-0.3180314394758563f,0.9557930147983307f,-0.2940403252323026f,0f,-0.5188259881500447f,3.6009554311598607e-17f,1.1705088562201745e-16f,-1f,-1.0693203125000004f,0f,0f,0f,1f], start_interpolation: 0, interpolation_duration: 1 }
$data merge entity $(bone_bone2) { transformation: [-0.9955619646030799f,-0.0941083133185158f,1.2246467991473532e-16f,1.531195361832059e-16f,-0.0941083133185158f,0.9955619646030799f,0f,0.4999999999999999f,-1.2192117733040124e-16f,-1.152494446786766e-17f,-1f,-1.5068203125000004f,0f,0f,0f,1f], start_interpolation: 0, interpolation_duration: 1 }
$data merge entity $(bone_ring) { transformation: [-1.7912640351771214f,-0.16932430431474516f,2.2034447328268763e-16f,1.1102230246251565e-16f,-0.16932430431474516f,1.7912640351771214f,0f,0.4999999999999999f,-2.1936657671074336e-16f,-2.0736246729690502e-17f,-1.799249166666667f,-1.1630703125000004f,0f,0f,0f,1f], start_interpolation: 0, interpolation_duration: 1 }
$data merge entity $(bone_wheel) { transformation: [-1f,9.907600726170932e-17f,7.198293278059947e-17f,1.0625f,0f,0.5877852522924715f,-0.8090169943749487f,-0.625f,-1.2246467991473532e-16f,-0.8090169943749487f,-0.5877852522924715f,-1.2880703125000001f,0f,0f,0f,1f], start_interpolation: 0, interpolation_duration: 1 }
$data merge entity $(bone_wheel2) { transformation: [-1f,9.907600726170932e-17f,7.198293278059947e-17f,1.0625f,0f,0.5877852522924715f,-0.8090169943749487f,-0.625f,-1.2246467991473532e-16f,-0.8090169943749487f,-0.5877852522924715f,-1.0380703125000001f,0f,0f,0f,1f], start_interpolation: 0, interpolation_duration: 1 }
$data merge entity $(bone_rails) { transformation: [-1.1373008333333334f,0f,1.3927918252092842e-16f,-0.43749999999999994f,0f,1.1373008333333334f,0f,-1f,-1.3927918252092842e-16f,0f,-1.1373008333333334f,-0.7255703125000004f,0f,0f,0f,1f], start_interpolation: 0, interpolation_duration: 1 }
$data merge entity $(bone_wheel3) { transformation: [-1f,9.907600726170932e-17f,7.198293278059947e-17f,-1.0625f,0f,0.5877852522924715f,-0.8090169943749487f,-0.625f,-1.2246467991473532e-16f,-0.8090169943749487f,-0.5877852522924715f,-1.0380703125000004f,0f,0f,0f,1f], start_interpolation: 0, interpolation_duration: 1 }
$data merge entity $(bone_wheel4) { transformation: [-1f,9.907600726170932e-17f,7.198293278059947e-17f,-1.0625f,0f,0.5877852522924715f,-0.8090169943749487f,-0.625f,-1.2246467991473532e-16f,-0.8090169943749487f,-0.5877852522924715f,-1.2880703125000004f,0f,0f,0f,1f], start_interpolation: 0, interpolation_duration: 1 }
$data merge entity $(bone_rails2) { transformation: [-1.2038220833333333f,0f,1.4742568610970649e-16f,0.4375f,0f,1.2038220833333333f,0f,-1f,-1.4742568610970649e-16f,0f,-1.2038220833333333f,-0.7255703125000003f,0f,0f,0f,1f], start_interpolation: 0, interpolation_duration: 1 }
$data merge entity $(bone_bone6) { transformation: [-0.7244551337251224f,-0.010427176973820257f,-0.6892430871613233f,0.41081026031675244f,0f,0.9998855846968343f,-0.015126715290167791f,0.6354976334150981f,0.6893219561419142f,-0.010958626548360356f,-0.7243722449713673f,-0.5072988558796179f,0f,0f,0f,1f], start_interpolation: 0, interpolation_duration: 1 }
$data merge entity $(bone_bone5) { transformation: [-0.7244551337251224f,-0.18979111865337578f,-0.6626794779526639f,0.32258778811108546f,0f,0.9613497322232905f,-0.27533015155301765f,0.6023952469788751f,0.6893219561419142f,-0.1994643417618996f,-0.6964547488144345f,-0.6000178275152164f,0f,0f,0f,1f], start_interpolation: 0, interpolation_duration: 1 }
$data merge entity $(bone_bone4) { transformation: [-0.7244551337251224f,-0.18979111865337578f,-0.6626794779526639f,1.0952154975725816f,0f,0.9613497322232905f,-0.27533015155301765f,0.19869455243977463f,0.6893219561419142f,-0.1994643417618996f,-0.6964547488144345f,-0.06001745865850533f,0f,0f,0f,1f], start_interpolation: 0, interpolation_duration: 1 }
$data merge entity $(bone_bone3) { transformation: [-0.7244551337251224f,-0.1166918666514235f,-0.6793730694373463f,0.8389316006700405f,0f,0.9855671408462731f,-0.16928499899312588f,-0.234375f,0.6893219561419142f,-0.12263938658322221f,-0.7139991748168732f,-0.23869475698725484f,0f,0f,0f,1f], start_interpolation: 0, interpolation_duration: 1 }
$data merge entity $(bone_octagon) { transformation: [-0.7244551337251224f,0f,-0.6893219561419142f,0.859375f,0f,1f,0f,-0.40625f,0.6893219561419142f,0f,-0.7244551337251224f,-0.1718749999999999f,0f,0f,0f,1f], start_interpolation: 0, interpolation_duration: 1 }
$data merge entity $(bone_bone10) { transformation: [-0.8943232917349044f,-0.004283777402958544f,0.44740082600684483f,-0.5080788775336578f,0f,0.9999541646689392f,0.009574370018122225f,0.1856515344469491f,-0.44742133371179915f,0.008562582110895112f,-0.8942823001307524f,-0.6645254125075752f,0f,0f,0f,1f], start_interpolation: 0, interpolation_duration: 1 }
$data merge entity $(bone_bone9) { transformation: [-0.8943232917349044f,0.3465141409438873f,0.28304381283886937f,-0.4694907611685287f,0f,0.6326113475429146f,-0.7744694202871651f,0.08546431617769618f,-0.44742133371179915f,-0.6926260412992407f,-0.565759062723433f,-0.7416568513757564f,0f,0f,0f,1f], start_interpolation: 0, interpolation_duration: 1 }
$data merge entity $(bone_bone8) { transformation: [-0.8943232917349044f,0.3465141409438873f,0.28304381283886937f,-0.9982945542787249f,0f,0.6326113475429146f,-0.7744694202871651f,0.2624180361024351f,-0.44742133371179915f,-0.6926260412992407f,-0.565759062723433f,-0.10373119287314966f,0f,0f,0f,1f], start_interpolation: 0, interpolation_duration: 1 }
$data merge entity $(bone_bone7) { transformation: [-0.8943232917349044f,0.18564696500816055f,0.40708850910300076f,-0.8593587695097283f,0f,0.9098549363433388f,-0.4149264932631548f,-0.234375f,-0.44742133371179915f,-0.37107842728312523f,-0.8137044616718266f,-0.24175212241192526f,0f,0f,0f,1f], start_interpolation: 0, interpolation_duration: 1 }
$data merge entity $(bone_octagon2) { transformation: [-0.8943232917349044f,0f,0.44742133371179915f,-0.859375f,0f,1f,0f,-0.40625f,-0.44742133371179915f,0f,-0.8943232917349044f,-0.171875f,0f,0f,0f,1f], start_interpolation: 0, interpolation_duration: 1 }