# This file was generated by Animated Java via MC-Build. It is not recommended to edit this file directly.
$data merge entity $(bone_bone21) { transformation: [-0.31600135983639593f,0.9487587367616431f,1.2246467991473532e-16f,0.670411403254541f,0.9487587367616431f,0.31600135983639593f,0f,1.076812594328326f,-3.8699005384985346e-17f,1.1618943501382326e-16f,-1f,-1.1224374999999998f,0f,0f,0f,1f], start_interpolation: 0, interpolation_duration: 1 }
$data merge entity $(bone_arm4) { transformation: [-0.6170533942074354f,0.786921284943471f,1.2246467991473532e-16f,0.3444556473730629f,0.786921284943471f,0.6170533942074354f,0f,1.492500320319093f,-7.556724641191459e-17f,9.63700632786944e-17f,-1f,-1.1224374999999998f,0f,0f,0f,1f], start_interpolation: 0, interpolation_duration: 1 }
$data merge entity $(bone_small_arm_base4) { transformation: [0.32391741819815045f,0.9460853588275451f,1.2246467991473532e-16f,0.3498766078149953f,0.9460853588275451f,-0.32391741819815045f,0f,1.5083336501024212f,3.966844293844395e-17f,1.1586204064083283e-16f,-1f,-1.0286874999999998f,0f,0f,0f,1f], start_interpolation: 0, interpolation_duration: 1 }
$data merge entity $(bone_bone25) { transformation: [-0.9980267284282717f,-0.06279051952931237f,1.2246467991473532e-16f,1.531195361832059e-16f,-0.06279051952931237f,0.9980267284282717f,0f,0.4999999999999999f,-1.2222302384331876e-16f,-7.689620875837178e-18f,-1f,-1.4661874999999998f,0f,0f,0f,1f], start_interpolation: 0, interpolation_duration: 1 }
$data merge entity $(bone_bone16) { transformation: [-0.9757727178092475f,0.21878666133737462f,1.2246467991473532e-16f,-0.603909970926263f,0.21878666133737462f,0.9757727178092475f,0f,1.2022837914456042f,-1.194976935560408e-16f,2.6793638450295174e-17f,-1f,-1.1224374999999998f,0f,0f,0f,1f], start_interpolation: 0, interpolation_duration: 1 }
$data merge entity $(bone_arm3) { transformation: [-0.7356243592037883f,-0.6773896974017365f,1.2246467991473532e-16f,-0.9925003203190926f,-0.6773896974017365f,0.7356243592037883f,0f,0.8444556473730629f,-9.008800168737421e-17f,-8.295631246984305e-17f,-1f,-1.1224374999999998f,0f,0f,0f,1f], start_interpolation: 0, interpolation_duration: 1 }
$data merge entity $(bone_small_arm_base3) { transformation: [-0.9460853588275451f,0.3239174181981506f,1.2246467991473532e-16f,-1.008333650102421f,0.3239174181981506f,0.9460853588275451f,0f,0.8498766078149953f,-1.158620406408328e-16f,3.9668442938443975e-17f,-1f,-1.0286874999999998f,0f,0f,0f,1f], start_interpolation: 0, interpolation_duration: 1 }
$data merge entity $(bone_bone15) { transformation: [0.06279051952931215f,-0.9980267284282717f,1.2246467991473532e-16f,1.531195361832059e-16f,-0.9980267284282717f,-0.06279051952931215f,0f,0.4999999999999999f,7.68962087583715e-18f,-1.2222302384331876e-16f,-1f,-1.4661874999999998f,0f,0f,0f,1f], start_interpolation: 0, interpolation_duration: 1 }
$data merge entity $(bone_bone26) { transformation: [0.7131392295000702f,0.7010224242833081f,1.2246467991473532e-16f,0.5572067454234024f,0.7010224242833081f,-0.7131392295000702f,0f,-0.143726334187141f,8.733436747536709e-17f,8.585048680290709e-17f,-1f,-1.1224374999999998f,0f,0f,0f,1f], start_interpolation: 0, interpolation_duration: 1 }
$data merge entity $(bone_arm5) { transformation: [0.8240363086692691f,0.5665369908441331f,1.2246467991473532e-16f,0.9925003203190933f,0.5665369908441331f,-0.8240363086692691f,0f,0.15554435262693736f,1.0091534277930208e-16f,6.938077124358409e-17f,-1f,-1.1224374999999998f,0f,0f,0f,1f], start_interpolation: 0, interpolation_duration: 1 }
$data merge entity $(bone_small_arm_base5) { transformation: [0.9460853588275452f,-0.32391741819815023f,1.2246467991473532e-16f,1.0083336501024216f,-0.32391741819815023f,-0.9460853588275452f,0f,0.15012339218500492f,1.1586204064083283e-16f,-3.9668442938443926e-17f,-1f,-1.0286874999999998f,0f,0f,0f,1f], start_interpolation: 0, interpolation_duration: 1 }
$data merge entity $(bone_bone20) { transformation: [-0.0627905195293126f,0.9980267284282717f,1.2246467991473532e-16f,1.531195361832059e-16f,0.9980267284282717f,0.0627905195293126f,0f,0.4999999999999999f,-7.689620875837206e-18f,1.2222302384331876e-16f,-1f,-1.4661874999999998f,0f,0f,0f,1f], start_interpolation: 0, interpolation_duration: 1 }
$data merge entity $(bone_bone11) { transformation: [-0.1866413562176047f,0.9824281165302902f,1.2246467991473532e-16f,-0.7160208217808863f,0.9824281165302902f,0.1866413562176047f,0f,-0.11702360799338302f,-2.2856973948041058e-17f,1.2031274483011829e-16f,-1f,-1.1224374999999998f,0f,0f,0f,1f], start_interpolation: 0, interpolation_duration: 1 }
$data merge entity $(bone_arm2) { transformation: [-0.7033947028105036f,0.7107994738729928f,1.2246467991473532e-16f,-0.3444556473730626f,0.7107994738729928f,0.7033947028105036f,0f,-0.49250032031909324f,-8.614100713340872e-17f,8.704783005141834e-17f,-1f,-1.1224374999999998f,0f,0f,0f,1f], start_interpolation: 0, interpolation_duration: 1 }
$data merge entity $(bone_small_arm_base2) { transformation: [0.32391741819815045f,0.9460853588275451f,1.2246467991473532e-16f,-0.3498766078149951f,0.9460853588275451f,-0.32391741819815045f,0f,-0.5083336501024215f,3.966844293844395e-17f,1.1586204064083283e-16f,-1f,-1.0286874999999998f,0f,0f,0f,1f], start_interpolation: 0, interpolation_duration: 1 }
$data merge entity $(bone_bone2) { transformation: [-0.9980267284282717f,-0.06279051952931237f,1.2246467991473532e-16f,1.531195361832059e-16f,-0.06279051952931237f,0.9980267284282717f,0f,0.4999999999999999f,-1.2222302384331876e-16f,-7.689620875837178e-18f,-1f,-1.4661874999999998f,0f,0f,0f,1f], start_interpolation: 0, interpolation_duration: 1 }
$data merge entity $(bone_ring) { transformation: [-1.7956987594356277f,-0.11297578993768237f,2.2034447328268763e-16f,1.1102230246251565e-16f,-0.11297578993768237f,1.7956987594356277f,0f,0.4999999999999999f,-2.1990967379757146e-16f,-1.3835543952832648e-17f,-1.799249166666667f,-1.1224374999999998f,0f,0f,0f,1f], start_interpolation: 0, interpolation_duration: 1 }
$data merge entity $(bone_wheel) { transformation: [-1f,7.198293278059947e-17f,9.90760072617093e-17f,1.0625f,0f,0.8090169943749486f,-0.5877852522924715f,-0.625f,-1.2246467991473532e-16f,-0.5877852522924715f,-0.8090169943749486f,-1.2474374999999995f,0f,0f,0f,1f], start_interpolation: 0, interpolation_duration: 1 }
$data merge entity $(bone_wheel2) { transformation: [-1f,7.198293278059947e-17f,9.90760072617093e-17f,1.0625f,0f,0.8090169943749486f,-0.5877852522924715f,-0.625f,-1.2246467991473532e-16f,-0.5877852522924715f,-0.8090169943749486f,-0.9974374999999995f,0f,0f,0f,1f], start_interpolation: 0, interpolation_duration: 1 }
$data merge entity $(bone_rails) { transformation: [-1.1373008333333334f,0f,1.3927918252092842e-16f,-0.43749999999999994f,0f,1.1373008333333334f,0f,-1f,-1.3927918252092842e-16f,0f,-1.1373008333333334f,-0.6849374999999998f,0f,0f,0f,1f], start_interpolation: 0, interpolation_duration: 1 }
$data merge entity $(bone_wheel3) { transformation: [-1f,7.198293278059947e-17f,9.90760072617093e-17f,-1.0625f,0f,0.8090169943749486f,-0.5877852522924715f,-0.625f,-1.2246467991473532e-16f,-0.5877852522924715f,-0.8090169943749486f,-0.9974374999999998f,0f,0f,0f,1f], start_interpolation: 0, interpolation_duration: 1 }
$data merge entity $(bone_wheel4) { transformation: [-1f,7.198293278059947e-17f,9.90760072617093e-17f,-1.0625f,0f,0.8090169943749486f,-0.5877852522924715f,-0.625f,-1.2246467991473532e-16f,-0.5877852522924715f,-0.8090169943749486f,-1.2474374999999998f,0f,0f,0f,1f], start_interpolation: 0, interpolation_duration: 1 }
$data merge entity $(bone_rails2) { transformation: [-1.2038220833333333f,0f,1.4742568610970649e-16f,0.4375f,0f,1.2038220833333333f,0f,-1f,-1.4742568610970649e-16f,0f,-1.2038220833333333f,-0.6849374999999996f,0f,0f,0f,1f], start_interpolation: 0, interpolation_duration: 1 }
$data merge entity $(bone_bone6) { transformation: [-0.7175982134572815f,-0.009819109200580683f,-0.6963881023807232f,0.5124741973346383f,0f,0.9999006090715166f,-0.014098651652197036f,0.6443667486305734f,0.696457323920797f,-0.010117167237773131f,-0.717526890704568f,-0.3946961132391056f,0f,0f,0f,1f], start_interpolation: 0, interpolation_duration: 1 }
$data merge entity $(bone_bone5) { transformation: [-0.7175982134572815f,-0.12050829064518703f,-0.6859522985810987f,0.42141277910403296f,0f,0.9849164837831574f,-0.17303040187268037f,0.6248639463832146f,0.696457323920797f,-0.12416630725763089f,-0.7067743091674213f,-0.4885216913366948f,0f,0f,0f,1f], start_interpolation: 0, interpolation_duration: 1 }
$data merge entity $(bone_bone4) { transformation: [-0.7175982134572815f,-0.12050829064518703f,-0.6859522985810987f,1.116325337153566f,0f,0.9849164837831574f,-0.17303040187268037f,0.17687911417894858f,0.696457323920797f,-0.12416630725763089f,-0.7067743091674213f,-0.04173478928559199f,0f,0f,0f,1f], start_interpolation: 0, interpolation_duration: 1 }
$data merge entity $(bone_bone3) { transformation: [-0.7175982134572815f,-0.07095580323399026f,-0.6928333695993122f,0.8382713614254902f,0f,0.994796588108108f,-0.1018810497024216f,-0.234375f,0.696457323920797f,-0.07310965925161024f,-0.7138642543797774f,-0.2384891797136049f,0f,0f,0f,1f], start_interpolation: 0, interpolation_duration: 1 }
$data merge entity $(bone_octagon) { transformation: [-0.7175982134572815f,0f,-0.696457323920797f,0.859375f,0f,1f,0f,-0.40625f,0.696457323920797f,0f,-0.7175982134572815f,-0.1718749999999999f,0f,0f,0f,1f], start_interpolation: 0, interpolation_duration: 1 }
$data merge entity $(bone_bone10) { transformation: [-0.8341446203611483f,-0.177820420558224f,0.522094484126247f,-0.5147407144913125f,0f,0.9466022565393479f,0.32240373433726643f,0.37675229809742045f,-0.5515457844300468f,0.26893134058177565f,-0.7896031799140208f,-0.5231148076784686f,0f,0f,0f,1f], start_interpolation: 0, interpolation_duration: 1 }
$data merge entity $(bone_bone9) { transformation: [-0.8341446203611483f,0.29222881486046254f,0.4677660441799994f,-0.4519265932888443f,0f,0.8481001167715874f,-0.5298360047524328f,0.30962973852565245f,-0.5515457844300468f,-0.44195985303788565f,-0.7074381499326814f,-0.618113378536728f,0f,0f,0f,1f], start_interpolation: 0, interpolation_duration: 1 }
$data merge entity $(bone_bone8) { transformation: [-0.8341446203611483f,0.29222881486046254f,0.4677660441799994f,-1.0530091941925848f,0f,0.8481001167715874f,-0.5298360047524328f,0.2210150293216001f,-0.5515457844300468f,-0.44195985303788565f,-0.7074381499326814f,-0.04900411000898827f,0f,0f,0f,1f], start_interpolation: 0, interpolation_duration: 1 }
$data merge entity $(bone_bone7) { transformation: [-0.8341446203611483f,0.13501827117759846f,0.5347642646725453f,-0.8509704078594079f,0f,0.969573659646691f,-0.244799751877576f,-0.234375f,-0.5515457844300468f,-0.20419839609442395f,-0.8087646522381583f,-0.24124484453601075f,0f,0f,0f,1f], start_interpolation: 0, interpolation_duration: 1 }
$data merge entity $(bone_octagon2) { transformation: [-0.8341446203611483f,0f,0.5515457844300468f,-0.859375f,0f,1f,0f,-0.40625f,-0.5515457844300468f,0f,-0.8341446203611483f,-0.171875f,0f,0f,0f,1f], start_interpolation: 0, interpolation_duration: 1 }