# This file was generated by Animated Java via MC-Build. It is not recommended to edit this file directly.
$data merge entity $(bone_bone21) { transformation: [0.14362216582505788f,0.9896325952007239f,1.2246467991473532e-16f,0.7352102199234037f,0.9896325952007239f,-0.14362216582505788f,0f,0.9869248401323221f,1.758864256642675e-17f,1.211950390044455e-16f,-1f,-1.1224375f,0f,0f,0f,1f], start_interpolation: 0, interpolation_duration: 1 }
$data merge entity $(bone_arm4) { transformation: [-0.5093793890949758f,0.8605420605439512f,1.2246467991473532e-16f,0.4661327861688101f,0.8605420605439512f,0.5093793890949758f,0f,1.4415024187431493f,-6.238098384067965e-17f,1.0538600799768178e-16f,-1f,-1.1224375f,0f,0f,0f,1f], start_interpolation: 0, interpolation_duration: 1 }
$data merge entity $(bone_small_arm_base4) { transformation: [0.4399391698559152f,0.8980275757606156f,1.2246467991473532e-16f,0.47349544313833f,0.8980275757606156f,-0.4399391698559152f,0f,1.456531471490738f,5.387700961835903e-17f,1.0997665962012954e-16f,-1f,-1.0286875f,0f,0f,0f,1f], start_interpolation: 0, interpolation_duration: 1 }
$data merge entity $(bone_bone25) { transformation: [-0.9980267284282716f,0.06279051952931337f,1.2246467991473532e-16f,1.531195361832059e-16f,0.06279051952931337f,0.9980267284282716f,0f,0.4999999999999999f,-1.2222302384331876e-16f,7.6896208758373e-18f,-1f,-1.4661875f,0f,0f,0f,1f], start_interpolation: 0, interpolation_duration: 1 }
$data merge entity $(bone_bone16) { transformation: [-0.8177574374538231f,-0.5755630056639818f,1.2246467991473532e-16f,-0.47559163397212517f,-0.5755630056639818f,0.8177574374538231f,0f,1.2150716962766706f,-1.0014640282567664e-16f,-7.048613925940255e-17f,-1f,-1.1224375000000002f,0f,0f,0f,1f], start_interpolation: 0, interpolation_duration: 1 }
$data merge entity $(bone_arm3) { transformation: [-0.881996485576239f,-0.4712559807908687f,1.2246467991473532e-16f,-0.941502418743149f,-0.4712559807908687f,0.881996485576239f,0f,0.9661327861688102f,-1.0801341729201557e-16f,-5.771221284545841e-17f,-1f,-1.1224375000000002f,0f,0f,0f,1f], start_interpolation: 0, interpolation_duration: 1 }
$data merge entity $(bone_small_arm_base3) { transformation: [-0.8980275757606156f,0.4399391698559154f,1.2246467991473532e-16f,-0.9565314714907378f,0.4399391698559154f,0.8980275757606156f,0f,0.97349544313833f,-1.0997665962012953e-16f,5.3877009618359055e-17f,-1f,-1.0286875000000002f,0f,0f,0f,1f], start_interpolation: 0, interpolation_duration: 1 }
$data merge entity $(bone_bone15) { transformation: [-0.0627905195293136f,-0.9980267284282716f,1.2246467991473532e-16f,1.531195361832059e-16f,-0.9980267284282716f,0.0627905195293136f,0f,0.4999999999999999f,-7.689620875837327e-18f,-1.2222302384331876e-16f,-1f,-1.4661875f,0f,0f,0f,1f], start_interpolation: 0, interpolation_duration: 1 }
$data merge entity $(bone_bone26) { transformation: [0.9802711746217219f,0.19765734037912633f,1.2246467991473532e-16f,0.4704142753433872f,0.19765734037912633f,-0.9802711746217219f,0f,-0.2051294419609059f,1.200485956296908e-16f,2.42060429223276e-17f,-1f,-1.1224374999999998f,0f,0f,0f,1f], start_interpolation: 0, interpolation_duration: 1 }
$data merge entity $(bone_arm5) { transformation: [0.8917975296052141f,0.4524347093117829f,1.2246467991473532e-16f,0.9415024187431494f,0.4524347093117829f,-0.8917975296052141f,0f,0.03386721383119016f,1.0921369901185425e-16f,5.540727185818382e-17f,-1f,-1.1224374999999998f,0f,0f,0f,1f], start_interpolation: 0, interpolation_duration: 1 }
$data merge entity $(bone_small_arm_base5) { transformation: [0.8980275757606158f,-0.43993916985591497f,1.2246467991473532e-16f,0.9565314714907382f,-0.43993916985591497f,-0.8980275757606158f,0f,0.026504556861670248f,1.0997665962012955e-16f,-5.3877009618359006e-17f,-1f,-1.0286874999999998f,0f,0f,0f,1f], start_interpolation: 0, interpolation_duration: 1 }
$data merge entity $(bone_bone20) { transformation: [0.06279051952931315f,0.9980267284282716f,1.2246467991473532e-16f,1.531195361832059e-16f,0.9980267284282716f,-0.06279051952931315f,0f,0.4999999999999999f,7.689620875837272e-18f,1.2222302384331876e-16f,-1f,-1.4661875f,0f,0f,0f,1f], start_interpolation: 0, interpolation_duration: 1 }
$data merge entity $(bone_bone11) { transformation: [-0.3673219489245638f,0.9300938586176452f,1.2246467991473532e-16f,-0.7453382312903036f,0.9300938586176452f,0.3673219489245638f,0f,0.00692568000418492f,-4.498396490070349e-17f,1.1390364668627101e-16f,-1f,-1.1224375f,0f,0f,0f,1f], start_interpolation: 0, interpolation_duration: 1 }
$data merge entity $(bone_arm2) { transformation: [-0.52855230958419f,0.8489007339101661f,1.2246467991473532e-16f,-0.4661327861688098f,0.8489007339101661f,0.52855230958419f,0f,-0.4415024187431494f,-6.472898941142193e-17f,1.0396035665769239e-16f,-1f,-1.1224375f,0f,0f,0f,1f], start_interpolation: 0, interpolation_duration: 1 }
$data merge entity $(bone_small_arm_base2) { transformation: [0.4399391698559152f,0.8980275757606156f,1.2246467991473532e-16f,-0.47349544313832975f,0.8980275757606156f,-0.4399391698559152f,0f,-0.45653147149073814f,5.387700961835903e-17f,1.0997665962012954e-16f,-1f,-1.0286875f,0f,0f,0f,1f], start_interpolation: 0, interpolation_duration: 1 }
$data merge entity $(bone_bone2) { transformation: [-0.9980267284282716f,0.06279051952931337f,1.2246467991473532e-16f,1.531195361832059e-16f,0.06279051952931337f,0.9980267284282716f,0f,0.4999999999999999f,-1.2222302384331876e-16f,7.6896208758373e-18f,-1f,-1.4661875f,0f,0f,0f,1f], start_interpolation: 0, interpolation_duration: 1 }
$data merge entity $(bone_ring) { transformation: [-1.7956987594356275f,0.11297578993768417f,2.2034447328268763e-16f,1.1102230246251565e-16f,0.11297578993768417f,1.7956987594356275f,0f,0.4999999999999999f,-2.1990967379757146e-16f,1.3835543952832866e-17f,-1.799249166666667f,-1.1224375f,0f,0f,0f,1f], start_interpolation: 0, interpolation_duration: 1 }
$data merge entity $(bone_wheel) { transformation: [-1f,7.198293278059965e-17f,9.907600726170916e-17f,1.0625f,0f,0.8090169943749475f,-0.587785252292473f,-0.625f,-1.2246467991473532e-16f,-0.587785252292473f,-0.8090169943749475f,-1.2474374999999998f,0f,0f,0f,1f], start_interpolation: 0, interpolation_duration: 1 }
$data merge entity $(bone_wheel2) { transformation: [-1f,7.198293278059965e-17f,9.907600726170916e-17f,1.0625f,0f,0.8090169943749475f,-0.587785252292473f,-0.625f,-1.2246467991473532e-16f,-0.587785252292473f,-0.8090169943749475f,-0.9974374999999998f,0f,0f,0f,1f], start_interpolation: 0, interpolation_duration: 1 }
$data merge entity $(bone_rails) { transformation: [-1.1373008333333334f,0f,1.3927918252092842e-16f,-0.43749999999999994f,0f,1.1373008333333334f,0f,-1f,-1.3927918252092842e-16f,0f,-1.1373008333333334f,-0.6849375f,0f,0f,0f,1f], start_interpolation: 0, interpolation_duration: 1 }
$data merge entity $(bone_wheel3) { transformation: [-1f,7.198293278059965e-17f,9.907600726170916e-17f,-1.0625f,0f,0.8090169943749475f,-0.587785252292473f,-0.625f,-1.2246467991473532e-16f,-0.587785252292473f,-0.8090169943749475f,-0.9974375f,0f,0f,0f,1f], start_interpolation: 0, interpolation_duration: 1 }
$data merge entity $(bone_wheel4) { transformation: [-1f,7.198293278059965e-17f,9.907600726170916e-17f,-1.0625f,0f,0.8090169943749475f,-0.587785252292473f,-0.625f,-1.2246467991473532e-16f,-0.587785252292473f,-0.8090169943749475f,-1.2474375000000002f,0f,0f,0f,1f], start_interpolation: 0, interpolation_duration: 1 }
$data merge entity $(bone_rails2) { transformation: [-1.2038220833333333f,0f,1.4742568610970649e-16f,0.4375f,0f,1.2038220833333333f,0f,-1f,-1.4742568610970649e-16f,0f,-1.2038220833333333f,-0.6849374999999999f,0f,0f,0f,1f], start_interpolation: 0, interpolation_duration: 1 }
$data merge entity $(bone_bone6) { transformation: [-0.44263758329858793f,0.013631834236648682f,-0.8965969791087467f,0.6449717686838657f,0f,0.9998844396712279f,0.015202213764930986f,0.5576628072585288f,0.8967006021251384f,0.006729071161697575f,-0.44258643195393504f,-0.17316074482770427f,0f,0f,0f,1f], start_interpolation: 0, interpolation_duration: 1 }
$data merge entity $(bone_bone5) { transformation: [-0.44263758329858793f,-0.07489063850176618f,-0.8935677714176936f,0.5266293607209626f,0f,0.996506268982066f,-0.083517997338553f,0.5500288162225677f,0.8967006021251384f,-0.036968204503875f,-0.44109112664411426f,-0.23157801067796718f,0f,0f,0f,1f], start_interpolation: 0, interpolation_duration: 1 }
$data merge entity $(bone_bone4) { transformation: [-0.44263758329858793f,-0.07489063850176618f,-0.8935677714176936f,1.2009055913529831f,0f,0.996506268982066f,-0.083517997338553f,0.11714169164340327f,0.8967006021251384f,-0.036968204503875f,-0.44109112664411426f,-0.10783548062984535f,0f,0f,0f,1f], start_interpolation: 0, interpolation_duration: 1 }
$data merge entity $(bone_bone3) { transformation: [-0.44263758329858793f,0.05449583533051371f,-0.8950431128069839f,0.8171636368452597f,0f,0.9981515688578481f,0.06077372447543934f,-0.234375f,0.8967006021251384f,0.026900734529862715f,-0.44181939820493193f,-0.2275617427725722f,0f,0f,0f,1f], start_interpolation: 0, interpolation_duration: 1 }
$data merge entity $(bone_octagon) { transformation: [-0.44263758329858793f,0f,-0.8967006021251384f,0.859375f,0f,1f,0f,-0.40625f,0.8967006021251384f,0f,-0.44263758329858793f,-0.1718749999999999f,0f,0f,0f,1f], start_interpolation: 0, interpolation_duration: 1 }
$data merge entity $(bone_bone10) { transformation: [-0.5684182642193029f,-0.8201857150278893f,0.0647770774742478f,-0.6032074064180755f,0f,0.07873337637942815f,0.99689570941192f,0.8220475919701146f,-0.82273973825379f,0.5666537287515941f,-0.04475348913771961f,-0.23490871100458022f,0f,0f,0f,1f], start_interpolation: 0, interpolation_duration: 1 }
$data merge entity $(bone_bone9) { transformation: [-0.5684182642193029f,-0.15742465240501752f,0.8075383308036059f,-0.49702730705597176f,0f,0.9815234311126773f,0.19134198226421f,0.8506856962097964f,-0.82273973825379f,0.10876227743090289f,-0.5579158450036426f,-0.30826691283659446f,0f,0f,0f,1f], start_interpolation: 0, interpolation_duration: 1 }
$data merge entity $(bone_bone8) { transformation: [-0.5684182642193029f,-0.15742465240501752f,0.8075383308036059f,-1.0276537943117212f,0f,0.9815234311126773f,0.19134198226421f,0.255869003749833f,-0.82273973825379f,0.10876227743090289f,-0.5579158450036426f,-0.16956231218498796f,0f,0f,0f,1f], start_interpolation: 0, interpolation_duration: 1 }
$data merge entity $(bone_bone7) { transformation: [-0.5684182642193029f,0.31590987685813876f,0.7596720520102016f,-0.8257168371159913f,0f,0.9233443052386829f,-0.383973038094205f,-0.234375f,-0.82273973825379f,-0.21825728782052028f,-0.5248457672605503f,-0.23311175833413736f,0f,0f,0f,1f], start_interpolation: 0, interpolation_duration: 1 }
$data merge entity $(bone_octagon2) { transformation: [-0.5684182642193029f,0f,0.82273973825379f,-0.859375f,0f,1f,0f,-0.40625f,-0.82273973825379f,0f,-0.5684182642193029f,-0.171875f,0f,0f,0f,1f], start_interpolation: 0, interpolation_duration: 1 }