# This file was generated by Animated Java via MC-Build. It is not recommended to edit this file directly.
$data merge entity $(bone_bone21) { transformation: [-0.24902053691708112f,0.9684982045381025f,1.2246467991473532e-16f,0.7747346597210856f,0.9684982045381025f,0.24902053691708112f,0f,0.5315201908933984f,-3.049622034574588e-17f,1.1860682261675462e-16f,-1f,-1.9375f,0f,0f,0f,1f], start_interpolation: 0, interpolation_duration: 1 }
$data merge entity $(bone_arm4) { transformation: [0.2334453638559053f,0.9723699203976766f,1.2246467991473532e-16f,0.8980511518545007f,0.9723699203976766f,-0.2334453638559053f,0f,1.0451703472250693f,2.8588811762192365e-17f,1.1908097106021814e-16f,-1f,-1.9375f,0f,0f,0f,1f], start_interpolation: 0, interpolation_duration: 1 }
$data merge entity $(bone_small_arm_base4) { transformation: [0.8526401643540922f,0.5224985647159489f,1.2246467991473532e-16f,0.9123206179050691f,0.5224985647159489f,-0.8526401643540922f,0f,1.0539146872671936f,1.0441830481007122e-16f,6.39876194838473e-17f,-1f,-1.84375f,0f,0f,0f,1f], start_interpolation: 0, interpolation_duration: 1 }
$data merge entity $(bone_bone25) { transformation: [-0.8090169943749475f,0.587785252292473f,1.2246467991473532e-16f,2.6414183864572156e-16f,0.587785252292473f,0.8090169943749475f,0f,0.4999999999999999f,-9.907600726170916e-17f,7.198293278059965e-17f,-1f,-2.28125f,0f,0f,0f,1f], start_interpolation: 0, interpolation_duration: 1 }
$data merge entity $(bone_bone16) { transformation: [-0.49192922188918653f,-0.8706351937818155f,1.2246467991473532e-16f,-0.45389546988289275f,-0.8706351937818155f,0.49192922188918653f,0f,0.8777509143975f,-6.024395469936402e-17f,-1.066220603289936e-16f,-1f,-1.9375f,0f,0f,0f,1f], start_interpolation: 0, interpolation_duration: 1 }
$data merge entity $(bone_arm3) { transformation: [-0.17278870476622715f,0.9849589146280213f,1.2246467991473532e-16f,-0.5451703472250689f,0.9849589146280213f,0.17278870476622715f,0f,1.3980511518545007f,-2.116051342207772e-17f,1.2062267820908573e-16f,-1f,-1.9375f,0f,0f,0f,1f], start_interpolation: 0, interpolation_duration: 1 }
$data merge entity $(bone_small_arm_base3) { transformation: [-0.5224985647159487f,0.8526401643540924f,1.2246467991473532e-16f,-0.5539146872671933f,0.8526401643540924f,0.5224985647159487f,0f,1.4123206179050691f,-6.398761948384729e-17f,1.0441830481007124e-16f,-1f,-1.84375f,0f,0f,0f,1f], start_interpolation: 0, interpolation_duration: 1 }
$data merge entity $(bone_bone15) { transformation: [-0.5877852522924732f,-0.8090169943749473f,1.2246467991473532e-16f,2.6414183864572156e-16f,-0.8090169943749473f,0.5877852522924732f,0f,0.4999999999999999f,-7.198293278059968e-17f,-9.907600726170915e-17f,-1f,-2.28125f,0f,0f,0f,1f], start_interpolation: 0, interpolation_duration: 1 }
$data merge entity $(bone_bone26) { transformation: [-0.09874083310368811f,0.9951131834510027f,1.2246467991473532e-16f,0.4173761642828384f,0.9951131834510027f,0.09874083310368811f,0f,0.11450332050699213f,-1.2092264520557445e-17f,1.2186621749026034e-16f,-1f,-1.9375f,0f,0f,0f,1f], start_interpolation: 0, interpolation_duration: 1 }
$data merge entity $(bone_arm5) { transformation: [0.2419218955996682f,-0.9702957262759963f,1.2246467991473532e-16f,0.5451703472250699f,-0.9702957262759963f,-0.2419218955996682f,0f,-0.3980511518545004f,2.962688750897936e-17f,-1.1882695554102552e-16f,-1f,-1.9375f,0f,0f,0f,1f], start_interpolation: 0, interpolation_duration: 1 }
$data merge entity $(bone_small_arm_base5) { transformation: [0.5224985647159491f,-0.852640164354092f,1.2246467991473532e-16f,0.5539146872671942f,-0.852640164354092f,-0.5224985647159491f,0f,-0.4123206179050689f,6.398761948384731e-17f,-1.044183048100712e-16f,-1f,-1.84375f,0f,0f,0f,1f], start_interpolation: 0, interpolation_duration: 1 }
$data merge entity $(bone_bone20) { transformation: [0.5877852522924728f,0.8090169943749476f,1.2246467991473532e-16f,2.6414183864572156e-16f,0.8090169943749476f,-0.5877852522924728f,0f,0.4999999999999999f,7.198293278059963e-17f,9.907600726170917e-17f,-1f,-2.28125f,0f,0f,0f,1f], start_interpolation: 0, interpolation_duration: 1 }
$data merge entity $(bone_bone11) { transformation: [-0.9258202496477448f,0.37796410589127066f,1.2246467991473532e-16f,-0.38467639680819465f,0.37796410589127066f,0.9258202496477448f,0f,0.07928768269982636f,-1.1338028053169142e-16f,4.628725324723358e-17f,-1f,-1.9375f,0f,0f,0f,1f], start_interpolation: 0, interpolation_duration: 1 }
$data merge entity $(bone_arm2) { transformation: [0.971848569585987f,0.23560636195500123f,1.2246467991473532e-16f,-0.8980511518545002f,0.23560636195500123f,-0.971848569585987f,0f,-0.04517034722506947f,1.1901712399994127e-16f,2.88534577026945e-17f,-1f,-1.9375f,0f,0f,0f,1f], start_interpolation: 0, interpolation_duration: 1 }
$data merge entity $(bone_small_arm_base2) { transformation: [0.8526401643540922f,0.5224985647159489f,1.2246467991473532e-16f,-0.9123206179050687f,0.5224985647159489f,-0.8526401643540922f,0f,-0.05391468726719384f,1.0441830481007122e-16f,6.39876194838473e-17f,-1f,-1.84375f,0f,0f,0f,1f], start_interpolation: 0, interpolation_duration: 1 }
$data merge entity $(bone_bone2) { transformation: [-0.8090169943749475f,0.587785252292473f,1.2246467991473532e-16f,2.6414183864572156e-16f,0.587785252292473f,0.8090169943749475f,0f,0.4999999999999999f,-9.907600726170916e-17f,7.198293278059965e-17f,-1f,-2.28125f,0f,0f,0f,1f], start_interpolation: 0, interpolation_duration: 1 }
$data merge entity $(bone_ring) { transformation: [-1.455623152948296f,1.0575721253661887f,2.2034447328268763e-16f,2.220446049250313e-16f,1.0575721253661887f,1.455623152948296f,0f,0.4999999999999999f,-1.7826242350229087e-16f,1.2951523181971663e-16f,-1.799249166666667f,-1.9375f,0f,0f,0f,1f], start_interpolation: 0, interpolation_duration: 1 }
$data merge entity $(bone_wheel) { transformation: [-1f,-2.999519565323715e-32f,1.2246467991473532e-16f,1.0625000000000002f,0f,1f,2.4492935982947064e-16f,-0.625f,-1.2246467991473532e-16f,2.4492935982947064e-16f,-1f,-2.0625f,0f,0f,0f,1f], start_interpolation: 0, interpolation_duration: 1 }
$data merge entity $(bone_wheel2) { transformation: [-1f,-2.999519565323715e-32f,1.2246467991473532e-16f,1.0625000000000002f,0f,1f,2.4492935982947064e-16f,-0.625f,-1.2246467991473532e-16f,2.4492935982947064e-16f,-1f,-1.8124999999999998f,0f,0f,0f,1f], start_interpolation: 0, interpolation_duration: 1 }
$data merge entity $(bone_rails) { transformation: [-1.1373008333333334f,0f,1.3927918252092842e-16f,-0.43749999999999983f,0f,1.1373008333333334f,0f,-1f,-1.3927918252092842e-16f,0f,-1.1373008333333334f,-1.5f,0f,0f,0f,1f], start_interpolation: 0, interpolation_duration: 1 }
$data merge entity $(bone_wheel3) { transformation: [-1f,-2.999519565323715e-32f,1.2246467991473532e-16f,-1.0625f,0f,1f,2.4492935982947064e-16f,-0.625f,-1.2246467991473532e-16f,2.4492935982947064e-16f,-1f,-1.8125000000000002f,0f,0f,0f,1f], start_interpolation: 0, interpolation_duration: 1 }
$data merge entity $(bone_wheel4) { transformation: [-1f,-2.999519565323715e-32f,1.2246467991473532e-16f,-1.0625f,0f,1f,2.4492935982947064e-16f,-0.625f,-1.2246467991473532e-16f,2.4492935982947064e-16f,-1f,-2.0625f,0f,0f,0f,1f], start_interpolation: 0, interpolation_duration: 1 }
$data merge entity $(bone_rails2) { transformation: [-1.2038220833333333f,0f,1.4742568610970649e-16f,0.4375000000000001f,0f,1.2038220833333333f,0f,-1f,-1.4742568610970649e-16f,0f,-1.2038220833333333f,-1.5f,0f,0f,0f,1f], start_interpolation: 0, interpolation_duration: 1 }
$data merge entity $(bone_bone6) { transformation: [0.6034863603024766f,0.20474197160587926f,-0.7706393047280984f,0.6396338534859088f,0f,0.9664723969326334f,0.2567705317346403f,0.556172170659128f,0.7973733209287037f,-0.15495751362946966f,0.5832529091576855f,0.11200806803999779f,0f,0f,0f,1f], start_interpolation: 0, interpolation_duration: 1 }
$data merge entity $(bone_bone5) { transformation: [0.6034863603024766f,-0.18678451253801473f,-0.7751875636288328f,0.5365534943653595f,0f,0.9721764489511248f,-0.2342497643644085f,0.5285356076532313f,0.7973733209287037f,0.14136653769798968f,0.5866952267493007f,0.19002370903470667f,0f,0f,0f,1f], start_interpolation: 0, interpolation_duration: 1 }
$data merge entity $(bone_bone4) { transformation: [0.6034863603024766f,-0.18678451253801473f,-0.7751875636288328f,0.9795941246623189f,0f,0.9721764489511248f,-0.2342497643644085f,0.2133607596117485f,0.7973733209287037f,0.14136653769798968f,0.5866952267493007f,-0.38043552944876746f,0f,0f,0f,1f], start_interpolation: 0, interpolation_duration: 1 }
$data merge entity $(bone_bone3) { transformation: [0.6034863603024766f,-0.17384099472191417f,-0.778192470718501f,0.7906802186825036f,0f,0.9759449561369037f,-0.21801706949442565f,-0.234375f,0.7973733209287037f,0.13157032775300304f,0.5889694694346201f,-0.1590750187601171f,0f,0f,0f,1f], start_interpolation: 0, interpolation_duration: 1 }
$data merge entity $(bone_octagon) { transformation: [0.6034863603024766f,0f,-0.7973733209287037f,0.859375f,0f,1f,0f,-0.40625f,0.7973733209287037f,0f,0.6034863603024766f,-0.1718749999999999f,0f,0f,0f,1f], start_interpolation: 0, interpolation_duration: 1 }
$data merge entity $(bone_bone10) { transformation: [-0.8870108331782216f,0.09077409974470382f,0.45273816344551243f,-0.40013635874904474f,0f,0.9804862439620686f,-0.19658770409452003f,0.6629345124027723f,-0.461748613235034f,-0.17437542320147387f,-0.8697019201765797f,-0.8510316684013395f,0f,0f,0f,1f], start_interpolation: 0, interpolation_duration: 1 }
$data merge entity $(bone_bone9) { transformation: [-0.8870108331782216f,0.09077409974470382f,0.45273816344551243f,-0.3399961680150356f,0f,0.9804862439620686f,-0.19658770409452003f,0.6403034392278667f,-0.461748613235034f,-0.17437542320147387f,-0.8697019201765797f,-0.9665598999140079f,0f,0f,0f,1f], start_interpolation: 0, interpolation_duration: 1 }
$data merge entity $(bone_bone8) { transformation: [-0.8870108331782216f,0.09077409974470382f,0.45273816344551243f,-0.8408980194095261f,0f,0.9804862439620686f,-0.19658770409452003f,0.27199436629383766f,-0.461748613235034f,-0.17437542320147387f,-0.8697019201765797f,-0.4104015029309623f,0f,0f,0f,1f], start_interpolation: 0, interpolation_duration: 1 }
$data merge entity $(bone_bone7) { transformation: [-0.8870108331782216f,0.40878708072616676f,0.21472052639618655f,-0.8582348002096298f,0f,0.46501607203938033f,-0.88530223807752f,-0.234375f,-0.461748613235034f,-0.7852726758116853f,-0.4124742935009147f,-0.24174282123723367f,0f,0f,0f,1f], start_interpolation: 0, interpolation_duration: 1 }
$data merge entity $(bone_octagon2) { transformation: [-0.8870108331782216f,0f,0.461748613235034f,-0.859375f,0f,1f,0f,-0.40625f,-0.461748613235034f,0f,-0.8870108331782216f,-0.171875f,0f,0f,0f,1f], start_interpolation: 0, interpolation_duration: 1 }