# This file was generated by Animated Java via MC-Build. It is not recommended to edit this file directly.
$data merge entity $(bone_bone21) { transformation: [0.13052619222005124f,0.9914448613738105f,1.2246467991473532e-16f,0.709084796687756f,0.9914448613738105f,-0.13052619222005124f,0f,1.0361998149932496f,1.5984848350717793e-17f,1.2141697760125282e-16f,-1f,-1.0625f,0f,0f,0f,1f], start_interpolation: 0, interpolation_duration: 1 }
$data merge entity $(bone_arm4) { transformation: [-0.5735764363510463f,0.8191520442889917f,1.2246467991473532e-16f,0.4060955535822249f,0.8191520442889917f,0.5735764363510463f,0f,1.4689132985987157f,-7.024285468436542e-17f,1.0031719290535245e-16f,-1f,-1.0625f,0f,0f,0f,1f], start_interpolation: 0, interpolation_duration: 1 }
$data merge entity $(bone_small_arm_base4) { transformation: [0.3826834323650896f,0.923879532511287f,1.2246467991473532e-16f,0.41249999999999987f,0.923879532511287f,-0.3826834323650896f,0f,1.484375f,4.686520405326297e-17f,1.1314261122877005e-16f,-1f,-0.96875f,0f,0f,0f,1f], start_interpolation: 0, interpolation_duration: 1 }
$data merge entity $(bone_bone25) { transformation: [-1f,-2.4492935982947064e-16f,1.2246467991473532e-16f,1.531195361832059e-16f,-2.4492935982947064e-16f,1f,0f,0.4999999999999999f,-1.2246467991473532e-16f,-2.999519565323715e-32f,-1f,-1.40625f,0f,0f,0f,1f], start_interpolation: 0, interpolation_duration: 1 }
$data merge entity $(bone_bone16) { transformation: [-0.9396926207859085f,0.34202014332566866f,1.2246467991473532e-16f,-0.5642536729655542f,0.34202014332566866f,0.9396926207859085f,0f,1.2456452962033469f,-1.1507915602278508e-16f,4.188538737676992e-17f,-1f,-1.0625f,0f,0f,0f,1f], start_interpolation: 0, interpolation_duration: 1 }
$data merge entity $(bone_arm3) { transformation: [-0.7660444431189781f,-0.6427876096865394f,1.2246467991473532e-16f,-0.9689132985987157f,-0.6427876096865394f,0.7660444431189781f,0f,0.9060955535822248f,-9.381338752702733e-17f,-7.871877887341988e-17f,-1f,-1.0625f,0f,0f,0f,1f], start_interpolation: 0, interpolation_duration: 1 }
$data merge entity $(bone_small_arm_base3) { transformation: [-0.9238795325112868f,0.38268343236508984f,1.2246467991473532e-16f,-0.9843749999999999f,0.38268343236508984f,0.9238795325112868f,0f,0.9124999999999999f,-1.1314261122877005e-16f,4.686520405326299e-17f,-1f,-0.9687500000000001f,0f,0f,0f,1f], start_interpolation: 0, interpolation_duration: 1 }
$data merge entity $(bone_bone15) { transformation: [2.2884754904439333e-17f,-1f,1.2246467991473532e-16f,1.531195361832059e-16f,-1f,-2.2884754904439333e-17f,0f,0.4999999999999999f,2.802574184299331e-33f,-1.2246467991473532e-16f,-1f,-1.40625f,0f,0f,0f,1f], start_interpolation: 0, interpolation_duration: 1 }
$data merge entity $(bone_bone26) { transformation: [0.9990482215818577f,-0.043619387365335605f,1.2246467991473532e-16f,0.5953872350290903f,-0.043619387365335605f,-0.9990482215818577f,0f,-0.27962161715185074f,1.2234812067540777e-16f,-5.341834311772682e-18f,-1f,-1.0625f,0f,0f,0f,1f], start_interpolation: 0, interpolation_duration: 1 }
$data merge entity $(bone_arm5) { transformation: [0.7071067811865472f,0.7071067811865478f,1.2246467991473532e-16f,0.9689132985987161f,0.7071067811865478f,-0.7071067811865472f,0f,0.09390444641777537f,8.65956056235493e-17f,8.659560562354937e-17f,-1f,-1.0625f,0f,0f,0f,1f], start_interpolation: 0, interpolation_duration: 1 }
$data merge entity $(bone_small_arm_base5) { transformation: [0.9238795325112871f,-0.3826834323650894f,1.2246467991473532e-16f,0.9843750000000003f,-0.3826834323650894f,-0.9238795325112871f,0f,0.08750000000000036f,1.1314261122877008e-16f,-4.6865204053262937e-17f,-1f,-0.9687499999999999f,0f,0f,0f,1f], start_interpolation: 0, interpolation_duration: 1 }
$data merge entity $(bone_bone20) { transformation: [-4.66973964754502e-16f,1f,1.2246467991473532e-16f,1.531195361832059e-16f,1f,4.66973964754502e-16f,0f,0.4999999999999999f,-5.718781712217498e-32f,1.2246467991473532e-16f,-1f,-1.40625f,0f,0f,0f,1f], start_interpolation: 0, interpolation_duration: 1 }
$data merge entity $(bone_bone11) { transformation: [-0.08715574274765864f,0.9961946980917458f,1.2246467991473532e-16f,-0.825180984670206f,0.9961946980917458f,0.08715574274765864f,0f,-0.1473377370561113f,-1.0673500138323008e-17f,1.2199866483456202e-16f,-1f,-1.0625f,0f,0f,0f,1f], start_interpolation: 0, interpolation_duration: 1 }
$data merge entity $(bone_arm2) { transformation: [-0.7933533402912355f,0.6087614290087205f,1.2246467991473532e-16f,-0.4060955535822246f,0.6087614290087205f,0.7933533402912355f,0f,-0.468913298598716f,-9.715776287805223e-17f,7.455177354798983e-17f,-1f,-1.0625f,0f,0f,0f,1f], start_interpolation: 0, interpolation_duration: 1 }
$data merge entity $(bone_small_arm_base2) { transformation: [0.3826834323650896f,0.923879532511287f,1.2246467991473532e-16f,-0.41249999999999964f,0.923879532511287f,-0.3826834323650896f,0f,-0.4843750000000002f,4.686520405326297e-17f,1.1314261122877005e-16f,-1f,-0.96875f,0f,0f,0f,1f], start_interpolation: 0, interpolation_duration: 1 }
$data merge entity $(bone_bone2) { transformation: [-1f,-2.4492935982947064e-16f,1.2246467991473532e-16f,1.531195361832059e-16f,-2.4492935982947064e-16f,1f,0f,0.4999999999999999f,-1.2246467991473532e-16f,-2.999519565323715e-32f,-1f,-1.40625f,0f,0f,0f,1f], start_interpolation: 0, interpolation_duration: 1 }
$data merge entity $(bone_ring) { transformation: [-1.799249166666667f,-4.4068894656537526e-16f,2.2034447328268763e-16f,1.1102230246251565e-16f,-4.4068894656537526e-16f,1.799249166666667f,0f,0.4999999999999999f,-2.2034447328268763e-16f,-5.396883078309058e-32f,-1.799249166666667f,-1.0625f,0f,0f,0f,1f], start_interpolation: 0, interpolation_duration: 1 }
$data merge entity $(bone_wheel) { transformation: [-1f,0f,1.2246467991473532e-16f,1.0625f,0f,1f,0f,-0.625f,-1.2246467991473532e-16f,0f,-1f,-1.1874999999999998f,0f,0f,0f,1f], start_interpolation: 0, interpolation_duration: 1 }
$data merge entity $(bone_wheel2) { transformation: [-1f,0f,1.2246467991473532e-16f,1.0625f,0f,1f,0f,-0.625f,-1.2246467991473532e-16f,0f,-1f,-0.9374999999999998f,0f,0f,0f,1f], start_interpolation: 0, interpolation_duration: 1 }
$data merge entity $(bone_rails) { transformation: [-1.1373008333333334f,0f,1.3927918252092842e-16f,-0.43749999999999994f,0f,1.1373008333333334f,0f,-1f,-1.3927918252092842e-16f,0f,-1.1373008333333334f,-0.625f,0f,0f,0f,1f], start_interpolation: 0, interpolation_duration: 1 }
$data merge entity $(bone_wheel3) { transformation: [-1f,0f,1.2246467991473532e-16f,-1.0625f,0f,1f,0f,-0.625f,-1.2246467991473532e-16f,0f,-1f,-0.9375f,0f,0f,0f,1f], start_interpolation: 0, interpolation_duration: 1 }
$data merge entity $(bone_wheel4) { transformation: [-1f,0f,1.2246467991473532e-16f,-1.0625f,0f,1f,0f,-0.625f,-1.2246467991473532e-16f,0f,-1f,-1.1875f,0f,0f,0f,1f], start_interpolation: 0, interpolation_duration: 1 }
$data merge entity $(bone_rails2) { transformation: [-1.2038220833333333f,0f,1.4742568610970649e-16f,0.4375f,0f,1.2038220833333333f,0f,-1f,-1.4742568610970649e-16f,0f,-1.2038220833333333f,-0.6249999999999999f,0f,0f,0f,1f], start_interpolation: 0, interpolation_duration: 1 }
$data merge entity $(bone_bone6) { transformation: [-0.7071067811865476f,0f,-0.7071067811865475f,0.6684296525753378f,0f,1f,0f,0.62365625f,0.7071067811865475f,0f,-0.7071067811865476f,-0.23023782595218456f,0f,0f,0f,1f], start_interpolation: 0, interpolation_duration: 1 }
$data merge entity $(bone_bone5) { transformation: [-0.7071067811865476f,0f,-0.7071067811865475f,0.5749841656163208f,0f,1f,0f,0.62707125f,0.7071067811865475f,0f,-0.7071067811865476f,-0.32368331291120156f,0f,0f,0f,1f], start_interpolation: 0, interpolation_duration: 1 }
$data merge entity $(bone_bone4) { transformation: [-0.7071067811865476f,0f,-0.7071067811865475f,1.146637129857035f,0f,1f,0f,0.140625f,0.7071067811865475f,0f,-0.7071067811865476f,-0.01719539161544259f,0f,0f,0f,1f], start_interpolation: 0, interpolation_duration: 1 }
$data merge entity $(bone_bone3) { transformation: [-0.7071067811865476f,0f,-0.7071067811865475f,0.8372779130879204f,0f,1f,0f,-0.234375f,0.7071067811865475f,0f,-0.7071067811865476f,-0.23816626073623873f,0f,0f,0f,1f], start_interpolation: 0, interpolation_duration: 1 }
$data merge entity $(bone_octagon) { transformation: [-0.7071067811865476f,0f,-0.7071067811865475f,0.859375f,0f,1f,0f,-0.40625f,0.7071067811865475f,0f,-0.7071067811865476f,-0.1718749999999999f,0f,0f,0f,1f], start_interpolation: 0, interpolation_duration: 1 }
$data merge entity $(bone_bone10) { transformation: [-0.7071067811865472f,-0.5416752204197021f,0.4545194776720438f,-0.6684296525753376f,0f,0.6427876096865393f,0.766044443118978f,0.62365625f,-0.7071067811865478f,0.5416752204197016f,-0.4545194776720434f,-0.23023782595218462f,0f,0f,0f,1f], start_interpolation: 0, interpolation_duration: 1 }
$data merge entity $(bone_bone9) { transformation: [-0.7071067811865472f,0f,0.7071067811865478f,-0.5749841656163206f,0f,1f,0f,0.62707125f,-0.7071067811865478f,0f,-0.7071067811865472f,-0.32368331291120156f,0f,0f,0f,1f], start_interpolation: 0, interpolation_duration: 1 }
$data merge entity $(bone_bone8) { transformation: [-0.7071067811865472f,0f,0.7071067811865478f,-1.146637129857035f,0f,1f,0f,0.140625f,-0.7071067811865478f,0f,-0.7071067811865472f,-0.017195391615442812f,0f,0f,0f,1f], start_interpolation: 0, interpolation_duration: 1 }
$data merge entity $(bone_bone7) { transformation: [-0.7071067811865472f,0f,0.7071067811865478f,-0.8372779130879203f,0f,1f,0f,-0.234375f,-0.7071067811865478f,0f,-0.7071067811865472f,-0.2381662607362388f,0f,0f,0f,1f], start_interpolation: 0, interpolation_duration: 1 }
$data merge entity $(bone_octagon2) { transformation: [-0.7071067811865472f,0f,0.7071067811865478f,-0.859375f,0f,1f,0f,-0.40625f,-0.7071067811865478f,0f,-0.7071067811865472f,-0.171875f,0f,0f,0f,1f], start_interpolation: 0, interpolation_duration: 1 }