# This file was generated by Animated Java via MC-Build. It is not recommended to edit this file directly.
$data merge entity $(bone_bone21) { transformation: [-0.2813411209756743f,0.959607822836054f,1.2246467991473532e-16f,0.7684593429876442f,0.959607822836054f,0.2813411209756743f,0f,0.5091027972087723f,-3.445435032713878e-17f,1.1751806486729334e-16f,-1f,-1.93115625f,0f,0f,0f,1f], start_interpolation: 0, interpolation_duration: 1 }
$data merge entity $(bone_arm4) { transformation: [0.2769031722092493f,0.9608978266290622f,1.2246467991473532e-16f,0.9147322322558017f,0.9608978266290622f,-0.2769031722092493f,0f,1.0166928701975828f,3.391085835198054e-17f,1.176760447688929e-16f,-1f,-1.93115625f,0f,0f,0f,1f], start_interpolation: 0, interpolation_duration: 1 }
$data merge entity $(bone_small_arm_base4) { transformation: [0.8686315144381915f,0.4954586684324075f,1.2246467991473532e-16f,0.9292693235446213f,0.4954586684324075f,-0.8686315144381915f,0f,1.024984680675467f,1.063766803795249e-16f,6.067618724055576e-17f,-1f,-1.83740625f,0f,0f,0f,1f], start_interpolation: 0, interpolation_duration: 1 }
$data merge entity $(bone_bone25) { transformation: [-0.7901550123756903f,0.6129070536529766f,1.2246467991473532e-16f,2.6414183864572156e-16f,0.6129070536529766f,0.7901550123756903f,0f,0.4999999999999999f,-9.676608067361264e-17f,7.505946614309529e-17f,-1f,-2.27490625f,0f,0f,0f,1f], start_interpolation: 0, interpolation_duration: 1 }
$data merge entity $(bone_bone16) { transformation: [-0.41744456810270175f,-0.9087023894331683f,1.2246467991473532e-16f,-0.3422182615499246f,-0.9087023894331683f,0.41744456810270175f,0f,0.9161321407306521f,-5.112221541484229e-17f,-1.112839472596881e-16f,-1f,-1.93115625f,0f,0f,0f,1f], start_interpolation: 0, interpolation_duration: 1 }
$data merge entity $(bone_arm3) { transformation: [-0.3302906837092272f,0.9438792636004308f,1.2246467991473532e-16f,-0.5166928701975826f,0.9438792636004308f,0.3302906837092272f,0f,1.4147322322558014f,-4.044894285926959e-17f,1.1559187189498284e-16f,-1f,-1.93115625f,0f,0f,0f,1f], start_interpolation: 0, interpolation_duration: 1 }
$data merge entity $(bone_small_arm_base3) { transformation: [-0.49545866843240727f,0.8686315144381916f,1.2246467991473532e-16f,-0.5249846806754668f,0.8686315144381916f,0.49545866843240727f,0f,1.429269323544621f,-6.067618724055573e-17f,1.0637668037952492e-16f,-1f,-1.83740625f,0f,0f,0f,1f], start_interpolation: 0, interpolation_duration: 1 }
$data merge entity $(bone_bone15) { transformation: [-0.6129070536529768f,-0.7901550123756902f,1.2246467991473532e-16f,2.6414183864572156e-16f,-0.7901550123756902f,0.6129070536529768f,0f,0.4999999999999999f,-7.505946614309531e-17f,-9.676608067361262e-17f,-1f,-2.27490625f,0f,0f,0f,1f], start_interpolation: 0, interpolation_duration: 1 }
$data merge entity $(bone_bone26) { transformation: [0.02704930381533205f,0.9996341006403828f,1.2246467991473532e-16f,0.4163514032478115f,0.9996341006403828f,-0.02704930381533205f,0f,0.10389579469801496f,3.312584333661068e-18f,1.2241987016677878e-16f,-1f,-1.93115625f,0f,0f,0f,1f], start_interpolation: 0, interpolation_duration: 1 }
$data merge entity $(bone_arm5) { transformation: [0.1899522915116847f,-0.9817933219112159f,1.2246467991473532e-16f,0.5166928701975836f,-0.9817933219112159f,-0.1899522915116847f,0f,-0.4147322322558014f,2.3262446579048956e-17f,-1.2023500491028173e-16f,-1f,-1.93115625f,0f,0f,0f,1f], start_interpolation: 0, interpolation_duration: 1 }
$data merge entity $(bone_small_arm_base5) { transformation: [0.4954586684324077f,-0.8686315144381913f,1.2246467991473532e-16f,0.5249846806754677f,-0.8686315144381913f,-0.4954586684324077f,0f,-0.4292693235446211f,6.067618724055578e-17f,-1.0637668037952489e-16f,-1f,-1.83740625f,0f,0f,0f,1f], start_interpolation: 0, interpolation_duration: 1 }
$data merge entity $(bone_bone20) { transformation: [0.6129070536529764f,0.7901550123756904f,1.2246467991473532e-16f,2.6414183864572156e-16f,0.7901550123756904f,-0.6129070536529764f,0f,0.4999999999999999f,7.505946614309526e-17f,9.676608067361265e-17f,-1f,-2.27490625f,0f,0f,0f,1f], start_interpolation: 0, interpolation_duration: 1 }
$data merge entity $(bone_bone11) { transformation: [-0.8626211439391822f,0.5058505332892882f,1.2246467991473532e-16f,-0.40294152056084487f,0.5058505332892882f,0.8626211439391822f,0f,0.11412650051796061f,-1.0564062228019477e-16f,6.194882364397084e-17f,-1f,-1.93115625f,0f,0f,0f,1f], start_interpolation: 0, interpolation_duration: 1 }
$data merge entity $(bone_arm2) { transformation: [0.9688498824669988f,0.24764875376969533f,1.2246467991473532e-16f,-0.9147322322558011f,0.24764875376969533f,-0.9688498824669988f,0f,-0.016692870197583205f,1.1864989074174992e-16f,3.0328225361688846e-17f,-1f,-1.93115625f,0f,0f,0f,1f], start_interpolation: 0, interpolation_duration: 1 }
$data merge entity $(bone_small_arm_base2) { transformation: [0.8686315144381915f,0.4954586684324075f,1.2246467991473532e-16f,-0.9292693235446209f,0.4954586684324075f,-0.8686315144381915f,0f,-0.02498468067546733f,1.063766803795249e-16f,6.067618724055576e-17f,-1f,-1.83740625f,0f,0f,0f,1f], start_interpolation: 0, interpolation_duration: 1 }
$data merge entity $(bone_bone2) { transformation: [-0.7901550123756903f,0.6129070536529766f,1.2246467991473532e-16f,2.6414183864572156e-16f,0.6129070536529766f,0.7901550123756903f,0f,0.4999999999999999f,-9.676608067361264e-17f,7.505946614309529e-17f,-1f,-2.27490625f,0f,0f,0f,1f], start_interpolation: 0, interpolation_duration: 1 }
$data merge entity $(bone_ring) { transformation: [-1.4216857475544507f,1.1027725055292403f,2.2034447328268763e-16f,2.220446049250313e-16f,1.1027725055292403f,1.4216857475544507f,0f,0.4999999999999999f,-1.7410629001359701e-16f,1.350506819084091e-16f,-1.799249166666667f,-1.93115625f,0f,0f,0f,1f], start_interpolation: 0, interpolation_duration: 1 }
$data merge entity $(bone_wheel) { transformation: [-1f,-3.7843667304341524e-17f,1.1647083184890923e-16f,1.0625000000000002f,0f,0.9510565162951535f,0.3090169943749476f,-0.625f,-1.2246467991473532e-16f,0.3090169943749476f,-0.9510565162951535f,-2.05615625f,0f,0f,0f,1f], start_interpolation: 0, interpolation_duration: 1 }
$data merge entity $(bone_wheel2) { transformation: [-1f,-3.7843667304341524e-17f,1.1647083184890923e-16f,1.0625000000000002f,0f,0.9510565162951535f,0.3090169943749476f,-0.625f,-1.2246467991473532e-16f,0.3090169943749476f,-0.9510565162951535f,-1.8061562499999997f,0f,0f,0f,1f], start_interpolation: 0, interpolation_duration: 1 }
$data merge entity $(bone_rails) { transformation: [-1.1373008333333334f,0f,1.3927918252092842e-16f,-0.43749999999999983f,0f,1.1373008333333334f,0f,-1f,-1.3927918252092842e-16f,0f,-1.1373008333333334f,-1.49365625f,0f,0f,0f,1f], start_interpolation: 0, interpolation_duration: 1 }
$data merge entity $(bone_wheel3) { transformation: [-1f,-3.7843667304341524e-17f,1.1647083184890923e-16f,-1.0625f,0f,0.9510565162951535f,0.3090169943749476f,-0.625f,-1.2246467991473532e-16f,0.3090169943749476f,-0.9510565162951535f,-1.8061562500000001f,0f,0f,0f,1f], start_interpolation: 0, interpolation_duration: 1 }
$data merge entity $(bone_wheel4) { transformation: [-1f,-3.7843667304341524e-17f,1.1647083184890923e-16f,-1.0625f,0f,0.9510565162951535f,0.3090169943749476f,-0.625f,-1.2246467991473532e-16f,0.3090169943749476f,-0.9510565162951535f,-2.05615625f,0f,0f,0f,1f], start_interpolation: 0, interpolation_duration: 1 }
$data merge entity $(bone_rails2) { transformation: [-1.2038220833333333f,0f,1.4742568610970649e-16f,0.4375000000000001f,0f,1.2038220833333333f,0f,-1f,-1.4742568610970649e-16f,0f,-1.2038220833333333f,-1.49365625f,0f,0f,0f,1f], start_interpolation: 0, interpolation_duration: 1 }
$data merge entity $(bone_bone6) { transformation: [0.4809887689193876f,0.3066840153610568f,-0.8213371529983476f,0.5754879251050555f,0f,0.9368222740453933f,0.349805698713468f,0.6328613541317221f,0.876726755707508f,-0.1682526123851772f,0.4506009922893549f,0.09080261667658794f,0f,0f,0f,1f], start_interpolation: 0, interpolation_duration: 1 }
$data merge entity $(bone_bone5) { transformation: [0.4809887689193876f,-0.1347572883966713f,-0.8663084193273136f,0.4605434470227902f,0f,0.9881167806133772f,-0.15370500274960103f,0.6159233686272767f,0.876726755707508f,0.07393038004928167f,0.47527307385581685f,0.15386331677151593f,0f,0f,0f,1f], start_interpolation: 0, interpolation_duration: 1 }
$data merge entity $(bone_bone4) { transformation: [0.4809887689193876f,-0.1347572883966713f,-0.8663084193273136f,0.9537265957865927f,0f,0.9881167806133772f,-0.15370500274960103f,0.24746018077760168f,0.876726755707508f,0.07393038004928167f,0.47527307385581685f,-0.3305698921054599f,0f,0f,0f,1f], start_interpolation: 0, interpolation_duration: 1 }
$data merge entity $(bone_bone3) { transformation: [0.4809887689193876f,-0.3042641062991771f,-0.8222366799111892f,0.7895486787395499f,0f,0.9378482800466766f,-0.3470455353602612f,-0.234375f,0.876726755707508f,0.16692500481190184f,0.451094489652816f,-0.1692109130583978f,0f,0f,0f,1f], start_interpolation: 0, interpolation_duration: 1 }
$data merge entity $(bone_octagon) { transformation: [0.4809887689193876f,0f,-0.876726755707508f,0.859375f,0f,1f,0f,-0.40625f,0.876726755707508f,0f,0.4809887689193876f,-0.1718749999999999f,0f,0f,0f,1f], start_interpolation: 0, interpolation_duration: 1 }
$data merge entity $(bone_bone10) { transformation: [-0.8870492064652566f,0.09282484253221289f,0.4522468948685312f,-0.3384161625765113f,0f,0.9795787107663375f,-0.20106105891832965f,0.5793165655673645f,-0.4616748913568491f,-0.17835105276456856f,-0.8689345180555388f,-0.9697657457040842f,0f,0f,0f,1f], start_interpolation: 0, interpolation_duration: 1 }
$data merge entity $(bone_bone9) { transformation: [-0.8870492064652566f,0.14666895160693474f,0.43775783710161154f,-0.28006476913785106f,0f,0.9481950292229537f,-0.31768882032089496f,0.5405714783202165f,-0.4616748913568491f,-0.2818056159685334f,-0.8410956482465219f,-1.0818804788527352f,0f,0f,0f,1f], start_interpolation: 0, interpolation_duration: 1 }
$data merge entity $(bone_bone8) { transformation: [-0.8870492064652566f,0.14666895160693474f,0.43775783710161154f,-0.8141000597476971f,0f,0.9481950292229537f,-0.31768882032089496f,0.25010979884672757f,-0.4616748913568491f,-0.2818056159685334f,-0.8410956482465219f,-0.4619299766308635f,0f,0f,0f,1f], start_interpolation: 0, interpolation_duration: 1 }
$data merge entity $(bone_bone7) { transformation: [-0.8870492064652566f,0.43100745269363416f,0.1654577922973201f,-0.8582406069922363f,0f,0.3583859451638023f,-0.9335735184274713f,-0.234375f,-0.4616748913568491f,-0.828125648698066f,-0.3179059682658518f,-0.24174291575898008f,0f,0f,0f,1f], start_interpolation: 0, interpolation_duration: 1 }
$data merge entity $(bone_octagon2) { transformation: [-0.8870492064652566f,0f,0.4616748913568491f,-0.859375f,0f,1f,0f,-0.40625f,-0.4616748913568491f,0f,-0.8870492064652566f,-0.171875f,0f,0f,0f,1f], start_interpolation: 0, interpolation_duration: 1 }