# This file was generated by Animated Java via MC-Build. It is not recommended to edit this file directly.
$data merge entity $(bone_bone21) { transformation: [-0.3276607163837146f,0.9447954566671619f,1.2246467991473532e-16f,0.7694836109004792f,0.9447954566671619f,0.3276607163837146f,0f,0.4846013604569923f,-4.0126864752564467e-17f,1.1570407318564017e-16f,-1f,-1.9129999999999998f,0f,0f,0f,1f], start_interpolation: 0, interpolation_duration: 1 }
$data merge entity $(bone_arm4) { transformation: [0.30483351656787977f,0.9524056526380238f,1.2246467991473532e-16f,0.9305105823808267f,0.9524056526380238f,-0.30483351656787977f,0f,0.987705479688298f,3.7331339033768577e-17f,1.1663605339930018e-16f,-1f,-1.9129999999999998f,0f,0f,0f,1f], start_interpolation: 0, interpolation_duration: 1 }
$data merge entity $(bone_small_arm_base4) { transformation: [0.8837656300886936f,0.4679298142605731f,1.2246467991473532e-16f,0.9453009525538798f,0.4679298142605731f,-0.8837656300886936f,0f,0.9955365775860826f,1.0823007500845624e-16f,5.730487492598263e-17f,-1f,-1.8192499999999998f,0f,0f,0f,1f], start_interpolation: 0, interpolation_duration: 1 }
$data merge entity $(bone_bone25) { transformation: [-0.770513242775789f,0.6374239897486899f,1.2246467991473532e-16f,2.6414183864572156e-16f,0.6374239897486899f,0.770513242775789f,0f,0.4999999999999999f,-9.436065764660175e-17f,7.806192487454684e-17f,-1f,-2.25675f,0f,0f,0f,1f], start_interpolation: 0, interpolation_duration: 1 }
$data merge entity $(bone_bone16) { transformation: [-0.32783771882668694f,-0.9447340525854424f,1.2246467991473532e-16f,-0.2250725180206931f,-0.9447340525854424f,0.32783771882668694f,0f,0.9721795145081116f,-4.014854130008723e-17f,-1.1569655335442695e-16f,-1f,-1.9129999999999998f,0f,0f,0f,1f], start_interpolation: 0, interpolation_duration: 1 }
$data merge entity $(bone_arm3) { transformation: [-0.4971796248527465f,0.8676476362160404f,1.2246467991473532e-16f,-0.4877054796882977f,0.8676476362160404f,0.4971796248527465f,0f,1.4305105823808264f,-6.088694361771978e-17f,1.0625619004797412e-16f,-1f,-1.9129999999999998f,0f,0f,0f,1f], start_interpolation: 0, interpolation_duration: 1 }
$data merge entity $(bone_small_arm_base3) { transformation: [-0.46792981426057295f,0.8837656300886937f,1.2246467991473532e-16f,-0.4955365775860823f,0.8837656300886937f,0.46792981426057295f,0f,1.4453009525538796f,-5.730487492598261e-17f,1.0823007500845627e-16f,-1f,-1.8192499999999998f,0f,0f,0f,1f], start_interpolation: 0, interpolation_duration: 1 }
$data merge entity $(bone_bone15) { transformation: [-0.6374239897486901f,-0.7705132427757889f,1.2246467991473532e-16f,2.6414183864572156e-16f,-0.7705132427757889f,0.6374239897486901f,0f,0.4999999999999999f,-7.806192487454686e-17f,-9.436065764660174e-17f,-1f,-2.25675f,0f,0f,0f,1f], start_interpolation: 0, interpolation_duration: 1 }
$data merge entity $(bone_bone26) { transformation: [0.15241088245912424f,0.988317217753506f,1.2246467991473532e-16f,0.4151009995640647f,0.988317217753506f,-0.15241088245912424f,0f,0.09272170809590857f,1.866494993587902e-17f,1.2103395172640488e-16f,-1f,-1.9129999999999998f,0f,0f,0f,1f], start_interpolation: 0, interpolation_duration: 1 }
$data merge entity $(bone_arm5) { transformation: [0.13744454603714668f,-0.9905094632383089f,1.2246467991473532e-16f,0.4877054796882985f,-0.9905094632383089f,-0.13744454603714668f,0f,-0.43051058238082635f,1.6832102336465256e-17f,-1.213024243679958e-16f,-1f,-1.9129999999999998f,0f,0f,0f,1f], start_interpolation: 0, interpolation_duration: 1 }
$data merge entity $(bone_small_arm_base5) { transformation: [0.46792981426057334f,-0.8837656300886935f,1.2246467991473532e-16f,0.49553657758608316f,-0.8837656300886935f,-0.46792981426057334f,0f,-0.44530095255387947f,5.730487492598266e-17f,-1.0823007500845624e-16f,-1f,-1.8192499999999998f,0f,0f,0f,1f], start_interpolation: 0, interpolation_duration: 1 }
$data merge entity $(bone_bone20) { transformation: [0.6374239897486896f,0.7705132427757891f,1.2246467991473532e-16f,2.6414183864572156e-16f,0.7705132427757891f,-0.6374239897486896f,0f,0.4999999999999999f,7.806192487454681e-17f,9.436065764660176e-17f,-1f,-2.25675f,0f,0f,0f,1f], start_interpolation: 0, interpolation_duration: 1 }
$data merge entity $(bone_bone11) { transformation: [-0.7818685042650138f,0.6234433751660132f,1.2246467991473532e-16f,-0.4203827356028792f,0.6234433751660132f,0.7818685042650138f,0f,0.14945508415326664f,-9.575127611022777e-17f,7.634979338466807e-17f,-1f,-1.9129999999999998f,0f,0f,0f,1f], start_interpolation: 0, interpolation_duration: 1 }
$data merge entity $(bone_arm2) { transformation: [0.9657019814938308f,0.25965300487167287f,1.2246467991473532e-16f,-0.9305105823808262f,0.25965300487167287f,-0.9657019814938308f,0f,0.012294520311701793f,1.1826438405666765e-16f,3.179832213050862e-17f,-1f,-1.9129999999999998f,0f,0f,0f,1f], start_interpolation: 0, interpolation_duration: 1 }
$data merge entity $(bone_small_arm_base2) { transformation: [0.8837656300886936f,0.4679298142605731f,1.2246467991473532e-16f,-0.9453009525538794f,0.4679298142605731f,-0.8837656300886936f,0f,0.004463422413917173f,1.0823007500845624e-16f,5.730487492598263e-17f,-1f,-1.8192499999999998f,0f,0f,0f,1f], start_interpolation: 0, interpolation_duration: 1 }
$data merge entity $(bone_bone2) { transformation: [-0.770513242775789f,0.6374239897486899f,1.2246467991473532e-16f,2.6414183864572156e-16f,0.6374239897486899f,0.770513242775789f,0f,0.4999999999999999f,-9.436065764660175e-17f,7.806192487454684e-17f,-1f,-2.25675f,0f,0f,0f,1f], start_interpolation: 0, interpolation_duration: 1 }
$data merge entity $(bone_ring) { transformation: [-1.3863453099699696f,1.1468845823686724f,2.2034447328268763e-16f,2.220446049250313e-16f,1.1468845823686724f,1.3863453099699696f,0f,0.4999999999999999f,-1.6977833463676685e-16f,1.4045285327892436e-16f,-1.799249166666667f,-1.9129999999999998f,0f,0f,0f,1f], start_interpolation: 0, interpolation_duration: 1 }
$data merge entity $(bone_wheel) { transformation: [-1f,-7.198293278059968e-17f,9.907600726170915e-17f,1.0625000000000002f,0f,0.8090169943749473f,0.5877852522924732f,-0.625f,-1.2246467991473532e-16f,0.5877852522924732f,-0.8090169943749473f,-2.0379999999999994f,0f,0f,0f,1f], start_interpolation: 0, interpolation_duration: 1 }
$data merge entity $(bone_wheel2) { transformation: [-1f,-7.198293278059968e-17f,9.907600726170915e-17f,1.0625000000000002f,0f,0.8090169943749473f,0.5877852522924732f,-0.625f,-1.2246467991473532e-16f,0.5877852522924732f,-0.8090169943749473f,-1.7879999999999996f,0f,0f,0f,1f], start_interpolation: 0, interpolation_duration: 1 }
$data merge entity $(bone_rails) { transformation: [-1.1373008333333334f,0f,1.3927918252092842e-16f,-0.43749999999999983f,0f,1.1373008333333334f,0f,-1f,-1.3927918252092842e-16f,0f,-1.1373008333333334f,-1.4754999999999998f,0f,0f,0f,1f], start_interpolation: 0, interpolation_duration: 1 }
$data merge entity $(bone_wheel3) { transformation: [-1f,-7.198293278059968e-17f,9.907600726170915e-17f,-1.0625f,0f,0.8090169943749473f,0.5877852522924732f,-0.625f,-1.2246467991473532e-16f,0.5877852522924732f,-0.8090169943749473f,-1.788f,0f,0f,0f,1f], start_interpolation: 0, interpolation_duration: 1 }
$data merge entity $(bone_wheel4) { transformation: [-1f,-7.198293278059968e-17f,9.907600726170915e-17f,-1.0625f,0f,0.8090169943749473f,0.5877852522924732f,-0.625f,-1.2246467991473532e-16f,0.5877852522924732f,-0.8090169943749473f,-2.0380000000000003f,0f,0f,0f,1f], start_interpolation: 0, interpolation_duration: 1 }
$data merge entity $(bone_rails2) { transformation: [-1.2038220833333333f,0f,1.4742568610970649e-16f,0.4375000000000001f,0f,1.2038220833333333f,0f,-1f,-1.4742568610970649e-16f,0f,-1.2038220833333333f,-1.4754999999999998f,0f,0f,0f,1f], start_interpolation: 0, interpolation_duration: 1 }
$data merge entity $(bone_bone6) { transformation: [0.3482448529575103f,0.4429665877309845f,-0.8261392888263881f,0.5359725839069236f,0f,0.8813058565919879f,0.4725462804177625f,0.6875570649400033f,0.9374036069850606f,-0.1645618099397021f,0.3069102284394694f,0.04827907803068764f,0f,0f,0f,1f], start_interpolation: 0, interpolation_duration: 1 }
$data merge entity $(bone_bone5) { transformation: [0.3482448529575103f,-0.07029008545310639f,-0.9347645833447035f,0.4122016508925048f,0f,0.9971847519886925f,-0.0749838009255992f,0.6810532009811f,0.9374036069850606f,0.026112722727530513f,0.34726445732777356f,0.09425990213552493f,0f,0f,0f,1f], start_interpolation: 0, interpolation_duration: 1 }
$data merge entity $(bone_bone4) { transformation: [0.3482448529575103f,-0.07029008545310639f,-0.9347645833447035f,0.9381689342261605f,0f,0.9971847519886925f,-0.0749838009255992f,0.263972268291506f,0.9374036069850606f,0.026112722727530513f,0.34726445732777356f,-0.301157180200171f,0f,0f,0f,1f], start_interpolation: 0, interpolation_duration: 1 }
$data merge entity $(bone_bone3) { transformation: [0.3482448529575103f,-0.3961638829334881f,-0.8495761886068038f,0.7899046229085115f,0f,0.9063077870366499f,-0.42261826174069944f,-0.234375f,0.9374036069850606f,0.14717463441704848f,0.3156170220308247f,-0.17940355940843863f,0f,0f,0f,1f], start_interpolation: 0, interpolation_duration: 1 }
$data merge entity $(bone_octagon) { transformation: [0.3482448529575103f,0f,-0.9374036069850606f,0.859375f,0f,1f,0f,-0.40625f,0.9374036069850606f,0f,0.3482448529575103f,-0.1718749999999999f,0f,0f,0f,1f], start_interpolation: 0, interpolation_duration: 1 }
$data merge entity $(bone_bone10) { transformation: [-0.8870875736250662f,0.08630735586366044f,0.4534607778450261f,-0.28063959332095606f,0f,0.982364887614809f,-0.18697386871310007f,0.4833037896033062f,-0.4616011662896798f,-0.1658621955279957f,-0.8714436845686818f,-1.0809692968252442f,0f,0f,0f,1f], start_interpolation: 0, interpolation_duration: 1 }
$data merge entity $(bone_bone9) { transformation: [-0.8870875736250662f,0.1995137423687619f,0.4162570159480845f,-0.22494910875132246f,0f,0.9017676867975256f,-0.43222105345279005f,0.42926450362545826f,-0.4616011662896798f,-0.38341792557710563f,-0.7999469092547057f,-1.1879931529995542f,0f,0f,0f,1f], start_interpolation: 0, interpolation_duration: 1 }
$data merge entity $(bone_bone8) { transformation: [-0.8870875736250662f,0.1995137423687619f,0.4162570159480845f,-0.7913675205601232f,0f,0.9017676867975256f,-0.43222105345279005f,0.22500262721611924f,-0.4616011662896798f,-0.38341792557710563f,-0.7999469092547057f,-0.5056665958123558f,0f,0f,0f,1f], start_interpolation: 0, interpolation_duration: 1 }
$data merge entity $(bone_bone7) { transformation: [-0.8870875736250662f,0.44582815341929083f,0.11963650922163284f,-0.8582464137826783f,0f,0.2591772247528388f,-0.9658297811568125f,-0.234375f,-0.4616011662896798f,-0.8567755971012255f,-0.2299128954448742f,-0.24174300979811914f,0f,0f,0f,1f], start_interpolation: 0, interpolation_duration: 1 }
$data merge entity $(bone_octagon2) { transformation: [-0.8870875736250662f,0f,0.4616011662896798f,-0.859375f,0f,1f,0f,-0.40625f,-0.4616011662896798f,0f,-0.8870875736250662f,-0.171875f,0f,0f,0f,1f], start_interpolation: 0, interpolation_duration: 1 }