# This file was generated by Animated Java via MC-Build. It is not recommended to edit this file directly.
$data merge entity $(bone_bone21) { transformation: [-0.4123886851540746f,0.9110079979653821f,1.2246467991473532e-16f,0.7685895139769214f,0.9110079979653821f,0.4123886851540746f,0f,0.43569651218716754f,-5.0503048327852316e-17f,1.1156630287059436e-16f,-1f,-1.8465000000000003f,0f,0f,0f,1f], start_interpolation: 0, interpolation_duration: 1 }
$data merge entity $(bone_arm4) { transformation: [0.3610218234583994f,0.9325573671291072f,1.2246467991473532e-16f,0.9592977127483433f,0.9325573671291072f,-0.3610218234583994f,0f,0.9283158614346372f,4.421242205206696e-17f,1.1420533946759443e-16f,-1f,-1.8465000000000003f,0f,0f,0f,1f], start_interpolation: 0, interpolation_duration: 1 }
$data merge entity $(bone_small_arm_base4) { transformation: [0.9114032766354453f,0.4115143586051089f,1.2246467991473532e-16f,0.9745506162098854f,0.4115143586051089f,-0.9114032766354453f,0f,0.9352028114223678f,1.1161471054640078e-16f,5.039597420689227e-17f,-1f,-1.7527500000000003f,0f,0f,0f,1f], start_interpolation: 0, interpolation_duration: 1 }
$data merge entity $(bone_bone25) { transformation: [-0.7289686274214116f,0.6845471059286886f,1.2246467991473532e-16f,2.6414183864572156e-16f,0.6845471059286886f,0.7289686274214116f,0f,0.4999999999999999f,-8.927290962504712e-17f,8.383284221411526e-17f,-1f,-2.1902500000000003f,0f,0f,0f,1f], start_interpolation: 0, interpolation_duration: 1 }
$data merge entity $(bone_bone16) { transformation: [-0.16914622750595587f,-0.9855909667405154f,1.2246467991473532e-16f,-0.021800312983993486f,-0.9855909667405154f,0.16914622750595587f,0f,1.1219721293730034f,-2.0714438610301865e-17f,-1.2070008226873172e-16f,-1f,-1.8465000000000003f,0f,0f,0f,1f], start_interpolation: 0, interpolation_duration: 1 }
$data merge entity $(bone_arm3) { transformation: [-0.7695578140389587f,0.6385771455756772f,1.2246467991473532e-16f,-0.42831586143463696f,0.6385771455756772f,0.7695578140389587f,0f,1.459297712748343f,-9.424365137216448e-17f,7.820314573379063e-17f,-1f,-1.8465000000000003f,0f,0f,0f,1f], start_interpolation: 0, interpolation_duration: 1 }
$data merge entity $(bone_small_arm_base3) { transformation: [-0.4115143586051087f,0.9114032766354454f,1.2246467991473532e-16f,-0.4352028114223676f,0.9114032766354454f,0.4115143586051087f,0f,1.4745506162098851f,-5.039597420689223e-17f,1.1161471054640078e-16f,-1f,-1.7527500000000003f,0f,0f,0f,1f], start_interpolation: 0, interpolation_duration: 1 }
$data merge entity $(bone_bone15) { transformation: [-0.6845471059286887f,-0.7289686274214114f,1.2246467991473532e-16f,2.6414183864572156e-16f,-0.7289686274214114f,0.6845471059286887f,0f,0.4999999999999999f,-8.383284221411528e-17f,-8.927290962504709e-17f,-1f,-2.1902500000000003f,0f,0f,0f,1f], start_interpolation: 0, interpolation_duration: 1 }
$data merge entity $(bone_bone26) { transformation: [0.393941909590951f,0.9191353392552347f,1.2246467991473532e-16f,0.4117232653736873f,0.9191353392552347f,-0.393941909590951f,0f,0.06868725492365296f,4.824396986305539e-17f,1.1256161512021397e-16f,-1f,-1.8465000000000003f,0f,0f,0f,1f], start_interpolation: 0, interpolation_duration: 1 }
$data merge entity $(bone_arm5) { transformation: [0.03141075907812857f,-0.9995065603657316f,1.2246467991473532e-16f,0.42831586143463773f,-0.9995065603657316f,-0.03141075907812857f,0f,-0.45929771274834313f,3.8467085563818975e-18f,-1.224042509878674e-16f,-1f,-1.8465000000000003f,0f,0f,0f,1f], start_interpolation: 0, interpolation_duration: 1 }
$data merge entity $(bone_small_arm_base5) { transformation: [0.41151435860510904f,-0.9114032766354452f,1.2246467991473532e-16f,0.4352028114223684f,-0.9114032766354452f,-0.41151435860510904f,0f,-0.47455061620988526f,5.0395974206892293e-17f,-1.1161471054640075e-16f,-1f,-1.7527500000000003f,0f,0f,0f,1f], start_interpolation: 0, interpolation_duration: 1 }
$data merge entity $(bone_bone20) { transformation: [0.6845471059286885f,0.7289686274214117f,1.2246467991473532e-16f,2.6414183864572156e-16f,0.7289686274214117f,-0.6845471059286885f,0f,0.4999999999999999f,8.383284221411523e-17f,8.927290962504714e-17f,-1f,-2.1902500000000003f,0f,0f,0f,1f], start_interpolation: 0, interpolation_duration: 1 }
$data merge entity $(bone_bone11) { transformation: [-0.5745993455587679f,0.8184348429065297f,1.2246467991473532e-16f,-0.45273102400130427f,0.8184348429065297f,0.5745993455587679f,0f,0.2214627424562441f,-7.03681249330709e-17f,1.0022936106761484e-16f,-1f,-1.8465000000000003f,0f,0f,0f,1f], start_interpolation: 0, interpolation_duration: 1 }
$data merge entity $(bone_arm2) { transformation: [0.9589605001405144f,0.28353969593384054f,1.2246467991473532e-16f,-0.9592977127483429f,0.28353969593384054f,-0.9589605001405144f,0f,0.07168413856536253f,1.1743879070058257e-16f,3.472359810565916e-17f,-1f,-1.8465000000000003f,0f,0f,0f,1f], start_interpolation: 0, interpolation_duration: 1 }
$data merge entity $(bone_small_arm_base2) { transformation: [0.9114032766354453f,0.4115143586051089f,1.2246467991473532e-16f,-0.9745506162098849f,0.4115143586051089f,-0.9114032766354453f,0f,0.06479718857763189f,1.1161471054640078e-16f,5.039597420689227e-17f,-1f,-1.7527500000000003f,0f,0f,0f,1f], start_interpolation: 0, interpolation_duration: 1 }
$data merge entity $(bone_bone2) { transformation: [-0.7289686274214116f,0.6845471059286886f,1.2246467991473532e-16f,2.6414183864572156e-16f,0.6845471059286886f,0.7289686274214116f,0f,0.4999999999999999f,-8.927290962504712e-17f,8.383284221411526e-17f,-1f,-2.1902500000000003f,0f,0f,0f,1f], start_interpolation: 0, interpolation_duration: 1 }
$data merge entity $(bone_ring) { transformation: [-1.3115961954141189f,1.2316708098862716f,2.2034447328268763e-16f,2.220446049250313e-16f,1.2316708098862716f,1.3115961954141189f,0f,0.4999999999999999f,-1.606242082487747e-16f,1.5083617149304506e-16f,-1.799249166666667f,-1.8465000000000003f,0f,0f,0f,1f], start_interpolation: 0, interpolation_duration: 1 }
$data merge entity $(bone_wheel) { transformation: [-1f,-1.1647083184890926e-16f,3.784366730434146e-17f,1.0625000000000002f,0f,0.3090169943749471f,0.9510565162951536f,-0.625f,-1.2246467991473532e-16f,0.9510565162951536f,-0.3090169943749471f,-1.9715f,0f,0f,0f,1f], start_interpolation: 0, interpolation_duration: 1 }
$data merge entity $(bone_wheel2) { transformation: [-1f,-1.1647083184890926e-16f,3.784366730434146e-17f,1.0625000000000002f,0f,0.3090169943749471f,0.9510565162951536f,-0.625f,-1.2246467991473532e-16f,0.9510565162951536f,-0.3090169943749471f,-1.7215f,0f,0f,0f,1f], start_interpolation: 0, interpolation_duration: 1 }
$data merge entity $(bone_rails) { transformation: [-1.1373008333333334f,0f,1.3927918252092842e-16f,-0.43749999999999983f,0f,1.1373008333333334f,0f,-1f,-1.3927918252092842e-16f,0f,-1.1373008333333334f,-1.4090000000000003f,0f,0f,0f,1f], start_interpolation: 0, interpolation_duration: 1 }
$data merge entity $(bone_wheel3) { transformation: [-1f,-1.1647083184890926e-16f,3.784366730434146e-17f,-1.0625f,0f,0.3090169943749471f,0.9510565162951536f,-0.625f,-1.2246467991473532e-16f,0.9510565162951536f,-0.3090169943749471f,-1.7215000000000005f,0f,0f,0f,1f], start_interpolation: 0, interpolation_duration: 1 }
$data merge entity $(bone_wheel4) { transformation: [-1f,-1.1647083184890926e-16f,3.784366730434146e-17f,-1.0625f,0f,0.3090169943749471f,0.9510565162951536f,-0.625f,-1.2246467991473532e-16f,0.9510565162951536f,-0.3090169943749471f,-1.9715000000000005f,0f,0f,0f,1f], start_interpolation: 0, interpolation_duration: 1 }
$data merge entity $(bone_rails2) { transformation: [-1.2038220833333333f,0f,1.4742568610970649e-16f,0.4375000000000001f,0f,1.2038220833333333f,0f,-1f,-1.4742568610970649e-16f,0f,-1.2038220833333333f,-1.4090000000000003f,0f,0f,0f,1f], start_interpolation: 0, interpolation_duration: 1 }
$data merge entity $(bone_bone6) { transformation: [0.09167541801580846f,0.8431409453848677f,-0.5298197466564813f,0.5069800447417464f,0f,0.5320602831755046f,0.8467064751536995f,0.7048488599885646f,0.9957889423626005f,-0.07762217004640712f,0.0487768488697238f,-0.0452859714746548f,0f,0f,0f,1f], start_interpolation: 0, interpolation_duration: 1 }
$data merge entity $(bone_bone5) { transformation: [0.09167541801580846f,-0.03344574551073587f,-0.995227109678418f,0.37534469892599365f,0f,0.9994357914008871f,-0.03358718307454067f,0.7038233239969298f,0.9957889423626005f,0.0030791190483320033f,0.09162369395663666f,-0.03316721333230904f,0f,0f,0f,1f], start_interpolation: 0, interpolation_duration: 1 }
$data merge entity $(bone_bone4) { transformation: [0.09167541801580846f,-0.03344574551073587f,-0.995227109678418f,0.9628819658466692f,0f,0.9994357914008871f,-0.03358718307454067f,0.2662231769521808f,0.9957889423626005f,0.0030791190483320033f,0.09162369395663666f,-0.27555062840836253f,0f,0f,0f,1f], start_interpolation: 0, interpolation_duration: 1 }
$data merge entity $(bone_bone3) { transformation: [0.09167541801580846f,-0.43220237865672567f,-0.8971046324788959f,0.7942733342893434f,0f,0.900898367429581f,-0.43403010444290124f,-0.234375f,0.9957889423626005f,0.039789891256247975f,0.08259023442386623f,-0.19726369082284312f,0f,0f,0f,1f], start_interpolation: 0, interpolation_duration: 1 }
$data merge entity $(bone_octagon) { transformation: [0.09167541801580846f,0f,-0.9957889423626005f,0.859375f,0f,1f,0f,-0.40625f,0.9957889423626005f,0f,0.09167541801580846f,-0.1718749999999999f,0f,0f,0f,1f], start_interpolation: 0, interpolation_duration: 1 }
$data merge entity $(bone_bone10) { transformation: [-0.8871642895619493f,0.05002055870761604f,0.4587346368355236f,-0.19022516734985262f,0f,0.9941076001426195f,-0.10839778290482593f,0.2918077406706605f,-0.46145370659042473f,-0.09616664206085024f,-0.8819367628286614f,-1.2551815782203388f,0f,0f,0f,1f], start_interpolation: 0, interpolation_duration: 1 }
$data merge entity $(bone_bone9) { transformation: [-0.8871642895619493f,0.28178951298922117f,0.36542330754255314f,-0.1409714809025444f,0f,0.7918959200535669f,-0.6106560830799238f,0.21381271887847564f,-0.46145370659042473f,-0.5417522701122832f,-0.7025417813213288f,-1.3498738758902258f,0f,0f,0f,1f], start_interpolation: 0, interpolation_duration: 1 }
$data merge entity $(bone_bone8) { transformation: [-0.8871642895619493f,0.28178951298922117f,0.36542330754255314f,-0.7623102601615294f,0f,0.7918959200535669f,-0.6106560830799238f,0.1822914726712957f,-0.46145370659042473f,-0.5417522701122832f,-0.7025417813213288f,-0.5616483800629187f,0f,0f,0f,1f], start_interpolation: 0, interpolation_duration: 1 }
$data merge entity $(bone_bone7) { transformation: [-0.8871642895619493f,0.45822376473217213f,0.05450233720416734f,-0.8582580273869094f,0f,0.11811008650655896f,-0.9930005072835629f,-0.234375f,-0.46145370659042473f,-0.8809545895788773f,-0.10478305098569175f,-0.24174319642857262f,0f,0f,0f,1f], start_interpolation: 0, interpolation_duration: 1 }
$data merge entity $(bone_octagon2) { transformation: [-0.8871642895619493f,0f,0.46145370659042473f,-0.859375f,0f,1f,0f,-0.40625f,-0.46145370659042473f,0f,-0.8871642895619493f,-0.171875f,0f,0f,0f,1f], start_interpolation: 0, interpolation_duration: 1 }