# This file was generated by Animated Java via MC-Build. It is not recommended to edit this file directly.
$data merge entity $(bone_bone21) { transformation: [-0.4277548137635783f,0.9038948054403713f,1.2246467991473532e-16f,0.7549479975982701f,0.9038948054403713f,0.4277548137635783f,0f,0.41650461892727336f,-5.238485634954383e-17f,1.1069518802484702e-16f,-1f,-1.80078125f,0f,0f,0f,1f], start_interpolation: 0, interpolation_duration: 1 }
$data merge entity $(bone_arm4) { transformation: [0.41141861983315914f,0.9114464982951982f,1.2246467991473532e-16f,0.9722780835686746f,0.9114464982951982f,-0.41141861983315914f,0f,0.8979722440732817f,5.0384249588830015e-17f,1.116200036731278e-16f,-1f,-1.80078125f,0f,0f,0f,1f], start_interpolation: 0, interpolation_duration: 1 }
$data merge entity $(bone_small_arm_base4) { transformation: [0.923879532511287f,0.3826834323650897f,1.2246467991473532e-16f,0.9877397849699588f,0.3826834323650897f,-0.923879532511287f,0f,0.9043766904910567f,1.1314261122877005e-16f,4.6865204053262974e-17f,-1f,-1.70703125f,0f,0f,0f,1f], start_interpolation: 0, interpolation_duration: 1 }
$data merge entity $(bone_bone25) { transformation: [-0.7071067811865475f,0.7071067811865476f,1.2246467991473532e-16f,2.6414183864572156e-16f,0.7071067811865476f,0.7071067811865475f,0f,0.4999999999999999f,-8.659560562354932e-17f,8.659560562354934e-17f,-1f,-2.14453125f,0f,0f,0f,1f], start_interpolation: 0, interpolation_duration: 1 }
$data merge entity $(bone_bone16) { transformation: [-0.13611529757904384f,-0.990693002783894f,1.2246467991473532e-16f,0.051099769914436266f,-0.990693002783894f,0.13611529757904384f,0f,1.1941094897543192f,-1.666931634951655e-17f,-1.2132490147969756e-16f,-1f,-1.80078125f,0f,0f,0f,1f], start_interpolation: 0, interpolation_duration: 1 }
$data merge entity $(bone_arm3) { transformation: [-0.8501197032871171f,0.5265894891497782f,1.2246467991473532e-16f,-0.3979722440732814f,0.5265894891497782f,0.8501197032871171f,0f,1.4722780835686744f,-1.0410963735226654e-16f,6.448861323519157e-17f,-1f,-1.80078125f,0f,0f,0f,1f], start_interpolation: 0, interpolation_duration: 1 }
$data merge entity $(bone_small_arm_base3) { transformation: [-0.38268343236508956f,0.923879532511287f,1.2246467991473532e-16f,-0.40437669049105646f,0.923879532511287f,0.38268343236508956f,0f,1.4877397849699587f,-4.6865204053262937e-17f,1.1314261122877005e-16f,-1f,-1.70703125f,0f,0f,0f,1f], start_interpolation: 0, interpolation_duration: 1 }
$data merge entity $(bone_bone15) { transformation: [-0.7071067811865477f,-0.7071067811865474f,1.2246467991473532e-16f,2.6414183864572156e-16f,-0.7071067811865474f,0.7071067811865477f,0f,0.4999999999999999f,-8.659560562354937e-17f,-8.659560562354929e-17f,-1f,-2.14453125f,0f,0f,0f,1f], start_interpolation: 0, interpolation_duration: 1 }
$data merge entity $(bone_bone26) { transformation: [0.40773292439423664f,0.9131012333607509f,1.2246467991473532e-16f,0.42101399461420114f,0.9131012333607509f,-0.40773292439423664f,0f,0.055464768645972606f,4.993288207663916e-17f,1.118226502732744e-16f,-1f,-1.80078125f,0f,0f,0f,1f], start_interpolation: 0, interpolation_duration: 1 }
$data merge entity $(bone_arm5) { transformation: [-0.04361938736533588f,-0.9990482215818579f,1.2246467991473532e-16f,0.3979722440732822f,-0.9990482215818579f,0.04361938736533588f,0f,-0.4722780835686744f,-5.341834311772694e-18f,-1.2234812067540782e-16f,-1f,-1.80078125f,0f,0f,0f,1f], start_interpolation: 0, interpolation_duration: 1 }
$data merge entity $(bone_small_arm_base5) { transformation: [0.3826834323650899f,-0.9238795325112868f,1.2246467991473532e-16f,0.4043766904910572f,-0.9238795325112868f,-0.3826834323650899f,0f,-0.4877397849699586f,4.6865204053263004e-17f,-1.1314261122877005e-16f,-1f,-1.70703125f,0f,0f,0f,1f], start_interpolation: 0, interpolation_duration: 1 }
$data merge entity $(bone_bone20) { transformation: [0.7071067811865475f,0.7071067811865476f,1.2246467991473532e-16f,2.6414183864572156e-16f,0.7071067811865476f,-0.7071067811865475f,0f,0.4999999999999999f,8.659560562354932e-17f,8.659560562354934e-17f,-1f,-2.14453125f,0f,0f,0f,1f], start_interpolation: 0, interpolation_duration: 1 }
$data merge entity $(bone_bone11) { transformation: [-0.45230056016669484f,0.8918655746652038f,1.2246467991473532e-16f,-0.4676091394768679f,0.8918655746652038f,0.45230056016669484f,0f,0.25808126341982746f,-5.539084332606977e-17f,1.0922203212834564e-16f,-1f,-1.80078125f,0f,0f,0f,1f], start_interpolation: 0, interpolation_duration: 1 }
$data merge entity $(bone_arm2) { transformation: [0.9553679580248419f,0.2954184570730887f,1.2246467991473532e-16f,-0.9722780835686742f,0.2954184570730887f,-0.9553679580248419f,0f,0.10202775592671806f,1.1699883118030655e-16f,3.617832678636078e-17f,-1f,-1.80078125f,0f,0f,0f,1f], start_interpolation: 0, interpolation_duration: 1 }
$data merge entity $(bone_small_arm_base2) { transformation: [0.923879532511287f,0.3826834323650897f,1.2246467991473532e-16f,-0.9877397849699584f,0.3826834323650897f,-0.923879532511287f,0f,0.09562330950894304f,1.1314261122877005e-16f,4.6865204053262974e-17f,-1f,-1.70703125f,0f,0f,0f,1f], start_interpolation: 0, interpolation_duration: 1 }
$data merge entity $(bone_bone2) { transformation: [-0.7071067811865475f,0.7071067811865476f,1.2246467991473532e-16f,2.6414183864572156e-16f,0.7071067811865476f,0.7071067811865475f,0f,0.4999999999999999f,-8.659560562354932e-17f,8.659560562354934e-17f,-1f,-2.14453125f,0f,0f,0f,1f], start_interpolation: 0, interpolation_duration: 1 }
$data merge entity $(bone_ring) { transformation: [-1.2722612867942449f,1.2722612867942449f,2.2034447328268763e-16f,2.220446049250313e-16f,1.2722612867942449f,1.2722612867942449f,0f,0.4999999999999999f,-1.5580707125516644e-16f,1.558070712551665e-16f,-1.799249166666667f,-1.80078125f,0f,0f,0f,1f], start_interpolation: 0, interpolation_duration: 1 }
$data merge entity $(bone_wheel) { transformation: [-1f,-1.2246467991473532e-16f,-2.719262146893782e-32f,1.0625000000000002f,0f,-2.220446049250313e-16f,1f,-0.625f,-1.2246467991473532e-16f,1f,2.220446049250313e-16f,-1.9257812499999998f,0f,0f,0f,1f], start_interpolation: 0, interpolation_duration: 1 }
$data merge entity $(bone_wheel2) { transformation: [-1f,-1.2246467991473532e-16f,-2.719262146893782e-32f,1.0625000000000002f,0f,-2.220446049250313e-16f,1f,-0.625f,-1.2246467991473532e-16f,1f,2.220446049250313e-16f,-1.6757812499999998f,0f,0f,0f,1f], start_interpolation: 0, interpolation_duration: 1 }
$data merge entity $(bone_rails) { transformation: [-1.1373008333333334f,0f,1.3927918252092842e-16f,-0.43749999999999983f,0f,1.1373008333333334f,0f,-1f,-1.3927918252092842e-16f,0f,-1.1373008333333334f,-1.36328125f,0f,0f,0f,1f], start_interpolation: 0, interpolation_duration: 1 }
$data merge entity $(bone_wheel3) { transformation: [-1f,-1.2246467991473532e-16f,-2.719262146893782e-32f,-1.0625f,0f,-2.220446049250313e-16f,1f,-0.625f,-1.2246467991473532e-16f,1f,2.220446049250313e-16f,-1.6757812500000002f,0f,0f,0f,1f], start_interpolation: 0, interpolation_duration: 1 }
$data merge entity $(bone_wheel4) { transformation: [-1f,-1.2246467991473532e-16f,-2.719262146893782e-32f,-1.0625f,0f,-2.220446049250313e-16f,1f,-0.625f,-1.2246467991473532e-16f,1f,2.220446049250313e-16f,-1.9257812500000002f,0f,0f,0f,1f], start_interpolation: 0, interpolation_duration: 1 }
$data merge entity $(bone_rails2) { transformation: [-1.2038220833333333f,0f,1.4742568610970649e-16f,0.4375000000000001f,0f,1.2038220833333333f,0f,-1f,-1.4742568610970649e-16f,0f,-1.2038220833333333f,-1.36328125f,0f,0f,0f,1f], start_interpolation: 0, interpolation_duration: 1 }
$data merge entity $(bone_bone6) { transformation: [-0.011867960298537884f,0.9401853231676673f,-0.34045661929012483f,0.4669989734345622f,0f,0.34048059822214866f,0.9402515420004838f,0.661346963977223f,0.9999295732792145f,0.011158867971100767f,-0.004040810222122889f,-0.08277542811470534f,0f,0f,0f,1f], start_interpolation: 0, interpolation_duration: 1 }
$data merge entity $(bone_bone5) { transformation: [-0.011867960298537884f,-0.11538251924720466f,-0.9932502332093965f,0.33534506146852394f,0f,0.9933201894930325f,-0.11539064583199993f,0.6494900622201819f,0.9999295732792145f,-0.001369451603556821f,-0.011788684572639438f,-0.08433800156198937f,0f,0f,0f,1f], start_interpolation: 0, interpolation_duration: 1 }
$data merge entity $(bone_bone4) { transformation: [-0.011867960298537884f,-0.11538251924720466f,-0.9932502332093965f,0.9760874237835002f,0f,0.9933201894930325f,-0.11539064583199993f,0.265152336733204f,0.9999295732792145f,-0.001369451603556821f,-0.011788684572639438f,-0.2642463670006635f,0f,0f,0f,1f], start_interpolation: 0, interpolation_duration: 1 }
$data merge entity $(bone_bone3) { transformation: [-0.011867960298537884f,-0.42852900776729597f,-0.9034500766618645f,0.7972502754293784f,0f,0.9035137081695156f,-0.42855918978569507f,-0.234375f,0.9999295732792145f,-0.005086123449950191f,-0.010722864817740554f,-0.20386454668363396f,0f,0f,0f,1f], start_interpolation: 0, interpolation_duration: 1 }
$data merge entity $(bone_octagon) { transformation: [-0.011867960298537884f,0f,-0.9999295732792145f,0.859375f,0f,1f,0f,-0.40625f,0.9999295732792145f,0f,-0.011867960298537884f,-0.1718749999999999f,0f,0f,0f,1f], start_interpolation: 0, interpolation_duration: 1 }
$data merge entity $(bone_bone10) { transformation: [-0.8872026383384927f,0.017818196805480385f,0.4610357799431827f,-0.16126917661078122f,0f,0.999253994457728f,-0.03861935473664191f,0.23126952488318991f,-0.4613799719593576f,-0.03426319341327905f,-0.8865407802531738f,-1.311090744710915f,0f,0f,0f,1f], start_interpolation: 0, interpolation_duration: 1 }
$data merge entity $(bone_bone9) { transformation: [-0.8872026383384927f,0.30395123376337285f,0.3471096743378684f,-0.11435998885309062f,0f,0.7523293065015073f,-0.658787230127422f,0.1467787617774972f,-0.4613799719593576f,-0.5844777686727566f,-0.6674685456275057f,-1.4012939560991304f,0f,0f,0f,1f], start_interpolation: 0, interpolation_duration: 1 }
$data merge entity $(bone_bone8) { transformation: [-0.8872026383384927f,0.30395123376337285f,0.3471096743378684f,-0.7573850836380497f,0f,0.7523293065015073f,-0.658787230127422f,0.1736016015089502f,-0.4613799719593576f,-0.5844777686727566f,-0.6674685456275057f,-0.5711895218199319f,0f,0f,0f,1f], start_interpolation: 0, interpolation_duration: 1 }
$data merge entity $(bone_bone7) { transformation: [-0.8872026383384927f,0.4594148645639968f,0.04253775667406577f,-0.858263834200618f,0f,0.0921967992962921f,-0.9957408047275752f,-0.234375f,-0.4613799719593576f,-0.8834238690555986f,-0.08179724358203483f,-0.24174328901988573f,0f,0f,0f,1f], start_interpolation: 0, interpolation_duration: 1 }
$data merge entity $(bone_octagon2) { transformation: [-0.8872026383384927f,0f,0.4613799719593576f,-0.859375f,0f,1f,0f,-0.40625f,-0.4613799719593576f,0f,-0.8872026383384927f,-0.171875f,0f,0f,0f,1f], start_interpolation: 0, interpolation_duration: 1 }