# This file was generated by Animated Java via MC-Build. It is not recommended to edit this file directly.
$data merge entity $(bone_bone21) { transformation: [-0.4102178179660694f,0.9119875776693217f,1.2246467991473532e-16f,0.7257847942169775f,0.9119875776693217f,0.4102178179660694f,0f,0.40656909829559656f,-5.023719377253585e-17f,1.116862667854883e-16f,-1f,-1.7485f,0f,0f,0f,1f], start_interpolation: 0, interpolation_duration: 1 }
$data merge entity $(bone_arm4) { transformation: [0.4893824517488464f,0.8720692724321206f,1.2246467991473532e-16f,0.9842989333050792f,0.8720692724321206f,-0.4893824517488464f,0f,0.8672358761547974f,5.993206530931089e-17f,1.0679768431187577e-16f,-1f,-1.7485f,0f,0f,0f,1f], start_interpolation: 0, interpolation_duration: 1 }
$data merge entity $(bone_small_arm_base4) { transformation: [0.9354440308298675f,0.3534748437792572f,1.2246467991473532e-16f,0.9999541738135364f,0.3534748437792572f,-0.9354440308298675f,0f,0.8731514985872206f,1.1455885381372952e-16f,4.3288183601337804e-17f,-1f,-1.65475f,0f,0f,0f,1f], start_interpolation: 0, interpolation_duration: 1 }
$data merge entity $(bone_bone25) { transformation: [-0.6845471059286887f,0.7289686274214116f,1.2246467991473532e-16f,2.6414183864572156e-16f,0.7289686274214116f,0.6845471059286887f,0f,0.4999999999999999f,-8.383284221411528e-17f,8.927290962504712e-17f,-1f,-2.09225f,0f,0f,0f,1f], start_interpolation: 0, interpolation_duration: 1 }
$data merge entity $(bone_bone16) { transformation: [-0.15752936028459613f,-0.9875143040221375f,1.2246467991473532e-16f,0.10426867737958251f,-0.9875143040221375f,0.15752936028459613f,0f,1.2461248450251277f,-1.9291782684426097e-17f,-1.2093562315329368e-16f,-1f,-1.7485f,0f,0f,0f,1f], start_interpolation: 0, interpolation_duration: 1 }
$data merge entity $(bone_arm3) { transformation: [-0.8925858184521256f,0.4508775406894309f,1.2246467991473532e-16f,-0.3672358761547971f,0.4508775406894309f,0.8925858184521256f,0f,1.4842989333050791f,-1.093102365531716e-16f,5.5216573701274214e-17f,-1f,-1.7485f,0f,0f,0f,1f], start_interpolation: 0, interpolation_duration: 1 }
$data merge entity $(bone_small_arm_base3) { transformation: [-0.35347484377925703f,0.9354440308298676f,1.2246467991473532e-16f,-0.37315149858722035f,0.9354440308298676f,0.35347484377925703f,0f,1.4999541738135362f,-4.328818360133777e-17f,1.1455885381372952e-16f,-1f,-1.65475f,0f,0f,0f,1f], start_interpolation: 0, interpolation_duration: 1 }
$data merge entity $(bone_bone15) { transformation: [-0.7289686274214117f,-0.6845471059286886f,1.2246467991473532e-16f,2.6414183864572156e-16f,-0.6845471059286886f,0.7289686274214117f,0f,0.4999999999999999f,-8.927290962504714e-17f,-8.383284221411526e-17f,-1f,-2.09225f,0f,0f,0f,1f], start_interpolation: 0, interpolation_duration: 1 }
$data merge entity $(bone_bone26) { transformation: [0.4214315458880423f,0.9068602164228041f,1.2246467991473532e-16f,0.42978225439534573f,0.9068602164228041f,-0.4214315458880423f,0f,0.04023075212810123f,5.161047937315116e-17f,1.1105834613162632e-16f,-1f,-1.7485f,0f,0f,0f,1f], start_interpolation: 0, interpolation_duration: 1 }
$data merge entity $(bone_arm5) { transformation: [-0.11840396830650102f,-0.9929655081065372f,1.2246467991473532e-16f,0.3672358761547979f,-0.9929655081065372f,0.11840396830650102f,0f,-0.484298933305079f,-1.4500304079290075e-17f,-1.2160320311663959e-16f,-1f,-1.7485f,0f,0f,0f,1f], start_interpolation: 0, interpolation_duration: 1 }
$data merge entity $(bone_small_arm_base5) { transformation: [0.3534748437792573f,-0.9354440308298675f,1.2246467991473532e-16f,0.37315149858722113f,-0.9354440308298675f,-0.3534748437792573f,0f,-0.49995417381353613f,4.328818360133784e-17f,-1.145588538137295e-16f,-1f,-1.65475f,0f,0f,0f,1f], start_interpolation: 0, interpolation_duration: 1 }
$data merge entity $(bone_bone20) { transformation: [0.7289686274214114f,0.6845471059286888f,1.2246467991473532e-16f,2.6414183864572156e-16f,0.6845471059286888f,-0.7289686274214114f,0f,0.4999999999999999f,8.927290962504709e-17f,8.383284221411531e-17f,-1f,-2.09225f,0f,0f,0f,1f], start_interpolation: 0, interpolation_duration: 1 }
$data merge entity $(bone_bone11) { transformation: [-0.3207978811518754f,0.9471476756284988f,1.2246467991473532e-16f,-0.4816054586012991f,0.9471476756284988f,0.3207978811518754f,0f,0.29506850093307113f,-3.9286409832589725e-17f,1.1599213692782964e-16f,-1f,-1.7485f,0f,0f,0f,1f], start_interpolation: 0, interpolation_duration: 1 }
$data merge entity $(bone_arm2) { transformation: [0.9516282784240376f,0.30725172042431725f,1.2246467991473532e-16f,-0.9842989333050788f,0.30725172042431725f,-0.9516282784240376f,0f,0.1327641238452024f,1.1654085251501038e-16f,3.7627483595015756e-17f,-1f,-1.7485f,0f,0f,0f,1f], start_interpolation: 0, interpolation_duration: 1 }
$data merge entity $(bone_small_arm_base2) { transformation: [0.9354440308298675f,0.3534748437792572f,1.2246467991473532e-16f,-0.9999541738135359f,0.3534748437792572f,-0.9354440308298675f,0f,0.12684850141277915f,1.1455885381372952e-16f,4.3288183601337804e-17f,-1f,-1.65475f,0f,0f,0f,1f], start_interpolation: 0, interpolation_duration: 1 }
$data merge entity $(bone_bone2) { transformation: [-0.6845471059286887f,0.7289686274214116f,1.2246467991473532e-16f,2.6414183864572156e-16f,0.7289686274214116f,0.6845471059286887f,0f,0.4999999999999999f,-8.383284221411528e-17f,8.927290962504712e-17f,-1f,-2.09225f,0f,0f,0f,1f], start_interpolation: 0, interpolation_duration: 1 }
$data merge entity $(bone_ring) { transformation: [-1.2316708098862719f,1.3115961954141189f,2.2034447328268763e-16f,2.220446049250313e-16f,1.3115961954141189f,1.2316708098862719f,0f,0.4999999999999999f,-1.508361714930451e-16f,1.606242082487747e-16f,-1.799249166666667f,-1.7485f,0f,0f,0f,1f], start_interpolation: 0, interpolation_duration: 1 }
$data merge entity $(bone_wheel) { transformation: [-1f,-1.164708318489092e-16f,-3.7843667304341506e-17f,1.0625000000000002f,0f,-0.30901699437494745f,0.9510565162951534f,-0.625f,-1.2246467991473532e-16f,0.9510565162951534f,0.30901699437494745f,-1.8734999999999997f,0f,0f,0f,1f], start_interpolation: 0, interpolation_duration: 1 }
$data merge entity $(bone_wheel2) { transformation: [-1f,-1.164708318489092e-16f,-3.7843667304341506e-17f,1.0625000000000002f,0f,-0.30901699437494745f,0.9510565162951534f,-0.625f,-1.2246467991473532e-16f,0.9510565162951534f,0.30901699437494745f,-1.6234999999999997f,0f,0f,0f,1f], start_interpolation: 0, interpolation_duration: 1 }
$data merge entity $(bone_rails) { transformation: [-1.1373008333333334f,0f,1.3927918252092842e-16f,-0.43749999999999983f,0f,1.1373008333333334f,0f,-1f,-1.3927918252092842e-16f,0f,-1.1373008333333334f,-1.311f,0f,0f,0f,1f], start_interpolation: 0, interpolation_duration: 1 }
$data merge entity $(bone_wheel3) { transformation: [-1f,-1.164708318489092e-16f,-3.7843667304341506e-17f,-1.0625f,0f,-0.30901699437494745f,0.9510565162951534f,-0.625f,-1.2246467991473532e-16f,0.9510565162951534f,0.30901699437494745f,-1.6235000000000002f,0f,0f,0f,1f], start_interpolation: 0, interpolation_duration: 1 }
$data merge entity $(bone_wheel4) { transformation: [-1f,-1.164708318489092e-16f,-3.7843667304341506e-17f,-1.0625f,0f,-0.30901699437494745f,0.9510565162951534f,-0.625f,-1.2246467991473532e-16f,0.9510565162951534f,0.30901699437494745f,-1.8735000000000002f,0f,0f,0f,1f], start_interpolation: 0, interpolation_duration: 1 }
$data merge entity $(bone_rails2) { transformation: [-1.2038220833333333f,0f,1.4742568610970649e-16f,0.4375000000000001f,0f,1.2038220833333333f,0f,-1f,-1.4742568610970649e-16f,0f,-1.2038220833333333f,-1.311f,0f,0f,0f,1f], start_interpolation: 0, interpolation_duration: 1 }
$data merge entity $(bone_bone6) { transformation: [-0.0871557427476586f,0.9588400806641703f,-0.2702398494264518f,0.4254938022573982f,0f,0.27127212174899956f,0.9625026940023577f,0.5923158064218723f,0.9961946980917454f,0.08388763719239782f,-0.023642923257767328f,-0.11572657634983861f,0f,0f,0f,1f], start_interpolation: 0, interpolation_duration: 1 }
$data merge entity $(bone_bone5) { transformation: [-0.0871557427476586f,-0.2355987011436819f,-0.9679344649951845f,0.29677487826675697f,0f,0.9716318174040731f,-0.23649864990747446f,0.5643801890580659f,0.9961946980917454f,-0.020612215491504417f,-0.08468329272310937f,-0.12698802298027487f,0f,0f,0f,1f], start_interpolation: 0, interpolation_duration: 1 }
$data merge entity $(bone_bone4) { transformation: [-0.0871557427476586f,-0.2355987011436819f,-0.9679344649951845f,0.9890341593742504f,0f,0.9716318174040731f,-0.23649864990747446f,0.2628445910171554f,0.9961946980917454f,-0.020612215491504417f,-0.08468329272310937f,-0.2546394032021407f,0f,0f,0f,1f], start_interpolation: 0, interpolation_duration: 1 }
$data merge entity $(bone_bone3) { transformation: [-0.0871557427476586f,-0.4154360576483263f,-0.9054373299747037f,0.7998364483301302f,0f,0.9088959534808894f,-0.41702295589819166f,-0.234375f,0.9961946980917454f,-0.03634594546413097f,-0.07921550190596827f,-0.2084533182370956f,0f,0f,0f,1f], start_interpolation: 0, interpolation_duration: 1 }
$data merge entity $(bone_octagon) { transformation: [-0.0871557427476586f,0f,-0.9961946980917454f,0.859375f,0f,1f,0f,-0.40625f,0.9961946980917454f,0f,-0.0871557427476586f,-0.1718749999999999f,0f,0f,0f,1f], start_interpolation: 0, interpolation_duration: 1 }
$data merge entity $(bone_bone10) { transformation: [-0.887240980986751f,-0.013510060873343693f,0.4611083602721451f,-0.1419585087738484f,0f,0.9995710574569485f,0.029286534352805205f,0.19326079642462118f,-0.4613062341413432f,0.02598421346888513f,-0.886860405584067f,-1.3484715236993947f,0f,0f,0f,1f], start_interpolation: 0, interpolation_duration: 1 }
$data merge entity $(bone_bone9) { transformation: [-0.887240980986751f,0.31867044046661314f,0.3335454871984967f,-0.09679158768858509f,0f,0.7230456961401026f,-0.6908002035996186f,0.10443945532086824f,-0.4613062341413432f,-0.6129062503075728f,-0.641515772741593f,-1.4353421107540705f,0f,0f,0f,1f], start_interpolation: 0, interpolation_duration: 1 }
$data merge entity $(bone_bone8) { transformation: [-0.887240980986751f,0.31867044046661314f,0.3335454871984967f,-0.7582473609822625f,0f,0.7230456961401026f,-0.6908002035996186f,0.17508758473620467f,-0.4613062341413432f,-0.6129062503075728f,-0.641515772741593f,-0.5696033896639368f,0f,0f,0f,1f], start_interpolation: 0, interpolation_duration: 1 }
$data merge entity $(bone_bone7) { transformation: [-0.887240980986751f,0.4591499791171341f,0.0445504021800371f,-0.858269641022002f,0f,0.09657446373548673f,-0.9953257622277257f,-0.234375f,-0.4613062341413432f,-0.883093805680313f,-0.08568482194294265f,-0.2417433811285889f,0f,0f,0f,1f], start_interpolation: 0, interpolation_duration: 1 }
$data merge entity $(bone_octagon2) { transformation: [-0.887240980986751f,0f,0.4613062341413432f,-0.859375f,0f,1f,0f,-0.40625f,-0.4613062341413432f,0f,-0.887240980986751f,-0.171875f,0f,0f,0f,1f], start_interpolation: 0, interpolation_duration: 1 }