# This file was generated by Animated Java via MC-Build. It is not recommended to edit this file directly.
$data merge entity $(bone_bone21) { transformation: [-0.2835969536482781f,0.9589435686636709f,1.2246467991473532e-16f,0.6379889413160515f,0.9589435686636709f,0.2835969536482781f,0f,0.4251790978099809f,-3.473061015333039e-17f,1.174367171926905e-16f,-1f,-1.6295000000000002f,0f,0f,0f,1f], start_interpolation: 0, interpolation_duration: 1 }
$data merge entity $(bone_arm4) { transformation: [0.6955602033418002f,0.7184678166258485f,1.2246467991473532e-16f,1.005415575655468f,0.7184678166258485f,-0.6955602033418002f,0f,0.8047065786458876f,8.518155766368179e-17f,8.798693119212328e-17f,-1f,-1.6295000000000002f,0f,0f,0f,1f], start_interpolation: 0, interpolation_duration: 1 }
$data merge entity $(bone_small_arm_base4) { transformation: [0.9557930147983302f,0.29404032523230417f,1.2246467991473532e-16f,1.0214113691287523f,0.29404032523230417f,-0.9557930147983302f,0f,0.8096275272638535f,1.170508856220174e-16f,3.60095543115988e-17f,-1f,-1.5357500000000002f,0f,0f,0f,1f], start_interpolation: 0, interpolation_duration: 1 }
$data merge entity $(bone_bone25) { transformation: [-0.6374239897486899f,0.7705132427757891f,1.2246467991473532e-16f,2.6414183864572156e-16f,0.7705132427757891f,0.6374239897486899f,0f,0.4999999999999999f,-7.806192487454684e-17f,9.436065764660176e-17f,-1f,-1.9732500000000002f,0f,0f,0f,1f], start_interpolation: 0, interpolation_duration: 1 }
$data merge entity $(bone_bone16) { transformation: [-0.3326913694000211f,-0.9430357642882582f,1.2246467991473532e-16f,0.1767184523987425f,-0.9430357642882582f,0.3326913694000211f,0f,1.2879911524291017f,-4.0742942063968546e-17f,-1.1548857302170935e-16f,-1f,-1.6295000000000002f,0f,0f,0f,1f], start_interpolation: 0, interpolation_duration: 1 }
$data merge entity $(bone_arm3) { transformation: [-0.911365865159091f,0.4115972058005517f,1.2246467991473532e-16f,-0.3047065786458872f,0.4115972058005517f,0.911365865159091f,0f,1.5054155756554677f,-1.1161012896192394e-16f,5.0406120062164e-17f,-1f,-1.6295000000000002f,0f,0f,0f,1f], start_interpolation: 0, interpolation_duration: 1 }
$data merge entity $(bone_small_arm_base3) { transformation: [-0.2940403252323039f,0.9557930147983302f,1.2246467991473532e-16f,-0.30962752726385306f,0.9557930147983302f,0.2940403252323039f,0f,1.521411369128752f,-3.6009554311598786e-17f,1.170508856220174e-16f,-1f,-1.5357500000000002f,0f,0f,0f,1f], start_interpolation: 0, interpolation_duration: 1 }
$data merge entity $(bone_bone15) { transformation: [-0.7705132427757893f,-0.6374239897486896f,1.2246467991473532e-16f,2.6414183864572156e-16f,-0.6374239897486896f,0.7705132427757893f,0f,0.4999999999999999f,-9.436065764660177e-17f,-7.806192487454681e-17f,-1f,-1.9732500000000002f,0f,0f,0f,1f], start_interpolation: 0, interpolation_duration: 1 }
$data merge entity $(bone_bone26) { transformation: [0.448539214018395f,0.8937631529033633f,1.2246467991473532e-16f,0.44498543590028083f,0.8937631529033633f,-0.448539214018395f,0f,0.003863603713807562f,5.493021127396969e-17f,1.0945441843989501e-16f,-1f,-1.6295000000000002f,0f,0f,0f,1f], start_interpolation: 0, interpolation_duration: 1 }
$data merge entity $(bone_arm5) { transformation: [-0.26555611748680863f,-0.9640954042341104f,1.2246467991473532e-16f,0.3047065786458882f,-0.9640954042341104f,0.26555611748680863f,0f,-0.5054155756554677f,-3.252124492742185e-17f,-1.180676350867977e-16f,-1f,-1.6295000000000002f,0f,0f,0f,1f], start_interpolation: 0, interpolation_duration: 1 }
$data merge entity $(bone_small_arm_base5) { transformation: [0.29404032523230433f,-0.9557930147983302f,1.2246467991473532e-16f,0.30962752726385406f,-0.9557930147983302f,-0.29404032523230433f,0f,-0.521411369128752f,3.600955431159883e-17f,-1.1705088562201738e-16f,-1f,-1.5357500000000002f,0f,0f,0f,1f], start_interpolation: 0, interpolation_duration: 1 }
$data merge entity $(bone_bone20) { transformation: [0.770513242775789f,0.6374239897486901f,1.2246467991473532e-16f,2.6414183864572156e-16f,0.6374239897486901f,-0.770513242775789f,0f,0.4999999999999999f,9.436065764660175e-17f,7.806192487454686e-17f,-1f,-1.9732500000000002f,0f,0f,0f,1f], start_interpolation: 0, interpolation_duration: 1 }
$data merge entity $(bone_bone11) { transformation: [-0.04101750606703641f,0.9991584279762848f,1.2246467991473532e-16f,-0.5069049850238596f,0.9991584279762848f,0.04101750606703641f,0f,0.37002358864003393f,-5.023195751400314e-18f,1.2236161706622583e-16f,-1f,-1.6295000000000002f,0f,0f,0f,1f], start_interpolation: 0, interpolation_duration: 1 }
$data merge entity $(bone_arm2) { transformation: [0.9437098331512123f,0.33077447122429415f,1.2246467991473532e-16f,-1.0054155756554675f,0.33077447122429415f,-0.9437098331512123f,0f,0.1952934213541122f,1.155711226492515e-16f,4.0508189742449003e-17f,-1f,-1.6295000000000002f,0f,0f,0f,1f], start_interpolation: 0, interpolation_duration: 1 }
$data merge entity $(bone_small_arm_base2) { transformation: [0.9557930147983302f,0.29404032523230417f,1.2246467991473532e-16f,-1.0214113691287519f,0.29404032523230417f,-0.9557930147983302f,0f,0.19037247273614633f,1.170508856220174e-16f,3.60095543115988e-17f,-1f,-1.5357500000000002f,0f,0f,0f,1f], start_interpolation: 0, interpolation_duration: 1 }
$data merge entity $(bone_bone2) { transformation: [-0.6374239897486899f,0.7705132427757891f,1.2246467991473532e-16f,2.6414183864572156e-16f,0.7705132427757891f,0.6374239897486899f,0f,0.4999999999999999f,-7.806192487454684e-17f,9.436065764660176e-17f,-1f,-1.9732500000000002f,0f,0f,0f,1f], start_interpolation: 0, interpolation_duration: 1 }
$data merge entity $(bone_ring) { transformation: [-1.1468845823686724f,1.3863453099699699f,2.2034447328268763e-16f,2.220446049250313e-16f,1.3863453099699699f,1.1468845823686724f,0f,0.4999999999999999f,-1.4045285327892436e-16f,1.6977833463676687e-16f,-1.799249166666667f,-1.6295000000000002f,0f,0f,0f,1f], start_interpolation: 0, interpolation_duration: 1 }
$data merge entity $(bone_wheel) { transformation: [-1f,-7.19829327805997e-17f,-9.907600726170914e-17f,1.0625000000000002f,0f,-0.8090169943749472f,0.5877852522924734f,-0.625f,-1.2246467991473532e-16f,0.5877852522924734f,0.8090169943749472f,-1.7545f,0f,0f,0f,1f], start_interpolation: 0, interpolation_duration: 1 }
$data merge entity $(bone_wheel2) { transformation: [-1f,-7.19829327805997e-17f,-9.907600726170914e-17f,1.0625000000000002f,0f,-0.8090169943749472f,0.5877852522924734f,-0.625f,-1.2246467991473532e-16f,0.5877852522924734f,0.8090169943749472f,-1.5045f,0f,0f,0f,1f], start_interpolation: 0, interpolation_duration: 1 }
$data merge entity $(bone_rails) { transformation: [-1.1373008333333334f,0f,1.3927918252092842e-16f,-0.43749999999999983f,0f,1.1373008333333334f,0f,-1f,-1.3927918252092842e-16f,0f,-1.1373008333333334f,-1.1920000000000002f,0f,0f,0f,1f], start_interpolation: 0, interpolation_duration: 1 }
$data merge entity $(bone_wheel3) { transformation: [-1f,-7.19829327805997e-17f,-9.907600726170914e-17f,-1.0625f,0f,-0.8090169943749472f,0.5877852522924734f,-0.625f,-1.2246467991473532e-16f,0.5877852522924734f,0.8090169943749472f,-1.5045000000000004f,0f,0f,0f,1f], start_interpolation: 0, interpolation_duration: 1 }
$data merge entity $(bone_wheel4) { transformation: [-1f,-7.19829327805997e-17f,-9.907600726170914e-17f,-1.0625f,0f,-0.8090169943749472f,0.5877852522924734f,-0.625f,-1.2246467991473532e-16f,0.5877852522924734f,0.8090169943749472f,-1.7545000000000004f,0f,0f,0f,1f], start_interpolation: 0, interpolation_duration: 1 }
$data merge entity $(bone_rails2) { transformation: [-1.2038220833333333f,0f,1.4742568610970649e-16f,0.4375000000000001f,0f,1.2038220833333333f,0f,-1f,-1.4742568610970649e-16f,0f,-1.2038220833333333f,-1.1920000000000002f,0f,0f,0f,1f], start_interpolation: 0, interpolation_duration: 1 }
$data merge entity $(bone_bone6) { transformation: [-0.14953534344370956f,0.7267021185302162f,-0.6704798371203028f,0.3754817043026283f,0f,0.6781041821548841f,0.734965793859861f,0.408469428233789f,0.9887563810470059f,0.10990336240421297f,-0.10140054176914637f,-0.15024090463756695f,0f,0f,0f,1f], start_interpolation: 0, interpolation_duration: 1 }
$data merge entity $(bone_bone5) { transformation: [-0.14953534344370956f,-0.5042745783298745f,-0.8504976958883541f,0.26136474142280597f,0f,0.8601691095917398f,-0.5100089243377547f,0.34400827012507734f,0.9887563810470059f,-0.07626435966020303f,-0.12862568322247064f,-0.16749947263681209f,0f,0f,0f,1f], start_interpolation: 0, interpolation_duration: 1 }
$data merge entity $(bone_bone4) { transformation: [-0.14953534344370956f,-0.5042745783298745f,-0.8504976958883541f,1.0138280689329513f,0f,0.8601691095917398f,-0.5100089243377547f,0.2549276056209301f,0.9887563810470059f,-0.07626435966020303f,-0.12862568322247064f,-0.24333224532908698f,0f,0f,0f,1f], start_interpolation: 0, interpolation_duration: 1 }
$data merge entity $(bone_bone3) { transformation: [-0.14953534344370956f,-0.37542622569343986f,-0.9147099704948833f,0.802250705667178f,0f,0.9251115725051362f,-0.37969537581734397f,-0.234375f,0.9887563810470059f,-0.056777878426834905f,-0.13833687671830575f,-0.21211959587295068f,0f,0f,0f,1f], start_interpolation: 0, interpolation_duration: 1 }
$data merge entity $(bone_octagon) { transformation: [-0.14953534344370956f,0f,-0.9887563810470059f,0.859375f,0f,1f,0f,-0.40625f,0.9887563810470059f,0f,-0.14953534344370956f,-0.1718749999999999f,0f,0f,0f,1f], start_interpolation: 0, interpolation_duration: 1 }
$data merge entity $(bone_bone10) { transformation: [-0.8873176478973525f,-0.03180276725755099f,0.4600608391557273f,-0.12793186566094222f,0f,0.9976192367741249f,0.06896273209649073f,0.15140233482018634f,-0.46115874894650977f,0.061191849236433504f,-0.8852051546715685f,-1.3759558133877703f,0f,0f,0f,1f], start_interpolation: 0, interpolation_duration: 1 }
$data merge entity $(bone_bone9) { transformation: [-0.8873176478973525f,0.33824185038378973f,0.3134642601300186f,-0.08535188002021188f,0f,0.6797317861714852f,-0.7334607684587651f,0.05679540307919523f,-0.46115874894650977f,-0.650812683893816f,-0.6031380097067485f,-1.4578841575697827f,0f,0f,0f,1f], start_interpolation: 0, interpolation_duration: 1 }
$data merge entity $(bone_bone8) { transformation: [-0.8873176478973525f,0.33824185038378973f,0.3134642601300186f,-0.7700004747123755f,0f,0.6797317861714852f,-0.7334607684587651f,0.19469368364496192f,-0.46115874894650977f,-0.650812683893816f,-0.6031380097067485f,-0.5471331816033811f,0f,0f,0f,1f], start_interpolation: 0, interpolation_duration: 1 }
$data merge entity $(bone_bone7) { transformation: [-0.8873176478973525f,0.45547588044090775f,0.07217419252398938f,-0.8582812546876354f,0f,0.15650617642811093f,-0.9876769799584543f,-0.234375f,-0.46115874894650977f,-0.8763832147390962f,-0.13887069234959945f,-0.24174356389816296f,0f,0f,0f,1f], start_interpolation: 0, interpolation_duration: 1 }
$data merge entity $(bone_octagon2) { transformation: [-0.8873176478973525f,0f,0.46115874894650977f,-0.859375f,0f,1f,0f,-0.40625f,-0.46115874894650977f,0f,-0.8873176478973525f,-0.171875f,0f,0f,0f,1f], start_interpolation: 0, interpolation_duration: 1 }