# This file was generated by Animated Java via MC-Build. It is not recommended to edit this file directly.
$data merge entity $(bone_bone21) { transformation: [-0.17208406760985767f,0.9850822674654366f,1.2246467991473532e-16f,0.5888477387944716f,0.9850822674654366f,0.17208406760985767f,0f,0.46013089858382483f,-2.1074220258266886e-17f,1.206377845748364e-16f,-1f,-1.56540625f,0f,0f,0f,1f], start_interpolation: 0, interpolation_duration: 1 }
$data merge entity $(bone_arm4) { transformation: [0.8057668057325109f,0.5922329396273277f,1.2246467991473532e-16f,1.0144905286928954f,0.5922329396273277f,-0.8057668057325109f,0f,0.7729753579228498f,9.867797394995068e-17f,7.252761738642346e-17f,-1f,-1.56540625f,0f,0f,0f,1f], start_interpolation: 0, interpolation_duration: 1 }
$data merge entity $(bone_small_arm_base4) { transformation: [0.9645574184577982f,0.26387304996537303f,1.2246467991473532e-16f,1.0306329999391732f,0.26387304996537303f,-0.9645574184577982f,0f,0.7773914383346765f,1.1812421551081767e-16f,3.231512860213437e-17f,-1f,-1.47165625f,0f,0f,0f,1f], start_interpolation: 0, interpolation_duration: 1 }
$data merge entity $(bone_bone25) { transformation: [-0.6129070536529766f,0.7901550123756903f,1.2246467991473532e-16f,2.6414183864572156e-16f,0.7901550123756903f,0.6129070536529766f,0f,0.4999999999999999f,-7.505946614309529e-17f,9.676608067361264e-17f,-1f,-1.90915625f,0f,0f,0f,1f], start_interpolation: 0, interpolation_duration: 1 }
$data merge entity $(bone_bone16) { transformation: [-0.4328453673992825f,-0.9014681846415767f,1.2246467991473532e-16f,0.2096464322029588f,-0.9014681846415767f,0.4328453673992825f,0f,1.2997356730378926f,-5.300826937112914e-17f,-1.103980126854482e-16f,-1f,-1.56540625f,0f,0f,0f,1f], start_interpolation: 0, interpolation_duration: 1 }
$data merge entity $(bone_arm3) { transformation: [-0.9136314004035683f,0.40654355756378013f,1.2246467991473532e-16f,-0.2729753579228493f,0.40654355756378013f,0.9136314004035683f,0f,1.5144905286928951f,-1.1188757701047436e-16f,4.9787226648446116e-17f,-1f,-1.56540625f,0f,0f,0f,1f], start_interpolation: 0, interpolation_duration: 1 }
$data merge entity $(bone_small_arm_base3) { transformation: [-0.2638730499653728f,0.9645574184577982f,1.2246467991473532e-16f,-0.2773914383346761f,0.9645574184577982f,0.2638730499653728f,0f,1.530632999939173f,-3.2315128602134337e-17f,1.1812421551081767e-16f,-1f,-1.47165625f,0f,0f,0f,1f], start_interpolation: 0, interpolation_duration: 1 }
$data merge entity $(bone_bone15) { transformation: [-0.7901550123756904f,-0.6129070536529764f,1.2246467991473532e-16f,2.6414183864572156e-16f,-0.6129070536529764f,0.7901550123756904f,0f,0.4999999999999999f,-9.676608067361265e-17f,-7.505946614309526e-17f,-1f,-1.90915625f,0f,0f,0f,1f], start_interpolation: 0, interpolation_duration: 1 }
$data merge entity $(bone_bone26) { transformation: [0.46194211798894375f,0.8869100741495098f,1.2246467991473532e-16f,0.45104445339308774f,0.8869100741495098f,-0.46194211798894375f,0f,-0.017162832329569777f,5.65715936186509e-17f,1.0861515834387388e-16f,-1f,-1.56540625f,0f,0f,0f,1f], start_interpolation: 0, interpolation_duration: 1 }
$data merge entity $(bone_arm5) { transformation: [-0.3370952584230818f,-0.9414705448120382f,1.2246467991473532e-16f,0.2729753579228504f,-0.9414705448120382f,0.3370952584230818f,0f,-0.5144905286928954f,-4.1282262923557695e-17f,-1.1529688891955773e-16f,-1f,-1.56540625f,0f,0f,0f,1f], start_interpolation: 0, interpolation_duration: 1 }
$data merge entity $(bone_small_arm_base5) { transformation: [0.2638730499653733f,-0.9645574184577982f,1.2246467991473532e-16f,0.2773914383346771f,-0.9645574184577982f,-0.2638730499653733f,0f,-0.5306329999391731f,3.23151286021344e-17f,-1.1812421551081767e-16f,-1f,-1.47165625f,0f,0f,0f,1f], start_interpolation: 0, interpolation_duration: 1 }
$data merge entity $(bone_bone20) { transformation: [0.7901550123756902f,0.6129070536529768f,1.2246467991473532e-16f,2.6414183864572156e-16f,0.6129070536529768f,-0.7901550123756902f,0f,0.4999999999999999f,9.676608067361262e-17f,7.505946614309531e-17f,-1f,-1.90915625f,0f,0f,0f,1f], start_interpolation: 0, interpolation_duration: 1 }
$data merge entity $(bone_bone11) { transformation: [0.10156692088772068f,0.9948287091662504f,1.2246467991473532e-16f,-0.5181867085339138f,0.9948287091662504f,-0.10156692088772068f,0f,0.40792781625395236f,1.2438360456439959e-17f,1.2183137943803417e-16f,-1f,-1.56540625f,0f,0f,0f,1f], start_interpolation: 0, interpolation_duration: 1 }
$data merge entity $(bone_arm2) { transformation: [0.9395322870094401f,0.3424603359030231f,1.2246467991473532e-16f,-1.014490528692895f,0.3424603359030231f,-0.9395322870094401f,0f,0.22702464207715004f,1.1505952079817033e-16f,4.1939295419856463e-17f,-1f,-1.56540625f,0f,0f,0f,1f], start_interpolation: 0, interpolation_duration: 1 }
$data merge entity $(bone_small_arm_base2) { transformation: [0.9645574184577982f,0.26387304996537303f,1.2246467991473532e-16f,-1.0306329999391728f,0.26387304996537303f,-0.9645574184577982f,0f,0.22260856166532328f,1.1812421551081767e-16f,3.231512860213437e-17f,-1f,-1.47165625f,0f,0f,0f,1f], start_interpolation: 0, interpolation_duration: 1 }
$data merge entity $(bone_bone2) { transformation: [-0.6129070536529766f,0.7901550123756903f,1.2246467991473532e-16f,2.6414183864572156e-16f,0.7901550123756903f,0.6129070536529766f,0f,0.4999999999999999f,-7.505946614309529e-17f,9.676608067361264e-17f,-1f,-1.90915625f,0f,0f,0f,1f], start_interpolation: 0, interpolation_duration: 1 }
$data merge entity $(bone_ring) { transformation: [-1.1027725055292403f,1.4216857475544507f,2.2034447328268763e-16f,2.220446049250313e-16f,1.4216857475544507f,1.1027725055292403f,0f,0.4999999999999999f,-1.350506819084091e-16f,1.7410629001359701e-16f,-1.799249166666667f,-1.56540625f,0f,0f,0f,1f], start_interpolation: 0, interpolation_duration: 1 }
$data merge entity $(bone_wheel) { transformation: [-1f,-3.7843667304341536e-17f,-1.1647083184890919e-16f,1.0625000000000002f,0f,-0.9510565162951532f,0.30901699437494773f,-0.625f,-1.2246467991473532e-16f,0.30901699437494773f,0.9510565162951532f,-1.6904062499999999f,0f,0f,0f,1f], start_interpolation: 0, interpolation_duration: 1 }
$data merge entity $(bone_wheel2) { transformation: [-1f,-3.7843667304341536e-17f,-1.1647083184890919e-16f,1.0625000000000002f,0f,-0.9510565162951532f,0.30901699437494773f,-0.625f,-1.2246467991473532e-16f,0.30901699437494773f,0.9510565162951532f,-1.4404062499999999f,0f,0f,0f,1f], start_interpolation: 0, interpolation_duration: 1 }
$data merge entity $(bone_rails) { transformation: [-1.1373008333333334f,0f,1.3927918252092842e-16f,-0.43749999999999983f,0f,1.1373008333333334f,0f,-1f,-1.3927918252092842e-16f,0f,-1.1373008333333334f,-1.12790625f,0f,0f,0f,1f], start_interpolation: 0, interpolation_duration: 1 }
$data merge entity $(bone_wheel3) { transformation: [-1f,-3.7843667304341536e-17f,-1.1647083184890919e-16f,-1.0625f,0f,-0.9510565162951532f,0.30901699437494773f,-0.625f,-1.2246467991473532e-16f,0.30901699437494773f,0.9510565162951532f,-1.4404062500000003f,0f,0f,0f,1f], start_interpolation: 0, interpolation_duration: 1 }
$data merge entity $(bone_wheel4) { transformation: [-1f,-3.7843667304341536e-17f,-1.1647083184890919e-16f,-1.0625f,0f,-0.9510565162951532f,0.30901699437494773f,-0.625f,-1.2246467991473532e-16f,0.30901699437494773f,0.9510565162951532f,-1.6904062500000003f,0f,0f,0f,1f], start_interpolation: 0, interpolation_duration: 1 }
$data merge entity $(bone_rails2) { transformation: [-1.2038220833333333f,0f,1.4742568610970649e-16f,0.4375000000000001f,0f,1.2038220833333333f,0f,-1f,-1.4742568610970649e-16f,0f,-1.2038220833333333f,-1.12790625f,0f,0f,0f,1f], start_interpolation: 0, interpolation_duration: 1 }
$data merge entity $(bone_bone6) { transformation: [-0.14856456222927894f,0.38358628858603244f,-0.9114768949668534f,0.37440668037810476f,0f,0.9217053257937122f,0.38789082536650293f,0.31725547818983146f,0.9889027105077743f,0.0576268306633282f,-0.1369327482309378f,-0.14993058254647573f,0f,0f,0f,1f], start_interpolation: 0, interpolation_duration: 1 }
$data merge entity $(bone_bone5) { transformation: [-0.14856456222927894f,-0.6156712602124916f,-0.7738717401468964f,0.270035561554554f,0f,0.782555990517545f,-0.6225802130690503f,0.23765276440247435f,0.9889027105077743f,-0.09249335680721468f,-0.11626008815113884f,-0.16561043599681066f,0f,0f,0f,1f], start_interpolation: 0, interpolation_duration: 1 }
$data merge entity $(bone_bone4) { transformation: [-0.14856456222927894f,-0.6156712602124916f,-0.7738717401468964f,1.0260731107814578f,0f,0.782555990517545f,-0.6225802130690503f,0.24953378086763478f,0.9889027105077743f,-0.09249335680721468f,-0.11626008815113884f,-0.241633700642941f,0f,0f,0f,1f], start_interpolation: 0, interpolation_duration: 1 }
$data merge entity $(bone_bone3) { transformation: [-0.14856456222927894f,-0.3519494700790905f,-0.9241537433569538f,0.802211223162929f,0f,0.9345244315109889f,-0.35589898413603716f,-0.234375f,0.9889027105077743f,-0.05287397677601545f,-0.13883721305999583f,-0.21206349484269776f,0f,0f,0f,1f], start_interpolation: 0, interpolation_duration: 1 }
$data merge entity $(bone_octagon) { transformation: [-0.14856456222927894f,0f,-0.9889027105077743f,0.859375f,0f,1f,0f,-0.40625f,0.9889027105077743f,0f,-0.14856456222927894f,-0.1718749999999999f,0f,0f,0f,1f], start_interpolation: 0, interpolation_duration: 1 }
$data merge entity $(bone_bone10) { transformation: [-0.8873559721591661f,-0.029877519258812713f,0.4601159772453033f,-0.13492093156455479f,0f,0.997898382462875f,0.06479828915933816f,0.14777478403447136f,-0.46108500157070953f,0.05749914887123525f,-0.8854910892864039f,-1.3627587683088043f,0f,0f,0f,1f], start_interpolation: 0, interpolation_duration: 1 }
$data merge entity $(bone_bone9) { transformation: [-0.8873559721591661f,0.343757636922439f,0.30729475382922145f,-0.09313742133826963f,0f,0.6664600947382938f,-0.7455407045369314f,0.05152614326462607f,-0.46108500157070953f,-0.6615599966585984f,-0.5913873452717886f,-1.4431709422263326f,0f,0f,0f,1f], start_interpolation: 0, interpolation_duration: 1 }
$data merge entity $(bone_bone8) { transformation: [-0.8873559721591661f,0.343757636922439f,0.30729475382922145f,-0.780310789579306f,0f,0.6664600947382938f,-0.7455407045369314f,0.2100348609664197f,-0.46108500157070953f,-0.6615599966585984f,-0.5913873452717886f,-0.5273584764576824f,0f,0f,0f,1f], start_interpolation: 0, interpolation_duration: 1 }
$data merge entity $(bone_bone7) { transformation: [-0.8873559721591661f,0.45112898887224917f,0.09529960163905861f,-0.8582870615318046f,0f,0.206685538055707f,-0.9784074245214122f,-0.234375f,-0.46108500157070953f,-0.8681956713539436f,-0.1834036465526622f,-0.24174365455903254f,0f,0f,0f,1f], start_interpolation: 0, interpolation_duration: 1 }
$data merge entity $(bone_octagon2) { transformation: [-0.8873559721591661f,0f,0.46108500157070953f,-0.859375f,0f,1f,0f,-0.40625f,-0.46108500157070953f,0f,-0.8873559721591661f,-0.171875f,0f,0f,0f,1f], start_interpolation: 0, interpolation_duration: 1 }