# This file was generated by Animated Java via MC-Build. It is not recommended to edit this file directly.
$data merge entity $(bone_bone21) { transformation: [-0.045112757499130074f,0.9989819012929236f,1.2246467991473532e-16f,0.549050340487264f,0.9989819012929236f,0.045112757499130074f,0f,0.5068210150691723f,-5.524719407202044e-18f,1.2233999878245162e-16f,-1f,-1.5f,0f,0f,0f,1f], start_interpolation: 0, interpolation_duration: 1 }
$data merge entity $(bone_arm4) { transformation: [0.8963897459106542f,0.4432667632771859f,1.2246467991473532e-16f,1.0225643020594286f,0.4432667632771859f,-0.8963897459106542f,0f,0.7409747434782564f,1.097760833117992e-16f,5.428452228158133e-17f,-1f,-1.5f,0f,0f,0f,1f], start_interpolation: 0, interpolation_duration: 1 }
$data merge entity $(bone_small_arm_base4) { transformation: [0.9723699203976766f,0.23344536385590542f,1.2246467991473532e-16f,1.038837520408484f,0.23344536385590542f,-0.9723699203976766f,0f,0.7448815975457375f,1.1908097106021814e-16f,2.8588811762192377e-17f,-1f,-1.40625f,0f,0f,0f,1f], start_interpolation: 0, interpolation_duration: 1 }
$data merge entity $(bone_bone25) { transformation: [-0.5877852522924731f,0.8090169943749473f,1.2246467991473532e-16f,2.6414183864572156e-16f,0.8090169943749473f,0.5877852522924731f,0f,0.4999999999999999f,-7.198293278059966e-17f,9.907600726170915e-17f,-1f,-1.84375f,0f,0f,0f,1f], start_interpolation: 0, interpolation_duration: 1 }
$data merge entity $(bone_bone16) { transformation: [-0.5358550016466812f,-0.8443100243454623f,1.2246467991473532e-16f,0.24078570803313212f,-0.8443100243454623f,0.5358550016466812f,0f,1.3058841052458203f,-6.562331125737076e-17f,-1.0339815688026944e-16f,-1f,-1.5f,0f,0f,0f,1f], start_interpolation: 0, interpolation_duration: 1 }
$data merge entity $(bone_arm3) { transformation: [-0.9120008358069946f,0.4101883414814993f,1.2246467991473532e-16f,-0.24097474347825606f,0.4101883414814993f,0.9120008358069946f,0f,1.5225643020594284f,-1.1168789043907469e-16f,5.023358394428795e-17f,-1f,-1.5f,0f,0f,0f,1f], start_interpolation: 0, interpolation_duration: 1 }
$data merge entity $(bone_small_arm_base3) { transformation: [-0.23344536385590514f,0.9723699203976766f,1.2246467991473532e-16f,-0.24488159754573707f,0.9723699203976766f,0.23344536385590514f,0f,1.5388375204084839f,-2.8588811762192346e-17f,1.1908097106021811e-16f,-1f,-1.40625f,0f,0f,0f,1f], start_interpolation: 0, interpolation_duration: 1 }
$data merge entity $(bone_bone15) { transformation: [-0.8090169943749475f,-0.5877852522924729f,1.2246467991473532e-16f,2.6414183864572156e-16f,-0.5877852522924729f,0.8090169943749475f,0f,0.4999999999999999f,-9.907600726170916e-17f,-7.198293278059964e-17f,-1f,-1.84375f,0f,0f,0f,1f], start_interpolation: 0, interpolation_duration: 1 }
$data merge entity $(bone_bone26) { transformation: [0.4752403447099617f,0.8798560193349573f,1.2246467991473532e-16f,0.4558315957102349f,0.8798560193349573f,-0.4752403447099617f,0f,-0.03998791082110181f,5.820015669747394e-17f,1.0775128577890871e-16f,-1f,-1.5f,0f,0f,0f,1f], start_interpolation: 0, interpolation_duration: 1 }
$data merge entity $(bone_arm5) { transformation: [-0.4067366430758002f,-0.9135454576426011f,1.2246467991473532e-16f,0.24097474347825693f,-0.9135454576426011f,0.4067366430758002f,0f,-0.5225643020594286f,-4.9810872803871815e-17f,-1.1187705205776154e-16f,-1f,-1.5f,0f,0f,0f,1f], start_interpolation: 0, interpolation_duration: 1 }
$data merge entity $(bone_small_arm_base5) { transformation: [0.2334453638559057f,-0.9723699203976767f,1.2246467991473532e-16f,0.2448815975457379f,-0.9723699203976767f,-0.2334453638559057f,0f,-0.538837520408484f,2.858881176219241e-17f,-1.1908097106021814e-16f,-1f,-1.40625f,0f,0f,0f,1f], start_interpolation: 0, interpolation_duration: 1 }
$data merge entity $(bone_bone20) { transformation: [0.8090169943749472f,0.5877852522924734f,1.2246467991473532e-16f,2.6414183864572156e-16f,0.5877852522924734f,-0.8090169943749472f,0f,0.4999999999999999f,9.907600726170914e-17f,7.198293278059969e-17f,-1f,-1.84375f,0f,0f,0f,1f], start_interpolation: 0, interpolation_duration: 1 }
$data merge entity $(bone_bone11) { transformation: [0.2420845559395544f,0.9702551560159567f,1.2246467991473532e-16f,-0.5285436887820472f,0.9702551560159567f,-0.2420845559395544f,0f,0.4460735764518642f,2.964680765543836e-17f,1.1882198711711572e-16f,-1f,-1.5f,0f,0f,0f,1f], start_interpolation: 0, interpolation_duration: 1 }
$data merge entity $(bone_arm2) { transformation: [0.9352100422552124f,0.35409345781164f,1.2246467991473532e-16f,-1.0225643020594282f,0.35409345781164f,-0.9352100422552124f,0f,0.25902525652174335f,1.1453019847783068e-16f,4.336394197080433e-17f,-1f,-1.5f,0f,0f,0f,1f], start_interpolation: 0, interpolation_duration: 1 }
$data merge entity $(bone_small_arm_base2) { transformation: [0.9723699203976766f,0.23344536385590542f,1.2246467991473532e-16f,-1.0388375204084837f,0.23344536385590542f,-0.9723699203976766f,0f,0.25511840245426237f,1.1908097106021814e-16f,2.8588811762192377e-17f,-1f,-1.40625f,0f,0f,0f,1f], start_interpolation: 0, interpolation_duration: 1 }
$data merge entity $(bone_bone2) { transformation: [-0.5877852522924731f,0.8090169943749473f,1.2246467991473532e-16f,2.6414183864572156e-16f,0.8090169943749473f,0.5877852522924731f,0f,0.4999999999999999f,-7.198293278059966e-17f,9.907600726170915e-17f,-1f,-1.84375f,0f,0f,0f,1f], start_interpolation: 0, interpolation_duration: 1 }
$data merge entity $(bone_ring) { transformation: [-1.057572125366189f,1.4556231529482957f,2.2034447328268763e-16f,2.220446049250313e-16f,1.4556231529482957f,1.057572125366189f,0f,0.4999999999999999f,-1.2951523181971666e-16f,1.7826242350229084e-16f,-1.799249166666667f,-1.5f,0f,0f,0f,1f], start_interpolation: 0, interpolation_duration: 1 }
$data merge entity $(bone_wheel) { transformation: [-1f,1.4997597826618576e-32f,-1.2246467991473532e-16f,1.0625000000000002f,0f,-1f,-1.2246467991473532e-16f,-0.625f,-1.2246467991473532e-16f,-1.2246467991473532e-16f,1f,-1.6249999999999998f,0f,0f,0f,1f], start_interpolation: 0, interpolation_duration: 1 }
$data merge entity $(bone_wheel2) { transformation: [-1f,1.4997597826618576e-32f,-1.2246467991473532e-16f,1.0625000000000002f,0f,-1f,-1.2246467991473532e-16f,-0.625f,-1.2246467991473532e-16f,-1.2246467991473532e-16f,1f,-1.3749999999999998f,0f,0f,0f,1f], start_interpolation: 0, interpolation_duration: 1 }
$data merge entity $(bone_rails) { transformation: [-1.1373008333333334f,0f,1.3927918252092842e-16f,-0.43749999999999983f,0f,1.1373008333333334f,0f,-1f,-1.3927918252092842e-16f,0f,-1.1373008333333334f,-1.0625f,0f,0f,0f,1f], start_interpolation: 0, interpolation_duration: 1 }
$data merge entity $(bone_wheel3) { transformation: [-1f,1.4997597826618576e-32f,-1.2246467991473532e-16f,-1.0625f,0f,-1f,-1.2246467991473532e-16f,-0.625f,-1.2246467991473532e-16f,-1.2246467991473532e-16f,1f,-1.3750000000000002f,0f,0f,0f,1f], start_interpolation: 0, interpolation_duration: 1 }
$data merge entity $(bone_wheel4) { transformation: [-1f,1.4997597826618576e-32f,-1.2246467991473532e-16f,-1.0625f,0f,-1f,-1.2246467991473532e-16f,-0.625f,-1.2246467991473532e-16f,-1.2246467991473532e-16f,1f,-1.6250000000000002f,0f,0f,0f,1f], start_interpolation: 0, interpolation_duration: 1 }
$data merge entity $(bone_rails2) { transformation: [-1.2038220833333333f,0f,1.4742568610970649e-16f,0.4375000000000001f,0f,1.2038220833333333f,0f,-1f,-1.4742568610970649e-16f,0f,-1.2038220833333333f,-1.0625f,0f,0f,0f,1f], start_interpolation: 0, interpolation_duration: 1 }
$data merge entity $(bone_bone6) { transformation: [-0.13398618541829244f,-0.07737324777805132f,-0.9879580368848322f,0.3855020915797144f,0f,0.9969473116891643f,-0.07807725479131855f,0.2446511135070939f,0.9909831997148362f,-0.010461273537420865f,-0.13357716735625255f,-0.14134211444109138f,0f,0f,0f,1f], start_interpolation: 0, interpolation_duration: 1 }
$data merge entity $(bone_bone5) { transformation: [-0.13398618541829244f,-0.6948004390442668f,-0.7066116698873216f,0.2897492910078876f,0f,0.713041018344867f,-0.7011223189698892f,0.15443151952852263f,0.9909831997148362f,-0.09394070503040275f,-0.09553764609480342f,-0.1542884010132849f,0f,0f,0f,1f], start_interpolation: 0, interpolation_duration: 1 }
$data merge entity $(bone_bone4) { transformation: [-0.13398618541829244f,-0.6948004390442668f,-0.7066116698873216f,1.0381318355683784f,0f,0.713041018344867f,-0.7011223189698892f,0.243384730679712f,0.9909831997148362f,-0.09394070503040275f,-0.09553764609480342f,-0.24230914409531185f,0f,0f,0f,1f], start_interpolation: 0, interpolation_duration: 1 }
$data merge entity $(bone_bone3) { transformation: [-0.13398618541829244f,-0.32709304791505167f,-0.9354452630286267f,0.8016256183121444f,0f,0.9439567323621723f,-0.3300692161170598f,-0.234375f,0.9909831997148362f,-0.04422471519153081f,-0.12647716176912346f,-0.2112173615797318f,0f,0f,0f,1f], start_interpolation: 0, interpolation_duration: 1 }
$data merge entity $(bone_octagon) { transformation: [-0.13398618541829244f,0f,-0.9909831997148362f,0.859375f,0f,1f,0f,-0.40625f,0.9909831997148362f,0f,-0.13398618541829244f,-0.1718749999999999f,0f,0f,0f,1f], start_interpolation: 0, interpolation_duration: 1 }
$data merge entity $(bone_bone10) { transformation: [-0.8873942902916353f,-0.029165989159185085f,0.46008772928015707f,-0.15136982851956837f,0f,0.9979967479582783f,0.06326524373382908f,0.15481589960339406f,-0.4610112510099995f,0.056141216063308574f,-0.8856166158677964f,-1.331347237386005f,0f,0f,0f,1f], start_interpolation: 0, interpolation_duration: 1 }
$data merge entity $(bone_bone9) { transformation: [-0.8873942902916353f,0.3467569417070404f,0.3037943332845183f,-0.11003866280571484f,0f,0.6589737942814955f,-0.7521658982234234f,0.05766616134958075f,-0.4610112510099995f,-0.6674677234355452f,-0.5847695824972138f,-1.4109050364315112f,0f,0f,0f,1f], start_interpolation: 0, interpolation_duration: 1 }
$data merge entity $(bone_bone8) { transformation: [-0.8873942902916353f,0.3467569417070404f,0.3037943332845183f,-0.7932023911656725f,0f,0.6589737942814955f,-0.7521658982234234f,0.22700317105210227f,-0.4610112510099995f,-0.6674677234355452f,-0.5847695824972138f,-0.5026070481208319f,0f,0f,0f,1f], start_interpolation: 0, interpolation_duration: 1 }
$data merge entity $(bone_bone7) { transformation: [-0.8873942902916353f,0.4443375309153048f,0.12286387661918914f,-0.8582928683834886f,0f,0.26650949700254534f,-0.9638322924697275f,-0.234375f,-0.4610112510099995f,-0.8552992731363337f,-0.2364990059485544f,-0.24174374473728968f,0f,0f,0f,1f], start_interpolation: 0, interpolation_duration: 1 }
$data merge entity $(bone_octagon2) { transformation: [-0.8873942902916353f,0f,0.4610112510099995f,-0.859375f,0f,1f,0f,-0.40625f,-0.4610112510099995f,0f,-0.8873942902916353f,-0.171875f,0f,0f,0f,1f], start_interpolation: 0, interpolation_duration: 1 }