# This file was generated by Animated Java via MC-Build. It is not recommended to edit this file directly.
$data merge entity $(bone_bone21) { transformation: [0.1945236542268495f,0.9808978274755396f,1.2246467991473532e-16f,0.513119716170104f,0.9808978274755396f,-0.1945236542268495f,0f,0.5989816619800169f,2.382227705073577e-17f,1.201253384708512e-16f,-1f,-1.3704999999999998f,0f,0f,0f,1f], start_interpolation: 0, interpolation_duration: 1 }
$data merge entity $(bone_arm4) { transformation: [0.9892324582115555f,0.14635280530527414f,1.2246467991473532e-16f,1.0356774343283535f,0.14635280530527414f,-0.9892324582115555f,0f,0.6762918910890048f,1.2114603635614491e-16f,1.7923049456333972e-17f,-1f,-1.3704999999999998f,0f,0f,0f,1f], start_interpolation: 0, interpolation_duration: 1 }
$data merge entity $(bone_small_arm_base4) { transformation: [0.9851093261547741f,0.17192910027940944f,1.2246467991473532e-16f,1.0521638545948824f,0.17192910027940944f,-0.9851093261547741f,0f,0.6791692320378684f,1.20641098308565e-16f,2.1055242233746308e-17f,-1f,-1.2767499999999998f,0f,0f,0f,1f], start_interpolation: 0, interpolation_duration: 1 }
$data merge entity $(bone_bone25) { transformation: [-0.5358267949789965f,0.8443279255020152f,1.2246467991473532e-16f,2.6414183864572156e-16f,0.8443279255020152f,0.5358267949789965f,0f,0.4999999999999999f,-6.561985693684132e-17f,1.0340034913967678e-16f,-1f,-1.7142499999999998f,0f,0f,0f,1f], start_interpolation: 0, interpolation_duration: 1 }
$data merge entity $(bone_bone16) { transformation: [-0.7322017383661813f,-0.6810878169028882f,1.2246467991473532e-16f,0.2981252662824941f,-0.6810878169028882f,0.7322017383661813f,0f,1.3033591158014073f,-8.966885152202719e-17f,-8.340920149083807e-17f,-1f,-1.3704999999999998f,0f,0f,0f,1f], start_interpolation: 0, interpolation_duration: 1 }
$data merge entity $(bone_arm3) { transformation: [-0.898099548617177f,0.4397922245488465f,1.2246467991473532e-16f,-0.1762918910890044f,0.4397922245488465f,0.898099548617177f,0f,1.535677434328353f,-1.0998547375297086e-16f,5.3859014008363897e-17f,-1f,-1.3704999999999998f,0f,0f,0f,1f], start_interpolation: 0, interpolation_duration: 1 }
$data merge entity $(bone_small_arm_base3) { transformation: [-0.17192910027940916f,0.9851093261547741f,1.2246467991473532e-16f,-0.179169232037868f,0.9851093261547741f,0.17192910027940916f,0f,1.5521638545948822f,-2.1055242233746278e-17f,1.2064109830856502e-16f,-1f,-1.2767499999999998f,0f,0f,0f,1f], start_interpolation: 0, interpolation_duration: 1 }
$data merge entity $(bone_bone15) { transformation: [-0.8443279255020153f,-0.5358267949789963f,1.2246467991473532e-16f,2.6414183864572156e-16f,-0.5358267949789963f,0.8443279255020153f,0f,0.4999999999999999f,-1.0340034913967679e-16f,-6.561985693684129e-17f,-1f,-1.7142499999999998f,0f,0f,0f,1f], start_interpolation: 0, interpolation_duration: 1 }
$data merge entity $(bone_bone26) { transformation: [0.5015107371594574f,0.8651514205697047f,1.2246467991473532e-16f,0.46089520114669624f,0.8651514205697047f,-0.5015107371594574f,0f,-0.09065564133856435f,6.141735190003588e-17f,1.0595049179784745e-16f,-1f,-1.3704999999999998f,0f,0f,0f,1f], start_interpolation: 0, interpolation_duration: 1 }
$data merge entity $(bone_arm5) { transformation: [-0.5387707850068628f,-0.8424523970071478f,1.2246467991473532e-16f,0.17629189108900542f,-0.8424523970071478f,0.5387707850068628f,0f,-0.5356774343283532f,-6.598039173327613e-17f,-1.0317066314288189e-16f,-1f,-1.3704999999999998f,0f,0f,0f,1f], start_interpolation: 0, interpolation_duration: 1 }
$data merge entity $(bone_small_arm_base5) { transformation: [0.17192910027940972f,-0.9851093261547741f,1.2246467991473532e-16f,0.179169232037869f,-0.9851093261547741f,-0.17192910027940972f,0f,-0.5521638545948823f,2.105524223374634e-17f,-1.20641098308565e-16f,-1f,-1.2767499999999998f,0f,0f,0f,1f], start_interpolation: 0, interpolation_duration: 1 }
$data merge entity $(bone_bone20) { transformation: [0.8443279255020151f,0.5358267949789968f,1.2246467991473532e-16f,2.6414183864572156e-16f,0.5358267949789968f,-0.8443279255020151f,0f,0.4999999999999999f,1.0340034913967676e-16f,6.561985693684134e-17f,-1f,-1.7142499999999998f,0f,0f,0f,1f], start_interpolation: 0, interpolation_duration: 1 }
$data merge entity $(bone_bone11) { transformation: [0.5055820836746523f,0.8627785096229491f,1.2246467991473532e-16f,-0.5464511257643059f,0.8627785096229491f,-0.5055820836746523f,0f,0.5229593556835976f,6.191594804784122e-17f,1.0565989401828686e-16f,-1f,-1.3704999999999998f,0f,0f,0f,1f], start_interpolation: 0, interpolation_duration: 1 }
$data merge entity $(bone_arm2) { transformation: [0.9261341417906621f,0.37719431518737656f,1.2246467991473532e-16f,-1.0356774343283528f,0.37719431518737656f,-0.9261341417906621f,0f,0.323708108910995f,1.1341872123250155e-16f,4.619298107507986e-17f,-1f,-1.3704999999999998f,0f,0f,0f,1f], start_interpolation: 0, interpolation_duration: 1 }
$data merge entity $(bone_small_arm_base2) { transformation: [0.9851093261547741f,0.17192910027940944f,1.2246467991473532e-16f,-1.052163854594882f,0.17192910027940944f,-0.9851093261547741f,0f,0.3208307679621314f,1.20641098308565e-16f,2.1055242233746308e-17f,-1f,-1.2767499999999998f,0f,0f,0f,1f], start_interpolation: 0, interpolation_duration: 1 }
$data merge entity $(bone_bone2) { transformation: [-0.5358267949789965f,0.8443279255020152f,1.2246467991473532e-16f,2.6414183864572156e-16f,0.8443279255020152f,0.5358267949789965f,0f,0.4999999999999999f,-6.561985693684132e-17f,1.0340034913967678e-16f,-1f,-1.7142499999999998f,0f,0f,0f,1f], start_interpolation: 0, interpolation_duration: 1 }
$data merge entity $(bone_ring) { transformation: [-0.9640859143436306f,1.5191563163528965f,2.2034447328268763e-16f,2.220446049250313e-16f,1.5191563163528965f,0.9640859143436306f,0f,0.4999999999999999f,-1.1806647291039765e-16f,1.8604299202260585e-16f,-1.799249166666667f,-1.3704999999999998f,0f,0f,0f,1f], start_interpolation: 0, interpolation_duration: 1 }
$data merge entity $(bone_wheel) { transformation: [-1f,7.198293278059972e-17f,-9.907600726170914e-17f,1.0625000000000002f,0f,-0.8090169943749472f,-0.5877852522924736f,-0.625f,-1.2246467991473532e-16f,-0.5877852522924736f,0.8090169943749472f,-1.4954999999999996f,0f,0f,0f,1f], start_interpolation: 0, interpolation_duration: 1 }
$data merge entity $(bone_wheel2) { transformation: [-1f,7.198293278059972e-17f,-9.907600726170914e-17f,1.0625000000000002f,0f,-0.8090169943749472f,-0.5877852522924736f,-0.625f,-1.2246467991473532e-16f,-0.5877852522924736f,0.8090169943749472f,-1.2454999999999996f,0f,0f,0f,1f], start_interpolation: 0, interpolation_duration: 1 }
$data merge entity $(bone_rails) { transformation: [-1.1373008333333334f,0f,1.3927918252092842e-16f,-0.43749999999999983f,0f,1.1373008333333334f,0f,-1f,-1.3927918252092842e-16f,0f,-1.1373008333333334f,-0.9329999999999998f,0f,0f,0f,1f], start_interpolation: 0, interpolation_duration: 1 }
$data merge entity $(bone_wheel3) { transformation: [-1f,7.198293278059972e-17f,-9.907600726170914e-17f,-1.0625f,0f,-0.8090169943749472f,-0.5877852522924736f,-0.625f,-1.2246467991473532e-16f,-0.5877852522924736f,0.8090169943749472f,-1.2454999999999998f,0f,0f,0f,1f], start_interpolation: 0, interpolation_duration: 1 }
$data merge entity $(bone_wheel4) { transformation: [-1f,7.198293278059972e-17f,-9.907600726170914e-17f,-1.0625f,0f,-0.8090169943749472f,-0.5877852522924736f,-0.625f,-1.2246467991473532e-16f,-0.5877852522924736f,0.8090169943749472f,-1.4954999999999998f,0f,0f,0f,1f], start_interpolation: 0, interpolation_duration: 1 }
$data merge entity $(bone_rails2) { transformation: [-1.2038220833333333f,0f,1.4742568610970649e-16f,0.4375000000000001f,0f,1.2038220833333333f,0f,-1f,-1.4742568610970649e-16f,0f,-1.2038220833333333f,-0.9329999999999997f,0f,0f,0f,1f], start_interpolation: 0, interpolation_duration: 1 }
$data merge entity $(bone_bone6) { transformation: [-0.0871557427476586f,-0.8253758980927597f,-0.5578158328280709f,0.41703600615248926f,0f,0.5599465986885813f,-0.8285286999356684f,0.17823599378054375f,0.9961946980917454f,-0.07221103423064514f,-0.04880256170772842f,-0.11646653762743187f,0f,0f,0f,1f], start_interpolation: 0, interpolation_duration: 1 }
$data merge entity $(bone_bone5) { transformation: [-0.0871557427476586f,-0.7553318296582325f,-0.6495211340759058f,0.3286211122339491f,0f,0.6520021992890467f,-0.7582170745388462f,0.0802627732337925f,0.9961946980917454f,-0.06608297229538997f,-0.05682573595214378f,-0.12420183853215133f,0f,0f,0f,1f], start_interpolation: 0, interpolation_duration: 1 }
$data merge entity $(bone_bone4) { transformation: [-0.0871557427476586f,-0.7553318296582325f,-0.6495211340759058f,1.0608777203546524f,0f,0.6520021992890467f,-0.7582170745388462f,0.22976037614632006f,0.9961946980917454f,-0.06608297229538997f,-0.05682573595214378f,-0.24835390606902205f,0f,0f,0f,1f], start_interpolation: 0, interpolation_duration: 1 }
$data merge entity $(bone_bone3) { transformation: [-0.0871557427476586f,-0.2757002170813179f,-0.9572843186887676f,0.7998364483301302f,0f,0.9609409892689528f,-0.2767533471212342f,-0.234375f,0.9961946980917454f,-0.024120643526251748f,-0.08375152565640541f,-0.2084533182370956f,0f,0f,0f,1f], start_interpolation: 0, interpolation_duration: 1 }
$data merge entity $(bone_octagon) { transformation: [-0.0871557427476586f,0f,-0.9961946980917454f,0.859375f,0f,1f,0f,-0.40625f,0.9961946980917454f,0f,-0.0871557427476586f,-0.1718749999999999f,0f,0f,0f,1f], start_interpolation: 0, interpolation_duration: 1 }
$data merge entity $(bone_bone10) { transformation: [-0.8874709081674821f,-0.03212212059442687f,0.4597429243880775f,-0.2055337840752804f,0f,0.9975680101302974f,0.06969982184108386f,0.19363768788846475f,-0.4608637403358876f,0.06185656418841845f,-0.8853125879091628f,-1.2275342222669952f,0f,0f,0f,1f], start_interpolation: 0, interpolation_duration: 1 }
$data merge entity $(bone_bone9) { transformation: [-0.8874709081674821f,0.34579701560278087f,0.3046634391530999f,-0.16409104253896634f,0f,0.6610705344947608f,-0.7503237624004795f,0.09673855170548645f,-0.4608637403358876f,-0.6658905108371954f,-0.5866808676108282f,-1.307339215042902f,0f,0f,0f,1f], start_interpolation: 0, interpolation_duration: 1 }
$data merge entity $(bone_bone8) { transformation: [-0.8874709081674821f,0.34579701560278087f,0.3046634391530999f,-0.825205884158263f,0f,0.6610705344947608f,-0.7503237624004795f,0.25991193048183686f,-0.4608637403358876f,-0.6658905108371954f,-0.5866808676108282f,-0.4410957813461703f,0f,0f,0f,1f], start_interpolation: 0, interpolation_duration: 1 }
$data merge entity $(bone_bone7) { transformation: [-0.8874709081674821f,0.42181927105659955f,0.18564452515941168f,-0.8583044821092408f,0f,0.4028186835095985f,-0.9152797977752999f,-0.234375f,-0.4608637403358876f,-0.8122841933589947f,-0.3574898628810929f,-0.24174392364596411f,0f,0f,0f,1f], start_interpolation: 0, interpolation_duration: 1 }
$data merge entity $(bone_octagon2) { transformation: [-0.8874709081674821f,0f,0.4608637403358876f,-0.859375f,0f,1f,0f,-0.40625f,-0.4608637403358876f,0f,-0.8874709081674821f,-0.171875f,0f,0f,0f,1f], start_interpolation: 0, interpolation_duration: 1 }