# This file was generated by Animated Java via MC-Build. It is not recommended to edit this file directly.
$data merge entity $(bone_bone21) { transformation: [0.32061299058567655f,0.9472102777460288f,1.2246467991473532e-16f,0.5165734489148993f,0.9472102777460288f,-0.32061299058567655f,0f,0.6219760368260254f,3.9263767268580925e-17f,1.1599980347611496e-16f,-1f,-1.2515f,0f,0f,0f,1f], start_interpolation: 0, interpolation_duration: 1 }
$data merge entity $(bone_arm4) { transformation: [0.9997806834748456f,-0.020942419883357113f,1.2246467991473532e-16f,1.0447032209199962f,-0.020942419883357113f,-0.9997806834748456f,0f,0.610913295145729f,1.2243782138668228e-16f,-2.5647067476553183e-18f,-1f,-1.2515f,0f,0f,0f,1f], start_interpolation: 0, interpolation_duration: 1 }
$data merge entity $(bone_small_arm_base4) { transformation: [0.9939609554551798f,0.1097343110910452f,1.2246467991473532e-16f,1.061337778735136f,0.1097343110910452f,-0.9939609554551798f,0f,0.6127497674257821f,1.2172511025756309e-16f,1.3438577283428838e-17f,-1f,-1.15775f,0f,0f,0f,1f], start_interpolation: 0, interpolation_duration: 1 }
$data merge entity $(bone_bone25) { transformation: [-0.4817536741017152f,0.8763066800438636f,1.2246467991473532e-16f,2.6414183864572156e-16f,0.8763066800438636f,0.4817536741017152f,0f,0.4999999999999999f,-5.899780949661427e-17f,1.0731661707871613e-16f,-1f,-1.59525f,0f,0f,0f,1f], start_interpolation: 0, interpolation_duration: 1 }
$data merge entity $(bone_bone16) { transformation: [-0.8873250440504684f,-0.46114451769573794f,1.2246467991473532e-16f,0.3489239399885369f,-0.46114451769573794f,0.8873250440504684f,0f,1.284716379876618f,-1.0866597749996902e-16f,-5.647391575404354e-17f,-1f,-1.2515f,0f,0f,0f,1f], start_interpolation: 0, interpolation_duration: 1 }
$data merge entity $(bone_arm3) { transformation: [-0.8704988993221962f,0.4921703630643006f,1.2246467991473532e-16f,-0.11091329514572867f,0.4921703630643006f,0.8704988993221962f,0f,1.5447032209199962f,-1.0660536907162214e-16f,6.027348597618864e-17f,-1f,-1.2515f,0f,0f,0f,1f], start_interpolation: 0, interpolation_duration: 1 }
$data merge entity $(bone_small_arm_base3) { transformation: [-0.10973431109104498f,0.9939609554551798f,1.2246467991473532e-16f,-0.11274976742578176f,0.9939609554551798f,0.10973431109104498f,0f,1.561337778735136f,-1.3438577283428808e-17f,1.2172511025756309e-16f,-1f,-1.15775f,0f,0f,0f,1f], start_interpolation: 0, interpolation_duration: 1 }
$data merge entity $(bone_bone15) { transformation: [-0.8763066800438637f,-0.481753674101715f,1.2246467991473532e-16f,2.6414183864572156e-16f,-0.481753674101715f,0.8763066800438637f,0f,0.4999999999999999f,-1.0731661707871615e-16f,-5.899780949661425e-17f,-1f,-1.59525f,0f,0f,0f,1f], start_interpolation: 0, interpolation_duration: 1 }
$data merge entity $(bone_bone26) { transformation: [0.302273910474188f,0.9532211092116261f,1.2246467991473532e-16f,0.35047899442804586f,0.9532211092116261f,-0.302273910474188f,0f,-0.07390420216675425f,3.701787769279679e-17f,1.1673591802757077e-16f,-1f,-1.2515f,0f,0f,0f,1f], start_interpolation: 0, interpolation_duration: 1 }
$data merge entity $(bone_arm5) { transformation: [-0.4535119420673219f,-0.8912501996646767f,1.2246467991473532e-16f,0.1109132951457296f,-0.8912501996646767f,0.4535119420673219f,0f,-0.5447032209199961f,-5.553919482278456e-17f,-1.091466704258786e-16f,-1f,-1.2515f,0f,0f,0f,1f], start_interpolation: 0, interpolation_duration: 1 }
$data merge entity $(bone_small_arm_base5) { transformation: [0.10973431109104542f,-0.9939609554551797f,1.2246467991473532e-16f,0.11274976742578267f,-0.9939609554551797f,-0.10973431109104542f,0f,-0.5613377787351358f,1.343857728342887e-17f,-1.2172511025756309e-16f,-1f,-1.15775f,0f,0f,0f,1f], start_interpolation: 0, interpolation_duration: 1 }
$data merge entity $(bone_bone20) { transformation: [0.8763066800438635f,0.48175367410171543f,1.2246467991473532e-16f,2.6414183864572156e-16f,0.48175367410171543f,-0.8763066800438635f,0f,0.4999999999999999f,1.0731661707871612e-16f,5.89978094966143e-17f,-1f,-1.59525f,0f,0f,0f,1f], start_interpolation: 0, interpolation_duration: 1 }
$data merge entity $(bone_bone11) { transformation: [0.6982655309803257f,0.715838842369401f,1.2246467991473532e-16f,-0.5342260588857938f,0.715838842369401f,-0.6982655309803257f,0f,0.5249414337861251f,8.551286474699829e-17f,8.766497470130336e-17f,-1f,-1.2515f,0f,0f,0f,1f], start_interpolation: 0, interpolation_duration: 1 }
$data merge entity $(bone_arm2) { transformation: [0.966363255794503f,0.25718098267610723f,1.2246467991473532e-16f,-1.0447032209199958f,0.25718098267610723f,-0.966363255794503f,0f,0.3890867048542707f,1.183453668022353e-16f,3.1495586723586555e-17f,-1f,-1.2515f,0f,0f,0f,1f], start_interpolation: 0, interpolation_duration: 1 }
$data merge entity $(bone_small_arm_base2) { transformation: [0.9939609554551798f,0.1097343110910452f,1.2246467991473532e-16f,-1.0613377787351355f,0.1097343110910452f,-0.9939609554551798f,0f,0.38725023257421765f,1.2172511025756309e-16f,1.3438577283428838e-17f,-1f,-1.15775f,0f,0f,0f,1f], start_interpolation: 0, interpolation_duration: 1 }
$data merge entity $(bone_bone2) { transformation: [-0.4817536741017152f,0.8763066800438636f,1.2246467991473532e-16f,2.6414183864572156e-16f,0.8763066800438636f,0.4817536741017152f,0f,0.4999999999999999f,-5.899780949661427e-17f,1.0731661707871613e-16f,-1f,-1.59525f,0f,0f,0f,1f], start_interpolation: 0, interpolation_duration: 1 }
$data merge entity $(bone_ring) { transformation: [-0.8667948966661162f,1.576694063813355f,2.2034447328268763e-16f,2.220446049250313e-16f,1.576694063813355f,0.8667948966661162f,0f,0.4999999999999999f,-1.06151759571942e-16f,1.9308933384836582e-16f,-1.799249166666667f,-1.2515f,0f,0f,0f,1f], start_interpolation: 0, interpolation_duration: 1 }
$data merge entity $(bone_wheel) { transformation: [-1f,1.1647083184890923e-16f,-3.784366730434156e-17f,1.0625000000000002f,0f,-0.3090169943749479f,-0.9510565162951535f,-0.625f,-1.2246467991473532e-16f,-0.9510565162951535f,0.3090169943749479f,-1.3764999999999998f,0f,0f,0f,1f], start_interpolation: 0, interpolation_duration: 1 }
$data merge entity $(bone_wheel2) { transformation: [-1f,1.1647083184890923e-16f,-3.784366730434156e-17f,1.0625000000000002f,0f,-0.3090169943749479f,-0.9510565162951535f,-0.625f,-1.2246467991473532e-16f,-0.9510565162951535f,0.3090169943749479f,-1.1264999999999998f,0f,0f,0f,1f], start_interpolation: 0, interpolation_duration: 1 }
$data merge entity $(bone_rails) { transformation: [-1.1373008333333334f,0f,1.3927918252092842e-16f,-0.43749999999999983f,0f,1.1373008333333334f,0f,-1f,-1.3927918252092842e-16f,0f,-1.1373008333333334f,-0.8140000000000001f,0f,0f,0f,1f], start_interpolation: 0, interpolation_duration: 1 }
$data merge entity $(bone_wheel3) { transformation: [-1f,1.1647083184890923e-16f,-3.784366730434156e-17f,-1.0625f,0f,-0.3090169943749479f,-0.9510565162951535f,-0.625f,-1.2246467991473532e-16f,-0.9510565162951535f,0.3090169943749479f,-1.1265f,0f,0f,0f,1f], start_interpolation: 0, interpolation_duration: 1 }
$data merge entity $(bone_wheel4) { transformation: [-1f,1.1647083184890923e-16f,-3.784366730434156e-17f,-1.0625f,0f,-0.3090169943749479f,-0.9510565162951535f,-0.625f,-1.2246467991473532e-16f,-0.9510565162951535f,0.3090169943749479f,-1.3765f,0f,0f,0f,1f], start_interpolation: 0, interpolation_duration: 1 }
$data merge entity $(bone_rails2) { transformation: [-1.2038220833333333f,0f,1.4742568610970649e-16f,0.4375000000000001f,0f,1.2038220833333333f,0f,-1f,-1.4742568610970649e-16f,0f,-1.2038220833333333f,-0.814f,0f,0f,0f,1f], start_interpolation: 0, interpolation_duration: 1 }
$data merge entity $(bone_bone6) { transformation: [-0.055821504993163976f,-0.977067810867511f,-0.20548102721873784f,0.4466095841590509f,0f,0.20580192094529282f,-0.9785936691677641f,0.3142834299690421f,0.998440764181981f,-0.054626571389727f,-0.011488172957650408f,-0.10105576283017083f,0f,0f,0f,1f], start_interpolation: 0, interpolation_duration: 1 }
$data merge entity $(bone_bone5) { transformation: [-0.055821504993163976f,-0.58320772545897f,-0.8104028063532804f,0.3375216794117606f,0f,0.8116683887774161f,-0.5841185039523002f,0.23986292199722553f,0.998440764181981f,-0.03260637398497279f,-0.04530855101693189f,-0.10715472356775022f,0f,0f,0f,1f], start_interpolation: 0, interpolation_duration: 1 }
$data merge entity $(bone_bone4) { transformation: [-0.055821504993163976f,-0.58320772545897f,-0.8104028063532804f,1.0809104233890663f,0f,0.8116683887774161f,-0.5841185039523002f,0.21654726411800834f,0.998440764181981f,-0.03260637398497279f,-0.04530855101693189f,-0.25338565358774856f,0f,0f,0f,1f], start_interpolation: 0, interpolation_duration: 1 }
$data merge entity $(bone_bone3) { transformation: [-0.055821504993163976f,-0.22868595322042962f,-0.9718985000399792f,0.7987168742696625f,0f,0.973416285578296f,-0.22904308540305965f,-0.234375f,0.998440764181981f,-0.012785529735476578f,-0.05433756204583598f,-0.20656511794275956f,0f,0f,0f,1f], start_interpolation: 0, interpolation_duration: 1 }
$data merge entity $(bone_octagon) { transformation: [-0.055821504993163976f,0f,-0.998440764181981f,0.859375f,0f,1f,0f,-0.40625f,0.998440764181981f,0f,-0.055821504993163976f,-0.1718749999999999f,0f,0f,0f,1f], start_interpolation: 0, interpolation_duration: 1 }
$data merge entity $(bone_bone10) { transformation: [-0.8875475015227758f,-0.04213391152961529f,0.4587855338171558f,-0.277520107070669f,0f,0.9958093875575589f,0.09145306803076358f,0.2509911720187529f,-0.4607162169282498f,0.08116894203729663f,-0.883828133919637f,-1.0893027807851847f,0f,0f,0f,1f], start_interpolation: 0, interpolation_duration: 1 }
$data merge entity $(bone_bone9) { transformation: [-0.8875475015227758f,0.33595455234061516f,0.3152680943297228f,-0.23470955248107606f,0f,0.6842999719691253f,-0.729200622848784f,0.15696282686239277f,-0.4607162169282498f,-0.6472001909182902f,-0.6073487304133027f,-1.1717752429401582f,0f,0f,0f,1f], start_interpolation: 0, interpolation_duration: 1 }
$data merge entity $(bone_bone8) { transformation: [-0.8875475015227758f,0.33595455234061516f,0.3152680943297228f,-0.8619574246505257f,0f,0.6842999719691253f,-0.729200622848784f,0.2838853978971557f,-0.4607162169282498f,-0.6472001909182902f,-0.6073487304133027f,-0.3703876029713827f,0f,0f,0f,1f], start_interpolation: 0, interpolation_duration: 1 }
$data merge entity $(bone_bone7) { transformation: [-0.8875475015227758f,0.3874684799495013f,0.24925410645825088f,-0.8583160958645711f,0f,0.541014397366153f,-0.8410133303595956f,-0.234375f,-0.4607162169282498f,-0.746439280108008f,-0.4801759766701793f,-0.24174410062418128f,0f,0f,0f,1f], start_interpolation: 0, interpolation_duration: 1 }
$data merge entity $(bone_octagon2) { transformation: [-0.8875475015227758f,0f,0.4607162169282498f,-0.859375f,0f,1f,0f,-0.40625f,-0.4607162169282498f,0f,-0.8875475015227758f,-0.171875f,0f,0f,0f,1f], start_interpolation: 0, interpolation_duration: 1 }