# This file was generated by Animated Java via MC-Build. It is not recommended to edit this file directly.
$data merge entity $(bone_bone21) { transformation: [0.3384168596767477f,0.9409962960004299f,1.2246467991473532e-16f,0.5198829987248748f,0.9409962960004299f,-0.3384168596767477f,0f,0.6000126983344042f,4.14441123980628e-17f,1.1523881019064413e-16f,-1f,-1.19921875f,0f,0f,0f,1f], start_interpolation: 0, interpolation_duration: 1 }
$data merge entity $(bone_arm4) { transformation: [0.9991348153848991f,-0.041588708633279875f,1.2246467991473532e-16f,1.0476715937371304f,-0.041588708633279875f,-0.9991348153848991f,0f,0.5780436449494744f,1.2235872535777982e-16f,-5.0931478908418105e-18f,-1f,-1.19921875f,0f,0f,0f,1f], start_interpolation: 0, interpolation_duration: 1 }
$data merge entity $(bone_small_arm_base4) { transformation: [0.9969173337331281f,0.07845909572784515f,1.2246467991473532e-16f,1.0643556283904878f,0.07845909572784515f,-0.9969173337331281f,0f,0.5793567069534147f,1.220871621770789e-16f,9.608468044710134e-18f,-1f,-1.10546875f,0f,0f,0f,1f], start_interpolation: 0, interpolation_duration: 1 }
$data merge entity $(bone_bone25) { transformation: [-0.45399049973954697f,0.8910065241883678f,1.2246467991473532e-16f,1.531195361832059e-16f,0.8910065241883678f,0.45399049973954697f,0f,0.4999999999999999f,-5.559780123493435e-17f,1.0911682878666934e-16f,-1f,-1.54296875f,0f,0f,0f,1f], start_interpolation: 0, interpolation_duration: 1 }
$data merge entity $(bone_bone16) { transformation: [-0.941415151789988f,-0.33724992510041346f,1.2246467991473532e-16f,0.37182642261823845f,-0.33724992510041346f,0.941415151789988f,0f,1.2707955156114417f,-1.1529010523084282e-16f,-4.1301204128690606e-17f,-1f,-1.19921875f,0f,0f,0f,1f], start_interpolation: 0, interpolation_duration: 1 }
$data merge entity $(bone_arm3) { transformation: [-0.8516304655958346f,0.5241426810220882f,1.2246467991473532e-16f,-0.07804364494947415f,0.5241426810220882f,0.8516304655958346f,0f,1.5476715937371301f,-1.0429465237483089e-16f,6.418896566102122e-17f,-1f,-1.19921875f,0f,0f,0f,1f], start_interpolation: 0, interpolation_duration: 1 }
$data merge entity $(bone_small_arm_base3) { transformation: [-0.07845909572784487f,0.9969173337331282f,1.2246467991473532e-16f,-0.07935670695341447f,0.9969173337331282f,0.07845909572784487f,0f,1.5643556283904876f,-9.608468044710109e-18f,1.220871621770789e-16f,-1f,-1.10546875f,0f,0f,0f,1f], start_interpolation: 0, interpolation_duration: 1 }
$data merge entity $(bone_bone15) { transformation: [-0.8910065241883679f,-0.45399049973954675f,1.2246467991473532e-16f,1.531195361832059e-16f,-0.45399049973954675f,0.8910065241883679f,0f,0.4999999999999999f,-1.0911682878666935e-16f,-5.559780123493433e-17f,-1f,-1.54296875f,0f,0f,0f,1f], start_interpolation: 0, interpolation_duration: 1 }
$data merge entity $(bone_bone26) { transformation: [0.19665373070333755f,0.9804730033001721f,1.2246467991473532e-16f,0.2941954975279723f,0.9804730033001721f,-0.19665373070333755f,0f,-0.06567385830829625f,2.4083136184622796e-17f,1.2007331251419478e-16f,-1f,-1.19921875f,0f,0f,0f,1f], start_interpolation: 0, interpolation_duration: 1 }
$data merge entity $(bone_arm5) { transformation: [-0.40918815480676707f,-0.9124500282020016f,1.2246467991473532e-16f,0.07804364494947491f,-0.9124500282020016f,0.40918815480676707f,0f,-0.5476715937371301f,-5.0111096403311896e-17f,-1.1174290064194933e-16f,-1f,-1.19921875f,0f,0f,0f,1f], start_interpolation: 0, interpolation_duration: 1 }
$data merge entity $(bone_small_arm_base5) { transformation: [0.07845909572784537f,-0.9969173337331281f,1.2246467991473532e-16f,0.07935670695341522f,-0.9969173337331281f,-0.07845909572784537f,0f,-0.5643556283904877f,9.608468044710158e-18f,-1.220871621770789e-16f,-1f,-1.10546875f,0f,0f,0f,1f], start_interpolation: 0, interpolation_duration: 1 }
$data merge entity $(bone_bone20) { transformation: [0.8910065241883677f,0.4539904997395472f,1.2246467991473532e-16f,1.531195361832059e-16f,0.4539904997395472f,-0.8910065241883677f,0f,0.4999999999999999f,1.0911682878666933e-16f,5.559780123493438e-17f,-1f,-1.54296875f,0f,0f,0f,1f], start_interpolation: 0, interpolation_duration: 1 }
$data merge entity $(bone_bone11) { transformation: [0.7798519123214438f,0.6259640523613055f,1.2246467991473532e-16f,-0.5296197885748424f,0.6259640523613055f,-0.7798519123214438f,0f,0.5252315577844626f,9.550431482333986e-17f,7.66584873105579e-17f,-1f,-1.19921875f,0f,0f,0f,1f], start_interpolation: 0, interpolation_duration: 1 }
$data merge entity $(bone_arm2) { transformation: [0.9807025002096091f,0.19550602569389433f,1.2246467991473532e-16f,-1.04767159373713f,0.19550602569389433f,-0.9807025002096091f,0f,0.42195635505052537f,1.2010141777975045e-16f,2.3942582858004786e-17f,-1f,-1.19921875f,0f,0f,0f,1f], start_interpolation: 0, interpolation_duration: 1 }
$data merge entity $(bone_small_arm_base2) { transformation: [0.9969173337331281f,0.07845909572784515f,1.2246467991473532e-16f,-1.0643556283904874f,0.07845909572784515f,-0.9969173337331281f,0f,0.42064329304658504f,1.220871621770789e-16f,9.608468044710134e-18f,-1f,-1.10546875f,0f,0f,0f,1f], start_interpolation: 0, interpolation_duration: 1 }
$data merge entity $(bone_bone2) { transformation: [-0.45399049973954697f,0.8910065241883678f,1.2246467991473532e-16f,1.531195361832059e-16f,0.8910065241883678f,0.45399049973954697f,0f,0.4999999999999999f,-5.559780123493435e-17f,1.0911682878666934e-16f,-1f,-1.54296875f,0f,0f,0f,1f], start_interpolation: 0, interpolation_duration: 1 }
$data merge entity $(bone_ring) { transformation: [-0.8168420283309636f,1.6031427461404841f,2.2034447328268763e-16f,1.1102230246251565e-16f,1.6031427461404841f,0.8168420283309636f,0f,0.4999999999999999f,-1.0003429754045462e-16f,1.963283632637242e-16f,-1.799249166666667f,-1.19921875f,0f,0f,0f,1f], start_interpolation: 0, interpolation_duration: 1 }
$data merge entity $(bone_wheel) { transformation: [-1f,1.2246467991473532e-16f,2.719262146893782e-32f,1.0625f,0f,2.220446049250313e-16f,-1f,-0.625f,-1.2246467991473532e-16f,-1f,-2.220446049250313e-16f,-1.3242187499999998f,0f,0f,0f,1f], start_interpolation: 0, interpolation_duration: 1 }
$data merge entity $(bone_wheel2) { transformation: [-1f,1.2246467991473532e-16f,2.719262146893782e-32f,1.0625f,0f,2.220446049250313e-16f,-1f,-0.625f,-1.2246467991473532e-16f,-1f,-2.220446049250313e-16f,-1.0742187499999998f,0f,0f,0f,1f], start_interpolation: 0, interpolation_duration: 1 }
$data merge entity $(bone_rails) { transformation: [-1.1373008333333334f,0f,1.3927918252092842e-16f,-0.43749999999999994f,0f,1.1373008333333334f,0f,-1f,-1.3927918252092842e-16f,0f,-1.1373008333333334f,-0.76171875f,0f,0f,0f,1f], start_interpolation: 0, interpolation_duration: 1 }
$data merge entity $(bone_wheel3) { transformation: [-1f,1.2246467991473532e-16f,2.719262146893782e-32f,-1.0625f,0f,2.220446049250313e-16f,-1f,-0.625f,-1.2246467991473532e-16f,-1f,-2.220446049250313e-16f,-1.07421875f,0f,0f,0f,1f], start_interpolation: 0, interpolation_duration: 1 }
$data merge entity $(bone_wheel4) { transformation: [-1f,1.2246467991473532e-16f,2.719262146893782e-32f,-1.0625f,0f,2.220446049250313e-16f,-1f,-0.625f,-1.2246467991473532e-16f,-1f,-2.220446049250313e-16f,-1.32421875f,0f,0f,0f,1f], start_interpolation: 0, interpolation_duration: 1 }
$data merge entity $(bone_rails2) { transformation: [-1.2038220833333333f,0f,1.4742568610970649e-16f,0.4375f,0f,1.2038220833333333f,0f,-1f,-1.4742568610970649e-16f,0f,-1.2038220833333333f,-0.7617187499999999f,0f,0f,0f,1f], start_interpolation: 0, interpolation_duration: 1 }
$data merge entity $(bone_bone6) { transformation: [-0.06072189742281987f,-0.9828262611308892f,-0.17425668309952946f,0.46710891375184094f,0f,0.1745788293870511f,-0.9846432005197856f,0.3716395571090231f,0.9981547230631996f,-0.05978940342003948f,-0.010600757770236488f,-0.10181486069235822f,0f,0f,0f,1f], start_interpolation: 0, interpolation_duration: 1 }
$data merge entity $(bone_bone5) { transformation: [-0.06072189742281987f,-0.4982601793647434f,-0.8648986326921707f,0.3511093792441037f,0f,0.8664975606566442f,-0.4991813071180502f,0.30863090057806425f,0.9981547230631996f,-0.03031123612621139f,-0.05261537599531639f,-0.10887159415534028f,0f,0f,0f,1f], start_interpolation: 0, interpolation_duration: 1 }
$data merge entity $(bone_bone4) { transformation: [-0.06072189742281987f,-0.4982601793647434f,-0.8648986326921707f,1.0898951709687266f,0f,0.8664975606566442f,-0.4991813071180502f,0.2111066401292785f,0.9981547230631996f,-0.03031123612621139f,-0.05261537599531639f,-0.2517748151106243f,0f,0f,0f,1f], start_interpolation: 0, interpolation_duration: 1 }
$data merge entity $(bone_bone3) { transformation: [-0.06072189742281987f,-0.2099299198082571f,-0.9758290218796895f,0.7988878891030131f,0f,0.9776330255543993f,-0.21031801479034334f,-0.234375f,0.9981547230631996f,-0.012770908920270342f,-0.05936373229487528f,-0.20686245368465112f,0f,0f,0f,1f], start_interpolation: 0, interpolation_duration: 1 }
$data merge entity $(bone_octagon) { transformation: [-0.06072189742281987f,0f,-0.9981547230631996f,0.859375f,0f,1f,0f,-0.40625f,0.9981547230631996f,0f,-0.06072189742281987f,-0.1718749999999999f,0f,0f,0f,1f], start_interpolation: 0, interpolation_duration: 1 }
$data merge entity $(bone_bone10) { transformation: [-0.887585789004554f,-0.050231811296674256f,0.4578954381635819f,-0.31614093548892014f,0f,0.9940365628822024f,0.109047290903246f,0.2817473359599288f,-0.4606424504506324f,0.09678882573516684f,-0.8822927269651746f,-1.015081776499303f,0f,0f,0f,1f], start_interpolation: 0, interpolation_duration: 1 }
$data merge entity $(bone_bone9) { transformation: [-0.887585789004554f,0.3276693721630639f,0.32376573275043613f,-0.2722356959392642f,0f,0.7028569174067784f,-0.7113312545175006f,0.19014383330228296f,-0.4606424504506324f,-0.6313675127845149f,-0.623845811593804f,-1.0996802902684801f,0f,0f,0f,1f], start_interpolation: 0, interpolation_duration: 1 }
$data merge entity $(bone_bone8) { transformation: [-0.887585789004554f,0.3276693721630639f,0.32376573275043613f,-0.8804586694563368f,0f,0.7028569174067784f,-0.7113312545175006f,0.2909938024182366f,-0.4606424504506324f,-0.6313675127845149f,-0.623845811593804f,-0.3347701794110167f,0f,0f,0f,1f], start_interpolation: 0, interpolation_duration: 1 }
$data merge entity $(bone_bone7) { transformation: [-0.887585789004554f,0.3671260235279017f,0.2782264365687666f,-0.8583219027532278f,0f,0.6039965189847054f,-0.7969869541305921f,-0.234375f,-0.4606424504506324f,-0.7073942945083378f,-0.5360987268590438f,-0.2417441883893669f,0f,0f,0f,1f], start_interpolation: 0, interpolation_duration: 1 }
$data merge entity $(bone_octagon2) { transformation: [-0.887585789004554f,0f,0.4606424504506324f,-0.859375f,0f,1f,0f,-0.40625f,-0.4606424504506324f,0f,-0.887585789004554f,-0.171875f,0f,0f,0f,1f], start_interpolation: 0, interpolation_duration: 1 }