# This file was generated by Animated Java via MC-Build. It is not recommended to edit this file directly.
$data merge entity $(bone_bone21) { transformation: [0.40213383353271714f,0.9155808975335172f,1.2246467991473532e-16f,0.5221486907005326f,0.9155808975335172f,-0.40213383353271714f,0f,0.4845191129082643f,4.924719120646966e-17f,1.1212632155248825e-16f,-1f,-1.0869999999999997f,0f,0f,0f,1f], start_interpolation: 0, interpolation_duration: 1 }
$data merge entity $(bone_arm4) { transformation: [0.9999474301574555f,-0.010253629674455925f,1.2246467991473532e-16f,1.0503665459112015f,-0.010253629674455925f,-0.9999474301574555f,0f,0.4791026778923628f,1.2245824196579493e-16f,-1.2557074760464743e-18f,-1f,-1.0869999999999997f,0f,0f,0f,1f], start_interpolation: 0, interpolation_duration: 1 }
$data merge entity $(bone_small_arm_base4) { transformation: [0.9998766324816606f,-0.015707317311820623f,1.2246467991473532e-16f,1.0671001062786774f,-0.015707317311820623f,-0.9998766324816606f,0f,0.4788398061200762f,1.2244957175109002e-16f,-1.923591586911291e-18f,-1f,-0.9932499999999996f,0f,0f,0f,1f], start_interpolation: 0, interpolation_duration: 1 }
$data merge entity $(bone_bone25) { transformation: [-0.36812455268467803f,0.9297764858882513f,1.2246467991473532e-16f,1.531195361832059e-16f,0.9297764858882513f,0.36812455268467803f,0f,0.4999999999999999f,-4.5082255513284216e-17f,1.1386477973655213e-16f,-1f,-1.4307499999999997f,0f,0f,0f,1f], start_interpolation: 0, interpolation_duration: 1 }
$data merge entity $(bone_bone16) { transformation: [-0.9992193072998661f,0.039506656643859994f,1.2246467991473532e-16f,0.4311310150410065f,0.039506656643859994f,0.9992193072998661f,0f,1.2175726795105553f,-1.2236907263310164e-16f,4.8381700603916705e-18f,-1f,-1.0869999999999997f,0f,0f,0f,1f], start_interpolation: 0, interpolation_duration: 1 }
$data merge entity $(bone_arm3) { transformation: [-0.7765964799677595f,0.6299983391261325f,1.2246467991473532e-16f,0.02089732210763743f,0.6299983391261325f,0.7765964799677595f,0f,1.550366545911201f,-9.510563934216182e-17f,7.715254494789669e-17f,-1f,-1.0869999999999997f,0f,0f,0f,1f], start_interpolation: 0, interpolation_duration: 1 }
$data merge entity $(bone_small_arm_base3) { transformation: [0.015707317311820845f,0.9998766324816607f,1.2246467991473532e-16f,0.02116019387992406f,0.9998766324816607f,-0.015707317311820845f,0f,1.567100106278677f,1.9235915869113156e-18f,1.2244957175109002e-16f,-1f,-0.9932499999999997f,0f,0f,0f,1f], start_interpolation: 0, interpolation_duration: 1 }
$data merge entity $(bone_bone15) { transformation: [-0.9297764858882515f,-0.3681245526846778f,1.2246467991473532e-16f,1.531195361832059e-16f,-0.3681245526846778f,0.9297764858882515f,0f,0.4999999999999999f,-1.1386477973655213e-16f,-4.508225551328419e-17f,-1f,-1.4307499999999997f,0f,0f,0f,1f], start_interpolation: 0, interpolation_duration: 1 }
$data merge entity $(bone_bone26) { transformation: [-0.12909515096964f,0.991632211052125f,1.2246467991473532e-16f,0.12211445260056668f,0.991632211052125f,0.12909515096964f,0f,-0.041848038257398246f,-1.580959634204139e-17f,1.2143992131963977e-16f,-1f,-1.0869999999999997f,0f,0f,0f,1f], start_interpolation: 0, interpolation_duration: 1 }
$data merge entity $(bone_arm5) { transformation: [-0.2707296907725519f,-0.9626554079909376f,1.2246467991473532e-16f,-0.020897322107636715f,-0.9626554079909376f,0.2707296907725519f,0f,-0.550366545911201f,-3.3154824923875854e-17f,-1.1789128640779914e-16f,-1f,-1.0869999999999997f,0f,0f,0f,1f], start_interpolation: 0, interpolation_duration: 1 }
$data merge entity $(bone_small_arm_base5) { transformation: [-0.0157073173118204f,-0.9998766324816607f,1.2246467991473532e-16f,-0.02116019387992336f,-0.9998766324816607f,0.0157073173118204f,0f,-0.567100106278677f,-1.9235915869112663e-18f,-1.2244957175109004e-16f,-1f,-0.9932499999999997f,0f,0f,0f,1f], start_interpolation: 0, interpolation_duration: 1 }
$data merge entity $(bone_bone20) { transformation: [0.9297764858882512f,0.36812455268467825f,1.2246467991473532e-16f,1.531195361832059e-16f,0.36812455268467825f,-0.9297764858882512f,0f,0.4999999999999999f,1.1386477973655213e-16f,4.508225551328424e-17f,-1f,-1.4307499999999997f,0f,0f,0f,1f], start_interpolation: 0, interpolation_duration: 1 }
$data merge entity $(bone_bone11) { transformation: [0.9517232652869569f,0.3069573688829319f,1.2246467991473532e-16f,-0.5221330687973175f,0.3069573688829319f,-0.9517232652869569f,0f,0.5244797776644742f,1.1655248505077393e-16f,3.75914359277176e-17f,-1f,-1.0869999999999997f,0f,0f,0f,1f], start_interpolation: 0, interpolation_duration: 1 }
$data merge entity $(bone_arm2) { transformation: [0.9999770033379523f,0.006781798821026301f,1.2246467991473532e-16f,-1.050366545911201f,0.006781798821026301f,-0.9999770033379523f,0f,0.5208973221076368f,1.2246186363587856e-16f,8.30530821863118e-19f,-1f,-1.0869999999999997f,0f,0f,0f,1f], start_interpolation: 0, interpolation_duration: 1 }
$data merge entity $(bone_small_arm_base2) { transformation: [0.9998766324816606f,-0.015707317311820623f,1.2246467991473532e-16f,-1.067100106278677f,-0.015707317311820623f,-0.9998766324816606f,0f,0.5211601938799235f,1.2244957175109002e-16f,-1.923591586911291e-18f,-1f,-0.9932499999999999f,0f,0f,0f,1f], start_interpolation: 0, interpolation_duration: 1 }
$data merge entity $(bone_bone2) { transformation: [-0.36812455268467803f,0.9297764858882513f,1.2246467991473532e-16f,1.531195361832059e-16f,0.9297764858882513f,0.36812455268467803f,0f,0.4999999999999999f,-4.5082255513284216e-17f,1.1386477973655213e-16f,-1f,-1.4307499999999997f,0f,0f,0f,1f], start_interpolation: 0, interpolation_duration: 1 }
$data merge entity $(bone_ring) { transformation: [-0.6623477946474465f,1.6728995674206983f,2.2034447328268763e-16f,1.1102230246251565e-16f,1.6728995674206983f,0.6623477946474465f,0f,0.4999999999999999f,-8.111421066373038e-17f,2.0487111005367502e-16f,-1.799249166666667f,-1.0869999999999997f,0f,0f,0f,1f], start_interpolation: 0, interpolation_duration: 1 }
$data merge entity $(bone_wheel) { transformation: [-1f,7.198293278059976e-17f,9.907600726170909e-17f,1.0625f,0f,0.8090169943749468f,-0.5877852522924739f,-0.625f,-1.2246467991473532e-16f,-0.5877852522924739f,-0.8090169943749468f,-1.2119999999999995f,0f,0f,0f,1f], start_interpolation: 0, interpolation_duration: 1 }
$data merge entity $(bone_wheel2) { transformation: [-1f,7.198293278059976e-17f,9.907600726170909e-17f,1.0625f,0f,0.8090169943749468f,-0.5877852522924739f,-0.625f,-1.2246467991473532e-16f,-0.5877852522924739f,-0.8090169943749468f,-0.9619999999999995f,0f,0f,0f,1f], start_interpolation: 0, interpolation_duration: 1 }
$data merge entity $(bone_rails) { transformation: [-1.1373008333333334f,0f,1.3927918252092842e-16f,-0.43749999999999994f,0f,1.1373008333333334f,0f,-1f,-1.3927918252092842e-16f,0f,-1.1373008333333334f,-0.6494999999999997f,0f,0f,0f,1f], start_interpolation: 0, interpolation_duration: 1 }
$data merge entity $(bone_wheel3) { transformation: [-1f,7.198293278059976e-17f,9.907600726170909e-17f,-1.0625f,0f,0.8090169943749468f,-0.5877852522924739f,-0.625f,-1.2246467991473532e-16f,-0.5877852522924739f,-0.8090169943749468f,-0.9619999999999997f,0f,0f,0f,1f], start_interpolation: 0, interpolation_duration: 1 }
$data merge entity $(bone_wheel4) { transformation: [-1f,7.198293278059976e-17f,9.907600726170909e-17f,-1.0625f,0f,0.8090169943749468f,-0.5877852522924739f,-0.625f,-1.2246467991473532e-16f,-0.5877852522924739f,-0.8090169943749468f,-1.2119999999999997f,0f,0f,0f,1f], start_interpolation: 0, interpolation_duration: 1 }
$data merge entity $(bone_rails2) { transformation: [-1.2038220833333333f,0f,1.4742568610970649e-16f,0.4375f,0f,1.2038220833333333f,0f,-1f,-1.4742568610970649e-16f,0f,-1.2038220833333333f,-0.6494999999999996f,0f,0f,0f,1f], start_interpolation: 0, interpolation_duration: 1 }
$data merge entity $(bone_bone6) { transformation: [-0.44473288353538154f,-0.11759002888349157f,-0.8879106077806956f,0.5671527764838423f,0f,0.9913442413407108f,-0.13128821409635563f,0.5823315589739411f,0.8956632527363757f,-0.05838818602928278f,-0.44088338302764946f,-0.21230406972774912f,0f,0f,0f,1f], start_interpolation: 0, interpolation_duration: 1 }
$data merge entity $(bone_bone5) { transformation: [-0.44473288353538154f,-0.1302739272097869f,-0.8861384576868583f,0.4496030323294944f,0f,0.9893656516325552f,-0.14544967297897055f,0.5664887956719584f,0.8956632527363757f,-0.06468625247321584f,-0.440003439121408f,-0.2706722527662876f,0f,0f,0f,1f], start_interpolation: 0, interpolation_duration: 1 }
$data merge entity $(bone_bone4) { transformation: [-0.44473288353538154f,-0.1302739272097869f,-0.8861384576868583f,1.1113078747380938f,0f,0.9893656516325552f,-0.14544967297897055f,0.20483365173770585f,0.8956632527363757f,-0.06468625247321584f,-0.440003439121408f,-0.15145121485112464f,0f,0f,0f,1f], start_interpolation: 0, interpolation_duration: 1 }
$data merge entity $(bone_bone3) { transformation: [-0.44473288353538154f,-0.16955323925690197f,-0.8794682264640358f,0.8172939493144572f,0f,0.9819183982117589f,-0.18930467308879007f,-0.234375f,0.8956632527363757f,-0.08419001312950035f,-0.43669140063315853f,-0.22766028186897297f,0f,0f,0f,1f], start_interpolation: 0, interpolation_duration: 1 }
$data merge entity $(bone_octagon) { transformation: [-0.44473288353538154f,0f,-0.8956632527363757f,0.859375f,0f,1f,0f,-0.40625f,0.8956632527363757f,0f,-0.44473288353538154f,-0.1718749999999999f,0f,0f,0f,1f], start_interpolation: 0, interpolation_duration: 1 }
$data merge entity $(bone_bone10) { transformation: [-0.8877006146632398f,0.04954623087934634f,0.4577475174505665f,-0.4275485162116327f,0f,0.9941931108441209f,-0.1076106795354887f,0.14875830202411877f,-0.4604211319287009f,-0.09552606636798217f,-0.8825458355902847f,-0.8008266596984582f,0f,0f,0f,1f], start_interpolation: 0, interpolation_duration: 1 }
$data merge entity $(bone_bone9) { transformation: [-0.8877006146632398f,0.38214360208141684f,0.25681488686356546f,-0.39230492698359165f,0f,0.5577825800214028f,-0.8299871043725122f,0.04097877746624362f,-0.4604211319287009f,-0.7367800627140416f,-0.495143939133447f,-0.8687769635639976f,0f,0f,0f,1f], start_interpolation: 0, interpolation_duration: 1 }
$data merge entity $(bone_bone8) { transformation: [-0.8877006146632398f,0.38214360208141684f,0.25681488686356546f,-0.9277504940345787f,0f,0.5577825800214028f,-0.8299871043725122f,0.29509138788149003f,-0.4604211319287009f,-0.7367800627140416f,-0.495143939133447f,-0.24366369436149238f,0f,0f,0f,1f], start_interpolation: 0, interpolation_duration: 1 }
$data merge entity $(bone_bone7) { transformation: [-0.8877006146632398f,0.3064635086282034f,0.34360986104271996f,-0.8583393234626825f,0f,0.7462947228406756f,-0.6656156448432979f,-0.234375f,-0.4604211319287009f,-0.5908674170568643f,-0.6624862841855998f,-0.2417444487892244f,0f,0f,0f,1f], start_interpolation: 0, interpolation_duration: 1 }
$data merge entity $(bone_octagon2) { transformation: [-0.8877006146632398f,0f,0.4604211319287009f,-0.859375f,0f,1f,0f,-0.40625f,-0.4604211319287009f,0f,-0.8877006146632398f,-0.171875f,0f,0f,0f,1f], start_interpolation: 0, interpolation_duration: 1 }