# This file was generated by Animated Java via MC-Build. It is not recommended to edit this file directly.
$data merge entity $(bone_bone21) { transformation: [0.14366534655625413f,0.9896263275594844f,1.2246467991473532e-16f,0.7557323010285701f,0.9896263275594844f,-0.14366534655625413f,0f,0.9355110328105722f,1.7593930680851193e-17f,1.2119427143976727e-16f,-1f,-1.2095f,0f,0f,0f,1f], start_interpolation: 0, interpolation_duration: 1 }
$data merge entity $(bone_arm4) { transformation: [-0.4380573817802467f,0.8989470119355398f,1.2246467991473532e-16f,0.5243304056042002f,0.8989470119355398f,0.4380573817802467f,0f,1.4103758589723439f,-5.3646557044004905e-17f,1.1008925807699364e-16f,-1f,-1.2095f,0f,0f,0f,1f], start_interpolation: 0, interpolation_duration: 1 }
$data merge entity $(bone_small_arm_base4) { transformation: [0.4954586684324076f,0.8686315144381914f,1.2246467991473532e-16f,0.5326222160820843f,0.8686315144381914f,-0.4954586684324076f,0f,1.4249129502611635f,6.067618724055578e-17f,1.063766803795249e-16f,-1f,-1.11575f,0f,0f,0f,1f], start_interpolation: 0, interpolation_duration: 1 }
$data merge entity $(bone_bone25) { transformation: [-0.9921147013144779f,0.12533323356430423f,1.2246467991473532e-16f,2.6414183864572156e-16f,0.12533323356430423f,0.9921147013144779f,0f,0.4999999999999999f,-1.2149900933518077e-16f,1.534889433113128e-17f,-1f,-1.55325f,0f,0f,0f,1f], start_interpolation: 0, interpolation_duration: 1 }
$data merge entity $(bone_bone16) { transformation: [-0.6589890433733343f,-0.7521525381954766f,1.2246467991473532e-16f,-0.3943344890138283f,-0.7521525381954766f,0.6589890433733343f,0f,1.137223030797254f,-8.070288226403303e-17f,-9.211211983716476e-17f,-1f,-1.2095000000000002f,0f,0f,0f,1f], start_interpolation: 0, interpolation_duration: 1 }
$data merge entity $(bone_arm3) { transformation: [-0.9768966282655259f,-0.21371237138604593f,1.2246467991473532e-16f,-0.9103758589723436f,-0.21371237138604593f,0.9768966282655259f,0f,1.0243304056042f,-1.196353328903218e-16f,-2.6172217155611145e-17f,-1f,-1.2095000000000002f,0f,0f,0f,1f], start_interpolation: 0, interpolation_duration: 1 }
$data merge entity $(bone_small_arm_base3) { transformation: [-0.8686315144381913f,0.4954586684324078f,1.2246467991473532e-16f,-0.9249129502611634f,0.4954586684324078f,0.8686315144381913f,0f,1.0326222160820842f,-1.0637668037952489e-16f,6.06761872405558e-17f,-1f,-1.1157500000000002f,0f,0f,0f,1f], start_interpolation: 0, interpolation_duration: 1 }
$data merge entity $(bone_bone15) { transformation: [-0.12533323356430445f,-0.9921147013144779f,1.2246467991473532e-16f,2.6414183864572156e-16f,-0.9921147013144779f,0.12533323356430445f,0f,0.4999999999999999f,-1.5348894331131307e-17f,-1.2149900933518077e-16f,-1f,-1.55325f,0f,0f,0f,1f], start_interpolation: 0, interpolation_duration: 1 }
$data merge entity $(bone_bone26) { transformation: [0.9040825496607784f,0.4273578633871925f,1.2246467991473532e-16f,0.38834853997237173f,0.4273578633871925f,-0.9040825496607784f,0f,-0.10514450430820924f,1.1071818006070503e-16f,5.233624394875771e-17f,-1f,-1.2094999999999998f,0f,0f,0f,1f], start_interpolation: 0, interpolation_duration: 1 }
$data merge entity $(bone_arm5) { transformation: [0.9882283814465528f,0.15298583628403822f,1.2246467991473532e-16f,0.9103758589723443f,0.15298583628403822f,-0.9882283814465528f,0f,-0.024330405604199808f,1.2102307241650906e-16f,1.873536147201283e-17f,-1f,-1.2094999999999998f,0f,0f,0f,1f], start_interpolation: 0, interpolation_duration: 1 }
$data merge entity $(bone_small_arm_base5) { transformation: [0.8686315144381914f,-0.4954586684324074f,1.2246467991473532e-16f,0.9249129502611639f,-0.4954586684324074f,-0.8686315144381914f,0f,-0.03262221608208393f,1.0637668037952491e-16f,-6.067618724055576e-17f,-1f,-1.1157499999999998f,0f,0f,0f,1f], start_interpolation: 0, interpolation_duration: 1 }
$data merge entity $(bone_bone20) { transformation: [0.125333233564304f,0.9921147013144779f,1.2246467991473532e-16f,2.6414183864572156e-16f,0.9921147013144779f,-0.125333233564304f,0f,0.4999999999999999f,1.5348894331131252e-17f,1.2149900933518077e-16f,-1f,-1.55325f,0f,0f,0f,1f], start_interpolation: 0, interpolation_duration: 1 }
$data merge entity $(bone_bone11) { transformation: [-0.6170509680021302f,0.7869231874126181f,1.2246467991473532e-16f,-0.6279771860694633f,0.7869231874126181f,0.6170509680021302f,0f,0.10760173246460797f,-7.556694928745845e-17f,9.637029626396954e-17f,-1f,-1.2095f,0f,0f,0f,1f], start_interpolation: 0, interpolation_duration: 1 }
$data merge entity $(bone_arm2) { transformation: [-0.19620944416768937f,0.9805620092678519f,1.2246467991473532e-16f,-0.5243304056041996f,0.9805620092678519f,0.19620944416768937f,0f,-0.41037585897234413f,-2.40287267762442e-17f,1.200842126015372e-16f,-1f,-1.2095f,0f,0f,0f,1f], start_interpolation: 0, interpolation_duration: 1 }
$data merge entity $(bone_small_arm_base2) { transformation: [0.4954586684324076f,0.8686315144381914f,1.2246467991473532e-16f,-0.5326222160820838f,0.8686315144381914f,-0.4954586684324076f,0f,-0.4249129502611638f,6.067618724055578e-17f,1.063766803795249e-16f,-1f,-1.11575f,0f,0f,0f,1f], start_interpolation: 0, interpolation_duration: 1 }
$data merge entity $(bone_bone2) { transformation: [-0.9921147013144779f,0.12533323356430423f,1.2246467991473532e-16f,2.6414183864572156e-16f,0.12533323356430423f,0.9921147013144779f,0f,0.4999999999999999f,-1.2149900933518077e-16f,1.534889433113128e-17f,-1f,-1.55325f,0f,0f,0f,1f], start_interpolation: 0, interpolation_duration: 1 }
$data merge entity $(bone_ring) { transformation: [-1.7850615495778235f,0.22550571604621314f,2.2034447328268763e-16f,2.220446049250313e-16f,0.22550571604621314f,1.7850615495778235f,0f,0.4999999999999999f,-2.1860699129714962e-16f,2.7616485334542685e-17f,-1.799249166666667f,-1.2095f,0f,0f,0f,1f], start_interpolation: 0, interpolation_duration: 1 }
$data merge entity $(bone_wheel) { transformation: [-1f,1.1647083184890926e-16f,3.7843667304341506e-17f,1.0625000000000002f,0f,0.30901699437494745f,-0.9510565162951536f,-0.625f,-1.2246467991473532e-16f,-0.9510565162951536f,-0.30901699437494745f,-1.3344999999999998f,0f,0f,0f,1f], start_interpolation: 0, interpolation_duration: 1 }
$data merge entity $(bone_wheel2) { transformation: [-1f,1.1647083184890926e-16f,3.7843667304341506e-17f,1.0625000000000002f,0f,0.30901699437494745f,-0.9510565162951536f,-0.625f,-1.2246467991473532e-16f,-0.9510565162951536f,-0.30901699437494745f,-1.0844999999999998f,0f,0f,0f,1f], start_interpolation: 0, interpolation_duration: 1 }
$data merge entity $(bone_rails) { transformation: [-1.1373008333333334f,0f,1.3927918252092842e-16f,-0.43749999999999983f,0f,1.1373008333333334f,0f,-1f,-1.3927918252092842e-16f,0f,-1.1373008333333334f,-0.772f,0f,0f,0f,1f], start_interpolation: 0, interpolation_duration: 1 }
$data merge entity $(bone_wheel3) { transformation: [-1f,1.1647083184890926e-16f,3.7843667304341506e-17f,-1.0625f,0f,0.30901699437494745f,-0.9510565162951536f,-0.625f,-1.2246467991473532e-16f,-0.9510565162951536f,-0.30901699437494745f,-1.0845f,0f,0f,0f,1f], start_interpolation: 0, interpolation_duration: 1 }
$data merge entity $(bone_wheel4) { transformation: [-1f,1.1647083184890926e-16f,3.7843667304341506e-17f,-1.0625f,0f,0.30901699437494745f,-0.9510565162951536f,-0.625f,-1.2246467991473532e-16f,-0.9510565162951536f,-0.30901699437494745f,-1.3345000000000002f,0f,0f,0f,1f], start_interpolation: 0, interpolation_duration: 1 }
$data merge entity $(bone_rails2) { transformation: [-1.2038220833333333f,0f,1.4742568610970649e-16f,0.4375000000000001f,0f,1.2038220833333333f,0f,-1f,-1.4742568610970649e-16f,0f,-1.2038220833333333f,-0.7719999999999999f,0f,0f,0f,1f], start_interpolation: 0, interpolation_duration: 1 }
$data merge entity $(bone_bone6) { transformation: [0.022742384622680956f,0.037569453664064695f,-0.9990351946218202f,0.6484727066815283f,0f,0.9992936534081641f,0.03757917319691989f,0.45263956943452155f,0.9997413585231303f,-0.0008546400106466947f,0.0227263206168125f,-0.07330308414165025f,0f,0f,0f,1f], start_interpolation: 0, interpolation_duration: 1 }
$data merge entity $(bone_bone5) { transformation: [0.022742384622680956f,-0.20521158222431454f,-0.9784533665242651f,0.5184674621419885f,0f,0.9787065006190071f,-0.20526467218227692f,0.42885574083398714f,0.9997413585231303f,0.004668208124217862f,0.022258119669795594f,-0.07034568996256818f,0f,0f,0f,1f], start_interpolation: 0, interpolation_duration: 1 }
$data merge entity $(bone_bone4) { transformation: [0.022742384622680956f,-0.20521158222431454f,-0.9784533665242651f,1.2215878915310434f,0f,0.9787065006190071f,-0.20526467218227692f,0.08022455101169146f,0.9997413585231303f,0.004668208124217862f,0.022258119669795594f,-0.2738889699383385f,0f,0f,0f,1f], start_interpolation: 0, interpolation_duration: 1 }
$data merge entity $(bone_bone3) { transformation: [0.022742384622680956f,0.14974752330389338f,-0.988462676688414f,0.7961804655728456f,0f,0.9887184002756696f,0.14978626424449237f,-0.234375f,0.9997413585231303f,-0.0034064968326427696f,0.022485814142591102f,-0.20169551841493016f,0f,0f,0f,1f], start_interpolation: 0, interpolation_duration: 1 }
$data merge entity $(bone_octagon) { transformation: [0.022742384622680956f,0f,-0.9997413585231303f,0.859375f,0f,1f,0f,-0.40625f,0.9997413585231303f,0f,0.022742384622680956f,-0.1718749999999999f,0f,0f,0f,1f], start_interpolation: 0, interpolation_duration: 1 }
$data merge entity $(bone_bone10) { transformation: [-0.32094360980720926f,-0.8927189666140439f,0.3163037242453385f,-0.17542997607706262f,0f,0.33397137612562167f,0.9425832164476292f,0.6486905867435525f,-0.9470983049947443f,0.3025160600303922f,-0.1071859790260382f,-0.3046571876824111f,0f,0f,0f,1f], start_interpolation: 0, interpolation_duration: 1 }
$data merge entity $(bone_bone9) { transformation: [-0.32094360980720926f,0.21723619787305704f,0.9218479449765974f,-0.05286418006777194f,0f,0.973339240620553f,-0.229370274159938f,0.6217028284507717f,-0.9470983049947443f,-0.07361492377135971f,-0.3123870094517681f,-0.3461911116717842f,0f,0f,0f,1f], start_interpolation: 0, interpolation_duration: 1 }
$data merge entity $(bone_bone8) { transformation: [-0.32094360980720926f,0.21723619787305704f,0.9218479449765974f,-0.7861443837306769f,0f,0.973339240620553f,-0.229370274159938f,0.29390462249472527f,-0.9470983049947443f,-0.07361492377135971f,-0.3123870094517681f,-0.29567724704819187f,0f,0f,0f,1f], start_interpolation: 0, interpolation_duration: 1 }
$data merge entity $(bone_bone7) { transformation: [-0.32094360980720926f,0.7259442275394603f,0.6082763992019204f,-0.8102108437443037f,0f,0.6422526531765843f,-0.7664930068093498f,-0.234375f,-0.9470983049947443f,-0.24600103249737457f,-0.20612688491875059f,-0.22153079764403633f,0f,0f,0f,1f], start_interpolation: 0, interpolation_duration: 1 }
$data merge entity $(bone_octagon2) { transformation: [-0.32094360980720926f,0f,0.9470983049947443f,-0.859375f,0f,1f,0f,-0.40625f,-0.9470983049947443f,0f,-0.32094360980720926f,-0.171875f,0f,0f,0f,1f], start_interpolation: 0, interpolation_duration: 1 }