# This file was generated by Animated Java via MC-Build. It is not recommended to edit this file directly.
$data merge entity $(bone_bone21) { transformation: [0.512238473455791f,0.8588432606195854f,1.2246467991473532e-16f,0.5178497249705888f,0.8588432606195854f,-0.512238473455791f,0f,0.2641891136116584f,6.273112069177608e-17f,1.0517796500870512e-16f,-1f,-1.0869999999999997f,0f,0f,0f,1f], start_interpolation: 0, interpolation_duration: 1 }
$data merge entity $(bone_arm4) { transformation: [0.9874482879895835f,0.157942643217216f,1.2246467991473532e-16f,1.0394649630148263f,0.157942643217216f,-0.9874482879895835f,0f,0.34762162389208867f,1.209275385209977e-16f,1.93423952464836e-17f,-1f,-1.0869999999999997f,0f,0f,0f,1f], start_interpolation: 0, interpolation_duration: 1 }
$data merge entity $(bone_small_arm_base4) { transformation: [0.9900236577165576f,-0.14090123193758297f,1.2246467991473532e-16f,1.056033627691499f,-0.14090123193758297f,-0.9900236577165576f,0f,0.34526355371234324f,1.212429303502737e-16f,-1.7255424268827975e-17f,-1f,-0.9932499999999999f,0f,0f,0f,1f], start_interpolation: 0, interpolation_duration: 1 }
$data merge entity $(bone_bone25) { transformation: [-0.24868988716485452f,0.9685831611286312f,1.2246467991473532e-16f,1.531195361832059e-16f,0.9685831611286312f,0.24868988716485452f,0f,0.4999999999999999f,-3.045572742967555e-17f,1.1861722679842032e-16f,-1f,-1.43075f,0f,0f,0f,1f], start_interpolation: 0, interpolation_duration: 1 }
$data merge entity $(bone_bone16) { transformation: [-0.8668806369044006f,0.4985157583870553f,1.2246467991473532e-16f,0.4561084161117971f,0.4985157583870553f,0.8668806369044006f,0f,1.1072711371324115f,-1.0616225972277931e-16f,6.105057278332225e-17f,-1f,-1.087f,0f,0f,0f,1f], start_interpolation: 0, interpolation_duration: 1 }
$data merge entity $(bone_arm3) { transformation: [-0.5749788083978652f,0.8181683016918775f,1.2246467991473532e-16f,0.15237837610791158f,0.8181683016918775f,0.5749788083978652f,0f,1.5394649630148258f,-7.041459572820049e-17f,1.0019671918307837e-16f,-1f,-1.087f,0f,0f,0f,1f], start_interpolation: 0, interpolation_duration: 1 }
$data merge entity $(bone_small_arm_base3) { transformation: [0.14090123193758317f,0.9900236577165575f,1.2246467991473532e-16f,0.15473644628765698f,0.9900236577165575f,-0.14090123193758317f,0f,1.5560336276914986f,1.7255424268828e-17f,1.2124293035027368e-16f,-1f,-0.99325f,0f,0f,0f,1f], start_interpolation: 0, interpolation_duration: 1 }
$data merge entity $(bone_bone15) { transformation: [-0.9685831611286312f,-0.2486898871648543f,1.2246467991473532e-16f,1.531195361832059e-16f,-0.2486898871648543f,0.9685831611286312f,0f,0.4999999999999999f,-1.1861722679842032e-16f,-3.0455727429675526e-17f,-1f,-1.43075f,0f,0f,0f,1f], start_interpolation: 0, interpolation_duration: 1 }
$data merge entity $(bone_bone26) { transformation: [0.1382423929610587f,0.9903984252756061f,1.2246467991473532e-16f,-0.11142763128345695f,0.9903984252756061f,-0.1382423929610587f,0f,-0.012809025205364866f,1.692981040462311e-17f,1.2128882613943497e-16f,-1f,-1.087f,0f,0f,0f,1f], start_interpolation: 0, interpolation_duration: 1 }
$data merge entity $(bone_arm5) { transformation: [-0.07752216561084425f,-0.9969906287618783f,1.2246467991473532e-16f,-0.15237837610791088f,-0.9969906287618783f,0.07752216561084425f,0f,-0.5394649630148262f,-9.493727197829145e-18f,-1.220961382293141e-16f,-1f,-1.087f,0f,0f,0f,1f], start_interpolation: 0, interpolation_duration: 1 }
$data merge entity $(bone_small_arm_base5) { transformation: [-0.14090123193758278f,-0.9900236577165578f,1.2246467991473532e-16f,-0.15473644628765632f,-0.9900236577165578f,0.14090123193758278f,0f,-0.5560336276914989f,-1.7255424268827957e-17f,-1.212429303502737e-16f,-1f,-0.99325f,0f,0f,0f,1f], start_interpolation: 0, interpolation_duration: 1 }
$data merge entity $(bone_bone20) { transformation: [0.9685831611286312f,0.24868988716485474f,1.2246467991473532e-16f,1.531195361832059e-16f,0.24868988716485474f,-0.9685831611286312f,0f,0.4999999999999999f,1.1861722679842032e-16f,3.0455727429675576e-17f,-1f,-1.43075f,0f,0f,0f,1f], start_interpolation: 0, interpolation_duration: 1 }
$data merge entity $(bone_bone11) { transformation: [0.9814079012369806f,0.19193366403428289f,1.2246467991473532e-16f,-0.5150452404539672f,0.19193366403428289f,-0.9814079012369806f,0f,0.7158401356236436f,1.20187804490779e-16f,2.3505094730820803e-17f,-1f,-1.0870000000000002f,0f,0f,0f,1f], start_interpolation: 0, interpolation_duration: 1 }
$data merge entity $(bone_arm2) { transformation: [0.9927573419294456f,0.12013683883464699f,1.2246467991473532e-16f,-1.0394649630148258f,0.12013683883464699f,-0.9927573419294456f,0f,0.6523783761079112f,1.21577710112393e-16f,1.471251951385319e-17f,-1f,-1.0870000000000002f,0f,0f,0f,1f], start_interpolation: 0, interpolation_duration: 1 }
$data merge entity $(bone_small_arm_base2) { transformation: [0.9900236577165576f,-0.14090123193758297f,1.2246467991473532e-16f,-1.0560336276914986f,-0.14090123193758297f,-0.9900236577165576f,0f,0.6547364462876566f,1.212429303502737e-16f,-1.7255424268827975e-17f,-1f,-0.9932500000000001f,0f,0f,0f,1f], start_interpolation: 0, interpolation_duration: 1 }
$data merge entity $(bone_bone2) { transformation: [-0.24868988716485452f,0.9685831611286312f,1.2246467991473532e-16f,1.531195361832059e-16f,0.9685831611286312f,0.24868988716485452f,0f,0.4999999999999999f,-3.045572742967555e-17f,1.1861722679842032e-16f,-1f,-1.43075f,0f,0f,0f,1f], start_interpolation: 0, interpolation_duration: 1 }
$data merge entity $(bone_ring) { transformation: [-0.4474550722397919f,1.7427224455080557f,2.2034447328268763e-16f,1.1102230246251565e-16f,1.7427224455080557f,0.4474550722397919f,0f,0.4999999999999999f,-5.4797442198070887e-17f,2.134219464693688e-16f,-1.799249166666667f,-1.087f,0f,0f,0f,1f], start_interpolation: 0, interpolation_duration: 1 }
$data merge entity $(bone_wheel) { transformation: [-1f,7.198293278059971e-17f,9.907600726170914e-17f,1.0625f,0f,0.8090169943749472f,-0.5877852522924735f,-0.625f,-1.2246467991473532e-16f,-0.5877852522924735f,-0.8090169943749472f,-1.2119999999999997f,0f,0f,0f,1f], start_interpolation: 0, interpolation_duration: 1 }
$data merge entity $(bone_wheel2) { transformation: [-1f,7.198293278059971e-17f,9.907600726170914e-17f,1.0625f,0f,0.8090169943749472f,-0.5877852522924735f,-0.625f,-1.2246467991473532e-16f,-0.5877852522924735f,-0.8090169943749472f,-0.9619999999999997f,0f,0f,0f,1f], start_interpolation: 0, interpolation_duration: 1 }
$data merge entity $(bone_rails) { transformation: [-1.1373008333333334f,0f,1.3927918252092842e-16f,-0.43749999999999994f,0f,1.1373008333333334f,0f,-1f,-1.3927918252092842e-16f,0f,-1.1373008333333334f,-0.6495f,0f,0f,0f,1f], start_interpolation: 0, interpolation_duration: 1 }
$data merge entity $(bone_wheel3) { transformation: [-1f,7.198293278059971e-17f,9.907600726170914e-17f,-1.0625f,0f,0.8090169943749472f,-0.5877852522924735f,-0.625f,-1.2246467991473532e-16f,-0.5877852522924735f,-0.8090169943749472f,-0.962f,0f,0f,0f,1f], start_interpolation: 0, interpolation_duration: 1 }
$data merge entity $(bone_wheel4) { transformation: [-1f,7.198293278059971e-17f,9.907600726170914e-17f,-1.0625f,0f,0.8090169943749472f,-0.5877852522924735f,-0.625f,-1.2246467991473532e-16f,-0.5877852522924735f,-0.8090169943749472f,-1.2120000000000002f,0f,0f,0f,1f], start_interpolation: 0, interpolation_duration: 1 }
$data merge entity $(bone_rails2) { transformation: [-1.2038220833333333f,0f,1.4742568610970649e-16f,0.4375f,0f,1.2038220833333333f,0f,-1f,-1.4742568610970649e-16f,0f,-1.2038220833333333f,-0.6494999999999999f,0f,0f,0f,1f], start_interpolation: 0, interpolation_duration: 1 }
$data merge entity $(bone_bone6) { transformation: [-0.8100028504323038f,0.38380222745809023f,-0.4433860986654309f,0.5820847753996915f,0f,0.7560820027670554f,0.6544768942382598f,0.7129469031823495f,0.5864259393065273f,0.5301281498750718f,-0.6124285774018798f,-0.3950163441192692f,0f,0f,0f,1f], start_interpolation: 0, interpolation_duration: 1 }
$data merge entity $(bone_bone5) { transformation: [-0.8100028504323038f,-0.0071994281298706775f,-0.5863817447074438f,0.5045687423237679f,0f,0.9999246373734152f,-0.012276790038285579f,0.7147392449964389f,0.5864259393065273f,-0.00994423492517027f,-0.809941806489954f,-0.5020856320500733f,0f,0f,0f,1f], start_interpolation: 0, interpolation_duration: 1 }
$data merge entity $(bone_bone4) { transformation: [-0.8100028504323038f,-0.0071994281298706775f,-0.5863817447074438f,1.0085534990335072f,0f,0.9999246373734152f,-0.012276790038285579f,0.26174364720480114f,0.5864259393065273f,-0.00994423492517027f,-0.809941806489954f,-0.1256884184985358f,0f,0f,0f,1f], start_interpolation: 0, interpolation_duration: 1 }
$data merge entity $(bone_bone3) { transformation: [-0.8100028504323038f,-0.24139265424322992f,-0.5344389289422612f,0.8480359678693515f,0f,0.9113494017236978f,-0.4116336574891053f,-0.234375f,0.5864259393065273f,-0.33342443590004994f,-0.7381956131359699f,-0.24082598875534786f,0f,0f,0f,1f], start_interpolation: 0, interpolation_duration: 1 }
$data merge entity $(bone_octagon) { transformation: [-0.8100028504323038f,0f,-0.5864259393065273f,0.859375f,0f,1f,0f,-0.40625f,0.5864259393065273f,0f,-0.8100028504323038f,-0.1718749999999999f,0f,0f,0f,1f], start_interpolation: 0, interpolation_duration: 1 }
$data merge entity $(bone_bone10) { transformation: [-0.9471834337428793f,-0.08944843001663878f,0.30796512986149466f,-0.5637058222337928f,0f,0.9603134920690716f,0.27892292295561727f,0.43588500971882094f,-0.3206922868468289f,0.2641911719147021f,-0.9095930308875986f,-0.7528149062270341f,0f,0f,0f,1f], start_interpolation: 0, interpolation_duration: 1 }
$data merge entity $(bone_bone9) { transformation: [-0.9471834337428793f,0.17097720756945214f,0.2713122506168884f,-0.5272675124404514f,0f,0.8460205054650233f,-0.5331503580911361f,0.36831735026631884f,-0.3206922868468289f,-0.504991186878008f,-0.8013366073832471f,-0.8604375863020574f,0f,0f,0f,1f], start_interpolation: 0, interpolation_duration: 1 }
$data merge entity $(bone_bone8) { transformation: [-0.9471834337428793f,0.17097720756945214f,0.2713122506168884f,-0.9532140462985885f,0f,0.8460205054650233f,-0.5331503580911361f,0.2901552326404716f,-0.3206922868468289f,-0.504991186878008f,-0.8013366073832471f,-0.1870521966691255f,0f,0f,0f,1f], start_interpolation: 0, interpolation_duration: 1 }
$data merge entity $(bone_bone7) { transformation: [-0.9471834337428793f,0.19083857668353552f,0.2577288895185232f,-0.8689312143765382f,0f,0.8036641356504508f,-0.5950831513908068f,-0.234375f,-0.3206922868468289f,-0.5636529026968781f,-0.7612173555813971f,-0.24109559857289337f,0f,0f,0f,1f], start_interpolation: 0, interpolation_duration: 1 }
$data merge entity $(bone_octagon2) { transformation: [-0.9471834337428793f,0f,0.3206922868468289f,-0.859375f,0f,1f,0f,-0.40625f,-0.3206922868468289f,0f,-0.9471834337428793f,-0.171875f,0f,0f,0f,1f], start_interpolation: 0, interpolation_duration: 1 }