# This file was generated by Animated Java via MC-Build. It is not recommended to edit this file directly.
$data merge entity $(bone_bone21) { transformation: [0.544129335760967f,0.8390013503948184f,1.2246467991473532e-16f,0.5172319234530619f,0.8390013503948184f,-0.544129335760967f,0f,0.20631335921755042f,6.663662493618438e-17f,1.0274803182413214e-16f,-1f,-1.1156562499999998f,0f,0f,0f,1f], start_interpolation: 0, interpolation_duration: 1 }
$data merge entity $(bone_arm4) { transformation: [0.978586061910002f,0.20583809034159323f,1.2246467991473532e-16f,1.0341657293429996f,0.20583809034159323f,-0.978586061910002f,0f,0.3150464298988518f,1.1984222884082977e-16f,2.5207895847943586e-17f,-1f,-1.1156562499999998f,0f,0f,0f,1f], start_interpolation: 0, interpolation_duration: 1 }
$data merge entity $(bone_small_arm_base4) { transformation: [0.985109326154774f,-0.17192910027940964f,1.2246467991473532e-16f,1.0506521496095285f,-0.17192910027940964f,-0.985109326154774f,0f,0.3121690889499882f,1.20641098308565e-16f,-2.1055242233746333e-17f,-1f,-1.0219062499999998f,0f,0f,0f,1f], start_interpolation: 0, interpolation_duration: 1 }
$data merge entity $(bone_bone25) { transformation: [-0.2181432413965425f,0.9759167619387473f,1.2246467991473532e-16f,1.531195361832059e-16f,0.9759167619387473f,0.2181432413965425f,0f,0.4999999999999999f,-2.6714842233190418e-17f,1.1951533387425365e-16f,-1f,-1.45940625f,0f,0f,0f,1f], start_interpolation: 0, interpolation_duration: 1 }
$data merge entity $(bone_bone16) { transformation: [-0.7956700650369577f,0.6057302597725193f,1.2246467991473532e-16f,0.44981060472144735f,0.6057302597725193f,0.7956700650369577f,0f,1.077116288315245f,-9.744147983248765e-17f,7.418056237771104e-17f,-1f,-1.11565625f,0f,0f,0f,1f], start_interpolation: 0, interpolation_duration: 1 }
$data merge entity $(bone_arm3) { transformation: [-0.5013899256057236f,0.8652214413091524f,1.2246467991473532e-16f,0.18495357010114843f,0.8652214413091524f,0.5013899256057236f,0f,1.5341657293429989f,-6.140255675177789e-17f,1.0595906686529129e-16f,-1f,-1.11565625f,0f,0f,0f,1f], start_interpolation: 0, interpolation_duration: 1 }
$data merge entity $(bone_small_arm_base3) { transformation: [0.17192910027940983f,0.9851093261547739f,1.2246467991473532e-16f,0.18783091105001204f,0.9851093261547739f,-0.17192910027940983f,0f,1.5506521496095278f,2.1055242233746358e-17f,1.2064109830856497e-16f,-1f,-1.02190625f,0f,0f,0f,1f], start_interpolation: 0, interpolation_duration: 1 }
$data merge entity $(bone_bone15) { transformation: [-0.9759167619387473f,-0.2181432413965423f,1.2246467991473532e-16f,1.531195361832059e-16f,-0.2181432413965423f,0.9759167619387473f,0f,0.4999999999999999f,-1.1951533387425365e-16f,-2.671484223319039e-17f,-1f,-1.45940625f,0f,0f,0f,1f], start_interpolation: 0, interpolation_duration: 1 }
$data merge entity $(bone_bone26) { transformation: [0.37267634238865177f,0.9279613913433128f,1.2246467991473532e-16f,-0.1699205185639166f,0.9279613913433128f,-0.37267634238865177f,0f,-0.006134056341161709f,4.563968898242055e-17f,1.1364249476409125e-16f,-1f,-1.11565625f,0f,0f,0f,1f], start_interpolation: 0, interpolation_duration: 1 }
$data merge entity $(bone_arm5) { transformation: [-0.028458449679031744f,-0.9995949762988339f,1.2246467991473532e-16f,-0.18495357010114777f,-0.9995949762988339f,0.028458449679031744f,0f,-0.5341657293429993f,-3.485154930812223e-18f,-1.2241507881681413e-16f,-1f,-1.11565625f,0f,0f,0f,1f], start_interpolation: 0, interpolation_duration: 1 }
$data merge entity $(bone_small_arm_base5) { transformation: [-0.1719291002794094f,-0.9851093261547741f,1.2246467991473532e-16f,-0.18783091105001137f,-0.9851093261547741f,0.1719291002794094f,0f,-0.5506521496095284f,-2.1055242233746305e-17f,-1.20641098308565e-16f,-1f,-1.02190625f,0f,0f,0f,1f], start_interpolation: 0, interpolation_duration: 1 }
$data merge entity $(bone_bone20) { transformation: [0.9759167619387473f,0.21814324139654273f,1.2246467991473532e-16f,1.531195361832059e-16f,0.21814324139654273f,-0.9759167619387473f,0f,0.4999999999999999f,1.1951533387425365e-16f,2.6714842233190445e-17f,-1f,-1.45940625f,0f,0f,0f,1f], start_interpolation: 0, interpolation_duration: 1 }
$data merge entity $(bone_bone11) { transformation: [0.9812414967840088f,0.192782584766047f,1.2246467991473532e-16f,-0.5143998244273221f,0.192782584766047f,-0.9812414967840088f,0f,0.7792236311960058f,1.201674258227094e-16f,2.3609057536509272e-17f,-1f,-1.1156562500000002f,0f,0f,0f,1f], start_interpolation: 0, interpolation_duration: 1 }
$data merge entity $(bone_arm2) { transformation: [0.9839473917378433f,0.17845876356260928f,1.2246467991473532e-16f,-1.0341657293429989f,0.17845876356260928f,-0.9839473917378433f,0f,0.684953570101148f,1.2049880238211364e-16f,2.1854895357674376e-17f,-1f,-1.1156562500000002f,0f,0f,0f,1f], start_interpolation: 0, interpolation_duration: 1 }
$data merge entity $(bone_small_arm_base2) { transformation: [0.985109326154774f,-0.17192910027940964f,1.2246467991473532e-16f,-1.050652149609528f,-0.17192910027940964f,-0.985109326154774f,0f,0.6878309110500116f,1.20641098308565e-16f,-2.1055242233746333e-17f,-1f,-1.0219062500000002f,0f,0f,0f,1f], start_interpolation: 0, interpolation_duration: 1 }
$data merge entity $(bone_bone2) { transformation: [-0.2181432413965425f,0.9759167619387473f,1.2246467991473532e-16f,1.531195361832059e-16f,0.9759167619387473f,0.2181432413965425f,0f,0.4999999999999999f,-2.6714842233190418e-17f,1.1951533387425365e-16f,-1f,-1.45940625f,0f,0f,0f,1f], start_interpolation: 0, interpolation_duration: 1 }
$data merge entity $(bone_ring) { transformation: [-0.3924940452966947f,1.755917420654323f,2.2034447328268763e-16f,1.1102230246251565e-16f,1.755917420654323f,0.3924940452966947f,0f,0.4999999999999999f,-4.806665762569934e-17f,2.1503786487713936e-16f,-1.799249166666667f,-1.11565625f,0f,0f,0f,1f], start_interpolation: 0, interpolation_duration: 1 }
$data merge entity $(bone_wheel) { transformation: [-1f,9.907600726170912e-17f,7.198293278059972e-17f,1.0625f,0f,0.5877852522924736f,-0.8090169943749471f,-0.625f,-1.2246467991473532e-16f,-0.8090169943749471f,-0.5877852522924736f,-1.2406562499999998f,0f,0f,0f,1f], start_interpolation: 0, interpolation_duration: 1 }
$data merge entity $(bone_wheel2) { transformation: [-1f,9.907600726170912e-17f,7.198293278059972e-17f,1.0625f,0f,0.5877852522924736f,-0.8090169943749471f,-0.625f,-1.2246467991473532e-16f,-0.8090169943749471f,-0.5877852522924736f,-0.9906562499999998f,0f,0f,0f,1f], start_interpolation: 0, interpolation_duration: 1 }
$data merge entity $(bone_rails) { transformation: [-1.1373008333333334f,0f,1.3927918252092842e-16f,-0.43749999999999994f,0f,1.1373008333333334f,0f,-1f,-1.3927918252092842e-16f,0f,-1.1373008333333334f,-0.67815625f,0f,0f,0f,1f], start_interpolation: 0, interpolation_duration: 1 }
$data merge entity $(bone_wheel3) { transformation: [-1f,9.907600726170912e-17f,7.198293278059972e-17f,-1.0625f,0f,0.5877852522924736f,-0.8090169943749471f,-0.625f,-1.2246467991473532e-16f,-0.8090169943749471f,-0.5877852522924736f,-0.99065625f,0f,0f,0f,1f], start_interpolation: 0, interpolation_duration: 1 }
$data merge entity $(bone_wheel4) { transformation: [-1f,9.907600726170912e-17f,7.198293278059972e-17f,-1.0625f,0f,0.5877852522924736f,-0.8090169943749471f,-0.625f,-1.2246467991473532e-16f,-0.8090169943749471f,-0.5877852522924736f,-1.2406562500000002f,0f,0f,0f,1f], start_interpolation: 0, interpolation_duration: 1 }
$data merge entity $(bone_rails2) { transformation: [-1.2038220833333333f,0f,1.4742568610970649e-16f,0.4375f,0f,1.2038220833333333f,0f,-1f,-1.4742568610970649e-16f,0f,-1.2038220833333333f,-0.6781562499999999f,0f,0f,0f,1f], start_interpolation: 0, interpolation_duration: 1 }
$data merge entity $(bone_bone6) { transformation: [-0.827910177987486f,0.33132783410782957f,-0.4525335385694013f,0.5210365639868559f,0f,0.8068554806287571f,0.5907488750554988f,0.6933176348846251f,0.5608607110368218f,0.48908700629310503f,-0.6680038645775329f,-0.5041568502211229f,0f,0f,0f,1f], start_interpolation: 0, interpolation_duration: 1 }
$data merge entity $(bone_bone5) { transformation: [-0.827910177987486f,-0.0586122180306973f,-0.5577896961062039f,0.4471234490661661f,0f,0.9945244605831977f,-0.10450405399648188f,0.6829035292367803f,0.5608607110368218f,-0.08651996994464123f,-0.8233769231743436f,-0.6132631201477043f,0f,0f,0f,1f], start_interpolation: 0, interpolation_duration: 1 }
$data merge entity $(bone_bone4) { transformation: [-0.827910177987486f,-0.0586122180306973f,-0.5577896961062039f,0.9628943625549995f,0f,0.9945244605831977f,-0.10450405399648188f,0.2846989746240812f,0.5608607110368218f,-0.08651996994464123f,-0.8233769231743436f,-0.18621949938036592f,0f,0f,0f,1f], start_interpolation: 0, interpolation_duration: 1 }
$data merge entity $(bone_bone3) { transformation: [-0.827910177987486f,-0.3068954942398632f,-0.46944636839579384f,0.8501933986223076f,0f,0.8370106145034888f,-0.5471866511607278f,-0.234375f,0.5608607110368218f,-0.4530213977548546f,-0.6929696068309984f,-0.24114628334411845f,0f,0f,0f,1f], start_interpolation: 0, interpolation_duration: 1 }
$data merge entity $(bone_octagon) { transformation: [-0.827910177987486f,0f,-0.5608607110368218f,0.859375f,0f,1f,0f,-0.40625f,0.5608607110368218f,0f,-0.827910177987486f,-0.1718749999999999f,0f,0f,0f,1f], start_interpolation: 0, interpolation_duration: 1 }
$data merge entity $(bone_bone10) { transformation: [-0.9901962599887996f,-0.06576091351909766f,0.12323501514312962f,-0.6817922018053912f,0f,0.8822471764974886f,0.47078649042024234f,0.5681789914398252f,-0.13968309383813643f,0.46617102206737693f,-0.8735978545534917f,-0.759575489407649f,0f,0f,0f,1f], start_interpolation: 0, interpolation_duration: 1 }
$data merge entity $(bone_bone9) { transformation: [-0.9901962599887996f,0.04855264224089179f,0.13097330886719477f,-0.6643180261903847f,0f,0.9376461049679032f,-0.3475914006970249f,0.5254461975523024f,-0.13968309383813643f,-0.34418370497446227f,-0.9284536663322833f,-0.8834477696165723f,0f,0f,0f,1f], start_interpolation: 0, interpolation_duration: 1 }
$data merge entity $(bone_bone8) { transformation: [-0.9901962599887996f,0.04855264224089179f,0.13097330886719477f,-0.9529732879703199f,0f,0.9376461049679032f,-0.3475914006970249f,0.2915782730985056f,-0.13968309383813643f,-0.34418370497446227f,-0.9284536663322833f,-0.1795303667380371f,0f,0f,0f,1f], start_interpolation: 0, interpolation_duration: 1 }
$data merge entity $(bone_bone7) { transformation: [-0.9901962599887996f,0.08529226458592011f,0.11061914981592937f,-0.8815884397597664f,0f,0.7919294080364077f,-0.6106126535596073f,-0.234375f,-0.13968309383813643f,-0.6046263658565597f,-0.7841655380127949f,-0.23812736293174175f,0f,0f,0f,1f], start_interpolation: 0, interpolation_duration: 1 }
$data merge entity $(bone_octagon2) { transformation: [-0.9901962599887996f,0f,0.13968309383813643f,-0.859375f,0f,1f,0f,-0.40625f,-0.13968309383813643f,0f,-0.9901962599887996f,-0.171875f,0f,0f,0f,1f], start_interpolation: 0, interpolation_duration: 1 }