# This file was generated by Animated Java via MC-Build. It is not recommended to edit this file directly.
$data merge entity $(bone_bone21) { transformation: [0.5775932079779489f,0.8163247430390325f,1.2246467991473532e-16f,0.5165191470833987f,0.8163247430390325f,-0.5775932079779489f,0f,0.15003252329497097f,7.073476733594466e-17f,9.997094836275367e-17f,-1f,-1.1535000000000002f,0f,0f,0f,1f], start_interpolation: 0, interpolation_duration: 1 }
$data merge entity $(bone_arm4) { transformation: [0.967971579261549f,0.2510597971438344f,1.2246467991473532e-16f,1.0278458989526527f,0.2510597971438344f,-0.967971579261549f,0f,0.282653762749589f,1.1854232962082644e-16f,3.0745957696678056e-17f,-1f,-1.1535000000000002f,0f,0f,0f,1f], start_interpolation: 0, interpolation_duration: 1 }
$data merge entity $(bone_small_arm_base4) { transformation: [0.979222810621766f,-0.2027872953565129f,1.2246467991473532e-16f,1.0442338047026645f,-0.2027872953565129f,-0.979222810621766f,0f,0.2792599906197381f,1.1992020806800203e-16f,-2.4834281216610243e-17f,-1f,-1.0597500000000002f,0f,0f,0f,1f], start_interpolation: 0, interpolation_duration: 1 }
$data merge entity $(bone_bone25) { transformation: [-0.18738131458572427f,0.9822872507286888f,1.2246467991473532e-16f,1.531195361832059e-16f,0.9822872507286888f,0.18738131458572427f,0f,0.4999999999999999f,-2.2947592712743048e-17f,1.2029549374481423e-16f,-1f,-1.4972500000000002f,0f,0f,0f,1f], start_interpolation: 0, interpolation_duration: 1 }
$data merge entity $(bone_bone16) { transformation: [-0.741429812275638f,0.671030426634227f,1.2246467991473532e-16f,0.44030521364439223f,0.671030426634227f,0.741429812275638f,0f,1.0489589235847803f,-9.07989646395783e-17f,8.217752641080889e-17f,-1f,-1.1535000000000002f,0f,0f,0f,1f], start_interpolation: 0, interpolation_duration: 1 }
$data merge entity $(bone_arm3) { transformation: [-0.4220744400750711f,0.9065611766644961f,1.2246467991473532e-16f,0.21734623725041127f,0.9065611766644961f,0.4220744400750711f,0f,1.5278458989526524f,-5.168921120398471e-17f,1.1102172432334334e-16f,-1f,-1.1535000000000002f,0f,0f,0f,1f], start_interpolation: 0, interpolation_duration: 1 }
$data merge entity $(bone_small_arm_base3) { transformation: [0.2027872953565131f,0.9792228106217659f,1.2246467991473532e-16f,0.22074000938026211f,0.9792228106217659f,-0.2027872953565131f,0f,1.5442338047026642f,2.483428121661027e-17f,1.1992020806800203e-16f,-1f,-1.0597500000000002f,0f,0f,0f,1f], start_interpolation: 0, interpolation_duration: 1 }
$data merge entity $(bone_bone15) { transformation: [-0.9822872507286888f,-0.18738131458572405f,1.2246467991473532e-16f,1.531195361832059e-16f,-0.18738131458572405f,0.9822872507286888f,0f,0.4999999999999999f,-1.2029549374481423e-16f,-2.294759271274302e-17f,-1f,-1.4972500000000002f,0f,0f,0f,1f], start_interpolation: 0, interpolation_duration: 1 }
$data merge entity $(bone_bone26) { transformation: [0.5851754344216141f,0.8109067214849529f,1.2246467991473532e-16f,-0.22826716925053972f,0.8109067214849529f,-0.5851754344216141f,0f,0.00028682449467287707f,7.166332227040918e-17f,9.93074320873622e-17f,-1f,-1.1535000000000002f,0f,0f,0f,1f], start_interpolation: 0, interpolation_duration: 1 }
$data merge entity $(bone_arm5) { transformation: [0.0206739658281678f,-0.9997862707283672f,1.2246467991473532e-16f,-0.21734623725041058f,-0.9997862707283672f,-0.0206739658281678f,0f,-0.5278458989526527f,2.531830607714746e-18f,-1.2243850562789642e-16f,-1f,-1.1535000000000002f,0f,0f,0f,1f], start_interpolation: 0, interpolation_duration: 1 }
$data merge entity $(bone_small_arm_base5) { transformation: [-0.2027872953565127f,-0.979222810621766f,1.2246467991473532e-16f,-0.22074000938026145f,-0.979222810621766f,0.2027872953565127f,0f,-0.5442338047026646f,-2.4834281216610218e-17f,-1.1992020806800206e-16f,-1f,-1.0597500000000002f,0f,0f,0f,1f], start_interpolation: 0, interpolation_duration: 1 }
$data merge entity $(bone_bone20) { transformation: [0.9822872507286888f,0.1873813145857245f,1.2246467991473532e-16f,1.531195361832059e-16f,0.1873813145857245f,-0.9822872507286888f,0f,0.4999999999999999f,1.2029549374481423e-16f,2.2947592712743076e-17f,-1f,-1.4972500000000002f,0f,0f,0f,1f], start_interpolation: 0, interpolation_duration: 1 }
$data merge entity $(bone_bone11) { transformation: [0.981074358012241f,0.19363136122764274f,1.2246467991473532e-16f,-0.5145421095565185f,0.19363136122764274f,-0.981074358012241f,0f,0.84209662852519f,1.2014695722652351e-16f,2.3713002674197756e-17f,-1f,-1.1535000000000002f,0f,0f,0f,1f], start_interpolation: 0, interpolation_duration: 1 }
$data merge entity $(bone_arm2) { transformation: [0.9717142274413226f,0.23615981916514528f,1.2246467991473532e-16f,-1.027845898952652f,0.23615981916514528f,-0.9717142274413226f,0f,0.7173462372504108f,1.1900067183219588e-16f,2.892123666278129e-17f,-1f,-1.1535000000000002f,0f,0f,0f,1f], start_interpolation: 0, interpolation_duration: 1 }
$data merge entity $(bone_small_arm_base2) { transformation: [0.979222810621766f,-0.2027872953565129f,1.2246467991473532e-16f,-1.044233804702664f,-0.2027872953565129f,-0.979222810621766f,0f,0.7207400093802616f,1.1992020806800203e-16f,-2.4834281216610243e-17f,-1f,-1.0597500000000002f,0f,0f,0f,1f], start_interpolation: 0, interpolation_duration: 1 }
$data merge entity $(bone_bone2) { transformation: [-0.18738131458572427f,0.9822872507286888f,1.2246467991473532e-16f,1.531195361832059e-16f,0.9822872507286888f,0.18738131458572427f,0f,0.4999999999999999f,-2.2947592712743048e-17f,1.2029549374481423e-16f,-1f,-1.4972500000000002f,0f,0f,0f,1f], start_interpolation: 0, interpolation_duration: 1 }
$data merge entity $(bone_ring) { transformation: [-0.337145674117269f,1.7673795173008848f,2.2034447328268763e-16f,1.1102230246251565e-16f,1.7673795173008848f,0.337145674117269f,0f,0.4999999999999999f,-4.128843706540901e-17f,2.1644156687411225e-16f,-1.799249166666667f,-1.1535000000000002f,0f,0f,0f,1f], start_interpolation: 0, interpolation_duration: 1 }
$data merge entity $(bone_wheel) { transformation: [-1f,1.1647083184890928e-16f,3.784366730434141e-17f,1.0625f,0f,0.3090169943749467f,-0.9510565162951539f,-0.625f,-1.2246467991473532e-16f,-0.9510565162951539f,-0.3090169943749467f,-1.2785f,0f,0f,0f,1f], start_interpolation: 0, interpolation_duration: 1 }
$data merge entity $(bone_wheel2) { transformation: [-1f,1.1647083184890928e-16f,3.784366730434141e-17f,1.0625f,0f,0.3090169943749467f,-0.9510565162951539f,-0.625f,-1.2246467991473532e-16f,-0.9510565162951539f,-0.3090169943749467f,-1.0285f,0f,0f,0f,1f], start_interpolation: 0, interpolation_duration: 1 }
$data merge entity $(bone_rails) { transformation: [-1.1373008333333334f,0f,1.3927918252092842e-16f,-0.43749999999999994f,0f,1.1373008333333334f,0f,-1f,-1.3927918252092842e-16f,0f,-1.1373008333333334f,-0.7160000000000002f,0f,0f,0f,1f], start_interpolation: 0, interpolation_duration: 1 }
$data merge entity $(bone_wheel3) { transformation: [-1f,1.1647083184890928e-16f,3.784366730434141e-17f,-1.0625f,0f,0.3090169943749467f,-0.9510565162951539f,-0.625f,-1.2246467991473532e-16f,-0.9510565162951539f,-0.3090169943749467f,-1.0285000000000002f,0f,0f,0f,1f], start_interpolation: 0, interpolation_duration: 1 }
$data merge entity $(bone_wheel4) { transformation: [-1f,1.1647083184890928e-16f,3.784366730434141e-17f,-1.0625f,0f,0.3090169943749467f,-0.9510565162951539f,-0.625f,-1.2246467991473532e-16f,-0.9510565162951539f,-0.3090169943749467f,-1.2785000000000002f,0f,0f,0f,1f], start_interpolation: 0, interpolation_duration: 1 }
$data merge entity $(bone_rails2) { transformation: [-1.2038220833333333f,0f,1.4742568610970649e-16f,0.4375f,0f,1.2038220833333333f,0f,-1f,-1.4742568610970649e-16f,0f,-1.2038220833333333f,-0.7160000000000001f,0f,0f,0f,1f], start_interpolation: 0, interpolation_duration: 1 }
$data merge entity $(bone_bone6) { transformation: [-0.8435281189120072f,0.2705802487806608f,-0.4639468089927621f,0.45743581740112627f,0f,0.8638237832460234f,0.503794076482175f,0.6463644252442666f,0.537085014317818f,0.4249644696540209f,-0.7286596509529712f,-0.6285941339833288f,0f,0f,0f,1f], start_interpolation: 0, interpolation_duration: 1 }
$data merge entity $(bone_bone5) { transformation: [-0.8435281189120072f,-0.11603461869354992f,-0.5244008770677383f,0.3877390000221417f,0f,0.976383371511137f,-0.21604516156707898f,0.6211480012722097f,0.537085014317818f,-0.18224016873671878f,-0.8236068287077527f,-0.738057670836098f,0f,0f,0f,1f], start_interpolation: 0, interpolation_duration: 1 }
$data merge entity $(bone_bone4) { transformation: [-0.8435281189120072f,-0.11603461869354992f,-0.5244008770677383f,0.915101701363912f,0f,0.976383371511137f,-0.21604516156707898f,0.29561401229366746f,0.537085014317818f,-0.18224016873671878f,-0.8236068287077527f,-0.2589058408896846f,0f,0f,0f,1f], start_interpolation: 0, interpolation_duration: 1 }
$data merge entity $(bone_bone3) { transformation: [-0.8435281189120072f,-0.3659138701936741f,-0.3931505464890742f,0.8521674403211366f,0f,0.7320080359874441f,-0.6812959967956693f,-0.234375f,0.537085014317818f,-0.5746923305993318f,-0.6174693616249616f,-0.24137941412943215f,0f,0f,0f,1f], start_interpolation: 0, interpolation_duration: 1 }
$data merge entity $(bone_octagon) { transformation: [-0.8435281189120072f,0f,-0.537085014317818f,0.859375f,0f,1f,0f,-0.40625f,0.537085014317818f,0f,-0.8435281189120072f,-0.1718749999999999f,0f,0f,0f,1f], start_interpolation: 0, interpolation_duration: 1 }
$data merge entity $(bone_bone10) { transformation: [-0.9970458961014975f,0.05053912019003649f,-0.05783838169916957f,-0.8076028425618903f,0f,0.7530247093971294f,0.657992239344332f,0.6962100991200972f,0.07680807943935186f,0.6560484619049007f,-0.7508001961674307f,-0.720395197374273f,0f,0f,0f,1f], start_interpolation: 0, interpolation_duration: 1 }
$data merge entity $(bone_bone9) { transformation: [-0.9970458961014975f,-0.010053216774726821f,-0.07614731708761734f,-0.8177001850265242f,0f,0.9913972285655668f,-0.13088749058834243f,0.6822986933603543f,0.07680807943935186f,-0.1305008353421302f,-0.9884685381476968f,-0.8514688284216936f,0f,0f,0f,1f], start_interpolation: 0, interpolation_duration: 1 }
$data merge entity $(bone_bone8) { transformation: [-0.9970458961014975f,-0.010053216774726821f,-0.07614731708761734f,-0.9536884252300112f,0f,0.9913972285655668f,-0.13088749058834243f,0.2934428568635772f,0.07680807943935186f,-0.1305008353421302f,-0.9884685381476968f,-0.17558311996520456f,0f,0f,0f,1f], start_interpolation: 0, interpolation_duration: 1 }
$data merge entity $(bone_bone7) { transformation: [-0.9970458961014975f,-0.04877405784669651f,-0.059334411165266394f,-0.8953331892181313f,0f,0.7725022106836719f,-0.6350120742858674f,-0.234375f,0.07680807943935186f,-0.6331361826416233f,-0.7702201588914894f,-0.23179011602386385f,0f,0f,0f,1f], start_interpolation: 0, interpolation_duration: 1 }
$data merge entity $(bone_octagon2) { transformation: [-0.9970458961014975f,0f,-0.07680807943935186f,-0.859375f,0f,1f,0f,-0.40625f,0.07680807943935186f,0f,-0.9970458961014975f,-0.171875f,0f,0f,0f,1f], start_interpolation: 0, interpolation_duration: 1 }