# This file was generated by Animated Java via MC-Build. It is not recommended to edit this file directly.
$data merge entity $(bone_bone21) { transformation: [0.6124726998634668f,0.7904917405779495f,1.2246467991473532e-16f,0.5151685871150943f,0.7904917405779495f,-0.6124726998634668f,0f,0.09661926183965017f,7.500627314529322e-17f,9.680731798512054e-17f,-1f,-1.19921875f,0f,0f,0f,1f], start_interpolation: 0, interpolation_duration: 1 }
$data merge entity $(bone_arm4) { transformation: [0.9566442157249947f,0.2912590677041833f,1.2246467991473532e-16f,1.0205117087533788f,0.2912590677041833f,-0.9566442157249947f,0f,0.25047559009596376f,1.1715512767104447e-16f,3.566894849865702e-17f,-1f,-1.19921875f,0f,0f,0f,1f], start_interpolation: 0, interpolation_duration: 1 }
$data merge entity $(bone_small_arm_base4) { transformation: [0.9723699203976768f,-0.2334453638559055f,1.2246467991473532e-16f,1.0367849271024343f,-0.2334453638559055f,-0.9723699203976768f,0f,0.24656873602848278f,1.1908097106021814e-16f,-2.858881176219239e-17f,-1f,-1.10546875f,0f,0f,0f,1f], start_interpolation: 0, interpolation_duration: 1 }
$data merge entity $(bone_bone25) { transformation: [-0.15643446504023084f,0.9876883405951378f,1.2246467991473532e-16f,1.531195361832059e-16f,0.9876883405951378f,0.15643446504023084f,0f,0.4999999999999999f,-1.9157696688784723e-17f,1.2095693648649962e-16f,-1f,-1.54296875f,0f,0f,0f,1f], start_interpolation: 0, interpolation_duration: 1 }
$data merge entity $(bone_bone16) { transformation: [-0.7090850103471833f,0.7051230021073879f,1.2246467991473532e-16f,0.42904706986136193f,0.7051230021073879f,0.7090850103471833f,0f,1.0237068628697183f,-8.683786882450455e-17f,8.635266275359847e-17f,-1f,-1.19921875f,0f,0f,0f,1f], start_interpolation: 0, interpolation_duration: 1 }
$data merge entity $(bone_arm3) { transformation: [-0.33984694138702143f,0.9404807581390949f,1.2246467991473532e-16f,0.24952440990403646f,0.9404807581390949f,0.33984694138702143f,0f,1.5205117087533784f,-4.161924689696338e-17f,1.1517567501147183e-16f,-1f,-1.19921875f,0f,0f,0f,1f], start_interpolation: 0, interpolation_duration: 1 }
$data merge entity $(bone_small_arm_base3) { transformation: [0.2334453638559057f,0.9723699203976767f,1.2246467991473532e-16f,0.25343126397151744f,0.9723699203976767f,-0.2334453638559057f,0f,1.5367849271024339f,2.8588811762192414e-17f,1.1908097106021811e-16f,-1f,-1.10546875f,0f,0f,0f,1f], start_interpolation: 0, interpolation_duration: 1 }
$data merge entity $(bone_bone15) { transformation: [-0.9876883405951378f,-0.15643446504023062f,1.2246467991473532e-16f,1.531195361832059e-16f,-0.15643446504023062f,0.9876883405951378f,0f,0.4999999999999999f,-1.2095693648649962e-16f,-1.9157696688784695e-17f,-1f,-1.54296875f,0f,0f,0f,1f], start_interpolation: 0, interpolation_duration: 1 }
$data merge entity $(bone_bone26) { transformation: [0.7632324697825289f,0.6461239796429642f,1.2246467991473532e-16f,-0.2863729619747974f,0.6461239796429642f,-0.7632324697825289f,0f,0.006447136453653579f,9.34690201124503e-17f,7.912736635221056e-17f,-1f,-1.19921875f,0f,0f,0f,1f], start_interpolation: 0, interpolation_duration: 1 }
$data merge entity $(bone_arm5) { transformation: [0.06975647374412541f,-0.9975640502598245f,1.2246467991473532e-16f,-0.24952440990403577f,-0.9975640502598245f,-0.06975647374412541f,0f,-0.5205117087533788f,8.542704229054951e-18f,-1.2216636210951633e-16f,-1f,-1.19921875f,0f,0f,0f,1f], start_interpolation: 0, interpolation_duration: 1 }
$data merge entity $(bone_small_arm_base5) { transformation: [-0.2334453638559053f,-0.9723699203976769f,1.2246467991473532e-16f,-0.2534312639715168f,-0.9723699203976769f,0.2334453638559053f,0f,-0.5367849271024342f,-2.8588811762192365e-17f,-1.1908097106021814e-16f,-1f,-1.10546875f,0f,0f,0f,1f], start_interpolation: 0, interpolation_duration: 1 }
$data merge entity $(bone_bone20) { transformation: [0.9876883405951378f,0.15643446504023106f,1.2246467991473532e-16f,1.531195361832059e-16f,0.15643446504023106f,-0.9876883405951378f,0f,0.4999999999999999f,1.2095693648649962e-16f,1.915769668878475e-17f,-1f,-1.54296875f,0f,0f,0f,1f], start_interpolation: 0, interpolation_duration: 1 }
$data merge entity $(bone_bone11) { transformation: [0.9809064850467557f,0.19447999278388306f,1.2246467991473532e-16f,-0.5154558506497896f,0.19447999278388306f,-0.9809064850467557f,0f,0.9043211169972047f,1.2012639871753904e-16f,2.3816930066098266e-17f,-1f,-1.19921875f,0f,0f,0f,1f], start_interpolation: 0, interpolation_duration: 1 }
$data merge entity $(bone_arm2) { transformation: [0.9561004089784726f,0.29303926008505743f,1.2246467991473532e-16f,-1.0205117087533784f,0.29303926008505743f,-0.9561004089784726f,0f,0.749524409904036f,1.1708853055189617e-16f,3.5886959188767426e-17f,-1f,-1.19921875f,0f,0f,0f,1f], start_interpolation: 0, interpolation_duration: 1 }
$data merge entity $(bone_small_arm_base2) { transformation: [0.9723699203976768f,-0.2334453638559055f,1.2246467991473532e-16f,-1.0367849271024339f,-0.2334453638559055f,-0.9723699203976768f,0f,0.753431263971517f,1.1908097106021814e-16f,-2.858881176219239e-17f,-1f,-1.10546875f,0f,0f,0f,1f], start_interpolation: 0, interpolation_duration: 1 }
$data merge entity $(bone_bone2) { transformation: [-0.15643446504023084f,0.9876883405951378f,1.2246467991473532e-16f,1.531195361832059e-16f,0.9876883405951378f,0.15643446504023084f,0f,0.4999999999999999f,-1.9157696688784723e-17f,1.2095693648649962e-16f,-1f,-1.54296875f,0f,0f,0f,1f], start_interpolation: 0, interpolation_duration: 1 }
$data merge entity $(bone_ring) { transformation: [-0.2814645808615812f,1.7770974237421848f,2.2034447328268763e-16f,1.1102230246251565e-16f,1.7770974237421848f,0.2814645808615812f,0f,0.4999999999999999f,-3.4469469802548675e-17f,2.1763166717588742e-16f,-1.799249166666667f,-1.19921875f,0f,0f,0f,1f], start_interpolation: 0, interpolation_duration: 1 }
$data merge entity $(bone_wheel) { transformation: [-1f,1.2246467991473532e-16f,2.719262146893782e-32f,1.0625f,0f,2.220446049250313e-16f,-1f,-0.625f,-1.2246467991473532e-16f,-1f,-2.220446049250313e-16f,-1.3242187499999998f,0f,0f,0f,1f], start_interpolation: 0, interpolation_duration: 1 }
$data merge entity $(bone_wheel2) { transformation: [-1f,1.2246467991473532e-16f,2.719262146893782e-32f,1.0625f,0f,2.220446049250313e-16f,-1f,-0.625f,-1.2246467991473532e-16f,-1f,-2.220446049250313e-16f,-1.0742187499999998f,0f,0f,0f,1f], start_interpolation: 0, interpolation_duration: 1 }
$data merge entity $(bone_rails) { transformation: [-1.1373008333333334f,0f,1.3927918252092842e-16f,-0.43749999999999994f,0f,1.1373008333333334f,0f,-1f,-1.3927918252092842e-16f,0f,-1.1373008333333334f,-0.76171875f,0f,0f,0f,1f], start_interpolation: 0, interpolation_duration: 1 }
$data merge entity $(bone_wheel3) { transformation: [-1f,1.2246467991473532e-16f,2.719262146893782e-32f,-1.0625f,0f,2.220446049250313e-16f,-1f,-0.625f,-1.2246467991473532e-16f,-1f,-2.220446049250313e-16f,-1.07421875f,0f,0f,0f,1f], start_interpolation: 0, interpolation_duration: 1 }
$data merge entity $(bone_wheel4) { transformation: [-1f,1.2246467991473532e-16f,2.719262146893782e-32f,-1.0625f,0f,2.220446049250313e-16f,-1f,-0.625f,-1.2246467991473532e-16f,-1f,-2.220446049250313e-16f,-1.32421875f,0f,0f,0f,1f], start_interpolation: 0, interpolation_duration: 1 }
$data merge entity $(bone_rails2) { transformation: [-1.2038220833333333f,0f,1.4742568610970649e-16f,0.4375f,0f,1.2038220833333333f,0f,-1f,-1.4742568610970649e-16f,0f,-1.2038220833333333f,-0.7617187499999999f,0f,0f,0f,1f], start_interpolation: 0, interpolation_duration: 1 }
$data merge entity $(bone_bone6) { transformation: [-0.8571394541736844f,0.20922976877470328f,-0.4706748983718193f,0.40105971863847045f,0f,0.9137820584630446f,0.40620481241738216f,0.5764225958517117f,0.5150844164783461f,0.3481741711981588f,-0.7832386548247199f,-0.7525373158016926f,0f,0f,0f,1f], start_interpolation: 0, interpolation_duration: 1 }
$data merge entity $(bone_bone5) { transformation: [-0.8571394541736844f,-0.1692140074756619f,-0.4864962238012387f,0.3361904646471877f,0f,0.9444980438884831f,-0.32851703927015535f,0.5362339139625911f,0.5150844164783461f,-0.28158491572677585f,-0.8095665378066871f,-0.8604846641973116f,0f,0f,0f,1f], start_interpolation: 0, interpolation_duration: 1 }
$data merge entity $(bone_bone4) { transformation: [-0.8571394541736844f,-0.1692140074756619f,-0.4864962238012387f,0.8703888420167599f,0f,0.9444980438884831f,-0.32851703927015535f,0.29102775652086854f,0.5150844164783461f,-0.28158491572677585f,-0.8095665378066871f,-0.33555613413686136f,0f,0f,0f,1f], start_interpolation: 0, interpolation_duration: 1 }
$data merge entity $(bone_bone3) { transformation: [-0.8571394541736844f,-0.41036930405439f,-0.31130208863538633f,0.853967831913031f,0f,0.6043710092488758f,-0.7967030081401069f,-0.234375f,0.5150844164783461f,-0.6828855815357436f,-0.5180302369859802f,-0.24154260390080348f,0f,0f,0f,1f], start_interpolation: 0, interpolation_duration: 1 }
$data merge entity $(bone_octagon) { transformation: [-0.8571394541736844f,0f,-0.5150844164783461f,0.859375f,0f,1f,0f,-0.40625f,0.5150844164783461f,0f,-0.8571394541736844f,-0.1718749999999999f,0f,0f,0f,1f], start_interpolation: 0, interpolation_duration: 1 }
$data merge entity $(bone_bone10) { transformation: [-0.9489952985944095f,0.2570991212163941f,-0.18250469888598897f,-0.9142247490629595f,0f,0.5788466844998488f,0.8154363959522117f,0.8036147494751531f,0.3152902206629753f,0.7738453060614184f,-0.5493227821973179f,-0.6343129204760828f,0f,0f,0f,1f], start_interpolation: 0, interpolation_duration: 1 }
$data merge entity $(bone_bone9) { transformation: [-0.9489952985944095f,0.029948764802988498f,-0.31386461210605265f,-0.9556002710171199f,0f,0.9954784244372537f,0.09498792807469214f,0.819567141092042f,0.3152902206629753f,0.09014309716610674f,-0.9447043446431238f,-0.7588495322644956f,0f,0f,0f,1f], start_interpolation: 0, interpolation_duration: 1 }
$data merge entity $(bone_bone8) { transformation: [-0.9489952985944095f,0.029948764802988498f,-0.31386461210605265f,-0.9580760119407316f,0f,0.9954784244372537f,0.09498792807469214f,0.2950109476978142f,0.3152902206629753f,0.09014309716610674f,-0.9447043446431238f,-0.1716111044007004f,0f,0f,0f,1f], start_interpolation: 0, interpolation_duration: 1 }
$data merge entity $(bone_bone7) { transformation: [-0.9489952985944095f,-0.20924970156212236f,-0.23584419781260332f,-0.9087367418725113f,0f,0.7480225593952228f,-0.6636733011322817f,-0.234375f,0.3152902206629753f,-0.6298228425771671f,-0.7098698921086238f,-0.2213343867664326f,0f,0f,0f,1f], start_interpolation: 0, interpolation_duration: 1 }
$data merge entity $(bone_octagon2) { transformation: [-0.9489952985944095f,0f,-0.3152902206629753f,-0.859375f,0f,1f,0f,-0.40625f,0.3152902206629753f,0f,-0.9489952985944095f,-0.171875f,0f,0f,0f,1f], start_interpolation: 0, interpolation_duration: 1 }