# This file was generated by Animated Java via MC-Build. It is not recommended to edit this file directly.
$data merge entity $(bone_bone21) { transformation: [0.6485597612008105f,0.7611637380689835f,1.2246467991473532e-16f,0.5124609667363378f,0.7611637380689835f,-0.6485597612008105f,0f,0.04727217018845467f,7.942566356103443e-17f,9.321567354532149e-17f,-1f,-1.2514999999999996f,0f,0f,0f,1f], start_interpolation: 0, interpolation_duration: 1 }
$data merge entity $(bone_arm4) { transformation: [0.945979306443095f,0.32422700655781483f,1.2246467991473532e-16f,1.012170396705437f,0.32422700655781483f,-0.945979306443095f,0f,0.21854366790946664f,1.1584905296951694e-16f,3.9706356577815585e-17f,-1f,-1.2514999999999996f,0f,0f,0f,1f], start_interpolation: 0, interpolation_duration: 1 }
$data merge entity $(bone_small_arm_base4) { transformation: [0.9645574184577983f,-0.26387304996537286f,1.2246467991473532e-16f,1.0283128679517148f,-0.26387304996537286f,-0.9645574184577983f,0f,0.21412758749763988f,1.1812421551081767e-16f,-3.231512860213435e-17f,-1f,-1.1577499999999996f,0f,0f,0f,1f], start_interpolation: 0, interpolation_duration: 1 }
$data merge entity $(bone_bone25) { transformation: [-0.12533323356430437f,0.9921147013144779f,1.2246467991473532e-16f,2.6414183864572156e-16f,0.9921147013144779f,0.12533323356430437f,0f,0.4999999999999999f,-1.5348894331131295e-17f,1.2149900933518077e-16f,-1f,-1.5952499999999998f,0f,0f,0f,1f], start_interpolation: 0, interpolation_duration: 1 }
$data merge entity $(bone_bone16) { transformation: [-0.6983921532242946f,0.7157153067489429f,1.2246467991473532e-16f,0.4176980433923962f,0.7157153067489429f,0.6983921532242946f,0f,1.001796380484802f,-8.552837149957602e-17f,8.764984595108592e-17f,-1f,-1.2514999999999998f,0f,0f,0f,1f], start_interpolation: 0, interpolation_duration: 1 }
$data merge entity $(bone_arm3) { transformation: [-0.2579135630358746f,0.9661679947101022f,1.2246467991473532e-16f,0.2814563320905337f,0.9661679947101022f,0.2579135630358746f,0f,1.5121703967054367f,-3.158530194285729e-17f,1.1832145421603437e-16f,-1f,-1.2514999999999998f,0f,0f,0f,1f], start_interpolation: 0, interpolation_duration: 1 }
$data merge entity $(bone_small_arm_base3) { transformation: [0.26387304996537303f,0.9645574184577982f,1.2246467991473532e-16f,0.28587241250236045f,0.9645574184577982f,-0.26387304996537303f,0f,1.5283128679517146f,3.2315128602134374e-17f,1.1812421551081767e-16f,-1f,-1.1577499999999998f,0f,0f,0f,1f], start_interpolation: 0, interpolation_duration: 1 }
$data merge entity $(bone_bone15) { transformation: [-0.9921147013144779f,-0.12533323356430415f,1.2246467991473532e-16f,2.6414183864572156e-16f,-0.12533323356430415f,0.9921147013144779f,0f,0.4999999999999999f,-1.2149900933518077e-16f,-1.5348894331131267e-17f,-1f,-1.5952499999999998f,0f,0f,0f,1f], start_interpolation: 0, interpolation_duration: 1 }
$data merge entity $(bone_bone26) { transformation: [0.9380618228339411f,0.3464679156018117f,1.2246467991473532e-16f,-0.28856839967194914f,0.3464679156018117f,-0.9380618228339411f,0f,0.01602734924427629f,1.1487944087359177e-16f,4.24300823849014e-17f,-1f,-1.2514999999999998f,0f,0f,0f,1f], start_interpolation: 0, interpolation_duration: 1 }
$data merge entity $(bone_arm5) { transformation: [0.013463561731185847f,-0.999909362145145f,1.2246467991473532e-16f,-0.2814563320905328f,-0.999909362145145f,-0.013463561731185847f,0f,-0.5121703967054372f,1.648810777921948e-18f,-1.2245357997885236e-16f,-1f,-1.2514999999999998f,0f,0f,0f,1f], start_interpolation: 0, interpolation_duration: 1 }
$data merge entity $(bone_small_arm_base5) { transformation: [-0.26387304996537264f,-0.9645574184577984f,1.2246467991473532e-16f,-0.28587241250235956f,-0.9645574184577984f,0.26387304996537264f,0f,-0.528312867951715f,-3.2315128602134324e-17f,-1.181242155108177e-16f,-1f,-1.1577499999999998f,0f,0f,0f,1f], start_interpolation: 0, interpolation_duration: 1 }
$data merge entity $(bone_bone20) { transformation: [0.9921147013144779f,0.1253332335643046f,1.2246467991473532e-16f,2.6414183864572156e-16f,0.1253332335643046f,-0.9921147013144779f,0f,0.4999999999999999f,1.2149900933518077e-16f,1.5348894331131323e-17f,-1f,-1.5952499999999998f,0f,0f,0f,1f], start_interpolation: 0, interpolation_duration: 1 }
$data merge entity $(bone_bone11) { transformation: [0.9807378780131826f,0.19532847879968807f,1.2246467991473532e-16f,-0.5171195906020132f,0.19532847879968807f,-0.9807378780131826f,0f,0.9657608076411595f,1.201057503111411e-16f,2.392083963443595e-17f,-1f,-1.2515f,0f,0f,0f,1f], start_interpolation: 0, interpolation_duration: 1 }
$data merge entity $(bone_arm2) { transformation: [0.9371602577937554f,0.34889919921367313f,1.2246467991473532e-16f,-1.0121703967054365f,0.34889919921367313f,-0.9371602577937554f,0f,0.7814563320905332f,1.1476903099952307e-16f,4.272782875420994e-17f,-1f,-1.2515f,0f,0f,0f,1f], start_interpolation: 0, interpolation_duration: 1 }
$data merge entity $(bone_small_arm_base2) { transformation: [0.9645574184577983f,-0.26387304996537286f,1.2246467991473532e-16f,-1.0283128679517144f,-0.26387304996537286f,-0.9645574184577983f,0f,0.78587241250236f,1.1812421551081767e-16f,-3.231512860213435e-17f,-1f,-1.15775f,0f,0f,0f,1f], start_interpolation: 0, interpolation_duration: 1 }
$data merge entity $(bone_bone2) { transformation: [-0.12533323356430437f,0.9921147013144779f,1.2246467991473532e-16f,2.6414183864572156e-16f,0.9921147013144779f,0.12533323356430437f,0f,0.4999999999999999f,-1.5348894331131295e-17f,1.2149900933518077e-16f,-1f,-1.5952499999999998f,0f,0f,0f,1f], start_interpolation: 0, interpolation_duration: 1 }
$data merge entity $(bone_ring) { transformation: [-0.2255057160462134f,1.7850615495778235f,2.2034447328268763e-16f,2.220446049250313e-16f,1.7850615495778235f,0.2255057160462134f,0f,0.4999999999999999f,-2.7616485334542712e-17f,2.1860699129714962e-16f,-1.799249166666667f,-1.2514999999999998f,0f,0f,0f,1f], start_interpolation: 0, interpolation_duration: 1 }
$data merge entity $(bone_wheel) { transformation: [-1f,1.1647083184890928e-16f,-3.784366730434137e-17f,1.0625000000000002f,0f,-0.30901699437494634f,-0.951056516295154f,-0.625f,-1.2246467991473532e-16f,-0.951056516295154f,0.30901699437494634f,-1.3764999999999996f,0f,0f,0f,1f], start_interpolation: 0, interpolation_duration: 1 }
$data merge entity $(bone_wheel2) { transformation: [-1f,1.1647083184890928e-16f,-3.784366730434137e-17f,1.0625000000000002f,0f,-0.30901699437494634f,-0.951056516295154f,-0.625f,-1.2246467991473532e-16f,-0.951056516295154f,0.30901699437494634f,-1.1264999999999996f,0f,0f,0f,1f], start_interpolation: 0, interpolation_duration: 1 }
$data merge entity $(bone_rails) { transformation: [-1.1373008333333334f,0f,1.3927918252092842e-16f,-0.43749999999999983f,0f,1.1373008333333334f,0f,-1f,-1.3927918252092842e-16f,0f,-1.1373008333333334f,-0.8139999999999998f,0f,0f,0f,1f], start_interpolation: 0, interpolation_duration: 1 }
$data merge entity $(bone_wheel3) { transformation: [-1f,1.1647083184890928e-16f,-3.784366730434137e-17f,-1.0625f,0f,-0.30901699437494634f,-0.951056516295154f,-0.625f,-1.2246467991473532e-16f,-0.951056516295154f,0.30901699437494634f,-1.1264999999999998f,0f,0f,0f,1f], start_interpolation: 0, interpolation_duration: 1 }
$data merge entity $(bone_wheel4) { transformation: [-1f,1.1647083184890928e-16f,-3.784366730434137e-17f,-1.0625f,0f,-0.30901699437494634f,-0.951056516295154f,-0.625f,-1.2246467991473532e-16f,-0.951056516295154f,0.30901699437494634f,-1.3765f,0f,0f,0f,1f], start_interpolation: 0, interpolation_duration: 1 }
$data merge entity $(bone_rails2) { transformation: [-1.2038220833333333f,0f,1.4742568610970649e-16f,0.4375000000000001f,0f,1.2038220833333333f,0f,-1f,-1.4742568610970649e-16f,0f,-1.2038220833333333f,-0.8139999999999997f,0f,0f,0f,1f], start_interpolation: 0, interpolation_duration: 1 }
$data merge entity $(bone_bone6) { transformation: [-0.8689993558127967f,0.15552564580717063f,-0.4697359823275272f,0.35832595508801773f,0f,0.9493197964506794f,0.3143118261644643f,0.49618622921085725f,0.4948132168777876f,0.2731367744612634f,-0.8249582915759758f,-0.8623603904569719f,0f,0f,0f,1f], start_interpolation: 0, interpolation_duration: 1 }
$data merge entity $(bone_bone5) { transformation: [-0.8689993558127967f,-0.21025134322117467f,-0.44792241769154206f,0.29841415939844695f,0f,0.9052353542976865f,-0.42491052391008394f,0.4431248855038339f,0.4948132168777876f,-0.36924697155594083f,-0.7866489397436585f,-0.9675785012187219f,0f,0f,0f,1f], start_interpolation: 0, interpolation_duration: 1 }
$data merge entity $(bone_bone4) { transformation: [-0.8689993558127967f,-0.21025134322117467f,-0.44792241769154206f,0.8332610375307395f,0f,0.9052353542976865f,-0.42491052391008394f,0.272822758900669f,0.4948132168777876f,-0.36924697155594083f,-0.7866489397436585f,-0.4072022155870217f,0f,0f,0f,1f], start_interpolation: 0, interpolation_duration: 1 }
$data merge entity $(bone_bone3) { transformation: [-0.8689993558127967f,-0.43683330759559064f,-0.2324151048706615f,0.8556054038142882f,0f,0.4697027018339831f,-0.8828246552344675f,-0.234375f,0.4948132168777876f,-0.7671740566944066f,-0.40817134531726146f,-0.24165037276573054f,0f,0f,0f,1f], start_interpolation: 0, interpolation_duration: 1 }
$data merge entity $(bone_octagon) { transformation: [-0.8689993558127967f,0f,-0.4948132168777876f,0.859375f,0f,1f,0f,-0.40625f,0.4948132168777876f,0f,-0.8689993558127967f,-0.1718749999999999f,0f,0f,0f,1f], start_interpolation: 0, interpolation_duration: 1 }
$data merge entity $(bone_bone10) { transformation: [-0.8322503502431894f,0.5132517405954671f,-0.20959963095342504f,-0.9789983762569621f,0f,0.3780657157682205f,0.9257787611306835f,0.8800201745727649f,0.5543999950578f,0.7704796981987174f,-0.3146453243630437f,-0.5205521257401906f,0f,0f,0f,1f], start_interpolation: 0, interpolation_duration: 1 }
$data merge entity $(bone_bone9) { transformation: [-0.8322503502431894f,0.1693492269331562f,-0.5279016895760337f,-1.0481832467401262f,0f,0.9522036332648169f,0.3054639762677133f,0.9236395871890981f,0.5543999950578f,0.25422250123548173f,-0.7924718072874815f,-0.6244105911161508f,0f,0f,0f,1f], start_interpolation: 0, interpolation_duration: 1 }
$data merge entity $(bone_bone8) { transformation: [-0.8322503502431894f,0.1693492269331562f,-0.5279016895760337f,-0.96596249991644f,0f,0.9522036332648169f,0.3054639762677133f,0.2958414583873079f,0.5543999950578f,0.25422250123548173f,-0.7924718072874815f,-0.16277955283559092f,0f,0f,0f,1f], start_interpolation: 0, interpolation_duration: 1 }
$data merge entity $(bone_bone7) { transformation: [-0.8322503502431894f,-0.3838213757326883f,-0.40005062935927893f,-0.9200328231362122f,0f,0.7215920507314776f,-0.6923185049680102f,-0.234375f,0.5543999950578f,-0.5761823182394678f,-0.6005452369539735f,-0.20656564704464309f,0f,0f,0f,1f], start_interpolation: 0, interpolation_duration: 1 }
$data merge entity $(bone_octagon2) { transformation: [-0.8322503502431894f,0f,-0.5543999950578f,-0.859375f,0f,1f,0f,-0.40625f,0.5543999950578f,0f,-0.8322503502431894f,-0.171875f,0f,0f,0f,1f], start_interpolation: 0, interpolation_duration: 1 }