# This file was generated by Animated Java via MC-Build. It is not recommended to edit this file directly.
$data merge entity $(bone_bone21) { transformation: [0.6855885843301905f,0.7279892121701567f,1.2246467991473532e-16f,0.5075779177670346f,0.7279892121701567f,-0.6855885843301905f,0f,0.0031271012688613153f,8.39603865331933e-17f,8.915296584979857e-17f,-1f,-1.3090312499999999f,0f,0f,0f,1f], start_interpolation: 0, interpolation_duration: 1 }
$data merge entity $(bone_arm4) { transformation: [0.9375416538655201f,0.3478730332565398f,1.2246467991473532e-16f,1.00283019467676f,0.3478730332565398f,-0.9375416538655201f,0f,0.18688950914210795f,1.1481573854737249e-16f,4.260215966873023e-17f,-1f,-1.3090312499999999f,0f,0f,0f,1f], start_interpolation: 0, interpolation_duration: 1 }
$data merge entity $(bone_small_arm_base4) { transformation: [0.9557930147983303f,-0.29404032523230395f,1.2246467991473532e-16f,1.0188259881500443f,-0.29404032523230395f,-0.9557930147983303f,0f,0.18196856052414206f,1.170508856220174e-16f,-3.600955431159877e-17f,-1f,-1.2152812499999999f,0f,0f,0f,1f], start_interpolation: 0, interpolation_duration: 1 }
$data merge entity $(bone_bone25) { transformation: [-0.09410831331851444f,0.99556196460308f,1.2246467991473532e-16f,2.6414183864572156e-16f,0.99556196460308f,0.09410831331851444f,0f,0.4999999999999999f,-1.1524944467867494e-17f,1.2192117733040124e-16f,-1f,-1.65278125f,0f,0f,0f,1f], start_interpolation: 0, interpolation_duration: 1 }
$data merge entity $(bone_bone16) { transformation: [-0.7061721721807146f,0.7080401565148488f,1.2246467991473532e-16f,0.4080190381004645f,0.7080401565148488f,0.7061721721807146f,0f,0.9831804972921224f,-8.648114903080456e-17f,8.670991113437005e-17f,-1f,-1.30903125f,0f,0f,0f,1f], start_interpolation: 0, interpolation_duration: 1 }
$data merge entity $(bone_arm3) { transformation: [-0.179667455348205f,0.9837274040549552f,1.2246467991473532e-16f,0.3131104908578924f,0.9837274040549552f,0.179667455348205f,0f,1.5028301946767597f,-2.2002917410312917e-17f,1.2047186166094358e-16f,-1f,-1.30903125f,0f,0f,0f,1f], start_interpolation: 0, interpolation_duration: 1 }
$data merge entity $(bone_small_arm_base3) { transformation: [0.2940403252323041f,0.9557930147983302f,1.2246467991473532e-16f,0.31803143947585827f,0.9557930147983302f,-0.2940403252323041f,0f,1.518825988150044f,3.600955431159879e-17f,1.1705088562201738e-16f,-1f,-1.21528125f,0f,0f,0f,1f], start_interpolation: 0, interpolation_duration: 1 }
$data merge entity $(bone_bone15) { transformation: [-0.99556196460308f,-0.09410831331851421f,1.2246467991473532e-16f,2.6414183864572156e-16f,-0.09410831331851421f,0.99556196460308f,0f,0.4999999999999999f,-1.2192117733040124e-16f,-1.1524944467867466e-17f,-1f,-1.65278125f,0f,0f,0f,1f], start_interpolation: 0, interpolation_duration: 1 }
$data merge entity $(bone_bone26) { transformation: [0.9999869372253107f,0.005111299124807969f,1.2246467991473532e-16f,-0.29046349745646505f,0.005111299124807969f,-0.9999869372253107f,0f,0.024929745088960065f,1.2246308018621418e-16f,6.259536112680834e-19f,-1f,-1.30903125f,0f,0f,0f,1f], start_interpolation: 0, interpolation_duration: 1 }
$data merge entity $(bone_arm5) { transformation: [-0.04287208891020436f,-0.9990805693198501f,1.2246467991473532e-16f,-0.3131104908578915f,-0.9990805693198501f,0.04287208891020436f,0f,-0.5028301946767599f,-5.250316645664241e-18f,-1.2235208213078697e-16f,-1f,-1.30903125f,0f,0f,0f,1f], start_interpolation: 0, interpolation_duration: 1 }
$data merge entity $(bone_small_arm_base5) { transformation: [-0.2940403252323037f,-0.9557930147983303f,1.2246467991473532e-16f,-0.3180314394758574f,-0.9557930147983303f,0.2940403252323037f,0f,-0.5188259881500442f,-3.6009554311598736e-17f,-1.170508856220174e-16f,-1f,-1.21528125f,0f,0f,0f,1f], start_interpolation: 0, interpolation_duration: 1 }
$data merge entity $(bone_bone20) { transformation: [0.99556196460308f,0.09410831331851466f,1.2246467991473532e-16f,2.6414183864572156e-16f,0.09410831331851466f,-0.99556196460308f,0f,0.4999999999999999f,1.2192117733040124e-16f,1.1524944467867521e-17f,-1f,-1.65278125f,0f,0f,0f,1f], start_interpolation: 0, interpolation_duration: 1 }
$data merge entity $(bone_bone11) { transformation: [0.9805685370376996f,0.19617681864008826f,1.2246467991473532e-16f,-0.5195067530836364f,0.19617681864008826f,-0.9805685370376996f,0f,1.0262815281453703f,1.2008501202278215e-16f,2.4024731301449495e-17f,-1f,-1.3090312500000003f,0f,0f,0f,1f], start_interpolation: 0, interpolation_duration: 1 }
$data merge entity $(bone_arm2) { transformation: [0.914959667849825f,0.40354529635239034f,1.2246467991473532e-16f,-1.0028301946767595f,0.40354529635239034f,-0.914959667849825f,0f,0.8131104908578918f,1.1205024285812135e-16f,4.942004554889249e-17f,-1f,-1.3090312500000003f,0f,0f,0f,1f], start_interpolation: 0, interpolation_duration: 1 }
$data merge entity $(bone_small_arm_base2) { transformation: [0.9557930147983303f,-0.29404032523230395f,1.2246467991473532e-16f,-1.0188259881500439f,-0.29404032523230395f,-0.9557930147983303f,0f,0.8180314394758577f,1.170508856220174e-16f,-3.600955431159877e-17f,-1f,-1.2152812500000003f,0f,0f,0f,1f], start_interpolation: 0, interpolation_duration: 1 }
$data merge entity $(bone_bone2) { transformation: [-0.09410831331851444f,0.99556196460308f,1.2246467991473532e-16f,2.6414183864572156e-16f,0.99556196460308f,0.09410831331851444f,0f,0.4999999999999999f,-1.1524944467867494e-17f,1.2192117733040124e-16f,-1f,-1.65278125f,0f,0f,0f,1f], start_interpolation: 0, interpolation_duration: 1 }
$data merge entity $(bone_ring) { transformation: [-0.1693243043147427f,1.7912640351771216f,2.2034447328268763e-16f,2.220446049250313e-16f,1.7912640351771216f,0.1693243043147427f,0f,0.4999999999999999f,-2.0736246729690203e-17f,2.1936657671074336e-16f,-1.799249166666667f,-1.30903125f,0f,0f,0f,1f], start_interpolation: 0, interpolation_duration: 1 }
$data merge entity $(bone_wheel) { transformation: [-1f,9.907600726170914e-17f,-7.19829327805997e-17f,1.0625000000000002f,0f,-0.5877852522924734f,-0.8090169943749472f,-0.625f,-1.2246467991473532e-16f,-0.8090169943749472f,0.5877852522924734f,-1.4340312499999999f,0f,0f,0f,1f], start_interpolation: 0, interpolation_duration: 1 }
$data merge entity $(bone_wheel2) { transformation: [-1f,9.907600726170914e-17f,-7.19829327805997e-17f,1.0625000000000002f,0f,-0.5877852522924734f,-0.8090169943749472f,-0.625f,-1.2246467991473532e-16f,-0.8090169943749472f,0.5877852522924734f,-1.1840312499999999f,0f,0f,0f,1f], start_interpolation: 0, interpolation_duration: 1 }
$data merge entity $(bone_rails) { transformation: [-1.1373008333333334f,0f,1.3927918252092842e-16f,-0.43749999999999983f,0f,1.1373008333333334f,0f,-1f,-1.3927918252092842e-16f,0f,-1.1373008333333334f,-0.8715312500000001f,0f,0f,0f,1f], start_interpolation: 0, interpolation_duration: 1 }
$data merge entity $(bone_wheel3) { transformation: [-1f,9.907600726170914e-17f,-7.19829327805997e-17f,-1.0625f,0f,-0.5877852522924734f,-0.8090169943749472f,-0.625f,-1.2246467991473532e-16f,-0.8090169943749472f,0.5877852522924734f,-1.18403125f,0f,0f,0f,1f], start_interpolation: 0, interpolation_duration: 1 }
$data merge entity $(bone_wheel4) { transformation: [-1f,9.907600726170914e-17f,-7.19829327805997e-17f,-1.0625f,0f,-0.5877852522924734f,-0.8090169943749472f,-0.625f,-1.2246467991473532e-16f,-0.8090169943749472f,0.5877852522924734f,-1.4340312500000003f,0f,0f,0f,1f], start_interpolation: 0, interpolation_duration: 1 }
$data merge entity $(bone_rails2) { transformation: [-1.2038220833333333f,0f,1.4742568610970649e-16f,0.4375000000000001f,0f,1.2038220833333333f,0f,-1f,-1.4742568610970649e-16f,0f,-1.2038220833333333f,-0.87153125f,0f,0f,0f,1f], start_interpolation: 0, interpolation_duration: 1 }
$data merge entity $(bone_bone6) { transformation: [-0.8793370891651971f,0.10300049041245266f,-0.4649270723385255f,0.3294268789976865f,0f,0.9763276620095184f,0.2162967785128284f,0.40463574853142237f,0.4761998358026578f,0.19019777961327977f,-0.8585211243829125f,-0.953591015301201f,0f,0f,0f,1f], start_interpolation: 0, interpolation_duration: 1 }
$data merge entity $(bone_bone5) { transformation: [-0.8793370891651971f,-0.24666177494848746f,-0.40733800755360405f,0.27475404757926447f,0f,0.8553930029543504f,-0.5179795464077115f,0.3391049473670828f,0.4761998358026578f,-0.45547862658526633f,-0.7521787933101554f,-1.0545483126821642f,0f,0f,0f,1f], start_interpolation: 0, interpolation_duration: 1 }
$data merge entity $(bone_bone4) { transformation: [-0.8793370891651971f,-0.24666177494848746f,-0.40733800755360405f,0.8067318195331028f,0f,0.8553930029543504f,-0.5179795464077115f,0.24763767912188306f,0.4761998358026578f,-0.45547862658526633f,-0.7521787933101554f,-0.4659555320525016f,0f,0f,0f,1f], start_interpolation: 0, interpolation_duration: 1 }
$data merge entity $(bone_bone3) { transformation: [-0.8793370891651971f,-0.4464705353214776f,-0.16562108775222878f,0.8570917942987463f,0f,0.3477974482562902f,-0.9375696960687313f,-0.234375f,0.4761998358026578f,-0.8244398074305768f,-0.3058311957687695f,-0.24171481294165775f,0f,0f,0f,1f], start_interpolation: 0, interpolation_duration: 1 }
$data merge entity $(bone_octagon) { transformation: [-0.8793370891651971f,0f,-0.4761998358026578f,0.859375f,0f,1f,0f,-0.40625f,0.4761998358026578f,0f,-0.8793370891651971f,-0.1718749999999999f,0f,0f,0f,1f], start_interpolation: 0, interpolation_duration: 1 }
$data merge entity $(bone_bone10) { transformation: [-0.642017716262373f,0.7582452191797759f,-0.11347880681545996f,-0.9969677698004508f,0f,0.14801136856953861f,0.9889856595391929f,0.9237250568454216f,0.7666898016833451f,0.6349463145535894f,-0.09502592082988343f,-0.409372610430854f,0f,0f,0f,1f], start_interpolation: 0, interpolation_duration: 1 }
$data merge entity $(bone_bone9) { transformation: [-0.642017716262373f,0.3681485953774535f,-0.6725175564450754f,-1.0845849984018718f,0f,0.8771703431668127f,0.4801793301138817f,0.9901771923781297f,0.7666898016833451f,0.3082836369161105f,-0.5631589004930391f,-0.48274232643387904f,0f,0f,0f,1f], start_interpolation: 0, interpolation_duration: 1 }
$data merge entity $(bone_bone8) { transformation: [-0.642017716262373f,0.3681485953774535f,-0.6725175564450754f,-0.9733127945279881f,0f,0.8771703431668127f,0.4801793301138817f,0.29590055765688195f,0.7666898016833451f,0.3082836369161105f,-0.5631589004930391f,-0.14500635336358936f,0f,0f,0f,1f], start_interpolation: 0, interpolation_duration: 1 }
$data merge entity $(bone_bone7) { transformation: [-0.642017716262373f,-0.5498498442142156f,-0.534301788152398f,-0.9273561662384082f,0f,0.6968943462914001f,-0.7171738074602851f,-0.234375f,0.7666898016833451f,-0.46043829002884307f,-0.44741851668216404f,-0.18804205096379378f,0f,0f,0f,1f], start_interpolation: 0, interpolation_duration: 1 }
$data merge entity $(bone_octagon2) { transformation: [-0.642017716262373f,0f,-0.7666898016833451f,-0.859375f,0f,1f,0f,-0.40625f,0.7666898016833451f,0f,-0.642017716262373f,-0.171875f,0f,0f,0f,1f], start_interpolation: 0, interpolation_duration: 1 }