# This file was generated by Animated Java via MC-Build. It is not recommended to edit this file directly.
$data merge entity $(bone_bone21) { transformation: [0.761074376042657f,0.6486646237704661f,1.2246467991473532e-16f,0.4881537439692745f,0.6486646237704661f,-0.761074376042657f,0f,-0.06508611944495127f,9.320472985337093e-17f,7.943850552206234e-17f,-1f,-1.4345937500000003f,0f,0f,0f,1f], start_interpolation: 0, interpolation_duration: 1 }
$data merge entity $(bone_arm4) { transformation: [0.9333484285875788f,0.3589717410230188f,1.2246467991473532e-16f,0.9811909679712879f,0.3589717410230188f,-0.9333484285875788f,0f,0.12453913224909144f,1.1430221655589906e-16f,4.3961359362819266e-17f,-1f,-1.4345937500000003f,0f,0f,0f,1f], start_interpolation: 0, interpolation_duration: 1 }
$data merge entity $(bone_small_arm_base4) { transformation: [0.9354440308298674f,-0.35347484377925714f,1.2246467991473532e-16f,0.996846208479745f,-0.35347484377925714f,-0.9354440308298674f,0f,0.1186235098166682f,1.1455885381372952e-16f,-4.32881836013378e-17f,-1f,-1.3408437500000003f,0f,0f,0f,1f], start_interpolation: 0, interpolation_duration: 1 }
$data merge entity $(bone_bone25) { transformation: [-0.03141075907812829f,0.9995065603657315f,1.2246467991473532e-16f,2.6414183864572156e-16f,0.9995065603657315f,0.03141075907812829f,0f,0.4999999999999999f,-3.846708556381848e-18f,1.224042509878674e-16f,-1f,-1.7783437500000003f,0f,0f,0f,1f], start_interpolation: 0, interpolation_duration: 1 }
$data merge entity $(bone_bone16) { transformation: [-0.7578449548652795f,0.6524346897469835f,1.2246467991473532e-16f,0.400609117964025f,0.6524346897469835f,0.7578449548652795f,0f,0.9535443003585193f,-9.28092398225735e-17f,7.990020544513398e-17f,-1f,-1.4345937500000003f,0f,0f,0f,1f], start_interpolation: 0, interpolation_duration: 1 }
$data merge entity $(bone_arm3) { transformation: [-0.04760711499147019f,0.9988661384801214f,1.2246467991473532e-16f,0.3754608677509089f,0.9988661384801214f,0.04760711499147019f,0f,1.4811909679712876f,-5.830190099094393e-18f,1.2232582192663577e-16f,-1f,-1.4345937500000003f,0f,0f,0f,1f], start_interpolation: 0, interpolation_duration: 1 }
$data merge entity $(bone_small_arm_base3) { transformation: [0.35347484377925736f,0.9354440308298673f,1.2246467991473532e-16f,0.38137649018333214f,0.9354440308298673f,-0.35347484377925736f,0f,1.4968462084797447f,4.328818360133783e-17f,1.145588538137295e-16f,-1f,-1.3408437500000003f,0f,0f,0f,1f], start_interpolation: 0, interpolation_duration: 1 }
$data merge entity $(bone_bone15) { transformation: [-0.9995065603657315f,-0.03141075907812807f,1.2246467991473532e-16f,2.6414183864572156e-16f,-0.03141075907812807f,0.9995065603657315f,0f,0.4999999999999999f,-1.224042509878674e-16f,-3.846708556381821e-18f,-1f,-1.7783437500000003f,0f,0f,0f,1f], start_interpolation: 0, interpolation_duration: 1 }
$data merge entity $(bone_bone26) { transformation: [0.7697975698906896f,-0.638288102184577f,1.2246467991473532e-16f,-0.29360566244654024f,-0.638288102184577f,-0.7697975698906896f,0f,0.0406741158350733f,9.42730129958044e-17f,-7.816774812741809e-17f,-1f,-1.4345937500000003f,0f,0f,0f,1f], start_interpolation: 0, interpolation_duration: 1 }
$data merge entity $(bone_arm5) { transformation: [-0.15495671223849272f,-0.9879212606945137f,1.2246467991473532e-16f,-0.375460867750908f,-0.9879212606945137f,0.15495671223849272f,0f,-0.4811909679712879f,-1.8976724164926757e-17f,-1.209854609719154e-16f,-1f,-1.4345937500000003f,0f,0f,0f,1f], start_interpolation: 0, interpolation_duration: 1 }
$data merge entity $(bone_small_arm_base5) { transformation: [-0.353474843779257f,-0.9354440308298675f,1.2246467991473532e-16f,-0.38137649018333125f,-0.9354440308298675f,0.353474843779257f,0f,-0.49684620847974503f,-4.328818360133777e-17f,-1.1455885381372952e-16f,-1f,-1.3408437500000003f,0f,0f,0f,1f], start_interpolation: 0, interpolation_duration: 1 }
$data merge entity $(bone_bone20) { transformation: [0.9995065603657315f,0.031410759078128514f,1.2246467991473532e-16f,2.6414183864572156e-16f,0.031410759078128514f,-0.9995065603657315f,0f,0.4999999999999999f,1.224042509878674e-16f,3.846708556381875e-18f,-1f,-1.7783437500000003f,0f,0f,0f,1f], start_interpolation: 0, interpolation_duration: 1 }
$data merge entity $(bone_bone11) { transformation: [0.9802276537684631f,0.19787305725533816f,1.2246467991473532e-16f,-0.5263201419246404f,0.19787305725533816f,-0.9802276537684631f,0f,1.14404227429887f,1.2004326586232683e-16f,2.4232460620525084e-17f,-1f,-1.4345937500000003f,0f,0f,0f,1f], start_interpolation: 0, interpolation_duration: 1 }
$data merge entity $(bone_arm2) { transformation: [0.8610971951668264f,0.5084403804536229f,1.2246467991473532e-16f,-0.9811909679712875f,0.5084403804536229f,-0.8610971951668264f,0f,0.8754608677509084f,1.0545399238158176e-16f,6.226598844797919e-17f,-1f,-1.4345937500000003f,0f,0f,0f,1f], start_interpolation: 0, interpolation_duration: 1 }
$data merge entity $(bone_small_arm_base2) { transformation: [0.9354440308298674f,-0.35347484377925714f,1.2246467991473532e-16f,-0.9968462084797446f,-0.35347484377925714f,-0.9354440308298674f,0f,0.8813764901833316f,1.1455885381372952e-16f,-4.32881836013378e-17f,-1f,-1.3408437500000003f,0f,0f,0f,1f], start_interpolation: 0, interpolation_duration: 1 }
$data merge entity $(bone_bone2) { transformation: [-0.03141075907812829f,0.9995065603657315f,1.2246467991473532e-16f,2.6414183864572156e-16f,0.9995065603657315f,0.03141075907812829f,0f,0.4999999999999999f,-3.846708556381848e-18f,1.224042509878674e-16f,-1f,-1.7783437500000003f,0f,0f,0f,1f], start_interpolation: 0, interpolation_duration: 1 }
$data merge entity $(bone_ring) { transformation: [-0.056515782095689776f,1.7983613458159091f,2.2034447328268763e-16f,2.220446049250313e-16f,1.7983613458159091f,0.056515782095689776f,0f,0.4999999999999999f,-6.921187164479578e-18f,2.2023574658637796e-16f,-1.799249166666667f,-1.4345937500000003f,0f,0f,0f,1f], start_interpolation: 0, interpolation_duration: 1 }
$data merge entity $(bone_wheel) { transformation: [-1f,3.784366730434141e-17f,-1.1647083184890926e-16f,1.0625000000000002f,0f,-0.9510565162951536f,-0.3090169943749467f,-0.625f,-1.2246467991473532e-16f,-0.3090169943749467f,0.9510565162951536f,-1.5595937500000001f,0f,0f,0f,1f], start_interpolation: 0, interpolation_duration: 1 }
$data merge entity $(bone_wheel2) { transformation: [-1f,3.784366730434141e-17f,-1.1647083184890926e-16f,1.0625000000000002f,0f,-0.9510565162951536f,-0.3090169943749467f,-0.625f,-1.2246467991473532e-16f,-0.3090169943749467f,0.9510565162951536f,-1.3095937500000001f,0f,0f,0f,1f], start_interpolation: 0, interpolation_duration: 1 }
$data merge entity $(bone_rails) { transformation: [-1.1373008333333334f,0f,1.3927918252092842e-16f,-0.43749999999999983f,0f,1.1373008333333334f,0f,-1f,-1.3927918252092842e-16f,0f,-1.1373008333333334f,-0.9970937500000003f,0f,0f,0f,1f], start_interpolation: 0, interpolation_duration: 1 }
$data merge entity $(bone_wheel3) { transformation: [-1f,3.784366730434141e-17f,-1.1647083184890926e-16f,-1.0625f,0f,-0.9510565162951536f,-0.3090169943749467f,-0.625f,-1.2246467991473532e-16f,-0.3090169943749467f,0.9510565162951536f,-1.3095937500000003f,0f,0f,0f,1f], start_interpolation: 0, interpolation_duration: 1 }
$data merge entity $(bone_wheel4) { transformation: [-1f,3.784366730434141e-17f,-1.1647083184890926e-16f,-1.0625f,0f,-0.9510565162951536f,-0.3090169943749467f,-0.625f,-1.2246467991473532e-16f,-0.3090169943749467f,0.9510565162951536f,-1.5595937500000003f,0f,0f,0f,1f], start_interpolation: 0, interpolation_duration: 1 }
$data merge entity $(bone_rails2) { transformation: [-1.2038220833333333f,0f,1.4742568610970649e-16f,0.4375000000000001f,0f,1.2038220833333333f,0f,-1f,-1.4742568610970649e-16f,0f,-1.2038220833333333f,-0.9970937500000002f,0f,0f,0f,1f], start_interpolation: 0, interpolation_duration: 1 }
$data merge entity $(bone_bone6) { transformation: [-0.8962459087770014f,0.06981022939859036f,-0.438029454342745f,0.3211582888133103f,0f,0.9875369877152596f,0.1573870957044169f,0.3307752675956865f,0.44355751712769653f,0.14105754061937803f,-0.8850759850057652f,-1.0480286225404603f,0f,0f,0f,1f], start_interpolation: 0, interpolation_duration: 1 }
$data merge entity $(bone_bone5) { transformation: [-0.8962459087770014f,-0.2532236319289144f,-0.36417174963637206f,0.27216755057379594f,0f,0.8210248627835339f,-0.5708924370591006f,0.25813456152141256f,0.44355751712769653f,-0.5116600110659507f,-0.7358401742739412f,-1.1470186002088785f,0f,0f,0f,1f], start_interpolation: 0, interpolation_duration: 1 }
$data merge entity $(bone_bone4) { transformation: [-0.8962459087770014f,-0.2532236319289144f,-0.36417174963637206f,0.7895219232445497f,0f,0.8210248627835339f,-0.5708924370591006f,0.2132396889233028f,0.44355751712769653f,-0.5116600110659507f,-0.7358401742739412f,-0.5243784030987793f,0f,0f,0f,1f], start_interpolation: 0, interpolation_duration: 1 }
$data merge entity $(bone_bone3) { transformation: [-0.8962459087770014f,-0.4329288612420261f,-0.09651876555452438f,0.8596603398288003f,0f,0.21760146503556477f,-0.9760377054265761f,-0.234375f,0.44355751712769653f,-0.8747698003006609f,-0.19502442278200663f,-0.24175154170880297f,0f,0f,0f,1f], start_interpolation: 0, interpolation_duration: 1 }
$data merge entity $(bone_octagon) { transformation: [-0.8962459087770014f,0f,-0.44355751712769653f,0.859375f,0f,1f,0f,-0.40625f,0.44355751712769653f,0f,-0.8962459087770014f,-0.1718749999999999f,0f,0f,0f,1f], start_interpolation: 0, interpolation_duration: 1 }
$data merge entity $(bone_bone10) { transformation: [-0.08294400115200674f,0.9602832996297301f,0.2664137329890001f,-0.9667904667972659f,0f,-0.2673349130658374f,0.9636036759249527f,0.9436824814254031f,0.9965542096007101f,0.07992514440599721f,0.02217382733730443f,-0.2748894347520326f,0f,0f,0f,1f], start_interpolation: 0, interpolation_duration: 1 }
$data merge entity $(bone_bone9) { transformation: [-0.08294400115200674f,0.6808234023850985f,-0.7277360699028698f,-1.060637141020916f,0f,0.7302523664964017f,0.6831774888170753f,1.0364594793619564f,0.9965542096007101f,0.056665474419468564f,-0.0605700531279332f,-0.2827003682465961f,0f,0f,0f,1f], start_interpolation: 0, interpolation_duration: 1 }
$data merge entity $(bone_bone8) { transformation: [-0.08294400115200674f,0.6808234023850985f,-0.7277360699028698f,-0.9567619166472668f,0f,0.7302523664964017f,0.6831774888170753f,0.29524571491415985f,0.9965542096007101f,0.056665474419468564f,-0.0605700531279332f,-0.08590643085638554f,0f,0f,0f,1f], start_interpolation: 0, interpolation_duration: 1 }
$data merge entity $(bone_bone7) { transformation: [-0.08294400115200674f,-0.7401627085048872f,-0.6672926326669623f,-0.9242516381360446f,0f,0.6695999336898358f,-0.7427219727479236f,-0.234375f,0.9965542096007101f,-0.0616043321632245f,-0.055539297671353384f,-0.14591668102197825f,0f,0f,0f,1f], start_interpolation: 0, interpolation_duration: 1 }
$data merge entity $(bone_octagon2) { transformation: [-0.08294400115200674f,0f,-0.9965542096007101f,-0.859375f,0f,1f,0f,-0.40625f,0.9965542096007101f,0f,-0.08294400115200674f,-0.171875f,0f,0f,0f,1f], start_interpolation: 0, interpolation_duration: 1 }