# This file was generated by Animated Java via MC-Build. It is not recommended to edit this file directly.
$data merge entity $(bone_bone21) { transformation: [0.8846714028308291f,0.46621508878771095f,1.2246467991473532e-16f,0.42636135280519405f,0.46621508878771095f,-0.8846714028308291f,0f,-0.08306491398639386f,1.0834100017739738e-16f,5.709488161980694e-17f,-1f,-1.6295000000000002f,0f,0f,0f,1f], start_interpolation: 0, interpolation_duration: 1 }
$data merge entity $(bone_arm4) { transformation: [0.9751922998661f,0.22135938715551834f,1.2246467991473532e-16f,0.9415024187431494f,0.22135938715551834f,-0.9751922998661f,0f,0.03386721383118989f,1.1942661285841655e-16f,2.7108706494122532e-17f,-1f,-1.6295000000000002f,0f,0f,0f,1f], start_interpolation: 0, interpolation_duration: 1 }
$data merge entity $(bone_small_arm_base4) { transformation: [0.8980275757606156f,-0.4399391698559153f,1.2246467991473532e-16f,0.9565314714907382f,-0.4399391698559153f,-0.8980275757606156f,0f,0.02650455686166997f,1.0997665962012954e-16f,-5.3877009618359043e-17f,-1f,-1.5357500000000002f,0f,0f,0f,1f], start_interpolation: 0, interpolation_duration: 1 }
$data merge entity $(bone_bone25) { transformation: [0.06279051952931347f,0.9980267284282716f,1.2246467991473532e-16f,2.6414183864572156e-16f,0.9980267284282716f,-0.06279051952931347f,0f,0.4999999999999999f,7.689620875837312e-18f,1.2222302384331876e-16f,-1f,-1.9732500000000002f,0f,0f,0f,1f], start_interpolation: 0, interpolation_duration: 1 }
$data merge entity $(bone_bone16) { transformation: [-0.8536034475583798f,0.5209233670286336f,1.2246467991473532e-16f,0.4443746831598204f,0.5209233670286336f,0.8536034475583798f,0f,0.9137050852096319f,-1.0453627297935156e-16f,6.379471340326781e-17f,-1f,-1.6295000000000002f,0f,0f,0f,1f], start_interpolation: 0, interpolation_duration: 1 }
$data merge entity $(bone_arm3) { transformation: [0.04118936717931171f,0.9991513579189931f,1.2246467991473532e-16f,0.46613278616881043f,0.9991513579189931f,-0.04118936717931171f,0f,1.441502418743149f,5.044242667504905e-18f,1.2236075123392266e-16f,-1f,-1.6295000000000002f,0f,0f,0f,1f], start_interpolation: 0, interpolation_duration: 1 }
$data merge entity $(bone_small_arm_base3) { transformation: [0.43993916985591547f,0.8980275757606155f,1.2246467991473532e-16f,0.47349544313833036f,0.8980275757606155f,-0.43993916985591547f,0f,1.4565314714907378f,5.387700961835907e-17f,1.0997665962012953e-16f,-1f,-1.5357500000000002f,0f,0f,0f,1f], start_interpolation: 0, interpolation_duration: 1 }
$data merge entity $(bone_bone15) { transformation: [-0.9980267284282716f,0.0627905195293137f,1.2246467991473532e-16f,2.6414183864572156e-16f,0.0627905195293137f,0.9980267284282716f,0f,0.4999999999999999f,-1.2222302384331876e-16f,7.68962087583734e-18f,-1f,-1.9732500000000002f,0f,0f,0f,1f], start_interpolation: 0, interpolation_duration: 1 }
$data merge entity $(bone_bone26) { transformation: [0.49090375361514094f,-0.8712138111201895f,1.2246467991473532e-16f,-0.29764392647908233f,-0.8712138111201895f,-0.49090375361514094f,0f,0.0591520973576205f,6.011837105542032e-17f,-1.0669292051613068e-16f,-1f,-1.6295000000000002f,0f,0f,0f,1f], start_interpolation: 0, interpolation_duration: 1 }
$data merge entity $(bone_arm5) { transformation: [-0.3189593092980698f,-0.9477684100095859f,1.2246467991473532e-16f,-0.46613278616880954f,-0.9477684100095859f,0.3189593092980698f,0f,-0.44150241874314944f,-3.906124971901319e-17f,-1.1606815496512157e-16f,-1f,-1.6295000000000002f,0f,0f,0f,1f], start_interpolation: 0, interpolation_duration: 1 }
$data merge entity $(bone_small_arm_base5) { transformation: [-0.4399391698559151f,-0.8980275757606158f,1.2246467991473532e-16f,-0.4734954431383295f,-0.8980275757606158f,0.4399391698559151f,0f,-0.45653147149073825f,-5.387700961835902e-17f,-1.0997665962012954e-16f,-1f,-1.5357500000000002f,0f,0f,0f,1f], start_interpolation: 0, interpolation_duration: 1 }
$data merge entity $(bone_bone20) { transformation: [0.9980267284282716f,-0.06279051952931325f,1.2246467991473532e-16f,2.6414183864572156e-16f,-0.06279051952931325f,-0.9980267284282716f,0f,0.4999999999999999f,1.2222302384331876e-16f,-7.689620875837284e-18f,-1f,-1.9732500000000002f,0f,0f,0f,1f], start_interpolation: 0, interpolation_duration: 1 }
$data merge entity $(bone_bone11) { transformation: [0.9989024219905877f,-0.0468396342997916f,1.2246467991473532e-16f,-0.46856817621570307f,-0.0468396342997916f,-0.9989024219905877f,0f,1.2014552087651948f,1.223302653751312e-16f,-5.736200821847231e-18f,-1f,-1.6295000000000002f,0f,0f,0f,1f], start_interpolation: 0, interpolation_duration: 1 }
$data merge entity $(bone_arm2) { transformation: [0.8952923037033123f,0.4454791700288761f,1.2246467991473532e-16f,-0.941502418743149f,0.4454791700288761f,-0.8952923037033123f,0f,0.9661327861688099f,1.0964168540315216e-16f,5.455546396626828e-17f,-1f,-1.6295000000000002f,0f,0f,0f,1f], start_interpolation: 0, interpolation_duration: 1 }
$data merge entity $(bone_small_arm_base2) { transformation: [0.8980275757606156f,-0.4399391698559153f,1.2246467991473532e-16f,-0.9565314714907378f,-0.4399391698559153f,-0.8980275757606156f,0f,0.9734954431383298f,1.0997665962012954e-16f,-5.3877009618359043e-17f,-1f,-1.5357500000000002f,0f,0f,0f,1f], start_interpolation: 0, interpolation_duration: 1 }
$data merge entity $(bone_bone2) { transformation: [0.06279051952931347f,0.9980267284282716f,1.2246467991473532e-16f,2.6414183864572156e-16f,0.9980267284282716f,-0.06279051952931347f,0f,0.4999999999999999f,7.689620875837312e-18f,1.2222302384331876e-16f,-1f,-1.9732500000000002f,0f,0f,0f,1f], start_interpolation: 0, interpolation_duration: 1 }
$data merge entity $(bone_ring) { transformation: [0.11297578993768434f,1.7956987594356275f,2.2034447328268763e-16f,2.220446049250313e-16f,1.7956987594356275f,-0.11297578993768434f,0f,0.4999999999999999f,1.383554395283289e-17f,2.1990967379757146e-16f,-1.799249166666667f,-1.6295000000000002f,0f,0f,0f,1f], start_interpolation: 0, interpolation_duration: 1 }
$data merge entity $(bone_wheel) { transformation: [-1f,-7.19829327805997e-17f,-9.907600726170914e-17f,1.0625000000000002f,0f,-0.8090169943749472f,0.5877852522924734f,-0.625f,-1.2246467991473532e-16f,0.5877852522924734f,0.8090169943749472f,-1.7545f,0f,0f,0f,1f], start_interpolation: 0, interpolation_duration: 1 }
$data merge entity $(bone_wheel2) { transformation: [-1f,-7.19829327805997e-17f,-9.907600726170914e-17f,1.0625000000000002f,0f,-0.8090169943749472f,0.5877852522924734f,-0.625f,-1.2246467991473532e-16f,0.5877852522924734f,0.8090169943749472f,-1.5045f,0f,0f,0f,1f], start_interpolation: 0, interpolation_duration: 1 }
$data merge entity $(bone_rails) { transformation: [-1.1373008333333334f,0f,1.3927918252092842e-16f,-0.43749999999999983f,0f,1.1373008333333334f,0f,-1f,-1.3927918252092842e-16f,0f,-1.1373008333333334f,-1.1920000000000002f,0f,0f,0f,1f], start_interpolation: 0, interpolation_duration: 1 }
$data merge entity $(bone_wheel3) { transformation: [-1f,-7.19829327805997e-17f,-9.907600726170914e-17f,-1.0625f,0f,-0.8090169943749472f,0.5877852522924734f,-0.625f,-1.2246467991473532e-16f,0.5877852522924734f,0.8090169943749472f,-1.5045000000000004f,0f,0f,0f,1f], start_interpolation: 0, interpolation_duration: 1 }
$data merge entity $(bone_wheel4) { transformation: [-1f,-7.19829327805997e-17f,-9.907600726170914e-17f,-1.0625f,0f,-0.8090169943749472f,0.5877852522924734f,-0.625f,-1.2246467991473532e-16f,0.5877852522924734f,0.8090169943749472f,-1.7545000000000004f,0f,0f,0f,1f], start_interpolation: 0, interpolation_duration: 1 }
$data merge entity $(bone_rails2) { transformation: [-1.2038220833333333f,0f,1.4742568610970649e-16f,0.4375000000000001f,0f,1.2038220833333333f,0f,-1f,-1.4742568610970649e-16f,0f,-1.2038220833333333f,-1.1920000000000002f,0f,0f,0f,1f], start_interpolation: 0, interpolation_duration: 1 }
$data merge entity $(bone_bone6) { transformation: [-0.9146699016627376f,0.07636395164705398f,-0.396922559047888f,0.2994370732093725f,0f,0.9819914454448724f,0.18892538493566852f,0.356063211061843f,0.40420164644924156f,0.17280436326070286f,-0.8981980188387111f,-1.2070226103830342f,0f,0f,0f,1f], start_interpolation: 0, interpolation_duration: 1 }
$data merge entity $(bone_bone5) { transformation: [-0.9146699016627376f,-0.2179521907887478f,-0.3404053664715981f,0.25370755903854514f,0f,0.8421671941762987f,-0.539216484404196f,0.2876807425850323f,0.40420164644924156f,-0.49320508876491304f,-0.770304984680819f,-1.3105041538085829f,0f,0f,0f,1f], start_interpolation: 0, interpolation_duration: 1 }
$data merge entity $(bone_bone4) { transformation: [-0.9146699016627376f,-0.2179521907887478f,-0.3404053664715981f,0.7898173979281273f,0f,0.8421671941762987f,-0.539216484404196f,0.18721414652548535f,0.40420164644924156f,-0.49320508876491304f,-0.770304984680819f,-0.5612159302743597f,0f,0f,0f,1f], start_interpolation: 0, interpolation_duration: 1 }
$data merge entity $(bone_bone3) { transformation: [-0.9146699016627376f,-0.4006031061338779f,-0.05381563293473999f,0.862695831523883f,0f,0.13314055845019424f,-0.9910971656177666f,-0.234375f,0.40420164644924156f,-0.9065267470138206f,-0.12177966150496114f,-0.2416731703054598f,0f,0f,0f,1f], start_interpolation: 0, interpolation_duration: 1 }
$data merge entity $(bone_octagon) { transformation: [-0.9146699016627376f,0f,-0.40420164644924156f,0.859375f,0f,1f,0f,-0.40625f,0.40420164644924156f,0f,-0.9146699016627376f,-0.1718749999999999f,0f,0f,0f,1f], start_interpolation: 0, interpolation_duration: 1 }
$data merge entity $(bone_bone10) { transformation: [0.7741576154143889f,0.5739710470718564f,0.26690302287374673f,-1.0321055369774486f,0f,-0.421652488021837f,0.9067575085683021f,0.9276553286704706f,0.6329928802884808f,-0.7019732305923291f,-0.32642548466052956f,-0.10872948626611369f,0f,0f,0f,1f], start_interpolation: 0, interpolation_duration: 1 }
$data merge entity $(bone_bone9) { transformation: [0.7741576154143889f,0.36559940911526534f,-0.5167369336040107f,-1.0991447696528405f,0f,0.8163392507171843f,0.5775727034222671f,1.0067704429177413f,0.6329928802884808f,-0.4471323068098244f,0.6319752477043844f,-0.02673972915614535f,0f,0f,0f,1f], start_interpolation: 0, interpolation_duration: 1 }
$data merge entity $(bone_bone8) { transformation: [0.7741576154143889f,0.36559940911526534f,-0.5167369336040107f,-0.8158153385092528f,0f,0.8163392507171843f,0.5775727034222671f,0.2956934000062875f,0.6329928802884808f,-0.4471323068098244f,0.6319752477043844f,-0.07704303869151262f,0f,0f,0f,1f], start_interpolation: 0, interpolation_duration: 1 }
$data merge entity $(bone_bone7) { transformation: [0.7741576154143889f,-0.43331344427494434f,-0.4614319511114197f,-0.8747446295363304f,0f,0.7289686274214116f,-0.6845471059286886f,-0.234375f,0.6329928802884808f,0.5299473551645747f,0.5643366143164601f,-0.10370912152758567f,0f,0f,0f,1f], start_interpolation: 0, interpolation_duration: 1 }
$data merge entity $(bone_octagon2) { transformation: [0.7741576154143889f,0f,-0.6329928802884808f,-0.859375f,0f,1f,0f,-0.40625f,0.6329928802884808f,0f,0.7741576154143889f,-0.171875f,0f,0f,0f,1f], start_interpolation: 0, interpolation_duration: 1 }