# This file was generated by Animated Java via MC-Build. It is not recommended to edit this file directly.
$data merge entity $(bone_bone21) { transformation: [0.9378058464243836f,0.3471601855228303f,1.2246467991473532e-16f,0.3821872702985796f,0.3471601855228303f,-0.9378058464243836f,0f,-0.016567988038954245f,1.1484809280452955e-16f,4.2514860999193545e-17f,-1f,-1.7485000000000004f,0f,0f,0f,1f], start_interpolation: 0, interpolation_duration: 1 }
$data merge entity $(bone_arm4) { transformation: [0.9998920268838285f,-0.014694712455490144f,1.2246467991473532e-16f,0.9103758589723443f,-0.014694712455490144f,-0.9998920268838285f,0f,-0.02433040560419992f,1.2245145702162398e-16f,-1.7995832573006705e-18f,-1f,-1.7485000000000004f,0f,0f,0f,1f], start_interpolation: 0, interpolation_duration: 1 }
$data merge entity $(bone_small_arm_base4) { transformation: [0.8686315144381914f,-0.49545866843240743f,1.2246467991473532e-16f,0.9249129502611639f,-0.49545866843240743f,-0.8686315144381914f,0f,-0.03262221608208404f,1.0637668037952491e-16f,-6.067618724055576e-17f,-1f,-1.6547500000000004f,0f,0f,0f,1f], start_interpolation: 0, interpolation_duration: 1 }
$data merge entity $(bone_bone25) { transformation: [0.12533323356430404f,0.9921147013144779f,1.2246467991473532e-16f,2.6414183864572156e-16f,0.9921147013144779f,-0.12533323356430404f,0f,0.4999999999999999f,1.5348894331131255e-17f,1.2149900933518077e-16f,-1f,-2.0922500000000004f,0f,0f,0f,1f], start_interpolation: 0, interpolation_duration: 1 }
$data merge entity $(bone_bone16) { transformation: [-0.8770760212445202f,0.4803515930627085f,1.2246467991473532e-16f,0.513190534576124f,0.4803515930627085f,0.8770760212445202f,0f,0.8822477082313344f,-1.0741083420259978e-16f,5.88261040909578e-17f,-1f,-1.7485000000000004f,0f,0f,0f,1f], start_interpolation: 0, interpolation_duration: 1 }
$data merge entity $(bone_arm3) { transformation: [0.021088430269680547f,0.9997776143266867f,1.2246467991473532e-16f,0.5243304056042003f,0.9997776143266867f,-0.021088430269680547f,0f,1.4103758589723439f,2.5825878628806505e-18f,1.2243744552443539e-16f,-1f,-1.7485000000000004f,0f,0f,0f,1f], start_interpolation: 0, interpolation_duration: 1 }
$data merge entity $(bone_small_arm_base3) { transformation: [0.4954586684324076f,0.8686315144381913f,1.2246467991473532e-16f,0.5326222160820844f,0.8686315144381913f,-0.4954586684324076f,0f,1.4249129502611635f,6.067618724055578e-17f,1.063766803795249e-16f,-1f,-1.6547500000000004f,0f,0f,0f,1f], start_interpolation: 0, interpolation_duration: 1 }
$data merge entity $(bone_bone15) { transformation: [-0.9921147013144779f,0.12533323356430426f,1.2246467991473532e-16f,2.6414183864572156e-16f,0.12533323356430426f,0.9921147013144779f,0f,0.4999999999999999f,-1.2149900933518077e-16f,1.5348894331131283e-17f,-1f,-2.0922500000000004f,0f,0f,0f,1f], start_interpolation: 0, interpolation_duration: 1 }
$data merge entity $(bone_bone26) { transformation: [0.47628205154659514f,-0.8792925607410578f,1.2246467991473532e-16f,-0.30060679356992615f,-0.8792925607410578f,-0.47628205154659514f,0f,0.06815437596582419f,5.832772899178724e-17f,-1.0768228200256161e-16f,-1f,-1.7485000000000004f,0f,0f,0f,1f], start_interpolation: 0, interpolation_duration: 1 }
$data merge entity $(bone_arm5) { transformation: [-0.42352194026078904f,-0.9058858460742926f,1.2246467991473532e-16f,-0.5243304056041993f,-0.9058858460742926f,0.42352194026078904f,0f,-0.41037585897234424f,-5.186647885090518e-17f,-1.1093902017877744e-16f,-1f,-1.7485000000000004f,0f,0f,0f,1f], start_interpolation: 0, interpolation_duration: 1 }
$data merge entity $(bone_small_arm_base5) { transformation: [-0.4954586684324072f,-0.8686315144381915f,1.2246467991473532e-16f,-0.5326222160820835f,-0.8686315144381915f,0.4954586684324072f,0f,-0.42491295026116394f,-6.067618724055573e-17f,-1.0637668037952492e-16f,-1f,-1.6547500000000004f,0f,0f,0f,1f], start_interpolation: 0, interpolation_duration: 1 }
$data merge entity $(bone_bone20) { transformation: [0.9921147013144779f,-0.12533323356430381f,1.2246467991473532e-16f,2.6414183864572156e-16f,-0.12533323356430381f,-0.9921147013144779f,0f,0.4999999999999999f,1.2149900933518077e-16f,-1.5348894331131227e-17f,-1f,-2.0922500000000004f,0f,0f,0f,1f], start_interpolation: 0, interpolation_duration: 1 }
$data merge entity $(bone_bone11) { transformation: [0.9571601197397859f,-0.28955915661522214f,1.2246467991473532e-16f,-0.41081383423374507f,-0.28955915661522214f,-0.9571601197397859f,0f,1.1960313775604243f,1.1721830769108262e-16f,-3.5460769431263906e-17f,-1f,-1.7485000000000004f,0f,0f,0f,1f], start_interpolation: 0, interpolation_duration: 1 }
$data merge entity $(bone_arm2) { transformation: [0.9457002596824133f,0.3250400265146063f,1.2246467991473532e-16f,-0.9103758589723437f,0.3250400265146063f,-0.9457002596824133f,0f,1.0243304056041995f,1.1581487959728884e-16f,3.980592280658833e-17f,-1f,-1.7485000000000004f,0f,0f,0f,1f], start_interpolation: 0, interpolation_duration: 1 }
$data merge entity $(bone_small_arm_base2) { transformation: [0.8686315144381914f,-0.49545866843240743f,1.2246467991473532e-16f,-0.9249129502611635f,-0.49545866843240743f,-0.8686315144381914f,0f,1.0326222160820837f,1.0637668037952491e-16f,-6.067618724055576e-17f,-1f,-1.6547500000000004f,0f,0f,0f,1f], start_interpolation: 0, interpolation_duration: 1 }
$data merge entity $(bone_bone2) { transformation: [0.12533323356430404f,0.9921147013144779f,1.2246467991473532e-16f,2.6414183864572156e-16f,0.9921147013144779f,-0.12533323356430404f,0f,0.4999999999999999f,1.5348894331131255e-17f,1.2149900933518077e-16f,-1f,-2.0922500000000004f,0f,0f,0f,1f], start_interpolation: 0, interpolation_duration: 1 }
$data merge entity $(bone_ring) { transformation: [0.22550571604621278f,1.7850615495778235f,2.2034447328268763e-16f,2.220446049250313e-16f,1.7850615495778235f,-0.22550571604621278f,0f,0.4999999999999999f,2.761648533454264e-17f,2.1860699129714962e-16f,-1.799249166666667f,-1.7485000000000004f,0f,0f,0f,1f], start_interpolation: 0, interpolation_duration: 1 }
$data merge entity $(bone_wheel) { transformation: [-1f,-1.1647083184890928e-16f,-3.7843667304341425e-17f,1.0625000000000002f,0f,-0.3090169943749468f,0.9510565162951539f,-0.625f,-1.2246467991473532e-16f,0.9510565162951539f,0.3090169943749468f,-1.8735000000000002f,0f,0f,0f,1f], start_interpolation: 0, interpolation_duration: 1 }
$data merge entity $(bone_wheel2) { transformation: [-1f,-1.1647083184890928e-16f,-3.7843667304341425e-17f,1.0625000000000002f,0f,-0.3090169943749468f,0.9510565162951539f,-0.625f,-1.2246467991473532e-16f,0.9510565162951539f,0.3090169943749468f,-1.6235000000000002f,0f,0f,0f,1f], start_interpolation: 0, interpolation_duration: 1 }
$data merge entity $(bone_rails) { transformation: [-1.1373008333333334f,0f,1.3927918252092842e-16f,-0.43749999999999983f,0f,1.1373008333333334f,0f,-1f,-1.3927918252092842e-16f,0f,-1.1373008333333334f,-1.3110000000000004f,0f,0f,0f,1f], start_interpolation: 0, interpolation_duration: 1 }
$data merge entity $(bone_wheel3) { transformation: [-1f,-1.1647083184890928e-16f,-3.7843667304341425e-17f,-1.0625f,0f,-0.3090169943749468f,0.9510565162951539f,-0.625f,-1.2246467991473532e-16f,0.9510565162951539f,0.3090169943749468f,-1.6235000000000006f,0f,0f,0f,1f], start_interpolation: 0, interpolation_duration: 1 }
$data merge entity $(bone_wheel4) { transformation: [-1f,-1.1647083184890928e-16f,-3.7843667304341425e-17f,-1.0625f,0f,-0.3090169943749468f,0.9510565162951539f,-0.625f,-1.2246467991473532e-16f,0.9510565162951539f,0.3090169943749468f,-1.8735000000000006f,0f,0f,0f,1f], start_interpolation: 0, interpolation_duration: 1 }
$data merge entity $(bone_rails2) { transformation: [-1.2038220833333333f,0f,1.4742568610970649e-16f,0.4375000000000001f,0f,1.2038220833333333f,0f,-1f,-1.4742568610970649e-16f,0f,-1.2038220833333333f,-1.3110000000000004f,0f,0f,0f,1f], start_interpolation: 0, interpolation_duration: 1 }
$data merge entity $(bone_bone6) { transformation: [-0.9238795325112867f,0.08775861272928592f,-0.3724849464052975f,0.2828699311058149f,0f,0.9733500718942478f,0.22932430648202728f,0.41987199289894567f,0.3826834323650896f,0.21186803306609026f,-0.8992582093914849f,-1.3187008001868568f,0f,0f,0f,1f], start_interpolation: 0, interpolation_duration: 1 }
$data merge entity $(bone_bone5) { transformation: [-0.9238795325112867f,-0.1893971769230337f,-0.33252867362125504f,0.23827885203631083f,0f,0.8689392994259924f,-0.4949186740395493f,0.3574349898596451f,0.3826834323650896f,-0.45724523320276467f,-0.8027952337343707f,-1.4263531880373046f,0f,0f,0f,1f], start_interpolation: 0, interpolation_duration: 1 }
$data merge entity $(bone_bone4) { transformation: [-0.9238795325112867f,-0.1893971769230337f,-0.33252867362125504f,0.7957464174798569f,0f,0.8689392994259924f,-0.4949186740395493f,0.18069445945772722f,0.3826834323650896f,-0.45724523320276467f,-0.8027952337343707f,-0.5704685427890257f,0f,0f,0f,1f], start_interpolation: 0, interpolation_duration: 1 }
$data merge entity $(bone_bone3) { transformation: [-0.9238795325112867f,-0.38021970611395145f,-0.043354174993263155f,0.8643285208681596f,0f,0.11328991883793438f,-0.9935619730493384f,-0.234375f,0.3826834323650896f,-0.9179315711818143f,-0.10466623725423244f,-0.24157632804336437f,0f,0f,0f,1f], start_interpolation: 0, interpolation_duration: 1 }
$data merge entity $(bone_octagon) { transformation: [-0.9238795325112867f,0f,-0.3826834323650896f,0.859375f,0f,1f,0f,-0.40625f,0.3826834323650896f,0f,-0.9238795325112867f,-0.1718749999999999f,0f,0f,0f,1f], start_interpolation: 0, interpolation_duration: 1 }
$data merge entity $(bone_bone10) { transformation: [0.9985841799488273f,0.05241754558312197f,0.009057398686669679f,-0.9703773948419327f,0f,-0.17027003796008944f,0.98539743970292f,0.8257332873514952f,0.053194318831318387f,-0.9840022942494145f,-0.17002896622623154f,0.1494983308588302f,0f,0f,0f,1f], start_interpolation: 0, interpolation_duration: 1 }
$data merge entity $(bone_bone9) { transformation: [0.9985841799488273f,0.011458966998153877f,-0.05194542935873353f,-0.9772029483570708f,0f,0.9765221267980675f,0.21541712066077556f,0.8575358868169333f,0.053194318831318387f,-0.2151121287819781f,0.9751395471905331f,0.2776302424869197f,0f,0f,0f,1f], start_interpolation: 0, interpolation_duration: 1 }
$data merge entity $(bone_bone8) { transformation: [0.9985841799488273f,0.011458966998153877f,-0.05194542935873353f,-0.7646692761227761f,0f,0.9765221267980675f,0.21541712066077556f,0.2894258425002827f,0.053194318831318387f,-0.2151121287819781f,0.9751395471905331f,-0.18732096551754163f,0f,0f,0f,1f], start_interpolation: 0, interpolation_duration: 1 }
$data merge entity $(bone_bone7) { transformation: [0.9985841799488273f,-0.03126683611479272f,-0.04303510793873588f,-0.8314938893035565f,0f,0.8090169943749476f,-0.5877852522924729f,-0.234375f,0.053194318831318387f,0.5869530541464937f,0.8078715718925721f,-0.1078011662897196f,0f,0f,0f,1f], start_interpolation: 0, interpolation_duration: 1 }
$data merge entity $(bone_octagon2) { transformation: [0.9985841799488273f,0f,-0.053194318831318387f,-0.859375f,0f,1f,0f,-0.40625f,0.053194318831318387f,0f,0.9985841799488273f,-0.171875f,0f,0f,0f,1f], start_interpolation: 0, interpolation_duration: 1 }