# This file was generated by Animated Java via MC-Build. It is not recommended to edit this file directly.
$data merge entity $(bone_bone21) { transformation: [0.946774179965518f,0.32189851219075444f,1.2246467991473532e-16f,0.3715821207039518f,0.32189851219075444f,-0.946774179965518f,0f,0.02912527830266056f,1.1594639690101316e-16f,3.942119826047026e-17f,-1f,-1.80078125f,0f,0f,0f,1f], start_interpolation: 0, interpolation_duration: 1 }
$data merge entity $(bone_arm4) { transformation: [0.9879398559897652f,-0.15483811206199377f,1.2246467991473532e-16f,0.8934570273936753f,-0.15483811206199377f,-0.9879398559897652f,0f,-0.05266727697734736f,1.2098773823879627e-16f,-1.8962199832273993e-17f,-1f,-1.80078125f,0f,0f,0f,1f], start_interpolation: 0, interpolation_duration: 1 }
$data merge entity $(bone_small_arm_base4) { transformation: [0.8526401643540924f,-0.522498564715949f,1.2246467991473532e-16f,0.9077264934442437f,-0.522498564715949f,-0.8526401643540924f,0f,-0.06141161701947173f,1.0441830481007122e-16f,-6.398761948384731e-17f,-1f,-1.70703125f,0f,0f,0f,1f], start_interpolation: 0, interpolation_duration: 1 }
$data merge entity $(bone_bone25) { transformation: [0.15643446504023095f,0.9876883405951378f,1.2246467991473532e-16f,2.6414183864572156e-16f,0.9876883405951378f,-0.15643446504023095f,0f,0.4999999999999999f,1.9157696688784735e-17f,1.2095693648649962e-16f,-1f,-2.14453125f,0f,0f,0f,1f], start_interpolation: 0, interpolation_duration: 1 }
$data merge entity $(bone_bone16) { transformation: [-0.8526589278377926f,0.522467944259269f,1.2246467991473532e-16f,0.552072870525928f,0.522467944259269f,0.8526589278377926f,0f,0.8652117368206198f,-1.0442060267409665e-16f,6.398386955942113e-17f,-1f,-1.80078125f,0f,0f,0f,1f], start_interpolation: 0, interpolation_duration: 1 }
$data merge entity $(bone_arm3) { transformation: [0.0011252463310409966f,0.9999993669101472f,1.2246467991473532e-16f,0.5526672769773477f,0.9999993669101472f,-0.0011252463310409966f,0f,1.3934570273936748f,1.378029317561664e-19f,1.224646023835891e-16f,-1f,-1.80078125f,0f,0f,0f,1f], start_interpolation: 0, interpolation_duration: 1 }
$data merge entity $(bone_small_arm_base3) { transformation: [0.5224985647159492f,0.8526401643540923f,1.2246467991473532e-16f,0.5614116170194721f,0.8526401643540923f,-0.5224985647159492f,0f,1.4077264934442433f,6.398761948384734e-17f,1.0441830481007121e-16f,-1f,-1.70703125f,0f,0f,0f,1f], start_interpolation: 0, interpolation_duration: 1 }
$data merge entity $(bone_bone15) { transformation: [-0.9876883405951378f,0.15643446504023117f,1.2246467991473532e-16f,2.6414183864572156e-16f,0.15643446504023117f,0.9876883405951378f,0f,0.4999999999999999f,-1.2095693648649962e-16f,1.9157696688784763e-17f,-1f,-2.14453125f,0f,0f,0f,1f], start_interpolation: 0, interpolation_duration: 1 }
$data merge entity $(bone_bone26) { transformation: [0.4689211022374645f,-0.8832400578984185f,1.2246467991473532e-16f,-0.30234822920138354f,-0.8832400578984185f,-0.4689211022374645f,0f,0.07171370970419483f,5.742627269077595e-17f,-1.0816571097840212e-16f,-1f,-1.80078125f,0f,0f,0f,1f], start_interpolation: 0, interpolation_duration: 1 }
$data merge entity $(bone_arm5) { transformation: [-0.47386866247299864f,-0.8805955318567382f,1.2246467991473532e-16f,-0.5526672769773467f,-0.8805955318567382f,0.47386866247299864f,0f,-0.3934570273936752f,-5.803217407137954e-17f,-1.0784184994318155e-16f,-1f,-1.80078125f,0f,0f,0f,1f], start_interpolation: 0, interpolation_duration: 1 }
$data merge entity $(bone_small_arm_base5) { transformation: [-0.5224985647159488f,-0.8526401643540924f,1.2246467991473532e-16f,-0.5614116170194712f,-0.8526401643540924f,0.5224985647159488f,0f,-0.4077264934442437f,-6.398761948384729e-17f,-1.0441830481007124e-16f,-1f,-1.70703125f,0f,0f,0f,1f], start_interpolation: 0, interpolation_duration: 1 }
$data merge entity $(bone_bone20) { transformation: [0.9876883405951378f,-0.15643446504023073f,1.2246467991473532e-16f,2.6414183864572156e-16f,-0.15643446504023073f,-0.9876883405951378f,0f,0.4999999999999999f,1.2095693648649962e-16f,-1.9157696688784707e-17f,-1f,-2.14453125f,0f,0f,0f,1f], start_interpolation: 0, interpolation_duration: 1 }
$data merge entity $(bone_bone11) { transformation: [0.9142185964799574f,-0.4052213689456875f,1.2246467991473532e-16f,-0.38375176681039946f,-0.4052213689456875f,-0.9142185964799574f,0f,1.1913899775903904f,1.1195948779001654e-16f,-4.962530524254448e-17f,-1f,-1.80078125f,0f,0f,0f,1f], start_interpolation: 0, interpolation_duration: 1 }
$data merge entity $(bone_arm2) { transformation: [0.9649020010024227f,0.2626102215480594f,1.2246467991473532e-16f,-0.8934570273936748f,0.2626102215480594f,-0.9649020010024227f,0f,1.0526672769773473f,1.1816641470184932e-16f,3.216047672422082e-17f,-1f,-1.80078125f,0f,0f,0f,1f], start_interpolation: 0, interpolation_duration: 1 }
$data merge entity $(bone_small_arm_base2) { transformation: [0.8526401643540924f,-0.522498564715949f,1.2246467991473532e-16f,-0.9077264934442433f,-0.522498564715949f,-0.8526401643540924f,0f,1.0614116170194716f,1.0441830481007122e-16f,-6.398761948384731e-17f,-1f,-1.70703125f,0f,0f,0f,1f], start_interpolation: 0, interpolation_duration: 1 }
$data merge entity $(bone_bone2) { transformation: [0.15643446504023095f,0.9876883405951378f,1.2246467991473532e-16f,2.6414183864572156e-16f,0.9876883405951378f,-0.15643446504023095f,0f,0.4999999999999999f,1.9157696688784735e-17f,1.2095693648649962e-16f,-1f,-2.14453125f,0f,0f,0f,1f], start_interpolation: 0, interpolation_duration: 1 }
$data merge entity $(bone_ring) { transformation: [0.2814645808615814f,1.7770974237421848f,2.2034447328268763e-16f,2.220446049250313e-16f,1.7770974237421848f,-0.2814645808615814f,0f,0.4999999999999999f,3.44694698025487e-17f,2.1763166717588742e-16f,-1.799249166666667f,-1.80078125f,0f,0f,0f,1f], start_interpolation: 0, interpolation_duration: 1 }
$data merge entity $(bone_wheel) { transformation: [-1f,-1.2246467991473532e-16f,-2.719262146893782e-32f,1.0625000000000002f,0f,-2.220446049250313e-16f,1f,-0.625f,-1.2246467991473532e-16f,1f,2.220446049250313e-16f,-1.9257812499999998f,0f,0f,0f,1f], start_interpolation: 0, interpolation_duration: 1 }
$data merge entity $(bone_wheel2) { transformation: [-1f,-1.2246467991473532e-16f,-2.719262146893782e-32f,1.0625000000000002f,0f,-2.220446049250313e-16f,1f,-0.625f,-1.2246467991473532e-16f,1f,2.220446049250313e-16f,-1.6757812499999998f,0f,0f,0f,1f], start_interpolation: 0, interpolation_duration: 1 }
$data merge entity $(bone_rails) { transformation: [-1.1373008333333334f,0f,1.3927918252092842e-16f,-0.43749999999999983f,0f,1.1373008333333334f,0f,-1f,-1.3927918252092842e-16f,0f,-1.1373008333333334f,-1.36328125f,0f,0f,0f,1f], start_interpolation: 0, interpolation_duration: 1 }
$data merge entity $(bone_wheel3) { transformation: [-1f,-1.2246467991473532e-16f,-2.719262146893782e-32f,-1.0625f,0f,-2.220446049250313e-16f,1f,-0.625f,-1.2246467991473532e-16f,1f,2.220446049250313e-16f,-1.6757812500000002f,0f,0f,0f,1f], start_interpolation: 0, interpolation_duration: 1 }
$data merge entity $(bone_wheel4) { transformation: [-1f,-1.2246467991473532e-16f,-2.719262146893782e-32f,-1.0625f,0f,-2.220446049250313e-16f,1f,-0.625f,-1.2246467991473532e-16f,1f,2.220446049250313e-16f,-1.9257812500000002f,0f,0f,0f,1f], start_interpolation: 0, interpolation_duration: 1 }
$data merge entity $(bone_rails2) { transformation: [-1.2038220833333333f,0f,1.4742568610970649e-16f,0.4375000000000001f,0f,1.2038220833333333f,0f,-1f,-1.4742568610970649e-16f,0f,-1.2038220833333333f,-1.36328125f,0f,0f,0f,1f], start_interpolation: 0, interpolation_duration: 1 }
$data merge entity $(bone_bone6) { transformation: [-0.9263420358009438f,0.09454110709428631f,-0.364626400275062f,0.2730594831040843f,0f,0.9679915214720765f,0.2509828965451127f,0.46290459786838445f,0.37668346487224924f,0.23249600733681736f,-0.8966912366384961f,-1.3648626181197658f,0f,0f,0f,1f], start_interpolation: 0, interpolation_duration: 1 }
$data merge entity $(bone_bone5) { transformation: [-0.9263420358009438f,-0.1767710338532503f,-0.3326295752013282f,0.2284981879801664f,0f,0.8830479864948101f,-0.4692827010954716f,0.40390361788743306f,0.37668346487224924f,-0.43471629269894496f,-0.8180044695195267f,-1.4744479986647185f,0f,0f,0f,1f], start_interpolation: 0, interpolation_duration: 1 }
$data merge entity $(bone_bone4) { transformation: [-0.9263420358009438f,-0.1767710338532503f,-0.3326295752013282f,0.7986374509985422f,0f,0.8830479864948101f,-0.4692827010954716f,0.18133622518205106f,0.37668346487224924f,-0.43471629269894496f,-0.8180044695195267f,-0.5701238183877317f,0f,0f,0f,1f], start_interpolation: 0, interpolation_duration: 1 }
$data merge entity $(bone_bone3) { transformation: [-0.9263420358009438f,-0.374174590654858f,-0.04340286184610956f,0.8647804720642639f,0f,0.11522369812762945f,-0.9933395690245067f,-0.234375f,0.37668346487224924f,-0.9201721986117937f,-0.10673655509606166f,-0.24154273551481667f,0f,0f,0f,1f], start_interpolation: 0, interpolation_duration: 1 }
$data merge entity $(bone_octagon) { transformation: [-0.9263420358009438f,0f,-0.37668346487224924f,0.859375f,0f,1f,0f,-0.40625f,0.37668346487224924f,0f,-0.9263420358009438f,-0.1718749999999999f,0f,0f,0f,1f], start_interpolation: 0, interpolation_duration: 1 }
$data merge entity $(bone_bone10) { transformation: [0.9695786614373305f,-0.24449070752459293f,0.011895932898197053f,-0.8506597064703234f,0f,0.048598479403529155f,0.9988183958055962f,0.7190797654350637f,-0.24477994052902796f,-0.9684330032241717f,0.04712004860796344f,0.24564353690975763f,0f,0f,0f,1f], start_interpolation: 0, interpolation_duration: 1 }
$data merge entity $(bone_bone9) { transformation: [0.9695786614373305f,0.006007200458347725f,0.24470621738739634f,-0.8183008064288562f,0f,0.9996988186962041f,-0.024541228522912184f,0.7192505675368048f,-0.24477994052902796f,0.0237946515012728f,0.9692866424719462f,0.37381784285975683f,0f,0f,0f,1f], start_interpolation: 0, interpolation_duration: 1 }
$data merge entity $(bone_bone8) { transformation: [0.9695786614373305f,0.006007200458347725f,0.24470621738739634f,-0.7826559701123266f,0f,0.9996988186962041f,-0.024541228522912184f,0.282101262066355f,-0.24477994052902796f,0.0237946515012728f,0.9692866424719462f,-0.2509863260869618f,0f,0f,0f,1f], start_interpolation: 0, interpolation_duration: 1 }
$data merge entity $(bone_bone7) { transformation: [0.9695786614373305f,0.12926041707748867f,0.2078676594911968f,-0.8137769205470192f,0f,0.8492021815265789f,-0.5280678506503679f,-0.234375f,-0.24477994052902796f,0.5120033197816718f,0.8233683144542013f,-0.11892570680169896f,0f,0f,0f,1f], start_interpolation: 0, interpolation_duration: 1 }
$data merge entity $(bone_octagon2) { transformation: [0.9695786614373305f,0f,0.24477994052902796f,-0.859375f,0f,1f,0f,-0.40625f,-0.24477994052902796f,0f,0.9695786614373305f,-0.171875f,0f,0f,0f,1f], start_interpolation: 0, interpolation_duration: 1 }