# This file was generated by Animated Java via MC-Build. It is not recommended to edit this file directly.
$data merge entity $(bone_bone21) { transformation: [0.9484542384311814f,0.31691411707579054f,1.2246467991473532e-16f,0.37100456322176123f,0.31691411707579054f,-0.9484542384311814f,0f,0.07564988931879832f,1.161521447232487e-16f,3.8810785908147647e-17f,-1f,-1.8464999999999998f,0f,0f,0f,1f], start_interpolation: 0, interpolation_duration: 1 }
$data merge entity $(bone_arm4) { transformation: [0.9553356894826758f,-0.29552279167715784f,1.2246467991473532e-16f,0.8756564615973431f,-0.29552279167715784f,-0.9553356894826758f,0f,-0.0804587324724467f,1.1699487942361887e-16f,-3.619110409025214e-17f,-1f,-1.8464999999999998f,0f,0f,0f,1f], start_interpolation: 0, interpolation_duration: 1 }
$data merge entity $(bone_small_arm_base4) { transformation: [0.8358073613682706f,-0.5490228179981316f,1.2246467991473532e-16f,0.889644220169442f,-0.5490228179981316f,-0.8358073613682706f,0f,-0.0896469724709067f,1.0235688098034477e-16f,-6.723590367202717e-17f,-1f,-1.7527499999999998f,0f,0f,0f,1f], start_interpolation: 0, interpolation_duration: 1 }
$data merge entity $(bone_bone25) { transformation: [0.18738131458572438f,0.9822872507286888f,1.2246467991473532e-16f,2.6414183864572156e-16f,0.9822872507286888f,-0.18738131458572438f,0f,0.4999999999999999f,2.294759271274306e-17f,1.2029549374481423e-16f,-1f,-2.19025f,0f,0f,0f,1f], start_interpolation: 0, interpolation_duration: 1 }
$data merge entity $(bone_bone16) { transformation: [-0.7962068680770458f,0.6050244815104118f,1.2246467991473532e-16f,0.5902139074721736f,0.6050244815104118f,0.7962068680770458f,0f,0.8475009192687919f,-9.750721924496928e-17f,7.409412946875126e-17f,-1f,-1.8464999999999998f,0f,0f,0f,1f], start_interpolation: 0, interpolation_duration: 1 }
$data merge entity $(bone_arm3) { transformation: [-0.01846711934382156f,0.9998294682110254f,1.2246467991473532e-16f,0.5804587324724471f,0.9998294682110254f,0.01846711934382156f,0f,1.3756564615973426f,-2.261569859388329e-18f,1.2244379579378323e-16f,-1f,-1.8464999999999998f,0f,0f,0f,1f], start_interpolation: 0, interpolation_duration: 1 }
$data merge entity $(bone_small_arm_base3) { transformation: [0.5490228179981318f,0.8358073613682705f,1.2246467991473532e-16f,0.589646972470907f,0.8358073613682705f,-0.5490228179981318f,0f,1.3896442201694414f,6.72359036720272e-17f,1.0235688098034476e-16f,-1f,-1.7527499999999998f,0f,0f,0f,1f], start_interpolation: 0, interpolation_duration: 1 }
$data merge entity $(bone_bone15) { transformation: [-0.9822872507286888f,0.1873813145857246f,1.2246467991473532e-16f,2.6414183864572156e-16f,0.1873813145857246f,0.9822872507286888f,0f,0.4999999999999999f,-1.2029549374481423e-16f,2.2947592712743088e-17f,-1f,-2.19025f,0f,0f,0f,1f], start_interpolation: 0, interpolation_duration: 1 }
$data merge entity $(bone_bone26) { transformation: [0.46152743803403556f,-0.8871259346573854f,1.2246467991473532e-16f,-0.3043388598453223f,-0.8871259346573854f,-0.46152743803403556f,0f,0.07467814319338528f,5.652080997070603e-17f,-1.0864159363187709e-16f,-1f,-1.8464999999999998f,0f,0f,0f,1f], start_interpolation: 0, interpolation_duration: 1 }
$data merge entity $(bone_arm5) { transformation: [-0.5227111395898905f,-0.8525098618483181f,1.2246467991473532e-16f,-0.5804587324724462f,-0.8525098618483181f,0.5227111395898905f,0f,-0.3756564615973431f,-6.401365239774245e-17f,-1.044023473554095e-16f,-1f,-1.8464999999999998f,0f,0f,0f,1f], start_interpolation: 0, interpolation_duration: 1 }
$data merge entity $(bone_small_arm_base5) { transformation: [-0.5490228179981315f,-0.8358073613682707f,1.2246467991473532e-16f,-0.5896469724709061f,-0.8358073613682707f,0.5490228179981315f,0f,-0.389644220169442f,-6.723590367202715e-17f,-1.0235688098034478e-16f,-1f,-1.7527499999999998f,0f,0f,0f,1f], start_interpolation: 0, interpolation_duration: 1 }
$data merge entity $(bone_bone20) { transformation: [0.9822872507286888f,-0.18738131458572416f,1.2246467991473532e-16f,2.6414183864572156e-16f,-0.18738131458572416f,-0.9822872507286888f,0f,0.4999999999999999f,1.2029549374481423e-16f,-2.2947592712743033e-17f,-1f,-2.19025f,0f,0f,0f,1f], start_interpolation: 0, interpolation_duration: 1 }
$data merge entity $(bone_bone11) { transformation: [0.9274843091657526f,-0.37386208185817277f,1.2246467991473532e-16f,-0.35798246333891914f,-0.37386208185817277f,-0.9274843091657526f,0f,1.1856113447023786f,1.135840690479233e-16f,-4.578490018701771e-17f,-1f,-1.8464999999999998f,0f,0f,0f,1f], start_interpolation: 0, interpolation_duration: 1 }
$data merge entity $(bone_arm2) { transformation: [0.9799872895462666f,0.19906007215853794f,1.2246467991473532e-16f,-0.8756564615973427f,0.19906007215853794f,-0.9799872895462666f,0f,1.0804587324724466f,1.2001382973479258e-16f,2.4377828020699465e-17f,-1f,-1.8464999999999998f,0f,0f,0f,1f], start_interpolation: 0, interpolation_duration: 1 }
$data merge entity $(bone_small_arm_base2) { transformation: [0.8358073613682706f,-0.5490228179981316f,1.2246467991473532e-16f,-0.8896442201694416f,-0.5490228179981316f,-0.8358073613682706f,0f,1.0896469724709066f,1.0235688098034477e-16f,-6.723590367202717e-17f,-1f,-1.7527499999999998f,0f,0f,0f,1f], start_interpolation: 0, interpolation_duration: 1 }
$data merge entity $(bone_bone2) { transformation: [0.18738131458572438f,0.9822872507286888f,1.2246467991473532e-16f,2.6414183864572156e-16f,0.9822872507286888f,-0.18738131458572438f,0f,0.4999999999999999f,2.294759271274306e-17f,1.2029549374481423e-16f,-1f,-2.19025f,0f,0f,0f,1f], start_interpolation: 0, interpolation_duration: 1 }
$data merge entity $(bone_ring) { transformation: [0.33714567411726915f,1.7673795173008848f,2.2034447328268763e-16f,2.220446049250313e-16f,1.7673795173008848f,-0.33714567411726915f,0f,0.4999999999999999f,4.128843706540903e-17f,2.1644156687411225e-16f,-1.799249166666667f,-1.8464999999999998f,0f,0f,0f,1f], start_interpolation: 0, interpolation_duration: 1 }
$data merge entity $(bone_wheel) { transformation: [-1f,-1.1647083184890928e-16f,3.784366730434137e-17f,1.0625000000000002f,0f,0.30901699437494634f,0.951056516295154f,-0.625f,-1.2246467991473532e-16f,0.951056516295154f,-0.30901699437494634f,-1.9714999999999996f,0f,0f,0f,1f], start_interpolation: 0, interpolation_duration: 1 }
$data merge entity $(bone_wheel2) { transformation: [-1f,-1.1647083184890928e-16f,3.784366730434137e-17f,1.0625000000000002f,0f,0.30901699437494634f,0.951056516295154f,-0.625f,-1.2246467991473532e-16f,0.951056516295154f,-0.30901699437494634f,-1.7214999999999996f,0f,0f,0f,1f], start_interpolation: 0, interpolation_duration: 1 }
$data merge entity $(bone_rails) { transformation: [-1.1373008333333334f,0f,1.3927918252092842e-16f,-0.43749999999999983f,0f,1.1373008333333334f,0f,-1f,-1.3927918252092842e-16f,0f,-1.1373008333333334f,-1.4089999999999998f,0f,0f,0f,1f], start_interpolation: 0, interpolation_duration: 1 }
$data merge entity $(bone_wheel3) { transformation: [-1f,-1.1647083184890928e-16f,3.784366730434137e-17f,-1.0625f,0f,0.30901699437494634f,0.951056516295154f,-0.625f,-1.2246467991473532e-16f,0.951056516295154f,-0.30901699437494634f,-1.7215f,0f,0f,0f,1f], start_interpolation: 0, interpolation_duration: 1 }
$data merge entity $(bone_wheel4) { transformation: [-1f,-1.1647083184890928e-16f,3.784366730434137e-17f,-1.0625f,0f,0.30901699437494634f,0.951056516295154f,-0.625f,-1.2246467991473532e-16f,0.951056516295154f,-0.30901699437494634f,-1.9715f,0f,0f,0f,1f], start_interpolation: 0, interpolation_duration: 1 }
$data merge entity $(bone_rails2) { transformation: [-1.2038220833333333f,0f,1.4742568610970649e-16f,0.4375000000000001f,0f,1.2038220833333333f,0f,-1f,-1.4742568610970649e-16f,0f,-1.2038220833333333f,-1.4089999999999998f,0f,0f,0f,1f], start_interpolation: 0, interpolation_duration: 1 }
$data merge entity $(bone_bone6) { transformation: [-0.929168989829384f,0.10044399272310199f,-0.3557470908739569f,0.2685652749053795f,0f,0.9623753783226376f,0.2717234461697409f,0.5105022812237744f,0.36965522901677167f,0.2524769999904972f,-0.8942093581127164f,-1.4033253886725519f,0f,0f,0f,1f], start_interpolation: 0, interpolation_duration: 1 }
$data merge entity $(bone_bone5) { transformation: [-0.929168989829384f,-0.16376849971120777f,-0.33139835069260987f,0.22421109206292977f,0f,0.8965065950076794f,-0.4430303884698393f,0.4550165547274579f,0.36965522901677167f,-0.41165009851824014f,-0.8330061272586661f,-1.514814495362713f,0f,0f,0f,1f], start_interpolation: 0, interpolation_duration: 1 }
$data merge entity $(bone_bone4) { transformation: [-0.929168989829384f,-0.16376849971120777f,-0.33139835069260987f,0.8032392938391525f,0f,0.8965065950076794f,-0.4430303884698393f,0.1846931879696449f,0.36965522901677167f,-0.41165009851824014f,-0.8330061272586661f,-0.5665929586095175f,0f,0f,0f,1f], start_interpolation: 0, interpolation_duration: 1 }
$data merge entity $(bone_bone3) { transformation: [-0.929168989829384f,-0.3667367921884889f,-0.04635853313834467f,0.8653080791186201f,0f,0.12541019171202183f,-0.9921049762070312f,-0.234375f,0.36965522901677167f,-0.9218331785469922f,-0.11652726114736871f,-0.2414997877711105f,0f,0f,0f,1f], start_interpolation: 0, interpolation_duration: 1 }
$data merge entity $(bone_octagon) { transformation: [-0.929168989829384f,0f,-0.36965522901677167f,0.859375f,0f,1f,0f,-0.40625f,0.36965522901677167f,0f,-0.929168989829384f,-0.1718749999999999f,0f,0f,0f,1f], start_interpolation: 0, interpolation_duration: 1 }
$data merge entity $(bone_bone10) { transformation: [0.8616531808802527f,-0.4825492801195597f,0.1571622987075397f,-0.7057763788634058f,0f,0.30968088171872343f,0.9508405499861237f,0.5819328765645557f,-0.5074975821409824f,-0.8192947844054722f,0.26683751679073936f,0.27364188212448914f,0f,0f,0f,1f], start_interpolation: 0, interpolation_duration: 1 }
$data merge entity $(bone_bone9) { transformation: [0.8616531808802527f,0.1359642110510852f,0.4889453233156026f,-0.6406970198340283f,0f,0.96344365081088f,-0.26791105186647857f,0.5498180887946974f,-0.5074975821409824f,0.23084641003372564f,0.8301542863200781f,0.3841366680912395f,0f,0f,0f,1f], start_interpolation: 0, interpolation_duration: 1 }
$data merge entity $(bone_bone8) { transformation: [0.8616531808802527f,0.1359642110510852f,0.4889453233156026f,-0.8269122566701742f,0f,0.96344365081088f,-0.26791105186647857f,0.27196337680463833f,-0.5074975821409824f,0.23084641003372564f,0.8301542863200781f,-0.301488177017035f,0f,0f,0f,1f], start_interpolation: 0, interpolation_duration: 1 }
$data merge entity $(bone_bone7) { transformation: [0.8616531808802527f,0.23590621428271255f,0.44933512431340383f,-0.8007297392136807f,0f,0.8853936257544157f,-0.46484204572461985f,-0.234375f,-0.5074975821409824f,0.40053262730550254f,0.7629022339623923f,-0.13388097563688992f,0f,0f,0f,1f], start_interpolation: 0, interpolation_duration: 1 }
$data merge entity $(bone_octagon2) { transformation: [0.8616531808802527f,0f,0.5074975821409824f,-0.859375f,0f,1f,0f,-0.40625f,-0.5074975821409824f,0f,0.8616531808802527f,-0.171875f,0f,0f,0f,1f], start_interpolation: 0, interpolation_duration: 1 }