# This file was generated by Animated Java via MC-Build. It is not recommended to edit this file directly.
$data merge entity $(bone_bone21) { transformation: [0.9441769966137779f,0.3294386119831527f,1.2246467991473532e-16f,0.37911291702852545f,0.3294386119831527f,-0.9441769966137779f,0f,0.11743436430093428f,1.1562833367316243e-16f,4.034459416807147e-17f,-1f,-1.8843437500000002f,0f,0f,0f,1f], start_interpolation: 0, interpolation_duration: 1 }
$data merge entity $(bone_arm4) { transformation: [0.9046526633593497f,-0.4261496904572799f,1.2246467991473532e-16f,0.8569917285926997f,-0.4261496904572799f,-0.9046526633593497f,0f,-0.10767734527822805f,1.1078799885231555e-16f,-5.2188285437614324e-17f,-1f,-1.8843437500000002f,0f,0f,0f,1f], start_interpolation: 0, interpolation_duration: 1 }
$data merge entity $(bone_small_arm_base4) { transformation: [0.8181497174250235f,-0.5750052520432786f,1.2246467991473532e-16f,0.8706839754573809f,-0.5750052520432786f,-0.8181497174250235f,0f,-0.11730041754945486f,1.0019444326678665e-16f,-7.041783414077183e-17f,-1f,-1.7905937500000002f,0f,0f,0f,1f], start_interpolation: 0, interpolation_duration: 1 }
$data merge entity $(bone_bone25) { transformation: [0.2181432413965425f,0.9759167619387473f,1.2246467991473532e-16f,2.6414183864572156e-16f,0.9759167619387473f,-0.2181432413965425f,0f,0.4999999999999999f,2.6714842233190418e-17f,1.1951533387425365e-16f,-1f,-2.22809375f,0f,0f,0f,1f], start_interpolation: 0, interpolation_duration: 1 }
$data merge entity $(bone_bone16) { transformation: [-0.7014672714046543f,0.7127016677040323f,1.2246467991473532e-16f,0.6248196766338716f,0.7127016677040323f,0.7014672714046543f,0f,0.8290243235312371f,-8.590496486323376e-17f,8.728078161007241e-17f,-1f,-1.8843437500000002f,0f,0f,0f,1f], start_interpolation: 0, interpolation_duration: 1 }
$data merge entity $(bone_arm3) { transformation: [-0.03245144028527125f,0.9994733133122722f,1.2246467991473532e-16f,0.6076773452782284f,0.9994733133122722f,0.03245144028527125f,0f,1.3569917285926991f,-3.974155247307879e-18f,1.224001793981074e-16f,-1f,-1.8843437500000002f,0f,0f,0f,1f], start_interpolation: 0, interpolation_duration: 1 }
$data merge entity $(bone_small_arm_base3) { transformation: [0.5750052520432788f,0.8181497174250234f,1.2246467991473532e-16f,0.6173004175494552f,0.8181497174250234f,-0.5750052520432788f,0f,1.3706839754573803f,7.041783414077185e-17f,1.0019444326678664e-16f,-1f,-1.7905937500000002f,0f,0f,0f,1f], start_interpolation: 0, interpolation_duration: 1 }
$data merge entity $(bone_bone15) { transformation: [-0.9759167619387473f,0.21814324139654273f,1.2246467991473532e-16f,2.6414183864572156e-16f,0.21814324139654273f,0.9759167619387473f,0f,0.4999999999999999f,-1.1951533387425365e-16f,2.6714842233190445e-17f,-1f,-2.22809375f,0f,0f,0f,1f], start_interpolation: 0, interpolation_duration: 1 }
$data merge entity $(bone_bone26) { transformation: [0.45410157476496477f,-0.8909499199146825f,1.2246467991473532e-16f,-0.30663316063358587f,-0.8909499199146825f,-0.45410157476496477f,0f,0.0770772051301406f,5.561140400236866e-17f,-1.0910989676241067e-16f,-1f,-1.8843437500000002f,0f,0f,0f,1f], start_interpolation: 0, interpolation_duration: 1 }
$data merge entity $(bone_arm5) { transformation: [-0.5698943264218074f,-0.8217179909873183f,1.2246467991473532e-16f,-0.6076773452782275f,-0.8217179909873183f,0.5698943264218074f,0f,-0.3569917285926997f,-6.979192627047033e-17f,-1.006314307464413e-16f,-1f,-1.8843437500000002f,0f,0f,0f,1f], start_interpolation: 0, interpolation_duration: 1 }
$data merge entity $(bone_small_arm_base5) { transformation: [-0.5750052520432785f,-0.8181497174250236f,1.2246467991473532e-16f,-0.6173004175494543f,-0.8181497174250236f,0.5750052520432785f,0f,-0.37068397545738085f,-7.04178341407718e-17f,-1.0019444326678666e-16f,-1f,-1.7905937500000002f,0f,0f,0f,1f], start_interpolation: 0, interpolation_duration: 1 }
$data merge entity $(bone_bone20) { transformation: [0.9759167619387473f,-0.2181432413965423f,1.2246467991473532e-16f,2.6414183864572156e-16f,-0.2181432413965423f,-0.9759167619387473f,0f,0.4999999999999999f,1.1951533387425365e-16f,-2.671484223319039e-17f,-1f,-2.22809375f,0f,0f,0f,1f], start_interpolation: 0, interpolation_duration: 1 }
$data merge entity $(bone_bone11) { transformation: [0.9396747113649789f,-0.3420693450473804f,1.2246467991473532e-16f,-0.3335574869570621f,-0.3420693450473804f,-0.9396747113649789f,0f,1.1788112683737955f,1.1507696275128343e-16f,-4.18914128498706e-17f,-1f,-1.8843437500000002f,0f,0f,0f,1f], start_interpolation: 0, interpolation_duration: 1 }
$data merge entity $(bone_arm2) { transformation: [0.9908917686457642f,0.13466069519376977f,1.2246467991473532e-16f,-0.8569917285926992f,0.13466069519376977f,-0.9908917686457642f,0f,1.107677345278228f,1.2134924327734948e-16f,1.6491178934000735e-17f,-1f,-1.8843437500000002f,0f,0f,0f,1f], start_interpolation: 0, interpolation_duration: 1 }
$data merge entity $(bone_small_arm_base2) { transformation: [0.8181497174250235f,-0.5750052520432786f,1.2246467991473532e-16f,-0.8706839754573804f,-0.5750052520432786f,-0.8181497174250235f,0f,1.1173004175494547f,1.0019444326678665e-16f,-7.041783414077183e-17f,-1f,-1.7905937500000002f,0f,0f,0f,1f], start_interpolation: 0, interpolation_duration: 1 }
$data merge entity $(bone_bone2) { transformation: [0.2181432413965425f,0.9759167619387473f,1.2246467991473532e-16f,2.6414183864572156e-16f,0.9759167619387473f,-0.2181432413965425f,0f,0.4999999999999999f,2.6714842233190418e-17f,1.1951533387425365e-16f,-1f,-2.22809375f,0f,0f,0f,1f], start_interpolation: 0, interpolation_duration: 1 }
$data merge entity $(bone_ring) { transformation: [0.3924940452966947f,1.755917420654323f,2.2034447328268763e-16f,2.220446049250313e-16f,1.755917420654323f,-0.3924940452966947f,0f,0.4999999999999999f,4.806665762569934e-17f,2.1503786487713936e-16f,-1.799249166666667f,-1.8843437500000002f,0f,0f,0f,1f], start_interpolation: 0, interpolation_duration: 1 }
$data merge entity $(bone_wheel) { transformation: [-1f,-9.907600726170911e-17f,7.198293278059974e-17f,1.0625000000000002f,0f,0.5877852522924737f,0.809016994374947f,-0.625f,-1.2246467991473532e-16f,0.809016994374947f,-0.5877852522924737f,-2.00934375f,0f,0f,0f,1f], start_interpolation: 0, interpolation_duration: 1 }
$data merge entity $(bone_wheel2) { transformation: [-1f,-9.907600726170911e-17f,7.198293278059974e-17f,1.0625000000000002f,0f,0.5877852522924737f,0.809016994374947f,-0.625f,-1.2246467991473532e-16f,0.809016994374947f,-0.5877852522924737f,-1.75934375f,0f,0f,0f,1f], start_interpolation: 0, interpolation_duration: 1 }
$data merge entity $(bone_rails) { transformation: [-1.1373008333333334f,0f,1.3927918252092842e-16f,-0.43749999999999983f,0f,1.1373008333333334f,0f,-1f,-1.3927918252092842e-16f,0f,-1.1373008333333334f,-1.4468437500000002f,0f,0f,0f,1f], start_interpolation: 0, interpolation_duration: 1 }
$data merge entity $(bone_wheel3) { transformation: [-1f,-9.907600726170911e-17f,7.198293278059974e-17f,-1.0625f,0f,0.5877852522924737f,0.809016994374947f,-0.625f,-1.2246467991473532e-16f,0.809016994374947f,-0.5877852522924737f,-1.7593437500000004f,0f,0f,0f,1f], start_interpolation: 0, interpolation_duration: 1 }
$data merge entity $(bone_wheel4) { transformation: [-1f,-9.907600726170911e-17f,7.198293278059974e-17f,-1.0625f,0f,0.5877852522924737f,0.809016994374947f,-0.625f,-1.2246467991473532e-16f,0.809016994374947f,-0.5877852522924737f,-2.00934375f,0f,0f,0f,1f], start_interpolation: 0, interpolation_duration: 1 }
$data merge entity $(bone_rails2) { transformation: [-1.2038220833333333f,0f,1.4742568610970649e-16f,0.4375000000000001f,0f,1.2038220833333333f,0f,-1f,-1.4742568610970649e-16f,0f,-1.2038220833333333f,-1.4468437500000002f,0f,0f,0f,1f], start_interpolation: 0, interpolation_duration: 1 }
$data merge entity $(bone_bone6) { transformation: [-0.9322645192591459f,0.10497602195548424f,-0.3462122195199287f,0.2700306342899402f,0f,0.9569758844012222f,0.29016746315618985f,0.5596293589503802f,0.3617773709486451f,0.27051283054395125f,-0.8921546628139013f,-1.4314198979628383f,0f,0f,0f,1f], start_interpolation: 0, interpolation_duration: 1 }
$data merge entity $(bone_bone5) { transformation: [-0.9322645192591459f,-0.1510594533634479f,-0.3287307525621081f,0.22607238093546034f,0f,0.9086548218870548f,-0.41754809862027287f,0.5075526510317705f,0.3617773709486451f,-0.38926527742779904f,-0.8471066506990399f,-1.5446959711001025f,0f,0f,0f,1f], start_interpolation: 0, interpolation_duration: 1 }
$data merge entity $(bone_bone4) { transformation: [-0.9322645192591459f,-0.1510594533634479f,-0.3287307525621081f,0.8094588771691211f,0f,0.9086548218870548f,-0.41754809862027287f,0.1907408403182741f,0.3617773709486451f,-0.38926527742779904f,-0.8471066506990399f,-0.5596411830709789f,0f,0f,0f,1f], start_interpolation: 0, interpolation_duration: 1 }
$data merge entity $(bone_bone3) { transformation: [-0.9322645192591459f,-0.358002835848137f,-0.05212327364244758f,0.865897180542558f,0f,0.14407554984926507f,-0.9895666909994658f,-0.234375f,0.3617773709486451f,-0.9225379154594807f,-0.1343165232172222f,-0.24144707529584167f,0f,0f,0f,1f], start_interpolation: 0, interpolation_duration: 1 }
$data merge entity $(bone_octagon) { transformation: [-0.9322645192591459f,0f,-0.3617773709486451f,0.859375f,0f,1f,0f,-0.40625f,0.3617773709486451f,0f,-0.9322645192591459f,-0.1718749999999999f,0f,0f,0f,1f], start_interpolation: 0, interpolation_duration: 1 }
$data merge entity $(bone_bone10) { transformation: [0.6982231300680003f,-0.5741279663999577f,0.42762312710550815f,-0.5787102179654566f,0f,0.5973389502224922f,0.8019888892915481f,0.43187140252583844f,-0.715880199920381f,-0.5599671925609037f,0.4170758715358819f,0.2328248962175986f,0f,0f,0f,1f], start_interpolation: 0, interpolation_duration: 1 }
$data merge entity $(bone_bone9) { transformation: [0.6982231300680003f,0.34666940181229744f,0.6263423875845769f,-0.49475402104698907f,0f,0.8749262623190832f,-0.48425616723420134f,0.37086391523134477f,-0.715880199920381f,0.3381188568409971f,0.6108937534551265f,0.3147103270585933f,0f,0f,0f,1f], start_interpolation: 0, interpolation_duration: 1 }
$data merge entity $(bone_bone8) { transformation: [0.6982231300680003f,0.34666940181229744f,0.6263423875845769f,-0.8870834186871704f,0f,0.8749262623190832f,-0.48425616723420134f,0.25972888874832045f,-0.715880199920381f,0.3381188568409971f,0.6108937534551265f,-0.3298576608384605f,0f,0f,0f,1f], start_interpolation: 0, interpolation_duration: 1 }
$data merge entity $(bone_bone7) { transformation: [0.6982231300680003f,0.2877464547100213f,0.6555047203795396f,-0.7928130146903511f,0f,0.9156625933395611f,-0.40194777665596004f,-0.234375f,-0.715880199920381f,0.28064923474059794f,0.6393368020077308f,-0.15060731061826188f,0f,0f,0f,1f], start_interpolation: 0, interpolation_duration: 1 }
$data merge entity $(bone_octagon2) { transformation: [0.6982231300680003f,0f,0.715880199920381f,-0.859375f,0f,1f,0f,-0.40625f,-0.715880199920381f,0f,0.6982231300680003f,-0.171875f,0f,0f,0f,1f], start_interpolation: 0, interpolation_duration: 1 }