# This file was generated by Animated Java via MC-Build. It is not recommended to edit this file directly.
$data merge entity $(bone_bone21) { transformation: [0.12234571730343796f,0.9924875442329275f,1.2246467991473532e-16f,0.7709049889364978f,0.9924875442329275f,-0.12234571730343796f,0f,0.8829357864369941f,1.4983029108504225e-17f,1.215446694238472e-16f,-1f,-1.3158125f,0f,0f,0f,1f], start_interpolation: 0, interpolation_duration: 1 }
$data merge entity $(bone_arm4) { transformation: [-0.36052595128270254f,0.932749183034594f,1.2246467991473532e-16f,0.5804587324724471f,0.932749183034594f,0.36052595128270254f,0f,1.3756564615973426f,-4.415169522479163e-17f,1.1422883014106243e-16f,-1f,-1.3158125f,0f,0f,0f,1f], start_interpolation: 0, interpolation_duration: 1 }
$data merge entity $(bone_small_arm_base4) { transformation: [0.5490228179981318f,0.8358073613682704f,1.2246467991473532e-16f,0.589646972470907f,0.8358073613682704f,-0.5490228179981318f,0f,1.3896442201694414f,6.72359036720272e-17f,1.0235688098034476e-16f,-1f,-1.2220625f,0f,0f,0f,1f], start_interpolation: 0, interpolation_duration: 1 }
$data merge entity $(bone_bone25) { transformation: [-0.9822872507286887f,0.1873813145857246f,1.2246467991473532e-16f,2.6414183864572156e-16f,0.1873813145857246f,0.9822872507286887f,0f,0.4999999999999999f,-1.2029549374481423e-16f,2.2947592712743088e-17f,-1f,-1.6595625f,0f,0f,0f,1f], start_interpolation: 0, interpolation_duration: 1 }
$data merge entity $(bone_bone16) { transformation: [-0.4273186271357785f,-0.9041010955102279f,1.2246467991473532e-16f,-0.3502659904623111f,-0.9041010955102279f,0.4273186271357785f,0f,1.025610823012281f,-5.2331438893787247e-17f,-1.1072045127222159e-16f,-1f,-1.3158125000000003f,0f,0f,0f,1f], start_interpolation: 0, interpolation_duration: 1 }
$data merge entity $(bone_arm3) { transformation: [-0.994595026007137f,0.10383031465744025f,1.2246467991473532e-16f,-0.8756564615973423f,0.10383031465744025f,0.994595026007137f,0f,1.080458732472447f,-1.2180276150475188e-16f,1.2715546249969679e-17f,-1f,-1.3158125000000003f,0f,0f,0f,1f], start_interpolation: 0, interpolation_duration: 1 }
$data merge entity $(bone_small_arm_base3) { transformation: [-0.8358073613682704f,0.549022817998132f,1.2246467991473532e-16f,-0.8896442201694412f,0.549022817998132f,0.8358073613682704f,0f,1.089646972470907f,-1.0235688098034474e-16f,6.723590367202722e-17f,-1f,-1.2220625000000003f,0f,0f,0f,1f], start_interpolation: 0, interpolation_duration: 1 }
$data merge entity $(bone_bone15) { transformation: [-0.18738131458572482f,-0.9822872507286887f,1.2246467991473532e-16f,2.6414183864572156e-16f,-0.9822872507286887f,0.18738131458572482f,0f,0.4999999999999999f,-2.2947592712743116e-17f,-1.2029549374481423e-16f,-1f,-1.6595625f,0f,0f,0f,1f], start_interpolation: 0, interpolation_duration: 1 }
$data merge entity $(bone_bone26) { transformation: [0.7749444887041798f,0.6320293026648508f,1.2246467991473532e-16f,0.35435424689920636f,0.6320293026648508f,-0.7749444887041798f,0f,0.004907779008686303f,9.49033287608456e-17f,7.740126624758435e-17f,-1f,-1.3158124999999998f,0f,0f,0f,1f], start_interpolation: 0, interpolation_duration: 1 }
$data merge entity $(bone_arm5) { transformation: [0.9868557164068074f,-0.1616038211033608f,1.2246467991473532e-16f,0.875656461597343f,-0.1616038211033608f,-0.9868557164068074f,0f,-0.0804587324724467f,1.208549694317865e-16f,-1.9790760224421223e-17f,-1f,-1.3158124999999998f,0f,0f,0f,1f], start_interpolation: 0, interpolation_duration: 1 }
$data merge entity $(bone_small_arm_base5) { transformation: [0.8358073613682705f,-0.5490228179981316f,1.2246467991473532e-16f,0.8896442201694419f,-0.5490228179981316f,-0.8358073613682705f,0f,-0.0896469724709067f,1.0235688098034477e-16f,-6.723590367202717e-17f,-1f,-1.2220624999999998f,0f,0f,0f,1f], start_interpolation: 0, interpolation_duration: 1 }
$data merge entity $(bone_bone20) { transformation: [0.18738131458572438f,0.9822872507286887f,1.2246467991473532e-16f,2.6414183864572156e-16f,0.9822872507286887f,-0.18738131458572438f,0f,0.4999999999999999f,2.294759271274306e-17f,1.2029549374481423e-16f,-1f,-1.6595625f,0f,0f,0f,1f], start_interpolation: 0, interpolation_duration: 1 }
$data merge entity $(bone_bone11) { transformation: [-0.8156496481007788f,0.5785461533474024f,1.2246467991473532e-16f,-0.49530219191083746f,0.5785461533474024f,0.8156496481007788f,0f,0.14568009374020463f,-9.988827307722837e-17f,7.085146948559102e-17f,-1f,-1.3158125f,0f,0f,0f,1f], start_interpolation: 0, interpolation_duration: 1 }
$data merge entity $(bone_arm2) { transformation: [0.16120633381792643f,0.9869207252545584f,1.2246467991473532e-16f,-0.5804587324724466f,0.9869207252545584f,-0.16120633381792643f,0f,-0.3756564615973428f,1.9742082071240338e-17f,1.2086293071951793e-16f,-1f,-1.3158125f,0f,0f,0f,1f], start_interpolation: 0, interpolation_duration: 1 }
$data merge entity $(bone_small_arm_base2) { transformation: [0.5490228179981318f,0.8358073613682704f,1.2246467991473532e-16f,-0.5896469724709066f,0.8358073613682704f,-0.5490228179981318f,0f,-0.38964422016944167f,6.72359036720272e-17f,1.0235688098034476e-16f,-1f,-1.2220625f,0f,0f,0f,1f], start_interpolation: 0, interpolation_duration: 1 }
$data merge entity $(bone_bone2) { transformation: [-0.9822872507286887f,0.1873813145857246f,1.2246467991473532e-16f,2.6414183864572156e-16f,0.1873813145857246f,0.9822872507286887f,0f,0.4999999999999999f,-1.2029549374481423e-16f,2.2947592712743088e-17f,-1f,-1.6595625f,0f,0f,0f,1f], start_interpolation: 0, interpolation_duration: 1 }
$data merge entity $(bone_ring) { transformation: [-1.7673795173008846f,0.3371456741172696f,2.2034447328268763e-16f,2.220446049250313e-16f,0.3371456741172696f,1.7673795173008846f,0f,0.4999999999999999f,-2.1644156687411225e-16f,4.128843706540908e-17f,-1.799249166666667f,-1.3158125f,0f,0f,0f,1f], start_interpolation: 0, interpolation_duration: 1 }
$data merge entity $(bone_wheel) { transformation: [-1f,1.1647083184890926e-16f,-3.7843667304341506e-17f,1.0625000000000002f,0f,-0.30901699437494745f,-0.9510565162951536f,-0.625f,-1.2246467991473532e-16f,-0.9510565162951536f,0.30901699437494745f,-1.4408124999999998f,0f,0f,0f,1f], start_interpolation: 0, interpolation_duration: 1 }
$data merge entity $(bone_wheel2) { transformation: [-1f,1.1647083184890926e-16f,-3.7843667304341506e-17f,1.0625000000000002f,0f,-0.30901699437494745f,-0.9510565162951536f,-0.625f,-1.2246467991473532e-16f,-0.9510565162951536f,0.30901699437494745f,-1.1908124999999998f,0f,0f,0f,1f], start_interpolation: 0, interpolation_duration: 1 }
$data merge entity $(bone_rails) { transformation: [-1.1373008333333334f,0f,1.3927918252092842e-16f,-0.43749999999999983f,0f,1.1373008333333334f,0f,-1f,-1.3927918252092842e-16f,0f,-1.1373008333333334f,-0.8783125f,0f,0f,0f,1f], start_interpolation: 0, interpolation_duration: 1 }
$data merge entity $(bone_wheel3) { transformation: [-1f,1.1647083184890926e-16f,-3.7843667304341506e-17f,-1.0625f,0f,-0.30901699437494745f,-0.9510565162951536f,-0.625f,-1.2246467991473532e-16f,-0.9510565162951536f,0.30901699437494745f,-1.1908125f,0f,0f,0f,1f], start_interpolation: 0, interpolation_duration: 1 }
$data merge entity $(bone_wheel4) { transformation: [-1f,1.1647083184890926e-16f,-3.7843667304341506e-17f,-1.0625f,0f,-0.30901699437494745f,-0.9510565162951536f,-0.625f,-1.2246467991473532e-16f,-0.9510565162951536f,0.30901699437494745f,-1.4408125000000003f,0f,0f,0f,1f], start_interpolation: 0, interpolation_duration: 1 }
$data merge entity $(bone_rails2) { transformation: [-1.2038220833333333f,0f,1.4742568610970649e-16f,0.4375000000000001f,0f,1.2038220833333333f,0f,-1f,-1.4742568610970649e-16f,0f,-1.2038220833333333f,-0.8783124999999999f,0f,0f,0f,1f], start_interpolation: 0, interpolation_duration: 1 }
$data merge entity $(bone_bone6) { transformation: [0.5097645550801401f,0.05279845032335484f,-0.8586922743494316f,0.7103267578125979f,0f,0.9981150148427809f,0.06137114261112614f,0.3319492218730442f,0.8603139533821053f,-0.031284833207920526f,0.5088036564601377f,0.025412874033531443f,0f,0f,0f,1f], start_interpolation: 0, interpolation_duration: 1 }
$data merge entity $(bone_bone5) { transformation: [0.5097645550801401f,-0.28508084400305905f,-0.8117074662502808f,0.6020845431138536f,0f,0.9435014543926197f,-0.3313683834631953f,0.29138032614941467f,0.8603139533821053f,0.16891985656374103f,0.4809635991159189f,0.08954997677361365f,0f,0f,0f,1f], start_interpolation: 0, interpolation_duration: 1 }
$data merge entity $(bone_bone4) { transformation: [0.5097645550801401f,-0.28508084400305905f,-0.8117074662502808f,1.1492013233247333f,0f,0.9435014543926197f,-0.3313683834631953f,0.038177258712975726f,0.8603139533821053f,0.16891985656374103f,0.4809635991159189f,-0.45257855689429005f,0f,0f,0f,1f], start_interpolation: 0, interpolation_duration: 1 }
$data merge entity $(bone_bone3) { transformation: [0.5097645550801401f,0.2092078150043939f,-0.8344891781952805f,0.7896752355673641f,0f,0.9699821500217435f,0.24317612678714165f,-0.234375f,0.8603139533821053f,-0.12396257007775899f,0.49446251914151174f,-0.16689952635068192f,0f,0f,0f,1f], start_interpolation: 0, interpolation_duration: 1 }
$data merge entity $(bone_octagon) { transformation: [0.5097645550801401f,0f,-0.8603139533821053f,0.859375f,0f,1f,0f,-0.40625f,0.8603139533821053f,0f,0.5097645550801401f,-0.1718749999999999f,0f,0f,0f,1f], start_interpolation: 0, interpolation_duration: 1 }
$data merge entity $(bone_bone10) { transformation: [-0.03455064137447193f,0.43559074779306023f,0.8994814915370384f,0.0011878081597800766f,0f,0.9000188492715513f,-0.43585097333367584f,0.23376988535524862f,-0.9994029483549729f,-0.01505893067236636f,-0.03109622849144628f,-0.10781975267414853f,0f,0f,0f,1f], start_interpolation: 0, interpolation_duration: 1 }
$data merge entity $(bone_bone9) { transformation: [-0.03455064137447193f,0.7511617772554782f,0.6592133475370504f,0.09086930553115535f,0f,0.6596071670812279f,-0.751610527557376f,0.13669570334438452f,-0.9994029483549729f,-0.025968625790912553f,-0.022789850677854894f,-0.11092015702927305f,0f,0f,0f,1f], start_interpolation: 0, interpolation_duration: 1 }
$data merge entity $(bone_bone8) { transformation: [-0.03455064137447193f,0.7511617772554782f,0.6592133475370504f,-0.6783112884992497f,0f,0.6596071670812279f,-0.751610527557376f,0.28175215052095237f,-0.9994029483549729f,-0.025968625790912553f,-0.022789850677854894f,-0.27194061170006945f,0f,0f,0f,1f], start_interpolation: 0, interpolation_duration: 1 }
$data merge entity $(bone_bone7) { transformation: [-0.03455064137447193f,0.8502121944188159f,0.5253051281323591f,-0.7979920232707665f,0f,0.5256189497909892f,-0.8507201182648836f,-0.234375f,-0.9994029483549729f,-0.029392925716218342f,-0.018160471833855038f,-0.2052657572219974f,0f,0f,0f,1f], start_interpolation: 0, interpolation_duration: 1 }
$data merge entity $(bone_octagon2) { transformation: [-0.03455064137447193f,0f,0.9994029483549729f,-0.859375f,0f,1f,0f,-0.40625f,-0.9994029483549729f,0f,-0.03455064137447193f,-0.171875f,0f,0f,0f,1f], start_interpolation: 0, interpolation_duration: 1 }