# This file was generated by Animated Java via MC-Build. It is not recommended to edit this file directly.
$data merge entity $(bone_bone21) { transformation: [0.8903219242151665f,0.4553316058234962f,1.2246467991473532e-16f,0.4049741761702113f,0.4553316058234962f,-0.8903219242151665f,0f,0.16953363049217063f,1.090329894700816e-16f,5.576203936223692e-17f,-1f,-1.9375f,0f,0f,0f,1f], start_interpolation: 0, interpolation_duration: 1 }
$data merge entity $(bone_arm4) { transformation: [0.7402365193088347f,-0.6723465590612788f,1.2246467991473532e-16f,0.7960008789603312f,-0.6723465590612788f,-0.7402365193088347f,0f,-0.18563049781575397f,9.065282839835424e-17f,-8.233870614721317e-17f,-1f,-1.9375f,0f,0f,0f,1f], start_interpolation: 0, interpolation_duration: 1 }
$data merge entity $(bone_small_arm_base4) { transformation: [0.760405965600031f,-0.6494480483301839f,1.2246467991473532e-16f,0.8087267480483763f,-0.6494480483301839f,-0.760405965600031f,0f,-0.19649941680958982f,9.312287318246304e-17f,-7.953444736000551e-17f,-1f,-1.84375f,0f,0f,0f,1f], start_interpolation: 0, interpolation_duration: 1 }
$data merge entity $(bone_bone25) { transformation: [0.30901699437494745f,0.9510565162951536f,1.2246467991473532e-16f,2.6414183864572156e-16f,0.9510565162951536f,-0.30901699437494745f,0f,0.4999999999999999f,3.7843667304341506e-17f,1.1647083184890926e-16f,-1f,-2.28125f,0f,0f,0f,1f], start_interpolation: 0, interpolation_duration: 1 }
$data merge entity $(bone_bone16) { transformation: [-0.16807226986817628f,0.985774676131092f,1.2246467991473532e-16f,0.6817874510431315f,0.985774676131092f,0.16807226986817628f,0f,0.7677692334456531f,-2.0582916731949238e-17f,1.2072258018044609e-16f,-1f,-1.9375f,0f,0f,0f,1f], start_interpolation: 0, interpolation_duration: 1 }
$data merge entity $(bone_arm3) { transformation: [0.007275113300981628f,0.9999735360130578f,1.2246467991473532e-16f,0.6856304978157544f,0.9999735360130578f,-0.007275113300981628f,0f,1.2960008789603308f,8.909444217481346e-19f,1.224614390110452e-16f,-1f,-1.9375f,0f,0f,0f,1f], start_interpolation: 0, interpolation_duration: 1 }
$data merge entity $(bone_small_arm_base3) { transformation: [0.649448048330184f,0.7604059656000309f,1.2246467991473532e-16f,0.6964994168095902f,0.7604059656000309f,-0.649448048330184f,0f,1.3087267480483757f,7.953444736000553e-17f,9.312287318246304e-17f,-1f,-1.84375f,0f,0f,0f,1f], start_interpolation: 0, interpolation_duration: 1 }
$data merge entity $(bone_bone15) { transformation: [-0.9510565162951535f,0.3090169943749477f,1.2246467991473532e-16f,2.6414183864572156e-16f,0.3090169943749477f,0.9510565162951535f,0f,0.4999999999999999f,-1.1647083184890926e-16f,3.784366730434153e-17f,-1f,-2.28125f,0f,0f,0f,1f], start_interpolation: 0, interpolation_duration: 1 }
$data merge entity $(bone_bone26) { transformation: [0.4593446583620933f,-0.8882581183609932f,1.2246467991473532e-16f,-0.327699464233376f,-0.8882581183609932f,-0.4593446583620933f,0f,0.09249470084758837f,5.625349655685719e-17f,-1.0878024614674409e-16f,-1f,-1.9375f,0f,0f,0f,1f], start_interpolation: 0, interpolation_duration: 1 }
$data merge entity $(bone_arm5) { transformation: [-0.6775844732881177f,-0.735444954812299f,1.2246467991473532e-16f,-0.6856304978157535f,-0.735444954812299f,0.6775844732881177f,0f,-0.2960008789603312f,-8.298016563642384e-17f,-9.006603098599516e-17f,-1f,-1.9375f,0f,0f,0f,1f], start_interpolation: 0, interpolation_duration: 1 }
$data merge entity $(bone_small_arm_base5) { transformation: [-0.6494480483301837f,-0.7604059656000313f,1.2246467991473532e-16f,-0.6964994168095894f,-0.7604059656000313f,0.6494480483301837f,0f,-0.3087267480483763f,-7.953444736000549e-17f,-9.312287318246305e-17f,-1f,-1.84375f,0f,0f,0f,1f], start_interpolation: 0, interpolation_duration: 1 }
$data merge entity $(bone_bone20) { transformation: [0.9510565162951538f,-0.30901699437494723f,1.2246467991473532e-16f,2.6414183864572156e-16f,-0.30901699437494723f,-0.9510565162951538f,0f,0.4999999999999999f,1.1647083184890926e-16f,-3.784366730434148e-17f,-1f,-2.28125f,0f,0f,0f,1f], start_interpolation: 0, interpolation_duration: 1 }
$data merge entity $(bone_bone11) { transformation: [0.9696590518087177f,-0.2444612919163666f,1.2246467991473532e-16f,-0.26873491811771866f,-0.2444612919163666f,-0.9696590518087177f,0f,1.15347389867409f,1.1874898540618036e-16f,-2.99378738660805e-17f,-1f,-1.9375f,0f,0f,0f,1f], start_interpolation: 0, interpolation_duration: 1 }
$data merge entity $(bone_arm2) { transformation: [0.9981454381995349f,-0.060874331219806954f,1.2246467991473532e-16f,-0.7960008789603308f,-0.060874331219806954f,-0.9981454381995349f,0f,1.185630497815754f,1.2223756159745927e-16f,-7.454955487857232e-18f,-1f,-1.9375f,0f,0f,0f,1f], start_interpolation: 0, interpolation_duration: 1 }
$data merge entity $(bone_small_arm_base2) { transformation: [0.760405965600031f,-0.6494480483301839f,1.2246467991473532e-16f,-0.8087267480483759f,-0.6494480483301839f,-0.760405965600031f,0f,1.1964994168095897f,9.312287318246304e-17f,-7.953444736000551e-17f,-1f,-1.84375f,0f,0f,0f,1f], start_interpolation: 0, interpolation_duration: 1 }
$data merge entity $(bone_bone2) { transformation: [0.30901699437494745f,0.9510565162951536f,1.2246467991473532e-16f,2.6414183864572156e-16f,0.9510565162951536f,-0.30901699437494745f,0f,0.4999999999999999f,3.7843667304341506e-17f,1.1647083184890926e-16f,-1f,-2.28125f,0f,0f,0f,1f], start_interpolation: 0, interpolation_duration: 1 }
$data merge entity $(bone_ring) { transformation: [0.5559985696149623f,1.7111876443969587f,2.2034447328268763e-16f,2.220446049250313e-16f,1.7111876443969587f,-0.5559985696149623f,0f,0.4999999999999999f,6.809018686094705e-17f,2.095600471451235e-16f,-1.799249166666667f,-1.9375f,0f,0f,0f,1f], start_interpolation: 0, interpolation_duration: 1 }
$data merge entity $(bone_wheel) { transformation: [-1f,-2.999519565323715e-32f,1.2246467991473532e-16f,1.0625000000000002f,0f,1f,2.4492935982947064e-16f,-0.625f,-1.2246467991473532e-16f,2.4492935982947064e-16f,-1f,-2.0625f,0f,0f,0f,1f], start_interpolation: 0, interpolation_duration: 1 }
$data merge entity $(bone_wheel2) { transformation: [-1f,-2.999519565323715e-32f,1.2246467991473532e-16f,1.0625000000000002f,0f,1f,2.4492935982947064e-16f,-0.625f,-1.2246467991473532e-16f,2.4492935982947064e-16f,-1f,-1.8124999999999998f,0f,0f,0f,1f], start_interpolation: 0, interpolation_duration: 1 }
$data merge entity $(bone_rails) { transformation: [-1.1373008333333334f,0f,1.3927918252092842e-16f,-0.43749999999999983f,0f,1.1373008333333334f,0f,-1f,-1.3927918252092842e-16f,0f,-1.1373008333333334f,-1.5f,0f,0f,0f,1f], start_interpolation: 0, interpolation_duration: 1 }
$data merge entity $(bone_wheel3) { transformation: [-1f,-2.999519565323715e-32f,1.2246467991473532e-16f,-1.0625f,0f,1f,2.4492935982947064e-16f,-0.625f,-1.2246467991473532e-16f,2.4492935982947064e-16f,-1f,-1.8125000000000002f,0f,0f,0f,1f], start_interpolation: 0, interpolation_duration: 1 }
$data merge entity $(bone_wheel4) { transformation: [-1f,-2.999519565323715e-32f,1.2246467991473532e-16f,-1.0625f,0f,1f,2.4492935982947064e-16f,-0.625f,-1.2246467991473532e-16f,2.4492935982947064e-16f,-1f,-2.0625f,0f,0f,0f,1f], start_interpolation: 0, interpolation_duration: 1 }
$data merge entity $(bone_rails2) { transformation: [-1.2038220833333333f,0f,1.4742568610970649e-16f,0.4375000000000001f,0f,1.2038220833333333f,0f,-1f,-1.4742568610970649e-16f,0f,-1.2038220833333333f,-1.5f,0f,0f,0f,1f], start_interpolation: 0, interpolation_duration: 1 }
$data merge entity $(bone_bone6) { transformation: [-0.9422669944633805f,0.10660324023731382f,-0.31744079812754544f,0.31244201122061716f,0f,0.9479734927820899f,0.3183492688581592f,0.6783661295899558f,0.3348625257399632f,0.29997000875659224f,-0.893244133874733f,-1.4309197455366227f,0f,0f,0f,1f], start_interpolation: 0, interpolation_duration: 1 }
$data merge entity $(bone_bone5) { transformation: [-0.9422669944633805f,-0.12071300200307136f,-0.31234801470852025f,0.27075240052251814f,0f,0.9327649130588993f,-0.3604852520786719f,0.6339127197960077f,0.3348625257399632f,-0.3396733550245442f,-0.8789135911689054f,-1.5482298090799858f,0f,0f,0f,1f], start_interpolation: 0, interpolation_duration: 1 }
$data merge entity $(bone_bone4) { transformation: [-0.9422669944633805f,-0.12071300200307136f,-0.31234801470852025f,0.8369717372463721f,0f,0.9327649130588993f,-0.3604852520786719f,0.22313559743493505f,0.3348625257399632f,-0.3396733550245442f,-0.8789135911689054f,-0.5148809986772857f,0f,0f,0f,1f], start_interpolation: 0, interpolation_duration: 1 }
$data merge entity $(bone_bone3) { transformation: [-0.9422669944633805f,-0.3240200531142454f,-0.08452169144538628f,0.867891935718233f,0f,0.25240713710384366f,-0.9676211227226498f,-0.234375f,0.3348625257399632f,-0.911757447087153f,-0.23783491445994517f,-0.24123114108333502f,0f,0f,0f,1f], start_interpolation: 0, interpolation_duration: 1 }
$data merge entity $(bone_octagon) { transformation: [-0.9422669944633805f,0f,-0.3348625257399632f,0.859375f,0f,1f,0f,-0.40625f,0.3348625257399632f,0f,-0.9422669944633805f,-0.1718749999999999f,0f,0f,0f,1f], start_interpolation: 0, interpolation_duration: 1 }
$data merge entity $(bone_bone10) { transformation: [0.13052619222005168f,0.10303186702910694f,0.986076745249086f,-0.449067956857384f,0f,0.9945855626128457f,-0.10392092494820071f,0.10988714375406461f,-0.9914448613738104f,0.013564402625474412f,0.12981946632489255f,-0.023298087938185906f,0f,0f,0f,1f], start_interpolation: 0, interpolation_duration: 1 }
$data merge entity $(bone_bone9) { transformation: [0.13052619222005168f,0.8121440849941729f,0.5686694104253472f,-0.37114375596427474f,0f,0.5735764363510463f,-0.8191520442889919f,0.003593428721330061f,-0.9914448613738104f,0.10692079719031325f,0.0748667481840489f,-0.01303917226810608f,0f,0f,0f,1f], start_interpolation: 0, interpolation_duration: 1 }
$data merge entity $(bone_bone8) { transformation: [0.13052619222005168f,0.8121440849941729f,0.5686694104253472f,-1.0480693848872487f,0f,0.5735764363510463f,-0.8191520442889919f,0.2249043267718459f,-0.9914448613738104f,0.10692079719031325f,0.0748667481840489f,-0.291276052105513f,0f,0f,0f,1f], start_interpolation: 0, interpolation_duration: 1 }
$data merge entity $(bone_bone7) { transformation: [0.13052619222005168f,0.25660481229257065f,0.9576621969425486f,-0.7933307526572603f,0f,0.9659258262890683f,-0.25881904510252074f,-0.234375f,-0.9914448613738104f,0.03378266443126185f,0.1260786200725192f,-0.19469976490417834f,0f,0f,0f,1f], start_interpolation: 0, interpolation_duration: 1 }
$data merge entity $(bone_octagon2) { transformation: [0.13052619222005168f,0f,0.9914448613738104f,-0.859375f,0f,1f,0f,-0.40625f,-0.9914448613738104f,0f,0.13052619222005168f,-0.171875f,0f,0f,0f,1f], start_interpolation: 0, interpolation_duration: 1 }