# This file was generated by Animated Java via MC-Build. It is not recommended to edit this file directly.
$data merge entity $(bone_bone21) { transformation: [0.8832393283629847f,0.4689224763571306f,1.2246467991473532e-16f,0.4083609515717834f,0.4689224763571306f,-0.8832393283629847f,0f,0.16746493805519475f,1.0816562163607872e-16f,5.742644097190104e-17f,-1f,-1.9129999999999998f,0f,0f,0f,1f], start_interpolation: 0, interpolation_duration: 1 }
$data merge entity $(bone_arm4) { transformation: [0.6493534259181636f,-0.7604867705939032f,1.2246467991473532e-16f,0.7513790578918149f,-0.7604867705939032f,-0.6493534259181636f,0f,-0.23425887138141327f,7.95228594566047e-17f,-9.31327689401731e-17f,-1f,-1.9129999999999998f,0f,0f,0f,1f], start_interpolation: 0, interpolation_duration: 1 }
$data merge entity $(bone_small_arm_base4) { transformation: [0.7181262977631888f,-0.6959127965923144f,1.2246467991473532e-16f,0.763397350313818f,-0.6959127965923144f,-0.7181262977631888f,0f,-0.24590540697788354f,8.794510719392283e-17f,-8.522473788324609e-17f,-1f,-1.8192499999999998f,0f,0f,0f,1f], start_interpolation: 0, interpolation_duration: 1 }
$data merge entity $(bone_bone25) { transformation: [0.3681245526846779f,0.9297764858882513f,1.2246467991473532e-16f,2.6414183864572156e-16f,0.9297764858882513f,-0.3681245526846779f,0f,0.4999999999999999f,4.50822555132842e-17f,1.1386477973655213e-16f,-1f,-2.25675f,0f,0f,0f,1f], start_interpolation: 0, interpolation_duration: 1 }
$data merge entity $(bone_bone16) { transformation: [0.2441534733251999f,0.9697366041679777f,1.2246467991473532e-16f,0.6844459534139525f,0.9697366041679777f,-0.2441534733251999f,0f,0.7254873261302209f,2.990017696084146e-17f,1.187584828310338e-16f,-1f,-1.9129999999999998f,0f,0f,0f,1f], start_interpolation: 0, interpolation_duration: 1 }
$data merge entity $(bone_arm3) { transformation: [0.09429877998035685f,0.9955439418198557f,1.2246467991473532e-16f,0.7342588713814137f,0.9955439418198557f,-0.09429877998035685f,0f,1.2513790578918143f,1.1548269906644439e-17f,1.2191897017602253e-16f,-1f,-1.9129999999999998f,0f,0f,0f,1f], start_interpolation: 0, interpolation_duration: 1 }
$data merge entity $(bone_small_arm_base3) { transformation: [0.6959127965923145f,0.7181262977631887f,1.2246467991473532e-16f,0.7459054069778839f,0.7181262977631887f,-0.6959127965923145f,0f,1.2633973503138174f,8.522473788324611e-17f,8.794510719392283e-17f,-1f,-1.8192499999999998f,0f,0f,0f,1f], start_interpolation: 0, interpolation_duration: 1 }
$data merge entity $(bone_bone15) { transformation: [-0.9297764858882512f,0.36812455268467814f,1.2246467991473532e-16f,2.6414183864572156e-16f,0.36812455268467814f,0.9297764858882512f,0f,0.4999999999999999f,-1.1386477973655213e-16f,4.508225551328422e-17f,-1f,-2.25675f,0f,0f,0f,1f], start_interpolation: 0, interpolation_duration: 1 }
$data merge entity $(bone_bone26) { transformation: [0.49900938056626665f,-0.8665965832536331f,1.2246467991473532e-16f,-0.3570643081740716f,-0.8665965832536331f,-0.49900938056626665f,0f,0.11844211756797896f,6.111102406549819e-17f,-1.0612747318335943e-16f,-1f,-1.9129999999999998f,0f,0f,0f,1f], start_interpolation: 0, interpolation_duration: 1 }
$data merge entity $(bone_arm5) { transformation: [-0.7140514665073492f,-0.700093210350382f,1.2246467991473532e-16f,-0.7342588713814128f,-0.700093210350382f,0.7140514665073492f,0f,-0.25137905789181497f,-8.744608428846986e-17f,-8.5736690916039e-17f,-1f,-1.9129999999999998f,0f,0f,0f,1f], start_interpolation: 0, interpolation_duration: 1 }
$data merge entity $(bone_small_arm_base5) { transformation: [-0.6959127965923142f,-0.718126297763189f,1.2246467991473532e-16f,-0.7459054069778831f,-0.718126297763189f,0.6959127965923142f,0f,-0.26339735031381806f,-8.522473788324606e-17f,-8.794510719392284e-17f,-1f,-1.8192499999999998f,0f,0f,0f,1f], start_interpolation: 0, interpolation_duration: 1 }
$data merge entity $(bone_bone20) { transformation: [0.9297764858882515f,-0.3681245526846777f,1.2246467991473532e-16f,2.6414183864572156e-16f,-0.3681245526846777f,-0.9297764858882515f,0f,0.4999999999999999f,1.1386477973655213e-16f,-4.508225551328417e-17f,-1f,-2.25675f,0f,0f,0f,1f], start_interpolation: 0, interpolation_duration: 1 }
$data merge entity $(bone_bone11) { transformation: [0.9840469084482802f,-0.1779091958651442f,1.2246467991473532e-16f,-0.23279661784807126f,-0.1779091958651442f,-0.9840469084482802f,0f,1.1336820688376943f,1.2051098966420346e-16f,-2.1787592725512836e-17f,-1f,-1.9129999999999998f,0f,0f,0f,1f], start_interpolation: 0, interpolation_duration: 1 }
$data merge entity $(bone_arm2) { transformation: [0.9817070232124367f,-0.19039779561585357f,1.2246467991473532e-16f,-0.7513790578918144f,-0.19039779561585357f,-0.9817070232124367f,0f,1.234258871381413f,1.202244363677587e-16f,-2.33170050965667e-17f,-1f,-1.9129999999999998f,0f,0f,0f,1f], start_interpolation: 0, interpolation_duration: 1 }
$data merge entity $(bone_small_arm_base2) { transformation: [0.7181262977631888f,-0.6959127965923144f,1.2246467991473532e-16f,-0.7633973503138175f,-0.6959127965923144f,-0.7181262977631888f,0f,1.2459054069778834f,8.794510719392283e-17f,-8.522473788324609e-17f,-1f,-1.8192499999999998f,0f,0f,0f,1f], start_interpolation: 0, interpolation_duration: 1 }
$data merge entity $(bone_bone2) { transformation: [0.3681245526846779f,0.9297764858882513f,1.2246467991473532e-16f,2.6414183864572156e-16f,0.9297764858882513f,-0.3681245526846779f,0f,0.4999999999999999f,4.50822555132842e-17f,1.1386477973655213e-16f,-1f,-2.25675f,0f,0f,0f,1f], start_interpolation: 0, interpolation_duration: 1 }
$data merge entity $(bone_ring) { transformation: [0.6623477946474463f,1.6728995674206983f,2.2034447328268763e-16f,2.220446049250313e-16f,1.6728995674206983f,-0.6623477946474463f,0f,0.4999999999999999f,8.111421066373034e-17f,2.0487111005367502e-16f,-1.799249166666667f,-1.9129999999999998f,0f,0f,0f,1f], start_interpolation: 0, interpolation_duration: 1 }
$data merge entity $(bone_wheel) { transformation: [-1f,-7.198293278059968e-17f,9.907600726170915e-17f,1.0625000000000002f,0f,0.8090169943749473f,0.5877852522924732f,-0.625f,-1.2246467991473532e-16f,0.5877852522924732f,-0.8090169943749473f,-2.0379999999999994f,0f,0f,0f,1f], start_interpolation: 0, interpolation_duration: 1 }
$data merge entity $(bone_wheel2) { transformation: [-1f,-7.198293278059968e-17f,9.907600726170915e-17f,1.0625000000000002f,0f,0.8090169943749473f,0.5877852522924732f,-0.625f,-1.2246467991473532e-16f,0.5877852522924732f,-0.8090169943749473f,-1.7879999999999996f,0f,0f,0f,1f], start_interpolation: 0, interpolation_duration: 1 }
$data merge entity $(bone_rails) { transformation: [-1.1373008333333334f,0f,1.3927918252092842e-16f,-0.43749999999999983f,0f,1.1373008333333334f,0f,-1f,-1.3927918252092842e-16f,0f,-1.1373008333333334f,-1.4754999999999998f,0f,0f,0f,1f], start_interpolation: 0, interpolation_duration: 1 }
$data merge entity $(bone_wheel3) { transformation: [-1f,-7.198293278059968e-17f,9.907600726170915e-17f,-1.0625f,0f,0.8090169943749473f,0.5877852522924732f,-0.625f,-1.2246467991473532e-16f,0.5877852522924732f,-0.8090169943749473f,-1.788f,0f,0f,0f,1f], start_interpolation: 0, interpolation_duration: 1 }
$data merge entity $(bone_wheel4) { transformation: [-1f,-7.198293278059968e-17f,9.907600726170915e-17f,-1.0625f,0f,0.8090169943749473f,0.5877852522924732f,-0.625f,-1.2246467991473532e-16f,0.5877852522924732f,-0.8090169943749473f,-2.0380000000000003f,0f,0f,0f,1f], start_interpolation: 0, interpolation_duration: 1 }
$data merge entity $(bone_rails2) { transformation: [-1.2038220833333333f,0f,1.4742568610970649e-16f,0.4375000000000001f,0f,1.2038220833333333f,0f,-1f,-1.4742568610970649e-16f,0f,-1.2038220833333333f,-1.4754999999999998f,0f,0f,0f,1f], start_interpolation: 0, interpolation_duration: 1 }
$data merge entity $(bone_bone6) { transformation: [-0.948743779944367f,0.09363774790590415f,-0.30185627736388865f,0.3489691505967082f,0f,0.9551015570043717f,0.2962786117961015f,0.7019140246916541f,0.3160462624630681f,0.2810924900721032f,-0.9061466614230778f,-1.4074358062734988f,0f,0f,0f,1f], start_interpolation: 0, interpolation_duration: 1 }
$data merge entity $(bone_bone5) { transformation: [-0.948743779944367f,-0.11328765462779926f,-0.2950443141729849f,0.30959161393010526f,0f,0.9335478669280659f,-0.3584527586085205f,0.657731886508175f,0.3160462624630681f,-0.34007982513373336f,-0.8856977320283341f,-1.5256437948471224f,0f,0f,0f,1f], start_interpolation: 0, interpolation_duration: 1 }
$data merge entity $(bone_bone4) { transformation: [-0.948743779944367f,-0.11328765462779926f,-0.2950443141729849f,0.855704339636013f,0f,0.9335478669280659f,-0.3584527586085205f,0.24322270512901112f,0.3160462624630681f,-0.34007982513373336f,-0.8856977320283341f,-0.4795277956092602f,0f,0f,0f,1f], start_interpolation: 0, interpolation_duration: 1 }
$data merge entity $(bone_bone3) { transformation: [-0.948743779944367f,-0.29840729066238936f,-0.10410729511617715f,0.8692703517193197f,0f,0.32940524056456044f,-0.9441886397794691f,-0.234375f,0.3160462624630681f,-0.8957930990849038f,-0.3125211730667046f,-0.24104793194849372f,0f,0f,0f,1f], start_interpolation: 0, interpolation_duration: 1 }
$data merge entity $(bone_octagon) { transformation: [-0.948743779944367f,0f,-0.3160462624630681f,0.859375f,0f,1f,0f,-0.40625f,0.3160462624630681f,0f,-0.948743779944367f,-0.1718749999999999f,0f,0f,0f,1f], start_interpolation: 0, interpolation_duration: 1 }
$data merge entity $(bone_bone10) { transformation: [-0.1565585803821411f,0.5561519652483777f,0.8162012021916507f,-0.435723389923624f,0f,0.8263917071895732f,-0.5630956812907578f,0.08680806989167686f,-0.9876686746620694f,-0.08815746048219561f,-0.1293787125171736f,-0.1441089018606445f,0f,0f,0f,1f], start_interpolation: 0, interpolation_duration: 1 }
$data merge entity $(bone_bone9) { transformation: [-0.1565585803821411f,0.8223161853573646f,0.5470699244228666f,-0.36061886388203857f,0f,0.5539002485930278f,-0.8325830376656624f,-0.02132777028009092f,-0.9876686746620694f,-0.13034801842718682f,-0.08671783659303947f,-0.15601396504528714f,0f,0f,0f,1f], start_interpolation: 0, interpolation_duration: 1 }
$data merge entity $(bone_bone8) { transformation: [-0.1565585803821411f,0.8223161853573646f,0.5470699244228666f,-1.086587183386868f,0f,0.5539002485930278f,-0.8325830376656624f,0.21744262555550087f,-0.9876686746620694f,-0.13034801842718682f,-0.08671783659303947f,-0.2307793518499064f,0f,0f,0f,1f], start_interpolation: 0, interpolation_duration: 1 }
$data merge entity $(bone_bone7) { transformation: [-0.1565585803821411f,0.22930934237192413f,0.960680298751715f,-0.8025381634705626f,0f,0.972674666512443f,-0.23217233496889253f,-0.234375f,-0.9876686746620694f,-0.03634857116673675f,-0.1522805649628606f,-0.21252455735707348f,0f,0f,0f,1f], start_interpolation: 0, interpolation_duration: 1 }
$data merge entity $(bone_octagon2) { transformation: [-0.1565585803821411f,0f,0.9876686746620694f,-0.859375f,0f,1f,0f,-0.40625f,-0.9876686746620694f,0f,-0.1565585803821411f,-0.171875f,0f,0f,0f,1f], start_interpolation: 0, interpolation_duration: 1 }