# This file was generated by Animated Java via MC-Build. It is not recommended to edit this file directly.
$data merge entity $(bone_bone21) { transformation: [0.8923343159523257f,0.4513750863460394f,1.2246467991473532e-16f,0.4113186173572235f,0.4513750863460394f,-0.8923343159523257f,0f,0.16533935610499606f,1.0927943638003586e-16f,5.527750547085373e-17f,-1f,-1.8843437500000002f,0f,0f,0f,1f], start_interpolation: 0, interpolation_duration: 1 }
$data merge entity $(bone_arm4) { transformation: [0.5993917163386419f,-0.8004558516149513f,1.2246467991473532e-16f,0.7279446691743521f,-0.8004558516149513f,-0.5993917163386419f,0f,-0.2574979455162511f,7.34043146849556e-17f,-9.802756965390189e-17f,-1f,-1.8843437500000002f,0f,0f,0f,1f], start_interpolation: 0, interpolation_duration: 1 }
$data merge entity $(bone_small_arm_base4) { transformation: [0.6959127965923144f,-0.7181262977631886f,1.2246467991473532e-16f,0.7395912047708223f,-0.7181262977631886f,-0.6959127965923144f,0f,-0.2695162379382542f,8.52247378832461e-17f,-8.79451071939228e-17f,-1f,-1.7905937500000002f,0f,0f,0f,1f], start_interpolation: 0, interpolation_duration: 1 }
$data merge entity $(bone_bone25) { transformation: [0.3971478906347803f,0.9177546256839811f,1.2246467991473532e-16f,2.6414183864572156e-16f,0.9177546256839811f,-0.3971478906347803f,0f,0.4999999999999999f,4.863658930540068e-17f,1.1239252647465647e-16f,-1f,-2.22809375f,0f,0f,0f,1f], start_interpolation: 0, interpolation_duration: 1 }
$data merge entity $(bone_bone16) { transformation: [0.397574829576523f,0.9175697547800923f,1.2246467991473532e-16f,0.6800871053097404f,0.9175697547800923f,-0.397574829576523f,0f,0.705401845905136f,4.868887424624434e-17f,1.123698863185862e-16f,-1f,-1.8843437500000002f,0f,0f,0f,1f], start_interpolation: 0, interpolation_duration: 1 }
$data merge entity $(bone_arm3) { transformation: [0.14654326802330087f,0.9892042613116114f,1.2246467991473532e-16f,0.7574979455162515f,0.9892042613116114f,-0.14654326802330087f,0f,1.2279446691743514f,1.794637441213281e-17f,1.211425832318187e-16f,-1f,-1.8843437500000002f,0f,0f,0f,1f], start_interpolation: 0, interpolation_duration: 1 }
$data merge entity $(bone_small_arm_base3) { transformation: [0.7181262977631888f,0.6959127965923143f,1.2246467991473532e-16f,0.7695162379382545f,0.6959127965923143f,-0.7181262977631888f,0f,1.2395912047708217f,8.794510719392283e-17f,8.522473788324609e-17f,-1f,-1.7905937500000002f,0f,0f,0f,1f], start_interpolation: 0, interpolation_duration: 1 }
$data merge entity $(bone_bone15) { transformation: [-0.917754625683981f,0.3971478906347805f,1.2246467991473532e-16f,2.6414183864572156e-16f,0.3971478906347805f,0.917754625683981f,0f,0.4999999999999999f,-1.1239252647465647e-16f,4.8636589305400704e-17f,-1f,-2.22809375f,0f,0f,0f,1f], start_interpolation: 0, interpolation_duration: 1 }
$data merge entity $(bone_bone26) { transformation: [0.5184645134419162f,-0.8550991453050557f,1.2246467991473532e-16f,-0.37103348571827505f,-0.8550991453050557f,-0.5184645134419162f,0f,0.13217845094528086f,6.349359068581324e-17f,-1.0471944312514739e-16f,-1f,-1.8843437500000002f,0f,0f,0f,1f], start_interpolation: 0, interpolation_duration: 1 }
$data merge entity $(bone_arm5) { transformation: [-0.731599925315f,-0.6817342218776217f,1.2246467991473532e-16f,-0.7574979455162505f,-0.6817342218776217f,0.731599925315f,0f,-0.22794466917435202f,-8.959515067934574e-17f,-8.348836326916407e-17f,-1f,-1.8843437500000002f,0f,0f,0f,1f], start_interpolation: 0, interpolation_duration: 1 }
$data merge entity $(bone_small_arm_base5) { transformation: [-0.7181262977631885f,-0.6959127965923146f,1.2246467991473532e-16f,-0.7695162379382536f,-0.6959127965923146f,0.7181262977631885f,0f,-0.2395912047708223f,-8.794510719392278e-17f,-8.52247378832461e-17f,-1f,-1.7905937500000002f,0f,0f,0f,1f], start_interpolation: 0, interpolation_duration: 1 }
$data merge entity $(bone_bone20) { transformation: [0.9177546256839813f,-0.39714789063478007f,1.2246467991473532e-16f,2.6414183864572156e-16f,-0.39714789063478007f,-0.9177546256839813f,0f,0.4999999999999999f,1.1239252647465647e-16f,-4.8636589305400655e-17f,-1f,-2.22809375f,0f,0f,0f,1f], start_interpolation: 0, interpolation_duration: 1 }
$data merge entity $(bone_bone11) { transformation: [0.9895333461855548f,-0.1443043893539585f,1.2246467991473532e-16f,-0.2170341901708719f,-0.1443043893539585f,-0.9895333461855548f,0f,1.123281989772995f,1.2118288450557095e-16f,-1.7672190852523878e-17f,-1f,-1.8843437500000002f,0f,0f,0f,1f], start_interpolation: 0, interpolation_duration: 1 }
$data merge entity $(bone_arm2) { transformation: [0.9671835502726212f,-0.2540786887600926f,1.2246467991473532e-16f,-0.7279446691743515f,-0.2540786887600926f,-0.9671835502726212f,0f,1.2574979455162507f,1.1844582390293387e-16f,-3.1115665292160403e-17f,-1f,-1.8843437500000002f,0f,0f,0f,1f], start_interpolation: 0, interpolation_duration: 1 }
$data merge entity $(bone_small_arm_base2) { transformation: [0.6959127965923144f,-0.7181262977631886f,1.2246467991473532e-16f,-0.7395912047708219f,-0.7181262977631886f,-0.6959127965923144f,0f,1.2695162379382539f,8.52247378832461e-17f,-8.79451071939228e-17f,-1f,-1.7905937500000002f,0f,0f,0f,1f], start_interpolation: 0, interpolation_duration: 1 }
$data merge entity $(bone_bone2) { transformation: [0.3971478906347803f,0.9177546256839811f,1.2246467991473532e-16f,2.6414183864572156e-16f,0.9177546256839811f,-0.3971478906347803f,0f,0.4999999999999999f,4.863658930540068e-17f,1.1239252647465647e-16f,-1f,-2.22809375f,0f,0f,0f,1f], start_interpolation: 0, interpolation_duration: 1 }
$data merge entity $(bone_ring) { transformation: [0.714568011268053f,1.651269245466382f,2.2034447328268763e-16f,2.220446049250313e-16f,1.651269245466382f,-0.714568011268053f,0f,0.4999999999999999f,8.75093427772511e-17f,2.0222215959908695e-16f,-1.799249166666667f,-1.8843437500000002f,0f,0f,0f,1f], start_interpolation: 0, interpolation_duration: 1 }
$data merge entity $(bone_wheel) { transformation: [-1f,-9.907600726170916e-17f,7.198293278059965e-17f,1.0625000000000002f,0f,0.587785252292473f,0.8090169943749475f,-0.625f,-1.2246467991473532e-16f,0.8090169943749475f,-0.587785252292473f,-2.00934375f,0f,0f,0f,1f], start_interpolation: 0, interpolation_duration: 1 }
$data merge entity $(bone_wheel2) { transformation: [-1f,-9.907600726170916e-17f,7.198293278059965e-17f,1.0625000000000002f,0f,0.587785252292473f,0.8090169943749475f,-0.625f,-1.2246467991473532e-16f,0.8090169943749475f,-0.587785252292473f,-1.75934375f,0f,0f,0f,1f], start_interpolation: 0, interpolation_duration: 1 }
$data merge entity $(bone_rails) { transformation: [-1.1373008333333334f,0f,1.3927918252092842e-16f,-0.43749999999999983f,0f,1.1373008333333334f,0f,-1f,-1.3927918252092842e-16f,0f,-1.1373008333333334f,-1.4468437500000002f,0f,0f,0f,1f], start_interpolation: 0, interpolation_duration: 1 }
$data merge entity $(bone_wheel3) { transformation: [-1f,-9.907600726170916e-17f,7.198293278059965e-17f,-1.0625f,0f,0.587785252292473f,0.8090169943749475f,-0.625f,-1.2246467991473532e-16f,0.8090169943749475f,-0.587785252292473f,-1.7593437500000004f,0f,0f,0f,1f], start_interpolation: 0, interpolation_duration: 1 }
$data merge entity $(bone_wheel4) { transformation: [-1f,-9.907600726170916e-17f,7.198293278059965e-17f,-1.0625f,0f,0.587785252292473f,0.8090169943749475f,-0.625f,-1.2246467991473532e-16f,0.8090169943749475f,-0.587785252292473f,-2.00934375f,0f,0f,0f,1f], start_interpolation: 0, interpolation_duration: 1 }
$data merge entity $(bone_rails2) { transformation: [-1.2038220833333333f,0f,1.4742568610970649e-16f,0.4375000000000001f,0f,1.2038220833333333f,0f,-1f,-1.4742568610970649e-16f,0f,-1.2038220833333333f,-1.4468437500000002f,0f,0f,0f,1f], start_interpolation: 0, interpolation_duration: 1 }
$data merge entity $(bone_bone6) { transformation: [-0.9517260606978628f,0.08637075139162115f,-0.2945464287554249f,0.36893043823001903f,0f,0.9595949657378353f,0.2813849706906938f,0.7107736170218953f,0.30694870155862825f,0.2678014096950375f,-0.9132715366071704f,-1.3871232446412487f,0f,0f,0f,1f], start_interpolation: 0, interpolation_duration: 1 }
$data merge entity $(bone_bone5) { transformation: [-0.9517260606978628f,-0.11057944643572322f,-0.2863384211287351f,0.3307126501837391f,0f,0.9328543162905137f,-0.3602538335370745f,0.6663510949341651f,0.30694870155862825f,-0.34286296184354353f,-0.8878217636481687f,-1.5056214323878567f,0f,0f,0f,1f], start_interpolation: 0, interpolation_duration: 1 }
$data merge entity $(bone_bone4) { transformation: [-0.9517260606978628f,-0.11057944643572322f,-0.2863384211287351f,0.8665397420542017f,0f,0.9328543162905137f,-0.3602538335370745f,0.2547984806513354f,0.30694870155862825f,-0.34286296184354353f,-0.8878217636481687f,-0.4550856075947486f,0f,0f,0f,1f], start_interpolation: 0, interpolation_duration: 1 }
$data merge entity $(bone_bone3) { transformation: [-0.9517260606978628f,-0.2840352626822011f,-0.11636784324537801f,0.8699321455493939f,0f,0.37911169734383565f,-0.9253509177263921f,-0.234375f,0.30694870155862825f,-0.8806805836908913f,-0.3608104822775291f,-0.24095002571732343f,0f,0f,0f,1f], start_interpolation: 0, interpolation_duration: 1 }
$data merge entity $(bone_octagon) { transformation: [-0.9517260606978628f,0f,-0.30694870155862825f,0.859375f,0f,1f,0f,-0.40625f,0.30694870155862825f,0f,-0.9517260606978628f,-0.1718749999999999f,0f,0f,0f,1f], start_interpolation: 0, interpolation_duration: 1 }
$data merge entity $(bone_bone10) { transformation: [-0.27631445635786245f,0.6543047073030869f,0.7039429459897162f,-0.43260994935720726f,0f,0.732459588330689f,-0.6808105106873994f,0.11928285355320684f,-0.9610672823521041f,-0.18811778614330743f,-0.20238917295369804f,-0.19702553150258353f,0f,0f,0f,1f], start_interpolation: 0, interpolation_duration: 1 }
$data merge entity $(bone_bone9) { transformation: [-0.27631445635786245f,0.7682264695417917f,0.5774758979412157f,-0.3536719332834818f,0f,0.6008693756881499f,-0.7993472295317805f,0.01569958731250165f,-0.9610672823521041f,-0.2208711951692374f,-0.16602889488535932f,-0.21972083639736462f,0f,0f,0f,1f], start_interpolation: 0, interpolation_duration: 1 }
$data merge entity $(bone_bone8) { transformation: [-0.27631445635786245f,0.7682264695417917f,0.5774758979412157f,-1.097645262928996f,0f,0.6008693756881499f,-0.7993472295317805f,0.2138386759129185f,-0.9610672823521041f,-0.2208711951692374f,-0.16602889488535932f,-0.20091821304562252f,0f,0f,0f,1f], start_interpolation: 0, interpolation_duration: 1 }
$data merge entity $(bone_bone7) { transformation: [-0.27631445635786245f,0.21110801550696348f,0.9375946496201707f,-0.8079431216141767f,0f,0.9755764937970973f,-0.21965997530401862f,-0.234375f,-0.9610672823521041f,-0.060695226659711395f,-0.2695658885190545f,-0.21917800609586965f,0f,0f,0f,1f], start_interpolation: 0, interpolation_duration: 1 }
$data merge entity $(bone_octagon2) { transformation: [-0.27631445635786245f,0f,0.9610672823521041f,-0.859375f,0f,1f,0f,-0.40625f,-0.9610672823521041f,0f,-0.27631445635786245f,-0.171875f,0f,0f,0f,1f], start_interpolation: 0, interpolation_duration: 1 }