# This file was generated by Animated Java via MC-Build. It is not recommended to edit this file directly.
$data merge entity $(bone_bone21) { transformation: [0.9008857803565722f,0.4340562299418478f,1.2246467991473532e-16f,0.4148203045594347f,0.4340562299418478f,-0.9008857803565722f,0f,0.16220830609603826f,1.1032668873110416e-16f,5.315655726482515e-17f,-1f,-1.8464999999999998f,0f,0f,0f,1f], start_interpolation: 0, interpolation_duration: 1 }
$data merge entity $(bone_arm4) { transformation: [0.5470401811558854f,-0.8371063493970979f,1.2246467991473532e-16f,0.7037918869542386f,-0.8371063493970979f,-0.5470401811558854f,0f,-0.2799894606327001f,6.699310068575433e-17f,-1.0251596113350818e-16f,-1f,-1.8464999999999998f,0f,0f,0f,1f], start_interpolation: 0, interpolation_duration: 1 }
$data merge entity $(bone_small_arm_base4) { transformation: [0.6730125135097733f,-0.7396310949786098f,1.2246467991473532e-16f,0.7150551720006456f,-0.7396310949786098f,-0.6730125135097733f,0f,-0.2923676492766015f,8.242026204558586e-17f,-9.057868530154064e-17f,-1f,-1.7527499999999998f,0f,0f,0f,1f], start_interpolation: 0, interpolation_duration: 1 }
$data merge entity $(bone_bone25) { transformation: [0.42577929156507266f,0.9048270524660194f,1.2246467991473532e-16f,2.6414183864572156e-16f,0.9048270524660194f,-0.42577929156507266f,0f,0.4999999999999999f,5.2142924655839387e-17f,1.1080935535844448e-16f,-1f,-2.19025f,0f,0f,0f,1f], start_interpolation: 0, interpolation_duration: 1 }
$data merge entity $(bone_bone16) { transformation: [0.5007419387193187f,0.8655966213009485f,1.2246467991473532e-16f,0.673647098688854f,0.8655966213009485f,-0.5007419387193187f,0f,0.6863609810471358f,6.132320124514538e-17f,1.0600501316289702e-16f,-1f,-1.8464999999999998f,0f,0f,0f,1f], start_interpolation: 0, interpolation_duration: 1 }
$data merge entity $(bone_arm3) { transformation: [0.20131233825901818f,0.9795271014447158f,1.2246467991473532e-16f,0.7799894606327005f,0.9795271014447158f,-0.20131233825901818f,0f,1.203791886954238f,2.4653651067777592e-17f,1.1995747294623558e-16f,-1f,-1.8464999999999998f,0f,0f,0f,1f], start_interpolation: 0, interpolation_duration: 1 }
$data merge entity $(bone_small_arm_base3) { transformation: [0.7396310949786099f,0.6730125135097731f,1.2246467991473532e-16f,0.7923676492766019f,0.6730125135097731f,-0.7396310949786099f,0f,1.215055172000645f,9.057868530154065e-17f,8.242026204558584e-17f,-1f,-1.7527499999999998f,0f,0f,0f,1f], start_interpolation: 0, interpolation_duration: 1 }
$data merge entity $(bone_bone15) { transformation: [-0.9048270524660192f,0.4257792915650729f,1.2246467991473532e-16f,2.6414183864572156e-16f,0.4257792915650729f,0.9048270524660192f,0f,0.4999999999999999f,-1.1080935535844447e-16f,5.214292465583941e-17f,-1f,-2.19025f,0f,0f,0f,1f], start_interpolation: 0, interpolation_duration: 1 }
$data merge entity $(bone_bone26) { transformation: [0.5376548699774377f,-0.843165013973863f,1.2246467991473532e-16f,-0.38450437415466776f,-0.843165013973863f,-0.5376548699774377f,0f,0.14640089810151355f,6.584373155638553e-17f,-1.0325793355161248e-16f,-1f,-1.8464999999999998f,0f,0f,0f,1f], start_interpolation: 0, interpolation_duration: 1 }
$data merge entity $(bone_arm5) { transformation: [-0.7486765015385255f,-0.6629355142425499f,1.2246467991473532e-16f,-0.7799894606326996f,-0.6629355142425499f,0.7486765015385255f,0f,-0.20379188695423858f,-9.168642812059938e-17f,-8.118618555582433e-17f,-1f,-1.8464999999999998f,0f,0f,0f,1f], start_interpolation: 0, interpolation_duration: 1 }
$data merge entity $(bone_small_arm_base5) { transformation: [-0.7396310949786096f,-0.6730125135097734f,1.2246467991473532e-16f,-0.792367649276601f,-0.6730125135097734f,0.7396310949786096f,0f,-0.2150551720006456f,-9.057868530154063e-17f,-8.242026204558588e-17f,-1f,-1.7527499999999998f,0f,0f,0f,1f], start_interpolation: 0, interpolation_duration: 1 }
$data merge entity $(bone_bone20) { transformation: [0.9048270524660195f,-0.42577929156507244f,1.2246467991473532e-16f,2.6414183864572156e-16f,-0.42577929156507244f,-0.9048270524660195f,0f,0.4999999999999999f,1.1080935535844449e-16f,-5.214292465583936e-17f,-1f,-2.19025f,0f,0f,0f,1f], start_interpolation: 0, interpolation_duration: 1 }
$data merge entity $(bone_bone11) { transformation: [0.9938725347743026f,-0.11053227863978324f,1.2246467991473532e-16f,-0.20273300884821044f,-0.11053227863978324f,-0.9938725347743026f,0f,1.112706942111578f,1.2171428184718159e-16f,-1.3536300123867381e-17f,-1f,-1.8464999999999998f,0f,0f,0f,1f], start_interpolation: 0, interpolation_duration: 1 }
$data merge entity $(bone_arm2) { transformation: [0.9485338910398504f,-0.3166756345991924f,1.2246467991473532e-16f,-0.7037918869542381f,-0.3166756345991924f,-0.9485338910398504f,0f,1.2799894606327f,1.161618993544737e-16f,-3.8781580227985767e-17f,-1f,-1.8464999999999998f,0f,0f,0f,1f], start_interpolation: 0, interpolation_duration: 1 }
$data merge entity $(bone_small_arm_base2) { transformation: [0.6730125135097733f,-0.7396310949786098f,1.2246467991473532e-16f,-0.7150551720006452f,-0.7396310949786098f,-0.6730125135097733f,0f,1.2923676492766014f,8.242026204558586e-17f,-9.057868530154064e-17f,-1f,-1.7527499999999998f,0f,0f,0f,1f], start_interpolation: 0, interpolation_duration: 1 }
$data merge entity $(bone_bone2) { transformation: [0.42577929156507266f,0.9048270524660194f,1.2246467991473532e-16f,2.6414183864572156e-16f,0.9048270524660194f,-0.42577929156507266f,0f,0.4999999999999999f,5.2142924655839387e-17f,1.1080935535844448e-16f,-1f,-2.19025f,0f,0f,0f,1f], start_interpolation: 0, interpolation_duration: 1 }
$data merge entity $(bone_ring) { transformation: [0.7660830355323808f,1.6280093201269419f,2.2034447328268763e-16f,2.220446049250313e-16f,1.6280093201269419f,-0.7660830355323808f,0f,0.4999999999999999f,9.381811373458182e-17f,1.9937364028755181e-16f,-1.799249166666667f,-1.8464999999999998f,0f,0f,0f,1f], start_interpolation: 0, interpolation_duration: 1 }
$data merge entity $(bone_wheel) { transformation: [-1f,-1.1647083184890928e-16f,3.784366730434137e-17f,1.0625000000000002f,0f,0.30901699437494634f,0.951056516295154f,-0.625f,-1.2246467991473532e-16f,0.951056516295154f,-0.30901699437494634f,-1.9714999999999996f,0f,0f,0f,1f], start_interpolation: 0, interpolation_duration: 1 }
$data merge entity $(bone_wheel2) { transformation: [-1f,-1.1647083184890928e-16f,3.784366730434137e-17f,1.0625000000000002f,0f,0.30901699437494634f,0.951056516295154f,-0.625f,-1.2246467991473532e-16f,0.951056516295154f,-0.30901699437494634f,-1.7214999999999996f,0f,0f,0f,1f], start_interpolation: 0, interpolation_duration: 1 }
$data merge entity $(bone_rails) { transformation: [-1.1373008333333334f,0f,1.3927918252092842e-16f,-0.43749999999999983f,0f,1.1373008333333334f,0f,-1f,-1.3927918252092842e-16f,0f,-1.1373008333333334f,-1.4089999999999998f,0f,0f,0f,1f], start_interpolation: 0, interpolation_duration: 1 }
$data merge entity $(bone_wheel3) { transformation: [-1f,-1.1647083184890928e-16f,3.784366730434137e-17f,-1.0625f,0f,0.30901699437494634f,0.951056516295154f,-0.625f,-1.2246467991473532e-16f,0.951056516295154f,-0.30901699437494634f,-1.7215f,0f,0f,0f,1f], start_interpolation: 0, interpolation_duration: 1 }
$data merge entity $(bone_wheel4) { transformation: [-1f,-1.1647083184890928e-16f,3.784366730434137e-17f,-1.0625f,0f,0.30901699437494634f,0.951056516295154f,-0.625f,-1.2246467991473532e-16f,0.951056516295154f,-0.30901699437494634f,-1.9715f,0f,0f,0f,1f], start_interpolation: 0, interpolation_duration: 1 }
$data merge entity $(bone_rails2) { transformation: [-1.2038220833333333f,0f,1.4742568610970649e-16f,0.4375000000000001f,0f,1.2038220833333333f,0f,-1f,-1.4742568610970649e-16f,0f,-1.2038220833333333f,-1.4089999999999998f,0f,0f,0f,1f], start_interpolation: 0, interpolation_duration: 1 }
$data merge entity $(bone_bone6) { transformation: [-0.9544664520142614f,0.07881015338181138f,-0.2877199188503342f,0.3893575534298544f,0f,0.9644729972441286f,0.2641814482262663f,0.7168910009440068f,0.2983182729557603f,0.25215232957651373f,-0.9205571197431639f,-1.361429636048845f,0f,0f,0f,1f], start_interpolation: 0, interpolation_duration: 1 }
$data merge entity $(bone_bone5) { transformation: [-0.9544664520142614f,-0.10850339816581028f,-0.2778863159023473f,0.35226381664178064f,0f,0.9315095356011163f,-0.36371690239002225f,0.6720062353880512f,0.2983182729557603f,-0.347155581361822f,-0.8890946014626497f,-1.4801106909948625f,0f,0f,0f,1f], start_interpolation: 0, interpolation_duration: 1 }
$data merge entity $(bone_bone4) { transformation: [-0.9544664520142614f,-0.10850339816581028f,-0.2778863159023473f,0.8780087513982913f,0f,0.9315095356011163f,-0.36371690239002225f,0.2662532555563717f,0.2983182729557603f,-0.347155581361822f,-0.8890946014626497f,-0.42651816571188517f,0f,0f,0f,1f], start_interpolation: 0, interpolation_duration: 1 }
$data merge entity $(bone_bone3) { transformation: [-0.9544664520142614f,-0.26873219067832327f,-0.12952529356282816f,0.8705571845657106f,0f,0.4341849135806588f,-0.9008237679029989f,-0.234375f,0.2983182729557603f,-0.8598060656404939f,-0.4144149339834501f,-0.24085159928075872f,0f,0f,0f,1f], start_interpolation: 0, interpolation_duration: 1 }
$data merge entity $(bone_octagon) { transformation: [-0.9544664520142614f,0f,-0.2983182729557603f,0.859375f,0f,1f,0f,-0.40625f,0.2983182729557603f,0f,-0.9544664520142614f,-0.1718749999999999f,0f,0f,0f,1f], start_interpolation: 0, interpolation_duration: 1 }
$data merge entity $(bone_bone10) { transformation: [-0.3799986655670601f,0.6803336259698135f,0.6266954376266188f,-0.4348557224619405f,0f,0.6775180777551104f,-0.7355061211948002f,0.17333131810084784f,-0.924987034594136f,-0.27949134457042846f,-0.2574559654445016f,-0.2449211686974908f,0f,0f,0f,1f], start_interpolation: 0, interpolation_duration: 1 }
$data merge entity $(bone_bone9) { transformation: [-0.3799986655670601f,0.6865344593430767f,0.6198963222199039f,-0.35059074599631945f,0f,0.6701675796914286f,-0.7422098188049877f,0.07753552118700463f,-0.924987034594136f,-0.2820387407166648f,-0.25466278598904923f,-0.2795384956582148f,0f,0f,0f,1f], start_interpolation: 0, interpolation_duration: 1 }
$data merge entity $(bone_bone8) { transformation: [-0.3799986655670601f,0.6865344593430767f,0.6198963222199039f,-1.1043600215789633f,0f,0.6701675796914286f,-0.7422098188049877f,0.21039723433183688f,-0.924987034594136f,-0.2820387407166648f,-0.25466278598904923f,-0.17258421936366855f,0f,0f,0f,1f], start_interpolation: 0, interpolation_duration: 1 }
$data merge entity $(bone_bone7) { transformation: [-0.3799986655670601f,0.192315618346972f,0.9047738485981318f,-0.8134382686368371f,0f,0.9781476007338057f,-0.20791169081775926f,-0.234375f,-0.924987034594136f,-0.0790061650665397f,-0.37169478300646763f,-0.22453076142900802f,0f,0f,0f,1f], start_interpolation: 0, interpolation_duration: 1 }
$data merge entity $(bone_octagon2) { transformation: [-0.3799986655670601f,0f,0.924987034594136f,-0.859375f,0f,1f,0f,-0.40625f,-0.924987034594136f,0f,-0.3799986655670601f,-0.171875f,0f,0f,0f,1f], start_interpolation: 0, interpolation_duration: 1 }