# This file was generated by Animated Java via MC-Build. It is not recommended to edit this file directly.
$data merge entity $(bone_bone21) { transformation: [0.916978444649057f,0.398936751940701f,1.2246467991473532e-16f,0.4223528129042229f,0.398936751940701f,-0.916978444649057f,0f,0.15238250773751916f,1.1229747171265862e-16f,4.885566163264211e-17f,-1f,-1.7485f,0f,0f,0f,1f], start_interpolation: 0, interpolation_duration: 1 }
$data merge entity $(bone_arm4) { transformation: [0.4374373343206772f,-0.899248896881403f,1.2246467991473532e-16f,0.653427170970783f,-0.899248896881403f,-0.4374373343206772f,0f,-0.32264178782615804f,5.357062313033679e-17f,-1.1012622832025985e-16f,-1f,-1.7485f,0f,0f,0f,1f], start_interpolation: 0, interpolation_duration: 1 }
$data merge entity $(bone_small_arm_base4) { transformation: [0.6252426563357054f,-0.7804304073383297f,1.2246467991473532e-16f,0.6638909976012212f,-0.7804304073383297f,-0.6252426563357054f,0f,-0.3357027784619696f,7.657014177719101e-17f,-9.557516003041505e-17f,-1f,-1.65475f,0f,0f,0f,1f], start_interpolation: 0, interpolation_duration: 1 }
$data merge entity $(bone_bone25) { transformation: [0.481753674101715f,0.8763066800438637f,1.2246467991473532e-16f,2.6414183864572156e-16f,0.8763066800438637f,-0.481753674101715f,0f,0.4999999999999999f,5.899780949661425e-17f,1.0731661707871615e-16f,-1f,-2.09225f,0f,0f,0f,1f], start_interpolation: 0, interpolation_duration: 1 }
$data merge entity $(bone_bone16) { transformation: [0.6495394789914242f,0.760327866930806f,1.2246467991473532e-16f,0.6595915566204944f,0.760327866930806f,-0.6495394789914242f,0f,0.6509751210840095f,7.954564438666871e-17f,9.311330885393464e-17f,-1f,-1.7485f,0f,0f,0f,1f], start_interpolation: 0, interpolation_duration: 1 }
$data merge entity $(bone_arm3) { transformation: [0.3086636660846246f,0.9511712470629038f,1.2246467991473532e-16f,0.8226417878261583f,0.9511712470629038f,-0.3086636660846246f,0f,1.1534271709707824f,3.7800397068362296e-17f,1.1648488231565815e-16f,-1f,-1.7485f,0f,0f,0f,1f], start_interpolation: 0, interpolation_duration: 1 }
$data merge entity $(bone_small_arm_base3) { transformation: [0.7804304073383297f,0.6252426563357052f,1.2246467991473532e-16f,0.8357027784619698f,0.6252426563357052f,-0.7804304073383297f,0f,1.1638909976012206f,9.557516003041506e-17f,7.657014177719101e-17f,-1f,-1.65475f,0f,0f,0f,1f], start_interpolation: 0, interpolation_duration: 1 }
$data merge entity $(bone_bone15) { transformation: [-0.8763066800438636f,0.4817536741017152f,1.2246467991473532e-16f,2.6414183864572156e-16f,0.4817536741017152f,0.8763066800438636f,0f,0.4999999999999999f,-1.0731661707871613e-16f,5.899780949661427e-17f,-1f,-2.09225f,0f,0f,0f,1f], start_interpolation: 0, interpolation_duration: 1 }
$data merge entity $(bone_bone26) { transformation: [0.575202192708503f,-0.8180112697899281f,1.2246467991473532e-16f,-0.4098863664356428f,-0.8180112697899281f,-0.575202192708503f,0f,0.17623387077418762f,7.044195241630072e-17f,-1.0017748832146974e-16f,-1f,-1.7485f,0f,0f,0f,1f], start_interpolation: 0, interpolation_duration: 1 }
$data merge entity $(bone_arm5) { transformation: [-0.7813702600764838f,-0.6240677180146464f,1.2246467991473532e-16f,-0.8226417878261575f,-0.6240677180146464f,0.7813702600764838f,0f,-0.153427170970783f,-9.569025879516008e-17f,-7.642625333178298e-17f,-1f,-1.7485f,0f,0f,0f,1f], start_interpolation: 0, interpolation_duration: 1 }
$data merge entity $(bone_small_arm_base5) { transformation: [-0.7804304073383295f,-0.6252426563357056f,1.2246467991473532e-16f,-0.835702778461969f,-0.6252426563357056f,0.7804304073383295f,0f,-0.16389099760122128f,-9.557516003041503e-17f,-7.657014177719104e-17f,-1f,-1.65475f,0f,0f,0f,1f], start_interpolation: 0, interpolation_duration: 1 }
$data merge entity $(bone_bone20) { transformation: [0.8763066800438638f,-0.48175367410171477f,1.2246467991473532e-16f,2.6414183864572156e-16f,-0.48175367410171477f,-0.8763066800438638f,0f,0.4999999999999999f,1.0731661707871616e-16f,-5.899780949661422e-17f,-1f,-2.09225f,0f,0f,0f,1f], start_interpolation: 0, interpolation_duration: 1 }
$data merge entity $(bone_bone11) { transformation: [0.9990903772975261f,-0.04264291255867653f,1.2246467991473532e-16f,-0.1784331796785456f,-0.04264291255867653f,-0.9990903772975261f,0f,1.0915051430293818f,1.223532832616337e-16f,-5.2222506371303665e-18f,-1f,-1.7485f,0f,0f,0f,1f], start_interpolation: 0, interpolation_duration: 1 }
$data merge entity $(bone_arm2) { transformation: [0.899191529115337f,-0.4375552467600204f,1.2246467991473532e-16f,-0.6534271709707824f,-0.4375552467600204f,-0.899191529115337f,0f,1.322641787826158f,1.1011920279515115e-16f,-5.358506323947892e-17f,-1f,-1.7485f,0f,0f,0f,1f], start_interpolation: 0, interpolation_duration: 1 }
$data merge entity $(bone_small_arm_base2) { transformation: [0.6252426563357054f,-0.7804304073383297f,1.2246467991473532e-16f,-0.6638909976012207f,-0.7804304073383297f,-0.6252426563357054f,0f,1.3357027784619695f,7.657014177719101e-17f,-9.557516003041505e-17f,-1f,-1.65475f,0f,0f,0f,1f], start_interpolation: 0, interpolation_duration: 1 }
$data merge entity $(bone_bone2) { transformation: [0.481753674101715f,0.8763066800438637f,1.2246467991473532e-16f,2.6414183864572156e-16f,0.8763066800438637f,-0.481753674101715f,0f,0.4999999999999999f,5.899780949661425e-17f,1.0731661707871615e-16f,-1f,-2.09225f,0f,0f,0f,1f], start_interpolation: 0, interpolation_duration: 1 }
$data merge entity $(bone_ring) { transformation: [0.8667948966661158f,1.5766940638133553f,2.2034447328268763e-16f,2.220446049250313e-16f,1.5766940638133553f,-0.8667948966661158f,0f,0.4999999999999999f,1.0615175957194196e-16f,1.9308933384836582e-16f,-1.799249166666667f,-1.7485000000000002f,0f,0f,0f,1f], start_interpolation: 0, interpolation_duration: 1 }
$data merge entity $(bone_wheel) { transformation: [-1f,-1.1647083184890928e-16f,-3.7843667304341425e-17f,1.0625000000000002f,0f,-0.3090169943749468f,0.9510565162951539f,-0.625f,-1.2246467991473532e-16f,0.9510565162951539f,0.3090169943749468f,-1.8735f,0f,0f,0f,1f], start_interpolation: 0, interpolation_duration: 1 }
$data merge entity $(bone_wheel2) { transformation: [-1f,-1.1647083184890928e-16f,-3.7843667304341425e-17f,1.0625000000000002f,0f,-0.3090169943749468f,0.9510565162951539f,-0.625f,-1.2246467991473532e-16f,0.9510565162951539f,0.3090169943749468f,-1.6235f,0f,0f,0f,1f], start_interpolation: 0, interpolation_duration: 1 }
$data merge entity $(bone_rails) { transformation: [-1.1373008333333334f,0f,1.3927918252092842e-16f,-0.43749999999999983f,0f,1.1373008333333334f,0f,-1f,-1.3927918252092842e-16f,0f,-1.1373008333333334f,-1.3110000000000002f,0f,0f,0f,1f], start_interpolation: 0, interpolation_duration: 1 }
$data merge entity $(bone_wheel3) { transformation: [-1f,-1.1647083184890928e-16f,-3.7843667304341425e-17f,-1.0625f,0f,-0.3090169943749468f,0.9510565162951539f,-0.625f,-1.2246467991473532e-16f,0.9510565162951539f,0.3090169943749468f,-1.6235000000000002f,0f,0f,0f,1f], start_interpolation: 0, interpolation_duration: 1 }
$data merge entity $(bone_wheel4) { transformation: [-1f,-1.1647083184890928e-16f,-3.7843667304341425e-17f,-1.0625f,0f,-0.3090169943749468f,0.9510565162951539f,-0.625f,-1.2246467991473532e-16f,0.9510565162951539f,0.3090169943749468f,-1.8735000000000002f,0f,0f,0f,1f], start_interpolation: 0, interpolation_duration: 1 }
$data merge entity $(bone_rails2) { transformation: [-1.2038220833333333f,0f,1.4742568610970649e-16f,0.4375000000000001f,0f,1.2038220833333333f,0f,-1f,-1.4742568610970649e-16f,0f,-1.2038220833333333f,-1.311f,0f,0f,0f,1f], start_interpolation: 0, interpolation_duration: 1 }
$data merge entity $(bone_bone6) { transformation: [-0.9590461833728994f,0.06334959871984684f,-0.2760747118080709f,0.42977610380547066f,0f,0.9746688796125085f,0.223652800373475f,0.7187241258070816f,0.2832497452035483f,0.21449336459884216f,-0.9347524690447161f,-1.2954600593541394f,0f,0f,0f,1f], start_interpolation: 0, interpolation_duration: 1 }
$data merge entity $(bone_bone5) { transformation: [-0.9590461833728994f,-0.10620821531915625f,-0.2625837640765224f,0.3947124659828857f,0f,0.9270397185629419f,-0.3749631451312803f,0.6723378837609781f,0.2832497452035483f,-0.359606973243653f,-0.8890739039228761f,-1.4141809005847445f,0f,0f,0f,1f], start_interpolation: 0, interpolation_duration: 1 }
$data merge entity $(bone_bone4) { transformation: [-0.9590461833728994f,-0.10620821531915625f,-0.2625837640765224f,0.9019332499260033f,0f,0.9270397185629419f,-0.3749631451312803f,0.2855222059467125f,0.2832497452035483f,-0.359606973243653f,-0.8890739039228761f,-0.35875839083728644f,0f,0f,0f,1f], start_interpolation: 0, interpolation_duration: 1 }
$data merge entity $(bone_bone3) { transformation: [-0.9590461833728994f,-0.23587996240856962f,-0.156815373901945f,0.8716420841551813f,0f,0.5536293555683685f,-0.8327631936228649f,-0.234375f,0.2832497452035483f,-0.7986583624974354f,-0.5309561204610416f,-0.24066694099841698f,0f,0f,0f,1f], start_interpolation: 0, interpolation_duration: 1 }
$data merge entity $(bone_octagon) { transformation: [-0.9590461833728994f,0f,-0.2832497452035483f,0.859375f,0f,1f,0f,-0.40625f,0.2832497452035483f,0f,-0.9590461833728994f,-0.1718749999999999f,0f,0f,0f,1f], start_interpolation: 0, interpolation_duration: 1 }
$data merge entity $(bone_bone10) { transformation: [-0.5434880104618242f,0.647994945351148f,0.5335947275635425f,-0.46516368916091666f,0f,0.635673058822533f,-0.7719583941425889f,0.3197974716223786f,-0.8394169300676799f,-0.4195501317918603f,-0.3454806860436407f,-0.3154259777242229f,0f,0f,0f,1f], start_interpolation: 0, interpolation_duration: 1 }
$data merge entity $(bone_bone9) { transformation: [-0.5434880104618242f,0.47520947692419546f,0.6919513967943709f,-0.37209817430197545f,0f,0.8243238514841256f,-0.566118528114367f,0.24779891261264297f,-0.8394169300676799f,-0.3076786325304536f,-0.44801013001933565f,-0.3756820789553634f,0f,0f,0f,1f], start_interpolation: 0, interpolation_duration: 1 }
$data merge entity $(bone_bone8) { transformation: [-0.5434880104618242f,0.47520947692419546f,0.6919513967943709f,-1.1080850055802043f,0f,0.8243238514841256f,-0.566118528114367f,0.204250711992905f,-0.8394169300676799f,-0.3076786325304536f,-0.44801013001933565f,-0.1225301456957215f,0f,0f,0f,1f], start_interpolation: 0, interpolation_duration: 1 }
$data merge entity $(bone_bone7) { transformation: [-0.5434880104618242f,0.15729104784159514f,0.8245485484512973f,-0.823895442197702f,0f,0.9822872507286887f,-0.18738131458572463f,-0.234375f,-0.8394169300676799f,-0.10183949786191666f,-0.53386134360055f,-0.232074779718479f,0f,0f,0f,1f], start_interpolation: 0, interpolation_duration: 1 }
$data merge entity $(bone_octagon2) { transformation: [-0.5434880104618242f,0f,0.8394169300676799f,-0.859375f,0f,1f,0f,-0.40625f,-0.8394169300676799f,0f,-0.5434880104618242f,-0.171875f,0f,0f,0f,1f], start_interpolation: 0, interpolation_duration: 1 }