# This file was generated by Animated Java via MC-Build. It is not recommended to edit this file directly.
$data merge entity $(bone_bone21) { transformation: [0.9247707530020688f,0.380524709305436f,1.2246467991473532e-16f,0.42577295134297954f,0.380524709305436f,-0.9247707530020688f,0f,0.14554720151369321f,1.1325175426090712e-16f,4.660083672473792e-17f,-1f,-1.6909687499999997f,0f,0f,0f,1f], start_interpolation: 0, interpolation_duration: 1 }
$data merge entity $(bone_arm4) { transformation: [0.38143617329254764f,-0.9243951783214458f,1.2246467991473532e-16f,0.6272649411015097f,-0.9243951783214458f,-0.38143617329254764f,0f,-0.34276050720570533f,4.6712458870173357e-17f,-1.1320575962786053e-16f,-1f,-1.6909687499999997f,0f,0f,0f,1f], start_interpolation: 0, interpolation_duration: 1 }
$data merge entity $(bone_small_arm_base4) { transformation: [0.6004202253258842f,-0.7996846584870905f,1.2246467991473532e-16f,0.6373133488349791f,-0.7996846584870905f,-0.6004202253258842f,0f,-0.35614372976839836f,7.353027070886766e-17f,-9.793312573434596e-17f,-1f,-1.5972187499999997f,0f,0f,0f,1f], start_interpolation: 0, interpolation_duration: 1 }
$data merge entity $(bone_bone25) { transformation: [0.5090414157503711f,0.8607420270039436f,1.2246467991473532e-16f,2.6414183864572156e-16f,0.8607420270039436f,-0.5090414157503711f,0f,0.4999999999999999f,6.23395940432129e-17f,1.0541049682619842e-16f,-1f,-2.0347187499999997f,0f,0f,0f,1f], start_interpolation: 0, interpolation_duration: 1 }
$data merge entity $(bone_bone16) { transformation: [0.6996159327392937f,0.7145191016742157f,1.2246467991473532e-16f,0.6543576708144294f,0.7145191016742157f,-0.6996159327392937f,0f,0.6337593063096024f,8.56782412661666e-17f,8.750335307949704e-17f,-1f,-1.6909687499999997f,0f,0f,0f,1f], start_interpolation: 0, interpolation_duration: 1 }
$data merge entity $(bone_arm3) { transformation: [0.3566576370438963f,0.9342351577297145f,1.2246467991473532e-16f,0.8427605072057056f,0.9342351577297145f,-0.3566576370438963f,0f,1.127264941101509f,4.3677963359726615e-17f,1.1441080955646174e-16f,-1f,-1.6909687499999997f,0f,0f,0f,1f], start_interpolation: 0, interpolation_duration: 1 }
$data merge entity $(bone_small_arm_base3) { transformation: [0.7996846584870907f,0.600420225325884f,1.2246467991473532e-16f,0.8561437297683987f,0.600420225325884f,-0.7996846584870907f,0f,1.1373133488349785f,9.793312573434598e-17f,7.353027070886763e-17f,-1f,-1.5972187499999997f,0f,0f,0f,1f], start_interpolation: 0, interpolation_duration: 1 }
$data merge entity $(bone_bone15) { transformation: [-0.8607420270039435f,0.5090414157503713f,1.2246467991473532e-16f,2.6414183864572156e-16f,0.5090414157503713f,0.8607420270039435f,0f,0.4999999999999999f,-1.0541049682619841e-16f,6.233959404321292e-17f,-1f,-2.0347187499999997f,0f,0f,0f,1f], start_interpolation: 0, interpolation_duration: 1 }
$data merge entity $(bone_bone26) { transformation: [0.5935399837388493f,-0.804804502785171f,1.2246467991473532e-16f,-0.42176651696370826f,-0.804804502785171f,-0.5935399837388493f,0f,0.19180793538874027f,7.268768412517538e-17f,-9.856012582752368e-17f,-1f,-1.6909687499999997f,0f,0f,0f,1f], start_interpolation: 0, interpolation_duration: 1 }
$data merge entity $(bone_arm5) { transformation: [-0.7969663548884035f,-0.6040236991839735f,1.2246467991473532e-16f,-0.8427605072057047f,-0.6040236991839735f,0.7969663548884035f,0f,-0.12726494110150974f,-9.760022955422169e-17f,-7.397156898147968e-17f,-1f,-1.6909687499999997f,0f,0f,0f,1f], start_interpolation: 0, interpolation_duration: 1 }
$data merge entity $(bone_small_arm_base5) { transformation: [-0.7996846584870902f,-0.6004202253258843f,1.2246467991473532e-16f,-0.8561437297683978f,-0.6004202253258843f,0.7996846584870902f,0f,-0.13731334883497925f,-9.793312573434593e-17f,-7.353027070886768e-17f,-1f,-1.5972187499999997f,0f,0f,0f,1f], start_interpolation: 0, interpolation_duration: 1 }
$data merge entity $(bone_bone20) { transformation: [0.8607420270039438f,-0.5090414157503709f,1.2246467991473532e-16f,2.6414183864572156e-16f,-0.5090414157503709f,-0.8607420270039438f,0f,0.4999999999999999f,1.0541049682619843e-16f,-6.233959404321287e-17f,-1f,-2.0347187499999997f,0f,0f,0f,1f], start_interpolation: 0, interpolation_duration: 1 }
$data merge entity $(bone_bone11) { transformation: [0.9999629817487634f,-0.008604367037885918f,1.2246467991473532e-16f,-0.16837303803343784f,-0.008604367037885918f,-0.9999629817487634f,0f,1.0811087125812375f,1.224601464864466e-16f,-1.0537310551636144e-18f,-1f,-1.6909687499999997f,0f,0f,0f,1f], start_interpolation: 0, interpolation_duration: 1 }
$data merge entity $(bone_arm2) { transformation: [0.8687093301872049f,-0.4953222180012705f,1.2246467991473532e-16f,-0.6272649411015092f,-0.4953222180012705f,-0.8687093301872049f,0f,1.342760507205705f,1.0638621006032013e-16f,-6.065947688218235e-17f,-1f,-1.6909687499999997f,0f,0f,0f,1f], start_interpolation: 0, interpolation_duration: 1 }
$data merge entity $(bone_small_arm_base2) { transformation: [0.6004202253258842f,-0.7996846584870905f,1.2246467991473532e-16f,-0.6373133488349787f,-0.7996846584870905f,-0.6004202253258842f,0f,1.356143729768398f,7.353027070886766e-17f,-9.793312573434596e-17f,-1f,-1.5972187499999997f,0f,0f,0f,1f], start_interpolation: 0, interpolation_duration: 1 }
$data merge entity $(bone_bone2) { transformation: [0.5090414157503711f,0.8607420270039436f,1.2246467991473532e-16f,2.6414183864572156e-16f,0.8607420270039436f,-0.5090414157503711f,0f,0.4999999999999999f,6.23395940432129e-17f,1.0541049682619842e-16f,-1f,-2.0347187499999997f,0f,0f,0f,1f], start_interpolation: 0, interpolation_duration: 1 }
$data merge entity $(bone_ring) { transformation: [0.9158923430876755f,1.5486893748018233f,2.2034447328268763e-16f,2.220446049250313e-16f,1.5486893748018233f,-0.9158923430876755f,0f,0.4999999999999999f,1.1216446263258912e-16f,1.8965974857245685e-16f,-1.799249166666667f,-1.69096875f,0f,0f,0f,1f], start_interpolation: 0, interpolation_duration: 1 }
$data merge entity $(bone_wheel) { transformation: [-1f,-9.907600726170914e-17f,-7.19829327805997e-17f,1.0625000000000002f,0f,-0.5877852522924734f,0.8090169943749472f,-0.625f,-1.2246467991473532e-16f,0.8090169943749472f,0.5877852522924734f,-1.8159687499999997f,0f,0f,0f,1f], start_interpolation: 0, interpolation_duration: 1 }
$data merge entity $(bone_wheel2) { transformation: [-1f,-9.907600726170914e-17f,-7.19829327805997e-17f,1.0625000000000002f,0f,-0.5877852522924734f,0.8090169943749472f,-0.625f,-1.2246467991473532e-16f,0.8090169943749472f,0.5877852522924734f,-1.5659687499999997f,0f,0f,0f,1f], start_interpolation: 0, interpolation_duration: 1 }
$data merge entity $(bone_rails) { transformation: [-1.1373008333333334f,0f,1.3927918252092842e-16f,-0.43749999999999983f,0f,1.1373008333333334f,0f,-1f,-1.3927918252092842e-16f,0f,-1.1373008333333334f,-1.25346875f,0f,0f,0f,1f], start_interpolation: 0, interpolation_duration: 1 }
$data merge entity $(bone_wheel3) { transformation: [-1f,-9.907600726170914e-17f,-7.19829327805997e-17f,-1.0625f,0f,-0.5877852522924734f,0.8090169943749472f,-0.625f,-1.2246467991473532e-16f,0.8090169943749472f,0.5877852522924734f,-1.56596875f,0f,0f,0f,1f], start_interpolation: 0, interpolation_duration: 1 }
$data merge entity $(bone_wheel4) { transformation: [-1f,-9.907600726170914e-17f,-7.19829327805997e-17f,-1.0625f,0f,-0.5877852522924734f,0.8090169943749472f,-0.625f,-1.2246467991473532e-16f,0.8090169943749472f,0.5877852522924734f,-1.81596875f,0f,0f,0f,1f], start_interpolation: 0, interpolation_duration: 1 }
$data merge entity $(bone_rails2) { transformation: [-1.2038220833333333f,0f,1.4742568610970649e-16f,0.4375000000000001f,0f,1.2038220833333333f,0f,-1f,-1.4742568610970649e-16f,0f,-1.2038220833333333f,-1.2534687499999997f,0f,0f,0f,1f], start_interpolation: 0, interpolation_duration: 1 }
$data merge entity $(bone_bone6) { transformation: [-0.9608093987773478f,0.05564905685308735f,-0.2715667168348749f,0.44893749715569553f,0f,0.9796431110468802f,0.2007470422656087f,0.7135807386701034f,0.27720984690503203f,0.1928796449855502f,-0.9412503085413234f,-1.2562600379041335f,0f,0f,0f,1f], start_interpolation: 0, interpolation_duration: 1 }
$data merge entity $(bone_bone5) { transformation: [-0.9608093987773478f,-0.10600765843056184f,-0.2561399531021676f,0.41472610593729164f,0f,0.9239929820743971f,-0.38240942597857464f,0.666200052043145f,0.27720984690503203f,-0.36742257066126494f,-0.8877811415813901f,-1.3748367284325629f,0f,0f,0f,1f], start_interpolation: 0, interpolation_duration: 1 }
$data merge entity $(bone_bone4) { transformation: [-0.9608093987773478f,-0.10600765843056184f,-0.2561399531021676f,0.914000184715521f,0f,0.9239929820743971f,-0.38240942597857464f,0.2919090831232076f,0.27720984690503203f,-0.36742257066126494f,-0.8877811415813901f,-0.3207355458142894f,0f,0f,0f,1f], start_interpolation: 0, interpolation_duration: 1 }
$data merge entity $(bone_bone3) { transformation: [-0.9608093987773478f,-0.2186882814659072f,-0.17035473216379823f,0.8720746782802277f,0f,0.6145334809198146f,-0.7888907407420724f,-0.234375f,0.27720984690503203f,-0.7579736383134072f,-0.5904495443311178f,-0.24058839513936636f,0f,0f,0f,1f], start_interpolation: 0, interpolation_duration: 1 }
$data merge entity $(bone_octagon) { transformation: [-0.9608093987773478f,0f,-0.27720984690503203f,0.859375f,0f,1f,0f,-0.40625f,0.27720984690503203f,0f,-0.9608093987773478f,-0.1718749999999999f,0f,0f,0f,1f], start_interpolation: 0, interpolation_duration: 1 }
$data merge entity $(bone_bone10) { transformation: [-0.6063564251518799f,0.621429410342945f,0.49614249327975546f,-0.4924292194504155f,0f,0.6239271494375482f,-0.7814825092058908f,0.3971358903215759f,-0.7951929864360178f,-0.47385694060080497f,-0.37832223588815445f,-0.33378529588384287f,0f,0f,0f,1f], start_interpolation: 0, interpolation_duration: 1 }
$data merge entity $(bone_bone9) { transformation: [-0.6063564251518799f,0.36584367244260474f,0.7060384500937189f,-0.39787555830704513f,0f,0.8878831455218421f,-0.4600690381869219f,0.33936902523768464f,-0.7951929864360178f,-0.2789658173180857f,-0.5383736500712305f,-0.40588505145749115f,0f,0f,0f,1f], start_interpolation: 0, interpolation_duration: 1 }
$data merge entity $(bone_bone8) { transformation: [-0.6063564251518799f,0.36584367244260474f,0.7060384500937189f,-1.1065476560198684f,0f,0.8878831455218421f,-0.4600690381869219f,0.2016738818931348f,-0.7951929864360178f,-0.2789658173180857f,-0.5383736500712305f,-0.10129499105016188f,0f,0f,0f,1f], start_interpolation: 0, interpolation_duration: 1 }
$data merge entity $(bone_bone7) { transformation: [-0.6063564251518799f,0.14228894641407674f,0.7823590872517585f,-0.8286240766337452f,0f,0.9838606484172105f,-0.1789363699644822f,-0.234375f,-0.7951929864360178f,-0.10849921762131765f,-0.5965702256218703f,-0.23462205739811803f,0f,0f,0f,1f], start_interpolation: 0, interpolation_duration: 1 }
$data merge entity $(bone_octagon2) { transformation: [-0.6063564251518799f,0f,0.7951929864360178f,-0.859375f,0f,1f,0f,-0.40625f,-0.7951929864360178f,0f,-0.6063564251518799f,-0.171875f,0f,0f,0f,1f], start_interpolation: 0, interpolation_duration: 1 }