# This file was generated by Animated Java via MC-Build. It is not recommended to edit this file directly.
$data merge entity $(bone_bone21) { transformation: [0.9325193032790734f,0.3611201309978609f,1.2246467991473532e-16f,0.42853244659706463f,0.3611201309978609f,-0.9325193032790734f,0f,0.13742841652722426f,1.142006779903837e-16f,4.422446125342032e-17f,-1f,-1.6295000000000002f,0f,0f,0f,1f], start_interpolation: 0, interpolation_duration: 1 }
$data merge entity $(bone_arm4) { transformation: [0.3255137794447772f,-0.9455372966687128f,1.2246467991473532e-16f,0.6004836764659831f,-0.9455372966687128f,-0.3255137794447772f,0f,-0.36204752371235027f,3.9863940807540393e-17f,-1.1579492238397804e-16f,-1f,-1.6295000000000002f,0f,0f,0f,1f], start_interpolation: 0, interpolation_duration: 1 }
$data merge entity $(bone_small_arm_base4) { transformation: [0.5750052520432783f,-0.8181497174250238f,1.2246467991473532e-16f,0.6101067487372099f,-0.8181497174250238f,-0.5750052520432783f,0f,-0.37573977057703145f,7.041783414077179e-17f,-1.001944432667867e-16f,-1f,-1.5357500000000002f,0f,0f,0f,1f], start_interpolation: 0, interpolation_duration: 1 }
$data merge entity $(bone_bone25) { transformation: [0.535826794978997f,0.844327925502015f,1.2246467991473532e-16f,2.6414183864572156e-16f,0.844327925502015f,-0.535826794978997f,0f,0.4999999999999999f,6.561985693684138e-17f,1.0340034913967675e-16f,-1f,-1.9732500000000002f,0f,0f,0f,1f], start_interpolation: 0, interpolation_duration: 1 }
$data merge entity $(bone_bone16) { transformation: [0.7364327687479302f,0.6765107368802495f,1.2246467991473532e-16f,0.6517516896589435f,0.6765107368802495f,-0.7364327687479302f,0f,0.6159023081578086f,9.018700330343757e-17f,8.284867085092148e-17f,-1f,-1.6295000000000002f,0f,0f,0f,1f], start_interpolation: 0, interpolation_duration: 1 }
$data merge entity $(bone_arm3) { transformation: [0.39810236772601226f,0.9173409970185261f,1.2246467991473532e-16f,0.8620475237123506f,0.9173409970185261f,-0.39810236772601226f,0f,1.1004836764659829f,4.875347903686435e-17f,1.1234187157253796e-16f,-1f,-1.6295000000000002f,0f,0f,0f,1f], start_interpolation: 0, interpolation_duration: 1 }
$data merge entity $(bone_small_arm_base3) { transformation: [0.8181497174250241f,0.5750052520432782f,1.2246467991473532e-16f,0.8757397705770318f,0.5750052520432782f,-0.8181497174250241f,0f,1.1101067487372096f,1.0019444326678672e-16f,7.041783414077177e-17f,-1f,-1.5357500000000002f,0f,0f,0f,1f], start_interpolation: 0, interpolation_duration: 1 }
$data merge entity $(bone_bone15) { transformation: [-0.8443279255020149f,0.5358267949789972f,1.2246467991473532e-16f,2.6414183864572156e-16f,0.5358267949789972f,0.8443279255020149f,0f,0.4999999999999999f,-1.0340034913967674e-16f,6.56198569368414e-17f,-1f,-1.9732500000000002f,0f,0f,0f,1f], start_interpolation: 0, interpolation_duration: 1 }
$data merge entity $(bone_bone26) { transformation: [0.6115746578912988f,-0.7911867275334826f,1.2246467991473532e-16f,-0.4330865061064282f,-0.7911867275334826f,-0.6115746578912988f,0f,0.20779523248844556f,7.489629472262166e-17f,-9.689242934017485e-17f,-1f,-1.6295000000000002f,0f,0f,0f,1f], start_interpolation: 0, interpolation_duration: 1 }
$data merge entity $(bone_arm5) { transformation: [-0.8120484057126296f,-0.5835900845452886f,1.2246467991473532e-16f,-0.8620475237123497f,-0.5835900845452886f,0.8120484057126296f,0f,-0.10048367646598323f,-9.94472480808683e-17f,-7.146917290525209e-17f,-1f,-1.6295000000000002f,0f,0f,0f,1f], start_interpolation: 0, interpolation_duration: 1 }
$data merge entity $(bone_small_arm_base5) { transformation: [-0.8181497174250236f,-0.5750052520432785f,1.2246467991473532e-16f,-0.8757397705770309f,-0.5750052520432785f,0.8181497174250236f,0f,-0.11010674873721005f,-1.0019444326678667e-16f,-7.041783414077182e-17f,-1f,-1.5357500000000002f,0f,0f,0f,1f], start_interpolation: 0, interpolation_duration: 1 }
$data merge entity $(bone_bone20) { transformation: [0.8443279255020151f,-0.5358267949789968f,1.2246467991473532e-16f,2.6414183864572156e-16f,-0.5358267949789968f,-0.8443279255020151f,0f,0.4999999999999999f,1.0340034913967676e-16f,-6.561985693684135e-17f,-1f,-1.9732500000000002f,0f,0f,0f,1f], start_interpolation: 0, interpolation_duration: 1 }
$data merge entity $(bone_bone11) { transformation: [0.9996762450986701f,0.02544415424854668f,1.2246467991473532e-16f,-0.15965158048511363f,0.02544415424854668f,-0.9996762450986701f,0f,1.0709968348542847f,1.2242503137437315e-16f,3.1160102057494247e-18f,-1f,-1.6295000000000002f,0f,0f,0f,1f], start_interpolation: 0, interpolation_duration: 1 }
$data merge entity $(bone_arm2) { transformation: [0.8345210544448316f,-0.5509760518282865f,1.2246467991473532e-16f,-0.6004836764659827f,-0.5509760518282865f,-0.8345210544448316f,0f,1.3620475237123502f,1.0219935381469371e-16f,-6.747510582783573e-17f,-1f,-1.6295000000000002f,0f,0f,0f,1f], start_interpolation: 0, interpolation_duration: 1 }
$data merge entity $(bone_small_arm_base2) { transformation: [0.5750052520432783f,-0.8181497174250238f,1.2246467991473532e-16f,-0.6101067487372095f,-0.8181497174250238f,-0.5750052520432783f,0f,1.3757397705770313f,7.041783414077179e-17f,-1.001944432667867e-16f,-1f,-1.5357500000000002f,0f,0f,0f,1f], start_interpolation: 0, interpolation_duration: 1 }
$data merge entity $(bone_bone2) { transformation: [0.535826794978997f,0.844327925502015f,1.2246467991473532e-16f,2.6414183864572156e-16f,0.844327925502015f,-0.535826794978997f,0f,0.4999999999999999f,6.561985693684138e-17f,1.0340034913967675e-16f,-1f,-1.9732500000000002f,0f,0f,0f,1f], start_interpolation: 0, interpolation_duration: 1 }
$data merge entity $(bone_ring) { transformation: [0.9640859143436313f,1.519156316352896f,2.2034447328268763e-16f,2.220446049250313e-16f,1.519156316352896f,-0.9640859143436313f,0f,0.4999999999999999f,1.1806647291039777e-16f,1.8604299202260583e-16f,-1.799249166666667f,-1.6295000000000002f,0f,0f,0f,1f], start_interpolation: 0, interpolation_duration: 1 }
$data merge entity $(bone_wheel) { transformation: [-1f,-7.19829327805997e-17f,-9.907600726170914e-17f,1.0625000000000002f,0f,-0.8090169943749472f,0.5877852522924734f,-0.625f,-1.2246467991473532e-16f,0.5877852522924734f,0.8090169943749472f,-1.7545f,0f,0f,0f,1f], start_interpolation: 0, interpolation_duration: 1 }
$data merge entity $(bone_wheel2) { transformation: [-1f,-7.19829327805997e-17f,-9.907600726170914e-17f,1.0625000000000002f,0f,-0.8090169943749472f,0.5877852522924734f,-0.625f,-1.2246467991473532e-16f,0.5877852522924734f,0.8090169943749472f,-1.5045f,0f,0f,0f,1f], start_interpolation: 0, interpolation_duration: 1 }
$data merge entity $(bone_rails) { transformation: [-1.1373008333333334f,0f,1.3927918252092842e-16f,-0.43749999999999983f,0f,1.1373008333333334f,0f,-1f,-1.3927918252092842e-16f,0f,-1.1373008333333334f,-1.1920000000000002f,0f,0f,0f,1f], start_interpolation: 0, interpolation_duration: 1 }
$data merge entity $(bone_wheel3) { transformation: [-1f,-7.19829327805997e-17f,-9.907600726170914e-17f,-1.0625f,0f,-0.8090169943749472f,0.5877852522924734f,-0.625f,-1.2246467991473532e-16f,0.5877852522924734f,0.8090169943749472f,-1.5045000000000004f,0f,0f,0f,1f], start_interpolation: 0, interpolation_duration: 1 }
$data merge entity $(bone_wheel4) { transformation: [-1f,-7.19829327805997e-17f,-9.907600726170914e-17f,-1.0625f,0f,-0.8090169943749472f,0.5877852522924734f,-0.625f,-1.2246467991473532e-16f,0.5877852522924734f,0.8090169943749472f,-1.7545000000000004f,0f,0f,0f,1f], start_interpolation: 0, interpolation_duration: 1 }
$data merge entity $(bone_rails2) { transformation: [-1.2038220833333333f,0f,1.4742568610970649e-16f,0.4375000000000001f,0f,1.2038220833333333f,0f,-1f,-1.4742568610970649e-16f,0f,-1.2038220833333333f,-1.1920000000000002f,0f,0f,0f,1f], start_interpolation: 0, interpolation_duration: 1 }
$data merge entity $(bone_bone6) { transformation: [-0.9621749371190226f,0.04804955745695215f,-0.26816157518965317f,0.466918798896664f,0f,0.9843235065890721f,0.17637243088474042f,0.7040485704355248f,0.27243235927474724f,0.1697011325960544f,-0.9470914080571163f,-1.213827290007881f,0f,0f,0f,1f], start_interpolation: 0, interpolation_duration: 1 }
$data merge entity $(bone_bone5) { transformation: [-0.9621749371190226f,-0.10647896556077846f,-0.25076207901736564f,0.4334164943082309f,0f,0.9204562911870273f,-0.39084551425623676f,0.6555409611256275f,0.27243235927474724f,-0.37606175810274656f,-0.8856399740936869f,-1.332150524063234f,0f,0f,0f,1f], start_interpolation: 0, interpolation_duration: 1 }
$data merge entity $(bone_bone4) { transformation: [-0.9621749371190226f,-0.10647896556077846f,-0.25076207901736564f,0.9259362097756626f,0f,0.9204562911870273f,-0.39084551425623676f,0.29539882105859894f,0.27243235927474724f,-0.37606175810274656f,-0.8856399740936869f,-0.2809166433958817f,0f,0f,0f,1f], start_interpolation: 0, interpolation_duration: 1 }
$data merge entity $(bone_bone3) { transformation: [-0.9621749371190226f,-0.20125760010342122f,-0.18361581843789043f,0.8724159443302978f,0f,0.6739868161282354f,-0.7387433733613616f,-0.234375f,0.27243235927474724f,-0.7108003588110627f,-0.6484932224272352f,-0.24052444479727464f,0f,0f,0f,1f], start_interpolation: 0, interpolation_duration: 1 }
$data merge entity $(bone_octagon) { transformation: [-0.9621749371190226f,0f,-0.27243235927474724f,0.859375f,0f,1f,0f,-0.40625f,0.27243235927474724f,0f,-0.9621749371190226f,-0.1718749999999999f,0f,0f,0f,1f], start_interpolation: 0, interpolation_duration: 1 }
$data merge entity $(bone_bone10) { transformation: [-0.6588575347841924f,0.5925777612933565f,0.4634202689553518f,-0.5231773517613381f,0f,0.6160310297312193f,-0.7877218864601222f,0.4671972013260055f,-0.7522677374832027f,-0.5189965002086696f,-0.40587668559927853f,-0.34170330361194445f,0f,0f,0f,1f], start_interpolation: 0, interpolation_duration: 1 }
$data merge entity $(bone_bone9) { transformation: [-0.6588575347841924f,0.2678717949317888f,0.7029590673276208f,-0.4293652107860496f,0f,0.9344532967470468f,-0.3560857146791704f,0.42333096447882923f,-0.7522677374832027f,-0.2346097561453855f,-0.6156715954657206f,-0.42386665165421744f,0f,0f,0f,1f], start_interpolation: 0, interpolation_duration: 1 }
$data merge entity $(bone_bone8) { transformation: [-0.6588575347841924f,0.2678717949317888f,0.7029590673276208f,-1.1035246285503204f,0f,0.9344532967470468f,-0.3560857146791704f,0.19951440991281877f,-0.7522677374832027f,-0.2346097561453855f,-0.6156715954657206f,-0.08266497670475159f,0f,0f,0f,1f], start_interpolation: 0, interpolation_duration: 1 }
$data merge entity $(bone_bone7) { transformation: [-0.6588575347841924f,0.1293367152747141f,0.7410659639600542f,-0.8329475643693058f,0f,0.9851093261547739f,-0.17192910027940955f,-0.234375f,-0.7522677374832027f,-0.11327678316775598f,-0.6490467021232512f,-0.23656196272036212f,0f,0f,0f,1f], start_interpolation: 0, interpolation_duration: 1 }
$data merge entity $(bone_octagon2) { transformation: [-0.6588575347841924f,0f,0.7522677374832027f,-0.859375f,0f,1f,0f,-0.40625f,-0.7522677374832027f,0f,-0.6588575347841924f,-0.171875f,0f,0f,0f,1f], start_interpolation: 0, interpolation_duration: 1 }