# This file was generated by Animated Java via MC-Build. It is not recommended to edit this file directly.
$data merge entity $(bone_bone21) { transformation: [0.9402832369537649f,0.3403930585422538f,1.2246467991473532e-16f,0.43030425261597954f,0.3403930585422538f,-0.9402832369537649f,0f,0.12809265495896938f,1.1515148564273405e-16f,4.1686126959574875e-17f,-1f,-1.5654062499999997f,0f,0f,0f,1f], start_interpolation: 0, interpolation_duration: 1 }
$data merge entity $(bone_arm4) { transformation: [0.2703393034690606f,-0.962765112059979f,1.2246467991473532e-16f,0.5731098069390581f,-0.962765112059979f,-0.2703393034690606f,0f,-0.3804838033893492f,3.3107016267711e-17f,-1.179047212814996e-16f,-1f,-1.5654062499999997f,0f,0f,0f,1f], start_interpolation: 0, interpolation_duration: 1 }
$data merge entity $(bone_small_arm_base4) { transformation: [0.5490228179981318f,-0.8358073613682706f,1.2246467991473532e-16f,0.5822980469375181f,-0.8358073613682706f,-0.5490228179981318f,0f,-0.39447156196144806f,6.72359036720272e-17f,-1.0235688098034477e-16f,-1f,-1.4716562499999997f,0f,0f,0f,1f], start_interpolation: 0, interpolation_duration: 1 }
$data merge entity $(bone_bone25) { transformation: [0.5620833778521308f,0.8270805742745618f,1.2246467991473532e-16f,2.6414183864572156e-16f,0.8270805742745618f,-0.5620833778521308f,0f,0.4999999999999999f,6.883536095405443e-17f,1.0128815779222969e-16f,-1f,-1.9091562499999997f,0f,0f,0f,1f], start_interpolation: 0, interpolation_duration: 1 }
$data merge entity $(bone_bone16) { transformation: [0.7618836732129969f,0.6477138785694436f,1.2246467991473532e-16f,0.6527228331207114f,0.6477138785694436f,-0.7618836732129969f,0f,0.596487964432937f,9.330384017229245e-17f,7.932207281533866e-17f,-1f,-1.5654062499999997f,0f,0f,0f,1f], start_interpolation: 0, interpolation_duration: 1 }
$data merge entity $(bone_arm3) { transformation: [0.4311648965737066f,0.902273147091603f,1.2246467991473532e-16f,0.8804838033893494f,0.902273147091603f,-0.4311648965737066f,0f,1.0731098069390577f,5.280247104936893e-17f,1.1049659215423406e-16f,-1f,-1.5654062499999997f,0f,0f,0f,1f], start_interpolation: 0, interpolation_duration: 1 }
$data merge entity $(bone_small_arm_base3) { transformation: [0.8358073613682707f,0.5490228179981316f,1.2246467991473532e-16f,0.8944715619614483f,0.5490228179981316f,-0.8358073613682707f,0f,1.0822980469375176f,1.0235688098034478e-16f,6.723590367202717e-17f,-1f,-1.4716562499999997f,0f,0f,0f,1f], start_interpolation: 0, interpolation_duration: 1 }
$data merge entity $(bone_bone15) { transformation: [-0.8270805742745617f,0.562083377852131f,1.2246467991473532e-16f,2.6414183864572156e-16f,0.562083377852131f,0.8270805742745617f,0f,0.4999999999999999f,-1.0128815779222968e-16f,6.883536095405445e-17f,-1f,-1.9091562499999997f,0f,0f,0f,1f], start_interpolation: 0, interpolation_duration: 1 }
$data merge entity $(bone_bone26) { transformation: [0.6292970049790545f,-0.7771648985410959f,1.2246467991473532e-16f,-0.44383243864659533f,-0.7771648985410959f,-0.6292970049790545f,0f,0.22417629431683891f,7.706665628606152e-17f,-9.517525054080308e-17f,-1f,-1.5654062499999997f,0f,0f,0f,1f], start_interpolation: 0, interpolation_duration: 1 }
$data merge entity $(bone_arm5) { transformation: [-0.8266066846133434f,-0.5627800537976952f,1.2246467991473532e-16f,-0.8804838033893487f,-0.5627800537976952f,0.8266066846133434f,0f,-0.07310980693905819f,-1.0123012304655368e-16f,-6.892067915073229e-17f,-1f,-1.5654062499999997f,0f,0f,0f,1f], start_interpolation: 0, interpolation_duration: 1 }
$data merge entity $(bone_small_arm_base5) { transformation: [-0.8358073613682704f,-0.5490228179981319f,1.2246467991473532e-16f,-0.8944715619614476f,-0.5490228179981319f,0.8358073613682704f,0f,-0.08229804693751819f,-1.0235688098034476e-16f,-6.723590367202722e-17f,-1f,-1.4716562499999997f,0f,0f,0f,1f], start_interpolation: 0, interpolation_duration: 1 }
$data merge entity $(bone_bone20) { transformation: [0.8270805742745619f,-0.5620833778521306f,1.2246467991473532e-16f,2.6414183864572156e-16f,-0.5620833778521306f,-0.8270805742745619f,0f,0.4999999999999999f,1.012881577922297e-16f,-6.88353609540544e-17f,-1f,-1.9091562499999997f,0f,0f,0f,1f], start_interpolation: 0, interpolation_duration: 1 }
$data merge entity $(bone_bone11) { transformation: [0.9982304997851368f,0.05946317598915052f,1.2246467991473532e-16f,-0.15221819038666268f,0.05946317598915052f,-0.9982304997851368f,0f,1.0612758970844574f,1.2224797863731303e-16f,7.28213881422489e-18f,-1f,-1.5654062499999997f,0f,0f,0f,1f], start_interpolation: 0, interpolation_duration: 1 }
$data merge entity $(bone_arm2) { transformation: [0.7967725554800289f,-0.6042793185554383f,1.2246467991473532e-16f,-0.5731098069390577f,-0.6042793185554383f,-0.7967725554800289f,0f,1.380483803389349f,9.757649597170743e-17f,-7.400287332598614e-17f,-1f,-1.5654062499999997f,0f,0f,0f,1f], start_interpolation: 0, interpolation_duration: 1 }
$data merge entity $(bone_small_arm_base2) { transformation: [0.5490228179981318f,-0.8358073613682706f,1.2246467991473532e-16f,-0.5822980469375176f,-0.8358073613682706f,-0.5490228179981318f,0f,1.3944715619614478f,6.72359036720272e-17f,-1.0235688098034477e-16f,-1f,-1.4716562499999997f,0f,0f,0f,1f], start_interpolation: 0, interpolation_duration: 1 }
$data merge entity $(bone_bone2) { transformation: [0.5620833778521308f,0.8270805742745618f,1.2246467991473532e-16f,2.6414183864572156e-16f,0.8270805742745618f,-0.5620833778521308f,0f,0.4999999999999999f,6.883536095405443e-17f,1.0128815779222969e-16f,-1f,-1.9091562499999997f,0f,0f,0f,1f], start_interpolation: 0, interpolation_duration: 1 }
$data merge entity $(bone_ring) { transformation: [1.0113280491976318f,1.4881240340296937f,2.2034447328268763e-16f,2.220446049250313e-16f,1.4881240340296937f,-1.0113280491976318f,0f,0.4999999999999999f,1.2385196583378165e-16f,1.8224263350087114e-16f,-1.799249166666667f,-1.5654062499999997f,0f,0f,0f,1f], start_interpolation: 0, interpolation_duration: 1 }
$data merge entity $(bone_wheel) { transformation: [-1f,-3.784366730434133e-17f,-1.164708318489093e-16f,1.0625000000000002f,0f,-0.9510565162951541f,0.30901699437494606f,-0.625f,-1.2246467991473532e-16f,0.30901699437494606f,0.9510565162951541f,-1.6904062499999994f,0f,0f,0f,1f], start_interpolation: 0, interpolation_duration: 1 }
$data merge entity $(bone_wheel2) { transformation: [-1f,-3.784366730434133e-17f,-1.164708318489093e-16f,1.0625000000000002f,0f,-0.9510565162951541f,0.30901699437494606f,-0.625f,-1.2246467991473532e-16f,0.30901699437494606f,0.9510565162951541f,-1.4404062499999994f,0f,0f,0f,1f], start_interpolation: 0, interpolation_duration: 1 }
$data merge entity $(bone_rails) { transformation: [-1.1373008333333334f,0f,1.3927918252092842e-16f,-0.43749999999999983f,0f,1.1373008333333334f,0f,-1f,-1.3927918252092842e-16f,0f,-1.1373008333333334f,-1.1279062499999997f,0f,0f,0f,1f], start_interpolation: 0, interpolation_duration: 1 }
$data merge entity $(bone_wheel3) { transformation: [-1f,-3.784366730434133e-17f,-1.164708318489093e-16f,-1.0625f,0f,-0.9510565162951541f,0.30901699437494606f,-0.625f,-1.2246467991473532e-16f,0.30901699437494606f,0.9510565162951541f,-1.4404062499999999f,0f,0f,0f,1f], start_interpolation: 0, interpolation_duration: 1 }
$data merge entity $(bone_wheel4) { transformation: [-1f,-3.784366730434133e-17f,-1.164708318489093e-16f,-1.0625f,0f,-0.9510565162951541f,0.30901699437494606f,-0.625f,-1.2246467991473532e-16f,0.30901699437494606f,0.9510565162951541f,-1.6904062499999999f,0f,0f,0f,1f], start_interpolation: 0, interpolation_duration: 1 }
$data merge entity $(bone_rails2) { transformation: [-1.2038220833333333f,0f,1.4742568610970649e-16f,0.4375000000000001f,0f,1.2038220833333333f,0f,-1f,-1.4742568610970649e-16f,0f,-1.2038220833333333f,-1.1279062499999997f,0f,0f,0f,1f], start_interpolation: 0, interpolation_duration: 1 }
$data merge entity $(bone_bone6) { transformation: [-0.9631076294557421f,0.04057150989957889f,-0.26604068611513f,0.4834222383899428f,0f,0.9885706735367492f,0.1507581620447062f,0.6900780317740083f,0.2691165065248521f,0.1451963360679817f,-0.9520999579394447f,-1.1689634970477352f,0f,0f,0f,1f], start_interpolation: 0, interpolation_duration: 1 }
$data merge entity $(bone_bone5) { transformation: [-0.9631076294557421f,-0.1076741890805607f,-0.24663731082296614f,0.4504609479640199f,0f,0.916470394208948f,-0.40010250753837473f,0.6403334816068339f,0.2691165065248521f,-0.3853417775745822f,-0.8826596288329495f,-1.2869245641552307f,0f,0f,0f,1f], start_interpolation: 0, interpolation_duration: 1 }
$data merge entity $(bone_bone4) { transformation: [-0.9631076294557421f,-0.1076741890805607f,-0.24663731082296614f,0.9376421926326085f,0f,0.916470394208948f,-0.40010250753837473f,0.29565561282256736f,0.2691165065248521f,-0.3853417775745822f,-0.8826596288329495f,-0.24013640052377622f,0f,0f,0f,1f], start_interpolation: 0, interpolation_duration: 1 }
$data merge entity $(bone_bone3) { transformation: [-0.9631076294557421f,-0.183792470460133f,-0.19658082787062905f,0.8726523317626886f,0f,0.7304673741834391f,-0.6829475933434069f,-0.234375f,0.2691165065248521f,-0.6577520376674728f,-0.7035187011445726f,-0.2404791176698854f,0f,0f,0f,1f], start_interpolation: 0, interpolation_duration: 1 }
$data merge entity $(bone_octagon) { transformation: [-0.9631076294557421f,0f,-0.2691165065248521f,0.859375f,0f,1f,0f,-0.40625f,0.2691165065248521f,0f,-0.9631076294557421f,-0.1718749999999999f,0f,0f,0f,1f], start_interpolation: 0, interpolation_duration: 1 }
$data merge entity $(bone_bone10) { transformation: [-0.7025945494853291f,0.5638186342124736f,0.43413067934469723f,-0.5521550575891785f,0f,0.6100850694901387f,-0.7923359186514345f,0.5237364560368394f,-0.7115904011673482f,-0.556690897805949f,-0.42864244454614975f,-0.3434639602090414f,0f,0f,0f,1f], start_interpolation: 0, interpolation_duration: 1 }
$data merge entity $(bone_bone9) { transformation: [-0.7025945494853291f,0.1900109197639564f,0.6857526882221919f,-0.46088266676333145f,0f,0.9636901890430646f,-0.2670228820572168f,0.4917398835006563f,-0.7115904011673482f,-0.1876088215212644f,-0.6770834742141436f,-0.43358249498344975f,0f,0f,0f,1f], start_interpolation: 0, interpolation_duration: 1 }
$data merge entity $(bone_bone8) { transformation: [-0.7025945494853291f,0.1900109197639564f,0.6857526882221919f,-1.099452185058522f,0f,0.9636901890430646f,-0.2670228820572168f,0.19783638016495225f,-0.7115904011673482f,-0.1876088215212644f,-0.6770834742141436f,-0.06657998540314447f,0f,0f,0f,1f], start_interpolation: 0, interpolation_duration: 1 }
$data merge entity $(bone_bone7) { transformation: [-0.7025945494853291f,0.11849883104458658f,0.7016544206905377f,-0.8368566795984572f,0f,0.9860369385808033f,-0.16652674185906935f,-0.234375f,-0.7115904011673482f,-0.11700078117373251f,-0.6927841786380726f,-0.2380243593793127f,0f,0f,0f,1f], start_interpolation: 0, interpolation_duration: 1 }
$data merge entity $(bone_octagon2) { transformation: [-0.7025945494853291f,0f,0.7115904011673482f,-0.859375f,0f,1f,0f,-0.40625f,-0.7115904011673482f,0f,-0.7025945494853291f,-0.171875f,0f,0f,0f,1f], start_interpolation: 0, interpolation_duration: 1 }