# This file was generated by Animated Java via MC-Build. It is not recommended to edit this file directly.
$data merge entity $(bone_bone21) { transformation: [0.10102373973377748f,0.9948840153556604f,1.2246467991473532e-16f,0.7766085039203015f,0.9948840153556604f,-0.10102373973377748f,0f,0.8564862800993918f,1.2371839950286602e-17f,1.2183815249281756e-16f,-1f,-1.3737265625f,0f,0f,0f,1f], start_interpolation: 0, interpolation_duration: 1 }
$data merge entity $(bone_arm4) { transformation: [-0.3197966071977848f,0.9474862162716593f,1.2246467991473532e-16f,0.6076773452782281f,0.9474862162716593f,0.3197966071977848f,0f,1.3569917285926996f,-3.916378913829504e-17f,1.1603359619933245e-16f,-1f,-1.3737265625f,0f,0f,0f,1f], start_interpolation: 0, interpolation_duration: 1 }
$data merge entity $(bone_small_arm_base4) { transformation: [0.5750052520432786f,0.8181497174250235f,1.2246467991473532e-16f,0.617300417549455f,0.8181497174250235f,-0.5750052520432786f,0f,1.3706839754573807f,7.041783414077183e-17f,1.0019444326678665e-16f,-1f,-1.2799765625f,0f,0f,0f,1f], start_interpolation: 0, interpolation_duration: 1 }
$data merge entity $(bone_bone25) { transformation: [-0.9759167619387474f,0.2181432413965425f,1.2246467991473532e-16f,2.6414183864572156e-16f,0.2181432413965425f,0.9759167619387474f,0f,0.4999999999999999f,-1.1951533387425365e-16f,2.6714842233190418e-17f,-1f,-1.7174765625f,0f,0f,0f,1f], start_interpolation: 0, interpolation_duration: 1 }
$data merge entity $(bone_bone16) { transformation: [-0.30298736632770645f,-0.9529945728312416f,1.2246467991473532e-16f,-0.34827653583612206f,-0.9529945728312416f,0.30298736632770645f,0f,0.9653667940521184f,-3.710525083553123e-17f,-1.167081753222579e-16f,-1f,-1.3737265625f,0f,0f,0f,1f], start_interpolation: 0, interpolation_duration: 1 }
$data merge entity $(bone_arm3) { transformation: [-0.9630277444447879f,0.26940223352746095f,1.2246467991473532e-16f,-0.8569917285926992f,0.26940223352746095f,0.9630277444447879f,0f,1.107677345278228f,-1.1793688447244046e-16f,3.2992258297255286e-17f,-1f,-1.3737265625f,0f,0f,0f,1f], start_interpolation: 0, interpolation_duration: 1 }
$data merge entity $(bone_small_arm_base3) { transformation: [-0.8181497174250234f,0.5750052520432788f,1.2246467991473532e-16f,-0.8706839754573804f,0.5750052520432788f,0.8181497174250234f,0f,1.1173004175494547f,-1.0019444326678664e-16f,7.041783414077185e-17f,-1f,-1.2799765625f,0f,0f,0f,1f], start_interpolation: 0, interpolation_duration: 1 }
$data merge entity $(bone_bone15) { transformation: [-0.21814324139654273f,-0.9759167619387474f,1.2246467991473532e-16f,2.6414183864572156e-16f,-0.9759167619387474f,0.21814324139654273f,0f,0.4999999999999999f,-2.6714842233190445e-17f,-1.1951533387425365e-16f,-1f,-1.7174765625f,0f,0f,0f,1f], start_interpolation: 0, interpolation_duration: 1 }
$data merge entity $(bone_bone26) { transformation: [0.6927727648614084f,0.7211559444851576f,1.2246467991473532e-16f,0.3556068093562237f,0.7211559444851576f,-0.6927727648614084f,0f,0.05862540002043802f,8.484019490239858e-17f,8.831613190998345e-17f,-1f,-1.3737265625f,0f,0f,0f,1f], start_interpolation: 0, interpolation_duration: 1 }
$data merge entity $(bone_arm5) { transformation: [0.9491511060531286f,-0.3148208663321459f,1.2246467991473532e-16f,0.8569917285926998f,-0.3148208663321459f,-0.9491511060531286f,0f,-0.10767734527822782f,1.1623748639351337e-16f,-3.8554436625845927e-17f,-1f,-1.3737265625f,0f,0f,0f,1f], start_interpolation: 0, interpolation_duration: 1 }
$data merge entity $(bone_small_arm_base5) { transformation: [0.8181497174250236f,-0.5750052520432785f,1.2246467991473532e-16f,0.870683975457381f,-0.5750052520432785f,-0.8181497174250236f,0f,-0.11730041754945464f,1.0019444326678666e-16f,-7.04178341407718e-17f,-1f,-1.2799765625f,0f,0f,0f,1f], start_interpolation: 0, interpolation_duration: 1 }
$data merge entity $(bone_bone20) { transformation: [0.2181432413965423f,0.9759167619387474f,1.2246467991473532e-16f,2.6414183864572156e-16f,0.9759167619387474f,-0.2181432413965423f,0f,0.4999999999999999f,2.671484223319039e-17f,1.1951533387425365e-16f,-1f,-1.7174765625f,0f,0f,0f,1f], start_interpolation: 0, interpolation_duration: 1 }
$data merge entity $(bone_bone11) { transformation: [-0.8904267652058969f,0.45512654922006324f,1.2246467991473532e-16f,-0.4307103788584124f,0.45512654922006324f,0.8904267652058969f,0f,0.1407292104161073f,-1.0904582878845337e-16f,5.573692717093309e-17f,-1f,-1.3737265625f,0f,0f,0f,1f], start_interpolation: 0, interpolation_duration: 1 }
$data merge entity $(bone_arm2) { transformation: [0.33500886338588287f,0.9422149762410376f,1.2246467991473532e-16f,-0.6076773452782277f,0.9422149762410376f,-0.33500886338588287f,0f,-0.3569917285926997f,4.102675322315146e-17f,1.1538805547622862e-16f,-1f,-1.3737265625f,0f,0f,0f,1f], start_interpolation: 0, interpolation_duration: 1 }
$data merge entity $(bone_small_arm_base2) { transformation: [0.5750052520432786f,0.8181497174250235f,1.2246467991473532e-16f,-0.6173004175494545f,0.8181497174250235f,-0.5750052520432786f,0f,-0.37068397545738085f,7.041783414077183e-17f,1.0019444326678665e-16f,-1f,-1.2799765625f,0f,0f,0f,1f], start_interpolation: 0, interpolation_duration: 1 }
$data merge entity $(bone_bone2) { transformation: [-0.9759167619387474f,0.2181432413965425f,1.2246467991473532e-16f,2.6414183864572156e-16f,0.2181432413965425f,0.9759167619387474f,0f,0.4999999999999999f,-1.1951533387425365e-16f,2.6714842233190418e-17f,-1f,-1.7174765625f,0f,0f,0f,1f], start_interpolation: 0, interpolation_duration: 1 }
$data merge entity $(bone_ring) { transformation: [-1.7559174206543233f,0.3924940452966947f,2.2034447328268763e-16f,2.220446049250313e-16f,0.3924940452966947f,1.7559174206543233f,0f,0.4999999999999999f,-2.1503786487713936e-16f,4.806665762569934e-17f,-1.799249166666667f,-1.3737265625f,0f,0f,0f,1f], start_interpolation: 0, interpolation_duration: 1 }
$data merge entity $(bone_wheel) { transformation: [-1f,9.907600726170921e-17f,-7.198293278059964e-17f,1.0625000000000002f,0f,-0.5877852522924729f,-0.8090169943749478f,-0.625f,-1.2246467991473532e-16f,-0.8090169943749478f,0.5877852522924729f,-1.4987265624999997f,0f,0f,0f,1f], start_interpolation: 0, interpolation_duration: 1 }
$data merge entity $(bone_wheel2) { transformation: [-1f,9.907600726170921e-17f,-7.198293278059964e-17f,1.0625000000000002f,0f,-0.5877852522924729f,-0.8090169943749478f,-0.625f,-1.2246467991473532e-16f,-0.8090169943749478f,0.5877852522924729f,-1.2487265624999997f,0f,0f,0f,1f], start_interpolation: 0, interpolation_duration: 1 }
$data merge entity $(bone_rails) { transformation: [-1.1373008333333334f,0f,1.3927918252092842e-16f,-0.43749999999999983f,0f,1.1373008333333334f,0f,-1f,-1.3927918252092842e-16f,0f,-1.1373008333333334f,-0.9362265624999999f,0f,0f,0f,1f], start_interpolation: 0, interpolation_duration: 1 }
$data merge entity $(bone_wheel3) { transformation: [-1f,9.907600726170921e-17f,-7.198293278059964e-17f,-1.0625f,0f,-0.5877852522924729f,-0.8090169943749478f,-0.625f,-1.2246467991473532e-16f,-0.8090169943749478f,0.5877852522924729f,-1.2487265625f,0f,0f,0f,1f], start_interpolation: 0, interpolation_duration: 1 }
$data merge entity $(bone_wheel4) { transformation: [-1f,9.907600726170921e-17f,-7.198293278059964e-17f,-1.0625f,0f,-0.5877852522924729f,-0.8090169943749478f,-0.625f,-1.2246467991473532e-16f,-0.8090169943749478f,0.5877852522924729f,-1.4987265625f,0f,0f,0f,1f], start_interpolation: 0, interpolation_duration: 1 }
$data merge entity $(bone_rails2) { transformation: [-1.2038220833333333f,0f,1.4742568610970649e-16f,0.4375000000000001f,0f,1.2038220833333333f,0f,-1f,-1.4742568610970649e-16f,0f,-1.2038220833333333f,-0.9362265624999998f,0f,0f,0f,1f], start_interpolation: 0, interpolation_duration: 1 }
$data merge entity $(bone_bone6) { transformation: [0.6917940377080961f,0.05199177428044713f,-0.7202207056164802f,0.7554495561185517f,0f,0.9974045377370042f,0.07200130624949014f,0.27543475837032066f,0.7220948756164453f,-0.04981007437059193f,0.6899985123894593f,0.05752006709827276f,0f,0f,0f,1f], start_interpolation: 0, interpolation_duration: 1 }
$data merge entity $(bone_bone5) { transformation: [0.6917940377080961f,-0.2787676291038704f,-0.666115319111741f,0.666469176278322f,0f,0.9224761753683475f,-0.3860540193778403f,0.22756725199713557f,0.7220948756164453f,0.26706986883883577f,0.6381635180475909f,0.14276661616694286f,0f,0f,0f,1f], start_interpolation: 0, interpolation_duration: 1 }
$data merge entity $(bone_bone4) { transformation: [0.6917940377080961f,-0.2787676291038704f,-0.666115319111741f,1.0859804919341927f,0f,0.9224761753683475f,-0.3860540193778403f,0.018548317283574645f,0.7220948756164453f,0.26706986883883577f,0.6381635180475909f,-0.5188021652400564f,0f,0f,0f,1f], start_interpolation: 0, interpolation_duration: 1 }
$data merge entity $(bone_bone3) { transformation: [0.6917940377080961f,0.2052766418146305f,-0.6923023253729814f,0.7926255065955942f,0f,0.9587415016371218f,0.28427932221425595f,-0.234375f,0.7220948756164453f,-0.196662740151521f,0.6632516545358678f,-0.1512033375062578f,0f,0f,0f,1f], start_interpolation: 0, interpolation_duration: 1 }
$data merge entity $(bone_octagon) { transformation: [0.6917940377080961f,0f,-0.7220948756164453f,0.859375f,0f,1f,0f,-0.40625f,0.7220948756164453f,0f,0.6917940377080961f,-0.1718749999999999f,0f,0f,0f,1f], start_interpolation: 0, interpolation_duration: 1 }
$data merge entity $(bone_bone10) { transformation: [0.0909150253018728f,0.9464011635698545f,0.3099343410594981f,-0.0644541530219156f,0f,0.3112232242035926f,-0.9503368375035877f,0.14315006131203006f,-0.9958586537126439f,0.08639989762694045f,0.028294867303000053f,-0.005164344529907547f,0f,0f,0f,1f], start_interpolation: 0, interpolation_duration: 1 }
$data merge entity $(bone_bone9) { transformation: [0.0909150253018728f,0.836616698335068f,0.5401915940120593f,0.009790225010831044f,0f,0.5424380176827104f,-0.8400958260653671f,0.03398224854820431f,-0.9958586537126439f,0.07637733328273058f,0.049315766102321336f,0.0016136550207361822f,0f,0f,0f,1f], start_interpolation: 0, interpolation_duration: 1 }
$data merge entity $(bone_bone8) { transformation: [0.0909150253018728f,0.836616698335068f,0.5401915940120593f,-0.7008048260051589f,0f,0.5424380176827104f,-0.8400958260653671f,0.2885742303976564f,-0.9958586537126439f,0.07637733328273058f,0.049315766102321336f,-0.2515385027705733f,0f,0f,0f,1f], start_interpolation: 0, interpolation_duration: 1 }
$data merge entity $(bone_bone7) { transformation: [0.0909150253018728f,0.8114523214128315f,0.5773037227041642f,-0.7942927396022762f,0f,0.579704479698929f,-0.8148268013614881f,-0.234375f,-0.9958586537126439f,0.07407999926242377f,0.05270384743943714f,-0.19731339384715307f,0f,0f,0f,1f], start_interpolation: 0, interpolation_duration: 1 }
$data merge entity $(bone_octagon2) { transformation: [0.0909150253018728f,0f,0.9958586537126439f,-0.859375f,0f,1f,0f,-0.40625f,-0.9958586537126439f,0f,0.0909150253018728f,-0.171875f,0f,0f,0f,1f], start_interpolation: 0, interpolation_duration: 1 }