# This file was generated by Animated Java via MC-Build. It is not recommended to edit this file directly.
$data merge entity $(bone_bone21) { transformation: [0.9480891373886758f,0.31800469739548853f,1.2246467991473532e-16f,0.4307668609565658f,0.31800469739548853f,-0.9480891373886758f,0f,0.11765737305201368f,1.161074327409417e-16f,3.8944343477920775e-17f,-1f,-1.5f,0f,0f,0f,1f], start_interpolation: 0, interpolation_duration: 1 }
$data merge entity $(bone_arm4) { transformation: [0.2165725201576515f,-0.9762665330290511f,1.2246467991473532e-16f,0.5451703472250695f,-0.9762665330290511f,-0.2165725201576515f,0f,-0.3980511518545005f,2.6522484359434363e-17f,-1.1955816847887112e-16f,-1f,-1.5f,0f,0f,0f,1f], start_interpolation: 0, interpolation_duration: 1 }
$data merge entity $(bone_small_arm_base4) { transformation: [0.5224985647159488f,-0.8526401643540921f,1.2246467991473532e-16f,0.5539146872671938f,-0.8526401643540921f,-0.5224985647159488f,0f,-0.412320617905069f,6.39876194838473e-17f,-1.044183048100712e-16f,-1f,-1.40625f,0f,0f,0f,1f], start_interpolation: 0, interpolation_duration: 1 }
$data merge entity $(bone_bone25) { transformation: [0.5877852522924729f,0.8090169943749473f,1.2246467991473532e-16f,2.6414183864572156e-16f,0.8090169943749473f,-0.5877852522924729f,0f,0.4999999999999999f,7.198293278059964e-17f,9.907600726170915e-17f,-1f,-1.84375f,0f,0f,0f,1f], start_interpolation: 0, interpolation_duration: 1 }
$data merge entity $(bone_bone16) { transformation: [0.7774702532016996f,0.6289197129892534f,1.2246467991473532e-16f,0.6581505127646253f,0.6289197129892534f,-0.7774702532016996f,0f,0.5745419123681113f,9.521264570157437e-17f,7.702045134329612e-17f,-1f,-1.5f,0f,0f,0f,1f], start_interpolation: 0, interpolation_duration: 1 }
$data merge entity $(bone_arm3) { transformation: [0.45414600279912487f,0.8909272743280324f,1.2246467991473532e-16f,0.8980511518545008f,0.8909272743280324f,-0.45414600279912487f,0f,1.045170347225069f,5.561684486735132e-17f,1.0910712347789008e-16f,-1f,-1.5f,0f,0f,0f,1f], start_interpolation: 0, interpolation_duration: 1 }
$data merge entity $(bone_small_arm_base3) { transformation: [0.8526401643540922f,0.5224985647159488f,1.2246467991473532e-16f,0.9123206179050692f,0.5224985647159488f,-0.8526401643540922f,0f,1.0539146872671934f,1.0441830481007122e-16f,6.398761948384729e-17f,-1f,-1.40625f,0f,0f,0f,1f], start_interpolation: 0, interpolation_duration: 1 }
$data merge entity $(bone_bone15) { transformation: [-0.8090169943749472f,0.5877852522924731f,1.2246467991473532e-16f,2.6414183864572156e-16f,0.5877852522924731f,0.8090169943749472f,0f,0.4999999999999999f,-9.907600726170914e-17f,7.198293278059966e-17f,-1f,-1.84375f,0f,0f,0f,1f], start_interpolation: 0, interpolation_duration: 1 }
$data merge entity $(bone_bone26) { transformation: [0.6466979743186462f,-0.7627461766617771f,1.2246467991473532e-16f,-0.453991080482557f,-0.7627461766617771f,-0.6466979743186462f,0f,0.24093119654005118f,7.919766042644073e-17f,-9.340946638107269e-17f,-1f,-1.5f,0f,0f,0f,1f], start_interpolation: 0, interpolation_duration: 1 }
$data merge entity $(bone_arm5) { transformation: [-0.840631801488073f,-0.5416070294290101f,1.2246467991473532e-16f,-0.8980511518545f,-0.5416070294290101f,0.840631801488073f,0f,-0.04517034722506958f,-1.0294770449538418e-16f,-6.632773149859435e-17f,-1f,-1.5f,0f,0f,0f,1f], start_interpolation: 0, interpolation_duration: 1 }
$data merge entity $(bone_small_arm_base5) { transformation: [-0.852640164354092f,-0.522498564715949f,1.2246467991473532e-16f,-0.9123206179050685f,-0.522498564715949f,0.852640164354092f,0f,-0.05391468726719395f,-1.0441830481007117e-16f,-6.398761948384731e-17f,-1f,-1.40625f,0f,0f,0f,1f], start_interpolation: 0, interpolation_duration: 1 }
$data merge entity $(bone_bone20) { transformation: [0.8090169943749475f,-0.5877852522924727f,1.2246467991473532e-16f,2.6414183864572156e-16f,-0.5877852522924727f,-0.8090169943749475f,0f,0.4999999999999999f,9.907600726170916e-17f,-7.198293278059961e-17f,-1f,-1.84375f,0f,0f,0f,1f], start_interpolation: 0, interpolation_duration: 1 }
$data merge entity $(bone_bone11) { transformation: [0.9956274219821757f,0.09341325707375059f,1.2246467991473532e-16f,-0.14601481261997595f,0.09341325707375059f,-0.9956274219821757f,0f,1.052047828856349f,1.2192919354738025e-16f,1.1439824627329784e-17f,-1f,-1.5f,0f,0f,0f,1f], start_interpolation: 0, interpolation_duration: 1 }
$data merge entity $(bone_arm2) { transformation: [0.7556248754641235f,-0.6550046164568825f,1.2246467991473532e-16f,-0.545170347225069f,-0.6550046164568825f,-0.7556248754641235f,0f,1.3980511518545002f,9.253735850932564e-17f,-8.021493069706607e-17f,-1f,-1.5f,0f,0f,0f,1f], start_interpolation: 0, interpolation_duration: 1 }
$data merge entity $(bone_small_arm_base2) { transformation: [0.5224985647159488f,-0.8526401643540921f,1.2246467991473532e-16f,-0.5539146872671934f,-0.8526401643540921f,-0.5224985647159488f,0f,1.4123206179050687f,6.39876194838473e-17f,-1.044183048100712e-16f,-1f,-1.40625f,0f,0f,0f,1f], start_interpolation: 0, interpolation_duration: 1 }
$data merge entity $(bone_bone2) { transformation: [0.5877852522924729f,0.8090169943749473f,1.2246467991473532e-16f,2.6414183864572156e-16f,0.8090169943749473f,-0.5877852522924729f,0f,0.4999999999999999f,7.198293278059964e-17f,9.907600726170915e-17f,-1f,-1.84375f,0f,0f,0f,1f], start_interpolation: 0, interpolation_duration: 1 }
$data merge entity $(bone_ring) { transformation: [1.0575721253661885f,1.4556231529482957f,2.2034447328268763e-16f,2.220446049250313e-16f,1.4556231529482957f,-1.0575721253661885f,0f,0.4999999999999999f,1.295152318197166e-16f,1.7826242350229084e-16f,-1.799249166666667f,-1.5f,0f,0f,0f,1f], start_interpolation: 0, interpolation_duration: 1 }
$data merge entity $(bone_wheel) { transformation: [-1f,1.4997597826618576e-32f,-1.2246467991473532e-16f,1.0625000000000002f,0f,-1f,-1.2246467991473532e-16f,-0.625f,-1.2246467991473532e-16f,-1.2246467991473532e-16f,1f,-1.6249999999999998f,0f,0f,0f,1f], start_interpolation: 0, interpolation_duration: 1 }
$data merge entity $(bone_wheel2) { transformation: [-1f,1.4997597826618576e-32f,-1.2246467991473532e-16f,1.0625000000000002f,0f,-1f,-1.2246467991473532e-16f,-0.625f,-1.2246467991473532e-16f,-1.2246467991473532e-16f,1f,-1.3749999999999998f,0f,0f,0f,1f], start_interpolation: 0, interpolation_duration: 1 }
$data merge entity $(bone_rails) { transformation: [-1.1373008333333334f,0f,1.3927918252092842e-16f,-0.43749999999999983f,0f,1.1373008333333334f,0f,-1f,-1.3927918252092842e-16f,0f,-1.1373008333333334f,-1.0625f,0f,0f,0f,1f], start_interpolation: 0, interpolation_duration: 1 }
$data merge entity $(bone_wheel3) { transformation: [-1f,1.4997597826618576e-32f,-1.2246467991473532e-16f,-1.0625f,0f,-1f,-1.2246467991473532e-16f,-0.625f,-1.2246467991473532e-16f,-1.2246467991473532e-16f,1f,-1.3750000000000002f,0f,0f,0f,1f], start_interpolation: 0, interpolation_duration: 1 }
$data merge entity $(bone_wheel4) { transformation: [-1f,1.4997597826618576e-32f,-1.2246467991473532e-16f,-1.0625f,0f,-1f,-1.2246467991473532e-16f,-0.625f,-1.2246467991473532e-16f,-1.2246467991473532e-16f,1f,-1.6250000000000002f,0f,0f,0f,1f], start_interpolation: 0, interpolation_duration: 1 }
$data merge entity $(bone_rails2) { transformation: [-1.2038220833333333f,0f,1.4742568610970649e-16f,0.4375000000000001f,0f,1.2038220833333333f,0f,-1f,-1.4742568610970649e-16f,0f,-1.2038220833333333f,-1.0625f,0f,0f,0f,1f], start_interpolation: 0, interpolation_duration: 1 }
$data merge entity $(bone_bone6) { transformation: [-0.9635688611839176f,0.03320288836912781f,-0.26539144289271155f,0.4982049966780402f,0f,0.992264545415019f,0.12414133845067937f,0.671812388982302f,0.26746037044154436f,0.11961872811676832f,-0.9561152180187275f,-1.1225286178611316f,0f,0f,0f,1f], start_interpolation: 0, interpolation_duration: 1 }
$data merge entity $(bone_bone5) { transformation: [-0.9635688611839176f,-0.1096621162781268f,-0.24394521928115487f,0.4655926824256596f,0f,0.9120798676769615f,-0.4100125790489561f,0.6207432106355135f,0.26746037044154436f,-0.3950753538652837f,-0.878851759406268f,-1.2400197080471687f,0f,0f,0f,1f], start_interpolation: 0, interpolation_duration: 1 }
$data merge entity $(bone_bone4) { transformation: [-0.9635688611839176f,-0.1096621162781268f,-0.24394521928115487f,0.94906260811155f,0f,0.9120798676769615f,-0.4100125790489561f,0.29254080650420466f,0.26746037044154436f,-0.3950753538652837f,-0.878851759406268f,-0.19928023232486233f,0f,0f,0f,1f], start_interpolation: 0, interpolation_duration: 1 }
$data merge entity $(bone_bone3) { transformation: [-0.9635688611839176f,-0.1664797283612873f,-0.20933119643636525f,0.8727702537594009f,0f,0.78266247852265f,-0.6224463388218958f,-0.234375f,0.26746037044154436f,-0.5997699098467131f,-0.7541491931214522f,-0.240456190400293f,0f,0f,0f,1f], start_interpolation: 0, interpolation_duration: 1 }
$data merge entity $(bone_octagon) { transformation: [-0.9635688611839176f,0f,-0.26746037044154436f,0.859375f,0f,1f,0f,-0.40625f,0.26746037044154436f,0f,-0.9635688611839176f,-0.1718749999999999f,0f,0f,0f,1f], start_interpolation: 0, interpolation_duration: 1 }
$data merge entity $(bone_bone10) { transformation: [-0.7390434992091334f,0.5368344445182583f,0.4069686541436487f,-0.5741079218168824f,0f,0.6041178626484145f,-0.7968949792972166f,0.5618276057864773f,-0.6736577070565731f,-0.588940054002005f,-0.4464693791464268f,-0.3456647131484682f,0f,0f,0f,1f], start_interpolation: 0, interpolation_duration: 1 }
$data merge entity $(bone_bone9) { transformation: [-0.7390434992091334f,0.1386234039194283f,0.6592406678615259f,-0.4865146325583447f,0f,0.9785988655009383f,-0.2057772106922349f,0.537975676686914f,-0.6736577070565731f,-0.15207830984748436f,-0.7232271298819015f,-0.44175988184135917f,0f,0f,0f,1f], start_interpolation: 0, interpolation_duration: 1 }
$data merge entity $(bone_bone8) { transformation: [-0.7390434992091334f,0.1386234039194283f,0.6592406678615259f,-1.094653256489094f,0f,0.9785988655009383f,-0.2057772106922349f,0.1967020520548004f,-0.6736577070565731f,-0.15207830984748436f,-0.7232271298819015f,-0.05292606625493604f,0f,0f,0f,1f], start_interpolation: 0, interpolation_duration: 1 }
$data merge entity $(bone_bone7) { transformation: [-0.7390434992091334f,0.10973579109689366f,0.6646598847749566f,-0.8403665026592496f,0f,0.986643332084879f,-0.16289547339458874f,-0.234375f,-0.6736577070565731f,-0.12038684066286515f,-0.729172340615368f,-0.23911702204608876f,0f,0f,0f,1f], start_interpolation: 0, interpolation_duration: 1 }
$data merge entity $(bone_octagon2) { transformation: [-0.7390434992091334f,0f,0.6736577070565731f,-0.859375f,0f,1f,0f,-0.40625f,-0.6736577070565731f,0f,-0.7390434992091334f,-0.171875f,0f,0f,0f,1f], start_interpolation: 0, interpolation_duration: 1 }