# This file was generated by Animated Java via MC-Build. It is not recommended to edit this file directly.
$data merge entity $(bone_bone21) { transformation: [0.978803748083999f,0.2048004461340737f,1.2246467991473532e-16f,0.4136177050763043f,0.2048004461340737f,-0.978803748083999f,0f,0.06874338842779276f,1.1986888770845017e-16f,2.5080821082204323e-17f,-1f,-1.2514999999999996f,0f,0f,0f,1f], start_interpolation: 0, interpolation_duration: 1 }
$data merge entity $(bone_arm4) { transformation: [0.027824473431905195f,-0.999612824386641f,1.2246467991473532e-16f,0.42831586143463696f,-0.999612824386641f,-0.027824473431905195f,0f,-0.4592977127483436f,3.407515232634323e-18f,-1.2241726457717452e-16f,-1f,-1.2514999999999996f,0f,0f,0f,1f], start_interpolation: 0, interpolation_duration: 1 }
$data merge entity $(bone_small_arm_base4) { transformation: [0.4115143586051082f,-0.9114032766354456f,1.2246467991473532e-16f,0.43520281142236755f,-0.9114032766354456f,-0.4115143586051082f,0f,-0.4745506162098857f,5.039597420689219e-17f,-1.1161471054640083e-16f,-1f,-1.1577499999999996f,0f,0f,0f,1f], start_interpolation: 0, interpolation_duration: 1 }
$data merge entity $(bone_bone25) { transformation: [0.6845471059286892f,0.7289686274214111f,1.2246467991473532e-16f,2.6414183864572156e-16f,0.7289686274214111f,-0.6845471059286892f,0f,0.4999999999999999f,8.383284221411533e-17f,8.927290962504707e-17f,-1f,-1.5952499999999996f,0f,0f,0f,1f], start_interpolation: 0, interpolation_duration: 1 }
$data merge entity $(bone_bone16) { transformation: [0.7287650080670129f,0.6847638739135461f,1.2246467991473532e-16f,0.7632701543943816f,0.6847638739135461f,-0.7287650080670129f,0f,0.4377889644173326f,8.924797344598627e-17f,8.38593886359966e-17f,-1f,-1.2514999999999996f,0f,0f,0f,1f], start_interpolation: 0, interpolation_duration: 1 }
$data merge entity $(bone_arm3) { transformation: [0.3710916836347905f,0.9285962321359573f,1.2246467991473532e-16f,0.9592977127483437f,0.9285962321359573f,-0.3710916836347905f,0f,0.9283158614346364f,4.544562425535487e-17f,1.137202403385593e-16f,-1f,-1.2514999999999996f,0f,0f,0f,1f], start_interpolation: 0, interpolation_duration: 1 }
$data merge entity $(bone_small_arm_base3) { transformation: [0.9114032766354457f,0.4115143586051081f,1.2246467991473532e-16f,0.9745506162098858f,0.4115143586051081f,-0.9114032766354457f,0f,0.935202811422367f,1.1161471054640085e-16f,5.039597420689216e-17f,-1f,-1.1577499999999996f,0f,0f,0f,1f], start_interpolation: 0, interpolation_duration: 1 }
$data merge entity $(bone_bone15) { transformation: [-0.728968627421411f,0.6845471059286893f,1.2246467991473532e-16f,2.6414183864572156e-16f,0.6845471059286893f,0.728968627421411f,0f,0.4999999999999999f,-8.927290962504704e-17f,8.383284221411536e-17f,-1f,-1.5952499999999996f,0f,0f,0f,1f], start_interpolation: 0, interpolation_duration: 1 }
$data merge entity $(bone_bone26) { transformation: [0.08667609466500509f,-0.9962365455119699f,1.2246467991473532e-16f,-0.48851200361357183f,-0.9962365455119699f,-0.08667609466500509f,0f,0.31127599236283926f,1.061476018940919e-17f,-1.2200378966548503e-16f,-1f,-1.2514999999999996f,0f,0f,0f,1f], start_interpolation: 0, interpolation_duration: 1 }
$data merge entity $(bone_arm5) { transformation: [-0.8912250037750361f,-0.45356145410097104f,1.2246467991473532e-16f,-0.9592977127483431f,-0.45356145410097104f,0.8912250037750361f,0f,0.07168413856536301f,-1.0914358481931854e-16f,-5.554525829813737e-17f,-1f,-1.2514999999999996f,0f,0f,0f,1f], start_interpolation: 0, interpolation_duration: 1 }
$data merge entity $(bone_small_arm_base5) { transformation: [-0.9114032766354456f,-0.4115143586051084f,1.2246467991473532e-16f,-0.9745506162098851f,-0.4115143586051084f,0.9114032766354456f,0f,0.06479718857763239f,-1.116147105464008e-16f,-5.0395974206892226e-17f,-1f,-1.1577499999999996f,0f,0f,0f,1f], start_interpolation: 0, interpolation_duration: 1 }
$data merge entity $(bone_bone20) { transformation: [0.7289686274214112f,-0.6845471059286891f,1.2246467991473532e-16f,2.6414183864572156e-16f,-0.6845471059286891f,-0.7289686274214112f,0f,0.4999999999999999f,8.927290962504709e-17f,-8.383284221411531e-17f,-1f,-1.5952499999999996f,0f,0f,0f,1f], start_interpolation: 0, interpolation_duration: 1 }
$data merge entity $(bone_bone11) { transformation: [0.9851213266696319f,0.1718603262555506f,1.2246467991473532e-16f,-0.15751475265556336f,0.1718603262555506f,-0.9851213266696319f,0f,1.0057448494394838f,1.206425679477759e-16f,2.1046819844927976e-17f,-1f,-1.2514999999999996f,0f,0f,0f,1f], start_interpolation: 0, interpolation_duration: 1 }
$data merge entity $(bone_arm2) { transformation: [0.5126424071738845f,-0.8586022142802598f,1.2246467991473532e-16f,-0.42831586143463646f,-0.8586022142802598f,-0.5126424071738845f,0f,1.4592977127483435f,6.278058830526919e-17f,-1.0514844534591503e-16f,-1f,-1.2514999999999996f,0f,0f,0f,1f], start_interpolation: 0, interpolation_duration: 1 }
$data merge entity $(bone_small_arm_base2) { transformation: [0.4115143586051082f,-0.9114032766354456f,1.2246467991473532e-16f,-0.4352028114223671f,-0.9114032766354456f,-0.4115143586051082f,0f,1.4745506162098856f,5.039597420689219e-17f,-1.1161471054640083e-16f,-1f,-1.1577499999999996f,0f,0f,0f,1f], start_interpolation: 0, interpolation_duration: 1 }
$data merge entity $(bone_bone2) { transformation: [0.6845471059286892f,0.7289686274214111f,1.2246467991473532e-16f,2.6414183864572156e-16f,0.7289686274214111f,-0.6845471059286892f,0f,0.4999999999999999f,8.383284221411533e-17f,8.927290962504707e-17f,-1f,-1.5952499999999996f,0f,0f,0f,1f], start_interpolation: 0, interpolation_duration: 1 }
$data merge entity $(bone_ring) { transformation: [1.2316708098862725f,1.311596195414118f,2.2034447328268763e-16f,2.220446049250313e-16f,1.311596195414118f,-1.2316708098862725f,0f,0.4999999999999999f,1.5083617149304519e-16f,1.606242082487746e-16f,-1.799249166666667f,-1.2514999999999996f,0f,0f,0f,1f], start_interpolation: 0, interpolation_duration: 1 }
$data merge entity $(bone_wheel) { transformation: [-1f,1.1647083184890928e-16f,-3.784366730434137e-17f,1.0625000000000002f,0f,-0.30901699437494634f,-0.951056516295154f,-0.625f,-1.2246467991473532e-16f,-0.951056516295154f,0.30901699437494634f,-1.3764999999999994f,0f,0f,0f,1f], start_interpolation: 0, interpolation_duration: 1 }
$data merge entity $(bone_wheel2) { transformation: [-1f,1.1647083184890928e-16f,-3.784366730434137e-17f,1.0625000000000002f,0f,-0.30901699437494634f,-0.951056516295154f,-0.625f,-1.2246467991473532e-16f,-0.951056516295154f,0.30901699437494634f,-1.1264999999999994f,0f,0f,0f,1f], start_interpolation: 0, interpolation_duration: 1 }
$data merge entity $(bone_rails) { transformation: [-1.1373008333333334f,0f,1.3927918252092842e-16f,-0.43749999999999983f,0f,1.1373008333333334f,0f,-1f,-1.3927918252092842e-16f,0f,-1.1373008333333334f,-0.8139999999999996f,0f,0f,0f,1f], start_interpolation: 0, interpolation_duration: 1 }
$data merge entity $(bone_wheel3) { transformation: [-1f,1.1647083184890928e-16f,-3.784366730434137e-17f,-1.0625f,0f,-0.30901699437494634f,-0.951056516295154f,-0.625f,-1.2246467991473532e-16f,-0.951056516295154f,0.30901699437494634f,-1.1264999999999996f,0f,0f,0f,1f], start_interpolation: 0, interpolation_duration: 1 }
$data merge entity $(bone_wheel4) { transformation: [-1f,1.1647083184890928e-16f,-3.784366730434137e-17f,-1.0625f,0f,-0.30901699437494634f,-0.951056516295154f,-0.625f,-1.2246467991473532e-16f,-0.951056516295154f,0.30901699437494634f,-1.3764999999999996f,0f,0f,0f,1f], start_interpolation: 0, interpolation_duration: 1 }
$data merge entity $(bone_rails2) { transformation: [-1.2038220833333333f,0f,1.4742568610970649e-16f,0.4375000000000001f,0f,1.2038220833333333f,0f,-1f,-1.4742568610970649e-16f,0f,-1.2038220833333333f,-0.8139999999999995f,0f,0f,0f,1f], start_interpolation: 0, interpolation_duration: 1 }
$data merge entity $(bone_bone6) { transformation: [-0.9596180105078209f,0.003548643995218495f,-0.28128398645284935f,0.5370577634085721f,0f,0.999920429330076f,0.012614872506555797f,0.5654545039925614f,0.2813063701891792f,0.012105458857550877f,-0.9595416530598537f,-0.9381264900934727f,0f,0f,0f,1f], start_interpolation: 0, interpolation_duration: 1 }
$data merge entity $(bone_bone5) { transformation: [-0.9596180105078209f,-0.12740329291628158f,-0.25080206311571623f,0.5034787182686528f,0f,0.8915619754613137f,-0.452898712640608f,0.5086477740782192f,0.2813063701891792f,-0.4346097615857336f,-0.8555589291366086f,-1.052674399087683f,0f,0f,0f,1f], start_interpolation: 0, interpolation_duration: 1 }
$data merge entity $(bone_bone4) { transformation: [-0.9596180105078209f,-0.12740329291628158f,-0.25080206311571623f,0.9920825861970615f,0f,0.8915619754613137f,-0.452898712640608f,0.2506640526655078f,0.2813063701891792f,-0.4346097615857336f,-0.8555589291366086f,-0.05243728579849005f,0f,0f,0f,1f], start_interpolation: 0, interpolation_duration: 1 }
$data merge entity $(bone_bone3) { transformation: [-0.9596180105078209f,-0.10149270594207353f,-0.2623594948721455f,0.8717814146915457f,0f,0.9326468316224339f,-0.3607906421522536f,-0.234375f,0.2813063701891792f,-0.3462211982319848f,-0.8949846970679427f,-0.24064194972515054f,0f,0f,0f,1f], start_interpolation: 0, interpolation_duration: 1 }
$data merge entity $(bone_octagon) { transformation: [-0.9596180105078209f,0f,-0.2813063701891792f,0.859375f,0f,1f,0f,-0.40625f,0.2813063701891792f,0f,-0.9596180105078209f,-0.1718749999999999f,0f,0f,0f,1f], start_interpolation: 0, interpolation_duration: 1 }
$data merge entity $(bone_bone10) { transformation: [-0.836100459183797f,0.3240768065583235f,0.44261749355804125f,-0.6008649854539226f,0f,0.8068475535437996f,-0.5907597018588739f,0.623507217706369f,-0.5485763594547651f,-0.4939344579914875f,-0.674605610009294f,-0.394980388623072f,0f,0f,0f,1f], start_interpolation: 0, interpolation_duration: 1 }
$data merge entity $(bone_bone9) { transformation: [-0.836100459183797f,0.07701070591023135f,0.5431439710867199f,-0.5288244997191833f,0f,0.990097297715409f,-0.14038283747183888f,0.6083365447883433f,-0.5485763594547651f,-0.11737415487172884f,-0.82782080525649f,-0.504779292940614f,0f,0f,0f,1f], start_interpolation: 0, interpolation_duration: 1 }
$data merge entity $(bone_bone8) { transformation: [-0.836100459183797f,0.07701070591023135f,0.5431439710867199f,-1.0713802533149446f,0f,0.990097297715409f,-0.14038283747183888f,0.19871458609016335f,-0.5485763594547651f,-0.11737415487172884f,-0.82782080525649f,-0.01964880904820357f,0f,0f,0f,1f], start_interpolation: 0, interpolation_duration: 1 }
$data merge entity $(bone_bone7) { transformation: [-0.836100459183797f,0.09290113429696865f,0.5406527549166658f,-0.8512171168835708f,0f,0.9855560590580777f,-0.1693495038490246f,-0.234375f,-0.5485763594547651f,-0.14159319793071767f,-0.8240238735298322f,-0.24127428993194872f,0f,0f,0f,1f], start_interpolation: 0, interpolation_duration: 1 }
$data merge entity $(bone_octagon2) { transformation: [-0.836100459183797f,0f,0.5485763594547651f,-0.859375f,0f,1f,0f,-0.40625f,-0.5485763594547651f,0f,-0.836100459183797f,-0.171875f,0f,0f,0f,1f], start_interpolation: 0, interpolation_duration: 1 }