# This file was generated by Animated Java via MC-Build. It is not recommended to edit this file directly.
$data merge entity $(bone_bone21) { transformation: [0.9916476145631614f,0.12897677516201106f,1.2246467991473532e-16f,0.3900945900451321f,0.12897677516201106f,-0.9916476145631614f,0f,0.04345187866106126f,1.2144180770568838e-16f,1.5795099486650473e-17f,-1f,-1.1535000000000002f,0f,0f,0f,1f], start_interpolation: 0, interpolation_duration: 1 }
$data merge entity $(bone_arm4) { transformation: [-0.04327288823326125f,-0.9990632898590317f,1.2246467991473532e-16f,0.36723587615479786f,-0.9990632898590317f,0.04327288823326125f,0f,-0.484298933305079f,-5.299400406472456e-18f,-1.2234996600714876e-16f,-1f,-1.1535000000000002f,0f,0f,0f,1f], start_interpolation: 0, interpolation_duration: 1 }
$data merge entity $(bone_small_arm_base4) { transformation: [0.35347484377925736f,-0.9354440308298673f,1.2246467991473532e-16f,0.3731514985872211f,-0.9354440308298673f,-0.35347484377925736f,0f,-0.49995417381353613f,4.328818360133783e-17f,-1.145588538137295e-16f,-1f,-1.0597500000000002f,0f,0f,0f,1f], start_interpolation: 0, interpolation_duration: 1 }
$data merge entity $(bone_bone25) { transformation: [0.7289686274214113f,0.6845471059286888f,1.2246467991473532e-16f,1.531195361832059e-16f,0.6845471059286888f,-0.7289686274214113f,0f,0.4999999999999999f,8.927290962504709e-17f,8.38328422141153e-17f,-1f,-1.4972500000000002f,0f,0f,0f,1f], start_interpolation: 0, interpolation_duration: 1 }
$data merge entity $(bone_bone16) { transformation: [0.7481252362562145f,0.6635575565665601f,1.2246467991473532e-16f,0.8276676404375541f,0.6635575565665601f,-0.7481252362562145f,0f,0.36274595710161317f,9.161891759425305e-17f,8.126236376992767e-17f,-1f,-1.1535000000000002f,0f,0f,0f,1f], start_interpolation: 0, interpolation_duration: 1 }
$data merge entity $(bone_arm3) { transformation: [0.2965122387289528f,0.9550290531098752f,1.2246467991473532e-16f,0.984298933305079f,0.9550290531098752f,-0.2965122387289528f,0f,0.8672358761547974f,3.6312276406742793e-17f,1.1695732729837363e-16f,-1f,-1.1535000000000002f,0f,0f,0f,1f], start_interpolation: 0, interpolation_duration: 1 }
$data merge entity $(bone_small_arm_base3) { transformation: [0.9354440308298675f,0.3534748437792572f,1.2246467991473532e-16f,0.9999541738135361f,0.3534748437792572f,-0.9354440308298675f,0f,0.8731514985872206f,1.1455885381372952e-16f,4.328818360133779e-17f,-1f,-1.0597500000000002f,0f,0f,0f,1f], start_interpolation: 0, interpolation_duration: 1 }
$data merge entity $(bone_bone15) { transformation: [-0.6845471059286887f,0.7289686274214114f,1.2246467991473532e-16f,1.531195361832059e-16f,0.7289686274214114f,0.6845471059286887f,0f,0.4999999999999999f,-8.383284221411527e-17f,8.927290962504712e-17f,-1f,-1.4972500000000002f,0f,0f,0f,1f], start_interpolation: 0, interpolation_duration: 1 }
$data merge entity $(bone_bone26) { transformation: [-0.21964070977302225f,-0.9755808314078354f,1.2246467991473532e-16f,-0.5019555812927587f,-0.9755808314078354f,0.21964070977302225f,0f,0.3481436286760005f,-2.6898229218598442e-17f,-1.1947419424931196e-16f,-1f,-1.1535000000000002f,0f,0f,0f,1f], start_interpolation: 0, interpolation_duration: 1 }
$data merge entity $(bone_arm5) { transformation: [-0.9131043006978428f,-0.40772605514867927f,1.2246467991473532e-16f,-0.9842989333050786f,-0.40772605514867927f,0.9131043006978428f,0f,0.132764123845202f,-1.1182302591372956e-16f,-4.993204083668074e-17f,-1f,-1.1535000000000002f,0f,0f,0f,1f], start_interpolation: 0, interpolation_duration: 1 }
$data merge entity $(bone_small_arm_base5) { transformation: [-0.9354440308298673f,-0.35347484377925753f,1.2246467991473532e-16f,-0.9999541738135357f,-0.35347484377925753f,0.9354440308298673f,0f,0.12684850141277876f,-1.145588538137295e-16f,-4.328818360133786e-17f,-1f,-1.0597500000000002f,0f,0f,0f,1f], start_interpolation: 0, interpolation_duration: 1 }
$data merge entity $(bone_bone20) { transformation: [0.684547105928689f,-0.7289686274214112f,1.2246467991473532e-16f,1.531195361832059e-16f,-0.7289686274214112f,-0.684547105928689f,0f,0.4999999999999999f,8.383284221411532e-17f,-8.927290962504707e-17f,-1f,-1.4972500000000002f,0f,0f,0f,1f], start_interpolation: 0, interpolation_duration: 1 }
$data merge entity $(bone_bone11) { transformation: [0.920036568412702f,0.3918325060320791f,1.2246467991473532e-16f,-0.17174745608442005f,0.3918325060320791f,-0.920036568412702f,0f,0.9935569257797108f,1.1267198386051306e-16f,4.7985642431407164e-17f,-1f,-1.1535000000000002f,0f,0f,0f,1f], start_interpolation: 0, interpolation_duration: 1 }
$data merge entity $(bone_arm2) { transformation: [0.3700710631921988f,-0.9290034489644242f,1.2246467991473532e-16f,-0.3672358761547976f,-0.9290034489644242f,-0.3700710631921988f,0f,1.4842989333050787f,4.532063429953841e-17f,-1.1377011001711338e-16f,-1f,-1.1535000000000002f,0f,0f,0f,1f], start_interpolation: 0, interpolation_duration: 1 }
$data merge entity $(bone_small_arm_base2) { transformation: [0.35347484377925736f,-0.9354440308298673f,1.2246467991473532e-16f,-0.37315149858722085f,-0.9354440308298673f,-0.35347484377925736f,0f,1.4999541738135358f,4.328818360133783e-17f,-1.145588538137295e-16f,-1f,-1.0597500000000002f,0f,0f,0f,1f], start_interpolation: 0, interpolation_duration: 1 }
$data merge entity $(bone_bone2) { transformation: [0.7289686274214113f,0.6845471059286888f,1.2246467991473532e-16f,1.531195361832059e-16f,0.6845471059286888f,-0.7289686274214113f,0f,0.4999999999999999f,8.927290962504709e-17f,8.38328422141153e-17f,-1f,-1.4972500000000002f,0f,0f,0f,1f], start_interpolation: 0, interpolation_duration: 1 }
$data merge entity $(bone_ring) { transformation: [1.3115961954141184f,1.231670809886272f,2.2034447328268763e-16f,1.1102230246251565e-16f,1.231670809886272f,-1.3115961954141184f,0f,0.4999999999999999f,1.6062420824877466e-16f,1.5083617149304514e-16f,-1.799249166666667f,-1.1535000000000002f,0f,0f,0f,1f], start_interpolation: 0, interpolation_duration: 1 }
$data merge entity $(bone_wheel) { transformation: [-1f,1.1647083184890928e-16f,3.784366730434141e-17f,1.0625f,0f,0.3090169943749467f,-0.9510565162951539f,-0.625f,-1.2246467991473532e-16f,-0.9510565162951539f,-0.3090169943749467f,-1.2785f,0f,0f,0f,1f], start_interpolation: 0, interpolation_duration: 1 }
$data merge entity $(bone_wheel2) { transformation: [-1f,1.1647083184890928e-16f,3.784366730434141e-17f,1.0625f,0f,0.3090169943749467f,-0.9510565162951539f,-0.625f,-1.2246467991473532e-16f,-0.9510565162951539f,-0.3090169943749467f,-1.0285f,0f,0f,0f,1f], start_interpolation: 0, interpolation_duration: 1 }
$data merge entity $(bone_rails) { transformation: [-1.1373008333333334f,0f,1.3927918252092842e-16f,-0.43749999999999994f,0f,1.1373008333333334f,0f,-1f,-1.3927918252092842e-16f,0f,-1.1373008333333334f,-0.7160000000000002f,0f,0f,0f,1f], start_interpolation: 0, interpolation_duration: 1 }
$data merge entity $(bone_wheel3) { transformation: [-1f,1.1647083184890928e-16f,3.784366730434141e-17f,-1.0625f,0f,0.3090169943749467f,-0.9510565162951539f,-0.625f,-1.2246467991473532e-16f,-0.9510565162951539f,-0.3090169943749467f,-1.0285000000000002f,0f,0f,0f,1f], start_interpolation: 0, interpolation_duration: 1 }
$data merge entity $(bone_wheel4) { transformation: [-1f,1.1647083184890928e-16f,3.784366730434141e-17f,-1.0625f,0f,0.3090169943749467f,-0.9510565162951539f,-0.625f,-1.2246467991473532e-16f,-0.9510565162951539f,-0.3090169943749467f,-1.2785000000000002f,0f,0f,0f,1f], start_interpolation: 0, interpolation_duration: 1 }
$data merge entity $(bone_rails2) { transformation: [-1.2038220833333333f,0f,1.4742568610970649e-16f,0.4375f,0f,1.2038220833333333f,0f,-1f,-1.4742568610970649e-16f,0f,-1.2038220833333333f,-0.7160000000000001f,0f,0f,0f,1f], start_interpolation: 0, interpolation_duration: 1 }
$data merge entity $(bone_bone6) { transformation: [-0.9529614772731069f,-0.012912519662922964f,-0.3028162638786305f,0.5431726680406421f,0f,0.9990920920065595f,-0.04260271927889642f,0.5035958597465229f,0.303091443022494f,-0.04059875029986859f,-0.9520962759304498f,-0.856746335565173f,0f,0f,0f,1f], start_interpolation: 0, interpolation_duration: 1 }
$data merge entity $(bone_bone5) { transformation: [-0.9529614772731069f,-0.1436872353937923f,-0.2668677597956461f,0.507414901297728f,0f,0.8804859587403147f,-0.474072227051057f,0.44395318560539815f,0.303091443022494f,-0.451772569824727f,-0.8390691999593981f,-0.9691737069205089f,0f,0f,0f,1f], start_interpolation: 0, interpolation_duration: 1 }
$data merge entity $(bone_bone4) { transformation: [-0.9529614772731069f,-0.1436872353937923f,-0.2668677597956461f,1.0126933853642608f,0f,0.8804859587403147f,-0.474072227051057f,0.21993866417391916f,0.303091443022494f,-0.451772569824727f,-0.8390691999593981f,0.0008666468368191127f,0f,0f,0f,1f], start_interpolation: 0, interpolation_duration: 1 }
$data merge entity $(bone_bone3) { transformation: [-0.9529614772731069f,-0.07303616266732925f,-0.29416006149083046f,0.8702118309758787f,0f,0.9705323863894082f,-0.24097071807437614f,-0.234375f,0.303091443022494f,-0.22963581147571885f,-0.9248799766750442f,-0.240906699924022f,0f,0f,0f,1f], start_interpolation: 0, interpolation_duration: 1 }
$data merge entity $(bone_octagon) { transformation: [-0.9529614772731069f,0f,-0.303091443022494f,0.859375f,0f,1f,0f,-0.40625f,0.303091443022494f,0f,-0.9529614772731069f,-0.1718749999999999f,0f,0f,0f,1f], start_interpolation: 0, interpolation_duration: 1 }
$data merge entity $(bone_bone10) { transformation: [-0.8682715542974851f,0.10195675480094382f,0.4854990506152299f,-0.5952230398232329f,0f,0.9786527043120509f,-0.20552100705939938f,0.6431867242443606f,-0.49608921374872617f,-0.17844804424024913f,-0.8497363046904615f,-0.44522428733623826f,0f,0f,0f,1f], start_interpolation: 0, interpolation_duration: 1 }
$data merge entity $(bone_bone9) { transformation: [-0.8682715542974851f,0.07486768150435234f,0.4904073187300453f,-0.5301591200069974f,0f,0.9885466265719721f,-0.15091576157967734f,0.6266188101142965f,-0.49608921374872617f,-0.13103586287477514f,-0.8583269159491819f,-0.5591012861136074f,0f,0f,0f,1f], start_interpolation: 0, interpolation_duration: 1 }
$data merge entity $(bone_bone8) { transformation: [-0.8682715542974851f,0.07486768150435234f,0.4904073187300453f,-1.0576489801806033f,0f,0.9885466265719721f,-0.15091576157967734f,0.20425071199290495f,-0.49608921374872617f,-0.13103586287477514f,-0.8583269159491819f,-0.01382750617185502f,0f,0f,0f,1f], start_interpolation: 0, interpolation_duration: 1 }
$data merge entity $(bone_bone7) { transformation: [-0.8682715542974851f,0.0929578490240348f,0.48730210988939304f,-0.855502910212501f,0f,0.9822872507286887f,-0.18738131458572455f,-0.234375f,-0.49608921374872617f,-0.16269786526165309f,-0.8528920779568021f,-0.2416447600732405f,0f,0f,0f,1f], start_interpolation: 0, interpolation_duration: 1 }
$data merge entity $(bone_octagon2) { transformation: [-0.8682715542974851f,0f,0.49608921374872617f,-0.859375f,0f,1f,0f,-0.40625f,-0.49608921374872617f,0f,-0.8682715542974851f,-0.171875f,0f,0f,0f,1f], start_interpolation: 0, interpolation_duration: 1 }