# This file was generated by Animated Java via MC-Build. It is not recommended to edit this file directly.
$data merge entity $(bone_bone21) { transformation: [0.9963783204095112f,0.0850308333366316f,1.2246467991473532e-16f,0.37386239961684964f,0.0850308333366316f,-0.9963783204095112f,0f,0.03154840454176777f,1.220211520829324e-16f,1.0413273787453797e-17f,-1f,-1.1156562499999998f,0f,0f,0f,1f], start_interpolation: 0, interpolation_duration: 1 }
$data merge entity $(bone_arm4) { transformation: [-0.07141622583883539f,-0.9974466014213178f,1.2246467991473532e-16f,0.33613709076347287f,-0.9974466014213178f,0.07141622583883539f,0f,-0.49534839883016213f,-8.745965238071423e-18f,-1.2215197877510228e-16f,-1f,-1.1156562499999998f,0f,0f,0f,1f], start_interpolation: 0, interpolation_duration: 1 }
$data merge entity $(bone_small_arm_base4) { transformation: [0.32391741819814934f,-0.9460853588275457f,1.2246467991473532e-16f,0.3415580512054053f,-0.9460853588275457f,-0.32391741819814934f,0f,-0.5111817286134904f,3.9668442938443834e-17f,-1.158620406408329e-16f,-1f,-1.0219062499999998f,0f,0f,0f,1f], start_interpolation: 0, interpolation_duration: 1 }
$data merge entity $(bone_bone25) { transformation: [0.7501110696304598f,0.6613118653236519f,1.2246467991473532e-16f,1.531195361832059e-16f,0.6613118653236519f,-0.7501110696304598f,0f,0.4999999999999999f,9.1862112042794e-17f,8.098734591067759e-17f,-1f,-1.4594062499999998f,0f,0f,0f,1f], start_interpolation: 0, interpolation_duration: 1 }
$data merge entity $(bone_bone16) { transformation: [0.7893910978243913f,0.6138906211008623f,1.2246467991473532e-16f,0.8497229460382099f,0.6138906211008623f,-0.7893910978243913f,0f,0.3283608921968406f,9.667252812260557e-17f,7.517991841577518e-17f,-1f,-1.1156562499999998f,0f,0f,0f,1f], start_interpolation: 0, interpolation_duration: 1 }
$data merge entity $(bone_arm3) { transformation: [0.2756775369260322f,0.9612501732818551f,1.2246467991473532e-16f,0.9953483988301622f,0.9612501732818551f,-0.2756775369260322f,0f,0.8361370907634724f,3.376076131932913e-17f,1.1771919478894625e-16f,-1f,-1.1156562499999998f,0f,0f,0f,1f], start_interpolation: 0, interpolation_duration: 1 }
$data merge entity $(bone_small_arm_base3) { transformation: [0.9460853588275457f,0.32391741819814907f,1.2246467991473532e-16f,1.0111817286134905f,0.32391741819814907f,-0.9460853588275457f,0f,0.8415580512054048f,1.1586204064083288e-16f,3.96684429384438e-17f,-1f,-1.0219062499999998f,0f,0f,0f,1f], start_interpolation: 0, interpolation_duration: 1 }
$data merge entity $(bone_bone15) { transformation: [-0.6613118653236517f,0.7501110696304599f,1.2246467991473532e-16f,1.531195361832059e-16f,0.7501110696304599f,0.6613118653236517f,0f,0.4999999999999999f,-8.098734591067757e-17f,9.186211204279401e-17f,-1f,-1.4594062499999998f,0f,0f,0f,1f], start_interpolation: 0, interpolation_duration: 1 }
$data merge entity $(bone_bone26) { transformation: [-0.3667951876054786f,-0.9303017200615415f,1.2246467991473532e-16f,-0.5076910791068507f,-0.9303017200615415f,0.3667951876054786f,0f,0.3669239317197135f,-4.491945524437023e-17f,-1.139291023714644e-16f,-1f,-1.1156562499999998f,0f,0f,0f,1f], start_interpolation: 0, interpolation_duration: 1 }
$data merge entity $(bone_arm5) { transformation: [-0.923163953744645f,-0.3844064444134046f,1.2246467991473532e-16f,-0.9953483988301618f,-0.3844064444134046f,0.923163953744645f,0f,0.16386290923652685f,-1.1305497810415948e-16f,-4.707621217224909e-17f,-1f,-1.1156562499999998f,0f,0f,0f,1f], start_interpolation: 0, interpolation_duration: 1 }
$data merge entity $(bone_small_arm_base5) { transformation: [-0.9460853588275457f,-0.3239174181981496f,1.2246467991473532e-16f,-1.01118172861349f,-0.3239174181981496f,0.9460853588275457f,0f,0.15844194879459444f,-1.158620406408329e-16f,-3.966844293844386e-17f,-1f,-1.0219062499999998f,0f,0f,0f,1f], start_interpolation: 0, interpolation_duration: 1 }
$data merge entity $(bone_bone20) { transformation: [0.6613118653236522f,-0.7501110696304597f,1.2246467991473532e-16f,1.531195361832059e-16f,-0.7501110696304597f,-0.6613118653236522f,0f,0.4999999999999999f,8.098734591067762e-17f,-9.186211204279399e-17f,-1f,-1.4594062499999998f,0f,0f,0f,1f], start_interpolation: 0, interpolation_duration: 1 }
$data merge entity $(bone_bone11) { transformation: [0.8180780272470282f,0.5751072433343294f,1.2246467991473532e-16f,-0.18028293743503035f,0.5751072433343294f,-0.8180780272470282f,0f,0.9906178536657988f,1.0018566375208543e-16f,7.043032447158445e-17f,-1f,-1.1156562499999998f,0f,0f,0f,1f], start_interpolation: 0, interpolation_duration: 1 }
$data merge entity $(bone_arm2) { transformation: [0.2950410679282811f,-0.9554845724739569f,1.2246467991473532e-16f,-0.33613709076347265f,-0.9554845724739569f,-0.2950410679282811f,0f,1.495348398830162f,3.613210994553864e-17f,-1.1701311233149086e-16f,-1f,-1.1156562499999998f,0f,0f,0f,1f], start_interpolation: 0, interpolation_duration: 1 }
$data merge entity $(bone_small_arm_base2) { transformation: [0.32391741819814934f,-0.9460853588275457f,1.2246467991473532e-16f,-0.34155805120540506f,-0.9460853588275457f,-0.32391741819814934f,0f,1.51118172861349f,3.9668442938443834e-17f,-1.158620406408329e-16f,-1f,-1.0219062499999998f,0f,0f,0f,1f], start_interpolation: 0, interpolation_duration: 1 }
$data merge entity $(bone_bone2) { transformation: [0.7501110696304598f,0.6613118653236519f,1.2246467991473532e-16f,1.531195361832059e-16f,0.6613118653236519f,-0.7501110696304598f,0f,0.4999999999999999f,9.1862112042794e-17f,8.098734591067759e-17f,-1f,-1.4594062499999998f,0f,0f,0f,1f], start_interpolation: 0, interpolation_duration: 1 }
$data merge entity $(bone_ring) { transformation: [1.349636716940047f,1.1898648225903599f,2.2034447328268763e-16f,1.1102230246251565e-16f,1.1898648225903599f,-1.349636716940047f,0f,0.4999999999999999f,1.6528282854123709e-16f,1.4571641464033175e-16f,-1.799249166666667f,-1.1156562499999998f,0f,0f,0f,1f], start_interpolation: 0, interpolation_duration: 1 }
$data merge entity $(bone_wheel) { transformation: [-1f,9.907600726170909e-17f,7.198293278059977e-17f,1.0625f,0f,0.587785252292474f,-0.8090169943749468f,-0.625f,-1.2246467991473532e-16f,-0.8090169943749468f,-0.587785252292474f,-1.2406562499999996f,0f,0f,0f,1f], start_interpolation: 0, interpolation_duration: 1 }
$data merge entity $(bone_wheel2) { transformation: [-1f,9.907600726170909e-17f,7.198293278059977e-17f,1.0625f,0f,0.587785252292474f,-0.8090169943749468f,-0.625f,-1.2246467991473532e-16f,-0.8090169943749468f,-0.587785252292474f,-0.9906562499999996f,0f,0f,0f,1f], start_interpolation: 0, interpolation_duration: 1 }
$data merge entity $(bone_rails) { transformation: [-1.1373008333333334f,0f,1.3927918252092842e-16f,-0.43749999999999994f,0f,1.1373008333333334f,0f,-1f,-1.3927918252092842e-16f,0f,-1.1373008333333334f,-0.6781562499999998f,0f,0f,0f,1f], start_interpolation: 0, interpolation_duration: 1 }
$data merge entity $(bone_wheel3) { transformation: [-1f,9.907600726170909e-17f,7.198293278059977e-17f,-1.0625f,0f,0.587785252292474f,-0.8090169943749468f,-0.625f,-1.2246467991473532e-16f,-0.8090169943749468f,-0.587785252292474f,-0.9906562499999998f,0f,0f,0f,1f], start_interpolation: 0, interpolation_duration: 1 }
$data merge entity $(bone_wheel4) { transformation: [-1f,9.907600726170909e-17f,7.198293278059977e-17f,-1.0625f,0f,0.587785252292474f,-0.8090169943749468f,-0.625f,-1.2246467991473532e-16f,-0.8090169943749468f,-0.587785252292474f,-1.2406562499999998f,0f,0f,0f,1f], start_interpolation: 0, interpolation_duration: 1 }
$data merge entity $(bone_rails2) { transformation: [-1.2038220833333333f,0f,1.4742568610970649e-16f,0.4375f,0f,1.2038220833333333f,0f,-1f,-1.4742568610970649e-16f,0f,-1.2038220833333333f,-0.6781562499999997f,0f,0f,0f,1f], start_interpolation: 0, interpolation_duration: 1 }
$data merge entity $(bone_bone6) { transformation: [-0.9479937972522533f,-0.022017913657237584f,-0.31752633252918716f,0.5427059087539488f,0f,0.9976044782893227f,-0.06917589823838882f,0.4740568684319894f,0.3182888002604765f,-0.06557832244934564f,-0.9457228575293483f,-0.8205008206817606f,0f,0f,0f,1f], start_interpolation: 0, interpolation_duration: 1 }
$data merge entity $(bone_bone5) { transformation: [-0.9479937972522533f,-0.15407159299688206f,-0.2785133831661535f,0.5053736884658637f,0f,0.8750335636636533f,-0.48406225060635255f,0.41307537401755134f,0.3182888002604765f,-0.45888801105878796f,-0.829526390740678f,-0.9316913911378896f,0f,0f,0f,1f], start_interpolation: 0, interpolation_duration: 1 }
$data merge entity $(bone_bone4) { transformation: [-0.9479937972522533f,-0.15407159299688206f,-0.2785133831661535f,1.022918542843886f,0f,0.8750335636636533f,-0.48406225060635255f,0.20492473390285104f,0.3182888002604765f,-0.45888801105878796f,-0.829526390740678f,0.020680516080069267f,0f,0f,0f,1f], start_interpolation: 0, interpolation_duration: 1 }
$data merge entity $(bone_bone3) { transformation: [-0.9479937972522533f,-0.0603493478545573f,-0.31251514616860276f,0.8691067561478532f,0f,0.9818603290874552f,-0.18960562798681413f,-0.234375f,0.3182888002604765f,-0.17974495925561804f,-0.9307975017429637f,-0.24107113733640562f,0f,0f,0f,1f], start_interpolation: 0, interpolation_duration: 1 }
$data merge entity $(bone_octagon) { transformation: [-0.9479937972522533f,0f,-0.3182888002604765f,0.859375f,0f,1f,0f,-0.40625f,0.3182888002604765f,0f,-0.9479937972522533f,-0.1718749999999999f,0f,0f,0f,1f], start_interpolation: 0, interpolation_duration: 1 }
$data merge entity $(bone_bone10) { transformation: [-0.8826412633831182f,-0.010094793159609428f,0.4699388208315178f,-0.5921154345172432f,0f,0.9997693614280221f,0.021476125111504762f,0.6558488407860601f,-0.47004723185383485f,0.018955714200992513f,-0.8824376922625629f,-0.4742793349182506f,0f,0f,0f,1f], start_interpolation: 0, interpolation_duration: 1 }
$data merge entity $(bone_bone9) { transformation: [-0.8826412633831182f,0.07323531117540567f,0.4643069990539602f,-0.5305062954289752f,0f,0.9877879659513461f,-0.15580415373699896f,0.6386323256406512f,-0.47004723185383485f,-0.1375191750947623f,-0.8718624182219368f,-0.5899672162112624f,0f,0f,0f,1f], start_interpolation: 0, interpolation_duration: 1 }
$data merge entity $(bone_bone8) { transformation: [-0.8826412633831182f,0.07323531117540567f,0.4643069990539602f,-1.0500650754595617f,0f,0.9877879659513461f,-0.15580415373699896f,0.2082345487947742f,-0.47004723185383485f,-0.1375191750947623f,-0.8718624182219368f,-0.013250665964063935f,0f,0f,0f,1f], start_interpolation: 0, interpolation_duration: 1 }
$data merge entity $(bone_bone7) { transformation: [-0.8826412633831182f,0.09430264559306578f,0.4604904029484234f,-0.8575795874898577f,0f,0.9796683646710993f,-0.20062376544829857f,-0.234375f,-0.47004723185383485f,-0.17707881379996462f,-0.8646957230897725f,-0.24172905495687724f,0f,0f,0f,1f], start_interpolation: 0, interpolation_duration: 1 }
$data merge entity $(bone_octagon2) { transformation: [-0.8826412633831182f,0f,0.47004723185383485f,-0.859375f,0f,1f,0f,-0.40625f,-0.47004723185383485f,0f,-0.8826412633831182f,-0.171875f,0f,0f,0f,1f], start_interpolation: 0, interpolation_duration: 1 }