# This file was generated by Animated Java via MC-Build. It is not recommended to edit this file directly.
$data merge entity $(bone_bone21) { transformation: [0.9975101582795458f,-0.07052293335586508f,1.2246467991473532e-16f,0.3047973864376038f,-0.07052293335586508f,-0.9975101582795458f,0f,0.012795730214775092f,1.2215976224540154e-16f,-8.636568460074235e-18f,-1f,-1.0688437499999999f,0f,0f,0f,1f], start_interpolation: 0, interpolation_duration: 1 }
$data merge entity $(bone_arm4) { transformation: [-0.06024096936865975f,-0.9981838636291034f,1.2246467991473532e-16f,0.27297535792285027f,-0.9981838636291034f,0.06024096936865975f,0f,-0.5144905286928954f,-7.377391031486297e-18f,-1.2224226735539196e-16f,-1f,-1.0688437499999999f,0f,0f,0f,1f], start_interpolation: 0, interpolation_duration: 1 }
$data merge entity $(bone_small_arm_base4) { transformation: [0.2638730499653733f,-0.9645574184577982f,1.2246467991473532e-16f,0.277391438334677f,-0.9645574184577982f,-0.2638730499653733f,0f,-0.5306329999391731f,3.23151286021344e-17f,-1.1812421551081767e-16f,-1f,-0.9750937499999999f,0f,0f,0f,1f], start_interpolation: 0, interpolation_duration: 1 }
$data merge entity $(bone_bone25) { transformation: [0.7901550123756902f,0.6129070536529768f,1.2246467991473532e-16f,1.531195361832059e-16f,0.6129070536529768f,-0.7901550123756902f,0f,0.4999999999999999f,9.676608067361262e-17f,7.505946614309531e-17f,-1f,-1.4125937499999999f,0f,0f,0f,1f], start_interpolation: 0, interpolation_duration: 1 }
$data merge entity $(bone_bone16) { transformation: [0.897203921865087f,0.44161648813184845f,1.2246467991473532e-16f,0.8538935527132284f,0.44161648813184845f,-0.897203921865087f,0f,0.2697338138927221f,1.098757911094531e-16f,5.4082421864136335e-17f,-1f,-1.0688437499999996f,0f,0f,0f,1f], start_interpolation: 0, interpolation_duration: 1 }
$data merge entity $(bone_arm3) { transformation: [0.304019509824936f,0.9526658058552359f,1.2246467991473532e-16f,1.0144905286928954f,0.9526658058552359f,-0.304019509824936f,0f,0.7729753579228498f,3.7231651958545523e-17f,1.1666791297977486e-16f,-1f,-1.0688437499999996f,0f,0f,0f,1f], start_interpolation: 0, interpolation_duration: 1 }
$data merge entity $(bone_small_arm_base3) { transformation: [0.9645574184577982f,0.26387304996537303f,1.2246467991473532e-16f,1.0306329999391732f,0.26387304996537303f,-0.9645574184577982f,0f,0.7773914383346765f,1.1812421551081767e-16f,3.231512860213437e-17f,-1f,-0.9750937499999998f,0f,0f,0f,1f], start_interpolation: 0, interpolation_duration: 1 }
$data merge entity $(bone_bone15) { transformation: [-0.6129070536529766f,0.7901550123756903f,1.2246467991473532e-16f,1.531195361832059e-16f,0.7901550123756903f,0.6129070536529766f,0f,0.4999999999999999f,-7.505946614309529e-17f,9.676608067361264e-17f,-1f,-1.4125937499999999f,0f,0f,0f,1f], start_interpolation: 0, interpolation_duration: 1 }
$data merge entity $(bone_bone26) { transformation: [-0.6317377637171147f,-0.7751821707790363f,1.2246467991473532e-16f,-0.5171521163612509f,-0.7751821707790363f,0.6317377637171147f,0f,0.40506380617055976f,-7.736556302366717e-17f,-9.49324364200644e-17f,-1f,-1.06884375f,0f,0f,0f,1f], start_interpolation: 0, interpolation_duration: 1 }
$data merge entity $(bone_arm5) { transformation: [-0.9414908307695762f,-0.3370385965684246f,1.2246467991473532e-16f,-1.014490528692895f,-0.3370385965684246f,0.9414908307695762f,0f,0.22702464207714948f,-1.1529937323285443e-16f,-4.127532384766373e-17f,-1f,-1.06884375f,0f,0f,0f,1f], start_interpolation: 0, interpolation_duration: 1 }
$data merge entity $(bone_small_arm_base5) { transformation: [-0.9645574184577981f,-0.2638730499653735f,1.2246467991473532e-16f,-1.0306329999391728f,-0.2638730499653735f,0.9645574184577981f,0f,0.22260856166532272f,-1.1812421551081767e-16f,-3.231512860213442e-17f,-1f,-0.97509375f,0f,0f,0f,1f], start_interpolation: 0, interpolation_duration: 1 }
$data merge entity $(bone_bone20) { transformation: [0.612907053652977f,-0.7901550123756901f,1.2246467991473532e-16f,1.531195361832059e-16f,-0.7901550123756901f,-0.612907053652977f,0f,0.4999999999999999f,7.505946614309534e-17f,-9.676608067361261e-17f,-1f,-1.4125937499999999f,0f,0f,0f,1f], start_interpolation: 0, interpolation_duration: 1 }
$data merge entity $(bone_bone11) { transformation: [0.5122784291260446f,0.8588194286648108f,1.2246467991473532e-16f,-0.1990925981422762f,0.8588194286648108f,-0.5122784291260446f,0f,0.991437206230599f,6.27360138501445e-17f,1.0517504643599192e-16f,-1f,-1.0688437499999999f,0f,0f,0f,1f], start_interpolation: 0, interpolation_duration: 1 }
$data merge entity $(bone_arm2) { transformation: [0.13986440451934418f,-0.9901706662734711f,1.2246467991473532e-16f,-0.27297535792285f,-0.9901706662734711f,-0.13986440451934418f,0f,1.5144905286928951f,1.7128449530926535e-17f,-1.2126093370614086e-16f,-1f,-1.0688437499999999f,0f,0f,0f,1f], start_interpolation: 0, interpolation_duration: 1 }
$data merge entity $(bone_small_arm_base2) { transformation: [0.2638730499653733f,-0.9645574184577982f,1.2246467991473532e-16f,-0.2773914383346768f,-0.9645574184577982f,-0.2638730499653733f,0f,1.530632999939173f,3.23151286021344e-17f,-1.1812421551081767e-16f,-1f,-0.9750937499999999f,0f,0f,0f,1f], start_interpolation: 0, interpolation_duration: 1 }
$data merge entity $(bone_bone2) { transformation: [0.7901550123756902f,0.6129070536529768f,1.2246467991473532e-16f,1.531195361832059e-16f,0.6129070536529768f,-0.7901550123756902f,0f,0.4999999999999999f,9.676608067361262e-17f,7.505946614309531e-17f,-1f,-1.4125937499999999f,0f,0f,0f,1f], start_interpolation: 0, interpolation_duration: 1 }
$data merge entity $(bone_ring) { transformation: [1.4216857475544504f,1.1027725055292408f,2.2034447328268763e-16f,1.1102230246251565e-16f,1.1027725055292408f,-1.4216857475544504f,0f,0.4999999999999999f,1.74106290013597e-16f,1.3505068190840914e-16f,-1.799249166666667f,-1.0688437499999999f,0f,0f,0f,1f], start_interpolation: 0, interpolation_duration: 1 }
$data merge entity $(bone_wheel) { transformation: [-1f,3.784366730434138e-17f,1.1647083184890928e-16f,1.0625f,0f,0.9510565162951539f,-0.30901699437494645f,-0.625f,-1.2246467991473532e-16f,-0.30901699437494645f,-0.9510565162951539f,-1.1938437499999996f,0f,0f,0f,1f], start_interpolation: 0, interpolation_duration: 1 }
$data merge entity $(bone_wheel2) { transformation: [-1f,3.784366730434138e-17f,1.1647083184890928e-16f,1.0625f,0f,0.9510565162951539f,-0.30901699437494645f,-0.625f,-1.2246467991473532e-16f,-0.30901699437494645f,-0.9510565162951539f,-0.9438437499999996f,0f,0f,0f,1f], start_interpolation: 0, interpolation_duration: 1 }
$data merge entity $(bone_rails) { transformation: [-1.1373008333333334f,0f,1.3927918252092842e-16f,-0.43749999999999994f,0f,1.1373008333333334f,0f,-1f,-1.3927918252092842e-16f,0f,-1.1373008333333334f,-0.6313437499999999f,0f,0f,0f,1f], start_interpolation: 0, interpolation_duration: 1 }
$data merge entity $(bone_wheel3) { transformation: [-1f,3.784366730434138e-17f,1.1647083184890928e-16f,-1.0625f,0f,0.9510565162951539f,-0.30901699437494645f,-0.625f,-1.2246467991473532e-16f,-0.30901699437494645f,-0.9510565162951539f,-0.9438437499999999f,0f,0f,0f,1f], start_interpolation: 0, interpolation_duration: 1 }
$data merge entity $(bone_wheel4) { transformation: [-1f,3.784366730434138e-17f,1.1647083184890928e-16f,-1.0625f,0f,0.9510565162951539f,-0.30901699437494645f,-0.625f,-1.2246467991473532e-16f,-0.30901699437494645f,-0.9510565162951539f,-1.19384375f,0f,0f,0f,1f], start_interpolation: 0, interpolation_duration: 1 }
$data merge entity $(bone_rails2) { transformation: [-1.2038220833333333f,0f,1.4742568610970649e-16f,0.4375f,0f,1.2038220833333333f,0f,-1f,-1.4742568610970649e-16f,0f,-1.2038220833333333f,-0.6313437499999998f,0f,0f,0f,1f], start_interpolation: 0, interpolation_duration: 1 }
$data merge entity $(bone_bone6) { transformation: [-0.9337288314413272f,-0.04259941924946177f,-0.3554374189851455f,0.534220991457698f,0f,0.9928943653006664f,-0.11899907291313927f,0.42315768170053036f,0.35798110192468724f,-0.11111286529378683f,-0.9270940954568696f,-0.7580949744801525f,0f,0f,0f,1f], start_interpolation: 0, interpolation_duration: 1 }
$data merge entity $(bone_bone5) { transformation: [-0.9337288314413272f,-0.17975486412882846f,-0.30957819393045066f,0.4926957898096753f,0f,0.8647892088884075f,-0.5021350656846842f,0.359752846415405f,0.35798110192468724f,-0.46885798810747437f,-0.8074786174584426f,-0.8664059378290805f,0f,0f,0f,1f], start_interpolation: 0, interpolation_duration: 1 }
$data merge entity $(bone_bone4) { transformation: [-0.9337288314413272f,-0.17975486412882846f,-0.30957819393045066f,1.042994602562374f,0f,0.8647892088884075f,-0.5021350656846842f,0.1800576921548429f,0.35798110192468724f,-0.46885798810747437f,-0.8074786174584426f,0.045178125186014106f,0f,0f,0f,1f], start_interpolation: 0, interpolation_duration: 1 }
$data merge entity $(bone_bone3) { transformation: [-0.9337288314413272f,-0.03987030443488383f,-0.3557538870616637f,0.8661802071122485f,0f,0.9937784010076262f,-0.1113754447386215f,-0.234375f,0.35798110192468724f,-0.10399446386705118f,-0.9279195450844815f,-0.2414199614002293f,0f,0f,0f,1f], start_interpolation: 0, interpolation_duration: 1 }
$data merge entity $(bone_octagon) { transformation: [-0.9337288314413272f,0f,-0.35798110192468724f,0.859375f,0f,1f,0f,-0.40625f,0.35798110192468724f,0f,-0.9337288314413272f,-0.1718749999999999f,0f,0f,0f,1f], start_interpolation: 0, interpolation_duration: 1 }
$data merge entity $(bone_bone10) { transformation: [-0.9101649944305269f,-0.16569930817177975f,0.37966224751043204f,-0.591351598908276f,0f,0.9165141487981615f,0.40000226880954265f,0.6966750046849598f,-0.41424592081670397f,0.36406806276323556f,-0.8341790951363778f,-0.5344507305365446f,0f,0f,0f,1f], start_interpolation: 0, interpolation_duration: 1 }
$data merge entity $(bone_bone9) { transformation: [-0.9101649944305269f,0.061651741805384956f,0.4096324518951607f,-0.5370073616312179f,0f,0.9888629707868997f,-0.14882884467235274f,0.6803839608526618f,-0.41424592081670397f,-0.13545880458231369f,-0.9000284602988129f,-0.6538537709360444f,0f,0f,0f,1f], start_interpolation: 0, interpolation_duration: 1 }
$data merge entity $(bone_bone8) { transformation: [-0.9101649944305269f,0.061651741805384956f,0.4096324518951607f,-1.0330619488376027f,0f,0.9888629707868997f,-0.14882884467235274f,0.21859732399522624f,-0.41424592081670397f,-0.13545880458231369f,-0.9000284602988129f,-0.01657164615020254f,0f,0f,0f,1f], start_interpolation: 0, interpolation_duration: 1 }
$data merge entity $(bone_bone7) { transformation: [-0.9101649944305269f,0.09785678239613357f,0.4025217174915594f,-0.86192728602491f,0f,0.9716974803227276f,-0.23622871699787568f,-0.234375f,-0.41424592081670397f,-0.21500710889070204f,-0.8844050317660924f,-0.24170549717742992f,0f,0f,0f,1f], start_interpolation: 0, interpolation_duration: 1 }
$data merge entity $(bone_octagon2) { transformation: [-0.9101649944305269f,0f,0.41424592081670397f,-0.859375f,0f,1f,0f,-0.40625f,-0.41424592081670397f,0f,-0.9101649944305269f,-0.171875f,0f,0f,0f,1f], start_interpolation: 0, interpolation_duration: 1 }