# This file was generated by Animated Java via MC-Build. It is not recommended to edit this file directly.
$data merge entity $(bone_bone21) { transformation: [0.07114926746876704f,0.9974656794790777f,1.2246467991473532e-16f,0.7811407914941355f,0.9974656794790777f,-0.07114926746876704f,0f,0.8300562566049111f,8.71327226673044e-18f,1.221543151633392e-16f,-1f,-1.4335f,0f,0f,0f,1f], start_interpolation: 0, interpolation_duration: 1 }
$data merge entity $(bone_arm4) { transformation: [-0.2779853360529782f,0.9605853178867108f,1.2246467991473532e-16f,0.634296253909995f,0.9605853178867108f,0.2779853360529782f,0f,1.3374812482178002f,-3.404338520071811e-17f,1.176377734857903e-16f,-1f,-1.4335f,0f,0f,0f,1f], start_interpolation: 0, interpolation_duration: 1 }
$data merge entity $(bone_small_arm_base4) { transformation: [0.6004202253258841f,0.7996846584870906f,1.2246467991473532e-16f,0.6443446616434645f,0.7996846584870906f,-0.6004202253258841f,0f,1.3508644707804933f,7.353027070886766e-17f,9.793312573434597e-17f,-1f,-1.33975f,0f,0f,0f,1f], start_interpolation: 0, interpolation_duration: 1 }
$data merge entity $(bone_bone25) { transformation: [-0.9685831611286311f,0.24868988716485482f,1.2246467991473532e-16f,2.6414183864572156e-16f,0.24868988716485482f,0.9685831611286311f,0f,0.4999999999999999f,-1.1861722679842032e-16f,3.045572742967559e-17f,-1f,-1.77725f,0f,0f,0f,1f], start_interpolation: 0, interpolation_duration: 1 }
$data merge entity $(bone_bone16) { transformation: [-0.18732772759612595f,-0.9822974714788143f,1.2246467991473532e-16f,-0.36036032931895895f,-0.9822974714788143f,0.18732772759612595f,0f,0.9075826259985564f,-2.2941030199214294e-17f,-1.2029674542570684e-16f,-1f,-1.4335f,0f,0f,0f,1f], start_interpolation: 0, interpolation_duration: 1 }
$data merge entity $(bone_arm3) { transformation: [-0.9032179280213466f,0.4291822159652308f,1.2246467991473532e-16f,-0.8374812482178001f,0.4291822159652308f,0.9032179280213466f,0f,1.1342962539099948f,-1.1061229444838465e-16f,5.2559662703278796e-17f,-1f,-1.4335f,0f,0f,0f,1f], start_interpolation: 0, interpolation_duration: 1 }
$data merge entity $(bone_small_arm_base3) { transformation: [-0.7996846584870905f,0.6004202253258843f,1.2246467991473532e-16f,-0.8508644707804932f,0.6004202253258843f,0.7996846584870905f,0f,1.1443446616434643f,-9.793312573434597e-17f,7.353027070886768e-17f,-1f,-1.33975f,0f,0f,0f,1f], start_interpolation: 0, interpolation_duration: 1 }
$data merge entity $(bone_bone15) { transformation: [-0.24868988716485504f,-0.9685831611286311f,1.2246467991473532e-16f,2.6414183864572156e-16f,-0.9685831611286311f,0.24868988716485504f,0f,0.4999999999999999f,-3.045572742967561e-17f,-1.1861722679842032e-16f,-1f,-1.77725f,0f,0f,0f,1f], start_interpolation: 0, interpolation_duration: 1 }
$data merge entity $(bone_bone26) { transformation: [0.600420225325884f,0.7996846584870906f,1.2246467991473532e-16f,0.36849665521180686f,0.7996846584870906f,-0.600420225325884f,0f,0.10880226902801651f,7.353027070886763e-17f,9.793312573434596e-17f,-1f,-1.4335f,0f,0f,0f,1f], start_interpolation: 0, interpolation_duration: 1 }
$data merge entity $(bone_arm5) { transformation: [0.8878153851364015f,-0.4601997847838516f,1.2246467991473532e-16f,0.8374812482178009f,-0.4601997847838516f,-0.8878153851364015f,0f,-0.13429625390999464f,1.0872602696410685e-16f,-5.635821934038447e-17f,-1f,-1.4335f,0f,0f,0f,1f], start_interpolation: 0, interpolation_duration: 1 }
$data merge entity $(bone_small_arm_base5) { transformation: [0.7996846584870907f,-0.6004202253258839f,1.2246467991473532e-16f,0.8508644707804939f,-0.6004202253258839f,-0.7996846584870907f,0f,-0.14434466164346416f,9.793312573434598e-17f,-7.353027070886763e-17f,-1f,-1.33975f,0f,0f,0f,1f], start_interpolation: 0, interpolation_duration: 1 }
$data merge entity $(bone_bone20) { transformation: [0.2486898871648546f,0.9685831611286311f,1.2246467991473532e-16f,2.6414183864572156e-16f,0.9685831611286311f,-0.2486898871648546f,0f,0.4999999999999999f,3.0455727429675563e-17f,1.1861722679842032e-16f,-1f,-1.77725f,0f,0f,0f,1f], start_interpolation: 0, interpolation_duration: 1 }
$data merge entity $(bone_bone11) { transformation: [-0.8944205855563316f,0.44722680614322396f,1.2246467991473532e-16f,-0.3712182461754213f,0.44722680614322396f,0.8944205855563316f,0f,0.12059451208615651f,-1.0953493071930629e-16f,5.476948766361929e-17f,-1f,-1.4335f,0f,0f,0f,1f], start_interpolation: 0, interpolation_duration: 1 }
$data merge entity $(bone_arm2) { transformation: [0.4980221232018216f,0.8671643239902975f,1.2246467991473532e-16f,-0.6342962539099946f,0.8671643239902975f,-0.4980221232018216f,0f,-0.3374812482178006f,6.099011990836795e-17f,1.0619700137094962e-16f,-1f,-1.4335f,0f,0f,0f,1f], start_interpolation: 0, interpolation_duration: 1 }
$data merge entity $(bone_small_arm_base2) { transformation: [0.6004202253258841f,0.7996846584870906f,1.2246467991473532e-16f,-0.644344661643464f,0.7996846584870906f,-0.6004202253258841f,0f,-0.35086447078049365f,7.353027070886766e-17f,9.793312573434597e-17f,-1f,-1.33975f,0f,0f,0f,1f], start_interpolation: 0, interpolation_duration: 1 }
$data merge entity $(bone_bone2) { transformation: [-0.9685831611286311f,0.24868988716485482f,1.2246467991473532e-16f,2.6414183864572156e-16f,0.24868988716485482f,0.9685831611286311f,0f,0.4999999999999999f,-1.1861722679842032e-16f,3.045572742967559e-17f,-1f,-1.77725f,0f,0f,0f,1f], start_interpolation: 0, interpolation_duration: 1 }
$data merge entity $(bone_ring) { transformation: [-1.7427224455080554f,0.4474550722397925f,2.2034447328268763e-16f,2.220446049250313e-16f,0.4474550722397925f,1.7427224455080554f,0f,0.4999999999999999f,-2.134219464693688e-16f,5.4797442198070954e-17f,-1.799249166666667f,-1.4335f,0f,0f,0f,1f], start_interpolation: 0, interpolation_duration: 1 }
$data merge entity $(bone_wheel) { transformation: [-1f,7.198293278059966e-17f,-9.907600726170914e-17f,1.0625000000000002f,0f,-0.8090169943749472f,-0.5877852522924731f,-0.625f,-1.2246467991473532e-16f,-0.5877852522924731f,0.8090169943749472f,-1.5584999999999998f,0f,0f,0f,1f], start_interpolation: 0, interpolation_duration: 1 }
$data merge entity $(bone_wheel2) { transformation: [-1f,7.198293278059966e-17f,-9.907600726170914e-17f,1.0625000000000002f,0f,-0.8090169943749472f,-0.5877852522924731f,-0.625f,-1.2246467991473532e-16f,-0.5877852522924731f,0.8090169943749472f,-1.3084999999999998f,0f,0f,0f,1f], start_interpolation: 0, interpolation_duration: 1 }
$data merge entity $(bone_rails) { transformation: [-1.1373008333333334f,0f,1.3927918252092842e-16f,-0.43749999999999983f,0f,1.1373008333333334f,0f,-1f,-1.3927918252092842e-16f,0f,-1.1373008333333334f,-0.996f,0f,0f,0f,1f], start_interpolation: 0, interpolation_duration: 1 }
$data merge entity $(bone_wheel3) { transformation: [-1f,7.198293278059966e-17f,-9.907600726170914e-17f,-1.0625f,0f,-0.8090169943749472f,-0.5877852522924731f,-0.625f,-1.2246467991473532e-16f,-0.5877852522924731f,0.8090169943749472f,-1.3085f,0f,0f,0f,1f], start_interpolation: 0, interpolation_duration: 1 }
$data merge entity $(bone_wheel4) { transformation: [-1f,7.198293278059966e-17f,-9.907600726170914e-17f,-1.0625f,0f,-0.8090169943749472f,-0.5877852522924731f,-0.625f,-1.2246467991473532e-16f,-0.5877852522924731f,0.8090169943749472f,-1.5585f,0f,0f,0f,1f], start_interpolation: 0, interpolation_duration: 1 }
$data merge entity $(bone_rails2) { transformation: [-1.2038220833333333f,0f,1.4742568610970649e-16f,0.4375000000000001f,0f,1.2038220833333333f,0f,-1f,-1.4742568610970649e-16f,0f,-1.2038220833333333f,-0.9959999999999999f,0f,0f,0f,1f], start_interpolation: 0, interpolation_duration: 1 }
$data merge entity $(bone_bone6) { transformation: [0.8159812277664408f,0.046728214967313914f,-0.5761866970511736f,0.7989697272898941f,0f,0.9967276023119399f,0.08083369835341953f,0.22741707792008364f,0.5780783994691139f,-0.06595878042732545f,0.8133110126831975f,0.07556473952481424f,0f,0f,0f,1f], start_interpolation: 0, interpolation_duration: 1 }
$data merge entity $(bone_bone5) { transformation: [0.8159812277664408f,-0.248875411676029f,-0.521762077383801f,0.729167980928856f,0f,0.9025801307624852f,-0.4305219013624918f,0.1736051125730191f,0.5780783994691139f,0.3512977896541085f,0.7364884432571674f,0.1740927501687488f,0f,0f,0f,1f], start_interpolation: 0, interpolation_duration: 1 }
$data merge entity $(bone_bone4) { transformation: [0.8159812277664408f,-0.248875411676029f,-0.521762077383801f,1.021218629679058f,0f,0.9025801307624852f,-0.4305219013624918f,0.0018763929949358882f,0.5780783994691139f,0.3512977896541085f,0.7364884432571674f,-0.5624991157930684f,0f,0f,0f,1f], start_interpolation: 0, interpolation_duration: 1 }
$data merge entity $(bone_bone3) { transformation: [0.8159812277664408f,0.18386659015216028f,-0.5480581291784568f,0.7977456866654791f,0f,0.9480688600054479f,0.3180651453522855f,-0.234375f,0.5780783994691139f,-0.2595351878142694f,0.7736063923943752f,-0.13894112324800714f,0f,0f,0f,1f], start_interpolation: 0, interpolation_duration: 1 }
$data merge entity $(bone_octagon) { transformation: [0.8159812277664408f,0f,-0.5780783994691139f,0.859375f,0f,1f,0f,-0.40625f,0.5780783994691139f,0f,0.8159812277664408f,-0.1718749999999999f,0f,0f,0f,1f], start_interpolation: 0, interpolation_duration: 1 }
$data merge entity $(bone_bone10) { transformation: [0.18806703473535402f,0.9803706928108056f,-0.059195397823751605f,-0.13986606217416214f,0f,-0.060270859313083236f,-0.9981820593046453f,0.1638486042779283f,-0.9821561945260293f,0.18772514001945395f,-0.011334961791963291f,0.06135257997065088f,0f,0f,0f,1f], start_interpolation: 0, interpolation_duration: 1 }
$data merge entity $(bone_bone9) { transformation: [0.18806703473535402f,0.8138162388350118f,0.5498489973204337f,-0.06442330375577532f,0f,0.5598386492749057f,-0.8286016454111402f,0.0562591921960347f,-0.9821561945260293f,0.15583265442930844f,0.10528719469937736f,0.07579864867853975f,0f,0f,0f,1f], start_interpolation: 0, interpolation_duration: 1 }
$data merge entity $(bone_bone8) { transformation: [0.18806703473535402f,0.8138162388350118f,0.5498489973204337f,-0.7489658529235261f,0f,0.5598386492749057f,-0.8286016454111402f,0.2949909772448004f,-0.9821561945260293f,0.15583265442930844f,0.10528719469937736f,-0.24618668230516488f,0f,0f,0f,1f], start_interpolation: 0, interpolation_duration: 1 }
$data merge entity $(bone_bone7) { transformation: [0.18806703473535402f,0.7350842321792845f,0.6513692977468643f,-0.7921131430066434f,0f,0.6632033696648456f,-0.7484392363212888f,-0.234375f,-0.9821561945260293f,0.14075674785453768f,0.12472669115936236f,-0.19081319140797878f,0f,0f,0f,1f], start_interpolation: 0, interpolation_duration: 1 }
$data merge entity $(bone_octagon2) { transformation: [0.18806703473535402f,0f,0.9821561945260293f,-0.859375f,0f,1f,0f,-0.40625f,-0.9821561945260293f,0f,0.18806703473535402f,-0.171875f,0f,0f,0f,1f], start_interpolation: 0, interpolation_duration: 1 }