# This file was generated by Animated Java via MC-Build. It is not recommended to edit this file directly.
$data merge entity $(bone_bone21) { transformation: [0.9748202316068073f,-0.22299218831620668f,1.2246467991473532e-16f,0.22638110020803232f,-0.22299218831620668f,-0.9748202316068073f,0f,0.0054796979138140856f,1.193810476381358e-16f,-2.7308666965630633e-17f,-1f,-1.0625f,0f,0f,0f,1f], start_interpolation: 0, interpolation_duration: 1 }
$data merge entity $(bone_arm4) { transformation: [0.02762662401647792f,-0.9996183119798536f,1.2246467991473532e-16f,0.2409747434782567f,-0.9996183119798536f,-0.02762662401647792f,0f,-0.5225643020594286f,3.383285667302705e-18f,-1.2241793661352081e-16f,-1f,-1.0625f,0f,0f,0f,1f], start_interpolation: 0, interpolation_duration: 1 }
$data merge entity $(bone_small_arm_base4) { transformation: [0.23344536385590547f,-0.9723699203976766f,1.2246467991473532e-16f,0.24488159754573768f,-0.9723699203976766f,-0.23344536385590547f,0f,-0.538837520408484f,2.858881176219238e-17f,-1.1908097106021811e-16f,-1f,-0.96875f,0f,0f,0f,1f], start_interpolation: 0, interpolation_duration: 1 }
$data merge entity $(bone_bone25) { transformation: [0.8090169943749472f,0.5877852522924731f,1.2246467991473532e-16f,1.531195361832059e-16f,0.5877852522924731f,-0.8090169943749472f,0f,0.4999999999999999f,9.907600726170914e-17f,7.198293278059966e-17f,-1f,-1.40625f,0f,0f,0f,1f], start_interpolation: 0, interpolation_duration: 1 }
$data merge entity $(bone_bone16) { transformation: [0.9464240455433773f,0.32292650250065735f,1.2246467991473532e-16f,0.8289616324851854f,0.32292650250065735f,-0.9464240455433773f,0f,0.24948573376861183f,1.1590351780107855e-16f,3.954709076472798e-17f,-1f,-1.0625f,0f,0f,0f,1f], start_interpolation: 0, interpolation_duration: 1 }
$data merge entity $(bone_arm3) { transformation: [0.3665012267242975f,0.9304175679820244f,1.2246467991473532e-16f,1.0225643020594286f,0.9304175679820244f,-0.3665012267242975f,0f,0.7409747434782562f,4.4883455419148924e-17f,1.139432896499651e-16f,-1f,-1.0625f,0f,0f,0f,1f], start_interpolation: 0, interpolation_duration: 1 }
$data merge entity $(bone_small_arm_base3) { transformation: [0.9723699203976766f,0.2334453638559052f,1.2246467991473532e-16f,1.038837520408484f,0.2334453638559052f,-0.9723699203976766f,0f,0.7448815975457372f,1.1908097106021811e-16f,2.858881176219235e-17f,-1f,-0.9687499999999999f,0f,0f,0f,1f], start_interpolation: 0, interpolation_duration: 1 }
$data merge entity $(bone_bone15) { transformation: [-0.5877852522924729f,0.8090169943749473f,1.2246467991473532e-16f,1.531195361832059e-16f,0.8090169943749473f,0.5877852522924729f,0f,0.4999999999999999f,-7.198293278059964e-17f,9.907600726170915e-17f,-1f,-1.40625f,0f,0f,0f,1f], start_interpolation: 0, interpolation_duration: 1 }
$data merge entity $(bone_bone26) { transformation: [-0.7432454940671273f,-0.6690187856472432f,1.2246467991473532e-16f,-0.5208650091435414f,-0.6690187856472432f,0.7432454940671273f,0f,0.42437718369327565f,-9.102132152900004e-17f,-8.193117144123454e-17f,-1f,-1.0625f,0f,0f,0f,1f], start_interpolation: 0, interpolation_duration: 1 }
$data merge entity $(bone_arm5) { transformation: [-0.9497462338961858f,-0.31302091176151725f,1.2246467991473532e-16f,-1.0225643020594282f,-0.31302091176151725f,0.9497462338961858f,0f,0.25902525652174313f,-1.1631036853432172e-16f,-3.833400576549281e-17f,-1f,-1.0625f,0f,0f,0f,1f], start_interpolation: 0, interpolation_duration: 1 }
$data merge entity $(bone_small_arm_base5) { transformation: [-0.9723699203976766f,-0.23344536385590575f,1.2246467991473532e-16f,-1.0388375204084837f,-0.23344536385590575f,0.9723699203976766f,0f,0.25511840245426215f,-1.1908097106021811e-16f,-2.8588811762192414e-17f,-1f,-0.9687500000000001f,0f,0f,0f,1f], start_interpolation: 0, interpolation_duration: 1 }
$data merge entity $(bone_bone20) { transformation: [0.5877852522924734f,-0.8090169943749471f,1.2246467991473532e-16f,1.531195361832059e-16f,-0.8090169943749471f,-0.5877852522924734f,0f,0.4999999999999999f,7.198293278059969e-17f,-9.907600726170912e-17f,-1f,-1.40625f,0f,0f,0f,1f], start_interpolation: 0, interpolation_duration: 1 }
$data merge entity $(bone_bone11) { transformation: [0.32188802053498067f,0.9467777470114472f,1.2246467991473532e-16f,-0.20891017009640234f,0.9467777470114472f,-0.32188802053498067f,0f,0.9952927368622521f,3.941991340320416e-17f,1.1594683373815113e-16f,-1f,-1.0625f,0f,0f,0f,1f], start_interpolation: 0, interpolation_duration: 1 }
$data merge entity $(bone_arm2) { transformation: [0.06070012105041875f,-0.9981560475719538f,1.2246467991473532e-16f,-0.24097474347825645f,-0.9981560475719538f,-0.06070012105041875f,0f,1.5225643020594284f,7.433620895225218e-18f,-1.2223886087085663e-16f,-1f,-1.0625f,0f,0f,0f,1f], start_interpolation: 0, interpolation_duration: 1 }
$data merge entity $(bone_small_arm_base2) { transformation: [0.23344536385590547f,-0.9723699203976766f,1.2246467991473532e-16f,-0.24488159754573746f,-0.9723699203976766f,-0.23344536385590547f,0f,1.5388375204084839f,2.858881176219238e-17f,-1.1908097106021811e-16f,-1f,-0.96875f,0f,0f,0f,1f], start_interpolation: 0, interpolation_duration: 1 }
$data merge entity $(bone_bone2) { transformation: [0.8090169943749472f,0.5877852522924731f,1.2246467991473532e-16f,1.531195361832059e-16f,0.5877852522924731f,-0.8090169943749472f,0f,0.4999999999999999f,9.907600726170914e-17f,7.198293278059966e-17f,-1f,-1.40625f,0f,0f,0f,1f], start_interpolation: 0, interpolation_duration: 1 }
$data merge entity $(bone_ring) { transformation: [1.4556231529482955f,1.057572125366189f,2.2034447328268763e-16f,1.1102230246251565e-16f,1.057572125366189f,-1.4556231529482955f,0f,0.4999999999999999f,1.7826242350229082e-16f,1.2951523181971666e-16f,-1.799249166666667f,-1.0625f,0f,0f,0f,1f], start_interpolation: 0, interpolation_duration: 1 }
$data merge entity $(bone_wheel) { transformation: [-1f,0f,1.2246467991473532e-16f,1.0625f,0f,1f,0f,-0.625f,-1.2246467991473532e-16f,0f,-1f,-1.1874999999999998f,0f,0f,0f,1f], start_interpolation: 0, interpolation_duration: 1 }
$data merge entity $(bone_wheel2) { transformation: [-1f,0f,1.2246467991473532e-16f,1.0625f,0f,1f,0f,-0.625f,-1.2246467991473532e-16f,0f,-1f,-0.9374999999999998f,0f,0f,0f,1f], start_interpolation: 0, interpolation_duration: 1 }
$data merge entity $(bone_rails) { transformation: [-1.1373008333333334f,0f,1.3927918252092842e-16f,-0.43749999999999994f,0f,1.1373008333333334f,0f,-1f,-1.3927918252092842e-16f,0f,-1.1373008333333334f,-0.625f,0f,0f,0f,1f], start_interpolation: 0, interpolation_duration: 1 }
$data merge entity $(bone_wheel3) { transformation: [-1f,0f,1.2246467991473532e-16f,-1.0625f,0f,1f,0f,-0.625f,-1.2246467991473532e-16f,0f,-1f,-0.9375f,0f,0f,0f,1f], start_interpolation: 0, interpolation_duration: 1 }
$data merge entity $(bone_wheel4) { transformation: [-1f,0f,1.2246467991473532e-16f,-1.0625f,0f,1f,0f,-0.625f,-1.2246467991473532e-16f,0f,-1f,-1.1875f,0f,0f,0f,1f], start_interpolation: 0, interpolation_duration: 1 }
$data merge entity $(bone_rails2) { transformation: [-1.2038220833333333f,0f,1.4742568610970649e-16f,0.4375f,0f,1.2038220833333333f,0f,-1f,-1.4742568610970649e-16f,0f,-1.2038220833333333f,-0.6249999999999999f,0f,0f,0f,1f], start_interpolation: 0, interpolation_duration: 1 }
$data merge entity $(bone_bone6) { transformation: [-0.9238795325112867f,-0.05425116914098352f,-0.37881845263075886f,0.5258191099005549f,0f,0.9899003212382514f,-0.1417651368017065f,0.40381034740487953f,0.3826834323650896f,-0.1309739083147592f,-0.9145486460183684f,-0.7321695977731896f,0f,0f,0f,1f], start_interpolation: 0, interpolation_duration: 1 }
$data merge entity $(bone_bone5) { transformation: [-0.9238795325112867f,-0.19514654751583463f,-0.3291875368226692f,0.48164993422304103f,0f,0.8602084882227565f,-0.5099425034153554f,0.33935810142362705f,0.3826834323650896f,-0.4711254416630138f,-0.794729015961481f,-0.8388034207326834f,0f,0f,0f,1f], start_interpolation: 0, interpolation_duration: 1 }
$data merge entity $(bone_bone4) { transformation: [-0.9238795325112867f,-0.19514654751583463f,-0.3291875368226692f,1.052523796994359f,0f,0.8602084882227565f,-0.5099425034153554f,0.1718814153147764f,0.3826834323650896f,-0.4711254416630138f,-0.794729015961481f,0.049446889345509004f,0f,0f,0f,1f], start_interpolation: 0, interpolation_duration: 1 }
$data merge entity $(bone_bone3) { transformation: [-0.9238795325112867f,-0.033353058785002596f,-0.38122720636965335f,0.8643285208681596f,0f,0.9961946980917455f,-0.08715574274765818f,-0.234375f,0.3826834323650896f,-0.08052140686538041f,-0.9203638919632243f,-0.24157632804336437f,0f,0f,0f,1f], start_interpolation: 0, interpolation_duration: 1 }
$data merge entity $(bone_octagon) { transformation: [-0.9238795325112867f,0f,-0.3826834323650896f,0.859375f,0f,1f,0f,-0.40625f,0.3826834323650896f,0f,-0.9238795325112867f,-0.1718749999999999f,0f,0f,0f,1f], start_interpolation: 0, interpolation_duration: 1 }
$data merge entity $(bone_bone10) { transformation: [-0.9238795325112868f,-0.19462922040245673f,0.32949366605787445f,-0.5961827434956476f,0f,0.8610084424651265f,0.5085906625212235f,0.729345748418933f,-0.38268343236508967f,0.4698765035297136f,-0.7954680773129523f,-0.5622967592500658f,0f,0f,0f,1f], start_interpolation: 0, interpolation_duration: 1 }
$data merge entity $(bone_bone9) { transformation: [-0.9238795325112868f,0.04995021125231481f,0.37940952255126026f,-0.5458724837262171f,0f,0.9914448613738105f,-0.13052619222005157f,0.7154822515820343f,-0.38268343236508967f,-0.1205904774487396f,-0.9159756150367536f,-0.6837564707119385f,0f,0f,0f,1f], start_interpolation: 0, interpolation_duration: 1 }
$data merge entity $(bone_bone8) { transformation: [-0.9238795325112868f,0.04995021125231481f,0.37940952255126026f,-1.023545260427527f,0f,0.9914448613738105f,-0.13052619222005157f,0.2249043267718459f,-0.38268343236508967f,-0.1205904774487396f,-0.9159756150367536f,-0.020513486651861923f,0f,0f,0f,1f], start_interpolation: 0, interpolation_duration: 1 }
$data merge entity $(bone_bone7) { transformation: [-0.9238795325112868f,0.0990457605412876f,0.369643810614386f,-0.8643285208681596f,0f,0.9659258262890683f,-0.25881904510252074f,-0.234375f,-0.38268343236508967f,-0.2391176183943345f,-0.8923991008325229f,-0.24157632804336449f,0f,0f,0f,1f], start_interpolation: 0, interpolation_duration: 1 }
$data merge entity $(bone_octagon2) { transformation: [-0.9238795325112868f,0f,0.38268343236508967f,-0.859375f,0f,1f,0f,-0.40625f,-0.38268343236508967f,0f,-0.9238795325112868f,-0.171875f,0f,0f,0f,1f], start_interpolation: 0, interpolation_duration: 1 }