# This file was generated by Animated Java via MC-Build. It is not recommended to edit this file directly.
$data merge entity $(bone_bone21) { transformation: [0.9209436647312557f,-0.38969573565971327f,1.2246467991473532e-16f,0.13098629999564548f,-0.38969573565971327f,-0.9209436647312557f,0f,-0.00713646353502384f,1.1278307112081653e-16f,-4.7723963531704096e-17f,-1f,-1.06884375f,0f,0f,0f,1f], start_interpolation: 0, interpolation_duration: 1 }
$data merge entity $(bone_arm4) { transformation: [0.14718534783783294f,-0.9891089289769134f,1.2246467991473532e-16f,0.20873631605508394f,-0.9891089289769134f,-0.14718534783783294f,0f,-0.529628927915514f,1.8025006511099182e-17f,-1.2113090838796436e-16f,-1f,-1.06884375f,0f,0f,0f,1f], start_interpolation: 0, interpolation_duration: 1 }
$data merge entity $(bone_small_arm_base4) { transformation: [0.20278729535651285f,-0.979222810621766f,1.2246467991473532e-16f,0.21213008818493478f,-0.979222810621766f,-0.20278729535651285f,0f,-0.5460168336655259f,2.483428121661023e-17f,-1.1992020806800206e-16f,-1f,-0.9750937500000001f,0f,0f,0f,1f], start_interpolation: 0, interpolation_duration: 1 }
$data merge entity $(bone_bone25) { transformation: [0.8270805742745617f,0.5620833778521309f,1.2246467991473532e-16f,1.531195361832059e-16f,0.5620833778521309f,-0.8270805742745617f,0f,0.4999999999999999f,1.0128815779222968e-16f,6.883536095405444e-17f,-1f,-1.41259375f,0f,0f,0f,1f], start_interpolation: 0, interpolation_duration: 1 }
$data merge entity $(bone_bone16) { transformation: [0.9811438637430029f,0.19327886237106212f,1.2246467991473532e-16f,0.7853479668497314f,0.19327886237106212f,-0.9811438637430029f,0f,0.2403665343735385f,1.2015546922359355e-16f,2.366983401455631e-17f,-1f,-1.06884375f,0f,0f,0f,1f], start_interpolation: 0, interpolation_duration: 1 }
$data merge entity $(bone_arm3) { transformation: [0.46243820962224313f,0.8866515111820283f,1.2246467991473532e-16f,1.0296289279155142f,0.8866515111820283f,-0.46243820962224313f,0f,0.7087363160550835f,5.663234732173128e-17f,1.0858349351282348e-16f,-1f,-1.06884375f,0f,0f,0f,1f], start_interpolation: 0, interpolation_duration: 1 }
$data merge entity $(bone_small_arm_base3) { transformation: [0.979222810621766f,0.20278729535651258f,1.2246467991473532e-16f,1.046016833665526f,0.20278729535651258f,-0.979222810621766f,0f,0.7121300881849343f,1.1992020806800206e-16f,2.48342812166102e-17f,-1f,-0.97509375f,0f,0f,0f,1f], start_interpolation: 0, interpolation_duration: 1 }
$data merge entity $(bone_bone15) { transformation: [-0.5620833778521307f,0.8270805742745618f,1.2246467991473532e-16f,1.531195361832059e-16f,0.8270805742745618f,0.5620833778521307f,0f,0.4999999999999999f,-6.883536095405442e-17f,1.0128815779222969e-16f,-1f,-1.41259375f,0f,0f,0f,1f], start_interpolation: 0, interpolation_duration: 1 }
$data merge entity $(bone_bone26) { transformation: [-0.837134858834135f,-0.5469965522055449f,1.2246467991473532e-16f,-0.5238923508929165f,-0.5469965522055449f,0.837134858834135f,0f,0.443821722058637f,-1.0251945253258951e-16f,-6.698775768031587e-17f,-1f,-1.06884375f,0f,0f,0f,1f], start_interpolation: 0, interpolation_duration: 1 }
$data merge entity $(bone_arm5) { transformation: [-0.9573890498810984f,-0.28880132819599064f,1.2246467991473532e-16f,-1.0296289279155135f,-0.28880132819599064f,0.9573890498810984f,0f,0.29126368394491586f,-1.172463435475613e-16f,-3.5367962216472414e-17f,-1f,-1.06884375f,0f,0f,0f,1f], start_interpolation: 0, interpolation_duration: 1 }
$data merge entity $(bone_small_arm_base5) { transformation: [-0.979222810621766f,-0.20278729535651308f,1.2246467991473532e-16f,-1.0460168336655256f,-0.20278729535651308f,0.979222810621766f,0f,0.287869911815065f,-1.1992020806800206e-16f,-2.483428121661026e-17f,-1f,-0.9750937500000002f,0f,0f,0f,1f], start_interpolation: 0, interpolation_duration: 1 }
$data merge entity $(bone_bone20) { transformation: [0.5620833778521311f,-0.8270805742745616f,1.2246467991473532e-16f,1.531195361832059e-16f,-0.8270805742745616f,-0.5620833778521311f,0f,0.4999999999999999f,6.883536095405447e-17f,-1.0128815779222967e-16f,-1f,-1.41259375f,0f,0f,0f,1f], start_interpolation: 0, interpolation_duration: 1 }
$data merge entity $(bone_bone11) { transformation: [0.11733931152925854f,0.9930918819373366f,1.2246467991473532e-16f,-0.21869292187282408f,0.9930918819373366f,-0.11733931152925854f,0f,1.0014771444931432f,1.4369921227846066e-17f,1.2161867944737802e-16f,-1f,-1.06884375f,0f,0f,0f,1f], start_interpolation: 0, interpolation_duration: 1 }
$data merge entity $(bone_arm2) { transformation: [-0.018848439715407728f,-0.9998223523808094f,1.2246467991473532e-16f,-0.2087363160550837f,-0.9998223523808094f,0.018848439715407728f,0f,1.529628927915514f,-2.308268136639601e-18f,-1.2244292435591352e-16f,-1f,-1.06884375f,0f,0f,0f,1f], start_interpolation: 0, interpolation_duration: 1 }
$data merge entity $(bone_small_arm_base2) { transformation: [0.20278729535651285f,-0.979222810621766f,1.2246467991473532e-16f,-0.21213008818493456f,-0.979222810621766f,-0.20278729535651285f,0f,1.5460168336655258f,2.483428121661023e-17f,-1.1992020806800206e-16f,-1f,-0.9750937500000001f,0f,0f,0f,1f], start_interpolation: 0, interpolation_duration: 1 }
$data merge entity $(bone_bone2) { transformation: [0.8270805742745617f,0.5620833778521309f,1.2246467991473532e-16f,1.531195361832059e-16f,0.5620833778521309f,-0.8270805742745617f,0f,0.4999999999999999f,1.0128815779222968e-16f,6.883536095405444e-17f,-1f,-1.41259375f,0f,0f,0f,1f], start_interpolation: 0, interpolation_duration: 1 }
$data merge entity $(bone_ring) { transformation: [1.4881240340296935f,1.011328049197632f,2.2034447328268763e-16f,1.1102230246251565e-16f,1.011328049197632f,-1.4881240340296935f,0f,0.4999999999999999f,1.8224263350087112e-16f,1.2385196583378167e-16f,-1.799249166666667f,-1.06884375f,0f,0f,0f,1f], start_interpolation: 0, interpolation_duration: 1 }
$data merge entity $(bone_wheel) { transformation: [-1f,3.784366730434137e-17f,1.1647083184890928e-16f,1.0625f,0f,0.9510565162951539f,-0.30901699437494634f,-0.625f,-1.2246467991473532e-16f,-0.30901699437494634f,-0.9510565162951539f,-1.1938437499999999f,0f,0f,0f,1f], start_interpolation: 0, interpolation_duration: 1 }
$data merge entity $(bone_wheel2) { transformation: [-1f,3.784366730434137e-17f,1.1647083184890928e-16f,1.0625f,0f,0.9510565162951539f,-0.30901699437494634f,-0.625f,-1.2246467991473532e-16f,-0.30901699437494634f,-0.9510565162951539f,-0.9438437499999999f,0f,0f,0f,1f], start_interpolation: 0, interpolation_duration: 1 }
$data merge entity $(bone_rails) { transformation: [-1.1373008333333334f,0f,1.3927918252092842e-16f,-0.43749999999999994f,0f,1.1373008333333334f,0f,-1f,-1.3927918252092842e-16f,0f,-1.1373008333333334f,-0.6313437500000001f,0f,0f,0f,1f], start_interpolation: 0, interpolation_duration: 1 }
$data merge entity $(bone_wheel3) { transformation: [-1f,3.784366730434137e-17f,1.1647083184890928e-16f,-1.0625f,0f,0.9510565162951539f,-0.30901699437494634f,-0.625f,-1.2246467991473532e-16f,-0.30901699437494634f,-0.9510565162951539f,-0.9438437500000001f,0f,0f,0f,1f], start_interpolation: 0, interpolation_duration: 1 }
$data merge entity $(bone_wheel4) { transformation: [-1f,3.784366730434137e-17f,1.1647083184890928e-16f,-1.0625f,0f,0.9510565162951539f,-0.30901699437494634f,-0.625f,-1.2246467991473532e-16f,-0.30901699437494634f,-0.9510565162951539f,-1.19384375f,0f,0f,0f,1f], start_interpolation: 0, interpolation_duration: 1 }
$data merge entity $(bone_rails2) { transformation: [-1.2038220833333333f,0f,1.4742568610970649e-16f,0.4375f,0f,1.2038220833333333f,0f,-1f,-1.4742568610970649e-16f,0f,-1.2038220833333333f,-0.63134375f,0f,0f,0f,1f], start_interpolation: 0, interpolation_duration: 1 }
$data merge entity $(bone_bone6) { transformation: [-0.8676824299818952f,-0.11935478396083093f,-0.4825781141394385f,0.47479909424792993f,0f,0.9707498833278573f,-0.24009303200832677f,0.3688793847232777f,0.49711889996329217f,-0.2083245054347059f,-0.8423026176705564f,-0.654535700353903f,0f,0f,0f,1f], start_interpolation: 0, interpolation_duration: 1 }
$data merge entity $(bone_bone5) { transformation: [-0.8676824299818952f,-0.2631080899719847f,-0.4217835151970826f,0.41816109774329013f,0f,0.8484560036406333f,-0.529265916044256f,0.3018333787968694f,0.49711889996329217f,-0.45923473613987376f,-0.7361903669716324f,-0.7533929243300599f,0f,0f,0f,1f], start_interpolation: 0, interpolation_duration: 1 }
$data merge entity $(bone_bone4) { transformation: [-0.8676824299818952f,-0.2631080899719847f,-0.4217835151970826f,1.082813901098309f,0f,0.8484560036406333f,-0.529265916044256f,0.16551643362502838f,0.49711889996329217f,-0.45923473613987376f,-0.7361903669716324f,0.029533573813746578f,0f,0f,0f,1f], start_interpolation: 0, interpolation_duration: 1 }
$data merge entity $(bone_bone3) { transformation: [-0.8676824299818952f,-0.03417331340427435f,-0.49594292549817354f,0.8554201446892284f,0f,0.9976344201252347f,-0.06874273620817423f,-0.234375f,0.49711889996329217f,-0.059646864396713024f,-0.8656298578878425f,-0.2416401174977212f,0f,0f,0f,1f], start_interpolation: 0, interpolation_duration: 1 }
$data merge entity $(bone_octagon) { transformation: [-0.8676824299818952f,0f,-0.49711889996329217f,0.859375f,0f,1f,0f,-0.40625f,0.49711889996329217f,0f,-0.8676824299818952f,-0.1718749999999999f,0f,0f,0f,1f], start_interpolation: 0, interpolation_duration: 1 }
$data merge entity $(bone_bone10) { transformation: [-0.9323511709353438f,-0.1898195645358292f,0.3077171216798335f,-0.5928615075432733f,0f,0.8510958880074545f,0.525010275534491f,0.751091529873642f,-0.3615539988099887f,0.4894939451476702f,-0.7935202477620066f,-0.5998447286474115f,0f,0f,0f,1f], start_interpolation: 0, interpolation_duration: 1 }
$data merge entity $(bone_bone9) { transformation: [-0.9323511709353438f,0.047645812200296886f,0.3584008518897065f,-0.5453354525157872f,0f,0.991278904587806f,-0.1317806257353461f,0.7370616905532101f,-0.3615539988099887f,-0.12286582071094226f,-0.9242200474159459f,-0.7224017276037455f,0f,0f,0f,1f], start_interpolation: 0, interpolation_duration: 1 }
$data merge entity $(bone_bone8) { transformation: [-0.9323511709353438f,0.047645812200296886f,0.3584008518897065f,-1.0149944792547287f,0f,0.991278904587806f,-0.1317806257353461f,0.23270911589233706f,-0.3615539988099887f,-0.12286582071094226f,-0.9242200474159459f,-0.029871305192362307f,0f,0f,0f,1f], start_interpolation: 0, interpolation_duration: 1 }
$data merge entity $(bone_bone7) { transformation: [-0.9323511709353438f,0.10408993063511768f,0.3462464157155561f,-0.8659138491661053f,0f,0.9576616960542114f,-0.2878959463253542f,-0.234375f,-0.3615539988099887f,-0.2684201226639829f,-0.8928770036760713f,-0.24144551064627112f,0f,0f,0f,1f], start_interpolation: 0, interpolation_duration: 1 }
$data merge entity $(bone_octagon2) { transformation: [-0.9323511709353438f,0f,0.3615539988099887f,-0.859375f,0f,1f,0f,-0.40625f,-0.3615539988099887f,0f,-0.9323511709353438f,-0.171875f,0f,0f,0f,1f], start_interpolation: 0, interpolation_duration: 1 }