# This file was generated by Animated Java via MC-Build. It is not recommended to edit this file directly.
$data merge entity $(bone_bone21) { transformation: [0.7579152953618518f,-0.6523529758164339f,1.2246467991473532e-16f,-0.060792022032454124f,-0.6523529758164339f,-0.7579152953618518f,0f,-0.05363373828700935f,9.281785404897126e-17f,-7.989019837478464e-17f,-1f,-1.1156562500000002f,0f,0f,0f,1f], start_interpolation: 0, interpolation_duration: 1 }
$data merge entity $(bone_arm4) { transformation: [0.38706522054556247f,-0.9220523385600272f,1.2246467991473532e-16f,0.14367348731039933f,-0.9220523385600272f,-0.38706522054556247f,0f,-0.5407038521523625f,4.740181834023874e-17f,-1.1291884450638688e-16f,-1f,-1.1156562500000002f,0f,0f,0f,1f], start_interpolation: 0, interpolation_duration: 1 }
$data merge entity $(bone_small_arm_base4) { transformation: [0.14090123193758236f,-0.9900236577165576f,1.2246467991473532e-16f,0.14603155749014474f,-0.9900236577165576f,-0.14090123193758236f,0f,-0.5572725168290352f,1.7255424268827907e-17f,-1.212429303502737e-16f,-1f,-1.0219062500000002f,0f,0f,0f,1f], start_interpolation: 0, interpolation_duration: 1 }
$data merge entity $(bone_bone25) { transformation: [0.8607420270039436f,0.509041415750371f,1.2246467991473532e-16f,1.531195361832059e-16f,0.509041415750371f,-0.8607420270039436f,0f,0.4999999999999999f,1.0541049682619842e-16f,6.233959404321289e-17f,-1f,-1.4594062500000002f,0f,0f,0f,1f], start_interpolation: 0, interpolation_duration: 1 }
$data merge entity $(bone_bone16) { transformation: [0.9993730639160647f,-0.035404507043832856f,1.2246467991473532e-16f,0.6602664216030225f,-0.035404507043832856f,-0.9993730639160647f,0f,0.2771891059669964f,1.223879023878892e-16f,-4.3358016226619756e-18f,-1f,-1.1156562500000002f,0f,0f,0f,1f], start_interpolation: 0, interpolation_duration: 1 }
$data merge entity $(bone_arm3) { transformation: [0.7201904048885216f,0.6937764630675409f,1.2246467991473532e-16f,1.0407038521523626f,0.6937764630675409f,-0.7201904048885216f,0f,0.643673487310399f,8.819788741233643e-17f,8.49631124819436e-17f,-1f,-1.1156562500000002f,0f,0f,0f,1f], start_interpolation: 0, interpolation_duration: 1 }
$data merge entity $(bone_small_arm_base3) { transformation: [0.9900236577165575f,0.14090123193758214f,1.2246467991473532e-16f,1.0572725168290353f,0.14090123193758214f,-0.9900236577165575f,0f,0.6460315574901444f,1.212429303502737e-16f,1.7255424268827876e-17f,-1f,-1.0219062500000002f,0f,0f,0f,1f], start_interpolation: 0, interpolation_duration: 1 }
$data merge entity $(bone_bone15) { transformation: [-0.5090414157503708f,0.8607420270039438f,1.2246467991473532e-16f,1.531195361832059e-16f,0.8607420270039438f,0.5090414157503708f,0f,0.4999999999999999f,-6.233959404321286e-17f,1.0541049682619843e-16f,-1f,-1.4594062500000002f,0f,0f,0f,1f], start_interpolation: 0, interpolation_duration: 1 }
$data merge entity $(bone_bone26) { transformation: [-0.9636264322464894f,-0.26725287477574855f,1.2246467991473532e-16f,-0.5278737021562728f,-0.26725287477574855f,0.9636264322464894f,0f,0.4830098880260232f,-1.1801020258244467e-16f,-3.272903776570489e-17f,-1f,-1.1156562500000002f,0f,0f,0f,1f], start_interpolation: 0, interpolation_duration: 1 }
$data merge entity $(bone_arm5) { transformation: [-0.9708176002330156f,-0.23981907154729926f,1.2246467991473532e-16f,-1.0407038521523622f,-0.23981907154729926f,0.9708176002330156f,0f,0.3563265126896004f,-1.1889086666812772e-16f,-2.9369365834489015e-17f,-1f,-1.1156562500000002f,0f,0f,0f,1f], start_interpolation: 0, interpolation_duration: 1 }
$data merge entity $(bone_small_arm_base5) { transformation: [-0.9900236577165575f,-0.14090123193758258f,1.2246467991473532e-16f,-1.057272516829035f,-0.14090123193758258f,0.9900236577165575f,0f,0.353968442509855f,-1.212429303502737e-16f,-1.7255424268827938e-17f,-1f,-1.0219062500000002f,0f,0f,0f,1f], start_interpolation: 0, interpolation_duration: 1 }
$data merge entity $(bone_bone20) { transformation: [0.5090414157503712f,-0.8607420270039435f,1.2246467991473532e-16f,1.531195361832059e-16f,-0.8607420270039435f,-0.5090414157503712f,0f,0.4999999999999999f,6.233959404321291e-17f,-1.0541049682619841e-16f,-1f,-1.4594062500000002f,0f,0f,0f,1f], start_interpolation: 0, interpolation_duration: 1 }
$data merge entity $(bone_bone11) { transformation: [0.05126526486071163f,0.9986850717912839f,1.2246467991473532e-16f,-0.2372177266384805f,0.9986850717912839f,-0.05126526486071163f,0f,1.020806828098395f,6.27818425191118e-18f,1.2230364765254402e-16f,-1f,-1.1156562500000002f,0f,0f,0f,1f], start_interpolation: 0, interpolation_duration: 1 }
$data merge entity $(bone_arm2) { transformation: [-0.17708474031958416f,-0.9841956079692419f,1.2246467991473532e-16f,-0.14367348731039908f,-0.9841956079692419f,0.17708474031958416f,0f,1.5407038521523622f,-2.1686626041021897e-17f,-1.205292001034415e-16f,-1f,-1.1156562500000002f,0f,0f,0f,1f], start_interpolation: 0, interpolation_duration: 1 }
$data merge entity $(bone_small_arm_base2) { transformation: [0.14090123193758236f,-0.9900236577165576f,1.2246467991473532e-16f,-0.14603155749014451f,-0.9900236577165576f,-0.14090123193758236f,0f,1.557272516829035f,1.7255424268827907e-17f,-1.212429303502737e-16f,-1f,-1.0219062500000002f,0f,0f,0f,1f], start_interpolation: 0, interpolation_duration: 1 }
$data merge entity $(bone_bone2) { transformation: [0.8607420270039436f,0.509041415750371f,1.2246467991473532e-16f,1.531195361832059e-16f,0.509041415750371f,-0.8607420270039436f,0f,0.4999999999999999f,1.0541049682619842e-16f,6.233959404321289e-17f,-1f,-1.4594062500000002f,0f,0f,0f,1f], start_interpolation: 0, interpolation_duration: 1 }
$data merge entity $(bone_ring) { transformation: [1.5486893748018233f,0.9158923430876754f,2.2034447328268763e-16f,1.1102230246251565e-16f,0.9158923430876754f,-1.5486893748018233f,0f,0.4999999999999999f,1.8965974857245685e-16f,1.121644626325891e-16f,-1.799249166666667f,-1.1156562500000002f,0f,0f,0f,1f], start_interpolation: 0, interpolation_duration: 1 }
$data merge entity $(bone_wheel) { transformation: [-1f,9.907600726170932e-17f,7.198293278059945e-17f,1.0625f,0f,0.5877852522924714f,-0.8090169943749487f,-0.625f,-1.2246467991473532e-16f,-0.8090169943749487f,-0.5877852522924714f,-1.24065625f,0f,0f,0f,1f], start_interpolation: 0, interpolation_duration: 1 }
$data merge entity $(bone_wheel2) { transformation: [-1f,9.907600726170932e-17f,7.198293278059945e-17f,1.0625f,0f,0.5877852522924714f,-0.8090169943749487f,-0.625f,-1.2246467991473532e-16f,-0.8090169943749487f,-0.5877852522924714f,-0.99065625f,0f,0f,0f,1f], start_interpolation: 0, interpolation_duration: 1 }
$data merge entity $(bone_rails) { transformation: [-1.1373008333333334f,0f,1.3927918252092842e-16f,-0.43749999999999994f,0f,1.1373008333333334f,0f,-1f,-1.3927918252092842e-16f,0f,-1.1373008333333334f,-0.6781562500000002f,0f,0f,0f,1f], start_interpolation: 0, interpolation_duration: 1 }
$data merge entity $(bone_wheel3) { transformation: [-1f,9.907600726170932e-17f,7.198293278059945e-17f,-1.0625f,0f,0.5877852522924714f,-0.8090169943749487f,-0.625f,-1.2246467991473532e-16f,-0.8090169943749487f,-0.5877852522924714f,-0.9906562500000002f,0f,0f,0f,1f], start_interpolation: 0, interpolation_duration: 1 }
$data merge entity $(bone_wheel4) { transformation: [-1f,9.907600726170932e-17f,7.198293278059945e-17f,-1.0625f,0f,0.5877852522924714f,-0.8090169943749487f,-0.625f,-1.2246467991473532e-16f,-0.8090169943749487f,-0.5877852522924714f,-1.2406562500000002f,0f,0f,0f,1f], start_interpolation: 0, interpolation_duration: 1 }
$data merge entity $(bone_rails2) { transformation: [-1.2038220833333333f,0f,1.4742568610970649e-16f,0.4375f,0f,1.2038220833333333f,0f,-1f,-1.4742568610970649e-16f,0f,-1.2038220833333333f,-0.6781562500000001f,0f,0f,0f,1f], start_interpolation: 0, interpolation_duration: 1 }
$data merge entity $(bone_bone6) { transformation: [-0.6020464040634529f,-0.3754391178614551f,-0.704688297145396f,0.348292028549083f,0f,0.8825580828171866f,-0.47020339264413225f,0.3390389194580782f,0.7984610994621251f,-0.2830842617198356f,-0.5313409201372223f,-0.4398225121383011f,0f,0f,0f,1f], start_interpolation: 0, interpolation_duration: 1 }
$data merge entity $(bone_bone5) { transformation: [-0.6020464040634529f,-0.4558645525672655f,-0.6555361447448282f,0.2601049204437653f,0f,0.8209994766012061f,-0.5709289442833895f,0.26639330219185076f,0.7984610994621251f,-0.3437257178815581f,-0.4942797826257332f,-0.5063163355134497f,0f,0f,0f,1f], start_interpolation: 0, interpolation_duration: 1 }
$data merge entity $(bone_bone4) { transformation: [-0.6020464040634529f,-0.4558645525672655f,-0.6555361447448282f,1.1126998596971722f,0f,0.8209994766012061f,-0.5709289442833895f,0.19657828866783345f,0.7984610994621251f,-0.3437257178815581f,-0.4942797826257332f,-0.0982792783297187f,0f,0f,0f,1f], start_interpolation: 0, interpolation_duration: 1 }
$data merge entity $(bone_bone3) { transformation: [-0.6020464040634529f,-0.12975014487190745f,-0.7878483529588576f,0.8282851314106001f,0f,0.9867084989983649f,-0.16250027078252435f,-0.234375f,0.7984610994621251f,-0.09783270368395616f,-0.5940443036808127f,-0.2344548096121571f,0f,0f,0f,1f], start_interpolation: 0, interpolation_duration: 1 }
$data merge entity $(bone_octagon) { transformation: [-0.6020464040634529f,0f,-0.7984610994621251f,0.859375f,0f,1f,0f,-0.40625f,0.7984610994621251f,0f,-0.6020464040634529f,-0.1718749999999999f,0f,0f,0f,1f], start_interpolation: 0, interpolation_duration: 1 }
$data merge entity $(bone_bone10) { transformation: [-0.9469294233008901f,-0.17039085120742734f,0.2725649007334803f,-0.583545741526782f,0f,0.8479454644223179f,0.5300834739601109f,0.7948177791468084f,-0.3214415456767274f,0.5019516382983803f,-0.8029445096160308f,-0.6927810337954918f,0f,0f,0f,1f], start_interpolation: 0, interpolation_duration: 1 }
$data merge entity $(bone_bone9) { transformation: [-0.9469294233008901f,0.04533316622299641f,0.3182288034217547f,-0.5413363957129391f,0f,0.9900052053065855f,-0.1410308245238088f,0.779561159029313f,-0.3214415456767274f,-0.13354623733397925f,-0.9374650581258444f,-0.8171248593743017f,0f,0f,0f,1f], start_interpolation: 0, interpolation_duration: 1 }
$data merge entity $(bone_bone8) { transformation: [-0.9469294233008901f,0.04533316622299641f,0.3182288034217547f,-0.995345163352354f,0f,0.9900052053065855f,-0.1410308245238088f,0.25289618446568396f,-0.3214415456767274f,-0.13354623733397925f,-0.9374650581258444f,-0.06297760064336569f,0f,0f,0f,1f], start_interpolation: 0, interpolation_duration: 1 }
$data merge entity $(bone_bone7) { transformation: [-0.9469294233008901f,0.11912476823425092f,0.2985531056280936f,-0.8688764478733574f,0f,0.9287943940151016f,-0.3705954312267222f,-0.234375f,-0.3214415456767274f,-0.35092771796946476f,-0.8795027398898199f,-0.24110313725870336f,0f,0f,0f,1f], start_interpolation: 0, interpolation_duration: 1 }
$data merge entity $(bone_octagon2) { transformation: [-0.9469294233008901f,0f,0.3214415456767274f,-0.859375f,0f,1f,0f,-0.40625f,-0.3214415456767274f,0f,-0.9469294233008901f,-0.171875f,0f,0f,0f,1f], start_interpolation: 0, interpolation_duration: 1 }