# This file was generated by Animated Java via MC-Build. It is not recommended to edit this file directly.
$data merge entity $(bone_bone21) { transformation: [0.700909264299851f,-0.7132504491541818f,1.2246467991473532e-16f,-0.18207694632210647f,-0.7132504491541818f,-0.700909264299851f,0f,-0.08791000516304787f,8.583662870175387e-17f,-8.734798795470806e-17f,-1f,-1.19921875f,0f,0f,0f,1f], start_interpolation: 0, interpolation_duration: 1 }
$data merge entity $(bone_arm4) { transformation: [0.49242356010346716f,-0.8703556959398998f,1.2246467991473532e-16f,0.07804364494947458f,-0.8703556959398998f,-0.49242356010346716f,0f,-0.5476715937371301f,6.030449367054553e-17f,-1.0658783171524653e-16f,-1f,-1.19921875f,0f,0f,0f,1f], start_interpolation: 0, interpolation_duration: 1 }
$data merge entity $(bone_small_arm_base4) { transformation: [0.0784590957278451f,-0.9969173337331281f,1.2246467991473532e-16f,0.07935670695341489f,-0.9969173337331281f,-0.0784590957278451f,0f,-0.5643556283904877f,9.608468044710121e-18f,-1.220871621770789e-16f,-1f,-1.10546875f,0f,0f,0f,1f], start_interpolation: 0, interpolation_duration: 1 }
$data merge entity $(bone_bone25) { transformation: [0.8910065241883678f,0.4539904997395469f,1.2246467991473532e-16f,1.531195361832059e-16f,0.4539904997395469f,-0.8910065241883678f,0f,0.4999999999999999f,1.0911682878666934e-16f,5.559780123493434e-17f,-1f,-1.54296875f,0f,0f,0f,1f], start_interpolation: 0, interpolation_duration: 1 }
$data merge entity $(bone_bone16) { transformation: [0.9866520014863598f,-0.1628429549073605f,1.2246467991473532e-16f,0.5523347094483675f,-0.1628429549073605f,-0.9866520014863598f,0f,0.39450942090735897f,1.2083002154926e-16f,-1.994251034909959e-17f,-1f,-1.19921875f,0f,0f,0f,1f], start_interpolation: 0, interpolation_duration: 1 }
$data merge entity $(bone_arm3) { transformation: [0.9377018206043126f,0.3474410678595117f,1.2246467991473532e-16f,1.0476715937371304f,0.3474410678595117f,-0.9377018206043126f,0f,0.5780436449494741f,1.1483535331577172e-16f,4.2549259164648933e-17f,-1f,-1.19921875f,0f,0f,0f,1f], start_interpolation: 0, interpolation_duration: 1 }
$data merge entity $(bone_small_arm_base3) { transformation: [0.9969173337331281f,0.07845909572784482f,1.2246467991473532e-16f,1.0643556283904878f,0.07845909572784482f,-0.9969173337331281f,0f,0.5793567069534145f,1.220871621770789e-16f,9.608468044710097e-18f,-1f,-1.10546875f,0f,0f,0f,1f], start_interpolation: 0, interpolation_duration: 1 }
$data merge entity $(bone_bone15) { transformation: [-0.4539904997395467f,0.8910065241883679f,1.2246467991473532e-16f,1.531195361832059e-16f,0.8910065241883679f,0.4539904997395467f,0f,0.4999999999999999f,-5.559780123493432e-17f,1.0911682878666935e-16f,-1f,-1.54296875f,0f,0f,0f,1f], start_interpolation: 0, interpolation_duration: 1 }
$data merge entity $(bone_bone26) { transformation: [-0.9992898128504475f,0.0376811615176339f,1.2246467991473532e-16f,-0.5290707609766911f,0.0376811615176339f,0.9992898128504475f,0f,0.5224382767669219f,-1.223777070727858e-16f,4.61461138407248e-18f,-1f,-1.19921875f,0f,0f,0f,1f], start_interpolation: 0, interpolation_duration: 1 }
$data merge entity $(bone_arm5) { transformation: [-0.9817418417056247f,-0.19021818063594323f,1.2246467991473532e-16f,-1.04767159373713f,-0.19021818063594323f,0.9817418417056247f,0f,0.42195635505052514f,-1.2022870040338207e-16f,-2.3295008605544083e-17f,-1f,-1.19921875f,0f,0f,0f,1f], start_interpolation: 0, interpolation_duration: 1 }
$data merge entity $(bone_small_arm_base5) { transformation: [-0.9969173337331281f,-0.07845909572784532f,1.2246467991473532e-16f,-1.0643556283904874f,-0.07845909572784532f,0.9969173337331281f,0f,0.4206432930465848f,-1.220871621770789e-16f,-9.608468044710146e-18f,-1f,-1.10546875f,0f,0f,0f,1f], start_interpolation: 0, interpolation_duration: 1 }
$data merge entity $(bone_bone20) { transformation: [0.45399049973954714f,-0.8910065241883677f,1.2246467991473532e-16f,1.531195361832059e-16f,-0.8910065241883677f,-0.45399049973954714f,0f,0.4999999999999999f,5.559780123493437e-17f,-1.0911682878666933e-16f,-1f,-1.54296875f,0f,0f,0f,1f], start_interpolation: 0, interpolation_duration: 1 }
$data merge entity $(bone_bone11) { transformation: [0.33241981331695336f,0.94313152195986f,1.2246467991473532e-16f,-0.25281044608423947f,0.94313152195986f,-0.33241981331695336f,0f,1.0491738449430539f,4.070968603517677e-17f,1.155002999543114e-16f,-1f,-1.19921875f,0f,0f,0f,1f], start_interpolation: 0, interpolation_duration: 1 }
$data merge entity $(bone_arm2) { transformation: [-0.330843821252216f,-0.9436855227983695f,1.2246467991473532e-16f,-0.07804364494947436f,-0.9436855227983695f,0.330843821252216f,0f,1.5476715937371301f,-4.0516682671420544e-17f,-1.1556814548967196e-16f,-1f,-1.19921875f,0f,0f,0f,1f], start_interpolation: 0, interpolation_duration: 1 }
$data merge entity $(bone_small_arm_base2) { transformation: [0.0784590957278451f,-0.9969173337331281f,1.2246467991473532e-16f,-0.0793567069534147f,-0.9969173337331281f,-0.0784590957278451f,0f,1.5643556283904876f,9.608468044710121e-18f,-1.220871621770789e-16f,-1f,-1.10546875f,0f,0f,0f,1f], start_interpolation: 0, interpolation_duration: 1 }
$data merge entity $(bone_bone2) { transformation: [0.8910065241883678f,0.4539904997395469f,1.2246467991473532e-16f,1.531195361832059e-16f,0.4539904997395469f,-0.8910065241883678f,0f,0.4999999999999999f,1.0911682878666934e-16f,5.559780123493434e-17f,-1f,-1.54296875f,0f,0f,0f,1f], start_interpolation: 0, interpolation_duration: 1 }
$data merge entity $(bone_ring) { transformation: [1.6031427461404841f,0.8168420283309635f,2.2034447328268763e-16f,1.1102230246251565e-16f,0.8168420283309635f,-1.6031427461404841f,0f,0.4999999999999999f,1.963283632637242e-16f,1.0003429754045461e-16f,-1.799249166666667f,-1.19921875f,0f,0f,0f,1f], start_interpolation: 0, interpolation_duration: 1 }
$data merge entity $(bone_wheel) { transformation: [-1f,1.2246467991473532e-16f,2.719262146893782e-32f,1.0625f,0f,2.220446049250313e-16f,-1f,-0.625f,-1.2246467991473532e-16f,-1f,-2.220446049250313e-16f,-1.3242187499999998f,0f,0f,0f,1f], start_interpolation: 0, interpolation_duration: 1 }
$data merge entity $(bone_wheel2) { transformation: [-1f,1.2246467991473532e-16f,2.719262146893782e-32f,1.0625f,0f,2.220446049250313e-16f,-1f,-0.625f,-1.2246467991473532e-16f,-1f,-2.220446049250313e-16f,-1.0742187499999998f,0f,0f,0f,1f], start_interpolation: 0, interpolation_duration: 1 }
$data merge entity $(bone_rails) { transformation: [-1.1373008333333334f,0f,1.3927918252092842e-16f,-0.43749999999999994f,0f,1.1373008333333334f,0f,-1f,-1.3927918252092842e-16f,0f,-1.1373008333333334f,-0.76171875f,0f,0f,0f,1f], start_interpolation: 0, interpolation_duration: 1 }
$data merge entity $(bone_wheel3) { transformation: [-1f,1.2246467991473532e-16f,2.719262146893782e-32f,-1.0625f,0f,2.220446049250313e-16f,-1f,-0.625f,-1.2246467991473532e-16f,-1f,-2.220446049250313e-16f,-1.07421875f,0f,0f,0f,1f], start_interpolation: 0, interpolation_duration: 1 }
$data merge entity $(bone_wheel4) { transformation: [-1f,1.2246467991473532e-16f,2.719262146893782e-32f,-1.0625f,0f,2.220446049250313e-16f,-1f,-0.625f,-1.2246467991473532e-16f,-1f,-2.220446049250313e-16f,-1.32421875f,0f,0f,0f,1f], start_interpolation: 0, interpolation_duration: 1 }
$data merge entity $(bone_rails2) { transformation: [-1.2038220833333333f,0f,1.4742568610970649e-16f,0.4375f,0f,1.2038220833333333f,0f,-1f,-1.4742568610970649e-16f,0f,-1.2038220833333333f,-0.7617187499999999f,0f,0f,0f,1f], start_interpolation: 0, interpolation_duration: 1 }
$data merge entity $(bone_bone6) { transformation: [-0.17457129222698287f,-0.6777748334216533f,-0.7142451533685414f,0.2811179350616458f,0f,0.7253837569243612f,-0.6883446848711039f,0.3367043189437616f,0.9846445368406821f,-0.12016522113552393f,-0.12663117980674934f,-0.17918432107617557f,0f,0f,0f,1f], start_interpolation: 0, interpolation_duration: 1 }
$data merge entity $(bone_bone5) { transformation: [-0.17457129222698287f,-0.6010724403435731f,-0.7798953682319334f,0.17600063746220707f,0f,0.7920577823285303f,-0.610446123300665f,0.2587375964897494f,0.9846445368406821f,-0.1065663685795492f,-0.13827055057952983f,-0.19782095774124195f,0f,0f,0f,1f], start_interpolation: 0, interpolation_duration: 1 }
$data merge entity $(bone_bone4) { transformation: [-0.17457129222698287f,-0.6010724403435731f,-0.7798953682319334f,1.0357096206792358f,0f,0.7920577823285303f,-0.610446123300665f,0.24587652926281173f,0.9846445368406821f,-0.1065663685795492f,-0.13827055057952983f,-0.23582400397833525f,0f,0f,0f,1f], start_interpolation: 0, interpolation_duration: 1 }
$data merge entity $(bone_bone3) { transformation: [-0.17457129222698287f,-0.33515759868334916f,-0.9258478535780122f,0.8032900693295506f,0f,0.9402863865458249f,-0.34038435815500645f,-0.234375f,0.9846445368406821f,-0.05942133725697163f,-0.16414700956274497f,-0.21355584754045764f,0f,0f,0f,1f], start_interpolation: 0, interpolation_duration: 1 }
$data merge entity $(bone_octagon) { transformation: [-0.17457129222698287f,0f,-0.9846445368406821f,0.859375f,0f,1f,0f,-0.40625f,0.9846445368406821f,0f,-0.17457129222698287f,-0.1718749999999999f,0f,0f,0f,1f], start_interpolation: 0, interpolation_duration: 1 }
$data merge entity $(bone_bone10) { transformation: [-0.9586517605520883f,-0.1434480278543626f,0.24578337066424072f,-0.5734597221795277f,0f,0.8636651008475313f,0.5040660607281784f,0.8327763998069371f,-0.2845818019311521f,0.4832238165516241f,-0.8279540694548829f,-0.8055879894727599f,0f,0f,0f,1f], start_interpolation: 0, interpolation_duration: 1 }
$data merge entity $(bone_bone9) { transformation: [-0.9586517605520883f,0.044824984071991064f,0.28102939845028185f,-0.536168082923595f,0f,0.987517109468125f,-0.15751177260039773f,0.8153332946520545f,-0.2845818019311521f,-0.15099893811105147f,-0.9466850155669274f,-0.9312098506879828f,0f,0f,0f,1f], start_interpolation: 0, interpolation_duration: 1 }
$data merge entity $(bone_bone8) { transformation: [-0.9586517605520883f,0.044824984071991064f,0.28102939845028185f,-0.9746322271985267f,0f,0.987517109468125f,-0.15751177260039773f,0.27379647988036904f,-0.2845818019311521f,-0.15099893811105147f,-0.9466850155669274f,-0.11304641835278029f,0f,0f,0f,1f], start_interpolation: 0, interpolation_duration: 1 }
$data merge entity $(bone_bone7) { transformation: [-0.9586517605520883f,0.1352618242225469f,0.2503817902691215f,-0.8715465048965557f,0f,0.8798236168653379f,-0.4753003294823128f,-0.234375f,-0.2845818019311521f,-0.45564749764920687f,-0.8434444592832623f,-0.24068391634485403f,0f,0f,0f,1f], start_interpolation: 0, interpolation_duration: 1 }
$data merge entity $(bone_octagon2) { transformation: [-0.9586517605520883f,0f,0.2845818019311521f,-0.859375f,0f,1f,0f,-0.40625f,-0.2845818019311521f,0f,-0.9586517605520883f,-0.171875f,0f,0f,0f,1f], start_interpolation: 0, interpolation_duration: 1 }