# This file was generated by Animated Java via MC-Build. It is not recommended to edit this file directly.
$data merge entity $(bone_bone21) { transformation: [0.8322639341027074f,-0.5543796027920621f,1.2246467991473532e-16f,-0.20397325266522934f,-0.5543796027920621f,-0.8322639341027074f,0f,-0.08376544400610658f,1.0192293629446643e-16f,-6.789192060718799e-17f,-1f,-1.2514999999999998f,0f,0f,0f,1f], start_interpolation: 0, interpolation_duration: 1 }
$data merge entity $(bone_arm4) { transformation: [0.47150457282671726f,-0.8818636163282252f,1.2246467991473532e-16f,0.04509697509797792f,-0.8818636163282252f,-0.47150457282671726f,0f,-0.54960604117817f,5.774265658955793e-17f,-1.0799714550208704e-16f,-1f,-1.2514999999999998f,0f,0f,0f,1f], start_interpolation: 0, interpolation_duration: 1 }
$data merge entity $(bone_small_arm_base4) { transformation: [0.04710645070964253f,-0.9988898749619701f,1.2246467991473532e-16f,0.04588533099213547f,-0.9988898749619701f,-0.04710645070964253f,0f,-0.5663230875418305f,5.768876408075632e-18f,-1.2232872880728764e-16f,-1f,-1.1577499999999998f,0f,0f,0f,1f], start_interpolation: 0, interpolation_duration: 1 }
$data merge entity $(bone_bone25) { transformation: [0.9048270524660196f,0.42577929156507255f,1.2246467991473532e-16f,2.6414183864572156e-16f,0.42577929156507255f,-0.9048270524660196f,0f,0.4999999999999999f,1.108093553584445e-16f,5.2142924655839374e-17f,-1f,-1.5952499999999998f,0f,0f,0f,1f], start_interpolation: 0, interpolation_duration: 1 }
$data merge entity $(bone_bone16) { transformation: [0.9806890081985185f,-0.19557369250133458f,1.2246467991473532e-16f,0.5264306051857546f,-0.19557369250133458f,-0.9806890081985185f,0f,0.4720839385511629f,1.200997654849308e-16f,-2.3950869651918808e-17f,-1f,-1.2514999999999996f,0f,0f,0f,1f], start_interpolation: 0, interpolation_duration: 1 }
$data merge entity $(bone_arm3) { transformation: [0.9904018343595665f,0.13821796734580513f,1.2246467991473532e-16f,1.0496060411781702f,0.13821796734580513f,-0.9904018343595665f,0f,0.5450969750979773f,1.2128924363181104e-16f,1.692681912946937e-17f,-1f,-1.2514999999999996f,0f,0f,0f,1f], start_interpolation: 0, interpolation_duration: 1 }
$data merge entity $(bone_small_arm_base3) { transformation: [0.9988898749619701f,0.047106450709642256f,1.2246467991473532e-16f,1.0663230875418306f,0.047106450709642256f,-0.9988898749619701f,0f,0.5458853309921349f,1.2232872880728766e-16f,5.768876408075601e-18f,-1f,-1.1577499999999996f,0f,0f,0f,1f], start_interpolation: 0, interpolation_duration: 1 }
$data merge entity $(bone_bone15) { transformation: [-0.4257792915650723f,0.9048270524660197f,1.2246467991473532e-16f,2.6414183864572156e-16f,0.9048270524660197f,0.4257792915650723f,0f,0.4999999999999999f,-5.214292465583935e-17f,1.1080935535844452e-16f,-1f,-1.5952499999999998f,0f,0f,0f,1f], start_interpolation: 0, interpolation_duration: 1 }
$data merge entity $(bone_bone26) { transformation: [-0.9816616182600917f,0.19063175820145595f,1.2246467991473532e-16f,-0.5286207371448053f,0.19063175820145595f,0.9816616182600917f,0f,0.5421827666116743f,-1.2021887586480318e-16f,2.3345657249724518e-17f,-1f,-1.2515f,0f,0f,0f,1f], start_interpolation: 0, interpolation_duration: 1 }
$data merge entity $(bone_arm5) { transformation: [-0.9862557859014248f,-0.1652256783189683f,1.2246467991473532e-16f,-1.0496060411781696f,-0.1652256783189683f,0.9862557859014248f,0f,0.4549030249020219f,-1.2078149913447369e-16f,-2.023430980902747e-17f,-1f,-1.2515f,0f,0f,0f,1f], start_interpolation: 0, interpolation_duration: 1 }
$data merge entity $(bone_small_arm_base5) { transformation: [-0.9988898749619701f,-0.04710645070964281f,1.2246467991473532e-16f,-1.0663230875418301f,-0.04710645070964281f,0.9988898749619701f,0f,0.45411466900786435f,-1.2232872880728764e-16f,-5.7688764080756566e-18f,-1f,-1.15775f,0f,0f,0f,1f], start_interpolation: 0, interpolation_duration: 1 }
$data merge entity $(bone_bone20) { transformation: [0.42577929156507277f,-0.9048270524660195f,1.2246467991473532e-16f,2.6414183864572156e-16f,-0.9048270524660195f,-0.42577929156507277f,0f,0.4999999999999999f,5.21429246558394e-17f,-1.1080935535844449e-16f,-1f,-1.5952499999999998f,0f,0f,0f,1f], start_interpolation: 0, interpolation_duration: 1 }
$data merge entity $(bone_bone11) { transformation: [0.4641354734341468f,0.8857642250057634f,1.2246467991473532e-16f,-0.2589426512048882f,0.8857642250057634f,-0.4641354734341468f,0f,1.0665807135378702f,5.684020219118692e-17f,1.0847483229525439e-16f,-1f,-1.2514999999999998f,0f,0f,0f,1f], start_interpolation: 0, interpolation_duration: 1 }
$data merge entity $(bone_arm2) { transformation: [-0.4048224272693422f,-0.9143953206243777f,1.2246467991473532e-16f,-0.045096975097977485f,-0.9143953206243777f,0.4048224272693422f,0f,1.5496060411781698f,-4.95764489778462e-17f,-1.1198113025579618e-16f,-1f,-1.2514999999999998f,0f,0f,0f,1f], start_interpolation: 0, interpolation_duration: 1 }
$data merge entity $(bone_small_arm_base2) { transformation: [0.04710645070964253f,-0.9988898749619701f,1.2246467991473532e-16f,-0.04588533099213506f,-0.9988898749619701f,-0.04710645070964253f,0f,1.5663230875418304f,5.768876408075632e-18f,-1.2232872880728764e-16f,-1f,-1.1577499999999998f,0f,0f,0f,1f], start_interpolation: 0, interpolation_duration: 1 }
$data merge entity $(bone_bone2) { transformation: [0.9048270524660196f,0.42577929156507255f,1.2246467991473532e-16f,2.6414183864572156e-16f,0.42577929156507255f,-0.9048270524660196f,0f,0.4999999999999999f,1.108093553584445e-16f,5.2142924655839374e-17f,-1f,-1.5952499999999998f,0f,0f,0f,1f], start_interpolation: 0, interpolation_duration: 1 }
$data merge entity $(bone_ring) { transformation: [1.6280093201269423f,0.7660830355323807f,2.2034447328268763e-16f,2.220446049250313e-16f,0.7660830355323807f,-1.6280093201269423f,0f,0.4999999999999999f,1.9937364028755184e-16f,9.38181137345818e-17f,-1.799249166666667f,-1.2514999999999998f,0f,0f,0f,1f], start_interpolation: 0, interpolation_duration: 1 }
$data merge entity $(bone_wheel) { transformation: [-1f,1.1647083184890928e-16f,-3.784366730434137e-17f,1.0625000000000002f,0f,-0.30901699437494634f,-0.951056516295154f,-0.625f,-1.2246467991473532e-16f,-0.951056516295154f,0.30901699437494634f,-1.3764999999999996f,0f,0f,0f,1f], start_interpolation: 0, interpolation_duration: 1 }
$data merge entity $(bone_wheel2) { transformation: [-1f,1.1647083184890928e-16f,-3.784366730434137e-17f,1.0625000000000002f,0f,-0.30901699437494634f,-0.951056516295154f,-0.625f,-1.2246467991473532e-16f,-0.951056516295154f,0.30901699437494634f,-1.1264999999999996f,0f,0f,0f,1f], start_interpolation: 0, interpolation_duration: 1 }
$data merge entity $(bone_rails) { transformation: [-1.1373008333333334f,0f,1.3927918252092842e-16f,-0.43749999999999983f,0f,1.1373008333333334f,0f,-1f,-1.3927918252092842e-16f,0f,-1.1373008333333334f,-0.8139999999999998f,0f,0f,0f,1f], start_interpolation: 0, interpolation_duration: 1 }
$data merge entity $(bone_wheel3) { transformation: [-1f,1.1647083184890928e-16f,-3.784366730434137e-17f,-1.0625f,0f,-0.30901699437494634f,-0.951056516295154f,-0.625f,-1.2246467991473532e-16f,-0.951056516295154f,0.30901699437494634f,-1.1264999999999998f,0f,0f,0f,1f], start_interpolation: 0, interpolation_duration: 1 }
$data merge entity $(bone_wheel4) { transformation: [-1f,1.1647083184890928e-16f,-3.784366730434137e-17f,-1.0625f,0f,-0.30901699437494634f,-0.951056516295154f,-0.625f,-1.2246467991473532e-16f,-0.951056516295154f,0.30901699437494634f,-1.3765f,0f,0f,0f,1f], start_interpolation: 0, interpolation_duration: 1 }
$data merge entity $(bone_rails2) { transformation: [-1.2038220833333333f,0f,1.4742568610970649e-16f,0.4375000000000001f,0f,1.2038220833333333f,0f,-1f,-1.4742568610970649e-16f,0f,-1.2038220833333333f,-0.8139999999999997f,0f,0f,0f,1f], start_interpolation: 0, interpolation_duration: 1 }
$data merge entity $(bone_bone6) { transformation: [0.03476322559375654f,-0.7751543317858807f,-0.630814774763482f,0.2773682209359254f,0f,0.6311962846883603f,-0.775623136707261f,0.3363478493232508f,0.9993955764092203f,0.02696316207709158f,0.02194241883856244f,-0.057823631704741474f,0f,0f,0f,1f], start_interpolation: 0, interpolation_duration: 1 }
$data merge entity $(bone_bone5) { transformation: [0.03476322559375654f,-0.6269331821588243f,-0.7782970533507936f,0.17237382921157063f,0f,0.7787677589560453f,-0.6273123445386508f,0.2561068386786569f,0.9993955764092203f,0.021807400550945443f,0.027072479289733213f,-0.054171480532823085f,0f,0f,0f,1f], start_interpolation: 0, interpolation_duration: 1 }
$data merge entity $(bone_bone4) { transformation: [0.03476322559375654f,-0.6269331821588243f,-0.7782970533507936f,0.9726262902966276f,0f,0.7787677589560453f,-0.6273123445386508f,0.26480439120628246f,0.9993955764092203f,0.021807400550945443f,0.027072479289733213f,-0.26962106017804294f,0f,0f,0f,1f], start_interpolation: 0, interpolation_duration: 1 }
$data merge entity $(bone_bone3) { transformation: [0.03476322559375654f,-0.4265401455794503f,-0.9038003221704333f,0.7958264256746188f,0f,0.9043469307896518f,-0.4267981124271015f,-0.234375f,0.9993955764092203f,0.014836879065292794f,0.031438016370061994f,-0.20093341016317823f,0f,0f,0f,1f], start_interpolation: 0, interpolation_duration: 1 }
$data merge entity $(bone_octagon) { transformation: [0.03476322559375654f,0f,-0.9993955764092203f,0.859375f,0f,1f,0f,-0.40625f,0.9993955764092203f,0f,0.03476322559375654f,-0.1718749999999999f,0f,0f,0f,1f], start_interpolation: 0, interpolation_duration: 1 }
$data merge entity $(bone_bone10) { transformation: [-0.9635553428869646f,-0.12872395015017005f,0.23450212334160328f,-0.5689522868327744f,0f,0.876613737000928f,0.48119471744946224f,0.8475129263242139f,-0.26750906749862513f,0.46365774096741263f,-0.8446658499353527f,-0.8675088291933412f,0f,0f,0f,1f], start_interpolation: 0, interpolation_duration: 1 }
$data merge entity $(bone_bone9) { transformation: [-0.9635553428869646f,0.04488833925259543f,0.26371601808219364f,-0.5339484268971311f,0f,0.9858208566464723f,-0.16780118772170638f,0.8287042629650111f,-0.26750906749862513f,-0.16168573097202882f,-0.9498929535511129f,-0.9935911208256781f,0f,0f,0f,1f], start_interpolation: 0, interpolation_duration: 1 }
$data merge entity $(bone_bone8) { transformation: [-0.9635553428869646f,0.04488833925259543f,0.26371601808219364f,-0.9646158117837045f,0f,0.9858208566464723f,-0.16780118772170638f,0.28260890523978477f,-0.26750906749862513f,-0.16168573097202882f,-0.9498929535511129f,-0.14325785234391442f,0f,0f,0f,1f], start_interpolation: 0, interpolation_duration: 1 }
$data merge entity $(bone_bone7) { transformation: [-0.9635553428869646f,0.14222808972770232f,0.22656626334561075f,-0.8727667877465536f,0f,0.8469479762467311f,-0.5316757710593616f,-0.234375f,-0.26750906749862513f,-0.5122990298877945f,-0.8160812476598398f,-0.24045686728976734f,0f,0f,0f,1f], start_interpolation: 0, interpolation_duration: 1 }
$data merge entity $(bone_octagon2) { transformation: [-0.9635553428869646f,0f,0.26750906749862513f,-0.859375f,0f,1f,0f,-0.40625f,-0.26750906749862513f,0f,-0.9635553428869646f,-0.171875f,0f,0f,0f,1f], start_interpolation: 0, interpolation_duration: 1 }