# This file was generated by Animated Java via MC-Build. It is not recommended to edit this file directly.
$data merge entity $(bone_bone21) { transformation: [0.6954512331745863f,0.7185732963838466f,1.2246467991473532e-16f,-0.2200671773935019f,0.7185732963838466f,-0.6954512331745863f,0f,-0.04776867518515293f,8.516821266703369e-17f,8.799984873692402e-17f,-1f,-1.4345937500000003f,0f,0f,0f,1f], start_interpolation: 0, interpolation_duration: 1 }
$data merge entity $(bone_arm4) { transformation: [0.314602428246331f,-0.9492235311777265f,1.2246467991473532e-16f,-0.05387982105800114f,-0.9492235311777265f,-0.314602428246331f,0f,-0.549191852676838f,3.8527685675585414e-17f,-1.1624635591321507e-16f,-1f,-1.4345937500000003f,0f,0f,0f,1f], start_interpolation: 0, interpolation_duration: 1 }
$data merge entity $(bone_small_arm_base4) { transformation: [-0.04710645070964237f,-0.9988898749619701f,1.2246467991473532e-16f,-0.05466817695215871f,-0.9988898749619701f,0.04710645070964237f,0f,-0.5659088990404985f,-5.768876408075607e-18f,-1.2232872880728766e-16f,-1f,-1.3408437500000003f,0f,0f,0f,1f], start_interpolation: 0, interpolation_duration: 1 }
$data merge entity $(bone_bone25) { transformation: [0.9408807689542253f,0.3387379202452917f,1.2246467991473532e-16f,2.6414183864572156e-16f,0.3387379202452917f,-0.9408807689542253f,0f,0.4999999999999999f,1.1522466220790924e-16f,4.148343097782279e-17f,-1f,-1.7783437500000003f,0f,0f,0f,1f], start_interpolation: 0, interpolation_duration: 1 }
$data merge entity $(bone_bone16) { transformation: [0.9998763610029288f,-0.01572458926462894f,1.2246467991473532e-16f,0.5713960182140967f,-0.01572458926462894f,-0.9998763610029288f,0f,0.6714079524710853f,1.22449538504534e-16f,-1.9257067910834583e-18f,-1f,-1.4345937500000003f,0f,0f,0f,1f], start_interpolation: 0, interpolation_duration: 1 }
$data merge entity $(bone_arm3) { transformation: [0.9044955828318342f,-0.4264829898573927f,1.2246467991473532e-16f,1.0491918526768382f,-0.4264829898573927f,-0.9044955828318342f,0f,0.4461201789419983f,1.1076876203579253e-16f,-5.222910284196489e-17f,-1f,-1.4345937500000003f,0f,0f,0f,1f], start_interpolation: 0, interpolation_duration: 1 }
$data merge entity $(bone_small_arm_base3) { transformation: [0.9988898749619701f,-0.04710645070964259f,1.2246467991473532e-16f,1.0659088990404986f,-0.04710645070964259f,-0.9988898749619701f,0f,0.44533182304784075f,1.2232872880728764e-16f,-5.768876408075632e-18f,-1f,-1.3408437500000003f,0f,0f,0f,1f], start_interpolation: 0, interpolation_duration: 1 }
$data merge entity $(bone_bone15) { transformation: [-0.3387379202452915f,0.9408807689542255f,1.2246467991473532e-16f,2.6414183864572156e-16f,0.9408807689542255f,0.3387379202452915f,0f,0.4999999999999999f,-4.1483430977822764e-17f,1.1522466220790924e-16f,-1f,-1.7783437500000003f,0f,0f,0f,1f], start_interpolation: 0, interpolation_duration: 1 }
$data merge entity $(bone_bone26) { transformation: [-0.7935639587310293f,0.6084868473542692f,1.2246467991473532e-16f,-0.5230744180273927f,0.6084868473542692f,0.7935639587310293f,0f,0.6012494874018525f,-9.718355619786572e-17f,7.451814699356698e-17f,-1f,-1.4345937500000003f,0f,0f,0f,1f], start_interpolation: 0, interpolation_duration: 1 }
$data merge entity $(bone_arm5) { transformation: [-0.9959712106455115f,-0.08967356112765057f,1.2246467991473532e-16f,-1.0491918526768376f,-0.08967356112765057f,0.9959712106455115f,0f,0.553879821058001f,-1.21971295515994e-16f,-1.0981843960312172e-17f,-1f,-1.4345937500000003f,0f,0f,0f,1f], start_interpolation: 0, interpolation_duration: 1 }
$data merge entity $(bone_small_arm_base5) { transformation: [-0.9988898749619701f,0.04710645070964209f,1.2246467991473532e-16f,-1.0659088990404981f,0.04710645070964209f,0.9988898749619701f,0f,0.5546681769521586f,-1.2232872880728766e-16f,5.768876408075583e-18f,-1f,-1.3408437500000003f,0f,0f,0f,1f], start_interpolation: 0, interpolation_duration: 1 }
$data merge entity $(bone_bone20) { transformation: [0.3387379202452919f,-0.9408807689542252f,1.2246467991473532e-16f,2.6414183864572156e-16f,-0.9408807689542252f,-0.3387379202452919f,0f,0.4999999999999999f,4.148343097782281e-17f,-1.1522466220790924e-16f,-1f,-1.7783437500000003f,0f,0f,0f,1f], start_interpolation: 0, interpolation_duration: 1 }
$data merge entity $(bone_bone11) { transformation: [0.791970063503683f,0.6105599221321139f,1.2246467991473532e-16f,-0.2681344293180531f,0.6105599221321139f,-0.791970063503683f,0f,1.1304434044571599f,9.698836032903115e-17f,7.477202543267503e-17f,-1f,-1.4345937500000003f,0f,0f,0f,1f], start_interpolation: 0, interpolation_duration: 1 }
$data merge entity $(bone_arm2) { transformation: [-0.6095918927412881f,-0.7927154119254238f,1.2246467991473532e-16f,0.05387982105800158f,-0.7927154119254238f,0.6095918927412881f,0f,1.5491918526768378f,-7.465347602317952e-17f,-9.707963918492459e-17f,-1f,-1.4345937500000003f,0f,0f,0f,1f], start_interpolation: 0, interpolation_duration: 1 }
$data merge entity $(bone_small_arm_base2) { transformation: [-0.04710645070964237f,-0.9988898749619701f,1.2246467991473532e-16f,0.05466817695215913f,-0.9988898749619701f,0.04710645070964237f,0f,1.5659088990404983f,-5.768876408075607e-18f,-1.2232872880728766e-16f,-1f,-1.3408437500000003f,0f,0f,0f,1f], start_interpolation: 0, interpolation_duration: 1 }
$data merge entity $(bone_bone2) { transformation: [0.9408807689542253f,0.3387379202452917f,1.2246467991473532e-16f,2.6414183864572156e-16f,0.3387379202452917f,-0.9408807689542253f,0f,0.4999999999999999f,1.1522466220790924e-16f,4.148343097782279e-17f,-1f,-1.7783437500000003f,0f,0f,0f,1f], start_interpolation: 0, interpolation_duration: 1 }
$data merge entity $(bone_ring) { transformation: [1.6928789394735828f,0.609473920719741f,2.2034447328268763e-16f,2.220446049250313e-16f,0.609473920719741f,-1.6928789394735828f,0f,0.4999999999999999f,2.073178774570289e-16f,7.463902861732185e-17f,-1.799249166666667f,-1.4345937500000003f,0f,0f,0f,1f], start_interpolation: 0, interpolation_duration: 1 }
$data merge entity $(bone_wheel) { transformation: [-1f,3.784366730434141e-17f,-1.1647083184890926e-16f,1.0625000000000002f,0f,-0.9510565162951536f,-0.3090169943749467f,-0.625f,-1.2246467991473532e-16f,-0.3090169943749467f,0.9510565162951536f,-1.5595937500000001f,0f,0f,0f,1f], start_interpolation: 0, interpolation_duration: 1 }
$data merge entity $(bone_wheel2) { transformation: [-1f,3.784366730434141e-17f,-1.1647083184890926e-16f,1.0625000000000002f,0f,-0.9510565162951536f,-0.3090169943749467f,-0.625f,-1.2246467991473532e-16f,-0.3090169943749467f,0.9510565162951536f,-1.3095937500000001f,0f,0f,0f,1f], start_interpolation: 0, interpolation_duration: 1 }
$data merge entity $(bone_rails) { transformation: [-1.1373008333333334f,0f,1.3927918252092842e-16f,-0.43749999999999983f,0f,1.1373008333333334f,0f,-1f,-1.3927918252092842e-16f,0f,-1.1373008333333334f,-0.9970937500000003f,0f,0f,0f,1f], start_interpolation: 0, interpolation_duration: 1 }
$data merge entity $(bone_wheel3) { transformation: [-1f,3.784366730434141e-17f,-1.1647083184890926e-16f,-1.0625f,0f,-0.9510565162951536f,-0.3090169943749467f,-0.625f,-1.2246467991473532e-16f,-0.3090169943749467f,0.9510565162951536f,-1.3095937500000003f,0f,0f,0f,1f], start_interpolation: 0, interpolation_duration: 1 }
$data merge entity $(bone_wheel4) { transformation: [-1f,3.784366730434141e-17f,-1.1647083184890926e-16f,-1.0625f,0f,-0.9510565162951536f,-0.3090169943749467f,-0.625f,-1.2246467991473532e-16f,-0.3090169943749467f,0.9510565162951536f,-1.5595937500000003f,0f,0f,0f,1f], start_interpolation: 0, interpolation_duration: 1 }
$data merge entity $(bone_rails2) { transformation: [-1.2038220833333333f,0f,1.4742568610970649e-16f,0.4375000000000001f,0f,1.2038220833333333f,0f,-1f,-1.4742568610970649e-16f,0f,-1.2038220833333333f,-0.9970937500000002f,0f,0f,0f,1f], start_interpolation: 0, interpolation_duration: 1 }
$data merge entity $(bone_bone6) { transformation: [0.3317138127498166f,-0.8786393941799375f,-0.34345125043605745f,0.2567174415734418f,0f,0.3640645624130901f,-0.9313737136053201f,0.34338797368734364f,0.9433800646775294f,0.30894952563497646f,0.12076524408513965f,0.13940975943420453f,0f,0f,0f,1f], start_interpolation: 0, interpolation_duration: 1 }
$data merge entity $(bone_bone5) { transformation: [0.3317138127498166f,-0.6058538453526231f,-0.7231231323242392f,0.15908637289904126f,0f,0.7665236519190392f,-0.6422160781611587f,0.26113559307450346f,0.9433800646775294f,0.21303194389607216f,0.2542664831409777f,0.1737390560193457f,0f,0f,0f,1f], start_interpolation: 0, interpolation_duration: 1 }
$data merge entity $(bone_bone4) { transformation: [0.3317138127498166f,-0.6058538453526231f,-0.7231231323242392f,0.8761911202960024f,0f,0.7665236519190392f,-0.6422160781611587f,0.28371318928391276f,0.9433800646775294f,0.21303194389607216f,0.2542664831409777f,-0.2771646315049855f,0f,0f,0f,1f], start_interpolation: 0, interpolation_duration: 1 }
$data merge entity $(bone_bone3) { transformation: [0.3317138127498166f,-0.5091713669755713f,-0.7941728183986201f,0.7900476893092226f,0f,0.8418376093945635f,-0.5397308953625373f,-0.234375f,0.9433800646775294f,0.17903619315957955f,0.2792491631284615f,-0.18062351372430915f,0f,0f,0f,1f], start_interpolation: 0, interpolation_duration: 1 }
$data merge entity $(bone_octagon) { transformation: [0.3317138127498166f,0f,-0.9433800646775294f,0.859375f,0f,1f,0f,-0.40625f,0.9433800646775294f,0f,0.3317138127498166f,-0.1718749999999999f,0f,0f,0f,1f], start_interpolation: 0, interpolation_duration: 1 }
$data merge entity $(bone_bone10) { transformation: [-0.9749731475217847f,-0.08475004697156105f,0.20553537688140844f,-0.5600257264544226f,0f,0.9244913866967982f,0.38120293273193884f,0.8680854098674197f,-0.222322652043071f,0.3716626231701936f,-0.9013542771445565f,-1.0629560554684798f,0f,0f,0f,1f], start_interpolation: 0, interpolation_duration: 1 }
$data merge entity $(bone_bone9) { transformation: [-0.9749731475217847f,0.04528367152012154f,0.21766201024782011f,-0.5311066399456628f,0f,0.9790365860049746f,-0.2036844698638655f,0.8445115352077358f,-0.222322652043071f,-0.198586888684479f,-0.9545343817962525f,-1.189777737999678f,0f,0f,0f,1f], start_interpolation: 0, interpolation_duration: 1 }
$data merge entity $(bone_bone8) { transformation: [-0.9749731475217847f,0.04528367152012154f,0.21766201024782011f,-0.9385281616843502f,0f,0.9790365860049746f,-0.2036844698638655f,0.29590349235418034f,-0.222322652043071f,-0.198586888684479f,-0.9545343817962525f,-0.24644136858171697f,0f,0f,0f,1f], start_interpolation: 0, interpolation_duration: 1 }
$data merge entity $(bone_bone7) { transformation: [-0.9749731475217847f,0.1549977678462773f,0.15938335413127663f,-0.8759477451073638f,0f,0.716901101469404f,-0.6971748781417437f,-0.234375f,-0.222322652043071f,-0.6797267853149725f,-0.6989593233614592f,-0.2397584045964575f,0f,0f,0f,1f], start_interpolation: 0, interpolation_duration: 1 }
$data merge entity $(bone_octagon2) { transformation: [-0.9749731475217847f,0f,0.222322652043071f,-0.859375f,0f,1f,0f,-0.40625f,-0.222322652043071f,0f,-0.9749731475217847f,-0.171875f,0f,0f,0f,1f], start_interpolation: 0, interpolation_duration: 1 }