# This file was generated by Animated Java via MC-Build. It is not recommended to edit this file directly.
$data merge entity $(bone_bone21) { transformation: [0.4421799012509309f,0.8969263821126666f,1.2246467991473532e-16f,-0.21242791602371158f,0.8969263821126666f,-0.4421799012509309f,0f,-0.033889768086145966f,5.415142007142451e-17f,1.098418022925093e-16f,-1f,-1.5f,0f,0f,0f,1f], start_interpolation: 0, interpolation_duration: 1 }
$data merge entity $(bone_arm4) { transformation: [0.23780370901082298f,-0.9713132326807333f,1.2246467991473532e-16f,-0.0868091471299713f,-0.9713132326807333f,-0.23780370901082298f,0f,-0.5469817337543503f,2.91225551065473e-17f,-1.1895156413719283e-16f,-1f,-1.5f,0f,0f,0f,1f], start_interpolation: 0, interpolation_duration: 1 }
$data merge entity $(bone_small_arm_base4) { transformation: [-0.07845909572784487f,-0.9969173337331282f,1.2246467991473532e-16f,-0.08812220913391162f,-0.9969173337331282f,0.07845909572784487f,0f,-0.5636657684077079f,-9.608468044710103e-18f,-1.2208716217707892e-16f,-1f,-1.40625f,0f,0f,0f,1f], start_interpolation: 0, interpolation_duration: 1 }
$data merge entity $(bone_bone25) { transformation: [0.9510565162951536f,0.30901699437494756f,1.2246467991473532e-16f,2.6414183864572156e-16f,0.30901699437494756f,-0.9510565162951536f,0f,0.4999999999999999f,1.1647083184890926e-16f,3.784366730434152e-17f,-1f,-1.84375f,0f,0f,0f,1f], start_interpolation: 0, interpolation_duration: 1 }
$data merge entity $(bone_bone16) { transformation: [0.9893871669994342f,0.1453032476472364f,1.2246467991473532e-16f,0.6051173711292731f,0.1453032476472364f,-0.9893871669994342f,0f,0.7026719841611275f,1.211649827183325e-16f,1.779451571369034e-17f,-1f,-1.5f,0f,0f,0f,1f], start_interpolation: 0, interpolation_duration: 1 }
$data merge entity $(bone_arm3) { transformation: [0.8364751958429897f,-0.5480047871501054f,1.2246467991473532e-16f,1.0469817337543506f,-0.5480047871501054f,-0.8364751958429897f,0f,0.4131908528700281f,1.0243866711552729e-16f,-6.711123085008032e-17f,-1f,-1.5f,0f,0f,0f,1f], start_interpolation: 0, interpolation_duration: 1 }
$data merge entity $(bone_small_arm_base3) { transformation: [0.9969173337331282f,-0.0784590957278451f,1.2246467991473532e-16f,1.063665768407708f,-0.0784590957278451f,-0.9969173337331282f,0f,0.4118777908660878f,1.2208716217707892e-16f,-9.608468044710127e-18f,-1f,-1.40625f,0f,0f,0f,1f], start_interpolation: 0, interpolation_duration: 1 }
$data merge entity $(bone_bone15) { transformation: [-0.30901699437494734f,0.9510565162951538f,1.2246467991473532e-16f,2.6414183864572156e-16f,0.9510565162951538f,0.30901699437494734f,0f,0.4999999999999999f,-3.7843667304341493e-17f,1.1647083184890926e-16f,-1f,-1.84375f,0f,0f,0f,1f], start_interpolation: 0, interpolation_duration: 1 }
$data merge entity $(bone_bone26) { transformation: [-0.6907518671571616f,0.7230918738437704f,1.2246467991473532e-16f,-0.519831028078075f,0.7230918738437704f,0.6907518671571616f,0f,0.6208028794441184f,-8.459270631190759e-17f,8.855321487922353e-17f,-1f,-1.5f,0f,0f,0f,1f], start_interpolation: 0, interpolation_duration: 1 }
$data merge entity $(bone_arm5) { transformation: [-0.9979272533989754f,-0.06435213223800443f,1.2246467991473532e-16f,-1.04698173375435f,-0.06435213223800443f,0.9979272533989754f,0f,0.5868091471299711f,-1.222108416656965e-16f,-7.880863276357927e-18f,-1f,-1.5f,0f,0f,0f,1f], start_interpolation: 0, interpolation_duration: 1 }
$data merge entity $(bone_small_arm_base5) { transformation: [-0.9969173337331283f,0.07845909572784465f,1.2246467991473532e-16f,-1.0636657684077075f,0.07845909572784465f,0.9969173337331283f,0f,0.5881222091339114f,-1.2208716217707892e-16f,9.608468044710078e-18f,-1f,-1.40625f,0f,0f,0f,1f], start_interpolation: 0, interpolation_duration: 1 }
$data merge entity $(bone_bone20) { transformation: [0.3090169943749478f,-0.9510565162951535f,1.2246467991473532e-16f,2.6414183864572156e-16f,-0.9510565162951535f,-0.3090169943749478f,0f,0.4999999999999999f,3.784366730434154e-17f,-1.1647083184890926e-16f,-1f,-1.84375f,0f,0f,0f,1f], start_interpolation: 0, interpolation_duration: 1 }
$data merge entity $(bone_bone11) { transformation: [0.8712872404008175f,0.4907734148410325f,1.2246467991473532e-16f,-0.2674775744261533f,0.4907734148410325f,-0.8712872404008175f,0f,1.1551598874253668f,1.0670191300947919e-16f,6.010240915916866e-17f,-1f,-1.5f,0f,0f,0f,1f], start_interpolation: 0, interpolation_duration: 1 }
$data merge entity $(bone_arm2) { transformation: [-0.6706855765367201f,-0.7417417727387393f,1.2246467991473532e-16f,0.08680914712997173f,-0.7417417727387393f,0.6706855765367201f,0f,1.54698173375435f,-8.213529445399917e-17f,-9.083716877783807e-17f,-1f,-1.5f,0f,0f,0f,1f], start_interpolation: 0, interpolation_duration: 1 }
$data merge entity $(bone_small_arm_base2) { transformation: [-0.07845909572784487f,-0.9969173337331282f,1.2246467991473532e-16f,0.08812220913391204f,-0.9969173337331282f,0.07845909572784487f,0f,1.5636657684077075f,-9.608468044710103e-18f,-1.2208716217707892e-16f,-1f,-1.40625f,0f,0f,0f,1f], start_interpolation: 0, interpolation_duration: 1 }
$data merge entity $(bone_bone2) { transformation: [0.9510565162951536f,0.30901699437494756f,1.2246467991473532e-16f,2.6414183864572156e-16f,0.30901699437494756f,-0.9510565162951536f,0f,0.4999999999999999f,1.1647083184890926e-16f,3.784366730434152e-17f,-1f,-1.84375f,0f,0f,0f,1f], start_interpolation: 0, interpolation_duration: 1 }
$data merge entity $(bone_ring) { transformation: [1.7111876443969587f,0.5559985696149625f,2.2034447328268763e-16f,2.220446049250313e-16f,0.5559985696149625f,-1.7111876443969587f,0f,0.4999999999999999f,2.095600471451235e-16f,6.809018686094706e-17f,-1.799249166666667f,-1.5f,0f,0f,0f,1f], start_interpolation: 0, interpolation_duration: 1 }
$data merge entity $(bone_wheel) { transformation: [-1f,1.4997597826618576e-32f,-1.2246467991473532e-16f,1.0625000000000002f,0f,-1f,-1.2246467991473532e-16f,-0.625f,-1.2246467991473532e-16f,-1.2246467991473532e-16f,1f,-1.6249999999999998f,0f,0f,0f,1f], start_interpolation: 0, interpolation_duration: 1 }
$data merge entity $(bone_wheel2) { transformation: [-1f,1.4997597826618576e-32f,-1.2246467991473532e-16f,1.0625000000000002f,0f,-1f,-1.2246467991473532e-16f,-0.625f,-1.2246467991473532e-16f,-1.2246467991473532e-16f,1f,-1.3749999999999998f,0f,0f,0f,1f], start_interpolation: 0, interpolation_duration: 1 }
$data merge entity $(bone_rails) { transformation: [-1.1373008333333334f,0f,1.3927918252092842e-16f,-0.43749999999999983f,0f,1.1373008333333334f,0f,-1f,-1.3927918252092842e-16f,0f,-1.1373008333333334f,-1.0625f,0f,0f,0f,1f], start_interpolation: 0, interpolation_duration: 1 }
$data merge entity $(bone_wheel3) { transformation: [-1f,1.4997597826618576e-32f,-1.2246467991473532e-16f,-1.0625f,0f,-1f,-1.2246467991473532e-16f,-0.625f,-1.2246467991473532e-16f,-1.2246467991473532e-16f,1f,-1.3750000000000002f,0f,0f,0f,1f], start_interpolation: 0, interpolation_duration: 1 }
$data merge entity $(bone_wheel4) { transformation: [-1f,1.4997597826618576e-32f,-1.2246467991473532e-16f,-1.0625f,0f,-1f,-1.2246467991473532e-16f,-0.625f,-1.2246467991473532e-16f,-1.2246467991473532e-16f,1f,-1.6250000000000002f,0f,0f,0f,1f], start_interpolation: 0, interpolation_duration: 1 }
$data merge entity $(bone_rails2) { transformation: [-1.2038220833333333f,0f,1.4742568610970649e-16f,0.4375000000000001f,0f,1.2038220833333333f,0f,-1f,-1.4742568610970649e-16f,0f,-1.2038220833333333f,-1.0625f,0f,0f,0f,1f], start_interpolation: 0, interpolation_duration: 1 }
$data merge entity $(bone_bone6) { transformation: [0.32965505371094406f,-0.9129202957380887f,-0.24063266443339532f,0.18550074466485664f,0f,0.2548800923330992f,-0.966972666900296f,0.3475948212133664f,0.9441014487664101f,0.3187674264440319f,0.08402251052791816f,0.16272469185481916f,0f,0f,0f,1f], start_interpolation: 0, interpolation_duration: 1 }
$data merge entity $(bone_bone5) { transformation: [0.32965505371094406f,-0.6086244181253174f,-0.7217366993748159f,0.08804343419826544f,0f,0.7644694331502802f,-0.6446599768706672f,0.2650124596466592f,0.9441014487664101f,0.2125154193005958f,0.25201121204553056f,0.19675418620457014f,0f,0f,0f,1f], start_interpolation: 0, interpolation_duration: 1 }
$data merge entity $(bone_bone4) { transformation: [0.32965505371094406f,-0.6086244181253174f,-0.7217366993748159f,0.8751552597179755f,0f,0.7644694331502802f,-0.6446599768706672f,0.28400448582873394f,0.9441014487664101f,0.2125154193005958f,0.25201121204553056f,-0.2766858150815734f,0f,0f,0f,1f], start_interpolation: 0, interpolation_duration: 1 }
$data merge entity $(bone_bone3) { transformation: [0.32965505371094406f,-0.5116147493738897f,-0.7934594468439622f,0.7900669390236323f,0f,0.8404387556874517f,-0.5419065398558388f,-0.234375f,0.9441014487664101f,0.1786422295024884f,0.2770548831469059f,-0.1807747294170162f,0f,0f,0f,1f], start_interpolation: 0, interpolation_duration: 1 }
$data merge entity $(bone_octagon) { transformation: [0.32965505371094406f,0f,-0.9441014487664101f,0.859375f,0f,1f,0f,-0.40625f,0.9441014487664101f,0f,0.32965505371094406f,-0.1718749999999999f,0f,0f,0f,1f], start_interpolation: 0, interpolation_duration: 1 }
$data merge entity $(bone_bone10) { transformation: [-0.9778244931313289f,-0.07118981334005775f,0.19695499767476682f,-0.5588630160202817f,0f,0.9404513891545928f,0.3399282051216056f,0.8663950538497022f,-0.209426026635802f,0.3323901248740765f,-0.919596402914744f,-1.127333982960291f,0f,0f,0f,1f], start_interpolation: 0, interpolation_duration: 1 }
$data merge entity $(bone_bone9) { transformation: [-0.9778244931313289f,0.04532808835364385f,0.20446179359152633f,-0.5316882112095708f,0f,0.9762960071199334f,-0.21643961393810285f,0.8411262039078202f,-0.209426026635802f,-0.211639955792566f,-0.9546461483081892f,-1.254215011869778f,0f,0f,0f,1f], start_interpolation: 0, interpolation_duration: 1 }
$data merge entity $(bone_bone8) { transformation: [-0.9778244931313289f,0.04532808835364385f,0.20446179359152633f,-0.9315998613466061f,0f,0.9762960071199334f,-0.21643961393810285f,0.29508566324573104f,-0.209426026635802f,-0.211639955792566f,-0.9546461483081892f,-0.28230426198706216f,0f,0f,0f,1f], start_interpolation: 0, interpolation_duration: 1 }
$data merge entity $(bone_bone7) { transformation: [-0.9778244931313289f,0.15631986824430438f,0.1393677129917219f,-0.8768428887456164f,0f,0.6654746558033422f,-0.7464204461852738f,-0.234375f,-0.209426026635802f,-0.7298681944539758f,-0.6507174180026487f,-0.23953359415307687f,0f,0f,0f,1f], start_interpolation: 0, interpolation_duration: 1 }
$data merge entity $(bone_octagon2) { transformation: [-0.9778244931313289f,0f,0.209426026635802f,-0.859375f,0f,1f,0f,-0.40625f,-0.209426026635802f,0f,-0.9778244931313289f,-0.171875f,0f,0f,0f,1f], start_interpolation: 0, interpolation_duration: 1 }