# This file was generated by Animated Java via MC-Build. It is not recommended to edit this file directly.
$data merge entity $(bone_bone21) { transformation: [0.4068710667728367f,0.913485596505568f,1.2246467991473532e-16f,-0.20056547265002242f,0.913485596505568f,-0.4068710667728367f,0f,-0.02172632037411315f,4.982733495890237e-17f,1.1186972118277545e-16f,-1f,-1.5654062499999999f,0f,0f,0f,1f], start_interpolation: 0, interpolation_duration: 1 }
$data merge entity $(bone_arm4) { transformation: [0.15317243677257708f,-0.9881994761247097f,1.2246467991473532e-16f,-0.11965280305431947f,-0.9881994761247097f,-0.15317243677257708f,0f,-0.543738370264283f,1.8758213441113682e-17f,-1.2101953253552172e-16f,-1f,-1.5654062499999999f,0f,0f,0f,1f], start_interpolation: 0, interpolation_duration: 1 }
$data merge entity $(bone_small_arm_base4) { transformation: [-0.10973431109104531f,-0.9939609554551796f,1.2246467991473532e-16f,-0.12148927533437255f,-0.9939609554551796f,0.10973431109104531f,0f,-0.5603729280794226f,-1.3438577283428857e-17f,-1.2172511025756306e-16f,-1f,-1.4716562499999999f,0f,0f,0f,1f], start_interpolation: 0, interpolation_duration: 1 }
$data merge entity $(bone_bone25) { transformation: [0.9602936856769428f,0.2789911060392291f,1.2246467991473532e-16f,2.6414183864572156e-16f,0.2789911060392291f,-0.9602936856769428f,0f,0.4999999999999999f,1.1760205884056826e-16f,3.4166556500152175e-17f,-1f,-1.9091562499999999f,0f,0f,0f,1f], start_interpolation: 0, interpolation_duration: 1 }
$data merge entity $(bone_bone16) { transformation: [0.9352913750164773f,0.3538785721399181f,1.2246467991473532e-16f,0.6320564998928286f,0.3538785721399181f,-0.9352913750164773f,0f,0.7113479189072816f,1.1454015886840556e-16f,4.333762606579865e-17f,-1f,-1.5654062499999997f,0f,0f,0f,1f], start_interpolation: 0, interpolation_duration: 1 }
$data merge entity $(bone_arm3) { transformation: [0.7793379649314738f,-0.6266038113644607f,1.2246467991473532e-16f,1.043738370264283f,-0.6266038113644607f,-0.7793379649314738f,0f,0.38034719694568f,9.544137442073416e-17f,-7.673683519210187e-17f,-1f,-1.5654062499999997f,0f,0f,0f,1f], start_interpolation: 0, interpolation_duration: 1 }
$data merge entity $(bone_small_arm_base3) { transformation: [0.9939609554551795f,-0.10973431109104559f,1.2246467991473532e-16f,1.0603729280794227f,-0.10973431109104559f,-0.9939609554551795f,0f,0.3785107246656269f,1.2172511025756306e-16f,-1.3438577283428882e-17f,-1f,-1.4716562499999997f,0f,0f,0f,1f], start_interpolation: 0, interpolation_duration: 1 }
$data merge entity $(bone_bone15) { transformation: [-0.2789911060392289f,0.960293685676943f,1.2246467991473532e-16f,2.6414183864572156e-16f,0.960293685676943f,0.2789911060392289f,0f,0.4999999999999999f,-3.416655650015215e-17f,1.1760205884056826e-16f,-1f,-1.9091562499999999f,0f,0f,0f,1f], start_interpolation: 0, interpolation_duration: 1 }
$data merge entity $(bone_bone26) { transformation: [-0.6929605016923345f,0.7209755495814737f,1.2246467991473532e-16f,-0.5158944062219376f,0.7209755495814737f,0.6929605016923345f,0f,0.6402486753520401f,-8.486318603330613e-17f,8.829403990584554e-17f,-1f,-1.56540625f,0f,0f,0f,1f], start_interpolation: 0, interpolation_duration: 1 }
$data merge entity $(bone_arm5) { transformation: [-0.9992396322115211f,-0.03898919616744742f,1.2246467991473532e-16f,-1.0437383702642826f,-0.03898919616744742f,0.9992396322115211f,0f,0.6196528030543192f,-1.2237156171690177e-16f,-4.7747994287792706e-18f,-1f,-1.56540625f,0f,0f,0f,1f], start_interpolation: 0, interpolation_duration: 1 }
$data merge entity $(bone_small_arm_base5) { transformation: [-0.9939609554551796f,0.10973431109104514f,1.2246467991473532e-16f,-1.0603729280794223f,0.10973431109104514f,0.9939609554551796f,0f,0.6214892753343724f,-1.2172511025756306e-16f,1.3438577283428838e-17f,-1f,-1.47165625f,0f,0f,0f,1f], start_interpolation: 0, interpolation_duration: 1 }
$data merge entity $(bone_bone20) { transformation: [0.27899110603922933f,-0.9602936856769427f,1.2246467991473532e-16f,2.6414183864572156e-16f,-0.9602936856769427f,-0.27899110603922933f,0f,0.4999999999999999f,3.41665565001522e-17f,-1.1760205884056826e-16f,-1f,-1.9091562499999999f,0f,0f,0f,1f], start_interpolation: 0, interpolation_duration: 1 }
$data merge entity $(bone_bone11) { transformation: [0.907545950218716f,0.41995279287273146f,1.2246467991473532e-16f,-0.24061827532910163f,0.41995279287273146f,-0.907545950218716f,0f,1.1574118368601078f,1.1114232430144936e-16f,5.1429384358458214e-17f,-1f,-1.5654062499999999f,0f,0f,0f,1f], start_interpolation: 0, interpolation_duration: 1 }
$data merge entity $(bone_arm2) { transformation: [-0.6820143155628058f,-0.731338822549027f,1.2246467991473532e-16f,0.1196528030543199f,-0.731338822549027f,0.6820143155628058f,0f,1.5437383702642826f,-8.35226648526663e-17f,-8.956317481268602e-17f,-1f,-1.5654062499999999f,0f,0f,0f,1f], start_interpolation: 0, interpolation_duration: 1 }
$data merge entity $(bone_small_arm_base2) { transformation: [-0.10973431109104531f,-0.9939609554551796f,1.2246467991473532e-16f,0.12148927533437297f,-0.9939609554551796f,0.10973431109104531f,0f,1.5603729280794223f,-1.3438577283428857e-17f,-1.2172511025756306e-16f,-1f,-1.4716562499999999f,0f,0f,0f,1f], start_interpolation: 0, interpolation_duration: 1 }
$data merge entity $(bone_bone2) { transformation: [0.9602936856769428f,0.2789911060392291f,1.2246467991473532e-16f,2.6414183864572156e-16f,0.2789911060392291f,-0.9602936856769428f,0f,0.4999999999999999f,1.1760205884056826e-16f,3.4166556500152175e-17f,-1f,-1.9091562499999999f,0f,0f,0f,1f], start_interpolation: 0, interpolation_duration: 1 }
$data merge entity $(bone_ring) { transformation: [1.7278076137095018f,0.5019745150484947f,2.2034447328268763e-16f,2.220446049250313e-16f,0.5019745150484947f,-1.7278076137095018f,0f,0.4999999999999999f,2.1159540636717677e-16f,6.14741483107684e-17f,-1.799249166666667f,-1.5654062499999999f,0f,0f,0f,1f], start_interpolation: 0, interpolation_duration: 1 }
$data merge entity $(bone_wheel) { transformation: [-1f,-3.784366730434133e-17f,-1.164708318489093e-16f,1.0625000000000002f,0f,-0.9510565162951541f,0.30901699437494606f,-0.625f,-1.2246467991473532e-16f,0.30901699437494606f,0.9510565162951541f,-1.6904062499999997f,0f,0f,0f,1f], start_interpolation: 0, interpolation_duration: 1 }
$data merge entity $(bone_wheel2) { transformation: [-1f,-3.784366730434133e-17f,-1.164708318489093e-16f,1.0625000000000002f,0f,-0.9510565162951541f,0.30901699437494606f,-0.625f,-1.2246467991473532e-16f,0.30901699437494606f,0.9510565162951541f,-1.4404062499999997f,0f,0f,0f,1f], start_interpolation: 0, interpolation_duration: 1 }
$data merge entity $(bone_rails) { transformation: [-1.1373008333333334f,0f,1.3927918252092842e-16f,-0.43749999999999983f,0f,1.1373008333333334f,0f,-1f,-1.3927918252092842e-16f,0f,-1.1373008333333334f,-1.1279062499999999f,0f,0f,0f,1f], start_interpolation: 0, interpolation_duration: 1 }
$data merge entity $(bone_wheel3) { transformation: [-1f,-3.784366730434133e-17f,-1.164708318489093e-16f,-1.0625f,0f,-0.9510565162951541f,0.30901699437494606f,-0.625f,-1.2246467991473532e-16f,0.30901699437494606f,0.9510565162951541f,-1.4404062499999999f,0f,0f,0f,1f], start_interpolation: 0, interpolation_duration: 1 }
$data merge entity $(bone_wheel4) { transformation: [-1f,-3.784366730434133e-17f,-1.164708318489093e-16f,-1.0625f,0f,-0.9510565162951541f,0.30901699437494606f,-0.625f,-1.2246467991473532e-16f,0.30901699437494606f,0.9510565162951541f,-1.6904062499999999f,0f,0f,0f,1f], start_interpolation: 0, interpolation_duration: 1 }
$data merge entity $(bone_rails2) { transformation: [-1.2038220833333333f,0f,1.4742568610970649e-16f,0.4375000000000001f,0f,1.2038220833333333f,0f,-1f,-1.4742568610970649e-16f,0f,-1.2038220833333333f,-1.1279062499999997f,0f,0f,0f,1f], start_interpolation: 0, interpolation_duration: 1 }
$data merge entity $(bone_bone6) { transformation: [0.3008690874599026f,-0.9437502385918477f,-0.13716150833552376f,0.08534412365623878f,0f,0.14382560279213918f,-0.9896030497029997f,0.34561332677912604f,0.9536654508846618f,0.29774096651167814f,0.04327267786544134f,0.17062662164136086f,0f,0f,0f,1f], start_interpolation: 0, interpolation_duration: 1 }
$data merge entity $(bone_bone5) { transformation: [0.3008690874599026f,-0.6230513682027569f,-0.7220005434843647f,-0.01219732233865145f,0f,0.7570794798266052f,-0.6533227848663147f,0.26186092220242874f,0.9536654508846618f,0.19656463009949035f,0.22778181223004842f,0.20139968343024944f,0f,0f,0f,1f], start_interpolation: 0, interpolation_duration: 1 }
$data merge entity $(bone_bone4) { transformation: [0.3008690874599026f,-0.6230513682027569f,-0.7220005434843647f,0.8771913257140872f,0f,0.7570794798266052f,-0.6533227848663147f,0.2842602051784956f,0.9536654508846618f,0.19656463009949035f,0.22778181223004842f,-0.2758007336705933f,0f,0f,0f,1f], start_interpolation: 0, interpolation_duration: 1 }
$data merge entity $(bone_bone3) { transformation: [0.3008690874599026f,-0.518636777929953f,-0.8003084935132714f,0.7903687503365867f,0f,0.8391920801690679f,-0.5438351336402538f,-0.234375f,0.9536654508846618f,0.16362318038697735f,0.25248695536404486f,-0.18287272737390164f,0f,0f,0f,1f], start_interpolation: 0, interpolation_duration: 1 }
$data merge entity $(bone_octagon) { transformation: [0.3008690874599026f,0f,-0.9536654508846618f,0.859375f,0f,1f,0f,-0.40625f,0.9536654508846618f,0f,0.3008690874599026f,-0.1718749999999999f,0f,0f,0f,1f], start_interpolation: 0, interpolation_duration: 1 }
$data merge entity $(bone_bone10) { transformation: [-0.9802656622027693f,-0.05854176566374355f,0.1888176188260445f,-0.5585745292282298f,0f,0.9551454453948429f,0.2961370934913204f,0.8606760839852196f,-0.19768467696350694f,0.29029302405407253f,-0.9362962825299348f,-1.1892243250016554f,0f,0f,0f,1f], start_interpolation: 0, interpolation_duration: 1 }
$data merge entity $(bone_bone9) { transformation: [-0.9802656622027693f,0.04530100919547733f,0.19242414108431763f,-0.5329906152422701f,0f,0.9733892582875281f,-0.229157919021918f,0.8337165596324267f,-0.19768467696350694f,-0.22463563923902907f,-0.9541800658562862f,-1.3160881405001885f,0f,0f,0f,1f], start_interpolation: 0, interpolation_duration: 1 }
$data merge entity $(bone_bone8) { transformation: [-0.9802656622027693f,0.04530100919547733f,0.19242414108431763f,-0.9256508621300156f,0f,0.9733892582875281f,-0.229157919021918f,0.2916903949384413f,-0.19768467696350694f,-0.22463563923902907f,-0.9541800658562862f,-0.3174707465351456f,0f,0f,0f,1f], start_interpolation: 0, interpolation_duration: 1 }
$data merge entity $(bone_bone7) { transformation: [-0.9802656622027693f,0.15635175873514717f,0.1209684216917474f,-0.8776530096336174f,0f,0.6119261419238804f,-0.7909149112452963f,-0.234375f,-0.19768467696350694f,-0.775306729217915f,-0.5998501847321984f,-0.23931925004278268f,0f,0f,0f,1f], start_interpolation: 0, interpolation_duration: 1 }
$data merge entity $(bone_octagon2) { transformation: [-0.9802656622027693f,0f,0.19768467696350694f,-0.859375f,0f,1f,0f,-0.40625f,-0.19768467696350694f,0f,-0.9802656622027693f,-0.171875f,0f,0f,0f,1f], start_interpolation: 0, interpolation_duration: 1 }