# This file was generated by Animated Java via MC-Build. It is not recommended to edit this file directly.
$data merge entity $(bone_bone21) { transformation: [0.39475824168713614f,0.9187850296016374f,1.2246467991473532e-16f,-0.18621981784446306f,0.9187850296016374f,-0.39475824168713614f,0f,-0.012304458848559796f,4.834394171191886e-17f,1.1251871456061514e-16f,-1f,-1.6294999999999997f,0f,0f,0f,1f], start_interpolation: 0, interpolation_duration: 1 }
$data merge entity $(bone_arm4) { transformation: [0.0640638372282824f,-0.9979458025161432f,1.2246467991473532e-16f,-0.15237837610791075f,-0.9979458025161432f,-0.0640638372282824f,0f,-0.5394649630148264f,7.845557320271302e-18f,-1.2221311327739314e-16f,-1f,-1.6294999999999997f,0f,0f,0f,1f], start_interpolation: 0, interpolation_duration: 1 }
$data merge entity $(bone_small_arm_base4) { transformation: [-0.14090123193758275f,-0.9900236577165579f,1.2246467991473532e-16f,-0.15473644628765618f,-0.9900236577165579f,0.14090123193758275f,0f,-0.5560336276914991f,-1.7255424268827957e-17f,-1.2124293035027373e-16f,-1f,-1.5357499999999997f,0f,0f,0f,1f], start_interpolation: 0, interpolation_duration: 1 }
$data merge entity $(bone_bone25) { transformation: [0.9685831611286313f,0.24868988716485482f,1.2246467991473532e-16f,2.6414183864572156e-16f,0.24868988716485482f,-0.9685831611286313f,0f,0.4999999999999999f,1.1861722679842034e-16f,3.045572742967559e-17f,-1f,-1.9732499999999997f,0f,0f,0f,1f], start_interpolation: 0, interpolation_duration: 1 }
$data merge entity $(bone_bone16) { transformation: [0.8076764795529413f,0.5896259020573704f,1.2246467991473532e-16f,0.6446591643882384f,0.5896259020573704f,-0.8076764795529413f,0f,0.6985800569044082f,9.891184154311123e-17f,7.220834736489292e-17f,-1f,-1.6294999999999997f,0f,0f,0f,1f], start_interpolation: 0, interpolation_duration: 1 }
$data merge entity $(bone_arm3) { transformation: [0.7473905697308674f,-0.6643849308024453f,1.2246467991473532e-16f,1.0394649630148265f,-0.6643849308024453f,-0.7473905697308674f,0f,0.3476216238920887f,9.152894689338233e-17f,-8.136368789089504e-17f,-1f,-1.6294999999999997f,0f,0f,0f,1f], start_interpolation: 0, interpolation_duration: 1 }
$data merge entity $(bone_small_arm_base3) { transformation: [0.9900236577165578f,-0.14090123193758294f,1.2246467991473532e-16f,1.0560336276914992f,-0.14090123193758294f,-0.9900236577165578f,0f,0.3452635537123433f,1.2124293035027373e-16f,-1.7255424268827975e-17f,-1f,-1.5357499999999997f,0f,0f,0f,1f], start_interpolation: 0, interpolation_duration: 1 }
$data merge entity $(bone_bone15) { transformation: [-0.2486898871648546f,0.9685831611286313f,1.2246467991473532e-16f,2.6414183864572156e-16f,0.9685831611286313f,0.2486898871648546f,0f,0.4999999999999999f,-3.0455727429675563e-17f,1.1861722679842034e-16f,-1f,-1.9732499999999997f,0f,0f,0f,1f], start_interpolation: 0, interpolation_duration: 1 }
$data merge entity $(bone_bone26) { transformation: [-0.6951626522689283f,0.7188524792267394f,1.2246467991473532e-16f,-0.5112682004194159f,0.7188524792267394f,0.6951626522689283f,0f,0.6595631040337728f,-8.513287169879275e-17f,8.803403877441657e-17f,-1f,-1.6294999999999997f,0f,0f,0f,1f], start_interpolation: 0, interpolation_duration: 1 }
$data merge entity $(bone_arm5) { transformation: [-0.9999075005976817f,-0.013601112031665613f,1.2246467991473532e-16f,-1.039464963014826f,-0.013601112031665613f,0.9999075005976817f,0f,0.6523783761079106f,-1.224533520050381e-16f,-1.665655831442382e-18f,-1f,-1.6294999999999997f,0f,0f,0f,1f], start_interpolation: 0, interpolation_duration: 1 }
$data merge entity $(bone_small_arm_base5) { transformation: [-0.990023657716558f,0.14090123193758253f,1.2246467991473532e-16f,-1.0560336276914988f,0.14090123193758253f,0.990023657716558f,0f,0.654736446287656f,-1.2124293035027376e-16f,1.7255424268827932e-17f,-1f,-1.5357499999999997f,0f,0f,0f,1f], start_interpolation: 0, interpolation_duration: 1 }
$data merge entity $(bone_bone20) { transformation: [0.24868988716485504f,-0.9685831611286313f,1.2246467991473532e-16f,2.6414183864572156e-16f,-0.9685831611286313f,-0.24868988716485504f,0f,0.4999999999999999f,3.045572742967561e-17f,-1.1861722679842034e-16f,-1f,-1.9732499999999997f,0f,0f,0f,1f], start_interpolation: 0, interpolation_duration: 1 }
$data merge entity $(bone_bone11) { transformation: [0.9380596631707612f,0.34647376283343484f,1.2246467991473532e-16f,-0.2137918327638385f,0.34647376283343484f,-0.9380596631707612f,0f,1.1587251325971775f,1.1487917639113168e-16f,4.24307984642505e-17f,-1f,-1.6294999999999997f,0f,0f,0f,1f], start_interpolation: 0, interpolation_duration: 1 }
$data merge entity $(bone_arm2) { transformation: [-0.6931817161225893f,-0.7207628656037592f,1.2246467991473532e-16f,0.15237837610791122f,-0.7207628656037592f,0.6931817161225893f,0f,1.5394649630148263f,-8.489027698769983e-17f,-8.826799363059175e-17f,-1f,-1.6294999999999997f,0f,0f,0f,1f], start_interpolation: 0, interpolation_duration: 1 }
$data merge entity $(bone_small_arm_base2) { transformation: [-0.14090123193758275f,-0.9900236577165579f,1.2246467991473532e-16f,0.15473644628765662f,-0.9900236577165579f,0.14090123193758275f,0f,1.556033627691499f,-1.7255424268827957e-17f,-1.2124293035027373e-16f,-1f,-1.5357499999999997f,0f,0f,0f,1f], start_interpolation: 0, interpolation_duration: 1 }
$data merge entity $(bone_bone2) { transformation: [0.9685831611286313f,0.24868988716485482f,1.2246467991473532e-16f,2.6414183864572156e-16f,0.24868988716485482f,-0.9685831611286313f,0f,0.4999999999999999f,1.1861722679842034e-16f,3.045572742967559e-17f,-1f,-1.9732499999999997f,0f,0f,0f,1f], start_interpolation: 0, interpolation_duration: 1 }
$data merge entity $(bone_ring) { transformation: [1.7427224455080559f,0.4474550722397925f,2.2034447328268763e-16f,2.220446049250313e-16f,0.4474550722397925f,-1.7427224455080559f,0f,0.4999999999999999f,2.1342194646936885e-16f,5.4797442198070954e-17f,-1.799249166666667f,-1.6294999999999997f,0f,0f,0f,1f], start_interpolation: 0, interpolation_duration: 1 }
$data merge entity $(bone_wheel) { transformation: [-1f,-7.198293278059944e-17f,-9.907600726170936e-17f,1.0625000000000002f,0f,-0.809016994374949f,0.5877852522924712f,-0.625f,-1.2246467991473532e-16f,0.5877852522924712f,0.809016994374949f,-1.7544999999999995f,0f,0f,0f,1f], start_interpolation: 0, interpolation_duration: 1 }
$data merge entity $(bone_wheel2) { transformation: [-1f,-7.198293278059944e-17f,-9.907600726170936e-17f,1.0625000000000002f,0f,-0.809016994374949f,0.5877852522924712f,-0.625f,-1.2246467991473532e-16f,0.5877852522924712f,0.809016994374949f,-1.5044999999999995f,0f,0f,0f,1f], start_interpolation: 0, interpolation_duration: 1 }
$data merge entity $(bone_rails) { transformation: [-1.1373008333333334f,0f,1.3927918252092842e-16f,-0.43749999999999983f,0f,1.1373008333333334f,0f,-1f,-1.3927918252092842e-16f,0f,-1.1373008333333334f,-1.1919999999999997f,0f,0f,0f,1f], start_interpolation: 0, interpolation_duration: 1 }
$data merge entity $(bone_wheel3) { transformation: [-1f,-7.198293278059944e-17f,-9.907600726170936e-17f,-1.0625f,0f,-0.809016994374949f,0.5877852522924712f,-0.625f,-1.2246467991473532e-16f,0.5877852522924712f,0.809016994374949f,-1.5045f,0f,0f,0f,1f], start_interpolation: 0, interpolation_duration: 1 }
$data merge entity $(bone_wheel4) { transformation: [-1f,-7.198293278059944e-17f,-9.907600726170936e-17f,-1.0625f,0f,-0.809016994374949f,0.5877852522924712f,-0.625f,-1.2246467991473532e-16f,0.5877852522924712f,0.809016994374949f,-1.7545f,0f,0f,0f,1f], start_interpolation: 0, interpolation_duration: 1 }
$data merge entity $(bone_rails2) { transformation: [-1.2038220833333333f,0f,1.4742568610970649e-16f,0.4375000000000001f,0f,1.2038220833333333f,0f,-1f,-1.4742568610970649e-16f,0f,-1.2038220833333333f,-1.1919999999999997f,0f,0f,0f,1f], start_interpolation: 0, interpolation_duration: 1 }
$data merge entity $(bone_bone6) { transformation: [0.2511153050362803f,-0.9665965182562151f,-0.05130569628704357f,-0.026521863857136327f,0f,0.05300409699162917f,-0.9985942948475632f,0.3407859951937184f,0.9679571806523964f,0.2507623109581351f,0.01331013998422556f,0.15480500973456715f,0f,0f,0f,1f], start_interpolation: 0, interpolation_duration: 1 }
$data merge entity $(bone_bone5) { transformation: [0.2511153050362803f,-0.6413667260349742f,-0.7249757418781088f,-0.12451903484525384f,0f,0.7489750129127408f,-0.6625982417969125f,0.25578014483765f,0.9679571806523964f,0.16638855960533472f,0.18807908883213492f,0.18022823090307755f,0f,0f,0f,1f], start_interpolation: 0, interpolation_duration: 1 }
$data merge entity $(bone_bone4) { transformation: [0.2511153050362803f,-0.6413667260349742f,-0.7249757418781088f,0.8815336086557846f,0f,0.7489750129127408f,-0.6625982417969125f,0.28448234349201895f,0.9679571806523964f,0.16638855960533472f,0.18807908883213492f,-0.2744770238879158f,0f,0f,0f,1f], start_interpolation: 0, interpolation_duration: 1 }
$data merge entity $(bone_bone3) { transformation: [0.2511153050362803f,-0.528044932098155f,-0.8112395782147164f,0.7910303229268415f,0f,0.8380944885061409f,-0.5455250941392431f,-0.234375f,0.9679571806523964f,0.13698970041972158f,0.2104583531304449f,-0.18642895533061976f,0f,0f,0f,1f], start_interpolation: 0, interpolation_duration: 1 }
$data merge entity $(bone_octagon) { transformation: [0.2511153050362803f,0f,-0.9679571806523964f,0.859375f,0f,1f,0f,-0.40625f,0.9679571806523964f,0f,0.2511153050362803f,-0.1718749999999999f,0f,0f,0f,1f], start_interpolation: 0, interpolation_duration: 1 }
$data merge entity $(bone_bone10) { transformation: [-0.9823333609881305f,-0.04693970140466621f,0.181156927335954f,-0.5590484521524016f,0f,0.9680318205662064f,0.25082741949650467f,0.8514196892397564f,-0.18713943435247246f,0.2463961420219812f,-0.9509299518402604f,-1.2473874265364908f,0f,0f,0f,1f], start_interpolation: 0, interpolation_duration: 1 }
$data merge entity $(bone_bone9) { transformation: [-0.9823333609881305f,0.0452097403588497f,0.18159638560953997f,-0.5348957580375524f,0f,0.9703801138327035f,-0.24158318376499038f,0.822807866625482f,-0.18713943435247246f,-0.2373152208660761f,-0.9532367586573243f,-1.3741698829912363f,0f,0f,0f,1f], start_interpolation: 0, interpolation_duration: 1 }
$data merge entity $(bone_bone8) { transformation: [-0.9823333609881305f,0.0452097403588497f,0.18159638560953997f,-0.9206655659464704f,0f,0.9703801138327035f,-0.24158318376499038f,0.2860340227781466f,-0.18713943435247246f,-0.2373152208660761f,-0.9532367586573243f,-0.3511115808574749f,0f,0f,0f,1f], start_interpolation: 0, interpolation_duration: 1 }
$data merge entity $(bone_bone7) { transformation: [-0.9823333609881305f,0.15532802953835012f,0.1043761042073174f,-0.8783767028838495f,0f,0.5577451089796905f,-0.8300122850953672f,-0.234375f,-0.18713943435247246f,-0.8153487576791704f,-0.5478916274787106f,-0.23911894238527293f,0f,0f,0f,1f], start_interpolation: 0, interpolation_duration: 1 }
$data merge entity $(bone_octagon2) { transformation: [-0.9823333609881305f,0f,0.18713943435247246f,-0.859375f,0f,1f,0f,-0.40625f,-0.18713943435247246f,0f,-0.9823333609881305f,-0.171875f,0f,0f,0f,1f], start_interpolation: 0, interpolation_duration: 1 }