# This file was generated by Animated Java via MC-Build. It is not recommended to edit this file directly.
$data merge entity $(bone_bone21) { transformation: [0.40100894484025457f,0.9160741379157615f,1.2246467991473532e-16f,-0.17129605429564626f,0.9160741379157615f,-0.40100894484025457f,0f,-0.006096687840220993f,4.910943207280753e-17f,1.1218672607802083e-16f,-1f,-1.6909687500000006f,0f,0f,0f,1f], start_interpolation: 0, interpolation_duration: 1 }
$data merge entity $(bone_arm4) { transformation: [-0.025854479732798308f,-0.9996657170663333f,1.2246467991473532e-16f,-0.18495357010114813f,-0.9996657170663333f,0.025854479732798308f,0f,-0.5341657293429993f,-3.1662605848391584e-18f,-1.2242374206226288e-16f,-1f,-1.6909687500000006f,0f,0f,0f,1f], start_interpolation: 0, interpolation_duration: 1 }
$data merge entity $(bone_small_arm_base4) { transformation: [-0.1719291002794098f,-0.9851093261547739f,1.2246467991473532e-16f,-0.18783091105001173f,-0.9851093261547739f,0.1719291002794098f,0f,-0.5506521496095284f,-2.1055242233746355e-17f,-1.20641098308565e-16f,-1f,-1.5972187500000006f,0f,0f,0f,1f], start_interpolation: 0, interpolation_duration: 1 }
$data merge entity $(bone_bone25) { transformation: [0.9759167619387474f,0.21814324139654231f,1.2246467991473532e-16f,2.6414183864572156e-16f,0.21814324139654231f,-0.9759167619387474f,0f,0.4999999999999999f,1.1951533387425365e-16f,2.6714842233190393e-17f,-1f,-2.0347187500000006f,0f,0f,0f,1f], start_interpolation: 0, interpolation_duration: 1 }
$data merge entity $(bone_bone16) { transformation: [0.6080159694167475f,0.7939247955154272f,1.2246467991473532e-16f,0.6500837524348343f,0.7939247955154272f,-0.6080159694167475f,0f,0.6777094626799115f,7.446048107766948e-17f,9.722774595916847e-17f,-1f,-1.6909687500000006f,0f,0f,0f,1f], start_interpolation: 0, interpolation_duration: 1 }
$data merge entity $(bone_arm3) { transformation: [0.7270897452452447f,-0.6865424257532852f,1.2246467991473532e-16f,1.0341657293429993f,-0.6865424257532852f,-0.7270897452452447f,0f,0.31504642989885134f,8.904281292074534e-17f,-8.407719841776201e-17f,-1f,-1.6909687500000006f,0f,0f,0f,1f], start_interpolation: 0, interpolation_duration: 1 }
$data merge entity $(bone_small_arm_base3) { transformation: [0.9851093261547739f,-0.17192910027941002f,1.2246467991473532e-16f,1.0506521496095282f,-0.17192910027941002f,-0.9851093261547739f,0f,0.31216908894998774f,1.2064109830856497e-16f,-2.105524223374638e-17f,-1f,-1.5972187500000006f,0f,0f,0f,1f], start_interpolation: 0, interpolation_duration: 1 }
$data merge entity $(bone_bone15) { transformation: [-0.2181432413965421f,0.9759167619387474f,1.2246467991473532e-16f,2.6414183864572156e-16f,0.9759167619387474f,0.2181432413965421f,0f,0.4999999999999999f,-2.6714842233190365e-17f,1.1951533387425365e-16f,-1f,-2.0347187500000006f,0f,0f,0f,1f], start_interpolation: 0, interpolation_duration: 1 }
$data merge entity $(bone_bone26) { transformation: [-0.6973582982816511f,0.7167226826449123f,1.2246467991473532e-16f,-0.5059568555629009f,0.7167226826449123f,0.6973582982816511f,0f,0.6787225194994299f,-8.540176078494693e-17f,8.777321391773963e-17f,-1f,-1.6909687500000006f,0f,0f,0f,1f], start_interpolation: 0, interpolation_duration: 1 }
$data merge entity $(bone_arm5) { transformation: [-0.9999304277817691f,0.011795744833131672f,1.2246467991473532e-16f,-1.0341657293429989f,0.011795744833131672f,0.9999304277817691f,0f,0.684953570101148f,-1.2245615977529874e-16f,1.4445621153453642e-18f,-1f,-1.6909687500000006f,0f,0f,0f,1f], start_interpolation: 0, interpolation_duration: 1 }
$data merge entity $(bone_small_arm_base5) { transformation: [-0.985109326154774f,0.1719291002794096f,1.2246467991473532e-16f,-1.050652149609528f,0.1719291002794096f,0.985109326154774f,0f,0.6878309110500116f,-1.20641098308565e-16f,2.105524223374633e-17f,-1f,-1.5972187500000006f,0f,0f,0f,1f], start_interpolation: 0, interpolation_duration: 1 }
$data merge entity $(bone_bone20) { transformation: [0.21814324139654254f,-0.9759167619387474f,1.2246467991473532e-16f,2.6414183864572156e-16f,-0.9759167619387474f,-0.21814324139654254f,0f,0.4999999999999999f,2.671484223319042e-17f,-1.1951533387425365e-16f,-1f,-2.0347187500000006f,0f,0f,0f,1f], start_interpolation: 0, interpolation_duration: 1 }
$data merge entity $(bone_bone11) { transformation: [0.9626352196871977f,0.270801465686175f,1.2246467991473532e-16f,-0.18702914741161983f,0.270801465686175f,-0.9626352196871977f,0f,1.1591026703736356f,1.1788881405364358e-16f,3.316361481569859e-17f,-1f,-1.6909687500000006f,0f,0f,0f,1f], start_interpolation: 0, interpolation_duration: 1 }
$data merge entity $(bone_arm2) { transformation: [-0.7041851364368015f,-0.7100164037692956f,1.2246467991473532e-16f,0.18495357010114857f,-0.7100164037692956f,0.7041851364368015f,0f,1.5341657293429993f,-8.623780733444711e-17f,-8.695193162181826e-17f,-1f,-1.6909687500000006f,0f,0f,0f,1f], start_interpolation: 0, interpolation_duration: 1 }
$data merge entity $(bone_small_arm_base2) { transformation: [-0.1719291002794098f,-0.9851093261547739f,1.2246467991473532e-16f,0.18783091105001218f,-0.9851093261547739f,0.1719291002794098f,0f,1.5506521496095282f,-2.1055242233746355e-17f,-1.20641098308565e-16f,-1f,-1.5972187500000006f,0f,0f,0f,1f], start_interpolation: 0, interpolation_duration: 1 }
$data merge entity $(bone_bone2) { transformation: [0.9759167619387474f,0.21814324139654231f,1.2246467991473532e-16f,2.6414183864572156e-16f,0.21814324139654231f,-0.9759167619387474f,0f,0.4999999999999999f,1.1951533387425365e-16f,2.6714842233190393e-17f,-1f,-2.0347187500000006f,0f,0f,0f,1f], start_interpolation: 0, interpolation_duration: 1 }
$data merge entity $(bone_ring) { transformation: [1.7559174206543233f,0.39249404529669435f,2.2034447328268763e-16f,2.220446049250313e-16f,0.39249404529669435f,-1.7559174206543233f,0f,0.4999999999999999f,2.1503786487713936e-16f,4.80666576256993e-17f,-1.799249166666667f,-1.6909687500000004f,0f,0f,0f,1f], start_interpolation: 0, interpolation_duration: 1 }
$data merge entity $(bone_wheel) { transformation: [-1f,-9.907600726170927e-17f,-7.198293278059948e-17f,1.0625000000000002f,0f,-0.5877852522924716f,0.8090169943749483f,-0.625f,-1.2246467991473532e-16f,0.8090169943749483f,0.5877852522924716f,-1.8159687500000001f,0f,0f,0f,1f], start_interpolation: 0, interpolation_duration: 1 }
$data merge entity $(bone_wheel2) { transformation: [-1f,-9.907600726170927e-17f,-7.198293278059948e-17f,1.0625000000000002f,0f,-0.5877852522924716f,0.8090169943749483f,-0.625f,-1.2246467991473532e-16f,0.8090169943749483f,0.5877852522924716f,-1.5659687500000001f,0f,0f,0f,1f], start_interpolation: 0, interpolation_duration: 1 }
$data merge entity $(bone_rails) { transformation: [-1.1373008333333334f,0f,1.3927918252092842e-16f,-0.43749999999999983f,0f,1.1373008333333334f,0f,-1f,-1.3927918252092842e-16f,0f,-1.1373008333333334f,-1.2534687500000004f,0f,0f,0f,1f], start_interpolation: 0, interpolation_duration: 1 }
$data merge entity $(bone_wheel3) { transformation: [-1f,-9.907600726170927e-17f,-7.198293278059948e-17f,-1.0625f,0f,-0.5877852522924716f,0.8090169943749483f,-0.625f,-1.2246467991473532e-16f,0.8090169943749483f,0.5877852522924716f,-1.5659687500000004f,0f,0f,0f,1f], start_interpolation: 0, interpolation_duration: 1 }
$data merge entity $(bone_wheel4) { transformation: [-1f,-9.907600726170927e-17f,-7.198293278059948e-17f,-1.0625f,0f,-0.5877852522924716f,0.8090169943749483f,-0.625f,-1.2246467991473532e-16f,0.8090169943749483f,0.5877852522924716f,-1.8159687500000004f,0f,0f,0f,1f], start_interpolation: 0, interpolation_duration: 1 }
$data merge entity $(bone_rails2) { transformation: [-1.2038220833333333f,0f,1.4742568610970649e-16f,0.4375000000000001f,0f,1.2038220833333333f,0f,-1f,-1.4742568610970649e-16f,0f,-1.2038220833333333f,-1.2534687500000001f,0f,0f,0f,1f], start_interpolation: 0, interpolation_duration: 1 }
$data merge entity $(bone_bone6) { transformation: [0.18624538985526662f,-0.9824936381002694f,-0.004348085803726531f,-0.1303685468265956f,0f,0.004425517943139556f,-0.9999902073475195f,0.33972626434545383f,0.98250325941325f,0.18624356601888764f,0.0008242323146315234f,0.111162404783294f,0f,0f,0f,1f], start_interpolation: 0, interpolation_duration: 1 }
$data merge entity $(bone_bone5) { transformation: [0.18624538985526662f,-0.6553971788768319f,-0.7319611961558822f,-0.2293367726917026f,0f,0.7449962014304246f,-0.667068706996692f,0.25411604598990023f,0.98250325941325f,0.12423847139484749f,0.13875210797610216f,0.12992303039235176f,0f,0f,0f,1f], start_interpolation: 0, interpolation_duration: 1 }
$data merge entity $(bone_bone4) { transformation: [0.18624538985526662f,-0.6553971788768319f,-0.7319611961558822f,0.8874134631864483f,0f,0.7449962014304246f,-0.667068706996692f,0.28467273544724736f,0.98250325941325f,0.12423847139484749f,0.13875210797610216f,-0.2726095609888445f,0f,0f,0f,1f], start_interpolation: 0, interpolation_duration: 1 }
$data merge entity $(bone_bone3) { transformation: [0.18624538985526662f,-0.5374142262257054f,-0.8224953520889259f,0.7921483778536949f,0f,0.8371426193335169f,-0.546984675192476f,-0.234375f,0.98250325941325f,0.10187337407607906f,0.15591395350222992f,-0.1909378899907098f,0f,0f,0f,1f], start_interpolation: 0, interpolation_duration: 1 }
$data merge entity $(bone_octagon) { transformation: [0.18624538985526662f,0f,-0.98250325941325f,0.859375f,0f,1f,0f,-0.40625f,0.98250325941325f,0f,0.18624538985526662f,-0.1718749999999999f,0f,0f,0f,1f], start_interpolation: 0, interpolation_duration: 1 }
$data merge entity $(bone_bone10) { transformation: [-0.9840613064068334f,-0.036466586902457424f,0.17405037567486553f,-0.5601263028050953f,0f,0.9787483893298071f,0.20506484434029204f,0.8393180827820919f,-0.17782953982079666f,0.20179637861962166f,-0.9631484186474739f,-1.3006473294141145f,0f,0f,0f,1f], start_interpolation: 0, interpolation_duration: 1 }
$data merge entity $(bone_bone9) { transformation: [-0.9840613064068334f,0.04507311931535053f,0.17202255418421294f,-0.5372392750249005f,0f,0.967345213610542f,-0.2534624976298755f,0.8091260223826007f,-0.17782953982079666f,-0.24942263654279423f,-0.9519269946519873f,-1.4272980449242834f,0f,0f,0f,1f], start_interpolation: 0, interpolation_duration: 1 }
$data merge entity $(bone_bone8) { transformation: [-0.9840613064068334f,0.04507311931535053f,0.17202255418421294f,-0.9165886384206043f,0f,0.967345213610542f,-0.2534624976298755f,0.2786016949440401f,-0.17782953982079666f,-0.24942263654279423f,-0.9519269946519873f,-0.38246021699639654f,0f,0f,0f,1f], start_interpolation: 0, interpolation_duration: 1 }
$data merge entity $(bone_bone7) { transformation: [-0.9840613064068334f,0.153533563222571f,0.08972619571260723f,-0.8790125695864137f,0f,0.5045629415845455f,-0.8633749115995614f,-0.234375f,-0.17782953982079666f,-0.8496138434275486f,-0.4965208674601626f,-0.238936004769827f,0f,0f,0f,1f], start_interpolation: 0, interpolation_duration: 1 }
$data merge entity $(bone_octagon2) { transformation: [-0.9840613064068334f,0f,0.17782953982079666f,-0.859375f,0f,1f,0f,-0.40625f,-0.17782953982079666f,0f,-0.9840613064068334f,-0.171875f,0f,0f,0f,1f], start_interpolation: 0, interpolation_duration: 1 }