# This file was generated by Animated Java via MC-Build. It is not recommended to edit this file directly.
$data merge entity $(bone_bone21) { transformation: [0.4202498431401752f,0.9074084357887896f,1.2246467991473532e-16f,-0.15774534975299473f,0.9074084357887896f,-0.4202498431401752f,0f,-0.002973367245037717f,5.146576252437929e-17f,1.1112548364080478e-16f,-1f,-1.7485000000000004f,0f,0f,0f,1f], start_interpolation: 0, interpolation_duration: 1 }
$data merge entity $(bone_arm4) { transformation: [-0.11282798129641992f,-0.9936145362446016f,1.2246467991473532e-16f,-0.21734623725041038f,-0.9936145362446016f,0.11282798129641992f,0f,-0.5278458989526524f,-1.3817442614891801e-17f,-1.2168268613982332e-16f,-1f,-1.7485000000000004f,0f,0f,0f,1f], start_interpolation: 0, interpolation_duration: 1 }
$data merge entity $(bone_small_arm_base4) { transformation: [-0.20278729535651258f,-0.9792228106217657f,1.2246467991473532e-16f,-0.22074000938026123f,-0.9792228106217657f,0.20278729535651258f,0f,-0.5442338047026644f,-2.48342812166102e-17f,-1.1992020806800203e-16f,-1f,-1.6547500000000004f,0f,0f,0f,1f], start_interpolation: 0, interpolation_duration: 1 }
$data merge entity $(bone_bone25) { transformation: [0.9822872507286886f,0.18738131458572455f,1.2246467991473532e-16f,2.6414183864572156e-16f,0.18738131458572455f,-0.9822872507286886f,0f,0.4999999999999999f,1.202954937448142e-16f,2.2947592712743082e-17f,-1f,-2.0922500000000004f,0f,0f,0f,1f], start_interpolation: 0, interpolation_duration: 1 }
$data merge entity $(bone_bone16) { transformation: [0.35100184036069937f,0.9363747690232804f,1.2246467991473532e-16f,0.6485765268533192f,0.9363747690232804f,-0.35100184036069937f,0f,0.6503468191417625f,4.298532802925605e-17f,1.1467283636867025e-16f,-1f,-1.7485000000000004f,0f,0f,0f,1f], start_interpolation: 0, interpolation_duration: 1 }
$data merge entity $(bone_arm3) { transformation: [0.7179792016248754f,-0.6960645559386762f,1.2246467991473532e-16f,1.0278458989526524f,-0.6960645559386762f,-0.7179792016248754f,0f,0.2826537627495891f,8.792709311242757e-17f,-8.524332304302234e-17f,-1f,-1.7485000000000004f,0f,0f,0f,1f], start_interpolation: 0, interpolation_duration: 1 }
$data merge entity $(bone_small_arm_base3) { transformation: [0.9792228106217657f,-0.2027872953565128f,1.2246467991473532e-16f,1.0442338047026642f,-0.2027872953565128f,-0.9792228106217657f,0f,0.2792599906197382f,1.19920208068002e-16f,-2.4834281216610224e-17f,-1f,-1.6547500000000004f,0f,0f,0f,1f], start_interpolation: 0, interpolation_duration: 1 }
$data merge entity $(bone_bone15) { transformation: [-0.18738131458572432f,0.9822872507286886f,1.2246467991473532e-16f,2.6414183864572156e-16f,0.9822872507286886f,0.18738131458572432f,0f,0.4999999999999999f,-2.2947592712743054e-17f,1.202954937448142e-16f,-1f,-2.0922500000000004f,0f,0f,0f,1f], start_interpolation: 0, interpolation_duration: 1 }
$data merge entity $(bone_bone26) { transformation: [-0.6995474191860739f,0.714586179764277f,1.2246467991473532e-16f,-0.49996560916796773f,0.714586179764277f,0.6995474191860739f,0f,0.6977034271541351f,-8.56698507758017e-17f,8.751156777632567e-17f,-1f,-1.7485000000000004f,0f,0f,0f,1f], start_interpolation: 0, interpolation_duration: 1 }
$data merge entity $(bone_arm5) { transformation: [-0.999308398975731f,0.03718499343231699f,1.2246467991473532e-16f,-1.027845898952652f,0.03718499343231699f,0.999308398975731f,0f,0.7173462372504104f,-1.223799832166695e-16f,4.5538483183202304e-18f,-1f,-1.7485000000000004f,0f,0f,0f,1f], start_interpolation: 0, interpolation_duration: 1 }
$data merge entity $(bone_small_arm_base5) { transformation: [-0.9792228106217659f,0.20278729535651238f,1.2246467991473532e-16f,-1.044233804702664f,0.20278729535651238f,0.9792228106217659f,0f,0.7207400093802612f,-1.1992020806800203e-16f,2.4834281216610175e-17f,-1f,-1.6547500000000004f,0f,0f,0f,1f], start_interpolation: 0, interpolation_duration: 1 }
$data merge entity $(bone_bone20) { transformation: [0.18738131458572477f,-0.9822872507286886f,1.2246467991473532e-16f,2.6414183864572156e-16f,-0.9822872507286886f,-0.18738131458572477f,0f,0.4999999999999999f,2.294759271274311e-17f,-1.202954937448142e-16f,-1f,-2.0922500000000004f,0f,0f,0f,1f], start_interpolation: 0, interpolation_duration: 1 }
$data merge entity $(bone_bone11) { transformation: [0.981117050239972f,0.1934149263330418f,1.2246467991473532e-16f,-0.16036099203913837f,0.1934149263330418f,-0.981117050239972f,0f,1.1585483369866243f,1.2015218551652748e-16f,2.3686497044108098e-17f,-1f,-1.7485000000000004f,0f,0f,0f,1f], start_interpolation: 0, interpolation_duration: 1 }
$data merge entity $(bone_arm2) { transformation: [-0.7150219735176212f,-0.6991019792469237f,1.2246467991473532e-16f,0.21734623725041083f,-0.6991019792469237f,0.7150219735176212f,0f,1.5278458989526524f,-8.756493711883783e-17f,-8.561530011623247e-17f,-1f,-1.7485000000000004f,0f,0f,0f,1f], start_interpolation: 0, interpolation_duration: 1 }
$data merge entity $(bone_small_arm_base2) { transformation: [-0.20278729535651258f,-0.9792228106217657f,1.2246467991473532e-16f,0.22074000938026167f,-0.9792228106217657f,0.20278729535651258f,0f,1.5442338047026642f,-2.48342812166102e-17f,-1.1992020806800203e-16f,-1f,-1.6547500000000004f,0f,0f,0f,1f], start_interpolation: 0, interpolation_duration: 1 }
$data merge entity $(bone_bone2) { transformation: [0.9822872507286886f,0.18738131458572455f,1.2246467991473532e-16f,2.6414183864572156e-16f,0.18738131458572455f,-0.9822872507286886f,0f,0.4999999999999999f,1.202954937448142e-16f,2.2947592712743082e-17f,-1f,-2.0922500000000004f,0f,0f,0f,1f], start_interpolation: 0, interpolation_duration: 1 }
$data merge entity $(bone_ring) { transformation: [1.7673795173008844f,0.3371456741172695f,2.2034447328268763e-16f,2.220446049250313e-16f,0.3371456741172695f,-1.7673795173008844f,0f,0.4999999999999999f,2.164415668741122e-16f,4.128843706540907e-17f,-1.799249166666667f,-1.7485000000000004f,0f,0f,0f,1f], start_interpolation: 0, interpolation_duration: 1 }
$data merge entity $(bone_wheel) { transformation: [-1f,-1.1647083184890928e-16f,-3.7843667304341425e-17f,1.0625000000000002f,0f,-0.3090169943749468f,0.9510565162951539f,-0.625f,-1.2246467991473532e-16f,0.9510565162951539f,0.3090169943749468f,-1.8735000000000002f,0f,0f,0f,1f], start_interpolation: 0, interpolation_duration: 1 }
$data merge entity $(bone_wheel2) { transformation: [-1f,-1.1647083184890928e-16f,-3.7843667304341425e-17f,1.0625000000000002f,0f,-0.3090169943749468f,0.9510565162951539f,-0.625f,-1.2246467991473532e-16f,0.9510565162951539f,0.3090169943749468f,-1.6235000000000002f,0f,0f,0f,1f], start_interpolation: 0, interpolation_duration: 1 }
$data merge entity $(bone_rails) { transformation: [-1.1373008333333334f,0f,1.3927918252092842e-16f,-0.43749999999999983f,0f,1.1373008333333334f,0f,-1f,-1.3927918252092842e-16f,0f,-1.1373008333333334f,-1.3110000000000004f,0f,0f,0f,1f], start_interpolation: 0, interpolation_duration: 1 }
$data merge entity $(bone_wheel3) { transformation: [-1f,-1.1647083184890928e-16f,-3.7843667304341425e-17f,-1.0625f,0f,-0.3090169943749468f,0.9510565162951539f,-0.625f,-1.2246467991473532e-16f,0.9510565162951539f,0.3090169943749468f,-1.6235000000000006f,0f,0f,0f,1f], start_interpolation: 0, interpolation_duration: 1 }
$data merge entity $(bone_wheel4) { transformation: [-1f,-1.1647083184890928e-16f,-3.7843667304341425e-17f,-1.0625f,0f,-0.3090169943749468f,0.9510565162951539f,-0.625f,-1.2246467991473532e-16f,0.9510565162951539f,0.3090169943749468f,-1.8735000000000006f,0f,0f,0f,1f], start_interpolation: 0, interpolation_duration: 1 }
$data merge entity $(bone_rails2) { transformation: [-1.2038220833333333f,0f,1.4742568610970649e-16f,0.4375000000000001f,0f,1.2038220833333333f,0f,-1f,-1.4742568610970649e-16f,0f,-1.2038220833333333f,-1.3110000000000004f,0f,0f,0f,1f], start_interpolation: 0, interpolation_duration: 1 }
$data merge entity $(bone_bone6) { transformation: [0.11260111001987703f,-0.9934588562226248f,-0.01898660093659893f,-0.20480314158488458f,0f,0.01910812340518031f,-0.9998174231428119f,0.35156823755460453f,0.9936402719406513f,0.11258055166309369f,0.0021515959058201056f,0.043069629392099185f,0f,0f,0f,1f], start_interpolation: 0, interpolation_duration: 1 }
$data merge entity $(bone_bone5) { transformation: [0.11260111001987703f,-0.6571726843594472f,-0.7452818614149213f,-0.3055377816914441f,0f,0.7500519880895447f,-0.6613788741431962f,0.26672720679051787f,0.9936402719406513f,0.07447199537222043f,0.08445668643149831f,0.054485060724504875f,0f,0f,0f,1f], start_interpolation: 0, interpolation_duration: 1 }
$data merge entity $(bone_bone4) { transformation: [0.11260111001987703f,-0.6571726843594472f,-0.7452818614149213f,0.8940705968692236f,0f,0.7500519880895447f,-0.6613788741431962f,0.28483306651976026f,0.9936402719406513f,0.07447199537222043f,0.08445668643149831f,-0.27015680829420885f,0f,0f,0f,1f], start_interpolation: 0, interpolation_duration: 1 }
$data merge entity $(bone_bone3) { transformation: [0.11260111001987703f,-0.5447354353074622f,-0.8310140164538028f,0.7937536983155882f,0f,0.83633286604897f,-0.5482219780037241f,-0.234375f,0.9936402719406513f,0.06173040326051194f,0.09417200906321915f,-0.19588868912190294f,0f,0f,0f,1f], start_interpolation: 0, interpolation_duration: 1 }
$data merge entity $(bone_octagon) { transformation: [0.11260111001987703f,0f,-0.9936402719406513f,0.859375f,0f,1f,0f,-0.40625f,0.9936402719406513f,0f,0.11260111001987703f,-0.1718749999999999f,0f,0f,0f,1f], start_interpolation: 0, interpolation_duration: 1 }
$data merge entity $(bone_bone10) { transformation: [-0.9854797872456915f,-0.027160537633952604f,0.16760636660228992f,-0.5616183511686536f,0f,0.9871230349471414f,0.15996285155230516f,0.8252278857182103f,-0.16979278232653636f,0.15764015691497976f,-0.9727897984650301f,-1.3479153251846454f,0f,0f,0f,1f], start_interpolation: 0, interpolation_duration: 1 }
$data merge entity $(bone_bone9) { transformation: [-0.9854797872456915f,0.04491806484788634f,0.16374356897450243f,-0.5398259363180257f,0f,0.9643729652748112f,-0.26454637371747836f,0.7935609200834082f,-0.16979278232653636f,-0.2607051040877198f,-0.9503700646445176f,-1.4743988191017492f,0f,0f,0f,1f], start_interpolation: 0, interpolation_duration: 1 }
$data merge entity $(bone_bone8) { transformation: [-0.9854797872456915f,0.04491806484788634f,0.16374356897450243f,-0.9133352105778973f,0f,0.9643729652748112f,-0.26454637371747836f,0.2700167576170771f,-0.16979278232653636f,-0.2607051040877198f,-0.9503700646445176f,-0.4108327613607432f,0f,0f,0f,1f], start_interpolation: 0, interpolation_duration: 1 }
$data merge entity $(bone_bone7) { transformation: [-0.9854797872456915f,0.15127806731913765f,0.07710081243653022f,-0.8795591944560194f,0f,0.4540876907727095f,-0.8909569962061626f,-0.234375f,-0.16979278232653636f,-0.8780201110663095f,-0.4474942408935771f,-0.23877351115055997f,0f,0f,0f,1f], start_interpolation: 0, interpolation_duration: 1 }
$data merge entity $(bone_octagon2) { transformation: [-0.9854797872456915f,0f,0.16979278232653636f,-0.859375f,0f,1f,0f,-0.40625f,-0.16979278232653636f,0f,-0.9854797872456915f,-0.171875f,0f,0f,0f,1f], start_interpolation: 0, interpolation_duration: 1 }