# This file was generated by Animated Java via MC-Build. It is not recommended to edit this file directly.
$data merge entity $(bone_bone21) { transformation: [0.4757470265444629f,0.8795821546246273f,1.2246467991473532e-16f,-0.14206654789091852f,0.8795821546246273f,-0.4757470265444629f,0f,-0.0026471603438107394f,5.826220732615473e-17f,1.0771774702481821e-16f,-1f,-1.8464999999999998f,0f,0f,0f,1f], start_interpolation: 0, interpolation_duration: 1 }
$data merge entity $(bone_arm4) { transformation: [-0.26387304996537303f,-0.9645574184577981f,1.2246467991473532e-16f,-0.2814563320905332f,-0.9645574184577981f,0.26387304996537303f,0f,-0.5121703967054367f,-3.231512860213437e-17f,-1.1812421551081765e-16f,-1f,-1.8464999999999998f,0f,0f,0f,1f], start_interpolation: 0, interpolation_duration: 1 }
$data merge entity $(bone_small_arm_base4) { transformation: [-0.26387304996537303f,-0.9645574184577981f,1.2246467991473532e-16f,-0.28587241250236f,-0.9645574184577981f,0.26387304996537303f,0f,-0.5283128679517145f,-3.231512860213437e-17f,-1.1812421551081765e-16f,-1f,-1.7527499999999998f,0f,0f,0f,1f], start_interpolation: 0, interpolation_duration: 1 }
$data merge entity $(bone_bone25) { transformation: [0.9921147013144778f,0.1253332335643041f,1.2246467991473532e-16f,2.6414183864572156e-16f,0.1253332335643041f,-0.9921147013144778f,0f,0.4999999999999999f,1.2149900933518075e-16f,1.534889433113126e-17f,-1f,-2.19025f,0f,0f,0f,1f], start_interpolation: 0, interpolation_duration: 1 }
$data merge entity $(bone_bone16) { transformation: [-0.21636579891248003f,0.9763123685895636f,1.2246467991473532e-16f,0.6277770233987559f,0.9763123685895636f,0.21636579891248003f,0f,0.5808766292717347f,-2.6497168308312845e-17f,1.19563781716118e-16f,-1f,-1.8464999999999998f,0f,0f,0f,1f], start_interpolation: 0, interpolation_duration: 1 }
$data merge entity $(bone_arm3) { transformation: [0.7276792369206673f,-0.6859175811674134f,1.2246467991473532e-16f,1.0121703967054367f,-0.6859175811674134f,-0.7276792369206673f,0f,0.2185436679094662f,8.911500483008835e-17f,-8.400067702555676e-17f,-1f,-1.8464999999999998f,0f,0f,0f,1f], start_interpolation: 0, interpolation_duration: 1 }
$data merge entity $(bone_small_arm_base3) { transformation: [0.964557418457798f,-0.26387304996537325f,1.2246467991473532e-16f,1.0283128679517146f,-0.26387304996537325f,-0.964557418457798f,0f,0.21412758749763944f,1.1812421551081762e-16f,-3.231512860213439e-17f,-1f,-1.7527499999999998f,0f,0f,0f,1f], start_interpolation: 0, interpolation_duration: 1 }
$data merge entity $(bone_bone15) { transformation: [-0.12533323356430387f,0.9921147013144778f,1.2246467991473532e-16f,2.6414183864572156e-16f,0.9921147013144778f,0.12533323356430387f,0f,0.4999999999999999f,-1.5348894331131233e-17f,1.2149900933518075e-16f,-1f,-2.19025f,0f,0f,0f,1f], start_interpolation: 0, interpolation_duration: 1 }
$data merge entity $(bone_bone26) { transformation: [-0.7039060037977694f,0.7102931351332736f,1.2246467991473532e-16f,-0.4859682930920539f,0.7102931351332736f,0.7039060037977694f,0f,0.7350366543181537f,-8.620362344515428e-17f,8.698582143973019e-17f,-1f,-1.8464999999999998f,0f,0f,0f,1f], start_interpolation: 0, interpolation_duration: 1 }
$data merge entity $(bone_arm5) { transformation: [-0.9961314939681378f,0.08787517695462144f,1.2246467991473532e-16f,-1.0121703967054365f,0.08787517695462144f,0.9961314939681378f,0f,0.7814563320905332f,-1.2199092456179508e-16f,1.0761605418198442e-17f,-1f,-1.8464999999999998f,0f,0f,0f,1f], start_interpolation: 0, interpolation_duration: 1 }
$data merge entity $(bone_small_arm_base5) { transformation: [-0.9645574184577982f,0.26387304996537286f,1.2246467991473532e-16f,-1.0283128679517144f,0.26387304996537286f,0.9645574184577982f,0f,0.78587241250236f,-1.1812421551081765e-16f,3.231512860213434e-17f,-1f,-1.7527499999999998f,0f,0f,0f,1f], start_interpolation: 0, interpolation_duration: 1 }
$data merge entity $(bone_bone20) { transformation: [0.1253332335643043f,-0.9921147013144778f,1.2246467991473532e-16f,2.6414183864572156e-16f,-0.9921147013144778f,-0.1253332335643043f,0f,0.4999999999999999f,1.534889433113129e-17f,-1.2149900933518075e-16f,-1f,-2.19025f,0f,0f,0f,1f], start_interpolation: 0, interpolation_duration: 1 }
$data merge entity $(bone_bone11) { transformation: [0.9993708701305339f,0.03546637752209325f,1.2246467991473532e-16f,-0.10743053449594053f,0.03546637752209325f,-0.9993708701305339f,0f,1.1546645291617073f,1.2238763372664635e-16f,4.3433785709783054e-18f,-1f,-1.8464999999999998f,0f,0f,0f,1f], start_interpolation: 0, interpolation_duration: 1 }
$data merge entity $(bone_arm2) { transformation: [-0.7361856836703083f,-0.676779609000508f,1.2246467991473532e-16f,0.2814563320905337f,-0.676779609000508f,0.7361856836703083f,0f,1.5121703967054363f,-9.015674410849491e-17f,-8.288159818906693e-17f,-1f,-1.8464999999999998f,0f,0f,0f,1f], start_interpolation: 0, interpolation_duration: 1 }
$data merge entity $(bone_small_arm_base2) { transformation: [-0.26387304996537303f,-0.9645574184577981f,1.2246467991473532e-16f,0.28587241250236045f,-0.9645574184577981f,0.26387304996537303f,0f,1.5283128679517142f,-3.231512860213437e-17f,-1.1812421551081765e-16f,-1f,-1.7527499999999998f,0f,0f,0f,1f], start_interpolation: 0, interpolation_duration: 1 }
$data merge entity $(bone_bone2) { transformation: [0.9921147013144778f,0.1253332335643041f,1.2246467991473532e-16f,2.6414183864572156e-16f,0.1253332335643041f,-0.9921147013144778f,0f,0.4999999999999999f,1.2149900933518075e-16f,1.534889433113126e-17f,-1f,-2.19025f,0f,0f,0f,1f], start_interpolation: 0, interpolation_duration: 1 }
$data merge entity $(bone_ring) { transformation: [1.7850615495778233f,0.2255057160462129f,2.2034447328268763e-16f,2.220446049250313e-16f,0.2255057160462129f,-1.7850615495778233f,0f,0.4999999999999999f,2.1860699129714957e-16f,2.761648533454265e-17f,-1.799249166666667f,-1.8464999999999998f,0f,0f,0f,1f], start_interpolation: 0, interpolation_duration: 1 }
$data merge entity $(bone_wheel) { transformation: [-1f,-1.1647083184890928e-16f,3.784366730434137e-17f,1.0625000000000002f,0f,0.30901699437494634f,0.951056516295154f,-0.625f,-1.2246467991473532e-16f,0.951056516295154f,-0.30901699437494634f,-1.9714999999999996f,0f,0f,0f,1f], start_interpolation: 0, interpolation_duration: 1 }
$data merge entity $(bone_wheel2) { transformation: [-1f,-1.1647083184890928e-16f,3.784366730434137e-17f,1.0625000000000002f,0f,0.30901699437494634f,0.951056516295154f,-0.625f,-1.2246467991473532e-16f,0.951056516295154f,-0.30901699437494634f,-1.7214999999999996f,0f,0f,0f,1f], start_interpolation: 0, interpolation_duration: 1 }
$data merge entity $(bone_rails) { transformation: [-1.1373008333333334f,0f,1.3927918252092842e-16f,-0.43749999999999983f,0f,1.1373008333333334f,0f,-1f,-1.3927918252092842e-16f,0f,-1.1373008333333334f,-1.4089999999999998f,0f,0f,0f,1f], start_interpolation: 0, interpolation_duration: 1 }
$data merge entity $(bone_wheel3) { transformation: [-1f,-1.1647083184890928e-16f,3.784366730434137e-17f,-1.0625f,0f,0.30901699437494634f,0.951056516295154f,-0.625f,-1.2246467991473532e-16f,0.951056516295154f,-0.30901699437494634f,-1.7215f,0f,0f,0f,1f], start_interpolation: 0, interpolation_duration: 1 }
$data merge entity $(bone_wheel4) { transformation: [-1f,-1.1647083184890928e-16f,3.784366730434137e-17f,-1.0625f,0f,0.30901699437494634f,0.951056516295154f,-0.625f,-1.2246467991473532e-16f,0.951056516295154f,-0.30901699437494634f,-1.9715f,0f,0f,0f,1f], start_interpolation: 0, interpolation_duration: 1 }
$data merge entity $(bone_rails2) { transformation: [-1.2038220833333333f,0f,1.4742568610970649e-16f,0.4375000000000001f,0f,1.2038220833333333f,0f,-1f,-1.4742568610970649e-16f,0f,-1.2038220833333333f,-1.4089999999999998f,0f,0f,0f,1f], start_interpolation: 0, interpolation_duration: 1 }
$data merge entity $(bone_bone6) { transformation: [-0.03330589155287701f,-0.9786669540054025f,-0.20273556847690977f,-0.2280372101785427f,0f,0.20284810761404615f,-0.9792102150393451f,0.5494245829949151f,0.9994452048951298f,-0.03261346922956981f,-0.006756037073899747f,-0.11431029652978222f,0f,0f,0f,1f], start_interpolation: 0, interpolation_duration: 1 }
$data merge entity $(bone_bone5) { transformation: [-0.03330589155287701f,-0.5240490816251402f,-0.8510365900686734f,-0.3422929188634741f,0f,0.8515090030953436f,-0.5243399828809303f,0.4830399743653029f,0.9994452048951298f,-0.017463610606669653f,-0.028360266513391928f,-0.11811779715524845f,0f,0f,0f,1f], start_interpolation: 0, interpolation_duration: 1 }
$data merge entity $(bone_bone4) { transformation: [-0.03330589155287701f,-0.5240490816251402f,-0.8510365900686734f,0.90687131603584f,0f,0.8515090030953436f,-0.5243399828809303f,0.2850696132688564f,0.9994452048951298f,-0.017463610606669653f,-0.028360266513391928f,-0.2640942556405532f,0f,0f,0f,1f], start_interpolation: 0, interpolation_duration: 1 }
$data merge entity $(bone_bone3) { transformation: [-0.03330589155287701f,-0.5497562852419471f,-0.8346608559318227f,0.7979504838050818f,0f,0.8351241787381454f,-0.5500614566454718f,-0.234375f,0.9994452048951298f,-0.018320287222451645f,-0.027814555330238147f,-0.20518928087502752f,0f,0f,0f,1f], start_interpolation: 0, interpolation_duration: 1 }
$data merge entity $(bone_octagon) { transformation: [-0.03330589155287701f,0f,-0.9994452048951298f,0.859375f,0f,1f,0f,-0.40625f,0.9994452048951298f,0f,-0.03330589155287701f,-0.1718749999999999f,0f,0f,0f,1f], start_interpolation: 0, interpolation_duration: 1 }
$data merge entity $(bone_bone10) { transformation: [-0.987489727919495f,-0.012030797756165723f,0.15722371690947953f,-0.5632350743778038f,0f,0.9970851203477931f,0.07629720034855114f,0.801266877102053f,-0.15768334488297084f,0.07534270161321f,-0.9846113142048192f,-1.4319011284806067f,0f,0f,0f,1f], start_interpolation: 0, interpolation_duration: 1 }
$data merge entity $(bone_bone9) { transformation: [-0.987489727919495f,0.0446789281817918f,0.1512211315590788f,-0.5430983397629091f,0f,0.9590177813091918f,-0.2833458930932214f,0.7670972317794051f,-0.15768334488297084f,-0.27980115887773144f,-0.9470202079349715f,-1.5580071455796705f,0f,0f,0f,1f], start_interpolation: 0, interpolation_duration: 1 }
$data merge entity $(bone_bone8) { transformation: [-0.987489727919495f,0.0446789281817918f,0.1512211315590788f,-0.9088857696294447f,0f,0.9590177813091918f,-0.2833458930932214f,0.25233788946484853f,-0.15768334488297084f,-0.27980115887773144f,-0.9470202079349715f,-0.4563604895919926f,0f,0f,0f,1f], start_interpolation: 0, interpolation_duration: 1 }
$data merge entity $(bone_bone7) { transformation: [-0.987489727919495f,0.1466102662883938f,0.058047110800867455f,-0.8803788449422986f,0f,0.36812455268467803f,-0.9297764858882513f,-0.234375f,-0.15768334488297084f,-0.9181447290757335f,-0.3635192143710785f,-0.23852071252256127f,0f,0f,0f,1f], start_interpolation: 0, interpolation_duration: 1 }
$data merge entity $(bone_octagon2) { transformation: [-0.987489727919495f,0f,0.15768334488297084f,-0.859375f,0f,1f,0f,-0.40625f,-0.15768334488297084f,0f,-0.987489727919495f,-0.171875f,0f,0f,0f,1f], start_interpolation: 0, interpolation_duration: 1 }