# This file was generated by Animated Java via MC-Build. It is not recommended to edit this file directly.
$data merge entity $(bone_bone21) { transformation: [0.5672114543230997f,0.8235721984651221f,1.2246467991473532e-16f,-0.12405429177435631f,0.8235721984651221f,-0.5672114543230997f,0f,-0.012430864113125883f,6.946336919764993e-17f,1.0085850567170604e-16f,-1f,-1.9130000000000003f,0f,0f,0f,1f], start_interpolation: 0, interpolation_duration: 1 }
$data merge entity $(bone_arm4) { transformation: [-0.4172327136617666f,-0.9087996823560397f,1.2246467991473532e-16f,-0.3444556473730622f,-0.9087996823560397f,0.4172327136617666f,0f,-0.49250032031909347f,-5.109627072854467e-17f,-1.1129586220634553e-16f,-1f,-1.9130000000000003f,0f,0f,0f,1f], start_interpolation: 0, interpolation_duration: 1 }
$data merge entity $(bone_small_arm_base4) { transformation: [-0.3239174181981502f,-0.9460853588275453f,1.2246467991473532e-16f,-0.3498766078149947f,-0.9460853588275453f,0.3239174181981502f,0f,-0.5083336501024217f,-3.9668442938443926e-17f,-1.1586204064083286e-16f,-1f,-1.8192500000000003f,0f,0f,0f,1f], start_interpolation: 0, interpolation_duration: 1 }
$data merge entity $(bone_bone25) { transformation: [0.9980267284282718f,0.0627905195293127f,1.2246467991473532e-16f,2.6414183864572156e-16f,0.0627905195293127f,-0.9980267284282718f,0f,0.4999999999999999f,1.2222302384331878e-16f,7.689620875837216e-18f,-1f,-2.2567500000000003f,0f,0f,0f,1f], start_interpolation: 0, interpolation_duration: 1 }
$data merge entity $(bone_bone16) { transformation: [-0.6549539538080426f,0.7556687888163789f,1.2246467991473532e-16f,0.5901860309540752f,0.7556687888163789f,0.6549539538080426f,0f,0.49786971380305745f,-8.020872631199228e-17f,9.254273634395358e-17f,-1f,-1.9130000000000003f,0f,0f,0f,1f], start_interpolation: 0, interpolation_duration: 1 }
$data merge entity $(bone_arm3) { transformation: [0.7616045837862229f,-0.6480420186653137f,1.2246467991473532e-16f,0.9925003203190933f,-0.6480420186653137f,-0.7616045837862229f,0f,0.1555443526269372f,9.326966157497502e-17f,-7.93622583871466e-17f,-1f,-1.9130000000000003f,0f,0f,0f,1f], start_interpolation: 0, interpolation_duration: 1 }
$data merge entity $(bone_small_arm_base3) { transformation: [0.9460853588275453f,-0.3239174181981504f,1.2246467991473532e-16f,1.0083336501024216f,-0.3239174181981504f,-0.9460853588275453f,0f,0.15012339218500476f,1.1586204064083286e-16f,-3.9668442938443957e-17f,-1f,-1.8192500000000003f,0f,0f,0f,1f], start_interpolation: 0, interpolation_duration: 1 }
$data merge entity $(bone_bone15) { transformation: [-0.06279051952931247f,0.9980267284282718f,1.2246467991473532e-16f,2.6414183864572156e-16f,0.9980267284282718f,0.06279051952931247f,0f,0.4999999999999999f,-7.689620875837189e-18f,1.2222302384331878e-16f,-1f,-2.2567500000000003f,0f,0f,0f,1f], start_interpolation: 0, interpolation_duration: 1 }
$data merge entity $(bone_bone26) { transformation: [-0.7082382429731243f,0.7059735060116225f,1.2246467991473532e-16f,-0.4693337872096337f,0.7059735060116225f,0.7082382429731243f,0f,0.7713788455419084f,-8.673416972907824e-17f,8.645681944199684e-17f,-1f,-1.9130000000000003f,0f,0f,0f,1f], start_interpolation: 0, interpolation_duration: 1 }
$data merge entity $(bone_arm5) { transformation: [-0.990384980679129f,0.13833867877496162f,1.2246467991473532e-16f,-0.9925003203190931f,0.13833867877496162f,0.990384980679129f,0f,0.8444556473730622f,-1.212871796512309e-16f,1.6941602016003062e-17f,-1f,-1.9130000000000003f,0f,0f,0f,1f], start_interpolation: 0, interpolation_duration: 1 }
$data merge entity $(bone_small_arm_base5) { transformation: [-0.9460853588275454f,0.32391741819815f,1.2246467991473532e-16f,-1.0083336501024214f,0.32391741819815f,0.9460853588275454f,0f,0.8498766078149946f,-1.1586204064083288e-16f,3.96684429384439e-17f,-1f,-1.8192500000000003f,0f,0f,0f,1f], start_interpolation: 0, interpolation_duration: 1 }
$data merge entity $(bone_bone20) { transformation: [0.06279051952931292f,-0.9980267284282718f,1.2246467991473532e-16f,2.6414183864572156e-16f,-0.9980267284282718f,-0.06279051952931292f,0f,0.4999999999999999f,7.689620875837244e-18f,-1.2222302384331878e-16f,-1f,-2.2567500000000003f,0f,0f,0f,1f], start_interpolation: 0, interpolation_duration: 1 }
$data merge entity $(bone_bone11) { transformation: [0.9923596490072786f,-0.1233787948642372f,1.2246467991473532e-16f,-0.05524289531904786f,-0.1233787948642372f,-0.9923596490072786f,0f,1.147124415975082f,1.2152900677597548e-16f,-1.5109544621314603e-17f,-1f,-1.9130000000000003f,0f,0f,0f,1f], start_interpolation: 0, interpolation_duration: 1 }
$data merge entity $(bone_arm2) { transformation: [-0.7566528216719459f,-0.6538168760867853f,1.2246467991473532e-16f,0.3444556473730627f,-0.6538168760867853f,0.7566528216719459f,0f,1.4925003203190934f,-9.266324561263618e-17f,-8.006947445282035e-17f,-1f,-1.9130000000000003f,0f,0f,0f,1f], start_interpolation: 0, interpolation_duration: 1 }
$data merge entity $(bone_small_arm_base2) { transformation: [-0.3239174181981502f,-0.9460853588275453f,1.2246467991473532e-16f,0.34987660781499513f,-0.9460853588275453f,0.3239174181981502f,0f,1.5083336501024216f,-3.9668442938443926e-17f,-1.1586204064083286e-16f,-1f,-1.8192500000000003f,0f,0f,0f,1f], start_interpolation: 0, interpolation_duration: 1 }
$data merge entity $(bone_bone2) { transformation: [0.9980267284282718f,0.0627905195293127f,1.2246467991473532e-16f,2.6414183864572156e-16f,0.0627905195293127f,-0.9980267284282718f,0f,0.4999999999999999f,1.2222302384331878e-16f,7.689620875837216e-18f,-1f,-2.2567500000000003f,0f,0f,0f,1f], start_interpolation: 0, interpolation_duration: 1 }
$data merge entity $(bone_ring) { transformation: [1.795698759435628f,0.11297578993768294f,2.2034447328268763e-16f,2.220446049250313e-16f,0.11297578993768294f,-1.795698759435628f,0f,0.4999999999999999f,2.1990967379757149e-16f,1.3835543952832717e-17f,-1.799249166666667f,-1.9130000000000003f,0f,0f,0f,1f], start_interpolation: 0, interpolation_duration: 1 }
$data merge entity $(bone_wheel) { transformation: [-1f,-7.198293278059952e-17f,9.907600726170927e-17f,1.0625000000000002f,0f,0.8090169943749483f,0.5877852522924719f,-0.625f,-1.2246467991473532e-16f,0.5877852522924719f,-0.8090169943749483f,-2.0380000000000003f,0f,0f,0f,1f], start_interpolation: 0, interpolation_duration: 1 }
$data merge entity $(bone_wheel2) { transformation: [-1f,-7.198293278059952e-17f,9.907600726170927e-17f,1.0625000000000002f,0f,0.8090169943749483f,0.5877852522924719f,-0.625f,-1.2246467991473532e-16f,0.5877852522924719f,-0.8090169943749483f,-1.788f,0f,0f,0f,1f], start_interpolation: 0, interpolation_duration: 1 }
$data merge entity $(bone_rails) { transformation: [-1.1373008333333334f,0f,1.3927918252092842e-16f,-0.43749999999999983f,0f,1.1373008333333334f,0f,-1f,-1.3927918252092842e-16f,0f,-1.1373008333333334f,-1.4755000000000003f,0f,0f,0f,1f], start_interpolation: 0, interpolation_duration: 1 }
$data merge entity $(bone_wheel3) { transformation: [-1f,-7.198293278059952e-17f,9.907600726170927e-17f,-1.0625f,0f,0.8090169943749483f,0.5877852522924719f,-0.625f,-1.2246467991473532e-16f,0.5877852522924719f,-0.8090169943749483f,-1.7880000000000005f,0f,0f,0f,1f], start_interpolation: 0, interpolation_duration: 1 }
$data merge entity $(bone_wheel4) { transformation: [-1f,-7.198293278059952e-17f,9.907600726170927e-17f,-1.0625f,0f,0.8090169943749483f,0.5877852522924719f,-0.625f,-1.2246467991473532e-16f,0.5877852522924719f,-0.8090169943749483f,-2.0380000000000003f,0f,0f,0f,1f], start_interpolation: 0, interpolation_duration: 1 }
$data merge entity $(bone_rails2) { transformation: [-1.2038220833333333f,0f,1.4742568610970649e-16f,0.4375000000000001f,0f,1.2038220833333333f,0f,-1f,-1.4742568610970649e-16f,0f,-1.2038220833333333f,-1.4755000000000003f,0f,0f,0f,1f], start_interpolation: 0, interpolation_duration: 1 }
$data merge entity $(bone_bone6) { transformation: [-0.13052619222005146f,-0.9597631949918974f,-0.2486312986803536f,-0.2386431804561637f,0f,0.25077672835565845f,-0.968044953767764f,0.5870998930590455f,0.9914448613738105f,-0.12635522171314198f,-0.032732931449666304f,-0.22187287079903226f,0f,0f,0f,1f], start_interpolation: 0, interpolation_duration: 1 }
$data merge entity $(bone_bone5) { transformation: [-0.13052619222005146f,-0.4950579934328282f,-0.8589997068001806f,-0.3538522253818309f,0f,0.8664119814085219f,-0.4993298293430496f,0.5240713167844415f,0.9914448613738105f,-0.06517562128603639f,-0.11308945682708439f,-0.23704042930815483f,0f,0f,0f,1f], start_interpolation: 0, interpolation_duration: 1 }
$data merge entity $(bone_bone4) { transformation: [-0.13052619222005146f,-0.4950579934328282f,-0.8589997068001806f,0.9149862048550571f,0f,0.8664119814085219f,-0.4993298293430496f,0.28520292904603717f,0.9914448613738105f,-0.06517562128603639f,-0.11308945682708439f,-0.2591126110413766f,0f,0f,0f,1f], start_interpolation: 0, interpolation_duration: 1 }
$data merge entity $(bone_bone3) { transformation: [-0.13052619222005146f,-0.5463909195541993f,-0.8272967280083071f,0.8014886396710135f,0f,0.83443543886238f,-0.5511057052603858f,-0.234375f,0.9914448613738105f,-0.07193372921838415f,-0.10891568048817402f,-0.21101553893168468f,0f,0f,0f,1f], start_interpolation: 0, interpolation_duration: 1 }
$data merge entity $(bone_octagon) { transformation: [-0.13052619222005146f,0f,-0.9914448613738105f,0.859375f,0f,1f,0f,-0.40625f,0.9914448613738105f,0f,-0.13052619222005146f,-0.1718749999999999f,0f,0f,0f,1f], start_interpolation: 0, interpolation_duration: 1 }
$data merge entity $(bone_bone10) { transformation: [-0.9885201646414182f,-0.0013396313942564408f,0.1510830549235449f,-0.5638283355629778f,0f,0.9999606917676416f,0.008866505488601628f,0.7832204575496844f,-0.15108899396482647f,0.008764719465386595f,-0.9884813076610957f,-1.4850337694249627f,0f,0f,0f,1f], start_interpolation: 0, interpolation_duration: 1 }
$data merge entity $(bone_bone9) { transformation: [-0.9885201646414182f,0.044728610454096436f,0.1443164422515642f,-0.5446038989214037f,0f,0.9551750823435959f,-0.2960414870755527f,0.7473599428610651f,-0.15108899396482647f,-0.29264297954461566f,-0.9442098296596717f,-1.6108122445830637f,0f,0f,0f,1f], start_interpolation: 0, interpolation_duration: 1 }
$data merge entity $(bone_bone8) { transformation: [-0.9885201646414182f,0.044728610454096436f,0.1443164422515642f,-0.9065328430360846f,0f,0.9551750823435959f,-0.2960414870755527f,0.23917255872757393f,-0.15108899396482647f,-0.29264297954461566f,-0.9442098296596717f,-0.4838336675440318f,0f,0f,0f,1f], start_interpolation: 0, interpolation_duration: 1 }
$data merge entity $(bone_bone7) { transformation: [-0.9885201646414182f,0.14349424602519395f,0.047299951955202646f,-0.8808231930222427f,0f,0.31306020851667116f,-0.949733281423526f,-0.234375f,-0.15108899396482647f,-0.9388304997182183f,-0.3094663288655765f,-0.23837904135148946f,0f,0f,0f,1f], start_interpolation: 0, interpolation_duration: 1 }
$data merge entity $(bone_octagon2) { transformation: [-0.9885201646414182f,0f,0.15108899396482647f,-0.859375f,0f,1f,0f,-0.40625f,-0.15108899396482647f,0f,-0.9885201646414182f,-0.171875f,0f,0f,0f,1f], start_interpolation: 0, interpolation_duration: 1 }