# This file was generated by Animated Java via MC-Build. It is not recommended to edit this file directly.
$data merge entity $(bone_bone21) { transformation: [0.6235487682838889f,0.7817844546751012f,1.2246467991473532e-16f,-0.1121169192022326f,0.7817844546751012f,-0.6235487682838889f,0f,-0.02326804313083708f,7.63627003191139e-17f,9.574098300410215e-17f,-1f,-1.9311562500000004f,0f,0f,0f,1f], start_interpolation: 0, interpolation_duration: 1 }
$data merge entity $(bone_arm4) { transformation: [-0.49852556478565296f,-0.8668749974795363f,1.2246467991473532e-16f,-0.3754608677509078f,-0.8668749974795363f,0.49852556478565296f,0f,-0.48119096797128813f,-6.105177372078762e-17f,-1.061615690924184e-16f,-1f,-1.9311562500000004f,0f,0f,0f,1f], start_interpolation: 0, interpolation_duration: 1 }
$data merge entity $(bone_small_arm_base4) { transformation: [-0.35347484377925686f,-0.9354440308298676f,1.2246467991473532e-16f,-0.3813764901833311f,-0.9354440308298676f,0.35347484377925686f,0f,-0.49684620847974525f,-4.3288183601337755e-17f,-1.1455885381372952e-16f,-1f,-1.8374062500000004f,0f,0f,0f,1f], start_interpolation: 0, interpolation_duration: 1 }
$data merge entity $(bone_bone25) { transformation: [0.9995065603657316f,0.03141075907812868f,1.2246467991473532e-16f,2.6414183864572156e-16f,0.03141075907812868f,-0.9995065603657316f,0f,0.4999999999999999f,1.224042509878674e-16f,3.846708556381896e-18f,-1f,-2.2749062500000004f,0f,0f,0f,1f], start_interpolation: 0, interpolation_duration: 1 }
$data merge entity $(bone_bone16) { transformation: [-0.7883760551534166f,0.6151936245286825f,1.2246467991473532e-16f,0.5678533847595987f,0.6151936245286825f,0.7883760551534166f,0f,0.4534699496505026f,-9.654822124680487e-17f,7.533949031349096e-17f,-1f,-1.9311562500000004f,0f,0f,0f,1f], start_interpolation: 0, interpolation_duration: 1 }
$data merge entity $(bone_arm3) { transformation: [0.7824723266031584f,-0.6226853604351403f,1.2246467991473532e-16f,0.9811909679712881f,-0.6226853604351403f,-0.7824723266031584f,0f,0.1245391322490916f,9.582522301959401e-17f,-7.625696335328105e-17f,-1f,-1.9311562500000004f,0f,0f,0f,1f], start_interpolation: 0, interpolation_duration: 1 }
$data merge entity $(bone_small_arm_base3) { transformation: [0.9354440308298676f,-0.3534748437792571f,1.2246467991473532e-16f,0.9968462084797453f,-0.3534748437792571f,-0.9354440308298676f,0f,0.11862350981666836f,1.1455885381372952e-16f,-4.3288183601337785e-17f,-1f,-1.8374062500000004f,0f,0f,0f,1f], start_interpolation: 0, interpolation_duration: 1 }
$data merge entity $(bone_bone15) { transformation: [-0.03141075907812846f,0.9995065603657316f,1.2246467991473532e-16f,2.6414183864572156e-16f,0.9995065603657316f,0.03141075907812846f,0f,0.4999999999999999f,-3.846708556381869e-18f,1.224042509878674e-16f,-1f,-2.2749062500000004f,0f,0f,0f,1f], start_interpolation: 0, interpolation_duration: 1 }
$data merge entity $(bone_bone26) { transformation: [-0.7103944323132264f,0.7038037727508779f,1.2246467991473532e-16f,-0.46004892848740575f,0.7038037727508779f,0.7103944323132264f,0f,0.7891219135400734f,-8.69982267664494e-17f,8.619110375271938e-17f,-1f,-1.9311562500000004f,0f,0f,0f,1f], start_interpolation: 0, interpolation_duration: 1 }
$data merge entity $(bone_arm5) { transformation: [-0.9865524953167046f,0.16344471231699123f,1.2246467991473532e-16f,-0.9811909679712879f,0.16344471231699123f,0.9865524953167046f,0f,0.8754608677509077f,-1.2081783555804366e-16f,2.0016204377656322e-17f,-1f,-1.9311562500000004f,0f,0f,0f,1f], start_interpolation: 0, interpolation_duration: 1 }
$data merge entity $(bone_small_arm_base5) { transformation: [-0.9354440308298677f,0.35347484377925664f,1.2246467991473532e-16f,-0.996846208479745f,0.35347484377925664f,0.9354440308298677f,0f,0.881376490183331f,-1.1455885381372955e-16f,4.328818360133773e-17f,-1f,-1.8374062500000004f,0f,0f,0f,1f], start_interpolation: 0, interpolation_duration: 1 }
$data merge entity $(bone_bone20) { transformation: [0.0314107590781289f,-0.9995065603657316f,1.2246467991473532e-16f,2.6414183864572156e-16f,-0.9995065603657316f,-0.0314107590781289f,0f,0.4999999999999999f,3.846708556381923e-18f,-1.224042509878674e-16f,-1f,-2.2749062500000004f,0f,0f,0f,1f], start_interpolation: 0, interpolation_duration: 1 }
$data merge entity $(bone_bone11) { transformation: [0.9794101007052287f,-0.2018807931343975f,1.2246467991473532e-16f,-0.029502316833729614f,-0.2018807931343975f,-0.9794101007052287f,0f,1.142003321582583f,1.1994314448812454e-16f,-2.4723266712136888e-17f,-1f,-1.9311562500000004f,0f,0f,0f,1f], start_interpolation: 0, interpolation_duration: 1 }
$data merge entity $(bone_arm2) { transformation: [-0.7666190980467429f,-0.6421021402471718f,1.2246467991473532e-16f,0.3754608677509083f,-0.6421021402471718f,0.7666190980467429f,0f,1.481190967971288f,-9.388376245881746e-17f,-7.863483307793639e-17f,-1f,-1.9311562500000004f,0f,0f,0f,1f], start_interpolation: 0, interpolation_duration: 1 }
$data merge entity $(bone_small_arm_base2) { transformation: [-0.35347484377925686f,-0.9354440308298676f,1.2246467991473532e-16f,0.38137649018333153f,-0.9354440308298676f,0.35347484377925686f,0f,1.4968462084797451f,-4.3288183601337755e-17f,-1.1455885381372952e-16f,-1f,-1.8374062500000004f,0f,0f,0f,1f], start_interpolation: 0, interpolation_duration: 1 }
$data merge entity $(bone_bone2) { transformation: [0.9995065603657316f,0.03141075907812868f,1.2246467991473532e-16f,2.6414183864572156e-16f,0.03141075907812868f,-0.9995065603657316f,0f,0.4999999999999999f,1.224042509878674e-16f,3.846708556381896e-18f,-1f,-2.2749062500000004f,0f,0f,0f,1f], start_interpolation: 0, interpolation_duration: 1 }
$data merge entity $(bone_ring) { transformation: [1.7983613458159093f,0.05651578209569048f,2.2034447328268763e-16f,2.220446049250313e-16f,0.05651578209569048f,-1.7983613458159093f,0f,0.4999999999999999f,2.2023574658637796e-16f,6.921187164479664e-18f,-1.799249166666667f,-1.9311562500000004f,0f,0f,0f,1f], start_interpolation: 0, interpolation_duration: 1 }
$data merge entity $(bone_wheel) { transformation: [-1f,-3.7843667304341327e-17f,1.164708318489093e-16f,1.0625000000000002f,0f,0.9510565162951541f,0.309016994374946f,-0.625f,-1.2246467991473532e-16f,0.309016994374946f,-0.9510565162951541f,-2.05615625f,0f,0f,0f,1f], start_interpolation: 0, interpolation_duration: 1 }
$data merge entity $(bone_wheel2) { transformation: [-1f,-3.7843667304341327e-17f,1.164708318489093e-16f,1.0625000000000002f,0f,0.9510565162951541f,0.309016994374946f,-0.625f,-1.2246467991473532e-16f,0.309016994374946f,-0.9510565162951541f,-1.8061562500000001f,0f,0f,0f,1f], start_interpolation: 0, interpolation_duration: 1 }
$data merge entity $(bone_rails) { transformation: [-1.1373008333333334f,0f,1.3927918252092842e-16f,-0.43749999999999983f,0f,1.1373008333333334f,0f,-1f,-1.3927918252092842e-16f,0f,-1.1373008333333334f,-1.4936562500000004f,0f,0f,0f,1f], start_interpolation: 0, interpolation_duration: 1 }
$data merge entity $(bone_wheel3) { transformation: [-1f,-3.7843667304341327e-17f,1.164708318489093e-16f,-1.0625f,0f,0.9510565162951541f,0.309016994374946f,-0.625f,-1.2246467991473532e-16f,0.309016994374946f,-0.9510565162951541f,-1.8061562500000006f,0f,0f,0f,1f], start_interpolation: 0, interpolation_duration: 1 }
$data merge entity $(bone_wheel4) { transformation: [-1f,-3.7843667304341327e-17f,1.164708318489093e-16f,-1.0625f,0f,0.9510565162951541f,0.309016994374946f,-0.625f,-1.2246467991473532e-16f,0.309016994374946f,-0.9510565162951541f,-2.056156250000001f,0f,0f,0f,1f], start_interpolation: 0, interpolation_duration: 1 }
$data merge entity $(bone_rails2) { transformation: [-1.2038220833333333f,0f,1.4742568610970649e-16f,0.4375000000000001f,0f,1.2038220833333333f,0f,-1f,-1.4742568610970649e-16f,0f,-1.2038220833333333f,-1.4936562500000004f,0f,0f,0f,1f], start_interpolation: 0, interpolation_duration: 1 }
$data merge entity $(bone_bone6) { transformation: [-0.15023954923930227f,-0.9622965181648349f,-0.22674542767651762f,-0.25154153091395903f,0f,0.22934862089692082f,-0.9733443430218724f,0.5491354781920798f,0.9886496233976784f,-0.14623481535023092f,-0.03445723342220899f,-0.24586845239782384f,0f,0f,0f,1f], start_interpolation: 0, interpolation_duration: 1 }
$data merge entity $(bone_bone5) { transformation: [-0.15023954923930227f,-0.522603314737659f,-0.8392340872900614f,-0.3642325794330834f,0f,0.8488690709311935f,-0.5286031596731261f,0.48217846738758174f,0.9886496233976784f,-0.07941710043576139f,-0.1275337065798878f,-0.26299348024604396f,0f,0f,0f,1f], start_interpolation: 0, interpolation_duration: 1 }
$data merge entity $(bone_bone4) { transformation: [-0.15023954923930227f,-0.522603314737659f,-0.8392340872900614f,0.9165625218787046f,0f,0.8488690709311935f,-0.5286031596731261f,0.2852338330103139f,0.9886496233976784f,-0.07941710043576139f,-0.1275337065798878f,-0.25801084679086683f,0f,0f,0f,1f], start_interpolation: 0, interpolation_duration: 1 }
$data merge entity $(bone_bone3) { transformation: [-0.15023954923930227f,-0.5450905486265054f,-0.8248056568928384f,0.8022793844513733f,0f,0.8342749922447148f,-0.5513485624494554f,-0.234375f,0.9886496233976784f,-0.08283435949614348f,-0.12534109877646835f,-0.21216027255863373f,0f,0f,0f,1f], start_interpolation: 0, interpolation_duration: 1 }
$data merge entity $(bone_octagon) { transformation: [-0.15023954923930227f,0f,-0.9886496233976784f,0.859375f,0f,1f,0f,-0.40625f,0.9886496233976784f,0f,-0.15023954923930227f,-0.1718749999999999f,0f,0f,0f,1f], start_interpolation: 0, interpolation_duration: 1 }
$data merge entity $(bone_bone10) { transformation: [-0.9886947625534146f,0.002404867084936625f,0.1499229239100908f,-0.5633588660196786f,0f,0.999871372960361f,-0.0160386263240489f,0.7791088937524154f,-0.14994221053274853f,-0.01585730584513856f,-0.9885675896730008f,-1.4985167814629197f,0f,0f,0f,1f], start_interpolation: 0, interpolation_duration: 1 }
$data merge entity $(bone_bone9) { transformation: [-0.9886947625534146f,0.044907506167093825f,0.1430593666604865f,-0.5442999433456222f,0f,0.9540966893324627f,-0.29949876027261635f,0.742787811216284f,-0.14994221053274853f,-0.2961128556727765f,-0.9433103997125581f,-1.6241882448940563f,0f,0f,0f,1f], start_interpolation: 0, interpolation_duration: 1 }
$data merge entity $(bone_bone8) { transformation: [-0.9886947625534146f,0.044907506167093825f,0.1430593666604865f,-0.9059885234616957f,0f,0.9540966893324627f,-0.29949876027261635f,0.23607693123836054f,-0.14994221053274853f,-0.2961128556727765f,-0.9433103997125581f,-0.4897538235808407f,0f,0f,0f,1f], start_interpolation: 0, interpolation_duration: 1 }
$data merge entity $(bone_bone7) { transformation: [-0.9886947625534146f,0.14299443318489416f,0.045113840199853546f,-0.8809003231714975f,0f,0.300874850647879f,-0.9536636326544158f,-0.234375f,-0.14994221053274853f,-0.9428822388430844f,-0.2974733890195988f,-0.2383541167387368f,0f,0f,0f,1f], start_interpolation: 0, interpolation_duration: 1 }
$data merge entity $(bone_octagon2) { transformation: [-0.9886947625534146f,0f,0.14994221053274853f,-0.859375f,0f,1f,0f,-0.40625f,-0.14994221053274853f,0f,-0.9886947625534146f,-0.171875f,0f,0f,0f,1f], start_interpolation: 0, interpolation_duration: 1 }