execute if entity @s[tag=aj.mech_torso.bone.drillhead_right1] run data modify entity @s {} merge value {transformation:[-0.09927146460346299f,0.19295211879075852f,0.976173476473132f,-1.6253929612851998f,-0.4472078825936434f,0.8677095070880849f,-0.21699152300277175f,-1.3371007527438246f,-0.8889039802259822f,-0.4580935397526464f,0.0001509148673891124f,0.11849481025628772f,0f,0f,0f,1f],start_interpolation:0}
execute if entity @s[tag=aj.mech_torso.bone.drillhead_right2] run data modify entity @s {} merge value {transformation:[-0.8638771502835522f,0.19295211879075852f,-0.46528029087005857f,-1.7833105719114752f,0.37161307432237245f,0.8677095070880849f,-0.33012714868914866f,-1.1725660416148038f,0.34002939903873636f,-0.4580935397526464f,-0.82129794631805f,0.3636364369829292f,0f,0f,0f,1f],start_interpolation:0}
execute if entity @s[tag=aj.mech_torso.bone.drillhead_right3] run data modify entity @s {} merge value {transformation:[0.9398562399042777f,0.19295211879075852f,-0.28185054225094225f,-1.4128923016238837f,-0.029334979339053352f,0.8677095070880849f,0.49620527032280676f,-1.254844524275257f,0.34030825335300124f,-0.4580935397526464f,0.8211824410791552f,0.3638092585808587f,0f,0f,0f,1f],start_interpolation:0}
execute if entity @s[tag=aj.mech_torso.bone.drill_right] run data modify entity @s {} merge value {transformation:[-0.1517667528062075f,0.29498624436462173f,1.4923792984384552f,-1.4749629747241315f,-0.6836938332851927f,1.3265589945294276f,-0.33173781573738703f,-0.6703785597813514f,-1.358961219866041f,-0.7003358849138528f,0.00023071946672000674f,-0.031913673959459654f,0f,0f,0f,1f],start_interpolation:0}
execute if entity @s[tag=aj.mech_torso.bone.barrel_right] run data modify entity @s {} merge value {transformation:[-2.2404507254030586f,0.44285132195425986f,-0.227841495638889f,-1.6792223220764206f,0.4980250199732354f,1.9915111826418674f,-1.0264028362897972f,-1.5924288378884806f,-0.00034637011992795296f,-1.0513868981048065f,-2.040155377409276f,-0.13652182059930462f,0f,0f,0f,1f],start_interpolation:0}
execute if entity @s[tag=aj.mech_torso.bone.blaster_right] run data modify entity @s {} merge value {transformation:[-0.976173476473132f,0.19295211879075852f,-0.09927146460346277f,-1.6695314661814444f,0.21699152300277164f,0.8677095070880849f,-0.44720788259364347f,-0.39146409507496277f,-0.00015091486738930978f,-0.4580935397526464f,-0.8889039802259822f,-0.20800499153195645f,0f,0f,0f,1f],start_interpolation:0}
execute if entity @s[tag=aj.mech_torso.bone.rocket_right] run data modify entity @s {} merge value {transformation:[-2.2493920677086043f,0.4446186829656671f,-0.2287507808915465f,-1.1826893985065718f,0.5000125719108063f,1.9994590401811667f,-1.0304990741577373f,-0.07371264041289899f,-0.0003477524372320443f,-1.0555828440566326f,-2.048297367491488f,-0.49254695100752666f,0f,0f,0f,1f],start_interpolation:0}
execute if entity @s[tag=aj.mech_torso.bone.sword_right] run data modify entity @s {} merge value {transformation:[-2.6005733230424535f,0.5140337704776556f,-0.264463979824414f,-1.3460587473156032f,0.5780759052029955f,2.311620066175501f,-1.191383414277125f,-0.08758108880842497f,-0.00040204450094371175f,-1.2203833310888048f,-2.3680831670143943f,0.9485929498890098f,0f,0f,0f,1f],start_interpolation:0}
execute if entity @s[tag=aj.mech_torso.bone.right_hand] run data modify entity @s {} merge value {transformation:[-0.976173476473132f,0.19295211879075852f,-0.09927146460346277f,-1.5170043604825176f,0.21699152300277164f,0.8677095070880849f,-0.44720788259364347f,-0.4253690205441458f,-0.00015091486738930978f,-0.4580935397526464f,-0.8889039802259822f,-0.20798141108392687f,0f,0f,0f,1f],start_interpolation:0}
execute if entity @s[tag=aj.mech_torso.bone.right_arm_low] run data modify entity @s {} merge value {transformation:[-0.976173476473132f,0.19295211879075852f,-0.09927146460346277f,-1.2661436326810465f,0.21699152300277164f,0.8677095070880849f,-0.44720788259364347f,0.41480327002521444f,-0.00015091486738930978f,-0.4580935397526464f,-0.8889039802259822f,-0.6938437680394234f,0f,0f,0f,1f],start_interpolation:0}
execute if entity @s[tag=aj.mech_torso.bone.right_arm] run data modify entity @s {} merge value {transformation:[-1.0803254920675358f,0.22537896700483362f,0.08290434822672801f,-1.00653125f,0.2401432527232832f,1.0141710569218354f,0.3722368385954789f,1.4389687500000001f,-0.0001670166034030227f,0.3813572695883866f,-1.0389122116769889f,-0.30617375000000013f,0f,0f,0f,1f],start_interpolation:0}