execute if entity @s[tag=aj.mech_torso.bone.drillhead_right1] run data modify entity @s {} merge value {transformation:[-0.09568985259323404f,-0.017373538861976033f,0.9952595702921407f,-1.0797181128261588f,-0.9801791455408143f,0.17588903577431114f,-0.09116956587185371f,-0.08020805568305955f,-0.1734713081681357f,-0.9842566775195353f,-0.03385997638276168f,1.8980438728513942f,0f,0f,0f,1f],start_interpolation:0}
execute if entity @s[tag=aj.mech_torso.bone.drillhead_right2] run data modify entity @s {} merge value {transformation:[-0.8828810252959989f,-0.017373538861976033f,-0.46927524473351184f,-1.2422465088340309f,0.45932801564518494f,0.17588903577431114f,-0.870678368364484f,0.20744285625922432f,0.09766713477799349f,-0.9842566775195353f,-0.14730893911254248f,1.9523166414954116f,0f,0f,0f,1f],start_interpolation:0}
execute if entity @s[tag=aj.mech_torso.bone.drillhead_right3] run data modify entity @s {} merge value {transformation:[0.9561188677617756f,-0.017373538861976033f,-0.2924634521736898f,-0.8645865574292296f,0.2908686238512946f,0.17588903577431114f,0.9404565331546363f,0.17297632966394183f,0.03510205647529533f,-0.9842566775195353f,0.1732242430764547f,1.9394911517019462f,0f,0f,0f,1f],start_interpolation:0}
execute if entity @s[tag=aj.mech_torso.bone.drill_right] run data modify entity @s {} merge value {transformation:[-0.1462911649645711f,-0.026560760318857797f,1.521558222051964f,-1.0721640224010764f,-1.498503187006502f,0.268900110624044f,-0.13938052614003843f,0.21441803908203094f,-0.2652038755636984f,-1.5047369399822021f,-0.05176531530217147f,1.2632929173020129f,0f,0f,0f,1f],start_interpolation:0}
execute if entity @s[tag=aj.mech_torso.bone.barrel_right] run data modify entity @s {} merge value {transformation:[-2.2842559032454277f,-0.03987463159393041f,-0.2196212095731155f,-1.1080419018310905f,0.20924653754193467f,0.40368922869607005f,-2.249644280016771f,-0.440064113830149f,0.07771324511189662f,-2.2590027697726964f,-0.39814021543189754f,1.9511936005177544f,0f,0f,0f,1f],start_interpolation:0}
execute if entity @s[tag=aj.mech_torso.bone.blaster_right] run data modify entity @s {} merge value {transformation:[-0.9952595702921407f,-0.017373538861976033f,-0.09568985259323382f,-1.3313025535440786f,0.09116956587185349f,0.17588903577431114f,-0.9801791455408143f,0.2373098467543476f,0.03385997638276164f,-0.9842566775195353f,-0.1734713081681357f,0.9822564153429527f,0f,0f,0f,1f],start_interpolation:0}
execute if entity @s[tag=aj.mech_torso.bone.rocket_right] run data modify entity @s {} merge value {transformation:[-2.2933720662178163f,-0.04003376597093159f,-0.22049768875209763f,-0.9416457383309614f,0.21008161277800175f,0.40530029897666453f,-2.2586223125819482f,0.22695553190976178f,0.07802338838723923f,-2.2680181508318267f,-0.39972914033500595f,0.4655305044171797f,0f,0f,0f,1f],start_interpolation:0}
execute if entity @s[tag=aj.mech_torso.bone.sword_right] run data modify entity @s {} merge value {transformation:[-2.6514195994708274f,-0.04628394724934915f,-0.2549223923179169f,-0.9644920275718281f,0.24288013001163486f,0.4685768926061607f,-2.611244619046097f,1.351090011043398f,0.0902046136492022f,-2.6221073613181223f,-0.46213594940647496f,1.3818087437299642f,0f,0f,0f,1f],start_interpolation:0}
execute if entity @s[tag=aj.mech_torso.bone.right_hand] run data modify entity @s {} merge value {transformation:[-0.9952595702921407f,-0.017373538861976033f,-0.09568985259323382f,-1.1757932456859315f,0.09116956587185349f,0.17588903577431114f,-0.9801791455408143f,0.22306460208687048f,0.03385997638276164f,-0.9842566775195353f,-0.1734713081681357f,0.9769657940331462f,0f,0f,0f,1f],start_interpolation:0}
execute if entity @s[tag=aj.mech_torso.bone.right_arm_low] run data modify entity @s {} merge value {transformation:[-0.9952595702921407f,-0.017373538861976033f,-0.09568985259323382f,-1.1339533692981874f,0.09116956587185349f,0.17588903577431114f,-0.9801791455408143f,0.3626249416960403f,0.03385997638276164f,-0.9842566775195353f,-0.1734713081681357f,-0.014828110390565918f,0f,0f,0f,1f],start_interpolation:0}
execute if entity @s[tag=aj.mech_torso.bone.right_arm] run data modify entity @s {} merge value {transformation:[-1.1014479607614855f,0.08789759323009169f,-0.06211587053845717f,-1.0135f,0.10089682672791267f,1.0655980450421327f,-0.28123409340378747f,1.443f,0.037472638346273415f,-0.2855639999032967f,-1.0685602378287464f,-0.30617375000000013f,0f,0f,0f,1f],start_interpolation:0}