execute if entity @s[tag=aj.mech_torso.bone.drillhead_right1] run data modify entity @s {} merge value {transformation:[-0.13433296019504637f,0.0866739333525328f,0.9871384325830075f,-1.4801781171374653f,-0.7726395836931945f,0.6145839596017225f,-0.1591057205466707f,-0.8887024990228242f,-0.6204697651905716f,-0.7840753700234874f,-0.015591170799139555f,1.220746217541536f,0f,0f,0f,1f],start_interpolation:0}
execute if entity @s[tag=aj.mech_torso.bone.drillhead_right2] run data modify entity @s {} merge value {transformation:[-0.8605899953315101f,0.0866739333525328f,-0.5018689960662168f,-1.630506725746196f,0.4426708865873753f,0.6145839596017225f,-0.6529387741344631f,-0.6453977794299404f,0.25184786301110196f,-0.7840753700234874f,-0.5672728338456482f,1.3948386726451316f,0f,0f,0f,1f],start_interpolation:0}
execute if entity @s[tag=aj.mech_torso.bone.drillhead_right3] run data modify entity @s {} merge value {transformation:[0.9634039919059167f,0.0866739333525328f,-0.2536540511345034f,-1.2559232859868708f,0.1486818491503162f,0.6145839596017225f,0.7747130206299045f,-0.7056694052990424f,0.2230391358326766f,-0.7840753700234874f,0.5792057993576584f,1.3890033224217635f,0f,0f,0f,1f],start_interpolation:0}
execute if entity @s[tag=aj.mech_torso.bone.drill_right] run data modify entity @s {} merge value {transformation:[-0.20536895718305462f,0.1325075787931578f,1.509142582732745f,-1.407724630209292f,-1.1812155806812341f,0.9395792864355612f,-0.2432416873944031f,-0.4115768233060537f,-0.9485775379012407f,-1.1986986727668285f,-0.023835866369899712f,0.9435907710100899f,0f,0f,0f,1f],start_interpolation:0}
execute if entity @s[tag=aj.mech_torso.bone.barrel_right] run data modify entity @s {} merge value {transformation:[-2.265616789081762f,0.1989284502533432f,-0.30831239054139076f,-1.4744553289459377f,0.3651692405149831f,1.4105536682737991f,-1.773312794786f,-1.2369758069429115f,0.035783854784725184f,-1.7995594777749986f,-1.4240623915888004f,1.0952078435458503f,0f,0f,0f,1f],start_interpolation:0}
execute if entity @s[tag=aj.mech_torso.bone.blaster_right] run data modify entity @s {} merge value {transformation:[-0.9871384325830075f,0.0866739333525328f,-0.13433296019504615f,-1.0694721508348353f,0.15910572054667052f,0.6145839596017225f,-0.7726395836931945f,-0.24859152228830955f,0.015591170799139418f,-0.7840753700234874f,-0.6204697651905716f,0.5414884189357465f,0f,0f,0f,1f],start_interpolation:0}
execute if entity @s[tag=aj.mech_torso.bone.rocket_right] run data modify entity @s {} merge value {transformation:[-2.2746585658165417f,0.19972234736871347f,-0.3095428244847106f,-1.1270752222254161f,0.3666265826211404f,1.416183001267101f,-1.7803898514394696f,0.02532664483297739f,0.03592666341292413f,-1.8067412814663426f,-1.4297456361088772f,0.11213304586201145f,0f,0f,0f,1f],start_interpolation:0}
execute if entity @s[tag=aj.mech_torso.bone.sword_right] run data modify entity @s {} merge value {transformation:[-2.6297844960920402f,0.23090354769125945f,-0.3578694987193457f,-1.1732374415948428f,0.42386532964615675f,1.6372813732703697f,-2.0583491952052158f,0.5901395928330107f,0.0415356325821627f,-2.0888146827187883f,-1.6529614438396671f,1.4472815301968682f,0f,0f,0f,1f],start_interpolation:0}
execute if entity @s[tag=aj.mech_torso.bone.right_hand] run data modify entity @s {} merge value {transformation:[-0.9871384325830075f,0.0866739333525328f,-0.13433296019504615f,-1.408800987035244f,0.15910572054667052f,0.6145839596017225f,-0.7726395836931945f,-0.19389893085039156f,0.015591170799139418f,-0.7840753700234874f,-0.6204697651905716f,0.5468478838979507f,0f,0f,0f,1f],start_interpolation:0}
execute if entity @s[tag=aj.mech_torso.bone.right_arm_low] run data modify entity @s {} merge value {transformation:[-0.9871384325830075f,0.0866739333525328f,-0.13433296019504615f,-1.2646288066523685f,0.15910572054667052f,0.6145839596017225f,-0.7726395836931945f,0.38659593422675176f,0.015591170799139418f,-0.7840753700234874f,-0.6204697651905716f,-0.2575916144626882f,0f,0f,0f,1f],start_interpolation:0}
execute if entity @s[tag=aj.mech_torso.bone.right_arm] run data modify entity @s {} merge value {transformation:[-1.092460345032091f,0.176855365219453f,-0.004955084205779074f,-1.054f,0.17608137281229708f,1.089848923452967f,0.07743805738119854f,1.4895f,0.017254657774911267f,0.0756537003426194f,-1.1039704583654255f,-0.1811737500000001f,0f,0f,0f,1f],start_interpolation:0}