execute if entity @s[tag=aj.mech_torso.bone.drillhead_right1] run data modify entity @s {} merge value {transformation:[-0.10304192589770539f,0.18730339862015513f,0.976882694274308f,-1.6198559775744545f,-0.46787476408584255f,0.8575508936394116f,-0.2137748113082169f,-1.3216971119040426f,-0.8777673761532204f,-0.47908652838875143f,-0.0007291621940216574f,0.17752159554243163f,0f,0f,0f,1f],start_interpolation:0}
execute if entity @s[tag=aj.mech_torso.bone.drillhead_right2] run data modify entity @s {} merge value {transformation:[-0.8630894890244709f,0.18730339862015513f,-0.46903514879038355f,-1.7768682743678303f,0.3765500933715009f,0.8575508936394116f,-0.350451839772829f,-1.1520728276645609f,0.33658069035135096f,-0.47908652838875143f,-0.8106722748429371f,0.4197586713964772f,0f,0f,0f,1f],start_interpolation:0}
execute if entity @s[tag=aj.mech_torso.bone.drillhead_right3] run data modify entity @s {} merge value {transformation:[0.9419543647845572f,0.18730339862015513f,-0.27863849613551417f,-1.406180403885181f,-0.018454252096747087f,0.8575508936394116f,0.5140679968620847f,-1.23312805444059f,0.3352333742974757f,-0.47908652838875143f,0.8112303514252552f,0.41959610329521396f,0f,0f,0f,1f],start_interpolation:0}
execute if entity @s[tag=aj.mech_torso.bone.drill_right] run data modify entity @s {} merge value {transformation:[-0.1575310544561773f,0.28635045037056905f,1.4934635544544894f,-1.472569118676596f,-0.7152894736560749f,1.311028451263273f,-0.3268200894748966f,-0.6581321782420833f,-1.341935519236331f,-0.732430079652752f,-0.0011147471118488608f,0.01091266547044184f,0f,0f,0f,1f],start_interpolation:0}
execute if entity @s[tag=aj.mech_torso.bone.barrel_right] run data modify entity @s {} merge value {transformation:[-2.2420784765921757f,0.4298867418782352f,-0.2364952164635011f,-1.6743384688490186f,0.4906422296975602f,1.9681957848988356f,-1.0738361365657971f,-1.5830018733485518f,0.0016735262798106107f,-1.0995686585722906f,-2.0145953583402347f,-0.07122524956461834f,0f,0f,0f,1f],start_interpolation:0}
execute if entity @s[tag=aj.mech_torso.bone.blaster_right] run data modify entity @s {} merge value {transformation:[-0.976882694274308f,0.18730339862015513f,-0.10304192589770517f,-1.6691186461284526f,0.2137748113082168f,0.8575508936394116f,-0.4678747640858426f,-0.3839763701195915f,0.0007291621940214624f,-0.47908652838875143f,-0.8777673761532204f,-0.17037496440539696f,0f,0f,0f,1f],start_interpolation:0}
execute if entity @s[tag=aj.mech_torso.bone.rocket_right] run data modify entity @s {} merge value {transformation:[-2.2510263150372722f,0.4316023629665131f,-0.23743903757058832f,-1.1850484726380441f,0.4926003178963055f,1.9760505937717003f,-1.078121674457005f,-0.07128911314921393f,0.0016802051016902666f,-1.1039568915529447f,-2.0226353417693916f,-0.4650749117506702f,0f,0f,0f,1f],start_interpolation:0}
execute if entity @s[tag=aj.mech_torso.bone.sword_right] run data modify entity @s {} merge value {transformation:[-2.6024627135436464f,0.4989853069216933f,-0.2745086709512383f,-1.339807886088747f,0.5695064297743028f,2.2845570289485853f,-1.2464409854716156f,-0.05249957290980806f,0.0019425233277125537f,-1.276309667476506f,-2.33841471549536f,0.9769592657476481f,0f,0f,0f,1f],start_interpolation:0}
execute if entity @s[tag=aj.mech_torso.bone.right_hand] run data modify entity @s {} merge value {transformation:[-0.976882694274308f,0.18730339862015513f,-0.10304192589770517f,-1.516480725148092f,0.2137748113082168f,0.8575508936394116f,-0.4678747640858426f,-0.4173786843865004f,0.0007291621940214624f,-0.47908652838875143f,-0.8777673761532204f,-0.17048889599821282f,0f,0f,0f,1f],start_interpolation:0}
execute if entity @s[tag=aj.mech_torso.bone.right_arm_low] run data modify entity @s {} merge value {transformation:[-0.976882694274308f,0.18730339862015513f,-0.10304192589770517f,-1.271342218320096f,0.2137748113082168f,0.8575508936394116f,-0.4678747640858426f,0.41219019716846517f,0.0007291621940214624f,-0.47908652838875143f,-0.8777673761532204f,-0.6770512275288787f,0f,0f,0f,1f],start_interpolation:0}
execute if entity @s[tag=aj.mech_torso.bone.right_arm] run data modify entity @s {} merge value {transformation:[-1.0811103792709935f,0.22361580407379983f,0.07725476383359518f,-1.0135f,0.23658333665507092f,1.0206083777839534f,0.3565933854523779f,1.443f,0.0008069595466774208f,0.36486502970230345f,-1.0448180882099312f,-0.30617375000000013f,0f,0f,0f,1f],start_interpolation:0}