execute if entity @s[tag=aj.mech_torso.bone.drillhead_right1] run data modify entity @s {} merge value {transformation:[-0.10250297432269623f,-0.009553742540142303f,0.9946868181787056f,-1.1395964180308236f,-0.9699746073026195f,0.22266782401275143f,-0.09781769439909845f,-0.17176611798761485f,-0.22055022430986035f,-0.9748475604692781f,-0.03209100191591456f,1.967141556158294f,0f,0f,0f,1f],start_interpolation:0}
execute if entity @s[tag=aj.mech_torso.bone.drillhead_right2] run data modify entity @s {} merge value {transformation:[-0.879744602532642f,-0.009553742540142303f,-0.47535056570720613f,-1.300136953995747f,0.4615649778023176f,0.22266782401275143f,-0.8587064757038767f,0.11433221304180524f,0.11404913669568179f,-0.9748475604692781f,-0.1914811433694364f,2.034063461097422f,0f,0f,0f,1f],start_interpolation:0}
execute if entity @s[tag=aj.mech_torso.bone.drillhead_right3] run data modify entity @s {} merge value {transformation:[0.958196982615522f,-0.009553742540142303f,-0.2859497657106681f,-0.9226934455267435f,0.2808214462567756f,0.22266782401275143f,0.9335728977812496f,0.07734175241737065f,0.05475269699989388f,-0.9748475604692781f,0.2160425328918701f,2.021915322290846f,0f,0f,0f,1f],start_interpolation:0}
execute if entity @s[tag=aj.mech_torso.bone.drill_right] run data modify entity @s {} merge value {transformation:[-0.15670710236898225f,-0.014605813344808313f,1.520682595518537f,-1.1234463796171938f,-1.4829024336733676f,0.34041577546807444f,-0.14954422104318638f,0.14353583299490416f,-0.33717837757196284f,-1.4903522308697184f,-0.04906089755531056f,1.508843164600854f,0f,0f,0f,1f],start_interpolation:0}
execute if entity @s[tag=aj.mech_torso.bone.barrel_right] run data modify entity @s {} merge value {transformation:[-2.2829413593462657f,-0.021927136846321624f,-0.2352582493912662f,-1.111300652190541f,0.22450489554941966f,0.5110529018220263f,-2.2262234786436705f,-0.5393815587441633f,0.07365320842478405f,-2.237407568070624f,-0.506192722863265f,2.0009818873127942f,0f,0f,0f,1f],start_interpolation:0}
execute if entity @s[tag=aj.mech_torso.bone.blaster_right] run data modify entity @s {} merge value {transformation:[-0.9946868181787056f,-0.009553742540142303f,-0.102502974322696f,-0.8231338247507167f,0.09781769439909822f,0.22266782401275143f,-0.9699746073026195f,0.13605311122711478f,0.03209100191591451f,-0.9748475604692781f,-0.22055022430986035f,1.0479509559890723f,0f,0f,0f,1f],start_interpolation:0}
execute if entity @s[tag=aj.mech_torso.bone.rocket_right] run data modify entity @s {} merge value {transformation:[-2.2920522761479414f,-0.022014645147263267f,-0.23619713392648944f,-0.92756902112021f,0.22540086487274272f,0.513092446311723f,-2.2351080418904763f,0.1959340191269922f,0.07394714863108302f,-2.2463367655380386f,-0.5082128710220165f,0.5497513181646839f,0f,0f,0f,1f],start_interpolation:0}
execute if entity @s[tag=aj.mech_torso.bone.sword_right] run data modify entity @s {} merge value {transformation:[-2.6498937601576174f,-0.025451631891161872f,-0.2730728779060878f,-0.9472537703402529f,0.260591065734427f,0.5931978454481305f,-2.5840592359601984f,1.275343900617594f,0.08549198016908886f,-2.5970410187222464f,-0.5875564574889763f,1.5183858779114718f,0f,0f,0f,1f],start_interpolation:0}
execute if entity @s[tag=aj.mech_torso.bone.right_hand] run data modify entity @s {} merge value {transformation:[-0.9946868181787056f,-0.009553742540142303f,-0.102502974322696f,-1.1650574184996467f,0.09781769439909822f,0.22266782401275143f,-0.9699746073026195f,0.16967794367680478f,0.03209100191591451f,-0.9748475604692781f,-0.22055022430986035f,1.0589822378976679f,0f,0f,0f,1f],start_interpolation:0}
execute if entity @s[tag=aj.mech_torso.bone.right_arm_low] run data modify entity @s {} merge value {transformation:[-0.9946868181787056f,-0.009553742540142303f,-0.102502974322696f,-1.1156464528512042f,0.09781769439909822f,0.22266782401275143f,-0.9699746073026195f,0.3559204553114057f,0.03209100191591451f,-0.9748475604692781f,-0.22055022430986035f,0.07523679529896202f,0f,0f,0f,1f],start_interpolation:0}
execute if entity @s[tag=aj.mech_torso.bone.right_arm] run data modify entity @s {} merge value {transformation:[-1.1008140993386009f,0.09745055962529307f,-0.05902275544304991f,-0.9855f,0.10825427178826469f,1.0733815386396206f,-0.2467895129077841f,1.444f,0.035514924622831415f,-0.25125174520863736f,-1.0772108564216556f,-0.1811737500000001f,0f,0f,0f,1f],start_interpolation:0}