execute if entity @s[tag=aj.mech_torso.bone.drillhead_right1] run data modify entity @s {} merge value {transformation:[-0.13316996256155744f,0.0649563702232442f,0.9889623001099558f,-1.2462204030290962f,-0.8257699580211874f,0.5445242720262768f,-0.14696017693218705f,-0.7624754968542007f,-0.5480599761896866f,-0.8362260383064343f,-0.01887525780714152f,1.3958601733401155f,0f,0f,0f,1f],start_interpolation:0}
execute if entity @s[tag=aj.mech_torso.bone.drillhead_right2] run data modify entity @s {} merge value {transformation:[-0.8627200891358856f,0.0649563702232442f,-0.5014924902416692f,-1.3972159878696226f,0.45178198144140913f,0.5445242720262768f,-0.7066727378490892f,-0.5068222637783273f,0.22717193718909062f,-0.8362260383064343f,-0.49911814614586175f,1.5506045362194358f,0f,0f,0f,1f],start_interpolation:0}
execute if entity @s[tag=aj.mech_torso.bone.drillhead_right3] run data modify entity @s {} merge value {transformation:[0.9646439658578602f,0.0649563702232442f,-0.25542648472983465f,-1.0219406396063924f,0.18023498231763915f,0.5445242720262768f,0.8191511877078698f,-0.5624784017200395f,0.19229500847130676f,-0.8362260383064343f,0.5135646430346875f,1.5435136382236376f,0f,0f,0f,1f],start_interpolation:0}
execute if entity @s[tag=aj.mech_torso.bone.drill_right] run data modify entity @s {} merge value {transformation:[-0.20359096010140623f,0.09930565064430111f,1.511930921287226f,-1.1762640776496769f,-1.2624415847433972f,0.8324716565802456f,-0.2246735145282193f,-0.2463074562551102f,-0.8378770602569973f,-1.2784268969205843f,-0.028856596376537744f,0.9284769879632389f,0f,0f,0f,1f],start_interpolation:0}
execute if entity @s[tag=aj.mech_torso.bone.barrel_right] run data modify entity @s {} merge value {transformation:[-2.2698028127981136f,0.14908369290263412f,-0.3056431529986885f,-1.2970155308274376f,0.33729356815006883f,1.2497571688472557f,-1.8952542207445897f,-1.111465906558761f,0.043321280556574984f,-1.9192523452834702f,-1.2578720901687632f,1.3023237521665485f,0f,0f,0f,1f],start_interpolation:0}
execute if entity @s[tag=aj.mech_torso.bone.blaster_right] run data modify entity @s {} merge value {transformation:[-0.9889623001099558f,0.0649563702232442f,-0.13316996256155722f,-1.4122652907986541f,0.14696017693218685f,0.5445242720262768f,-0.8257699580211874f,-0.0964363148443589f,0.0188752578071414f,-0.8362260383064343f,-0.5480599761896866f,0.6667511830083332f,0f,0f,0f,1f],start_interpolation:0}
execute if entity @s[tag=aj.mech_torso.bone.rocket_right] run data modify entity @s {} merge value {transformation:[-2.2788612953994956f,0.14967866618872475f,-0.3068629343682679f,-0.9863442939274599f,0.3386396621373606f,1.254744784293903f,-1.9028179294892478f,0.0645126269137544f,0.04349417005339764f,-1.9269118273668409f,-1.2628920911923374f,0.20671634185910948f,0f,0f,0f,1f],start_interpolation:0}
execute if entity @s[tag=aj.mech_torso.bone.sword_right] run data modify entity @s {} merge value {transformation:[-2.6346433673374277f,0.1730469098326167f,-0.35477121681217894f,-1.0189718902960867f,0.3915090144225642f,1.4506389793511496f,-2.199891080383081f,0.7436018426828432f,0.050284599102352036f,-2.2277465836401924f,-1.4600582661348411f,1.4879420709672142f,0f,0f,0f,1f],start_interpolation:0}
execute if entity @s[tag=aj.mech_torso.bone.right_hand] run data modify entity @s {} merge value {transformation:[-0.9889623001099558f,0.0649563702232442f,-0.13316996256155722f,-1.2577399314064737f,0.14696017693218685f,0.5445242720262768f,-0.8257699580211874f,-0.11939884249001309f,0.0188752578071414f,-0.8362260383064343f,-0.5480599761896866f,0.6638019239759674f,0f,0f,0f,1f],start_interpolation:0}
execute if entity @s[tag=aj.mech_torso.bone.right_arm_low] run data modify entity @s {} merge value {transformation:[-0.9889623001099558f,0.0649563702232442f,-0.13316996256155722f,-1.135134978756406f,0.14696017693218685f,0.5445242720262768f,-0.8257699580211874f,0.39013510728984f,0.0188752578071414f,-0.8362260383064343f,-0.5480599761896866f,-0.19073069219934102f,0f,0f,0f,1f],start_interpolation:0}
execute if entity @s[tag=aj.mech_torso.bone.right_arm] run data modify entity @s {} merge value {transformation:[-1.0944788085849375f,0.16284872535805253f,-0.01919397670575912f,-0.9386875f,0.16263997054315243f,1.0946015883006819f,0.012945323687533341f,1.49825f,0.020889137709492845f,0.009981686876980235f,-1.1064519819616536f,-0.18117375000000008f,0f,0f,0f,1f],start_interpolation:0}