execute if entity @s[tag=aj.mech_torso.bone.drillhead_right1] run data modify entity @s {} merge value {transformation:[-0.12467981650121443f,0.14264928199586024f,0.9818890597737043f,-1.5385015269041205f,-0.6162696023311233f,0.7644427155332582f,-0.18931220750595418f,-1.17283726608543f,-0.7776031896795838f,-0.6287117916933034f,-0.007400161209967643f,0.6106637320835646f,0f,0f,0f,1f],start_interpolation:0}
execute if entity @s[tag=aj.mech_torso.bone.drillhead_right2] run data modify entity @s {} merge value {transformation:[-0.8594343053963427f,0.14264928199586024f,-0.490941806178667f,-1.6904961479471714f,0.41073784045162387f,0.7644427155332582f,-0.4969122267456042f,-0.9669274300120687f,0.3044127151237982f,-0.6287117916933034f,-0.715579752268574f,0.8265406290610482f,0f,0f,0f,1f],start_interpolation:0}
execute if entity @s[tag=aj.mech_torso.bone.drillhead_right3] run data modify entity @s {} merge value {transformation:[0.9548601056470112f,0.14264928199586024f,-0.260563545013197f,-1.3179058179238683f,0.06093449291306255f,0.7644427155332582f,0.6418055174595855f,-1.0386811221811216f,0.29073900016545207f,-0.6287117916933034f,0.7212435904523448f,0.823833754055189f,0f,0f,0f,1f],start_interpolation:0}
execute if entity @s[tag=aj.mech_torso.bone.drill_right] run data modify entity @s {} merge value {transformation:[-0.19061117881606268f,0.21808299499888195f,1.5011173131477797f,-1.4175283007812491f,-0.9421563061708339f,1.168684164238621f,-0.28942152827622675f,-0.5455808345864879f,-1.1888039683994251f,-0.9611779926629272f,-0.011313406542005086f,0.3248574633031744f,0f,0f,0f,1f],start_interpolation:0}
execute if entity @s[tag=aj.mech_torso.bone.barrel_right] run data modify entity @s {} merge value {transformation:[-2.2535687654446037f,0.3273994787079703f,-0.28615711454536136f,-1.595320855189835f,0.43449723113435074f,1.7544998689510205f,-1.4144224473042444f,-1.4747312008797127f,0.016984375165439696f,-1.4429789619545028f,-1.7847049447479093f,0.41380050741386865f,0f,0f,0f,1f],start_interpolation:0}
execute if entity @s[tag=aj.mech_torso.bone.blaster_right] run data modify entity @s {} merge value {transformation:[-0.9818890597737043f,0.14264928199586024f,-0.12467981650121421f,-1.6291704577568527f,0.18931220750595404f,0.7644427155332582f,-0.6162696023311233f,-0.31168592706993187f,0.00740016120996747f,-0.6287117916933034f,-0.7776031896795838f,0.1076960066784331f,0f,0f,0f,1f],start_interpolation:0}
execute if entity @s[tag=aj.mech_torso.bone.rocket_right] run data modify entity @s {} merge value {transformation:[-2.2625624601116896f,0.3287060866938516f,-0.28729912971458893f,-1.166745874757181f,0.43623125207501884f,1.7615018457075073f,-1.4200672200825968f,-0.04488950374829187f,0.017052157558722497f,-1.4487377000031672f,-1.7918274659640454f,-0.2582664040147419f,0f,0f,0f,1f],start_interpolation:0}
execute if entity @s[tag=aj.mech_torso.bone.sword_right] run data modify entity @s {} merge value {transformation:[-2.615799913208371f,0.3800245819522682f,-0.3321530573503656f,-1.2636291780990996f,0.5043368708858911f,2.036512342245184f,-1.6417720069742252f,0.22237303312679446f,0.019714387137811824f,-1.674918600807559f,-2.071572481460579f,1.1640382236455624f,0f,0f,0f,1f],start_interpolation:0}
execute if entity @s[tag=aj.mech_torso.bone.right_hand] run data modify entity @s {} merge value {transformation:[-0.9818890597737043f,0.14264928199586024f,-0.12467981650121421f,-1.4757502921672114f,0.18931220750595404f,0.7644427155332582f,-0.6162696023311233f,-0.3412659594927372f,0.00740016120996747f,-0.6287117916933034f,-0.7776031896795838f,0.10653973148937568f,0f,0f,0f,1f],start_interpolation:0}
execute if entity @s[tag=aj.mech_torso.bone.right_arm_low] run data modify entity @s {} merge value {transformation:[-0.9818890597737043f,0.14264928199586024f,-0.12467981650121421f,-1.2756291882011577f,0.18931220750595404f,0.7644427155332582f,-0.6162696023311233f,0.3920863179985512f,0.00740016120996747f,-0.6287117916933034f,-0.7776031896795838f,-0.5469346699570377f,0f,0f,0f,1f],start_interpolation:0}
execute if entity @s[tag=aj.mech_torso.bone.right_arm] run data modify entity @s {} merge value {transformation:[-1.0866508947653766f,0.2063752510995529f,0.03702792423605179f,-1.03515625f,0.2095107157256289f,1.061121424098438f,0.23430442131864587f,1.46484375f,0.008189715243463942f,0.23707078602587722f,-1.0809728717740013f,-0.30617375000000013f,0f,0f,0f,1f],start_interpolation:0}