execute if entity @s[tag=aj.mech_torso.bone.drillhead_right1] run data modify entity @s {} merge value {transformation:[-0.13060269629011126f,0.05056684546719961f,0.9901443984900633f,-1.3891543386065022f,-0.8584148290952167f,0.49391811946336195f,-0.13845169719149783f,-0.6612674369149656f,-0.4960513248759477f,-0.8680367995685854f,-0.021099708138845954f,1.5103228842921625f,0f,0f,0f,1f],start_interpolation:0}
execute if entity @s[tag=aj.mech_torso.bone.drillhead_right2] run data modify entity @s {} merge value {transformation:[-0.8647946559032339f,0.05056684546719961f,-0.49957301494446626f,-1.5410823926243038f,0.4564138224679248f,0.49391811946336195f,-0.7400887203072305f,-0.39822544568120843f,0.20932421212421953f,-0.8680367995685854f,-0.4502171573955199f,1.651144890088665f,0f,0f,0f,1f],start_interpolation:0}
execute if entity @s[tag=aj.mech_torso.bone.drillhead_right3] run data modify entity @s {} merge value {transformation:[0.9647536320881042f,0.05056684546719961f,-0.2582506989580231f,-1.165358835308226f,0.20058844391457425f,0.49391811946336195f,0.8460550617032595f,-0.4506488290588755f,0.17033703514133636f,-0.8680367995685854f,0.4663661748604702f,1.6432031716315194f,0f,0f,0f,1f],start_interpolation:0}
execute if entity @s[tag=aj.mech_torso.bone.drill_right] run data modify entity @s {} merge value {transformation:[-0.19966610951959365f,0.07730686725400104f,1.5137381196937674f,-1.3361320602023559f,-1.3123492404677584f,0.7551046964254016f,-0.211665704613055f,-0.22880118446040784f,-0.7583659524150252f,-1.327059361046451f,-0.03225734809275345f,1.164092992140972f,0f,0f,0f,1f],start_interpolation:0}
execute if entity @s[tag=aj.mech_torso.bone.barrel_right] run data modify entity @s {} merge value {transformation:[-2.2725158891488237f,0.11605777901039908f,-0.2997509281853843f,-1.3777941595571017f,0.31776545141002227f,1.1336091747129762f,-1.9701786341211414f,-1.024045199864866f,0.048426696222340075f,-1.992262363341845f,-1.1385051708952625f,1.4371780163874548f,0f,0f,0f,1f],start_interpolation:0}
execute if entity @s[tag=aj.mech_torso.bone.blaster_right] run data modify entity @s {} merge value {transformation:[-0.9901443984900633f,0.05056684546719961f,-0.13060269629011104f,-1.0127027074888115f,0.13845169719149764f,0.49391811946336195f,-0.8584148290952167f,-0.11969463407231956f,0.021099708138845843f,-0.8680367995685854f,-0.4960513248759477f,0.7326367786496829f,0f,0f,0f,1f],start_interpolation:0}
execute if entity @s[tag=aj.mech_torso.bone.rocket_right] run data modify entity @s {} merge value {transformation:[-2.2815851992788265f,0.11652095024535968f,-0.3009471944656115f,-1.0884079906317872f,0.3190336112680892f,1.1381332588880442f,-1.9780413562828079f,0.08659334545261327f,0.04861996075734684f,-2.0002132187438932f,-1.143048794343074f,0.2695932686986603f,0f,0f,0f,1f],start_interpolation:0}
execute if entity @s[tag=aj.mech_torso.bone.sword_right] run data modify entity @s {} merge value {transformation:[-2.637792534556789f,0.13471252038881737f,-0.34793189538050984f,-1.114325104486706f,0.36884201315018067f,1.3158217429595038f,-2.2868585947597304f,0.8410536615563857f,0.05621064230111204f,-2.312491989162691f,-1.3215047052835605f,1.508093985929495f,0f,0f,0f,1f],start_interpolation:0}
execute if entity @s[tag=aj.mech_torso.bone.right_hand] run data modify entity @s {} merge value {transformation:[-0.9901443984900633f,0.05056684546719961f,-0.13060269629011104f,-1.3530648444697708f,0.13845169719149764f,0.49391811946336195f,-0.8584148290952167f,-0.07210186316274225f,0.021099708138845843f,-0.8680367995685854f,-0.4960513248759477f,0.7398898033224112f,0f,0f,0f,1f],start_interpolation:0}
execute if entity @s[tag=aj.mech_torso.bone.right_arm_low] run data modify entity @s {} merge value {transformation:[-0.9901443984900633f,0.05056684546719961f,-0.13060269629011104f,-1.2446953083560082f,0.13845169719149764f,0.49391811946336195f,-0.8584148290952167f,0.3863375618169256f,0.021099708138845843f,-0.8680367995685854f,-0.4960513248759477f,-0.14496733190722544f,0f,0f,0f,1f],start_interpolation:0}
execute if entity @s[tag=aj.mech_torso.bone.right_arm] run data modify entity @s {} merge value {transformation:[-1.0957870299666286f,0.1524503637310786f,-0.02795800581594905f,-1.05878125f,0.15322368564693017f,1.0955857153319206f,-0.03140734072541727f,1.49571875f,0.023350923915629887f,-0.03496863584604867f,-1.1058950706976594f,-0.1811737500000001f,0f,0f,0f,1f],start_interpolation:0}