execute if entity @s[tag=aj.mech_torso.bone.drillhead_right1] run data modify entity @s {} merge value {transformation:[-0.11747672873801436f,0.16088654568750194f,0.9799564978210811f,-1.6355160420825423f,-0.5585901020013451f,0.8051795552064099f,-0.1991556723363276f,-1.2283069708261716f,-0.8210824052134731f,-0.5707901569704501f,-0.004720228226152739f,0.565399133761783f,0f,0f,0f,1f],start_interpolation:0}
execute if entity @s[tag=aj.mech_torso.bone.drillhead_right2] run data modify entity @s {} merge value {transformation:[-0.8604053533118523f,0.16088654568750194f,-0.48354746138207594f,-1.7891305201496528f,0.3977590269740977f,0.8051795552064099f,-0.4398563860377917f,-1.0364373332415624f,0.3185755553286f,-0.5707901569704501f,-0.7567748755427358f,0.7927594081452518f,0f,0f,0f,1f],start_interpolation:0}
execute if entity @s[tag=aj.mech_torso.bone.drillhead_right3] run data modify entity @s {} merge value {transformation:[0.9503181488648242f,0.16088654568750194f,-0.26647877092721206f,-1.4172744299135747f,0.029767328063982995f,0.8051795552064099f,0.5922835385670777f,-1.1119335895625504f,0.30985371083475083f,-0.5707901569704501f,0.7603875818209972f,0.7910750759583718f,0f,0f,0f,1f],start_interpolation:0}
execute if entity @s[tag=aj.mech_torso.bone.drill_right] run data modify entity @s {} merge value {transformation:[-0.17959905922695701f,0.2459642225158421f,1.4981628019665654f,-1.5281864978187134f,-0.8539755736360422f,1.230962865388817f,-0.30447027062766946f,-0.6968565056451295f,-1.2552752286200526f,-0.872627083756441f,-0.007216310480045199f,0.4398828729616227f,0f,0f,0f,1f],start_interpolation:0}
execute if entity @s[tag=aj.mech_torso.bone.barrel_right] run data modify entity @s {} merge value {transformation:[-2.249133273257002f,0.3692564761086062f,-0.26962504970939605f,-1.6329530225905085f,0.45708931999069735f,1.8479964494216266f,-1.282040159248609f,-1.5269378340137927f,0.010833564943354171f,-1.3100409425768382f,-1.8844956503249624f,0.3465385179747815f,0f,0f,0f,1f],start_interpolation:0}
execute if entity @s[tag=aj.mech_torso.bone.blaster_right] run data modify entity @s {} merge value {transformation:[-0.9799564978210811f,0.16088654568750194f,-0.11747672873801414f,-1.1578668459102746f,0.1991556723363275f,0.8051795552064099f,-0.5585901020013451f,-0.4449637297325f,0.004720228226152557f,-0.5707901569704501f,-0.8210824052134731f,0.12038540106556239f,0f,0f,0f,1f],start_interpolation:0}
execute if entity @s[tag=aj.mech_torso.bone.rocket_right] run data modify entity @s {} merge value {transformation:[-2.2581092664618354f,0.370730129831043f,-0.27070108759599926f,-1.1766367902833756f,0.45891350296776795f,1.8553715586558357f,-1.2871566118370652f,-0.05861498922284836f,0.010876800267143967f,-1.3152691425854555f,-1.8920164230390488f,-0.2158848063493029f,0f,0f,0f,1f],start_interpolation:0}
execute if entity @s[tag=aj.mech_torso.bone.sword_right] run data modify entity @s {} merge value {transformation:[-2.6106514747594214f,0.42860953389454676f,-0.31296368339995867f,-1.295118211694445f,0.5305603369614728f,2.1450372520817114f,-1.4881110302531801f,0.1089214412386087f,0.012574916138834677f,-1.5206125663601995f,-2.187403213138278f,1.219963301632844f,0f,0f,0f,1f],start_interpolation:0}
execute if entity @s[tag=aj.mech_torso.bone.right_hand] run data modify entity @s {} merge value {transformation:[-0.9799564978210811f,0.16088654568750194f,-0.11747672873801414f,-1.494726892036271f,0.1991556723363275f,0.8051795552064099f,-0.5585901020013451f,-0.3765039673668874f,0.004720228226152557f,-0.5707901569704501f,-0.8210824052134731f,0.12200797951830233f,0f,0f,0f,1f],start_interpolation:0}
execute if entity @s[tag=aj.mech_torso.bone.right_arm_low] run data modify entity @s {} merge value {transformation:[-0.9799564978210811f,0.16088654568750194f,-0.11747672873801414f,-1.2762642130080146f,0.1991556723363275f,0.8051795552064099f,-0.5585901020013451f,0.39877241763095994f,0.004720228226152557f,-0.5707901569704501f,-0.8210824052134731f,-0.4747360168792034f,0f,0f,0f,1f],start_interpolation:0}
execute if entity @s[tag=aj.mech_torso.bone.right_arm] run data modify entity @s {} merge value {transformation:[-1.0845121397256865f,0.2140991572992293f,0.05260178861408486f,-1.028f,0.2204044208331917f,1.046638740872258f,0.2841499884155335f,1.4565000000000001f,0.005223849043218382f,0.2889305720811184f,-1.068299496607613f,-0.1811737500000001f,0f,0f,0f,1f],start_interpolation:0}