execute if entity @s[tag=aj.mech_torso.bone.drillhead_right1] run data modify entity @s {} merge value {transformation:[-0.13013559601995422f,0.12307961821933643f,0.983827288820306f,-1.4980308926742678f,-0.6742907307679086f,0.7164866964356066f,-0.17882624033197994f,-1.0886497599318083f,-0.7269090294177197f,-0.686657280897664f,-0.01024897756926413f,0.785908060348333f,0f,0f,0f,1f],start_interpolation:0}
execute if entity @s[tag=aj.mech_torso.bone.drillhead_right2] run data modify entity @s {} merge value {transformation:[-0.8591371591093583f,0.12307961821933643f,-0.49672401735418825f,-1.6488886607876876f,0.4232537945808886f,0.7164866964356066f,-0.5545295656713628f,-0.8687274604773748f,0.28764486300015946f,-0.686657280897664f,-0.6676542603622373f,0.9883436700342731f,0f,0f,0f,1f],start_interpolation:0}
execute if entity @s[tag=aj.mech_torso.bone.drillhead_right3] run data modify entity @s {} merge value {transformation:[0.9587386322249439f,0.12307961821933643f,-0.2562647901262023f,-1.275562167769673f,0.09282598794356728f,0.7164866964356066f,0.6913972445657358f,-0.9364947489779435f,0.2687072217893386f,-0.686657280897664f,0.675498488191115f,0.9845492321031062f,0f,0f,0f,1f],start_interpolation:0}
execute if entity @s[tag=aj.mech_torso.bone.drill_right] run data modify entity @s {} merge value {transformation:[-0.19895200409645114f,0.18816478701498687f,1.504080488212965f,-1.3893126051113809f,-1.0308593216061037f,1.095368742480361f,-0.2733905248616661f,-0.48340166115256944f,-1.1113024615977194f,-1.0497653704299537f,-0.015668692423186168f,0.45180411178884483f,0f,0f,0f,1f],start_interpolation:0}
execute if entity @s[tag=aj.mech_torso.bone.barrel_right] run data modify entity @s {} merge value {transformation:[-2.258017264382667f,0.2824844421281852f,-0.2986788696175871f,-1.5544808493865392f,0.41043051212620535f,1.6444342910959828f,-1.547588818269946f,-1.4050813627505125f,0.0235227956742473f,-1.5759717306074605f,-1.6683549609901624f,0.6132582521105758f,0f,0f,0f,1f],start_interpolation:0}
execute if entity @s[tag=aj.mech_torso.bone.blaster_right] run data modify entity @s {} merge value {transformation:[-0.983827288820306f,0.12307961821933643f,-0.130135596019954f,-1.6072992065827065f,0.1788262403319798f,0.7164866964356066f,-0.6742907307679086f,-0.2687729971968351f,0.010248977569263969f,-0.686657280897664f,-0.7269090294177197f,0.22142462745397246f,0f,0f,0f,1f],start_interpolation:0}
execute if entity @s[tag=aj.mech_torso.bone.rocket_right] run data modify entity @s {} merge value {transformation:[-2.267028712420224f,0.2836118001479001f,-0.2998708574539649f,-1.154213036141036f,0.41206848597671286f,1.6509970106992096f,-1.553765040409309f,-0.025320979786892905f,0.023616672038374437f,-1.582261225193283f,-1.6750131448208667f,-0.17149947447098052f,0f,0f,0f,1f],start_interpolation:0}
execute if entity @s[tag=aj.mech_torso.bone.sword_right] run data modify entity @s {} merge value {transformation:[-2.6209634490695883f,0.3278900517845262f,-0.34668751768429845f,-1.230760641187855f,0.47640174751267694f,1.9087551894947838f,-1.7963430974843624f,0.34707762646687434f,0.027303771611768397f,-1.8292881847466205f,-1.9365207883052273f,1.228224010424916f,0f,0f,0f,1f],start_interpolation:0}
execute if entity @s[tag=aj.mech_torso.bone.right_hand] run data modify entity @s {} merge value {transformation:[-0.983827288820306f,0.12307961821933643f,-0.130135596019954f,-1.4535761927045336f,0.1788262403319798f,0.7164866964356066f,-0.6742907307679086f,-0.29671459724870697f,0.010248977569263969f,-0.686657280897664f,-0.7269090294177197f,0.21982322470877497f,0f,0f,0f,1f],start_interpolation:0}
execute if entity @s[tag=aj.mech_torso.bone.right_arm_low] run data modify entity @s {} merge value {transformation:[-0.983827288820306f,0.12307961821933643f,-0.130135596019954f,-1.2730741063095516f,0.1788262403319798f,0.7164866964356066f,-0.6742907307679086f,0.3875238738296538f,0.010248977569263969f,-0.686657280897664f,-0.7269090294177197f,-0.4901905244562717f,0f,0f,0f,1f],start_interpolation:0}
execute if entity @s[tag=aj.mech_torso.bone.right_arm] run data modify entity @s {} merge value {transformation:[-1.0887959215449146f,0.1970697715308582f,0.02142253276257375f,-1.042f,0.19790595702233346f,1.0738026712257194f,0.1804245936052293f,1.4735f,0.011342483690201948f,0.181337549755458f,-1.0916776170859475f,-0.30617375000000013f,0f,0f,0f,1f],start_interpolation:0}