execute if entity @s[tag=aj.mech_torso.bone.drillhead_right1] run data modify entity @s {} merge value {transformation:[-0.12949089709058104f,0.12604401510743565f,0.9835369915901857f,-1.4103768734999447f,-0.6658678128785552f,0.7239208208294088f,-0.18044029744490125f,-1.0876569741482465f,-0.7347463258451898f,-0.6782710014627424f,-0.009812503845730165f,0.8851774257095901f,0f,0f,0f,1f],start_interpolation:0}
execute if entity @s[tag=aj.mech_torso.bone.drillhead_right2] run data modify entity @s {} merge value {transformation:[-0.8591156750392401f,0.12604401510743565f,-0.4960173012682799f,-1.5613573528322282f,0.4215216777833938f,0.7239208208294088f,-0.5461301313133601f,-0.869751434139886f,0.29024081735783436f,-0.6782710014627424f,-0.6750620093844599f,1.0896918031031244f,0f,0f,0f,1f],start_interpolation:0}
execute if entity @s[tag=aj.mech_torso.bone.drillhead_right3] run data modify entity @s {} merge value {transformation:[0.9582237169565564f,0.12604401510743565f,-0.2567493223312536f,-1.1881410958204288f,0.08811148248420794f,0.7239208208294088f,0.6842331560397451f,-0.938132265538564f,0.2721096744263176f,-0.6782710014627424f,0.6825721746880193f,1.0860640023381114f,0f,0f,0f,1f],start_interpolation:0}
execute if entity @s[tag=aj.mech_torso.bone.drill_right] run data modify entity @s {} merge value {transformation:[-0.1979663848811062f,0.1926967730346628f,1.5036366802351138f,-1.299769607138511f,-1.0179823191127217f,1.1067340721217798f,-0.27585810411870954f,-0.47889460176097476f,-1.1232841628280579f,-1.0369443810041652f,-0.015001409030414773f,0.5581532948522436f,0f,0f,0f,1f],start_interpolation:0}
execute if entity @s[tag=aj.mech_torso.bone.barrel_right] run data modify entity @s {} merge value {transformation:[-2.257350992807501f,0.2892881356502836f,-0.29719919800307115f,-1.4669456932540956f,0.4141349924431177f,1.661496616381656f,-1.528257077600867f,-1.4020327804779424f,0.022521029191056068f,-1.556724080168026f,-1.686342620857305f,0.7088500761975495f,0f,0f,0f,1f],start_interpolation:0}
execute if entity @s[tag=aj.mech_torso.bone.blaster_right] run data modify entity @s {} merge value {transformation:[-0.9835369915901857f,0.12604401510743565f,-0.12949089709058081f,-1.5168052736501267f,0.18044029744490112f,0.7239208208294088f,-0.6658678128785552f,-0.26131137528839943f,0.009812503845730002f,-0.6782710014627424f,-0.7347463258451898f,0.3296551818742882f,0f,0f,0f,1f],start_interpolation:0}
execute if entity @s[tag=aj.mech_torso.bone.rocket_right] run data modify entity @s {} merge value {transformation:[-2.266359781843387f,0.29044264631032807f,-0.2983852806658804f,-1.0623145443310573f,0.4157877503842557f,1.6681274294667778f,-1.5343561493219124f,-0.014271574015595812f,0.022610907637739684f,-1.5629367599285073f,-1.6930725910577442f,-0.05938829390973516f,0f,0f,0f,1f],start_interpolation:0}
execute if entity @s[tag=aj.mech_torso.bone.sword_right] run data modify entity @s {} merge value {transformation:[-2.620190083217515f,0.33578734837360547f,-0.344970008576f,-1.1417143624644654f,0.4807016736742598f,1.9285600561958853f,-1.773904037119427f,0.3425463782714677f,0.02614098451604394f,-1.8069467309951501f,-1.9573997247906685f,1.3442294281760587f,0f,0f,0f,1f],start_interpolation:0}
execute if entity @s[tag=aj.mech_torso.bone.right_hand] run data modify entity @s {} merge value {transformation:[-0.9835369915901857f,0.12604401510743565f,-0.12949089709058081f,-1.3631276187141603f,0.18044029744490112f,0.7239208208294088f,-0.6658678128785552f,-0.28950517176416524f,0.009812503845730002f,-0.6782710014627424f,-0.7347463258451898f,0.3281219781483929f,0f,0f,0f,1f],start_interpolation:0}
execute if entity @s[tag=aj.mech_torso.bone.right_arm_low] run data modify entity @s {} merge value {transformation:[-0.9835369915901857f,0.12604401510743565f,-0.12949089709058081f,-1.1796591321664187f,0.18044029744490112f,0.7239208208294088f,-0.6658678128785552f,0.4023297613224823f,0.009812503845730002f,-0.6782710014627424f,-0.7347463258451898f,-0.37372312748736985f,0f,0f,0f,1f],start_interpolation:0}
execute if entity @s[tag=aj.mech_torso.bone.right_arm] run data modify entity @s {} merge value {transformation:[-1.088474651293741f,0.1985764472461854f,0.023713005378477793f,-0.9470625f,0.19969222461387032f,1.0720757874108446f,0.18854309854833945f,1.4865000000000002f,0.010859440766463627f,0.18971789367513076f,-1.0902573879133952f,-0.1811737500000001f,0f,0f,0f,1f],start_interpolation:0}