execute if entity @s[tag=aj.mech_torso.bone.drillhead_right1] run data modify entity @s {} merge value {transformation:[-0.10609148430137637f,-0.004790442557151935f,0.9943448338573684f,-1.1350609501520368f,-0.9630945862627187f,0.2492691862615688f,-0.10155634245057373f,-0.22090206405523224f,-0.2473730277741971f,-0.9684223894771341f,-0.031058987253681634f,1.804779360526212f,0f,0f,0f,1f],start_interpolation:0}
execute if entity @s[tag=aj.mech_torso.bone.drillhead_right2] run data modify entity @s {} merge value {transformation:[-0.8780553869020009f,-0.004790442557151935f,-0.4785350448948168f,-1.2945468167736678f,0.46238616815004546f,0.2492691862615688f,-0.8509194464131218f,0.0640083479809194f,0.12336032196737985f,-0.9684223894771341f,-0.21665711740790433f,1.8789034155134012f,0f,0f,0f,1f],start_interpolation:0}
execute if entity @s[tag=aj.mech_torso.bone.drillhead_right3] run data modify entity @s {} merge value {transformation:[0.9592542936163164f,-0.004790442557151935f,-0.2825035430552486f,-0.9172326064666573f,0.2747345157764611f,0.2492691862615688f,0.9286473058279818f,0.025598376970547607f,0.06597079671896904f,-0.9684223894771341f,0.24042863710394924f,1.8671503577648045f,0f,0f,0f,1f],start_interpolation:0}
execute if entity @s[tag=aj.mech_torso.bone.drill_right] run data modify entity @s {} merge value {transformation:[-0.16219323586215081f,-0.007323654529604396f,1.5201597680356616f,-1.1171309812828152f,-1.4723842202407866f,0.3810840821647786f,-0.15525988643529207f,0.12027462644859552f,-0.3781852247984263f,-1.480529394653919f,-0.04748314794960944f,1.1940033314920533f,0f,0f,0f,1f],start_interpolation:0}
execute if entity @s[tag=aj.mech_torso.bone.barrel_right] run data modify entity @s {} merge value {transformation:[-2.2821564588759258f,-0.01099471637044437f,-0.24349436723160917f,-1.1684370164856537f,0.2330856006605824f,0.5721066415347675f,-2.2104328958209067f,-0.5833196924799711f,0.07128459459296785f,-2.2226609278912597f,-0.5677547002447216f,1.8305284180399854f,0f,0f,0f,1f],start_interpolation:0}
execute if entity @s[tag=aj.mech_torso.bone.blaster_right] run data modify entity @s {} merge value {transformation:[-0.9943448338573684f,-0.004790442557151935f,-0.10609148430137615f,-1.3729840700530451f,0.10155634245057352f,0.2492691862615688f,-0.9630945862627187f,0.1675649913769044f,0.03105898725368158f,-0.9684223894771341f,-0.2473730277741971f,0.9130030699859045f,0f,0f,0f,1f],start_interpolation:0}
execute if entity @s[tag=aj.mech_torso.bone.rocket_right] run data modify entity @s {} merge value {transformation:[-2.2912642432437123f,-0.01103859482825015f,-0.24446612102302467f,-0.9780574203459012f,0.234015814442287f,0.5743898434187626f,-2.2192544409416626f,0.19074890874572337f,0.07156908197496688f,-2.2315312734695416f,-0.5700205341070383f,0.40071334743964204f,0f,0f,0f,1f],start_interpolation:0}
execute if entity @s[tag=aj.mech_torso.bone.sword_right] run data modify entity @s {} merge value {transformation:[-2.648982697396333f,-0.012761970510309684f,-0.28263284193394067f,-0.9965242740112609f,0.27055100484487965f,0.6640651602114886f,-2.5657305273755524f,1.2433633965286162f,0.08274264322819166f,-2.5799240526492437f,-0.6590137023534702f,1.3984246320167615f,0f,0f,0f,1f],start_interpolation:0}
execute if entity @s[tag=aj.mech_torso.bone.right_hand] run data modify entity @s {} merge value {transformation:[-0.9943448338573684f,-0.004790442557151935f,-0.10609148430137615f,-1.2176176897628312f,0.10155634245057352f,0.2492691862615688f,-0.9630945862627187f,0.15169681286900227f,0.03105898725368158f,-0.9684223894771341f,-0.2473730277741971f,0.9081501032275168f,0f,0f,0f,1f],start_interpolation:0}
execute if entity @s[tag=aj.mech_torso.bone.right_arm_low] run data modify entity @s {} merge value {transformation:[-0.9943448338573684f,-0.004790442557151935f,-0.10609148430137615f,-1.1635769390883157f,0.10155634245057352f,0.2492691862615688f,-0.9630945862627187f,0.36452202190670024f,0.03105898725368158f,-0.9684223894771341f,-0.2473730277741971f,-0.06994388007091615f,0f,0f,0f,1f],start_interpolation:0}
execute if entity @s[tag=aj.mech_torso.bone.right_arm] run data modify entity @s {} merge value {transformation:[-1.1004356272850855f,0.1028031949074684f,-0.056964127769373075f,-1.028f,0.11239181177805209f,1.0773314689798936f,-0.22692942763092555f,1.4565000000000001f,0.03437280001622376f,-0.23143117248216508f,-1.0816792969991629f,-0.30617375000000013f,0f,0f,0f,1f],start_interpolation:0}