execute if entity @s[tag=aj.mech_torso.bone.drillhead_right1] run data modify entity @s {} merge value {transformation:[-0.13330686975915862f,0.10386924742521304f,0.9856167906008575f,-1.518257261464658f,-0.7276843056257659f,0.6648957374897465f,-0.16849097784128725f,-0.983560598603933f,-0.6728334339351469f,-0.7396788747201627f,-0.01305114829247834f,1.0771847299387662f,0f,0f,0f,1f],start_interpolation:0}
execute if entity @s[tag=aj.mech_torso.bone.drillhead_right2] run data modify entity @s {} merge value {transformation:[-0.8595768492583143f,0.10386924742521304f,-0.5003387049374346f,-1.6685800389683523f,0.4341380935954532f,0.6648957374897465f,-0.607813930374479f,-0.7508735631405231f,0.2695398966914823f,-0.7396788747201627f,-0.6166225801770959f,1.2652375580409538f,0f,0f,0f,1f],start_interpolation:0}
execute if entity @s[tag=aj.mech_torso.bone.drillhead_right3] run data modify entity @s {} merge value {transformation:[0.9616055102128759f,0.10386924742521304f,-0.2540197279101657f,-1.294574113944753f,0.1228073619146971f,0.6648957374897465f,0.7367713418201871f,-0.8147122338815013f,0.2454245191251016f,-0.7396788747201627f,0.6266114966268388f,1.2603728171095905f,0f,0f,0f,1f],start_interpolation:0}
execute if entity @s[tag=aj.mech_torso.bone.drill_right] run data modify entity @s {} merge value {transformation:[-0.20380026456667957f,0.15879586808875593f,1.5068162882282068f,-1.4371285075140756f,-1.112487708063993f,1.0164962049929025f,-0.25758991958322325f,-0.48971123822534235f,-1.0286313983144866f,-1.1308250702660896f,-0.019952666203260805f,0.8337828107303016f,0f,0f,0f,1f],start_interpolation:0}
execute if entity @s[tag=aj.mech_torso.bone.barrel_right] run data modify entity @s {} merge value {transformation:[-2.262124414043025f,0.23839403174697255f,-0.3059573736137442f,-1.5142545679576926f,0.38670968083691065f,1.5260260325433108f,-1.6701343251959804f,-1.3226528900615793f,0.029954158112213847f,-1.697663490529923f,-1.544244124089272f,0.9285666725619534f,0f,0f,0f,1f],start_interpolation:0}
execute if entity @s[tag=aj.mech_torso.bone.blaster_right] run data modify entity @s {} merge value {transformation:[-0.9856167906008575f,0.10386924742521304f,-0.1333068697591584f,-1.0916261615332952f,0.16849097784128708f,0.6648957374897465f,-0.7276843056257659f,-0.30378613704754903f,0.013051148292478191f,-0.7396788747201627f,-0.6728334339351469f,0.44813370160604105f,0f,0f,0f,1f],start_interpolation:0}
execute if entity @s[tag=aj.mech_torso.bone.rocket_right] run data modify entity @s {} merge value {transformation:[-2.2711522531712656f,0.23934543077453438f,-0.30717840899620896f,-1.1404247912994663f,0.3882529879893627f,1.532116200458826f,-1.6767996102337184f,-0.0010225082316654699f,0.03007370119259449f,-1.7044386408228285f,-1.5504069979968536f,0.03746571977743285f,0f,0f,0f,1f],start_interpolation:0}
execute if entity @s[tag=aj.mech_torso.bone.sword_right] run data modify entity @s {} merge value {transformation:[-2.6257307683055635f,0.2767126954877265f,-0.3551359442037697f,-1.1997416190308705f,0.4488681086997845f,1.771314381299997f,-1.9385861615951459f,0.47326943423837f,0.03476888985666271f,-1.9705402734001252f,-1.7924607882858719f,1.406879740153721f,0f,0f,0f,1f],start_interpolation:0}
execute if entity @s[tag=aj.mech_torso.bone.right_hand] run data modify entity @s {} merge value {transformation:[-0.9856167906008575f,0.10386924742521304f,-0.1333068697591584f,-1.4304319333023399f,0.16849097784128708f,0.6648957374897465f,-0.7276843056257659f,-0.24586736341460658f,0.013051148292478191f,-0.7396788747201627f,-0.6728334339351469f,0.45262003383158045f,0f,0f,0f,1f],start_interpolation:0}
execute if entity @s[tag=aj.mech_torso.bone.right_arm_low] run data modify entity @s {} merge value {transformation:[-0.9856167906008575f,0.10386924742521304f,-0.1333068697591584f,-1.2691274761445468f,0.16849097784128708f,0.6648957374897465f,-0.7276843056257659f,0.38575755340925433f,0.013051148292478191f,-0.7396788747201627f,-0.6728334339351469f,-0.3089005824673354f,0f,0f,0f,1f],start_interpolation:0}
execute if entity @s[tag=aj.mech_torso.bone.right_arm] run data modify entity @s {} merge value {transformation:[-1.0907763527266905f,0.18689182293012588f,0.007097421231733491f,-1.0483437500000001f,0.18646798231291503f,1.0834919935675795f,0.12667584608413107f,1.4819062500000002f,0.014443629683587242f,0.12604969230757576f,-1.0993974873378405f,-0.1811737500000001f,0f,0f,0f,1f],start_interpolation:0}