execute if entity @s[tag=aj.mech_torso.bone.drillhead_right1] run data modify entity @s {} merge value {transformation:[-0.0960375682078272f,-0.017026686031370572f,0.9952320721598135f,-1.1296069711801173f,-0.9797561651264508f,0.17806178667526182f,-0.09149785255799472f,-0.08460018878993258f,-0.17565489571724988f,-0.9838719896860582f,-0.03378262159394076f,2.022581632080966f,0f,0f,0f,1f],start_interpolation:0}
execute if entity @s[tag=aj.mech_torso.bone.drillhead_right2] run data modify entity @s {} merge value {transformation:[-0.88272255532948f,-0.017026686031370572f,-0.4695859689933064f,-1.292034243379697f,0.45946944539851475f,0.17806178667526182f,-0.8701619555411482f,0.20299637571511991f,0.0984312910500248f,-0.9838719896860582f,-0.14935591335271142f,2.0774419765667704f,0f,0f,0f,1f],start_interpolation:0}
execute if entity @s[tag=aj.mech_torso.bone.drillhead_right3] run data modify entity @s {} merge value {transformation:[0.9562265278050155f,-0.017026686031370572f,-0.29213168175456994f,-0.9143846808350594f,0.29040345890438113f,0.17806178667526182f,0.9401913800830048f,0.16840522698040233f,0.03600914575959341f,-0.9838719896860582f,0.17521201252443191f,2.064646122624224f,0f,0f,0f,1f],start_interpolation:0}
execute if entity @s[tag=aj.mech_torso.bone.drill_right] run data modify entity @s {} merge value {transformation:[-0.1468227544796207f,-0.026030489832642f,1.5215161827583137f,-1.1186537112639998f,-1.4978565322578792f,0.2722218239704848f,-0.13988241260403037f,0.20966686428989328f,-0.2685421560365501f,-1.5041488271386565f,-0.05164705488201694f,1.5503523579913496f,0f,0f,0f,1f],start_interpolation:0}
execute if entity @s[tag=aj.mech_torso.bone.barrel_right] run data modify entity @s {} merge value {transformation:[-2.284192791296574f,-0.03907855723351473f,-0.22041926413997784f,-1.0981781790586282f,0.2100000000789032f,0.4086759871457493f,-2.2486734825109678f,-0.45006901896160895f,0.07753570536419381f,-2.258119858941436f,-0.4031518454610901f,2.072897592356969f,0f,0f,0f,1f],start_interpolation:0}
execute if entity @s[tag=aj.mech_torso.bone.blaster_right] run data modify entity @s {} merge value {transformation:[-0.9952320721598135f,-0.017026686031370572f,-0.09603756820782698f,-0.8209884053158452f,0.0914978525579945f,0.17806178667526182f,-0.9797561651264508f,0.1835667251497291f,0.03378262159394072f,-0.9838719896860582f,-0.17565489571724988f,1.0884222787951716f,0f,0f,0f,1f],start_interpolation:0}
execute if entity @s[tag=aj.mech_torso.bone.rocket_right] run data modify entity @s {} merge value {transformation:[-2.2933087023975274f,-0.039234514583109566f,-0.2212989282491081f,-0.9288071031095022f,0.21083808228422918f,0.41030695891928354f,-2.2576476407517903f,0.21994078184426882f,0.07784514010190197f,-2.2671317164202978f,-0.4047607711163202f,0.5886749737442465f,0f,0f,0f,1f],start_interpolation:0}
execute if entity @s[tag=aj.mech_torso.bone.sword_right] run data modify entity @s {} merge value {transformation:[-2.651346343117231f,-0.04535991454406273f,-0.25584872352144783f,-0.9514555475053287f,0.24375470161070434f,0.4743652060225868f,-2.6101177787781795f,1.3420651494970177f,0.08999853675296847f,-2.621082534336494f,-0.46795313217738005f,1.5074187048432035f,0f,0f,0f,1f],start_interpolation:0}
execute if entity @s[tag=aj.mech_torso.bone.right_hand] run data modify entity @s {} merge value {transformation:[-0.9952320721598135f,-0.017026686031370572f,-0.09603756820782698f,-1.163099430120781f,0.0914978525579945f,0.17806178667526182f,-0.9797561651264508f,0.21501911196653972f,0.03378262159394072f,-0.9838719896860582f,-0.17565489571724988f,1.1000350549680888f,0f,0f,0f,1f],start_interpolation:0}
execute if entity @s[tag=aj.mech_torso.bone.right_arm_low] run data modify entity @s {} merge value {transformation:[-0.9952320721598135f,-0.017026686031370572f,-0.09603756820782698f,-1.120925285648658f,0.0914978525579945f,0.17806178667526182f,-0.9797561651264508f,0.3567449026967253f,0.03378262159394072f,-0.9838719896860582f,-0.17565489571724988f,0.10856243594124523f,0f,0f,0f,1f],start_interpolation:0}
execute if entity @s[tag=aj.mech_torso.bone.right_arm] run data modify entity @s {} merge value {transformation:[-1.1014175287388448f,0.0883626759615834f,-0.06199551127099776f,-1f,0.10126013968845927f,1.0659819921298348f,-0.27964397919356393f,1.4375f,0.03738703025272157f,-0.28398311302935764f,-1.0689844620091844f,-0.1811737500000001f,0f,0f,0f,1f],start_interpolation:0}