# This file was generated by Animated Java via MC-Build. It is not recommended to edit this file directly.
$data merge entity $(bone_barrel_left) { transformation: [-2.19617134921271f,-0.48440551082100997f,0.45807335595312143f,1.9172847436079654f,-0.6620554519909607f,1.3989106549795078f,-1.6948097389750107f,-1.203555095818769f,0.07850144480812657f,-1.7538668062089935f,-1.4783224420578875f,0.9780192527232279f,0f,0f,0f,1f], start_interpolation: 0, interpolation_duration: 1 }
$data merge entity $(bone_blaster_left) { transformation: [-0.9568807725088356f,-0.21105744757489373f,0.19958442079998379f,1.8356558152932199f,-0.2884602481367853f,0.6095110514430009f,-0.7384354835824942f,-0.12445652879543828f,0.034203398190213105f,-0.7641668875265525f,-0.6441110894560217f,0.45227875532352796f,0f,0f,0f,1f], start_interpolation: 0, interpolation_duration: 1 }
$data merge entity $(bone_sword_left) { transformation: [-2.5491766272008762f,-0.562267241449483f,0.5317025435914955f,1.400709096029795f,-0.7684720432817227f,1.6237669007449742f,-1.967227819312138f,0.5625045763831221f,0.09111950594297358f,-2.0357775231036332f,-1.7159430743468322f,1.3869466486530788f,0f,0f,0f,1f], start_interpolation: 0, interpolation_duration: 1 }
$data merge entity $(bone_rocket_left) { transformation: [-2.204935978388569f,-0.4863387091001929f,0.45990146608747395f,1.5930884971012662f,-0.6646976276721237f,1.404493522247788f,-1.7015735003231751f,0.08907486543078358f,0.07881473368413303f,-1.760866256495867f,-1.484222231257684f,0.035282649436471136f,0f,0f,0f,1f], start_interpolation: 0, interpolation_duration: 1 }
$data merge entity $(bone_drillhead_left1) { transformation: [0.19958442079998356f,-0.21105744757489373f,0.9568807725088356f,1.835867507251996f,-0.7384354835824943f,0.6095110514430009f,0.2884602481367851f,-0.9240361887609689f,-0.6441110894560217f,-0.7641668875265525f,-0.03420339819021325f,1.0728126194802685f,0f,0f,0f,1f], start_interpolation: 0, interpolation_duration: 1 }
$data merge entity $(bone_drillhead_left2) { transformation: [-0.9604202119728382f,-0.21105744757489373f,-0.18179045700261517f,1.5867100213422547f,0.016084506240821084f,0.6095110514430009f,-0.7926143872198113f,-0.7289704003326232f,0.2780904620677194f,-0.7641668875265525f,-0.5819919783939842f,1.297215560284018f,0f,0f,0f,1f], start_interpolation: 0, interpolation_duration: 1 }
$data merge entity $(bone_drillhead_left3) { transformation: [0.8076649095761659f,-0.21105744757489373f,-0.5505743797730647f,1.9497688961931314f,0.5490895446342268f,0.6095110514430009f,0.5718364715040705f,-0.6194192442901849f,0.2148908230071762f,-0.7641668875265525f,0.6081701260299457f,1.2843209435451142f,0f,0f,0f,1f], start_interpolation: 0, interpolation_duration: 1 }
$data merge entity $(bone_drill_left) { transformation: [0.3051257436012942f,-0.32266576908033856f,1.4628845081156923f,1.6730495485570724f,-1.1289241671597867f,0.9318237969642551f,0.4409995898445278f,-0.41047186106949435f,-0.9847205224954338f,-1.1682624768879009f,-0.05229034042160488f,0.8510844843970025f,0f,0f,0f,1f], start_interpolation: 0, interpolation_duration: 1 }
$data merge entity $(bone_left_hand) { transformation: [-0.9568807725088356f,-0.21105744757489373f,0.19958442079998379f,1.6861431945887142f,-0.2884602481367853f,0.6095110514430009f,-0.7384354835824942f,-0.169528442566811f,0.034203398190213105f,-0.7641668875265525f,-0.6441110894560217f,0.45762303629074874f,0f,0f,0f,1f], start_interpolation: 0, interpolation_duration: 1 }
$data merge entity $(bone_left_arm_low) { transformation: [-0.9358446238435519f,-0.21105744757489373f,0.2822225962716163f,1.4254149141570864f,-0.3517214628469532f,0.6095110514430009f,-0.7104845464481596f,0.3957973753717503f,-0.02206473647973178f,-0.7641668875265525f,-0.6446410748719488f,-0.32806793085553543f,0f,0f,0f,1f], start_interpolation: 0, interpolation_duration: 1 }
$data merge entity $(bone_left_arm) { transformation: [-1.0356937861140199f,-0.3897233538618536f,0.015035537685866417f,1f,-0.3892480912241899f,1.0355646408250634f,0.029390078006198236f,1.4375f,-0.024418915151156365f,0.022216225186879813f,-1.1062016698845263f,-0.3061737499999999f,0f,0f,0f,1f], start_interpolation: 0, interpolation_duration: 1 }
$data merge entity $(bone_drillhead_right1) { transformation: [-0.2267644162126548f,0.23346034824072834f,0.945554950988599f,-1.9116376214663235f,-0.7305469211347829f,0.601286315998709f,-0.32366025738911786f,-0.8447595569136533f,-0.6441110894560217f,-0.7641668875265525f,0.034203398190213195f,1.1129554087298097f,0f,0f,0f,1f], start_interpolation: 0, interpolation_duration: 1 }
$data merge entity $(bone_drillhead_right2) { transformation: [-0.786799880948555f,0.23346034824072834f,-0.5713512169748638f,-2.028579134415931f,0.5785912905727483f,0.601286315998709f,-0.5510779297577271f,-0.5818286484747286f,0.21489082300717627f,-0.7641668875265525f,-0.6081701260299456f,1.2841163855993778f,0f,0f,0f,1f], start_interpolation: 0, interpolation_duration: 1 }
$data merge entity $(bone_drillhead_right3) { transformation: [0.9603578512176041f,0.23346034824072834f,-0.152345211293379f,-1.669762374720266f,-0.019454884005533635f,0.601286315998709f,0.7987967661933992f,-0.7045453483153166f,0.27809046206771937f,-0.7641668875265525f,0.5819919783939843f,1.2971784712215402f,0f,0f,0f,1f], start_interpolation: 0, interpolation_duration: 1 }
$data merge entity $(bone_drill_right) { transformation: [-0.34667866781316115f,0.3569154449673118f,1.4455695308273546f,-1.7109997524071405f,-1.1168640901600122f,0.9192497768663713f,-0.4948135546562109f,-0.3076576775454528f,-0.9847205224954338f,-1.1682624768879009f,0.0522903404216048f,0.711662009521614f,0f,0f,0f,1f], start_interpolation: 0, interpolation_duration: 1 }
$data merge entity $(bone_barrel_right) { transformation: [-2.170177050399677f,0.5358232109097741f,-0.5204551373745778f,-2.0143562312522176f,0.7428442545596537f,1.3800337699416267f,-1.6767044166277811f,-1.1678147134513353f,-0.07850144480812711f,-1.7538668062089935f,-1.4783224420578875f,0.9780192527232275f,0f,0f,0f,1f], start_interpolation: 0, interpolation_duration: 1 }
$data merge entity $(bone_blaster_right) { transformation: [-0.945554950988599f,0.23346034824072834f,-0.22676441621265458f,-1.8928645799047636f,0.3236602573891177f,0.601286315998709f,-0.730546921134783f,-0.09247440548250994f,-0.03420339819021334f,-0.7641668875265525f,-0.6441110894560217f,0.45227875532352746f,0f,0f,0f,1f], start_interpolation: 0, interpolation_duration: 1 }
$data merge entity $(bone_rocket_right) { transformation: [-2.1788379397695032f,0.5379616104245142f,-0.5225322049419123f,-1.406175482958572f,0.7458088476588975f,1.38554130206021f,-1.6833959220308254f,0.031022590381591553f,-0.07881473368413357f,-1.760866256495867f,-1.484222231257684f,0.043833498984024f,0f,0f,0f,1f], start_interpolation: 0, interpolation_duration: 1 }
$data merge entity $(bone_sword_right) { transformation: [-2.5190040912562592f,0.6219496516301319f,-0.6041113650706288f,-1.4328031287700862f,0.8622465692637168f,1.6018558079925007f,-1.946212307670917f,0.5779267205651872f,-0.0911195059429742f,-2.0357775231036332f,-1.7159430743468322f,1.3869466486530784f,0f,0f,0f,1f], start_interpolation: 0, interpolation_duration: 1 }
$data merge entity $(bone_right_hand) { transformation: [-0.945554950988599f,0.23346034824072834f,-0.22676441621265458f,-1.745121618812795f,0.3236602573891177f,0.601286315998709f,-0.730546921134783f,-0.14304632069955958f,-0.03420339819021334f,-0.7641668875265525f,-0.6441110894560217f,0.4576230362907483f,0f,0f,0f,1f], start_interpolation: 0, interpolation_duration: 1 }
$data merge entity $(bone_right_arm_low) { transformation: [-0.9221930078054896f,0.23346034824072834f,-0.30831205320905325f,-1.4636589592470064f,0.3860999919175656f,0.601286315998709f,-0.6995581194110726f,0.41224755457270557f,0.02206473647973155f,-0.7641668875265525f,-0.6446410748719488f,-0.32806793085553576f,0f,0f,0f,1f], start_interpolation: 0, interpolation_duration: 1 }
$data merge entity $(bone_right_arm) { transformation: [-1.0205856222791232f,0.4277647687334909f,-0.013938032915224588f,-1f,0.427294608805217f,1.0204389842135868f,0.02992616442459065f,1.4375f,0.02441891515115611f,0.02221622518687991f,-1.1062016698845263f,-0.30617375000000013f,0f,0f,0f,1f], start_interpolation: 0, interpolation_duration: 1 }