# This file was generated by Animated Java via MC-Build. It is not recommended to edit this file directly.
$data merge entity $(bone_barrel_left) { transformation: [-0.9319937614460431f,2.02167922367165f,0.5584346323883788f,-0.2921762585699077f,-1.201220455425579f,-0.013568923879405193f,-1.9556415303481907f,0.6471428428732711f,-1.7193328763050837f,-1.0864057687300093f,1.063609636839257f,1.7593332821405114f,0f,0f,0f,1f], start_interpolation: 0, interpolation_duration: 1 }
$data merge entity $(bone_blaster_left) { transformation: [-0.40607346541771555f,0.8808538450360346f,0.24331223637310304f,0.6427763206562891f,-0.5233766289470503f,-0.005912035219152328f,-0.8520809539659886f,1.1765368468057613f,-0.7491203140722247f,-0.4733514038479245f,0.4634190366391199f,1.2179224094252403f,0f,0f,0f,1f], start_interpolation: 0, interpolation_duration: 1 }
$data merge entity $(bone_sword_left) { transformation: [-1.0817993387569562f,2.3466372177785066f,0.6481955577893712f,0.0707694321749891f,-1.3943006360520078f,-0.01574994757219073f,-2.269984845278169f,2.066083977232335f,-1.9956927241702536f,-1.261031018502057f,1.2345707121933864f,0.5727772306266579f,0f,0f,0f,1f], start_interpolation: 0, interpolation_duration: 1 }
$data merge entity $(bone_rocket_left) { transformation: [-0.9357132251919922f,2.0297474778697446f,0.5606632710934579f,1.0349612789761073f,-1.2060143672731387f,-0.013623075658664621f,-1.9634462368527885f,1.0385481713003342f,-1.726194506248521f,-1.0907414703595049f,1.067854362123606f,0.893160348217438f,0f,0f,0f,1f], start_interpolation: 0, interpolation_duration: 1 }
$data merge entity $(bone_drillhead_left1) { transformation: [0.24331223637310295f,0.8808538450360346f,0.4060734654177156f,-0.2600178952774165f,-0.8520809539659887f,-0.005912035219152328f,0.5233766289470501f,0.8879378563709979f,0.4634190366391197f,-0.4733514038479245f,0.7491203140722248f,1.572976180572733f,0f,0f,0f,1f], start_interpolation: 0, interpolation_duration: 1 }
$data merge entity $(bone_drillhead_left2) { transformation: [-0.46827452514704243f,0.8808538450360346f,0.06939360765622005f,-0.41941443317675076f,-0.15745969116230918f,-0.005912035219152328f,-0.9875077181969962f,1.0768592827418981f,-0.8694397131241371f,-0.4733514038479245f,0.14146742988340777f,1.2739975311592726f,0f,0f,0f,1f], start_interpolation: 0, interpolation_duration: 1 }
$data merge entity $(bone_drillhead_left3) { transformation: [0.2820514016436722f,0.8808538450360346f,-0.3801887827330961f,-0.2653630100902224f,0.8096142193955586f,-0.005912035219152328f,0.5869325886267418f,1.2755633524575132f,0.5147541379953737f,-0.4733514038479245f,-0.7148192959705539f,1.5581881806580375f,0f,0f,0f,1f], start_interpolation: 0, interpolation_duration: 1 }
$data merge entity $(bone_drill_left) { transformation: [0.37197706490848015f,1.3466541295827503f,0.620807313495208f,0.12977046194750175f,-1.3026659778617042f,-0.009038351466564183f,0.8001410252909903f,1.113980628522841f,0.7084775334003347f,-0.7236621901894779f,1.1452591938886518f,1.2036645588112582f,0f,0f,0f,1f], start_interpolation: 0, interpolation_duration: 1 }
$data merge entity $(bone_left_hand) { transformation: [-0.40607346541771555f,0.8808538450360346f,0.24331223637310304f,0.5793273416847711f,-0.5233766289470503f,-0.005912035219152328f,-0.8520809539659886f,1.0947592485327846f,-0.7491203140722247f,-0.4733514038479245f,0.4634190366391199f,1.1008723603514552f,0f,0f,0f,1f], start_interpolation: 0, interpolation_duration: 1 }
$data merge entity $(bone_left_arm_low) { transformation: [-0.1930777438689491f,0.8808538450360346f,0.4322238870165668f,1.461620824198264f,-0.9174585925934688f,-0.005912035219152328f,-0.39778735364008105f,1.019075196475288f,-0.3478371971179733f,-0.4733514038479245f,0.8092884113690934f,0.6310713945389415f,0f,0f,0f,1f], start_interpolation: 0, interpolation_duration: 1 }
$data merge entity $(bone_left_arm) { transformation: [-0.21367801285292676f,-0.44817389817815445f,0.9890671576536396f,1f,-1.0153460725814019f,0.43982031468232324f,-0.02006046410960316f,1.4375f,-0.3849493970001445f,-0.9113013915925768f,-0.49610050792625243f,-0.3061737499999999f,0f,0f,0f,1f], start_interpolation: 0, interpolation_duration: 1 }
$data merge entity $(bone_drillhead_right1) { transformation: [-0.24331223637310323f,-0.8808538450360346f,0.4060734654177157f,0.2738696398599035f,-0.8520809539659885f,-0.005912035219152328f,-0.5233766289470505f,0.942939685492983f,0.46341903663912004f,-0.47335140384792473f,-0.7491203140722246f,1.5465126798310045f,0f,0f,0f,1f], start_interpolation: 0, interpolation_duration: 1 }
$data merge entity $(bone_drillhead_right2) { transformation: [-0.28205140164367226f,-0.8808538450360346f,-0.3801887827330964f,0.26389692498290557f,0.8096142193955589f,-0.005912035219152328f,-0.5869325886267415f,1.2773014098752533f,0.5147541379953734f,-0.47335140384792473f,0.7148192959705542f,1.560894692642261f,0f,0f,0f,1f], start_interpolation: 0, interpolation_duration: 1 }
$data merge entity $(bone_drillhead_right3) { transformation: [0.4682745251470426f,-0.8808538450360346f,0.0693936076562203f,0.41801160925089104f,-0.15745969116230968f,-0.005912035219152328f,0.9875077181969961f,1.0788188812076691f,-0.869439713124137f,-0.47335140384792473f,-0.1414674298834081f,1.27658355419397f,0f,0f,0f,1f], start_interpolation: 0, interpolation_duration: 1 }
$data merge entity $(bone_drill_right) { transformation: [-0.3719770649084806f,-1.3466541295827503f,0.6208073134952081f,-0.27745947506822305f,-1.3026659778617038f,-0.009038351466564183f,-0.800141025290991f,1.090676966091527f,0.7084775334003351f,-0.7236621901894782f,-1.1452591938886516f,1.1415678952943382f,0f,0f,0f,1f], start_interpolation: 0, interpolation_duration: 1 }
$data merge entity $(bone_barrel_right) { transformation: [-0.9319937614460435f,-2.02167922367165f,-0.558434632388379f,0.2921762585699076f,1.201220455425579f,-0.013568923879405193f,-1.9556415303481907f,0.6471428428732711f,1.7193328763050837f,-1.08640576873001f,1.063609636839257f,1.7593332821405117f,0f,0f,0f,1f], start_interpolation: 0, interpolation_duration: 1 }
$data merge entity $(bone_blaster_right) { transformation: [-0.4060734654177158f,-0.8808538450360346f,-0.24331223637310315f,-0.6427763206562894f,0.5233766289470503f,-0.005912035219152328f,-0.8520809539659886f,1.1765368468057613f,0.7491203140722247f,-0.47335140384792473f,0.4634190366391199f,1.2179224094252403f,0f,0f,0f,1f], start_interpolation: 0, interpolation_duration: 1 }
$data merge entity $(bone_rocket_right) { transformation: [-0.9357132251919926f,-2.0297474778697446f,-0.5606632710934583f,-0.9334429126216786f,1.2060143672731387f,-0.013623075658664621f,-1.9634462368527885f,0.9077040140635716f,1.726194506248521f,-1.0907414703595053f,1.067854362123606f,0.7058802696993817f,0f,0f,0f,1f], start_interpolation: 0, interpolation_duration: 1 }
$data merge entity $(bone_sword_right) { transformation: [-1.0817993387569567f,-2.3466372177785066f,-0.6481955577893715f,-0.07076943217498921f,1.3943006360520078f,-0.01574994757219073f,-2.269984845278169f,2.066083977232335f,1.9956927241702536f,-1.2610310185020577f,1.2345707121933864f,0.572777230626658f,0f,0f,0f,1f], start_interpolation: 0, interpolation_duration: 1 }
$data merge entity $(bone_right_hand) { transformation: [-0.4060734654177158f,-0.8808538450360346f,-0.24331223637310315f,-0.5793273416847713f,0.5233766289470503f,-0.005912035219152328f,-0.8520809539659886f,1.0947592485327846f,0.7491203140722247f,-0.47335140384792473f,0.4634190366391199f,1.1008723603514552f,0f,0f,0f,1f], start_interpolation: 0, interpolation_duration: 1 }
$data merge entity $(bone_right_arm_low) { transformation: [-0.19307774386894921f,-0.8808538450360346f,-0.432223887016567f,-1.4616208241982642f,0.9174585925934688f,-0.005912035219152328f,-0.39778735364008105f,1.019075196475288f,0.3478371971179733f,-0.47335140384792473f,0.8092884113690934f,0.6310713945389412f,0f,0f,0f,1f], start_interpolation: 0, interpolation_duration: 1 }
$data merge entity $(bone_right_arm) { transformation: [-0.21367801285292687f,0.44817389817815473f,-0.9890671576536396f,-1f,1.0153460725814019f,0.43982031468232324f,-0.02006046410960316f,1.4375f,0.3849493970001445f,-0.9113013915925768f,-0.4961005079262527f,-0.30617375000000013f,0f,0f,0f,1f], start_interpolation: 0, interpolation_duration: 1 }