# This file was generated by Animated Java via MC-Build. It is not recommended to edit this file directly.
$data merge entity $(bone_barrel_left) { transformation: [-0.6613625230869696f,2.161330114337901f,0.3986229338144583f,-0.5844876877135747f,-1.0882793028101894f,0.03960625991904679f,-2.020328685313577f,0.5311636549190534f,-1.9094230190247783f,-0.7711886763185996f,1.0134200774540445f,1.4911501948547632f,0f,0f,0f,1f], start_interpolation: 0, interpolation_duration: 1 }
$data merge entity $(bone_blaster_left) { transformation: [-0.28815833620027703f,0.9417003050311407f,0.17368163052707847f,0.4194039660018516f,-0.47416771025252585f,0.017256608233737855f,-0.8802654099907277f,1.0865181783042646f,-0.831943360952033f,-0.3360100370175329f,0.4415512418636273f,1.1287926768538332f,0f,0f,0f,1f], start_interpolation: 0, interpolation_duration: 1 }
$data merge entity $(bone_sword_left) { transformation: [-0.7676677352904544f,2.508735128117702f,0.4626962583362792f,-0.052234367503561585f,-1.2632056982187245f,0.04597243840407562f,-2.3450695983767815f,2.0173591688898322f,-2.2163373241719957f,-0.8951469790998302f,1.17631384996806f,0.4611171478270599f,0f,0f,0f,1f], start_interpolation: 0, interpolation_duration: 1 }
$data merge entity $(bone_rocket_left) { transformation: [-0.6640019333805908f,2.1699556967568596f,0.4002137851827403f,0.856084480394071f,-1.0926224814662233f,0.0397643232602144f,-2.028391549691838f,0.9660411895697558f,-1.917043273568032f,-0.7742663882534981f,1.0174645028498313f,0.8583934608127882f,0f,0f,0f,1f], start_interpolation: 0, interpolation_duration: 1 }
$data merge entity $(bone_drillhead_left1) { transformation: [0.1736816305270784f,0.9417003050311407f,0.2881583362002771f,-0.5255086173770802f,-0.8802654099907278f,0.017256608233737855f,0.47416771025252563f,0.7826475861253237f,0.44155124186362715f,-0.3360100370175329f,0.8319433609520331f,1.326764460172436f,0f,0f,0f,1f], start_interpolation: 0, interpolation_duration: 1 }
$data merge entity $(bone_drillhead_left2) { transformation: [-0.33268867144680997f,0.9417003050311407f,0.05018748245541971f,-0.63896557093025f,-0.10121085399253599f,0.017256608233737855f,-0.9947153223442217f,0.9904450163619772f,-0.937589788193674f,-0.3360100370175329f,0.08956921401027307f,1.0194624228884583f,0f,0f,0f,1f], start_interpolation: 0, interpolation_duration: 1 }
$data merge entity $(bone_drillhead_left3) { transformation: [0.1997585064290745f,0.9417003050311407f,-0.2707343247788908f,-0.5296475494647842f,0.7749368309675655f,0.017256608233737855f,0.6318030685919579f,1.1704806103916834f,0.5996410985907924f,-0.3360100370175329f,-0.7263110958152189f,1.3350828097526612f,0f,0f,0f,1f], start_interpolation: 0, interpolation_duration: 1 }
$data merge entity $(bone_drill_left) { transformation: [0.2655254175252962f,1.4396765272082601f,0.44053802524063806f,-0.08554045844365882f,-1.3457545268981288f,0.026381996141033034f,0.7249101638424917f,1.02824710585994f,0.6750459302970067f,-0.5136939646467715f,1.27187951658334f,1.0343088784696028f,0f,0f,0f,1f], start_interpolation: 0, interpolation_duration: 1 }
$data merge entity $(bone_left_hand) { transformation: [-0.28815833620027703f,0.9417003050311407f,0.17368163052707847f,0.3743792259705583f,-0.47416771025252585f,0.017256608233737855f,-0.8802654099907277f,1.0124294735773074f,-0.831943360952033f,-0.3360100370175329f,0.4415512418636273f,0.9988015267050779f,0f,0f,0f,1f], start_interpolation: 0, interpolation_duration: 1 }
$data merge entity $(bone_left_arm_low) { transformation: [-0.13642579948001082f,0.9417003050311407f,0.3075524942843032f,1.3171639339805827f,-0.8933149460947609f,0.017256608233737855f,-0.449099784631413f,0.9598195294103911f,-0.4282247170819943f,-0.3360100370175329f,0.8388807106517124f,0.6622424670777864f,0f,0f,0f,1f], start_interpolation: 0, interpolation_duration: 1 }
$data merge entity $(bone_left_arm) { transformation: [-0.15098163646736434f,-0.30780915508778445f,1.0522499931232163f,1f,-0.9886264398392197f,0.49736957029074147f,0.0036402656030136062f,1.4375f,-0.4739137964171268f,-0.9394940197398679f,-0.3428245600486621f,-0.3061737499999999f,0f,0f,0f,1f], start_interpolation: 0, interpolation_duration: 1 }
$data merge entity $(bone_drillhead_right1) { transformation: [-0.17533301523781603f,-0.941666267779545f,0.28726812195883905f,0.5342767523972658f,-0.8799379720050181f,0.01902354198404508f,-0.4747075628995996f,0.8363668028336246f,0.44155124186362754f,-0.3360100370175329f,-0.831943360952033f,1.3019441185231369f,0f,0f,0f,1f], start_interpolation: 0, interpolation_duration: 1 }
$data merge entity $(bone_drillhead_right2) { transformation: [-0.19830409814259956f,-0.941666267779545f,-0.27191933507198957f,0.5281062656266085f,0.775310284686511f,0.01902354198404508f,-0.6312939626748404f,1.169173431057855f,0.5996410985907922f,-0.3360100370175329f,0.7263110958152192f,1.3380790513366667f,0f,0f,0f,1f], start_interpolation: 0, interpolation_duration: 1 }
$data merge entity $(bone_drillhead_right3) { transformation: [0.33249817829885564f,-0.941666267779545f,0.05205383323142604f,0.6371318705404134f,-0.10183491789599769f,0.01902354198404508f,0.9946194017550114f,0.9891618184053236f,-0.937589788193674f,-0.3360100370175329f,-0.08956921401027351f,1.022343861149579f,0f,0f,0f,1f], start_interpolation: 0, interpolation_duration: 1 }
$data merge entity $(bone_drill_right) { transformation: [-0.26805006341607235f,-1.4396244908736522f,0.43917706088633374f,-0.07063958817148303f,-1.3452539379319535f,0.029083294029393865f,-0.7257354934935403f,1.0060738431733594f,0.6750459302970072f,-0.5136939646467715f,-1.2718795165833399f,0.993648615893643f,0f,0f,0f,1f], start_interpolation: 0, interpolation_duration: 1 }
$data merge entity $(bone_barrel_right) { transformation: [-0.6593193604821018f,-2.161251994222096f,-0.40241308603869075f,0.5827842896686055f,1.0895183379652076f,0.04366161288450295f,-2.019577170659381f,0.5281921889102418f,1.9094230190247785f,-0.7711886763185996f,1.0134200774540445f,1.4911501948547632f,0f,0f,0f,1f], start_interpolation: 0, interpolation_duration: 1 }
$data merge entity $(bone_blaster_right) { transformation: [-0.2872681219588391f,-0.941666267779545f,-0.17533301523781597f,-0.4200635545729016f,0.47470756289959937f,0.01902354198404508f,-0.8799379720050182f,1.0854293918535398f,0.8319433609520331f,-0.3360100370175329f,0.4415512418636274f,1.1287926768538332f,0f,0f,0f,1f], start_interpolation: 0, interpolation_duration: 1 }
$data merge entity $(bone_rocket_right) { transformation: [-0.661950616784194f,-2.1698772648740117f,-0.40401906340284616f,-0.7851523273692592f,1.0938664614465503f,0.04383586060260099f,-2.027637035842125f,0.8470950921672866f,1.9170432735680323f,-0.7742663882534981f,1.0174645028498315f,0.65040762057478f,0f,0f,0f,1f], start_interpolation: 0, interpolation_duration: 1 }
$data merge entity $(bone_sword_right) { transformation: [-0.7652961615242422f,-2.5086444512343173f,-0.4670956270226116f,0.05332053687980187f,1.2646438917634064f,0.05067963531669199f,-2.3441972877566823f,2.0153837828564445f,2.2163373241719957f,-0.8951469790998302f,1.17631384996806f,0.4611171478270598f,0f,0f,0f,1f], start_interpolation: 0, interpolation_duration: 1 }
$data merge entity $(bone_right_hand) { transformation: [-0.2872681219588391f,-0.941666267779545f,-0.17533301523781597f,-0.375177910516833f,0.47470756289959937f,0.01902354198404508f,-0.8799379720050182f,1.0112563351504775f,0.8319433609520331f,-0.3360100370175329f,0.4415512418636274f,0.9988015267050779f,0f,0f,0f,1f], start_interpolation: 0, interpolation_duration: 1 }
$data merge entity $(bone_right_arm_low) { transformation: [-0.13474938330685232f,-0.941666267779545f,-0.3083946235338185f,-1.3180596738251316f,0.8935693567812569f,0.01902354198404508f,-0.4485219163785782f,0.9604154824488635f,0.42822471708199433f,-0.3360100370175329f,0.8388807106517127f,0.6622424670777864f,0f,0f,0f,1f], start_interpolation: 0, interpolation_duration: 1 }
$data merge entity $(bone_right_arm) { transformation: [-0.14912635646762418f,0.30874185514183344f,-1.0522413103581796f,-1f,0.9889079946619026f,0.4967911354791184f,0.005614653789058526f,1.4375f,0.47391379641712683f,-0.9394940197398681f,-0.3428245600486621f,-0.30617375000000013f,0f,0f,0f,1f], start_interpolation: 0, interpolation_duration: 1 }