# This file was generated by Animated Java via MC-Build. It is not recommended to edit this file directly.
$data merge entity $(bone_barrel_left) { transformation: [-1.6067837186593978f,1.497826391204102f,0.6651395919010281f,0.2263368268737167f,-0.980435988903153f,-0.13209814715076496f,-2.070976543718814f,0.6040644962240591f,-1.3132554384297315f,-1.7339880838063808f,0.7323209488352099f,2.203733172167182f,0f,0f,0f,1f], start_interpolation: 0, interpolation_duration: 1 }
$data merge entity $(bone_blaster_left) { transformation: [-0.7000821891773572f,0.6526090392779668f,0.2898040204160879f,0.9673171064982844f,-0.4271799405786018f,-0.05755569898401727f,-0.9023328875097723f,1.0775383484375969f,-0.5721907258632397f,-0.7555056474753518f,0.31907521036418396f,1.3825810508319973f,0f,0f,0f,1f], start_interpolation: 0, interpolation_duration: 1 }
$data merge entity $(bone_sword_left) { transformation: [-1.86505278927429f,1.7385820234067353f,0.7720519175827782f,0.31269954434860825f,-1.1380280087318566f,-0.15333116395220625f,-2.403858425082263f,2.061763267452271f,-1.524343749584754f,-2.012703560980632f,0.850031782378687f,1.0118042506367333f,0f,0f,0f,1f], start_interpolation: 0, interpolation_duration: 1 }
$data merge entity $(bone_rocket_left) { transformation: [-1.6131961798113506f,1.5038040180834555f,0.6677940759763644f,1.2023465353543112f,-0.9843487791672112f,-0.13262533337191731f,-2.079241536996367f,0.925617827760821f,-1.3184964670658363f,-1.7409082007432355f,0.7352435448141416f,0.9353656268259517f,0f,0f,0f,1f], start_interpolation: 0, interpolation_duration: 1 }
$data merge entity $(bone_drillhead_left1) { transformation: [0.2898040204160877f,0.6526090392779668f,0.7000821891773573f,0.21887777127788877f,-0.9023328875097724f,-0.05755569898401727f,0.4271799405786016f,0.8532215836327528f,0.31907521036418385f,-0.7555056474753518f,0.5721907258632398f,2.025939818963524f,0f,0f,0f,1f], start_interpolation: 0, interpolation_duration: 1 }
$data merge entity $(bone_drillhead_left2) { transformation: [-0.7576948029026862f,0.6526090392779668f,-0.00016585219015069486f,-0.012056408952630326f,-0.04935495727181555f,-0.05755569898401727f,-0.9971215721802225f,1.077403951372255f,-0.6507400970026028f,-0.7555056474753518f,0.07581914524638589f,1.8093792850766337f,0f,0f,0f,1f], start_interpolation: 0, interpolation_duration: 1 }
$data merge entity $(bone_drillhead_left3) { transformation: [0.5358884084106241f,0.6526090392779668f,-0.5356538579939638f,0.2535494778998544f,0.7399706503280998f,-0.05755569898401727f,0.6701722003839536f,1.2396130811754045f,0.40653050363304494f,-0.7555056474753518f,-0.5137549671280195f,2.0264534305128707f,0f,0f,0f,1f], start_interpolation: 0, interpolation_duration: 1 }
$data merge entity $(bone_drill_left) { transformation: [0.44305395618389215f,0.9977122342137851f,1.070289442926202f,0.4781806631773225f,-1.379491406061414f,-0.08799146436680177f,0.6530750070479109f,1.0660938185068183f,0.4878039099288204f,-1.155021126182575f,0.8747682810661528f,1.5496323614210323f,0f,0f,0f,1f], start_interpolation: 0, interpolation_duration: 1 }
$data merge entity $(bone_left_hand) { transformation: [-0.7000821891773572f,0.6526090392779668f,0.2898040204160879f,0.8579292644393224f,-0.4271799405786018f,-0.05755569898401727f,-0.9023328875097723f,1.0107914827221904f,-0.5721907258632397f,-0.7555056474753518f,0.31907521036418396f,1.293176249915866f,0f,0f,0f,1f], start_interpolation: 0, interpolation_duration: 1 }
$data merge entity $(bone_left_arm_low) { transformation: [-0.4454960081252371f,0.6526090392779668f,0.6128904866264184f,1.5018476309165374f,-0.8356984133635641f,-0.05755569898401727f,-0.5461643556806711f,0.8839369967879294f,-0.32115645509019447f,-0.7555056474753518f,0.571025172813554f,0.5354428606478008f,0f,0f,0f,1f], start_interpolation: 0, interpolation_duration: 1 }
$data merge entity $(bone_left_arm) { transformation: [-0.4930278334654859f,-0.47998642301779726f,0.8667805764326617f,1f,-0.9248625591620452f,0.5702461346765277f,-0.21028687805172186f,1.4375f,-0.35542197543566356f,-0.8180491171922915f,-0.6551662687992652f,-0.3061737499999999f,0f,0f,0f,1f], start_interpolation: 0, interpolation_duration: 1 }
$data merge entity $(bone_drillhead_right1) { transformation: [-0.30254454851036855f,-0.653358198045165f,0.6939667580034595f,-0.21063160895233635f,-0.8981413064199356f,-0.048314404477590944f,-0.4370445194968893f,0.8998183495891392f,0.31907521036418407f,-0.7555056474753519f,-0.5721907258632396f,2.0079073048633314f,0f,0f,0f,1f], start_interpolation: 0, interpolation_duration: 1 }
$data merge entity $(bone_drillhead_right2) { transformation: [-0.5253628976953153f,-0.653358198045165f,-0.5450842969416352f,-0.2589154334901036f,0.7474802842490529f,-0.048314404477590944f,-0.6625246734869055f,1.2304964511714953f,0.40653050363304466f,-0.7555056474753519f,0.5137549671280196f,2.0285161740293303f,0f,0f,0f,1f], start_interpolation: 0, interpolation_duration: 1 }
$data merge entity $(bone_drillhead_right3) { transformation: [0.7569204702299037f,-0.653358198045165f,0.013945135141560094f,0.0044469812502729855f,-0.06007268846975927f,-0.048314404477590944f,0.9970240671217476f,1.0647783055351836f,-0.6507400970026027f,-0.7555056474753519f,-0.0758191452463862f,1.8113590690383985f,0f,0f,0f,1f], start_interpolation: 0, interpolation_duration: 1 }
$data merge entity $(bone_drill_right) { transformation: [-0.46253174454562257f,-0.998857552195021f,1.0609401386222947f,-0.5968265837119278f,-1.373083294186874f,-0.0738633232683653f,-0.6681560287313251f,1.0273213819096498f,0.4878039099288208f,-1.1550211261825751f,-0.8747682810661525f,1.4383752216677974f,0f,0f,0f,1f], start_interpolation: 0, interpolation_duration: 1 }
$data merge entity $(bone_barrel_right) { transformation: [-1.5927479734359018f,-1.4995458123355547f,-0.6943808344658013f,-0.2382088355182026f,1.0030765374592587f,-0.11088812098267942f,-2.0613562957612075f,0.593199303492203f,1.3132554384297315f,-1.7339880838063813f,0.7323209488352099f,2.203733172167182f,0f,0f,0f,1f], start_interpolation: 0, interpolation_duration: 1 }
$data merge entity $(bone_blaster_right) { transformation: [-0.6939667580034596f,-0.653358198045165f,-0.3025445485103684f,-0.9724144506192617f,0.4370445194968891f,-0.048314404477590944f,-0.8981413064199357f,1.0771118764601975f,0.5721907258632397f,-0.7555056474753519f,0.31907521036418396f,1.3825810508319973f,0f,0f,0f,1f], start_interpolation: 0, interpolation_duration: 1 }
$data merge entity $(bone_rocket_right) { transformation: [-1.599104419786398f,-1.5055303011970662f,-0.6971520164699279f,-1.0360785884848367f,1.0070796831559672f,-0.1113306607966923f,-2.06958289590247f,0.8192715065245448f,1.3184964670658363f,-1.7409082007432357f,0.7352435448141416f,0.7923179453601418f,0f,0f,0f,1f], start_interpolation: 0, interpolation_duration: 1 }
$data merge entity $(bone_sword_right) { transformation: [-1.8487609850478535f,-1.740577818571892f,-0.8059933002181328f,-0.3039339810448072f,1.164307723758155f,-0.1287119087245187f,-2.3926918504658525f,2.05197427992119f,1.524343749584754f,-2.0127035609806323f,0.850031782378687f,1.0118042506367333f,0f,0f,0f,1f], start_interpolation: 0, interpolation_duration: 1 }
$data merge entity $(bone_right_hand) { transformation: [-0.6939667580034596f,-0.653358198045165f,-0.3025445485103684f,-0.8639821446812211f,0.4370445194968891f,-0.048314404477590944f,-0.8981413064199357f,1.0088236702888085f,0.5721907258632397f,-0.7555056474753519f,0.31907521036418396f,1.293176249915866f,0f,0f,0f,1f], start_interpolation: 0, interpolation_duration: 1 }
$data merge entity $(bone_right_arm_low) { transformation: [-0.4336248382410442f,-0.653358198045165f,-0.620558268583703f,-1.5096312362295616f,0.8419192544504064f,-0.048314404477590944f,-0.5374362169649971f,0.8910944306279109f,0.32115645509019447f,-0.7555056474753519f,0.571025172813554f,0.5354428606478007f,0f,0f,0f,1f], start_interpolation: 0, interpolation_duration: 1 }
$data merge entity $(bone_right_arm) { transformation: [-0.47989007900314057f,0.4880083122822487f,-0.8696696946265396f,-1f,0.9317471277046139f,0.5633964035547012f,-0.19799939648862083f,1.4375f,0.35542197543566356f,-0.8180491171922916f,-0.6551662687992654f,-0.30617375000000013f,0f,0f,0f,1f], start_interpolation: 0, interpolation_duration: 1 }