# This file was generated by Animated Java via MC-Build. It is not recommended to edit this file directly.
$data merge entity $(bone_barrel_left) { transformation: [-2.087315943221243f,0.47801824114335545f,0.8259898351428537f,1.2630758371930786f,-0.8118139387686898f,0.15495235412383507f,-2.1411670626606982f,0.12208756545647292f,-0.5017158313686861f,-2.239450116108056f,0.02815839960533515f,2.2970578096330394f,0f,0f,0f,1f], start_interpolation: 0, interpolation_duration: 1 }
$data merge entity $(bone_blaster_left) { transformation: [-0.9094520302049994f,0.208274488246348f,0.3598871243900323f,1.5449678768928174f,-0.35371062879082604f,0.0675133697419514f,-0.9329151815607275f,0.7262833502439827f,-0.2185996245111213f,-0.9757375069411897f,0.012268729020904784f,1.2955567354975053f,0f,0f,0f,1f], start_interpolation: 0, interpolation_duration: 1 }
$data merge entity $(bone_sword_left) { transformation: [-2.4228241653142453f,0.5548533032885363f,0.9587566939193917f,0.8447060692035798f,-0.9423022111124856f,0.17985888013876275f,-2.4853311345782205f,1.7399748256419776f,-0.5823599653461452f,-2.5994118791374983f,0.03268448710025969f,1.4250220700257232f,0f,0f,0f,1f], start_interpolation: 0, interpolation_duration: 1 }
$data merge entity $(bone_rocket_left) { transformation: [-2.095646144879575f,0.47992594867465527f,0.829286251249298f,1.5294961865708372f,-0.8150537807489852f,0.15557074846010063f,-2.1497121770091354f,0.6464655505188464f,-0.5037181128460312f,-2.248387465114343f,0.028270776051196215f,0.7742985862608542f,0f,0f,0f,1f], start_interpolation: 0, interpolation_duration: 1 }
$data merge entity $(bone_drillhead_left1) { transformation: [0.35988712439003206f,0.208274488246348f,0.9094520302049995f,1.1844747812010308f,-0.9329151815607276f,0.0675133697419514f,0.3537106287908258f,0.39435678641401334f,0.012268729020904735f,-0.9757375069411897f,0.2185996245111213f,2.1811409710120926f,0f,0f,0f,1f], start_interpolation: 0, interpolation_duration: 1 }
$data merge entity $(bone_drillhead_left2) { transformation: [-0.9779469565328152f,0.208274488246348f,-0.01553987625195441f,0.8900879405792489f,0.030225173413618744f,0.0675133697419514f,-0.9972604393026947f,0.642831498077571f,-0.2066547582329546f,-0.9757375069411897f,-0.07231962698929459f,2.1354955969436973f,0f,0f,0f,1f], start_interpolation: 0, interpolation_duration: 1 }
$data merge entity $(bone_drillhead_left3) { transformation: [0.7025012764816563f,0.208274488246348f,-0.6805245727285427f,1.235129317669252f,0.6837971941567017f,0.0675133697419514f,0.7265420443233199f,0.7771669487309948f,0.1972646795680006f,-0.9757375069411897f,-0.09498928225397685f,2.2184408097810775f,0f,0f,0f,1f], start_interpolation: 0, interpolation_duration: 1 }
$data merge entity $(bone_drill_left) { transformation: [0.5501973851560715f,0.31841116578449485f,1.3903751899759003f,1.1952737370302267f,-1.4262457828606072f,0.10321480535891475f,0.5407547252279872f,0.6800969144833321f,0.01875649938277469f,-1.49171278585652f,0.33419629003390167f,1.6735413906318393f,0f,0f,0f,1f], start_interpolation: 0, interpolation_duration: 1 }
$data merge entity $(bone_left_hand) { transformation: [-0.9094520302049994f,0.208274488246348f,0.3598871243900323f,1.4028659971732862f,-0.35371062879082604f,0.0675133697419514f,-0.9329151815607275f,0.6710160644954162f,-0.2185996245111213f,-0.9757375069411897f,0.012268729020904784f,1.2614005441676426f,0f,0f,0f,1f], start_interpolation: 0, interpolation_duration: 1 }
$data merge entity $(bone_left_arm_low) { transformation: [-0.720074603402119f,0.208274488246348f,0.661902034353274f,1.5868202612805415f,-0.6645442203987323f,0.0675133697419514f,-0.7441928003150311f,0.6737393954526021f,-0.1996836114204722f,-0.9757375069411897f,0.089792944479338f,0.27598884102765275f,0f,0f,0f,1f], start_interpolation: 0, interpolation_duration: 1 }
$data merge entity $(bone_left_arm) { transformation: [-0.7969023631499387f,-0.5551354321711547f,0.5306064964625069f,1f,-0.7354472122073248f,0.7717618943679031f,-0.2971076488281103f,1.4375f,-0.22098868793796997f,-0.566551152927817f,-0.9246381829957293f,-0.3061737499999999f,0f,0f,0f,1f], start_interpolation: 0, interpolation_duration: 1 }
$data merge entity $(bone_drillhead_right1) { transformation: [-0.38373836478855305f,-0.20647105995867748f,0.9000636470766651f,-1.1902364136459684f,-0.9233603552663602f,0.07284242546573841f,-0.3769610528617637f,0.45840913887838286f,0.012268729020904638f,-0.9757375069411898f,-0.218599624511121f,2.1811037516950917f,0f,0f,0f,1f], start_interpolation: 0, interpolation_duration: 1 }
$data merge entity $(bone_drillhead_right2) { transformation: [-0.6847000669241428f,-0.20647105995867748f,-0.6989674668778331f,-1.2552474597720755f,0.7016213113560682f,0.07284242546573841f,-0.7088169837858428f,0.7846378724199419f,0.19726467956800034f,-0.9757375069411898f,0.09498928225397664f,2.2192146078894357f,0f,0f,0f,1f], start_interpolation: 0, interpolation_duration: 1 }
$data merge entity $(bone_drillhead_right3) { transformation: [0.9784006960590437f,-0.20647105995867748f,0.010088575257155008f,-0.913671798140089f,0.005088108770290756f,0.07284242546573841f,0.9973304829400383f,0.6417214513616786f,-0.2066547582329543f,-0.9757375069411898f,0.07231962698929457f,2.13626620518251f,0f,0f,0f,1f], start_interpolation: 0, interpolation_duration: 1 }
$data merge entity $(bone_drill_right) { transformation: [-0.5866612906715492f,-0.31565407484973423f,1.3760221789955607f,-1.259126295046931f,-1.411638312666469f,0.11136189461515882f,-0.576300099487434f,0.6725219111756f,0.01875649938277454f,-1.4917127858565202f,-0.3341962900339012f,1.5183969684573673f,0f,0f,0f,1f], start_interpolation: 0, interpolation_duration: 1 }
$data merge entity $(bone_barrel_right) { transformation: [-2.065768328686341f,-0.47387912825747586f,-0.8807316716509458f,-1.2967868124215283f,0.8651768201940941f,0.16718326087332874f,-2.1192374384512203f,0.12928122737852554f,0.5017158313686854f,-2.2394501161080567f,0.028158399605334703f,2.2970578096330394f,0f,0f,0f,1f], start_interpolation: 0, interpolation_duration: 1 }
$data merge entity $(bone_blaster_right) { transformation: [-0.9000636470766652f,-0.20647105995867748f,-0.38373836478855283f,-1.5630617571881038f,0.37696105286176346f,0.07284242546573841f,-0.9233603552663603f,0.7405203967636614f,0.218599624511121f,-0.9757375069411898f,0.01226872902090459f,1.2955567354975048f,0f,0f,0f,1f], start_interpolation: 0, interpolation_duration: 1 }
$data merge entity $(bone_rocket_right) { transformation: [-2.074012536667044f,-0.47577031713708906f,-0.8842465551814237f,-1.3246300783418319f,0.8686296263712026f,0.1678504671395843f,-2.127695034571979f,0.5660911595672917f,0.5037181128460304f,-2.2483874651143436f,0.028270776051195767f,0.7196486801330736f,0f,0f,0f,1f], start_interpolation: 0, interpolation_duration: 1 }
$data merge entity $(bone_sword_right) { transformation: [-2.3978130588885116f,-0.5500488831644815f,-1.0222975511510028f,-0.836985636952434f,1.0042424646079595f,0.19405574215795798f,-2.459876615513422f,1.7358848899149288f,0.5823599653461444f,-2.5994118791374987f,0.032684487100259174f,1.425022070025723f,0f,0f,0f,1f], start_interpolation: 0, interpolation_duration: 1 }
$data merge entity $(bone_right_hand) { transformation: [-0.9000636470766652f,-0.20647105995867748f,-0.38373836478855283f,-1.422426812332375f,0.37696105286176346f,0.07284242546573841f,-0.9233603552663603f,0.6816202322540109f,0.218599624511121f,-0.9757375069411898f,0.01226872902090459f,1.2614005441676421f,0f,0f,0f,1f], start_interpolation: 0, interpolation_duration: 1 }
$data merge entity $(bone_right_arm_low) { transformation: [-0.7027622725613197f,-0.20647105995867748f,-0.6808045899257653f,-1.60625037369115f,0.6828262177117449f,0.07284242546573841f,-0.7269403947076686f,0.6890691317781507f,0.19968361142047197f,-0.9757375069411898f,0.08979294447933772f,0.2759888410276523f,0f,0f,0f,1f], start_interpolation: 0, interpolation_duration: 1 }
$data merge entity $(bone_right_arm) { transformation: [-0.7777429075970227f,0.574781587769845f,-0.5380651211306425f,-1f,0.7556797919886515f,0.7572436173458087f,-0.28337631252991274f,1.4375f,0.22098868793796972f,-0.5665511529278168f,-0.9246381829957295f,-0.30617375000000013f,0f,0f,0f,1f], start_interpolation: 0, interpolation_duration: 1 }