# This file was generated by Animated Java via MC-Build. It is not recommended to edit this file directly.
$data merge entity $(bone_barrel_left) { transformation: [-2.227944439617053f,-0.336487831016588f,0.4366783793685012f,1.7510512803709173f,-0.5494877604149413f,1.2088842528245092f,-1.871980383945781f,-1.0625053521277825f,0.04444399379354414f,-1.9217240427026392f,-1.2540533994072975f,1.3424110091829569f,0f,0f,0f,1f], start_interpolation: 0, interpolation_duration: 1 }
$data merge entity $(bone_blaster_left) { transformation: [-0.970724436985198f,-0.1466091139921296f,0.19026254264624187f,1.74671423395573f,-0.2394140479332304f,0.526715776585994f,-0.8156294528446346f,-0.048242138046094285f,0.019364428522296237f,-0.8373029669061589f,-0.5463961571224205f,0.6952855248410255f,0f,0f,0f,1f], start_interpolation: 0, interpolation_duration: 1 }
$data merge entity $(bone_sword_left) { transformation: [-2.5860568184763553f,-0.3905737657822096f,0.5068686096324829f,1.3063263764592188f,-0.6378105953731092f,1.4031962867542898f,-2.1728762844683276f,0.7601815218091919f,0.05158777353077576f,-2.230615573481408f,-1.4556257717217227f,1.5242656214676469f,0f,0f,0f,1f], start_interpolation: 0, interpolation_duration: 1 }
$data merge entity $(bone_rocket_left) { transformation: [-2.2368358709913223f,-0.33783070941362514f,0.43842110498308134f,1.533625392596118f,-0.5516806933381565f,1.21370874987313f,-1.8794512098882328f,0.1267304644545458f,0.044621363890296493f,-1.9293933890032637f,-1.2590581605414735f,0.24550997352440346f,0f,0f,0f,1f], start_interpolation: 0, interpolation_duration: 1 }
$data merge entity $(bone_drillhead_left1) { transformation: [0.19026254264624165f,-0.1466091139921296f,0.970724436985198f,1.6796906178226307f,-0.8156294528446346f,0.526715776585994f,0.2394140479332302f,-0.7705910416690913f,-0.5463961571224205f,-0.8373029669061589f,-0.01936442852229636f,1.4010545028532868f,0f,0f,0f,1f], start_interpolation: 0, interpolation_duration: 1 }
$data merge entity $(bone_drillhead_left2) { transformation: [-0.9696427619095398f,-0.1466091139921296f,-0.1957004904717464f,1.43105902094641f,0.09093813987145741f,0.526715776585994f,-0.8451631472160464f,-0.5400996363844646f,0.2269871560092302f,-0.8373029669061589f,-0.4973937802355247f,1.5895825791870377f,0f,0f,0f,1f], start_interpolation: 0, interpolation_duration: 1 }
$data merge entity $(bone_drillhead_left3) { transformation: [0.8240221161687937f,-0.1466091139921296f,-0.5472598283805834f,1.7993720342132606f,0.5333176172338325f,0.526715776585994f,0.661923567977029f,-0.44914884187001036f,0.1912063576681754f,-0.8373029669061589f,0.5122146721809263f,1.582305850901285f,0f,0f,0f,1f], start_interpolation: 0, interpolation_duration: 1 }
$data merge entity $(bone_drill_left) { transformation: [0.29087440578634693f,-0.22413680760386856f,1.484048777353671f,1.5526869207016252f,-1.246938725501747f,0.8052459322884575f,0.3660174933064153f,-0.2790554430114479f,-0.8353334046546076f,-1.2800733111972065f,-0.02960444321554117f,1.115250044511313f,0f,0f,0f,1f], start_interpolation: 0, interpolation_duration: 1 }
$data merge entity $(bone_left_hand) { transformation: [-0.970724436985198f,-0.1466091139921296f,0.19026254264624187f,1.5950385406767928f,-0.2394140479332304f,0.526715776585994f,-0.8156294528446346f,-0.08565058303566153f,0.019364428522296237f,-0.8373029669061589f,-0.5463961571224205f,0.6983112167976342f,0f,0f,0f,1f], start_interpolation: 0, interpolation_duration: 1 }
$data merge entity $(bone_left_arm_low) { transformation: [-0.9403016330869559f,-0.1466091139921296f,0.30714590426773797f,1.3992588841250952f,-0.3370297178050743f,0.526715776585994f,-0.780372641762668f,0.395614191132432f,-0.04736885189906668f,-0.8373029669061589f,-0.5446833332128939f,-0.15897365751511933f,0f,0f,0f,1f], start_interpolation: 0, interpolation_duration: 1 }
$data merge entity $(bone_left_arm) { transformation: [-1.0406263322444744f,-0.36385591570528514f,0.09735341688769304f,1f,-0.37298882268818856f,1.0352931979693556f,-0.11755556525359268f,1.4375f,-0.052422832078394356f,-0.14334868460743233f,-1.0961181413662615f,-0.3061737499999999f,0f,0f,0f,1f], start_interpolation: 0, interpolation_duration: 1 }
$data merge entity $(bone_drillhead_right1) { transformation: [-0.2221681369518864f,0.16719471389114604f,0.9605661073399298f,-1.7552594131634125f,-0.8075224816716737f,0.5205474707046437f,-0.27737658938313303f,-0.6907790265194815f,-0.5463961571224206f,-0.8373029669061588f,0.01936442852229636f,1.4351396338932445f,0f,0f,0f,1f], start_interpolation: 0, interpolation_duration: 1 }
$data merge entity $(bone_drillhead_right2) { transformation: [-0.8024273009844957f,0.16719471389114604f,-0.57284932947643f,-1.8763180615945385f,0.5652880287269556f,0.5205474707046437f,-0.6399060675763206f,-0.41540293918788934f,0.19120635766817545f,-0.8373029669061588f,-0.5122146721809264f,1.5821664145571037f,0f,0f,0f,1f], start_interpolation: 0, interpolation_duration: 1 }
$data merge entity $(bone_drillhead_right3) { transformation: [0.9724674314063061f,0.16719471389114604f,-0.16233614046440525f,-1.511805972429501f,0.052762921269227325f,0.5205474707046437f,0.8522009181420396f,-0.5205474679444916f,0.22698715600923025f,-0.8373029669061588f,0.49739378023552483f,1.5895852058437083f,0f,0f,0f,1f], start_interpolation: 0, interpolation_duration: 1 }
$data merge entity $(bone_drill_right) { transformation: [-0.33965185118278574f,0.2556081842348176f,1.4685186679676994f,-1.6002390981071428f,-1.2345447440597639f,0.7958157928453923f,-0.4240548323054596f,-0.19438400654776145f,-0.8353334046546077f,-1.2800733111972062f,0.02960444321554117f,0.966811691488927f,0f,0f,0f,1f], start_interpolation: 0, interpolation_duration: 1 }
$data merge entity $(bone_barrel_right) { transformation: [-2.204629693241386f,0.3837345789954837f,-0.5099060521431813f,-1.8487162052592494f,0.6366169496210144f,1.1947271529652612f,-1.8533737839069184f,-1.031059415801996f,-0.044443993793544696f,-1.921724042702639f,-1.2540533994072978f,1.342411009182956f,0f,0f,0f,1f], start_interpolation: 0, interpolation_duration: 1 }
$data merge entity $(bone_blaster_right) { transformation: [-0.9605661073399298f,0.16719471389114604f,-0.22216813695188617f,-1.8045240445003614f,0.27737658938313287f,0.5205474707046437f,-0.8075224816716738f,-0.017750119319236583f,-0.01936442852229648f,-0.8373029669061588f,-0.5463961571224206f,0.6952855248410249f,0f,0f,0f,1f], start_interpolation: 0, interpolation_duration: 1 }
$data merge entity $(bone_rocket_right) { transformation: [-2.2134280785487417f,0.38526601291026247f,-0.5119410197076036f,-1.344582215007435f,0.6391576036061851f,1.1994951509021363f,-1.8607703533713305f,0.07936922149170794f,-0.044621363890297056f,-1.9293933890032635f,-1.2590581605414737f,0.2503510806549772f,0f,0f,0f,1f], start_interpolation: 0, interpolation_duration: 1 }
$data merge entity $(bone_sword_right) { transformation: [-2.558994537315428f,0.44541479888385116f,-0.5918666549664442f,-1.3327069780796978f,0.7389446406518195f,1.3867636217515884f,-2.15127892142662f,0.7727427235821913f,-0.051587773530776405f,-2.2306155734814075f,-1.455625771721723f,1.5242656214676464f,0f,0f,0f,1f], start_interpolation: 0, interpolation_duration: 1 }
$data merge entity $(bone_right_hand) { transformation: [-0.9605661073399298f,0.16719471389114604f,-0.22216813695188617f,-1.6544355902284975f,0.27737658938313287f,0.5205474707046437f,-0.8075224816716738f,-0.06109021141035109f,-0.01936442852229648f,-0.8373029669061588f,-0.5463961571224206f,0.6983112167976337f,0f,0f,0f,1f], start_interpolation: 0, interpolation_duration: 1 }
$data merge entity $(bone_right_arm_low) { transformation: [-0.9263307082614611f,0.16719471389114604f,-0.33757569014767264f,-1.439894447388125f,0.373721300973846f,0.5205474707046437f,-0.7676996287229882f,0.41210906458583385f,0.04736885189906645f,-0.8373029669061588f,-0.544683333212894f,-0.15897365751511966f,0f,0f,0f,1f], start_interpolation: 0, interpolation_duration: 1 }
$data merge entity $(bone_right_arm) { transformation: [-1.0251647912371609f,0.40425975035318545f,-0.1018979076628971f,-1f,0.413595183746833f,1.0201946811269538f,-0.11363896829751788f,1.4375f,0.0524228320783941f,-0.14334868460743222f,-1.0961181413662615f,-0.30617375000000013f,0f,0f,0f,1f], start_interpolation: 0, interpolation_duration: 1 }