# This file was generated by Animated Java via MC-Build. It is not recommended to edit this file directly.
$data merge entity $(bone_barrel_left) { transformation: [-1.9428689446014549f,-0.5800452693970495f,1.075386555153088f,2.5184852061030196f,-1.22043165818286f,0.8240855352334256f,-1.7604198623552187f,-0.4138611272032587f,0.05878201475755236f,-2.062056985032139f,-1.0060388455084128f,1.2747094578545457f,0f,0f,0f,1f], start_interpolation: 0, interpolation_duration: 1 }
$data merge entity $(bone_blaster_left) { transformation: [-0.8465158865040835f,-0.2527280786491066f,0.46855028775846075f,2.236646545802434f,-0.5317470279788931f,0.3590574131887295f,-0.7670220806924872f,0.4702387625963142f,0.02561156246346452f,-0.8984465995798241f,-0.43833520913979873f,0.5089063341262228f,0f,0f,0f,1f], start_interpolation: 0, interpolation_duration: 1 }
$data merge entity $(bone_sword_left) { transformation: [-2.255159236581393f,-0.6732798167116881f,1.2482406131857813f,1.5160666279726298f,-1.4165997836421236f,0.956546303176413f,-2.0433838956986863f,1.1815967328057293f,0.06823044029485523f,-2.393505166199631f,-1.167746183350199f,1.2226518768003605f,0f,0f,0f,1f], start_interpolation: 0, interpolation_duration: 1 }
$data merge entity $(bone_rocket_left) { transformation: [-1.9506226774068798f,-0.5823601532941093f,1.079678280559669f,2.007298792196521f,-1.225302239397885f,0.827374351530979f,-1.7674454650218285f,0.5187431160256964f,0.05901660599823334f,-2.0702863815315404f,-1.010053813384463f,0.036288890399989615f,0f,0f,0f,1f], start_interpolation: 0, interpolation_duration: 1 }
$data merge entity $(bone_drillhead_left1) { transformation: [0.4685502877584606f,-0.2527280786491066f,0.8465158865040836f,2.3560189660546222f,-0.7670220806924873f,0.3590574131887295f,0.5317470279788928f,-0.15518914159785074f,-0.43833520913979873f,-0.8984465995798241f,-0.02561156246346462f,1.295659227954904f,0f,0f,0f,1f], start_interpolation: 0, interpolation_duration: 1 }
$data merge entity $(bone_drillhead_left2) { transformation: [-0.9613851338418284f,-0.2527280786491066f,0.10893641581335595f,2.036816665022634f,-0.19774355308419173f,0.3590574131887295f,-0.912126779152908f,0.0033669834947800403f,0.19140562071571698f,-0.8984465995798241f,-0.3951678074715629f,1.448814837231548f,0f,0f,0f,1f], start_interpolation: 0, interpolation_duration: 1 }
$data merge entity $(bone_drillhead_left3) { transformation: [0.6027722691317121f,-0.2527280786491066f,-0.756831625811275f,2.3579630321846254f,0.7847968381626196f,0.3590574131887295f,0.5051452235191116f,0.205236112080506f,0.14408162400445834f,-0.8984465995798241f,0.41477004873506595f,1.4391536094753337f,0f,0f,0f,1f], start_interpolation: 0, interpolation_duration: 1 }
$data merge entity $(bone_drill_left) { transformation: [0.7163222179058599f,-0.3863720555825136f,1.2941580725818282f,2.0993441203205156f,-1.1726275116656117f,0.5489289181772511f,0.8129377366705329f,0.23660475220289862f,-0.6701292420486404f,-1.3735500280233828f,-0.03915509542344139f,0.9491957514005913f,0f,0f,0f,1f], start_interpolation: 0, interpolation_duration: 1 }
$data merge entity $(bone_left_hand) { transformation: [-0.8465158865040835f,-0.2527280786491066f,0.46855028775846075f,2.1043784385361706f,-0.5317470279788931f,0.3590574131887295f,-0.7670220806924872f,0.38715328947461214f,0.02561156246346452f,-0.8984465995798241f,-0.43833520913979873f,0.5129081407611391f,0f,0f,0f,1f], start_interpolation: 0, interpolation_duration: 1 }
$data merge entity $(bone_left_arm_low) { transformation: [-0.6964018190781238f,-0.2527280786491066f,0.6716792572701726f,1.8291152229843741f,-0.7121481098746467f,0.3590574131887295f,-0.6032601790572506f,0.6828495652006371f,-0.0887106306293004f,-0.8984465995798241f,-0.4300280592203291f,-0.4045212500836516f,0f,0f,0f,1f], start_interpolation: 0, interpolation_duration: 1 }
$data merge entity $(bone_left_arm) { transformation: [-0.7707038308298151f,-0.7942155431625848f,-0.0030421501008429065f,1f,-0.788130159000964f,0.7642633791410656f,0.13972944682858748f,1.4375f,-0.0981755374387681f,0.09947430239447855f,-1.0978335053849326f,-0.3061737499999999f,0f,0f,0f,1f], start_interpolation: 0, interpolation_duration: 1 }
$data merge entity $(bone_drillhead_right1) { transformation: [-0.48107050428204884f,0.2585845330386788f,0.8376784640797347f,-2.3546939596496337f,-0.7592321215136935f,0.35486299747454586f,-0.5455628641001846f,-0.08345600073467202f,-0.4383352091397989f,-0.8984465995798241f,0.02561156246346466f,1.322969699936419f,0f,0f,0f,1f], start_interpolation: 0, interpolation_duration: 1 }
$data merge entity $(bone_drillhead_right2) { transformation: [-0.589816276000499f,0.2585845330386788f,-0.7650168624534177f,-2.3810176514570616f,0.7945799180630864f,0.35486299747454586f,-0.4926611480868359f,0.22950831810053468f,0.1440816240044584f,-0.8984465995798241f,-0.41477004873506607f,1.439006153053743f,0f,0f,0f,1f], start_interpolation: 0, interpolation_duration: 1 }
$data merge entity $(bone_drillhead_right3) { transformation: [0.9580116995770172f,0.2585845330386788f,0.12388552274871883f,-2.06310116039069f,-0.21348880961770805f,0.35486299747454586f,0.9102168868964113f,0.022595235354256837f,0.1914056207157171f,-0.8984465995798241f,0.395167807471563f,1.4487813479643337f,0f,0f,0f,1f], start_interpolation: 0, interpolation_duration: 1 }
$data merge entity $(bone_drill_right) { transformation: [-0.7354631927449612f,0.39532543477575277f,1.2806473733101122f,-2.0916707819628435f,-1.1607181798774595f,0.5425164727136553f,-0.8340594617685428f,0.2916222674203776f,-0.6701292420486408f,-1.3735500280233828f,0.03915509542344145f,0.7939087617384807f,0f,0f,0f,1f], start_interpolation: 0, interpolation_duration: 1 }
$data merge entity $(bone_barrel_right) { transformation: [-1.9225858597210286f,0.5934866277228389f,-1.1041221527374665f,-2.548653096916969f,1.2521408787322967f,0.8144587814279063f,-1.7425408479037656f,-0.3887006817112218f,-0.0587820147575529f,-2.062056985032139f,-1.0060388455084133f,1.2747094578545455f,0f,0f,0f,1f], start_interpolation: 0, interpolation_duration: 1 }
$data merge entity $(bone_blaster_right) { transformation: [-0.8376784640797348f,0.2585845330386788f,-0.48107050428204867f,-2.2523483895205545f,0.5455628641001844f,0.35486299747454586f,-0.7592321215136936f,0.4906565642123965f,-0.025611562463464757f,-0.8984465995798241f,-0.4383352091397989f,0.5089063341262223f,0f,0f,0f,1f], start_interpolation: 0, interpolation_duration: 1 }
$data merge entity $(bone_rocket_right) { transformation: [-1.9302586454193058f,0.5958551543019178f,-1.1085285581106468f,-1.8128161534864509f,1.2571380072495946f,0.817709178625191f,-1.7494950977901138f,0.3990011418143637f,-0.059016605998233884f,-2.0702863815315404f,-1.0100538133844634f,0.04269178101585536f,0f,0f,0f,1f], start_interpolation: 0, interpolation_duration: 1 }
$data merge entity $(bone_sword_right) { transformation: [-2.231615916100844f,0.6888816942674706f,-1.281595075148418f,-1.5201953622639337f,1.4534058388346562f,0.9453721769837349f,-2.0226310679316866f,1.1900974297893456f,-0.06823044029485585f,-2.393505166199631f,-1.1677461833501994f,1.2226518768003602f,0f,0f,0f,1f], start_interpolation: 0, interpolation_duration: 1 }
$data merge entity $(bone_right_hand) { transformation: [-0.8376784640797348f,0.2585845330386788f,-0.48107050428204867f,-2.121461129508096f,0.5455628641001844f,0.35486299747454586f,-0.7592321215136936f,0.4054123666967427f,-0.025611562463464757f,-0.8984465995798241f,-0.4383352091397989f,0.5129081407611387f,0f,0f,0f,1f], start_interpolation: 0, interpolation_duration: 1 }
$data merge entity $(bone_right_arm_low) { transformation: [-0.6846250540355074f,0.2585845330386788f,-0.6814855645279998f,-1.8413839544836978f,0.7234769929999364f,0.35486299747454586f,-0.5921598547885107f,0.6965530566466516f,0.08871063062930021f,-0.8984465995798241f,-0.4300280592203293f,-0.40452125008365203f,0f,0f,0f,1f], start_interpolation: 0, interpolation_duration: 1 }
$data merge entity $(bone_right_arm) { transformation: [-0.7576705536549476f,0.8066466751576211f,0.005334052435823162f,-1f,0.8006677678705705f,0.7511311357907585f,0.13966073490022526f,1.4375f,0.09817553743876788f,0.09947430239447871f,-1.0978335053849326f,-0.30617375000000013f,0f,0f,0f,1f], start_interpolation: 0, interpolation_duration: 1 }