# This file was generated by Animated Java via MC-Build. It is not recommended to edit this file directly.
$data merge entity $(bone_barrel_left) { transformation: [-2.240731949881214f,-0.3512611722296006f,0.35126117222960107f,1.6280407490667725f,-0.4967583137021731f,1.5844367565823616f,-1.5844367565823618f,-1.4007220077244236f,-2.744105210169236e-16f,-1.6229061114942378f,-1.6229061114942376f,0.8488520314378575f,0f,0f,0f,1f], start_interpolation: 0, interpolation_duration: 1 }
$data merge entity $(bone_blaster_left) { transformation: [-0.9762960071199334f,-0.15304591873303097f,0.15304591873303117f,1.6358318012329731f,-0.21643961393810307f,0.6903455270798547f,-0.6903455270798549f,-0.27549533388400854f,-1.195617780139768e-16f,-0.7071067811865476f,-0.7071067811865475f,0.4230301180986273f,0f,0f,0f,1f], start_interpolation: 0, interpolation_duration: 1 }
$data merge entity $(bone_sword_left) { transformation: [-2.600899750607847f,-0.4077217247242f,0.4077217247242005f,1.2398778036596068f,-0.5766055927791136f,1.8391138508412088f,-1.839113850841209f,0.3554811511928354f,-3.185183554485049e-16f,-1.8837666419087202f,-1.88376664190872f,1.412872219917401f,0f,0f,0f,1f], start_interpolation: 0, interpolation_duration: 1 }
$data merge entity $(bone_rocket_left) { transformation: [-2.24967441451643f,-0.3526630090760624f,0.35266300907606285f,1.4163279606747825f,-0.4987408103826737f,1.5907600339664436f,-1.5907600339664438f,-0.007287855464400694f,-2.755056570861242e-16f,-1.629382914982081f,-1.6293829149820809f,0.02528255368119431f,0f,0f,0f,1f], start_interpolation: 0, interpolation_duration: 1 }
$data merge entity $(bone_drillhead_left1) { transformation: [0.15304591873303094f,-0.15304591873303097f,0.9762960071199334f,1.5664950873984835f,-0.6903455270798549f,0.6903455270798547f,0.2164396139381029f,-1.1255042106748498f,-0.7071067811865475f,-0.7071067811865476f,-3.74474678544007e-17f,0.9680689089206946f,0f,0f,0f,1f], start_interpolation: 0, interpolation_duration: 1 }
$data merge entity $(bone_drillhead_left2) { transformation: [-0.960548036140825f,-0.15304591873303097f,-0.23221631515715527f,1.329396717414304f,0.064219666478748f,0.6903455270798547f,-0.7206239571914024f,-0.9330368238030904f,0.27059805007309856f,-0.7071067811865476f,-0.6532814824381883f,1.2072915298891302f,0f,0f,0f,1f], start_interpolation: 0, interpolation_duration: 1 }
$data merge entity $(bone_drillhead_left3) { transformation: [0.8434117611603751f,-0.15304591873303097f,-0.5150082988608213f,1.6998286802365006f,0.46414792516286385f,0.6903455270798547f,0.5549682484681862f,-0.8508198790243092f,0.27059805007309845f,-0.7071067811865476f,0.6532814824381883f,1.2073834537706845f,0f,0f,0f,1f], start_interpolation: 0, interpolation_duration: 1 }
$data merge entity $(bone_drill_left) { transformation: [0.2339774295577842f,-0.23397742955778422f,1.4925666239549926f,1.446172314576185f,-1.0554039811712872f,1.055403981171287f,0.3308940541698139f,-0.5830895596046315f,-1.0810286772397253f,-1.0810286772397253f,-5.724989169625868e-17f,0.792768740971523f,0f,0f,0f,1f], start_interpolation: 0, interpolation_duration: 1 }
$data merge entity $(bone_left_hand) { transformation: [-0.9762960071199334f,-0.15304591873303097f,0.15304591873303117f,1.4832855501204836f,-0.21643961393810307f,0.6903455270798547f,-0.6903455270798549f,-0.3093140235618371f,-1.195617780139768e-16f,-0.7071067811865476f,-0.7071067811865475f,0.4230301180986273f,0f,0f,0f,1f], start_interpolation: 0, interpolation_duration: 1 }
$data merge entity $(bone_left_arm_low) { transformation: [-0.9762960071199334f,-0.15304591873303097f,0.15304591873303117f,1.274003815902864f,-0.21643961393810307f,0.6903455270798547f,-0.6903455270798549f,0.34593072992564067f,-1.195617780139768e-16f,-0.7071067811865476f,-0.7071067811865475f,-0.30617374999999986f,0f,0f,0f,1f], start_interpolation: 0, interpolation_duration: 1 }
$data merge entity $(bone_left_arm) { transformation: [-1.0804610960195888f,-0.23953245818088406f,1.355309468843381e-16f,1f,-0.23953245818088406f,1.0804610960195888f,0f,1.4375f,-1.3231832228436305e-16f,-2.933426582031169e-17f,-1.1066941666666668f,-0.3061737499999999f,0f,0f,0f,1f], start_interpolation: 0, interpolation_duration: 1 }
$data merge entity $(bone_drillhead_right1) { transformation: [-0.1830127018922194f,0.18301270189221933f,0.9659258262890683f,-1.6695380666617028f,-0.6830127018922193f,0.6830127018922193f,-0.25881904510252085f,-1.0548025274924344f,-0.7071067811865475f,-0.7071067811865476f,-3.871744873051051e-17f,1.0122630827448535f,0f,0f,0f,1f], start_interpolation: 0, interpolation_duration: 1 }
$data merge entity $(bone_drillhead_right2) { transformation: [-0.8223631719059994f,0.18301270189221933f,-0.5387255000821973f,-1.8024136342538262f,0.500495263503403f,0.6830127018922193f,-0.5319756951821668f,-0.8172903206314617f,0.27059805007309856f,-0.7071067811865476f,-0.6532814824381883f,1.20729152988913f,0f,0f,0f,1f], start_interpolation: 0, interpolation_duration: 1 }
$data merge entity $(bone_drillhead_right3) { transformation: [0.9624350297590465f,0.18301270189221933f,-0.200562121146575f,-1.4358729100390417f,0.022260026714733733f,0.6830127018922193f,0.7300672162647421f,-0.915409445072948f,0.27059805007309845f,-0.7071067811865476f,0.6532814824381883f,1.2073834537706842f,0f,0f,0f,1f], start_interpolation: 0, interpolation_duration: 1 }
$data merge entity $(bone_drill_right) { transformation: [-0.279790809971627f,0.2797908099716268f,1.4767126353289535f,-1.5108305915183575f,-1.0441935183049602f,1.0441935183049602f,-0.3956839580892282f,-0.470805128822581f,-1.0810286772397253f,-1.0810286772397253f,-5.919144533871843e-17f,0.6607956571560801f,0f,0f,0f,1f], start_interpolation: 0, interpolation_duration: 1 }
$data merge entity $(bone_barrel_right) { transformation: [-2.216930976258149f,0.42003901006798366f,-0.4200390100679834f,-1.7512444986198494f,0.5940248647639114f,1.5676069267346502f,-1.5676069267346504f,-1.3706258965568159f,-2.714957424005159e-16f,-1.6229061114942378f,-1.6229061114942376f,0.8488520314378571f,0f,0f,0f,1f], start_interpolation: 0, interpolation_duration: 1 }
$data merge entity $(bone_blaster_right) { transformation: [-0.9659258262890683f,0.18301270189221933f,-0.1830127018922192f,-1.7099464372706903f,0.2588190451025207f,0.6830127018922193f,-0.6830127018922194f,-0.2461303482576592f,-1.1829179713786698e-16f,-0.7071067811865476f,-0.7071067811865475f,0.42303011809862695f,0f,0f,0f,1f], start_interpolation: 0, interpolation_duration: 1 }
$data merge entity $(bone_rocket_right) { transformation: [-2.225778454357863f,0.421715330162024f,-0.42171533016202367f,-1.23747101326291f,0.5963955393757817f,1.5738630384953574f,-1.5738630384953576f,-0.05245752825271233f,-2.7257924597405e-16f,-1.629382914982081f,-1.6293829149820809f,0.025282553681193976f,0f,0f,0f,1f], start_interpolation: 0, interpolation_duration: 1 }
$data merge entity $(bone_sword_right) { transformation: [-2.5732730876490155f,0.48755468345479713f,-0.48755468345479674f,-1.2868464924458065f,0.6895064457402951f,1.8195788501214638f,-1.819578850121464f,0.3669743162193274f,-3.151350650121393e-16f,-1.8837666419087202f,-1.88376664190872f,1.4128722199174006f,0f,0f,0f,1f], start_interpolation: 0, interpolation_duration: 1 }
$data merge entity $(bone_right_hand) { transformation: [-0.9659258262890683f,0.18301270189221933f,-0.1830127018922192f,-1.5590205269130233f,0.2588190451025207f,0.6830127018922193f,-0.6830127018922194f,-0.28657082405492806f,-1.1829179713786698e-16f,-0.7071067811865476f,-0.7071067811865475f,0.42303011809862695f,0f,0f,0f,1f], start_interpolation: 0, interpolation_duration: 1 }
$data merge entity $(bone_right_arm_low) { transformation: [-0.9659258262890683f,0.18301270189221933f,-0.1830127018922192f,-1.321356607811869f,0.2588190451025207f,0.6830127018922193f,-0.6830127018922194f,0.35892154058425185f,-1.1829179713786698e-16f,-0.7071067811865476f,-0.7071067811865475f,-0.3061737500000002f,0f,0f,0f,1f], start_interpolation: 0, interpolation_duration: 1 }
$data merge entity $(bone_right_arm) { transformation: [-1.068984477386792f,0.2864335274371966f,1.355309468843381e-16f,-1f,0.2864335274371966f,1.068984477386792f,0f,1.4375f,-1.309128418569941e-16f,3.507799025444483e-17f,-1.1066941666666668f,-0.30617375000000013f,0f,0f,0f,1f], start_interpolation: 0, interpolation_duration: 1 }