# This file was generated by Animated Java via MC-Build. It is not recommended to edit this file directly.
$data merge entity $(bone_barrel_left) { transformation: [-0.6144691745898844f,2.1782274836101765f,0.381315035862472f,-0.5987614361834925f,-1.131420037015376f,0.030359701779495683f,-1.9966510666109587f,0.5648094964782697f,-1.8999907438642023f,-0.7225315298337035f,1.0656602906542108f,1.4664704452252348f,0f,0f,0f,1f], start_interpolation: 0, interpolation_duration: 1 }
$data merge entity $(bone_blaster_left) { transformation: [-0.26772671389015873f,0.9490625574202443f,0.1661405091256278f,0.41150405647733973f,-0.49296430328141483f,0.013227845314672668f,-0.8699489753994774f,1.1156518364327996f,-0.8278336803729638f,-0.3148099207637472f,0.4643125148312039f,1.115106786393125f,0f,0f,0f,1f], start_interpolation: 0, interpolation_duration: 1 }
$data merge entity $(bone_sword_left) { transformation: [-0.7132369059278876f,2.528348524324473f,0.44260634643528024f,-0.04750625771171857f,-1.3132807305496812f,0.035239619264144866f,-2.317586117998019f,2.030274829059417f,-2.205388936474794f,-0.8386688447274595f,1.2369509812818775f,0.41691441156075926f,0f,0f,0f,1f], start_interpolation: 0, interpolation_duration: 1 }
$data merge entity $(bone_rocket_left) { transformation: [-0.6169214397363207f,2.186920501193414f,0.38283681370085065f,0.8545868179624763f,-1.135935384631641f,0.030480863330975872f,-2.0046194367468786f,0.9908682757399476f,-1.9075733554457188f,-0.7254150575370992f,1.0699131998265168f,0.857372345629926f,0f,0f,0f,1f], start_interpolation: 0, interpolation_duration: 1 }
$data merge entity $(bone_drillhead_left1) { transformation: [0.16614050912562775f,0.9490625574202443f,0.2677267138901588f,-0.5367847368257344f,-0.8699489753994775f,0.013227845314672668f,0.49296430328141466f,0.812892989045988f,0.4643125148312037f,-0.3148099207637472f,0.8278336803729639f,1.2980696209639306f,0f,0f,0f,1f], start_interpolation: 0, interpolation_duration: 1 }
$data merge entity $(bone_drillhead_left2) { transformation: [-0.3109264515567017f,0.9490625574202443f,0.051039238094859815f,-0.6438120961413062f,-0.12252457017202051f,0.013227845314672668f,-0.9923773243139391f,1.0136322659161463f,-0.9425033004857437f,-0.3148099207637472f,0.1121705949088419f,0.9838472768809745f,0f,0f,0f,1f], start_interpolation: 0, interpolation_duration: 1 }
$data merge entity $(bone_drillhead_left3) { transformation: [0.1837680109825442f,0.9490625574202443f,-0.25594839370948447f,-0.5422457967970489f,0.7883546899487508f,0.013227845314672668f,0.6150787810875453f,1.2007988155469438f,0.5871338867544003f,-0.3148099207637472f,-0.745767063373943f,1.2979053018952662f,0f,0f,0f,1f], start_interpolation: 0, interpolation_duration: 1 }
$data merge entity $(bone_drill_left) { transformation: [0.2539965102790175f,1.4509319785395889f,0.40930205038164164f,-0.09098224161052892f,-1.3299827058143379f,0.020222801567900364f,0.7536464970799361f,1.053634800176533f,0.7098434877000662f,-0.48128311208402086f,1.2655966146532893f,1.010450275523185f,0f,0f,0f,1f], start_interpolation: 0, interpolation_duration: 1 }
$data merge entity $(bone_left_hand) { transformation: [-0.26772671389015873f,0.9490625574202443f,0.1661405091256278f,0.3696717574320024f,-0.49296430328141483f,0.013227845314672668f,-0.8699489753994774f,1.0386261640450787f,-0.8278336803729638f,-0.3148099207637472f,0.4643125148312039f,0.9857577738348494f,0f,0f,0f,1f], start_interpolation: 0, interpolation_duration: 1 }
$data merge entity $(bone_left_arm_low) { transformation: [-0.12401460383607149f,0.9490625574202443f,0.28965607215856526f,1.3200351543674473f,-0.9027949499113456f,0.013227845314672668f,-0.4298677733011655f,0.9819959570746307f,-0.4118029339987189f,-0.3148099207637472f,0.855168437992639f,0.6719341833834522f,0f,0f,0f,1f], start_interpolation: 0, interpolation_duration: 1 }
$data merge entity $(bone_left_arm) { transformation: [-0.13724623864685795f,-0.3110151942302274f,1.0531880162009306f,1f,-0.9991179047630118f,0.475845423753274f,0.010321027519802864f,1.4375f,-0.45573990487260063f,-0.949532864194299f,-0.3397947284107154f,-0.3061737499999999f,0f,0f,0f,1f], start_interpolation: 0, interpolation_duration: 1 }
$data merge entity $(bone_drillhead_right1) { transformation: [-0.16614050912562797f,-0.9490625574202443f,0.2677267138901589f,0.5462749807384775f,-0.8699489753994772f,0.013227845314672668f,-0.492964303281415f,0.868910068370657f,0.46431251483120406f,-0.3148099207637474f,-0.8278336803729637f,1.2718129836952254f,0f,0f,0f,1f], start_interpolation: 0, interpolation_duration: 1 }
$data merge entity $(bone_drillhead_right2) { transformation: [-0.1837680109825442f,-0.9490625574202443f,-0.25594839370948474f,0.5412784539140454f,0.788354689948751f,0.013227845314672668f,-0.615078781087545f,1.2024271185814834f,0.5871338867543999f,-0.3148099207637474f,0.7457670633739432f,1.3008899849981121f,0f,0f,0f,1f], start_interpolation: 0, interpolation_duration: 1 }
$data merge entity $(bone_drillhead_right3) { transformation: [0.3109264515567019f,-0.9490625574202443f,0.051039238094859996f,0.6428879497906754f,-0.12252457017202084f,0.013227845314672668f,0.992377324313939f,1.01548675568429f,-0.9425033004857436f,-0.3148099207637474f,-0.11217059490884229f,0.9867112387299644f,0f,0f,0f,1f], start_interpolation: 0, interpolation_duration: 1 }
$data merge entity $(bone_drill_right) { transformation: [-0.2539965102790178f,-1.4509319785395889f,0.40930205038164186f,-0.06533569847760468f,-1.3299827058143376f,0.020222801567900364f,-0.7536464970799367f,1.0328653613118397f,0.7098434877000668f,-0.4812831120840212f,-1.2655966146532889f,0.9737837660756354f,0f,0f,0f,1f], start_interpolation: 0, interpolation_duration: 1 }
$data merge entity $(bone_barrel_right) { transformation: [-0.6144691745898848f,-2.1782274836101765f,-0.3813150358624723f,0.5987614361834925f,1.131420037015376f,0.030359701779495683f,-1.9966510666109587f,0.5648094964782697f,1.8999907438642023f,-0.7225315298337041f,1.0656602906542108f,1.466470445225235f,0f,0f,0f,1f], start_interpolation: 0, interpolation_duration: 1 }
$data merge entity $(bone_blaster_right) { transformation: [-0.26772671389015895f,-0.9490625574202443f,-0.16614050912562792f,-0.41150405647734f,0.49296430328141483f,0.013227845314672668f,-0.8699489753994774f,1.1156518364327996f,0.8278336803729638f,-0.3148099207637474f,0.4643125148312039f,1.115106786393125f,0f,0f,0f,1f], start_interpolation: 0, interpolation_duration: 1 }
$data merge entity $(bone_rocket_right) { transformation: [-0.6169214397363213f,-2.186920501193414f,-0.38283681370085093f,-0.7876551394899368f,1.135935384631641f,0.030480863330975872f,-2.0046194367468786f,0.8676271999195939f,1.9075733554457188f,-0.7254150575370997f,1.0699131998265168f,0.650413925536685f,0f,0f,0f,1f], start_interpolation: 0, interpolation_duration: 1 }
$data merge entity $(bone_sword_right) { transformation: [-0.7132369059278882f,-2.528348524324473f,-0.4426063464352806f,0.04750625771171846f,1.3132807305496812f,0.035239619264144866f,-2.317586117998019f,2.030274829059417f,2.205388936474794f,-0.8386688447274601f,1.2369509812818775f,0.41691441156075926f,0f,0f,0f,1f], start_interpolation: 0, interpolation_duration: 1 }
$data merge entity $(bone_right_hand) { transformation: [-0.26772671389015895f,-0.9490625574202443f,-0.16614050912562792f,-0.36967175743200265f,0.49296430328141483f,0.013227845314672668f,-0.8699489753994774f,1.0386261640450787f,0.8278336803729638f,-0.3148099207637474f,0.4643125148312039f,0.9857577738348494f,0f,0f,0f,1f], start_interpolation: 0, interpolation_duration: 1 }
$data merge entity $(bone_right_arm_low) { transformation: [-0.1240146038360716f,-0.9490625574202443f,-0.2896560721585655f,-1.3200351543674476f,0.9027949499113456f,0.013227845314672668f,-0.4298677733011655f,0.9819959570746307f,0.4118029339987189f,-0.3148099207637474f,0.855168437992639f,0.671934183383452f,0f,0f,0f,1f], start_interpolation: 0, interpolation_duration: 1 }
$data merge entity $(bone_right_arm) { transformation: [-0.1372462386468581f,0.31101519423022767f,-1.0531880162009306f,-1f,0.9991179047630118f,0.475845423753274f,0.010321027519802864f,1.4375f,0.45573990487260063f,-0.949532864194299f,-0.3397947284107156f,-0.30617375000000013f,0f,0f,0f,1f], start_interpolation: 0, interpolation_duration: 1 }