execute if entity @s[tag=aj.mech_legs.bone.foot] run data modify entity @s {} merge value {transformation:[-0.9987191103076823f,-0.0041570331281066105f,-0.05042675660602384f,0.7786350899258652f,-0.01436768764021182f,0.9788946656715365f,0.2038597632483785f,-1.6489608203948891f,0.048515031259442135f,0.20432315726657962f,-0.9777005365379077f,-0.5313897293412742f,0f,0f,0f,1f],start_interpolation:0}
execute if entity @s[tag=aj.mech_legs.bone.leg_low] run data modify entity @s {} merge value {transformation:[-0.9988377255858045f,-0.004592891553471593f,-0.047980238575429324f,0.7926922387102909f,-0.0228181022720242f,0.9218929014405864f,0.3867723005621801f,-0.5236067277677207f,0.04245623811974524f,0.38741758300396734f,-0.9209262099778049f,-0.31469883289592615f,0f,0f,0f,1f],start_interpolation:0}
execute if entity @s[tag=aj.mech_legs.bone.bone4] run data modify entity @s {} merge value {transformation:[-0.9988377255858045f,0.04802235780564387f,0.004129297441912032f,0.8191128515574866f,-0.0228181022720242f,-0.5465827451794203f,0.8370941624935828f,-0.8793478479571187f,0.04245623811974524f,0.8360270066349029f,0.5470432451112104f,0.11568709838920652f,0f,0f,0f,1f],start_interpolation:0}
execute if entity @s[tag=aj.mech_legs.bone.leg] run data modify entity @s {} merge value {transformation:[-0.9988377255858045f,-0.031081753751779635f,-0.036839143995087587f,0.8088080545046166f,-0.0228181022720242f,0.9781576265855418f,-0.20660830516037618f,-0.19057687499999998f,0.04245623811974524f,-0.20552757025823423f,-0.9777299656390133f,0.003804280731707247f,0f,0f,0f,1f],start_interpolation:0}
execute if entity @s[tag=aj.mech_legs.bone.foot2] run data modify entity @s {} merge value {transformation:[-0.9992549462411648f,0.005639788743341466f,-0.03818042948288211f,-0.6574442683109608f,0.006715602201604112f,0.9995823406743013f,-0.028107737353878864f,-2.1319831592934895f,0.03800596136972022f,-0.028343200154804477f,-0.9988754726718181f,0.008882438267491355f,0f,0f,0f,1f],start_interpolation:0}
execute if entity @s[tag=aj.mech_legs.bone.leg_low2] run data modify entity @s {} merge value {transformation:[-0.996110456129164f,-0.07428248212753522f,-0.04739274247309558f,-0.7822794275247201f,-0.07179382811047424f,0.996051818768893f,-0.05221513738777156f,-1.0295321331977554f,0.05108429734656657f,-0.04860953791338274f,-0.9975106552756492f,-0.2785063226670517f,0f,0f,0f,1f],start_interpolation:0}
execute if entity @s[tag=aj.mech_legs.bone.bone3] run data modify entity @s {} merge value {transformation:[-0.996110456129164f,-0.00514204423123785f,-0.0879631659916396f,-0.7663976082109095f,-0.07179382811047424f,0.6261325641056905f,0.7764043137513321f,-0.8470933694598193f,0.05108429734656657f,0.7796996675307469f,-0.6240663610683164f,0.2875780717045446f,0f,0f,0f,1f],start_interpolation:0}
execute if entity @s[tag=aj.mech_legs.bone.leg2] run data modify entity @s {} merge value {transformation:[-0.996110456129164f,-0.08562213990527896f,-0.02080404643788279f,-0.835537144254185f,-0.07179382811047424f,0.9255576359566162f,-0.3717374191114524f,-0.19057687499999998f,0.05108429734656657f,-0.3687979279774235f,-0.9281047801213863f,0.061226080382425316f,0f,0f,0f,1f],start_interpolation:0}
execute if entity @s[tag=aj.mech_legs.bone.hips] run data modify entity @s {} merge value {transformation:[-0.9993908270190958f,0f,-0.03489949670250088f,-0.014500000000000013f,0f,1f,0f,0.20612937500000006f,0.03489949670250088f,0f,-0.9993908270190958f,0f,0f,0f,0f,1f],start_interpolation:0}