execute if entity @s[tag=aj.mech_legs.bone.foot] run data modify entity @s {} merge value {transformation:[-0.9892263709774071f,-0.030457654791754038f,0.1431904962888793f,0.6281471563189961f,-0.03084359959334134f,0.9995241097143617f,-0.0004758821685240111f,-2.016364279086511f,-0.14310785906788928f,-0.004887265523687678f,-0.9896950314661109f,1.0655407023600385f,0f,0f,0f,1f],start_interpolation:0}
execute if entity @s[tag=aj.mech_legs.bone.leg_low] run data modify entity @s {} merge value {transformation:[-0.9892263709774071f,0.04521814535508381f,0.1392354347625479f,0.7417665065849639f,-0.03084359959334134f,0.8653753296233996f,-0.5001741809043305f,-1.1625953347321474f,-0.14310785906788928f,-0.49908001183160877f,-0.8546574064870476f,0.30940340349948914f,0f,0f,0f,1f],start_interpolation:0}
execute if entity @s[tag=aj.mech_legs.bone.bone4] run data modify entity @s {} merge value {transformation:[-0.9892263709774071f,-0.11133253330776151f,0.09505921307345963f,0.6813420127349448f,-0.03084359959334134f,0.7932654898524623f,0.6080941826504005f,-0.7128103130966688f,-0.14310785906788928f,0.5986108332100325f,-0.7881530378274234f,0.6301440948770267f,0f,0f,0f,1f],start_interpolation:0}
execute if entity @s[tag=aj.mech_legs.bone.leg] run data modify entity @s {} merge value {transformation:[-0.9892263709774071f,0.07971415668504554f,0.12278778516962195f,0.7429753591759705f,-0.03084359959334134f,0.7064337764300626f,-0.707106775446881f,-0.19707687499999998f,-0.14310785906788928f,-0.7032758866495795f,-0.6963642494630614f,0.16404350664198897f,0f,0f,0f,1f],start_interpolation:0}
execute if entity @s[tag=aj.mech_legs.bone.foot2] run data modify entity @s {} merge value {transformation:[-0.984807753012208f,-2.7755575615628914e-17f,0.17364817766693041f,-0.5192431319793294f,0f,1f,1.1102230246251565e-16f,-2.0246200194358313f,-0.17364817766693044f,1.1102230246251565e-16f,-0.984807753012208f,-1.198549652088003f,0f,0f,0f,1f],start_interpolation:0}
execute if entity @s[tag=aj.mech_legs.bone.leg_low2] run data modify entity @s {} merge value {transformation:[-0.984807753012208f,-0.09960050292505128f,0.1422442597229241f,-0.6275540444056418f,0f,0.8191520442889918f,0.5735764363510462f,-0.9712662401993534f,-0.17364817766693044f,0.5648625214636235f,-0.8067072841115986f,-0.7600420194924438f,0f,0f,0f,1f],start_interpolation:0}
execute if entity @s[tag=aj.mech_legs.bone.bone3] run data modify entity @s {} merge value {transformation:[-0.984807753012208f,-0.17216259343480464f,0.022665635416815426f,-0.7228552512331448f,0f,0.13052619222005157f,0.9914448613738105f,-0.8839087904672365f,-0.17364817766693044f,0.9763825861650423f,-0.12854320606946856f,-0.21956201782399903f,0f,0f,0f,1f],start_interpolation:0}
execute if entity @s[tag=aj.mech_legs.bone.leg2] run data modify entity @s {} merge value {transformation:[-0.984807753012208f,-0.02266563541681543f,0.17216259343480464f,-0.7542746460967575f,0f,0.9914448613738104f,0.13052619222005157f,-0.19707687499999998f,-0.17364817766693044f,0.12854320606946854f,-0.9763825861650423f,-0.09996206615348457f,0f,0f,0f,1f],start_interpolation:0}
execute if entity @s[tag=aj.mech_legs.bone.hips] run data modify entity @s {} merge value {transformation:[-0.984807753012208f,0f,0.17364817766693044f,0f,0f,1f,0f,0.199629375f,-0.17364817766693044f,0f,-0.984807753012208f,0f,0f,0f,0f,1f],start_interpolation:0}