execute if entity @s[tag=aj.mech_legs.bone.foot] run data modify entity @s {} merge value {transformation:[-0.9997989489542084f,0.009640758788468254f,-0.01758173597921795f,0.8883677592348832f,0.009757731113956438f,0.9999307463519518f,-0.006579451613650186f,-2.1349308992386424f,0.01751708747389475f,-0.006749686660224442f,-0.9998237811616709f,-0.039936463317239435f,0f,0f,0f,1f],start_interpolation:0}
execute if entity @s[tag=aj.mech_legs.bone.leg_low] run data modify entity @s {} merge value {transformation:[-0.9982034724754868f,-0.05987198373428462f,-0.0022744453393832437f,0.8511608287411938f,-0.05969614131068153f,0.9970804780685585f,-0.047611878425346144f,-1.026231522414851f,0.0051184226569741045f,-0.04739056676487813f,-0.9988633219471061f,-0.3279915239926716f,0f,0f,0f,1f],start_interpolation:0}
execute if entity @s[tag=aj.mech_legs.bone.bone4] run data modify entity @s {} merge value {transformation:[-0.9982034724754868f,-0.03105054368984709f,-0.051241499533534164f,0.8430691000470271f,-0.05969614131068153f,0.5884804310496696f,0.806304627906978f,-0.843414662532379f,0.0051184226569741045f,0.8079149992469257f,-0.5892768074015342f,0.2261380605987419f,0f,0f,0f,1f],start_interpolation:0}
execute if entity @s[tag=aj.mech_legs.bone.leg] run data modify entity @s {} merge value {transformation:[-0.9982034724754868f,-0.05718766679533824f,0.01787171800319301f,0.8127809177899928f,-0.05969614131068153f,0.9237978320848814f,-0.3781982762360088f,-0.1865768750000001f,0.0051184226569741045f,-0.37858570522641066f,-0.9255520868906979f,-0.007691265625990228f,0f,0f,0f,1f],start_interpolation:0}
execute if entity @s[tag=aj.mech_legs.bone.foot2] run data modify entity @s {} merge value {transformation:[-0.997812214147549f,0.007806552591129274f,-0.06564939477716386f,-0.8063987883917819f,-0.012623726865508394f,0.9522358759116725f,0.30510240599961636f,-1.6621224747732168f,0.06489550691681992f,0.3052636473007746f,-0.950054039946485f,-0.6202462378172228f,0f,0f,0f,1f],start_interpolation:0}
execute if entity @s[tag=aj.mech_legs.bone.leg_low2] run data modify entity @s {} merge value {transformation:[-0.9978686652060355f,0.014421919563270652f,-0.06364067281256264f,-0.8356383722032495f,-0.01821562247915418f,0.8749391007630138f,0.48389023657613245f,-0.5678467964117373f,0.06266033911192974f,0.4840181589487311f,-0.8728116083727684f,-0.2807169043097797f,0f,0f,0f,1f],start_interpolation:0}
execute if entity @s[tag=aj.mech_legs.bone.bone3] run data modify entity @s {} merge value {transformation:[-0.9978686652060355f,0.06151899757549106f,0.021760972800677427f,-0.8010270499850634f,-0.01821562247915418f,-0.582830991638497f,0.8123892086207095f,-0.8753477652469974f,0.06266033911192974f,0.8102613455688187f,0.5827093905021483f,0.18107811232604876f,0f,0f,0f,1f],start_interpolation:0}
execute if entity @s[tag=aj.mech_legs.bone.leg2] run data modify entity @s {} merge value {transformation:[-0.9978686652060355f,-0.03055633892506697f,-0.05765793225065859f,-0.8306022632693922f,-0.01821562247915418f,0.978900350981203f,-0.2035246765052691f,-0.1865768750000001f,0.06266033911192974f,-0.2020406221539964f,-0.9773705893375368f,0.07268358098279734f,0f,0f,0f,1f],start_interpolation:0}
execute if entity @s[tag=aj.mech_legs.bone.hips] run data modify entity @s {} merge value {transformation:[-0.9988061373414341f,0f,-0.04884976979561313f,-0.010500000000000002f,0f,1f,0f,0.21012937499999995f,0.04884976979561313f,0f,-0.9988061373414341f,0f,0f,0f,0f,1f],start_interpolation:0}