execute if entity @s[tag=aj.mech_legs.bone.foot] run data modify entity @s {} merge value {transformation:[-0.9998405759837249f,-0.0003933306818144043f,-0.017851271873681816f,0.6085108265749402f,-0.00019406795604692438f,0.9999376758168368f,-0.011162742478913384f,-2.0751887805633373f,0.017854549956854027f,-0.011157498509829375f,-0.999778338069415f,-0.2885081706263081f,0f,0f,0f,1f],start_interpolation:0}
execute if entity @s[tag=aj.mech_legs.bone.leg_low] run data modify entity @s {} merge value {transformation:[-0.9953979740313713f,0.08813356092642619f,-0.037621120832178265f,0.728875644071251f,0.08393582302290539f,0.9912934145939485f,0.10145020352930478f,-0.9423289187000856f,0.046234737024329856f,0.09782556731804726f,-0.9941290195297556f,-0.4138685547801826f,0f,0f,0f,1f],start_interpolation:0}
execute if entity @s[tag=aj.mech_legs.bone.bone4] run data modify entity @s {} merge value {transformation:[-0.9953979740313713f,0.08150978147869137f,0.050388776702132966f,0.7623137431827822f,0.08393582302290539f,0.48790758969363635f,0.8688503677462615f,-0.8754856126150934f,0.046234737024329856f,0.8690813192346515f,-0.4925038168884063f,0.1846785546518448f,0f,0f,0f,1f],start_interpolation:0}
execute if entity @s[tag=aj.mech_legs.bone.leg] run data modify entity @s {} merge value {transformation:[-0.9953979740313713f,0.06896035286319807f,-0.06653828241865463f,0.82267375f,0.08393582302290539f,0.9624423675390323f,-0.2581849468488232f,-0.19707687500000004f,0.046234737024329856f,-0.26258171851605616f,-0.9638014267438317f,0.032535000000000106f,0f,0f,0f,1f],start_interpolation:0}
execute if entity @s[tag=aj.mech_legs.bone.foot2] run data modify entity @s {} merge value {transformation:[-0.9997342136065541f,0.013362741206446512f,0.018786678576427324f,-0.8094181877329912f,0.015318643175003492f,0.9940165174535711f,0.10815036847256353f,-1.74913688308515f,-0.017229083427779207f,0.1084094100017331f,-0.9939570204527531f,-0.2501844922576733f,0f,0f,0f,1f],start_interpolation:0}
execute if entity @s[tag=aj.mech_legs.bone.leg_low2] run data modify entity @s {} merge value {transformation:[-0.9996410504540437f,0.01733221985011662f,0.02042949833459414f,-0.8156898318990996f,0.020764948794588577f,0.9830751585668983f,0.18202211269575402f,-0.6033606756383587f,-0.016928885039897815f,0.1823809934278648f,-0.9830821868427742f,-0.27723871106461717f,0f,0f,0f,1f],start_interpolation:0}
execute if entity @s[tag=aj.mech_legs.bone.bone3] run data modify entity @s {} merge value {transformation:[-0.9996410504540437f,-0.025125417148665008f,0.009299659146524239f,-0.8295083668648925f,0.020764948794588577f,-0.507276342753016f,0.8615332431106086f,-0.8722639056306466f,-0.016928885039897815f,0.8614171030901525f,0.5076159841406451f,0.20890157449204594f,0f,0f,0f,1f],start_interpolation:0}
execute if entity @s[tag=aj.mech_legs.bone.leg2] run data modify entity @s {} merge value {transformation:[-0.9996410504540437f,0.024861539891167465f,0.00998369076924212f,-0.82267375f,0.020764948794588577f,0.9544503295213353f,-0.2976464099870391f,-0.19707687500000004f,-0.016928885039897815f,-0.2973322591157144f,-0.9546239786117106f,0.0325349999999999f,0f,0f,0f,1f],start_interpolation:0}
execute if entity @s[tag=aj.mech_legs.bone.hips] run data modify entity @s {} merge value {transformation:[-1f,0f,1.2246467991473532e-16f,0f,0f,1f,0f,0.199629375f,-1.2246467991473532e-16f,0f,-1f,0f,0f,0f,0f,1f],start_interpolation:0}