execute if entity @s[tag=aj.mech_legs.bone.foot] run data modify entity @s {} merge value {transformation:[-0.9995596705071341f,-0.01639099295293635f,0.024734600172354463f,0.6674751023582928f,-0.016503833875942946f,0.999854275237104f,-0.00436483189600978f,-1.5792083728762465f,-0.024659451799760763f,-0.004771125664026904f,-0.9996845241359062f,0.3707676844738885f,0f,0f,0f,1f],start_interpolation:0}
execute if entity @s[tag=aj.mech_legs.bone.leg_low] run data modify entity @s {} merge value {transformation:[-0.9986716611235423f,0.04962348585137216f,0.013871658902355479f,0.7568589855734561f,0.04537542640813376f,0.9745484527476762f,-0.21953674846227955f,-0.5393884466482834f,-0.024412782451508228f,-0.21861569682680337f,-0.9755056089812639f,-0.10289825716389078f,0f,0f,0f,1f],start_interpolation:0}
execute if entity @s[tag=aj.mech_legs.bone.bone4] run data modify entity @s {} merge value {transformation:[-0.9986716611235423f,0.01348004911083504f,0.049731293414852044f,0.7564389709204559f,0.04537542640813376f,0.6873782843865532f,0.7248807935323426f,-0.27280679340592423f,-0.024412782451508228f,0.726174484838023f,-0.6870768760649766f,0.40977222374198496f,0f,0f,0f,1f],start_interpolation:0}
execute if entity @s[tag=aj.mech_legs.bone.leg] run data modify entity @s {} merge value {transformation:[-0.9986716611235423f,0.051489648328227826f,-0.0019311612516971013f,0.802552478077934f,0.04537542640813376f,0.8610888618360382f,-0.5064257524062105f,0.343423125f,-0.024412782451508228f,-0.5058406746565086f,-0.8622814087732749f,0.08548278660805175f,0f,0f,0f,1f],start_interpolation:0}
execute if entity @s[tag=aj.mech_legs.bone.foot2] run data modify entity @s {} merge value {transformation:[-0.9965536587086854f,-0.013678823459118628f,0.08181500536642121f,-0.6207525019810418f,0.008543067238506013f,0.9641401489322812f,0.26525608234119197f,-1.1268537403312961f,-0.0825095225806793f,0.26504087044381114f,-0.9607005338178466f,-0.9418208800947591f,0f,0f,0f,1f],start_interpolation:0}
execute if entity @s[tag=aj.mech_legs.bone.leg_low2] run data modify entity @s {} merge value {transformation:[-0.9967432662740094f,-0.03489060657284133f,0.07270149042762737f,-0.6732100921030781f,0.01414442511648473f,0.811932160238122f,0.5835804164030702f,-0.07881305047525905f,-0.07939015288776906f,0.5827081711663531f,-0.8087944058167198f,-0.4809160141282306f,0f,0f,0f,1f],start_interpolation:0}
execute if entity @s[tag=aj.mech_legs.bone.bone3] run data modify entity @s {} merge value {transformation:[-0.9967432662740094f,-0.07519454216697688f,-0.029131460068419622f,-0.7154187837549125f,0.01414442511648473f,-0.518674897058918f,0.85485454107646f,-0.35414847591129456f,-0.07939015288776906f,0.8516584597062483f,0.5180492945996906f,-0.00004066011328655167f,0f,0f,0f,1f],start_interpolation:0}
execute if entity @s[tag=aj.mech_legs.bone.leg2] run data modify entity @s {} merge value {transformation:[-0.9967432662740094f,0.020097380945347645f,0.07809581561490198f,-0.7140915318244642f,0.01414442511648473f,0.9970040457623881f,-0.07604517059980849f,0.343423125f,-0.07939015288776906f,-0.0746928913121416f,-0.9940413349614236f,-0.020571293857644973f,0f,0f,0f,1f],start_interpolation:0}
execute if entity @s[tag=aj.mech_legs.bone.hips] run data modify entity @s {} merge value {transformation:[-0.9975640502598242f,0f,0.06975647374412543f,0.04650000000000001f,0f,1f,0f,0.740129375f,-0.06975647374412543f,0f,-0.9975640502598242f,6.938893903907228e-18f,0f,0f,0f,1f],start_interpolation:0}