execute if entity @s[tag=aj.mech_legs.bone.foot] run data modify entity @s {} merge value {transformation:[-0.9991469805554436f,-0.02021133532244505f,0.036011292276499726f,0.8411405278612272f,-0.02271401618212737f,0.997253083952119f,-0.07050078025714451f,-1.7021985905628716f,-0.03448745736956932f,-0.07125860279623658f,-0.9968614882779404f,0.3655063042885804f,0f,0f,0f,1f],start_interpolation:0}
execute if entity @s[tag=aj.mech_legs.bone.leg_low] run data modify entity @s {} merge value {transformation:[-0.9988918483186532f,-0.022524584033495984f,0.0413245505318895f,0.8560806400374142f,-0.03239949528270926f,0.9659629232903556f,-0.2566435339800645f,-0.678353352934131f,-0.03413719478765665f,-0.2576980285963958f,-0.9656222750069309f,-0.1493646545545692f,0f,0f,0f,1f],start_interpolation:0}
execute if entity @s[tag=aj.mech_legs.bone.bone4] run data modify entity @s {} merge value {transformation:[-0.9988918483186532f,-0.026890221357265685f,-0.038626303963775296f,0.8417390746595641f,-0.03239949528270926f,-0.20239921604921984f,0.9787669947684622f,-0.8059092871979907f,-0.03413719478765665f,0.9789338452306255f,0.20130369741763582f,0.3913482175294954f,0f,0f,0f,1f],start_interpolation:0}
execute if entity @s[tag=aj.mech_legs.bone.leg] run data modify entity @s {} merge value {transformation:[-0.9988918483186532f,-0.011310838016721659f,0.04568523071961217f,0.8425310538809364f,-0.03239949528270926f,0.8693270649950857f,-0.4931741343303152f,-0.18357687500000008f,-0.03413719478765665f,-0.4941078010013498f,-0.8687301841893373f,0.07554582929545867f,0f,0f,0f,1f],start_interpolation:0}
execute if entity @s[tag=aj.mech_legs.bone.foot2] run data modify entity @s {} merge value {transformation:[-0.9998325216088564f,-0.0008911463605278335f,0.018279348769571734f,-0.6045878842600118f,-0.001209923895032825f,0.9998472566831141f,-0.017435578207201652f,-2.0842529623504573f,-0.018261019069147105f,-0.017454774745476798f,-0.999680882092451f,-0.6318671281609806f,0f,0f,0f,1f],start_interpolation:0}
execute if entity @s[tag=aj.mech_legs.bone.leg_low2] run data modify entity @s {} merge value {transformation:[-0.9969802132769784f,-0.07712983198057471f,0.009024597101186957f,-0.719382953528273f,-0.07141771213050169f,0.9563143204811932f,0.28348268172260294f,-0.9474523734954736f,-0.030495323055105248f,0.2819821084062641f,-0.9589348913302314f,-0.5419733292780174f,0f,0f,0f,1f],start_interpolation:0}
execute if entity @s[tag=aj.mech_legs.bone.bone3] run data modify entity @s {} merge value {transformation:[-0.9969802132769784f,-0.058489115344494094f,-0.05108304728977026f,-0.7422235203019985f,-0.07141771213050169f,0.4322643866531171f,0.8989143509953824f,-0.877159015755599f,-0.030495323055105248f,0.8998480557392026f,-0.43513619919990776f,0.040129123403209094f,0f,0f,0f,1f],start_interpolation:0}
execute if entity @s[tag=aj.mech_legs.bone.leg2] run data modify entity @s {} merge value {transformation:[-0.9969802132769784f,-0.06733673031677177f,0.038680991254578634f,-0.8005615545536647f,-0.07141771213050169f,0.9906554223267916f,-0.11619528651615382f,-0.18357687500000008f,-0.030495323055105248f,-0.11860690943099661f,-0.9924728894569322f,-0.010565005468978539f,0f,0f,0f,1f],start_interpolation:0}
execute if entity @s[tag=aj.mech_legs.bone.hips] run data modify entity @s {} merge value {transformation:[-0.9986295347545738f,0f,0.05233595624294395f,0.0226875f,0f,1f,0f,0.21312937499999995f,-0.05233595624294395f,0f,-0.9986295347545738f,6.938893903907228e-18f,0f,0f,0f,1f],start_interpolation:0}