execute if entity @s[tag=aj.mech_legs.bone.foot] run data modify entity @s {} merge value {transformation:[-0.987466570892211f,-0.004204742799145858f,0.1577722773758788f,1.0018376485705804f,0.0015197805462418936f,0.9993453903176439f,0.03614527794840444f,-1.7598848758260233f,-0.1578209797126778f,0.03593203290754893f,-0.9868137754275939f,-0.9709553889693824f,0f,0f,0f,1f],start_interpolation:0}
execute if entity @s[tag=aj.mech_legs.bone.leg_low] run data modify entity @s {} merge value {transformation:[-0.987711953083159f,-0.08910711861519358f,0.12839399966022408f,0.9622383120569926f,0.002909158000746029f,0.8109108951866676f,0.5851624192198985f,-0.7131380270855886f,-0.15625823029965008f,0.5783454343899116f,-0.8006871573741934f,-0.5058453922733244f,0f,0f,0f,1f],start_interpolation:0}
execute if entity @s[tag=aj.mech_legs.bone.bone4] run data modify entity @s {} merge value {transformation:[-0.987711953083159f,-0.1558977028565582f,0.011000180939424354f,0.874080301210051f,0.002909158000746029f,0.05203298596899705f,0.998641129320677f,-0.825214558410871f,-0.15625823029965008f,0.9864017815348869f,-0.050940071146623606f,0.04931687066414664f,0f,0f,0f,1f],start_interpolation:0}
execute if entity @s[tag=aj.mech_legs.bone.leg] run data modify entity @s {} merge value {transformation:[-0.987711953083159f,-0.014775140325786319f,0.155585323745542f,0.8687681756685953f,0.002909158000746029f,0.99361044827115f,0.1128264768843342f,-0.13632687500000007f,-0.15625823029965008f,0.11189268213229062f,-0.9813579332480397f,0.16082896814515352f,0f,0f,0f,1f],start_interpolation:0}
execute if entity @s[tag=aj.mech_legs.bone.foot2] run data modify entity @s {} merge value {transformation:[-0.9917191042859304f,-0.028105355841187243f,0.12531283720095368f,-0.787238023255213f,-0.02854551438281989f,0.9995910176385919f,-0.0017178663697395846f,-1.9639033126434797f,-0.12521330521527133f,-0.005280760294152809f,-0.9921157905042048f,0.7909014446313412f,0f,0f,0f,1f],start_interpolation:0}
execute if entity @s[tag=aj.mech_legs.bone.leg_low2] run data modify entity @s {} merge value {transformation:[-0.9913874733753254f,0.042659672098433674f,0.12381853662090672f,-0.7405580477206807f,-0.023523184890736838f,0.8720760953818893f,-0.4888046068073355f,-1.1016076293686015f,-0.12883143019886453f,-0.48750737044677783f,-0.863561825437521f,0.03734884771685937f,0f,0f,0f,1f],start_interpolation:0}
execute if entity @s[tag=aj.mech_legs.bone.bone3] run data modify entity @s {} merge value {transformation:[-0.9913874733753254f,-0.09560534858034454f,0.0895013684661833f,-0.7938616369329788f,-0.023523184890736838f,0.8023007809479162f,0.5964562990387141f,-0.6571918690754437f,-0.12883143019886453f,0.5892139460443844f,-0.7976398864022038f,0.36638685084893075f,0f,0f,0f,1f],start_interpolation:0}
execute if entity @s[tag=aj.mech_legs.bone.leg2] run data modify entity @s {} merge value {transformation:[-0.9913874733753254f,0.0733878080875727f,0.10846707914657928f,-0.7563223663087631f,-0.023523184890736838f,0.7149792653544704f,-0.6987498192384581f,-0.13632687500000007f,-0.12883143019886453f,-0.6952833089736035f,-0.7070951724171449f,-0.0965600878226279f,0f,0f,0f,1f],start_interpolation:0}
execute if entity @s[tag=aj.mech_legs.bone.hips] run data modify entity @s {} merge value {transformation:[-0.9876883405951378f,0f,0.15643446504023098f,0.0613125f,0f,1f,0f,0.26037937499999997f,-0.15643446504023098f,0f,-0.9876883405951378f,1.3877787807814457e-17f,0f,0f,0f,1f],start_interpolation:0}