execute if entity @s[tag=aj.mech_legs.bone.foot] run data modify entity @s {} merge value {transformation:[-0.9954891862551323f,0.01571379449710835f,-0.09356471937433003f,0.6097007760245575f,-0.0075662166741405955f,0.9698985745612263f,0.2433916749384441f,-1.2026909436003457f,0.09457289471267354f,0.24300171136558663f,-0.9654046487660298f,-0.978380977380674f,0f,0f,0f,1f],start_interpolation:0}
execute if entity @s[tag=aj.mech_legs.bone.leg_low] run data modify entity @s {} merge value {transformation:[-0.9956228264495155f,0.04609548141578826f,-0.08130432980920871f,0.6726667770602527f,-0.008962923544352904f,0.8188168937694918f,0.5739848085787798f,-0.14934346195877235f,0.09303146486117451f,0.5722011019481936f,-0.8148196398437244f,-0.5310905264878779f,0f,0f,0f,1f],start_interpolation:0}
execute if entity @s[tag=aj.mech_legs.bone.bone4] run data modify entity @s {} merge value {transformation:[-0.9956228264495155f,0.08873487222281608f,0.029348081781921758f,0.7224007044765168f,-0.008962923544352904f,-0.4032125999513969f,0.9150624378926132f,-0.35963508153933027f,0.09303146486117451f,0.9107940061792431f,0.4022429922991186f,-0.01909809739547457f,0f,0f,0f,1f],start_interpolation:0}
execute if entity @s[tag=aj.mech_legs.bone.leg] run data modify entity @s {} merge value {transformation:[-0.9956228264495155f,-0.015164086941210743f,-0.0922238468071966f,0.7249604214688151f,-0.008962923544352904f,0.9976934371599281f,-0.06728648786752565f,0.338079375f,0.09303146486117451f,-0.06616536794462792f,-0.9934622743871737f,-0.03384231329610759f,0f,0f,0f,1f],start_interpolation:0}
execute if entity @s[tag=aj.mech_legs.bone.foot2] run data modify entity @s {} merge value {transformation:[-0.9976075204293136f,0.013564074041190192f,-0.06778828127546854f,-0.659337883845496f,0.014097630478355893f,0.9998732497495945f,-0.00739873300510846f,-1.5800205195073365f,0.06767933213155003f,-0.008336685827729007f,-0.9976722947299065f,0.42760273861065057f,0f,0f,0f,1f],start_interpolation:0}
execute if entity @s[tag=aj.mech_legs.bone.leg_low2] run data modify entity @s {} merge value {transformation:[-0.9958901633966052f,-0.05125624432987765f,-0.07466980559154439f,-0.7647568413473314f,-0.03188070375526453f,0.9700765682543244f,-0.24069705534547386f,-0.5497764524510625f,0.08477265583873263f,-0.23732730382555833f,-0.9677237972071056f,-0.06337423388554259f,0f,0f,0f,1f],start_interpolation:0}
execute if entity @s[tag=aj.mech_legs.bone.bone3] run data modify entity @s {} merge value {transformation:[-0.9958901633966052f,0.041827843270654134f,-0.08033189887715055f,-0.7314267256204873f,-0.03188070375526453f,0.6683010114426083f,0.7432074937948727f,-0.2719025546647333f,0.08477265583873263f,0.7427140699031576f,-0.6642209024036623f,0.43268135618442927f,0f,0f,0f,1f],start_interpolation:0}
execute if entity @s[tag=aj.mech_legs.bone.leg2] run data modify entity @s {} merge value {transformation:[-0.9958901633966052f,-0.07151792381275884f,-0.05556949723900306f,-0.789601697288225f,-0.03188070375526453f,0.8511069323713898f,-0.5240234826774766f,0.338079375f,0.08477265583873263f,-0.5200982371080245f,-0.8498890636895929f,0.09866470230093746f,0f,0f,0f,1f],start_interpolation:0}
execute if entity @s[tag=aj.mech_legs.bone.hips] run data modify entity @s {} merge value {transformation:[-0.9961946980917455f,0f,-0.08715574274765805f,-0.03515625000000001f,0f,1f,0f,0.734785625f,0.08715574274765805f,0f,-0.9961946980917455f,0f,0f,0f,0f,1f],start_interpolation:0}