execute if entity @s[tag=aj.mech_legs.bone.foot] run data modify entity @s {} merge value {transformation:[-0.998489350022578f,0.004403603115356869f,-0.054768843068775955f,0.5954394644784688f,0.005114629243149315f,0.9999043682554091f,-0.012848926470958144f,-2.0369317992212954f,0.05470702385612761f,-0.013109638566847825f,-0.9984163855413489f,-0.5976779536449419f,0f,0f,0f,1f],start_interpolation:0}
execute if entity @s[tag=aj.mech_legs.bone.leg_low] run data modify entity @s {} merge value {transformation:[-0.9943246550981432f,0.08330350751086243f,-0.06617405760829834f,0.7036447328513793f,0.06331517366484497f,0.96321228557312f,0.2611767250441668f,-0.8973914106261385f,0.08549660255091562f,0.25550463509962695f,-0.9630200996837278f,-0.5401131685441778f,0f,0f,0f,1f],start_interpolation:0}
execute if entity @s[tag=aj.mech_legs.bone.bone4] run data modify entity @s {} merge value {transformation:[-0.9943246550981432f,0.10386054657807393f,0.023053570839729698f,0.7563167392726511f,0.06331517366484497f,0.40355468910044734f,0.9127621824379182f,-0.8721668843950637f,0.08549660255091562f,0.9090415830805237f,-0.40784032559655714f,0.053781534218844934f,0f,0f,0f,1f],start_interpolation:0}
execute if entity @s[tag=aj.mech_legs.bone.leg] run data modify entity @s {} merge value {transformation:[-0.9943246550981432f,0.05119980017902075f,-0.09325803303516031f,0.8051553045536647f,0.06331517366484497f,0.9892292128248038f,-0.13197254744002443f,-0.17898312500000002f,0.08549660255091562f,-0.13712820627298863f,-0.9868567200949707f,-0.010565005468978317f,0f,0f,0f,1f],start_interpolation:0}
execute if entity @s[tag=aj.mech_legs.bone.foot2] run data modify entity @s {} merge value {transformation:[-0.9993108840343283f,0.022590971568908786f,-0.02945174110476303f,-0.8438538709305615f,0.020262453307972803f,0.9968178060351364f,0.0770953601537672f,-1.8805345724047462f,0.031099679041293283f,0.07644546798123217f,-0.9965886314767285f,0.05271794213203457f,0f,0f,0f,1f],start_interpolation:0}
execute if entity @s[tag=aj.mech_legs.bone.leg_low2] run data modify entity @s {} merge value {transformation:[-0.9991822025331498f,0.026286381205816476f,-0.030723806797108986f,-0.8520931463961805f,0.02698565021445381f,0.9993809668178371f,-0.022571172870455153f,-0.7643686745723894f,0.030111473286884058f,-0.023381816125941174f,-0.9992730306833791f,-0.20743621348121477f,0f,0f,0f,1f],start_interpolation:0}
execute if entity @s[tag=aj.mech_legs.bone.bone3] run data modify entity @s {} merge value {transformation:[-0.9991822025331498f,0.025874572155220026f,0.031071412211032424f,-0.8370091929306298f,0.02698565021445381f,-0.14553248605303026f,0.9889853741010165f,-0.8226172930887908f,0.030111473286884058f,0.9890150666289208f,0.1447152278009622f,0.34529312436306836f,0f,0f,0f,1f],start_interpolation:0}
execute if entity @s[tag=aj.mech_legs.bone.leg2] run data modify entity @s {} merge value {transformation:[-0.9991822025331498f,0.011442012936285152f,-0.03878152241686066f,-0.8379373038809365f,0.02698565021445381f,0.9029682666691559f,-0.42885904918866224f,-0.17898312500000002f,0.030111473286884058f,-0.4295548739433254f,-0.9025385916668754f,0.07554582929545844f,0f,0f,0f,1f],start_interpolation:0}
execute if entity @s[tag=aj.mech_legs.bone.hips] run data modify entity @s {} merge value {transformation:[-0.9986295347545738f,0f,-0.052335956242943675f,-0.018093749999999978f,0f,1f,0f,0.21772312500000002f,0.052335956242943675f,0f,-0.9986295347545738f,0f,0f,0f,0f,1f],start_interpolation:0}