execute if entity @s[tag=aj.mech_legs.bone.foot] run data modify entity @s {} merge value {transformation:[-0.9875399302779762f,0.0043968755865982645f,-0.15730719497736345f,0.5386925688606723f,-0.0009492027713327817f,0.9994249927156678f,0.033893700733119925f,-1.484268516916143f,0.15736576857966653f,0.033620699284270916f,-0.9869679140980052f,-1.176591125130496f,0f,0f,0f,1f],start_interpolation:0}
execute if entity @s[tag=aj.mech_legs.bone.leg_low] run data modify entity @s {} merge value {transformation:[-0.9875521960127147f,0.08947858469731437f,-0.12936090225037203f,0.6387650266241816f,-0.001019959875642021f,0.8187668429103498f,0.5741252621444821f,-0.4311865635550612f,0.15728833342723433f,0.567110606346931f,-0.808483729172393f,-0.7354808390009029f,0f,0f,0f,1f],start_interpolation:0}
execute if entity @s[tag=aj.mech_legs.bone.bone4] run data modify entity @s {} merge value {transformation:[-0.9875521960127147f,0.15694062591862606f,-0.010502384811777156f,0.7257921946250699f,-0.001019959875642021f,0.06037923049596525f,0.9981749887702892f,-0.382696721076955f,0.15728833342723433f,0.9857606141761726f,-0.059467568528553214f,-0.1887567006493997f,0f,0f,0f,1f],start_interpolation:0}
execute if entity @s[tag=aj.mech_legs.bone.leg] run data modify entity @s {} merge value {transformation:[-0.9875521960127147f,0.015337233480745017f,-0.15654210110900482f,0.751623095021567f,-0.001019959875642021f,0.9945893685836137f,0.10387948585885798f,0.30720437500000003f,0.15728833342723433f,0.10274608104256683f,-0.9821932717128933f,-0.0867829337576133f,0f,0f,0f,1f],start_interpolation:0}
execute if entity @s[tag=aj.mech_legs.bone.foot2] run data modify entity @s {} merge value {transformation:[-0.9916305348346491f,0.027666619955932423f,-0.12610884395537644f,-0.6439380265968665f,0.02804512174901769f,0.9996059056706095f,-0.0012265783805107122f,-1.5354628244927717f,0.12602520989718785f,-0.004753050457838914f,-0.9920156525890685f,0.9783700979690142f,0f,0f,0f,1f],start_interpolation:0}
execute if entity @s[tag=aj.mech_legs.bone.leg_low2] run data modify entity @s {} merge value {transformation:[-0.9913240787723255f,-0.04020759172871497f,-0.12513960369753938f,-0.7486899844310297f,0.023115016432816715f,0.8838974447676922f,-0.4671091983128306f,-0.6533890423839904f,0.1293919118859863f,-0.4659491996994112f,-0.8752994210200118f,0.2541137537971639f,0f,0f,0f,1f],start_interpolation:0}
execute if entity @s[tag=aj.mech_legs.bone.bone3] run data modify entity @s {} merge value {transformation:[-0.9913240787723255f,0.09926094415508503f,-0.08616168412723448f,-0.6933628008084025f,0.023115016432816715f,0.7769561056070045f,0.6291302774269474f,-0.22312313191312722f,0.1293919118859863f,0.6216803639535662f,-0.7725097139926792f,0.601133633867553f,0f,0f,0f,1f],start_interpolation:0}
execute if entity @s[tag=aj.mech_legs.bone.leg2] run data modify entity @s {} merge value {transformation:[-0.9913240787723255f,-0.07192880196694386f,-0.11001280968051136f,-0.7500064043813992f,0.023115016432816715f,0.7285333034664758f,-0.6846202755948253f,0.30720437500000003f,0.1293919118859863f,-0.6812235119164812f,-0.7205499704744046f,0.1510518140801389f,0f,0f,0f,1f],start_interpolation:0}
execute if entity @s[tag=aj.mech_legs.bone.hips] run data modify entity @s {} merge value {transformation:[-0.9876883405951378f,0f,-0.15643446504023076f,-0.004281250000000014f,0f,1f,0f,0.703910625f,0.15643446504023076f,0f,-0.9876883405951378f,0f,0f,0f,0f,1f],start_interpolation:0}