execute if entity @s[tag=aj.mech_legs.bone.foot] run data modify entity @s {} merge value {transformation:[-0.9962484826041383f,-0.006275095543509374f,0.0863109731428835f,0.6709699717718806f,-0.028332836927358173f,0.9660496878093479f,-0.25679807443808816f,-1.1669651923239488f,-0.08176925620671534f,-0.2582801267217087f,-0.962603326859002f,0.8642923185334882f,0f,0f,0f,1f],start_interpolation:0}
execute if entity @s[tag=aj.mech_legs.bone.leg_low] run data modify entity @s {} merge value {transformation:[-0.9962787027697985f,0.021638715568119755f,0.08342968533974848f,0.7452482212667498f,-0.03351181172257362f,0.7945579468691026f,-0.6062628370123203f,-0.4174587547042456f,-0.07940846858111675f,-0.6068026327033513f,-0.7908760080201469f,0.00040735892048904265f,0f,0f,0f,1f],start_interpolation:0}
execute if entity @s[tag=aj.mech_legs.bone.bone4] run data modify entity @s {} merge value {transformation:[-0.9962787027697985f,-0.08579913626824365f,-0.00820089159486891f,0.6974618477397007f,-0.03351181172257362f,0.29794589132848803f,0.953994341867678f,-0.23765629815451877f,-0.07940846858111675f,0.9507190721007424f,-0.2997124306089181f,0.5240673778008855f,0f,0f,0f,1f],start_interpolation:0}
execute if entity @s[tag=aj.mech_legs.bone.leg] run data modify entity @s {} merge value {transformation:[-0.9962787027697985f,0.02396482787482373f,0.08279150579774172f,0.7216086051067947f,-0.03351181172257362f,0.7772819480268659f,-0.6282592870357201f,0.32492312500000003f,-0.07940846858111675f,-0.628695840845548f,-0.7735863460668829f,0.11181656376971627f,0f,0f,0f,1f],start_interpolation:0}
execute if entity @s[tag=aj.mech_legs.bone.foot2] run data modify entity @s {} merge value {transformation:[-0.9970681298851507f,-0.004475883716002178f,0.07638789715844374f,-0.5873812283445277f,-0.005430262295298823f,0.9999097212194908f,-0.01229071446924973f,-1.4936506072954667f,-0.07632598914349166f,-0.012669486008563657f,-0.9970024210128812f,-1.0340115869438078f,0f,0f,0f,1f],start_interpolation:0}
execute if entity @s[tag=aj.mech_legs.bone.leg_low2] run data modify entity @s {} merge value {transformation:[-0.9950771087401588f,-0.07950754608677044f,0.05916162418820457f,-0.6930009901686234f,-0.03935688821234783f,0.8649080960867515f,0.5003848725469542f,-0.4073916746542665f,-0.09095374105316963f,0.49559311480169993f,-0.8637794171833351f,-0.684068192955044f,0f,0f,0f,1f],start_interpolation:0}
execute if entity @s[tag=aj.mech_legs.bone.bone3] run data modify entity @s {} merge value {transformation:[-0.9950771087401588f,-0.0976318529622984f,-0.017016725550893234f,-0.7456889778422342f,-0.03935688821234783f,0.23171856532018592f,0.9719863897381462f,-0.36714127978068495f,-0.09095374105316963f,0.9678711318006664f,-0.2344203259432298f,-0.12505347229249617f,0f,0f,0f,1f],start_interpolation:0}
execute if entity @s[tag=aj.mech_legs.bone.leg2] run data modify entity @s {} merge value {transformation:[-0.9950771087401588f,-0.04552616001735824f,0.08802792974619005f,-0.7904102722116211f,-0.03935688821234783f,0.9967285377730346f,0.07059219035466315f,0.32492312500000003f,-0.09095374105316963f,0.0667801672871679f,-0.9936135195565381f,-0.047103024038102716f,0f,0f,0f,1f],start_interpolation:0}
execute if entity @s[tag=aj.mech_legs.bone.hips] run data modify entity @s {} merge value {transformation:[-0.9945218953682733f,0f,0.1045284632676536f,-0.030999999999999993f,0f,1f,0f,0.721629375f,-0.1045284632676536f,0f,-0.9945218953682733f,0f,0f,0f,0f,1f],start_interpolation:0}