execute if entity @s[tag=aj.mech_legs.bone.foot] run data modify entity @s {} merge value {transformation:[-0.9996433932814698f,-0.02093503626622946f,0.01657741008844367f,0.6999533256185088f,-0.021141227859950016f,0.9997000685309212f,-0.012362097873970301f,-1.6958924251384173f,-0.016313637034164066f,-0.01270815627082078f,-0.9997861611419286f,0.2218204140425128f,0f,0f,0f,1f],start_interpolation:0}
execute if entity @s[tag=aj.mech_legs.bone.leg_low] run data modify entity @s {} merge value {transformation:[-0.9994805865282589f,-0.024600468169489048f,0.020817639610902522f,0.707763994465777f,-0.027526943330882948f,0.9876030619440218f,-0.15453950766600594f,-0.6239329158373648f,-0.01675782038290839f,-0.15503228374965994f,-0.9877672633021302f,-0.18366224366082012f,0f,0f,0f,1f],start_interpolation:0}
execute if entity @s[tag=aj.mech_legs.bone.bone4] run data modify entity @s {} merge value {transformation:[-0.9994805865282589f,-0.007815529715638517f,-0.031264590967921405f,0.7029540850707523f,-0.027526943330882948f,-0.2974323566714275f,0.9543459857911801f,-0.7748726946400366f,-0.01675782038290839f,0.9547109042532954f,0.29706272865485756f,0.3511520457860982f,0f,0f,0f,1f],start_interpolation:0}
execute if entity @s[tag=aj.mech_legs.bone.leg] run data modify entity @s {} merge value {transformation:[-0.9994805865282589f,-0.016714767368088274f,0.027553106992826645f,0.7005752175654915f,-0.027526943330882948f,0.8873825420595668f,-0.4602113551823331f,-0.14107687500000005f,-0.01675782038290839f,-0.46073076801938445f,-0.8873817300667636f,0.05904486183851919f,0f,0f,0f,1f],start_interpolation:0}
execute if entity @s[tag=aj.mech_legs.bone.foot2] run data modify entity @s {} merge value {transformation:[-0.9999995246273118f,-0.0002289098621501757f,0.000947810859636404f,-0.6230066618657565f,-0.00023457028201850135f,0.9999821142441567f,-0.005976300575521842f,-2.01727595388252f,-0.000946425873181854f,-0.005976520062812296f,-0.999981692575422f,-0.5464506835156413f,0f,0f,0f,1f],start_interpolation:0}
execute if entity @s[tag=aj.mech_legs.bone.leg_low2] run data modify entity @s {} merge value {transformation:[-0.9968060040392448f,-0.07943670594657325f,-0.008221925545203818f,-0.7444365712985561f,-0.07908206627044816f,0.9674927924654215f,0.2402159930601147f,-0.8783431480806827f,-0.01112731349920838f,0.24009895100940853f,-0.9706846432382004f,-0.5056925825975453f,0f,0f,0f,1f],start_interpolation:0}
execute if entity @s[tag=aj.mech_legs.bone.bone3] run data modify entity @s {} merge value {transformation:[-0.9968060040392448f,-0.04416049433679059f,-0.06654052187384396f,-0.7547940352428261f,-0.07908206627044816f,0.4297305738326218f,0.8994874433297454f,-0.8312303836676345f,-0.01112731349920838f,0.9018766460294978f,-0.4318503192552652f,0.08731735544734413f,0f,0f,0f,1f],start_interpolation:0}
execute if entity @s[tag=aj.mech_legs.bone.leg2] run data modify entity @s {} merge value {transformation:[-0.9968060040392448f,-0.0762313017835123f,0.02380291872238141f,-0.8188461278159233f,-0.07908206627044816f,0.9837476610653677f,-0.1612034929609618f,-0.14107687500000005f,-0.01112731349920838f,-0.1625709936514183f,-0.9866341038690488f,0.005985499275613357f,0f,0f,0f,1f],start_interpolation:0}
execute if entity @s[tag=aj.mech_legs.bone.hips] run data modify entity @s {} merge value {transformation:[-0.9993908270190958f,0f,0.03489949670250113f,-0.058f,0f,1f,0f,0.25562937499999994f,-0.03489949670250113f,0f,-0.9993908270190958f,-6.938893903907228e-18f,0f,0f,0f,1f],start_interpolation:0}