execute if entity @s[tag=aj.mech_legs.bone.foot] run data modify entity @s {} merge value {transformation:[-0.9980790254950578f,-0.023235104481218457f,0.057431600940447525f,0.6766037987061411f,-0.02305728588367235f,0.9997270860610304f,0.0037569886345187875f,-1.5592736741272735f,-0.05750322107947131f,0.002425554713495426f,-0.9983423742633672f,0.7318802903208795f,0f,0f,0f,1f],start_interpolation:0}
execute if entity @s[tag=aj.mech_legs.bone.leg_low] run data modify entity @s {} merge value {transformation:[-0.9978781079948509f,0.03703372965499027f,0.0535516988755525f,0.7611718516200421f,0.014159144302673577f,0.9262293536681327f,-0.3766944425341703f,-0.6096192324896033f,-0.06355155558468117f,-0.37513689137614087f,-0.924788360929901f,0.09581498885321571f,0f,0f,0f,1f],start_interpolation:0}
execute if entity @s[tag=aj.mech_legs.bone.bone4] run data modify entity @s {} merge value {transformation:[-0.9978781079948509f,-0.02963428487966628f,0.05797491478465095f,0.7394320988939926f,0.014159144302673577f,0.7703404871783606f,0.6374755308609282f,-0.23970204354646046f,-0.06355155558468117f,0.6369437518128872f,-0.7682863117414566f,0.519586428105336f,0f,0f,0f,1f],start_interpolation:0}
execute if entity @s[tag=aj.mech_legs.bone.leg] run data modify entity @s {} merge value {transformation:[-0.9978781079948509f,0.05071817506459881f,0.04082827822396463f,0.7836086051067948f,0.014159144302673577f,0.7810999813668226f,-0.624245414673881f,0.32492312500000003f,-0.06355155558468117f,-0.6223427398362308f,-0.780160697520646f,0.11181656376971624f,0f,0f,0f,1f],start_interpolation:0}
execute if entity @s[tag=aj.mech_legs.bone.foot2] run data modify entity @s {} merge value {transformation:[-0.9935053386131472f,-0.01883848706228209f,0.11221521087793801f,-0.5816028838124262f,0.0053697615235696345f,0.9773382776075237f,0.21161535101296114f,-1.2255598568151862f,-0.11365873397304695f,0.21084354988560355f,-0.9708896382510636f,-1.138924747215277f,0f,0f,0f,1f],start_interpolation:0}
execute if entity @s[tag=aj.mech_legs.bone.leg_low2] run data modify entity @s {} merge value {transformation:[-0.9938068011936527f,-0.06212331012052567f,0.0921343380119948f,-0.6599408036890245f,0.010074553269000391f,0.7753436629661296f,0.6314591892392531f,-0.2074188595850381f,-0.11066411016074536f,0.6284766492384056f,-0.769915940921083f,-0.6185148492544862f,0f,0f,0f,1f],start_interpolation:0}
execute if entity @s[tag=aj.mech_legs.bone.bone3] run data modify entity @s {} merge value {transformation:[-0.9938068011936527f,-0.10802850804370581f,-0.02603619309904009f,-0.7203432326116623f,0.010074553269000391f,-0.32093111055906526f,0.9470489563120563f,-0.3715220566575898f,-0.11066411016074536f,0.9409213908319738f,0.3200318593470881f,-0.09101701651883123f,0f,0f,0f,1f],start_interpolation:0}
execute if entity @s[tag=aj.mech_legs.bone.leg2] run data modify entity @s {} merge value {transformation:[-0.9938068011936527f,0.008104848892393669f,0.1108257791566158f,-0.728410272211621f,0.010074553269000391f,0.9998008892649418f,0.017224552286246784f,0.32492312500000003f,-0.11066411016074536f,0.01823439742527953f,-0.9936905763228648f,-0.047103024038102695f,0f,0f,0f,1f],start_interpolation:0}
execute if entity @s[tag=aj.mech_legs.bone.hips] run data modify entity @s {} merge value {transformation:[-0.9945218953682733f,0f,0.10452846326765358f,0.030999999999999993f,0f,1f,0f,0.721629375f,-0.10452846326765358f,0f,-0.9945218953682733f,6.938893903907228e-18f,0f,0f,0f,1f],start_interpolation:0}