execute if entity @s[tag=aj.mech_legs.bone.foot] run data modify entity @s {} merge value {transformation:[-0.9937434508862607f,0.01551231890516453f,-0.11060434793827223f,0.641369672675551f,-0.007378471612375848f,0.9790259290162358f,0.20360203454426046f,-1.601878570646653f,0.11144286418309284f,0.20314427945694497f,-0.9727861480030373f,-1.0845756751115263f,0f,0f,0f,1f],start_interpolation:0}
execute if entity @s[tag=aj.mech_legs.bone.leg_low] run data modify entity @s {} merge value {transformation:[-0.9942951856728107f,0.05627470313010441f,-0.09061038315496418f,0.7135223809580888f,-0.01179463862186931f,0.7862814056388119f,0.6177559693329024f,-0.574640734704315f,0.1060092932136155f,0.6153005029530473f,-0.7811320764237485f,-0.5814347436390902f,0f,0f,0f,1f],start_interpolation:0}
execute if entity @s[tag=aj.mech_legs.bone.bone4] run data modify entity @s {} merge value {transformation:[-0.9942951856728107f,0.10420930915943406f,0.022748706169456998f,0.7689815597592395f,-0.01179463862186931f,-0.31938532182666973f,0.9475515303673222f,-0.8533547336156568f,0.1060092932136155f,0.9418776120527487f,0.3187923990093891f,-0.092275142481819f,0f,0f,0f,1f],start_interpolation:0}
execute if entity @s[tag=aj.mech_legs.bone.leg] run data modify entity @s {} merge value {transformation:[-0.9942951856728107f,-0.010734013402997008f,-0.10612193319071736f,0.7750678906721381f,-0.01179463862186931f,0.9998865211804682f,0.009371833406584108f,-0.15657687500000006f,0.1060092932136155f,0.010570038688932864f,-0.994308958037925f,-0.05363605299233084f,0f,0f,0f,1f],start_interpolation:0}
execute if entity @s[tag=aj.mech_legs.bone.foot2] run data modify entity @s {} merge value {transformation:[-0.9968745936664771f,0.016478256519855163f,-0.07726261427340948f,-0.7359099187230265f,0.017520939181587182f,0.9997640879201004f,-0.012836868601204698f,-2.064089358872239f,0.07703285787565546f,-0.014150461736470832f,-0.9969281334379894f,0.6936810315537758f,0f,0f,0f,1f],start_interpolation:0}
execute if entity @s[tag=aj.mech_legs.bone.leg_low2] run data modify entity @s {} merge value {transformation:[-0.9954324087018667f,-0.04807643958847267f,-0.08248015314301746f,-0.8395848865474771f,-0.015680229225321658f,0.9345474584858926f,-0.3554928666640161f,-1.1001710053728693f,0.09417244882363975f,-0.35257581283187095f,-0.9310326772399045f,0.08238135818512804f,0f,0f,0f,1f],start_interpolation:0}
execute if entity @s[tag=aj.mech_legs.bone.bone3] run data modify entity @s {} merge value {transformation:[-0.9954324087018667f,0.04855199606354713f,-0.08220111546837415f,-0.8051306823987663f,-0.015680229225321658f,0.7661845835938139f,0.642429229000841f,-0.7330134351417175f,0.09417244882363975f,0.6407838071779115f,-0.7619236591294036f,0.5077068837398913f,0f,0f,0f,1f],start_interpolation:0}
execute if entity @s[tag=aj.mech_legs.bone.leg2] run data modify entity @s {} merge value {transformation:[-0.9954324087018667f,-0.06908072760486937f,-0.06589516506984042f,-0.861266223567312f,-0.015680229225321658f,0.7991559783626785f,-0.6009191731494606f,-0.15657687500000006f,0.09417244882363975f,-0.5971411686701662f,-0.7965889621139542f,0.11834959272394438f,0f,0f,0f,1f],start_interpolation:0}
execute if entity @s[tag=aj.mech_legs.bone.hips] run data modify entity @s {} merge value {transformation:[-0.9945218953682733f,0f,-0.10452846326765333f,-0.04650000000000002f,0f,1f,0f,0.24012937499999998f,0.10452846326765333f,0f,-0.9945218953682733f,0f,0f,0f,0f,1f],start_interpolation:0}