execute if entity @s[tag=aj.mech_legs.bone.foot] run data modify entity @s {} merge value {transformation:[-0.9998390060559211f,-0.0004377491180465789f,-0.01793795821205187f,0.6085670382435439f,-0.00023595075439308485f,0.9999366847672279f,-0.011250368170283187f,-1.5126884905418954f,0.017941747304796467f,-0.011244324454366697f,-0.9997758043037528f,-0.2883383129367777f,0f,0f,0f,1f],start_interpolation:0}
execute if entity @s[tag=aj.mech_legs.bone.leg_low] run data modify entity @s {} merge value {transformation:[-0.9953975849368155f,0.08809901996421912f,-0.037712207351191046f,0.7288717040500636f,0.08389659819109702f,0.9913057365662905f,0.10136220924351375f,-0.3798342952824423f,0.0463142387815748f,0.09773177237781155f,-0.9941345441910642f,-0.4138075980036463f,0f,0f,0f,1f],start_interpolation:0}
execute if entity @s[tag=aj.mech_legs.bone.bone4] run data modify entity @s {} merge value {transformation:[-0.9953975849368155f,0.08156106535203897f,0.05031342286701965f,0.7623560026704338f,0.08389659819109702f,0.48792976040938074f,0.8688417057892686f,-0.31297663703414386f,0.0463142387815748f,0.8690640606569143f,-0.4925268010581745f,0.18473532571148354f,0f,0f,0f,1f],start_interpolation:0}
execute if entity @s[tag=aj.mech_legs.bone.leg] run data modify entity @s {} merge value {transformation:[-0.9953975849368155f,0.06889636794924373f,-0.06661034743459554f,0.82267375f,0.08389659819109702f,0.9624253655869968f,-0.2582610626608222f,0.365423125f,0.0463142387815748f,-0.2626608196098877f,-0.9637760554858921f,0.032535000000000106f,0f,0f,0f,1f],start_interpolation:0}
execute if entity @s[tag=aj.mech_legs.bone.foot2] run data modify entity @s {} merge value {transformation:[-0.9997349524367155f,0.013286441669792402f,0.018801471860290013f,-0.6843097452856166f,0.015244195773732568f,0.9940188433052188f,0.10813951012172716f,-1.1866367760631253f,-0.017252228017568837f,0.10839746132594734f,-0.9939579221508924f,-0.250108231825381f,0f,0f,0f,1f],start_interpolation:0}
execute if entity @s[tag=aj.mech_legs.bone.leg_low2] run data modify entity @s {} merge value {transformation:[-0.9996436010657686f,0.017263493768292913f,0.0203627756255056f,-0.690674214190004f,0.020684699839401497f,0.983082120775335f,0.18199364550561564f,-0.040861901254141686f,-0.016876434481739228f,0.18234998106603134f,-0.983088841542005f,-0.277197189335342f,0f,0f,0f,1f],start_interpolation:0}
execute if entity @s[tag=aj.mech_legs.bone.bone3] run data modify entity @s {} merge value {transformation:[-0.9996436010657686f,-0.025039212606940104f,0.009257898265104515f,-0.7044454857469544f,0.020684699839401497f,-0.5072519735600358f,0.8615495217989521f,-0.3097513497771413f,-0.016876434481739228f,0.8614339633143526f,0.5075891180942619f,0.2089520601783254f,0f,0f,0f,1f],start_interpolation:0}
execute if entity @s[tag=aj.mech_legs.bone.leg2] run data modify entity @s {} merge value {transformation:[-0.9996436010657686f,0.02477005724210796f,0.009955657310558058f,-0.69767375f,0.020684699839401497f,0.954430217056085f,-0.29771648251789545f,0.365423125f,-0.016876434481739228f,-0.29740444689765005f,-0.9546024203429857f,0.032534999999999925f,0f,0f,0f,1f],start_interpolation:0}
execute if entity @s[tag=aj.mech_legs.bone.hips] run data modify entity @s {} merge value {transformation:[-1f,0f,1.2246467991473532e-16f,0.0625f,0f,1f,0f,0.762129375f,-1.2246467991473532e-16f,0f,-1f,1.3877787807814457e-17f,0f,0f,0f,1f],start_interpolation:0}