execute if entity @s[tag=aj.mech_legs.bone.foot] run data modify entity @s {} merge value {transformation:[-0.995173045916661f,0.007309750269535627f,-0.09786304834794474f,0.5617276181250247f,0.008647809294311333f,0.999874744575532f,-0.013255585781991375f,-1.912723467103462f,0.0977538954485414f,-0.01403790265714705f,-0.9951116084206957f,-1.0109263908074162f,0f,0f,0f,1f],start_interpolation:0}
execute if entity @s[tag=aj.mech_legs.bone.leg_low] run data modify entity @s {} merge value {transformation:[-0.992252145991038f,0.0861503024493265f,-0.08951985346318025f,0.6675750177393018f,0.033842740215444395f,0.8807113163559782f,0.4724428496413404f,-0.8151425172744107f,0.11954224237017488f,0.4657528342698622f,-0.8768032559580858f,-0.6983775651909915f,0f,0f,0f,1f],start_interpolation:0}
execute if entity @s[tag=aj.mech_legs.bone.bone4] run data modify entity @s {} merge value {transformation:[-0.992252145991038f,0.12423823225676363f,-0.0007351339294004167f,0.7367345594266239f,0.033842740215444395f,0.27597525868336376f,0.9605687510685327f,-0.8475044984321269f,0.11954224237017488f,0.9531015256730864f,-0.2780416048880912f,-0.11516178812460667f,0f,0f,0f,1f],start_interpolation:0}
execute if entity @s[tag=aj.mech_legs.bone.leg] run data modify entity @s {} merge value {transformation:[-0.992252145991038f,0.03931465527253248f,-0.11785599966476729f,0.7780678906721381f,0.033842740215444395f,0.9982701586406814f,0.048076598280440905f,-0.15357687500000006f,0.11954224237017488f,0.043715537836230306f,-0.991866222855078f,-0.05363605299233085f,0f,0f,0f,1f],start_interpolation:0}
execute if entity @s[tag=aj.mech_legs.bone.foot2] run data modify entity @s {} merge value {transformation:[-0.9965239469484659f,0.030264451062900904f,-0.07761498669788128f,-0.8473086079190764f,0.027749095160941605f,0.9990606204987484f,0.03328459533184713f,-1.9739515253873572f,0.07854941677695654f,0.031015150660879953f,-0.9964276439127342f,0.5782930808003699f,0f,0f,0f,1f],start_interpolation:0}
execute if entity @s[tag=aj.mech_legs.bone.leg_low2] run data modify entity @s {} merge value {transformation:[-0.9965521373685872f,0.010517523581699613f,-0.08229956988835885f,-0.8852714796794838f,0.03532400529805381f,0.9513253011925377f,-0.306157452890879f,-0.978067811792976f,0.07507364488156637f,-0.308009014492492f,-0.9484167832949605f,0.012299413704950024f,0f,0f,0f,1f],start_interpolation:0}
execute if entity @s[tag=aj.mech_legs.bone.bone3] run data modify entity @s {} merge value {transformation:[-0.9965521373685872f,0.08290759106574823f,0.0031888633986315723f,-0.8391090873821142f,0.03532400529805381f,0.3891915051208609f,0.9204793245866318f,-0.7315093951824655f,0.07507364488156637f,0.9174182817479893f,-0.39077825445994685f,0.509062291732185f,0f,0f,0f,1f],start_interpolation:0}
execute if entity @s[tag=aj.mech_legs.bone.leg2] run data modify entity @s {} merge value {transformation:[-0.9965521373685872f,-0.0167312773893597f,-0.08126439480498682f,-0.858266223567312f,0.03532400529805381f,0.8006923931788672f,-0.5980333654196908f,-0.15357687500000006f,0.07507364488156637f,-0.5988420124393568f,-0.7973407000660242f,0.11834959272394441f,0f,0f,0f,1f],start_interpolation:0}
execute if entity @s[tag=aj.mech_legs.bone.hips] run data modify entity @s {} merge value {transformation:[-0.9945218953682733f,0f,-0.10452846326765335f,-0.04350000000000002f,0f,1f,0f,0.24312937499999998f,0.10452846326765335f,0f,-0.9945218953682733f,0f,0f,0f,0f,1f],start_interpolation:0}