execute if entity @s[tag=aj.mech_legs.bone.foot] run data modify entity @s {} merge value {transformation:[-0.9959815283189941f,0.02663582592261739f,-0.08550630400608458f,0.7903383044691918f,0.02632535830019279f,0.9996421109035235f,0.004756639434958576f,-2.032099510437712f,0.08560239925216699f,0.0024865409242073033f,-0.9963262750507511f,0.7235106507897985f,0f,0f,0f,1f],start_interpolation:0}
execute if entity @s[tag=aj.mech_legs.bone.leg_low] run data modify entity @s {} merge value {transformation:[-0.9958891984790429f,-0.03447432448464585f,-0.083762911268036f,0.7623883600447346f,0.005397279945662508f,0.9005133576154708f,-0.4347948506195761f,-1.124669117744991f,0.09041887923413822f,-0.43345958716752186f,-0.8966254583551617f,0.023965609458537318f,0f,0f,0f,1f],start_interpolation:0}
execute if entity @s[tag=aj.mech_legs.bone.bone4] run data modify entity @s {} merge value {transformation:[-0.9958891984790429f,0.056879946846277375f,-0.07049380114261243f,0.7958755620353806f,0.005397279945662508f,0.8141311615595762f,0.5806559404215577f,-0.6879583059631287f,0.09041887923413822f,0.5778885043193195f,-0.8110914269388021f,0.36673132946963616f,0f,0f,0f,1f],start_interpolation:0}
execute if entity @s[tag=aj.mech_legs.bone.leg] run data modify entity @s {} merge value {transformation:[-0.9958891984790429f,-0.0561641787143018f,-0.07106538807406525f,0.7691708177305444f,0.005397279945662508f,0.746372423200967f,-0.6655066305111504f,-0.14610812500000003f,0.09041887923413822f,-0.663154424636121f,-0.7430011005130327f,-0.07226143236068852f,0f,0f,0f,1f],start_interpolation:0}
execute if entity @s[tag=aj.mech_legs.bone.foot2] run data modify entity @s {} merge value {transformation:[-0.9905592289286899f,0.0183629114805777f,-0.13584998147278377f,-0.957304780676461f,-0.004731577702558715f,0.9858175200794159f,0.16775407380124902f,-1.7878709451714778f,0.13700374504605298f,0.16681313073744142f,-0.976423757011744f,-1.014377344940728f,0f,0f,0f,1f],start_interpolation:0}
execute if entity @s[tag=aj.mech_legs.bone.leg_low2] run data modify entity @s {} merge value {transformation:[-0.991076432856544f,0.07557248488427262f,-0.10980120110802304f,-0.9286152966091489f,-0.011315787361031157f,0.7730722082526114f,0.6342170872688869f,-0.7722816686517558f,0.13281361825034385f,0.6298000955508403f,-0.7653184843262343f,-0.48397210670391366f,0f,0f,0f,1f],start_interpolation:0}
execute if entity @s[tag=aj.mech_legs.bone.bone3] run data modify entity @s {} merge value {transformation:[-0.991076432856544f,0.13264995747966277f,0.013095534238502704f,-0.8544839696036133f,-0.011315787361031157f,-0.1816186074739159f,0.9833039379437243f,-0.8400650437182929f,0.13281361825034385f,0.9743811729502369f,0.18149896034791113f,0.06343251814158166f,0f,0f,0f,1f],start_interpolation:0}
execute if entity @s[tag=aj.mech_legs.bone.leg2] run data modify entity @s {} merge value {transformation:[-0.991076432856544f,-0.003741995188545024f,-0.13324226697394878f,-0.8628402236488545f,-0.011315787361031157f,0.9983593143097017f,0.056130495164947766f,-0.14610812500000003f,0.13281361825034385f,0.057137352083126876f,-0.989492731557024f,0.13680400374002177f,0f,0f,0f,1f],start_interpolation:0}
execute if entity @s[tag=aj.mech_legs.bone.hips] run data modify entity @s {} merge value {transformation:[-0.9918944425900297f,0f,-0.12706460860135035f,-0.050968750000000014f,0f,1f,0f,0.250598125f,0.12706460860135035f,0f,-0.9918944425900297f,0f,0f,0f,0f,1f],start_interpolation:0}