execute if entity @s[tag=aj.mech_legs.bone.foot] run data modify entity @s {} merge value {transformation:[-0.9932831427137694f,0.006228523365464131f,-0.11554135146060503f,0.5473923402739387f,0.007644579204409878f,0.9999009573134068f,-0.011816766584815175f,-1.8630686401487595f,0.115456306927966f,-0.012620660062705402f,-0.9932323797229612f,-1.1203560872349412f,0f,0f,0f,1f],start_interpolation:0}
execute if entity @s[tag=aj.mech_legs.bone.leg_low] run data modify entity @s {} merge value {transformation:[-0.9910367106049187f,0.08938020429784918f,-0.0992845270576293f,0.6545295253245429f,0.023969244504921113f,0.8501138096292643f,0.52605321593493f,-0.7868968275032239f,0.13142189144600563f,0.5189582736186923f,-0.8446363695055171f,-0.7409483447287989f,0f,0f,0f,1f],start_interpolation:0}
execute if entity @s[tag=aj.mech_legs.bone.bone4] run data modify entity @s {} merge value {transformation:[-0.9910367106049187f,0.13338084776947004f,-0.00746911518721214f,0.7299983870360174f,0.023969244504921113f,0.23254129891985842f,0.9722911187574061f,-0.8363749423792652f,0.13142189144600563f,0.9633971630355584f,-0.23365400211379173f,-0.16282270172693147f,0f,0f,0f,1f],start_interpolation:0}
execute if entity @s[tag=aj.mech_legs.bone.leg] run data modify entity @s {} merge value {transformation:[-0.9910367106049187f,0.03625864951182637f,-0.12857506978011296f,0.7695379337065215f,0.023969244504921113f,0.9951050265955639f,0.0958721094067785f,-0.14610812500000003f,0.13142189144600563f,0.09193093266045183f,-0.987054704699255f,-0.06796622070549996f,0f,0f,0f,1f],start_interpolation:0}
execute if entity @s[tag=aj.mech_legs.bone.foot2] run data modify entity @s {} merge value {transformation:[-0.9950695643057248f,0.0316527246195573f,-0.09399291045910449f,-0.8331373328238311f,0.029872301539910415f,0.999347779745908f,0.020289423787606176f,-1.9732456070623654f,0.09457382192300058f,0.017381603524499523f,-0.9953660995160494f,0.7563205612025375f,0f,0f,0f,1f],start_interpolation:0}
execute if entity @s[tag=aj.mech_legs.bone.leg_low2] run data modify entity @s {} merge value {transformation:[-0.9951994519415196f,-0.0013098273569863254f,-0.09785875130816751f,-0.8879782145693981f,0.03668414558471946f,0.922016023046466f,-0.38540981656971046f,-1.028812372203054f,0.09073215702284385f,-0.387149502902785f,-0.9175417909196881f,0.1093176829944894f,0f,0f,0f,1f],start_interpolation:0}
execute if entity @s[tag=aj.mech_legs.bone.bone3] run data modify entity @s {} merge value {transformation:[-0.9951994519415196f,0.09612380467272345f,-0.018391982778890207f,-0.8351924106042594f,0.03668414558471946f,0.540614808334714f,0.8404700485275721f,-0.7004576546845175f,0.09073215702284385f,0.8357606374940498f,-0.5415457806109483f,0.5555430593549963f,0f,0f,0f,1f],start_interpolation:0}
execute if entity @s[tag=aj.mech_legs.bone.leg2] run data modify entity @s {} merge value {transformation:[-0.9951994519415196f,-0.030491299491452926f,-0.09299640590163367f,-0.8635453955311486f,0.03668414558471946f,0.7647262458506014f,-0.643310222497641f,-0.14610812500000003f,0.09073215702284385f,-0.6436334745509805f,-0.7599365934862028f,0.13255119879280078f,0f,0f,0f,1f],start_interpolation:0}
execute if entity @s[tag=aj.mech_legs.bone.hips] run data modify entity @s {} merge value {transformation:[-0.992546151641322f,0f,-0.12186934340514738f,-0.050968750000000014f,0f,1f,0f,0.250598125f,0.12186934340514738f,0f,-0.992546151641322f,0f,0f,0f,0f,1f],start_interpolation:0}