execute if entity @s[tag=aj.mech_legs.bone.foot] run data modify entity @s {} merge value {transformation:[-0.9918428777752606f,-0.030456015868225064f,0.12377454061285717f,0.7563756476889725f,-0.030298185836580664f,0.9995359167706384f,0.0031576922731314516f,-1.9614460717320905f,-0.12381326965031422f,-0.0006182094420142392f,-0.9923053421581407f,1.089158028473489f,0f,0f,0f,1f],start_interpolation:0}
execute if entity @s[tag=aj.mech_legs.bone.leg_low] run data modify entity @s {} merge value {transformation:[-0.9917837794429861f,0.04165961122759276f,0.12095210467847164f,0.861785677703231f,-0.025217780498118098f,0.8632673334567382f,-0.5041166279079095f,-1.1111391805239115f,-0.125415303613773f,-0.503024838133127f,-0.855123975713818f,0.3279476119898282f,0f,0f,0f,1f],start_interpolation:0}
execute if entity @s[tag=aj.mech_legs.bone.bone4] run data modify entity @s {} merge value {transformation:[-0.9917837794429861f,-0.09202642463220526f,0.0888598447173929f,0.8115672913786482f,-0.025217780498118098f,0.8216359744994375f,0.5694544660946199f,-0.6489028093252684f,-0.125415303613773f,0.5625348545448298f,-0.8172059342917746f,0.6321306306497545f,0f,0f,0f,1f],start_interpolation:0}
execute if entity @s[tag=aj.mech_legs.bone.leg] run data modify entity @s {} merge value {transformation:[-0.9917837794429861f,0.07172297039754713f,0.10592804327060285f,0.868204996483423f,-0.025217780498118098f,0.7021820942395334f,-0.7115506799070125f,-0.13604562500000006f,-0.125415303613773f,-0.7083756927271965f,-0.694604117157917f,0.16223799848363918f,0f,0f,0f,1f],start_interpolation:0}
execute if entity @s[tag=aj.mech_legs.bone.foot2] run data modify entity @s {} merge value {transformation:[-0.9867884955059006f,-0.005267434640735258f,0.16192812995124328f,-0.5402604728392122f,0.001317686318657556f,0.9991773449012173f,0.04053266755247281f,-1.9177200151881437f,-0.16200842212664981f,0.040210540514387993f,-0.9859697680920922f,-1.228782871525646f,0f,0f,0f,1f],start_interpolation:0}
execute if entity @s[tag=aj.mech_legs.bone.leg_low2] run data modify entity @s {} merge value {transformation:[-0.9870914248302436f,-0.09184167292924605f,0.13120833106231092f,-0.642534504509543f,0.004680246682077806f,0.8023529366329332f,0.5968315175721732f,-0.8775954046620169f,-0.16008939476928033f,0.5897413604200283f,-0.7915658617527286f,-0.7584051521864726f,0f,0f,0f,1f],start_interpolation:0}
execute if entity @s[tag=aj.mech_legs.bone.bone3] run data modify entity @s {} merge value {transformation:[-0.9870914248302436f,-0.15964616627247444f,0.012791427641238197f,-0.730899852880053f,0.004680246682077806f,0.051080196137935546f,0.9986835879564181f,-0.8240722259577477f,-0.16008939476928033f,0.9858518728272576f,-0.04967364014639991f,-0.2119905727929967f,0f,0f,0f,1f],start_interpolation:0}
execute if entity @s[tag=aj.mech_legs.bone.leg2] run data modify entity @s {} merge value {transformation:[-0.9870914248302436f,-0.014781139048811311f,0.15947425169919843f,-0.7564338419196722f,0.004680246682077806f,0.9926446338026208f,0.12097407273401925f,-0.13604562500000006f,-0.16008939476928033f,0.1201588486599326f,-0.9797618265533338f,-0.09798698207835733f,0f,0f,0f,1f],start_interpolation:0}
execute if entity @s[tag=aj.mech_legs.bone.hips] run data modify entity @s {} merge value {transformation:[-0.9874138067509114f,0f,0.15815806725448364f,0.061031249999999995f,0f,1f,0f,0.260660625f,-0.15815806725448364f,0f,-0.9874138067509114f,1.3877787807814457e-17f,0f,0f,0f,1f],start_interpolation:0}