execute if entity @s[tag=aj.mech_legs.bone.foot] run data modify entity @s {} merge value {transformation:[-0.9880792614619339f,-0.00199162927045049f,0.15393312340652393f,1.0234594766777627f,-0.002854516867669979f,0.9999814277443023f,-0.0053847841107368954f,-1.797375204545077f,-0.15391954002754563f,-0.00575999820452594f,-0.9880665957405872f,-0.994565964624435f,0f,0f,0f,1f],start_interpolation:0}
execute if entity @s[tag=aj.mech_legs.bone.leg_low] run data modify entity @s {} merge value {transformation:[-0.9873975473188922f,-0.09715278753277948f,0.12492965790094292f,0.9740143973336459f,-0.006633892131071937f,0.8141117887190906f,0.5806702910807443f,-0.7478035763401665f,-0.15812044467376543f,0.5725236513395876f,-0.8044964845373517f,-0.5368226269089634f,0f,0f,0f,1f],start_interpolation:0}
execute if entity @s[tag=aj.mech_legs.bone.bone4] run data modify entity @s {} merge value {transformation:[-0.9873975473188922f,-0.15718172540953107f,0.018438783742936782f,0.8836871497837442f,-0.006633892131071937f,0.15751502128384579f,0.9874943086140513f,-0.8214409083809563f,-0.15812044467376543f,0.9749271374145007f,-0.1565726722928951f,0.03032354441278204f,0f,0f,0f,1f],start_interpolation:0}
execute if entity @s[tag=aj.mech_legs.bone.leg] run data modify entity @s {} merge value {transformation:[-0.9873975473188922f,-0.02895623007236165f,0.15558798246854566f,0.8684869256685953f,-0.006633892131071937f,0.9898279144431543f,0.1421150634672796f,-0.13604562500000006f,-0.15812044467376543f,0.13929191121207313f,-0.9775457474957675f,0.16082896814515352f,0f,0f,0f,1f],start_interpolation:0}
execute if entity @s[tag=aj.mech_legs.bone.foot2] run data modify entity @s {} merge value {transformation:[-0.9914246392861062f,-0.031755079622715676f,0.1267627687239793f,-0.7611587704893154f,-0.03169988561538603f,0.9994944216708563f,0.0024532225361090787f,-1.9490069502161043f,-0.12677658249213658f,-0.0015861800008892257f,-0.9919300288652517f,0.7739623236905427f,0f,0f,0f,1f],start_interpolation:0}
execute if entity @s[tag=aj.mech_legs.bone.leg_low2] run data modify entity @s {} merge value {transformation:[-0.9916060236813921f,0.030486818955368866f,0.12565049808401568f,-0.7277048305901739f,-0.03484893425200134f,0.8728211728325569f,-0.48679436319322705f,-1.0857489781478544f,-0.12451122672385151f,-0.48708700878301225f,-0.8644322994280923f,0.020808362409856174f,0f,0f,0f,1f],start_interpolation:0}
execute if entity @s[tag=aj.mech_legs.bone.bone3] run data modify entity @s {} merge value {transformation:[-0.9916060236813921f,-0.10891584011862368f,0.06967663575426894f,-0.7864614191146402f,-0.03484893425200134f,0.7440866620485377f,0.6671735839666952f,-0.6556441782557766f,-0.12451122672385151f,0.6591451882041767f,-0.7416364171796056f,0.3683649190157733f,0f,0f,0f,1f],start_interpolation:0}
execute if entity @s[tag=aj.mech_legs.bone.leg2] run data modify entity @s {} merge value {transformation:[-0.9916060236813921f,0.06258890444973872f,0.11313762786341308f,-0.7566036163087632f,-0.03484893425200134f,0.7132682050511701f,-0.7000242991815225f,-0.13604562500000006f,-0.12451122672385151f,-0.6980910375465822f,-0.7050998920130807f,-0.0965600878226279f,0f,0f,0f,1f],start_interpolation:0}
execute if entity @s[tag=aj.mech_legs.bone.hips] run data modify entity @s {} merge value {transformation:[-0.9876883405951378f,0f,0.15643446504023098f,0.061031249999999995f,0f,1f,0f,0.260660625f,-0.15643446504023098f,0f,-0.9876883405951378f,1.3877787807814457e-17f,0f,0f,0f,1f],start_interpolation:0}