execute if entity @s[tag=aj.mech_legs.bone.foot] run data modify entity @s {} merge value {transformation:[-0.9997270025169193f,-0.01549636135589315f,-0.017486658436166723f,0.8209375066627806f,-0.017400664163461803f,0.9932590337847312f,0.1146023939178101f,-1.707220500147894f,0.015592861354029777f,0.11487538722350442f,-0.9932575235481702f,-0.17589332530019897f,0f,0f,0f,1f],start_interpolation:0}
execute if entity @s[tag=aj.mech_legs.bone.leg_low] run data modify entity @s {} merge value {transformation:[-0.9995569000159011f,-0.025310682844969755f,-0.015664385226465696f,0.8193799236506214f,-0.02740180789084295f,0.9879782078663318f,0.1521453308700098f,-0.5627655391278792f,0.011625169027377617f,0.15250714775102436f,-0.9882339932070401f,-0.23749525675360017f,0f,0f,0f,1f],start_interpolation:0}
execute if entity @s[tag=aj.mech_legs.bone.bone4] run data modify entity @s {} merge value {transformation:[-0.9995569000159011f,0.023376470580764714f,-0.01842672661620628f,0.8331369376814269f,-0.02740180789084295f,-0.4808782929626587f,0.8763590635587866f,-0.8665640393207705f,0.011625169027377617f,0.8764756744944531f,0.4813057733547135f,0.22927560442840683f,0f,0f,0f,1f],start_interpolation:0}
execute if entity @s[tag=aj.mech_legs.bone.leg] run data modify entity @s {} merge value {transformation:[-0.9995569000159011f,-0.02969545545127593f,-0.0020453743283441917f,0.82267375f,-0.02740180789084295f,0.9448340891237038f,-0.3264011105282798f,-0.19707687500000004f,0.011625169027377617f,-0.3262004352469847f,-0.945229142319344f,0.032535000000000106f,0f,0f,0f,1f],start_interpolation:0}
execute if entity @s[tag=aj.mech_legs.bone.foot2] run data modify entity @s {} merge value {transformation:[-0.9997736617580764f,0.0025870086736647624f,-0.021117117250470715f,-0.6270067730317697f,0.0031387934619872006f,0.9996534017933877f,-0.026138558845335697f,-2.1180411265724546f,0.021042177417052894f,-0.026198924959442038f,-0.9994352620858036f,-0.2741513169229537f,0f,0f,0f,1f],start_interpolation:0}
execute if entity @s[tag=aj.mech_legs.bone.leg_low2] run data modify entity @s {} merge value {transformation:[-0.9961946980304833f,-0.0815913354957159f,-0.030642741195586857f,-0.756103552977402f,-0.08399862825958708f,0.9925834727824016f,0.0878765043099431f,-0.9869267446831909f,0.023245517126144668f,0.09011605590156102f,-0.9956599531980207f,-0.4063960079993505f,0f,0f,0f,1f],start_interpolation:0}
execute if entity @s[tag=aj.mech_legs.bone.bone3] run data modify entity @s {} merge value {transformation:[-0.9961946980304833f,-0.02725432389341002f,-0.0827848140969543f,-0.7517875103251519f,-0.08399862825958708f,0.5535705145946259f,0.8285553185044128f,-0.874135698294511f,0.023245517126144668f,0.8323562261439234f,-0.5537533374463615f,0.1861445626625836f,0f,0f,0f,1f],start_interpolation:0}
execute if entity @s[tag=aj.mech_legs.bone.leg2] run data modify entity @s {} merge value {transformation:[-0.9961946980304833f,-0.08715574344788284f,3.183738290890375e-8f,-0.82267375f,-0.08399862825958708f,0.960108609166262f,-0.2667127463308302f,-0.19707687500000004f,0.023245517126144668f,-0.26569782646621876f,-0.9637760688794182f,0.0325349999999999f,0f,0f,0f,1f],start_interpolation:0}
execute if entity @s[tag=aj.mech_legs.bone.hips] run data modify entity @s {} merge value {transformation:[-1f,0f,1.2246467991473532e-16f,0f,0f,1f,0f,0.199629375f,-1.2246467991473532e-16f,0f,-1f,0f,0f,0f,0f,1f],start_interpolation:0}