execute if entity @s[tag=aj.mech_legs.bone.foot] run data modify entity @s {} merge value {transformation:[-0.9996217952465748f,-0.020482934904372863f,0.018349818683527513f,0.8393801956712492f,-0.020810346776089533f,0.9996243836124052f,-0.017833147635153618f,-1.7120224600602059f,-0.017977650988769675f,-0.018208269144031855f,-0.9996725778972354f,0.20253121834751175f,0f,0f,0f,1f],start_interpolation:0}
execute if entity @s[tag=aj.mech_legs.bone.leg_low] run data modify entity @s {} merge value {transformation:[-0.9993397544490057f,-0.028227671410778577f,0.022874740316041794f,0.8436027038881124f,-0.03102645880917566f,0.9906271378480596f,-0.13302342881133306f,-0.6315083102468046f,-0.018905396889876705f,-0.13364532287246844f,-0.9908488853719066f,-0.17962807344628196f,0f,0f,0f,1f],start_interpolation:0}
execute if entity @s[tag=aj.mech_legs.bone.bone4] run data modify entity @s {} merge value {transformation:[-0.9993397544490057f,-0.008059579991352784f,-0.03542736722033151f,0.8399603697131873f,-0.03102645880917566f,-0.31807254700844084f,0.9475585542294076f,-0.8305379377825989f,-0.018905396889876705f,0.9480321186594501f,0.3176124807977642f,0.33954187245374035f,0f,0f,0f,1f],start_interpolation:0}
execute if entity @s[tag=aj.mech_legs.bone.leg] run data modify entity @s {} merge value {transformation:[-0.9993397544490057f,-0.01950079972000513f,0.030655733363948123f,0.835537144254185f,-0.03102645880917566f,0.8970837809654322f,-0.44076983651621043f,-0.19057687499999998f,-0.018905396889876705f,-0.4414299590411197f,-0.8970965261494394f,0.061226080382425496f,0f,0f,0f,1f],start_interpolation:0}
execute if entity @s[tag=aj.mech_legs.bone.foot2] run data modify entity @s {} merge value {transformation:[-0.9999952319332724f,0.000310330415484296f,0.003072426688139963f,-0.6110391738567187f,0.0002494692887025432f,0.9998041391778436f,-0.01978941757417202f,-2.09893508741445f,-0.0030779661783007905f,-0.019788556740808066f,-0.9997994494629019f,-0.5119082123831851f,0f,0f,0f,1f],start_interpolation:0}
execute if entity @s[tag=aj.mech_legs.bone.leg_low2] run data modify entity @s {} merge value {transformation:[-0.9968171192832022f,-0.07949332623866684f,-0.006036703359555362f,-0.7320193313447465f,-0.07890764610832296f,0.9730026593259541f,0.2168857033791416f,-0.9593017187578248f,-0.011367237552811538f,0.21667172410846375f,-0.9761783391790069f,-0.4987185055828796f,0f,0f,0f,1f],start_interpolation:0}
execute if entity @s[tag=aj.mech_legs.bone.bone3] run data modify entity @s {} merge value {transformation:[-0.9968171192832022f,-0.047847717600888295f,-0.06376697126509953f,-0.7450147002718068f,-0.07890764610832296f,0.47810822732854846f,0.8747491676740234f,-0.8800615821982453f,-0.011367237552811538f,0.876996647018185f,-0.48036201663878386f,0.0908137825867072f,0f,0f,0f,1f],start_interpolation:0}
execute if entity @s[tag=aj.mech_legs.bone.leg2] run data modify entity @s {} merge value {transformation:[-0.9968171192832022f,-0.07582120923951055f,0.024632801980220283f,-0.8088080545046166f,-0.07890764610832296f,0.9824103345777806f,-0.16924395971619466f,-0.19057687499999998f,-0.011367237552811538f,-0.17064899280169105f,-0.9852663128140465f,0.003804280731707077f,0f,0f,0f,1f],start_interpolation:0}
execute if entity @s[tag=aj.mech_legs.bone.hips] run data modify entity @s {} merge value {transformation:[-0.9993908270190958f,0f,0.034899496702501094f,0.01450000000000002f,0f,1f,0f,0.20612937500000006f,-0.034899496702501094f,0f,-0.9993908270190958f,6.938893903907228e-18f,0f,0f,0f,1f],start_interpolation:0}