execute if entity @s[tag=aj.mech_legs.bone.foot] run data modify entity @s {} merge value {transformation:[-0.9931585061387801f,-0.009265344320208015f,0.11640590654608063f,0.7836914979563918f,-0.03017156683110214f,0.9833592219644811f,-0.179148868632673f,-1.7745224097346168f,-0.11280894574076654f,-0.181435371336568f,-0.9769111258394074f,1.028297594334729f,0f,0f,0f,1f],start_interpolation:0}
execute if entity @s[tag=aj.mech_legs.bone.leg_low] run data modify entity @s {} merge value {transformation:[-0.9932255254066193f,0.04109450243697954f,0.10869359479841585f,0.8856307930741568f,-0.03359998453343793f,0.7938601033548619f,-0.607171456296128f,-1.0260093501015741f,-0.11123891729110755f,-0.6067102917957343f,-0.787101343607694f,0.16637476629463843f,0f,0f,0f,1f],start_interpolation:0}
execute if entity @s[tag=aj.mech_legs.bone.bone4] run data modify entity @s {} merge value {transformation:[-0.9932255254066193f,-0.10833267774653596f,0.042036729332933606f,0.8259460863485122f,-0.03359998453343793f,0.6140415786839163f,0.7885581656965557f,-0.6755744588482678f,-0.11123891729110755f,0.7818036649822186f,-0.613521745906592f,0.5934354427835127f,0f,0f,0f,1f],start_interpolation:0}
execute if entity @s[tag=aj.mech_legs.bone.leg] run data modify entity @s {} merge value {transformation:[-0.9932255254066193f,0.050911031105972636f,0.10445631906434295f,0.8681395487771498f,-0.03359998453343793f,0.7346919613430005f,-0.6775682718201375f,-0.141076875f,-0.11123891729110755f,-0.6764878334823927f,-0.7280041994591794f,0.14671242848245272f,0f,0f,0f,1f],start_interpolation:0}
execute if entity @s[tag=aj.mech_legs.bone.foot2] run data modify entity @s {} merge value {transformation:[-0.9918670391109795f,-0.0015122388474904241f,0.1272693594660042f,-0.5496250896268116f,-0.0024219256121739974f,0.9999726137538341f,-0.006993283824821339f,-1.9809039019103363f,-0.12725529852052506f,-0.007244644642323883f,-0.9918435381260791f,-1.1264277540972336f,0f,0f,0f,1f],start_interpolation:0}
execute if entity @s[tag=aj.mech_legs.bone.leg_low2] run data modify entity @s {} merge value {transformation:[-0.9908820949388264f,-0.08553608343824302f,0.10409732157788047f,-0.6513158575819376f,-0.015898545209238887f,0.8414593576490034f,0.5400864613051843f,-0.9108922070749501f,-0.1337905459659707f,0.5335070082529119f,-0.8351469104026878f,-0.728547945040335f,0f,0f,0f,1f],start_interpolation:0}
execute if entity @s[tag=aj.mech_legs.bone.bone3] run data modify entity @s {} merge value {transformation:[-0.9908820949388264f,-0.13434067816588946f,0.010259440509679151f,-0.7262235449550581f,-0.015898545209238887f,0.19220106578373009f,0.9812267763222873f,-0.8307158617776591f,-0.1337905459659707f,0.9721169335535347f,-0.19258441605851784f,-0.1832926849307416f,0f,0f,0f,1f],start_interpolation:0}
execute if entity @s[tag=aj.mech_legs.bone.leg2] run data modify entity @s {} merge value {transformation:[-0.9908820949388264f,-0.029574142922307457f,0.13144597369282052f,-0.7611955424566211f,-0.015898545209238887f,0.9944610581178157f,0.10389629515735435f,-0.141076875f,-0.1337905459659707f,0.1008591788465742f,-0.985863842451138f,-0.08227568524943873f,0f,0f,0f,1f],start_interpolation:0}
execute if entity @s[tag=aj.mech_legs.bone.hips] run data modify entity @s {} merge value {transformation:[-0.9902680687415704f,0f,0.13917310096006555f,0.058f,0f,1f,0f,0.25562937500000005f,-0.13917310096006555f,0f,-0.9902680687415704f,6.938893903907228e-18f,0f,0f,0f,1f],start_interpolation:0}