execute if entity @s[tag=aj.mech_legs.bone.foot] run data modify entity @s {} merge value {transformation:[-0.9974939966613353f,-0.014122561556384498f,0.06932733861675511f,0.6858261296815228f,-0.026686337244024107f,0.9826006462877469f,-0.18380372498782616f,-1.1809316307736208f,-0.06552530830979969f,-0.18519320497790515f,-0.9805151252280186f,0.6996683405864976f,0f,0f,0f,1f],start_interpolation:0}
execute if entity @s[tag=aj.mech_legs.bone.leg_low] run data modify entity @s {} merge value {transformation:[-0.9974355644176615f,0.003579370619285642f,0.07148064731653622f,0.737080674770334f,-0.03266161483970539f,0.8659181008078888f,-0.499118284186546f,-0.3262504078856214f,-0.06368291569081914f,-0.5001730008699278f,-0.8635806015942502f,-0.062215745529865585f,0f,0f,0f,1f],start_interpolation:0}
execute if entity @s[tag=aj.mech_legs.bone.bone4] run data modify entity @s {} merge value {transformation:[-0.9974355644176615f,-0.06711788525376329f,-0.02484923165580587f,0.6994228943206915f,-0.03266161483970539f,0.11793255003542802f,0.9924843235831001f,-0.2458734752815333f,-0.06368291569081914f,0.9907507775021949f,-0.11982229812481526f,0.48637674122762214f,0f,0f,0f,1f],start_interpolation:0}
execute if entity @s[tag=aj.mech_legs.bone.leg] run data modify entity @s {} merge value {transformation:[-0.9974355644176615f,0.01163481754503689f,0.07061816944324557f,0.715382947288225f,-0.03266161483970539f,0.8039626086390814f,-0.5937822351892198f,0.334173125f,-0.06368291569081914f,-0.5945660223481805f,-0.8015208863892314f,0.09866470230093766f,0f,0f,0f,1f],start_interpolation:0}
execute if entity @s[tag=aj.mech_legs.bone.foot2] run data modify entity @s {} merge value {transformation:[-0.9985535785432691f,-0.004430804088130472f,0.0535828214408674f,-0.6011821008290825f,-0.005025393060688236f,0.9999272325710669f,-0.010966995365788712f,-1.5013186875461444f,-0.05353032974881491f,-0.011220407207416683f,-0.9985031828988242f,-0.9271824900439238f,0f,0f,0f,1f],start_interpolation:0}
execute if entity @s[tag=aj.mech_legs.bone.leg_low2] run data modify entity @s {} merge value {transformation:[-0.9962235900104546f,-0.07702116636126469f,0.04007865565400337f,-0.7085337470753742f,-0.05114601453092231f,0.8935965454249448f,0.4459476417722235f,-0.3960441201933628f,-0.07016155574304543f,0.4422136971385612f,-0.8941612841980805f,-0.6436015727764075f,0f,0f,0f,1f],start_interpolation:0}
execute if entity @s[tag=aj.mech_legs.bone.bone3] run data modify entity @s {} merge value {transformation:[-0.9962235900104546f,-0.08175462545797614f,-0.029235935471741383f,-0.7502769900908921f,-0.05114601453092231f,0.2804771918660285f,0.958497068352611f,-0.3606671848204929f,-0.07016155574304543f,0.9563726920291968f,-0.2835994182584697f,-0.07667836613271113f,0f,0f,0f,1f],start_interpolation:0}
execute if entity @s[tag=aj.mech_legs.bone.leg2] run data modify entity @s {} merge value {transformation:[-0.9962235900104546f,-0.052384322293262224f,0.06924190555261617f,-0.7991791714688151f,-0.05114601453092231f,0.9985000415080337f,0.01953848269589011f,0.334173125f,-0.07016155574304543f,0.015923249867113933f,-0.9974085452859249f,-0.03384231329610777f,0f,0f,0f,1f],start_interpolation:0}
execute if entity @s[tag=aj.mech_legs.bone.hips] run data modify entity @s {} merge value {transformation:[-0.9961946980917455f,0f,0.0871557427476583f,-0.03906250000000001f,0f,1f,0f,0.730879375f,-0.0871557427476583f,0f,-0.9961946980917455f,0f,0f,0f,0f,1f],start_interpolation:0}