execute if entity @s[tag=aj.mech_legs.bone.foot] run data modify entity @s {} merge value {transformation:[-0.9974043171822755f,0.013432196315882335f,-0.07074039983128641f,0.7291945154827617f,0.026498984281490615f,0.9819708797153357f,-0.18716568922518573f,-1.6686109517783885f,0.06695096637247282f,-0.18855441520479194f,-0.9797779343343932f,0.5476783943667003f,0f,0f,0f,1f],start_interpolation:0}
execute if entity @s[tag=aj.mech_legs.bone.leg_low] run data modify entity @s {} merge value {transformation:[-0.9973221035945462f,-0.0020000735875058302f,-0.07310691750712608f,0.7402074444543344f,0.034107942435417794f,0.8715364067503114f,-0.48914306697690996f,-0.807323030414399f,0.06469366232152424f,-0.49032671905006364f,-0.8691343041446633f,-0.20838788165341032f,0f,0f,0f,1f],start_interpolation:0}
execute if entity @s[tag=aj.mech_legs.bone.bone4] run data modify entity @s {} merge value {transformation:[-0.9973221035945462f,0.0679911218444213f,0.02694121437660587f,0.7779343908479471f,0.034107942435417794f,0.10655105874328208f,0.9937220537673035f,-0.7497476045341182f,0.06469366232152424f,0.9919798784405973f,-0.10858476331606509f,0.34285836022138366f,0f,0f,0f,1f],start_interpolation:0}
execute if entity @s[tag=aj.mech_legs.bone.leg] run data modify entity @s {} merge value {transformation:[-0.9973221035945462f,-0.010215531440030762f,-0.07241729488973557f,0.7833163400995492f,0.034107942435417794f,0.8109458068060158f,-0.5841263105583949f,-0.16582687500000004f,0.06469366232152424f,-0.5850320857364473f,-0.8084257471866484f,-0.03928954721783621f,0f,0f,0f,1f],start_interpolation:0}
execute if entity @s[tag=aj.mech_legs.bone.foot2] run data modify entity @s {} merge value {transformation:[-0.9984067075749992f,0.002585540784834913f,-0.056368087142461575f,-0.9693220477076269f,0.0033490914039088888f,0.9999038613803147f,-0.013455540996357707f,-2.0487485348243837f,0.05632787814234129f,-0.013622884260917623f,-0.9983193813446655f,-0.7228631909904588f,0f,0f,0f,1f],start_interpolation:0}
execute if entity @s[tag=aj.mech_legs.bone.leg_low2] run data modify entity @s {} merge value {transformation:[-0.9961920884138787f,0.07501666037549276f,-0.04442773511786019f,-0.9260475603557577f,0.05046237355618068f,0.9116584240945862f,0.4078387752929484f,-0.9290759497119536f,0.07109762187774815f,0.4040438323294684f,-0.9119724281576967f,-0.4819586399354099f,0f,0f,0f,1f],start_interpolation:0}
execute if entity @s[tag=aj.mech_legs.bone.bone3] run data modify entity @s {} merge value {transformation:[-0.9961920884138787f,0.08388164698190043f,0.023773772969358658f,-0.8824382403157507f,0.05046237355618068f,0.3323750228919233f,0.9417963649391888f,-0.8628436062155379f,0.07109762187774815f,0.9394097686617897f,-0.3353422351958242f,0.0820689222649108f,0f,0f,0f,1f],start_interpolation:0}
execute if entity @s[tag=aj.mech_legs.bone.leg2] run data modify entity @s {} merge value {transformation:[-0.9961920884138787f,0.0494473661583152f,-0.07180724867031377f,-0.8557701159189591f,0.05046237355618068f,0.9986491133290868f,-0.012389402814712522f,-0.16582687500000004f,0.07109762187774815f,-0.015965789270632188f,-0.9973415772624215f,0.1041119362226661f,0f,0f,0f,1f],start_interpolation:0}
execute if entity @s[tag=aj.mech_legs.bone.hips] run data modify entity @s {} merge value {transformation:[-0.9961946980917455f,0f,-0.08715574274765805f,-0.03906250000000001f,0f,1f,0f,0.230879375f,0.08715574274765805f,0f,-0.9961946980917455f,0f,0f,0f,0f,1f],start_interpolation:0}