execute if entity @s[tag=aj.mech_legs.bone.foot] run data modify entity @s {} merge value {transformation:[-0.9997989489542084f,-0.009640758788468257f,0.0175817359792182f,0.6737753844627438f,-0.009757731113956438f,0.9999307463519518f,-0.006579451613650186f,-2.1300724541578964f,-0.017517087473895004f,-0.006749686660224345f,-0.9998237811616708f,0.04002181406558203f,0f,0f,0f,1f],start_interpolation:0}
execute if entity @s[tag=aj.mech_legs.bone.leg_low] run data modify entity @s {} merge value {transformation:[-0.9982034724754868f,0.05987198373428463f,0.00227444533938349f,0.7719114071619964f,0.05969614131068153f,0.9970804780685585f,-0.047611878425346144f,-1.025016855179532f,-0.005118422656974347f,-0.04739056676487802f,-0.9988633219471061f,-0.24772082448889665f,0f,0f,0f,1f],start_interpolation:0}
execute if entity @s[tag=aj.mech_legs.bone.bone4] run data modify entity @s {} merge value {transformation:[-0.9982034724754868f,0.031050543689846888f,0.05124149953353431f,0.780003135856163f,0.05969614131068153f,0.5884804310496696f,0.806304627906978f,-0.8421999952970599f,-0.005118422656974347f,0.8079149992469257f,-0.5892768074015341f,0.30640876010251683f,0f,0f,0f,1f],start_interpolation:0}
execute if entity @s[tag=aj.mech_legs.bone.leg] run data modify entity @s {} merge value {transformation:[-0.9982034724754868f,0.05718766679533833f,-0.01787171800319278f,0.8306022632693922f,0.05969614131068153f,0.9237978320848814f,-0.3781982762360088f,-0.1865768750000001f,-0.005118422656974347f,-0.3785857052264106f,-0.9255520868906979f,0.07268358098279756f,0f,0f,0f,1f],start_interpolation:0}
execute if entity @s[tag=aj.mech_legs.bone.foot2] run data modify entity @s {} merge value {transformation:[-0.997812214147549f,-0.007806552591129352f,0.06564939477716411f,-0.7557716040139782f,0.012623726865508394f,0.9522358759116725f,0.30510240599961636f,-1.663604975978211f,-0.06489550691682017f,0.3052636473007746f,-0.9500540399464849f,-0.6955213944019623f,0f,0f,0f,1f],start_interpolation:0}
execute if entity @s[tag=aj.mech_legs.bone.leg_low2] run data modify entity @s {} merge value {transformation:[-0.9978686652060355f,-0.014421919563270776f,0.06364067281256286f,-0.7874406761908557f,0.01821562247915418f,0.8749391007630138f,0.48389023657613245f,-0.568217438790132f,-0.06266033911192999f,0.4840181589487311f,-0.8728116083727683f,-0.3598167696684874f,0f,0f,0f,1f],start_interpolation:0}
execute if entity @s[tag=aj.mech_legs.bone.bone3] run data modify entity @s {} merge value {transformation:[-0.9978686652060355f,-0.061518997575491265f,-0.021760972800677573f,-0.822051998409042f,0.01821562247915418f,-0.582830991638497f,0.8123892086207095f,-0.8757184076253921f,-0.06266033911192999f,0.8102613455688186f,0.5827093905021483f,0.10197824696734097f,0f,0f,0f,1f],start_interpolation:0}
execute if entity @s[tag=aj.mech_legs.bone.leg2] run data modify entity @s {} merge value {transformation:[-0.9978686652060355f,0.03055633892506702f,0.057657932250658836f,-0.8127809177899928f,0.01821562247915418f,0.978900350981203f,-0.2035246765052691f,-0.1865768750000001f,-0.06266033911192999f,-0.20204062215399637f,-0.9773705893375368f,-0.007691265625990429f,0f,0f,0f,1f],start_interpolation:0}
execute if entity @s[tag=aj.mech_legs.bone.hips] run data modify entity @s {} merge value {transformation:[-0.9988061373414341f,0f,0.04884976979561338f,0.010500000000000002f,0f,1f,0f,0.21012937499999995f,-0.04884976979561338f,0f,-0.9988061373414341f,6.938893903907228e-18f,0f,0f,0f,1f],start_interpolation:0}