execute if entity @s[tag=aj.mech_legs.bone.foot] run data modify entity @s {} merge value {transformation:[-0.999956942150041f,0.006095245855946147f,-0.006997272604029034f,0.9141841731329042f,0.006156126324380415f,0.9999430974797169f,-0.008712285081836687f,-2.118621010648761f,0.0069437709220418736f,-0.008754986043649488f,-0.9999375651833255f,-0.15309468442414215f,0f,0f,0f,1f],start_interpolation:0}
execute if entity @s[tag=aj.mech_legs.bone.leg_low] run data modify entity @s {} merge value {transformation:[-0.9975172060200376f,-0.06964088409420768f,0.01046761465449587f,0.868996729925251f,-0.06947684669074934f,0.9974663278830814f,0.015293544826193828f,-0.9944061163966881f,-0.011506149133745647f,0.014528317246598699f,-0.9998282535166196f,-0.37143695780496944f,0f,0f,0f,1f],start_interpolation:0}
execute if entity @s[tag=aj.mech_legs.bone.bone4] run data modify entity @s {} merge value {transformation:[-0.9975172060200376f,-0.047585127496914646f,-0.05191415351404915f,0.8530541119684844f,-0.06947684669074934f,0.544523820651077f,0.835862893372749f,-0.860841590994598f,-0.011506149133745647f,0.8373944496977848f,-0.5464779447950814f,0.20420251889620236f,0f,0f,0f,1f],start_interpolation:0}
execute if entity @s[tag=aj.mech_legs.bone.leg] run data modify entity @s {} merge value {transformation:[-0.9975172060200376f,-0.06181240438001699f,0.033743893651135476f,0.8190189108159858f,-0.06947684669074934f,0.9420713107255252f,-0.32813810092977796f,-0.19279562500000003f,-0.011506149133745647f,-0.32966782095414215f,-0.9440268726892576f,0.005241217838857309f,0f,0f,0f,1f],start_interpolation:0}
execute if entity @s[tag=aj.mech_legs.bone.foot2] run data modify entity @s {} merge value {transformation:[-0.9986805292736622f,-0.0016471289385354242f,-0.05132725802083935f,-0.7816779758978558f,-0.013678643419034478f,0.9719093428348877f,0.23495770688460277f,-1.7074945950769704f,0.04949843597420917f,0.23534977432858495f,-0.9706494673977781f,-0.4761516193970884f,0f,0f,0f,1f],start_interpolation:0}
execute if entity @s[tag=aj.mech_legs.bone.leg_low2] run data modify entity @s {} merge value {transformation:[-0.9986614730948382f,0.00035955204056546154f,-0.051721686731757775f,-0.8239092087828133f,-0.01899863085729616f,0.927523998281221f,0.37328043698801716f,-0.58027326707582f,0.048107319418110986f,0.3737634323134715f,-0.9262756514578455f,-0.273264994664724f,0f,0f,0f,1f],start_interpolation:0}
execute if entity @s[tag=aj.mech_legs.bone.bone3] run data modify entity @s {} merge value {transformation:[-0.9986614730948382f,0.050500790316081914f,0.011177313339935095f,-0.7956617250410912f,-0.01899863085729616f,-0.5591497673603546f,0.8288489546874082f,-0.8765807201412295f,0.048107319418110986f,0.827527164411122f,0.5593607762259447f,0.19610719395018653f,0f,0f,0f,1f],start_interpolation:0}
execute if entity @s[tag=aj.mech_legs.bone.leg2] run data modify entity @s {} merge value {transformation:[-0.9986614730948382f,-0.030085684717466702f,-0.04207271955946222f,-0.8254240033582445f,-0.01899863085729616f,0.9699339133815721f,-0.24262575233857034f,-0.19279562500000003f,0.048107319418110986f,-0.24150166717310728f,-0.969207217560318f,0.05979300771247284f,0f,0f,0f,1f],start_interpolation:0}
execute if entity @s[tag=aj.mech_legs.bone.hips] run data modify entity @s {} merge value {transformation:[-0.9994502159417572f,0f,-0.03315517838852615f,-0.00428125f,0f,1f,0f,0.203910625f,0.03315517838852615f,0f,-0.9994502159417572f,0f,0f,0f,0f,1f],start_interpolation:0}