execute if entity @s[tag=aj.mech_legs.bone.foot] run data modify entity @s {} merge value {transformation:[-0.999581312289843f,0.002608435781702138f,-0.028816595629743893f,0.5986945085391171f,0.002857800335021344f,0.9999588003917285f,-0.008615712180692375f,-1.5045725288409275f,0.02879293486535526f,-0.008694456964532804f,-0.9995475843199919f,-0.39879074433275885f,0f,0f,0f,1f],start_interpolation:0}
execute if entity @s[tag=aj.mech_legs.bone.leg_low] run data modify entity @s {} merge value {transformation:[-0.9946442687358789f,0.09188776471113819f,-0.047322482682753686f,0.7209660044166476f,0.08318265001612819f,0.9834157288413391f,0.1611649806991335f,-0.36648878909284144f,0.06134676362419897f,0.15636541485842798f,-0.9857922862494859f,-0.4570098515385094f,0f,0f,0f,1f],start_interpolation:0}
execute if entity @s[tag=aj.mech_legs.bone.bone4] run data modify entity @s {} merge value {transformation:[-0.9946442687358789f,0.09238752611383774f,0.046339224091842185f,0.7616709516603917f,0.08318265001612819f,0.4494260310572674f,0.889436276157211f,-0.32063571587117784f,0.06134676362419897f,0.8885273139452029f,-0.4547040652624073f,0.14078472109578005f,0f,0f,0f,1f],start_interpolation:0}
execute if entity @s[tag=aj.mech_legs.bone.leg] run data modify entity @s {} merge value {transformation:[-0.9946442687358789f,0.06790355285163488f,-0.07792230862207718f,0.8216570358993277f,0.08318265001612819f,0.9733822951161412f,-0.2135592524118956f,0.3639543750000001f,0.06134676362419897f,-0.21889727057356984f,-0.9738175185979547f,0.01926318351395935f,0f,0f,0f,1f],start_interpolation:0}
execute if entity @s[tag=aj.mech_legs.bone.foot2] run data modify entity @s {} merge value {transformation:[-0.9998518822530971f,0.017151430261349226f,0.001428983879950124f,-0.6920546924416251f,0.017191553764650425f,0.9992132739130325f,0.03573910624449941f,-1.1972996920858594f,-0.0008148828726984327f,0.035758379101807194f,-0.9993601324297037f,-0.048498945030749724f,0f,0f,0f,1f],start_interpolation:0}
execute if entity @s[tag=aj.mech_legs.bone.leg_low2] run data modify entity @s {} merge value {transformation:[-0.9997564753141781f,0.02197769207906122f,0.0019927664813795005f,-0.6974537925700809f,0.02203552747508302f,0.9990992911110106f,0.03626350824686603f,-0.06777310256527028f,-0.0011939833609399264f,0.03629858884796533f,-0.999340275807685f,-0.2427022279863737f,0f,0f,0f,1f],start_interpolation:0}
execute if entity @s[tag=aj.mech_legs.bone.bone3] run data modify entity @s {} merge value {transformation:[-0.9997564753141781f,-0.010796181428524683f,0.019246623961976256f,-0.7031631230643315f,0.02203552747508302f,-0.4412029807411959f,0.8971367595377966f,-0.29943776546744466f,-0.0011939833609399264f,0.8973423941014076f,0.44133343647642154f,0.2624028737080452f,0f,0f,0f,1f],start_interpolation:0}
execute if entity @s[tag=aj.mech_legs.bone.leg2] run data modify entity @s {} merge value {transformation:[-0.9997564753141781f,0.021028492563432852f,-0.006692724996665353f,-0.6984589078124538f,0.02203552747508302f,0.93486522799843f,-0.3543182764243729f,0.3639543750000001f,-0.0011939833609399264f,-0.3543794689029729f,-0.935100939163137f,0.045796906009867064f,0f,0f,0f,1f],start_interpolation:0}
execute if entity @s[tag=aj.mech_legs.bone.hips] run data modify entity @s {} merge value {transformation:[-0.9998476951563913f,0f,-0.01745240643728339f,0.061031249999999995f,0f,1f,0f,0.7606606250000001f,0.01745240643728339f,0f,-0.9998476951563913f,1.3877787807814457e-17f,0f,0f,0f,1f],start_interpolation:0}