execute if entity @s[tag=aj.mech_legs.bone.foot] run data modify entity @s {} merge value {transformation:[-0.9966232816557272f,0.007273450150811968f,-0.08178711013767684f,0.5749540191301955f,0.008426405188692076f,0.9998698108604143f,-0.013760705852372102f,-1.9621282344911124f,0.08167637453612155f,-0.014403411153722567f,-0.9965548211662879f,-0.8803322005685584f,0f,0f,0f,1f],start_interpolation:0}
execute if entity @s[tag=aj.mech_legs.bone.leg_low] run data modify entity @s {} merge value {transformation:[-0.993159973356357f,0.0840157729629274f,-0.08108401332101253f,0.6804182224352424f,0.043967316219548f,0.9124233738137096f,0.40687892796611846f,-0.844705402935841f,0.10816719663211471f,0.4005308188040583f,-0.9098763216838319f,-0.6483453492877491f,0f,0f,0f,1f],start_interpolation:0}
execute if entity @s[tag=aj.mech_legs.bone.bone4] run data modify entity @s {} merge value {transformation:[-0.993159973356357f,0.1165701850703516f,0.0066827595695398215f,0.7438243919518296f,0.043967316219548f,0.3203462293799986f,0.9462796459960806f,-0.8581151723580951f,0.10816719663211471f,0.9401008910083435f,-0.3232803308246082f,-0.06071746228128871f,0f,0f,0f,1f],start_interpolation:0}
execute if entity @s[tag=aj.mech_legs.bone.leg] run data modify entity @s {} merge value {transformation:[-0.993159973356357f,0.04269218036606373f,-0.10867679171926167f,0.7872225900995492f,0.043967316219548f,0.9989890923834346f,-0.009363140678844313f,-0.16192062500000004f,0.10816719663211471f,-0.014077323414379573f,-0.9940330409690799f,-0.03928954721783621f,0f,0f,0f,1f],start_interpolation:0}
execute if entity @s[tag=aj.mech_legs.bone.foot2] run data modify entity @s {} merge value {transformation:[-0.9977178948491439f,0.028174306203425238f,-0.06136131328246101f,-0.8531768760008187f,0.02526256092949596f,0.9985411349515667f,0.04772216282735997f,-1.9582810071541852f,0.06261633423537499f,0.04606311191824955f,-0.9969741142112621f,0.392013547539786f,0f,0f,0f,1f],start_interpolation:0}
execute if entity @s[tag=aj.mech_legs.bone.leg_low2] run data modify entity @s {} merge value {transformation:[-0.9976584904747304f,0.019271320587874605f,-0.06562128150593839f,-0.8774377045623261f,0.03298452078208321f,0.9760970264986486f,-0.2148176348656533f,-0.9132239950142641f,0.059912918243552216f,-0.2164791238509991f,-0.9744471412879435f,-0.07792435836017775f,0f,0f,0f,1f],start_interpolation:0}
execute if entity @s[tag=aj.mech_legs.bone.bone3] run data modify entity @s {} merge value {transformation:[-0.9976584904747304f,0.06562128150593839f,0.01927132058787459f,-0.8403937397437506f,0.03298452078208321f,0.21481763486565353f,0.9760970264986486f,-0.7640188593946633f,0.059912918243552216f,0.9744471412879435f,-0.21647912385099932f,0.45678112861396636f,0f,0f,0f,1f],start_interpolation:0}
execute if entity @s[tag=aj.mech_legs.bone.leg2] run data modify entity @s {} merge value {transformation:[-0.9976584904747304f,-0.005077468426026924f,-0.06820378067281131f,-0.8518638659189591f,0.03298452078208321f,0.8378773572378804f,-0.5448610424840831f,-0.16192062500000004f,0.059912918243552216f,-0.5458349141841773f,-0.8357479815620814f,0.1041119362226661f,0f,0f,0f,1f],start_interpolation:0}
execute if entity @s[tag=aj.mech_legs.bone.hips] run data modify entity @s {} merge value {transformation:[-0.9961946980917455f,0f,-0.08715574274765805f,-0.03515625000000001f,0f,1f,0f,0.234785625f,0.08715574274765805f,0f,-0.9961946980917455f,0f,0f,0f,0f,1f],start_interpolation:0}