execute if entity @s[tag=aj.mech_legs.bone.foot] run data modify entity @s {} merge value {transformation:[-0.9939145719982767f,0.016740540994852546f,-0.10887413768513633f,0.5907704664123212f,-0.0055980461786592885f,0.9794308438042401f,0.20170246424844618f,-1.7624755640433514f,0.11001129691292601f,0.20108450087491525f,-0.9733768736000572f,-1.065929987296573f,0f,0f,0f,1f],start_interpolation:0}
execute if entity @s[tag=aj.mech_legs.bone.leg_low] run data modify entity @s {} merge value {transformation:[-0.9940266447564027f,0.05906271140174994f,-0.09177486385825816f,0.6657676055969741f,-0.006530275940810827f,0.8072145320602673f,0.5902220384964122f,-0.7183963771068158f,0.10894211770690476f,0.5872957477732977f,-0.8020070570992113f,-0.599187593307112f,0f,0f,0f,1f],start_interpolation:0}
execute if entity @s[tag=aj.mech_legs.bone.bone4] run data modify entity @s {} merge value {transformation:[-0.9940266447564027f,0.10600377649938486f,0.02596591770372622f,0.7250441931544082f,-0.006530275940810827f,-0.29526255567259435f,0.9553938343499108f,-0.8681150856774438f,0.10894211770690476f,0.9495173629721345f,0.2941910814487385f,-0.06730144879732242f,0f,0f,0f,1f],start_interpolation:0}
execute if entity @s[tag=aj.mech_legs.bone.leg] run data modify entity @s {} merge value {transformation:[-0.9940266447564027f,-0.008302805547329307f,-0.10882138086962259f,0.732910272211621f,-0.006530275940810827f,0.999840308321615f,-0.0166347032277351f,-0.17057687500000002f,0.10894211770690476f,-0.01582470459064532f,-0.993922126584449f,-0.04710302403810251f,0f,0f,0f,1f],start_interpolation:0}
execute if entity @s[tag=aj.mech_legs.bone.foot2] run data modify entity @s {} merge value {transformation:[-0.9966548408097673f,0.01675064860634443f,-0.07999089986819655f,-0.661583693973874f,0.017260614876910375f,0.9998348449226523f,-0.005688062285801265f,-2.0783276054034308f,0.07988241023234123f,-0.0070497269282536745f,-0.9967793646969769f,0.5844708489622699f,0f,0f,0f,1f],start_interpolation:0}
execute if entity @s[tag=aj.mech_legs.bone.leg_low2] run data modify entity @s {} merge value {transformation:[-0.9953259233650368f,-0.04486999945316293f,-0.08551601853810703f,-0.7623734026075004f,-0.01640700999530221f,0.951202465255075f,-0.3081309463778056f,-1.0846242513743425f,0.09516888304772081f,-0.3052876565499187f,-0.947492654566624f,0.022359240247557144f,0f,0f,0f,1f],start_interpolation:0}
execute if entity @s[tag=aj.mech_legs.bone.bone3] run data modify entity @s {} merge value {transformation:[-0.9953259233650368f,0.0564556414364603f,-0.07835219733698943f,-0.7238788736359113f,-0.01640700999530221f,0.700679570881173f,0.7132874238151051f,-0.7603062205133488f,0.09516888304772081f,0.7112389890182997f,-0.696478272596982f,0.4808672143850883f,0f,0f,0f,1f],start_interpolation:0}
execute if entity @s[tag=aj.mech_legs.bone.leg2] run data modify entity @s {} merge value {transformation:[-0.9953259233650368f,-0.06791185799820604f,-0.06866065700798533f,-0.7791086051067948f,-0.01640700999530221f,0.8195506713368829f,-0.5727717757835827f,-0.17057687500000002f,0.09516888304772081f,-0.5689680805234122f,-0.8168342592257948f,0.11181656376971605f,0f,0f,0f,1f],start_interpolation:0}
execute if entity @s[tag=aj.mech_legs.bone.hips] run data modify entity @s {} merge value {transformation:[-0.9945218953682733f,0f,-0.10452846326765333f,-0.026499999999999996f,0f,1f,0f,0.22612937499999997f,0.10452846326765333f,0f,-0.9945218953682733f,0f,0f,0f,0f,1f],start_interpolation:0}