execute if entity @s[tag=aj.mech_legs.bone.foot] run data modify entity @s {} merge value {transformation:[-0.9909174621189806f,-0.004281042218987827f,0.13440333308812696f,1.015575980014148f,-0.005575463745692733f,0.9999416189847421f,-0.009255961656886691f,-1.8227198640792677f,-0.13435586132245675f,-0.0099212549454461f,-0.990883480147191f,-0.9820412709066259f,0f,0f,0f,1f],start_interpolation:0}
execute if entity @s[tag=aj.mech_legs.bone.leg_low] run data modify entity @s {} merge value {transformation:[-0.9894438746739973f,-0.09330914225162104f,0.1108793165670409f,0.967201209834085f,-0.014761498966212682f,0.8260400420259816f,0.5634180926434518f,-0.7635792418577618f,-0.14416281427045544f,0.5558338357296913f,-0.8186976426249444f,-0.5467765172253514f,0f,0f,0f,1f],start_interpolation:0}
execute if entity @s[tag=aj.mech_legs.bone.bone4] run data modify entity @s {} merge value {transformation:[-0.9894438746739973f,-0.14429646066155383f,0.013392173485135689f,0.884714869112924f,-0.014761498966212682f,0.19228776807971282f,0.9812275538299936f,-0.8271852676879171f,-0.14416281427045544f,0.970671904243381f,-0.19238798635608972f,0.025871327318568837f,0f,0f,0f,1f],start_interpolation:0}
execute if entity @s[tag=aj.mech_legs.bone.leg] run data modify entity @s {} merge value {transformation:[-0.9894438746739973f,-0.03307006394485518f,0.14109284085590776f,0.8671395487771498f,-0.014761498966212682f,0.9915495075396058f,0.12888627640767583f,-0.140076875f,-0.14416281427045544f,0.12544299489668007f,-0.981570750385816f,0.1467124284824527f,0f,0f,0f,1f],start_interpolation:0}
execute if entity @s[tag=aj.mech_legs.bone.foot2] run data modify entity @s {} merge value {transformation:[-0.9933669994412625f,-0.03217829356439354f,0.11039276173892332f,-0.7372899572687539f,-0.031298513652827896f,0.9994630742309738f,0.009693621196155022f,-1.9593536700387286f,-0.11064541320898363f,0.006174194040885483f,-0.9938407678616122f,0.6891483702369998f,0f,0f,0f,1f],start_interpolation:0}
execute if entity @s[tag=aj.mech_legs.bone.leg_low2] run data modify entity @s {} merge value {transformation:[-0.9935687720744671f,0.015368522763367684f,0.11218245703543751f,-0.7240140147211023f,-0.03666064712992134f,0.8937180167245766f,-0.44712873261948266f,-1.0633960824386657f,-0.10713119111841951f,-0.44836582729949603f,-0.8874068924679296f,-0.025455108902516066f,0f,0f,0f,1f],start_interpolation:0}
execute if entity @s[tag=aj.mech_legs.bone.bone3] run data modify entity @s {} merge value {transformation:[-0.9935687720744671f,-0.10456515315700876f,0.043442190364750645f,-0.7807569495821014f,-0.03666064712992134f,0.6600673373416052f,0.7503113401294019f,-0.6734712811014623f,-0.10713119111841951f,0.7438932980744045f,-0.6596557200309371f,0.36736337958230914f,0f,0f,0f,1f],start_interpolation:0}
execute if entity @s[tag=aj.mech_legs.bone.leg2] run data modify entity @s {} merge value {transformation:[-0.9935687720744671f,0.04596071525086347f,0.10348288656616117f,-0.7621955424566211f,-0.03666064712992134f,0.7341129219408669f,-0.678037030545868f,-0.140076875f,-0.10713119111841951f,-0.6774701694488637f,-0.7277067248531353f,-0.08227568524943871f,0f,0f,0f,1f],start_interpolation:0}
execute if entity @s[tag=aj.mech_legs.bone.hips] run data modify entity @s {} merge value {transformation:[-0.9902680687415704f,0f,0.13917310096006552f,0.056999999999999995f,0f,1f,0f,0.25662937500000005f,-0.13917310096006552f,0f,-0.9902680687415704f,6.938893903907228e-18f,0f,0f,0f,1f],start_interpolation:0}