execute if entity @s[tag=aj.mech_legs.bone.foot] run data modify entity @s {} merge value {transformation:[-0.995173045916661f,-0.007309750269535627f,0.09786304834794499f,0.9938508148977624f,-0.008647809294311333f,0.999874744575532f,-0.013255585781991375f,-1.9154778008193212f,-0.09775389544854166f,-0.01403790265714705f,-0.9951116084206957f,-0.8486698399142404f,0f,0f,0f,1f],start_interpolation:0}
execute if entity @s[tag=aj.mech_legs.bone.leg_low] run data modify entity @s {} merge value {transformation:[-0.992252145991038f,-0.08615030244932662f,0.08951985346318046f,0.9485692459595957f,-0.033842740215444395f,0.8807113163559782f,0.4724428496413404f,-0.8158311324309444f,-0.11954224237017513f,0.4657528342698622f,-0.8768032559580858f,-0.5288243052513432f,0f,0f,0f,1f],start_interpolation:0}
execute if entity @s[tag=aj.mech_legs.bone.bone4] run data modify entity @s {} merge value {transformation:[-0.992252145991038f,-0.12423823225676386f,0.0007351339294004791f,0.8794097042722735f,-0.033842740215444395f,0.27597525868336376f,0.9605687510685327f,-0.8481931135886607f,-0.11954224237017513f,0.9531015256730864f,-0.2780416048880912f,0.05439147181504167f,0f,0f,0f,1f],start_interpolation:0}
execute if entity @s[tag=aj.mech_legs.bone.leg] run data modify entity @s {} merge value {transformation:[-0.992252145991038f,-0.039314655272532494f,0.11785599966476754f,0.8582662235673119f,-0.033842740215444395f,0.9982701586406814f,0.048076598280440905f,-0.15357687500000006f,-0.11954224237017513f,0.0437155378362303f,-0.991866222855078f,0.1183495927239446f,0f,0f,0f,1f],start_interpolation:0}
execute if entity @s[tag=aj.mech_legs.bone.foot2] run data modify entity @s {} merge value {transformation:[-0.9965239469484659f,-0.030264451062900908f,0.07761498669788153f,-0.7079198649304598f,-0.027749095160941605f,0.9990606204987484f,0.03328459533184713f,-1.9710766370611688f,-0.07854941677695679f,0.031015150660879953f,-0.9964276439127342f,0.4124173975148368f,0f,0f,0f,1f],start_interpolation:0}
execute if entity @s[tag=aj.mech_legs.bone.leg_low2] run data modify entity @s {} merge value {transformation:[-0.9965521373685872f,-0.01051752358169953f,0.08229956988835908f,-0.730785289944859f,-0.03532400529805381f,0.9513253011925377f,-0.306157452890879f,-0.9773490565951739f,-0.07507364488156662f,-0.308009014492492f,-0.9484167832949605f,-0.15815867102209774f,0f,0f,0f,1f],start_interpolation:0}
execute if entity @s[tag=aj.mech_legs.bone.bone3] run data modify entity @s {} merge value {transformation:[-0.9965521373685872f,-0.08290759106574846f,-0.0031888633986314682f,-0.7769476822422288f,-0.03532400529805381f,0.3891915051208609f,0.9204793245866318f,-0.7307906399846634f,-0.07507364488156662f,0.9174182817479893f,-0.39077825445994685f,0.3386042070051372f,0f,0f,0f,1f],start_interpolation:0}
execute if entity @s[tag=aj.mech_legs.bone.leg2] run data modify entity @s {} merge value {transformation:[-0.9965521373685872f,0.016731277389359853f,0.08126439480498701f,-0.7780678906721382f,-0.03532400529805381f,0.8006923931788672f,-0.5980333654196908f,-0.15357687500000006f,-0.07507364488156662f,-0.5988420124393568f,-0.7973407000660242f,-0.053636052992331054f,0f,0f,0f,1f],start_interpolation:0}
execute if entity @s[tag=aj.mech_legs.bone.hips] run data modify entity @s {} merge value {transformation:[-0.9945218953682733f,0f,0.1045284632676536f,0.04350000000000001f,0f,1f,0f,0.24312937499999998f,-0.1045284632676536f,0f,-0.9945218953682733f,6.938893903907228e-18f,0f,0f,0f,1f],start_interpolation:0}