execute if entity @s[tag=aj.mech_legs.bone.foot] run data modify entity @s {} merge value {transformation:[-0.9987495365595105f,-0.003177743017266343f,-0.0498925362301783f,0.6653162570493504f,-0.01357319824633471f,0.9777283064925321f,0.2094352572338557f,-1.6802678458988904f,0.04811581352870525f,0.20985056738679977f,-0.9765488251264803f,-0.52218457596565f,0f,0f,0f,1f],start_interpolation:0}
execute if entity @s[tag=aj.mech_legs.bone.leg_low] run data modify entity @s {} merge value {transformation:[-0.9988065987551233f,0.00034480390407132765f,-0.048839117451997205f,0.6847074394508731f,-0.0171202603654962f,0.9340544257179504f,0.35672009542739214f,-0.5485134485222769f,0.045741392285760823f,0.3571305236282357f,-0.9329338208709032f,-0.34237815814158495f,0f,0f,0f,1f],start_interpolation:0}
execute if entity @s[tag=aj.mech_legs.bone.bone4] run data modify entity @s {} merge value {transformation:[-0.9988065987551233f,0.04795846639511846f,0.009239252364262734f,0.7114879242991761f,-0.0171202603654962f,-0.5209646835646418f,0.8534065239751866f,-0.825142591662996f,0.045741392285760823f,0.8522298891610299f,0.5211640250941532f,0.13886128231038097f,0f,0f,0f,1f],start_interpolation:0}
execute if entity @s[tag=aj.mech_legs.bone.leg] run data modify entity @s {} merge value {transformation:[-0.9988065987551233f,-0.0274276192772969f,-0.04041168128155387f,0.7038461278159232f,-0.0171202603654962f,0.9715415718103354f,-0.23624959455906064f,-0.14007687500000005f,0.045741392285760823f,-0.23527579549346458f,-0.9708517008723204f,0.005985499275613544f,0f,0f,0f,1f],start_interpolation:0}
execute if entity @s[tag=aj.mech_legs.bone.foot2] run data modify entity @s {} merge value {transformation:[-0.9991611446054757f,0.0063674359022433645f,-0.040453218298504366f,-0.6421459610679547f,0.0067982261161568915f,0.9999215488003502f,-0.010520473676718886f,-2.046657059215682f,0.04038305625320139f,-0.010786658645741782f,-0.9991260464840817f,-0.04093671610281402f,0f,0f,0f,1f],start_interpolation:0}
execute if entity @s[tag=aj.mech_legs.bone.leg_low2] run data modify entity @s {} merge value {transformation:[-0.9960874435816768f,-0.07312977699785793f,-0.04961693718039631f,-0.7662105835032372f,-0.0719546262923725f,0.9970927010776973f,-0.02507343639605203f,-0.9366647780351245f,0.05130630072461703f,-0.021405166988963775f,-0.998453545405158f,-0.2980349210878473f,0f,0f,0f,1f],start_interpolation:0}
execute if entity @s[tag=aj.mech_legs.bone.bone3] run data modify entity @s {} merge value {transformation:[-0.9960874435816768f,0.0017520918493765456f,-0.08835572937320574f,-0.7464152734288851f,-0.0719546262923725f,0.5643710586123595f,0.8223793771465149f,-0.7983299125161298f,0.05130630072461703f,0.8255193749240026f,-0.5620368538904181f,0.2802896304668154f,0f,0f,0f,1f],start_interpolation:0}
execute if entity @s[tag=aj.mech_legs.bone.leg2] run data modify entity @s {} merge value {transformation:[-0.9960874435816768f,-0.085689503770426f,-0.021612812924234833f,-0.8155752175654916f,-0.0719546262923725f,0.928385033132357f,-0.364587111690687f,-0.14007687500000005f,0.05130630072461703f,-0.3616055021697135f,-0.9309184305332796f,0.059044861838519f,0f,0f,0f,1f],start_interpolation:0}
execute if entity @s[tag=aj.mech_legs.bone.hips] run data modify entity @s {} merge value {transformation:[-0.9993908270190958f,0f,-0.03489949670250088f,-0.057f,0f,1f,0f,0.25662937499999994f,0.03489949670250088f,0f,-0.9993908270190958f,-6.938893903907228e-18f,0f,0f,0f,1f],start_interpolation:0}