execute if entity @s[tag=aj.mech_legs.bone.foot] run data modify entity @s {} merge value {transformation:[-0.9983909447629227f,-0.020621711122801416f,0.05282297270853374f,0.7422596107161239f,-0.02057225062175356f,0.9997872734930121f,0.001479954649757309f,-2.114251346302528f,-0.05284225505932286f,0.0003908858878314825f,-0.9986027955541025f,0.5926774635406793f,0f,0f,0f,1f],start_interpolation:0}
execute if entity @s[tag=aj.mech_legs.bone.leg_low] run data modify entity @s {} merge value {transformation:[-0.9982168749633314f,0.036389333840538905f,0.04731687776135013f,0.8246500761457365f,0.020931114625091084f,0.9557452336543175f,-0.2934500584215409f,-1.1121416958319872f,-0.05590133253324143f,-0.29193640528323334f,-0.9548026897172589f,0.04262070149965469f,0f,0f,0f,1f],start_interpolation:0}
execute if entity @s[tag=aj.mech_legs.bone.bone4] run data modify entity @s {} merge value {transformation:[-0.9982168749633314f,-0.02164556913910974f,0.055628588649045914f,0.807843448797989f,0.020931114625091084f,0.7458326149056987f,0.6658044750401421f,-0.7550472496221372f,-0.05590133253324143f,0.6657816307766173f,-0.7440496362081204f,0.4764394087893755f,0f,0f,0f,1f],start_interpolation:0}
execute if entity @s[tag=aj.mech_legs.bone.leg] run data modify entity @s {} merge value {transformation:[-0.9982168749633314f,0.0488375580861723f,0.03432147226767065f,0.8509242316882254f,0.020931114625091084f,0.8248553529105545f,-0.564956224158435f,-0.16192062500000004f,-0.05590133253324143f,-0.56323044990038f,-0.8244067572054609f,0.11123499996126088f,0f,0f,0f,1f],start_interpolation:0}
execute if entity @s[tag=aj.mech_legs.bone.foot2] run data modify entity @s {} merge value {transformation:[-0.9939520273597464f,-0.022993479075590087f,0.10738094443359322f,-0.6599497999154921f,0.008268397663361562f,0.9593879935760066f,0.28196863545842366f,-1.6807732619988007f,-0.10950342874782756f,0.2811511652158056f,-0.9533955220108099f,-1.078781965747697f,0f,0f,0f,1f],start_interpolation:0}
execute if entity @s[tag=aj.mech_legs.bone.leg_low2] run data modify entity @s {} merge value {transformation:[-0.9943368226255281f,-0.054203155311726266f,0.09141280613361628f,-0.7295922774511512f,0.015204651482072203f,0.7787517831534636f,0.6271478922938433f,-0.6596672941910806f,-0.10518128038904047f,0.6249861423980169f,-0.7735174335890357f,-0.5629652253668631f,0f,0f,0f,1f],start_interpolation:0}
execute if entity @s[tag=aj.mech_legs.bone.bone3] run data modify entity @s {} merge value {transformation:[-0.9943368226255281f,-0.10209568624609866f,-0.029508541490683923f,-0.7872303877610617f,0.015204651482072203f,-0.4114722746831813f,0.9112954437175452f,-0.8597952293543746f,-0.10518128038904047f,0.9056859488901144f,0.4106943635341679f,-0.04701010710832801f,0f,0f,0f,1f],start_interpolation:0}
execute if entity @s[tag=aj.mech_legs.bone.leg2] run data modify entity @s {} merge value {transformation:[-0.9943368226255281f,0.01993335736657972f,0.10438843056136754f,-0.7868484148047165f,0.015204651482072203f,0.9988302905737535f,-0.04590064493729774f,-0.16192062500000004f,-0.10518128038904047f,-0.04405351173796908f,-0.9934768172228654f,-0.04646456933350855f,0f,0f,0f,1f],start_interpolation:0}
execute if entity @s[tag=aj.mech_legs.bone.hips] run data modify entity @s {} merge value {transformation:[-0.9953961983671789f,0f,0.0958457525202241f,0.03515625f,0f,1f,0f,0.234785625f,-0.0958457525202241f,0f,-0.9953961983671789f,6.938893903907228e-18f,0f,0f,0f,1f],start_interpolation:0}