execute if entity @s[tag=aj.mech_legs.bone.foot] run data modify entity @s {} merge value {transformation:[-0.9941245798977204f,0.02899540326313086f,-0.10428607880627866f,0.7873051487794374f,0.028655288931920975f,0.999578026717016f,0.004758457811541272f,-1.9888928320038086f,0.10438004627039153f,0.0017421521530883721f,-0.9945359575432486f,0.8089329866446813f,0f,0f,0f,1f],start_interpolation:0}
execute if entity @s[tag=aj.mech_legs.bone.leg_low] run data modify entity @s {} merge value {transformation:[-0.994029771547279f,-0.0374938066936353f,-0.10246476339349368f,0.7515171830567979f,0.016490115512280648f,0.8766908249580695f,-0.4807715398447906f,-1.1193198456529303f,0.10785587312731737f,-0.47959087970264813f,-0.8708385032472923f,0.06318743704669422f,0f,0f,0f,1f],start_interpolation:0}
execute if entity @s[tag=aj.mech_legs.bone.bone4] run data modify entity @s {} merge value {transformation:[-0.994029771547279f,0.07420505274163607f,-0.07999014580106317f,0.7930967010313681f,0.016490115512280648f,0.8268715526459397f,0.562149011842309f,-0.6624792109621114f,0.10785587312731737f,0.5574738070730354f,-0.8231585904668919f,0.3765493610344245f,0f,0f,0f,1f],start_interpolation:0}
execute if entity @s[tag=aj.mech_legs.bone.leg] run data modify entity @s {} merge value {transformation:[-0.994029771547279f,-0.06340412960376317f,-0.08879600006111502f,0.7619033558998854f,0.016490115512280648f,0.7171780537576969f,-0.6966948509201957f,-0.140076875f,0.10785587312731737f,-0.693999679796404f,-0.7118507955143639f,-0.08513471007742965f,0f,0f,0f,1f],start_interpolation:0}
execute if entity @s[tag=aj.mech_legs.bone.foot2] run data modify entity @s {} merge value {transformation:[-0.9887104125897737f,0.012119561900807985f,-0.14934803733525218f,-0.9826367778146794f,-0.002942677433611453f,0.9949607585541995f,0.10022190173197582f,-1.855750170261682f,0.1498100820575207f,0.09952992091117402f,-0.9836923981394459f,-1.0101497378344078f,0f,0f,0f,1f],start_interpolation:0}
execute if entity @s[tag=aj.mech_legs.bone.leg_low2] run data modify entity @s {} merge value {transformation:[-0.9891771756974271f,0.08410292029226168f,-0.12022983771749325f,-0.9467747908216089f,-0.008407855877592706f,0.7855805366309251f,0.6187022938588556f,-0.8296924052325866f,0.14648489013820812f,0.6130170627845374f,-0.7763712112747456f,-0.5007444350161515f,0f,0f,0f,1f],start_interpolation:0}
execute if entity @s[tag=aj.mech_legs.bone.bone3] run data modify entity @s {} merge value {transformation:[-0.9891771756974271f,0.14672587118406968f,0.00018386010190846094f,-0.8652591712320026f,-0.008407855877592706f,-0.05793391340273193f,0.9982850142305987f,-0.8307645900071426f,0.14648489013820812f,0.987479205048451f,0.05854055481524359f,0.04964936675920628f,0f,0f,0f,1f],start_interpolation:0}
execute if entity @s[tag=aj.mech_legs.bone.leg2] run data modify entity @s {} merge value {transformation:[-0.9891771756974271f,0.005638279984581532f,-0.14661761448774407f,-0.8666224911836679f,-0.008407855877592706f,0.9954412690003175f,0.09500519949233979f,-0.140076875f,0.14648489013820812f,0.09520971468213273f,-0.984620377196889f,0.14953944942259947f,0f,0f,0f,1f],start_interpolation:0}
execute if entity @s[tag=aj.mech_legs.bone.hips] run data modify entity @s {} merge value {transformation:[-0.989776230907789f,0f,-0.14262893370551152f,-0.057f,0f,1f,0f,0.25662937500000005f,0.14262893370551152f,0f,-0.989776230907789f,-6.938893903907228e-18f,0f,0f,0f,1f],start_interpolation:0}