execute if entity @s[tag=aj.mech_legs.bone.foot] run data modify entity @s {} merge value {transformation:[-0.9995154138496944f,-0.0006548105318234928f,0.031120872417746158f,0.9577367340773997f,-0.0010067273446349267f,0.9999357168956413f,-0.011293740587311557f,-2.0758681633593437f,-0.031111476611176532f,-0.011319598030289535f,-0.9994518211117056f,-0.33771597211111337f,0f,0f,0f,1f],start_interpolation:0}
execute if entity @s[tag=aj.mech_legs.bone.leg_low] run data modify entity @s {} merge value {transformation:[-0.9950580134012272f,-0.08622851060135583f,0.049236103881958954f,0.9029854121866416f,-0.07872463508226321f,0.9872914305470539f,0.1380509434937563f,-0.9339295068609879f,-0.060514310680761144f,0.13349260327008267f,-0.989200557558986f,-0.41866521159425285f,0f,0f,0f,1f],start_interpolation:0}
execute if entity @s[tag=aj.mech_legs.bone.bone4] run data modify entity @s {} merge value {transformation:[-0.9950580134012272f,-0.09045318202897644f,-0.04096061311596842f,0.8621706913230437f,-0.07872463508226321f,0.46726261684374193f,0.8806066538083294f,-0.8771798112862901f,-0.060514310680761144f,0.8794793168467189f,-0.4720743050004534f,0.1786383944170974f,0f,0f,0f,1f],start_interpolation:0}
execute if entity @s[tag=aj.mech_legs.bone.leg] run data modify entity @s {} merge value {transformation:[-0.9950580134012272f,-0.06243564033199785f,0.07720971948101218f,0.8262618887597283f,-0.07872463508226321f,0.9699453849602848f,-0.23023549254059267f,-0.19279562500000003f,-0.060514310680761144f,-0.23517597881284183f,-0.9700671508675336f,0.046887681412197464f,0f,0f,0f,1f],start_interpolation:0}
execute if entity @s[tag=aj.mech_legs.bone.foot2] run data modify entity @s {} merge value {transformation:[-0.9998648080871364f,-0.01628010623382284f,-0.0023073122652682394f,-0.7434113972858221f,-0.016429768434299875f,0.9947722771759899f,0.10078779326531079f,-1.782258078337462f,0.0006544142948451445f,0.10081207617697009f,-0.9949052703844822f,-0.21051744782280504f,0f,0f,0f,1f],start_interpolation:0}
execute if entity @s[tag=aj.mech_legs.bone.leg_low2] run data modify entity @s {} merge value {transformation:[-0.9997593742114825f,-0.021646947886986578f,-0.0035501159759968575f,-0.7990314101466847f,-0.021927509058771794f,0.9907282463675976f,0.13407731424764774f,-0.6404713212360393f,0.0006148355409550041f,0.13412289698840812f,-0.9909645152479954f,-0.29300258165992465f,0f,0f,0f,1f],start_interpolation:0}
execute if entity @s[tag=aj.mech_legs.bone.bone3] run data modify entity @s {} merge value {transformation:[-0.9997593742114825f,0.009850723137047001f,-0.01959992168204219f,-0.7938746459150575f,-0.021927509058771794f,-0.42373606890934123f,0.9055202528114628f,-0.8612884248466365f,0.0006148355409550041f,0.9057321387468455f,0.42385010890445984f,0.21697825147077843f,0f,0f,0f,1f],start_interpolation:0}
execute if entity @s[tag=aj.mech_legs.bone.leg2] run data modify entity @s {} merge value {transformation:[-0.9997593742114825f,-0.020906964044723295f,0.006640220681392145f,-0.8188350168466022f,-0.021927509058771794f,0.9439955475180231f,-0.32922878156781094f,-0.19279562500000003f,0.0006148355409550041f,-0.32929516413178694f,-0.9442268354885266f,0.018172408111628936f,0f,0f,0f,1f],start_interpolation:0}
execute if entity @s[tag=aj.mech_legs.bone.hips] run data modify entity @s {} merge value {transformation:[-0.9998476951563913f,0f,0.017452406437283633f,0.004281250000000014f,0f,1f,0f,0.203910625f,-0.017452406437283633f,0f,-0.9998476951563913f,6.938893903907228e-18f,0f,0f,0f,1f],start_interpolation:0}