execute if entity @s[tag=aj.mech_legs.bone.foot] run data modify entity @s {} merge value {transformation:[-0.9991785589610529f,0.005215518222993291f,-0.040187133291386165f,0.5911354808418108f,0.0054875078133110045f,0.9999627601895358f,-0.006660742610515219f,-1.5028603830864966f,0.04015089750569552f,-0.006875798411116213f,-0.9991699699378963f,-0.5061976697287344f,0f,0f,0f,1f],start_interpolation:0}
execute if entity @s[tag=aj.mech_legs.bone.leg_low] run data modify entity @s {} merge value {transformation:[-0.9940870372079283f,0.09301461033847212f,-0.05602896321319107f,0.7126073082590235f,0.07851663681914707f,0.9721508383744883f,0.22081187737617147f,-0.3632475139975875f,0.07500733429320816f,0.21510701920523517f,-0.9737057410177191f,-0.49612366467509617f,0f,0f,0f,1f],start_interpolation:0}
execute if entity @s[tag=aj.mech_legs.bone.bone4] run data modify entity @s {} merge value {transformation:[-0.9940870372079283f,0.100738463450961f,0.040530537088747265f,0.7599360255042883f,0.07851663681914707f,0.4090241474090334f,0.9091393647724881f,-0.32969378768884344f,0.07500733429320816f,0.9069459789964629f,-0.414515248192843f,0.0960096110531943f,0f,0f,0f,1f],start_interpolation:0}
execute if entity @s[tag=aj.mech_legs.bone.leg] run data modify entity @s {} merge value {transformation:[-0.9940870372079283f,0.0644929387619458f,-0.08735916268492294f,0.8178461278159233f,0.07851663681914707f,0.9826513092291704f,-0.1680224455625122f,0.35992312499999995f,0.07500733429320816f,-0.17388808274302506f,-0.9819046972502891f,0.005985499275613586f,0f,0f,0f,1f],start_interpolation:0}
execute if entity @s[tag=aj.mech_legs.bone.foot2] run data modify entity @s {} merge value {transformation:[-0.9996968484286681f,0.018795636759480955f,-0.015903939153375152f,-0.6961639800493177f,0.019196228243062868f,0.9994924825197891f,-0.025422081104209224f,-1.201602403851145f,0.015418043424145824f,-0.025719670006327924f,-0.9995502901363876f,0.13358614806187663f,0f,0f,0f,1f],start_interpolation:0}
execute if entity @s[tag=aj.mech_legs.bone.leg_low2] run data modify entity @s {} merge value {transformation:[-0.999623150743251f,0.021742333858817364f,-0.016757906089585266f,-0.7062298048970737f,0.023289471457023342f,0.9948687904853308f,-0.09845653984122749f,-0.1084439589055719f,0.014531242802600527f,-0.0988097193429191f,-0.9950002423848877f,-0.21061971365646104f,0f,0f,0f,1f],start_interpolation:0}
execute if entity @s[tag=aj.mech_legs.bone.bone3] run data modify entity @s {} merge value {transformation:[-0.999623150743251f,0.005435064502927656f,0.026907556038864813f,-0.7028075500374028f,0.023289471457023342f,-0.35095995133409724f,0.9361008028406023f,-0.2893928763479083f,0.014531242802600527f,0.9363746967071551f,0.35070111255768033f,0.31481158889233263f,0f,0f,0f,1f],start_interpolation:0}
execute if entity @s[tag=aj.mech_legs.bone.leg2] run data modify entity @s {} merge value {transformation:[-0.999623150743251f,0.015294040870147083f,-0.02279580689508282f,-0.7015752175654915f,0.023289471457023342f,0.9120846345255167f,-0.409339980922591f,0.35992312499999995f,0.014531242802600527f,-0.40971662374904555f,-0.9120971062372114f,0.05904486183851899f,0f,0f,0f,1f],start_interpolation:0}
execute if entity @s[tag=aj.mech_legs.bone.hips] run data modify entity @s {} merge value {transformation:[-0.9993908270190958f,0f,-0.034899496702500844f,0.057f,0f,1f,0f,0.7566293749999999f,0.034899496702500844f,0f,-0.9993908270190958f,6.938893903907228e-18f,0f,0f,0f,1f],start_interpolation:0}