execute if entity @s[tag=aj.mech_legs.bone.foot] run data modify entity @s {} merge value {transformation:[-0.9990725177924122f,0.0023938196119514775f,-0.04299271821594525f,0.6021224363175678f,0.0029115330613960757f,0.9999239587334983f,-0.011983310308984446f,-2.057860493281077f,0.04296076311196802f,-0.012097370722369799f,-0.9990035167377755f,-0.4681462743086152f,0f,0f,0f,1f],start_interpolation:0}
execute if entity @s[tag=aj.mech_legs.bone.leg_low] run data modify entity @s {} merge value {transformation:[-0.9947149540746003f,0.08445253403188034f,-0.058394602798202494f,0.713456433573407f,0.07171612961290388f,0.9784801434273098f,0.1934771450890676f,-0.9173671115787652f,0.07347759450139152f,0.18826677458878682f,-0.9793654398089735f,-0.4894528267095467f,0f,0f,0f,1f],start_interpolation:0}
execute if entity @s[tag=aj.mech_legs.bone.bone4] run data modify entity @s {} merge value {transformation:[-0.9947149540746003f,0.09761511003959296f,0.03183473625340571f,0.7605334906086286f,0.07171612961290388f,0.43866148921071985f,0.8957861880140698f,-0.8748872000647537f,0.07347759450139152f,0.8933349809424187f,-0.4433437209783143f,0.1063989847681017f,0f,0f,0f,1f],start_interpolation:0}
execute if entity @s[tag=aj.mech_legs.bone.leg] run data modify entity @s {} merge value {transformation:[-0.9947149540746003f,0.05647400640542569f,-0.08574874192013365f,0.8128080545046166f,0.07171612961290388f,0.9798090110473014f,-0.1866309155093398f,-0.18657687499999998f,0.07347759450139152f,-0.1917941304394613f,-0.9786807725889275f,0.003804280731707247f,0f,0f,0f,1f],start_interpolation:0}
execute if entity @s[tag=aj.mech_legs.bone.foot2] run data modify entity @s {} merge value {transformation:[-0.9997177754105592f,0.019435045359751577f,-0.01366193763809951f,-0.832640903841692f,0.018126594223850993f,0.9957655669332873f,0.09012414932676147f,-1.8304694946589344f,0.01535565400778402f,0.08985106967584176f,-0.9958368285859387f,-0.08018164040046422f,0f,0f,0f,1f],start_interpolation:0}
execute if entity @s[tag=aj.mech_legs.bone.leg_low2] run data modify entity @s {} merge value {transformation:[-0.9995963640494453f,0.025040288730564055f,-0.013419870320496203f,-0.8382232564813366f,0.02413627841303869f,0.9976740187793963f,0.06374944954222553f,-0.6960171248376692f,0.014984960577099655f,0.06339981224623997f,-0.9978757010588263f,-0.2431572206966381f,0f,0f,0f,1f],start_interpolation:0}
execute if entity @s[tag=aj.mech_legs.bone.bone3] run data modify entity @s {} merge value {transformation:[-0.9995963640494453f,0.007030728204955931f,0.02752594848569229f,-0.8337952063227624f,0.02413627841303869f,-0.3008864243047604f,0.953354498459762f,-0.8450771540912972f,0.014984960577099655f,0.953634064266794f,0.300595280113476f,0.29231413829532576f,0f,0f,0f,1f],start_interpolation:0}
execute if entity @s[tag=aj.mech_legs.bone.leg2] run data modify entity @s {} merge value {transformation:[-0.9995963640494453f,0.016758445951494384f,-0.022940433047782465f,-0.831537144254185f,0.02413627841303869f,0.9268695506339382f,-0.3746068287845402f,-0.18657687499999998f,0.014984960577099655f,-0.37500932068007636f,-0.9268999192790829f,0.061226080382425316f,0f,0f,0f,1f],start_interpolation:0}
execute if entity @s[tag=aj.mech_legs.bone.hips] run data modify entity @s {} merge value {transformation:[-0.9993908270190958f,0f,-0.03489949670250088f,-0.010500000000000023f,0f,1f,0f,0.21012937500000006f,0.03489949670250088f,0f,-0.9993908270190958f,0f,0f,0f,0f,1f],start_interpolation:0}