execute if entity @s[tag=aj.mech_legs.bone.foot] run data modify entity @s {} merge value {transformation:[-0.9937434508862607f,-0.015512318905164572f,0.1106043479382725f,0.9140424850089355f,0.007378471612375848f,0.9790259290162358f,0.20360203454426046f,-1.6009186492391139f,-0.11144286418309308f,0.20314427945694497f,-0.9727861480030373f,-0.9212177282350573f,0f,0f,0f,1f],start_interpolation:0}
execute if entity @s[tag=aj.mech_legs.bone.leg_low] run data modify entity @s {} merge value {transformation:[-0.9942951856728107f,-0.05627470313010456f,0.09061038315496439f,0.9025803119908837f,0.01179463862186931f,0.7862814056388119f,0.6177559693329024f,-0.5744007432949565f,-0.10600929321361575f,0.6153005029530473f,-0.7811320764237485f,-0.41160612201647884f,0f,0f,0f,1f],start_interpolation:0}
execute if entity @s[tag=aj.mech_legs.bone.bone4] run data modify entity @s {} merge value {transformation:[-0.9942951856728107f,-0.1042093091594343f,-0.022748706169457074f,0.8471211331897329f,0.01179463862186931f,-0.31938532182666973f,0.9475515303673222f,-0.8531147422062983f,-0.10600929321361575f,0.9418776120527487f,0.3187923990093891f,0.07755347914079239f,0f,0f,0f,1f],start_interpolation:0}
execute if entity @s[tag=aj.mech_legs.bone.leg] run data modify entity @s {} merge value {transformation:[-0.9942951856728107f,0.010734013402997004f,0.10612193319071761f,0.8612662235673119f,0.01179463862186931f,0.9998865211804682f,0.009371833406584108f,-0.15657687500000006f,-0.10600929321361575f,0.010570038688932866f,-0.994308958037925f,0.1183495927239446f,0f,0f,0f,1f],start_interpolation:0}
execute if entity @s[tag=aj.mech_legs.bone.foot2] run data modify entity @s {} merge value {transformation:[-0.9968745936664771f,-0.016478256519855166f,0.07726261427340975f,-0.8194096846437117f,-0.017520939181587182f,0.9997640879201004f,-0.012836868601204698f,-2.0653655139280285f,-0.07703285787565571f,-0.014150461736470832f,-0.9969281334379894f,0.5293597283005733f,0f,0f,0f,1f],start_interpolation:0}
execute if entity @s[tag=aj.mech_legs.bone.leg_low2] run data modify entity @s {} merge value {transformation:[-0.9954324087018667f,0.048076439588472755f,0.0824801531430177f,-0.7764946667559119f,0.015680229225321658f,0.9345474584858926f,-0.3554928666640161f,-1.1004900588370314f,-0.09417244882364f,-0.35257581283187095f,-0.9310326772399045f,-0.08768811362870838f,0f,0f,0f,1f],start_interpolation:0}
execute if entity @s[tag=aj.mech_legs.bone.bone3] run data modify entity @s {} merge value {transformation:[-0.9954324087018667f,-0.04855199606354729f,0.08220111546837433f,-0.8109488709046229f,0.015680229225321658f,0.7661845835938139f,0.642429229000841f,-0.7333324886058796f,-0.09417244882364f,0.6407838071779115f,-0.7619236591294036f,0.33763741192605484f,0f,0f,0f,1f],start_interpolation:0}
execute if entity @s[tag=aj.mech_legs.bone.leg2] run data modify entity @s {} merge value {transformation:[-0.9954324087018667f,0.06908072760486952f,0.06589516506984061f,-0.7750678906721382f,0.015680229225321658f,0.7991559783626785f,-0.6009191731494606f,-0.15657687500000006f,-0.09417244882364f,-0.5971411686701662f,-0.7965889621139542f,-0.05363605299233104f,0f,0f,0f,1f],start_interpolation:0}
execute if entity @s[tag=aj.mech_legs.bone.hips] run data modify entity @s {} merge value {transformation:[-0.9945218953682733f,0f,0.10452846326765358f,0.04650000000000001f,0f,1f,0f,0.24012937499999998f,-0.10452846326765358f,0f,-0.9945218953682733f,6.938893903907228e-18f,0f,0f,0f,1f],start_interpolation:0}