execute if entity @s[tag=aj.mech_legs.bone.foot] run data modify entity @s {} merge value {transformation:[-0.995047499256917f,0.007477521281671236f,-0.09911892300684937f,0.5696468996686648f,0.007737940581098942f,0.9999675457228343f,-0.0022431621909643207f,-1.5241698476717325f,0.09909893288082851f,-0.0029990292652361528f,-0.9950730663249545f,-0.9041279423969091f,0f,0f,0f,1f],start_interpolation:0}
execute if entity @s[tag=aj.mech_legs.bone.leg_low] run data modify entity @s {} merge value {transformation:[-0.9917738536916475f,0.08670737048885288f,-0.0941618555282726f,0.6750133789373265f,0.03711914369313f,0.8988344175878243f,0.43671370362177286f,-0.41476395318312187f,0.12250221347023586f,0.429626025355152f,-0.8946589775061932f,-0.6363764752722525f,0f,0f,0f,1f],start_interpolation:0}
execute if entity @s[tag=aj.mech_legs.bone.bone4] run data modify entity @s {} merge value {transformation:[-0.9917738536916475f,0.12788061360218447f,0.005583170993912444f,0.7455460486689591f,0.03711914369313f,0.2455851445330238f,0.9686640831352129f,-0.3665079139337966f,0.12250221347023586f,0.9609029531900829f,-0.24831174407480236f,-0.07996828569692269f,0f,0f,0f,1f],start_interpolation:0}
execute if entity @s[tag=aj.mech_legs.bone.leg] run data modify entity @s {} merge value {transformation:[-0.9917738536916475f,0.03772307294692913f,-0.12231759031741565f,0.7859102722116209f,0.03711914369313f,0.9992848139193699f,0.007213171398159156f,0.329423125f,0.12250221347023586f,0.002613510583701117f,-0.9924647990016178f,-0.0471030240381025f,0f,0f,0f,1f],start_interpolation:0}
execute if entity @s[tag=aj.mech_legs.bone.foot2] run data modify entity @s {} merge value {transformation:[-0.9965229523999682f,0.0038751992651336192f,-0.0832285297882034f,-0.6724514163762768f,0.026467739498070453f,0.9618992102474053f,-0.2721201354021414f,-1.1891415545741615f,0.0790029373245871f,-0.2733768317836627f,-0.9586572086715951f,0.8105272597118782f,0f,0f,0f,1f],start_interpolation:0}
execute if entity @s[tag=aj.mech_legs.bone.leg_low2] run data modify entity @s {} merge value {transformation:[-0.9965684686475179f,-0.02297596051325177f,-0.07951976192138907f,-0.7473190875115611f,0.027504749179399976f,0.8141904275892071f,-0.5799460633495861f,-0.41161863854749503f,0.07806904681190364f,-0.5801431313569069f,-0.8107645595789713f,-0.028178486482292597f,0f,0f,0f,1f],start_interpolation:0}
execute if entity @s[tag=aj.mech_legs.bone.bone3] run data modify entity @s {} merge value {transformation:[-0.9965684686475179f,0.08258237479196887f,0.005607019819805419f,-0.7013585486334509f,0.027504749179399976f,0.26650150944499523f,0.9634419724280844f,-0.2491428439759535f,0.07806904681190364f,0.960290110767188f,-0.26785840866514316f,0.501275497631889f,0f,0f,0f,1f],start_interpolation:0}
execute if entity @s[tag=aj.mech_legs.bone.leg2] run data modify entity @s {} merge value {transformation:[-0.9965684686475179f,-0.02464992854433727f,-0.07901688629843606f,-0.7261086051067949f,0.027504749179399976f,0.8017631138785122f,-0.5970087084761916f,0.329423125f,0.07806904681190364f,-0.5971333940139263f,-0.7983338485140723f,0.11181656376971605f,0f,0f,0f,1f],start_interpolation:0}
execute if entity @s[tag=aj.mech_legs.bone.hips] run data modify entity @s {} merge value {transformation:[-0.9945218953682733f,0f,-0.10452846326765333f,0.026500000000000003f,0f,1f,0f,0.726129375f,0.10452846326765333f,0f,-0.9945218953682733f,6.938893903907228e-18f,0f,0f,0f,1f],start_interpolation:0}