execute if entity @s[tag=aj.mech_legs.bone.foot] run data modify entity @s {} merge value {transformation:[-0.9878991975137403f,0.0015959771712317772f,-0.15508909829055345f,0.5377115873668622f,0.001682876062691638f,0.9999984919315861f,-0.0004290253034709979f,-2.029730761603147f,0.1550881796909928f,-0.0006848294841096392f,-0.9879003935259423f,-1.141148246535379f,0f,0f,0f,1f],start_interpolation:0}
execute if entity @s[tag=aj.mech_legs.bone.leg_low] run data modify entity @s {} merge value {transformation:[-0.9871918555987413f,0.09243007416352746f,-0.130034309432698f,0.6409244071305288f,0.005898698498939018f,0.8356595807079027f,0.5492160508644215f,-0.963771725034762f,0.15942849681136825f,0.5414145791915996f,-0.8255015492676258f,-0.732916905232943f,0f,0f,0f,1f],start_interpolation:0}
execute if entity @s[tag=aj.mech_legs.bone.bone4] run data modify entity @s {} merge value {transformation:[-0.9871918555987413f,0.15848914879745404f,-0.01826006442957724f,0.729008350654758f,0.005898698498939018f,0.15063822349105294f,0.9885713585672399f,-0.8822138543508145f,0.15942849681136825f,0.9758018832411208f,-0.1496437070763401f,-0.19051283007520523f,0f,0f,0f,1f],start_interpolation:0}
execute if entity @s[tag=aj.mech_legs.bone.leg] run data modify entity @s {} merge value {transformation:[-0.9871918555987413f,0.02295017586233193f,-0.1578782115030503f,0.760185595021567f,0.005898698498939018f,0.9941729274705428f,0.10763547575344104f,-0.19279562499999997f,0.15942849681136825f,0.10532558906808458f,-0.9815747932235875f,-0.08678293375761328f,0f,0f,0f,1f],start_interpolation:0}
execute if entity @s[tag=aj.mech_legs.bone.foot2] run data modify entity @s {} merge value {transformation:[-0.991482943884165f,0.020395324903770662f,-0.1286297116099514f,-0.6420989531874243f,0.029980882603273275f,0.9968789926977051f,-0.0730302717805274f,-1.9546529104578276f,0.12673878121995008f,-0.0762647011406889f,-0.9889999882177973f,1.0255047549455092f,0f,0f,0f,1f],start_interpolation:0}
execute if entity @s[tag=aj.mech_legs.bone.leg_low2] run data modify entity @s {} merge value {transformation:[-0.9914887808215269f,-0.042504759090844405f,-0.1230582909017974f,-0.7489426856066805f,0.030061553061458274f,0.8449205557309415f,-0.5340464001665494f,-1.1318054337319774f,0.12667399311845837f,-0.5332003375448542f,-0.8364514926219444f,0.23488422098779754f,0f,0f,0f,1f],start_interpolation:0}
execute if entity @s[tag=aj.mech_legs.bone.bone3] run data modify entity @s {} merge value {transformation:[-0.9914887808215269f,0.1092844170337657f,-0.07075954846260747f,-0.6892920840722254f,0.030061553061458274f,0.7209849022609347f,0.6922983993476538f,-0.7209131273732405f,0.12667399311845837f,0.6842789540131865f,-0.7181337010348731f,0.6042642347429756f,0f,0f,0f,1f],start_interpolation:0}
execute if entity @s[tag=aj.mech_legs.bone.leg2] run data modify entity @s {} merge value {transformation:[-0.9914887808215269f,-0.06559652467005633f,-0.11245929688670832f,-0.7414439043813992f,0.030061553061458274f,0.7251044341861297f,-0.6879824580257449f,-0.19279562499999997f,0.12667399311845837f,-0.6855075896551572f,-0.7169609780124728f,0.1510518140801389f,0f,0f,0f,1f],start_interpolation:0}
execute if entity @s[tag=aj.mech_legs.bone.hips] run data modify entity @s {} merge value {transformation:[-0.9876883405951378f,0f,-0.15643446504023076f,0.00428125f,0f,1f,0f,0.203910625f,0.15643446504023076f,0f,-0.9876883405951378f,6.938893903907228e-18f,0f,0f,0f,1f],start_interpolation:0}