execute if entity @s[tag=aj.mech_legs.bone.foot] run data modify entity @s {} merge value {transformation:[-0.991915862110153f,0.013665896813000754f,-0.12615928724659217f,0.6062745819408242f,-0.005290679469107648f,0.9888660971070058f,0.14871398960122384f,-1.6494754082917917f,0.12678695202987927f,0.1481792335540112f,-0.9807996653437023f,-1.1511364106492339f,0f,0f,0f,1f],start_interpolation:0}
execute if entity @s[tag=aj.mech_legs.bone.leg_low] run data modify entity @s {} merge value {transformation:[-0.992433411720047f,0.06835879880026227f,-0.10199508776550358f,0.6892451747887348f,-0.008838414843879152f,0.7887590230648226f,0.6146389883149899f,-0.6202821082937483f,0.12246552872035057f,0.6108897430473129f,-0.782186624863167f,-0.6536915254724368f,0f,0f,0f,1f],start_interpolation:0}
execute if entity @s[tag=aj.mech_legs.bone.bone4] run data modify entity @s {} merge value {transformation:[-0.992433411720047f,0.1218906036300356f,0.014785264570276336f,0.755208155809032f,-0.008838414843879152f,-0.19102334702283452f,0.9815457010833685f,-0.8425968579306402f,0.12246552872035057f,0.9739880705834641f,0.19065527172450727f,-0.13518679208747064f,0f,0f,0f,1f],start_interpolation:0}
execute if entity @s[tag=aj.mech_legs.bone.leg] run data modify entity @s {} merge value {transformation:[-0.992433411720047f,-0.0024814932631833445f,-0.12275897316649521f,0.7675691837065215f,-0.008838414843879152f,0.9986459048410209f,0.05126635512015778f,-0.148076875f,0.12246552872035057f,0.05196343844900379f,-0.9911114949085201f,-0.06796622070549992f,0f,0f,0f,1f],start_interpolation:0}
execute if entity @s[tag=aj.mech_legs.bone.foot2] run data modify entity @s {} merge value {transformation:[-0.9955674314019334f,0.020425988266173967f,-0.09180560187214465f,-0.7488355101937878f,0.02128080454268066f,0.9997387367141775f,-0.008341802632331308f,-2.0275179266642076f,0.09161122687625588f,-0.010258524089296228f,-0.995742007647431f,0.838747630331533f,0f,0f,0f,1f],start_interpolation:0}
execute if entity @s[tag=aj.mech_legs.bone.leg_low2] run data modify entity @s {} merge value {transformation:[-0.9944932978675352f,-0.04403134398905597f,-0.09510163638482473f,-0.8509122484856053f,-0.0007104100441446513f,0.9102682018078432f,-0.4140184731326429f,-1.1041230163322888f,0.10479778534932488f,-0.4116710355660612f,-0.90528690626886f,0.16755722448549826f,0f,0f,0f,1f],start_interpolation:0}
execute if entity @s[tag=aj.mech_legs.bone.bone3] run data modify entity @s {} merge value {transformation:[-0.9944932978675352f,0.06406963024592714f,-0.082934691032789f,-0.8105595158779546f,-0.0007104100441446513f,0.7872205693274504f,0.6166711202459005f,-0.7021992318587718f,0.10479778534932488f,0.6133342137105307f,-0.7828400644307635f,0.5532147332553665f,0f,0f,0f,1f],start_interpolation:0}
execute if entity @s[tag=aj.mech_legs.bone.leg2] run data modify entity @s {} merge value {transformation:[-0.9944932978675352f,-0.06804487008665408f,-0.07970555910000483f,-0.8655141455311486f,-0.0007104100441446513f,0.7649074085228936f,-0.6441398541499822f,-0.148076875f,0.10479778534932488f,-0.6405361442117701f,-0.7607436310244045f,0.13255119879280075f,0f,0f,0f,1f],start_interpolation:0}
execute if entity @s[tag=aj.mech_legs.bone.hips] run data modify entity @s {} merge value {transformation:[-0.992546151641322f,0f,-0.12186934340514734f,-0.05293750000000002f,0f,1f,0f,0.24862937500000004f,0.12186934340514734f,0f,-0.992546151641322f,0f,0f,0f,0f,1f],start_interpolation:0}