execute if entity @s[tag=aj.mech_legs.bone.foot] run data modify entity @s {} merge value {transformation:[-0.9947523550761999f,-0.003441952847408322f,0.10225411987274757f,0.797216745204485f,-0.029428677869088954f,0.9668233319419635f,-0.2537451432668563f,-1.680972803672098f,-0.09798829006177932f,-0.25542278240837546f,-0.9618510785134737f,0.9664383117038144f,0f,0f,0f,1f],start_interpolation:0}
execute if entity @s[tag=aj.mech_legs.bone.leg_low] run data modify entity @s {} merge value {transformation:[-0.9948326791507043f,0.03442122283615078f,0.09551502453695901f,0.8886247724851567f,-0.03422106963127431f,0.772040011718397f,-0.6346519823487113f,-0.963367168376304f,-0.0955869179706266f,-0.6346411582337863f,-0.7668727022058847f,0.07747199818719441f,0f,0f,0f,1f],start_interpolation:0}
execute if entity @s[tag=aj.mech_legs.bone.bone4] run data modify entity @s {} merge value {transformation:[-0.9948326791507043f,-0.10049797061275209f,0.014425615985123222f,0.8329170514590474f,-0.03422106963127431f,0.4656873061535052f,0.8842874257167648f,-0.6972235672388688f,-0.0955869179706266f,0.8792243688559878f,-0.46672009847730667f,0.5619749368170766f,0f,0f,0f,1f],start_interpolation:0}
execute if entity @s[tag=aj.mech_legs.bone.leg] run data modify entity @s {} merge value {transformation:[-0.9948326791507043f,0.03666383181706971f,0.09467683946098672f,0.8655141455311486f,-0.03422106963127431f,0.7568606999106862f,-0.6526797065360601f,-0.148076875f,-0.0955869179706266f,-0.6525470437962276f,-0.751695082294464f,0.13255119879280094f,0f,0f,0f,1f],start_interpolation:0}
execute if entity @s[tag=aj.mech_legs.bone.foot2] run data modify entity @s {} merge value {transformation:[-0.9947010727319827f,-0.0023176898976787277f,0.10278328764629491f,-0.564605407286931f,-0.003305681625860899f,0.9999499490692682f,-0.009443083466565971f,-1.9998932939124119f,-0.10275625710793113f,-0.009732814079508934f,-0.9946589485624016f,-1.0527612534369482f,0f,0f,0f,1f],start_interpolation:0}
execute if entity @s[tag=aj.mech_legs.bone.leg_low2] run data modify entity @s {} merge value {transformation:[-0.9932319164957735f,-0.08013771321708212f,0.0840732238853104f,-0.6650206386757734f,-0.02678323123583293f,0.8623631479461205f,0.5055813085835208f,-0.9148830840685304f,-0.11301777992289852f,0.4999077394727891f,-0.8586729490536574f,-0.6974529258303268f,0f,0f,0f,1f],start_interpolation:0}
execute if entity @s[tag=aj.mech_legs.bone.bone3] run data modify entity @s {} merge value {transformation:[-0.9932319164957735f,-0.11614600141513041f,0.0006829417320290826f,-0.7295819097126038f,-0.02678323123583293f,0.23475250771349854f,0.9716861214645353f,-0.840336254255463f,-0.11301777992289852f,0.9650913772682357f,-0.23627444835148587f,-0.14773667742307267f,0f,0f,0f,1f],start_interpolation:0}
execute if entity @s[tag=aj.mech_legs.bone.leg2] run data modify entity @s {} merge value {transformation:[-0.9932319164957735f,-0.03482919554136105f,0.11080292050336245f,-0.7675691837065215f,-0.02678323123583293f,0.9969507781901128f,0.07329259437826148f,-0.148076875f,-0.11301777992289852f,0.06982888373782083f,-0.9911361704716608f,-0.06796622070550012f,0f,0f,0f,1f],start_interpolation:0}
execute if entity @s[tag=aj.mech_legs.bone.hips] run data modify entity @s {} merge value {transformation:[-0.992546151641322f,0f,0.12186934340514759f,0.0529375f,0f,1f,0f,0.24862937500000004f,-0.12186934340514759f,0f,-0.992546151641322f,6.938893903907228e-18f,0f,0f,0f,1f],start_interpolation:0}