execute if entity @s[tag=aj.mech_legs.bone.foot] run data modify entity @s {} merge value {transformation:[-0.9985867966568562f,0.007151533304835311f,-0.0526617993804605f,0.5852436241883593f,0.007434714844917939f,0.9999589277149281f,-0.005183425352616733f,-1.5056843682216101f,0.05262256700098156f,-0.00556762558019358f,-0.9985989520261004f,-0.6107953185746717f,0f,0f,0f,1f],start_interpolation:0}
execute if entity @s[tag=aj.mech_legs.bone.leg_low] run data modify entity @s {} merge value {transformation:[-0.9936383360774255f,0.09223750327609528f,-0.06461501425115736f,0.7038124186775998f,0.07073652234912878f,0.9576182108913129f,0.27921981766212883f,-0.3684027634037089f,0.08763105319027131f,0.27287287362197343f,-0.9580507258794027f,-0.5326520262000815f,0f,0f,0f,1f],start_interpolation:0}
execute if entity @s[tag=aj.mech_legs.bone.bone4] run data modify entity @s {} merge value {transformation:[-0.9936383360774255f,0.10763209246728946f,0.03313894609666712f,0.7573447899278304f,0.07073652234912878f,0.36751060765438953f,0.9273253461797821f,-0.33941319097986505f,0.08763105319027131f,0.9237701477816948f,-0.3727861485948071f,0.050944688615903615f,0f,0f,0f,1f],start_interpolation:0}
execute if entity @s[tag=aj.mech_legs.bone.leg] run data modify entity @s {} merge value {transformation:[-0.9936383360774255f,0.059152449400573966f,-0.09583237869946405f,0.8118034586315038f,0.07073652234912878f,0.989959284268441f,-0.12238039016389525f,0.353891875f,0.08763105319027131f,-0.12838069644860384f,-0.9878457345639222f,-0.007294008203794354f,0f,0f,0f,1f],start_interpolation:0}
execute if entity @s[tag=aj.mech_legs.bone.foot2] run data modify entity @s {} merge value {transformation:[-0.9992804696659383f,0.018637629980631173f,-0.03303303941399646f,-0.6969416231952729f,0.021178361479158705f,0.9967038203938055f,-0.07831329017127608f,-1.2036853164257348f,0.031464582458371394f,-0.07895652703290251f,-0.9963813762258018f,0.3002195309492941f,0f,0f,0f,1f],start_interpolation:0}
execute if entity @s[tag=aj.mech_legs.bone.leg_low2] run data modify entity @s {} merge value {transformation:[-0.9992413485740183f,0.017101415801825528f,-0.03498955383468459f,-0.716484741545917f,0.024454945917672805f,0.9747452222480383f,-0.2219768170886002f,-0.16208704224977402f,0.030309782581551415f,-0.22266408170649174f,-0.9744239445937604f,-0.17755184071893915f,0f,0f,0f,1f],start_interpolation:0}
execute if entity @s[tag=aj.mech_legs.bone.bone3] run data modify entity @s {} merge value {transformation:[-0.9992413485740183f,0.023649000494536856f,0.030942722497973807f,-0.7028837632767823f,0.024454945917672805f,-0.23733397427020664f,0.9711202501633216f,-0.2793894725600348f,0.030309782581551415f,0.971140211005969f,0.23657558548409174f,0.3654835443927762f,0f,0f,0f,1f],start_interpolation:0}
execute if entity @s[tag=aj.mech_legs.bone.leg2] run data modify entity @s {} merge value {transformation:[-0.9992413485740183f,0.007671101018379714f,-0.03818221456572461f,-0.7064604579587755f,0.024454945917672805f,0.8866120246378564f,-0.46186694338058537f,0.353891875f,0.030309782581551415f,-0.4624502913575977f,-0.8861269915216058f,0.07227483203027449f,0f,0f,0f,1f],start_interpolation:0}
execute if entity @s[tag=aj.mech_legs.bone.hips] run data modify entity @s {} merge value {transformation:[-0.9986295347545738f,0f,-0.0523359562429437f,0.05096875f,0f,1f,0f,0.750598125f,0.0523359562429437f,0f,-0.9986295347545738f,6.938893903907228e-18f,0f,0f,0f,1f],start_interpolation:0}