execute if entity @s[tag=aj.mech_legs.bone.foot] run data modify entity @s {} merge value {transformation:[-0.9999569421500412f,-0.006095245855946183f,0.006997272604029287f,0.6490745563328777f,-0.006156126324380415f,0.9999430974797169f,-0.008712285081836687f,-2.112966550634776f,-0.006943770922042132f,-0.008754986043649394f,-0.9999375651833255f,-0.09760645222059025f,0f,0f,0f,1f],start_interpolation:0}
execute if entity @s[tag=aj.mech_legs.bone.leg_low] run data modify entity @s {} merge value {transformation:[-0.9975172060200377f,0.06964088409420766f,-0.010467614654495621f,0.7551492028994866f,0.06947684669074934f,0.9974663278830814f,0.015293544826193828f,-0.9929924362586481f,0.011506149133745397f,0.01452831724659881f,-0.9998282535166196f,-0.31665104656185483f,0f,0f,0f,1f],start_interpolation:0}
execute if entity @s[tag=aj.mech_legs.bone.bone4] run data modify entity @s {} merge value {transformation:[-0.9975172060200377f,0.04758512749691443f,0.05191415351404927f,0.771091820856253f,0.06947684669074934f,0.544523820651077f,0.835862893372749f,-0.859427910856558f,0.011506149133745397f,0.8373944496977848f,-0.5464779447950813f,0.25898843013931694f,0f,0f,0f,1f],start_interpolation:0}
execute if entity @s[tag=aj.mech_legs.bone.leg] run data modify entity @s {} merge value {transformation:[-0.9975172060200377f,0.06181240438001707f,-0.03374389365113524f,0.8254240033582444f,0.06947684669074934f,0.9420713107255252f,-0.32813810092977796f,-0.19279562500000003f,0.011506149133745397f,-0.3296678209541421f,-0.9440268726892576f,0.059793007712473055f,0f,0f,0f,1f],start_interpolation:0}
execute if entity @s[tag=aj.mech_legs.bone.foot2] run data modify entity @s {} merge value {transformation:[-0.9986805292736622f,0.00164712893853536f,0.05132725802083959f,-0.7814876259617097f,0.013678643419034478f,0.9719093428348877f,0.23495770688460277f,-1.7090408223975802f,-0.04949843597420942f,0.23534977432858495f,-0.9706494673977781f,-0.526788134945712f,0f,0f,0f,1f],start_interpolation:0}
execute if entity @s[tag=aj.mech_legs.bone.leg_low2] run data modify entity @s {} merge value {transformation:[-0.9986614730948382f,-0.0003595520405655604f,0.051721686731758004f,-0.8002134410676199f,0.01899863085729616f,0.927523998281221f,0.37328043698801716f,-0.580659841717189f,-0.048107319418111236f,0.3737634323134715f,-0.9262756514578455f,-0.3268379208564797f,0f,0f,0f,1f],start_interpolation:0}
execute if entity @s[tag=aj.mech_legs.bone.bone3] run data modify entity @s {} merge value {transformation:[-0.9986614730948382f,-0.050500790316082116f,-0.011177313339935237f,-0.8284609248093421f,0.01899863085729616f,-0.5591497673603546f,0.8288489546874082f,-0.8769672947825984f,-0.048107319418111236f,0.827527164411122f,0.5593607762259447f,0.1425342677584308f,0f,0f,0f,1f],start_interpolation:0}
execute if entity @s[tag=aj.mech_legs.bone.leg2] run data modify entity @s {} merge value {transformation:[-0.9986614730948382f,0.03008568471746676f,0.042072719559462464f,-0.8190189108159859f,0.01899863085729616f,0.9699339133815721f,-0.24262575233857034f,-0.19279562500000003f,-0.048107319418111236f,-0.24150166717310728f,-0.969207217560318f,0.005241217838857112f,0f,0f,0f,1f],start_interpolation:0}
execute if entity @s[tag=aj.mech_legs.bone.hips] run data modify entity @s {} merge value {transformation:[-0.9994502159417572f,0f,0.0331551783885264f,0.00428125f,0f,1f,0f,0.203910625f,-0.0331551783885264f,0f,-0.9994502159417572f,6.938893903907228e-18f,0f,0f,0f,1f],start_interpolation:0}