execute if entity @s[tag=aj.mech_legs.bone.foot] run data modify entity @s {} merge value {transformation:[-0.9991987600154735f,-0.020820183980654123f,0.03418125103842405f,0.6993565608701172f,-0.023039132848294418f,0.9975627518612427f,-0.06586163114153393f,-1.6909658648288564f,-0.03272669157031753f,-0.06659636655281223f,-0.9972431436820336f,0.38462607111776137f,0f,0f,0f,1f],start_interpolation:0}
execute if entity @s[tag=aj.mech_legs.bone.leg_low] run data modify entity @s {} merge value {transformation:[-0.9990374003906924f,-0.01955417620390454f,0.03926712127968873f,0.7171484087232182f,-0.029603086234855414f,0.9611174562897409f,-0.2745485248558256f,-0.6768475143603795f,-0.032371745488602305f,-0.2754466725305005f,-0.9607711489662336f,-0.14906091881174854f,0f,0f,0f,1f],start_interpolation:0}
execute if entity @s[tag=aj.mech_legs.bone.bone4] run data modify entity @s {} merge value {transformation:[-0.9990374003906924f,-0.02637824818893376f,-0.035049402892062834f,0.7019697675897522f,-0.029603086234855414f,-0.18421738308902408f,0.9824396231083127f,-0.7644728427448626f,-0.032371745488602305f,0.9825314976072343f,0.1832591779521736f,0.3995041975863439f,0f,0f,0f,1f],start_interpolation:0}
execute if entity @s[tag=aj.mech_legs.bone.leg] run data modify entity @s {} merge value {transformation:[-0.9990374003906924f,-0.008959148769577187f,0.04294189415863852f,0.7044917079587756f,-0.029603086234855414f,0.8601001777059072f,-0.509265492249022f,-0.14807687499999994f,-0.032371745488602305f,-0.5100464860810154f,-0.8595374640644989f,0.07227483203027465f,0f,0f,0f,1f],start_interpolation:0}
execute if entity @s[tag=aj.mech_legs.bone.foot2] run data modify entity @s {} merge value {transformation:[-0.9998744779319108f,-0.002013386930509932f,0.01571542724386047f,-0.6184446195698652f,-0.0021272936293049664f,0.9999715662237582f,-0.007234733292862672f,-2.014307179896184f,-0.015700414077461092f,-0.007267256502435371f,-0.9998503307899259f,-0.6774248373683035f,0f,0f,0f,1f],start_interpolation:0}
execute if entity @s[tag=aj.mech_legs.bone.leg_low2] run data modify entity @s {} merge value {transformation:[-0.9969698719758497f,-0.07754688669631021f,0.006128191916664014f,-0.734387761512833f,-0.07176144339732103f,0.947269769156037f,0.3122983824559479f,-0.8808866999284166f,-0.03002281822199457f,0.31091231047801576f,-0.9499642970023827f,-0.5529676750473561f,0f,0f,0f,1f],start_interpolation:0}
execute if entity @s[tag=aj.mech_legs.bone.bone3] run data modify entity @s {} merge value {transformation:[-0.9969698719758497f,-0.055313175245183685f,-0.05469485365876245f,-0.7547837553347735f,-0.07176144339732103f,0.3826150290418518f,0.921116732446456f,-0.8423334366790776f,-0.03002281822199457f,0.9222506124669143f,-0.3854250098143744f,0.03217238079726172f,0f,0f,0f,1f],start_interpolation:0}
execute if entity @s[tag=aj.mech_legs.bone.leg2] run data modify entity @s {} merge value {transformation:[-0.9969698719758497f,-0.06834118173250506f,0.03715585084293667f,-0.8137722086315038f,-0.07176144339732103f,0.9923733025697427f,-0.10022735948010923f,-0.14807687499999994f,-0.03002281822199457f,-0.10259001523650667f,-0.9942705462598107f,-0.0072940082037945275f,0f,0f,0f,1f],start_interpolation:0}
execute if entity @s[tag=aj.mech_legs.bone.hips] run data modify entity @s {} merge value {transformation:[-0.9986295347545738f,0f,0.052335956242943925f,-0.05293750000000002f,0f,1f,0f,0.24862937500000004f,-0.052335956242943925f,0f,-0.9986295347545738f,0f,0f,0f,0f,1f],start_interpolation:0}