execute if entity @s[tag=aj.mech_legs.bone.foot] run data modify entity @s {} merge value {transformation:[-0.984807753012208f,-2.7755575615628914e-17f,0.17364817766693041f,1.0256993197930098f,0f,1f,1.1102230246251565e-16f,-1.7962595561685042f,-0.17364817766693044f,1.1102230246251565e-16f,-0.984807753012208f,-0.9593278493700297f,0f,0f,0f,1f],start_interpolation:0}
execute if entity @s[tag=aj.mech_legs.bone.leg_low] run data modify entity @s {} merge value {transformation:[-0.984807753012208f,-0.09960050292505128f,0.1422442597229241f,0.9774998416008713f,0f,0.8191520442889918f,0.5735764363510462f,-0.7429057769320263f,-0.17364817766693044f,0.5648625214636235f,-0.8067072841115986f,-0.5102209490699031f,0f,0f,0f,1f],start_interpolation:0}
execute if entity @s[tag=aj.mech_legs.bone.bone4] run data modify entity @s {} merge value {transformation:[-0.984807753012208f,-0.17216259343480464f,0.022665635416815426f,0.8784068628484303f,0f,0.13052619222005157f,0.9914448613738105f,-0.8214087904672364f,-0.17364817766693044f,0.9763825861650423f,-0.12854320606946856f,0.05176325978057979f,0f,0f,0f,1f],start_interpolation:0}
execute if entity @s[tag=aj.mech_legs.bone.leg] run data modify entity @s {} merge value {transformation:[-0.984807753012208f,-0.02266563541681543f,0.17216259343480464f,0.8670258437392334f,0f,0.9914448613738104f,0.13052619222005157f,-0.13457687500000004f,-0.17364817766693044f,0.12854320606946854f,-0.9763825861650423f,0.1748965177461721f,0f,0f,0f,1f],start_interpolation:0}
execute if entity @s[tag=aj.mech_legs.bone.foot2] run data modify entity @s {} merge value {transformation:[-0.9892263709774071f,-0.030457654791754038f,0.1431904962888793f,-0.7876439087820348f,-0.03084359959334134f,0.9995241097143617f,-0.0004758821685240111f,-1.9513540341791076f,-0.14310785906788928f,-0.004887265523687678f,-0.9896950314661109f,0.8023291304554456f,0f,0f,0f,1f],start_interpolation:0}
execute if entity @s[tag=aj.mech_legs.bone.leg_low2] run data modify entity @s {} merge value {transformation:[-0.9892263709774071f,0.04521814535508381f,0.1392354347625479f,-0.7344056996675643f,-0.03084359959334134f,0.8653753296233996f,-0.5001741809043305f,-1.0994677445894219f,-0.14310785906788928f,-0.49908001183160877f,-0.8546574064870476f,0.037456706762216185f,0f,0f,0f,1f],start_interpolation:0}
execute if entity @s[tag=aj.mech_legs.bone.bone3] run data modify entity @s {} merge value {transformation:[-0.9892263709774071f,-0.11133253330776151f,0.09505921307345963f,-0.7948301935175834f,-0.03084359959334134f,0.7932654898524623f,0.6080941826504005f,-0.6496827229539431f,-0.14310785906788928f,0.5986108332100325f,-0.7881530378274234f,0.3581973981397538f,0f,0f,0f,1f],start_interpolation:0}
execute if entity @s[tag=aj.mech_legs.bone.leg2] run data modify entity @s {} merge value {transformation:[-0.9892263709774071f,0.07971415668504554f,0.12278778516962195f,-0.7533251306600205f,-0.03084359959334134f,0.7064337764300626f,-0.707106775446881f,-0.13457687500000004f,-0.14310785906788928f,-0.7032758866495795f,-0.6963642494630614f,-0.11081507725766769f,0f,0f,0f,1f],start_interpolation:0}
execute if entity @s[tag=aj.mech_legs.bone.hips] run data modify entity @s {} merge value {transformation:[-0.984807753012208f,0f,0.17364817766693044f,0.0625f,0f,1f,0f,0.262129375f,-0.17364817766693044f,0f,-0.984807753012208f,1.3877787807814457e-17f,0f,0f,0f,1f],start_interpolation:0}