execute if entity @s[tag=aj.mech_legs.bone.foot] run data modify entity @s {} merge value {transformation:[-0.9990131403890693f,-0.01992375992270662f,0.039696210404923535f,0.6754301745555851f,-0.01994279082400957f,0.9998011192884194f,-0.00008344922667674615f,-1.5746761307632675f,-0.03968665297199312f,-0.0008750200946165965f,-0.9992117913213968f,0.5583510072370839f,0f,0f,0f,1f],start_interpolation:0}
execute if entity @s[tag=aj.mech_legs.bone.leg_low] run data modify entity @s {} merge value {transformation:[-0.9985926334235125f,0.04174797180841915f,0.03270870407365252f,0.7604076836748025f,0.029905033719395218f,0.9525755438201459f,-0.3028291965349364f,-0.5785989945906487f,-0.043800016330318534f,-0.30142484994710816f,-0.9524833953428412f,-0.0021697716507290132f,0f,0f,0f,1f],start_interpolation:0}
execute if entity @s[tag=aj.mech_legs.bone.bone4] run data modify entity @s {} merge value {transformation:[-0.9985926334235125f,-0.007864039438526206f,0.05244911206115541f,0.749448782235231f,0.029905033719395218f,0.733242116775241f,0.6793097137132706f,-0.2566199331971554f,-0.043800016330318534f,0.6799221683918486f,-0.7319750019630388f,0.4675166499418086f,0f,0f,0f,1f],start_interpolation:0}
execute if entity @s[tag=aj.mech_legs.bone.leg] run data modify entity @s {} merge value {transformation:[-0.9985926334235125f,0.04951996837043649f,0.018987501280718945f,0.793507947288225f,0.029905033719395218f,0.8214249383254817f,-0.5695320532289824f,0.334173125f,-0.043800016330318534f,-0.5681626909869827f,-0.8217497886460904f,0.09866470230093766f,0f,0f,0f,1f],start_interpolation:0}
execute if entity @s[tag=aj.mech_legs.bone.foot2] run data modify entity @s {} merge value {transformation:[-0.9951382246891827f,-0.01799671961156943f,0.09682991193678092f,-0.6006224225065978f,0.0069690714439104105f,0.9678315127845919f,0.25150267375178675f,-1.160058425884682f,-0.09824126325364446f,0.2509547388361306f,-0.9630007130059757f,-1.0588069496425447f,0f,0f,0f,1f],start_interpolation:0}
execute if entity @s[tag=aj.mech_legs.bone.leg_low2] run data modify entity @s {} merge value {transformation:[-0.9954010850526839f,-0.04947194467452782f,0.08203174121070594f,-0.6671968637999472f,0.012183125026580087f,0.7839946607246646f,0.620648002832366f,-0.13469325480732575f,-0.09501711077761991f,0.6187930984144364f,-0.7797864130735641f,-0.5510978877429806f,0f,0f,0f,1f],start_interpolation:0}
execute if entity @s[tag=aj.mech_legs.bone.bone3] run data modify entity @s {} merge value {transformation:[-0.9954010850526839f,-0.0907949500072299f,-0.030544343651884187f,-0.7180931299489006f,0.012183125026580087f,-0.4362486652954195f,0.8997436709933289f,-0.3635666331224386f,-0.09501711077761991f,0.8952337008184789f,0.43534856101556585f,-0.04725384139458701f,0f,0f,0f,1f],start_interpolation:0}
execute if entity @s[tag=aj.mech_legs.bone.leg2] run data modify entity @s {} merge value {transformation:[-0.9954010850526839f,0.014698832878766215f,0.09466057356651647f,-0.7210541714688151f,0.012183125026580087f,0.9995584987552916f,-0.027099428603837857f,0.334173125f,-0.09501711077761991f,-0.02582153903371929f,-0.9951406919533557f,-0.03384231329610776f,0f,0f,0f,1f],start_interpolation:0}
execute if entity @s[tag=aj.mech_legs.bone.hips] run data modify entity @s {} merge value {transformation:[-0.9961946980917455f,0f,0.0871557427476583f,0.0390625f,0f,1f,0f,0.730879375f,-0.0871557427476583f,0f,-0.9961946980917455f,6.938893903907228e-18f,0f,0f,0f,1f],start_interpolation:0}