execute if entity @s[tag=aj.mech_legs.bone.foot] run data modify entity @s {} merge value {transformation:[-0.9977008475357813f,-0.006191393042224044f,0.06748840995741719f,0.9741321034540795f,-0.007120948789008339f,0.9998829502741688f,-0.013541707402251635f,-2.0091693043214027f,-0.06739666842454478f,-0.013991154463466493f,-0.997628155517902f,-0.631995957755262f,0f,0f,0f,1f],start_interpolation:0}
execute if entity @s[tag=aj.mech_legs.bone.leg_low] run data modify entity @s {} merge value {transformation:[-0.9938282337665594f,-0.0830917458190671f,0.07349288091496005f,0.9285615822215924f,-0.05392892659461989f,0.9408599578285864f,0.33447602400043924f,-0.8738881184601565f,-0.09693870560716733f,0.3284483239895278f,-0.939534238771359f,-0.4815488293312388f,0f,0f,0f,1f],start_interpolation:0}
execute if entity @s[tag=aj.mech_legs.bone.bone4] run data modify entity @s {} merge value {transformation:[-0.9938282337665594f,-0.10995848518441725f,-0.014648320872688692f,0.870560195386143f,-0.05392892659461989f,0.36352661472741454f,0.9300215434392786f,-0.8676986804563376f,-0.09693870560716733f,0.9250716361021855f,-0.367212956517649f,0.10964563451023353f,0f,0f,0f,1f],start_interpolation:0}
execute if entity @s[tag=aj.mech_legs.bone.leg] run data modify entity @s {} merge value {transformation:[-0.9938282337665594f,-0.046619892133853466f,0.10065797249035381f,0.8449002312191729f,-0.05392892659461989f,0.9960062971538599f,-0.07115565266518899f,-0.17057687500000007f,-0.09693870560716733f,-0.07614487302034711f,-0.9923733398615272f,0.08984256621705958f,0f,0f,0f,1f],start_interpolation:0}
execute if entity @s[tag=aj.mech_legs.bone.foot2] run data modify entity @s {} merge value {transformation:[-0.9986459639078927f,-0.025559846303643236f,0.04530930398284496f,-0.708613054782402f,-0.022695402817510493f,0.9977778280369005f,0.06264442967188728f,-1.9232189304325664f,-0.04680980091205957f,0.06153129394787031f,-0.9970068918536489f,0.10166872650587538f,0f,0f,0f,1f],start_interpolation:0}
execute if entity @s[tag=aj.mech_legs.bone.leg_low2] run data modify entity @s {} merge value {transformation:[-0.9985340224830671f,-0.024519634580051658f,0.04825550190233581f,-0.7552413174197631f,-0.03007013264589203f,0.9925719963079285f,-0.11788392285613764f,-0.8388303980014221f,-0.04500658914474702f,-0.11916215701872002f,-0.9918542167416546f,-0.26643682585947925f,0f,0f,0f,1f],start_interpolation:0}
execute if entity @s[tag=aj.mech_legs.bone.bone3] run data modify entity @s {} merge value {transformation:[-0.9985340224830671f,-0.04594483986571022f,-0.028616038046868846f,-0.781536742212476f,-0.03007013264589203f,0.03127572842678866f,0.9990583646284295f,-0.7945063495812784f,-0.04500658914474702f,0.9984542555876497f,-0.032611446341245465f,0.28734978071079464f,0f,0f,0f,1f],start_interpolation:0}
execute if entity @s[tag=aj.mech_legs.bone.leg2] run data modify entity @s {} merge value {transformation:[-0.9985340224830671f,-0.004286966459199751f,0.05395764878460974f,-0.7964392849657032f,-0.03007013264589203f,0.8728122102821829f,-0.48712896927301397f,-0.17057687500000007f,-0.04500658914474702f,-0.4880373628124267f,-0.8716615968554813f,-0.024931073466652805f,0f,0f,0f,1f],start_interpolation:0}
execute if entity @s[tag=aj.mech_legs.bone.hips] run data modify entity @s {} merge value {transformation:[-0.9975640502598242f,0f,0.06975647374412541f,0.026499999999999996f,0f,1f,0f,0.22612937499999997f,-0.06975647374412541f,0f,-0.9975640502598242f,6.938893903907228e-18f,0f,0f,0f,1f],start_interpolation:0}