execute if entity @s[tag=aj.mech_legs.bone.foot] run data modify entity @s {} merge value {transformation:[-0.9990692646147596f,0.017182357131449826f,-0.03956477101577807f,0.8355891104554735f,0.017239954896163028f,0.9998507591859003f,-0.0011150383658290741f,-2.1387611474640664f,0.03953970734972505f,-0.0017960954279550856f,-0.9992163857663224f,0.27092473767803665f,0f,0f,0f,1f],start_interpolation:0}
execute if entity @s[tag=aj.mech_legs.bone.leg_low] run data modify entity @s {} merge value {transformation:[-0.998643521421601f,-0.042027975903253224f,-0.030737051975426328f,0.8117154079022114f,-0.034688142014331506f,0.9772527343212469f,-0.20922195407088606f,-1.0910410741356826f,0.038831043332082406f,-0.20787193774803264f,-0.9773849843181652f,-0.19306564594873427f,0f,0f,0f,1f],start_interpolation:0}
execute if entity @s[tag=aj.mech_legs.bone.bone4] run data modify entity @s {} merge value {transformation:[-0.998643521421601f,0.00374706255007568f,-0.05193338661121873f,0.8199508414718386f,-0.034688142014331506f,0.6959585941429056f,0.7172435904504298f,-0.7894084553748687f,0.038831043332082406f,0.7180721375745449f,-0.6948845625806245f,0.28818172452035584f,0f,0f,0f,1f],start_interpolation:0}
execute if entity @s[tag=aj.mech_legs.bone.leg] run data modify entity @s {} merge value {transformation:[-0.998643521421601f,-0.04949951492520714f,-0.01615286800644667f,0.7961330898634345f,-0.034688142014331506f,0.8638320214536448f,-0.5025842929448783f,-0.17057687500000007f,0.038831043332082406f,-0.5013422351383123f,-0.8643772980245739f,-0.033547349013014496f,0f,0f,0f,1f],start_interpolation:0}
execute if entity @s[tag=aj.mech_legs.bone.foot2] run data modify entity @s {} merge value {transformation:[-0.9954374053560373f,0.019900539865646313f,-0.09331848976004757f,-0.8643398065544381f,-0.009845326441653226f,0.9513665646322418f,0.30790376621130117f,-1.6594071408163478f,0.09490754219395615f,0.30741767713145923f,-0.9468299373286632f,-0.8396248709633702f,0f,0f,0f,1f],start_interpolation:0}
execute if entity @s[tag=aj.mech_legs.bone.leg_low2] run data modify entity @s {} merge value {transformation:[-0.9956990725193355f,0.04098008648127847f,-0.08309024910374249f,-0.8683035443313901f,-0.016451615952306434f,0.8043918902685924f,0.5938712244272142f,-0.6183368416083002f,0.09117401667521763f,0.5926839962257356f,-0.8002580704380302f,-0.36032193678013935f,0f,0f,0f,1f],start_interpolation:0}
execute if entity @s[tag=aj.mech_legs.bone.bone3] run data modify entity @s {} merge value {transformation:[-0.9956990725193355f,0.0874716046137877f,0.030529909440157814f,-0.8188635235418041f,-0.016451615952306434f,-0.49122907034785307f,0.8708750454443748f,-0.8670557340269825f,0.09117401667521763f,0.86662720868403f,0.4905553789857307f,0.1347265078678053f,0f,0f,0f,1f],start_interpolation:0}
execute if entity @s[tag=aj.mech_legs.bone.leg2] run data modify entity @s {} merge value {transformation:[-0.9956990725193355f,-0.02556269831478877f,-0.08905001650197567f,-0.8439145458573556f,-0.016451615952306434f,0.9946908482892938f,-0.10158474620770032f,-0.17057687500000007f,0.09117401667521763f,-0.09968282090908225f,-0.9908333027805005f,0.0984077506341625f,0f,0f,0f,1f],start_interpolation:0}
execute if entity @s[tag=aj.mech_legs.bone.hips] run data modify entity @s {} merge value {transformation:[-0.9967788784562471f,0f,-0.08019892432885879f,-0.026500000000000003f,0f,1f,0f,0.22612937499999997f,0.08019892432885879f,0f,-0.9967788784562471f,0f,0f,0f,0f,1f],start_interpolation:0}