execute if entity @s[tag=aj.mech_legs.bone.foot] run data modify entity @s {} merge value {transformation:[-0.9961634163992801f,0.005626114228103225f,-0.08733152160821835f,0.7427566969510132f,0.028217895117002907f,0.965280497330295f,-0.2596869497470827f,-1.6413218930423312f,0.08283838616776763f,-0.2611549507715107f,-0.9617358751053479f,0.6899753409263465f,0f,0f,0f,1f],start_interpolation:0}
execute if entity @s[tag=aj.mech_legs.bone.leg_low] run data modify entity @s {} merge value {transformation:[-0.9961951892271137f,-0.020695087190900956f,-0.08465729931267664f,0.7300571147937658f,0.034379801421709016f,0.7992954822007331f,-0.5999539660571478f,-0.8870923288366043f,0.08008229651401719f,-0.6005817558831255f,-0.7955428211513083f,-0.17289826912209094f,0f,0f,0f,1f],start_interpolation:0}
execute if entity @s[tag=aj.mech_legs.bone.bone4] run data modify entity @s {} merge value {transformation:[-0.9961951892271137f,0.08662997614695536f,0.009507480924675078f,0.7782193854154832f,0.034379801421709016f,0.29039715933328714f,0.9562884079112124f,-0.7220324843083981f,0.08008229651401719f,0.9529767767810164f,-0.2922705744701399f,0.3553620263431704f,0f,0f,0f,1f],start_interpolation:0}
execute if entity @s[tag=aj.mech_legs.bone.leg] run data modify entity @s {} merge value {transformation:[-0.9961951892271137f,-0.02298509279950392f,-0.0840644423627095f,0.7750678906721381f,0.034379801421709016f,0.7827180854202815f,-0.6214261243383743f,-0.15657687500000006f,0.08008229651401719f,-0.6219518343609953f,-0.778949768290635f,-0.05363605299233085f,0f,0f,0f,1f],start_interpolation:0}
execute if entity @s[tag=aj.mech_legs.bone.foot2] run data modify entity @s {} merge value {transformation:[-0.9968834727552957f,0.0027236649361767444f,-0.07884112757093865f,-0.9775865212154273f,0.0036440053397949084f,0.999926866317488f,-0.011531836001780926f,-2.0250933758727396f,0.07880395277157823f,-0.011783194210563952f,-0.9968204920454691f,-0.7983837897436703f,0f,0f,0f,1f],start_interpolation:0}
execute if entity @s[tag=aj.mech_legs.bone.leg_low2] run data modify entity @s {} merge value {transformation:[-0.9950090209471603f,0.07656184725198241f,-0.06399477931157692f,-0.937141990161953f,0.03856851878502349f,0.8865657250327661f,0.4609920656105212f,-0.9214289102492341f,0.09202998203032864f,0.45622308001951184f,-0.8850937711141162f,-0.49201249693900917f,0f,0f,0f,1f],start_interpolation:0}
execute if entity @s[tag=aj.mech_legs.bone.bone3] run data modify entity @s {} merge value {transformation:[-0.9950090209471603f,0.09919552821814052f,0.010830300794410486f,-0.8830231972054532f,0.03856851878502349f,0.28221391818128116f,0.958575909223416f,-0.8519926673204694f,0.09202998203032864f,0.9542093855995618f,-0.2846312190206902f,0.06400884551725747f,0f,0f,0f,1f],start_interpolation:0}
execute if entity @s[tag=aj.mech_legs.bone.leg2] run data modify entity @s {} merge value {transformation:[-0.9950090209471603f,0.04150043186923678f,-0.09074559156477055f,-0.861266223567312f,0.03856851878502349f,0.9986831942355177f,0.03382819697046553f,-0.15657687500000006f,0.09202998203032864f,0.030159438095066684f,-0.9952993975188004f,0.11834959272394441f,0f,0f,0f,1f],start_interpolation:0}
execute if entity @s[tag=aj.mech_legs.bone.hips] run data modify entity @s {} merge value {transformation:[-0.9945218953682733f,0f,-0.10452846326765335f,-0.04650000000000002f,0f,1f,0f,0.24012937499999998f,0.10452846326765335f,0f,-0.9945218953682733f,0f,0f,0f,0f,1f],start_interpolation:0}