execute if entity @s[tag=aj.mech_legs.bone.foot] run data modify entity @s {} merge value {transformation:[-0.9959815283189941f,-0.026635825922617404f,0.0855063040060848f,0.7606210496304919f,-0.02632535830019279f,0.9996421109035235f,0.004756639434958576f,-2.03253877481269f,-0.08560239925216721f,0.0024865409242073033f,-0.9963262750507511f,0.9252172333804396f,0f,0f,0f,1f],start_interpolation:0}
execute if entity @s[tag=aj.mech_legs.bone.leg_low] run data modify entity @s {} merge value {transformation:[-0.9958891984790429f,0.034474324484645935f,0.08376291126803621f,0.849358825868612f,-0.005397279945662508f,0.9005133576154708f,-0.4347948506195761f,-1.1247789388986853f,-0.09041887923413844f,-0.43345958716752186f,-0.8966254583551617f,0.2311912474140312f,0f,0f,0f,1f],start_interpolation:0}
execute if entity @s[tag=aj.mech_legs.bone.bone4] run data modify entity @s {} merge value {transformation:[-0.9958891984790429f,-0.056879946846277514f,0.07049380114261261f,0.815871623877966f,-0.005397279945662508f,0.8141311615595762f,0.5806559404215577f,-0.688068127116823f,-0.09041887923413844f,0.5778885043193195f,-0.8110914269388021f,0.57395696742513f,0f,0f,0f,1f],start_interpolation:0}
execute if entity @s[tag=aj.mech_legs.bone.leg] run data modify entity @s {} merge value {transformation:[-0.9958891984790429f,0.05616417871430194f,0.07106538807406541f,0.8628402236488545f,-0.005397279945662508f,0.746372423200967f,-0.6655066305111504f,-0.14610812500000003f,-0.09041887923413844f,-0.663154424636121f,-0.7430011005130327f,0.13680400374002194f,0f,0f,0f,1f],start_interpolation:0}
execute if entity @s[tag=aj.mech_legs.bone.foot2] run data modify entity @s {} merge value {transformation:[-0.9905592289286899f,-0.018362911480577733f,0.13584998147278401f,-0.5940462663693667f,0.004731577702558715f,0.9858175200794159f,0.16775407380124902f,-1.7887918946705894f,-0.1370037450460532f,0.16681313073744142f,-0.976423757011744f,-1.2126335787031115f,0f,0f,0f,1f],start_interpolation:0}
execute if entity @s[tag=aj.mech_legs.bone.leg_low2] run data modify entity @s {} merge value {transformation:[-0.991076432856544f,-0.07557248488427278f,0.10980120110802322f,-0.6832298170527014f,0.011315787361031157f,0.7730722082526114f,0.6342170872688869f,-0.7725119166350843f,-0.13281361825034407f,0.6298000955508403f,-0.7653184843262343f,-0.6903351177072753f,0f,0f,0f,1f],start_interpolation:0}
execute if entity @s[tag=aj.mech_legs.bone.bone3] run data modify entity @s {} merge value {transformation:[-0.991076432856544f,-0.132649957479663f,-0.013095534238502744f,-0.7573611440582372f,0.011315787361031157f,-0.1816186074739159f,0.9833039379437243f,-0.8402952917016214f,-0.13281361825034407f,0.9743811729502369f,0.18149896034791113f,-0.14293049286177997f,0f,0f,0f,1f],start_interpolation:0}
execute if entity @s[tag=aj.mech_legs.bone.leg2] run data modify entity @s {} merge value {transformation:[-0.991076432856544f,0.0037419951885450118f,0.133242266973949f,-0.7691708177305444f,0.011315787361031157f,0.9983593143097017f,0.056130495164947766f,-0.14610812500000003f,-0.13281361825034407f,0.057137352083126876f,-0.989492731557024f,-0.07226143236068872f,0f,0f,0f,1f],start_interpolation:0}
execute if entity @s[tag=aj.mech_legs.bone.hips] run data modify entity @s {} merge value {transformation:[-0.9918944425900297f,0f,0.12706460860135058f,0.05096875f,0f,1f,0f,0.250598125f,-0.12706460860135058f,0f,-0.9918944425900297f,6.938893903907228e-18f,0f,0f,0f,1f],start_interpolation:0}