execute if entity @s[tag=aj.mech_legs.bone.foot] run data modify entity @s {} merge value {transformation:[-0.9913310146685531f,-0.020134793666253634f,0.12983608681808903f,0.7697308816181374f,-0.030628556496041574f,0.9963769658509487f,-0.07933998644205992f,-1.8784645165823521f,-0.12776819198527367f,-0.0826288811837293f,-0.9883560882147384f,1.0586202561368414f,0f,0f,0f,1f],start_interpolation:0}
execute if entity @s[tag=aj.mech_legs.bone.leg_low] run data modify entity @s {} merge value {transformation:[-0.9913617732917567f,0.04313615164457238f,0.12385922201079816f,0.8774669831962957f,-0.03248476568433122f,0.8341857668355683f,-0.5505259725093712f,-1.0714535580100553f,-0.12706917192717448f,-0.5497939421549235f,-0.8255786132861552f,0.2519600879198181f,0f,0f,0f,1f],start_interpolation:0}
execute if entity @s[tag=aj.mech_legs.bone.bone4] run data modify entity @s {} merge value {transformation:[-0.9913617732917567f,-0.11095602857679285f,0.06993278328716554f,0.816809406497109f,-0.03248476568433122f,0.7243149576730137f,0.6887035516748657f,-0.659414856392821f,-0.12706917192717448f,0.6804826241819893f,-0.7216625414500437f,0.6198590945487983f,0f,0f,0f,1f],start_interpolation:0}
execute if entity @s[tag=aj.mech_legs.bone.leg] run data modify entity @s {} merge value {transformation:[-0.9913617732917567f,0.06537926904815854f,0.11369866153368838f,0.8687681756685953f,-0.03248476568433122f,0.7174880500933103f,-0.6958129331736609f,-0.13632687500000007f,-0.12706917192717448f,-0.6934958176889231f,-0.7091663954205067f,0.16082896814515352f,0f,0f,0f,1f],start_interpolation:0}
execute if entity @s[tag=aj.mech_legs.bone.foot2] run data modify entity @s {} merge value {transformation:[-0.9884961050349256f,-0.000608327885207538f,0.15124509998001742f,-0.5337423896497835f,-0.0012183027910145233f,0.9999914944917974f,-0.00394039114444078f,-1.9675454060647775f,-0.15124141651376716f,-0.0040793236260268095f,-0.9884884385007562f,-1.1799985752689062f,0f,0f,0f,1f],start_interpolation:0}
execute if entity @s[tag=aj.mech_legs.bone.leg_low2] run data modify entity @s {} merge value {transformation:[-0.9880347980877365f,-0.09225853944786422f,0.12359449691095775f,-0.6383021034768169f,-0.006706888341438459f,0.8263023071095689f,0.5631869271513493f,-0.9088202266192793f,-0.1540852212786851f,0.555619347363238f,-0.8170342008870547f,-0.7536857294860708f,0f,0f,0f,1f],start_interpolation:0}
execute if entity @s[tag=aj.mech_legs.bone.bone3] run data modify entity @s {} merge value {transformation:[-0.9880347980877365f,-0.15322258498859379f,0.017609009544520517f,-0.7234598308292344f,-0.006706888341438459f,0.15674955353771702f,0.9876156110119472f,-0.8239153024942222f,-0.1540852212786851f,0.9756804891536673f,-0.1559016602488862f,-0.21132774465789467f,0f,0f,0f,1f],start_interpolation:0}
execute if entity @s[tag=aj.mech_legs.bone.leg2] run data modify entity @s {} merge value {transformation:[-0.9880347980877365f,-0.02562594383373082f,0.15208730640772208f,-0.7563223663087631f,-0.006706888341438459f,0.9923060580874894f,0.12362728150227816f,-0.13632687500000007f,-0.1540852212786851f,0.12112802353501242f,-0.9806047860876472f,-0.0965600878226279f,0f,0f,0f,1f],start_interpolation:0}
execute if entity @s[tag=aj.mech_legs.bone.hips] run data modify entity @s {} merge value {transformation:[-0.9876883405951378f,0f,0.15643446504023098f,0.0613125f,0f,1f,0f,0.26037937499999997f,-0.15643446504023098f,0f,-0.9876883405951378f,1.3877787807814457e-17f,0f,0f,0f,1f],start_interpolation:0}