execute if entity @s[tag=aj.mech_legs.bone.foot] run data modify entity @s {} merge value {transformation:[-0.9946385398059313f,-0.02896119168178027f,0.09927449072695449f,0.6587789957799789f,-0.02838679209849469f,0.9995711267495464f,0.007193928203667654f,-2.019096177992086f,-0.09944025928708065f,0.0043372739150147055f,-0.9950340812695335f,0.9913362202430144f,0f,0f,0f,1f],start_interpolation:0}
execute if entity @s[tag=aj.mech_legs.bone.leg_low] run data modify entity @s {} merge value {transformation:[-0.9945297783432735f,0.03741749449943334f,0.09752154169138338f,0.7540092034237842f,-0.014011308769702092f,0.877410015544888f,-0.47953659698513096f,-1.1474956067183095f,-0.10350943539136623f,-0.4782798299394453f,-0.8720861202072053f,0.25321832076197837f,0f,0f,0f,1f],start_interpolation:0}
execute if entity @s[tag=aj.mech_legs.bone.bone4] run data modify entity @s {} merge value {transformation:[-0.9945297783432735f,-0.07191120907155571f,0.07575815466566194f,0.7120133648744688f,-0.014011308769702092f,0.8105701971398416f,0.5854738582850978f,-0.713026028972354f,-0.10350943539136623f,0.581209715609216f,-0.8071437686474543f,0.5979079083734854f,0f,0f,0f,1f],start_interpolation:0}
execute if entity @s[tag=aj.mech_legs.bone.leg] run data modify entity @s {} merge value {transformation:[-0.9945297783432735f,0.0621868169822753f,0.08392448857212265f,0.7627477944808017f,-0.014011308769702092f,0.7167783064523355f,-0.6971603421207218f,-0.19057687499999992f,-0.10350943539136623f,-0.6945226124417655f,-0.7119860515431646f,0.13801410967244862f,0f,0f,0f,1f],start_interpolation:0}
execute if entity @s[tag=aj.mech_legs.bone.foot2] run data modify entity @s {} merge value {transformation:[-0.9895961540084086f,-0.01127586676904218f,0.1434304946668348f,-0.5490973061815448f,0.0023481109251861495f,0.9955254589027249f,0.09446452800709043f,-1.90023729350651f,-0.1438538784560539f,0.09381852431756815f,-0.9851416883616411f,-1.201620838454691f,0f,0f,0f,1f],start_interpolation:0}
execute if entity @s[tag=aj.mech_legs.bone.leg_low2] run data modify entity @s {} merge value {transformation:[-0.9898437114731167f,-0.0820792923163163f,0.11607073976665294f,-0.6440660882348206f,0.005382075223280597f,0.794258081747861f,0.6075566910540113f,-0.8666476744097747f,-0.14205794635787297f,0.6020108714558742f,-0.7857496105793007f,-0.7155675373057977f,0f,0f,0f,1f],start_interpolation:0}
execute if entity @s[tag=aj.mech_legs.bone.bone3] run data modify entity @s {} merge value {transformation:[-0.9898437114731167f,-0.14213881420262267f,-0.0024462939720487215f,-0.7230643862469639f,0.005382075223280597f,-0.05466496981576108f,0.9984902474943523f,-0.8820630403104475f,-0.14205794635787297f,0.9883361263113447f,0.05487477840018525f,-0.16570036093014529f,0f,0f,0f,1f],start_interpolation:0}
execute if entity @s[tag=aj.mech_legs.bone.leg2] run data modify entity @s {} merge value {transformation:[-0.9898437114731167f,-0.007244640910460877f,0.1419751458361774f,-0.7428037881602729f,0.005382075223280597f,0.9960748811540274f,0.08835080305396797f,-0.19057687499999992f,-0.14205794635787297f,0.08821760772129657f,-0.9859194660643004f,-0.07357736643943463f,0f,0f,0f,1f],start_interpolation:0}
execute if entity @s[tag=aj.mech_legs.bone.hips] run data modify entity @s {} merge value {transformation:[-0.9902680687415704f,0f,0.13917310096006555f,0.01450000000000002f,0f,1f,0f,0.20612937500000006f,-0.13917310096006555f,0f,-0.9902680687415704f,6.938893903907228e-18f,0f,0f,0f,1f],start_interpolation:0}