execute if entity @s[tag=aj.mech_legs.bone.foot] run data modify entity @s {} merge value {transformation:[-0.9898299545862778f,-0.00944747904915174f,0.1419415589013438f,0.9754379237886969f,0.0033024728126050716f,0.995997297114252f,0.08932232539755403f,-1.7062166954417746f,-0.14221727981173668f,0.08888267143105227f,-0.985836759327948f,-0.9748327581045364f,0f,0f,0f,1f],start_interpolation:0}
execute if entity @s[tag=aj.mech_legs.bone.leg_low] run data modify entity @s {} merge value {transformation:[-0.9902460559542451f,-0.0790761607307827f,0.11471577690597676f,0.9439493290609059f,0.005865941264007322f,0.7989494405246858f,0.6013695887042999f,-0.669163868392959f,-0.1392061040333707f,0.5961767793946451f,-0.7906926762721909f,-0.48789920602675907f,0f,0f,0f,1f],start_interpolation:0}
execute if entity @s[tag=aj.mech_legs.bone.bone4] run data modify entity @s {} merge value {transformation:[-0.9902460559542451f,-0.1393035130546966f,-0.0026981322581338734f,0.8669130569729304f,0.005865941264007322f,-0.0610306313149915f,0.9981186566608105f,-0.832658645641776f,-0.1392061040333707f,0.9883672360473682f,0.06125248817751668f,0.05321078597592721f,0f,0f,0f,1f],start_interpolation:0}
execute if entity @s[tag=aj.mech_legs.bone.leg] run data modify entity @s {} merge value {transformation:[-0.9902460559542451f,-0.00619678668461156f,0.13919176880062925f,0.8681395487771497f,0.005865941264007322f,0.9962704792074613f,0.08608555623809787f,-0.1410768750000001f,-0.1392061040333707f,0.08606237327962153f,-0.9865165627121167f,0.14671242848245272f,0f,0f,0f,1f],start_interpolation:0}
execute if entity @s[tag=aj.mech_legs.bone.foot2] run data modify entity @s {} merge value {transformation:[-0.9938485712531938f,-0.024503651202985026f,0.10800272448280133f,-0.792402446707204f,-0.02513530731006463f,0.9996739710274862f,-0.004490877037407137f,-1.9914256494973264f,-0.10785746958098946f,-0.00717793339750028f,-0.9941404546278794f,0.7365394568141855f,0f,0f,0f,1f],start_interpolation:0}
execute if entity @s[tag=aj.mech_legs.bone.leg_low2] run data modify entity @s {} merge value {transformation:[-0.9931440282108721f,0.042191708414102004f,0.10901742507591156f,-0.7497794583520113f,-0.012681995237819486f,0.8882000568667813f,-0.45928185896966844f,-1.1037800529530164f,-0.11620716942542972f,-0.45751559396696617f,-0.8815755072886176f,0.01276949499888469f,0f,0f,0f,1f],start_interpolation:0}
execute if entity @s[tag=aj.mech_legs.bone.bone3] run data modify entity @s {} merge value {transformation:[-0.9931440282108721f,-0.07984081285898838f,0.08538374453664228f,-0.7964405216116036f,-0.012681995237819486f,0.799696357341504f,0.6002706914813659f,-0.6757510494781613f,-0.11620716942542972f,0.5950724163131285f,-0.7952262024841635f,0.3648380871933699f,0f,0f,0f,1f],start_interpolation:0}
execute if entity @s[tag=aj.mech_legs.bone.leg2] run data modify entity @s {} merge value {transformation:[-0.9931440282108721f,0.06944817677130956f,0.0940313244202353f,-0.7611955424566212f,-0.012681995237819486f,0.735635246604786f,-0.6772591460803639f,-0.1410768750000001f,-0.11620716942542972f,-0.6738083812894112f,-0.7297110106598864f,-0.08227568524943873f,0f,0f,0f,1f],start_interpolation:0}
execute if entity @s[tag=aj.mech_legs.bone.hips] run data modify entity @s {} merge value {transformation:[-0.9902680687415704f,0f,0.13917310096006555f,0.05799999999999999f,0f,1f,0f,0.25562937499999994f,-0.13917310096006555f,0f,-0.9902680687415704f,6.938893903907228e-18f,0f,0f,0f,1f],start_interpolation:0}