execute if entity @s[tag=aj.mech_legs.bone.foot] run data modify entity @s {} merge value {transformation:[-0.999814737209994f,-0.019221285377562014f,-0.0010165855326216128f,0.69686451210711f,-0.019248016271109652f,0.998608893116558f,0.049089636973089566f,-1.2004325441848662f,0.00007160543214889932f,0.04910010974485639f,-0.9987938596605931f,0.041470849809849f,0f,0f,0f,1f],start_interpolation:0}
execute if entity @s[tag=aj.mech_legs.bone.leg_low] run data modify entity @s {} merge value {transformation:[-0.9996824097763461f,-0.02514409230630475f,0.001689439507530482f,0.6995761470753682f,-0.025174391213666235f,0.9994562471991931f,-0.021294599351157406f,-0.08393748315687333f,-0.001153087498355191f,-0.02133036700568125f,-0.9997718168825441f,-0.21738395034431018f,0f,0f,0f,1f],start_interpolation:0}
execute if entity @s[tag=aj.mech_legs.bone.bone4] run data modify entity @s {} merge value {transformation:[-0.9996824097763461f,0.008728550220190019f,-0.02364089665835878f,0.7040710525089803f,-0.025174391213666235f,-0.3888113878754882f,0.9209733734942382f,-0.2861403531383277f,-0.001153087498355191f,0.9212760265356902f,0.38890764111782483f,0.3002318062226686f,0f,0f,0f,1f],start_interpolation:0}
execute if entity @s[tag=aj.mech_legs.bone.leg] run data modify entity @s {} merge value {transformation:[-0.9996824097763461f,-0.022517692348582453f,0.01131517189671328f,0.6981776578124538f,-0.025174391213666235f,0.9128565338583745f,-0.4075036179214802f,0.3636731250000001f,-0.001153087498355191f,-0.4076590513203025f,-0.9131334887440347f,0.04579690600986722f,0f,0f,0f,1f],start_interpolation:0}
execute if entity @s[tag=aj.mech_legs.bone.foot2] run data modify entity @s {} merge value {transformation:[-0.9999318692160528f,0.001501079215821744f,-0.011575996167868675f,-0.6264650949502308f,0.0015698577953508954f,0.9999811573437888f,-0.005934686502157643f,-1.5189308919139626f,0.011566869610791772f,-0.005952454835136817f,-0.9999153843245151f,-0.41911051289798856f,0f,0f,0f,1f],start_interpolation:0}
execute if entity @s[tag=aj.mech_legs.bone.leg_low2] run data modify entity @s {} merge value {transformation:[-0.9964927106038588f,-0.08103866643173722f,-0.0208569474358023f,-0.7526513332559132f,-0.08341120012210113f,0.9818952375610119f,0.17007149716867442f,-0.38046586293190937f,0.00669697002867628f,0.1712147102265728f,-0.9852109792295587f,-0.45846521876789376f,0f,0f,0f,1f],start_interpolation:0}
execute if entity @s[tag=aj.mech_legs.bone.bone3] run data modify entity @s {} merge value {transformation:[-0.9964927106038588f,-0.033458768562028535f,-0.07669933845664384f,-0.7536628622539941f,-0.08341120012210113f,0.4705184621978531f,0.8784389269750961f,-0.3203753743357903f,0.00669697002867628f,0.8817555713105987f,-0.47165905382506434f,0.13945271716844015f,0f,0f,0f,1f],start_interpolation:0}
execute if entity @s[tag=aj.mech_legs.bone.leg2] run data modify entity @s {} merge value {transformation:[-0.9964927106038588f,-0.08286075482544968f,0.011677886072869221f,-0.8219382858993277f,-0.08341120012210113f,0.9724075715676243f,-0.21786713027014062f,0.3636731250000001f,0.00669697002867628f,-0.21807707368660365f,-0.9759085718061518f,0.01926318351395915f,0f,0f,0f,1f],start_interpolation:0}
execute if entity @s[tag=aj.mech_legs.bone.hips] run data modify entity @s {} merge value {transformation:[-0.9998476951563913f,0f,0.017452406437283633f,-0.0613125f,0f,1f,0f,0.7603793750000001f,-0.017452406437283633f,0f,-0.9998476951563913f,-6.938893903907228e-18f,0f,0f,0f,1f],start_interpolation:0}