execute if entity @s[tag=aj.mech_legs.bone.foot] run data modify entity @s {} merge value {transformation:[-0.9898299545862778f,0.009447479049151705f,-0.14194155890134358f,0.5733047543736681f,-0.0033024728126050716f,0.995997297114252f,0.08932232539755403f,-1.7066941024039723f,0.14221727981173646f,0.08888267143105227f,-0.985836759327948f,-1.1924914090520418f,0f,0f,0f,1f],start_interpolation:0}
execute if entity @s[tag=aj.mech_legs.bone.leg_low] run data modify entity @s {} merge value {transformation:[-0.9902460559542451f,0.07907616073078257f,-0.11471577690597658f,0.6652367305493362f,-0.005865941264007322f,0.7989494405246858f,0.6013695887042999f,-0.6692832256328285f,0.13920610403337047f,0.5961767793946451f,-0.7906926762721909f,-0.7140548235568314f,0f,0f,0f,1f],start_interpolation:0}
execute if entity @s[tag=aj.mech_legs.bone.bone4] run data modify entity @s {} merge value {transformation:[-0.9902460559542451f,0.13930351305469638f,0.00269813225813386f,0.7422730026373116f,-0.005865941264007322f,-0.0610306313149915f,0.9981186566608105f,-0.8327780028816455f,0.13920610403337047f,0.9883672360473682f,0.06125248817751668f,-0.17294483155414503f,0f,0f,0f,1f],start_interpolation:0}
execute if entity @s[tag=aj.mech_legs.bone.leg] run data modify entity @s {} merge value {transformation:[-0.9902460559542451f,0.006196786684611541f,-0.13919176880062903f,0.7611955424566211f,-0.005865941264007322f,0.9962704792074613f,0.08608555623809787f,-0.1410768750000001f,0.13920610403337047f,0.08606237327962153f,-0.9865165627121167f,-0.08227568524943854f,0f,0f,0f,1f],start_interpolation:0}
execute if entity @s[tag=aj.mech_legs.bone.foot2] run data modify entity @s {} merge value {transformation:[-0.9938485712531938f,0.024503651202985047f,-0.10800272448280114f,-0.7561043763605904f,0.02513530731006463f,0.9996739710274862f,-0.004490877037407137f,-1.9924577895322504f,0.10785746958098924f,-0.00717793339750028f,-0.9941404546278794f,0.9560699048034262f,0f,0f,0f,1f],start_interpolation:0}
execute if entity @s[tag=aj.mech_legs.bone.leg_low2] run data modify entity @s {} merge value {transformation:[-0.9931440282108721f,-0.04219170841410191f,-0.10901742507591139f,-0.8593476347677391f,0.012681995237819486f,0.8882000568667813f,-0.45928185896966844f,-1.104038099851118f,0.1162071694254295f,-0.45751559396696617f,-0.8815755072886176f,0.239393083350892f,0f,0f,0f,1f],start_interpolation:0}
execute if entity @s[tag=aj.mech_legs.bone.bone3] run data modify entity @s {} merge value {transformation:[-0.9931440282108721f,0.07984081285898825f,-0.08538374453664212f,-0.8126865715081469f,0.012681995237819486f,0.799696357341504f,0.6002706914813659f,-0.6760090963762628f,0.1162071694254295f,0.5950724163131285f,-0.7952262024841635f,0.5914616755453772f,0f,0f,0f,1f],start_interpolation:0}
execute if entity @s[tag=aj.mech_legs.bone.leg2] run data modify entity @s {} merge value {transformation:[-0.9931440282108721f,-0.0694481767713094f,-0.09403132442023514f,-0.8681395487771498f,0.012681995237819486f,0.735635246604786f,-0.6772591460803639f,-0.1410768750000001f,0.1162071694254295f,-0.6738083812894112f,-0.7297110106598864f,0.14671242848245253f,0f,0f,0f,1f],start_interpolation:0}
execute if entity @s[tag=aj.mech_legs.bone.hips] run data modify entity @s {} merge value {transformation:[-0.9902680687415704f,0f,-0.13917310096006533f,-0.058f,0f,1f,0f,0.25562937499999994f,0.13917310096006533f,0f,-0.9902680687415704f,-6.938893903907228e-18f,0f,0f,0f,1f],start_interpolation:0}