execute if entity @s[tag=aj.mech_legs.bone.foot] run data modify entity @s {} merge value {transformation:[-0.997389527539536f,-0.023781797191051925f,0.06818032323790288f,0.7549178074640646f,-0.02359485921410844f,0.9997153140436008f,0.0035459110777259495f,-2.077381190502135f,-0.06824524139548227f,0.0019279494465395675f,-0.9976667129045671f,0.7730717489707488f,0f,0f,0f,1f],start_interpolation:0}
execute if entity @s[tag=aj.mech_legs.bone.leg_low] run data modify entity @s {} merge value {transformation:[-0.997297738986943f,0.033879439130287584f,0.0651874482991052f,0.838665803807012f,0.007322823586341729f,0.9287409400455902f,-0.37065704166784275f,-1.123282823082313f,-0.07309990469388242f,-0.3691780734109905f,-0.9264793327680302f,0.14358230487948753f,0f,0f,0f,1f],start_interpolation:0}
execute if entity @s[tag=aj.mech_legs.bone.bone4] run data modify entity @s {} merge value {transformation:[-0.997297738986943f,-0.039420134757829656f,0.06199413510329767f,0.8133770941382203f,0.007322823586341729f,0.7863082987154313f,0.6177909319712999f,-0.7202497135986138f,-0.07309990469388242f,0.616575471736363f,-0.783894821762988f,0.5289687626698307f,0f,0f,0f,1f],start_interpolation:0}
execute if entity @s[tag=aj.mech_legs.bone.leg] run data modify entity @s {} merge value {transformation:[-0.997297738986943f,0.05109345424883233f,0.05278900211648116f,0.8574201389762118f,0.007322823586341729f,0.7841089443744184f,-0.6205800025836787f,-0.15357687500000006f,-0.07309990469388242f,-0.618516468887416f,-0.7823642256959271f,0.12403480371656364f,0f,0f,0f,1f],start_interpolation:0}
execute if entity @s[tag=aj.mech_legs.bone.foot2] run data modify entity @s {} merge value {transformation:[-0.9923154243188144f,-0.02233932362248682f,0.12170067082420352f,-0.6259134816992704f,0.006543247229494258f,0.972716810556729f,0.231903411738677f,-1.7264486282840052f,-0.12356085373072272f,0.23091764999764408f,-0.9650957228922428f,-1.1619472116706064f,0f,0f,0f,1f],start_interpolation:0}
execute if entity @s[tag=aj.mech_legs.bone.leg_low2] run data modify entity @s {} merge value {transformation:[-0.9927955681121376f,-0.06570735053788745f,0.10019732542432996f,-0.7063444681193125f,0.01353704659476757f,0.7693659028385708f,0.638664901117074f,-0.7132115445011653f,-0.11905338427104452f,0.635420059200748f,-0.7629335751288765f,-0.6323663865856172f,0f,0f,0f,1f],start_interpolation:0}
execute if entity @s[tag=aj.mech_legs.bone.bone3] run data modify entity @s {} merge value {transformation:[-0.9927955681121376f,-0.11750669461999948f,-0.023433665022357955f,-0.7724061135747605f,0.01353704659476757f,-0.30431865120187906f,0.9524740977581281f,-0.8504126670105685f,-0.11905338427104452f,0.9452948403805826f,0.303716901807357f,-0.09707365860224695f,0f,0f,0f,1f],start_interpolation:0}
execute if entity @s[tag=aj.mech_legs.bone.leg2] run data modify entity @s {} merge value {transformation:[-0.9927955681121376f,0.01249601868029564f,0.11916714922343155f,-0.7776734223948775f,0.01353704659476757f,0.9998769212534436f,0.007930366588373523f,-0.15357687500000006f,-0.11905338427104452f,0.00948640405404502f,-0.9928425352651519f,-0.059370325216783634f,0f,0f,0f,1f],start_interpolation:0}
execute if entity @s[tag=aj.mech_legs.bone.hips] run data modify entity @s {} merge value {transformation:[-0.9937679191605964f,0f,0.11146893220632559f,0.0435f,0f,1f,0f,0.24312937499999998f,-0.11146893220632559f,0f,-0.9937679191605964f,6.938893903907228e-18f,0f,0f,0f,1f],start_interpolation:0}