execute if entity @s[tag=aj.mech_legs.bone.foot] run data modify entity @s {} merge value {transformation:[-0.987466570892211f,0.004204742799145858f,-0.15777227737587857f,0.542866721465164f,-0.0015197805462418936f,0.9993453903176439f,0.03614527794840444f,-1.7601216412863612f,0.15782097971267758f,0.03593203290754893f,-0.9868137754275939f,-1.2156271735414386f,0f,0f,0f,1f],start_interpolation:0}
execute if entity @s[tag=aj.mech_legs.bone.leg_low] run data modify entity @s {} merge value {transformation:[-0.987711953083159f,0.08910711861519345f,-0.12839399966022388f,0.6427547609550065f,-0.002909158000746029f,0.8109108951866676f,0.5851624192198985f,-0.7131972211780088f,0.15625823029964986f,0.5783454343899116f,-0.8006871573741934f,-0.7600549839000834f,0f,0f,0f,1f],start_interpolation:0}
execute if entity @s[tag=aj.mech_legs.bone.bone4] run data modify entity @s {} merge value {transformation:[-0.987711953083159f,0.155897702856558f,-0.011000180939424347f,0.730912771801948f,-0.002909158000746029f,0.05203298596899705f,0.998641129320677f,-0.8252737525032912f,0.15625823029964986f,0.9864017815348869f,-0.050940071146623606f,-0.2048927209626125f,0f,0f,0f,1f],start_interpolation:0}
execute if entity @s[tag=aj.mech_legs.bone.leg] run data modify entity @s {} merge value {transformation:[-0.987711953083159f,0.014775140325786291f,-0.15558532374554176f,0.7563223663087631f,-0.002909158000746029f,0.99361044827115f,0.1128264768843342f,-0.13632687500000007f,0.15625823029964986f,0.11189268213229062f,-0.9813579332480397f,-0.09656008782262773f,0f,0f,0f,1f],start_interpolation:0}
execute if entity @s[tag=aj.mech_legs.bone.foot2] run data modify entity @s {} merge value {transformation:[-0.9917191042859304f,0.02810535584118723f,-0.12531283720095343f,-0.7571672099671533f,0.02854551438281989f,0.9995910176385919f,-0.0017178663697395846f,-1.9658177764497933f,0.1252133052152711f,-0.005280760294152809f,-0.9921157905042048f,1.0378053936131002f,0f,0f,0f,1f],start_interpolation:0}
execute if entity @s[tag=aj.mech_legs.bone.leg_low2] run data modify entity @s {} merge value {transformation:[-0.9913874733753254f,-0.04265967209843356f,-0.1238185366209065f,-0.8643602376421735f,0.023523184890736838f,0.8720760953818893f,-0.4888046068073355f,-1.1020862673731657f,0.1288314301988643f,-0.48750737044677783f,-0.863561825437521f,0.2921165061586693f,0f,0f,0f,1f],start_interpolation:0}
execute if entity @s[tag=aj.mech_legs.bone.bone3] run data modify entity @s {} merge value {transformation:[-0.9913874733753254f,0.0956053485803444f,-0.08950136846618312f,-0.8110566484298753f,0.023523184890736838f,0.8023007809479162f,0.5964562990387141f,-0.657670507080008f,0.1288314301988643f,0.5892139460443844f,-0.7976398864022038f,0.6211545092907407f,0f,0f,0f,1f],start_interpolation:0}
execute if entity @s[tag=aj.mech_legs.bone.leg2] run data modify entity @s {} merge value {transformation:[-0.9913874733753254f,-0.07338780808757253f,-0.10846707914657912f,-0.8687681756685953f,0.023523184890736838f,0.7149792653544704f,-0.6987498192384581f,-0.13632687500000007f,0.1288314301988643f,-0.6952833089736035f,-0.7070951724171449f,0.16082896814515335f,0f,0f,0f,1f],start_interpolation:0}
execute if entity @s[tag=aj.mech_legs.bone.hips] run data modify entity @s {} merge value {transformation:[-0.9876883405951378f,0f,-0.15643446504023076f,-0.0613125f,0f,1f,0f,0.26037937499999997f,0.15643446504023076f,0f,-0.9876883405951378f,-6.938893903907228e-18f,0f,0f,0f,1f],start_interpolation:0}