execute if entity @s[tag=aj.mech_legs.bone.foot] run data modify entity @s {} merge value {transformation:[-0.9953296669211931f,-0.014309614632745896f,0.09546773840208628f,0.8804562147178725f,0.00942940239996529f,0.9698113948884668f,0.24367384905825612f,-1.5742428236482784f,-0.09607257942267608f,0.24343601474216708f,-0.9651471215361547f,-0.8532967987665601f,0f,0f,0f,1f],start_interpolation:0}
execute if entity @s[tag=aj.mech_legs.bone.leg_low] run data modify entity @s {} merge value {transformation:[-0.9958504465049521f,-0.042525997091637235f,0.0804576147250819f,0.8820723441032041f,0.014702667173880059f,0.7973055207166777f,0.6033968331145612f,-0.5388266299261685f,-0.08980935237413619f,0.602075947207717f,-0.793371813225091f,-0.36188548862933845f,0f,0f,0f,1f],start_interpolation:0}
execute if entity @s[tag=aj.mech_legs.bone.bone4] run data modify entity @s {} merge value {transformation:[-0.9958504465049521f,-0.08741353033191207f,-0.025313295139107055f,0.8359282153426674f,0.014702667173880059f,-0.429038589473128f,0.9031664964561532f,-0.8633797680229198f,-0.08980935237413619f,0.8990465858106689f,0.42854348293763334f,0.09665088170915999f,0f,0f,0f,1f],start_interpolation:0}
execute if entity @s[tag=aj.mech_legs.bone.leg] run data modify entity @s {} merge value {transformation:[-0.9958504465049521f,0.018093747404672456f,0.08918802890939771f,0.8557701159189591f,0.014702667173880059f,0.9991491524182673f,-0.038533138982337393f,-0.16582687500000004f,-0.08980935237413619f,-0.03706194175584881f,-0.995269155906795f,0.10411193622266629f,0f,0f,0f,1f],start_interpolation:0}
execute if entity @s[tag=aj.mech_legs.bone.foot2] run data modify entity @s {} merge value {transformation:[-0.9978163316917826f,-0.01300793846588557f,0.06475617148984601f,-0.8394902073515652f,-0.014171749924185972f,0.9997456276015526f,-0.01754541523202252f,-2.0985393174009896f,-0.06451146962549331f,-0.01842481013322761f,-0.9977468600092481f,0.392661224036079f,0f,0f,0f,1f],start_interpolation:0}
execute if entity @s[tag=aj.mech_legs.bone.leg_low2] run data modify entity @s {} merge value {transformation:[-0.9959834096722182f,0.05389941144897327f,0.07149756012030628f,-0.7926436510493993f,0.03125008406208545f,0.9575572502759181f,-0.28654414091049835f,-1.0911821771132466f,-0.08390756761946513f,-0.28315890572164115f,-0.9553954962248399f,-0.15195917027621747f,0f,0f,0f,1f],start_interpolation:0}
execute if entity @s[tag=aj.mech_legs.bone.bone3] run data modify entity @s {} merge value {transformation:[-0.9959834096722182f,-0.03364135267684569f,0.08297775031762795f,-0.8217584178226139f,0.03125008406208545f,0.7378512603223958f,0.6742395345029575f,-0.7660055532329445f,-0.08390756761946513f,0.6741244521827734f,-0.7338363189877295f,0.3147403495034259f,0f,0f,0f,1f],start_interpolation:0}
execute if entity @s[tag=aj.mech_legs.bone.leg2] run data modify entity @s {} merge value {transformation:[-0.9959834096722182f,0.07216145499933621f,0.05300728317959048f,-0.7833163400995492f,0.03125008406208545f,0.8349340555401299f,-0.5494620597870467f,-0.16582687500000004f,-0.08390756761946513f,-0.5455986137369578f,-0.8338355190230834f,-0.03928954721783641f,0f,0f,0f,1f],start_interpolation:0}
execute if entity @s[tag=aj.mech_legs.bone.hips] run data modify entity @s {} merge value {transformation:[-0.9961946980917455f,0f,0.0871557427476583f,0.0390625f,0f,1f,0f,0.230879375f,-0.0871557427476583f,0f,-0.9961946980917455f,6.938893903907228e-18f,0f,0f,0f,1f],start_interpolation:0}