execute if entity @s[tag=aj.mech_legs.bone.foot] run data modify entity @s {} merge value {transformation:[-0.9880792614619339f,0.001991629270450504f,-0.15393312340652374f,0.5212704816641138f,0.002854516867669979f,0.9999814277443023f,-0.0053847841107368954f,-1.7968352969416248f,0.1539195400275454f,-0.00575999820452594f,-0.9880665957405872f,-1.2390861905518862f,0f,0f,0f,1f],start_interpolation:0}
execute if entity @s[tag=aj.mech_legs.bone.leg_low] run data modify entity @s {} merge value {transformation:[-0.9873975473188922f,0.09715278753277937f,-0.12492965790094275f,0.6309850730496415f,0.006633892131071937f,0.8141117887190906f,0.5806702910807443f,-0.7476685932200295f,0.1581204446737652f,0.5725236513395876f,-0.8044964845373517f,-0.7909943271287453f,0f,0f,0f,1f],start_interpolation:0}
execute if entity @s[tag=aj.mech_legs.bone.bone4] run data modify entity @s {} merge value {transformation:[-0.9873975473188922f,0.15718172540953088f,-0.018438783742936744f,0.7213123205995431f,0.006633892131071937f,0.15751502128384579f,0.9874943086140513f,-0.8213059252608194f,0.1581204446737652f,0.9749271374145007f,-0.1565726722928951f,-0.22384815580699977f,0f,0f,0f,1f],start_interpolation:0}
execute if entity @s[tag=aj.mech_legs.bone.leg] run data modify entity @s {} merge value {transformation:[-0.9873975473188922f,0.02895623007236162f,-0.15558798246854544f,0.7566036163087632f,0.006633892131071937f,0.9898279144431543f,0.1421150634672796f,-0.13604562500000006f,0.1581204446737652f,0.13929191121207313f,-0.9775457474957675f,-0.09656008782262773f,0f,0f,0f,1f],start_interpolation:0}
execute if entity @s[tag=aj.mech_legs.bone.foot2] run data modify entity @s {} merge value {transformation:[-0.9914246392861062f,0.03175507962271565f,-0.12676276872397904f,-0.7832286757432035f,0.03169988561538603f,0.9994944216708563f,0.0024532225361090787f,-1.9518431742913713f,0.12677658249213636f,-0.0015861800008892257f,-0.9919300288652517f,1.02121787783237f,0f,0f,0f,1f],start_interpolation:0}
execute if entity @s[tag=aj.mech_legs.bone.leg_low2] run data modify entity @s {} merge value {transformation:[-0.9916060236813921f,-0.030486818955368776f,-0.12565049808401546f,-0.8772090078203275f,0.03484893425200134f,0.8728211728325569f,-0.48679436319322705f,-1.086458066837547f,0.12451122672385129f,-0.48708700878301225f,-0.8644322994280923f,0.27566392619187385f,0f,0f,0f,1f],start_interpolation:0}
execute if entity @s[tag=aj.mech_legs.bone.bone3] run data modify entity @s {} merge value {transformation:[-0.9916060236813921f,0.10891584011862353f,-0.06967663575426879f,-0.8184524192958613f,0.03484893425200134f,0.7440866620485377f,0.6671735839666952f,-0.6563532669454691f,0.12451122672385129f,0.6591451882041767f,-0.7416364171796056f,0.623220482797791f,0f,0f,0f,1f],start_interpolation:0}
execute if entity @s[tag=aj.mech_legs.bone.leg2] run data modify entity @s {} merge value {transformation:[-0.9916060236813921f,-0.06258890444973857f,-0.11313762786341292f,-0.8684869256685953f,0.03484893425200134f,0.7132682050511701f,-0.7000242991815225f,-0.13604562500000006f,0.12451122672385129f,-0.6980910375465822f,-0.7050998920130807f,0.16082896814515335f,0f,0f,0f,1f],start_interpolation:0}
execute if entity @s[tag=aj.mech_legs.bone.hips] run data modify entity @s {} merge value {transformation:[-0.9876883405951378f,0f,-0.15643446504023076f,-0.06103125f,0f,1f,0f,0.260660625f,0.15643446504023076f,0f,-0.9876883405951378f,-6.938893903907228e-18f,0f,0f,0f,1f],start_interpolation:0}