execute if entity @s[tag=aj.mech_legs.bone.foot] run data modify entity @s {} merge value {transformation:[-0.9965868952974509f,0.008328165652917274f,-0.0821291773868767f,0.5753854014153497f,0.008608681705015914f,0.9999582564383015f,-0.003062022236027473f,-1.517900970303972f,0.08210024799407864f,-0.003758595180352875f,-0.9966169887381917f,-0.8105580125208531f,0f,0f,0f,1f],start_interpolation:0}
execute if entity @s[tag=aj.mech_legs.bone.leg_low] run data modify entity @s {} merge value {transformation:[-0.9925950359706116f,0.08825842856269872f,-0.08345983677280534f,0.685031450011279f,0.049192988643865794f,0.9202857765557153f,0.38814190618577693f,-0.39622485503024657f,0.11106369539496151f,0.38116209052958944f,-0.9178127893575727f,-0.6022437828611983f,0f,0f,0f,1f],start_interpolation:0}
execute if entity @s[tag=aj.mech_legs.bone.bone4] run data modify entity @s {} merge value {transformation:[-0.9925950359706116f,0.12052144203684688f,0.015155084158765323f,0.7500798877742495f,0.049192988643865794f,0.28476453577204486f,0.9573344290449478f,-0.35832010730497904f,0.11106369539496151f,0.9509909259166938f,-0.2885846745572684f,-0.037683884383206176f,0f,0f,0f,1f],start_interpolation:0}
execute if entity @s[tag=aj.mech_legs.bone.leg] run data modify entity @s {} merge value {transformation:[-0.9925950359706116f,0.0450831599015618f,-0.11279451786230796f,0.7952729214688151f,0.049192988643865794f,0.9982131076086116f,-0.033921109454774744f,0.338079375f,0.11106369539496151f,-0.03921862429571603f,-0.9930391508261729f,-0.03384231329610758f,0f,0f,0f,1f],start_interpolation:0}
execute if entity @s[tag=aj.mech_legs.bone.foot2] run data modify entity @s {} merge value {transformation:[-0.9976901925372536f,0.011807139865049809f,-0.0668944778227988f,-0.6862809764132862f,0.024861022113550863f,0.9799216575435985f,-0.1978268805205108f,-1.2024247281399045f,0.06321557794125829f,-0.1990330036079797f,-0.9779517647513803f,0.6326973986927114f,0f,0f,0f,1f],start_interpolation:0}
execute if entity @s[tag=aj.mech_legs.bone.leg_low2] run data modify entity @s {} merge value {transformation:[-0.9977185891052909f,-0.005214559603765243f,-0.06730843425519888f,-0.7383971897237753f,0.026554161841433516f,0.8863356419630547f,-0.4622813064302286f,-0.3163772590822155f,0.06206845771119664f,-0.46301397187782434f,-0.8841750779134612f,-0.09240822445028452f,0f,0f,0f,1f],start_interpolation:0}
execute if entity @s[tag=aj.mech_legs.bone.bone3] run data modify entity @s {} merge value {transformation:[-0.9977185891052909f,0.06392628567489876f,0.02170361614014775f,-0.7025595282225284f,0.026554161841433516f,0.07603233077614813f,0.9967517048722041f,-0.25921304174733456f,0.06206845771119664f,0.9950540260089187f,-0.07755637872409826f,0.4592077565769267f,0f,0f,0f,1f],start_interpolation:0}
execute if entity @s[tag=aj.mech_legs.bone.leg2] run data modify entity @s {} merge value {transformation:[-0.9977185891052909f,-0.012534939933120007f,-0.0663362060614015f,-0.719289197288225f,0.026554161841433516f,0.8305416172579132f,-0.556323196075365f,0.338079375f,0.06206845771119664f,-0.5568154966265604f,-0.828313955740135f,0.09866470230093746f,0f,0f,0f,1f],start_interpolation:0}
execute if entity @s[tag=aj.mech_legs.bone.hips] run data modify entity @s {} merge value {transformation:[-0.9961946980917455f,0f,-0.08715574274765805f,0.03515625f,0f,1f,0f,0.734785625f,0.08715574274765805f,0f,-0.9961946980917455f,6.938893903907228e-18f,0f,0f,0f,1f],start_interpolation:0}