execute if entity @s[tag=aj.mech_legs.bone.foot] run data modify entity @s {} merge value {transformation:[-0.9968138710009301f,0.011400705893881154f,-0.0789438438718434f,0.6291296012963392f,-0.009605314505683771f,0.9653721638149158f,0.26069968021567236f,-1.6703266546723543f,0.07918234975919616f,0.2606273378531654f,-0.9621868562031928f,-0.8569254356327966f,0f,0f,0f,1f],start_interpolation:0}
execute if entity @s[tag=aj.mech_legs.bone.leg_low] run data modify entity @s {} merge value {transformation:[-0.9969481234717976f,0.031363666461160164f,-0.07148957638826962f,0.6779233701956087f,-0.011583010399440494f,0.8461843176453535f,0.532764426778997f,-0.5958988085517734f,0.077202804198731f,0.5319665600366059f,-0.8432385819130147f,-0.46094771728964784f,0f,0f,0f,1f],start_interpolation:0}
execute if entity @s[tag=aj.mech_legs.bone.bone4] run data modify entity @s {} merge value {transformation:[-0.9969481234717976f,0.07327093994948237f,0.026940832670511315f,0.7190306480802857f,-0.011583010399440494f,-0.4801123969598473f,0.8771305034916731f,-0.8494782185831047f,0.077202804198731f,0.8741415535509045f,0.47949585126407823f,0.031840219619397814f,0f,0f,0f,1f],start_interpolation:0}
execute if entity @s[tag=aj.mech_legs.bone.leg] run data modify entity @s {} merge value {transformation:[-0.9969481234717976f,-0.0208445295992734f,-0.07523260391509894f,0.7170915318244642f,-0.011583010399440494f,0.9925234192789085f,-0.12150348164966492f,-0.153576875f,0.077202804198731f,-0.12026124799239786f,-0.9897358027550398f,-0.020571293857644793f,0f,0f,0f,1f],start_interpolation:0}
execute if entity @s[tag=aj.mech_legs.bone.foot2] run data modify entity @s {} merge value {transformation:[-0.9982924989751518f,0.01081845094942525f,-0.05740250525021557f,-0.6546634343809667f,0.011349895329824819f,0.9998956203150156f,-0.008940265703685002f,-2.0741874612681284f,0.057299793768810066f,-0.009576512617093136f,-0.9983110858044935f,0.2674401845199166f,0f,0f,0f,1f],start_interpolation:0}
execute if entity @s[tag=aj.mech_legs.bone.leg_low2] run data modify entity @s {} merge value {transformation:[-0.9961350678291424f,-0.05872763008229925f,-0.06531456274022159f,-0.7662691233007384f,-0.04692558479341416f,0.9844188487184182f,-0.16946244356700468f,-1.0115780492413964f,0.07424901435592136f,-0.16574255866499932f,-0.9833699650255512f,-0.14726427590931346f,0f,0f,0f,1f],start_interpolation:0}
execute if entity @s[tag=aj.mech_legs.bone.bone3] run data modify entity @s {} merge value {transformation:[-0.9961350678291424f,0.027740831421439863f,-0.0833389039589373f,-0.737605428723273f,-0.04692558479341416f,0.6339798368395753f,0.771924579199718f,-0.7821417065883267f,0.07424901435592136f,0.7728518698644088f,-0.6302277930353923f,0.38229623388456535f,0f,0f,0f,1f],start_interpolation:0}
execute if entity @s[tag=aj.mech_legs.bone.leg2] run data modify entity @s {} merge value {transformation:[-0.9961350678291424f,-0.07635829693559684f,-0.04340895218874722f,-0.799552478077934f,-0.04692558479341416f,0.8804206839807632f,-0.47186588000261387f,-0.153576875f,0.07424901435592136f,-0.4680051599159355f,-0.8806010754928897f,0.08548278660805156f,0f,0f,0f,1f],start_interpolation:0}
execute if entity @s[tag=aj.mech_legs.bone.hips] run data modify entity @s {} merge value {transformation:[-0.9975640502598242f,0f,-0.06975647374412518f,-0.04350000000000002f,0f,1f,0f,0.24312937499999998f,0.06975647374412518f,0f,-0.9975640502598242f,0f,0f,0f,0f,1f],start_interpolation:0}