execute if entity @s[tag=aj.mech_legs.bone.foot] run data modify entity @s {} merge value {transformation:[-0.993083855127928f,0.0058370230677745535f,-0.11726203923673978f,0.5620866938512307f,0.006059080126028238f,0.9999804619546298f,-0.0015372888575488908f,-1.5288361538854827f,0.11725077497517362f,-0.0022371568365767147f,-0.993099819200975f,-0.9916942641506672f,0f,0f,0f,1f],start_interpolation:0}
execute if entity @s[tag=aj.mech_legs.bone.leg_low] run data modify entity @s {} merge value {transformation:[-0.9906352020745891f,0.08646900686114437f,-0.10566459796490632f,0.664447703174778f,0.02531035927322893f,0.8767865747715109f,0.4802131693465952f,-0.43356955636833905f,0.1341688567593016f,0.47304166111759016f,-0.8707642073047173f,-0.669999244045542f,0f,0f,0f,1f],start_interpolation:0}
execute if entity @s[tag=aj.mech_legs.bone.bone4] run data modify entity @s {} merge value {transformation:[-0.9906352020745891f,0.13648827735226857f,-0.0035842092639981303f,0.7404760870626504f,0.02531035927322893f,0.2093727582594354f,0.977508278129805f,-0.37336673000091697f,0.1341688567593016f,0.9682633930105207f,-0.2108665920236199f,-0.12000098026121661f,0f,0f,0f,1f],start_interpolation:0}
execute if entity @s[tag=aj.mech_legs.bone.leg] run data modify entity @s {} merge value {transformation:[-0.9906352020745891f,0.031112083970935244f,-0.13294335125015988f,0.7765662992289388f,0.02531035927322893f,0.9986613313730914f,0.04511020875128426f,0.32101687500000003f,0.1341688567593016f,0.04132291677882677f,-0.9900965278319038f,-0.060349386742678195f,0f,0f,0f,1f],start_interpolation:0}
execute if entity @s[tag=aj.mech_legs.bone.foot2] run data modify entity @s {} merge value {transformation:[-0.9951127344013421f,0.001831869580398486f,-0.09872836515472151f,-0.6604043568555635f,0.027807122870584317f,0.9645641168752065f,-0.2623791690558022f,-1.240428672998386f,0.09474919392767332f,-0.2638422041497405f,-0.9599009748716074f,0.9251136315416975f,0f,0f,0f,1f],start_interpolation:0}
execute if entity @s[tag=aj.mech_legs.bone.leg_low2] run data modify entity @s {} merge value {transformation:[-0.9951515422682009f,-0.0358705970494885f,-0.09157897241470946f,-0.752522288081362f,0.028400557653057094f,0.7866530661433323f,-0.6167417302666404f,-0.5024050983795836f,0.09416377353428584f,-0.6163523779418775f,-0.7818202670429927f,0.0530987968740087f,0f,0f,0f,1f],start_interpolation:0}
execute if entity @s[tag=aj.mech_legs.bone.bone3] run data modify entity @s {} merge value {transformation:[-0.9951515422682009f,0.09685252681245005f,-0.017117125087599782f,-0.6989746170720625f,0.028400557653057094f,0.44959774368858707f,0.8927795232839557f,-0.23927293845580394f,0.09416377353428584f,0.8879647836035928f,-0.4501685538035818f,0.539644159192186f,0f,0f,0f,1f],start_interpolation:0}
execute if entity @s[tag=aj.mech_legs.bone.leg2] run data modify entity @s {} merge value {transformation:[-0.9951515422682009f,-0.03773766044951082f,-0.0908255300288323f,-0.7324487610535659f,0.028400557653057094f,0.7738638269885287f,-0.6327149323381454f,0.32101687500000003f,0.09416377353428584f,-0.632226736434379f,-0.7690400103319188f,0.12493436482997902f,0f,0f,0f,1f],start_interpolation:0}
execute if entity @s[tag=aj.mech_legs.bone.hips] run data modify entity @s {} merge value {transformation:[-0.992546151641322f,0f,-0.12186934340514734f,0.01809375f,0f,1f,0f,0.717723125f,0.12186934340514734f,0f,-0.992546151641322f,6.938893903907228e-18f,0f,0f,0f,1f],start_interpolation:0}