execute if entity @s[tag=aj.mech_legs.bone.foot] run data modify entity @s {} merge value {transformation:[-0.9990725177924122f,-0.002393819611951481f,0.0429927182159455f,0.9612666425101799f,-0.0029115330613960757f,0.9999239587334983f,-0.011983310308984446f,-2.0636972001347855f,-0.04296076311196827f,-0.012097370722369855f,-0.9990035167377755f,-0.41670454053338574f,0f,0f,0f,1f],start_interpolation:0}
execute if entity @s[tag=aj.mech_legs.bone.leg_low] run data modify entity @s {} merge value {transformation:[-0.9947149540746003f,-0.0844525340318804f,0.058394602798202744f,0.9106488026573617f,-0.07171612961290388f,0.9784801434273098f,0.1934771450890676f,-0.9188263555260636f,-0.07347759450139177f,0.18826677458878677f,-0.9793654398089735f,-0.4335261124129455f,0f,0f,0f,1f],start_interpolation:0}
execute if entity @s[tag=aj.mech_legs.bone.bone4] run data modify entity @s {} merge value {transformation:[-0.9947149540746003f,-0.0976151100395932f,-0.03183473625340559f,0.86357174562214f,-0.07171612961290388f,0.43866148921071985f,0.8957861880140698f,-0.8763464440120522f,-0.07347759450139177f,0.8933349809424187f,-0.44334372097831437f,0.16232569906470293f,0f,0f,0f,1f],start_interpolation:0}
execute if entity @s[tag=aj.mech_legs.bone.leg] run data modify entity @s {} merge value {transformation:[-0.9947149540746003f,-0.056474006405425645f,0.0857487419201339f,0.831537144254185f,-0.07171612961290388f,0.9798090110473014f,-0.1866309155093398f,-0.18657687499999998f,-0.07347759450139177f,-0.19179413043946134f,-0.9786807725889275f,0.061226080382425524f,0f,0f,0f,1f],start_interpolation:0}
execute if entity @s[tag=aj.mech_legs.bone.foot2] run data modify entity @s {} merge value {transformation:[-0.9997177754105592f,-0.0194350453597516f,0.01366193763809976f,-0.7303508953334904f,-0.018126594223850993f,0.9957655669332873f,0.09012414932676147f,-1.8285051334699411f,-0.01535565400778427f,0.08985106967584176f,-0.9958368285859387f,-0.13638387030341453f,0f,0f,0f,1f],start_interpolation:0}
execute if entity @s[tag=aj.mech_legs.bone.leg_low2] run data modify entity @s {} merge value {transformation:[-0.9995963640494453f,-0.025040288730564072f,0.013419870320496453f,-0.7857826552599689f,-0.02413627841303869f,0.9976740187793963f,0.06374944954222553f,-0.6955260119126598f,-0.014984960577099905f,0.06339981224623997f,-0.9978757010588263f,-0.30027411386201386f,0f,0f,0f,1f],start_interpolation:0}
execute if entity @s[tag=aj.mech_legs.bone.bone3] run data modify entity @s {} merge value {transformation:[-0.9995963640494453f,-0.007030728204956168f,-0.027525948485692363f,-0.7902107054185432f,-0.02413627841303869f,-0.3008864243047604f,0.953354498459762f,-0.8445860411662879f,-0.014984960577099905f,0.953634064266794f,0.300595280113476f,0.23519724512995002f,0f,0f,0f,1f],start_interpolation:0}
execute if entity @s[tag=aj.mech_legs.bone.leg2] run data modify entity @s {} merge value {transformation:[-0.9995963640494453f,-0.01675844595149429f,0.022940433047782694f,-0.8128080545046166f,-0.02413627841303869f,0.9268695506339382f,-0.3746068287845402f,-0.18657687499999998f,-0.014984960577099905f,-0.37500932068007636f,-0.9268999192790829f,0.0038042807317070493f,0f,0f,0f,1f],start_interpolation:0}
execute if entity @s[tag=aj.mech_legs.bone.hips] run data modify entity @s {} merge value {transformation:[-0.9993908270190958f,0f,0.03489949670250113f,0.010500000000000023f,0f,1f,0f,0.21012937500000006f,-0.03489949670250113f,0f,-0.9993908270190958f,6.938893903907228e-18f,0f,0f,0f,1f],start_interpolation:0}