execute if entity @s[tag=aj.mech_legs.bone.foot] run data modify entity @s {} merge value {transformation:[-0.9990692646147596f,-0.01718235713144982f,0.039564771015778315f,0.7231826739700178f,-0.017239954896163028f,0.9998507591859003f,-0.0011150383658290741f,-2.1359380096660523f,-0.0395397073497253f,-0.0017960954279551133f,-0.9992163857663224f,0.3997195243248282f,0f,0f,0f,1f],start_interpolation:0}
execute if entity @s[tag=aj.mech_legs.bone.leg_low] run data modify entity @s {} merge value {transformation:[-0.998643521421601f,0.04202797590325328f,0.030737051975426567f,0.8080123287664527f,0.034688142014331506f,0.9772527343212469f,-0.20922195407088606f,-1.090335257166046f,-0.038831043332082656f,-0.20787193774803264f,-0.9773849843181652f,-0.06190066095575658f,0f,0f,0f,1f],start_interpolation:0}
execute if entity @s[tag=aj.mech_legs.bone.bone4] run data modify entity @s {} merge value {transformation:[-0.998643521421601f,-0.0037470625500758553f,0.05193338661121891f,0.7997768951968254f,0.034688142014331506f,0.6959585941429056f,0.7172435904504298f,-0.7887026384052321f,-0.038831043332082656f,0.7180721375745449f,-0.6948845625806245f,0.4193467095133335f,0f,0f,0f,1f],start_interpolation:0}
execute if entity @s[tag=aj.mech_legs.bone.leg] run data modify entity @s {} merge value {transformation:[-0.998643521421601f,0.049499514925207266f,0.01615286800644688f,0.8439145458573556f,0.034688142014331506f,0.8638320214536448f,-0.5025842929448783f,-0.17057687500000007f,-0.038831043332082656f,-0.5013422351383123f,-0.8643772980245739f,0.09840775063416271f,0f,0f,0f,1f],start_interpolation:0}
execute if entity @s[tag=aj.mech_legs.bone.foot2] run data modify entity @s {} merge value {transformation:[-0.9954374053560373f,-0.01990053986564639f,0.09331848976004779f,-0.694671615525525f,0.009845326441653226f,0.9513665646322418f,0.30790376621130117f,-1.6607460761451462f,-0.0949075421939564f,0.30741767713145923f,-0.9468299373286632f,-0.9641596592959139f,0f,0f,0f,1f],start_interpolation:0}
execute if entity @s[tag=aj.mech_legs.bone.leg_low2] run data modify entity @s {} merge value {transformation:[-0.9956990725193355f,-0.04098008648127861f,0.08309024910374269f,-0.7514841045113128f,0.016451615952306434f,0.8043918902685924f,0.5938712244272142f,-0.6186715908638898f,-0.09117401667521788f,0.5926839962257356f,-0.8002580704380302f,-0.49042187312301755f,0f,0f,0f,1f],start_interpolation:0}
execute if entity @s[tag=aj.mech_legs.bone.bone3] run data modify entity @s {} merge value {transformation:[-0.9956990725193355f,-0.0874716046137879f,-0.030529909440157932f,-0.8009241253008988f,0.016451615952306434f,-0.49122907034785307f,0.8708750454443748f,-0.8673904832825722f,-0.09117401667521788f,0.86662720868403f,0.49055537898573076f,0.004626571524927098f,0f,0f,0f,1f],start_interpolation:0}
execute if entity @s[tag=aj.mech_legs.bone.leg2] run data modify entity @s {} merge value {transformation:[-0.9956990725193355f,0.025562698314788794f,0.0890500165019759f,-0.7961330898634345f,0.016451615952306434f,0.9946908482892938f,-0.10158474620770032f,-0.17057687500000007f,-0.09117401667521788f,-0.09968282090908223f,-0.9908333027805005f,-0.033547349013014684f,0f,0f,0f,1f],start_interpolation:0}
execute if entity @s[tag=aj.mech_legs.bone.hips] run data modify entity @s {} merge value {transformation:[-0.9967788784562471f,0f,0.08019892432885904f,0.026500000000000003f,0f,1f,0f,0.22612937499999997f,-0.08019892432885904f,0f,-0.9967788784562471f,6.938893903907228e-18f,0f,0f,0f,1f],start_interpolation:0}