execute if entity @s[tag=aj.mech_legs.bone.foot] run data modify entity @s {} merge value {transformation:[-0.9913303929071391f,-0.01906926750464749f,0.1300015966648623f,0.6385170003264687f,-0.03068229627526105f,0.9956547968371986f,-0.08792111367785316f,-1.929309154091662f,-0.1277601220798354f,-0.0911476196722279f,-0.9876079498638275f,1.058530849075371f,0f,0f,0f,1f],start_interpolation:0}
execute if entity @s[tag=aj.mech_legs.bone.leg_low] run data modify entity @s {} merge value {transformation:[-0.9913638232656932f,0.044327316379866165f,0.12342146872642082f,0.7474859836561198f,-0.0325532164819652f,0.8285023359382709f,-0.5590386099738612f,-1.130669854570559f,-0.12703565647764384f,-0.5582284195267991f,-0.8199042466141435f,0.24374534861558916f,0f,0f,0f,1f],start_interpolation:0}
execute if entity @s[tag=aj.mech_legs.bone.bone4] run data modify entity @s {} merge value {transformation:[-0.9913638232656932f,-0.11094939103375123f,0.06991425140318236f,0.6868977891168578f,-0.0325532164819652f,0.7246387545135232f,0.6883596178987901f,-0.7178067251913998f,-0.12703565647764384f,0.6801388888207538f,-0.7219924057058804f,0.6107676685522927f,0f,0f,0f,1f],start_interpolation:0}
execute if entity @s[tag=aj.mech_legs.bone.leg] run data modify entity @s {} merge value {transformation:[-0.9913638232656932f,0.06545679928208581f,0.11363616214820156f,0.7389126543813992f,-0.0325532164819652f,0.7165706587002949f,-0.6967544611888064f,-0.19532687499999996f,-0.12703565647764384f,-0.6944363891081533f,-0.7082513984918942f,0.1510518140801391f,0f,0f,0f,1f],start_interpolation:0}
execute if entity @s[tag=aj.mech_legs.bone.foot2] run data modify entity @s {} merge value {transformation:[-0.9885893588804202f,-0.00084365914675473f,0.15063322258932144f,-0.5340546712971875f,-0.0019236891377643318f,0.9999734785483547f,-0.0070243590458325955f,-2.0017608104342246f,-0.1506233014128332f,-0.007233978099746963f,-0.9885647629934782f,-1.2095958017856603f,0f,0f,0f,1f],start_interpolation:0}
execute if entity @s[tag=aj.mech_legs.bone.leg_low2] run data modify entity @s {} merge value {transformation:[-0.9881249739625465f,-0.09504016199095303f,0.12073277699220908f,-0.6424088610589596f,-0.00715100512331428f,0.8133467303370941f,0.5817353000941965f,-0.9532174764569614f,-0.15348582656793885f,0.5739638175518488f,-0.8043678494221813f,-0.7597173424659583f,0f,0f,0f,1f],start_interpolation:0}
execute if entity @s[tag=aj.mech_legs.bone.bone3] run data modify entity @s {} merge value {transformation:[-0.9881249739625465f,-0.1530373203261814f,0.013733696476143122f,-0.7274544458805852f,-0.00715100512331428f,0.13508822468831194f,0.9908077687807492f,-0.8803028271398656f,-0.15348582656793885f,0.9789436909945035f,-0.13457841916449573f,-0.2156003049250332f,0f,0f,0f,1f],start_interpolation:0}
execute if entity @s[tag=aj.mech_legs.bone.leg2] run data modify entity @s {} merge value {transformation:[-0.9881249739625465f,-0.029124520845501718f,0.15086682245290717f,-0.762716845021567f,-0.00715100512331428f,0.9895243288825809f,0.14418899290585332f,-0.19532687499999996f,-0.15348582656793885f,0.1413978954404832f,-0.9779819713101867f,-0.08678293375761348f,0f,0f,0f,1f],start_interpolation:0}
execute if entity @s[tag=aj.mech_legs.bone.hips] run data modify entity @s {} merge value {transformation:[-0.9876883405951378f,0f,0.15643446504023098f,-0.006812500000000006f,0f,1f,0f,0.20137937500000003f,-0.15643446504023098f,0f,-0.9876883405951378f,0f,0f,0f,0f,1f],start_interpolation:0}