execute if entity @s[tag=aj.mech_legs.bone.foot] run data modify entity @s {} merge value {transformation:[-0.9899564081955863f,0.00998367664927547f,-0.1410199846584042f,0.5557919167141793f,-0.0022274004344031424f,0.9962780469489316f,0.0861689726927698f,-1.9177313930941096f,0.14135539805680813f,0.0856176346799255f,-0.9862495992759724f,-1.1562711995458252f,0f,0f,0f,1f],start_interpolation:0}
execute if entity @s[tag=aj.mech_legs.bone.leg_low] run data modify entity @s {} merge value {transformation:[-0.9899981227077934f,0.08014620157742897f,-0.11610470880957058f,0.6485897733420113f,-0.0024925067659515615f,0.8129029753350134f,0.5823938015651474f,-0.8692365816416977f,0.14105851425939078f,0.5768581619984177f,-0.8045726545755458f,-0.70281605293306f,0f,0f,0f,1f],start_interpolation:0}
execute if entity @s[tag=aj.mech_legs.bone.bone4] run data modify entity @s {} merge value {transformation:[-0.9899981227077934f,0.1410243519657114f,0.003981103828865592f,0.7269919434976003f,-0.0024925067659515615f,-0.04569784827923094f,0.9989521980919158f,-0.879663569640591f,0.14105851425939078f,0.9889508778575908f,0.04559228815966266f,-0.15274637199603117f,0f,0f,0f,1f],start_interpolation:0}
execute if entity @s[tag=aj.mech_legs.bone.leg] run data modify entity @s {} merge value {transformation:[-0.9899981227077934f,0.007397130512070128f,-0.14088647733275347f,0.7468037881602729f,-0.0024925067659515615f,0.9975515702709804f,0.06989028587667233f,-0.18657687499999992f,0.14105851425939078f,0.06954241231139956f,-0.9875557444746319f,-0.07357736643943447f,0f,0f,0f,1f],start_interpolation:0}
execute if entity @s[tag=aj.mech_legs.bone.foot2] run data modify entity @s {} merge value {transformation:[-0.9936912546219562f,0.024106702312198948f,-0.10952879708767865f,-0.6546259085611654f,0.02452260762843271f,0.9996962695698347f,-0.0024515960633486045f,-2.0541035730331485f,0.10943642996253486f,-0.0051220612830104595f,-0.9939805995517558f,0.8654983796704634f,0f,0f,0f,1f],start_interpolation:0}
execute if entity @s[tag=aj.mech_legs.bone.leg_low2] run data modify entity @s {} merge value {transformation:[-0.9930480111020898f,-0.03872039417059949f,-0.11115924937429732f,-0.7544770909889412f,0.01203646023310411f,0.9059954567088544f,-0.423116244131528f,-1.1372490451464068f,0.11709300265703632f,-0.4215127085844357f,-0.8992309298676129f,0.18507064810133683f,0f,0f,0f,1f],start_interpolation:0}
execute if entity @s[tag=aj.mech_legs.bone.bone3] run data modify entity @s {} merge value {transformation:[-0.9930480111020898f,0.08571382827496048f,-0.0806770555277918f,-0.7046806191108552f,0.01203646023310411f,0.7557378568765871f,0.6547636331598141f,-0.735112759391185f,0.11709300265703632f,0.6492406574807477f,-0.7515156667713094f,0.5660497752428237f,0f,0f,0f,1f],start_interpolation:0}
execute if entity @s[tag=aj.mech_legs.bone.leg2] run data modify entity @s {} merge value {transformation:[-0.9930480111020898f,-0.06757124813415549f,-0.09638347405948908f,-0.7587477944808017f,0.01203646023310411f,0.7562379033305805f,-0.6541860264414276f,-0.18657687499999992f,0.11709300265703632f,-0.6507982483010843f,-0.7501672271813795f,0.13801410967244845f,0f,0f,0f,1f],start_interpolation:0}
execute if entity @s[tag=aj.mech_legs.bone.hips] run data modify entity @s {} merge value {transformation:[-0.9902680687415704f,0f,-0.13917310096006533f,-0.010500000000000023f,0f,1f,0f,0.21012937500000006f,0.13917310096006533f,0f,-0.9902680687415704f,0f,0f,0f,0f,1f],start_interpolation:0}