execute if entity @s[tag=aj.mech_legs.bone.foot] run data modify entity @s {} merge value {transformation:[-0.9977455565112672f,0.008224800989140777f,-0.0666044826622858f,0.5802751334165719f,0.008511447006079462f,0.9999556921165248f,-0.004021078664298794f,-2.011251105026329f,0.06656845898685351f,-0.004578913894233594f,-0.9977713534751659f,-0.7124398962988883f,0f,0f,0f,1f],start_interpolation:0}
execute if entity @s[tag=aj.mech_legs.bone.leg_low] run data modify entity @s {} merge value {transformation:[-0.9931811537304946f,0.09037306935646024f,-0.07364716022804792f,0.6946165282161183f,0.060681133129560826f,0.9401435099350357f,0.33533264202750074f,-0.8800698024812811f,0.0995439398289813f,0.3285770671579559f,-0.9392167561224618f,-0.5677703140269518f,0f,0f,0f,1f],start_interpolation:0}
execute if entity @s[tag=aj.mech_legs.bone.bone4] run data modify entity @s {} merge value {transformation:[-0.9931811537304946f,0.11397249321588611f,0.024524817322828907f,0.7540310384351105f,0.060681133129560826f,0.3257641292384472f,0.9435017393643896f,-0.8491400486885148f,0.0995439398289813f,0.9385563397535976f,-0.3304587737549921f,0.0061724031110530694f,0f,0f,0f,1f],start_interpolation:0}
execute if entity @s[tag=aj.mech_legs.bone.leg] run data modify entity @s {} merge value {transformation:[-0.9931811537304946f,0.05246299951376507f,-0.10410969962775812f,0.8040915318244641f,0.060681133129560826f,0.995151284974258f,-0.07740620192333299f,-0.153576875f,0.0995439398289813f,-0.08319587547530205f,-0.9915490156049885f,-0.020571293857644786f,0f,0f,0f,1f],start_interpolation:0}
execute if entity @s[tag=aj.mech_legs.bone.foot2] run data modify entity @s {} merge value {transformation:[-0.9986106200613007f,0.01670624041255418f,-0.04997730517006949f,-0.6941811323911398f,0.023077696269933445f,0.9912766471334293f,-0.12976143025868328f,-1.7053280928994023f,0.04737350985157226f,-0.13073450339976964f,-0.9902849287882545f,0.46000421244126555f,0f,0f,0f,1f],start_interpolation:0}
execute if entity @s[tag=aj.mech_legs.bone.leg_low2] run data modify entity @s {} merge value {transformation:[-0.9986078683866159f,0.008372694265166482f,-0.05207900908313574f,-0.7275092420609759f,0.025540368887475018f,0.9406156946956526f,-0.33851115852997543f,-0.7293560229775531f,0.04615208287207616f,-0.3393700235479801f,-0.9395200755511359f,-0.13994756700875766f,0f,0f,0f,1f],start_interpolation:0}
execute if entity @s[tag=aj.mech_legs.bone.bone3] run data modify entity @s {} merge value {transformation:[-0.9986078683866159f,0.04342057846905955f,0.029949600360464405f,-0.7029395299415536f,0.025540368887475018f,-0.09876727908709954f,0.9947827472060533f,-0.7693268440530034f,0.04615208287207616f,0.9941628025364574f,0.09752080444410705f,0.4137950979168582f,0f,0f,0f,1f],start_interpolation:0}
execute if entity @s[tag=aj.mech_legs.bone.leg2] run data modify entity @s {} merge value {transformation:[-0.9986078683866159f,-0.0016765740169144075f,-0.05272109915304398f,-0.712552478077934f,0.025540368887475018f,0.8591475335175598f,-0.5110902123967793f,-0.153576875f,0.04615208287207616f,-0.5117252238753326f,-0.8579086667567298f,0.08548278660805156f,0f,0f,0f,1f],start_interpolation:0}
execute if entity @s[tag=aj.mech_legs.bone.hips] run data modify entity @s {} merge value {transformation:[-0.9975640502598242f,0f,-0.06975647374412518f,0.0435f,0f,1f,0f,0.24312937499999998f,0.06975647374412518f,0f,-0.9975640502598242f,6.938893903907228e-18f,0f,0f,0f,1f],start_interpolation:0}