execute if entity @s[tag=aj.mech_legs.bone.foot] run data modify entity @s {} merge value {transformation:[-0.9978232111476901f,0.0030121444615973346f,-0.0658769024822426f,0.7482962594347417f,-0.01289589445821063f,0.97075689582221f,0.23971805338720167f,-1.6103881823768877f,0.06467252276689943f,0.24004577938253593f,-0.9686049187360115f,-0.7056941822265033f,0f,0f,0f,1f],start_interpolation:0}
execute if entity @s[tag=aj.mech_legs.bone.leg_low] run data modify entity @s {} merge value {transformation:[-0.9981076219621342f,0.01059078573173024f,-0.06057235539978679f,0.776397747322828f,-0.02024634432066595f,0.873529241888216f,0.48635043858091404f,-0.5159413927642226f,0.058062556977302844f,0.48665644845597494f,-0.871661769640882f,-0.36662057235401724f,0f,0f,0f,1f],start_interpolation:0}
execute if entity @s[tag=aj.mech_legs.bone.bone4] run data modify entity @s {} merge value {transformation:[-0.9981076219621342f,0.059776826105683176f,0.014418947320259418f,0.8085520181138373f,-0.02024634432066595f,-0.5408828976916765f,0.8408541945702028f,-0.877836639410841f,0.058062556977302844f,0.8389710495871632f,0.5410696049787598f,0.0599256955480727f,0f,0f,0f,1f],start_interpolation:0}
execute if entity @s[tag=aj.mech_legs.bone.leg] run data modify entity @s {} merge value {transformation:[-0.9981076219621342f,-0.028572861555433388f,-0.05444967000476255f,0.8005615545536647f,-0.02024634432066595f,0.9888165308157575f,-0.1477564006300207f,-0.18357687500000008f,0.058062556977302844f,-0.14637438289545132f,-0.9875238121226411f,-0.010565005468978317f,0f,0f,0f,1f],start_interpolation:0}
execute if entity @s[tag=aj.mech_legs.bone.foot2] run data modify entity @s {} merge value {transformation:[-0.9989226375743645f,0.0076920215519044296f,-0.0457645817846056f,-0.6774219319195045f,0.008876175371182642f,0.9996295679969686f,-0.025728200422381053f,-2.1306068820008663f,0.04554972724676657f,-0.026106696279675837f,-0.9986208803931078f,0.17784949080106754f,0f,0f,0f,1f],start_interpolation:0}
execute if entity @s[tag=aj.mech_legs.bone.leg_low2] run data modify entity @s {} merge value {transformation:[-0.9962050474817109f,-0.06789759690300443f,-0.054455667352069095f,-0.7967603067431228f,-0.06027968542318825f,0.9895411380655854f,-0.13105226286160587f,-1.0536338417193416f,0.06278425676269131f,-0.12727235524913932f,-0.9898787222140363f,-0.1955963615365634f,0f,0f,0f,1f],start_interpolation:0}
execute if entity @s[tag=aj.mech_legs.bone.bone3] run data modify entity @s {} merge value {transformation:[-0.9962050474817109f,0.0067459453669919504f,-0.0867755472069617f,-0.7766208645757295f,-0.06027968542318825f,0.6657033489372624f,0.743777796616029f,-0.8243186145817368f,0.06278425676269131f,0.7461859978817741f,-0.6627703928721751f,0.344125942150263f,0f,0f,0f,1f],start_interpolation:0}
execute if entity @s[tag=aj.mech_legs.bone.leg2] run data modify entity @s {} merge value {transformation:[-0.9962050474817109f,-0.08144902311723033f,-0.030684849766797934f,-0.8425310538809364f,-0.06027968542318825f,0.8999553538990381f,-0.431794766658581f,-0.18357687500000008f,0.06278425676269131f,-0.4283064529302656f,-0.9014497875539439f,0.07554582929545844f,0f,0f,0f,1f],start_interpolation:0}
execute if entity @s[tag=aj.mech_legs.bone.hips] run data modify entity @s {} merge value {transformation:[-0.9986295347545738f,0f,-0.052335956242943675f,-0.022687499999999985f,0f,1f,0f,0.21312937499999995f,0.052335956242943675f,0f,-0.9986295347545738f,0f,0f,0f,0f,1f],start_interpolation:0}