execute if entity @s[tag=aj.mech_legs.bone.foot] run data modify entity @s {} merge value {transformation:[-0.9979004163254285f,0.004274020127011268f,-0.06462578316345778f,0.6484221717142731f,-0.011612275128915833f,0.9698443914740232f,0.24344816982822487f,-1.6703182860420394f,0.06371745572342577f,0.24368748239976493f,-0.9677584909251882f,-0.6983560863880341f,0f,0f,0f,1f],start_interpolation:0}
execute if entity @s[tag=aj.mech_legs.bone.leg_low] run data modify entity @s {} merge value {transformation:[-0.9980077622353342f,0.01527547480086067f,-0.061214102849170685f,0.6816229203482583f,-0.014324225795841868f,0.890048775653729f,0.45564020181789033f,-0.5647458745386199f,0.06144365771477406f,0.45560930283183015f,-0.8880567775202909f,-0.3980533474068364f,0f,0f,0f,1f],start_interpolation:0}
execute if entity @s[tag=aj.mech_legs.bone.bone4] run data modify entity @s {} merge value {transformation:[-0.9980077622353342f,0.06004184289793904f,0.019377399707901526f,0.7152678416847618f,-0.014324225795841868f,-0.5147480077599522f,0.8572218528843685f,-0.8378643643025239f,0.06144365771477406f,0.8552364968876032f,0.5145825602544749f,0.08475778136645992f,0f,0f,0f,1f],start_interpolation:0}
execute if entity @s[tag=aj.mech_legs.bone.leg] run data modify entity @s {} merge value {transformation:[-0.9980077622353342f,-0.02501963737982002f,-0.05791825500999566f,0.7098659586315038f,-0.014324225795841868f,0.9838904575869781f,-0.17819759825720555f,-0.14610812499999998f,0.06144365771477406f,-0.17701295210992046f,-0.9822887007962376f,-0.00729400820379434f,0f,0f,0f,1f],start_interpolation:0}
execute if entity @s[tag=aj.mech_legs.bone.foot2] run data modify entity @s {} merge value {transformation:[-0.9987868110264365f,0.008449839162007816f,-0.04851295020690563f,-0.648629798135934f,0.008948975480528176f,0.9999091429636743f,-0.010080756692812456f,-2.0621577683758625f,0.04842336169134077f,-0.010502668031837303f,-0.9987716816203407f,0.10952284081936253f,0f,0f,0f,1f],start_interpolation:0}
execute if entity @s[tag=aj.mech_legs.bone.leg_low2] run data modify entity @s {} merge value {transformation:[-0.9961582009273633f,-0.06633143648213756f,-0.05717498805749722f,-0.7668496512967506f,-0.06059675351599691f,0.9934590701139729f,-0.0967838285644983f,-0.972747127223131f,0.06322082084630276f,-0.09294738588307283f,-0.9936618696865767f,-0.2263088180348663f,0f,0f,0f,1f],start_interpolation:0}
execute if entity @s[tag=aj.mech_legs.bone.bone3] run data modify entity @s {} merge value {transformation:[-0.9961582009273633f,0.014384508363794232f,-0.08638243249811116f,-0.7425410557890606f,-0.06059675351599691f,0.5988993467646303f,0.7985284001888856f,-0.7908855824073904f,0.06322082084630276f,0.8006951094917661f,-0.5957268413018576f,0.3310301329874678f,0f,0f,0f,1f],start_interpolation:0}
execute if entity @s[tag=aj.mech_legs.bone.leg2] run data modify entity @s {} merge value {transformation:[-0.9961582009273633f,-0.08144325194692364f,-0.03218439742279966f,-0.8083979579587756f,-0.06059675351599691f,0.9063902505228282f,-0.4180726578245538f,-0.14610812499999998f,0.06322082084630276f,-0.41451623667773835f,-0.9078432779626916f,0.07227483203027446f,0f,0f,0f,1f],start_interpolation:0}
execute if entity @s[tag=aj.mech_legs.bone.hips] run data modify entity @s {} merge value {transformation:[-0.9986295347545738f,0f,-0.052335956242943675f,-0.050968750000000014f,0f,1f,0f,0.250598125f,0.052335956242943675f,0f,-0.9986295347545738f,0f,0f,0f,0f,1f],start_interpolation:0}