execute if entity @s[tag=aj.mech_legs.bone.foot] run data modify entity @s {} merge value {transformation:[-0.9920756199277354f,0.014582258422047925f,-0.12479311713516816f,0.5728135264619449f,-0.003794328971214904f,0.9893117402020088f,0.14576653856812005f,-1.3388623166761606f,0.12558490121291407f,0.14508493525444233f,-0.9814167280770982f,-1.12304052809725f,0f,0f,0f,1f],start_interpolation:0}
execute if entity @s[tag=aj.mech_legs.bone.leg_low] run data modify entity @s {} merge value {transformation:[-0.9921538648248692f,0.07028208811718346f,-0.10339795260527854f,0.6576025430511115f,-0.0043513723823304365f,0.8071194448373493f,0.5903721430791253f,-0.2949209754102688f,0.1249470850859085f,0.5861899264362511f,-0.8004808530334734f,-0.6576679026789022f,0f,0f,0f,1f],start_interpolation:0}
execute if entity @s[tag=aj.mech_legs.bone.bone4] run data modify entity @s {} merge value {transformation:[-0.9921538648248692f,0.12385723108104775f,0.01703217020848797f,0.7266633880962827f,-0.0043513723823304365f,-0.1703595385003943f,0.9853723627138742f,-0.37480400690406007f,0.1249470850859085f,0.9775668846431269f,0.16956182346762533f,-0.11206587078110132f,0f,0f,0f,1f],start_interpolation:0}
execute if entity @s[tag=aj.mech_legs.bone.leg] run data modify entity @s {} merge value {transformation:[-0.9921538648248692f,-0.000639959827934005f,-0.12502119406122147f,0.7403787992289388f,-0.0043513723823304365f,0.9995578007996858f,0.029415445243713034f,0.32101687500000003f,0.1249470850859085f,0.02972866145513818f,-0.9917179198827762f,-0.0603493867426782f,0f,0f,0f,1f],start_interpolation:0}
execute if entity @s[tag=aj.mech_legs.bone.foot2] run data modify entity @s {} merge value {transformation:[-0.9953645520843536f,0.020335060578529542f,-0.09399943491947847f,-0.6603174226567922f,0.02080182220415047f,0.9997756636727689f,-0.003988297965497267f,-1.5692138238085684f,0.0938972451507532f,-0.005925169950491804f,-0.9955642619711482f,0.7323381740777954f,0f,0f,0f,1f],start_interpolation:0}
execute if entity @s[tag=aj.mech_legs.bone.leg_low2] run data modify entity @s {} merge value {transformation:[-0.9943847695218256f,-0.04044892705854168f,-0.09778964384247588f,-0.7590054858051792f,-0.0014522164045241998f,0.9291981476441957f,-0.3695790760880684f,-0.6141702545261707f,0.1058150330082637f,-0.36736179267094254f,-0.9240392264807006f,0.10645733175130978f,0f,0f,0f,1f],start_interpolation:0}
execute if entity @s[tag=aj.mech_legs.bone.bone3] run data modify entity @s {} merge value {transformation:[-0.9943847695218256f,0.07125335866103717f,-0.07824250138222259f,-0.714931344155667f,-0.0014522164045241998f,0.7300999741313449f,0.6833388023820425f,-0.24780511365358454f,0.1058150330082637f,0.6796153225560259f,-0.7258968192081632f,0.5256671112367945f,0f,0f,0f,1f],start_interpolation:0}
execute if entity @s[tag=aj.mech_legs.bone.leg2] run data modify entity @s {} merge value {transformation:[-0.9943847695218256f,-0.06638014501978111f,-0.08241727058194984f,-0.768636261053566f,-0.0014522164045241998f,0.787293351341395f,-0.6165768970705513f,0.32101687500000003f,0.1058150330082637f,-0.6129949879736273f,-0.7829689160552111f,0.12493436482997902f,0f,0f,0f,1f],start_interpolation:0}
execute if entity @s[tag=aj.mech_legs.bone.hips] run data modify entity @s {} merge value {transformation:[-0.992546151641322f,0f,-0.12186934340514734f,-0.018093749999999978f,0f,1f,0f,0.717723125f,0.12186934340514734f,0f,-0.992546151641322f,0f,0f,0f,0f,1f],start_interpolation:0}