execute if entity @s[tag=aj.mech_legs.bone.foot] run data modify entity @s {} merge value {transformation:[-0.9931790987456183f,-0.008613022390781828f,0.11628023761644594f,0.6476874398343353f,-0.03026454843778067f,0.9821309299539609f,-0.18574954518282177f,-1.3165209838424379f,-0.11260255291377042f,-0.18800173476078308f,-0.9756925810952124f,1.031982247081709f,0f,0f,0f,1f],start_interpolation:0}
execute if entity @s[tag=aj.mech_legs.bone.leg_low] run data modify entity @s {} merge value {transformation:[-0.993246921664458f,0.04222260919390025f,0.10806388794105591f,0.7507443837393049f,-0.03352370119108644f,0.7872514006391702f,-0.6157202235188602f,-0.5774300373099415f,-0.11107076151052837f,-0.615184918105543f,-0.7805195721267645f,0.16209821981507433f,0f,0f,0f,1f],start_interpolation:0}
execute if entity @s[tag=aj.mech_legs.bone.bone4] run data modify entity @s {} merge value {transformation:[-0.993246921664458f,-0.10806388794105592f,0.0422226091939002f,0.6913444759635284f,-0.03352370119108644f,0.6157202235188599f,0.7872514006391704f,-0.22359297041505527f,-0.11107076151052837f,0.7805195721267647f,-0.6151849181055427f,0.5864839609721648f,0f,0f,0f,1f],start_interpolation:0}
execute if entity @s[tag=aj.mech_legs.bone.leg] run data modify entity @s {} merge value {transformation:[-0.993246921664458f,0.05119576735850748f,0.10411314042257827f,0.7337477944808015f,-0.03352370119108644f,0.7324546465079589f,-0.679989964828417f,0.30942312499999997f,-0.11107076151052837f,-0.6788881971381404f,-0.7257920512956839f,0.1380141096724486f,0f,0f,0f,1f],start_interpolation:0}
execute if entity @s[tag=aj.mech_legs.bone.foot2] run data modify entity @s {} merge value {transformation:[-0.9920261541338782f,-0.0022755437107529752f,0.12601163206294705f,-0.5520913516168178f,-0.0036848584184666845f,0.9999332351158938f,-0.010952037668785164f,-1.4904749951671246f,-0.12597829707049923f,-0.011329042831726255f,-0.9919683066790661f,-1.1814007069674881f,0f,0f,0f,1f],start_interpolation:0}
execute if entity @s[tag=aj.mech_legs.bone.leg_low2] run data modify entity @s {} merge value {transformation:[-0.9909985122602948f,-0.08932651205223002f,0.09971320345102362f,-0.6590664138786426f,-0.01660019985623235f,0.8210803996070132f,0.5705711268070973f,-0.4361718221679463f,-0.13283968557105053f,0.5637798786989212f,-0.8151722924091656f,-0.7448511252646806f,0f,0f,0f,1f],start_interpolation:0}
execute if entity @s[tag=aj.mech_legs.bone.bone3] run data modify entity @s {} merge value {transformation:[-0.9909985122602948f,-0.1337995774180772f,0.004429647912237697f,-0.7335151353586482f,-0.01660019985623235f,0.15564934409451822f,0.9876728785623706f,-0.3763965798329872f,-0.13283968557105053f,0.9787088202145162f,-0.15646936815777773f,-0.1969253232405474f,0f,0f,0f,1f],start_interpolation:0}
execute if entity @s[tag=aj.mech_legs.bone.leg2] run data modify entity @s {} merge value {transformation:[-0.9909985122602948f,-0.03442751036061947f,0.12937038002669646f,-0.7718037881602731f,-0.01660019985623235f,0.9905105786497743f,0.13643030069461237f,0.30942312499999997f,-0.13283968557105053f,0.13305465085166565f,-0.9821660133725488f,-0.0735773664394346f,0f,0f,0f,1f],start_interpolation:0}
execute if entity @s[tag=aj.mech_legs.bone.hips] run data modify entity @s {} merge value {transformation:[-0.9902680687415704f,0f,0.13917310096006552f,-0.014500000000000013f,0f,1f,0f,0.706129375f,-0.13917310096006552f,0f,-0.9902680687415704f,0f,0f,0f,0f,1f],start_interpolation:0}