execute if entity @s[tag=aj.mech_legs.bone.foot] run data modify entity @s {} merge value {transformation:[-0.9983909447629227f,0.020621711122801416f,-0.052822972708533485f,0.8142719076368334f,0.02057225062175356f,0.9997872734930121f,0.001479954649757309f,-2.1159548512301845f,0.05284225505932261f,0.000390885887831538f,-0.9986027955541025f,0.43952749407079356f,0f,0f,0f,1f],start_interpolation:0}
execute if entity @s[tag=aj.mech_legs.bone.leg_low] run data modify entity @s {} merge value {transformation:[-0.9982168749633314f,-0.03638933384053883f,-0.047316877761349886f,0.7928113524838891f,-0.020931114625091084f,0.9557452336543175f,-0.2934500584215409f,-1.1125675916868212f,0.05590133253324118f,-0.29193640528323334f,-0.9548026897172589f,-0.11394141543139441f,0f,0f,0f,1f],start_interpolation:0}
execute if entity @s[tag=aj.mech_legs.bone.bone4] run data modify entity @s {} merge value {transformation:[-0.9982168749633314f,0.021645569139109574f,-0.05562858864904572f,0.8096179798316365f,-0.020931114625091084f,0.7458326149056987f,0.6658044750401421f,-0.7554731454769712f,0.05590133253324118f,0.6657816307766173f,-0.7440496362081204f,0.3198772918583264f,0f,0f,0f,1f],start_interpolation:0}
execute if entity @s[tag=aj.mech_legs.bone.leg] run data modify entity @s {} merge value {transformation:[-0.9982168749633314f,-0.048837558086172156f,-0.03432147226767044f,0.7868484148047165f,-0.020931114625091084f,0.8248553529105545f,-0.564956224158435f,-0.16192062500000004f,0.05590133253324118f,-0.56323044990038f,-0.8244067572054607f,-0.04646456933350835f,0f,0f,0f,1f],start_interpolation:0}
execute if entity @s[tag=aj.mech_legs.bone.foot2] run data modify entity @s {} merge value {transformation:[-0.9939520273597464f,0.02299347907559001f,-0.10738094443359299f,-0.8968975013470426f,-0.008268397663361562f,0.9593879935760066f,0.28196863545842366f,-1.679535812432118f,0.10950342874782731f,0.2811511652158055f,-0.9533955220108099f,-0.9296427064339903f,0f,0f,0f,1f],start_interpolation:0}
execute if entity @s[tag=aj.mech_legs.bone.leg_low2] run data modify entity @s {} merge value {transformation:[-0.9943368226255281f,0.054203155311726106f,-0.0914128061336161f,-0.8879481005434177f,-0.015204651482072203f,0.7787517831534636f,0.6271478922938433f,-0.6593579175450492f,0.10518128038904022f,0.6249861423980169f,-0.7735174335890358f,-0.40740583217481f,0f,0f,0f,1f],start_interpolation:0}
execute if entity @s[tag=aj.mech_legs.bone.bone3] run data modify entity @s {} merge value {transformation:[-0.9943368226255281f,0.10209568624609844f,0.02950854149068382f,-0.8303099902335073f,-0.015204651482072203f,-0.4114722746831813f,0.9112954437175452f,-0.8594858527083432f,0.10518128038904022f,0.9056859488901146f,0.41069436353416794f,0.10854928608372523f,0f,0f,0f,1f],start_interpolation:0}
execute if entity @s[tag=aj.mech_legs.bone.leg2] run data modify entity @s {} merge value {transformation:[-0.9943368226255281f,-0.01993335736657971f,-0.10438843056136729f,-0.8509242316882254f,-0.015204651482072203f,0.9988302905737535f,-0.04590064493729774f,-0.16192062500000004f,0.10518128038904022f,-0.04405351173796908f,-0.9934768172228655f,0.11123499996126068f,0f,0f,0f,1f],start_interpolation:0}
execute if entity @s[tag=aj.mech_legs.bone.hips] run data modify entity @s {} merge value {transformation:[-0.9953961983671789f,0f,-0.09584575252022386f,-0.03515625000000001f,0f,1f,0f,0.234785625f,0.09584575252022386f,0f,-0.9953961983671789f,0f,0f,0f,0f,1f],start_interpolation:0}