execute if entity @s[tag=aj.mech_legs.bone.foot] run data modify entity @s {} merge value {transformation:[-0.9966397378780505f,-0.026330176989762158f,0.07756258545238529f,0.6706753370445337f,-0.02590843749134821f,0.9996435834993883f,0.006438853567077352f,-2.038237121807798f,-0.07770447702113226f,0.0044076919344666066f,-0.996966692774981f,0.879782727085247f,0f,0f,0f,1f],start_interpolation:0}
execute if entity @s[tag=aj.mech_legs.bone.leg_low] run data modify entity @s {} merge value {transformation:[-0.9965069399851884f,0.035734809142646005f,0.07547808938291185f,0.7588982595457892f,-0.0008254776976899698f,0.8995618890191035f,-0.4367925439049442f,-1.1321532432906052f,-0.08350591085621895f,-0.43532910681451187f,-0.896390167065744f,0.1835046914819896f,0f,0f,0f,1f],start_interpolation:0}
execute if entity @s[tag=aj.mech_legs.bone.bone4] run data modify entity @s {} merge value {transformation:[-0.9965069399851884f,-0.051131442547883134f,0.06602646548414276f,0.7267035458055866f,-0.0008254776976899698f,0.7966339903252998f,0.6044614165064308f,-0.7242992311226124f,-0.08350591085621895f,0.6022954931272213f,-0.7938935078527286f,0.5636643826522357f,0f,0f,0f,1f],start_interpolation:0}
execute if entity @s[tag=aj.mech_legs.bone.leg] run data modify entity @s {} merge value {transformation:[-0.9965069399851884f,0.055131567900577064f,0.06272502516683616f,0.7732300110535659f,-0.0008254776976899698f,0.7445684091881255f,-0.6675456558360894f,-0.18357687500000003f,-0.08350591085621895f,-0.6652656569069894f,-0.741922077169958f,0.12493436482997922f,0f,0f,0f,1f],start_interpolation:0}
execute if entity @s[tag=aj.mech_legs.bone.foot2] run data modify entity @s {} merge value {transformation:[-0.9916585652554678f,-0.01633862157035145f,0.12785280364797547f,-0.5643896012140405f,0.0038044637005494736f,0.9877906684904894f,0.15574055765619726f,-1.8109980834929416f,-0.12883639241851705f,0.15492786930792318f,-0.9794889173953367f,-1.184562179198699f,0f,0f,0f,1f],start_interpolation:0}
execute if entity @s[tag=aj.mech_legs.bone.leg_low2] run data modify entity @s {} merge value {transformation:[-0.9919561048803068f,-0.07286599543118935f,0.10350667949708157f,-0.6520444706129245f,0.007810328768245335f,0.7809121665048864f,0.6245920164148565f,-0.788295953553691f,-0.12634114434823518f,0.6203762849387993f,-0.7740614835594856f,-0.6746883133109307f,0f,0f,0f,1f],start_interpolation:0}
execute if entity @s[tag=aj.mech_legs.bone.bone3] run data modify entity @s {} merge value {transformation:[-0.9919561048803068f,-0.12555643668232092f,-0.016083133970965176f,-0.722035055032086f,0.007810328768245335f,-0.18752383031743072f,0.9822290017239418f,-0.8777612500899656f,-0.12634114434823518f,0.9742024400866164f,0.18699604534337247f,-0.13069423700279625f,0f,0f,0f,1f],start_interpolation:0}
execute if entity @s[tag=aj.mech_legs.bone.leg2] run data modify entity @s {} merge value {transformation:[-0.9919561048803068f,0.00066024623491499f,0.12658060698858636f,-0.7357850492289388f,0.007810328768245335f,0.9984003086804438f,0.05599841418581731f,-0.18357687500000003f,-0.12634114434823518f,0.05653660497150236f,-0.9903744380501117f,-0.06034938674267839f,0f,0f,0f,1f],start_interpolation:0}
execute if entity @s[tag=aj.mech_legs.bone.hips] run data modify entity @s {} merge value {transformation:[-0.992546151641322f,0f,0.12186934340514759f,0.0226875f,0f,1f,0f,0.21312937499999995f,-0.12186934340514759f,0f,-0.992546151641322f,6.938893903907228e-18f,0f,0f,0f,1f],start_interpolation:0}