execute if entity @s[tag=aj.mech_legs.bone.foot] run data modify entity @s {} merge value {transformation:[-0.9995150641129733f,0.013471224304192751f,-0.028074236000022f,0.8611627365478431f,0.013586426712072101f,0.9999000289262877f,-0.003916779596354364f,-2.144090012542272f,0.028018665572012866f,-0.004296308759278167f,-0.9995981673205532f,0.10597095386864264f,0f,0f,0f,1f],start_interpolation:0}
execute if entity @s[tag=aj.mech_legs.bone.leg_low] run data modify entity @s {} merge value {transformation:[-0.9986141716438295f,-0.05020907976939631f,-0.015772904007145316f,0.8316312778983117f,-0.04785532162017415f,0.9910208831314611f,-0.12484981934295486f,-1.0606997309603419f,0.021899871797294065f,-0.1239219815289005f,-0.9920502699506779f,-0.2668128608964432f,0f,0f,0f,1f],start_interpolation:0}
execute if entity @s[tag=aj.mech_legs.bone.bone4] run data modify entity @s {} merge value {transformation:[-0.9986141716438295f,-0.013916073302157779f,-0.050755089360153764f,0.8315203493989087f,-0.04785532162017415f,0.6414203688304706f,0.7656956174890991f,-0.8193276064999113f,0.021899871797294065f,0.7670633959153781f,-0.6411974284586847f,0.2555722005571639f,0f,0f,0f,1f],start_interpolation:0}
execute if entity @s[tag=aj.mech_legs.bone.leg] run data modify entity @s {} merge value {transformation:[-0.9986141716438295f,-0.05261224323784898f,0.001299251164954912f,0.804964792516552f,-0.04785532162017415f,0.8974981766553461f,-0.43841406352095813f,-0.17898312500000002f,0.021899871797294065f,-0.43786867296235116f,-0.8987721740538319f,-0.02062185138613143f,0f,0f,0f,1f],start_interpolation:0}
execute if entity @s[tag=aj.mech_legs.bone.foot2] run data modify entity @s {} merge value {transformation:[-0.9967404464210863f,0.013248458461323845f,-0.0795799020902394f,-0.8323308134372952f,-0.011255255998646567f,0.9539405893904888f,0.29978437438554406f,-1.6696296063225073f,0.07988617953500118f,0.29970290332548605f,-0.9506820541367001f,-0.7200564406087708f,0f,0f,0f,1f],start_interpolation:0}
execute if entity @s[tag=aj.mech_legs.bone.leg_low2] run data modify entity @s {} merge value {transformation:[-0.9968784286489418f,0.02622470006391656f,-0.07446921243691361f,-0.8508502087330814f,-0.017410943001265167f,0.8469803405389982f,0.5313390271796806f,-0.5955290287727364f,0.07700816552952841f,0.5309769937078256f,-0.843879834215024f,-0.32063265171772376f,0f,0f,0f,1f],start_interpolation:0}
execute if entity @s[tag=aj.mech_legs.bone.bone3] run data modify entity @s {} merge value {transformation:[-0.9968784286489418f,0.07437249216739453f,0.026497752795801275f,-0.8089043797046873f,-0.017410943001265167f,-0.5344430410801728f,0.8450251445399618f,-0.8723329137945005f,0.07700816552952841f,0.8419259873942527f,0.5340696342163531f,0.15977712315704773f,0f,0f,0f,1f],start_interpolation:0}
execute if entity @s[tag=aj.mech_legs.bone.leg2] run data modify entity @s {} merge value {transformation:[-0.9968784286489418f,-0.02911512610851346f,-0.07338738260833337f,-0.836953175218532f,-0.017410943001265167f,0.9877063245313861f,-0.15534823959255822f,-0.17898312500000002f,0.07700816552952841f,-0.15358556544280305f,-0.98513005056662f,0.08555622066710213f,0f,0f,0f,1f],start_interpolation:0}
execute if entity @s[tag=aj.mech_legs.bone.hips] run data modify entity @s {} merge value {transformation:[-0.997915618272179f,0f,-0.06453230825295785f,-0.01809375f,0f,1f,0f,0.21772312500000002f,0.06453230825295785f,0f,-0.997915618272179f,0f,0f,0f,0f,1f],start_interpolation:0}