execute if entity @s[tag=aj.mech_legs.bone.foot] run data modify entity @s {} merge value {transformation:[-0.9984060058865258f,-0.0182679170626553f,0.053401597503318285f,0.8380687734453993f,-0.02462918592090206f,0.9923463861836587f,-0.12100435128170378f,-1.6895406883435182f,-0.05078238484541764f,-0.12212670893143851f,-0.9912145158112785f,0.5202531475042209f,0f,0f,0f,1f],start_interpolation:0}
execute if entity @s[tag=aj.mech_legs.bone.leg_low] run data modify entity @s {} merge value {transformation:[-0.998219740144625f,-0.012683362909301273f,0.05827935046745246f,0.8680085423519692f,-0.03343725139165724f,0.9281393091850062f,-0.3707281658640868f,-0.7348896983758826f,-0.04938927621425837f,-0.372016874685665f,-0.9269110768267588f,-0.11324466576634351f,0f,0f,0f,1f],start_interpolation:0}
execute if entity @s[tag=aj.mech_legs.bone.bone4] run data modify entity @s {} merge value {transformation:[-0.998219740144625f,-0.047165364436372086f,-0.036507242886602634f,0.8421028944770496f,-0.03343725139165724f,-0.06431578078763622f,0.9973692548705557f,-0.77870240030866f,-0.04938927621425837f,0.9968143802831402f,0.0626242018373947f,0.4400030736845557f,0f,0f,0f,1f],start_interpolation:0}
execute if entity @s[tag=aj.mech_legs.bone.leg] run data modify entity @s {} merge value {transformation:[-0.998219740144625f,-0.0013173850951660807f,0.059628976866186685f,0.849400231219173f,-0.03343725139165724f,0.8402330390473768f,-0.5411934869458246f,-0.17507687500000002f,-0.04938927621425837f,-0.5422238509967267f,-0.8387812556354077f,0.08984256621705958f,0f,0f,0f,1f],start_interpolation:0}
execute if entity @s[tag=aj.mech_legs.bone.foot2] run data modify entity @s {} merge value {transformation:[-0.9993479639357897f,-0.0019249479419439584f,0.03605470222886976f,-0.5974472316208371f,-0.002480673788270251f,0.9998787201342825f,-0.015375021306842207f,-2.0658987775549362f,-0.036020733403803f,-0.015454436193225063f,-0.9992315383168217f,-0.7490536017616749f,0f,0f,0f,1f],start_interpolation:0}
execute if entity @s[tag=aj.mech_legs.bone.leg_low2] run data modify entity @s {} merge value {transformation:[-0.996818195070986f,-0.07536822553284431f,0.02594448988613909f,-0.7062853964168234f,-0.06167455125804126f,0.935482685426686f,0.34794883962156786f,-0.9370090464509613f,-0.050494907689200695f,0.34524161951726895f,-0.9371544634960411f,-0.5837157333866703f,0f,0f,0f,1f],start_interpolation:0}
execute if entity @s[tag=aj.mech_legs.bone.bone3] run data modify entity @s {} merge value {transformation:[-0.996818195070986f,-0.07035723118557619f,-0.03746125992703721f,-0.739411072735698f,-0.06167455125804126f,0.38307177500119527f,0.9216573468076695f,-0.8708249576603205f,-0.050494907689200695f,0.9210352193142959f,-0.386192166000459f,-0.010620262448913051f,0f,0f,0f,1f],start_interpolation:0}
execute if entity @s[tag=aj.mech_legs.bone.leg2] run data modify entity @s {} merge value {transformation:[-0.996818195070986f,-0.05827102381917414f,0.05438725731719606f,-0.7919392849657031f,-0.06167455125804126f,0.9960963024317888f,-0.0631538281407996f,-0.17507687500000002f,-0.050494907689200695f,-0.0663071946683288f,-0.9965207575523328f,-0.024931073466652805f,0f,0f,0f,1f],start_interpolation:0}
execute if entity @s[tag=aj.mech_legs.bone.hips] run data modify entity @s {} merge value {transformation:[-0.9975640502598242f,0f,0.06975647374412541f,0.030999999999999993f,0f,1f,0f,0.22162937500000002f,-0.06975647374412541f,0f,-0.9975640502598242f,6.938893903907228e-18f,0f,0f,0f,1f],start_interpolation:0}