execute if entity @s[tag=aj.mech_legs.bone.foot] run data modify entity @s {} merge value {transformation:[-0.9993586464406786f,-0.010506374536126316f,-0.034233198482778816f,0.8031426945383248f,-0.01583681796646736f,0.9870911003301851f,0.1593748877509911f,-1.6829114843375717f,0.03211683329582277f,0.15981481703224742f,-0.9866244134806302f,-0.3511391064316079f,0f,0f,0f,1f],start_interpolation:0}
execute if entity @s[tag=aj.mech_legs.bone.leg_low] run data modify entity @s {} merge value {transformation:[-0.9993177362544722f,-0.01690809520221046f,-0.032835625833384084f,0.8069643097045693f,-0.02521389466965532f,0.9619630957874575f,0.2720133486772256f,-0.5395231344738955f,0.02698743268309417f,0.2726556778422988f,-0.9617331021741594f,-0.27225400973715164f,0f,0f,0f,1f],start_interpolation:0}
execute if entity @s[tag=aj.mech_legs.bone.bone4] run data modify entity @s {} merge value {transformation:[-0.9993177362544722f,0.03621997396647563f,-0.007223260559113218f,0.8274596305661349f,-0.02521389466965532f,-0.5261390402910258f,0.8500246877574944f,-0.8758442673868023f,0.02698743268309417f,0.8496268732611431f,0.526693321307257f,0.17244823992373146f,0f,0f,0f,1f],start_interpolation:0}
execute if entity @s[tag=aj.mech_legs.bone.leg] run data modify entity @s {} merge value {transformation:[-0.9993177362544722f,-0.03149094497631794f,-0.01929721201975893f,0.8163037668466022f,-0.02521389466965532f,0.9634824877873251f,-0.2665816108487874f,-0.195326875f,0.02698743268309417f,-0.2659131740091967f,-0.9636191479861379f,0.018172408111629127f,0f,0f,0f,1f],start_interpolation:0}
execute if entity @s[tag=aj.mech_legs.bone.foot2] run data modify entity @s {} merge value {transformation:[-0.9995288168464355f,0.003904258530317616f,-0.03044504982577089f,-0.6401329266884321f,0.004772131962985176f,0.9995828039626072f,-0.028485869809078197f,-2.1260955934671033f,0.030321132071429738f,-0.028617735542497923f,-0.9991304490217114f,-0.14430950699150247f,0f,0f,0f,1f],start_interpolation:0}
execute if entity @s[tag=aj.mech_legs.bone.leg_low2] run data modify entity @s {} merge value {transformation:[-0.996066652499545f,-0.07909849427554948f,-0.039933093815678826f,-0.7686139381991529f,-0.0800202211854138f,0.99654967607262f,0.02203423066489285f,-1.005886906088661f,0.03805243723847911f,0.025143017378530974f,-0.9989593789025231f,-0.3497346958803092f,0f,0f,0f,1f],start_interpolation:0}
execute if entity @s[tag=aj.mech_legs.bone.bone3] run data modify entity @s {} merge value {transformation:[-0.996066652499545f,-0.016315832682149266f,-0.08709200527166112f,-0.7577206581419027f,-0.0800202211854138f,0.5877458559339122f,0.8050786129527665f,-0.863863153629101f,0.03805243723847911f,0.8088810805281583f,-0.5867396437806216f,0.23407035575242535f,0f,0f,0f,1f],start_interpolation:0}
execute if entity @s[tag=aj.mech_legs.bone.leg2] run data modify entity @s {} merge value {transformation:[-0.996066652499545f,-0.08793372558954038f,-0.01090337939789088f,-0.8287931387597283f,-0.0800202211854138f,0.9455467880138314f,-0.3154964910710799f,-0.195326875f,0.03805243723847911f,-0.3133830429054354f,-0.9488641000899664f,0.04688768141219726f,0f,0f,0f,1f],start_interpolation:0}
execute if entity @s[tag=aj.mech_legs.bone.hips] run data modify entity @s {} merge value {transformation:[-0.9998476951563913f,0f,-0.01745240643728339f,-0.006812500000000006f,0f,1f,0f,0.20137937500000003f,0.01745240643728339f,0f,-0.9998476951563913f,0f,0f,0f,0f,1f],start_interpolation:0}