execute if entity @s[tag=aj.mech_legs.bone.foot] run data modify entity @s {} merge value {transformation:[-0.999818503921336f,-0.019046223436416716f,0.000447871981182805f,0.8328099338955486f,-0.019009522606706308f,0.9988999321065641f,0.04286681336146331f,-1.7156930921515048f,-0.001263830196885538f,0.04285051937038214f,-0.999080695300896f,0.023542114460203878f,0f,0f,0f,1f],start_interpolation:0}
execute if entity @s[tag=aj.mech_legs.bone.leg_low] run data modify entity @s {} merge value {transformation:[-0.9995624897490838f,-0.029361829134605163f,0.0035653999050727636f,0.8312292842847397f,-0.029349950846192224f,0.9995636192212912f,0.00333938835108738f,-0.5931605920160574f,-0.0036618945832644963f,0.0032332830224910403f,-0.999988068133294f,-0.20774270889278257f,0f,0f,0f,1f],start_interpolation:0}
execute if entity @s[tag=aj.mech_legs.bone.bone4] run data modify entity @s {} merge value {transformation:[-0.9995624897490838f,0.008739048559534116f,-0.02825700120124119f,0.836999297334996f,-0.029349950846192224f,-0.4113404475489831f,0.9110091199299424f,-0.8511783642255871f,-0.0036618945832644963f,0.9114398856976121f,0.41141697253222875f,0.2852590093012605f,0f,0f,0f,1f],start_interpolation:0}
execute if entity @s[tag=aj.mech_legs.bone.leg] run data modify entity @s {} merge value {transformation:[-0.9995624897490838f,-0.025676811116579247f,0.01468095560569386f,0.8287931387597283f,-0.029349950846192224f,0.9225156717377929f,-0.3848420660264349f,-0.195326875f,-0.0036618945832644963f,-0.3851045790029668f,-0.9228656748189353f,0.046887681412197464f,0f,0f,0f,1f],start_interpolation:0}
execute if entity @s[tag=aj.mech_legs.bone.foot2] run data modify entity @s {} merge value {transformation:[-0.9999501740531573f,0.0014991125205813982f,-0.009869248842298537f,-0.6180281773271097f,0.001722017535829789f,0.9997427380465022f,-0.022616197268542138f,-2.1099404529160912f,0.009832805635568598f,-0.02263206541467111f,-0.9996955064160284f,-0.39186881769947063f,0f,0f,0f,1f],start_interpolation:0}
execute if entity @s[tag=aj.mech_legs.bone.leg_low2] run data modify entity @s {} merge value {transformation:[-0.9964972640327469f,-0.08139384739852842f,-0.019189694654038945f,-0.7442209875848397f,-0.08336217251630172f,0.9850451373447955f,0.15078735221077283f,-0.9724740712499593f,0.006629552670620674f,0.15185887856506242f,-0.9883799522614516f,-0.4536748614619361f,0f,0f,0f,1f],start_interpolation:0}
execute if entity @s[tag=aj.mech_legs.bone.bone3] run data modify entity @s {} merge value {transformation:[-0.9964972640327469f,-0.03773574157532303f,-0.07462718394131337f,-0.7480828964454094f,-0.08336217251630172f,0.5189981885204187f,0.8507006691580102f,-0.8791004461009758f,0.006629552670620674f,0.8539419735089057f,-0.5203260082977816f,0.139946885006832f,0f,0f,0f,1f],start_interpolation:0}
execute if entity @s[tag=aj.mech_legs.bone.leg2] run data modify entity @s {} merge value {transformation:[-0.9964972640327469f,-0.08277095709038844f,0.011923566479508554f,-0.8163037668466022f,-0.08336217251630172f,0.9719080582743947f,-0.22010332676872038f,-0.195326875f,0.006629552670620674f,-0.22032633733540988f,-0.9754036877661222f,0.018172408111628936f,0f,0f,0f,1f],start_interpolation:0}
execute if entity @s[tag=aj.mech_legs.bone.hips] run data modify entity @s {} merge value {transformation:[-0.9998476951563913f,0f,0.017452406437283633f,0.006812500000000006f,0f,1f,0f,0.20137937500000003f,-0.017452406437283633f,0f,-0.9998476951563913f,6.938893903907228e-18f,0f,0f,0f,1f],start_interpolation:0}