execute if entity @s[tag=aj.mech_legs.bone.foot] run data modify entity @s {} merge value {transformation:[-0.9978232111476901f,-0.0030121444615973866f,0.06587690248224283f,0.8135641125519439f,0.01289589445821063f,0.97075689582221f,0.23971805338720167f,-1.6087404083364198f,-0.06467252276689968f,0.24004577938253593f,-0.9686049187360115f,-0.6243088412398603f,0f,0f,0f,1f],start_interpolation:0}
execute if entity @s[tag=aj.mech_legs.bone.leg_low] run data modify entity @s {} merge value {transformation:[-0.9981076219621342f,-0.010590785731730359f,0.06057235539978701f,0.8463858662738988f,0.02024634432066595f,0.873529241888216f,0.48635043858091404f,-0.5155294302731578f,-0.058062556977303094f,0.48665644845597494f,-0.871661769640882f,-0.2816911654676759f,0f,0f,0f,1f],start_interpolation:0}
execute if entity @s[tag=aj.mech_legs.bone.bone4] run data modify entity @s {} merge value {transformation:[-0.9981076219621342f,-0.059776826105683384f,-0.01441894732025955f,0.8142315954828894f,0.02024634432066595f,-0.5408828976916765f,0.8408541945702028f,-0.8774246769197762f,-0.058062556977303094f,0.8389710495871632f,0.5410696049787598f,0.144855102434414f,0f,0f,0f,1f],start_interpolation:0}
execute if entity @s[tag=aj.mech_legs.bone.leg] run data modify entity @s {} merge value {transformation:[-0.9981076219621342f,0.028572861555433426f,0.05444967000476279f,0.8425310538809364f,0.02024634432066595f,0.9888165308157575f,-0.1477564006300207f,-0.18357687500000008f,-0.058062556977303094f,-0.1463743828954513f,-0.9875238121226411f,0.07554582929545867f,0f,0f,0f,1f],start_interpolation:0}
execute if entity @s[tag=aj.mech_legs.bone.foot2] run data modify entity @s {} merge value {transformation:[-0.9989226375743645f,-0.007692021551904413f,0.04576458178460584f,-0.8845932834694883f,-0.008876175371182642f,0.9996295679969686f,-0.025728200422381053f,-2.1355128195486395f,-0.04554972724676682f,-0.026106696279675864f,-0.9986208803931078f,0.09684843125358322f,0f,0f,0f,1f],start_interpolation:0}
execute if entity @s[tag=aj.mech_legs.bone.leg_low2] run data modify entity @s {} merge value {transformation:[-0.9962050474817109f,0.06789759690300447f,0.05445566735206933f,-0.8260620194878442f,0.06027968542318825f,0.9895411380655854f,-0.13105226286160587f,-1.05486038261849f,-0.06278425676269156f,-0.12727235524913932f,-0.9898787222140363f,-0.2804296936365215f,0f,0f,0f,1f],start_interpolation:0}
execute if entity @s[tag=aj.mech_legs.bone.bone3] run data modify entity @s {} merge value {transformation:[-0.9962050474817109f,-0.006745945366992131f,0.08677554720696187f,-0.8462014616552376f,0.06027968542318825f,0.6657033489372624f,0.743777796616029f,-0.8255451554808851f,-0.06278425676269156f,0.7461859978817741f,-0.6627703928721751f,0.2592926100503049f,0f,0f,0f,1f],start_interpolation:0}
execute if entity @s[tag=aj.mech_legs.bone.leg2] run data modify entity @s {} merge value {transformation:[-0.9962050474817109f,0.08144902311723044f,0.030684849766798156f,-0.8005615545536647f,0.06027968542318825f,0.8999553538990381f,-0.431794766658581f,-0.18357687500000008f,-0.06278425676269156f,-0.4283064529302656f,-0.9014497875539439f,-0.010565005468978518f,0f,0f,0f,1f],start_interpolation:0}
execute if entity @s[tag=aj.mech_legs.bone.hips] run data modify entity @s {} merge value {transformation:[-0.9986295347545738f,0f,0.052335956242943925f,0.022687499999999985f,0f,1f,0f,0.21312937499999995f,-0.052335956242943925f,0f,-0.9986295347545738f,6.938893903907228e-18f,0f,0f,0f,1f],start_interpolation:0}