execute if entity @s[tag=aj.mech_legs.bone.foot] run data modify entity @s {} merge value {transformation:[-0.9947523550761999f,0.0034419528474083846f,-0.10225411987274732f,0.7549008828996558f,0.029428677869088954f,0.9668233319419635f,-0.2537451432668563f,-1.6781876791438197f,0.09798829006177907f,-0.25542278240837557f,-0.9618510785134737f,0.7737003530082003f,0f,0f,0f,1f],start_interpolation:0}
execute if entity @s[tag=aj.mech_legs.bone.leg_low] run data modify entity @s {} merge value {transformation:[-0.9948326791507043f,-0.03442122283615062f,-0.0955150245369588f,0.7242161988134944f,0.03422106963127431f,0.772040011718397f,-0.6346519823487113f,-0.9626708551619817f,0.09558691797062635f,-0.6346411582337863f,-0.7668727022058847f,-0.12110046649769918f,0f,0f,0f,1f],start_interpolation:0}
execute if entity @s[tag=aj.mech_legs.bone.bone4] run data modify entity @s {} merge value {transformation:[-0.9948326791507043f,0.10049797061275187f,-0.014425615985123104f,0.7799239198396036f,0.03422106963127431f,0.4656873061535052f,0.8842874257167648f,-0.6965272540245465f,0.09558691797062635f,0.8792243688559878f,-0.46672009847730667f,0.36340247213218296f,0f,0f,0f,1f],start_interpolation:0}
execute if entity @s[tag=aj.mech_legs.bone.leg] run data modify entity @s {} merge value {transformation:[-0.9948326791507043f,-0.036663831817069545f,-0.09467683946098653f,0.7675691837065215f,0.03422106963127431f,0.7568606999106862f,-0.6526797065360601f,-0.148076875f,0.09558691797062635f,-0.6525470437962276f,-0.751695082294464f,-0.06796622070549992f,0f,0f,0f,1f],start_interpolation:0}
execute if entity @s[tag=aj.mech_legs.bone.foot2] run data modify entity @s {} merge value {transformation:[-0.9947010727319827f,0.002317689897678721f,-0.10278328764629463f,-0.9876425008868348f,0.003305681625860899f,0.9999499490692682f,-0.009443083466565971f,-2.0020730806655793f,0.10275625710793088f,-0.009732814079508878f,-0.9946589485624017f,-0.8614419272298974f,0f,0f,0f,1f],start_interpolation:0}
execute if entity @s[tag=aj.mech_legs.bone.leg_low2] run data modify entity @s {} merge value {transformation:[-0.9932319164957735f,0.08013771321708196f,-0.08407322388531017f,-0.9478529041409989f,0.02678323123583293f,0.8623631479461205f,0.5055813085835208f,-0.9154280558661015f,0.11301777992289827f,0.4999077394727892f,-0.8586729490536575f,-0.4992351356090072f,0f,0f,0f,1f],start_interpolation:0}
execute if entity @s[tag=aj.mech_legs.bone.bone3] run data modify entity @s {} merge value {transformation:[-0.9932319164957735f,0.11614600141513015f,-0.0006829417320290271f,-0.8832916331041686f,0.02678323123583293f,0.23475250771349854f,0.9716861214645353f,-0.8408812260530342f,0.11301777992289827f,0.9650913772682358f,-0.23627444835148584f,0.05048111279824703f,0f,0f,0f,1f],start_interpolation:0}
execute if entity @s[tag=aj.mech_legs.bone.leg2] run data modify entity @s {} merge value {transformation:[-0.9932319164957735f,0.034829195541361026f,-0.1108029205033622f,-0.8655141455311486f,0.02678323123583293f,0.9969507781901128f,0.07329259437826148f,-0.148076875f,0.11301777992289827f,0.06982888373782084f,-0.9911361704716608f,0.13255119879280075f,0f,0f,0f,1f],start_interpolation:0}
execute if entity @s[tag=aj.mech_legs.bone.hips] run data modify entity @s {} merge value {transformation:[-0.992546151641322f,0f,-0.12186934340514734f,-0.052937500000000005f,0f,1f,0f,0.24862937500000004f,0.12186934340514734f,0f,-0.992546151641322f,0f,0f,0f,0f,1f],start_interpolation:0}