execute if entity @s[tag=aj.mech_legs.bone.foot] run data modify entity @s {} merge value {transformation:[-0.9932831427137695f,-0.006228523365464138f,0.11554135146060529f,1.0050342274752622f,-0.007644579204409878f,0.9999009573134068f,-0.011816766584815175f,-1.8650194070743482f,-0.11545630692796625f,-0.012620660062705402f,-0.9932323797229612f,-0.9305346026493377f,0f,0f,0f,1f],start_interpolation:0}
execute if entity @s[tag=aj.mech_legs.bone.leg_low] run data modify entity @s {} merge value {transformation:[-0.9910367106049187f,-0.08938020429784932f,0.09928452705762952f,0.9583886844440939f,-0.023969244504921113f,0.8501138096292643f,0.52605321593493f,-0.7873845417057878f,-0.13142189144600588f,0.5189582736186923f,-0.8446363695055171f,-0.5431050321666956f,0f,0f,0f,1f],start_interpolation:0}
execute if entity @s[tag=aj.mech_legs.bone.bone4] run data modify entity @s {} merge value {transformation:[-0.9910367106049187f,-0.1333808477694703f,0.0074691151872121955f,0.8829198227326192f,-0.023969244504921113f,0.23254129891985842f,0.9722911187574061f,-0.8368626565818291f,-0.13142189144600588f,0.9633971630355584f,-0.23365400211379173f,0.03502061083517184f,0f,0f,0f,1f],start_interpolation:0}
execute if entity @s[tag=aj.mech_legs.bone.leg] run data modify entity @s {} merge value {transformation:[-0.9910367106049187f,-0.0362586495118264f,0.1285750697801132f,0.8635453955311486f,-0.023969244504921113f,0.9951050265955639f,0.0958721094067785f,-0.14610812500000003f,-0.13142189144600588f,0.09193093266045183f,-0.987054704699255f,0.13255119879280097f,0f,0f,0f,1f],start_interpolation:0}
execute if entity @s[tag=aj.mech_legs.bone.foot2] run data modify entity @s {} merge value {transformation:[-0.9950695643057248f,-0.0316527246195573f,0.09399291045910475f,-0.7189504450182638f,-0.029872301539910415f,0.999347779745908f,0.020289423787606176f,-1.970260022018771f,-0.09457382192300082f,0.017381603524499467f,-0.9953660995160494f,0.5631874917187372f,0f,0f,0f,1f],start_interpolation:0}
execute if entity @s[tag=aj.mech_legs.bone.leg_low2] run data modify entity @s {} merge value {transformation:[-0.9951994519415196f,0.001309827356986426f,0.09785875130816775f,-0.724855293819892f,-0.03668414558471946f,0.922016023046466f,-0.38540981656971046f,-1.028065941550769f,-0.09073215702284408f,-0.3871495029027851f,-0.9175417909196881f,-0.08935356393878924f,0f,0f,0f,1f],start_interpolation:0}
execute if entity @s[tag=aj.mech_legs.bone.bone3] run data modify entity @s {} merge value {transformation:[-0.9951994519415196f,-0.09612380467272366f,0.01839198277889035f,-0.7776410977850308f,-0.03668414558471946f,0.540614808334714f,0.8404700485275721f,-0.6997112240322324f,-0.09073215702284408f,0.8357606374940498f,-0.5415457806109484f,0.3568718124217176f,0f,0f,0f,1f],start_interpolation:0}
execute if entity @s[tag=aj.mech_legs.bone.leg2] run data modify entity @s {} merge value {transformation:[-0.9951994519415196f,0.030491299491453093f,0.09299640590163387f,-0.7695379337065215f,-0.03668414558471946f,0.7647262458506014f,-0.643310222497641f,-0.14610812500000003f,-0.09073215702284408f,-0.6436334745509806f,-0.7599365934862028f,-0.06796622070550015f,0f,0f,0f,1f],start_interpolation:0}
execute if entity @s[tag=aj.mech_legs.bone.hips] run data modify entity @s {} merge value {transformation:[-0.992546151641322f,0f,0.12186934340514763f,0.05096875000000001f,0f,1f,0f,0.250598125f,-0.12186934340514763f,0f,-0.992546151641322f,6.938893903907228e-18f,0f,0f,0f,1f],start_interpolation:0}