execute if entity @s[tag=aj.mech_legs.bone.foot] run data modify entity @s {} merge value {transformation:[-0.996687351712014f,0.009983370308180292f,-0.08071341434099925f,0.7136572910356285f,-0.01130344308747124f,0.965800645454537f,0.2590392738832628f,-1.57769899198565f,0.08053915266291531f,0.2590935073615111f,-0.9624884411417367f,-0.8639674398309496f,0f,0f,0f,1f],start_interpolation:0}
execute if entity @s[tag=aj.mech_legs.bone.leg_low] run data modify entity @s {} merge value {transformation:[-0.9971162363850737f,0.027148930920704403f,-0.07086710581876776f,0.7578763299621837f,-0.017530551793630632f,0.8261627367620779f,0.5631587805757845f,-0.5183972221524703f,0.07383692092088105f,0.5627771032439544f,-0.8233043429821485f,-0.428652819295804f,0f,0f,0f,1f],start_interpolation:0}
execute if entity @s[tag=aj.mech_legs.bone.bone4] run data modify entity @s {} merge value {transformation:[-0.9971162363850737f,0.07253098549519307f,0.022326380816462352f,0.7962904523655996f,-0.017530551793630632f,-0.5063805813114739f,0.8621318847046922f,-0.8722483820240031f,0.07383692092088105f,0.8592543063690457f,0.5061918076136492f,0.006090919598209482f,0f,0f,0f,1f],start_interpolation:0}
execute if entity @s[tag=aj.mech_legs.bone.leg] run data modify entity @s {} merge value {transformation:[-0.9971162363850737f,-0.024153851412191462f,-0.07194305108364103f,0.7919392849657031f,-0.017530551793630632f,0.9956680710567193f,-0.09131140143488395f,-0.17507687500000002f,0.07383692092088105f,-0.08978687955458452f,-0.9932202300440592f,-0.024931073466652617f,0f,0f,0f,1f],start_interpolation:0}
execute if entity @s[tag=aj.mech_legs.bone.foot2] run data modify entity @s {} merge value {transformation:[-0.9984699277629282f,0.010106335199055572f,-0.054366031140201505f,-0.6984057788611862f,0.011317278515906424f,0.9996936412549732f,-0.02201233384641843f,-2.11883124434996f,0.05412691160676389f,-0.022593928901744914f,-0.9982784139791347f,0.3542638699526402f,0f,0f,0f,1f],start_interpolation:0}
execute if entity @s[tag=aj.mech_legs.bone.leg_low2] run data modify entity @s {} merge value {transformation:[-0.9962070627228008f,-0.06079766467883534f,-0.062250559441739434f,-0.8116147628269127f,-0.04644174930217383f,0.9764930279028831f,-0.21048641376301036f,-1.0747362743823166f,0.07358431968132664f,-0.20679702712239129f,-0.9756128009975973f,-0.10467381804505199f,0f,0f,0f,1f],start_interpolation:0}
execute if entity @s[tag=aj.mech_legs.bone.bone3] run data modify entity @s {} merge value {transformation:[-0.9962070627228008f,0.01965211806498502f,-0.0847660453057091f,-0.7872175995841215f,-0.04644174930217383f,0.7037235799834263f,0.7089543616461247f,-0.7965416999727988f,0.07358431968132664f,0.7102020256454287f,-0.7001417218436323f,0.40120119956780836f,0f,0f,0f,1f],start_interpolation:0}
execute if entity @s[tag=aj.mech_legs.bone.leg2] run data modify entity @s {} merge value {transformation:[-0.9962070627228008f,-0.07659612332671925f,-0.041285858020969526f,-0.849400231219173f,-0.04644174930217383f,0.8692818529407403f,-0.4921302917619146f,-0.17507687500000002f,0.07358431968132664f,-0.48834628496511684f,-0.8695419793533865f,0.08984256621705938f,0f,0f,0f,1f],start_interpolation:0}
execute if entity @s[tag=aj.mech_legs.bone.hips] run data modify entity @s {} merge value {transformation:[-0.9975640502598242f,0f,-0.06975647374412518f,-0.030999999999999993f,0f,1f,0f,0.22162937500000002f,0.06975647374412518f,0f,-0.9975640502598242f,0f,0f,0f,0f,1f],start_interpolation:0}