execute if entity @s[tag=aj.mech_legs.bone.foot] run data modify entity @s {} merge value {transformation:[-0.9941245798977204f,-0.028995403263130853f,0.10428607880627887f,0.7603203428095259f,-0.028655288931920975f,0.999578026717016f,0.004758457811541272f,-1.99023490066742f,-0.10438004627039175f,0.0017421521530883721f,-0.9945359575432486f,1.0348291610904023f,0f,0f,0f,1f],start_interpolation:0}
execute if entity @s[tag=aj.mech_legs.bone.leg_low] run data modify entity @s {} merge value {transformation:[-0.994029771547279f,0.03749380669363541f,0.10246476339349386f,0.856782643250197f,-0.016490115512280648f,0.8766908249580695f,-0.4807715398447906f,-1.1196553782783165f,-0.10785587312731759f,-0.47959087970264813f,-0.8708385032472923f,0.2956669991682655f,0f,0f,0f,1f],start_interpolation:0}
execute if entity @s[tag=aj.mech_legs.bone.bone4] run data modify entity @s {} merge value {transformation:[-0.994029771547279f,-0.07420505274163619f,0.07999014580106335f,0.8152031252756269f,-0.016490115512280648f,0.8268715526459397f,0.562149011842309f,-0.6628147435874975f,-0.10785587312731759f,0.5574738070730354f,-0.8231585904668919f,0.6090289231559958f,0f,0f,0f,1f],start_interpolation:0}
execute if entity @s[tag=aj.mech_legs.bone.leg] run data modify entity @s {} merge value {transformation:[-0.994029771547279f,0.06340412960376332f,0.08879600006111518f,0.8666224911836679f,-0.016490115512280648f,0.7171780537576969f,-0.6966948509201957f,-0.140076875f,-0.10785587312731759f,-0.693999679796404f,-0.7118507955143639f,0.14953944942259967f,0f,0f,0f,1f],start_interpolation:0}
execute if entity @s[tag=aj.mech_legs.bone.foot2] run data modify entity @s {} merge value {transformation:[-0.9887104125897737f,-0.012119561900807999f,0.14934803733525237f,-0.5653836483532689f,0.002942677433611453f,0.9949607585541995f,0.10022190173197582f,-1.8564344541221f,-0.14981008205752092f,0.09952992091117402f,-0.9836923981394459f,-1.2329020414444263f,0f,0f,0f,1f],start_interpolation:0}
execute if entity @s[tag=aj.mech_legs.bone.leg_low2] run data modify entity @s {} merge value {transformation:[-0.9891771756974271f,-0.08410292029226182f,0.12022983771749342f,-0.6616237736794409f,0.008407855877592706f,0.7855805366309251f,0.6187022938588556f,-0.829863484080056f,-0.14648489013820834f,0.6130170627845374f,-0.7763712112747456f,-0.7324379932140936f,0f,0f,0f,1f],start_interpolation:0}
execute if entity @s[tag=aj.mech_legs.bone.bone3] run data modify entity @s {} merge value {transformation:[-0.9891771756974271f,-0.1467258711840699f,-0.00018386010190847395f,-0.7431393932690473f,0.008407855877592706f,-0.05793391340273193f,0.9982850142305987f,-0.830935668854612f,-0.14648489013820834f,0.987479205048451f,0.05854055481524359f,-0.18204419143873582f,0f,0f,0f,1f],start_interpolation:0}
execute if entity @s[tag=aj.mech_legs.bone.leg2] run data modify entity @s {} merge value {transformation:[-0.9891771756974271f,-0.005638279984581553f,0.1466176144877443f,-0.7619033558998854f,0.008407855877592706f,0.9954412690003175f,0.09500519949233979f,-0.140076875f,-0.14648489013820834f,0.09520971468213273f,-0.984620377196889f,-0.08513471007742981f,0f,0f,0f,1f],start_interpolation:0}
execute if entity @s[tag=aj.mech_legs.bone.hips] run data modify entity @s {} merge value {transformation:[-0.989776230907789f,0f,0.14262893370551175f,0.057f,0f,1f,0f,0.25662937500000005f,-0.14262893370551175f,0f,-0.989776230907789f,6.938893903907228e-18f,0f,0f,0f,1f],start_interpolation:0}