execute if entity @s[tag=aj.mech_legs.bone.foot] run data modify entity @s {} merge value {transformation:[-0.9909174621189806f,0.0042810422189878405f,-0.13440333308812674f,0.5332319846744366f,0.005575463745692733f,0.9999416189847421f,-0.009255961656886691f,-1.8215184810340288f,0.13435586132245653f,-0.0099212549454461f,-0.990883480147191f,-1.199296513795598f,0f,0f,0f,1f],start_interpolation:0}
execute if entity @s[tag=aj.mech_legs.bone.leg_low] run data modify entity @s {} merge value {transformation:[-0.9894438746739973f,0.09330914225162093f,-0.11087931656704074f,0.6420011721597569f,0.014761498966212682f,0.8260400420259816f,0.5634180926434518f,-0.7632788822575469f,0.14416281427045521f,0.5558338357296913f,-0.8186976426249444f,-0.7728312780938744f,0f,0f,0f,1f],start_interpolation:0}
execute if entity @s[tag=aj.mech_legs.bone.bone4] run data modify entity @s {} merge value {transformation:[-0.9894438746739973f,0.14429646066155363f,-0.013392173485135654f,0.7244875128809178f,0.014761498966212682f,0.19228776807971282f,0.9812275538299936f,-0.8268849080877022f,0.14416281427045521f,0.970671904243381f,-0.19238798635608972f,-0.20018343354995433f,0f,0f,0f,1f],start_interpolation:0}
execute if entity @s[tag=aj.mech_legs.bone.leg] run data modify entity @s {} merge value {transformation:[-0.9894438746739973f,0.03307006394485515f,-0.14109284085590756f,0.7621955424566211f,0.014761498966212682f,0.9915495075396058f,0.12888627640767583f,-0.140076875f,0.14416281427045521f,0.12544299489668007f,-0.981570750385816f,-0.08227568524943854f,0f,0f,0f,1f],start_interpolation:0}
execute if entity @s[tag=aj.mech_legs.bone.foot2] run data modify entity @s {} merge value {transformation:[-0.9933669994412624f,0.032178293564393556f,-0.11039276173892308f,-0.8111822974887716f,0.031298513652827896f,0.9994630742309738f,0.009693621196155022f,-1.962337342631206f,0.11064541320898341f,0.006174194040885483f,-0.9938407678616122f,0.9094174780657296f,0f,0f,0f,1f],start_interpolation:0}
execute if entity @s[tag=aj.mech_legs.bone.leg_low2] run data modify entity @s {} merge value {transformation:[-0.993568772074467f,-0.015368522763367577f,-0.11218245703543732f,-0.8851044359228835f,0.03666064712992134f,0.8937180167245766f,-0.44712873261948266f,-1.0641420349561417f,0.10713119111841929f,-0.44836582729949603f,-0.8874068924679296f,0.20135315291809314f,0f,0f,0f,1f],start_interpolation:0}
execute if entity @s[tag=aj.mech_legs.bone.bone3] run data modify entity @s {} merge value {transformation:[-0.993568772074467f,0.10456515315700861f,-0.0434421903647505f,-0.8283615010618844f,0.03666064712992134f,0.6600673373416052f,0.7503113401294019f,-0.6742172336189383f,0.10713119111841929f,0.7438932980744045f,-0.6596557200309371f,0.5941716414029183f,0f,0f,0f,1f],start_interpolation:0}
execute if entity @s[tag=aj.mech_legs.bone.leg2] run data modify entity @s {} merge value {transformation:[-0.993568772074467f,-0.045960715250863315f,-0.10348288656616102f,-0.8671395487771498f,0.03666064712992134f,0.7341129219408669f,-0.678037030545868f,-0.140076875f,0.10713119111841929f,-0.6774701694488637f,-0.7277067248531353f,0.14671242848245253f,0f,0f,0f,1f],start_interpolation:0}
execute if entity @s[tag=aj.mech_legs.bone.hips] run data modify entity @s {} merge value {transformation:[-0.9902680687415704f,0f,-0.1391731009600653f,-0.057f,0f,1f,0f,0.25662937500000005f,0.1391731009600653f,0f,-0.9902680687415704f,-6.938893903907228e-18f,0f,0f,0f,1f],start_interpolation:0}