execute if entity @s[tag=aj.mech_legs.bone.foot] run data modify entity @s {} merge value {transformation:[-0.9973895275395358f,0.023781797191051942f,-0.06818032323790264f,0.7990094307973984f,0.02359485921410844f,0.9997153140436008f,0.0035459110777259495f,-2.0779771676532386f,0.06824524139548202f,0.001927949446539623f,-0.9976667129045671f,0.5956159471557944f,0f,0f,0f,1f],start_interpolation:0}
execute if entity @s[tag=aj.mech_legs.bone.leg_low] run data modify entity @s {} merge value {transformation:[-0.9972977389869428f,-0.03387943913028747f,-0.06518744829910497f,0.7761352418200405f,-0.007322823586341729f,0.9287409400455902f,-0.37065704166784275f,-1.1234318242352361f,0.07309990469388217f,-0.3691780734109905f,-0.9264793327680302f,-0.03833542374310073f,0f,0f,0f,1f],start_interpolation:0}
execute if entity @s[tag=aj.mech_legs.bone.bone4] run data modify entity @s {} merge value {transformation:[-0.9972977389869428f,0.03942013475782951f,-0.06199413510329746f,0.801423951488832f,-0.007322823586341729f,0.7863082987154313f,0.6177909319712999f,-0.7203987147515368f,0.07309990469388217f,0.616575471736363f,-0.783894821762988f,0.34705103404724247f,0f,0f,0f,1f],start_interpolation:0}
execute if entity @s[tag=aj.mech_legs.bone.leg] run data modify entity @s {} merge value {transformation:[-0.9972977389869428f,-0.05109345424883217f,-0.052789002116480965f,0.7776734223948775f,-0.007322823586341729f,0.7841089443744184f,-0.6205800025836787f,-0.15357687500000006f,0.07309990469388217f,-0.618516468887416f,-0.782364225695927f,-0.05937032521678343f,0f,0f,0f,1f],start_interpolation:0}
execute if entity @s[tag=aj.mech_legs.bone.foot2] run data modify entity @s {} merge value {transformation:[-0.9923154243188145f,0.02233932362248677f,-0.12170067082420329f,-0.928380171366552f,-0.006543247229494258f,0.972716810556729f,0.231903411738677f,-1.7253468988255818f,0.12356085373072247f,0.23091764999764408f,-0.9650957228922428f,-0.9882313912328888f,0f,0f,0f,1f],start_interpolation:0}
execute if entity @s[tag=aj.mech_legs.bone.leg_low2] run data modify entity @s {} merge value {transformation:[-0.9927955681121376f,0.0657073505378873f,-0.10019732542432977f,-0.9085481854296148f,-0.01353704659476757f,0.7693659028385708f,0.638664901117074f,-0.7129360994455782f,0.11905338427104427f,0.635420059200748f,-0.7629335751288765f,-0.4513836963887252f,0f,0f,0f,1f],start_interpolation:0}
execute if entity @s[tag=aj.mech_legs.bone.bone3] run data modify entity @s {} merge value {transformation:[-0.9927955681121376f,0.11750669461999924f,0.023433665022357875f,-0.842486539974167f,-0.01353704659476757f,-0.30431865120187906f,0.9524740977581281f,-0.8501372219549814f,0.11905338427104427f,0.9452948403805826f,0.303716901807357f,0.08390903159464505f,0f,0f,0f,1f],start_interpolation:0}
execute if entity @s[tag=aj.mech_legs.bone.leg2] run data modify entity @s {} merge value {transformation:[-0.9927955681121376f,-0.012496018680295642f,-0.1191671492234313f,-0.8574201389762118f,-0.01353704659476757f,0.9998769212534436f,0.007930366588373523f,-0.15357687500000006f,0.11905338427104427f,0.009486404054045019f,-0.9928425352651519f,0.12403480371656345f,0f,0f,0f,1f],start_interpolation:0}
execute if entity @s[tag=aj.mech_legs.bone.hips] run data modify entity @s {} merge value {transformation:[-0.9937679191605964f,0f,-0.11146893220632534f,-0.043500000000000004f,0f,1f,0f,0.24312937499999998f,0.11146893220632534f,0f,-0.9937679191605964f,0f,0f,0f,0f,1f],start_interpolation:0}