# This file was generated by Animated Java via MC-Build. It is not recommended to edit this file directly.
$data merge entity $(bone_drillhead_left1) { transformation: [0.9076733711903685f,0.40457664251467085f,0.11156518974782244f,2.4007317064942155f,-0.3303660895493526f,0.8527461446453015f,-0.4045766425146703f,0.9258995059853836f,-0.25881904510252074f,0.3303660895493518f,0.9076733711903687f,0.7872451572074299f,0f,0f,0f,1f], start_interpolation: 0, interpolation_duration: 1 }
$data merge entity $(bone_drillhead_left2) { transformation: [-0.6633369712786847f,0.7481989898279272f,-0.013503116502885736f,2.028732549030563f,-0.7417371501102119f,-0.6550055939704968f,0.1442001110045953f,0.8592932365917738f,0.09904576054128765f,0.10566902804429495f,0.9894564133052917f,0.8748067136417734f,0f,0f,0f,1f], start_interpolation: 0, interpolation_duration: 1 }
$data merge entity $(bone_drillhead_left3) { transformation: [-0.03136615102835982f,-0.8278174832417221f,0.5601199684076681f,2.1583928123016958f,0.9945884082817695f,-0.08138250905994165f,-0.06458161759080103f,1.2158990252933002f,0.09904576054128751f,0.5550631510544088f,0.825890329075446f,0.8748403601176367f,0f,0f,0f,1f], start_interpolation: 0, interpolation_duration: 1 }
$data merge entity $(bone_drill_left) { transformation: [1.3876559664399293f,-0.37182129557980825f,0.5228822477253926f,2.0309258004120445f,-0.5050654671860353f,0.1353318840573457f,1.4366071686591924f,1.0604226906999557f,-0.395683958089228f,-1.4767126353289535f,-1.0869062973605724e-16f,0.3576308222053553f,0f,0f,0f,1f], start_interpolation: 0, interpolation_duration: 1 }
$data merge entity $(bone_left_hand) { transformation: [-0.3420201433256689f,-0.24321034680169396f,0.9076733711903686f,2.026325774371082f,-0.9396926207859083f,0.08852132690137689f,-0.33036608954935237f,1.1637146336383324f,1.3625763854487891e-17f,-0.9659258262890684f,-0.25881904510252074f,-0.09219881211909531f,0f,0f,0f,1f], start_interpolation: 0, interpolation_duration: 1 }
$data merge entity $(bone_left_arm_low) { transformation: [-0.3420201433256689f,-0.24321034680169396f,0.9076733711903686f,1.7901039614612326f,-0.9396926207859083f,0.08852132690137689f,-0.33036608954935237f,1.1831812314421728f,1.3625763854487891e-17f,-0.9659258262890684f,-0.25881904510252074f,-1.0662127335676175f,0f,0f,0f,1f], start_interpolation: 0, interpolation_duration: 1 }
$data merge entity $(bone_left_arm) { transformation: [-0.37851169750101504f,-0.7667332930333016f,-0.70258161856345f,1f,-1.0399523418834768f,0.2790680962850278f,0.25571879629966665f,1.4375f,1.5079553374139265e-17f,0.7476717418253732f,-0.8159405278633f,-0.3061737499999999f,0f,0f,0f,1f], start_interpolation: 0, interpolation_duration: 1 }