# This file was generated by Animated Java via MC-Build. It is not recommended to edit this file directly.
$data merge entity $(bone_drillhead_left1) { transformation: [0.936338189881597f,0.20734649502652985f,0.2833341228469801f,2.348462947297244f,-0.31361304354631614f,0.8567485383711411f,0.4094249637192753f,0.9432828673939461f,-0.15785326441626368f,-0.4722175060278121f,0.8672329409760694f,1.0327471213916772f,0f,0f,0f,1f], start_interpolation: 0, interpolation_duration: 1 }
$data merge entity $(bone_drillhead_left2) { transformation: [-0.655102993653698f,0.5718550419176656f,0.4937832305164968f,1.9707117052982246f,-0.7546023562897103f,-0.527763956449865f,-0.38992369786203307f,0.8696827832916363f,0.037621158780397984f,-0.6280501710100317f,0.7772629099000482f,1.0814689976870095f,0f,0f,0f,1f], start_interpolation: 0, interpolation_duration: 1 }
$data merge entity $(bone_drillhead_left3) { transformation: [-0.06153923106311121f,-0.9264792194562586f,-0.3712804586237778f,2.092481167318947f,0.9946313881672434f,-0.0259183914210393f,-0.10018302580102063f,1.2289371524613935f,0.08319449929330172f,-0.3754523843337096f,0.9231003100343264f,1.0908482242375326f,0f,0f,0f,1f], start_interpolation: 0, interpolation_duration: 1 }
$data merge entity $(bone_drill_left) { transformation: [1.4314788965228473f,-0.21663371595369144f,0.4911048808056858f,2.0234125304962602f,-0.4794533197109273f,0.1128286675219945f,1.4472871892035537f,1.0656930706238632f,-0.24132692567809952f,-1.509167163347602f,0.03770663131931148f,0.5650085823327298f,0f,0f,0f,1f], start_interpolation: 0, interpolation_duration: 1 }
$data merge entity $(bone_left_hand) { transformation: [-0.32123439350212846f,-0.14170130063120073f,0.9363381898815971f,2.064214732632859f,-0.9466784807442328f,0.07380184966115613f,-0.3136130435463159f,1.1644142215874116f,-0.024664114156218286f,-0.9871545108978728f,-0.15785326441626368f,0.11598029782799191f,0f,0f,0f,1f], start_interpolation: 0, interpolation_duration: 1 }
$data merge entity $(bone_left_arm_low) { transformation: [-0.32123439350212846f,-0.14170130063120073f,0.9363381898815971f,1.931696850841575f,-0.9466784807442328f,0.07380184966115613f,-0.3136130435463159f,1.1692482585912307f,-0.024664114156218286f,-0.9871545108978728f,-0.15785326441626368f,-0.8776486347176528f,0f,0f,0f,1f], start_interpolation: 0, interpolation_duration: 1 }
$data merge entity $(bone_left_arm) { transformation: [-0.35550822942151017f,-0.9066611891188021f,-0.5256913214932224f,1f,-1.0476835523485049f,0.2929891097121342f,0.20319580276801183f,1.4375f,-0.027295631262687536f,0.5629341420359922f,-0.9524348160258531f,-0.3061737499999999f,0f,0f,0f,1f], start_interpolation: 0, interpolation_duration: 1 }