# This file was generated by Animated Java via MC-Build. It is not recommended to edit this file directly.
$data merge entity $(bone_drillhead_left1) { transformation: [0.9371905483515806f,0.12491444846242553f,0.3256842898357115f,2.309948074285225f,-0.3327392015674928f,0.6003497966165426f,0.7272308749239839f,0.8958491888747447f,-0.10468285351809593f,-0.7899218330112188f,0.6042060889394488f,1.2273058708962785f,0f,0f,0f,1f], start_interpolation: 0, interpolation_duration: 1 }
$data merge entity $(bone_drillhead_left2) { transformation: [-0.6713185585302435f,0.3531436970390653f,0.6516294362706899f,1.9286438312062026f,-0.7411676327049309f,-0.3215109454346058f,-0.5893227063301689f,0.8299761957473587f,0.0013903968659054466f,-0.8785899164043068f,0.4775749423799667f,1.2547761717278956f,0f,0f,0f,1f], start_interpolation: 0, interpolation_duration: 1 }
$data merge entity $(bone_drillhead_left3) { transformation: [-0.045976033116363224f,-0.6401199550090012f,-0.7668980685711481f,2.056939104880237f,0.995835192181466f,0.031136395183368193f,-0.08569010974370245f,1.186721372899757f,0.07873039052224826f,-0.7676437768224657f,0.6360224504795056f,1.270671921803658f,0f,0f,0f,1f], start_interpolation: 0, interpolation_duration: 1 }
$data merge entity $(bone_drill_left) { transformation: [1.4327819867687f,-0.12915487055069624f,0.5173981057498279f,2.0142401263801086f,-0.5086934936937249f,0.11413338046091817f,1.4371675278016742f,1.023844190760769f,-0.1600397134905883f,-1.5190584560532676f,0.06398983691379592f,0.7419241023097123f,0f,0f,0f,1f], start_interpolation: 0, interpolation_duration: 1 }
$data merge entity $(bone_left_hand) { transformation: [-0.3384329360095658f,-0.08448090852026105f,0.9371905483515807f,2.082200789031598f,-0.9400591547714455f,0.07465526954356891f,-0.3327392015674926f,1.120818606089464f,-0.041856102952144356f,-0.9936244596551398f,-0.10468285351809592f,0.29581380570621596f,0f,0f,0f,1f], start_interpolation: 0, interpolation_duration: 1 }
$data merge entity $(bone_left_arm_low) { transformation: [-0.3384329360095658f,-0.08448090852026105f,0.9371905483515807f,2.005855026646726f,-0.9400591547714455f,0.07465526954356891f,-0.3327392015674926f,1.1263220784108334f,-0.041856102952144356f,-0.9936244596551398f,-0.10468285351809592f,-0.7036979995558733f,0f,0f,0f,1f], start_interpolation: 0, interpolation_duration: 1 }
$data merge entity $(bone_left_arm) { transformation: [-0.3745417560896598f,-0.979083964999533f,-0.3548028198310929f,1f,-1.040357982907156f,0.33501331340803253f,0.17376226798345185f,1.4375f,-0.046321904976537605f,0.39234251344226323f,-1.03377638384671f,-0.3061737499999999f,0f,0f,0f,1f], start_interpolation: 0, interpolation_duration: 1 }