# This file was generated by Animated Java via MC-Build. It is not recommended to edit this file directly.
$data merge entity $(bone_drillhead_left1) { transformation: [0.9294464001318802f,0.03879469383723444f,0.36691192541530226f,2.23361603488623f,-0.3653444135186911f,0.23559597080686973f,0.9005653768884591f,0.830334291772657f,-0.05150581319203451f,-0.9710764698362555f,0.2331472516196222f,1.458251810207114f,0f,0f,0f,1f], start_interpolation: 0, interpolation_duration: 1 }
$data merge entity $(bone_drillhead_left2) { transformation: [-0.6957400847305202f,0.09953096027202064f,0.7113644090383625f,1.8493051799049347f,-0.7173591652119836f,-0.04578013541751527f,-0.6951978188167167f,0.7778200989954797f,-0.036627347508865024f,-0.9939807679972906f,0.10325052186784062f,1.4641016599414014f,0f,0f,0f,1f], start_interpolation: 0, interpolation_duration: 1 }
$data merge entity $(bone_drillhead_left3) { transformation: [-0.01562739247316902f,-0.19869120647750035f,-0.9799375434551966f,1.988848778658616f,0.9969816735334706f,0.07144427106134943f,-0.03038517353765502f,1.1299157664977904f,0.0760481902670308f,-0.9774546130644778f,0.19697500388648748f,1.487246821682818f,0f,0f,0f,1f], start_interpolation: 0, interpolation_duration: 1 }
$data merge entity $(bone_drill_left) { transformation: [1.4209426910229526f,-0.03899718432083363f,0.5627140396976408f,1.97046698785492f,-0.5585405183362816f,0.1156315066037206f,1.418417373725566f,0.9676045619149684f,-0.07874236619780382f,-1.5239273527058113f,0.09322588412007854f,0.956922752381965f,0f,0f,0f,1f], start_interpolation: 0, interpolation_duration: 1 }
$data merge entity $(bone_left_hand) { transformation: [-0.36807433670960876f,-0.025508271945988523f,0.9294464001318803f,2.0668820056017756f,-0.9277945762504001f,0.07563520206242985f,-0.3653444135186909f,1.0612963971966565f,-0.060979561626190316f,-0.9968092316342708f,-0.0515058131920345f,0.5153765260517493f,0f,0f,0f,1f], start_interpolation: 0, interpolation_duration: 1 }
$data merge entity $(bone_left_arm_low) { transformation: [-0.36807433670960876f,-0.025508271945988523f,0.9294464001318803f,2.047414287615558f,-0.9277945762504001f,0.07563520206242985f,-0.3653444135186909f,1.0675274253209772f,-0.060979561626190316f,-0.9968092316342708f,-0.0515058131920345f,-0.4868534848464095f,0f,0f,0f,1f], start_interpolation: 0, interpolation_duration: 1 }
$data merge entity $(bone_left_arm) { transformation: [-0.4073457213362266f,-1.0190557585739581f,-0.14271230766949305f,1f,-1.0267848454012898f,0.3924742370157444f,0.128253004125389f,1.4375f,-0.06748572513759535f,0.17961434444440127f,-1.0899341001668352f,-0.3061737499999999f,0f,0f,0f,1f], start_interpolation: 0, interpolation_duration: 1 }