# This file was generated by Animated Java via MC-Build. It is not recommended to edit this file directly.
$data merge entity $(bone_drillhead_left1) { transformation: [0.8624052323292495f,-0.3808323415913022f,0.3335025379951684f,1.698194885301119f,-0.4973714807267392f,-0.7600868110693495f,0.41819809875000347f,0.7006022999211178f,0.09422751939228766f,-0.5265308796609296f,-0.8449179885365582f,2.1647324089108517f,0f,0f,0f,1f], start_interpolation: 0, interpolation_duration: 1 }
$data merge entity $(bone_drillhead_left2) { transformation: [-0.7791219512647196f,-0.4937965728241206f,0.38617862411662374f,1.3141619874062833f,-0.6093842289515892f,0.7411005377993076f,-0.28181705835285037f,0.7045582047073848f,-0.14703688844141355f,-0.45490101949845074f,-0.8783195408828938f,2.110052626603102f,0f,0f,0f,1f], start_interpolation: 0, interpolation_duration: 1 }
$data merge entity $(bone_drillhead_left3) { transformation: [0.11906556246998018f,0.9504203707754545f,-0.2872707967210635f,1.4984970195594853f,0.9900558797616203f,-0.09181685741256262f,0.10657870164495808f,1.0330756157636198f,0.0749182673528362f,-0.2971039944361714f,-0.9519015021035108f,2.1556199404700527f,0f,0f,0f,1f], start_interpolation: 0, interpolation_duration: 1 }
$data merge entity $(bone_drill_left) { transformation: [1.3184497905466317f,0.2160343391253536f,0.7431455551610024f,1.5392810699720771f,-0.7603842138305595f,0.08834909410426009f,1.3233504021828757f,0.8641576620985956f,0.14405554204599275f,-1.5108837162134512f,0.18364204016566268f,1.6286191605772165f,0f,0f,0f,1f], start_interpolation: 0, interpolation_duration: 1 }
$data merge entity $(bone_left_hand) { transformation: [-0.48609557963322814f,0.14130924496355096f,0.8624052323292496f,1.7159227598551752f,-0.8656107492529984f,0.05778962655489027f,-0.49737148072673903f,0.9336599117424388f,-0.12012126472318946f,-0.9882773175331292f,0.09422751939228768f,1.207900446563067f,0f,0f,0f,1f], start_interpolation: 0, interpolation_duration: 1 }
$data merge entity $(bone_left_arm_low) { transformation: [-0.48609557963322814f,0.14130924496355096f,0.8624052323292496f,1.8538011946019384f,-0.8656107492529984f,0.05778962655489027f,-0.49737148072673903f,0.921806007696306f,-0.12012126472318946f,-0.9882773175331292f,0.09422751939228768f,0.21506015996574723f,0f,0f,0f,1f], start_interpolation: 0, interpolation_duration: 1 }
$data merge entity $(bone_left_arm) { transformation: [-0.5379591424225457f,-0.8249649585407042f,0.504781890322901f,1f,-0.9579663668022561f,0.5339128729156564f,-0.14835586521827596f,1.4375f,-0.13293750296177623f,-0.5090597605870182f,-0.9736312233034657f,-0.3061737499999999f,0f,0f,0f,1f], start_interpolation: 0, interpolation_duration: 1 }