# This file was generated by Animated Java via MC-Build. It is not recommended to edit this file directly.
$data merge entity $(bone_drillhead_left1) { transformation: [0.8328132251423898f,-0.5212095373326959f,0.1864477144439389f,1.4647815635692867f,-0.5371221133134365f,-0.8423314764811753f,0.044469305354946836f,0.7180549481490524f,0.13387295252454537f,-0.1371798160170837f,-0.9814579617384946f,2.3333827793576214f,0f,0f,0f,1f], start_interpolation: 0, interpolation_duration: 1 }
$data merge entity $(bone_drillhead_left2) { transformation: [-0.8002386472078855f,-0.5699608383858717f,0.18644771444393884f,1.0840946397141145f,-0.5726650767889936f,0.8185824275584622f,0.044469305354946094f,0.7398778500852541f,-0.17796858526478915f,-0.07118603794965367f,-0.9814579617384948f,2.2620524113635088f,0f,0f,0f,1f], start_interpolation: 0, interpolation_duration: 1 }
$data merge entity $(bone_drillhead_left3) { transformation: [0.16283100017482505f,0.9688773478416647f,0.1864477144439383f,1.2817573783999725f,0.9837605446329469f,-0.1738898263405222f,0.044469305354946455f,1.05956719596773f,0.0755066633189056f,0.17617892363891172f,-0.9814579617384948f,2.314087374643053f,0f,0f,0f,1f], start_interpolation: 0, interpolation_duration: 1 }
$data merge entity $(bone_drill_left) { transformation: [1.2732093696693216f,0.28504227576701346f,0.7968279638925526f,1.3371515902272768f,-0.8211551962450289f,0.06798491490204643f,1.2877609238732515f,0.8854171297316799f,0.20466569496468448f,-1.5004582481364364f,0.20972124578425394f,1.790131583023087f,0f,0f,0f,1f], start_interpolation: 0, interpolation_duration: 1 }
$data merge entity $(bone_left_hand) { transformation: [-0.5212095373326956f,0.18644771444393876f,0.8328132251423899f,1.5349103975903013f,-0.8423314764811752f,0.04446930535494664f,-0.5371221133134363f,0.9436665336639593f,-0.13717981601708343f,-0.9814579617384944f,0.1338729525245454f,1.377172085391758f,0f,0f,0f,1f], start_interpolation: 0, interpolation_duration: 1 }
$data merge entity $(bone_left_arm_low) { transformation: [-0.5212095373326956f,0.18644771444393876f,0.8328132251423899f,1.7148079292366463f,-0.8423314764811752f,0.04446930535494664f,-0.5371221133134363f,0.9187050556977876f,-0.13717981601708343f,-0.9814579617384944f,0.1338729525245454f,0.39132391491858776f,0f,0f,0f,1f], start_interpolation: 0, interpolation_duration: 1 }
$data merge entity $(bone_left_arm) { transformation: [-0.5768195545771265f,-0.6871539151046583f,0.6479742872582319f,1f,-0.9322033314214372f,0.5362477268109659f,-0.26116527891523755f,1.4375f,-0.1518161021705128f,-0.6819309722988389f,-0.85830880146678f,-0.3061737499999999f,0f,0f,0f,1f], start_interpolation: 0, interpolation_duration: 1 }