# This file was generated by Animated Java via MC-Build. It is not recommended to edit this file directly.
$data merge entity $(bone_drillhead_left1) { transformation: [0.8058675937850603f,-0.5913730521327827f,-0.029246102274223862f,1.253095812988004f,-0.5680133401920531f,-0.7582028084814316f,-0.32013957358429895f,0.7596219036981025f,0.1671474398575826f,0.2746022840801346f,-0.9469188555135172f,2.4502758839894256f,0f,0f,0f,1f], start_interpolation: 0, interpolation_duration: 1 }
$data merge entity $(bone_drillhead_left2) { transformation: [-0.8149792890985768f,-0.5790140811224851f,-0.023483019445206463f,0.8763776638696625f,-0.5424864575958451f,0.7480629670481282f,0.3822436927619113f,0.7956673224332484f,-0.20375770332797363f,0.3242599130220019f,-0.9237631228521056f,2.3650059692805128f,0f,0f,0f,1f], start_interpolation: 0, interpolation_duration: 1 }
$data merge entity $(bone_drillhead_left3) { transformation: [0.1981949354556507f,0.7705227602749127f,0.6058163446607066f,1.0843331224507056f,0.977225046903554f,-0.20315400073432754f,-0.06131606388202346f,1.1078212629097357f,0.0758285913364993f,0.6041714391494908f,-0.7932382346130048f,2.422398636324416f,0f,0f,0f,1f], start_interpolation: 0, interpolation_duration: 1 }
$data merge entity $(bone_drill_left) { transformation: [1.2320147424947332f,0.3415643013739728f,0.8382836657909343f,1.1518176451079543f,-0.8683818712245368f,0.04630042927695966f,1.257384268235722f,0.9279619192418425f,0.25553591143623816f,-1.4894415397406573f,0.2313250952464341f,1.9018000466767186f,0f,0f,0f,1f], start_interpolation: 0, interpolation_duration: 1 }
$data merge entity $(bone_left_hand) { transformation: [-0.5483259390973948f,0.22341908110104886f,0.8058675937850605f,1.3665042000620928f,-0.8224619395823844f,0.030285364489295752f,-0.5680133401920529f,0.9755921048200767f,-0.15131101232673816f,-0.9742518724117053f,0.16714743985758262f,1.495994509287518f,0f,0f,0f,1f], start_interpolation: 0, interpolation_duration: 1 }
$data merge entity $(bone_left_arm_low) { transformation: [-0.5483259390973948f,0.22341908110104886f,0.8058675937850605f,1.5808362722753377f,-0.8224619395823844f,0.030285364489295752f,-0.5680133401920529f,0.9367231812044718f,-0.15131101232673816f,-0.9742518724117053f,0.16714743985758262f,0.517509056100941f,0f,0f,0f,1f], start_interpolation: 0, interpolation_duration: 1 }
$data merge entity $(bone_left_arm) { transformation: [-0.6068291182311089f,-0.5545286261073831f,0.7409645083459405f,1f,-0.9102138308411774f,0.5179119701126118f,-0.3578406794839424f,1.4375f,-0.16745501469442922f,-0.8056284333211926f,-0.7400632567640127f,-0.3061737499999999f,0f,0f,0f,1f], start_interpolation: 0, interpolation_duration: 1 }