# This file was generated by Animated Java via MC-Build. It is not recommended to edit this file directly.
$data merge entity $(bone_drillhead_left1) { transformation: [0.30120815209689805f,-0.731043811919853f,0.6122488008678029f,2.009396465219107f,-0.6937384372805996f,0.27250899406283907f,0.666682704736167f,-0.8693467611025424f,-0.6542175706520298f,-0.6255507918694934f,-0.42507126113347904f,0.9164324920217332f,0f,0f,0f,1f], start_interpolation: 0, interpolation_duration: 1 }
$data merge entity $(bone_drillhead_left2) { transformation: [-0.9618844932895741f,-0.17812951547300498f,-0.20748035397697615f,1.733547908134056f,-0.10436517012535135f,0.9404349769789722f,-0.32355828739079884f,-0.7106357862032463f,0.2527570628761249f,-0.28957197687606584f,-0.9231803384898976f,1.1382549310174683f,0f,0f,0f,1f], start_interpolation: 0, interpolation_duration: 1 }
$data merge entity $(bone_drillhead_left3) { transformation: [0.7313497542880004f,0.1330949391648291f,-0.6688895828696927f,2.081222583346584f,0.6353295828096177f,0.2236271306411991f,0.7391530475132612f,-0.5586457094365924f,0.2479593880252134f,-0.9655447393103516f,0.07899049487290921f,1.137354753594818f,0f,0f,0f,1f], start_interpolation: 0, interpolation_duration: 1 }
$data merge entity $(bone_drill_left) { transformation: [0.46048865446989495f,-0.4031423233111748f,1.4009541278318554f,1.7920477605773772f,-1.0605910806644492f,0.915333155179327f,0.6120112553489635f,-0.37338471566460163f,-1.000171365691331f,-1.1562385066300407f,-0.003969517150976303f,0.7014846790208622f,0f,0f,0f,1f], start_interpolation: 0, interpolation_duration: 1 }
$data merge entity $(bone_left_hand) { transformation: [-0.9163717714229634f,-0.26369760266166953f,0.3012081520968983f,1.7858001157439531f,-0.4003199155870101f,0.5987244322924202f,-0.6937384372805995f,-0.12306543461192399f,0.002596482919082681f,-0.756301942696571f,-0.6542175706520298f,0.3137498339278046f,0f,0f,0f,1f], start_interpolation: 0, interpolation_duration: 1 }
$data merge entity $(bone_left_arm_low) { transformation: [-0.9163717714229634f,-0.26369760266166953f,0.3012081520968983f,1.4742420321213765f,-0.4003199155870101f,0.5987244322924202f,-0.6937384372805995f,0.4289596767912893f,0.002596482919082681f,-0.756301942696571f,-0.6542175706520298f,-0.4628341276691997f,0f,0f,0f,1f], start_interpolation: 0, interpolation_duration: 1 }
$data merge entity $(bone_left_arm) { transformation: [-1.0141432939317938f,-0.4383545889791155f,-0.06426983917943117f,1f,-0.4430317153806365f,1.004435941021191f,0.140011849804912f,1.4375f,0.002873512500398442f,0.15403140342103366f,-1.095918814611778f,-0.3061737499999999f,0f,0f,0f,1f], start_interpolation: 0, interpolation_duration: 1 }