# This file was generated by Animated Java via MC-Build. It is not recommended to edit this file directly.
$data merge entity $(bone_drillhead_left1) { transformation: [0.7863045814526062f,-0.5552190430450358f,-0.27102937004464356f,1.0932702772556635f,-0.5868973373597053f,-0.5341395125368615f,-0.608478838208012f,0.8065920295208718f,0.19307154266418894f,0.6375161138253984f,-0.745852923857131f,2.5184654592450153f,0f,0f,0f,1f], start_interpolation: 0, interpolation_duration: 1 }
$data merge entity $(bone_drillhead_left2) { transformation: [-0.8224435522811366f,-0.5204533660881374f,-0.22959724963229008f,0.7200987504576801f,-0.5232477250477228f,0.5338196387647844f,0.664265317099589f,0.8514941473389572f,-0.2231555993999878f,0.6664569655998515f,-0.7113625597821901f,2.422477929616845f,0f,0f,0f,1f], start_interpolation: 0, interpolation_duration: 1 }
$data merge entity $(bone_drillhead_left3) { transformation: [0.2206320800517796f,0.41345366365757f,0.8833898082161452f,0.934197150762862f,0.9724395000612107f,-0.16324809049440658f,-0.16646765352654047f,1.158717040907795f,0.07538503812247849f,0.8957712481197765f,-0.43807643975590554f,2.4837595923963027f,0f,0f,0f,1f], start_interpolation: 0, interpolation_duration: 1 }
$data merge entity $(bone_drill_left) { transformation: [1.2021067032745605f,0.3838954872193874f,0.8630235980923678f,1.0115620864835404f,-0.8972518283827615f,0.027597915077450547f,1.2375069751627703f,0.9736885781045715f,0.2951688202292015f,-1.479563655949046f,0.24700760633740437f,1.9663568764006238f,0f,0f,0f,1f], start_interpolation: 0, interpolation_duration: 1 }
$data merge entity $(bone_left_hand) { transformation: [-0.5645084643761025f,0.25110814171264156f,0.7863045814526063f,1.2385806480612436f,-0.809460093267442f,0.018051947472572216f,-0.5868973373597051f,1.0131609251520657f,-0.16156902876231805f,-0.9677906944985941f,0.19307154266418897f,1.566429892877651f,0f,0f,0f,1f], start_interpolation: 0, interpolation_duration: 1 }
$data merge entity $(bone_left_arm_low) { transformation: [-0.5645084643761025f,0.25110814171264156f,0.7863045814526063f,1.4789790289207727f,-0.809460093267442f,0.018051947472572216f,-0.5868973373597051f,0.962281075002932f,-0.16156902876231805f,-0.9677906944985941f,0.19307154266418897f,0.5945746197896679f,0f,0f,0f,1f], start_interpolation: 0, interpolation_duration: 1 }
$data merge entity $(bone_left_arm) { transformation: [-0.6247382245589904f,-0.45383131355094697f,0.7927870257197265f,1f,-0.895824763368534f,0.492370254257001f,-0.42407723894667343f,1.4375f,-0.17880750164525627f,-0.8811246507149517f,-0.6453055135297261f,-0.3061737499999999f,0f,0f,0f,1f], start_interpolation: 0, interpolation_duration: 1 }