# This file was generated by Animated Java via MC-Build. It is not recommended to edit this file directly.
$data merge entity $(bone_drillhead_left1) { transformation: [0.3867298507446386f,-0.8955162483548884f,0.2202059751128826f,2.204835105992388f,-0.6855085253103951f,-0.11943310560187276f,0.7182017787593258f,-0.6695614574246898f,-0.6168614789965386f,-0.4287031399682977f,-0.6600723699046379f,0.8671823575386252f,0f,0f,0f,1f], start_interpolation: 0, interpolation_duration: 1 }
$data merge entity $(bone_drillhead_left2) { transformation: [-0.9508221903448582f,-0.19051506513755445f,-0.24421542191974782f,1.90905066026629f,-0.19483216067448256f,0.9808144632510496f,-0.006589221840892223f,-0.5315750529385554f,0.24078536399606926f,0.04131583997922982f,-0.9696986180520686f,1.0768442479357603f,0f,0f,0f,1f], start_interpolation: 0, interpolation_duration: 1 }
$data merge entity $(bone_drillhead_left3) { transformation: [0.6548319769828637f,0.4062250967984763f,-0.6373195843937197f,2.2387292251042705f,0.7194976714371089f,-0.07695355650382554f,0.6902182632602467f,-0.3437238889392245f,0.2313399721563334f,-0.9105269468129328f,-0.3426696607670803f,1.074984783085743f,0f,0f,0f,1f], start_interpolation: 0, interpolation_duration: 1 }
$data merge entity $(bone_drill_left) { transformation: [0.591234690605095f,-0.47201382213485626f,1.3284918119311395f,1.9412093576178686f,-1.0480091466657109f,0.8164731449952749f,0.7565014435120889f,-0.20923959636066475f,-0.9430611704229195f,-1.2032541532213838f,-0.00781496163676009f,0.6262952029230077f,0f,0f,0f,1f], start_interpolation: 0, interpolation_duration: 1 }
$data merge entity $(bone_left_hand) { transformation: [-0.8689737735412519f,-0.3087468274177183f,0.3867298507446388f,1.9170808000044648f,-0.49483173938612035f,0.5340595579360736f,-0.685508525310395f,0.021986889121818287f,0.0051118092280175486f,-0.787055134750177f,-0.6168614789965386f,0.22756069131039713f,0f,0f,0f,1f], start_interpolation: 0, interpolation_duration: 1 }
$data merge entity $(bone_left_arm_low) { transformation: [-0.8689737735412519f,-0.3087468274177183f,0.3867298507446388f,1.5661084195761883f,-0.49483173938612035f,0.5340595579360736f,-0.685508525310395f,0.5036973219303096f,0.0051118092280175486f,-0.787055134750177f,-0.6168614789965386f,-0.5784518765816706f,0f,0f,0f,1f], start_interpolation: 0, interpolation_duration: 1 }
$data merge entity $(bone_left_arm) { transformation: [-0.9616882061644246f,-0.5301832259584136f,-0.13723527086944104f,1f,-0.5476273994601397f,0.9338198514405042f,0.22990583931294006f,1.4375f,0.005657209453759858f,0.26769051253638515f,-1.0738164480083325f,-0.3061737499999999f,0f,0f,0f,1f], start_interpolation: 0, interpolation_duration: 1 }