# This file was generated by Animated Java via MC-Build. It is not recommended to edit this file directly.
$data merge entity $(bone_drillhead_left1) { transformation: [0.48255524396184296f,-0.845147701848514f,-0.2299256370766463f,2.3753427838963264f,-0.6621729816457766f,-0.5238539805206155f,0.535820818437515f,-0.41643526007438725f,-0.5732951935113952f,-0.10631260110110181f,-0.8124224590346146f,0.8136918421938844f,0f,0f,0f,1f], start_interpolation: 0, interpolation_duration: 1 }
$data merge entity $(bone_drillhead_left2) { transformation: [-0.9283180763687572f,-0.18450895329624212f,-0.3227723582349262f,2.0592975671051295f,-0.2947607020197911f,0.8943608755965144f,0.3365037187714811f,-0.30504011466687614f,0.22658701999852124f,0.40752309180678487f,-0.8846373562157709f,1.009122998779653f,0f,0f,0f,1f], start_interpolation: 0, interpolation_duration: 1 }
$data merge entity $(bone_drillhead_left3) { transformation: [0.5589862822385746f,0.6984594372189967f,-0.4468654728537652f,2.364659969707052f,0.8015659608910537f,-0.3172678843484926f,0.5067870360435762f,-0.07981805590875635f,0.21219412482417674f,-0.6414791533017686f,-0.7372097050835319f,1.0062418766027819f,0f,0f,0f,1f], start_interpolation: 0, interpolation_duration: 1 }
$data merge entity $(bone_drill_left) { transformation: [0.7377330708097704f,-0.5279115584336178f,1.2305711294903336f,2.067056255346143f,-1.0123336411103807f,0.6997340315144878f,0.9070826237151836f,-0.001860125692395187f,-0.8764567971891859f,-1.2525684307222544f,-0.011908444407379806f,0.5444182888974058f,0f,0f,0f,1f], start_interpolation: 0, interpolation_duration: 1 }
$data merge entity $(bone_left_hand) { transformation: [-0.8049233186087287f,-0.3453098430175965f,0.4825552439618431f,2.028035991886466f,-0.5933277144536436f,0.4576998641463176f,-0.6621729816457765f,0.2066326967545073f,0.007789378738168136f,-0.8193118738768561f,-0.5732951935113952f,0.1344850654820633f,0f,0f,0f,1f], start_interpolation: 0, interpolation_duration: 1 }
$data merge entity $(bone_left_arm_low) { transformation: [-0.8049233186087287f,-0.3453098430175965f,0.4825552439618431f,1.6474982928296316f,-0.5933277144536436f,0.4576998641463176f,-0.6621729816457765f,0.6065566730710417f,0.007789378738168136f,-0.8193118738768561f,-0.5732951935113952f,-0.7022554470208884f,0f,0f,0f,1f], start_interpolation: 0, interpolation_duration: 1 }
$data merge entity $(bone_left_arm) { transformation: [-0.8908039413182549f,-0.6122177426088738f,-0.23754947337509663f,1f,-0.6566323205075132f,0.8356621268966496f,0.30866613657723185f,1.4375f,0.008620460011488038f,0.3893972571031933f,-1.035889686387372f,-0.3061737499999999f,0f,0f,0f,1f], start_interpolation: 0, interpolation_duration: 1 }