# This file was generated by Animated Java via MC-Build. It is not recommended to edit this file directly.
$data merge entity $(bone_drillhead_left1) { transformation: [0.5814103412723199f,-0.5633137819795098f,-0.5870601315824004f,2.4949900956516924f,-0.6219040018633801f,-0.7729313810195821f,0.12574773437908957f,-0.12833969221529437f,-0.5245926300739624f,0.29198401200596985f,-0.7997173933365338f,0.764648144038196f,0f,0f,0f,1f], start_interpolation: 0, interpolation_duration: 1 }
$data merge entity $(bone_drillhead_left2) { transformation: [-0.8933886374073479f,-0.12284746231079352f,-0.4321634454176335f,2.1604502490707964f,-0.3971208585535412f,0.6657780916563709f,0.6316918207259764f,-0.04843277590749731f,0.21012321683512347f,0.7359674134594537f,-0.643583871824536f,0.9440492873378297f,0f,0f,0f,1f], start_interpolation: 0, interpolation_duration: 1 }
$data merge entity $(bone_drillhead_left3) { transformation: [0.448396427386049f,0.890618119631246f,-0.07576284638218699f,2.435916710563127f,0.8731055746228678f,-0.4182726319363576f,0.2504688821700288f,0.21249520576753023f,0.19138259970514365f,-0.17845831546200175f,-0.9651555989438f,0.9402690081215157f,0f,0f,0f,1f], start_interpolation: 0, interpolation_duration: 1 }
$data merge entity $(bone_drill_left) { transformation: [0.888863279043138f,-0.5609712372960397f,1.1101708625813287f,2.148949680250216f,-0.9507702066954123f,0.5733722911280513f,1.0509644293962912f,0.23268240963801676f,-0.8020000544004866f,-1.3014612897518159f,-0.015505677943806537f,0.4657494235316129f,0f,0f,0f,1f], start_interpolation: 0, interpolation_duration: 1 }
$data merge entity $(bone_left_hand) { transformation: [-0.7261688443005986f,-0.36693436010918523f,0.58141034127232f,2.100514440908866f,-0.6874415919376865f,0.3750459573712164f,-0.62190400186338f,0.41654660828206064f,0.01014234890507792f,-0.8512929608723254f,-0.5245926300739624f,0.04517235606482739f,0f,0f,0f,1f], start_interpolation: 0, interpolation_duration: 1 }
$data merge entity $(bone_left_arm_low) { transformation: [-0.7261688443005986f,-0.36693436010918523f,0.58141034127232f,1.7063636011956533f,-0.6874415919376865f,0.3750459573712164f,-0.62190400186338f,0.729192966098941f,0.01014234890507792f,-0.8512929608723254f,-0.5245926300739624f,-0.821880227690742f,0f,0f,0f,1f], start_interpolation: 0, interpolation_duration: 1 }
$data merge entity $(bone_left_arm) { transformation: [-0.8036468240025474f,-0.6725462344344976f,-0.35581641804816183f,1f,-0.7607875997214848f,0.7179145556609487f,0.361348719956488f,1.4375f,0.011224478369547788f,0.5070031872208973f,-0.9836634372422365f,-0.3061737499999999f,0f,0f,0f,1f], start_interpolation: 0, interpolation_duration: 1 }