# This file was generated by Animated Java via MC-Build. It is not recommended to edit this file directly.
$data merge entity $(bone_drillhead_left1) { transformation: [0.7585674873725342f,0.22501355357463104f,-0.6115098264206689f,2.5495572667694444f,-0.5003614178192595f,-0.4000043154582905f,-0.7678769427275729f,0.43997371805044283f,-0.4173892891045725f,0.8884624068144135f,-0.19084216782021365f,0.7076587492699488f,0f,0f,0f,1f], start_interpolation: 0, interpolation_duration: 1 }
$data merge entity $(bone_drillhead_left2) { transformation: [-0.7947266309019286f,0.237071935214899f,-0.5587544001336655f,2.18928339258057f,-0.5824559344884723f,-0.03890547277644628f,0.8119306919726594f,0.45023876361875637f,0.17074737630321055f,0.9707127596367031f,0.1690031708698564f,0.8511305543670675f,0f,0f,0f,1f], start_interpolation: 0, interpolation_duration: 1 }
$data merge entity $(bone_drillhead_left3) { transformation: [0.21414421140536233f,0.5493942701776718f,0.8076559865546216f,2.3963612798426244f,0.9654159840767462f,-0.24491752699707245f,-0.08937215818567829f,0.7681667864086885f,0.1487085552707145f,0.7988625293913725f,-0.5828416806678425f,0.8466590366123625f,0f,0f,0f,1f], start_interpolation: 0, interpolation_duration: 1 }
$data merge entity $(bone_drill_left) { transformation: [1.1597020836023535f,-0.5436675411145431f,0.8347231181991825f,2.161739451920268f,-0.764955245853097f,0.33457234641596295f,1.280683731014369f,0.6875727381507324f,-0.6381070060417198f,-1.3891482828631088f,-0.018234557529293264f,0.35028857708252703f,0f,0f,0f,1f], start_interpolation: 0, interpolation_duration: 1 }
$data merge entity $(bone_left_hand) { transformation: [-0.5459969654079144f,-0.35561591762274725f,0.7585674873725343f,2.1149741545084133f,-0.8377022458533081f,0.21884560505119632f,-0.5003614178192592f,0.8258083950283237f,0.011927323994606763f,-0.9086495035397901f,-0.4173892891045725f,-0.08759382237837032f,0f,0f,0f,1f], start_interpolation: 0, interpolation_duration: 1 }
$data merge entity $(bone_left_arm_low) { transformation: [-0.5459969654079144f,-0.35561591762274725f,0.7585674873725343f,1.7489386605280632f,-0.8377022458533081f,0.21884560505119632f,-0.5003614178192592f,0.9766613154068364f,0.011927323994606763f,-0.9086495035397901f,-0.4173892891045725f,-1.0085412834530154f,0f,0f,0f,1f], start_interpolation: 0, interpolation_duration: 1 }
$data merge entity $(bone_left_arm) { transformation: [-0.6042516566346408f,-0.7199672733579751f,-0.5842080445199321f,1f,-0.927080188889422f,0.479092213259012f,0.3684629602787269f,1.4375f,0.013199899888774671f,0.6905720491173184f,-0.8647010964228404f,-0.3061737499999999f,0f,0f,0f,1f], start_interpolation: 0, interpolation_duration: 1 }