# This file was generated by Animated Java via MC-Build. It is not recommended to edit this file directly.
$data merge entity $(bone_drillhead_left1) { transformation: [0.8257114295313115f,0.4403376027709456f,-0.35256691666589324f,2.506862567525048f,-0.43237372618249864f,0.09263428228144038f,-0.8969235478307303f,0.6661772213096994f,-0.36228938163906976f,0.8930406963471147f,0.2668795957345579f,0.7085859473924937f,0f,0f,0f,1f], start_interpolation: 0, interpolation_duration: 1 }
$data merge entity $(bone_drillhead_left2) { transformation: [-0.7412317247317504f,0.47518720904339884f,-0.4741019369426157f,2.1401434614757195f,-0.6546764266694068f,-0.35579614151303096f,0.6669391891678101f,0.6439483939301336f,0.14823733205428224f,0.8047398474326869f,0.5748212516421466f,0.833124178201821f,0f,0f,0f,1f], start_interpolation: 0, interpolation_duration: 1 }
$data merge entity $(bone_drillhead_left3) { transformation: [0.10925955673949578f,0.05464294598902216f,0.992510200307649f,2.314688612121076f,0.985600949869411f,-0.13558326381954303f,-0.10103438122023145f,0.9808434854994728f,0.1290469560958481f,0.9892579678858698f,-0.06866990677666063f,0.8292304394151309f,0f,0f,0f,1f], start_interpolation: 0, interpolation_duration: 1 }
$data merge entity $(bone_drill_left) { transformation: [1.2623521060710456f,-0.4985420064951094f,0.7036824781726242f,2.1162499933499945f,-0.6610152946121541f,0.24182620813359346f,1.357138484966761f,0.864136427291595f,-0.553869969050627f,-1.424858573630695f,-0.015877800990664003f,0.32432647528850395f,0f,0f,0f,1f], start_interpolation: 0, interpolation_duration: 1 }
$data merge entity $(bone_left_hand) { transformation: [-0.4602825647405797f,-0.32609905816667384f,0.8257114295313116f,2.079673549419014f,-0.8877117193408434f,0.15817984780617772f,-0.4323737261824984f,0.9854770283407296f,0.010385756629043785f,-0.9320078004023478f,-0.36228938163906976f,-0.11949297890253296f,0f,0f,0f,1f], start_interpolation: 0, interpolation_duration: 1 }
$data merge entity $(bone_left_arm_low) { transformation: [-0.4602825647405797f,-0.32609905816667384f,0.8257114295313116f,1.7506103131289072f,-0.8877117193408434f,0.15817984780617772f,-0.4323737261824984f,1.0746632147449016f,0.010385756629043785f,-0.9320078004023478f,-0.36228938163906976f,-1.0621732126917864f,0f,0f,0f,1f], start_interpolation: 0, interpolation_duration: 1 }
$data merge entity $(bone_left_arm) { transformation: [-0.509392029416772f,-0.7242467147202911f,-0.6638964039046723f,1f,-0.9824253814761487f,0.38422235276891825f,0.33464239420340736f,1.4375f,0.011493856277782422f,0.7433786776492921f,-0.8197731463144444f,-0.3061737499999999f,0f,0f,0f,1f], start_interpolation: 0, interpolation_duration: 1 }