execute if entity @s[tag=aj.mech_torso.bone.barrel_left] run data modify entity @s {} merge value {transformation:[-2.2279444396170534f,-0.3364878310165881f,0.43667837936850123f,1.7510512803709173f,-0.5494877604149414f,1.2088842528245094f,-1.8719803839457814f,-1.0625053521277825f,0.04444399379354415f,-1.9217240427026396f,-1.2540533994072978f,1.4674110091829569f,0f,0f,0f,1f],start_interpolation:0}
execute if entity @s[tag=aj.mech_torso.bone.blaster_left] run data modify entity @s {} merge value {transformation:[-0.970724436985198f,-0.1466091139921296f,0.19026254264624187f,1.74671423395573f,-0.2394140479332304f,0.526715776585994f,-0.8156294528446346f,-0.048242138046094285f,0.019364428522296237f,-0.8373029669061589f,-0.5463961571224205f,0.8202855248410256f,0f,0f,0f,1f],start_interpolation:0}
execute if entity @s[tag=aj.mech_torso.bone.sword_left] run data modify entity @s {} merge value {transformation:[-2.5860568184763553f,-0.3905737657822096f,0.5068686096324829f,1.3063263764592188f,-0.6378105953731092f,1.4031962867542898f,-2.1728762844683276f,0.7601815218091917f,0.05158777353077576f,-2.230615573481408f,-1.4556257717217227f,1.6492656214676469f,0f,0f,0f,1f],start_interpolation:0}
execute if entity @s[tag=aj.mech_torso.bone.rocket_left] run data modify entity @s {} merge value {transformation:[-2.2368358709913223f,-0.33783070941362514f,0.43842110498308134f,1.533625392596118f,-0.5516806933381565f,1.21370874987313f,-1.8794512098882328f,0.1267304644545458f,0.044621363890296493f,-1.9293933890032637f,-1.2590581605414735f,0.37050997352440357f,0f,0f,0f,1f],start_interpolation:0}
execute if entity @s[tag=aj.mech_torso.bone.drillhead_left1] run data modify entity @s {} merge value {transformation:[0.19026254264624165f,-0.1466091139921296f,0.970724436985198f,1.6796906178226307f,-0.8156294528446346f,0.526715776585994f,0.2394140479332302f,-0.7705910416690914f,-0.5463961571224205f,-0.8373029669061589f,-0.01936442852229636f,1.526054502853287f,0f,0f,0f,1f],start_interpolation:0}
execute if entity @s[tag=aj.mech_torso.bone.drillhead_left2] run data modify entity @s {} merge value {transformation:[-0.9696427619095398f,-0.1466091139921296f,-0.1957004904717464f,1.43105902094641f,0.09093813987145741f,0.526715776585994f,-0.8451631472160464f,-0.5400996363844646f,0.2269871560092302f,-0.8373029669061589f,-0.4973937802355247f,1.714582579187038f,0f,0f,0f,1f],start_interpolation:0}
execute if entity @s[tag=aj.mech_torso.bone.drillhead_left3] run data modify entity @s {} merge value {transformation:[0.8240221161687937f,-0.1466091139921296f,-0.5472598283805834f,1.7993720342132606f,0.5333176172338325f,0.526715776585994f,0.661923567977029f,-0.4491488418700105f,0.1912063576681754f,-0.8373029669061589f,0.5122146721809263f,1.7073058509012853f,0f,0f,0f,1f],start_interpolation:0}
execute if entity @s[tag=aj.mech_torso.bone.drill_left] run data modify entity @s {} merge value {transformation:[0.29087440578634693f,-0.22413680760386856f,1.484048777353671f,1.5526869207016252f,-1.246938725501747f,0.8052459322884575f,0.3660174933064153f,-0.27905544301144797f,-0.8353334046546076f,-1.2800733111972065f,-0.02960444321554117f,1.2402500445113132f,0f,0f,0f,1f],start_interpolation:0}
execute if entity @s[tag=aj.mech_torso.bone.left_hand] run data modify entity @s {} merge value {transformation:[-0.970724436985198f,-0.1466091139921296f,0.19026254264624187f,1.5950385406767928f,-0.2394140479332304f,0.526715776585994f,-0.8156294528446346f,-0.08565058303566153f,0.019364428522296237f,-0.8373029669061589f,-0.5463961571224205f,0.8233112167976343f,0f,0f,0f,1f],start_interpolation:0}
execute if entity @s[tag=aj.mech_torso.bone.left_arm_low] run data modify entity @s {} merge value {transformation:[-0.9403016330869559f,-0.1466091139921296f,0.30714590426773797f,1.3992588841250952f,-0.3370297178050743f,0.526715776585994f,-0.780372641762668f,0.395614191132432f,-0.04736885189906668f,-0.8373029669061589f,-0.5446833332128939f,-0.0339736575151193f,0f,0f,0f,1f],start_interpolation:0}
execute if entity @s[tag=aj.mech_torso.bone.left_arm] run data modify entity @s {} merge value {transformation:[-1.0406263322444744f,-0.36385591570528514f,0.09735341688769304f,1f,-0.37298882268818856f,1.0352931979693556f,-0.11755556525359268f,1.4375f,-0.052422832078394356f,-0.14334868460743233f,-1.0961181413662615f,-0.18117374999999988f,0f,0f,0f,1f],start_interpolation:0}
execute if entity @s[tag=aj.mech_torso.bone.drillhead_right1] run data modify entity @s {} merge value {transformation:[-0.2221681369518864f,0.16719471389114604f,0.9605661073399298f,-1.7552594131634125f,-0.8075224816716737f,0.5205474707046437f,-0.27737658938313303f,-0.6907790265194815f,-0.5463961571224206f,-0.8373029669061588f,0.01936442852229636f,1.5601396338932445f,0f,0f,0f,1f],start_interpolation:0}
execute if entity @s[tag=aj.mech_torso.bone.drillhead_right2] run data modify entity @s {} merge value {transformation:[-0.8024273009844957f,0.16719471389114604f,-0.57284932947643f,-1.8763180615945385f,0.5652880287269556f,0.5205474707046437f,-0.6399060675763206f,-0.41540293918788934f,0.19120635766817545f,-0.8373029669061588f,-0.5122146721809264f,1.7071664145571037f,0f,0f,0f,1f],start_interpolation:0}
execute if entity @s[tag=aj.mech_torso.bone.drillhead_right3] run data modify entity @s {} merge value {transformation:[0.9724674314063061f,0.16719471389114604f,-0.16233614046440525f,-1.511805972429501f,0.052762921269227325f,0.5205474707046437f,0.8522009181420396f,-0.5205474679444916f,0.22698715600923025f,-0.8373029669061588f,0.49739378023552483f,1.714585205843708f,0f,0f,0f,1f],start_interpolation:0}
execute if entity @s[tag=aj.mech_torso.bone.drill_right] run data modify entity @s {} merge value {transformation:[-0.33965185118278574f,0.2556081842348176f,1.4685186679676994f,-1.6002390981071428f,-1.2345447440597639f,0.7958157928453923f,-0.4240548323054596f,-0.19438400654776145f,-0.8353334046546077f,-1.2800733111972062f,0.02960444321554117f,1.0918116914889269f,0f,0f,0f,1f],start_interpolation:0}
execute if entity @s[tag=aj.mech_torso.bone.barrel_right] run data modify entity @s {} merge value {transformation:[-2.2046296932413862f,0.38373457899548374f,-0.5099060521431814f,-1.8487162052592494f,0.6366169496210146f,1.1947271529652614f,-1.8533737839069186f,-1.031059415801996f,-0.0444439937935447f,-1.9217240427026394f,-1.254053399407298f,1.467411009182956f,0f,0f,0f,1f],start_interpolation:0}
execute if entity @s[tag=aj.mech_torso.bone.blaster_right] run data modify entity @s {} merge value {transformation:[-0.9605661073399298f,0.16719471389114604f,-0.22216813695188617f,-1.8045240445003614f,0.27737658938313287f,0.5205474707046437f,-0.8075224816716738f,-0.017750119319236583f,-0.01936442852229648f,-0.8373029669061588f,-0.5463961571224206f,0.8202855248410249f,0f,0f,0f,1f],start_interpolation:0}
execute if entity @s[tag=aj.mech_torso.bone.rocket_right] run data modify entity @s {} merge value {transformation:[-2.2134280785487417f,0.38526601291026247f,-0.5119410197076036f,-1.344582215007435f,0.6391576036061851f,1.1994951509021363f,-1.8607703533713305f,0.07936922149170794f,-0.044621363890297056f,-1.9293933890032635f,-1.2590581605414737f,0.3753510806549772f,0f,0f,0f,1f],start_interpolation:0}
execute if entity @s[tag=aj.mech_torso.bone.sword_right] run data modify entity @s {} merge value {transformation:[-2.558994537315428f,0.44541479888385116f,-0.5918666549664442f,-1.3327069780796978f,0.7389446406518195f,1.3867636217515884f,-2.15127892142662f,0.7727427235821913f,-0.051587773530776405f,-2.2306155734814075f,-1.455625771721723f,1.6492656214676464f,0f,0f,0f,1f],start_interpolation:0}
execute if entity @s[tag=aj.mech_torso.bone.right_hand] run data modify entity @s {} merge value {transformation:[-0.9605661073399298f,0.16719471389114604f,-0.22216813695188617f,-1.6544355902284975f,0.27737658938313287f,0.5205474707046437f,-0.8075224816716738f,-0.06109021141035109f,-0.01936442852229648f,-0.8373029669061588f,-0.5463961571224206f,0.8233112167976337f,0f,0f,0f,1f],start_interpolation:0}
execute if entity @s[tag=aj.mech_torso.bone.right_arm_low] run data modify entity @s {} merge value {transformation:[-0.9263307082614611f,0.16719471389114604f,-0.33757569014767264f,-1.439894447388125f,0.373721300973846f,0.5205474707046437f,-0.7676996287229882f,0.41210906458583385f,0.04736885189906645f,-0.8373029669061588f,-0.544683333212894f,-0.03397365751511963f,0f,0f,0f,1f],start_interpolation:0}
execute if entity @s[tag=aj.mech_torso.bone.right_arm] run data modify entity @s {} merge value {transformation:[-1.0251647912371609f,0.40425975035318545f,-0.1018979076628971f,-1f,0.413595183746833f,1.0201946811269538f,-0.11363896829751788f,1.4375f,0.0524228320783941f,-0.14334868460743222f,-1.0961181413662615f,-0.1811737500000001f,0f,0f,0f,1f],start_interpolation:0}