execute if entity @s[tag=aj.mech_torso.bone.barrel_left] run data modify entity @s {} merge value {transformation:[-2.236603549703124f,-0.3616975471007075f,0.3666441589980844f,1.6950447274202716f,-0.5131760347018779f,1.4266870623224908f,-1.723038849550403f,-1.2648249024572173f,0.04362811379991462f,-1.7610756383737893f,-1.471175610545291f,1.1942562507504189f,0f,0f,0f,1f],start_interpolation:0}
execute if entity @s[tag=aj.mech_torso.bone.blaster_left] run data modify entity @s {} merge value {transformation:[-0.9744972464025362f,-0.15759308963225813f,0.1597483485173903f,1.6943077507205118f,-0.22359288162764998f,0.621613344884449f,-0.7507350216601135f,-0.18315103604446223f,0.01900894629689584f,-0.7673078049659904f,-0.6409971859524468f,0.6674724492903433f,0f,0f,0f,1f],start_interpolation:0}
execute if entity @s[tag=aj.mech_torso.bone.sword_left] run data modify entity @s {} merge value {transformation:[-2.5961077651165994f,-0.4198356077796679f,0.42557732162050615f,1.2917129758621844f,-0.5956622436453383f,1.656007995417175f,-1.9999943832285896f,0.5322729346866003f,0.05064075170066821f,-2.044145078973305f,-1.7076474849079728f,1.5952570518826898f,0f,0f,0f,1f],start_interpolation:0}
execute if entity @s[tag=aj.mech_torso.bone.rocket_left] run data modify entity @s {} merge value {transformation:[-2.2455295384396514f,-0.36314103413795157f,0.3681073873086918f,1.4732302829363233f,-0.5152240523338864f,1.4323807815560716f,-1.7299152695425504f,0.045798309789684855f,0.04380222782759989f,-1.7681038581556923f,-1.4770468776864543f,0.24672637054421015f,0f,0f,0f,1f],start_interpolation:0}
execute if entity @s[tag=aj.mech_torso.bone.drillhead_left1] run data modify entity @s {} merge value {transformation:[0.1597483485173901f,-0.15759308963225813f,0.9744972464025362f,1.631074976950826f,-0.7507350216601135f,0.621613344884449f,0.22359288162764981f,-0.9803896343083259f,-0.6409971859524468f,-0.7673078049659904f,-0.019008946296895982f,1.287796709471288f,0f,0f,0f,1f],start_interpolation:0}
execute if entity @s[tag=aj.mech_torso.bone.drillhead_left2] run data modify entity @s {} merge value {transformation:[-0.961451106765201f,-0.15759308963225813f,-0.22533572153595474f,1.3920505372628458f,0.08072096793456768f,0.621613344884449f,-0.7791540122448668f,-0.7688496020384388f,0.2628609796749545f,-0.7673078049659904f,-0.5849297716842572f,1.5082619593872524f,0f,0f,0f,1f],start_interpolation:0}
execute if entity @s[tag=aj.mech_torso.bone.drillhead_left3] run data modify entity @s {} merge value {transformation:[0.839185014114622f,-0.15759308963225813f,-0.5205121806313477f,1.761799095760307f,0.4938667418365769f,0.621613344884449f,0.6080234294575262f,-0.6839105260253174f,0.22773702683833766f,-0.7673078049659904f,0.5994785893133368f,1.5011324156326176f,0f,0f,0f,1f],start_interpolation:0}
execute if entity @s[tag=aj.mech_torso.bone.drill_left] run data modify entity @s {} merge value {transformation:[0.24422414051694044f,-0.24092916905903172f,1.4898166688269487f,1.5065998752586054f,-1.147727767595349f,0.9503258487316304f,0.34183000856045986f,-0.4572584655818509f,-0.9799599699521913f,-1.1730643284826163f,-0.029060980063820352f,1.063606831011388f,0f,0f,0f,1f],start_interpolation:0}
execute if entity @s[tag=aj.mech_torso.bone.left_hand] run data modify entity @s {} merge value {transformation:[-0.9744972464025362f,-0.15759308963225813f,0.1597483485173903f,1.5420425559701154f,-0.22359288162764998f,0.621613344884449f,-0.7507350216601135f,-0.21808742379878254f,0.01900894629689584f,-0.7673078049659904f,-0.6409971859524468f,0.6704425971492333f,0f,0f,0f,1f],start_interpolation:0}
execute if entity @s[tag=aj.mech_torso.bone.left_arm_low] run data modify entity @s {} merge value {transformation:[-0.962927209230568f,-0.15759308963225813f,0.21894201931924598f,1.3311084538646731f,-0.2690071124819979f,0.621613344884449f,-0.7356847306391952f,0.3637228287230667f,-0.020158451268085763f,-0.7673078049659904f,-0.6409620653991515f,-0.118155175564736f,0f,0f,0f,1f],start_interpolation:0}
execute if entity @s[tag=aj.mech_torso.bone.left_arm] run data modify entity @s {} merge value {transformation:[-1.0656659253800824f,-0.29611887489593364f,0.037970066476198286f,1f,-0.2977086021756709f,1.0645745116177834f,-0.05312886163277264f,1.4375f,-0.022309240427424784f,-0.06137344440515436f,-1.10476584697728f,-0.18117374999999988f,0f,0f,0f,1f],start_interpolation:0}
execute if entity @s[tag=aj.mech_torso.bone.drillhead_right1] run data modify entity @s {} merge value {transformation:[-0.1909483365554105f,0.18340480538549286f,0.9643139582771947f,-1.722743178484281f,-0.7434119587199053f,0.6144928069552835f,-0.2640781131264962f,-0.9045933102883401f,-0.6409971859524468f,-0.7673078049659903f,0.01900894629689593f,1.3277955912350499f,0f,0f,0f,1f],start_interpolation:0}
execute if entity @s[tag=aj.mech_torso.bone.drillhead_right2] run data modify entity @s {} merge value {transformation:[-0.8178371641298143f,0.18340480538549286f,-0.5454402353417034f,-1.8531240380072034f,0.5284678037259579f,0.6144928069552835f,-0.5857647741417021f,-0.6494239915738882f,0.2277370268383377f,-0.7673078049659903f,-0.5994785893133368f,1.5009819368956494f,0f,0f,0f,1f],start_interpolation:0}
execute if entity @s[tag=aj.mech_torso.bone.drillhead_right3] run data modify entity @s {} merge value {transformation:[0.963982693804672f,0.18340480538549286f,-0.19261371552046236f,-1.4871938994325131f,0.040515076322417826f,0.6144928069552835f,0.7878814116291902f,-0.7495307977521792f,0.2628609796749545f,-0.7673078049659903f,0.5849297716842572f,1.508278139918632f,0f,0f,0f,1f],start_interpolation:0}
execute if entity @s[tag=aj.mech_torso.bone.drill_right] run data modify entity @s {} merge value {transformation:[-0.29192285122940126f,0.28039025991603733f,1.4742484027814493f,-1.562350293205069f,-1.1365322293057676f,0.9394399317759418f,-0.40372404977090015f,-0.35612185964374504f,-0.9799599699521913f,-1.173064328482616f,0.029060980063820272f,0.9237862277926236f,0f,0f,0f,1f],start_interpolation:0}
execute if entity @s[tag=aj.mech_torso.bone.barrel_right] run data modify entity @s {} merge value {transformation:[-2.2132315202254946f,0.42093894084577105f,-0.4382523695437154f,-1.8072467169694524f,0.6060951402356748f,1.410344460568654f,-1.7062314253865758f,-1.2334548460236407f,-0.04362811379991515f,-1.761075638373789f,-1.471175610545291f,1.1942562507504182f,0f,0f,0f,1f],start_interpolation:0}
execute if entity @s[tag=aj.mech_torso.bone.blaster_right] run data modify entity @s {} merge value {transformation:[-0.9643139582771947f,0.18340480538549286f,-0.19094833655541027f,-1.7613561868552232f,0.26407811312649604f,0.6144928069552835f,-0.7434119587199054f,-0.15275463057959357f,-0.019008946296896072f,-0.7673078049659903f,-0.6409971859524468f,0.6674724492903428f,0f,0f,0f,1f],start_interpolation:0}
execute if entity @s[tag=aj.mech_torso.bone.rocket_right] run data modify entity @s {} merge value {transformation:[-2.2220642342858308f,0.4226188524444332f,-0.44000137674475603f,-1.2898355096470795f,0.6085139857193663f,1.4159729586416947f,-1.7130407691734673f,0.0007467920204151102f,-0.043802227827600425f,-1.768103858155692f,-1.4770468776864543f,0.2514786071184338f,0f,0f,0f,1f],start_interpolation:0}
execute if entity @s[tag=aj.mech_torso.bone.sword_right] run data modify entity @s {} merge value {transformation:[-2.56897899335843f,0.48859926611254667f,-0.5086955977532132f,-1.3292471618481532f,0.7035168571444533f,1.637038538214545f,-1.980485389607833f,0.5452394962920203f,-0.050640751700668826f,-2.044145078973305f,-1.7076474849079728f,1.5952570518826894f,0f,0f,0f,1f],start_interpolation:0}
execute if entity @s[tag=aj.mech_torso.bone.right_hand] run data modify entity @s {} merge value {transformation:[-0.9643139582771947f,0.18340480538549286f,-0.19094833655541027f,-1.6106821308744115f,0.26407811312649604f,0.6144928069552835f,-0.7434119587199054f,-0.19401683575560857f,-0.019008946296896072f,-0.7673078049659903f,-0.6409971859524468f,0.6704425971492328f,0f,0f,0f,1f],start_interpolation:0}
execute if entity @s[tag=aj.mech_torso.bone.right_arm_low] run data modify entity @s {} merge value {transformation:[-0.9508582012870823f,0.18340480538549286f,-0.24946213822262495f,-1.375644379727933f,0.3089697685657397f,0.6144928069552835f,-0.7259037624318048f,0.37848086808832226f,0.02015845126808553f,-0.7673078049659903f,-0.6409620653991515f,-0.1181551755647363f,0f,0f,0f,1f],start_interpolation:0}
execute if entity @s[tag=aj.mech_torso.bone.right_arm] run data modify entity @s {} merge value {transformation:[-1.0523092246915733f,0.3403011382350313f,-0.04015481887632225f,-1f,0.3419350405480542f,1.0512851250597135f,-0.051497499042292824f,1.4375f,0.022309240427424527f,-0.06137344440515428f,-1.10476584697728f,-0.1811737500000001f,0f,0f,0f,1f],start_interpolation:0}