execute if entity @s[tag=aj.mech_torso.bone.barrel_left] run data modify entity @s {} merge value {transformation:[-1.316227279753471f,1.7152018514795289f,0.7702446690271015f,0.19070128928475083f,-1.226658567675792f,-0.07078437033997433f,-1.9385424485199814f,0.7177134933605032f,-1.4249571922801922f,-1.5233911759779448f,0.9573007983764471f,2.1656233814687385f,0f,0f,0f,1f],start_interpolation:0}
execute if entity @s[tag=aj.mech_torso.bone.blaster_left] run data modify entity @s {} merge value {transformation:[-0.5734855691925878f,0.7473204097852721f,0.3355987292083009f,0.9801333282223144f,-0.5344601177239511f,-0.030841037515923778f,-0.8446308145973849f,1.2195148492189165f,-0.6208596334843763f,-0.6637477197876573f,0.4170998441456575f,1.4089778072047754f,0f,0f,0f,1f],start_interpolation:0}
execute if entity @s[tag=aj.mech_torso.bone.sword_left] run data modify entity @s {} merge value {transformation:[-1.5277932747982315f,1.9908976921544381f,0.8940512352161588f,0.28309333947534665f,-1.423827585855629f,-0.08216201459256756f,-2.250137313910139f,2.102458747541441f,-1.654000071817997f,-1.768256006654109f,1.111174144629832f,0.890090915917362f,0f,0f,0f,1f],start_interpolation:0}
execute if entity @s[tag=aj.mech_torso.bone.rocket_left] run data modify entity @s {} merge value {transformation:[-1.3214801686149544f,1.7220469950496577f,0.7733186135538456f,1.2851613335041274f,-1.2315539996624276f,-0.07106686139318788f,-1.946278914852187f,1.0677955111542508f,-1.430644007831395f,-1.5294708285296499f,0.9611212591572196f,1.0061633698381165f,0f,0f,0f,1f],start_interpolation:0}
execute if entity @s[tag=aj.mech_torso.bone.drillhead_left1] run data modify entity @s {} merge value {transformation:[0.3355987292083008f,0.7473204097852721f,0.5734855691925879f,0.18121807573449833f,-0.844630814597385f,-0.030841037515923778f,0.5344601177239509f,0.9535193326401186f,0.4170998441456574f,-0.6637477197876573f,0.6208596334843764f,1.9705566160212076f,0f,0f,0f,1f],start_interpolation:0}
execute if entity @s[tag=aj.mech_torso.bone.drillhead_left2] run data modify entity @s {} merge value {transformation:[-0.6582596531584122f,0.7473204097852721f,0.09058937102188014f,-0.041178348764197015f,-0.1705505444972819f,-0.030841037515923778f,-0.9848661544477109f,1.1378164136254034f,-0.7332167079352788f,-0.6637477197876573f,0.1477573134610877f,1.7115948220208073f,0f,0f,0f,1f],start_interpolation:0}
execute if entity @s[tag=aj.mech_torso.bone.drillhead_left3] run data modify entity @s {} merge value {transformation:[0.4014035059768224f,0.7473204097852721f,-0.5295162230828137f,0.17638497206024895f,0.8170029829201801f,-0.030841037515923778f,0.5758080898220079f,1.3407251030762128f,0.41398230794207047f,-0.6637477197876573f,-0.6229427045785534f,1.9471234587430895f,0f,0f,0f,1f],start_interpolation:0}
execute if entity @s[tag=aj.mech_torso.bone.drill_left] run data modify entity @s {} merge value {transformation:[0.5130651550401002f,1.142507490465277f,0.8767478445617948f,0.477164283759964f,-1.2912761644400612f,-0.04714994520996415f,0.8170855229686804f,1.1646739703862048f,0.6376645010207035f,-1.0147411093115195f,0.9491735706605962f,1.5153084055338426f,0f,0f,0f,1f],start_interpolation:0}
execute if entity @s[tag=aj.mech_torso.bone.left_hand] run data modify entity @s {} merge value {transformation:[-0.5734855691925878f,0.7473204097852721f,0.3355987292083009f,0.8905262080359725f,-0.5344601177239511f,-0.030841037515923778f,-0.8446308145973849f,1.1360054558245491f,-0.6208596334843763f,-0.6637477197876573f,0.4170998441456575f,1.3119684894728416f,0f,0f,0f,1f],start_interpolation:0}
execute if entity @s[tag=aj.mech_torso.bone.left_arm_low] run data modify entity @s {} merge value {transformation:[-0.2772803532311074f,0.7473204097852721f,0.6038441941680033f,1.6393867268120506f,-0.9222644306935588f,-0.030841037515923778f,-0.3853273287510598f,1.0354814123668072f,-0.26933979577759815f,-0.6637477197876573f,0.6977786460527203f,0.6531926151382318f,0f,0f,0f,1f],start_interpolation:0}
execute if entity @s[tag=aj.mech_torso.bone.left_arm] run data modify entity @s {} merge value {transformation:[-0.30686454945213937f,-0.6204587054547652f,0.8635028208691391f,1f,-1.0206646655727158f,0.4238287969994436f,-0.05817877464650235f,1.4375f,-0.29807678083825917f,-0.8125097686756939f,-0.6897463932966226f,-0.18117374999999988f,0f,0f,0f,1f],start_interpolation:0}
execute if entity @s[tag=aj.mech_torso.bone.drillhead_right1] run data modify entity @s {} merge value {transformation:[-0.33559872920830114f,-0.7473204097852719f,0.5734855691925879f,-0.19800001132069756f,-0.8446308145973848f,-0.030841037515923778f,-0.5344601177239513f,1.041496276553106f,0.41709984414565743f,-0.6637477197876576f,-0.620859633484376f,1.9853637218816313f,0f,0f,0f,1f],start_interpolation:0}
execute if entity @s[tag=aj.mech_torso.bone.drillhead_right2] run data modify entity @s {} merge value {transformation:[-0.4014035059768223f,-0.7473204097852719f,-0.529516223082814f,-0.21429728574275642f,0.8170029829201805f,-0.030841037515923778f,-0.5758080898220075f,1.375907038793922f,0.41398230794207f,-0.6637477197876576f,0.6229427045785533f,1.988174595470885f,0f,0f,0f,1f],start_interpolation:0}
execute if entity @s[tag=aj.mech_torso.bone.drillhead_right3] run data modify entity @s {} merge value {transformation:[0.6582596531584123f,-0.7473204097852719f,0.09058937102188047f,0.003353290751283544f,-0.17055054449728246f,-0.030841037515923778f,0.9848661544477109f,1.1732179533549079f,-0.7332167079352784f,-0.6637477197876576f,-0.14775731346108792f,1.7525375127891252f,0f,0f,0f,1f],start_interpolation:0}
execute if entity @s[tag=aj.mech_torso.bone.drill_right] run data modify entity @s {} merge value {transformation:[-0.5130651550401006f,-1.1425074904652768f,0.8767478445617948f,-0.5150021447583303f,-1.291276164440061f,-0.04714994520996415f,-0.8170855229686811f,1.1999369808784839f,0.6376645010207035f,-1.0147411093115197f,-0.9491735706605954f,1.5562719480765996f,0f,0f,0f,1f],start_interpolation:0}
execute if entity @s[tag=aj.mech_torso.bone.barrel_right] run data modify entity @s {} merge value {transformation:[-1.3162272797534715f,-1.7152018514795284f,-0.7702446690271018f,-0.19202030609389475f,1.226658567675792f,-0.07078437033997433f,-1.9385424485199814f,0.7189427516312681f,1.4249571922801916f,-1.5233911759779455f,0.9573007983764468f,2.1670513586257525f,0f,0f,0f,1f],start_interpolation:0}
execute if entity @s[tag=aj.mech_torso.bone.blaster_right] run data modify entity @s {} merge value {transformation:[-0.573485569192588f,-0.7473204097852719f,-0.335598729208301f,-0.693390543626021f,0.5344601177239511f,-0.030841037515923778f,-0.8446308145973849f,0.9522847903569409f,0.6208596334843761f,-0.6637477197876576f,0.4170998441456573f,1.098547990462587f,0f,0f,0f,1f],start_interpolation:0}
execute if entity @s[tag=aj.mech_torso.bone.rocket_right] run data modify entity @s {} merge value {transformation:[-1.321480168614955f,-1.7220469950496573f,-0.7733186135538459f,-1.1417899412059809f,1.2315539996624276f,-0.07106686139318788f,-1.946278914852187f,0.934180481723263f,1.4306440078313944f,-1.5294708285296503f,0.9611212591572191f,0.850948461467022f,0f,0f,0f,1f],start_interpolation:0}
execute if entity @s[tag=aj.mech_torso.bone.sword_right] run data modify entity @s {} merge value {transformation:[-1.5277932747982321f,-1.9908976921544375f,-0.894051235216159f,-0.2830933394753471f,1.423827585855629f,-0.08216201459256756f,-2.250137313910139f,2.102458747541441f,1.6540000718179966f,-1.7682560066541098f,1.1111741446298316f,0.8900909159173619f,0f,0f,0f,1f],start_interpolation:0}
execute if entity @s[tag=aj.mech_torso.bone.right_hand] run data modify entity @s {} merge value {transformation:[-0.573485569192588f,-0.7473204097852719f,-0.335598729208301f,-0.8905262080359732f,0.5344601177239511f,-0.030841037515923778f,-0.8446308145973849f,1.1360054558245491f,0.6208596334843761f,-0.6637477197876576f,0.4170998441456573f,1.3119684894728412f,0f,0f,0f,1f],start_interpolation:0}
execute if entity @s[tag=aj.mech_torso.bone.right_arm_low] run data modify entity @s {} merge value {transformation:[-0.2772803532311075f,-0.7473204097852719f,-0.6038441941680035f,-1.639386726812051f,0.9222644306935588f,-0.030841037515923778f,-0.3853273287510598f,1.0354814123668072f,0.26933979577759803f,-0.6637477197876576f,0.6977786460527201f,0.6531926151382313f,0f,0f,0f,1f],start_interpolation:0}
execute if entity @s[tag=aj.mech_torso.bone.right_arm] run data modify entity @s {} merge value {transformation:[-0.30686454945213953f,0.6204587054547654f,-0.8635028208691389f,-1f,1.0206646655727158f,0.4238287969994436f,-0.05817877464650235f,1.4375f,0.29807678083825906f,-0.8125097686756936f,-0.6897463932966228f,-0.1811737500000001f,0f,0f,0f,1f],start_interpolation:0}