execute if entity @s[tag=aj.mech_torso.bone.barrel_left] run data modify entity @s {} merge value {transformation:[-2.215497230350129f,-0.2498578669846618f,0.54478579466381f,1.759323613837495f,-0.5993177004848739f,0.9452337472871997f,-2.003746478556012f,-0.798453893164149f,-0.006229738929268399f,-2.076476029899206f,-0.9776793856155502f,1.760814187186801f,0f,0f,0f,1f],start_interpolation:0}
execute if entity @s[tag=aj.mech_torso.bone.blaster_left] run data modify entity @s {} merge value {transformation:[-0.9653011373764567f,-0.10886408697727554f,0.2373653823671918f,1.7719143851208186f,-0.26112515511313183f,0.4118421809982341f,-0.8730404751887285f,0.12481876441050023f,-0.002714322541956332f,-0.9047290359644826f,-0.42597887733538653f,0.9894976878499602f,0f,0f,0f,1f],start_interpolation:0}
execute if entity @s[tag=aj.mech_torso.bone.sword_left] run data modify entity @s {} merge value {transformation:[-2.571608886192521f,-0.29001918947166594f,0.6323528512863468f,1.268852027086723f,-0.6956500342705471f,1.0971674758847108f,-2.325822022859074f,1.019888389070997f,-0.007231086444027864f,-2.4102418803794534f,-1.134828318200541f,1.6826621058537683f,0f,0f,0f,1f],start_interpolation:0}
execute if entity @s[tag=aj.mech_torso.bone.rocket_left] run data modify entity @s {} merge value {transformation:[-2.2243389865596894f,-0.25085501666133736f,0.5469599626640509f,1.581489375315059f,-0.6017094981035621f,0.9490060500642347f,-2.011743165541876f,0.2353740197238949f,-0.006254600992784992f,-2.084762970898209f,-0.9815811746407435f,0.5100853771370766f,0f,0f,0f,1f],start_interpolation:0}
execute if entity @s[tag=aj.mech_torso.bone.drillhead_left1] run data modify entity @s {} merge value {transformation:[0.23736538236719157f,-0.10886408697727554f,0.9653011373764567f,1.6789470837084577f,-0.8730404751887286f,0.4118421809982341f,0.26112515511313167f,-0.503486294653813f,-0.42597887733538653f,-0.9047290359644826f,0.0027143225419562376f,1.777520395410896f,0f,0f,0f,1f],start_interpolation:0}
execute if entity @s[tag=aj.mech_torso.bone.drillhead_left2] run data modify entity @s {} merge value {transformation:[-0.9826577627809031f,-0.10886408697727554f,-0.15010773402138375f,1.4154094909297112f,0.09284993940601435f,0.4118421809982341f,-0.906512496716354f,-0.25769327468861986f,0.1605073518525859f,-0.9047290359644826f,-0.3945918923192015f,1.92111887371126f,0f,0f,0f,1f],start_interpolation:0}
execute if entity @s[tag=aj.mech_torso.bone.drillhead_left3] run data modify entity @s {} merge value {transformation:[0.8009861642830455f,-0.10886408697727554f,-0.5887017710129113f,1.7816585301282348f,0.575346311871729f,0.4118421809982341f,0.7066559554452345f,-0.15849681853849923f,0.1655227659348807f,-0.9047290359644826f,0.39251443978539796f,1.9222041904751492f,0f,0f,0f,1f],start_interpolation:0}
execute if entity @s[tag=aj.mech_torso.bone.drill_left] run data modify entity @s {} merge value {transformation:[0.362885482292117f,-0.16643200585132997f,1.4757576075356211f,1.558784777217837f,-1.334709007437769f,0.6296265571219141f,0.39920955156487925f,-0.055883162040654744f,-0.6512388150559245f,-1.3831546507981125f,0.004149671004723131f,1.4244852300066224f,0f,0f,0f,1f],start_interpolation:0}
execute if entity @s[tag=aj.mech_torso.bone.left_hand] run data modify entity @s {} merge value {transformation:[-0.9653011373764567f,-0.10886408697727554f,0.2373653823671918f,1.6210860824057471f,-0.26112515511313183f,0.4118421809982341f,-0.8730404751887285f,0.08401795892407338f,-0.002714322541956332f,-0.9047290359644826f,-0.42597887733538653f,0.9890735749527795f,0f,0f,0f,1f],start_interpolation:0}
execute if entity @s[tag=aj.mech_torso.bone.left_arm_low] run data modify entity @s {} merge value {transformation:[-0.9058806754131385f,-0.10886408697727554f,0.409302837126302f,1.4683951668753474f,-0.4158515800253177f,0.4118421809982341f,-0.8108350518700241f,0.4445308207997869f,-0.08029735551985917f,-0.9047290359644826f,-0.4183511756638141f,0.06625248002881148f,0f,0f,0f,1f],start_interpolation:0}
execute if entity @s[tag=aj.mech_torso.bone.left_arm] run data modify entity @s {} merge value {transformation:[-1.0025328591757805f,-0.43292537513472346f,0.17965373464340048f,1f,-0.46022051781313567f,0.9895956350953996f,-0.18349259526741143f,1.4375f,-0.08886461495258761f,-0.2409316855430596f,-1.0764882635889426f,-0.18117374999999988f,0f,0f,0f,1f],start_interpolation:0}
execute if entity @s[tag=aj.mech_torso.bone.drillhead_right1] run data modify entity @s {} merge value {transformation:[-0.2689644540399233f,0.12377247575864356f,0.9551641202995336f,-1.7354771930599733f,-0.8638287553254346f,0.407609795916823f,-0.29606441148094154f,-0.4225282564870035f,-0.4259788773353866f,-0.9047290359644825f,-0.0027143225419562185f,1.804153134295841f,0f,0f,0f,1f],start_interpolation:0}
execute if entity @s[tag=aj.mech_torso.bone.drillhead_right2] run data modify entity @s {} merge value {transformation:[-0.7795283404776874f,0.12377247575864356f,-0.6140162380887649f,-1.8426034529757034f,0.6041008031358421f,0.407609795916823f,-0.6847747614531923f,-0.1280748961742096f,0.16552276593488066f,-0.9047290359644825f,-0.392514439785398f,1.9221584015654747f,0f,0f,0f,1f],start_interpolation:0}
execute if entity @s[tag=aj.mech_torso.bone.drillhead_right3] run data modify entity @s {} merge value {transformation:[0.985384821390088f,0.12377247575864356f,-0.11703472996764927f,-1.4801350440144714f,0.057045102991359176f,0.407609795916823f,0.9113726518265464f,-0.24030312913091745f,0.16050735185258594f,-0.9047290359644825f,0.39459189231920155f,1.9211838393096925f,0f,0f,0f,1f],start_interpolation:0}
execute if entity @s[tag=aj.mech_torso.bone.drill_right] run data modify entity @s {} merge value {transformation:[-0.41119431422702746f,0.18922403137405797f,1.4602600809195785f,-1.601446212301376f,-1.3206260802139491f,0.6231560638840336f,-0.4526248759542923f,0.007531346234346814f,-0.6512388150559246f,-1.3831546507981123f,-0.004149671004723103f,1.2685648503747173f,0f,0f,0f,1f],start_interpolation:0}
execute if entity @s[tag=aj.mech_torso.bone.barrel_right] run data modify entity @s {} merge value {transformation:[-2.1922313992137705f,0.2840746442940442f,-0.617309956359964f,-1.8401521623504968f,0.6795080397646533f,0.9355198486263876f,-1.9826043302111378f,-0.7693544371990041f,0.006229738929267921f,-2.076476029899206f,-0.9776793856155503f,1.7608141871868006f,0f,0f,0f,1f],start_interpolation:0}
execute if entity @s[tag=aj.mech_torso.bone.blaster_right] run data modify entity @s {} merge value {transformation:[-0.9551641202995337f,0.12377247575864356f,-0.2689644540399231f,-1.8191512953623008f,0.29606441148094137f,0.407609795916823f,-0.8638287553254347f,0.15376521448879768f,0.002714322541956124f,-0.9047290359644825f,-0.4259788773353866f,0.9894976878499597f,0f,0f,0f,1f],start_interpolation:0}
execute if entity @s[tag=aj.mech_torso.bone.rocket_right] run data modify entity @s {} merge value {transformation:[-2.200980304570664f,0.28520834860012845f,-0.6197735586904471f,-1.3860399119887887f,0.6822198664136473f,0.9392533845195706f,-1.9905166416812705f,0.18330464807523705f,0.0062546009927845125f,-2.084762970898209f,-0.9815811746407436f,0.5094067965015872f,0f,0f,0f,1f],start_interpolation:0}
execute if entity @s[tag=aj.mech_torso.bone.sword_right] run data modify entity @s {} merge value {transformation:[-2.5446033827437726f,0.3297358577573548f,-0.7165343055109671f,-1.28386440061875f,0.7887299019651162f,1.0858921974625526f,-2.301281555910132f,1.029944025791898f,0.007231086444027309f,-2.4102418803794534f,-1.1348283182005412f,1.6826621058537679f,0f,0f,0f,1f],start_interpolation:0}
execute if entity @s[tag=aj.mech_torso.bone.right_hand] run data modify entity @s {} merge value {transformation:[-0.9551641202995337f,0.12377247575864356f,-0.2689644540399231f,-1.6699069015654986f,0.29606441148094137f,0.407609795916823f,-0.8638287553254347f,0.10750515019490059f,0.002714322541956124f,-0.9047290359644825f,-0.4259788773353866f,0.989073574952779f,0f,0f,0f,1f],start_interpolation:0}
execute if entity @s[tag=aj.mech_torso.bone.right_arm_low] run data modify entity @s {} merge value {transformation:[-0.8901549301928501f,0.12377247575864356f,-0.43852545478904426f,-1.5042036631319595f,0.4485270727056278f,0.407609795916823f,-0.7954104093628436f,0.46222542877503303f,0.08029735551985898f,-0.9047290359644825f,-0.41835117566381413f,0.06625248002881115f,0f,0f,0f,1f],start_interpolation:0}
execute if entity @s[tag=aj.mech_torso.bone.right_arm] run data modify entity @s {} merge value {transformation:[-0.9851292686740012f,0.4686346339147042f,-0.1862092436789503f,-1f,0.4963822949553942f,0.9731934449692102f,-0.1768364059174599f,1.4375f,0.0888646149525874f,-0.2409316855430595f,-1.0764882635889426f,-0.1811737500000001f,0f,0f,0f,1f],start_interpolation:0}