execute if entity @s[tag=aj.mech_torso.bone.barrel_left] run data modify entity @s {} merge value {transformation:[-1.6822660072705318f,-0.03287092898375034f,1.5609449305662593f,2.3286503925632362f,-1.5363503642044682f,0.4433572906713879f,-1.6464235070807325f,0.2986824770890124f,-0.27795167321236974f,-2.251666562412598f,-0.34697125604604817f,1.791933737598316f,0f,0f,0f,1f],start_interpolation:0}
execute if entity @s[tag=aj.mech_torso.bone.blaster_left] run data modify entity @s {} merge value {transformation:[-0.7329701287558644f,-0.014321997202235454f,0.68011004311637f,2.1746022177576156f,-0.6693940907075441f,0.19317257141486013f,-0.7173534059156552f,1.0151756435413277f,-0.12110467240132253f,-0.9810602621904068f,-0.15117678483635782f,0.8377708730086831f,0f,0f,0f,1f],start_interpolation:0}
execute if entity @s[tag=aj.mech_torso.bone.sword_left] run data modify entity @s {} merge value {transformation:[-1.9526678498951795f,-0.03815449277662002f,1.8118460268474272f,1.1807877265927655f,-1.783298211692615f,0.5146210669234725f,-1.9110641454405917f,1.6665086383426106f,-0.3226287006696226f,-2.6135919563879164f,-0.40274226168199107f,1.1881939979322635f,0f,0f,0f,1f],start_interpolation:0}
execute if entity @s[tag=aj.mech_torso.bone.rocket_left] run data modify entity @s {} merge value {transformation:[-1.688979708245715f,-0.03300211251062398f,1.5671744551820206f,2.0954215142331676f,-1.5424817351611448f,0.44512667093697655f,-1.6529941653816673f,0.9623345147059756f,-0.2790609415512857f,-2.2606526656391526f,-0.3483559724048222f,0.3188695877985008f,0f,0f,0f,1f],start_interpolation:0}
execute if entity @s[tag=aj.mech_torso.bone.drillhead_left1] run data modify entity @s {} merge value {transformation:[0.6801100431163699f,-0.014321997202235454f,0.7329701287558645f,2.1336649079045538f,-0.7173534059156553f,0.19317257141486013f,0.669394090707544f,0.5240954350633393f,-0.15117678483635785f,-0.9810602621904068f,0.1211046724013225f,1.7218264818436617f,0f,0f,0f,1f],start_interpolation:0}
execute if entity @s[tag=aj.mech_torso.bone.drillhead_left2] run data modify entity @s {} merge value {transformation:[-0.9374429455854475f,-0.014321997202235454f,0.3478442239972069f,1.764442756064755f,-0.3439202359941132f,0.19317257141486013f,-0.9189141575396063f,0.6397198061868881f,-0.05403327720797029f,-0.9810602621904068f,-0.18601388901116156f,1.7499832187724822f,0f,0f,0f,1f],start_interpolation:0}
execute if entity @s[tag=aj.mech_torso.bone.drillhead_left3] run data modify entity @s {} merge value {transformation:[0.4169092542139642f,-0.014321997202235454f,-0.9088352733839591f,2.04247710847758f,0.8929587631832943f,0.19317257141486013f,0.40658210106586384f,0.8938121396207945f,0.16973897903816246f,-0.9810602621904068f,0.09332438559118583f,1.7959555855546712f,0f,0f,0f,1f],start_interpolation:0}
execute if entity @s[tag=aj.mech_torso.bone.drill_left] run data modify entity @s {} merge value {transformation:[1.0397559178457065f,-0.021895546900262408f,1.1205687030968299f,1.9433210926668825f,-1.0966937726281358f,0.29532327353046667f,1.0233733117583512f,0.8167897503626047f,-0.23111988753207507f,-1.499850242913114f,0.18514547915078403f,1.2554353991345875f,0f,0f,0f,1f],start_interpolation:0}
execute if entity @s[tag=aj.mech_torso.bone.left_hand] run data modify entity @s {} merge value {transformation:[-0.7329701287558644f,-0.014321997202235454f,0.68011004311637f,2.060075635139512f,-0.6693940907075441f,0.19317257141486013f,-0.7173534059156552f,0.910582816868274f,-0.12110467240132253f,-0.9810602621904068f,-0.15117678483635782f,0.8188482679459765f,0f,0f,0f,1f],start_interpolation:0}
execute if entity @s[tag=aj.mech_torso.bone.left_arm_low] run data modify entity @s {} merge value {transformation:[-0.3768696111424634f,-0.014321997202235454f,0.926155589840858f,2.0511416494233994f,-0.9098437264664094f,0.19317257141486013f,-0.36724481080430277f,1.0354137550413491f,-0.17364817766693036f,-0.9810602621904068f,-0.08583165117743147f,-0.17574724444790818f,0f,0f,0f,1f],start_interpolation:0}
execute if entity @s[tag=aj.mech_torso.bone.left_arm] run data modify entity @s {} merge value {transformation:[-0.4170794002452993f,-1.022452089332968f,0.07354235136095115f,1f,-1.0069187446586376f,0.4235135222784228f,0.17754694206441535f,1.4375f,-0.19217542527628878f,-1.252142678483143e-16f,-1.0898809955467181f,-0.18117374999999988f,0f,0f,0f,1f],start_interpolation:0}
execute if entity @s[tag=aj.mech_torso.bone.drillhead_right1] run data modify entity @s {} merge value {transformation:[-0.6801100431163699f,0.014321997202235703f,0.7329701287558642f,-2.093604318014504f,-0.7173534059156551f,0.19317257141486013f,-0.6693940907075442f,0.5711641257108043f,-0.15117678483635796f,-0.9810602621904068f,-0.12110467240132236f,1.731679217740073f,0f,0f,0f,1f],start_interpolation:0}
execute if entity @s[tag=aj.mech_torso.bone.drillhead_right2] run data modify entity @s {} merge value {transformation:[-0.41690925421396385f,0.014321997202235703f,-0.9088352733839589f,-2.045154739763016f,0.8929587631832944f,0.19317257141486013f,-0.40658210106586357f,0.89608351830345f,0.16973897903816237f,-0.9810602621904068f,-0.093324385591186f,1.7963637348278998f,0f,0f,0f,1f],start_interpolation:0}
execute if entity @s[tag=aj.mech_torso.bone.drillhead_right3] run data modify entity @s {} merge value {transformation:[0.9374429455854472f,0.014321997202235703f,0.347844223997207f,-1.766943558738981f,-0.3439202359941135f,0.19317257141486013f,0.9189141575396061f,0.6421776967550816f,-0.054033277207970104f,-0.9810602621904068f,0.18601388901116162f,1.7504306740097682f,0f,0f,0f,1f],start_interpolation:0}
execute if entity @s[tag=aj.mech_torso.bone.drill_right] run data modify entity @s {} merge value {transformation:[-1.0397559178457065f,0.02189554690026279f,1.1205687030968292f,-1.9603298775552256f,-1.0966937726281356f,0.29532327353046667f,-1.0233733117583517f,0.8290880081344263f,-0.23111988753207527f,-1.499850242913114f,-0.1851454791507838f,1.0949032995668722f,0f,0f,0f,1f],start_interpolation:0}
execute if entity @s[tag=aj.mech_torso.bone.barrel_right] run data modify entity @s {} merge value {transformation:[-1.6822660072705315f,0.032870928983750915f,-1.5609449305662588f,-2.328650392563237f,1.5363503642044682f,0.4433572906713879f,-1.6464235070807325f,0.2986824770890124f,0.2779516732123693f,-2.251666562412598f,-0.34697125604604856f,1.7919337375983155f,0f,0f,0f,1f],start_interpolation:0}
execute if entity @s[tag=aj.mech_torso.bone.blaster_right] run data modify entity @s {} merge value {transformation:[-0.7329701287558643f,0.014321997202235703f,-0.6801100431163698f,-2.174602217757616f,0.6693940907075441f,0.19317257141486013f,-0.7173534059156552f,1.0151756435413277f,0.12110467240132233f,-0.9810602621904068f,-0.151176784836358f,0.8377708730086826f,0f,0f,0f,1f],start_interpolation:0}
execute if entity @s[tag=aj.mech_torso.bone.rocket_right] run data modify entity @s {} merge value {transformation:[-1.6889797082457148f,0.03300211251062456f,-1.56717445518202f,-1.9121789820442017f,1.5424817351611448f,0.44512667093697655f,-1.6529941653816673f,0.7949859920290896f,0.2790609415512852f,-2.2606526656391526f,-0.3483559724048226f,0.28859341969816965f,0f,0f,0f,1f],start_interpolation:0}
execute if entity @s[tag=aj.mech_torso.bone.sword_right] run data modify entity @s {} merge value {transformation:[-1.9526678498951793f,0.03815449277662069f,-1.8118460268474266f,-1.1807877265927664f,1.783298211692615f,0.5146210669234725f,-1.9110641454405917f,1.6665086383426106f,0.3226287006696221f,-2.6135919563879164f,-0.4027422616819915f,1.188193997932263f,0f,0f,0f,1f],start_interpolation:0}
execute if entity @s[tag=aj.mech_torso.bone.right_hand] run data modify entity @s {} merge value {transformation:[-0.7329701287558643f,0.014321997202235703f,-0.6801100431163698f,-2.0600756351395124f,0.6693940907075441f,0.19317257141486013f,-0.7173534059156552f,0.910582816868274f,0.12110467240132233f,-0.9810602621904068f,-0.151176784836358f,0.818848267945976f,0f,0f,0f,1f],start_interpolation:0}
execute if entity @s[tag=aj.mech_torso.bone.right_arm_low] run data modify entity @s {} merge value {transformation:[-0.3768696111424634f,0.014321997202235703f,-0.9261555898408579f,-2.0511416494233994f,0.9098437264664094f,0.19317257141486013f,-0.36724481080430277f,1.0354137550413491f,0.17364817766693025f,-0.9810602621904068f,-0.08583165117743169f,-0.17574724444790865f,0f,0f,0f,1f],start_interpolation:0}
execute if entity @s[tag=aj.mech_torso.bone.right_arm] run data modify entity @s {} merge value {transformation:[-0.4170794002452993f,1.022452089332968f,-0.07354235136095087f,-1f,1.0069187446586376f,0.4235135222784228f,0.17754694206441535f,1.4375f,0.19217542527628867f,1.252142678483143e-16f,-1.0898809955467181f,-0.1811737500000001f,0f,0f,0f,1f],start_interpolation:0}