execute if entity @s[tag=aj.mech_torso.bone.barrel_left] run data modify entity @s {} merge value {transformation:[-1.9746567026207418f,0.8293909334228479f,0.8249182261301129f,0.9353288586690041f,-0.8887807420130741f,-0.011435430259146928f,-2.116030840279076f,0.3591709381587138f,-0.7605578169162184f,-2.140006636424631f,0.3310164597672912f,2.482409564031774f,0f,0f,0f,1f],start_interpolation:0}
execute if entity @s[tag=aj.mech_torso.bone.blaster_left] run data modify entity @s {} merge value {transformation:[-0.860365941719822f,0.3613689967178476f,0.35942021999283824f,1.3699520010255277f,-0.38724537742163f,-0.004982463387597724f,-0.9219632274251346f,0.888535678437713f,-0.331378128418493f,-0.9324095791387643f,0.1442252153270338f,1.4932706628792654f,0f,0f,0f,1f],start_interpolation:0}
execute if entity @s[tag=aj.mech_torso.bone.sword_left] run data modify entity @s {} merge value {transformation:[-2.2920564530954555f,0.9627044734245208f,0.9575128380382208f,0.6513297641793968f,-1.0316404023111312f,-0.013273523283624073f,-2.456154599416551f,1.8955134726900735f,-0.8828073507164057f,-2.48398418528866f,0.3842229445166256f,1.4278789046816223f,0f,0f,0f,1f],start_interpolation:0}
execute if entity @s[tag=aj.mech_torso.bone.rocket_left] run data modify entity @s {} merge value {transformation:[-1.982537296161086f,0.832700922862368f,0.8282103655868223f,1.4386680847402817f,-0.8923277483180155f,-0.01148106754775091f,-2.1244756392909454f,0.7679146548077135f,-0.7635931024983116f,-2.14854711966555f,0.3323375026458471f,0.9843021167024333f,0f,0f,0f,1f],start_interpolation:0}
execute if entity @s[tag=aj.mech_torso.bone.drillhead_left1] run data modify entity @s {} merge value {transformation:[0.3594202199928381f,0.3613689967178476f,0.8603659417198221f,0.8745093033095418f,-0.9219632274251347f,-0.004982463387597724f,0.3872453774216298f,0.619970139847161f,0.14422521532703372f,-0.9324095791387643f,0.33137812841849307f,2.3339840734841206f,0f,0f,0f,1f],start_interpolation:0}
execute if entity @s[tag=aj.mech_torso.bone.drillhead_left2] run data modify entity @s {} merge value {transformation:[-0.9324186474730172f,0.3613689967178476f,0.0028131931547227818f,0.5895979739848821f,-0.004948025874005724f,-0.004982463387597724f,-0.9999753457453546f,0.8583740884278751f,-0.361346070802686f,-0.9324095791387643f,0.006433804918771158f,2.2222885670168244f,0f,0f,0f,1f],start_interpolation:0}
execute if entity @s[tag=aj.mech_torso.bone.drillhead_left3] run data modify entity @s {} merge value {transformation:[0.6573303205764673f,0.3613689967178476f,-0.6613087764894514f,0.916013879569588f,0.7105881306448987f,-0.004982463387597724f,0.7035905653469068f,1.0054327499399125f,0.2509608699327991f,-0.9324095791387643f,-0.26005964410658805f,2.3480100058992477f,0f,0f,0f,1f],start_interpolation:0}
execute if entity @s[tag=aj.mech_torso.bone.drill_left] run data modify entity @s {} merge value {transformation:[0.5494835791845758f,0.5524628795976443f,1.3153321120167816f,0.9645602559291624f,-1.4095023760550278f,-0.00761721701530275f,0.5920228305813153f,0.8652951685110866f,0.2204922904118855f,-1.42547281513923f,0.5066126776910544f,1.8132847087047654f,0f,0f,0f,1f],start_interpolation:0}
execute if entity @s[tag=aj.mech_torso.bone.left_hand] run data modify entity @s {} merge value {transformation:[-0.860365941719822f,0.3613689967178476f,0.35942021999283824f,1.2355198226318056f,-0.38724537742163f,-0.004982463387597724f,-0.9219632274251346f,0.8280285882155832f,-0.331378128418493f,-0.9324095791387643f,0.1442252153270338f,1.4414928303138759f,0f,0f,0f,1f],start_interpolation:0}
execute if entity @s[tag=aj.mech_torso.bone.left_arm_low] run data modify entity @s {} merge value {transformation:[-0.6338505492412141f,0.3613689967178476f,0.6838464224061916f,1.5786433607222707f,-0.7347102161703939f,-0.004982463387597724f,-0.6783627888625999f,0.7559278991653796f,-0.24173204065962026f,-0.9324095791387643f,0.2686596308506513f,0.5023706120979682f,0f,0f,0f,1f],start_interpolation:0}
execute if entity @s[tag=aj.mech_torso.bone.left_arm] run data modify entity @s {} merge value {transformation:[-0.7014787053837145f,-0.5497422420875483f,0.6561120877500821f,1f,-0.8130995104261807f,0.6930677580953225f,-0.28861435752134174f,1.4375f,-0.26752343929443123f,-0.6649906228566739f,-0.8432026206522366f,-0.18117374999999988f,0f,0f,0f,1f],start_interpolation:0}
execute if entity @s[tag=aj.mech_torso.bone.drillhead_right1] run data modify entity @s {} merge value {transformation:[-0.37944720952591904f,-0.3613916925484576f,0.8517134845357061f,-0.8715006297679005f,-0.9139031143654474f,0.0029019454222183605f,-0.40592200761464325f,0.6759008340422882f,0.14422521532703367f,-0.9324095791387644f,-0.33137812841849273f,2.326075972029778f,0f,0f,0f,1f],start_interpolation:0}
execute if entity @s[tag=aj.mech_torso.bone.drillhead_right2] run data modify entity @s {} merge value {transformation:[-0.6416724953836731f,-0.3613916925484576f,-0.6765001502032733f,-0.9285173694005345f,0.7247586152855743f,0.0029019454222183605f,-0.6889967549140588f,1.0050185347704281f,0.25096086993279887f,-0.9324095791387644f,0.2600596441065879f,2.3491993484158784f,0f,0f,0f,1f],start_interpolation:0}
execute if entity @s[tag=aj.mech_torso.bone.drillhead_right3] run data modify entity @s {} merge value {transformation:[0.9320888164691413f,-0.3613916925484576f,0.024626870895763542f,-0.6052885534817894f,-0.02528745397654497f,0.0029019454222183605f,0.9996760092070585f,0.8511117585934478f,-0.36134607080268566f,-0.9324095791387644f,-0.006433804918771241f,2.2234404109774704f,0f,0f,0f,1f],start_interpolation:0}
execute if entity @s[tag=aj.mech_torso.bone.drill_right] run data modify entity @s {} merge value {transformation:[-0.5801009492622766f,-0.5524975771064167f,1.3021041886062288f,-1.0460600606656973f,-1.3971800315504321f,0.004436509880358467f,-0.6205757639854745f,0.8409436224144505f,0.22049229041188542f,-1.4254728151392302f,-0.506612677691054f,1.6687630643058307f,0f,0f,0f,1f],start_interpolation:0}
execute if entity @s[tag=aj.mech_torso.bone.barrel_right] run data modify entity @s {} merge value {transformation:[-1.9547981380910953f,-0.8294430234369481f,-0.8708828874412778f,-0.9588678731628462f,0.9316461452149736f,0.00666035892491099f,-2.09753178597507f,0.35801675776118946f,0.7605578169162179f,-2.140006636424631f,0.3310164597672907f,2.482409564031774f,0f,0f,0f,1f],start_interpolation:0}
execute if entity @s[tag=aj.mech_torso.bone.blaster_right] run data modify entity @s {} merge value {transformation:[-0.8517134845357062f,-0.3613916925484576f,-0.37944720952591887f,-1.3818395560305075f,0.40592200761464303f,0.0029019454222183605f,-0.9139031143654475f,0.8967367774510185f,0.3313781284184928f,-0.9324095791387644f,0.14422521532703358f,1.4932706628792651f,0f,0f,0f,1f],start_interpolation:0}
execute if entity @s[tag=aj.mech_torso.bone.rocket_right] run data modify entity @s {} merge value {transformation:[-1.9625994787288237f,-0.83275322076082f,-0.8743584657775312f,-1.2402422498074754f,0.9353642216705538f,0.006686939535834583f,-2.105902757709693f,0.6761629899208386f,0.763593102498311f,-2.1485471196655506f,0.3323375026458466f,0.9014575845978098f,0f,0f,0f,1f],start_interpolation:0}
execute if entity @s[tag=aj.mech_torso.bone.sword_right] run data modify entity @s {} merge value {transformation:[-2.269005888954874f,-0.962764936214231f,-1.0108657061255084f,-0.6414212270025501f,1.0813958478491106f,0.0077309228654851205f,-2.434682068653413f,1.8877982767771369f,0.8828073507164051f,-2.4839841852886604f,0.384222944516625f,1.4278789046816225f,0f,0f,0f,1f],start_interpolation:0}
execute if entity @s[tag=aj.mech_torso.bone.right_hand] run data modify entity @s {} merge value {transformation:[-0.8517134845357062f,-0.3613916925484576f,-0.37944720952591887f,-1.2487593240718033f,0.40592200761464303f,0.0029019454222183605f,-0.9139031143654475f,0.8333114637612306f,0.3313781284184928f,-0.9324095791387644f,0.14422521532703358f,1.4414928303138757f,0f,0f,0f,1f],start_interpolation:0}
execute if entity @s[tag=aj.mech_torso.bone.right_arm_low] run data modify entity @s {} merge value {transformation:[-0.6176720910756354f,-0.3613916925484576f,-0.6984820917269198f,-1.5933740762945f,0.7483627518956216f,0.0029019454222183605f,-0.6632833258027664f,0.7687131332586361f,0.24173204065962015f,-0.9324095791387644f,0.268659630850651f,0.5023706120979677f,0f,0f,0f,1f],start_interpolation:0}
execute if entity @s[tag=aj.mech_torso.bone.right_arm] run data modify entity @s {} merge value {transformation:[-0.6835741001062078f,0.5647306117849118f,-0.6622520398693049f,-1f,0.8282086920734985f,0.680910262927326f,-0.2742326653558484f,1.4375f,0.2675234392944311f,-0.6649906228566737f,-0.8432026206522368f,-0.1811737500000001f,0f,0f,0f,1f],start_interpolation:0}