execute if entity @s[tag=aj.mech_torso.bone.barrel_left] run data modify entity @s {} merge value {transformation:[-1.1005353080241576f,1.9512825999915875f,0.49896567438345657f,-0.31015717303728374f,-1.0415085605943533f,-0.0646933613633475f,-2.0441925497992806f,0.6078388587512283f,-1.7238707745801436f,-1.2066314588209097f,0.9164925360213648f,1.9609615956476392f,0f,0f,0f,1f],start_interpolation:0}
execute if entity @s[tag=aj.mech_torso.bone.blaster_left] run data modify entity @s {} merge value {transformation:[-0.47950770147917493f,0.8501817503139446f,0.2174013699480197f,0.6225083745053451f,-0.4537895079968846f,-0.028187160177526524f,-0.8906629926257583f,1.1140795583323404f,-0.7510974947728846f,-0.5257342250931014f,0.39931951857084624f,1.3940617805036073f,0f,0f,0f,1f],start_interpolation:0}
execute if entity @s[tag=aj.mech_torso.bone.sword_left] run data modify entity @s {} merge value {transformation:[-1.2774316929460936f,2.2649252749542805f,0.5791677572744054f,0.06938422471074618f,-1.2089171824632539f,-0.07509195709233925f,-2.3727692610663307f,2.071710204985521f,-2.000960029120545f,-1.4005813861355685f,1.0638064979161321f,0.8357648174526895f,0f,0f,0f,1f],start_interpolation:0}
execute if entity @s[tag=aj.mech_torso.bone.rocket_left] run data modify entity @s {} merge value {transformation:[-1.104927398774831f,1.959069910582067f,0.5009569803482762f,0.9862637569279475f,-1.045665083408643f,-0.06495154400592355f,-2.052350651702152f,0.973414930579954f,-1.7307505146749735f,-1.2114469652668354f,0.9201501364283409f,1.0387931543094713f,0f,0f,0f,1f],start_interpolation:0}
execute if entity @s[tag=aj.mech_torso.bone.drillhead_left1] run data modify entity @s {} merge value {transformation:[0.2174013699480196f,0.8501817503139446f,0.479507701479175f,-0.27421647202953225f,-0.8906629926257584f,-0.028187160177526524f,0.4537895079968844f,0.8570520105072201f,0.3993195185708461f,-0.5257342250931014f,0.7510974947728847f,1.7867593018548134f,0f,0f,0f,1f],start_interpolation:0}
execute if entity @s[tag=aj.mech_torso.bone.drillhead_left2] run data modify entity @s {} merge value {transformation:[-0.5262032535307227f,0.8501817503139446f,0.01735302298734412f,-0.4387863887113058f,-0.07840486740810049f,-0.028187160177526524f,-0.9965230357437026f,1.0722352695091406f,-0.846736566318238f,-0.5257342250931014f,0.08149056279935774f,1.50909097090929f,0f,0f,0f,1f],start_interpolation:0}
execute if entity @s[tag=aj.mech_torso.bone.drillhead_left3] run data modify entity @s {} merge value {transformation:[0.359811448625561f,0.8501817503139446f,-0.3843523290824352f,-0.25686725171700675f,0.7600888096052764f,-0.028187160177526524f,0.6492075827606764f,1.2445397827969447f,0.5411106383641049f,-0.5257342250931014f,-0.656355697480373f,1.7940401871478413f,0f,0f,0f,1f],start_interpolation:0}
execute if entity @s[tag=aj.mech_torso.bone.drill_left] run data modify entity @s {} merge value {transformation:[0.33236439196728623f,1.2997624650311062f,0.7330739713547457f,0.10668236858531432f,-1.361650407550803f,-0.04309268315985351f,0.6937558578521386f,1.081962562185917f,0.610481842971835f,-0.8037453310493861f,1.1482819184535495f,1.4076119832567109f,0f,0f,0f,1f],start_interpolation:0}
execute if entity @s[tag=aj.mech_torso.bone.left_hand] run data modify entity @s {} merge value {transformation:[-0.47950770147917493f,0.8501817503139446f,0.2174013699480197f,0.547585296149224f,-0.4537895079968846f,-0.028187160177526524f,-0.8906629926257583f,1.0431749477078271f,-0.7510974947728846f,-0.5257342250931014f,0.39931951857084624f,1.2767027969453442f,0f,0f,0f,1f],start_interpolation:0}
execute if entity @s[tag=aj.mech_torso.bone.left_arm_low] run data modify entity @s {} merge value {transformation:[-0.26809341088636124f,0.8501817503139446f,0.4531190952414541f,1.3951711800090665f,-0.8825859084525843f,-0.028187160177526524f,-0.46930544233159355f,0.9451603731791518f,-0.38622278187626746f,-0.5257342250931014f,0.7579152243658344f,0.7505144987464085f,0f,0f,0f,1f],start_interpolation:0}
execute if entity @s[tag=aj.mech_torso.bone.left_arm] run data modify entity @s {} merge value {transformation:[-0.29669741394970583f,-0.3804994182799012f,0.9959733007356378f,1f,-0.9767526764666759f,0.5114603681431644f,-0.09557447027356061f,1.4375f,-0.42743049973623765f,-0.904654886153578f,-0.4729425793769416f,-0.18117374999999988f,0f,0f,0f,1f],start_interpolation:0}
execute if entity @s[tag=aj.mech_torso.bone.drillhead_right1] run data modify entity @s {} merge value {transformation:[-0.22385379865379929f,-0.8503637837919833f,0.4762046955283472f,0.2526129171836593f,-0.8890632142410413f,-0.022021802395294013f,-0.4572544601233005f,0.9334989438958319f,0.39931951857084663f,-0.5257342250931017f,-0.7510974947728847f,1.811252213256246f,0f,0f,0f,1f],start_interpolation:0}
execute if entity @s[tag=aj.mech_torso.bone.drillhead_right2] run data modify entity @s {} merge value {transformation:[-0.3542906314676095f,-0.8503637837919833f,-0.3890495902443083f,0.22396098018311056f,0.7626777992727166f,-0.022021802395294013f,-0.6464036004817645f,1.2655094634138226f,0.5411106383641047f,-0.5257342250931017f,0.6563556974803736f,1.8436889440088469f,0f,0f,0f,1f],start_interpolation:0}
execute if entity @s[tag=aj.mech_torso.bone.drillhead_right3] run data modify entity @s {} merge value {transformation:[0.5256209115012087f,-0.8503637837919833f,0.02457829545798737f,0.40468416712755867f,-0.08221827444211482f,-0.022021802395294013f,0.996371013010226f,1.0921215514421132f,-0.8467365663182382f,-0.5257342250931017f,-0.08149056279935829f,1.558635904695467f,0f,0f,0f,1f],start_interpolation:0}
execute if entity @s[tag=aj.mech_torso.bone.drill_right] run data modify entity @s {} merge value {transformation:[-0.3422288999233377f,-1.3000407587983462f,0.728024317965838f,-0.14070322363926185f,-1.359204657690781f,-0.03366705078668846f,-0.6990530954314942f,1.1056635939422856f,0.6104818429718359f,-0.8037453310493865f,-1.1482819184535495f,1.4571684570899581f,0f,0f,0f,1f],start_interpolation:0}
execute if entity @s[tag=aj.mech_torso.bone.barrel_right] run data modify entity @s {} merge value {transformation:[-1.0929544607086996f,-1.9517003915499003f,-0.5137748747181197f,0.30301163720488866f,1.0494610963804745f,-0.05054302779202512f,-2.040520841103125f,0.5994124835438529f,1.723870774580144f,-1.2066314588209104f,0.9164925360213653f,1.962689119885618f,0f,0f,0f,1f],start_interpolation:0}
execute if entity @s[tag=aj.mech_torso.bone.blaster_right] run data modify entity @s {} merge value {transformation:[-0.47620469552834727f,-0.8503637837919833f,-0.22385379865379917f,-0.38676105258507343f,0.4572544601233003f,-0.022021802395294013f,-0.8890632142410414f,0.8827236613858794f,0.7510974947728848f,-0.5257342250931017f,0.39931951857084647f,1.0185130331171657f,0f,0f,0f,1f],start_interpolation:0}
execute if entity @s[tag=aj.mech_torso.bone.rocket_right] run data modify entity @s {} merge value {transformation:[-1.0973162973011161f,-1.9594893694911915f,-0.5158252822413723f,-0.8705779971027101f,1.053649356712512f,-0.05074473832621502f,-2.0486642897025664f,0.8590139149347268f,1.730750514674974f,-1.211446965266836f,0.9201501364283414f,0.8510187806162507f,0f,0f,0f,1f],start_interpolation:0}
execute if entity @s[tag=aj.mech_torso.bone.sword_right] run data modify entity @s {} merge value {transformation:[-1.2686323254478011f,-2.2654102209380604f,-0.5963573392139894f,-0.06481006903160613f,1.2181479824007113f,-0.05866714596817903f,-2.368507374126823f,2.0649456935387533f,2.000960029120546f,-1.4005813861355694f,1.0638064979161326f,0.8357648174526899f,0f,0f,0f,1f],start_interpolation:0}
execute if entity @s[tag=aj.mech_torso.bone.right_hand] run data modify entity @s {} merge value {transformation:[-0.47620469552834727f,-0.8503637837919833f,-0.22385379865379917f,-0.5504564166729428f,0.4572544601233003f,-0.022021802395294013f,-0.8890632142410414f,1.039904882053264f,0.7510974947728848f,-0.5257342250931017f,0.39931951857084647f,1.2767027969453448f,0f,0f,0f,1f],start_interpolation:0}
execute if entity @s[tag=aj.mech_torso.bone.right_arm_low] run data modify entity @s {} merge value {transformation:[-0.26168678574657184f,-0.8503637837919833f,-0.45651008902390033f,-1.3987307166377623f,0.8845066358854439f,-0.022021802395294013f,-0.46600756570454693f,0.9480386784868626f,0.3862227818762674f,-0.5257342250931017f,0.7579152243658347f,0.7505144987464087f,0f,0f,0f,1f],start_interpolation:0}
execute if entity @s[tag=aj.mech_torso.bone.right_arm] run data modify entity @s {} merge value {transformation:[-0.2896072392794809f,0.3841979839523088f,-0.996640122921974f,-1f,0.9788783343123781f,0.5086879442442745f,-0.08835021521414672f,1.4375f,0.4274304997362376f,-0.9046548861535784f,-0.47294257937694184f,-0.1811737500000001f,0f,0f,0f,1f],start_interpolation:0}