execute if entity @s[tag=aj.mech_torso.bone.barrel_left] run data modify entity @s {} merge value {transformation:[-1.812964423682259f,1.180668694991027f,0.7660482521234125f,0.5762322035949918f,-0.949898801127253f,-0.10469342716835413f,-2.086715133259796f,0.520346243979448f,-1.038508911627704f,-1.9653776259097446f,0.5713479863392471f,2.447465955636307f,0f,0f,0f,1f],start_interpolation:0}
execute if entity @s[tag=aj.mech_torso.bone.blaster_left] run data modify entity @s {} merge value {transformation:[-0.7899159593744853f,0.5144221434930439f,0.3337703333274374f,1.1701257289109463f,-0.41387476389476713f,-0.045615351234485735f,-0.9091902548657269f,1.0065885551118923f,-0.45248254876463184f,-0.8563230103271641f,0.24893863711301636f,1.5209785216426943f,0f,0f,0f,1f],start_interpolation:0}
execute if entity @s[tag=aj.mech_torso.bone.sword_left] run data modify entity @s {} merge value {transformation:[-2.104374295044999f,1.3704454540024047f,0.8891803002170707f,0.46861420595634107f,-1.1025823749625814f,-0.12152150043064634f,-2.4221267831579487f,1.9999093238918935f,-1.2054353798988362f,-2.2812858884570644f,0.6631845613032028f,1.2845600094244611f,0f,0f,0f,1f],start_interpolation:0}
execute if entity @s[tag=aj.mech_torso.bone.rocket_left] run data modify entity @s {} merge value {transformation:[-1.8201997247384794f,1.1853805874828636f,0.7691054493057196f,1.3247730778381697f,-0.9536897215167107f,-0.10511124477926566f,-2.095042937165093f,0.8622885567069841f,-1.0426534632399926f,-1.9732211878830868f,0.5736281605307701f,1.037675283054202f,0f,0f,0f,1f],start_interpolation:0}
execute if entity @s[tag=aj.mech_torso.bone.drillhead_left1] run data modify entity @s {} merge value {transformation:[0.3337703333274372f,0.5144221434930439f,0.7899159593744854f,0.5403452283460304f,-0.909190254865727f,-0.045615351234485735f,0.4138747638947669f,0.7728302834501363f,0.24893863711301625f,-0.8563230103271641f,0.4524825487646319f,2.2780277575232195f,0f,0f,0f,1f],start_interpolation:0}
execute if entity @s[tag=aj.mech_torso.bone.drillhead_left2] run data modify entity @s {} merge value {transformation:[-0.857515564049488f,0.5144221434930439f,0.006075828907298131f,0.27748441995271067f,-0.03443837598040922f,-0.045615351234485735f,-0.9983652828457061f,1.0018581769512562f,-0.5133040577208803f,-0.8563230103271641f,0.05683173683341686f,2.107918340233475f,0f,0f,0f,1f],start_interpolation:0}
execute if entity @s[tag=aj.mech_torso.bone.drillhead_left3] run data modify entity @s {} merge value {transformation:[0.6020588104907205f,0.5144221434930439f,-0.6106513301340801f,0.5771716784091789f,0.7303024707902237f,-0.045615351234485735f,0.6815992524126251f,1.1590195988138934f,0.3227746735234871f,-0.8563230103271641f,-0.4031468865265238f,2.279578784529832f,0f,0f,0f,1f],start_interpolation:0}
execute if entity @s[tag=aj.mech_torso.bone.drill_left] run data modify entity @s {} merge value {transformation:[0.5102698935136248f,0.7864513594254429f,1.20762779740316f,0.7164003285674378f,-1.3899749864192708f,-0.06973699605043432f,0.6327339808639574f,0.9937185525643475f,0.38057873683599697f,-1.3091512566044743f,0.6917577714985084f,1.768484485080104f,0f,0f,0f,1f],start_interpolation:0}
execute if entity @s[tag=aj.mech_torso.bone.left_hand] run data modify entity @s {} merge value {transformation:[-0.7899159593744853f,0.5144221434930439f,0.3337703333274374f,1.046701360258683f,-0.41387476389476713f,-0.045615351234485735f,-0.9091902548657269f,0.9419206232533349f,-0.45248254876463184f,-0.8563230103271641f,0.24893863711301636f,1.4502781233982205f,0f,0f,0f,1f],start_interpolation:0}
execute if entity @s[tag=aj.mech_torso.bone.left_arm_low] run data modify entity @s {} merge value {transformation:[-0.5407587148917522f,0.5144221434930439f,0.6655447922962383f,1.5481243588302498f,-0.7922686963474564f,-0.045615351234485735f,-0.6084649147811702f,0.8277739499102216f,-0.28264876623916624f,-0.8563230103271641f,0.43222745971039445f,0.5897966732970583f,0f,0f,0f,1f],start_interpolation:0}
execute if entity @s[tag=aj.mech_torso.bone.left_arm] run data modify entity @s {} merge value {transformation:[-0.5984545153448654f,-0.5225816239296154f,0.7704106813436953f,1f,-0.8767991446803347f,0.6241602099291788f,-0.25771936435399123f,1.4375f,-0.3128057408124156f,-0.7497362584311086f,-0.7515451349337218f,-0.18117374999999988f,0f,0f,0f,1f],start_interpolation:0}
execute if entity @s[tag=aj.mech_torso.bone.drillhead_right1] run data modify entity @s {} merge value {transformation:[-0.35002363547126775f,-0.5151575391617793f,0.7823657485193588f,-0.5819730325484457f,-0.9030575892842f,-0.03638147645441267f,-0.4279759089098429f,0.8493109199008054f,0.2489386371130163f,-0.8563230103271642f,-0.45248254876463156f,2.2922594125079474f,0f,0f,0f,1f],start_interpolation:0}
execute if entity @s[tag=aj.mech_torso.bone.drillhead_right2] run data modify entity @s {} merge value {transformation:[-0.5888634557638565f,-0.5151575391617793f,-0.6227780827153668f,-0.6339415127173363f,0.74098336054034f,-0.03638147645441267f,-0.6705371336274687f,1.1796235813484701f,0.32277467352348677f,-0.8563230103271642f,0.40314688652652375f,2.309489700453957f,0f,0f,0f,1f],start_interpolation:0}
execute if entity @s[tag=aj.mech_torso.bone.drillhead_right3] run data modify entity @s {} merge value {transformation:[0.8567599482259599f,-0.5151575391617793f,0.023981262698825f,-0.33703026024061133f,-0.0498130047590975f,-0.03638147645441267f,0.9980957132098441f,1.0173471251088955f,-0.51330405772088f,-0.8563230103271642f,-0.05683173683341705f,2.1377645321119507f,0f,0f,0f,1f],start_interpolation:0}
execute if entity @s[tag=aj.mech_torso.bone.drill_right] run data modify entity @s {} merge value {transformation:[-0.5351180298698329f,-0.7875756363071987f,1.1960849941508669f,-0.7760250066765464f,-1.380599334059627f,-0.055620198269836885f,-0.6542918877442078f,1.016940686517368f,0.380578736835997f,-1.3091512566044745f,-0.6917577714985079f,1.7983387180444081f,0f,0f,0f,1f],start_interpolation:0}
execute if entity @s[tag=aj.mech_torso.bone.barrel_right] run data modify entity @s {} merge value {transformation:[-1.7956356641994362f,-1.1823565279420198f,-0.8033517882837107f,-0.5945496343650116f,0.9822628443423826f,-0.08350043028009548f,-2.072639832729784f,0.5138775350396227f,1.0385089116277035f,-1.9653776259097449f,0.5713479863392468f,2.4485066654984657f,0f,0f,0f,1f],start_interpolation:0}
execute if entity @s[tag=aj.mech_torso.bone.blaster_right] run data modify entity @s {} merge value {transformation:[-0.7823657485193589f,-0.5151575391617793f,-0.3500236354712676f,-0.7866442002934355f,0.42797590890984266f,-0.03638147645441267f,-0.9030575892842001f,0.7957212455868298f,0.4524825487646316f,-0.8563230103271642f,0.2489386371130162f,1.294737247260378f,0f,0f,0f,1f],start_interpolation:0}
execute if entity @s[tag=aj.mech_torso.bone.rocket_right] run data modify entity @s {} merge value {transformation:[-1.8028018084701447f,-1.187075156351767f,-0.8065578589414459f,-1.1394462360149693f,0.9861829253447013f,-0.08383366944546937f,-2.0809114639736315f,0.7612121494896587f,1.0426534632399922f,-1.9732211878830872f,0.5736281605307698f,0.9245546458630435f,0f,0f,0f,1f],start_interpolation:0}
execute if entity @s[tag=aj.mech_torso.bone.sword_right] run data modify entity @s {} merge value {transformation:[-2.084260168400084f,-1.3724045836080396f,-0.9324798827045047f,-0.4586124613608209f,1.140148506838085f,-0.096922011712584f,-2.4057890656365912f,1.9902880631111328f,1.2054353798988358f,-2.281285888457065f,0.6631845613032024f,1.284560009424461f,0f,0f,0f,1f],start_interpolation:0}
execute if entity @s[tag=aj.mech_torso.bone.right_hand] run data modify entity @s {} merge value {transformation:[-0.7823657485193589f,-0.5151575391617793f,-0.3500236354712676f,-1.055582426346965f,0.42797590890984266f,-0.03638147645441267f,-0.9030575892842001f,0.9428379642745882f,0.4524825487646316f,-0.8563230103271642f,0.2489386371130162f,1.45027812339822f,0f,0f,0f,1f],start_interpolation:0}
execute if entity @s[tag=aj.mech_torso.bone.right_arm_low] run data modify entity @s {} merge value {transformation:[-0.5264618112337457f,-0.5151575391617793f,-0.6763509970106228f,-1.5589720709632173f,0.8018401563004695f,-0.03638147645441267f,-0.5964300058808543f,0.8377030403676196f,0.2826487662391661f,-0.8563230103271642f,0.4322274597103942f,0.5897966732970578f,0f,0f,0f,1f],start_interpolation:0}
execute if entity @s[tag=aj.mech_torso.bone.right_arm] run data modify entity @s {} merge value {transformation:[-0.5826322154651542f,0.5336923320278156f,-0.7749091396872965f,-1f,0.8873918235768179f,0.6146869252411851f,-0.2438600293622876f,1.4375f,0.31280574081241547f,-0.7497362584311084f,-0.751545134933722f,-0.1811737500000001f,0f,0f,0f,1f],start_interpolation:0}