execute if entity @s[tag=aj.mech_torso.bone.barrel_left] run data modify entity @s {} merge value {transformation:[-2.2488714242993755f,-0.37161697882662825f,0.2685640174486587f,1.5743193034451117f,-0.45838459128774706f,1.8528983091072508f,-1.2744802532907882f,-1.526155706181162f,-0.010458340707743707f,-1.3024274147168262f,-1.8897676962934837f,0.3356832622933497f,0f,0f,0f,1f],start_interpolation:0}
execute if entity @s[tag=aj.mech_torso.bone.blaster_left] run data modify entity @s {} merge value {transformation:[-0.9798424091672316f,-0.1619150263045266f,0.11701443267460582f,1.5905486127349968f,-0.19972002729878238f,0.8073153153712038f,-0.5552962202850542f,-0.34326733861485903f,-0.004556741503423162f,-0.567472911973689f,-0.8233794570445468f,0.1165217024978324f,0f,0f,0f,1f],start_interpolation:0}
execute if entity @s[tag=aj.mech_torso.bone.sword_left] run data modify entity @s {} merge value {transformation:[-2.6103475370712816f,-0.4313494559681969f,0.3117321043427292f,1.2386127465980812f,-0.5320638058586091f,2.15072702038913f,-1.4793359701566984f,0.10652392102576702f,-0.012139379607625303f,-1.5117752653553196f,-2.19352267024043f,1.2158520660940644f,0f,0f,0f,1f],start_interpolation:0}
execute if entity @s[tag=aj.mech_torso.bone.rocket_left] run data modify entity @s {} merge value {transformation:[-2.2578463724996767f,-0.3731000530029834f,0.26963582089594446f,1.3638041251925164f,-0.4602139435211258f,1.8602929810146696f,-1.2795665352951742f,-0.0055219489625077944f,-0.010500078561272769f,-1.3076252301434583f,-1.8973095090452379f,-0.21938796041420616f,0f,0f,0f,1f],start_interpolation:0}
execute if entity @s[tag=aj.mech_torso.bone.drillhead_left1] run data modify entity @s {} merge value {transformation:[0.1170144326746056f,-0.1619150263045266f,0.9798424091672316f,1.5219734572471841f,-0.5552962202850542f,0.8073153153712038f,0.19972002729878227f,-1.2757795308263957f,-0.8233794570445468f,-0.567472911973689f,0.004556741503422979f,0.5039599729823458f,0f,0f,0f,1f],start_interpolation:0}
execute if entity @s[tag=aj.mech_torso.bone.drillhead_left2] run data modify entity @s {} merge value {transformation:[-0.9500358316483267f,-0.1619150263045266f,-0.2668622169605069f,1.2963917866173476f,0.027985418104105153f,0.8073153153712038f,-0.5894563579609879f,-1.1258272057682182f,0.31088379655075404f,-0.567472911973689f,-0.7624472173326435f,0.7816540574114254f,0f,0f,0f,1f],start_interpolation:0}
execute if entity @s[tag=aj.mech_torso.bone.drillhead_left3] run data modify entity @s {} merge value {transformation:[0.8604768621839832f,-0.1619150263045266f,-0.48307669567348305f,1.6681741024905714f,0.39701990901198597f,0.8073153153712038f,0.43659726684349304f,-1.0499720018511605f,0.3193035569706685f,-0.567472911973689f,0.7589596383747828f,0.7834901352165343f,0f,0f,0f,1f],start_interpolation:0}
execute if entity @s[tag=aj.mech_torso.bone.drill_left] run data modify entity @s {} merge value {transformation:[0.17889229850111402f,-0.24753656925408607f,1.4979883826145801f,1.4067559799774814f,-0.8489398694263174f,1.2342280270974546f,0.3053330595511929f,-0.709227307921269f,-1.2587869739017623f,-0.8675556616369823f,0.006966371092782861f,0.43209284634473716f,0f,0f,0f,1f],start_interpolation:0}
execute if entity @s[tag=aj.mech_torso.bone.left_hand] run data modify entity @s {} merge value {transformation:[-0.9798424091672316f,-0.1619150263045266f,0.11701443267460582f,1.4374482363026169f,-0.19972002729878238f,0.8073153153712038f,-0.5552962202850542f,-0.3744735928802938f,-0.004556741503423162f,-0.567472911973689f,-0.8233794570445468f,0.11580971163792253f,0f,0f,0f,1f],start_interpolation:0}
execute if entity @s[tag=aj.mech_torso.bone.left_arm_low] run data modify entity @s {} merge value {transformation:[-0.9798424091672316f,-0.1619150263045266f,0.11701443267460582f,1.2179497604462197f,-0.19972002729878238f,0.8073153153712038f,-0.5552962202850542f,0.40300621390082814f,-0.004556741503423162f,-0.567472911973689f,-0.8233794570445468f,-0.47767860471237245f,0f,0f,0f,1f],start_interpolation:0}
execute if entity @s[tag=aj.mech_torso.bone.left_arm] run data modify entity @s {} merge value {transformation:[-1.0843858784779885f,-0.21451145026796298f,-0.0535171261885789f,0.96927f,-0.2210289891780699f,1.0457522442398663f,0.28691533271024694f,1.459815f,-0.005042919240846311f,0.29182025273316153f,-1.0675146310914487f,-0.18117374999999988f,0f,0f,0f,1f],start_interpolation:0}