execute if entity @s[tag=aj.mech_torso.bone.barrel_left] run data modify entity @s {} merge value {transformation:[-2.2527632860128755f,-0.3348949374083808f,0.28381587612641074f,1.6077271590312594f,-0.4386904296748114f,1.7716272682154006f,-1.391594776821924f,-1.4774601557783298f,-0.01602428016775437f,-1.4201516457282184f,-1.8029312297010198f,0.38029126682962006f,0f,0f,0f,1f],start_interpolation:0}
execute if entity @s[tag=aj.mech_torso.bone.blaster_left] run data modify entity @s {} merge value {transformation:[-0.9815381091153468f,-0.14591508378046505f,0.12365972941750103f,1.6384563498673945f,-0.19113920113289365f,0.7719051929237597f,-0.6063234936299372f,-0.31064059147580014f,-0.006981843921839501f,-0.6187658373429105f,-0.7855444560257414f,0.08855869907772429f,0f,0f,0f,1f],start_interpolation:0}
execute if entity @s[tag=aj.mech_torso.bone.sword_left] run data modify entity @s {} merge value {transformation:[-2.6148649636918915f,-0.38872483575354166f,0.3294354960551446f,1.2748883013395744f,-0.5092040702127502f,2.056392742699887f,-1.6152750926656783f,0.2095445766660633f,-0.018599969663569988f,-1.6484220976969852f,-2.0927283988346166f,1.1524778428016067f,0f,0f,0f,1f],start_interpolation:0}
execute if entity @s[tag=aj.mech_torso.bone.rocket_left] run data modify entity @s {} merge value {transformation:[-2.26175376611816f,-0.3362314587778583f,0.2849485477229878f,1.419862211516483f,-0.440441185115855f,1.7786975981554185f,-1.3971484473887852f,0.007551286457193995f,-0.016088230948976788f,-1.4258192829791807f,-1.8101264896080258f,-0.2710116612081272f,0f,0f,0f,1f],start_interpolation:0}
execute if entity @s[tag=aj.mech_torso.bone.drillhead_left1] run data modify entity @s {} merge value {transformation:[0.12365972941750081f,-0.14591508378046505f,0.9815381091153468f,1.5553369145138156f,-0.6063234936299372f,0.7719051929237597f,0.1911392011328935f,-1.2166786484239027f,-0.7855444560257414f,-0.6187658373429105f,0.006981843921839327f,0.5319277923144814f,0f,0f,0f,1f],start_interpolation:0}
execute if entity @s[tag=aj.mech_torso.bone.drillhead_left2] run data modify entity @s {} merge value {transformation:[-0.9541454990903265f,-0.14591508378046505f,-0.2613716795886881f,1.327185182258995f,0.05544035987865856f,0.7719051929237597f,-0.6333156713944935f,-1.0478343730584545f,0.2941644660087224f,-0.6187658373429105f,-0.7284202807961419f,0.796361512151509f,0f,0f,0f,1f],start_interpolation:0}
execute if entity @s[tag=aj.mech_torso.bone.drillhead_left3] run data modify entity @s {} merge value {transformation:[0.8595004396926716f,-0.14591508378046505f,-0.4898650655981138f,1.69961006123008f,0.40861955145313555f,0.7719051929237597f,0.4870240602963796f,-0.9752284979064105f,0.3070652314058738f,-0.6187658373429105f,0.7230766088036483f,0.7991128674250195f,0f,0f,0f,1f],start_interpolation:0}
execute if entity @s[tag=aj.mech_torso.bone.drill_left] run data modify entity @s {} merge value {transformation:[0.18905166415700958f,-0.22307577045694546f,1.5005807778803f,1.4466014744199642f,-0.9269506413137052f,1.1800928400949722f,0.2922146460293071f,-0.6547047622571457f,-1.2009446194046236f,-0.9459725637781271f,0.010673880806029207f,0.42337675559667526f,0f,0f,0f,1f],start_interpolation:0}
execute if entity @s[tag=aj.mech_torso.bone.left_hand] run data modify entity @s {} merge value {transformation:[-0.9815381091153468f,-0.14591508378046505f,0.12365972941750103f,1.4850910203181216f,-0.19113920113289365f,0.7719051929237597f,-0.6063234936299372f,-0.34050609165281476f,-0.006981843921839501f,-0.6187658373429105f,-0.7855444560257414f,0.08746778596493687f,0f,0f,0f,1f],start_interpolation:0}
execute if entity @s[tag=aj.mech_torso.bone.left_arm_low] run data modify entity @s {} merge value {transformation:[-0.9815381091153468f,-0.14591508378046505f,0.12365972941750103f,1.2816941712622443f,-0.19113920113289365f,0.7719051929237597f,-0.6063234936299372f,0.4005052920242036f,-0.006981843921839501f,-0.6187658373429105f,-0.7855444560257414f,-0.556282680873893f,0f,0f,0f,1f],start_interpolation:0}
execute if entity @s[tag=aj.mech_torso.bone.left_arm] run data modify entity @s {} merge value {transformation:[-1.0862624997189845f,-0.20792186875885185f,-0.039676904240603585f,1.03966f,-0.21153263891510013f,1.0587254258418795f,0.24315919452813797f,1.4707700000000001f,-0.007726765940876899f,0.24625382779113464f,-1.078921372445804f,-0.3061737499999999f,0f,0f,0f,1f],start_interpolation:0}