execute if entity @s[tag=aj.mech_torso.bone.barrel_left] run data modify entity @s {} merge value {transformation:[-2.2550245431225893f,-0.3129889191723209f,0.29077609915671343f,1.4987873244745087f,-0.42679013470919447f,1.7201113044950957f,-1.4583263607690096f,-1.4431911535994701f,-0.01905214634523217f,-1.4869107337275556f,-1.748251120147251f,0.6037976689192649f,0f,0f,0f,1f],start_interpolation:0}
execute if entity @s[tag=aj.mech_torso.bone.blaster_left] run data modify entity @s {} merge value {transformation:[-0.9825233480179303f,-0.13637054270454765f,0.12669232684777773f,1.538601635923422f,-0.18595419430550528f,0.7494594783947481f,-0.6353987156616406f,-0.2880449735969562f,-0.008301097507401923f,-0.6478530430018363f,-0.7617201103118083f,0.2697734282941995f,0f,0f,0f,1f],start_interpolation:0}
execute if entity @s[tag=aj.mech_torso.bone.sword_left] run data modify entity @s {} merge value {transformation:[-2.617489687748254f,-0.3632977170078124f,0.33751448218494423f,1.1692154032145532f,-0.4953909614159242f,1.9965962743183983f,-1.6927328894605345f,0.2727866910160587f,-0.02211452497943158f,-1.7259118194539707f,-2.029259190342656f,1.310792128654481f,0f,0f,0f,1f],start_interpolation:0}
execute if entity @s[tag=aj.mech_torso.bone.rocket_left] run data modify entity @s {} merge value {transformation:[-2.264024047605705f,-0.3142380165224351f,0.2919365480821695f,1.3248153618713325f,-0.42849339764811856f,1.7269760410424089f,-1.464146348255005f,0.017917003011330146f,-0.019128180939609343f,-1.4928447976626844f,-1.7552281589743277f,-0.10305764658673822f,0f,0f,0f,1f],start_interpolation:0}
execute if entity @s[tag=aj.mech_torso.bone.drillhead_left1] run data modify entity @s {} merge value {transformation:[0.1266923268477775f,-0.13637054270454765f,0.9825233480179303f,1.4466349050864924f,-0.6353987156616406f,0.7494594783947481f,0.18595419430550514f,-1.1767417687046329f,-0.7617201103118083f,-0.6478530430018363f,0.008301097507401753f,0.7453258237186013f,0f,0f,0f,1f],start_interpolation:0}
execute if entity @s[tag=aj.mech_torso.bone.drillhead_left2] run data modify entity @s {} merge value {transformation:[-0.9562162659406571f,-0.13637054270454765f,-0.2589469594974494f,1.217270190444652f,0.07135728732628333f,0.7494594783947481f,-0.6581934577232642f,-0.9970767792209938f,0.2838284522311687f,-0.6478530430018363f,-0.7069143119058491f,1.0014490629463553f,0f,0f,0f,1f],start_interpolation:0}
execute if entity @s[tag=aj.mech_torso.bone.drillhead_left3] run data modify entity @s {} merge value {transformation:[0.8592501569558025f,-0.13637054270454765f,-0.4930438548992331f,1.5900685203850102f,0.4149558355332495f,0.7494594783947481f,0.5158702790442331f,-0.9264345556869626f,0.29916688040010664f,-0.6478530430018363f,0.7005609269327896f,1.0046979068807635f,0f,0f,0f,1f],start_interpolation:0}
execute if entity @s[tag=aj.mech_torso.bone.drill_left] run data modify entity @s {} merge value {transformation:[0.19368791553498602f,-0.20848402436048544f,1.5020870164512803f,1.342016743529897f,-0.9714009982465593f,1.1457777101420656f,0.2842877795061421f,-0.6185493180850532f,-1.1645218306286234f,-0.9904412413451903f,0.012690762833593966f,0.615335052576542f,0f,0f,0f,1f],start_interpolation:0}
execute if entity @s[tag=aj.mech_torso.bone.left_hand] run data modify entity @s {} merge value {transformation:[-0.9825233480179303f,-0.13637054270454765f,0.12669232684777773f,1.3850823627956204f,-0.18595419430550528f,0.7494594783947481f,-0.6353987156616406f,-0.3171003164571914f,-0.008301097507401923f,-0.6478530430018363f,-0.7617201103118083f,0.26847638180866795f,0f,0f,0f,1f],start_interpolation:0}
execute if entity @s[tag=aj.mech_torso.bone.left_arm_low] run data modify entity @s {} merge value {transformation:[-0.9825233480179303f,-0.13637054270454765f,0.12669232684777773f,1.1912632460539452f,-0.18595419430550528f,0.7494594783947481f,-0.6353987156616406f,0.4008808149290364f,-0.008301097507401923f,-0.6478530430018363f,-0.7617201103118083f,-0.4036992332346251f,0f,0f,0f,1f],start_interpolation:0}
execute if entity @s[tag=aj.mech_torso.bone.left_arm] run data modify entity @s {} merge value {transformation:[-1.0873528578652467f,-0.20351308061986098f,-0.03190872988575932f,0.95368f,-0.2057944221051026f,1.0655155559009546f,0.21701897266721729f,1.4782100000000002f,-0.009186776188372915f,0.21915976976562443f,-1.0847380222862897f,-0.18117374999999988f,0f,0f,0f,1f],start_interpolation:0}