execute if entity @s[tag=aj.mech_torso.bone.barrel_left] run data modify entity @s {} merge value {transformation:[-2.256211916374597f,-0.3006601406239019f,0.29455010049222385f,1.5777653436191224f,-0.4203732742160528f,1.6899415151081945f,-1.4950025014324866f,-1.4260783385667628f,-0.02103787500768398f,-1.5235976006821919f,-1.7163496882807199f,0.6587277107043323f,0f,0f,0f,1f],start_interpolation:0}
execute if entity @s[tag=aj.mech_torso.bone.blaster_left] run data modify entity @s {} merge value {transformation:[-0.9830406913641335f,-0.13099884384064495f,0.12833667455073233f,1.6227130724768946f,-0.18315834213852386f,0.7363143786805041f,-0.6513786590405084f,-0.2782052200999219f,-0.00916628754696827f,-0.663837659869307f,-0.747820526939351f,0.30111468595908936f,0f,0f,0f,1f],start_interpolation:0}
execute if entity @s[tag=aj.mech_torso.bone.sword_left] run data modify entity @s {} merge value {transformation:[-2.618867915427468f,-0.3489872516022638f,0.3418951039424209f,1.2501362819826536f,-0.48794267611023096f,1.961577093333166f,-1.7353042309857682f,0.30511734977267235f,-0.02441943306235491f,-1.7684956113787276f,-1.9922300284252332f,1.3285481845902698f,0f,0f,0f,1f],start_interpolation:0}
execute if entity @s[tag=aj.mech_torso.bone.rocket_left] run data modify entity @s {} merge value {transformation:[-2.265216159507204f,-0.30186003545063056f,0.29572561095749417f,1.4116345846903469f,-0.42205092831406577f,1.69668584801925f,-1.5009688585415228f,0.020622312091154005f,-0.021121834382327728f,-1.5296780770475698f,-1.723199412715598f,-0.07897515933848737f,0f,0f,0f,1f],start_interpolation:0}
execute if entity @s[tag=aj.mech_torso.bone.drillhead_left1] run data modify entity @s {} merge value {transformation:[0.1283366745507321f,-0.13099884384064495f,0.9830406913641335f,1.525764498278166f,-0.6513786590405084f,0.7363143786805041f,0.18315834213852372f,-1.1566069800321f,-0.747820526939351f,-0.663837659869307f,0.009166287546968103f,0.7944718346032138f,0f,0f,0f,1f],start_interpolation:0}
execute if entity @s[tag=aj.mech_torso.bone.drillhead_left2] run data modify entity @s {} merge value {transformation:[-0.9573234934924635f,-0.13099884384064495f,-0.257625759037794f,1.295745278844471f,0.0800555775005097f,0.7363143786805041f,-0.6718870740380436f,-0.9710050755358183f,0.277709980588464f,-0.663837659869307f,-0.6944038652115909f,1.0457284488044585f,0f,0f,0f,1f],start_interpolation:0}
execute if entity @s[tag=aj.mech_torso.bone.drillhead_left3] run data modify entity @s {} merge value {transformation:[0.8590988552616723f,-0.13099884384064495f,-0.4947610128137611f,1.6687396990123071f,0.4184880645214729f,0.7363143786805041f,0.531703747966304f,-0.9014216502294633f,0.29464707149597785f,-0.663837659869307f,0.6873882924505526f,1.0493037789090793f,0f,0f,0f,1f],start_interpolation:0}
execute if entity @s[tag=aj.mech_torso.bone.drill_left] run data modify entity @s {} merge value {transformation:[0.1962018032101464f,-0.2002717420406488f,1.5028779337612324f,1.4234803394405506f,-0.9958312222421991f,1.1256814104963058f,0.28001346556906165f,-0.600910833375718f,-1.1432720722794008f,-1.0148786101955207f,0.014013470052529049f,0.652481991021317f,0f,0f,0f,1f],start_interpolation:0}
execute if entity @s[tag=aj.mech_torso.bone.left_hand] run data modify entity @s {} merge value {transformation:[-0.9830406913641335f,-0.13099884384064495f,0.12833667455073233f,1.4691129644512486f,-0.18315834213852386f,0.7363143786805041f,-0.6513786590405084f,-0.30682371105906625f,-0.00916628754696827f,-0.663837659869307f,-0.747820526939351f,0.29968245352987555f,0f,0f,0f,1f],start_interpolation:0}
execute if entity @s[tag=aj.mech_torso.bone.left_arm_low] run data modify entity @s {} merge value {transformation:[-0.9830406913641335f,-0.13099884384064495f,0.12833667455073233f,1.2806845984800557f,-0.18315834213852386f,0.7363143786805041f,-0.6513786590405084f,0.39768768814276423f,-0.00916628754696827f,-0.663837659869307f,-0.747820526939351f,-0.3880974907779716f,0f,0f,0f,1f],start_interpolation:0}
execute if entity @s[tag=aj.mech_torso.bone.left_arm] run data modify entity @s {} merge value {transformation:[-1.0879253987286537f,-0.20107730622199194f,-0.027535835880448254f,1.04556125f,-0.2027002688210419f,1.069013453565548f,0.20222466627433336f,1.47866f,-0.010144276958219095f,0.20383849379446323f,-1.0877127105199367f,-0.18117374999999988f,0f,0f,0f,1f],start_interpolation:0}