execute if entity @s[tag=aj.mech_torso.bone.barrel_left] run data modify entity @s {} merge value {transformation:[-2.251858337737092f,-0.34385805749395276f,0.2802573041173442f,1.5382948815959847f,-0.44336318077205294f,1.792139615379104f,-1.36356634689157f,-1.489336407625302f,-0.014546826125446246f,-1.3919934370305123f,-1.824771534895356f,0.46427084462859725f,0f,0f,0f,1f],start_interpolation:0}
execute if entity @s[tag=aj.mech_torso.bone.blaster_left] run data modify entity @s {} merge value {transformation:[-0.9811438194778269f,-0.1498203515887561f,0.12210924514664272f,1.5654559343795507f,-0.19317513775563155f,0.7808425058556536f,-0.5941113929240512f,-0.31817733095552625f,-0.006338111197679837f,-0.6064971915012345f,-0.7950603656626085f,0.19010161907366724f,0f,0f,0f,1f],start_interpolation:0}
execute if entity @s[tag=aj.mech_torso.bone.sword_left] run data modify entity @s {} merge value {transformation:[-2.613814557040206f,-0.3991286579494397f,0.32530493101750496f,1.2046366481692932f,-0.5146279037793273f,2.0802021763205776f,-1.582741466133664f,0.1850709495021141f,-0.016885034572660308f,-1.6157378321902114f,-2.118079242042863f,1.263064288677048f,0f,0f,0f,1f],start_interpolation:0}
execute if entity @s[tag=aj.mech_torso.bone.rocket_left] run data modify entity @s {} merge value {transformation:[-2.260845206313584f,-0.3452303494893592f,0.28137577392403523f,1.3448738646134273f,-0.44513258454425375f,1.7992918073816975f,-1.3690081597043404f,0.004928344640229898f,-0.014604880583137327f,-1.3975486985975003f,-1.832053956569673f,-0.16382857940550055f,0f,0f,0f,1f],start_interpolation:0}
execute if entity @s[tag=aj.mech_torso.bone.drillhead_left1] run data modify entity @s {} merge value {transformation:[0.1221092451466425f,-0.1498203515887561f,0.9811438194778269f,1.4858951779785479f,-0.5941113929240512f,0.7808425058556536f,0.19317513775563142f,-1.2309918729356668f,-0.7950603656626085f,-0.6064971915012345f,0.00633811119767966f,0.6200198112915141f,0f,0f,0f,1f],start_interpolation:0}
execute if entity @s[tag=aj.mech_torso.bone.drillhead_left2] run data modify entity @s {} merge value {transformation:[-0.9531878783217406f,-0.1498203515887561f,-0.2626532521601827f,1.2583428372699843f,0.0488860310889043f,0.7808425058556536f,-0.622812280718226f,-1.0666655590199046f,0.2984007784588936f,-0.6064971915012345f,-0.7369654890944632f,0.8877950701081537f,0f,0f,0f,1f],start_interpolation:0}
execute if entity @s[tag=aj.mech_torso.bone.drillhead_left3] run data modify entity @s {} merge value {transformation:[0.8597295082092858f,-0.1498203515887561f,-0.4882817168029551f,1.6306183060796535f,0.4058271430138567f,0.7808425058556536f,0.47496243119037784f,-0.9932887429242165f,0.3101120808795273f,-0.6064971915012345f,0.7321145087987839f,0.8903034004817323f,0f,0f,0f,1f],start_interpolation:0}
execute if entity @s[tag=aj.mech_torso.bone.drill_left] run data modify entity @s {} merge value {transformation:[0.18668127540526494f,-0.22904616503579475f,1.499977985746724f,1.3755583727386616f,-0.9082807156056679f,1.1937562525156966f,0.29532719696613885f,-0.6676830959178001f,-1.2154925936019767f,-0.927216191560208f,0.00968973873044832f,0.5203685023067761f,0f,0f,0f,1f],start_interpolation:0}
execute if entity @s[tag=aj.mech_torso.bone.left_hand] run data modify entity @s {} merge value {transformation:[-0.9811438194778269f,-0.1498203515887561f,0.12210924514664272f,1.41215221258614f,-0.19317513775563155f,0.7808425058556536f,-0.5941113929240512f,-0.3483609462298437f,-0.006338111197679837f,-0.6064971915012345f,-0.7950603656626085f,0.18911128919902975f,0f,0f,0f,1f],start_interpolation:0}
execute if entity @s[tag=aj.mech_torso.bone.left_arm_low] run data modify entity @s {} merge value {transformation:[-0.9811438194778269f,-0.1498203515887561f,0.12210924514664272f,1.2048262861908525f,-0.19317513775563155f,0.7808425058556536f,-0.5941113929240512f,0.40184213248720635f,-0.006338111197679837f,-0.6064971915012345f,-0.7950603656626085f,-0.4426276706790162f,0f,0f,0f,1f],start_interpolation:0}
execute if entity @s[tag=aj.mech_torso.bone.left_arm] run data modify entity @s {} merge value {transformation:[-1.0858261416771642f,-0.2095278654400947f,-0.04303071215572087f,0.961171875f,-0.2137857980991872f,1.055754783310204f,0.25386895947071997f,1.4690234375000002f,-0.007014350690156957f,0.25739442429036813f,-1.0763228547989927f,-0.18117374999999988f,0f,0f,0f,1f],start_interpolation:0}