execute if entity @s[tag=aj.mech_torso.bone.barrel_left] run data modify entity @s {} merge value {transformation:[-2.2836677480448753f,0.031900545309933706f,0.2269195126014278f,1.1211111211406388f,-0.21622020345990328f,0.4527019555620956f,-2.239633509415482f,-0.4862300880602775f,-0.07588763803215061f,-2.2498203901844867f,-0.44743465640774627f,1.917522673410979f,0f,0f,0f,1f],start_interpolation:0}
execute if entity @s[tag=aj.mech_torso.bone.blaster_left] run data modify entity @s {} merge value {transformation:[-0.995003308683564f,0.013899197096148792f,0.09886975285112513f,1.3390577071238767f,-0.09420802042285949f,0.197244079843682f,-0.975817412149745f,0.2128304018162846f,-0.0330645519668156f,-0.9802558774558312f,-0.19494909621881332f,0.9628846336034844f,0f,0f,0f,1f],start_interpolation:0}
execute if entity @s[tag=aj.mech_torso.bone.sword_left] run data modify entity @s {} merge value {transformation:[-2.6507369061596013f,0.0370281328586667f,0.2633938003001185f,0.9692155586620728f,-0.2509747197941515f,0.525467762167428f,-2.599624750475175f,1.316283087869759f,-0.08808556455960849f,-2.6114490365764116f,-0.5193538148665693f,1.3875106270492399f,0f,0f,0f,1f],start_interpolation:0}
execute if entity @s[tag=aj.mech_torso.bone.rocket_left] run data modify entity @s {} merge value {transformation:[-2.292781563767705f,0.032027856164002305f,0.22782511834181374f,1.1967173982433394f,-0.21708310967363484f,0.4545086291484305f,-2.2485715903201853f,0.23574385028769473f,-0.07619049555127f,-2.2587991255820334f,-0.44922030890032055f,0.4554060401170781f,0f,0f,0f,1f],start_interpolation:0}
execute if entity @s[tag=aj.mech_torso.bone.drillhead_left1] run data modify entity @s {} merge value {transformation:[0.09886975285112491f,0.013899197096148792f,0.995003308683564f,1.0941442695920145f,-0.975817412149745f,0.197244079843682f,0.09420802042285926f,-0.18672026562581673f,-0.19494909621881332f,-0.9802558774558312f,0.033064551966815556f,1.859972492328745f,0f,0f,0f,1f],start_interpolation:0}
execute if entity @s[tag=aj.mech_torso.bone.drillhead_left2] run data modify entity @s {} merge value {transformation:[-0.9570990080519114f,0.013899197096148792f,-0.2894275403380435f,0.8718233081927819f,0.286392294775999f,0.197244079843682f,-0.9375895831650204f,0.12552772741953142f,0.04405612646369093f,-0.9802558774558312f,-0.19276273611441f,1.9196497526804013f,0f,0f,0f,1f],start_interpolation:0}
execute if entity @s[tag=aj.mech_torso.bone.drillhead_left3] run data modify entity @s {} merge value {transformation:[0.8814273752955982f,0.013899197096148792f,-0.47211502242525105f,1.249360729342482f,0.46046601851016894f,0.197244079843682f,0.8654858859415399f,0.1614014637524882f,0.10515145209128435f,-0.9802558774558312f,0.16745622364186027f,1.932221316314648f,0f,0f,0f,1f],start_interpolation:0}
execute if entity @s[tag=aj.mech_torso.bone.drill_left] run data modify entity @s {} merge value {transformation:[0.1511526137032944f,0.021249167807909877f,1.521166447916688f,1.0746701289219796f,-1.4918349453721793f,0.3015478176704535f,0.1440257319159112f,0.17762312906512023f,-0.29803923427359297f,-1.498620495173811f,0.05054926614652411f,1.4057742747755175f,0f,0f,0f,1f],start_interpolation:0}
execute if entity @s[tag=aj.mech_torso.bone.left_hand] run data modify entity @s {} merge value {transformation:[-0.995003308683564f,0.013899197096148792f,0.09886975285112513f,1.1835884401420698f,-0.09420802042285949f,0.197244079843682f,-0.975817412149745f,0.1981103986252128f,-0.0330645519668156f,-0.9802558774558312f,-0.19494909621881332f,0.9577182973586695f,0f,0f,0f,1f],start_interpolation:0}
execute if entity @s[tag=aj.mech_torso.bone.left_arm_low] run data modify entity @s {} merge value {transformation:[-0.995003308683564f,0.013899197096148792f,0.09886975285112513f,1.1383896102220934f,-0.09420802042285949f,0.197244079843682f,-0.975817412149745f,0.35897218306278655f,-0.0330645519668156f,-0.9802558774558312f,-0.19494909621881332f,-0.030696273851925582f,0f,0f,0f,1f],start_interpolation:0}
execute if entity @s[tag=aj.mech_torso.bone.left_arm] run data modify entity @s {} merge value {transformation:[-1.101164357534133f,-0.09226952616633137f,0.06078956136960155f,1.0135f,-0.1042594666551928f,1.0692847731927024f,-0.26557864365387845f,1.443f,-0.03659234678512169f,-0.2699784933903064f,-1.0726344166571784f,-0.3061737499999999f,0f,0f,0f,1f],start_interpolation:0}