execute if entity @s[tag=aj.mech_torso.bone.barrel_left] run data modify entity @s {} merge value {transformation:[-2.275586429413994f,-0.07645384259555292f,0.28898045897593355f,1.212263193000229f,-0.2938184766604467f,0.9803612684030122f,-2.0543152094162345f,-0.9096428774928732f,-0.055005440553651315f,-2.0738117288747087f,-0.9817982522605584f,1.5987328350477086f,0f,0f,0f,1f],start_interpolation:0}
execute if entity @s[tag=aj.mech_torso.bone.blaster_left] run data modify entity @s {} merge value {transformation:[-0.9914822453488744f,-0.033311249593674555f,0.12590995913136593f,1.3656631577500904f,-0.12801790307710037f,0.4271473845533523f,-0.8950734765151813f,0.0071337600316417026f,-0.02396609375130723f,-0.9035681891920159f,-0.427773484253717f,0.8348551500747221f,0f,0f,0f,1f],start_interpolation:0}
execute if entity @s[tag=aj.mech_torso.bone.sword_left] run data modify entity @s {} merge value {transformation:[-2.6413566232512604f,-0.08874277896127938f,0.33543021677398355f,0.9739764106238324f,-0.34104588132937746f,1.1379412779070508f,-2.3845190033211416f,0.9587160241336913f,-0.06384683211468044f,-2.407149328470008f,-1.1396092377703078f,1.5246166785897106f,0f,0f,0f,1f],start_interpolation:0}
execute if entity @s[tag=aj.mech_torso.bone.rocket_left] run data modify entity @s {} merge value {transformation:[-2.284667993663787f,-0.07675895976214364f,0.29013374173909384f,1.201957804563202f,-0.29499106731183994f,0.984273760467444f,-2.0625137095138317f,0.14476256267032211f,-0.05522495998654089f,-2.0820880370009616f,-0.9857164791373706f,0.3525905105642151f,0f,0f,0f,1f],start_interpolation:0}
execute if entity @s[tag=aj.mech_torso.bone.drillhead_left1] run data modify entity @s {} merge value {transformation:[0.1259099591313657f,-0.033311249593674555f,0.9914822453488744f,1.1721918296014409f,-0.8950734765151813f,0.4271473845533523f,0.12801790307710018f,-0.6065932960924608f,-0.427773484253717f,-0.9035681891920159f,0.023966093751307135f,1.6160708051758057f,0f,0f,0f,1f],start_interpolation:0}
execute if entity @s[tag=aj.mech_torso.bone.drillhead_left2] run data modify entity @s {} merge value {transformation:[-0.9641938086554983f,-0.033311249593674555f,-0.263098194598352f,0.9413912157580084f,0.22425666976383668f,0.4271473845533523f,-0.8759303955998241f,-0.3280797483631259f,0.14156004173790682f,-0.9035681891920159f,-0.4043825936701821f,1.756242395814282f,0f,0f,0f,1f],start_interpolation:0}
execute if entity @s[tag=aj.mech_torso.bone.drillhead_left3] run data modify entity @s {} merge value {transformation:[0.8678264979968199f,-0.033311249593674555f,-0.49574946295995476f,1.3175890674025317f,0.4608029106597297f,0.4271473845533523f,0.7779497344923718f,-0.27938747555570986f,0.18584360872006545f,-0.9035681891920159f,0.3860397396359146f,1.7653918507683168f,0f,0f,0f,1f],start_interpolation:0}
execute if entity @s[tag=aj.mech_torso.bone.drill_left] run data modify entity @s {} merge value {transformation:[0.19249182753231053f,-0.05092641881474496f,1.5157834272181883f,1.1210469785312298f,-1.3683931792110737f,0.6530252352201648f,0.1957144636545791f,-0.14514571104880603f,-0.6539824198334555f,-1.3813799419644452f,0.0366394939433395f,1.264116685005767f,0f,0f,0f,1f],start_interpolation:0}
execute if entity @s[tag=aj.mech_torso.bone.left_hand] run data modify entity @s {} merge value {transformation:[-0.9914822453488744f,-0.033311249593674555f,0.12590995913136593f,1.2107440569143288f,-0.12801790307710037f,0.4271473845533523f,-0.8950734765151813f,-0.01286903732415523f,-0.02396609375130723f,-0.9035681891920159f,-0.427773484253717f,0.8311104479260804f,0f,0f,0f,1f],start_interpolation:0}
execute if entity @s[tag=aj.mech_torso.bone.left_arm_low] run data modify entity @s {} merge value {transformation:[-0.9914822453488744f,-0.033311249593674555f,0.12590995913136593f,1.1193998532092049f,-0.12801790307710037f,0.4271473845533523f,-0.8950734765151813f,0.37830618214577894f,-0.02396609375130723f,-0.9035681891920159f,-0.427773484253717f,-0.0873235435083208f,0f,0f,0f,1f],start_interpolation:0}
execute if entity @s[tag=aj.mech_torso.bone.left_arm] run data modify entity @s {} merge value {transformation:[-1.0972676172811682f,-0.13905344929365637f,0.037945919934456764f,0.9470625f,-0.1416766665643257f,1.0940969151870796f,-0.08747365811125829f,1.4865000000000002f,-0.026523136152358164f,-0.09158633605337083f,-1.1025789970931745f,-0.18117374999999988f,0f,0f,0f,1f],start_interpolation:0}