execute if entity @s[tag=aj.mech_torso.bone.barrel_left] run data modify entity @s {} merge value {transformation:[-2.2456362106467744f,-0.40005106584087036f,0.25441235740873963f,1.6594481703910033f,-0.47405339625977777f,1.9111495547286097f,-1.1791646409242011f,-1.5537077457634898f,-0.006315091231234211f,-1.2062814835812214f,-1.9525607789368609f,0.07557174812748046f,0f,0f,0f,1f],start_interpolation:0}
execute if entity @s[tag=aj.mech_torso.bone.blaster_left] run data modify entity @s {} merge value {transformation:[-0.978432813445003f,-0.17430387344868276f,0.11084849694462076f,1.664910078005229f,-0.20654698923474513f,0.8326956195672993f,-0.5137668210302155f,-0.361483453998373f,-0.0027515108864221375f,-0.5255817394603972f,-0.850738658069342f,-0.08595681153328905f,0f,0f,0f,1f],start_interpolation:0}
execute if entity @s[tag=aj.mech_torso.bone.sword_left] run data modify entity @s {} merge value {transformation:[-2.606592305936805f,-0.4643539435545076f,0.29530575353782207f,1.3232257975583679f,-0.5502511624258407f,2.2183413774822314f,-1.3686996432875107f,0.03175631908123999f,-0.007330157991121419f,-1.4001751570399055f,-2.2664089041318674f,1.038014990964919f,0f,0f,0f,1f],start_interpolation:0}
execute if entity @s[tag=aj.mech_torso.bone.rocket_left] run data modify entity @s {} merge value {transformation:[-2.2545982475375923f,-0.4016476166950464f,0.2554276834538786f,1.4318060452391448f,-0.47594528061992253f,1.918776699647338f,-1.1838705309353292f,-0.009519037597040758f,-0.0063402939244909685f,-1.2110955933222876f,-1.9603531905703353f,-0.402348770968825f,0f,0f,0f,1f],start_interpolation:0}
execute if entity @s[tag=aj.mech_torso.bone.drillhead_left1] run data modify entity @s {} merge value {transformation:[0.11084849694462054f,-0.17430387344868276f,0.978432813445003f,1.6074262662870409f,-0.5137668210302155f,0.8326956195672993f,0.20654698923474502f,-1.312195903912842f,-0.850738658069342f,-0.5255817394603972f,0.0027515108864219484f,0.2564339053054581f,0f,0f,0f,1f],start_interpolation:0}
execute if entity @s[tag=aj.mech_torso.bone.drillhead_left2] run data modify entity @s {} merge value {transformation:[-0.946373933562551f,-0.17430387344868276f,-0.2720193698509905f,1.3841981752761356f,0.005785514651333673f,0.8326956195672993f,-0.553700761218233f,-1.1775893659657277f,0.32302152512419907f,-0.5255817394603972f,-0.7870329913365891f,0.5437266023357262f,0f,0f,0f,1f],start_interpolation:0}
execute if entity @s[tag=aj.mech_torso.bone.drillhead_left3] run data modify entity @s {} merge value {transformation:[0.8615341669959939f,-0.17430387344868276f,-0.47684068492454024f,1.7554464269101886f,0.3874345863629537f,0.8326956195672993f,0.395616539648178f,-1.0991490957650796f,0.32810565430709354f,-0.5255817394603972f,0.7849270760761774f,0.5448812488489622f,0f,0f,0f,1f],start_interpolation:0}
execute if entity @s[tag=aj.mech_torso.bone.drill_left] run data modify entity @s {} merge value {transformation:[0.16946578255829434f,-0.26647670587432737f,1.4958333850391268f,1.4874641275797764f,-0.7854494988946075f,1.2730295736290933f,0.31577015593826985f,-0.7436947778855616f,-1.3006138686241413f,-0.803512210188144f,0.004206524747179176f,0.21357451636004116f,0f,0f,0f,1f],start_interpolation:0}
execute if entity @s[tag=aj.mech_torso.bone.left_hand] run data modify entity @s {} merge value {transformation:[-0.978432813445003f,-0.17430387344868276f,0.11084849694462076f,1.5120299509044473f,-0.20654698923474513f,0.8326956195672993f,-0.5137668210302155f,-0.39375642106630193f,-0.0027515108864221375f,-0.5255817394603972f,-0.850738658069342f,-0.08638673510929251f,0f,0f,0f,1f],start_interpolation:0}
execute if entity @s[tag=aj.mech_torso.bone.left_arm_low] run data modify entity @s {} merge value {transformation:[-0.978432813445003f,-0.17430387344868276f,0.11084849694462076f,1.2800380421449713f,-0.20654698923474513f,0.8326956195672993f,-0.5137668210302155f,0.40997479851663154f,-0.0027515108864221375f,-0.5255817394603972f,-0.850738658069342f,-0.6387260270647581f,0f,0f,0f,1f],start_interpolation:0}
execute if entity @s[tag=aj.mech_torso.bone.left_arm] run data modify entity @s {} merge value {transformation:[-1.0828258871148397f,-0.21924547628674523f,-0.06474177828718085f,1.0265900000000001f,-0.22858434812865525f,1.0342276308676943f,0.3207715415594437f,1.4548550000000002f,-0.003045081047523209f,0.3272256212640179f,-1.0572067436428032f,-0.3061737499999999f,0f,0f,0f,1f],start_interpolation:0}