execute if entity @s[tag=aj.mech_torso.bone.barrel_left] run data modify entity @s {} merge value {transformation:[-2.2645241843908557f,-0.21118342854536057f,0.3081886942563753f,1.4950921499906176f,-0.3720476591380545f,1.4472660170610236f,-1.7420247152784336f,-1.252241993764307f,-0.034047776572297316f,-1.7687484639763909f,-1.462196332077993f,0.9188812615415329f,0f,0f,0f,1f],start_interpolation:0}
execute if entity @s[tag=aj.mech_torso.bone.blaster_left] run data modify entity @s {} merge value {transformation:[-0.9866623802836023f,-0.09201347714511912f,0.134279065221503f,1.5801055091012972f,-0.16210267546462043f,0.6305796790070989f,-0.7590072404335257f,-0.17243212330357013f,-0.014834754474138524f,-0.7706508862299251f,-0.6370848778716407f,0.3951414002325162f,0f,0f,0f,1f],start_interpolation:0}
execute if entity @s[tag=aj.mech_torso.bone.sword_left] run data modify entity @s {} merge value {transformation:[-2.6285162697572306f,-0.24512835043265938f,0.3577259199049031f,1.1915729031738698f,-0.4318493624003963f,1.6798947428927302f,-2.022031973864867f,0.5664321846558081f,-0.039520502932237946f,-2.0530512090426885f,-1.6972249070858147f,1.3104666036450612f,0f,0f,0f,1f],start_interpolation:0}
execute if entity @s[tag=aj.mech_torso.bone.rocket_left] run data modify entity @s {} merge value {transformation:[-2.2735616006849284f,-0.21202623365706108f,0.3094186345441938f,1.3883252151857688f,-0.373532452102529f,1.4530418641791958f,-1.7489769053477882f,0.070091220631537f,-0.03418365674213273f,-1.7758073049897212f,-1.4680317641072649f,-0.032319778136008004f,0f,0f,0f,1f],start_interpolation:0}
execute if entity @s[tag=aj.mech_torso.bone.drillhead_left1] run data modify entity @s {} merge value {transformation:[0.1342790652215028f,-0.09201347714511912f,0.9866623802836023f,1.4458913128103745f,-0.7590072404335257f,0.6305796790070989f,0.16210267546462026f,-0.9643957202054555f,-0.6370848778716407f,-0.7706508862299251f,0.014834754474138382f,1.0109093473567432f,0f,0f,0f,1f],start_interpolation:0}
execute if entity @s[tag=aj.mech_torso.bone.drillhead_left2] run data modify entity @s {} merge value {transformation:[-0.9629435522166284f,-0.09201347714511912f,-0.2535216662695439f,1.2131742407926196f,0.1406961519319744f,0.6305796790070989f,-0.7632652627067729f,-0.73838498872668f,0.23009630174332685f,-0.7706508862299251f,-0.5942666938985184f,1.2236267845576414f,0f,0f,0f,1f],start_interpolation:0}
execute if entity @s[tag=aj.mech_torso.bone.drillhead_left3] run data modify entity @s {} merge value {transformation:[0.8601708050691476f,-0.09201347714511912f,-0.5016370262753331f,1.5875421247288275f,0.44022283998613887f,0.6305796790070989f,0.6391972462220425f,-0.6767770654654064f,0.2575073538003002f,-0.7706508862299251f,0.582912664377605f,1.229338597546647f,0f,0f,0f,1f],start_interpolation:0}
execute if entity @s[tag=aj.mech_torso.bone.drill_left] run data modify entity @s {} merge value {transformation:[0.2052865622555701f,-0.14067070226579265f,1.5084147913987977f,1.3621575028362867f,-1.1603743804639932f,0.9640336289059808f,0.2478234483064702f,-0.4344016856732853f,-0.9739788121665861f,-1.1781752492272766f,0.022679452994982828f,0.7839372242538889f,0f,0f,0f,1f],start_interpolation:0}
execute if entity @s[tag=aj.mech_torso.bone.left_hand] run data modify entity @s {} merge value {transformation:[-0.9866623802836023f,-0.09201347714511912f,0.134279065221503f,1.4259395121819844f,-0.16210267546462043f,0.6305796790070989f,-0.7590072404335257f,-0.19776066634491707f,-0.014834754474138524f,-0.7706508862299251f,-0.6370848778716407f,0.3928234698459321f,0f,0f,0f,1f],start_interpolation:0}
execute if entity @s[tag=aj.mech_torso.bone.left_arm_low] run data modify entity @s {} merge value {transformation:[-0.9866623802836023f,-0.09201347714511912f,0.134279065221503f,1.2764558570573121f,-0.16210267546462043f,0.6305796790070989f,-0.7590072404335257f,0.39896861918209536f,-0.014834754474138524f,-0.7706508862299251f,-0.6370848778716407f,-0.3986634909721154f,0f,0f,0f,1f],start_interpolation:0}
execute if entity @s[tag=aj.mech_torso.bone.left_arm] run data modify entity @s {} merge value {transformation:[-1.0919335007293112f,-0.18014291291706974f,0.0013188801357161724f,1.0625f,-0.17939808533775523f,1.088098841453267f,0.0928935774918459f,1.5f,-0.01641753624046134f,0.09144080428254721f,-1.1027878410419576f,-0.3061737499999999f,0f,0f,0f,1f],start_interpolation:0}