execute if entity @s[tag=aj.mech_torso.bone.barrel_left] run data modify entity @s {} merge value {transformation:[-2.284192791296574f,0.039078557233515256f,0.22041926413997798f,1.0958891452926602f,-0.2100000000789032f,0.4086759871457493f,-2.2486734825109678f,-0.4502794640224924f,-0.07753570536419438f,-2.258119858941436f,-0.4031518454610901f,2.072819892327303f,0f,0f,0f,1f],start_interpolation:0}
execute if entity @s[tag=aj.mech_torso.bone.blaster_left] run data modify entity @s {} merge value {transformation:[-0.9952320721598135f,0.0170266860313708f,0.09603756820782704f,1.3186044413957516f,-0.0914978525579945f,0.17806178667526182f,-0.9797561651264508f,0.22931565142872637f,-0.03378262159394097f,-0.9838719896860582f,-0.17565489571724988f,1.1053135895921424f,0f,0f,0f,1f],start_interpolation:0}
execute if entity @s[tag=aj.mech_torso.bone.sword_left] run data modify entity @s {} merge value {transformation:[-2.651346343117231f,0.04535991454406334f,0.25584872352144794f,0.9514555475053283f,-0.24375470161070434f,0.4743652060225868f,-2.6101177787781795f,1.3420651494970177f,-0.08999853675296914f,-2.621082534336494f,-0.46795313217738005f,1.5074187048432037f,0f,0f,0f,1f],start_interpolation:0}
execute if entity @s[tag=aj.mech_torso.bone.rocket_left] run data modify entity @s {} merge value {transformation:[-2.2933087023975274f,0.03923451458311009f,0.22129892824910824f,1.1776151211494554f,-0.21083808228422918f,0.41030695891928354f,-2.2576476407517903f,0.24281524498376744f,-0.07784514010190255f,-2.2671317164202978f,-0.4047607711163202f,0.5971206291427319f,0f,0f,0f,1f],start_interpolation:0}
execute if entity @s[tag=aj.mech_torso.bone.drillhead_left1] run data modify entity @s {} merge value {transformation:[0.09603756820782682f,0.0170266860313708f,0.9952320721598135f,1.0700857276422842f,-0.9797561651264508f,0.17806178667526182f,0.09149785255799428f,-0.15185893897812283f,-0.17565489571724988f,-0.9838719896860582f,0.03378262159394093f,2.009379037749447f,0f,0f,0f,1f],start_interpolation:0}
execute if entity @s[tag=aj.mech_torso.bone.drillhead_left2] run data modify entity @s {} merge value {transformation:[-0.9562265278050153f,0.0170266860313708f,-0.2921316817545703f,0.8486795039140329f,0.2904034589043815f,0.17806178667526182f,-0.9401913800830046f,0.1622360267299001f,0.036009145759593256f,-0.9838719896860582f,-0.175212012524432f,2.062392536527379f,0f,0f,0f,1f],start_interpolation:0}
execute if entity @s[tag=aj.mech_torso.bone.drillhead_left3] run data modify entity @s {} merge value {transformation:[0.8827225553294802f,0.0170266860313708f,-0.469585968993306f,1.2263040966909364f,0.45946944539851436f,0.17806178667526182f,0.8701619555411484f,0.19708191206755035f,0.09843129105002495f,-0.9838719896860582f,0.14935591335271134f,2.075234060742812f,0f,0f,0f,1f],start_interpolation:0}
execute if entity @s[tag=aj.mech_torso.bone.drill_left] run data modify entity @s {} merge value {transformation:[0.1468227544796201f,0.02603048983264235f,1.5215161827583137f,1.052989543182985f,-1.4978565322578792f,0.2722218239704848f,0.13988241260402967f,0.2036299503504325f,-0.2685421560365501f,-1.5041488271386565f,0.05164705488201719f,1.5481234228468586f,0f,0f,0f,1f],start_interpolation:0}
execute if entity @s[tag=aj.mech_torso.bone.left_hand] run data modify entity @s {} merge value {transformation:[-0.9952320721598135f,0.0170266860313708f,0.09603756820782704f,1.1630994301207809f,-0.0914978525579945f,0.17806178667526182f,-0.9797561651264508f,0.21501911196653972f,-0.03378262159394097f,-0.9838719896860582f,-0.17565489571724988f,1.100035054968089f,0f,0f,0f,1f],start_interpolation:0}
execute if entity @s[tag=aj.mech_torso.bone.left_arm_low] run data modify entity @s {} merge value {transformation:[-0.9952320721598135f,0.0170266860313708f,0.09603756820782704f,1.120925285648658f,-0.0914978525579945f,0.17806178667526182f,-0.9797561651264508f,0.3567449026967253f,-0.03378262159394097f,-0.9838719896860582f,-0.17565489571724988f,0.10856243594124546f,0f,0f,0f,1f],start_interpolation:0}
execute if entity @s[tag=aj.mech_torso.bone.left_arm] run data modify entity @s {} merge value {transformation:[-1.1014175287388448f,-0.08836267596158334f,0.06199551127099802f,1f,-0.10126013968845927f,1.0659819921298348f,-0.27964397919356393f,1.4375f,-0.037387030252721845f,-0.28398311302935764f,-1.0689844620091844f,-0.18117374999999988f,0f,0f,0f,1f],start_interpolation:0}