execute if entity @s[tag=aj.mech_torso.bone.barrel_left] run data modify entity @s {} merge value {transformation:[-2.2689860852378545f,-0.1588623211113942f,0.30677907584903796f,1.4243586074301395f,-0.34292134904185834f,1.2828567669398423f,-1.8719860996649147f,-1.1450264445720149f,-0.041899723376193326f,-1.8964940737841625f,-1.291976445115484f,1.136733853491443f,0f,0f,0f,1f],start_interpolation:0}
execute if entity @s[tag=aj.mech_torso.bone.blaster_left] run data modify entity @s {} merge value {transformation:[-0.9886064485963342f,-0.0692169582314747f,0.13366488875888813f,1.5346967584458844f,-0.149412223913483f,0.5589459012875457f,-0.8156319432066649f,-0.11866369064003338f,-0.01825587957264403f,-0.8263101670238817f,-0.5629193820912491f,0.5187329961560437f,0f,0f,0f,1f],start_interpolation:0}
execute if entity @s[tag=aj.mech_torso.bone.sword_left] run data modify entity @s {} merge value {transformation:[-2.6336953617056498f,-0.18439732221496313f,0.35608972412330137f,1.1417683550824562f,-0.3980413860963412f,1.4890588967485843f,-2.172882918913144f,0.7056970599549827f,-0.04863454554903637f,-2.2013302232763605f,-1.4996444416612222f,1.3558320955200045f,0f,0f,0f,1f],start_interpolation:0}
execute if entity @s[tag=aj.mech_torso.bone.rocket_left] run data modify entity @s {} merge value {transformation:[-2.2780413083876434f,-0.15949631960839525f,0.3080033905363658f,1.3539725772844002f,-0.3442899027578126f,1.2879764785015106f,-1.8794569484180448f,0.08648660356684121f,-0.04206693962646226f,-1.9040627306181985f,-1.2971325521056976f,0.06754297008017413f,0f,0f,0f,1f],start_interpolation:0}
execute if entity @s[tag=aj.mech_torso.bone.drillhead_left1] run data modify entity @s {} merge value {transformation:[0.1336648887588879f,-0.0692169582314747f,0.9886064485963342f,1.3779552475943981f,-0.8156319432066649f,0.5589459012875457f,0.1494122239134828f,-0.8493545481683158f,-0.5629193820912491f,-0.8263101670238817f,0.018255879572643904f,1.2013111407738972f,0f,0f,0f,1f],start_interpolation:0}
execute if entity @s[tag=aj.mech_torso.bone.drillhead_left2] run data modify entity @s {} merge value {transformation:[-0.964504601983774f,-0.0692169582314747f,-0.2548330540673724f,1.1450769345051257f,0.17408993599227432f,0.5589459012875457f,-0.8107232410755589f,-0.6017780978780727f,0.1985536877983581f,-0.8263101670238817f,-0.5270559182237089f,1.3882881099326252f,0f,0f,0f,1f],start_interpolation:0}
execute if entity @s[tag=aj.mech_torso.bone.drillhead_left3] run data modify entity @s {} merge value {transformation:[0.8622019251498756f,-0.0692169582314747f,-0.5018135639468414f,1.5201825677152838f,0.45016772715359477f,0.5589459012875457f,0.6963680757065331f,-0.5449781576573245f,0.2322861547686713f,-0.8263101670238817f,0.5130834729123026f,1.3952884144965882f,0f,0f,0f,1f],start_interpolation:0}
execute if entity @s[tag=aj.mech_torso.bone.drill_left] run data modify entity @s {} merge value {transformation:[0.20434760595273527f,-0.10581926066946894f,1.5113868935656722f,1.3061682566882085f,-1.2469425327807084f,0.8545195215120319f,0.22842221723514539f,-0.34115460938731995f,-0.8605942004877547f,-1.2632674591928483f,0.02790968757667235f,0.9256286741607522f,0f,0f,0f,1f],start_interpolation:0}
execute if entity @s[tag=aj.mech_torso.bone.left_hand] run data modify entity @s {} merge value {transformation:[-0.9886064485963342f,-0.0692169582314747f,0.13366488875888813f,1.380227000852707f,-0.149412223913483f,0.5589459012875457f,-0.8156319432066649f,-0.1420093506265151f,-0.01825587957264403f,-0.8263101670238817f,-0.5629193820912491f,0.5158805149728181f,0f,0f,0f,1f],start_interpolation:0}
execute if entity @s[tag=aj.mech_torso.bone.left_arm_low] run data modify entity @s {} merge value {transformation:[-0.9886064485963342f,-0.0692169582314747f,0.13366488875888813f,1.2533991673576768f,-0.149412223913483f,0.5589459012875457f,-0.8156319432066649f,0.38210978844122967f,-0.01825587957264403f,-0.8263101670238817f,-0.5629193820912491f,-0.3291618752147054f,0f,0f,0f,1f],start_interpolation:0}
execute if entity @s[tag=aj.mech_torso.bone.left_arm] run data modify entity @s {} merge value {transformation:[-1.094084989790613f,-0.16576332393064402f,0.016508606493784692f,1.054f,-0.16535363663374547f,1.0939640786672549f,0.025937385599311778f,1.4895f,-0.02020367543041431f,0.023175279053260382f,-1.1062670095749643f,-0.3061737499999999f,0f,0f,0f,1f],start_interpolation:0}