execute if entity @s[tag=aj.mech_torso.bone.barrel_left] run data modify entity @s {} merge value {transformation:[-2.282185035534411f,0.011549604162110146f,0.24320066545384042f,1.116968346938473f,-0.2327636177457537f,0.5690082609438795f,-2.21126642236575f,-0.5859775846399158f,-0.07142167239291526f,-2.2234533273878303f,-0.5646261941242884f,1.8328741962750286f,0f,0f,0f,1f],start_interpolation:0}
execute if entity @s[tag=aj.mech_torso.bone.blaster_left] run data modify entity @s {} merge value {transformation:[-0.9943572848234813f,0.005032209420623317f,0.10596351724447992f,1.3218395595340893f,-0.10141605318744913f,0.24791920925982067f,-0.9634577571621217f,0.1635906644703246f,-0.031118712607604678f,-0.9687676411546435f,-0.24600992495692744f,0.914345320261262f,0f,0f,0f,1f],start_interpolation:0}
execute if entity @s[tag=aj.mech_torso.bone.sword_left] run data modify entity @s {} merge value {transformation:[-2.6490158673718542f,0.013406049119995846f,0.28229193150929466f,0.94548045814842f,-0.27017726746726856f,0.6604687562299432f,-2.566698032204822f,1.240133571131401f,-0.08290175445776823f,-2.580843819805293f,-0.655382330564961f,1.3981918624305303f,0f,0f,0f,1f],start_interpolation:0}
execute if entity @s[tag=aj.mech_torso.bone.rocket_left] run data modify entity @s {} merge value {transformation:[-2.2912929339478594f,0.011595697103649131f,0.24417124712033436f,1.175610058318512f,-0.23369254653626192f,0.571279097601029f,-2.2200912939806234f,0.2114879009670634f,-0.07170670683427068f,-2.232326835327623f,-0.5668795425327585f,0.409723580529194f,0f,0f,0f,1f],start_interpolation:0}
execute if entity @s[tag=aj.mech_torso.bone.drillhead_left1] run data modify entity @s {} merge value {transformation:[0.1059635172444797f,0.005032209420623317f,0.9943572848234813f,1.0869685031889356f,-0.9634577571621217f,0.24791920925982067f,0.10141605318744892f,-0.2841446062430019f,-0.24600992495692744f,-0.9687676411546435f,0.031118712607604623f,1.7911341592983194f,0f,0f,0f,1f],start_interpolation:0}
execute if entity @s[tag=aj.mech_torso.bone.drillhead_left2] run data modify entity @s {} merge value {transformation:[-0.9592168259365054f,0.005032209420623317f,-0.2826265339783995f,0.8623702657098646f,0.27500310564161184f,0.24791920925982067f,-0.9289291456120073f,0.022553735464735408f,0.06539398082212833f,-0.9687676411546435f,-0.23919215021380383f,1.868455264802736f,0f,0f,0f,1f],start_interpolation:0}
execute if entity @s[tag=aj.mech_torso.bone.drillhead_left3] run data modify entity @s {} merge value {transformation:[0.8781158609673155f,0.005032209420623317f,-0.4784215835285626f,1.2396616333390746f,0.4623955372575321f,0.24791920925982067f,0.8513086589506204f,0.06116092604494449f,0.12289386413466202f,-0.9687676411546435f,0.21537491871088196f,1.8802951248967636f,0f,0f,0f,1f],start_interpolation:0}
execute if entity @s[tag=aj.mech_torso.bone.drill_left] run data modify entity @s {} merge value {transformation:[0.1619975991324123f,0.007693269020049955f,1.5201788031400978f,1.0610041308633715f,-1.4729394378789695f,0.37902023001213064f,0.15504541144992667f,0.1030647557473018f,-0.37610130582791085f,-1.4810572172886087f,0.04757445639419924f,1.3566043748242484f,0f,0f,0f,1f],start_interpolation:0}
execute if entity @s[tag=aj.mech_torso.bone.left_hand] run data modify entity @s {} merge value {transformation:[-0.9943572848234813f,0.005032209420623317f,0.10596351724447992f,1.1664712337804204f,-0.10141605318744913f,0.24791920925982067f,-0.9634577571621217f,0.14774440615978568f,-0.031118712607604678f,-0.9687676411546435f,-0.24600992495692744f,0.9094830214163238f,0f,0f,0f,1f],start_interpolation:0}
execute if entity @s[tag=aj.mech_torso.bone.left_arm_low] run data modify entity @s {} merge value {transformation:[-0.9943572848234813f,0.005032209420623317f,0.10596351724447992f,1.1126674728134662f,-0.10141605318744913f,0.24791920925982067f,-0.9634577571621217f,0.3592170571840745f,-0.031118712607604678f,-0.9687676411546435f,-0.24600992495692744f,-0.06891734943119898f,0f,0f,0f,1f],start_interpolation:0}
execute if entity @s[tag=aj.mech_torso.bone.left_arm] run data modify entity @s {} merge value {transformation:[-1.100449406696652f,-0.10258445767352706f,0.05709212624209201f,0.9773125f,-0.11223655446890637f,1.0771352945846266f,-0.22793527926818508f,1.451f,-0.03443889771701256f,-0.232439163520147f,-1.081461037726334f,-0.3061737499999999f,0f,0f,0f,1f],start_interpolation:0}