execute if entity @s[tag=aj.mech_torso.bone.barrel_left] run data modify entity @s {} merge value {transformation:[-2.284299771647202f,0.04056295855331404f,0.21903810877707425f,1.099976722088198f,-0.20870038685701475f,0.3994190255782361f,-2.250457083346083f,-0.44005035271497284f,-0.07789220261982367f,-2.2597494511228953f,-0.3938447871579588f,1.95406708240728f,0f,0f,0f,1f],start_interpolation:0}
execute if entity @s[tag=aj.mech_torso.bone.blaster_left] run data modify entity @s {} merge value {transformation:[-0.9952786839328835f,0.017673445712536567f,0.0954357932092215f,1.3236856367054377f,-0.09093160580126075f,0.17402849094039946f,-0.9805332872510812f,0.2354286281194369f,-0.03393794889546785f,-0.9845820096150717f,-0.17159977263130416f,0.9839111475868065f,0f,0f,0f,1f],start_interpolation:0}
execute if entity @s[tag=aj.mech_torso.bone.sword_left] run data modify entity @s {} merge value {transformation:[-2.651470519133592f,0.04708291359474019f,0.25424556583937125f,0.9571131156032359f,-0.2422461928821724f,0.4636203112422863f,-2.612188069679098f,1.3500709312511268f,-0.09041233619172297f,-2.622974061745016f,-0.4571500882788048f,1.3812716920414905f,0f,0f,0f,1f],start_interpolation:0}
execute if entity @s[tag=aj.mech_torso.bone.rocket_left] run data modify entity @s {} merge value {transformation:[-2.2934161096925756f,0.040724839952105164f,0.2199122608779569f,1.1829748022727693f,-0.20953328247798522f,0.401013054043379f,-2.2594383597017664f,0.2469514797299971f,-0.07820306009089413f,-2.268767812088466f,-0.3954165695753563f,0.4755923524748974f,0f,0f,0f,1f],start_interpolation:0}
execute if entity @s[tag=aj.mech_torso.bone.drillhead_left1] run data modify entity @s {} merge value {transformation:[0.09543579320922128f,0.017673445712536567f,0.9952786839328835f,1.0744184642443972f,-0.9805332872510812f,0.17402849094039946f,0.09093160580126053f,-0.1418733490572398f,-0.17159977263130416f,-0.9845820096150717f,0.033937948895467814f,1.8893939186880702f,0f,0f,0f,1f],start_interpolation:0}
execute if entity @s[tag=aj.mech_torso.bone.drillhead_left2] run data modify entity @s {} merge value {transformation:[-0.9560393021461511f,0.017673445712536567f,-0.29270548691226606f,0.8532069802683558f,0.2912239944552992f,0.17402849094039946f,-0.94069265405578f,0.17259201160713822f,0.034313813623679724f,-0.9845820096150717f,-0.17152500848840102f,1.9410060368459847f,0f,0f,0f,1f],start_interpolation:0}
execute if entity @s[tag=aj.mech_torso.bone.drillhead_left3] run data modify entity @s {} merge value {transformation:[0.8829959083145715f,0.017673445712536567f,-0.46904783894222446f,1.2308493379385066f,0.45924369337163756f,0.17402849094039946f,0.8710966160187886f,0.20722313776224738f,0.09702296634355323f,-0.9845820096150717f,0.14555002694690378f,1.9539059722575036f,0f,0f,0f,1f],start_interpolation:0}
execute if entity @s[tag=aj.mech_torso.bone.drill_left] run data modify entity @s {} merge value {transformation:[0.1459027576021374f,0.027019259536490182f,1.5215874430894636f,1.0578183624804478f,-1.4990446007714255f,0.2660556996040086f,0.1390167314951652f,0.21174005256847195f,-0.2623426618975062f,-1.5052343094520737f,0.05188452010194771f,1.4266808639225916f,0f,0f,0f,1f],start_interpolation:0}
execute if entity @s[tag=aj.mech_torso.bone.left_hand] run data modify entity @s {} merge value {transformation:[-0.9952786839328835f,0.017673445712536567f,0.0954357932092215f,1.1681733423409246f,-0.09093160580126075f,0.17402849094039946f,-0.9805332872510812f,0.22122056471298993f,-0.03393794889546785f,-0.9845820096150717f,-0.17159977263130416f,0.9786083430718897f,0f,0f,0f,1f],start_interpolation:0}
execute if entity @s[tag=aj.mech_torso.bone.left_arm_low] run data modify entity @s {} merge value {transformation:[-0.9952786839328835f,0.017673445712536567f,0.0954357932092215f,1.1266242388454442f,-0.09093160580126075f,0.17402849094039946f,-0.9805332872510812f,0.3589241650642143f,-0.03393794889546785f,-0.9845820096150717f,-0.17159977263130416f,-0.013457281243876906f,0f,0f,0f,1f],start_interpolation:0}
execute if entity @s[tag=aj.mech_torso.bone.left_arm] run data modify entity @s {} merge value {transformation:[-1.1014691137161994f,-0.0875424892526105f,0.06224212913079678f,1.00653125f,-0.10063347770588811f,1.065265633837035f,-0.28258452021408836f,1.4389687500000001f,-0.037558930071245715f,-0.28691012612883604f,-1.0681965572078327f,-0.3061737499999999f,0f,0f,0f,1f],start_interpolation:0}