execute if entity @s[tag=aj.mech_torso.bone.barrel_left] run data modify entity @s {} merge value {transformation:[-2.2405717666379363f,-0.4418460589455098f,0.22860164520399254f,1.6847456018947824f,-0.4974802795638481f,1.9896793495435343f,-1.0302125755861202f,-1.5886669550742516f,0.00015310364627018884f,-1.0552708844865533f,-2.0381491187753986f,-0.13128417423322283f,0f,0f,0f,1f],start_interpolation:0}
execute if entity @s[tag=aj.mech_torso.bone.blaster_left] run data modify entity @s {} merge value {transformation:[-0.9762262146305516f,-0.19251412161684398f,0.09960266485490912f,1.675382429728122f,-0.21675417739495367f,0.8669113699705651f,-0.44886780147120714f,-0.3878335457541183f,0.00006670788022503629f,-0.4597858083867455f,-0.8880298451945214f,-0.20498304778815504f,0f,0f,0f,1f],start_interpolation:0}
execute if entity @s[tag=aj.mech_torso.bone.sword_left] run data modify entity @s {} merge value {transformation:[-2.6007138200428304f,-0.5128669248364839f,0.26534631330227926f,1.351411138201184f,-0.577443605032064f,2.3094937903178008f,-1.195805518396367f,-0.0817431422482583f,0.00017771301713370756f,-1.2248916165230288f,-2.365754429040723f,0.950893047040029f,0f,0f,0f,1f],start_interpolation:0}
execute if entity @s[tag=aj.mech_torso.bone.rocket_left] run data modify entity @s {} merge value {transformation:[-2.2495135920030296f,-0.44360940808530286f,0.2295139641129532f,1.432815189437108f,-0.49946565751454536f,1.997619896479394f,-1.0343240176193458f,-0.016299938578747786f,0.0001537146626581001f,-1.0594823309139558f,-2.0462831021449452f,-0.4903673941999002f,0f,0f,0f,1f],start_interpolation:0}
execute if entity @s[tag=aj.mech_torso.bone.drillhead_left1] run data modify entity @s {} merge value {transformation:[0.0996026648549089f,-0.19251412161684398f,0.9762262146305516f,1.6338191555587143f,-0.4488678014712072f,0.8669113699705651f,0.21675417739495356f,-1.3616343849203556f,-0.8880298451945214f,-0.4597858083867455f,-0.00006670788022523346f,0.06773360716497671f,0f,0f,0f,1f],start_interpolation:0}
execute if entity @s[tag=aj.mech_torso.bone.drillhead_left2] run data modify entity @s {} merge value {transformation:[-0.9400317084575234f,-0.19251412161684398f,-0.28156473513656677f,1.4148145210540979f,-0.028480477136344967f,0.8669113699705651f,-0.4976480071675604f,-1.2509214908019748f,0.33989593924687617f,-0.4597858083867455f,-0.8204070702338144f,0.36817731168021184f,0f,0f,0f,1f],start_interpolation:0}
execute if entity @s[tag=aj.mech_torso.bone.drillhead_left3] run data modify entity @s {} merge value {transformation:[0.863799129138751f,-0.19251412161684398f,-0.46560646202263f,1.7852269490009247f,0.3720290190266915f,0.8669113699705651f,0.3317515419976156f,-1.1686165782034337f,0.3397726791564815f,-0.4597858083867455f,0.8204581262349553f,0.36826744350509016f,0f,0f,0f,1f],start_interpolation:0}
execute if entity @s[tag=aj.mech_torso.bone.drill_left] run data modify entity @s {} merge value {transformation:[0.15227309354461935f,-0.2943166319126565f,1.4924599248191832f,1.5074698173862109f,-0.6862315262564396f,1.3253387981809206f,0.3313749604865326f,-0.7929026035555773f,-1.357624837495046f,-0.7029230343681186f,-0.00010198336862268815f,0.06890742456874305f,0f,0f,0f,1f],start_interpolation:0}
execute if entity @s[tag=aj.mech_torso.bone.left_hand] run data modify entity @s {} merge value {transformation:[-0.9762262146305516f,-0.19251412161684398f,0.09960266485490912f,1.5228470836920982f,-0.21675417739495367f,0.8669113699705651f,-0.44886780147120714f,-0.42170138597207985f,0.00006670788022503629f,-0.4597858083867455f,-0.8880298451945214f,-0.20497262468186989f,0f,0f,0f,1f],start_interpolation:0}
execute if entity @s[tag=aj.mech_torso.bone.left_arm_low] run data modify entity @s {} merge value {transformation:[-0.9762262146305516f,-0.19251412161684398f,0.09960266485490912f,1.2724314069375606f,-0.21675417739495367f,0.8669113699705651f,-0.44886780147120714f,0.4176357291153254f,0.00006670788022503629f,-0.4597858083867455f,-0.8880298451945214f,-0.6925051964884301f,0f,0f,0f,1f],start_interpolation:0}
execute if entity @s[tag=aj.mech_torso.bone.left_arm] run data modify entity @s {} merge value {transformation:[-1.0803838570787128f,-0.22526817579189445f,-0.0824436102626736f,1.01293f,-0.2398805837236271f,1.0146888657040172f,0.3709929782391235f,1.4423350000000001f,0.00007382522191574635f,0.3800430677248501f,-1.0393936885310346f,-0.3061737499999999f,0f,0f,0f,1f],start_interpolation:0}