execute if entity @s[tag=aj.mech_torso.bone.barrel_left] run data modify entity @s {} merge value {transformation:[-2.2629798105015264f,-0.22828829678647014f,0.30733584929764246f,1.511150106386974f,-0.38153570264981396f,1.4970724427332733f,-1.6973076039017907f,-1.2902179298093677f,-0.03164456219768933f,-1.7246179426788004f,-1.5140475774969404f,0.9718466722164927f,0f,0f,0f,1f],start_interpolation:0}
execute if entity @s[tag=aj.mech_torso.bone.blaster_left] run data modify entity @s {} merge value {transformation:[-0.9859894903104252f,-0.09946613767731399f,0.13390747721074275f,1.5881464759560768f,-0.16623665454069955f,0.65228054086847f,-0.7395238134715152f,-0.1952493080440223f,-0.01378766421494559f,-0.7514230389467f,-0.6596766759978724f,0.4792663779312043f,0f,0f,0f,1f],start_interpolation:0}
execute if entity @s[tag=aj.mech_torso.bone.sword_left] run data modify entity @s {} merge value {transformation:[-2.626723658345671f,-0.2649825983023522f,0.3567359914841506f,1.2017449083352225f,-0.44286248246805976f,1.7377068877664128f,-1.9701271827391011f,0.5148559015034605f,-0.03673100387238545f,-2.001827294534225f,-1.7574105492310055f,1.4179583931102706f,0f,0f,0f,1f],start_interpolation:0}
execute if entity @s[tag=aj.mech_torso.bone.rocket_left] run data modify entity @s {} merge value {transformation:[-2.2720110634038155f,-0.22919936516337028f,0.3085623859941107f,1.3927217665820875f,-0.38305836114013403f,1.5030470607040698f,-1.7040813338982674f,0.058696246776258676f,-0.03177085145703814f,-1.7315006646226192f,-1.5200899409837991f,0.060170743674402005f,0f,0f,0f,1f],start_interpolation:0}
execute if entity @s[tag=aj.mech_torso.bone.drillhead_left1] run data modify entity @s {} merge value {transformation:[0.13390747721074253f,-0.09946613767731399f,0.9859894903104252f,1.4611971252213158f,-0.7395238134715152f,0.65228054086847f,0.16623665454069939f,-1.0054034086021946f,-0.6596766759978724f,-0.7514230389467f,0.013787664214945445f,1.0724983306328237f,0f,0f,0f,1f],start_interpolation:0}
execute if entity @s[tag=aj.mech_torso.bone.drillhead_left2] run data modify entity @s {} merge value {transformation:[-0.9621796823673946f,-0.09946613767731399f,-0.2536074649826724f,1.2287334942354735f,0.12942086857169827f,0.65228054086847f,-0.746846928615552f,-0.7867688663223207f,0.2397091938527327f,-0.7514230389467f,-0.6147380896955865f,1.2930576007448604f,0f,0f,0f,1f],start_interpolation:0}
execute if entity @s[tag=aj.mech_torso.bone.drillhead_left3] run data modify entity @s {} merge value {transformation:[0.8596913363706805f,-0.09946613767731399f,-0.5010362198731256f,1.6028461009011383f,0.4365861539383015f,0.65228054086847f,0.619614901526503f,-0.7235948530485556f,0.2651854753913855f,-0.7514230389467f,0.6041854683634413f,1.2983750361953603f,0f,0f,0f,1f],start_interpolation:0}
execute if entity @s[tag=aj.mech_torso.bone.drill_left] run data modify entity @s {} merge value {transformation:[0.2047184764919514f,-0.15206437005599005f,1.5073860735629838f,1.3737115708093872f,-1.1305880117892422f,0.9972100240659799f,0.25414349791036667f,-0.4694334687167539f,-1.0085172755142089f,-1.1487796121498426f,0.02107865573498976f,0.8615389185490876f,0f,0f,0f,1f],start_interpolation:0}
execute if entity @s[tag=aj.mech_torso.bone.left_hand] run data modify entity @s {} merge value {transformation:[-0.9859894903104252f,-0.09946613767731399f,0.13390747721074275f,1.434085618095073f,-0.16623665454069955f,0.65228054086847f,-0.7395238134715152f,-0.22122378531600662f,-0.01378766421494559f,-0.7514230389467f,-0.6596766759978724f,0.47711205539761903f,0f,0f,0f,1f],start_interpolation:0}
execute if entity @s[tag=aj.mech_torso.bone.left_arm_low] run data modify entity @s {} merge value {transformation:[-0.9859894903104252f,-0.09946613767731399f,0.13390747721074275f,1.277179745936193f,-0.16623665454069955f,0.65228054086847f,-0.7395238134715152f,0.3975568454726848f,-0.01378766421494559f,-0.7514230389467f,-0.6596766759978724f,-0.2957876086874486f,0f,0f,0f,1f],start_interpolation:0}
execute if entity @s[tag=aj.mech_torso.bone.left_arm] run data modify entity @s {} merge value {transformation:[-1.0911888173211874f,-0.1845646889891375f,-0.0038495539428671554f,1.05875f,-0.18397313586637407f,1.0853109170787876f,0.11413184079441592f,1.495625f,-0.015258727558639032f,0.11317273250201296f,-1.1007865744027527f,-0.18117374999999988f,0f,0f,0f,1f],start_interpolation:0}