execute if entity @s[tag=aj.mech_torso.bone.barrel_left] run data modify entity @s {} merge value {transformation:[-2.258277024701567f,-0.2797228637365136f,0.29931336866029606f,1.4566801023292535f,-0.4089776767426552f,1.6370878551368675f,-1.5557406943125982f,-1.3875780812197558f,-0.02388792753485801f,-1.5840918431445536f,-1.6606417111621863f,0.6256680215138637f,0f,0f,0f,1f],start_interpolation:0}
execute if entity @s[tag=aj.mech_torso.bone.blaster_left] run data modify entity @s {} merge value {transformation:[-0.9839404674457833f,-0.12187638730308131f,0.1304120498286976f,1.5106912306510605f,-0.1781932340573838f,0.7132858244643622f,-0.6778425362533438f,-0.25318975190460125f,-0.010408067003234598f,-0.6901952468947787f,-0.7235483351546818f,0.2284703550722279f,0f,0f,0f,1f],start_interpolation:0}
execute if entity @s[tag=aj.mech_torso.bone.sword_left] run data modify entity @s {} merge value {transformation:[-2.6212649623981603f,-0.3246845864674616f,0.34742400399272555f,1.133548562057729f,-0.47471538820184994f,1.9002279118545768f,-1.8058052789681602f,0.36771961479539517f,-0.027727593553188795f,-1.838713497164624f,-1.9275677363549382f,1.2319309897349813f,0f,0f,0f,1f],start_interpolation:0}
execute if entity @s[tag=aj.mech_torso.bone.rocket_left] run data modify entity @s {} merge value {transformation:[-2.267289509408176f,-0.2808392006623818f,0.30050788869837286f,1.3041630920754097f,-0.41060985251944004f,1.6436212560865344f,-1.561949449510289f,0.03324530899027961f,-0.023983261091913052f,-1.590413744024757f,-1.6672691124337304f,-0.16347529979158448f,0f,0f,0f,1f],start_interpolation:0}
execute if entity @s[tag=aj.mech_torso.bone.drillhead_left1] run data modify entity @s {} merge value {transformation:[0.1304120498286974f,-0.12187638730308131f,0.9839404674457833f,1.4051401150125429f,-0.6778425362533438f,0.7132858244643622f,0.17819323405738366f,-1.1132469276031207f,-0.7235483351546818f,-0.6901952468947787f,0.010408067003234437f,0.7514909765837754f,0f,0f,0f,1f],start_interpolation:0}
execute if entity @s[tag=aj.mech_torso.bone.drillhead_left2] run data modify entity @s {} merge value {transformation:[-0.9589489899329604f,-0.12187638730308131f,-0.2560526916954877f,1.174247975419052f,0.09477002659887751f,0.7132858244643622f,-0.6944364439433197f,-0.9177494992680404f,0.2672741603017456f,-0.6901952468947787f,-0.6724544924371109f,0.9943003047194884f,0f,0f,0f,1f],start_interpolation:0}
execute if entity @s[tag=aj.mech_torso.bone.drillhead_left3] run data modify entity @s {} merge value {transformation:[0.8591359282325344f,-0.12187638730308131f,-0.4970227389546389f,1.547583542448124f,0.4240281901540974f,0.7132858244643622f,0.5580532470766888f,-0.850046625299881f,0.2865057604563344f,-0.6901952468947787f,0.6644885028269437f,0.9983436679971844f,0f,0f,0f,1f],start_interpolation:0}
execute if entity @s[tag=aj.mech_torso.bone.drill_left] run data modify entity @s {} merge value {transformation:[0.19937464817671582f,-0.18632528107271526f,1.5042535163086457f,1.307012506172297f,-1.0362893410711833f,1.090475232072666f,0.27242278144027926f,-0.5623356810448952f,-1.1061646140046262f,-1.055174232010325f,0.01591190921157441f,0.589351706086962f,0f,0f,0f,1f],start_interpolation:0}
execute if entity @s[tag=aj.mech_torso.bone.left_hand] run data modify entity @s {} merge value {transformation:[-0.9839404674457833f,-0.12187638730308131f,0.1304120498286976f,1.3569505326126567f,-0.1781932340573838f,0.7132858244643622f,-0.6778425362533438f,-0.2810324447260675f,-0.010408067003234598f,-0.6901952468947787f,-0.7235483351546818f,0.2268440946029725f,0f,0f,0f,1f],start_interpolation:0}
execute if entity @s[tag=aj.mech_torso.bone.left_arm_low] run data modify entity @s {} merge value {transformation:[-0.9839404674457833f,-0.12187638730308131f,0.1304120498286976f,1.1776532426513608f,-0.1781932340573838f,0.7132858244643622f,-0.6778425362533438f,0.3999337233517912f,-0.010408067003234598f,-0.6901952468947787f,-0.7235483351546818f,-0.4866125419530922f,0f,0f,0f,1f],start_interpolation:0}
execute if entity @s[tag=aj.mech_torso.bone.left_arm] run data modify entity @s {} merge value {transformation:[-1.0889211756695218f,-0.19647459092576497f,-0.020503337120767993f,0.947180625f,-0.19720541267077465f,1.0744993293325313f,0.17701184991778832f,1.4866378125000002f,-0.011518547038755546f,0.17782267830206996f,-1.0922538151407952f,-0.3061737499999999f,0f,0f,0f,1f],start_interpolation:0}