execute if entity @s[tag=aj.mech_torso.bone.barrel_left] run data modify entity @s {} merge value {transformation:[-2.273226077356301f,-0.10667977277107493f,0.297844121579544f,1.2468686681783223f,-0.3123965906939352f,1.098377987926327f,-1.990884893511529f,-0.9986042874451225f,-0.050000648003643136f,-2.0124198655278476f,-1.1024131319422814f,1.3508061788476904f,0f,0f,0f,1f],start_interpolation:0}
execute if entity @s[tag=aj.mech_torso.bone.blaster_left] run data modify entity @s {} merge value {transformation:[-0.9904538303751671f,-0.04648081007743185f,0.1297718929110052f,1.3839981307119924f,-0.13611246278187686f,0.4785677483546153f,-0.8674366303714904f,-0.037543888623080654f,-0.021785485319631325f,-0.8768195051031538f,-0.4803258769835837f,0.6401174352918719f,0f,0f,0f,1f],start_interpolation:0}
execute if entity @s[tag=aj.mech_torso.bone.sword_left] run data modify entity @s {} merge value {transformation:[-2.6386168760545803f,-0.12382712461876554f,0.3457185950230752f,0.9906322461185603f,-0.36261017961995445f,1.274927612391199f,-2.310893109413452f,0.868481857921746f,-0.05803758585662164f,-2.335889541204215f,-1.2796113520349879f,1.3878332281458023f,0f,0f,0f,1f],start_interpolation:0}
execute if entity @s[tag=aj.mech_torso.bone.rocket_left] run data modify entity @s {} merge value {transformation:[-2.2822982217534418f,-0.10710551762438003f,0.29903277804698675f,1.2141100579840942f,-0.3136433241394911f,1.1027614690980267f,-1.998830251613803f,0.1262576238463406f,-0.050200193971885416f,-2.020451166853132f,-1.106812716839669f,0.16828333334762863f,0f,0f,0f,1f],start_interpolation:0}
execute if entity @s[tag=aj.mech_torso.bone.drillhead_left1] run data modify entity @s {} merge value {transformation:[0.12977189291100497f,-0.04648081007743185f,0.9904538303751671f,1.2041861323688654f,-0.8674366303714904f,0.4785677483546153f,0.13611246278187666f,-0.6974805710384469f,-0.4803258769835837f,-0.8768195051031538f,0.021785485319631218f,1.3861343080660915f,0f,0f,0f,1f],start_interpolation:0}
execute if entity @s[tag=aj.mech_torso.bone.drillhead_left2] run data modify entity @s {} merge value {transformation:[-0.964721575184721f,-0.04648081007743185f,-0.25913667565139537f,0.9722741948403858f,0.20620210858588958f,0.4785677483546153f,-0.8534949329958127f,-0.42985341092933105f,0.1636855912652173f,-0.8768195051031538f,-0.45210019097852294f,1.5444989216801264f,0f,0f,0f,1f],start_interpolation:0}
execute if entity @s[tag=aj.mech_torso.bone.drillhead_left3] run data modify entity @s {} merge value {transformation:[0.8653984683773245f,-0.04648081007743185f,-0.4989238671628435f,1.3480813162283005f,0.45770514555364983f,0.4785677483546153f,0.7493189641057444f,-0.37809328058653513f,0.2039399192504821f,-0.8768195051031538f,0.43542630238281144f,1.5528277847530985f,0f,0f,0f,1f],start_interpolation:0}
execute if entity @s[tag=aj.mech_torso.bone.drill_left] run data modify entity @s {} merge value {transformation:[0.198395972813431f,-0.0710601142174324f,1.5142111808358034f,1.145196481796902f,-1.3261418191270158f,0.7316369659265062f,0.2080894703767731f,-0.21689015367782616f,-0.7343248024976697f,-1.3404864088406874f,0.033305767961364356f,1.0621367091477922f,0f,0f,0f,1f],start_interpolation:0}
execute if entity @s[tag=aj.mech_torso.bone.left_hand] run data modify entity @s {} merge value {transformation:[-0.9904538303751671f,-0.04648081007743185f,0.1297718929110052f,1.2292397197158724f,-0.13611246278187686f,0.4785677483546153f,-0.8674366303714904f,-0.058811460932748916f,-0.021785485319631325f,-0.8768195051031538f,-0.4803258769835837f,0.6367134532106795f,0f,0f,0f,1f],start_interpolation:0}
execute if entity @s[tag=aj.mech_torso.bone.left_arm_low] run data modify entity @s {} merge value {transformation:[-0.9904538303751671f,-0.04648081007743185f,0.1297718929110052f,1.1249109168934615f,-0.13611246278187686f,0.4785677483546153f,-0.8674366303714904f,0.38414186379889004f,-0.021785485319631325f,-0.8768195051031538f,-0.4803258769835837f,-0.25647782838068817f,0f,0f,0f,1f],start_interpolation:0}
execute if entity @s[tag=aj.mech_torso.bone.left_arm] run data modify entity @s {} merge value {transformation:[-1.0961294764288536f,-0.14948657653977213f,0.030428816478034967f,0.9420000000000001f,-0.1506348685713369f,1.0954911268629584f,-0.044500627737701436f,1.4935f,-0.02410986952123829f,-0.04821755834726888f,-1.1053803688290853f,-0.3061737499999999f,0f,0f,0f,1f],start_interpolation:0}