execute if entity @s[tag=aj.mech_torso.bone.barrel_left] run data modify entity @s {} merge value {transformation:[-2.261528287180044f,-0.2443916535041648f,0.30563216360961076f,1.525899181219727f,-0.39023267270204776f,1.5424838274160102f,-1.6541192812994372f,-1.323929455050935f,-0.02927047814792301f,-1.6818635067413321f,-1.5614502480871544f,0.7783000595037328f,0f,0f,0f,1f],start_interpolation:0}
execute if entity @s[tag=aj.mech_torso.bone.blaster_left] run data modify entity @s {} merge value {transformation:[-0.9853570557065986f,-0.10648243557298454f,0.13316517444012316f,1.5955344597900445f,-0.1700259596989929f,0.6720664655284427f,-0.7207064859847891f,-0.21563440306438222f,-0.012753266156544698f,-0.7327947576412865f,-0.6803302120116295f,0.31531725678179434f,0f,0f,0f,1f],start_interpolation:0}
execute if entity @s[tag=aj.mech_torso.bone.sword_left] run data modify entity @s {} merge value {transformation:[-2.625038821993405f,-0.2836743550174835f,0.3547584610252527f,1.2116083325948421f,-0.4529573745595026f,1.7904175473802721f,-1.9199969128103012f,0.46698474426475134f,-0.03397531744889931f,-1.9522006527696736f,-1.812432567425895f,1.2751766777408253f,0f,0f,0f,1f],start_interpolation:0}
execute if entity @s[tag=aj.mech_torso.bone.rocket_left] run data modify entity @s {} merge value {transformation:[-2.2705537472448767f,-0.24536698824633188f,0.30685190112199295f,1.3966540254519038f,-0.3917900396487407f,1.548639676212557f,-1.6607206524166889f,0.04878811812282219f,-0.029387292752056066f,-1.6885756013901774f,-1.5676817893582595f,-0.09559345812653586f,0f,0f,0f,1f],start_interpolation:0}
execute if entity @s[tag=aj.mech_torso.bone.drillhead_left1] run data modify entity @s {} merge value {transformation:[0.13316517444012294f,-0.10648243557298454f,0.9853570557065986f,1.4753494441147612f,-0.7207064859847891f,0.6720664655284427f,0.17002595969899273f,-1.0421779650086145f,-0.6803302120116295f,-0.7327947576412865f,0.012753266156544547f,0.8869563529124282f,0f,0f,0f,1f],start_interpolation:0}
execute if entity @s[tag=aj.mech_torso.bone.drillhead_left2] run data modify entity @s {} merge value {transformation:[-0.9613113220091525f,-0.10648243557298454f,-0.25405124107443544f,1.2432569921028347f,0.11871892762295333f,0.6720664655284427f,-0.7309120891982583f,-0.8306288363467267f,0.24856861909957925f,-0.7327947576412865f,-0.6334236218932608f,1.1146993096046036f,0f,0f,0f,1f],start_interpolation:0}
execute if entity @s[tag=aj.mech_torso.bone.drillhead_left3] run data modify entity @s {} merge value {transformation:[0.8593911099566682f,-0.10648243557298454f,-0.5001083992914849f,1.6171297203290673f,0.43288593594592994f,0.6720664655284427f,0.6007798535007003f,-0.7660194316931148f,0.27213358224898004f,-0.7327947576412865f,0.6236626945599569f,1.1196269315505178f,0f,0f,0f,1f],start_interpolation:0}
execute if entity @s[tag=aj.mech_torso.bone.drill_left] run data modify entity @s {} merge value {transformation:[0.2035836399954215f,-0.16279092428383812f,1.5064192041149664f,1.3844373550875868f,-1.1018199796003447f,1.027458852859905f,0.25993660816176845f,-0.5010426591744371f,-1.040092513245361f,-1.1203005947869362f,0.019497262380316984f,0.691178557729349f,0f,0f,0f,1f],start_interpolation:0}
execute if entity @s[tag=aj.mech_torso.bone.left_hand] run data modify entity @s {} merge value {transformation:[-0.9853570557065986f,-0.10648243557298454f,0.13316517444012316f,1.4415724198358884f,-0.1700259596989929f,0.6720664655284427f,-0.7207064859847891f,-0.24220095926734986f,-0.012753266156544698f,-0.7327947576412865f,-0.6803302120116295f,0.31332455894483424f,0f,0f,0f,1f],start_interpolation:0}
execute if entity @s[tag=aj.mech_torso.bone.left_arm_low] run data modify entity @s {} merge value {transformation:[-0.9853570557065986f,-0.10648243557298454f,0.13316517444012316f,1.2776665799824953f,-0.1700259596989929f,0.6720664655284427f,-0.7207064859847891f,0.3967168060928812f,-0.012753266156544698f,-0.7327947576412865f,-0.6803302120116295f,-0.4415275969565997f,0f,0f,0f,1f],start_interpolation:0}
execute if entity @s[tag=aj.mech_torso.bone.left_arm] run data modify entity @s {} merge value {transformation:[-1.0904889056343345f,-0.18848518763063382f,-0.008902767339676666f,1.05527125f,-0.18816673778077722f,1.0823176341515421f,0.1339917763580171f,1.49162375f,-0.01411396526139544f,0.1335434438019381f,-1.0985166922428382f,-0.3061737499999999f,0f,0f,0f,1f],start_interpolation:0}