execute if entity @s[tag=aj.mech_torso.bone.barrel_left] run data modify entity @s {} merge value {transformation:[-2.2776679054499778f,-0.04920988204689247f,0.2783088094953842f,1.1816299879885888f,-0.2762408196641046f,0.8653136496714302f,-2.107740921150963f,-0.8213652681479057f,-0.05973621585864643f,-2.1251962659133246f,-0.8646507441236891f,1.7093843751908733f,0f,0f,0f,1f],start_interpolation:0}
execute if entity @s[tag=aj.mech_torso.bone.blaster_left] run data modify entity @s {} merge value {transformation:[-0.9923891529077883f,-0.0214409453820529f,0.12126027812967535f,1.3502448104965088f,-0.12035924656490028f,0.37702067002051665f,-0.9183512760069593f,0.050561589907787925f,-0.026027311756920597f,-0.9259566405822709f,-0.37673183938221044f,0.8976992972650482f,0f,0f,0f,1f],start_interpolation:0}
execute if entity @s[tag=aj.mech_torso.bone.sword_left] run data modify entity @s {} merge value {transformation:[-2.643772668822072f,-0.05711971481014906f,0.3230432418508981f,0.9614745155001252f,-0.32064285021247835f,1.004401287600374f,-2.44653218626088f,1.0421139154747532f,-0.06933801650717139f,-2.4667932450821315f,-1.0036318288197787f,1.5304551133887982f,0f,0f,0f,1f],start_interpolation:0}
execute if entity @s[tag=aj.mech_torso.bone.rocket_left] run data modify entity @s {} merge value {transformation:[-2.2867577765951324f,-0.04940627217286483f,0.2794195031179362f,1.1920423000467453f,-0.27734326021295297f,0.8687670019168723f,-2.1161526361928216f,0.1628688378918456f,-0.05997461518962658f,-2.133677642925791f,-0.8681014508008303f,0.4071084695505057f,0f,0f,0f,1f],start_interpolation:0}
execute if entity @s[tag=aj.mech_torso.bone.drillhead_left1] run data modify entity @s {} merge value {transformation:[0.12126027812967513f,-0.0214409453820529f,0.9923891529077883f,1.1442437900530589f,-0.9183512760069593f,0.37702067002051665f,0.12035924656490007f,-0.5174778501065112f,-0.37673183938221044f,-0.9259566405822709f,0.026027311756920513f,1.7096627990148952f,0f,0f,0f,1f],start_interpolation:0}
execute if entity @s[tag=aj.mech_torso.bone.drillhead_left2] run data modify entity @s {} merge value {transformation:[-0.9632523261019289f,-0.0214409453820529f,-0.2677409982060035f,0.91484406874781f,0.2402403739694126f,0.37702067002051665f,-0.8945054371507855f,-0.2296353754194326f,0.12012293275748877f,-0.9259566405822709f,-0.3580150566489284f,1.8321751333837213f,0f,0f,0f,1f],start_interpolation:0}
execute if entity @s[tag=aj.mech_torso.bone.drillhead_left3] run data modify entity @s {} merge value {transformation:[0.8704437272135098f,-0.0214409453820529f,-0.49180077634726926f,1.2913866475231899f,0.46263526286899376f,0.37702067002051665f,0.8023864579661213f,-0.18384612499167502f,0.16821513399450727f,-0.9259566405822709f,0.33809461465217916f,1.8421000743665852f,0f,0f,0f,1f],start_interpolation:0}
execute if entity @s[tag=aj.mech_torso.bone.drill_left] run data modify entity @s {} merge value {transformation:[0.18538337003115388f,-0.03277903343853662f,1.5171699124066718f,1.1004840948300998f,-1.4039804051621845f,0.5763912425226618f,0.18400586809433814f,-0.07567674082364362f,-0.57594967667832f,-1.4156075277206457f,0.0397906951952521f,1.3324118995478393f,0f,0f,0f,1f],start_interpolation:0}
execute if entity @s[tag=aj.mech_torso.bone.left_hand] run data modify entity @s {} merge value {transformation:[-0.9923891529077883f,-0.0214409453820529f,0.12126027812967535f,1.195184005354667f,-0.12035924656490028f,0.37702067002051665f,-0.9183512760069593f,0.031755457632022255f,-0.026027311756920597f,-0.9259566405822709f,-0.37673183938221044f,0.8936325298030293f,0f,0f,0f,1f],start_interpolation:0}
execute if entity @s[tag=aj.mech_torso.bone.left_arm_low] run data modify entity @s {} merge value {transformation:[-0.9923891529077883f,-0.0214409453820529f,0.12126027812967535f,1.1155081216074296f,-0.12035924656490028f,0.37702067002051665f,-0.9183512760069593f,0.37255519736701515f,-0.026027311756920597f,-0.9259566405822709f,-0.37673183938221044f,-0.04572368774474314f,0f,0f,0f,1f],start_interpolation:0}
execute if entity @s[tag=aj.mech_torso.bone.left_arm] run data modify entity @s {} merge value {transformation:[-1.098271286586324f,-0.1288644137153278f,0.04434097959961175f,0.9535f,-0.1332008760777702f,1.0911571929096353f,-0.12808390026739325f,1.4780000000000002f,-0.028804274095398777f,-0.1324459201840429f,-1.0983625861046376f,-0.18117374999999988f,0f,0f,0f,1f],start_interpolation:0}