execute if entity @s[tag=aj.mech_torso.bone.barrel_left] run data modify entity @s {} merge value {transformation:[-2.2837944999378506f,0.03360154592942686f,0.22539323773234524f,1.0980272482694644f,-0.21474523851234045f,0.4423318697729034f,-2.2418464472327666f,-0.48024801643983783f,-0.07626046184357181f,-2.2518574436551377f,-0.43700216116747664f,1.924749176120107f,0f,0f,0f,1f],start_interpolation:0}
execute if entity @s[tag=aj.mech_torso.bone.blaster_left] run data modify entity @s {} merge value {transformation:[-0.9950585349978999f,0.014640329971505765f,0.09820474869454505f,1.3171012306544534f,-0.09356537220738517f,0.1927257913665546f,-0.9767815981404587f,0.21424371882439883f,-0.03322699281498088f,-0.98114342992269f,-0.19040361569049183f,0.9670394655149811f,0f,0f,0f,1f],start_interpolation:0}
execute if entity @s[tag=aj.mech_torso.bone.sword_left] run data modify entity @s {} merge value {transformation:[-2.6508840317302638f,0.03900254666003999f,0.26162219708512163f,0.9478897037440768f,-0.2492626738867975f,0.5134308232804176f,-2.602193388556759f,1.319930869289121f,-0.08851831483042846f,-2.613813519246493f,-0.5072444350408953f,1.3863687551442365f,0f,0f,0f,1f],start_interpolation:0}
execute if entity @s[tag=aj.mech_torso.bone.rocket_left] run data modify entity @s {} merge value {transformation:[-2.2929088215107085f,0.033735645251828365f,0.22629275231174198f,1.1750812963401935f,-0.21560225833618837f,0.444097157719408f,-2.2507933596794008f,0.23493817521649352f,-0.0765648072531767f,-2.2608443086634673f,-0.43874617895236173f,0.4593758069456396f,0f,0f,0f,1f],start_interpolation:0}
execute if entity @s[tag=aj.mech_torso.bone.drillhead_left1] run data modify entity @s {} merge value {transformation:[0.09820474869454483f,0.014640329971505765f,0.9950585349978999f,1.0713343548693735f,-0.9767815981404587f,0.1927257913665546f,0.09356537220738495f,-0.18098443341046727f,-0.19040361569049183f,-0.98114342992269f,0.03322699281498084f,1.8658071242884984f,0f,0f,0f,1f],start_interpolation:0}
execute if entity @s[tag=aj.mech_torso.bone.drillhead_left2] run data modify entity @s {} merge value {transformation:[-0.9568955444402052f,0.014640329971505765f,-0.2900630582628697f,0.8492278891797325f,0.28735500231324523f,0.1927257913665546f,-0.9382344440424739f,0.1317117430911644f,0.0421665705985005f,-0.98114342992269f,-0.18862542311019737f,1.9239157599765178f,0f,0f,0f,1f],start_interpolation:0}
execute if entity @s[tag=aj.mech_torso.bone.drillhead_left3] run data modify entity @s {} merge value {transformation:[0.8817328838302463f,0.014640329971505765f,-0.4715217728914787f,1.226786352197849f,0.46024126698165196f,0.1927257913665546f,0.8666226084687954f,0.16734175431286907f,0.10356204777582127f,-0.98114342992269f,0.16319458379498325f,1.9365483702689792f,0f,0f,0f,1f],start_interpolation:0}
execute if entity @s[tag=aj.mech_torso.bone.drill_left] run data modify entity @s {} merge value {transformation:[0.1501359517466089f,0.02238221576222536f,1.5212508782051872f,1.0524220737643346f,-1.4933089981374565f,0.2946402337725586f,0.1430432478430829f,0.1812831267144666f,-0.29109007902054224f,-1.4999773901927205f,0.05079760659508712f,1.4099278499813497f,0f,0f,0f,1f],start_interpolation:0}
execute if entity @s[tag=aj.mech_torso.bone.left_hand] run data modify entity @s {} merge value {transformation:[-0.9950585349978999f,0.014640329971505765f,0.09820474869454505f,1.1616233345610316f,-0.09356537220738517f,0.1927257913665546f,-0.9767815981404587f,0.1996241294169949f,-0.03322699281498088f,-0.98114342992269f,-0.19040361569049183f,0.9618477478876404f,0f,0f,0f,1f],start_interpolation:0}
execute if entity @s[tag=aj.mech_torso.bone.left_arm_low] run data modify entity @s {} merge value {transformation:[-0.9950585349978999f,0.014640329971505765f,0.09820474869454505f,1.1171414044918733f,-0.09356537220738517f,0.1927257913665546f,-0.9767815981404587f,0.3559776600786986f,-0.03322699281498088f,-0.98114342992269f,-0.19040361569049183f,-0.02732248207631388f,0f,0f,0f,1f],start_interpolation:0}
execute if entity @s[tag=aj.mech_torso.bone.left_arm] run data modify entity @s {} merge value {transformation:[-1.101225476174055f,-0.09134734836113255f,0.061074471808142745f,0.9931875f,-0.10354825162390864f,1.0685218332137798f,-0.2689067311636564f,1.4392500000000001f,-0.03677211912421459f,-0.27329239364988034f,-1.071788718620541f,-0.3061737499999999f,0f,0f,0f,1f],start_interpolation:0}