execute if entity @s[tag=aj.mech_torso.bone.barrel_left] run data modify entity @s {} merge value {transformation:[-2.2438352349605535f,-0.4154542149799254f,0.24545819818377437f,1.6331388207324151f,-0.4825317585863669f,1.941172028644094f,-1.1254611279897735f,-1.5741416597239586f,-0.0038773387470424176f,-1.151910345433133f,-1.9851287151666148f,0.0003819728013776391f,0f,0f,0f,1f],start_interpolation:0}
execute if entity @s[tag=aj.mech_torso.bone.blaster_left] run data modify entity @s {} merge value {transformation:[-0.9776481210272102f,-0.18101508805975192f,0.10694713341967388f,1.6330288605819017f,-0.2102410461195072f,0.8457765333325998f,-0.49036798242795665f,-0.3780081066574572f,-0.0016893722326713784f,-0.5018920138422307f,-0.8649286400986209f,-0.12917334755628151f,0f,0f,0f,1f],start_interpolation:0}
execute if entity @s[tag=aj.mech_torso.bone.sword_left] run data modify entity @s {} merge value {transformation:[-2.6045018474090047f,-0.48223294365376873f,0.28491233254145987f,1.2975745293973893f,-0.5600923085129297f,2.2531895639971573f,-1.3063640063072273f,-0.016344565073035888f,-0.004500569280827799f,-1.337064582989705f,-2.304211702106998f,1.0072104581297334f,0f,0f,0f,1f],start_interpolation:0}
execute if entity @s[tag=aj.mech_torso.bone.rocket_left] run data modify entity @s {} merge value {transformation:[-2.2527900843957793f,-0.4171122377635994f,0.246437789364593f,1.3964479934802536f,-0.4844574789683857f,1.948918989282532f,-1.1299526943888212f,-0.018618002349077567f,-0.003892812692788591f,-1.1565074671582554f,-1.993051101122985f,-0.4344413588949156f,0f,0f,0f,1f],start_interpolation:0}
execute if entity @s[tag=aj.mech_torso.bone.drillhead_left1] run data modify entity @s {} merge value {transformation:[0.10694713341967366f,-0.18101508805975192f,0.9776481210272102f,1.5814516284989575f,-0.4903679824279567f,0.8457765333325998f,0.21024104611950709f,-1.3377644888471476f,-0.8649286400986209f,-0.5018920138422307f,0.0016893722326711863f,0.18799763154835505f,0f,0f,0f,1f],start_interpolation:0}
execute if entity @s[tag=aj.mech_torso.bone.drillhead_left2] run data modify entity @s {} merge value {transformation:[-0.9441559851138049f,-0.18101508805975192f,-0.27532347097278326f,1.3596923659024118f,-0.006581696766099571f,0.8457765333325998f,-0.5334967075170837f,-1.2117752640470372f,0.3294330843152519f,-0.5018920138422307f,-0.7997363624344779f,0.4802925838282564f,0f,0f,0f,1f],start_interpolation:0}
execute if entity @s[tag=aj.mech_torso.bone.drillhead_left3] run data modify entity @s {} merge value {transformation:[0.862302192916509f,-0.18101508805975192f,-0.47293600622716386f,1.7306433761183884f,0.38189310204104865f,0.8457765333325998f,0.3725851772110035f,-1.1319363396631976f,0.3325546371723675f,-0.5018920138422307f,0.798443372905396f,0.4810460505100104f,0f,0f,0f,1f],start_interpolation:0}
execute if entity @s[tag=aj.mech_torso.bone.drill_left] run data modify entity @s {} merge value {transformation:[0.16350135686896977f,-0.27673684712414237f,1.494633743020388f,1.4590701513326407f,-0.7496772276957651f,1.2930277454484342f,0.3214176501131689f,-0.7687953288170845f,-1.3223075900129055f,-0.767295229343744f,0.00258272142007397f,0.16119760879545936f,0f,0f,0f,1f],start_interpolation:0}
execute if entity @s[tag=aj.mech_torso.bone.left_hand] run data modify entity @s {} merge value {transformation:[-0.9776481210272102f,-0.18101508805975192f,0.10694713341967388f,1.4802713416714f,-0.2102410461195072f,0.8457765333325998f,-0.49036798242795665f,-0.4108582701136302f,-0.0016893722326713784f,-0.5018920138422307f,-0.8649286400986209f,-0.12943731196763641f,0f,0f,0f,1f],start_interpolation:0}
execute if entity @s[tag=aj.mech_torso.bone.left_arm_low] run data modify entity @s {} merge value {transformation:[-0.9776481210272102f,-0.18101508805975192f,0.10694713341967388f,1.2414953439668122f,-0.2102410461195072f,0.8457765333325998f,-0.49036798242795665f,0.4064541983856269f,-0.0016893722326713784f,-0.5018920138422307f,-0.8649286400986209f,-0.6584639315774911f,0f,0f,0f,1f],start_interpolation:0}
execute if entity @s[tag=aj.mech_torso.bone.left_arm] run data modify entity @s {} merge value {transformation:[-1.0819574725934409f,-0.221539356660758f,-0.07113592259596255f,0.9857400000000001f,-0.23267253933435628f,1.0274015800150957f,0.3392365861109551f,1.44428f,-0.0018696183952260574f,0.34660970177831213f,-1.0510138903431456f,-0.3061737499999999f,0f,0f,0f,1f],start_interpolation:0}