execute if entity @s[tag=aj.mech_torso.bone.barrel_left] run data modify entity @s {} merge value {transformation:[-2.266352620458459f,-0.1900947841343951f,0.30847733504533076f,1.466666304882865f,-0.36043294242693047f,1.3831983339072167f,-1.7956889921532793f,-1.2118119484824554f,-0.03718046806102005f,-1.821613250822439f,-1.395704578581573f,1.132217116870564f,0f,0f,0f,1f],start_interpolation:0}
execute if entity @s[tag=aj.mech_torso.bone.blaster_left] run data modify entity @s {} merge value {transformation:[-0.9874590373010423f,-0.08282506916303577f,0.1344048271850275f,1.561713269268174f,-0.15704209624205848f,0.602665129365495f,-0.7823889837253405f,-0.1522340937995892f,-0.016199680873362998f,-0.7936842884705541f,-0.6081141509409165f,0.5702732457210549f,0f,0f,0f,1f],start_interpolation:0}
execute if entity @s[tag=aj.mech_torso.bone.sword_left] run data modify entity @s {} merge value {transformation:[-2.63063860255678f,-0.2206499874620035f,0.3580609558542272f,1.1709590902434208f,-0.41836773475682887f,1.605529033444265f,-2.084322068111854f,0.6215497312743701f,-0.04315673283121457f,-2.1144133058928323f,-1.6200454902905639f,1.4552975635089156f,0f,0f,0f,1f],start_interpolation:0}
execute if entity @s[tag=aj.mech_torso.bone.rocket_left] run data modify entity @s {} merge value {transformation:[-2.275397333798871f,-0.190853427257483f,0.30970842726033426f,1.3744105618074327f,-0.3618713825943009f,1.388718495381734f,-1.8028553492487933f,0.0756613318625029f,-0.03732885038795302f,-1.8288830682030424f,-1.4012746508232954f,0.13289276691550755f,0f,0f,0f,1f],start_interpolation:0}
execute if entity @s[tag=aj.mech_torso.bone.drillhead_left1] run data modify entity @s {} merge value {transformation:[0.13440482718502728f,-0.08282506916303577f,0.9874590373010423f,1.418487103366128f,-0.7823889837253405f,0.602665129365495f,0.1570420962420583f,-0.9205427285058607f,-0.6081141509409165f,-0.7936842884705541f,0.016199680873362862f,1.213373596557656f,0f,0f,0f,1f],start_interpolation:0}
execute if entity @s[tag=aj.mech_torso.bone.drillhead_left2] run data modify entity @s {} merge value {transformation:[-0.9637276943493354f,-0.08282506916303577f,-0.25371034480732685f,1.1855762626497282f,0.15431932327594236f,0.602665129365495f,-0.7829305769418681f,-0.685661073302374f,0.21774865695973772f,-0.7936842884705541f,-0.5680235669646296f,1.4160308016283283f,0f,0f,0f,1f],start_interpolation:0}
execute if entity @s[tag=aj.mech_torso.bone.drillhead_left3] run data modify entity @s {} merge value {transformation:[0.8608586931621294f,-0.08282506916303577f,-0.5020580826212535f,1.5602464187546847f,0.44449528019735307f,0.602665129365495f,0.6627357601104288f,-0.6259703282233016f,0.24768176414396675f,-0.7936842884705541f,0.5556248680049545f,1.4222567646265447f,0f,0f,0f,1f],start_interpolation:0}
execute if entity @s[tag=aj.mech_torso.bone.drill_left] run data modify entity @s {} merge value {transformation:[0.20547882782661694f,-0.1266234143722404f,1.5096327249622856f,1.3394682113767071f,-1.1961205162596291f,0.9213577142100862f,0.2400868073795467f,-0.3986876131992512f,-0.9296882079101241f,-1.2133888393370122f,0.02476615986746854f,0.9667065627339798f,0f,0f,0f,1f],start_interpolation:0}
execute if entity @s[tag=aj.mech_torso.bone.left_hand] run data modify entity @s {} merge value {transformation:[-0.9874590373010423f,-0.08282506916303577f,0.1344048271850275f,1.4074227946898863f,-0.15704209624205848f,0.602665129365495f,-0.7823889837253405f,-0.17677192133741082f,-0.016199680873362998f,-0.7936842884705541f,-0.6081141509409165f,0.5677420455845918f,0f,0f,0f,1f],start_interpolation:0}
execute if entity @s[tag=aj.mech_torso.bone.left_arm_low] run data modify entity @s {} merge value {transformation:[-0.9874590373010423f,-0.08282506916303577f,0.1344048271850275f,1.2670816865450676f,-0.15704209624205848f,0.602665129365495f,-0.7823889837253405f,0.39162842127153863f,-0.016199680873362998f,-0.7936842884705541f,-0.6081141509409165f,-0.24595829015745113f,0f,0f,0f,1f],start_interpolation:0}
execute if entity @s[tag=aj.mech_torso.bone.left_arm] run data modify entity @s {} merge value {transformation:[-1.0928151564033461f,-0.1745550261341706f,0.0075865222900485104f,1.05878125f,-0.17379757183219138f,1.0909524447970014f,0.06625062830424829f,1.49571875f,-0.017928092324412403f,0.06422837828228589f,-1.1046833380941632f,-0.18117374999999988f,0f,0f,0f,1f],start_interpolation:0}