execute if entity @s[tag=aj.mech_torso.bone.barrel_left] run data modify entity @s {} merge value {transformation:[-2.24913076392726f,-0.36904012742956965f,0.2699420022031434f,1.6358858671275411f,-0.4570982730370289f,1.8473256159343416f,-1.2830034025481256f,-1.5209109953054434f,-0.010975836789996633f,-1.311047652265267f,-1.8837945954766904f,0.3479381852068024f,0f,0f,0f,1f],start_interpolation:0}
execute if entity @s[tag=aj.mech_torso.bone.blaster_left] run data modify entity @s {} merge value {transformation:[-0.9799554044959256f,-0.16079228168974877f,0.1176148262262517f,1.6530675317422188f,-0.19915957321496025f,0.8048872703326599f,-0.5590097910173619f,-0.3390155785435464f,-0.0047822166473066256f,-0.5712287844685736f,-0.8207769527700532f,0.12355439761510931f,0f,0f,0f,1f],start_interpolation:0}
execute if entity @s[tag=aj.mech_torso.bone.sword_left] run data modify entity @s {} merge value {transformation:[-2.6106485620883633f,-0.4283584100484391f,0.3133315817833355f,1.3001565367711572f,-0.5305707290906929f,2.144258591050939f,-1.4892291020768182f,0.11585232547785268f,-0.012740056288896138f,-1.5217810912155296f,-2.1865894730654727f,1.2204806936655688f,0f,0f,0f,1f],start_interpolation:0}
execute if entity @s[tag=aj.mech_torso.bone.rocket_left] run data modify entity @s {} merge value {transformation:[-2.2581067471176905f,-0.37051291773306366f,0.2710193050051983f,1.4269042855839968f,-0.4589224917445223f,1.8546980479608925f,-1.2881236993130982f,-0.0026287386306390603f,-0.011019639901895691f,-1.3162798699190055f,-1.8913125703736668f,-0.2141057755184475f,0f,0f,0f,1f],start_interpolation:0}
execute if entity @s[tag=aj.mech_torso.bone.drillhead_left1] run data modify entity @s {} merge value {transformation:[0.11761482622625148f,-0.16079228168974877f,0.9799554044959256f,1.5834988678553192f,-0.5590097910173619f,0.8048872703326599f,0.19915957321496014f,-1.2697604440589085f,-0.8207769527700532f,-0.5712287844685736f,0.004782216647306443f,0.515044053073791f,0f,0f,0f,1f],start_interpolation:0}
execute if entity @s[tag=aj.mech_torso.bone.drillhead_left2] run data modify entity @s {} merge value {transformation:[-0.9503699863848901f,-0.16079228168974877f,-0.26635076708691535f,1.3576926281133725f,0.029924332155230854f,0.8048872703326599f,-0.5926727734606199f,-1.1184453881788636f,0.30967954941172204f,-0.5712287844685736f,-0.76012910250214f,0.7918148795693372f,0f,0f,0f,1f],start_interpolation:0}
execute if entity @s[tag=aj.mech_torso.bone.drillhead_left3] run data modify entity @s {} merge value {transformation:[0.8603514955903192f,-0.16079228168974877f,-0.48367462842752623f,1.7295177415891754f,0.39792323894920045f,0.8048872703326599f,0.4402426353280851f,-1.0428023636980144f,0.3185159335726844f,-0.5712287844685736f,0.7564689523403306f,0.7937361747467051f,0f,0f,0f,1f],start_interpolation:0}
execute if entity @s[tag=aj.mech_torso.bone.drill_left] run data modify entity @s {} merge value {transformation:[0.179810183415002f,-0.24582011120548042f,1.4981611304851454f,1.4687001910581816f,-0.8546171964770443f,1.230516018690618f,0.3044762343120527f,-0.7034644288416775f,-1.2548082512700183f,-0.8732976598514712f,0.007311078714075597f,0.4405359381265371f,0f,0f,0f,1f],start_interpolation:0}
execute if entity @s[tag=aj.mech_torso.bone.left_hand] run data modify entity @s {} merge value {transformation:[-0.9799554044959256f,-0.16079228168974877f,0.1176148262262517f,1.4999494997897305f,-0.19915957321496025f,0.8048872703326599f,-0.5590097910173619f,-0.37013426185838394f,-0.0047822166473066256f,-0.5712287844685736f,-0.8207769527700532f,0.12280717626396764f,0f,0f,0f,1f],start_interpolation:0}
execute if entity @s[tag=aj.mech_torso.bone.left_arm_low] run data modify entity @s {} merge value {transformation:[-0.9799554044959256f,-0.16079228168974877f,0.1176148262262517f,1.2815854686385568f,-0.19915957321496025f,0.8048872703326599f,-0.5590097910173619f,0.4048364791790484f,-0.0047822166473066256f,-0.5712287844685736f,-0.8207769527700532f,-0.4743697765191268f,0f,0f,0f,1f],start_interpolation:0}
execute if entity @s[tag=aj.mech_torso.bone.left_arm] run data modify entity @s {} merge value {transformation:[-1.0845109297491147f,-0.21413854557453843f,-0.052466228070637236f,1.03328125f,-0.22040873791281945f,1.0467295491662163f,0.28381194070721477f,1.4626562500000002f,-0.005292451267310467f,0.2885721967472592f,-1.0683960200965148f,-0.18117374999999988f,0f,0f,0f,1f],start_interpolation:0}