execute if entity @s[tag=aj.mech_torso.bone.barrel_left] run data modify entity @s {} merge value {transformation:[-2.28312586699625f,0.024423185878211726f,0.23321294324045808f,1.1050540761651986f,-0.22244114462220713f,0.4966647038379614f,-2.2296844177128317f,-0.5262579329650923f,-0.07419370648836146f,-2.2406195958715984f,-0.49169870242294783f,2.0113305404996122f,0f,0f,0f,1f],start_interpolation:0}
execute if entity @s[tag=aj.mech_torso.bone.blaster_left] run data modify entity @s {} merge value {transformation:[-0.9947672089108377f,0.010641281236387995f,0.10161182612958988f,1.3181324362327067f,-0.09691850974203362f,0.216398827740244f,-0.9714825525052067f,0.1920504008463227f,-0.03232649911644073f,-0.9762470540218272f,-0.21423512076356313f,1.069974699202755f,0f,0f,0f,1f],start_interpolation:0}
execute if entity @s[tag=aj.mech_torso.bone.sword_left] run data modify entity @s {} merge value {transformation:[-2.650107924953569f,0.028348887542330715f,0.2706988160474904f,0.9457332231137097f,-0.2581955943474151f,0.5764969363766842f,-2.5880764748639087f,1.2857380172787227f,-0.0861193560936554f,-2.6007693371884257f,-0.5707327164116358f,1.5170367789836647f,0f,0f,0f,1f],start_interpolation:0}
execute if entity @s[tag=aj.mech_torso.bone.rocket_left] run data modify entity @s {} merge value {transformation:[-2.292237520143536f,0.02452065558046986f,0.23414366522954422f,1.1743714395916816f,-0.22332887778873176f,0.4986468269338838f,-2.2385827931093822f,0.2243886380376765f,-0.07448980375089342f,-2.2495616121168323f,-0.49366100686450837f,0.5634104616571748f,0f,0f,0f,1f],start_interpolation:0}
execute if entity @s[tag=aj.mech_torso.bone.drillhead_left1] run data modify entity @s {} merge value {transformation:[0.10161182612958966f,0.010641281236387995f,0.9947672089108377f,1.0769343461803296f,-0.9714825525052067f,0.216398827740244f,0.09691850974203339f,-0.22577436510661136f,-0.21423512076356313f,-0.9762470540218272f,0.03232649911644068f,1.9597139308435971f,0f,0f,0f,1f],start_interpolation:0}
execute if entity @s[tag=aj.mech_torso.bone.drillhead_left2] run data modify entity @s {} merge value {transformation:[-0.9579302263182584f,0.010641281236387995f,-0.2868038434880163f,0.8537305254352934f,0.2822292502033307f,0.216398827740244f,-0.9346219544191727f,0.08449258666790972f,0.05211844045552612f,-0.9762470540218272f,-0.21029825885676634f,2.026055979973625f,0f,0f,0f,1f],start_interpolation:0}
execute if entity @s[tag=aj.mech_torso.bone.drillhead_left3] run data modify entity @s {} merge value {transformation:[0.8801599015339462f,0.010641281236387995f,-0.47455801633246325f,1.2311780029420805f,0.4613113051476515f,0.216398827740244f,0.8604437384835912f,0.1213942444769384f,0.1118500222383736f,-0.9762470540218272f,0.18555662758031322f,2.038349999404686f,0f,0f,0f,1f],start_interpolation:0}
execute if entity @s[tag=aj.mech_torso.bone.drill_left] run data modify entity @s {} merge value {transformation:[0.1553447101843082f,0.01626844839446333f,1.5208054973052703f,1.0550390740763225f,-1.4852077884671193f,0.33083170000960194f,0.14816954266888174f,0.14730278082177872f,-0.3275238130635728f,-1.4924917841934455f,0.04942092695108472f,1.5127738761565068f,0f,0f,0f,1f],start_interpolation:0}
execute if entity @s[tag=aj.mech_torso.bone.left_hand] run data modify entity @s {} merge value {transformation:[-0.9947672089108377f,0.010641281236387995f,0.10161182612958988f,1.1627000598403883f,-0.09691850974203362f,0.216398827740244f,-0.9714825525052067f,0.17690688369912994f,-0.03232649911644073f,-0.9762470540218272f,-0.21423512076356313f,1.0649236837158111f,0f,0f,0f,1f],start_interpolation:0}
execute if entity @s[tag=aj.mech_torso.bone.left_arm_low] run data modify entity @s {} merge value {transformation:[-0.9947672089108377f,0.010641281236387995f,0.10161182612958988f,1.1143437600863986f,-0.09691850974203362f,0.216398827740244f,-0.9714825525052067f,0.3568894748147091f,-0.03232649911644073f,-0.9762470540218272f,-0.21423512076356313f,0.07996137597534494f,0f,0f,0f,1f],start_interpolation:0}
execute if entity @s[tag=aj.mech_torso.bone.left_arm] run data modify entity @s {} merge value {transformation:[-1.1009030672929054f,-0.0961665927521009f,0.05946765000865624f,0.9854999999999999f,-0.10725914937353512f,1.0724006445888188f,-0.25144444892496576f,1.4440000000000002f,-0.03577554800092011f,-0.25589220866991164f,-1.076109318908305f,-0.18117374999999988f,0f,0f,0f,1f],start_interpolation:0}