execute if entity @s[tag=aj.mech_torso.bone.barrel_left] run data modify entity @s {} merge value {transformation:[-2.2804675184404557f,-0.011677956687962824f,0.2588049769929436f,1.202629325014672f,-0.25031661383232073f,0.6902338912495722f,-2.174526905251045f,-0.6900000732644838f,-0.06676813332904287f,-2.1888557042776395f,-0.6870962200985299f,1.7371471196516861f,0f,0f,0f,1f],start_interpolation:0}
execute if entity @s[tag=aj.mech_torso.bone.blaster_left] run data modify entity @s {} merge value {transformation:[-0.9936089556531501f,-0.005088133137201897f,0.1127623791298962f,1.3931899091674433f,-0.10906396484114589f,0.30073770851597625f,-0.9474502004061685f,0.11076325239747384f,-0.029091146745799525f,-0.9536933163117679f,-0.2993706124576635f,0.8596593249001813f,0f,0f,0f,1f],start_interpolation:0}
execute if entity @s[tag=aj.mech_torso.bone.sword_left] run data modify entity @s {} merge value {transformation:[-2.647022282292849f,-0.01355503260394082f,0.30040442818370144f,1.0109475184056582f,-0.29055167376178f,0.8011797911424724f,-2.524053127308386f,1.1554864244847127f,-0.07750022100290266f,-2.540685089831505f,-0.7975377811668177f,1.4047671379573394f,0f,0f,0f,1f],start_interpolation:0}
execute if entity @s[tag=aj.mech_torso.bone.rocket_left] run data modify entity @s {} merge value {transformation:[-2.289568562470507f,-0.01172456186744412f,0.2598378334014488f,1.2424420919736563f,-0.25131559430694694f,0.6929885233522001f,-2.1832051543158486f,0.1848752246236474f,-0.06703459611192326f,-2.1975911376828403f,-0.6898383301708869f,0.35955651178666215f,0f,0f,0f,1f],start_interpolation:0}
execute if entity @s[tag=aj.mech_torso.bone.drillhead_left1] run data modify entity @s {} merge value {transformation:[0.11276237912989598f,-0.005088133137201897f,0.9936089556531501f,1.1695359293008902f,-0.9474502004061685f,0.30073770851597625f,0.10906396484114568f,-0.3866323916238751f,-0.2993706124576635f,-0.9536933163117679f,0.02909114674579946f,1.7122825855539203f,0f,0f,0f,1f],start_interpolation:0}
execute if entity @s[tag=aj.mech_torso.bone.drillhead_left2] run data modify entity @s {} merge value {transformation:[-0.9611272717349424f,-0.005088133137201897f,-0.27605883146265103f,0.942779604420316f,0.2618115298351597f,0.30073770851597625f,-0.9170668206417311f,-0.08680132782646272f,0.08768745846881135f,-0.9536933163117679f,-0.28771508137312285f,1.8080411191171164f,0f,0f,0f,1f],start_interpolation:0}
execute if entity @s[tag=aj.mech_torso.bone.drillhead_left3] run data modify entity @s {} merge value {transformation:[0.8748226831607782f,-0.005088133137201897f,-0.4844165396934286f,1.3197861375000333f,0.4633354595376899f,0.30073770851597625f,0.8335928758162209f,-0.04529424683130538f,0.14144088858026424f,-0.9536933163117679f,0.26544968159688476f,1.8191185638376295f,0f,0f,0f,1f],start_interpolation:0}
execute if entity @s[tag=aj.mech_torso.bone.drill_left] run data modify entity @s {} merge value {transformation:[0.17239173601000526f,-0.007778765500875421f,1.5190347534510458f,1.136512871162078f,-1.4484669984028693f,0.4597694377751456f,0.1667375802122864f,0.023569685993033357f,-0.45767941391609346f,-1.4580115078162275f,0.044474702722023085f,1.2998930786696963f,0f,0f,0f,1f],start_interpolation:0}
execute if entity @s[tag=aj.mech_torso.bone.left_hand] run data modify entity @s {} merge value {transformation:[-0.9936089556531501f,-0.005088133137201897f,0.1127623791298962f,1.2379385098466387f,-0.10906396484114589f,0.30073770851597625f,-0.9474502004061685f,0.09372200789104479f,-0.029091146745799525f,-0.9536933163117679f,-0.2993706124576635f,0.8551138332211501f,0f,0f,0f,1f],start_interpolation:0}
execute if entity @s[tag=aj.mech_torso.bone.left_arm_low] run data modify entity @s {} merge value {transformation:[-0.9936089556531501f,-0.005088133137201897f,0.1127623791298962f,1.174273641328924f,-0.10906396484114589f,0.30073770851597625f,-0.9474502004061685f,0.3580353998417567f,-0.029091146745799525f,-0.9536933163117679f,-0.2993706124576635f,-0.10975301140153232f,0f,0f,0f,1f],start_interpolation:0}
execute if entity @s[tag=aj.mech_torso.bone.left_arm] run data modify entity @s {} merge value {transformation:[-1.0996212351691f,-0.1133484639971361f,0.05250946018291119f,1.028f,-0.1207004536832346f,1.0839433373000549f,-0.1878036755165056f,1.4565000000000001f,-0.032195002405220316f,-0.19233030381699479f,-1.0893780402540794f,-0.3061737499999999f,0f,0f,0f,1f],start_interpolation:0}