execute if entity @s[tag=aj.mech_torso.bone.barrel_left] run data modify entity @s {} merge value {transformation:[-2.24264940586741f,-0.4251450203902935f,0.2396327345138466f,1.6762643986180388f,-0.4880226035522759f,1.9593444519372372f,-1.0910782513346695f,-1.5757404667976749f,-0.0024645963777032843f,-1.11708080448587f,-2.004937130052858f,-0.047354912895633566f,0f,0f,0f,1f],start_interpolation:0}
execute if entity @s[tag=aj.mech_torso.bone.blaster_left] run data modify entity @s {} merge value {transformation:[-0.9771314504772928f,-0.1852374113181944f,0.10440895524942276f,1.6726828514483914f,-0.2126334295619871f,0.8536943319348509f,-0.47538722348735474f,-0.3775893270774463f,-0.0010738346471301594f,-0.4867166414562406f,-0.8735592468795165f,-0.15663020197185826f,0f,0f,0f,1f],start_interpolation:0}
execute if entity @s[tag=aj.mech_torso.bone.sword_left] run data modify entity @s {} merge value {transformation:[-2.6031254120916145f,-0.493481416893217f,0.2781505032172993f,1.341253867995671f,-0.5664657336355625f,2.274282962167153f,-1.2664545404194483f,-0.03605570968624017f,-0.0028607474019626896f,-1.2966366574770956f,-2.327204055717298f,0.9871389603010366f,0f,0f,0f,1f],start_interpolation:0}
execute if entity @s[tag=aj.mech_torso.bone.rocket_left] run data modify entity @s {} merge value {transformation:[-2.2515995228156775f,-0.4268417178957135f,0.24058907704019997f,1.433912916355306f,-0.4899702371698014f,1.967163936311789f,-1.095432600223804f,-0.013677835947040973f,-0.0024744322556398937f,-1.1215389261230087f,-2.012938568771255f,-0.4547537622935624f,0f,0f,0f,1f],start_interpolation:0}
execute if entity @s[tag=aj.mech_torso.bone.drillhead_left1] run data modify entity @s {} merge value {transformation:[0.10440895524942254f,-0.1852374113181944f,0.9771314504772928f,1.6248115350734318f,-0.4753872234873548f,0.8536943319348509f,0.212633429561987f,-1.3427033219319364f,-0.8735592468795165f,-0.4867166414562406f,0.0010738346471299654f,0.1444566094528707f,0f,0f,0f,1f],start_interpolation:0}
execute if entity @s[tag=aj.mech_torso.bone.drillhead_left2] run data modify entity @s {} merge value {transformation:[-0.9427073250335389f,-0.1852374113181944f,-0.27747072057470085f,1.4040090430194523f,-0.01452485911334922f,0.8536943319348509f,-0.5205718164576777f,-1.2222363894982353f,0.3333045571183314f,-0.4867166414562406f,-0.8074744473565157f,0.439788240224403f,0f,0f,0f,1f],start_interpolation:0}
execute if entity @s[tag=aj.mech_torso.bone.drillhead_left3] run data modify entity @s {} merge value {transformation:[0.8627961703045348f,-0.1852374113181944f,-0.4703933141063576f,1.7747643344959392f,0.3783704878866512f,0.8536943319348509f,0.3578292351369943f,-1.141491631687247f,0.3352887448219011f,-0.4867166414562406f,0.8066525698994033f,0.4403092654564708f,0f,0f,0f,1f],start_interpolation:0}
execute if entity @s[tag=aj.mech_torso.bone.drill_left] run data modify entity @s {} merge value {transformation:[0.15962097633382477f,-0.2831919577925669f,1.493843854285042f,1.5009304426550878f,-0.7267745622815952f,1.3051325188396314f,0.32507513887877587f,-0.7736707328885843f,-1.3355021084086587f,-0.7440950378401086f,0.0016416842251366296f,0.12782051056706611f,0f,0f,0f,1f],start_interpolation:0}
execute if entity @s[tag=aj.mech_torso.bone.left_hand] run data modify entity @s {} merge value {transformation:[-0.9771314504772928f,-0.1852374113181944f,0.10440895524942276f,1.5200060623113143f,-0.2126334295619871f,0.8536943319348509f,-0.47538722348735474f,-0.41081330044650677f,-0.0010738346471301594f,-0.4867166414562406f,-0.8735592468795165f,-0.15679798863547234f,0f,0f,0f,1f],start_interpolation:0}
execute if entity @s[tag=aj.mech_torso.bone.left_arm_low] run data modify entity @s {} merge value {transformation:[-0.9771314504772928f,-0.1852374113181944f,0.10440895524942276f,1.2769607151898335f,-0.2126334295619871f,0.8536943319348509f,-0.47538722348735474f,0.4147355914067401f,-0.0010738346471301594f,-0.4867166414562406f,-0.8735592468795165f,-0.6708804712221434f,0f,0f,0f,1f],start_interpolation:0}
execute if entity @s[tag=aj.mech_torso.bone.left_arm] run data modify entity @s {} merge value {transformation:[-1.081385676309759f,-0.2229856998687658f,-0.07519558005727471f,1.01975125f,-0.2353201761345787f,1.0228920412776887f,0.35083937226141265f,1.4479025f,-0.0011884065399435058f,0.35880527877781837f,-1.0469141980817225f,-0.3061737499999999f,0f,0f,0f,1f],start_interpolation:0}