execute if entity @s[tag=aj.mech_torso.bone.barrel_left] run data modify entity @s {} merge value {transformation:[-2.2720301906561025f,-0.12152332574430867f,0.3012629872684885f,1.3722605841074265f,-0.3213267659266876f,1.1533473592109862f,-1.9581081359186565f,-1.0536528564513854f,-0.04771179829965049f,-1.9805732613947362f,-1.1587500308530425f,1.4149676163670923f,0f,0f,0f,1f],start_interpolation:0}
execute if entity @s[tag=aj.mech_torso.bone.blaster_left] run data modify entity @s {} merge value {transformation:[-0.9899327776850254f,-0.05294820636729576f,0.13126150657102945f,1.5015888868341136f,-0.14000337638405028f,0.5025181265789945f,-0.8531556640265618f,-0.07260411404294034f,-0.020788224211704457f,-0.8629438103967279f,-0.5048720925463202f,0.7306156418478791f,0f,0f,0f,1f],start_interpolation:0}
execute if entity @s[tag=aj.mech_torso.bone.sword_left] run data modify entity @s {} merge value {transformation:[-2.637228766503829f,-0.14105658092578366f,0.3496869978113734f,1.1078891390270045f,-0.37297576151696854f,1.3387325775825596f,-2.272847924823856f,0.8104877406410937f,-0.05538083406415091f,-2.298924019847719f,-1.3450036566945367f,1.5051139079625275f,0f,0f,0f,1f],start_interpolation:0}
execute if entity @s[tag=aj.mech_torso.bone.rocket_left] run data modify entity @s {} merge value {transformation:[-2.2810975624277066f,-0.12200830925288043f,0.3024652879763847f,1.3286416312978697f,-0.3226091385196253f,1.157950215867897f,-1.965922686319613f,0.10345719268488895f,-0.04790220977166961f,-1.988477467138049f,-1.1633744488573947f,0.2643410708322913f,0f,0f,0f,1f],start_interpolation:0}
execute if entity @s[tag=aj.mech_torso.bone.drillhead_left1] run data modify entity @s {} merge value {transformation:[0.13126150657102922f,-0.05294820636729576f,0.9899327776850254f,1.3284111963504854f,-0.8531556640265618f,0.5025181265789945f,0.14000337638405008f,-0.7538258022131987f,-0.5048720925463202f,-0.8629438103967279f,0.020788224211704346f,1.4588576710487453f,0f,0f,0f,1f],start_interpolation:0}
execute if entity @s[tag=aj.mech_torso.bone.drillhead_left2] run data modify entity @s {} merge value {transformation:[-0.9648102357372552f,-0.05294820636729576f,-0.2575610538476432f,1.0960942113789582f,0.19714228392770416f,0.5025181265789945f,-0.8417900286575662f,-0.49176863825683303f,0.17400037041452185f,-0.8629438103967279f,-0.4743963018337995f,1.6257158616007585f,0f,0f,0f,1f],start_interpolation:0}
execute if entity @s[tag=aj.mech_torso.bone.drillhead_left3] run data modify entity @s {} merge value {transformation:[0.8643470279932266f,-0.05294820636729576f,-0.5001006925027826f,1.4717034276277705f,0.4558347917751f,0.5025181265789945f,0.7346360834228666f,-0.43853397186424325f,0.21241200014742032f,-0.8629438103967279f,0.45848568384557936f,1.63366950869408f,0f,0f,0f,1f],start_interpolation:0}
execute if entity @s[tag=aj.mech_torso.bone.drill_left] run data modify entity @s {} merge value {transformation:[0.20067330224561675f,-0.08094750469710625f,1.513414592660746f,1.265678498799131f,-1.3043090004236546f,0.7682524338871525f,0.21403792016755785f,-0.26469785075375324f,-0.7718511898086489f,-1.3192731716134904f,0.03178114977773475f,1.1486322239988653f,0f,0f,0f,1f],start_interpolation:0}
execute if entity @s[tag=aj.mech_torso.bone.left_hand] run data modify entity @s {} merge value {transformation:[-0.9899327776850254f,-0.05294820636729576f,0.13126150657102945f,1.3469118903208284f,-0.14000337638405028f,0.5025181265789945f,-0.8531556640265618f,-0.0944796416029482f,-0.020788224211704457f,-0.8629438103967279f,-0.5048720925463202f,0.7273674818148003f,0f,0f,0f,1f],start_interpolation:0}
execute if entity @s[tag=aj.mech_torso.bone.left_arm_low] run data modify entity @s {} merge value {transformation:[-0.9899327776850254f,-0.05294820636729576f,0.13126150657102945f,1.2361948074285631f,-0.14000337638405028f,0.5025181265789945f,-0.8531556640265618f,0.37262715945121316f,-0.020788224211704457f,-0.8629438103967279f,-0.5048720925463202f,-0.15265284548723165f,0f,0f,0f,1f],start_interpolation:0}
execute if entity @s[tag=aj.mech_torso.bone.left_arm] run data modify entity @s {} merge value {transformation:[-1.095552830456148f,-0.1543623497836456f,0.02661276353223065f,1.04834375f,-0.1549409199578662f,1.0955329799682945f,-0.023932815513989757f,1.4819062500000002f,-0.02300620647045209f,-0.027417755289009766f,-1.1061152560618532f,-0.18117374999999988f,0f,0f,0f,1f],start_interpolation:0}