execute if entity @s[tag=aj.mech_torso.bone.barrel_left] run data modify entity @s {} merge value {transformation:[-2.2398088938846654f,-0.447837179576679f,0.2243801972426512f,1.6834966345572375f,-0.500902553433144f,2.000225170390937f,-1.0078910621438202f,-1.5944143466456118f,0.0011154774771127193f,-1.0325645847955696f,-2.049745747010259f,-0.1618735792140784f,0f,0f,0f,1f],start_interpolation:0}
execute if entity @s[tag=aj.mech_torso.bone.blaster_left] run data modify entity @s {} merge value {transformation:[-0.9758938278749655f,-0.19512447719761497f,0.09776336284060946f,1.6721121532877026f,-0.21824527601299304f,0.8715062269259751f,-0.4391422274471716f,-0.3928739423525411f,0.00048601806521083294f,-0.4498925814320662f,-0.8930825431945426f,-0.2226281702601161f,0f,0f,0f,1f],start_interpolation:0}
execute if entity @s[tag=aj.mech_torso.bone.sword_left] run data modify entity @s {} merge value {transformation:[-2.5998283256605887f,-0.5198210382708442f,0.2604463238365876f,1.350955791078327f,-0.5814159638202875f,2.321734711331766f,-1.169896119126925f,-0.09972534304140379f,0.001294775616594811f,-1.198535581743127f,-2.379215060726516f,0.9373807819387987f,0f,0f,0f,1f],start_interpolation:0}
execute if entity @s[tag=aj.mech_torso.bone.rocket_left] run data modify entity @s {} merge value {transformation:[-2.2487476747255717f,-0.4496244384859437f,0.2252756689115367f,1.4281767142609698f,-0.5029015892258915f,2.0082078043019846f,-1.0119134219713084f,-0.01866804248203191f,0.0011199292000825234f,-1.0366854133862453f,-2.057926010988195f,-0.5033161796031189f,0f,0f,0f,1f],start_interpolation:0}
execute if entity @s[tag=aj.mech_torso.bone.drillhead_left1] run data modify entity @s {} merge value {transformation:[0.09776336284060924f,-0.19512447719761497f,0.9758938278749655f,1.6327917032045058f,-0.43914222744717163f,0.8715062269259751f,0.21824527601299293f,-1.369612889246178f,-0.8930825431945426f,-0.4498925814320662f,-0.00048601806521103124f,0.03971680460263787f,0f,0f,0f,1f],start_interpolation:0}
execute if entity @s[tag=aj.mech_torso.bone.drillhead_left2] run data modify entity @s {} merge value {transformation:[-0.9390207527291714f,-0.19512447719761497f,-0.28313682971718457f,1.4144724202747256f,-0.03357988867974607f,0.8715062269259751f,-0.4892333671219767f,-1.262473313582933f,0.3422169151579104f,-0.4498925814320662f,-0.8249146914391787f,0.34194949057345175f,0f,0f,0f,1f],start_interpolation:0}
execute if entity @s[tag=aj.mech_torso.bone.drillhead_left3] run data modify entity @s {} merge value {transformation:[0.8641959142263753f,-0.19512447719761497f,-0.4637799696330114f,1.7847589644228574f,0.3696847984716153f,0.8715062269259751f,0.32219566447773956f,-1.1796038735300196f,0.34131887087215196f,-0.4498925814320662f,0.8252866735619515f,0.34188117357179043f,0f,0f,0f,1f],start_interpolation:0}
execute if entity @s[tag=aj.mech_torso.bone.drill_left] run data modify entity @s {} merge value {transformation:[0.14946115866227214f,-0.29830735766396527f,1.491951770146815f,1.5055879044181777f,-0.6713630160083013f,1.33236344038316f,0.3336545601305753f,-0.8011218075407838f,-1.3653494295662592f,-0.6877982154114922f,-0.0007430270506924778f,0.047362446108701994f,0f,0f,0f,1f],start_interpolation:0}
execute if entity @s[tag=aj.mech_torso.bone.left_hand] run data modify entity @s {} merge value {transformation:[-0.9758938278749655f,-0.19512447719761497f,0.09776336284060946f,1.5196287426822392f,-0.21824527601299304f,0.8715062269259751f,-0.4391422274471716f,-0.42697476672957124f,0.00048601806521083294f,-0.4498925814320662f,-0.8930825431945426f,-0.2225522299374269f,0f,0f,0f,1f],start_interpolation:0}
execute if entity @s[tag=aj.mech_torso.bone.left_arm_low] run data modify entity @s {} merge value {transformation:[-0.9758938278749655f,-0.19512447719761497f,0.09776336284060946f,1.2665660063312079f,-0.21824527601299304f,0.8715062269259751f,-0.4391422274471716f,0.4171679358378677f,0.00048601806521083294f,-0.4498925814320662f,-0.8930825431945426f,-0.7003232647152469f,0f,0f,0f,1f],start_interpolation:0}
execute if entity @s[tag=aj.mech_torso.bone.left_arm] run data modify entity @s {} merge value {transformation:[-1.0800160065952285f,-0.2260391594277643f,-0.08510994323410849f,1.00629125f,-0.241530773866136f,1.0116079669734515f,0.3782647022463158f,1.43868875f,0.0005378733576634485f,0.3877210312777194f,-1.0365539499375904f,-0.3061737499999999f,0f,0f,0f,1f],start_interpolation:0}