execute if entity @s[tag=aj.mech_torso.bone.barrel_left] run data modify entity @s {} merge value {transformation:[-2.2809658275158764f,-0.005039553968529798f,0.2545937745729603f,1.133762162781394f,-0.24538790976795755f,0.6565492285314704f,-2.1854922506623398f,-0.6568586780296063f,-0.06803058793823417f,-2.1992194540020837f,-0.6530345516848622f,1.8895501318597505f,0f,0f,0f,1f],start_interpolation:0}
execute if entity @s[tag=aj.mech_torso.bone.blaster_left] run data modify entity @s {} merge value {transformation:[-0.9938260709402643f,-0.0021957541228444927f,0.1109275411395594f,1.328362145497403f,-0.10691650847155706f,0.28606116422222083f,-0.9522278459171833f,0.12983001328119478f,-0.029641203344130684f,-0.9582088441397624f,-0.28452980525184407f,1.00029661368491f,0f,0f,0f,1f],start_interpolation:0}
execute if entity @s[tag=aj.mech_torso.bone.sword_left] run data modify entity @s {} merge value {transformation:[-2.6476006879116265f,-0.005849595111373666f,0.29551633109360803f,0.9476708797413717f,-0.28483074619947085f,0.7620807677776005f,-2.536781005869263f,1.183794761154406f,-0.07896559836692578f,-2.552714674215794f,-0.7580011534648332f,1.5284355630769184f,0f,0f,0f,1f],start_interpolation:0}
execute if entity @s[tag=aj.mech_torso.bone.rocket_left] run data modify entity @s {} merge value {transformation:[-2.2900688602314925f,-0.005059666161397501f,0.2556098246299898f,1.178911916172787f,-0.24636722043701179f,0.6591694296035941f,-2.1942142609693387f,0.19664065057380042f,-0.06830208901036501f,-2.2079962477607187f,-0.6556407261468835f,0.4987776407642682f,0f,0f,0f,1f],start_interpolation:0}
execute if entity @s[tag=aj.mech_torso.bone.drillhead_left1] run data modify entity @s {} merge value {transformation:[0.11092754113955917f,-0.0021957541228444927f,0.9938260709402643f,1.1015221812239124f,-0.9522278459171833f,0.28606116422222083f,0.10691650847155686f,-0.35382389824112104f,-0.28452980525184407f,-0.9582088441397624f,0.02964120334413062f,1.8599549635466097f,0f,0f,0f,1f],start_interpolation:0}
execute if entity @s[tag=aj.mech_torso.bone.drillhead_left2] run data modify entity @s {} merge value {transformation:[-0.9606256980049267f,-0.0021957541228444927f,-0.27783708715068917f,0.8753453908646733f,0.2656238466047626f,0.28606116422222083f,-0.9206589935685836f,-0.05196886872255635f,0.08149994139529887f,-0.9582088441397624f,-0.27421446089676466f,1.9505882637102108f,0f,0f,0f,1f],start_interpolation:0}
execute if entity @s[tag=aj.mech_torso.bone.drillhead_left3] run data modify entity @s {} merge value {transformation:[0.8757254336307142f,-0.0021957541228444927f,-0.4828044568519741f,1.2524345460548423f,0.4631797943336446f,0.28606116422222083f,0.8388286406918104f,-0.01127601089996167f,0.13626974357259364f,-0.9582088441397624f,0.2515280660264377f,1.9618724960393115f,0f,0f,0f,1f],start_interpolation:0}
execute if entity @s[tag=aj.mech_torso.bone.drill_left] run data modify entity @s {} merge value {transformation:[0.16958662575167258f,-0.003356880796672826f,1.519366680478027f,1.0704873705987679f,-1.455771088739022f,0.4373318573609041f,0.16345453728240367f,0.0500779038065943f,-0.434990707472131f,-1.4649148712187745f,0.04531563222902501f,1.441240804399405f,0f,0f,0f,1f],start_interpolation:0}
execute if entity @s[tag=aj.mech_torso.bone.left_hand] run data modify entity @s {} merge value {transformation:[-0.9938260709402643f,-0.0021957541228444927f,0.1109275411395594f,1.1730768219129868f,-0.10691650847155706f,0.28606116422222083f,-0.9522278459171833f,0.11312430883251398f,-0.029641203344130684f,-0.9582088441397624f,-0.28452980525184407f,0.9956651756623897f,0f,0f,0f,1f],start_interpolation:0}
execute if entity @s[tag=aj.mech_torso.bone.left_arm_low] run data modify entity @s {} merge value {transformation:[-0.9938260709402643f,-0.0021957541228444927f,0.1109275411395594f,1.112233424016987f,-0.10691650847155706f,0.28606116422222083f,-0.9522278459171833f,0.3627460710903505f,-0.029641203344130684f,-0.9582088441397624f,-0.28452980525184407f,0.02671219989949905f,0f,0f,0f,1f],start_interpolation:0}
execute if entity @s[tag=aj.mech_torso.bone.left_arm] run data modify entity @s {} merge value {transformation:[-1.0998615153908435f,-0.1103510422002925f,0.053844897450868644f,0.969f,-0.11832387624583947f,1.0821944858006578f,-0.19906414480472684f,1.4595000000000002f,-0.03280374683392992f,-0.2035920453308214f,-1.08731144195474f,-0.18117374999999988f,0f,0f,0f,1f],start_interpolation:0}