execute if entity @s[tag=aj.mech_torso.bone.blaster_left] run data modify entity @s {} merge value {transformation:[-0.9991600357357902f,-0.03658430396213465f,-0.018461085885198052f,0.9511259865806994f,0.020266213884778894f,-0.049601190171418175f,-0.9985634694441585f,1.5281480388315007f,0.03561605765986631f,-0.9980988481293749f,0.05030095227313418f,2.858368176767816f,0f,0f,0f,1f],start_interpolation:0}
execute if entity @s[tag=aj.mech_torso.bone.left_hand] run data modify entity @s {} merge value {transformation:[-0.9991600357357902f,-0.03684777173993925f,-0.017929436863879857f,0.9823497376974428f,0.020266213884778894f,-0.06405445320870021f,-0.9977406013583443f,1.5275147196476013f,0.03561605765986631f,-0.9972658967105692f,0.06474741458030041f,2.857255174965945f,0f,0f,0f,1f],start_interpolation:0}
execute if entity @s[tag=aj.mech_torso.bone.left_arm_low] run data modify entity @s {} merge value {transformation:[-0.9991600357357902f,-0.03684777173993925f,-0.017929436863879857f,0.9137179199387638f,0.020266213884778894f,-0.06405445320870021f,-0.9977406013583443f,1.4329141918303523f,0.03561605765986631f,-0.9972658967105692f,0.06474741458030041f,1.8631256367628812f,0f,0f,0f,1f],start_interpolation:0}
execute if entity @s[tag=aj.mech_torso.bone.left_arm] run data modify entity @s {} merge value {transformation:[-1.1057645831152572f,-0.039345172064152174f,-0.02255266496916772f,0.84249818808464f,0.02242850068670381f,0.0038881746705261067f,-1.1064600412977894f,1.4375f,0.039416083251837694f,-1.10598771153526f,-0.003087531070364447f,0.7399567791737571f,0f,0f,0f,1f],start_interpolation:0}
execute if entity @s[tag=aj.mech_torso.bone.drill_right] run data modify entity @s {} merge value {transformation:[-1.277702358396565f,1.0522595073595251f,0.5680903207407648f,-0.024159750890567322f,0.4529333289294112f,1.1952722283113837f,-1.195272228311384f,-0.9012660561734147f,-1.1067195141013721f,-0.7256543456763893f,-1.1450317409173396f,0.953995072626211f,0f,0f,0f,1f],start_interpolation:0}
execute if entity @s[tag=aj.mech_torso.bone.blaster_right] run data modify entity @s {} merge value {transformation:[-1.1255949347779262f,0.926990518388153f,0.5004605206525784f,-0.024159750890567322f,0.39901269453305266f,1.0529779154171712f,-1.0529779154171715f,-0.9012660561734147f,-0.9749671909940659f,-0.6392669235720572f,-1.0087184384271801f,0.953995072626211f,0f,0f,0f,1f],start_interpolation:0}
execute if entity @s[tag=aj.mech_torso.bone.sword_right] run data modify entity @s {} merge value {transformation:[-2.099082445937214f,1.7287120478049343f,0.9332912412169707f,-1.7313425014031625f,0.744104754669747f,1.9636615179401304f,-1.9636615179401309f,-0.32409116130796745f,-1.8181820588808257f,-1.1921464250397824f,-1.881123574364201f,-0.4954976005492381f,0f,0f,0f,1f],start_interpolation:0}
execute if entity @s[tag=aj.mech_torso.bone.right_hand] run data modify entity @s {} merge value {transformation:[-0.7301156333694657f,0.6012911470625858f,0.32462304042329415f,-1.7353682666002526f,0.2588190451025207f,0.6830127018922193f,-0.6830127018922194f,-0.2946589192143818f,-0.6324111509150698f,-0.4146596261007939f,-0.6543038519527655f,-0.5282185623309839f,0f,0f,0f,1f],start_interpolation:0}
execute if entity @s[tag=aj.mech_torso.bone.right_arm_low] run data modify entity @s {} merge value {transformation:[-0.7301156333694657f,0.6012911470625858f,0.32462304042329415f,-1.101116535981643f,0.2588190451025207f,0.6830127018922193f,-0.6830127018922194f,0.35892154058425185f,-0.6324111509150698f,-0.4146596261007939f,-0.6543038519527655f,-0.9435623353392056f,0f,0f,0f,1f],start_interpolation:0}
execute if entity @s[tag=aj.mech_torso.bone.right_arm] run data modify entity @s {} merge value {transformation:[-0.8080147124421264f,0.21650688967133358f,0.7245750269888831f,-0.8582122913033254f,0.2864335274371966f,1.068984477386792f,0f,1.4375f,-0.6998857316526609f,0.18753381659039586f,-0.8365183852122363f,-0.7331636725544637f,0f,0f,0f,1f],start_interpolation:0}
execute if entity @s[tag=aj.mech_torso.bone.torso] run data modify entity @s {} merge value {transformation:[-1.0078284322299054f,0f,0.8729602676907975f,0f,0f,1.3333333333333333f,0f,0.20333875f,-0.8729602676907975f,0f,-1.0078284322299054f,-0.005674375000000009f,0f,0f,0f,1f],start_interpolation:0}