execute if entity @s[tag=aj.mech_torso.bone.blaster_left] run data modify entity @s {} merge value {transformation:[-0.9993948334548535f,-0.015782529403091196f,-0.030998042347644805f,0.8973410565877461f,0.03131261530897822f,-0.020090793918528964f,-0.9993077004217643f,1.542924484932989f,0.015148827883957328f,-0.9996735826085249f,0.02057282791398566f,2.8749471054138223f,0f,0f,0f,1f],start_interpolation:0}
execute if entity @s[tag=aj.mech_torso.bone.left_hand] run data modify entity @s {} merge value {transformation:[-0.9993948334548535f,-0.0162813892590663f,-0.03073895293500706f,0.9285721451332103f,0.03131261530897822f,-0.0362367357608846f,-0.9988525512326167f,1.5419459657045835f,0.015148827883957328f,-0.9992105960933311f,0.036724619379261664f,2.8744737045424484f,0f,0f,0f,1f],start_interpolation:0}
execute if entity @s[tag=aj.mech_torso.bone.left_arm_low] run data modify entity @s {} merge value {transformation:[-0.9993948334548535f,-0.0162813892590663f,-0.03073895293500706f,0.8800990750494608f,0.03131261530897822f,-0.0362367357608846f,-0.9988525512326167f,1.4754736069460852f,0.015148827883957328f,-0.9992105960933311f,0.036724619379261664f,1.8768841536760932f,0f,0f,0f,1f],start_interpolation:0}
execute if entity @s[tag=aj.mech_torso.bone.left_arm] run data modify entity @s {} merge value {transformation:[-1.1060244323812913f,-0.017963574395025748f,-0.03404766518610277f,0.8306072765417557f,0.034653488705523566f,-0.03831830294806489f,-1.1054875946448897f,1.4375f,0.01676511945101292f,-1.1058847119786772f,0.038857600487659585f,0.7531803984291969f,0f,0f,0f,1f],start_interpolation:0}
execute if entity @s[tag=aj.mech_torso.bone.drill_right] run data modify entity @s {} merge value {transformation:[-1.2600496114837518f,1.0635979529996427f,0.5861180520804796f,-0.03932554417929568f,0.4529333289294112f,1.1952722283113837f,-1.195272228311384f,-0.9012660561734147f,-1.1267769859846126f,-0.7089313751009394f,-1.1359092962261217f,0.9534933078611847f,0f,0f,0f,1f],start_interpolation:0}
execute if entity @s[tag=aj.mech_torso.bone.blaster_right] run data modify entity @s {} merge value {transformation:[-1.1100437053547336f,0.9369791490711137f,0.51634209349947f,-0.03932554417929568f,0.39901269453305266f,1.0529779154171712f,-1.0529779154171715f,-0.9012660561734147f,-0.9926368686054919f,-0.624534782827018f,-1.0006819990563451f,0.9534933078611847f,0f,0f,0f,1f],start_interpolation:0}
execute if entity @s[tag=aj.mech_torso.bone.sword_right] run data modify entity @s {} merge value {transformation:[-2.0700815045804495f,1.7473394942136988f,0.9629082284179308f,-1.7233839228006755f,0.744104754669747f,1.9636615179401304f,-1.9636615179401309f,-0.32409116130796745f,-1.8511336198318635f,-1.1646729733801149f,-1.8661367009429142f,-0.5228025062059651f,0f,0f,0f,1f],start_interpolation:0}
execute if entity @s[tag=aj.mech_torso.bone.right_hand] run data modify entity @s {} merge value {transformation:[-0.7200283494192867f,0.6077702588569387f,0.3349246011888455f,-1.726891988130749f,0.2588190451025207f,0.6830127018922193f,-0.6830127018922194f,-0.2946589192143818f,-0.6438725634197786f,-0.40510364291482254f,-0.6490910264149267f,-0.5555830126539214f,0f,0f,0f,1f],start_interpolation:0}
execute if entity @s[tag=aj.mech_torso.bone.right_arm_low] run data modify entity @s {} merge value {transformation:[-0.7200283494192867f,0.6077702588569387f,0.3349246011888455f,-1.0861544495673061f,0.2588190451025207f,0.6830127018922193f,-0.6830127018922194f,0.35892154058425185f,-0.6438725634197786f,-0.40510364291482254f,-0.6490910264149267f,-0.9608497325373424f,0f,0f,0f,1f],start_interpolation:0}
execute if entity @s[tag=aj.mech_torso.bone.right_arm] run data modify entity @s {} merge value {transformation:[-0.796851174136953f,0.21351562859778847f,0.7377067582414292f,-0.8466061720492398f,0.2864335274371966f,1.068984477386792f,0f,1.4375f,-0.7125700100133824f,0.19093255873372278f,-0.8249610399157947f,-0.7466379398589771f,0f,0f,0f,1f],start_interpolation:0}
execute if entity @s[tag=aj.mech_torso.bone.torso] run data modify entity @s {} merge value {transformation:[-0.993904265831701f,0f,0.8887812375041031f,0f,0f,1.3333333333333333f,0f,0.20333875f,-0.8887812375041031f,0f,-0.993904265831701f,-0.005674375000000009f,0f,0f,0f,1f],start_interpolation:0}