execute if entity @s[tag=aj.mech_torso.bone.blaster_left] run data modify entity @s {} merge value {transformation:[-0.9990360777669768f,-0.042737150284859894f,-0.010022539872923003f,0.9746673264882361f,0.01237664944542205f,-0.05517958363398881f,-0.9983997356262095f,1.4916097540096722f,0.042115719968678744f,-0.9975614013861547f,0.05565533753388708f,2.843815566274413f,0f,0f,0f,1f],start_interpolation:0}
execute if entity @s[tag=aj.mech_torso.bone.left_hand] run data modify entity @s {} merge value {transformation:[-0.9990360777669768f,-0.04286070032018414f,-0.009480278900876219f,1.005887203918454f,0.01237664944542205f,-0.06782433896110743f,-0.9976205078049439f,1.4912229837145028f,0.042115719968678744f,-0.9967762133059517f,0.06828943343569092f,2.8424994500253917f,0f,0f,0f,1f],start_interpolation:0}
execute if entity @s[tag=aj.mech_torso.bone.left_arm_low] run data modify entity @s {} merge value {transformation:[-0.9990360777669768f,-0.04286070032018414f,-0.009480278900876219f,0.9315103674523996f,0.01237664944542205f,-0.06782433896110743f,-0.9976205078049439f,1.3926097741796604f,0.042115719968678744f,-0.9967762133059517f,0.06828943343569092f,1.8491733977633267f,0f,0f,0f,1f],start_interpolation:0}
execute if entity @s[tag=aj.mech_torso.bone.left_arm] run data modify entity @s {} merge value {transformation:[-1.1056273995542596f,-0.046034898445374735f,-0.015518376655996707f,0.8534941281085424f,0.013697165744126818f,0.04377930188996922f,-1.1057430709304188f,1.4375f,0.04660922161430362f,-1.1048692861081708f,-0.043167344247217215f,0.7273445799286087f,0f,0f,0f,1f],start_interpolation:0}
execute if entity @s[tag=aj.mech_torso.bone.drill_right] run data modify entity @s {} merge value {transformation:[-1.294020316457875f,1.0413511120201244f,0.550998441094629f,-0.009884758381287773f,0.4529333289294112f,1.1952722283113837f,-1.195272228311384f,-0.9012660561734147f,-1.0875949706297756f,-0.7412234222702286f,-1.1533538130768144f,0.954248243663627f,0f,0f,0f,1f],start_interpolation:0}
execute if entity @s[tag=aj.mech_torso.bone.blaster_right] run data modify entity @s {} merge value {transformation:[-1.1399702787843182f,0.9173807415415381f,0.4854033885833636f,-0.009884758381287773f,0.39901269453305266f,1.0529779154171712f,-1.0529779154171715f,-0.9012660561734147f,-0.9581193788881356f,-0.6529825386666299f,-1.016049787710527f,0.954248243663627f,0f,0f,0f,1f],start_interpolation:0}
execute if entity @s[tag=aj.mech_torso.bone.sword_right] run data modify entity @s {} merge value {transformation:[-2.1258905198950804f,1.7107911126044901f,0.9052117246554621f,-1.7384357321295532f,0.744104754669747f,1.9636615179401304f,-1.9636615179401309f,-0.32409116130796745f,-1.7867631660346315f,-1.2177241937296612f,-1.8947955500547666f,-0.46969469212803666f,0f,0f,0f,1f],start_interpolation:0}
execute if entity @s[tag=aj.mech_torso.bone.right_hand] run data modify entity @s {} merge value {transformation:[-0.7394401808330714f,0.595057778297214f,0.31485625205407375f,-1.7429476822087988f,0.2588190451025207f,0.6830127018922193f,-0.6830127018922194f,-0.2946589192143818f,-0.6214828403598718f,-0.4235562412972735f,-0.6590593217581797f,-0.5023521634298225f,0f,0f,0f,1f],start_interpolation:0}
execute if entity @s[tag=aj.mech_torso.bone.right_arm_low] run data modify entity @s {} merge value {transformation:[-0.7394401808330714f,0.595057778297214f,0.31485625205407375f,-1.1149431403838614f,0.2588190451025207f,0.6830127018922193f,-0.6830127018922194f,0.35892154058425185f,-0.6214828403598718f,-0.4235562412972735f,-0.6590593217581797f,-0.9270826697707931f,0f,0f,0f,1f],start_interpolation:0}
execute if entity @s[tag=aj.mech_torso.bone.right_arm] run data modify entity @s {} merge value {transformation:[-0.8183341347269053f,0.2192719705388958f,0.712054088823865f,-0.868936685514315f,0.2864335274371966f,1.068984477386792f,0f,1.4375f,-0.6877914341097013f,0.18429315933073817f,-0.8472018372992609f,-0.7203197776772907f,0f,0f,0f,1f],start_interpolation:0}
execute if entity @s[tag=aj.mech_torso.bone.torso] run data modify entity @s {} merge value {transformation:[-1.0206997414061376f,0f,0.8578751748775699f,0f,0f,1.3333333333333333f,0f,0.20333875f,-0.8578751748775699f,0f,-1.0206997414061376f,-0.005674375000000009f,0f,0f,0f,1f],start_interpolation:0}