execute if entity @s[tag=aj.mech_torso.bone.blaster_left] run data modify entity @s {} merge value {transformation:[-0.9992955682271477f,-0.027171223555127934f,-0.025886133973599856f,0.9245709424609f,0.026871915022764925f,-0.03656502361981529f,-0.9989699190819967f,1.5435639821312939f,0.026196707896054494f,-0.9989618229232785f,0.0372694088658404f,2.8686234415975487f,0f,0f,0f,1f],start_interpolation:0}
execute if entity @s[tag=aj.mech_torso.bone.left_hand] run data modify entity @s {} merge value {transformation:[-0.9992955682271477f,-0.027574473229007326f,-0.025456153435361322f,0.9557989289679983f,0.026871915022764925f,-0.05225165018757803f,-0.9982723402136732f,1.5427242347868324f,0.026196707896054494f,-0.9982531810511889f,0.05295582136640939f,2.867804794475797f,0f,0f,0f,1f],start_interpolation:0}
execute if entity @s[tag=aj.mech_torso.bone.left_arm_low] run data modify entity @s {} merge value {transformation:[-0.9992955682271477f,-0.027574473229007326f,-0.025456153435361322f,0.8962009644370376f,0.026871915022764925f,-0.05225165018757803f,-0.9982723402136732f,1.4601163213120385f,0.026196707896054494f,-0.9982531810511889f,0.05295582136640939f,1.8720251299640602f,0f,0f,0f,1f],start_interpolation:0}
execute if entity @s[tag=aj.mech_torso.bone.left_arm] run data modify entity @s {} merge value {transformation:[-1.1059145761328364f,-0.02961597199522576f,-0.02911740087532774f,0.8348671280048584f,0.029738991602856313f,-0.023074394982294393f,-1.1060538608985881f,1.4375f,0.028991743814434118f,-1.1060571617384911f,0.023853978528101866f,0.7484913187154528f,0f,0f,0f,1f],start_interpolation:0}
execute if entity @s[tag=aj.mech_torso.bone.drill_right] run data modify entity @s {} merge value {transformation:[-1.2663743802849972f,1.0595891843278122f,0.5797125920775836f,-0.03392396342997239f,0.4529333289294112f,1.1952722283113837f,-1.195272228311384f,-0.9012660561734147f,-1.1196639355193645f,-0.7149091275701135f,-1.1391916479742237f,0.9536995390582748f,0f,0f,0f,1f],start_interpolation:0}
execute if entity @s[tag=aj.mech_torso.bone.blaster_right] run data modify entity @s {} merge value {transformation:[-1.1156155254891642f,0.9334476147649774f,0.5106991882588237f,-0.03392396342997239f,0.39901269453305266f,1.0529779154171712f,-1.0529779154171715f,-0.9012660561734147f,-0.9863706098622971f,-0.6298008980974809f,-1.003573594643959f,0.9536995390582748f,0f,0f,0f,1f],start_interpolation:0}
execute if entity @s[tag=aj.mech_torso.bone.sword_right] run data modify entity @s {} merge value {transformation:[-2.0804721961824955f,1.7407536599671203f,0.9523849726988874f,-1.726268487098144f,0.744104754669747f,1.9636615179401304f,-1.9636615179401309f,-0.32409116130796745f,-1.8394478940675272f,-1.1744935667223293f,-1.8715291359576534f,-0.5130901413142761f,0f,0f,0f,1f],start_interpolation:0}
execute if entity @s[tag=aj.mech_torso.bone.right_hand] run data modify entity @s {} merge value {transformation:[-0.7236425030199984f,0.605479533901607f,0.3312643383300478f,-1.7299610798830938f,0.2588190451025207f,0.6830127018922193f,-0.6830127018922194f,-0.2946589192143818f,-0.6398079631539225f,-0.4085195014686363f,-0.6509666559852707f,-0.5458503745837311f,0f,0f,0f,1f],start_interpolation:0}
execute if entity @s[tag=aj.mech_torso.bone.right_arm_low] run data modify entity @s {} merge value {transformation:[-0.7236425030199984f,0.605479533901607f,0.3312643383300478f,-1.0915157071892978f,0.2588190451025207f,0.6830127018922193f,-0.6830127018922194f,0.35892154058425185f,-0.6398079631539225f,-0.4085195014686363f,-0.6509666559852707f,-0.9547185852033471f,0f,0f,0f,1f],start_interpolation:0}
execute if entity @s[tag=aj.mech_torso.bone.right_arm] run data modify entity @s {} merge value {transformation:[-0.8008509368442981f,0.21458736178513765f,0.7330498070743439f,-0.8507650266402474f,0.2864335274371966f,1.068984477386792f,0f,1.4375f,-0.7080717406093278f,0.1897272510795687f,-0.8291018989740014f,-0.7418590559369301f,0f,0f,0f,1f],start_interpolation:0}
execute if entity @s[tag=aj.mech_torso.bone.torso] run data modify entity @s {} merge value {transformation:[-0.9988931286785812f,0f,0.8831705923865973f,0f,0f,1.3333333333333333f,0f,0.20333875f,-0.8831705923865973f,0f,-0.9988931286785812f,-0.005674375000000009f,0f,0f,0f,1f],start_interpolation:0}