execute if entity @s[tag=aj.mech_torso.bone.blaster_left] run data modify entity @s {} merge value {transformation:[-0.9886848604824732f,0.06156382532624168f,0.13679233189017798f,0.8309243687483772f,-0.14549421224870532f,-0.17154855499539284f,-0.9743728893401753f,1.3906380804635277f,-0.03651959549175371f,-0.9832502167252204f,0.17856463943044829f,2.801977307604835f,0f,0f,0f,1f],start_interpolation:0}
execute if entity @s[tag=aj.mech_torso.bone.left_hand] run data modify entity @s {} merge value {transformation:[-0.9886848604824732f,0.054729980253292815f,0.13966701799002793f,0.8618207706384544f,-0.14549421224870532f,-0.12319708043311958f,-0.9816587561749166f,1.3951847745962997f,-0.03651959549175371f,-0.9908718931497804f,0.1297659836432069f,2.803118544963952f,0f,0f,0f,1f],start_interpolation:0}
execute if entity @s[tag=aj.mech_torso.bone.left_arm_low] run data modify entity @s {} merge value {transformation:[-0.9886848604824732f,0.054729980253292815f,0.13966701799002793f,0.8900189433138583f,-0.14549421224870532f,-0.12319708043311958f,-0.9816587561749166f,1.236764163899942f,-0.03651959549175371f,-0.9908718931497804f,0.1297659836432069f,1.8151606014439048f,0f,0f,0f,1f],start_interpolation:0}
execute if entity @s[tag=aj.mech_torso.bone.left_arm] run data modify entity @s {} merge value {transformation:[-1.0941717677676004f,0.010472708316261183f,0.16568175377776223f,0.869768478856776f,-0.16101759597940407f,0.20194220331310814f,-1.076134126789077f,1.4375f,-0.04041602329975013f,-1.088063255254766f,-0.19813348066155864f,0.7079584494885884f,0f,0f,0f,1f],start_interpolation:0}
execute if entity @s[tag=aj.mech_torso.bone.drill_right] run data modify entity @s {} merge value {transformation:[-1.318159894420877f,1.0244126459628968f,0.5249125865624095f,0.011712629857222323f,0.4529333289294112f,1.1952722283113837f,-1.195272228311384f,-0.9012660561734147f,-1.0582088131769005f,-0.7644625765979888f,-1.165457453833429f,0.9542276807182486f,0f,0f,0f,1f],start_interpolation:0}
execute if entity @s[tag=aj.mech_torso.bone.blaster_right] run data modify entity @s {} merge value {transformation:[-1.1612360974660105f,0.9024587595387422f,0.46242299292402733f,0.011712629857222323f,0.39901269453305266f,1.0529779154171712f,-1.0529779154171715f,-0.9012660561734147f,-0.9322315735129837f,-0.67345512700299f,-1.0267125188532589f,0.9542276807182486f,0f,0f,0f,1f],start_interpolation:0}
execute if entity @s[tag=aj.mech_torso.bone.sword_right] run data modify entity @s {} merge value {transformation:[-2.165548397977155f,1.6829636326533304f,0.8623563922096726f,-1.748434599305417f,0.744104754669747f,1.9636615179401304f,-1.9636615179401309f,-0.32409116130796745f,-1.7384859073620509f,-1.2559028044109815f,-1.9146801027263478f,-0.43046856211197726f,0f,0f,0f,1f],start_interpolation:0}
execute if entity @s[tag=aj.mech_torso.bone.right_hand] run data modify entity @s {} merge value {transformation:[-0.7532342253833583f,0.585378654835941f,0.299950049464234f,-1.7536800858850237f,0.2588190451025207f,0.6830127018922193f,-0.6830127018922194f,-0.2946589192143818f,-0.6046907503868003f,-0.43683575805599356f,-0.6659756879048166f,-0.4630162655008146f,0f,0f,0f,1f],start_interpolation:0}
execute if entity @s[tag=aj.mech_torso.bone.right_arm_low] run data modify entity @s {} merge value {transformation:[-0.7532342253833583f,0.585378654835941f,0.299950049464234f,-1.1353894224600953f,0.2588190451025207f,0.6830127018922193f,-0.6830127018922194f,0.35892154058425185f,-0.6046907503868003f,-0.43683575805599356f,-0.6659756879048166f,-0.9017671778542462f,0f,0f,0f,1f],start_interpolation:0}
execute if entity @s[tag=aj.mech_torso.bone.right_arm] run data modify entity @s {} merge value {transformation:[-0.833599923365448f,0.22336242627641748f,0.6928148185677463f,-0.8847937877135431f,0.2864335274371966f,1.068984477386792f,0f,1.4375f,-0.6692077260903614f,0.17931366977458021f,-0.8630061446519188f,-0.7005908938883569f,0f,0f,0f,1f],start_interpolation:0}
execute if entity @s[tag=aj.mech_torso.bone.torso] run data modify entity @s {} merge value {transformation:[-1.0397406024120408f,0f,0.834695907186338f,0f,0f,1.3333333333333333f,0f,0.20333875f,-0.834695907186338f,0f,-1.0397406024120408f,-0.005674375000000009f,0f,0f,0f,1f],start_interpolation:0}