execute if entity @s[tag=aj.mech_torso.bone.blaster_left] run data modify entity @s {} merge value {transformation:[-0.99105405286072f,-0.07350370894467839f,0.11139600118369257f,1.3259629393108299f,-0.1321639646032788f,0.42443027472510525f,-0.8957631541635962f,0.10350375106587036f,0.018562078781335256f,-0.9024722414945224f,-0.4303478855102785f,1.793711729322615f,0f,0f,0f,1f],start_interpolation:0}
execute if entity @s[tag=aj.mech_torso.bone.left_hand] run data modify entity @s {} merge value {transformation:[-0.99105405286072f,-0.07331638336080296f,0.11151938055438168f,1.3569333784627273f,-0.1321639646032788f,0.4229241781162118f,-0.896475223319122f,0.10763387495972282f,0.018562078781335256f,-0.9031942468238039f,-0.4288305046701983f,1.7931316643606983f,0f,0f,0f,1f],start_interpolation:0}
execute if entity @s[tag=aj.mech_torso.bone.left_arm_low] run data modify entity @s {} merge value {transformation:[-0.99105405286072f,-0.07331638336080296f,0.11151938055438168f,1.2561315365923513f,-0.1321639646032788f,0.4229241781162118f,-0.896475223319122f,0.4984130784533596f,0.018562078781335256f,-0.9031942468238039f,-0.4288305046701983f,0.8771165292278673f,0f,0f,0f,1f],start_interpolation:0}
execute if entity @s[tag=aj.mech_torso.bone.left_arm] run data modify entity @s {} merge value {transformation:[-1.0967937391523173f,-0.13474971695408156f,0.060481286949780014f,1.0881824847945256f,-0.1462650886699885f,0.9278691574129438f,-0.5851814497163951f,1.4375f,0.020542544308510838f,-0.5879398940679365f,-0.9373775458003805f,0.28003158361270203f,0f,0f,0f,1f],start_interpolation:0}
execute if entity @s[tag=aj.mech_torso.bone.drill_right] run data modify entity @s {} merge value {transformation:[-1.6394427485774852f,0.6120812684693886f,-0.00916487455480798f,0.41110509238649695f,0.4529333289294112f,1.1952722283113837f,-1.195272228311384f,-0.9012660561734147f,-0.41179955522271133f,-1.1221322653842742f,-1.278178510733901f,0.8618172648929627f,0f,0f,0f,1f],start_interpolation:0}
execute if entity @s[tag=aj.mech_torso.bone.blaster_right] run data modify entity @s {} merge value {transformation:[-1.444270992794451f,0.5392144507944613f,-0.008073818060187983f,0.41110509238649695f,0.39901269453305266f,1.0529779154171712f,-1.0529779154171715f,-0.9012660561734147f,-0.362775798648579f,-0.9885450909337653f,-1.1260144023131984f,0.8618172648929627f,0f,0f,0f,1f],start_interpolation:0}
execute if entity @s[tag=aj.mech_torso.bone.sword_right] run data modify entity @s {} merge value {transformation:[-2.6933702298058684f,1.0055620839139954f,-0.015056579625755968f,-1.766231419456419f,0.744104754669747f,1.9636615179401304f,-1.9636615179401309f,-0.32409116130796745f,-0.6765278407230257f,-1.843503007417022f,-2.0998646962056946f,0.33769164308767047f,0f,0f,0f,1f],start_interpolation:0}
execute if entity @s[tag=aj.mech_torso.bone.right_hand] run data modify entity @s {} merge value {transformation:[-0.9368244277585629f,0.3497607248396506f,-0.005237071174175989f,-1.784577160172635f,0.2588190451025207f,0.6830127018922193f,-0.6830127018922194f,-0.2946589192143818f,-0.23531403155583505f,-0.6412184373624424f,-0.730387720419372f,0.3103000034339743f,0f,0f,0f,1f],start_interpolation:0}
execute if entity @s[tag=aj.mech_torso.bone.right_arm_low] run data modify entity @s {} merge value {transformation:[-0.9368244277585629f,0.3497607248396506f,-0.005237071174175989f,-1.4057043304397223f,0.2588190451025207f,0.6830127018922193f,-0.6830127018922194f,0.35892154058425185f,-0.23531403155583505f,-0.6412184373624424f,-0.730387720419372f,-0.3463894867054537f,0f,0f,0f,1f],start_interpolation:0}
execute if entity @s[tag=aj.mech_torso.bone.right_arm] run data modify entity @s {} merge value {transformation:[-1.0367781293912397f,0.2778038625006326f,0.26960731245602254f,-1.0940295495961547f,0.2864335274371966f,1.068984477386792f,0f,1.4375f,-0.2604206660576586f,0.06977950716252469f,-1.0733517017288734f,-0.26810219290584897f,0f,0f,0f,1f],start_interpolation:0}
execute if entity @s[tag=aj.mech_torso.bone.torso] run data modify entity @s {} merge value {transformation:[-1.2931626870463289f,0f,0.3248200157146969f,0f,0f,1.3333333333333333f,0f,0.20333875f,-0.3248200157146969f,0f,-1.2931626870463289f,-0.005674375000000009f,0f,0f,0f,1f],start_interpolation:0}