execute if entity @s[tag=aj.mech_torso.bone.blaster_left] run data modify entity @s {} merge value {transformation:[-0.8759363442860697f,-0.13430010269976117f,0.46335623787059327f,1.83031159097816f,-0.3935926642897132f,-0.3564459832143346f,-0.847367143372748f,1.217411085318244f,0.27896296416564204f,-0.9246132940127996f,0.25936445623623716f,1.930377188870719f,0f,0f,0f,1f],start_interpolation:0}
execute if entity @s[tag=aj.mech_torso.bone.left_hand] run data modify entity @s {} merge value {transformation:[-0.8759363442860697f,-0.1959751434142007f,0.4408279300617642f,1.8576846017370996f,-0.3935926642897132f,-0.23808080547578747f,-0.8879202355399528f,1.2297108560772976f,0.27896296416564204f,-0.9512682446228212f,0.13140925156219052f,1.9216595962405427f,0f,0f,0f,1f],start_interpolation:0}
execute if entity @s[tag=aj.mech_torso.bone.left_arm_low] run data modify entity @s {} merge value {transformation:[-0.8759363442860697f,-0.1959751434142007f,0.4408279300617642f,1.6481123203783894f,-0.3935926642897132f,-0.23808080547578747f,-0.8879202355399528f,0.9515827724818331f,0.27896296416564204f,-0.9512682446228212f,0.13140925156219052f,0.9832154833592162f,0f,0f,0f,1f],start_interpolation:0}
execute if entity @s[tag=aj.mech_torso.bone.left_arm] run data modify entity @s {} merge value {transformation:[-0.9693936425927184f,-0.49424109519613707f,0.20192494658702306f,1.1183229701800042f,-0.43558670561221724f,0.49011008509117926f,-0.8915314379873771f,1.4375f,0.30872668515815843f,-0.8604009663205106f,-0.6238349056922152f,0.11730021330247956f,0f,0f,0f,1f],start_interpolation:0}
execute if entity @s[tag=aj.mech_torso.bone.drill_right] run data modify entity @s {} merge value {transformation:[-1.6821172514288207f,0.4408381325047134f,-0.1965789749065414f,0.5339212041307995f,0.4529333289294112f,1.1952722283113837f,-1.195272228311384f,-0.9012660561734147f,-0.1668321071930449f,-1.199785831370456f,-1.2630047532975608f,0.792120893254838f,0f,0f,0f,1f],start_interpolation:0}
execute if entity @s[tag=aj.mech_torso.bone.blaster_right] run data modify entity @s {} merge value {transformation:[-1.4818651976872943f,0.3883574024446284f,-0.17317671598909598f,0.5339212041307995f,0.39901269453305266f,1.0529779154171712f,-1.0529779154171715f,-0.9012660561734147f,-0.14697114205101572f,-1.056954184778735f,-1.1126470445716605f,0.792120893254838f,0f,0f,0f,1f],start_interpolation:0}
execute if entity @s[tag=aj.mech_torso.bone.sword_right] run data modify entity @s {} merge value {transformation:[-2.7634783416330624f,0.7242340748291719f,-0.32295117306074655f,-1.696748701909155f,0.744104754669747f,1.9636615179401304f,-1.9636615179401309f,-0.32409116130796745f,-0.2740813189600023f,-1.971076722965749f,-2.0749363804174212f,0.5930889271670726f,0f,0f,0f,1f],start_interpolation:0}
execute if entity @s[tag=aj.mech_torso.bone.right_hand] run data modify entity @s {} merge value {transformation:[-0.9612098579593261f,0.25190750428840764f,-0.11233084280373794f,-1.7189144004613712f,0.2588190451025207f,0.6830127018922193f,-0.6830127018922194f,-0.2946589192143818f,-0.09533263268173994f,-0.6855919036402606f,-0.7217170018843204f,0.5686850354070101f,0f,0f,0f,1f],start_interpolation:0}
execute if entity @s[tag=aj.mech_torso.bone.right_arm_low] run data modify entity @s {} merge value {transformation:[-0.9612098579593261f,0.25190750428840764f,-0.11233084280373794f,-1.4404794269493515f,0.2588190451025207f,0.6830127018922193f,-0.6830127018922194f,0.35892154058425185f,-0.09533263268173994f,-0.6855919036402606f,-0.7217170018843204f,-0.13648137977083116f,0f,0f,0f,1f],start_interpolation:0}
execute if entity @s[tag=aj.mech_torso.bone.right_arm] run data modify entity @s {} merge value {transformation:[-1.0637653427460816f,0.2850350645250289f,0.1092258490356214f,-1.1206917880414575f,0.2864335274371966f,1.068984477386792f,0f,1.4375f,-0.10550406848185763f,0.02826972994791161f,-1.1012909208907862f,-0.10476489531769609f,0f,0f,0f,1f],start_interpolation:0}
execute if entity @s[tag=aj.mech_torso.bone.torso] run data modify entity @s {} merge value {transformation:[-1.3268235604275327f,0f,0.13159413844158557f,0f,0f,1.3333333333333333f,0f,0.20333875f,-0.13159413844158557f,0f,-1.3268235604275327f,-0.005674375000000009f,0f,0f,0f,1f],start_interpolation:0}