execute if entity @s[tag=aj.mech_torso.bone.blaster_left] run data modify entity @s {} merge value {transformation:[-0.9942491527037217f,-0.026371314954487617f,0.1037939116494925f,1.2441136019495376f,-0.10406066144627522f,0.46685977792948363f,-0.8781875235341237f,0.11646498471708008f,-0.025298242770894624f,-0.8839380642891246f,-0.4669191551152089f,1.7290395297031345f,0f,0f,0f,1f],start_interpolation:0}
execute if entity @s[tag=aj.mech_torso.bone.left_hand] run data modify entity @s {} merge value {transformation:[-0.9942491527037217f,-0.02528296156318221f,0.1040643752805257f,1.275183887971529f,-0.10406066144627522f,0.45763798955161306f,-0.883028226762045f,0.11971688038727618f,-0.025298242770894624f,-0.888779073996318f,-0.45763714506031145f,1.729830099789725f,0f,0f,0f,1f],start_interpolation:0}
execute if entity @s[tag=aj.mech_torso.bone.left_arm_low] run data modify entity @s {} merge value {transformation:[-0.9942491527037217f,-0.02528296156318221f,0.1040643752805257f,1.222082652113872f,-0.10406066144627522f,0.45763798955161306f,-0.883028226762045f,0.5465083421823792f,-0.025298242770894624f,-0.888779073996318f,-0.45763714506031145f,0.8259592949236818f,0f,0f,0f,1f],start_interpolation:0}
execute if entity @s[tag=aj.mech_torso.bone.left_arm] run data modify entity @s {} merge value {transformation:[-1.1003297375104848f,-0.07509200080170354f,0.09169317695299095f,1.1146782681573415f,-0.1151633270020677f,0.8796925548659896f,-0.6615515063554693f,1.4375f,-0.027997417701466253f,-0.6672886773076349f,-0.882447700588032f,0.14684242242946519f,0f,0f,0f,1f],start_interpolation:0}
execute if entity @s[tag=aj.mech_torso.bone.drill_right] run data modify entity @s {} merge value {transformation:[-1.6771149728869492f,0.4724241920591232f,-0.16309736501762495f,0.5126286494626364f,0.4529333289294112f,1.1952722283113837f,-1.195272228311384f,-0.9012660561734147f,-0.211274151905361f,-1.1877035332880104f,-1.2677632072874836f,0.8059665616341776f,0f,0f,0f,1f],start_interpolation:0}
execute if entity @s[tag=aj.mech_torso.bone.blaster_right] run data modify entity @s {} merge value {transformation:[-1.4774584284956456f,0.41618321681398945f,-0.14368101203933625f,0.5126286494626364f,0.39901269453305266f,1.0529779154171712f,-1.0529779154171715f,-0.9012660561734147f,-0.18612246715472278f,-1.046310255515628f,-1.1168390159437354f,0.8059665616341776f,0f,0f,0f,1f],start_interpolation:0}
execute if entity @s[tag=aj.mech_torso.bone.sword_right] run data modify entity @s {} merge value {transformation:[-2.755260312599988f,0.7761254583828453f,-0.2679456711003838f,-1.711995139567602f,0.744104754669747f,1.9636615179401304f,-1.9636615179401309f,-0.32409116130796745f,-0.3470932495588074f,-1.951227233258874f,-2.082753840543723f,0.5479918525679507f,0f,0f,0f,1f],start_interpolation:0}
execute if entity @s[tag=aj.mech_torso.bone.right_hand] run data modify entity @s {} merge value {transformation:[-0.9583514130782567f,0.26995668117664184f,-0.09319849429578568f,-1.7335074749395276f,0.2588190451025207f,0.6830127018922193f,-0.6830127018922194f,-0.2946589192143818f,-0.12072808680306343f,-0.6786877333074345f,-0.7244361184499906f,0.5230101081894977f,0f,0f,0f,1f],start_interpolation:0}
execute if entity @s[tag=aj.mech_torso.bone.right_arm_low] run data modify entity @s {} merge value {transformation:[-0.9583514130782567f,0.26995668117664184f,-0.09319849429578568f,-1.4365147650509336f,0.2588190451025207f,0.6830127018922193f,-0.6830127018922194f,0.35892154058425185f,-0.12072808680306343f,-0.6786877333074345f,-0.7244361184499906f,-0.1745435011069033f,0f,0f,0f,1f],start_interpolation:0}
execute if entity @s[tag=aj.mech_torso.bone.right_arm] run data modify entity @s {} merge value {transformation:[-1.0606019184704638f,0.28418742754506016f,0.13832228705498212f,-1.1176781102927509f,0.2864335274371966f,1.068984477386792f,0f,1.4375f,-0.13360906941777728f,0.03580044225196723f,-1.098015903089708f,-0.13437813086134284f,0f,0f,0f,1f],start_interpolation:0}
execute if entity @s[tag=aj.mech_torso.bone.torso] run data modify entity @s {} merge value {transformation:[-1.322877853896351f,0f,0.16664921676492328f,0f,0f,1.3333333333333333f,0f,0.20333875f,-0.16664921676492328f,0f,-1.322877853896351f,-0.005674375000000009f,0f,0f,0f,1f],start_interpolation:0}