execute if entity @s[tag=aj.mech_torso.bone.blaster_left] run data modify entity @s {} merge value {transformation:[-0.9991764157996676f,-0.0027474845211230433f,0.040483841696854615f,1.112965006147803f,-0.04018769280975901f,-0.07086128761022041f,-0.9966762901087041f,1.4911178904315996f,0.005607089829691436f,-0.9974823954571966f,0.07069251230939497f,2.456690102359313f,0f,0f,0f,1f],start_interpolation:0}
execute if entity @s[tag=aj.mech_torso.bone.left_hand] run data modify entity @s {} merge value {transformation:[-0.9991764157996676f,-0.003284723599891491f,0.04044379681239276f,1.1441892691415425f,-0.04018769280975901f,-0.057622730823886845f,-0.9975292327741708f,1.4923737558319046f,0.005607089829691436f,-0.9983330263410449f,0.05744326819020288f,2.456514880802135f,0f,0f,0f,1f],start_interpolation:0}
execute if entity @s[tag=aj.mech_torso.bone.left_arm_low] run data modify entity @s {} merge value {transformation:[-0.9991764157996676f,-0.003284723599891491f,0.04044379681239276f,1.1109441511982987f,-0.04018769280975901f,-0.057622730823886845f,-0.9975292327741708f,1.40232237108352f,0.005607089829691436f,-0.9983330263410449f,0.05744326819020288f,1.4601521781492117f,0f,0f,0f,1f],start_interpolation:0}
execute if entity @s[tag=aj.mech_torso.bone.left_arm] run data modify entity @s {} merge value {transformation:[-1.1057827108364f,-0.007648582809836248f,0.04425013141598053f,1.0719447901510628f,-0.04447548520435224f,0.03584065389481702f,-1.1052191444588066f,1.4375f,0.006205333606495506f,-1.1060872141216624f,-0.03611851499493135f,0.33594439185625f,0f,0f,0f,1f],start_interpolation:0}
execute if entity @s[tag=aj.mech_torso.bone.drill_right] run data modify entity @s {} merge value {transformation:[-1.6159436267765066f,0.6693133754021299f,0.056971928071625946f,0.36567629535005364f,0.4529333289294112f,1.1952722283113837f,-1.195272228311384f,-0.9012660561734147f,-0.4960620874702205f,-1.088964602608986f,-1.2769410713260578f,0.8819235008927674f,0f,0f,0f,1f],start_interpolation:0}
execute if entity @s[tag=aj.mech_torso.bone.blaster_right] run data modify entity @s {} merge value {transformation:[-1.4235693854935891f,0.589633211663781f,0.05018955568214666f,0.36567629535005364f,0.39901269453305266f,1.0529779154171712f,-1.0529779154171715f,-0.9012660561734147f,-0.43700707705709896f,-0.9593259594412497f,-1.1249242771205745f,0.8819235008927674f,0f,0f,0f,1f],start_interpolation:0}
execute if entity @s[tag=aj.mech_torso.bone.sword_right] run data modify entity @s {} merge value {transformation:[-2.654764529704261f,1.0995862595892132f,0.09359673897481405f,-1.7816298074510826f,0.744104754669747f,1.9636615179401304f,-1.9636615179401309f,-0.32409116130796745f,-0.8149591437010765f,-1.789013275714763f,-2.097831760035666f,0.2458586817822794f,0f,0f,0f,1f],start_interpolation:0}
execute if entity @s[tag=aj.mech_torso.bone.right_hand] run data modify entity @s {} merge value {transformation:[-0.9233963581580038f,0.3824647859440742f,0.03255538746950054f,-1.7985339190827678f,0.2588190451025207f,0.6830127018922193f,-0.6830127018922194f,-0.2946589192143818f,-0.28346404998298314f,-0.622265487205135f,-0.7296806121863187f,0.21755463374515072f,0f,0f,0f,1f],start_interpolation:0}
execute if entity @s[tag=aj.mech_torso.bone.right_arm_low] run data modify entity @s {} merge value {transformation:[-0.9233963581580038f,0.3824647859440742f,0.03255538746950054f,-1.3861956410878342f,0.2588190451025207f,0.6830127018922193f,-0.6830127018922194f,0.35892154058425185f,-0.28346404998298314f,-0.622265487205135f,-0.7296806121863187f,-0.4186551210288385f,0f,0f,0f,1f],start_interpolation:0}
execute if entity @s[tag=aj.mech_torso.bone.right_arm] run data modify entity @s {} merge value {transformation:[-1.021917363094707f,0.27382193217256906f,0.3247744309530387f,-1.0789882828753352f,0.2864335274371966f,1.068984477386792f,0f,1.4375f,-0.3137080105758759f,0.08405780809298001f,-1.057966704359432f,-0.3243486607811501f,0f,0f,0f,1f],start_interpolation:0}
execute if entity @s[tag=aj.mech_torso.bone.torso] run data modify entity @s {} merge value {transformation:[-1.2746270062378655f,0f,0.39128477193327416f,0f,0f,1.3333333333333333f,0f,0.20333875f,-0.39128477193327416f,0f,-1.2746270062378655f,-0.005674375000000009f,0f,0f,0f,1f],start_interpolation:0}