execute if entity @s[tag=aj.mech_torso.bone.blaster_left] run data modify entity @s {} merge value {transformation:[-0.7986349010083724f,0.24984632875668528f,0.5475026090331935f,1.48746481580121f,-0.5927087159925305f,-0.48420844909761235f,-0.6436136696877799f,1.1385273075723876f,0.10430087668774934f,-0.8385219077813599f,0.5347918635253117f,2.0770341470345772f,0f,0f,0f,1f],start_interpolation:0}
execute if entity @s[tag=aj.mech_torso.bone.left_hand] run data modify entity @s {} merge value {transformation:[-0.7986349010083724f,0.12542271982947756f,0.588601254026802f,1.5124221564577216f,-0.5927087159925305f,-0.3334272812752257f,-0.7331593456322419f,1.1570494549471542f,0.10430087668774934f,-0.9343957349281877f,0.34062580300115114f,2.073774744638085f,0f,0f,0f,1f],start_interpolation:0}
execute if entity @s[tag=aj.mech_torso.bone.left_arm_low] run data modify entity @s {} merge value {transformation:[-0.7986349010083724f,0.12542271982947756f,0.588601254026802f,1.631281324819025f,-0.5927087159925305f,-0.3334272812752257f,-0.7331593456322419f,0.7821887967461543f,0.10430087668774934f,-0.9343957349281877f,0.34062580300115114f,1.1532829684501757f,0f,0f,0f,1f],start_interpolation:0}
execute if entity @s[tag=aj.mech_torso.bone.left_arm] run data modify entity @s {} merge value {transformation:[-0.8838445862423766f,-0.5795133772436857f,0.32826052382168647f,1.0172248734634755f,-0.6559472785214236f,0.6628688341743466f,-0.5959111133505637f,1.4375f,0.11542917180855153f,-0.6704782866059036f,-0.8728728154889644f,0.4749736997986067f,0f,0f,0f,1f],start_interpolation:0}
execute if entity @s[tag=aj.mech_torso.bone.drill_right] run data modify entity @s {} merge value {transformation:[-1.5359616152326476f,0.8077083004617434f,0.22567502718980476f,0.24483749567070978f,0.4529333289294112f,1.1952722283113837f,-1.195272228311384f,-0.9012660561734147f,-0.7058139387096564f,-0.9906722977820376f,-1.2581315838696763f,0.9225517520746407f,0f,0f,0f,1f],start_interpolation:0}
execute if entity @s[tag=aj.mech_torso.bone.blaster_right] run data modify entity @s {} merge value {transformation:[-1.3531090419906657f,0.7115525504067738f,0.1988089525243518f,0.24483749567070978f,0.39901269453305266f,1.0529779154171712f,-1.0529779154171715f,-0.9012660561734147f,-0.6217884698156496f,-0.8727351194746521f,-1.1083540143613815f,0.9225517520746407f,0f,0f,0f,1f],start_interpolation:0}
execute if entity @s[tag=aj.mech_torso.bone.sword_right] run data modify entity @s {} merge value {transformation:[-2.5233655107393496f,1.3269493507585783f,0.3707518303832507f,-1.7992494298235344f,0.744104754669747f,1.9636615179401304f,-1.9636615179401309f,-0.32409116130796745f,-1.1595514707372927f,-1.627533060641919f,-2.0669304592144684f,0.007559624097274016f,0f,0f,0f,1f],start_interpolation:0}
execute if entity @s[tag=aj.mech_torso.bone.right_hand] run data modify entity @s {} merge value {transformation:[-0.8776923515615129f,0.46154760026385333f,0.12895715839417415f,-1.8122539533015862f,0.2588190451025207f,0.6830127018922193f,-0.6830127018922194f,-0.2946589192143818f,-0.40332225069123223f,-0.56609845587545f,-0.718932333639815f,-0.022734772982934803f,0f,0f,0f,1f],start_interpolation:0}
execute if entity @s[tag=aj.mech_torso.bone.right_arm_low] run data modify entity @s {} merge value {transformation:[-0.8776923515615129f,0.46154760026385333f,0.12895715839417415f,-1.3192485558516176f,0.2588190451025207f,0.6830127018922193f,-0.6830127018922194f,0.35892154058425185f,-0.40332225069123223f,-0.56609845587545f,-0.718932333639815f,-0.598696043950528f,0f,0f,0f,1f],start_interpolation:0}
execute if entity @s[tag=aj.mech_torso.bone.right_arm] run data modify entity @s {} merge value {transformation:[-0.9713370056010756f,0.26026896622927304f,0.4621000598375959f,-1.027246593460955f,0.2864335274371966f,1.068984477386792f,0f,1.4375f,-0.44635438212685774f,0.11960029622898423f,-1.0056020650496489f,-0.46451361833393123f,0f,0f,0f,1f],start_interpolation:0}
execute if entity @s[tag=aj.mech_torso.bone.torso] run data modify entity @s {} merge value {transformation:[-1.211538647066329f,0f,0.5567332255600225f,0f,0f,1.3333333333333333f,0f,0.20333875f,-0.5567332255600225f,0f,-1.211538647066329f,-0.005674375000000009f,0f,0f,0f,1f],start_interpolation:0}