execute if entity @s[tag=aj.mech_torso.bone.blaster_left] run data modify entity @s {} merge value {transformation:[-0.9847615536966838f,-0.09992329719356433f,0.1423376866429266f,1.435116733373369f,-0.1737039260723392f,0.6049734243884094f,-0.7770676301653654f,-0.20573473648136567f,-0.008463357959383133f,-0.7899509418069759f,-0.6131116383745485f,1.164338228070228f,0f,0f,0f,1f],start_interpolation:0}
execute if entity @s[tag=aj.mech_torso.bone.left_hand] run data modify entity @s {} merge value {transformation:[-0.9847615536966838f,-0.0994258371793233f,0.1426856168717928f,1.4658905319263904f,-0.1737039260723392f,0.602257266460319f,-0.7791746473434565f,-0.20030648879160506f,-0.008463357959383133f,-0.7920862881636919f,-0.6103504597156589f,1.1646027080064587f,0f,0f,0f,1f],start_interpolation:0}
execute if entity @s[tag=aj.mech_torso.bone.left_arm_low] run data modify entity @s {} merge value {transformation:[-0.9847615536966838f,-0.0994258371793233f,0.1426856168717928f,1.3401498217212893f,-0.1737039260723392f,0.602257266460319f,-0.7791746473434565f,0.3721733222494703f,-0.008463357959383133f,-0.7920862881636919f,-0.6103504597156589f,0.35317848804042185f,0f,0f,0f,1f],start_interpolation:0}
execute if entity @s[tag=aj.mech_torso.bone.left_arm] run data modify entity @s {} merge value {transformation:[-1.0898298670337234f,-0.18334338030609948f,0.058549503441255035f,1.122999959159893f,-0.1922371217113557f,1.0533317599238854f,-0.2798375798669862f,1.4375f,-0.009366348884061218f,-0.28574356854986516f,-1.069128085439251f,0.06244395386433563f,0f,0f,0f,1f],start_interpolation:0}
execute if entity @s[tag=aj.mech_torso.bone.drill_right] run data modify entity @s {} merge value {transformation:[-1.6882647289282138f,0.3816160747333601f,-0.2581305417071912f,0.572310539332598f,0.4529333289294112f,1.1952722283113837f,-1.195272228311384f,-0.9012660561734147f,-0.08434218755680459f,-1.2199153543310464f,-1.2518757620728547f,0.7650459301945125f,0f,0f,0f,1f],start_interpolation:0}
execute if entity @s[tag=aj.mech_torso.bone.blaster_right] run data modify entity @s {} merge value {transformation:[-1.4872808326272358f,0.3361855896460553f,-0.2274007153134779f,0.572310539332598f,0.39901269453305266f,1.0529779154171712f,-1.0529779154171715f,-0.9012660561734147f,-0.07430145094289928f,-1.0746873359583027f,-1.1028429332546577f,0.7650459301945125f,0f,0f,0f,1f],start_interpolation:0}
execute if entity @s[tag=aj.mech_torso.bone.sword_right] run data modify entity @s {} merge value {transformation:[-2.773577768953494f,0.6269406942048059f,-0.42407160423324264f,-1.6654252823713516f,0.744104754669747f,1.9636615179401304f,-1.9636615179401309f,-0.32409116130796745f,-0.13856216527189327f,-2.0041466535438617f,-2.0566530376911185f,0.6753779565360751f,0f,0f,0f,1f],start_interpolation:0}
execute if entity @s[tag=aj.mech_torso.bone.right_hand] run data modify entity @s {} merge value {transformation:[-0.9647227022446936f,0.21806632841906293f,-0.14750316668982352f,-1.6887582940534025f,0.2588190451025207f,0.6830127018922193f,-0.6830127018922194f,-0.2946589192143818f,-0.04819553574674548f,-0.6970944881891693f,-0.7153575783273456f,0.6520876432880778f,0f,0f,0f,1f],start_interpolation:0}
execute if entity @s[tag=aj.mech_torso.bone.right_arm_low] run data modify entity @s {} merge value {transformation:[-0.9647227022446936f,0.21806632841906293f,-0.14750316668982352f,-1.44515385514825f,0.2588190451025207f,0.6830127018922193f,-0.6830127018922194f,0.35892154058425185f,-0.04819553574674548f,-0.6970944881891693f,-0.7153575783273456f,-0.06585565873173527f,0f,0f,0f,1f],start_interpolation:0}
execute if entity @s[tag=aj.mech_torso.bone.right_arm] run data modify entity @s {} merge value {transformation:[-1.0676529870251061f,0.28607675567005303f,0.05521926924266325f,-1.1241975180933625f,0.2864335274371966f,1.068984477386792f,0f,1.4375f,-0.05333771827029804f,0.014291798536645094f,-1.1053157064107677f,-0.049821348997258f,0f,0f,0f,1f],start_interpolation:0}
execute if entity @s[tag=aj.mech_torso.bone.torso] run data modify entity @s {} merge value {transformation:[-1.3316725791130402f,0f,0.06652758688094437f,0f,0f,1.3333333333333333f,0f,0.20333875f,-0.06652758688094437f,0f,-1.3316725791130402f,-0.005674375000000009f,0f,0f,0f,1f],start_interpolation:0}