execute if entity @s[tag=aj.mech_torso.bone.blaster_left] run data modify entity @s {} merge value {transformation:[-0.8309321604090248f,-0.11824167998181022f,0.5436640965826873f,1.9366033769506328f,-0.4623628499812765f,-0.39676978762630727f,-0.7929655292534262f,1.1657226650962595f,0.3094710644877517f,-0.9102706414809025f,0.27501821667439347f,1.7813082045639708f,0f,0f,0f,1f],start_interpolation:0}
execute if entity @s[tag=aj.mech_torso.bone.left_hand] run data modify entity @s {} merge value {transformation:[-0.8309321604090248f,-0.20426882612555908f,0.5175190735337941f,1.9625700069634149f,-0.4623628499812765f,-0.26386120591667767f,-0.8465210327979973f,1.1801715041581744f,0.3094710644877517f,-0.9426831443732737f,0.12480444527073203f,1.7716372337987285f,0f,0f,0f,1f],start_interpolation:0}
execute if entity @s[tag=aj.mech_torso.bone.left_arm_low] run data modify entity @s {} merge value {transformation:[-0.8309321604090248f,-0.20426882612555908f,0.5175190735337941f,1.7485070218730048f,-0.4623628499812765f,-0.26386120591667767f,-0.8465210327979973f,0.8754076769046445f,0.3094710644877517f,-0.9426831443732737f,0.12480444527073203f,0.8425251991054076f,0f,0f,0f,1f],start_interpolation:0}
execute if entity @s[tag=aj.mech_torso.bone.left_arm] run data modify entity @s {} merge value {transformation:[-0.9195877748203988f,-0.5923539249826053f,0.16806882665324177f,1.120388337862681f,-0.5116942689576539f,0.5671597697801528f,-0.800793824397294f,1.4375f,0.34248982182071863f,-0.7431141242330506f,-0.7451537417530603f,0.09679019146904518f,0f,0f,0f,1f],start_interpolation:0}
execute if entity @s[tag=aj.mech_torso.bone.drill_right] run data modify entity @s {} merge value {transformation:[-1.684891520988135f,0.41878223256582914f,-0.21968614928909175f,0.5484484082064656f,0.4529333289294112f,1.1952722283113837f,-1.195272228311384f,-0.9012660561734147f,-0.13598515377500278f,-1.2076612695266495f,-1.2591911276839867f,0.7822047310854994f,0f,0f,0f,1f],start_interpolation:0}
execute if entity @s[tag=aj.mech_torso.bone.blaster_right] run data modify entity @s {} merge value {transformation:[-1.4843091970609759f,0.3689272048794209f,-0.19353303627848556f,0.5484484082064656f,0.39901269453305266f,1.0529779154171712f,-1.0529779154171715f,-0.9012660561734147f,-0.11979644499226433f,-1.063892070773477f,-1.1092874220073214f,0.7822047310854994f,0f,0f,0f,1f],start_interpolation:0}
execute if entity @s[tag=aj.mech_torso.bone.sword_right] run data modify entity @s {} merge value {transformation:[-2.768036070194793f,0.6879993820724336f,-0.36091295954636504f,-1.6854936415379596f,0.744104754669747f,1.9636615179401304f,-1.9636615179401309f,-0.32409116130796745f,-0.22340418120179026f,-1.9840149427937812f,-2.068671138337978f,0.6240754434100788f,0f,0f,0f,1f],start_interpolation:0}
execute if entity @s[tag=aj.mech_torso.bone.right_hand] run data modify entity @s {} merge value {transformation:[-0.9627951548503628f,0.23930413289475952f,-0.12553494245090957f,-1.7081027359740721f,0.2588190451025207f,0.6830127018922193f,-0.6830127018922194f,-0.2946589192143818f,-0.07770580215714444f,-0.6900921540152283f,-0.7195377872479923f,0.6000817572796922f,0f,0f,0f,1f],start_interpolation:0}
execute if entity @s[tag=aj.mech_torso.bone.right_arm_low] run data modify entity @s {} merge value {transformation:[-0.9627951548503628f,0.23930413289475952f,-0.12553494245090957f,-1.4426342214418297f,0.2588190451025207f,0.6830127018922193f,-0.6830127018922194f,0.35892154058425185f,-0.07770580215714444f,-0.6900921540152283f,-0.7195377872479923f,-0.11006764626962515f,0f,0f,0f,1f],start_interpolation:0}
execute if entity @s[tag=aj.mech_torso.bone.right_arm] run data modify entity @s {} merge value {transformation:[-1.0655197815678266f,0.2855051649904853f,0.08903018805683122f,-1.1223191656066596f,0.2864335274371966f,1.068984477386792f,0f,1.4375f,-0.08599655796346584f,0.0230427082581669f,-1.1031072496129255f,-0.08421548215009252f,0f,0f,0f,1f],start_interpolation:0}
execute if entity @s[tag=aj.mech_torso.bone.torso] run data modify entity @s {} merge value {transformation:[-1.3290118539077573f,0f,0.10726262140393344f,0f,0f,1.3333333333333333f,0f,0.20333875f,-0.10726262140393344f,0f,-1.3290118539077573f,-0.005674375000000009f,0f,0f,0f,1f],start_interpolation:0}