execute if entity @s[tag=aj.mech_torso.bone.blaster_left] run data modify entity @s {} merge value {transformation:[-0.9991022160399986f,0.04235994276488564f,-0.0006302006980324029f,1.0214220637602895f,0.006068977203074893f,0.12838910641772375f,-0.9917053014222355f,1.1380759564786942f,-0.04192766890339539f,-0.9908187889832398f,-0.12853092226430665f,2.40967597096353f,0f,0f,0f,1f],start_interpolation:0}
execute if entity @s[tag=aj.mech_torso.bone.left_hand] run data modify entity @s {} merge value {transformation:[-0.9991022160399986f,0.04234701471170303f,-0.0012215764286342304f,1.0526440080115396f,0.006068977203074893f,0.11453022330063746f,-0.993401225822887f,1.137886300941098f,-0.04192766890339539f,-0.9925167798559945f,-0.11468440297012636f,2.410986210616761f,0f,0f,0f,1f],start_interpolation:0}
execute if entity @s[tag=aj.mech_torso.bone.left_arm_low] run data modify entity @s {} merge value {transformation:[-0.9991022160399986f,0.04234701471170303f,-0.0012215764286342304f,1.0637309042085978f,0.006068977203074893f,0.11453022330063746f,-0.993401225822887f,1.2215623914723663f,-0.04192766890339539f,-0.9925167798559945f,-0.11468440297012636f,1.4135753035147192f,0f,0f,0f,1f],start_interpolation:0}
execute if entity @s[tag=aj.mech_torso.bone.left_arm] run data modify entity @s {} merge value {transformation:[-1.1057005943952063f,0.04682760436958572f,0.0023129109626776894f,1.0801111399475596f,0.006716501668275967f,0.21223733426164335f,-1.0861317512552882f,1.4375f,-0.046401106597319074f,-1.0851426025866575f,-0.21233098665062342f,0.3091731124626993f,0f,0f,0f,1f],start_interpolation:0}
execute if entity @s[tag=aj.mech_torso.bone.drill_right] run data modify entity @s {} merge value {transformation:[-1.6277835475360727f,0.6420173073785101f,0.025189271472726926f,0.3876429097480647f,0.4529333289294112f,1.1952722283113837f,-1.195272228311384f,-0.9012660561734147f,-0.45571056814144756f,-1.1052773757089154f,-1.2779631453333122f,0.8725523137269742f,0f,0f,0f,1f],start_interpolation:0}
execute if entity @s[tag=aj.mech_torso.bone.blaster_right] run data modify entity @s {} merge value {transformation:[-1.4339997918770162f,0.5655866755477351f,0.022190548678354672f,0.3876429097480647f,0.39901269453305266f,1.0529779154171712f,-1.0529779154171715f,-0.9012660561734147f,-0.40145931002937046f,-0.9736967357435682f,-1.1258246756507748f,0.8725523137269742f,0f,0f,0f,1f],start_interpolation:0}
execute if entity @s[tag=aj.mech_torso.bone.sword_right] run data modify entity @s {} merge value {transformation:[-2.6742158280949764f,1.0547427192646952f,0.04138237456233709f,-1.7748213728420759f,0.744104754669747f,1.9636615179401304f,-1.9636615179401309f,-0.32409116130796745f,-0.7486673619466638f,-1.8158128315217894f,-2.099510881619013f,0.2901004446777206f,0f,0f,0f,1f],start_interpolation:0}
execute if entity @s[tag=aj.mech_torso.bone.right_hand] run data modify entity @s {} merge value {transformation:[-0.9301620271634701f,0.3668670327877201f,0.014393869412986815f,-1.7924243414163181f,0.2588190451025207f,0.6830127018922193f,-0.6830127018922194f,-0.2946589192143818f,-0.26040603893797004f,-0.6315870718336659f,-0.7302646544761784f,0.26222565996610697f,0f,0f,0f,1f],start_interpolation:0}
execute if entity @s[tag=aj.mech_torso.bone.right_arm_low] run data modify entity @s {} merge value {transformation:[-0.9301620271634701f,0.3668670327877201f,0.014393869412986815f,-1.3960399368605838f,0.2588190451025207f,0.6830127018922193f,-0.6830127018922194f,0.35892154058425185f,-0.26040603893797004f,-0.6315870718336659f,-0.7302646544761784f,-0.38404449360312803f,0f,0f,0f,1f],start_interpolation:0}
execute if entity @s[tag=aj.mech_torso.bone.right_arm] run data modify entity @s {} merge value {transformation:[-1.0294048895166539f,0.2758282088306364f,0.298356081195803f,-1.0865816890021092f,0.2864335274371966f,1.068984477386792f,0f,1.4375f,-0.28818984425742433f,0.07722023603562785f,-1.065718362114265f,-0.29740926856899785f,0f,0f,0f,1f],start_interpolation:0}
execute if entity @s[tag=aj.mech_torso.bone.torso] run data modify entity @s {} merge value {transformation:[-1.2839661208590627f,0f,0.3594562257965613f,0f,0f,1.3333333333333333f,0f,0.20333875f,-0.3594562257965613f,0f,-1.2839661208590627f,-0.005674375000000009f,0f,0f,0f,1f],start_interpolation:0}