execute if entity @s[tag=aj.mech_torso.bone.blaster_left] run data modify entity @s {} merge value {transformation:[-0.9985857980823113f,0.02792696839601873f,0.04523812887953336f,1.0802407306617061f,-0.034904506492073925f,0.2974414045592099f,-0.95410182175719f,0.6264412299961636f,-0.04010086401635593f,-0.9543315436943558f,-0.2960459853047995f,2.1811119197932336f,0f,0f,0f,1f],start_interpolation:0}
execute if entity @s[tag=aj.mech_torso.bone.left_hand] run data modify entity @s {} merge value {transformation:[-0.9985857980823113f,0.028634092760136842f,0.044793890209685716f,1.1114465368517783f,-0.034904506492073925f,0.2824183298891517f,-0.9586561231062819f,0.6275319958240408f,-0.04010086401635593f,-0.9588638984102102f,-0.28101947446879116f,2.1823650717937446f,0f,0f,0f,1f],start_interpolation:0}
execute if entity @s[tag=aj.mech_torso.bone.left_arm_low] run data modify entity @s {} merge value {transformation:[-0.9985857980823113f,0.028634092760136842f,0.044793890209685716f,1.1102746324908956f,-0.034904506492073925f,0.2824183298891517f,-0.9586561231062819f,0.8789015560382439f,-0.04010086401635593f,-0.9588638984102102f,-0.28101947446879116f,1.2134661628058734f,0f,0f,0f,1f],start_interpolation:0}
execute if entity @s[tag=aj.mech_torso.bone.left_arm] run data modify entity @s {} merge value {transformation:[-1.1051290776538718f,0.019299204557285097f,0.05558094063063903f,1.0986872590900199f,-0.03862861372515701f,0.5505820298848564f,-0.9592388842741788f,1.4375f,-0.04437939228519435f,-0.9598223521075945f,-0.5491297665115867f,0.23651423272887442f,0f,0f,0f,1f],start_interpolation:0}
execute if entity @s[tag=aj.mech_torso.bone.drill_right] run data modify entity @s {} merge value {transformation:[-1.6545274960006844f,0.5669549159407385f,-0.060007401779578445f,0.44529106275290453f,0.4529333289294112f,1.1952722283113837f,-1.195272228311384f,-0.9012660561734147f,-0.34625159136475814f,-1.1455943538260693f,-1.2768020253583574f,0.844775512825662f,0f,0f,0f,1f],start_interpolation:0}
execute if entity @s[tag=aj.mech_torso.bone.blaster_right] run data modify entity @s {} merge value {transformation:[-1.4575599369529837f,0.4994602830906506f,-0.05286366347248577f,0.44529106275290453f,0.39901269453305266f,1.0529779154171712f,-1.0529779154171715f,-0.9012660561734147f,-0.3050311638213345f,-1.00921407360868f,-1.124801784244267f,0.844775512825662f,0f,0f,0f,1f],start_interpolation:0}
execute if entity @s[tag=aj.mech_torso.bone.sword_right] run data modify entity @s {} merge value {transformation:[-2.718152314858267f,0.9314259333312134f,-0.09858358863787887f,-1.7511730376040846f,0.744104754669747f,1.9636615179401304f,-1.9636615179401309f,-0.32409116130796745f,-0.5688419000992455f,-1.8820478669999712f,-2.0976033273744443f,0.40768580912626856f,0f,0f,0f,1f],start_interpolation:0}
execute if entity @s[tag=aj.mech_torso.bone.right_hand] run data modify entity @s {} merge value {transformation:[-0.9454442834289625f,0.32397423768042205f,-0.034289943874044826f,-1.7705939765337264f,0.2588190451025207f,0.6830127018922193f,-0.6830127018922194f,-0.2946589192143818f,-0.19785805220843322f,-0.6546253450434683f,-0.7296011573476328f,0.3810457029621466f,0f,0f,0f,1f],start_interpolation:0}
execute if entity @s[tag=aj.mech_torso.bone.right_arm_low] run data modify entity @s {} merge value {transformation:[-0.9454442834289625f,0.32397423768042205f,-0.034289943874044826f,-1.4181461657422132f,0.2588190451025207f,0.6830127018922193f,-0.6830127018922194f,0.35892154058425185f,-0.19785805220843322f,-0.6546253450434683f,-0.7296011573476328f,-0.2901966141169217f,0f,0f,0f,1f],start_interpolation:0}
execute if entity @s[tag=aj.mech_torso.bone.right_arm] run data modify entity @s {} merge value {transformation:[-1.0463176733791795f,0.2803599756083623f,0.22669271930365817f,-1.1036036206224697f,0.2864335274371966f,1.068984477386792f,0f,1.4375f,-0.21896835220710184f,0.05867239314186656f,-1.0832277643915618f,-0.22437065651700802f,0f,0f,0f,1f],start_interpolation:0}
execute if entity @s[tag=aj.mech_torso.bone.torso] run data modify entity @s {} merge value {transformation:[-1.3050612620518456f,0f,0.2731169714049674f,0f,0f,1.3333333333333333f,0f,0.20333875f,-0.2731169714049674f,0f,-1.3050612620518456f,-0.005674375000000009f,0f,0f,0f,1f],start_interpolation:0}