execute if entity @s[tag=aj.mech_torso.bone.blaster_left] run data modify entity @s {} merge value {transformation:[-0.7927208769451298f,-0.08121238221319325f,0.6041507760738232f,1.9892986223479376f,-0.519402102945114f,-0.4287932449820966f,-0.739160204904131f,1.1355674363337116f,0.319084732808603f,-0.8997449094232111f,0.2977314750836405f,1.6753739600651083f,0f,0f,0f,1f],start_interpolation:0}
execute if entity @s[tag=aj.mech_torso.bone.left_hand] run data modify entity @s {} merge value {transformation:[-0.7927208769451298f,-0.19051597804297926f,0.5790485932680189f,2.014071149752473f,-0.519402102945114f,-0.28612533688780095f,-0.8052041648222118f,1.1517987520507464f,0.319084732808603f,-0.9390612087085536f,0.1278631283337497f,1.6654025621648394f,0f,0f,0f,1f],start_interpolation:0}
execute if entity @s[tag=aj.mech_torso.bone.left_arm_low] run data modify entity @s {} merge value {transformation:[-0.7927208769451298f,-0.19051597804297926f,0.5790485932680189f,1.8168779128445842f,-0.519402102945114f,-0.28612533688780095f,-0.8052041648222118f,0.8242794692952167f,0.319084732808603f,-0.9390612087085536f,0.1278631283337497f,0.7403084741169842f,0f,0f,0f,1f],start_interpolation:0}
execute if entity @s[tag=aj.mech_torso.bone.left_arm] run data modify entity @s {} merge value {transformation:[-0.8772995703100598f,-0.6614905551378035f,0.13246768636649953f,1.1196731119679026f,-0.5748192774837573f,0.6192094992289677f,-0.7147967353252883f,1.4375f,0.3531292124716729f,-0.6354382897356121f,-0.834439882658448f,0.10433079458990284f,0f,0f,0f,1f],start_interpolation:0}
execute if entity @s[tag=aj.mech_torso.bone.drill_right] run data modify entity @s {} merge value {transformation:[-1.683937827073352f,0.4269032250432135f,-0.21120376653644551f,0.5431316453729296f,0.4529333289294112f,1.1952722283113837f,-1.195272228311384f,-0.9012660561734147f,-0.1473254699513963f,-1.2048144822649014f,-1.2606416101447537f,0.7858792606209769f,0f,0f,0f,1f],start_interpolation:0}
execute if entity @s[tag=aj.mech_torso.bone.blaster_right] run data modify entity @s {} merge value {transformation:[-1.483469038136048f,0.376081412538069f,-0.18606046099639245f,0.5431316453729296f,0.39901269453305266f,1.0529779154171712f,-1.0529779154171715f,-0.9012660561734147f,-0.129786723528611f,-1.061384186757175f,-1.1105652279846638f,0.7858792606209769f,0f,0f,0f,1f],start_interpolation:0}
execute if entity @s[tag=aj.mech_torso.bone.sword_right] run data modify entity @s {} merge value {transformation:[-2.7664692873347927f,0.7013410125709936f,-0.34697761645273195f,-1.6896951837069143f,0.744104754669747f,1.9636615179401304f,-1.9636615179401309f,-0.32409116130796745f,-0.24203470063443677f,-1.9793380780066239f,-2.0710540738092384f,0.6127137196542193f,0f,0f,0f,1f],start_interpolation:0}
execute if entity @s[tag=aj.mech_torso.bone.right_hand] run data modify entity @s {} merge value {transformation:[-0.9622501868990583f,0.24394470002469343f,-0.12068786659225458f,-1.7121422301717382f,0.2588190451025207f,0.6830127018922193f,-0.6830127018922194f,-0.2946589192143818f,-0.08418598282936932f,-0.6884654184370865f,-0.7203666343684307f,0.5885683633646426f,0f,0f,0f,1f],start_interpolation:0}
execute if entity @s[tag=aj.mech_torso.bone.right_arm_low] run data modify entity @s {} merge value {transformation:[-0.9622501868990583f,0.24394470002469343f,-0.12068786659225458f,-1.4418987076374572f,0.2588190451025207f,0.6830127018922193f,-0.6830127018922194f,0.35892154058425185f,-0.08418598282936932f,-0.6884654184370865f,-0.7203666343684307f,-0.11977770043303974f,0f,0f,0f,1f],start_interpolation:0}
execute if entity @s[tag=aj.mech_torso.bone.right_arm] run data modify entity @s {} merge value {transformation:[-1.0649166687150977f,0.28534356138865175f,0.09645475209033409f,-1.1217649587385248f,0.2864335274371966f,1.068984477386792f,0f,1.4375f,-0.09316813611236319f,0.024964326831620632f,-1.102482861242396f,-0.09176962659232836f,0f,0f,0f,1f],start_interpolation:0}
execute if entity @s[tag=aj.mech_torso.bone.torso] run data modify entity @s {} merge value {transformation:[-1.3282595974556606f,0f,0.11620765699687774f,0f,0f,1.3333333333333333f,0f,0.20333875f,-0.11620765699687774f,0f,-1.3282595974556606f,-0.005674375000000009f,0f,0f,0f,1f],start_interpolation:0}