execute if entity @s[tag=aj.mech_torso.bone.blaster_left] run data modify entity @s {} merge value {transformation:[-0.9829984639032363f,-0.11644218309175587f,0.14196914439660527f,1.4638467263359236f,-0.18342878314474245f,0.588059673449469f,-0.7877434239500467f,-0.19581476623370433f,0.008240235307149776f,-0.8003918030935411f,-0.5994206036355049f,1.1954489470772043f,0f,0f,0f,1f],start_interpolation:0}
execute if entity @s[tag=aj.mech_torso.bone.left_hand] run data modify entity @s {} merge value {transformation:[-0.9829984639032363f,-0.11637793116193126f,0.14202181910659695f,1.4945654283328997f,-0.18342878314474245f,0.5877031650559185f,-0.7880094360458477f,-0.19008261676043114f,0.008240235307149776f,-0.8006629546330495f,-0.5990583707789736f,1.1951914397238559f,0f,0f,0f,1f],start_interpolation:0}
execute if entity @s[tag=aj.mech_torso.bone.left_arm_low] run data modify entity @s {} merge value {transformation:[-0.9829984639032363f,-0.11637793116193126f,0.14202181910659695f,1.3519069770210734f,-0.18342878314474245f,0.5877031650559185f,-0.7880094360458477f,0.36726310394578143f,0.008240235307149776f,-0.8006629546330495f,-0.5990583707789736f,0.3760654183573118f,0f,0f,0f,1f],start_interpolation:0}
execute if entity @s[tag=aj.mech_torso.bone.left_arm] run data modify entity @s {} merge value {transformation:[-1.0878786658440056f,-0.199640405025886f,0.03789057424472414f,1.1182456171346125f,-0.20299956430505148f,1.0584610366214902f,-0.25144261647570393f,1.4375f,0.009119420346383366f,-0.2541179276817928f,-1.0770853696607736f,0.11800163221085996f,0f,0f,0f,1f],start_interpolation:0}
execute if entity @s[tag=aj.mech_torso.bone.drill_right] run data modify entity @s {} merge value {transformation:[-1.6820122788320904f,0.4415905846467225f,-0.1957867447235493f,0.5334206998462916f,0.4529333289294112f,1.1952722283113837f,-1.195272228311384f,-0.9012660561734147f,-0.1678871448414092f,-1.1995090894940752f,-1.2631278046255234f,0.7924556264695504f,0f,0f,0f,1f],start_interpolation:0}
execute if entity @s[tag=aj.mech_torso.bone.blaster_right] run data modify entity @s {} merge value {transformation:[-1.48177272182827f,0.3890202769506841f,-0.17247879892312673f,0.5334206998462916f,0.39901269453305266f,1.0529779154171712f,-1.0529779154171715f,-0.9012660561734147f,-0.14790057997933667f,-1.056710388363828f,-1.1127554469320087f,0.7924556264695504f,0f,0f,0f,1f],start_interpolation:0}
execute if entity @s[tag=aj.mech_torso.bone.sword_right] run data modify entity @s {} merge value {transformation:[-2.76330588665272f,0.7254702462053298f,-0.32164965204583096f,-1.6971239290505193f,0.744104754669747f,1.9636615179401304f,-1.9636615179401309f,-0.32409116130796745f,-0.27581459509660083f,-1.9706220755974093f,-2.075138536170503f,0.5920245616700824f,0f,0f,0f,1f],start_interpolation:0}
execute if entity @s[tag=aj.mech_torso.bone.right_hand] run data modify entity @s {} merge value {transformation:[-0.9611498736183374f,0.2523374769409843f,-0.11187813984202816f,-1.7192743164466866f,0.2588190451025207f,0.6830127018922193f,-0.6830127018922194f,-0.2946589192143818f,-0.09593551133794812f,-0.6854337654251859f,-0.7217873169288705f,0.5676067717712345f,0f,0f,0f,1f],start_interpolation:0}
execute if entity @s[tag=aj.mech_torso.bone.right_arm_low] run data modify entity @s {} merge value {transformation:[-0.9611498736183374f,0.2523374769409843f,-0.11187813984202816f,-1.4403970978251925f,0.2588190451025207f,0.6830127018922193f,-0.6830127018922194f,0.35892154058425185f,-0.09593551133794812f,-0.6854337654251859f,-0.7217873169288705f,-0.13738486257866772f,0f,0f,0f,1f],start_interpolation:0}
execute if entity @s[tag=aj.mech_torso.bone.right_arm] run data modify entity @s {} merge value {transformation:[-1.0636989584258179f,0.28501727690002415f,0.1099165876760786f,-1.1206294152781469f,0.2864335274371966f,1.068984477386792f,0f,1.4375f,-0.10617127077389105f,0.028448506263250156f,-1.1012221947852645f,-0.10546780471232808f,0f,0f,0f,1f],start_interpolation:0}
execute if entity @s[tag=aj.mech_torso.bone.torso] run data modify entity @s {} merge value {transformation:[-1.3267407599483017f,0f,0.13242633299151885f,0f,0f,1.3333333333333333f,0f,0.20333875f,-0.13242633299151885f,0f,-1.3267407599483017f,-0.005674375000000009f,0f,0f,0f,1f],start_interpolation:0}