execute if entity @s[tag=aj.mech_torso.bone.blaster_left] run data modify entity @s {} merge value {transformation:[-0.9993582924131488f,0.03530655418574156f,-0.006037434604600924f,1.0292632109867197f,0.007896163457783184f,0.05274528957576281f,-0.9985767797371501f,1.3284153027172203f,-0.03493785894589854f,-0.9979836580120429f,-0.052990228846253006f,2.4536491639170595f,0f,0f,0f,1f],start_interpolation:0}
execute if entity @s[tag=aj.mech_torso.bone.left_hand] run data modify entity @s {} merge value {transformation:[-0.9993582924131488f,0.03525183155741546f,-0.006349154032085313f,1.0604931576246306f,0.007896163457783184f,0.043920191328269284f,-0.9990038375283331f,1.3281685476091645f,-0.03493785894589854f,-0.9984129031445537f,-0.04417036163244149f,2.4547409720091187f,0f,0f,0f,1f],start_interpolation:0}
execute if entity @s[tag=aj.mech_torso.bone.left_arm_low] run data modify entity @s {} merge value {transformation:[-0.9993582924131488f,0.03525183155741546f,-0.006349154032085313f,1.0643166314806325f,0.007896163457783184f,0.043920191328269284f,-0.9990038375283331f,1.341116624122729f,-0.03493785894589854f,-0.9984129031445537f,-0.04417036163244149f,1.453855936971492f,0f,0f,0f,1f],start_interpolation:0}
execute if entity @s[tag=aj.mech_torso.bone.left_arm] run data modify entity @s {} merge value {transformation:[-1.1059839926235928f,0.03927160602330258f,-0.005396994974550749f,1.07300788268303f,0.008738638037775148f,0.09457229991852081f,-1.1026113072281611f,1.4375f,-0.03866552469124874f,-1.1019463687414646f,-0.09482170717656671f,0.3325904601520915f,0f,0f,0f,1f],start_interpolation:0}
execute if entity @s[tag=aj.mech_torso.bone.drill_right] run data modify entity @s {} merge value {transformation:[-1.617487045221945f,0.6659046157411321f,0.05297830946564036f,0.36845026578780393f,0.4529333289294112f,1.1952722283113837f,-1.195272228311384f,-0.9012660561734147f,-0.4910061690896599f,-1.0910524015656602f,-1.2771129938081838f,0.8807755919531207f,0f,0f,0f,1f],start_interpolation:0}
execute if entity @s[tag=aj.mech_torso.bone.blaster_right] run data modify entity @s {} merge value {transformation:[-1.424929063647904f,0.5866302567243306f,0.04667136786258793f,0.36845026578780393f,0.39901269453305266f,1.0529779154171712f,-1.0529779154171715f,-0.9012660561734147f,-0.4325530537218432f,-0.9611652109030816f,-1.1250757326405427f,0.8807755919531207f,0f,0f,0f,1f],start_interpolation:0}
execute if entity @s[tag=aj.mech_torso.bone.sword_right] run data modify entity @s {} merge value {transformation:[-2.657300145721767f,1.0939861544318599f,0.08703579412212345f,-1.7808344835365724f,0.744104754669747f,1.9636615179401304f,-1.9636615179401309f,-0.32409116130796745f,-0.8066529920758698f,-1.7924432311435847f,-2.0981142041134446f,0.25142908996974267f,0f,0f,0f,1f],start_interpolation:0}
execute if entity @s[tag=aj.mech_torso.bone.right_hand] run data modify entity @s {} merge value {transformation:[-0.9242783115553972f,0.3805169232806469f,0.030273319694651635f,-1.7978270269201584f,0.2588190451025207f,0.6830127018922193f,-0.6830127018922194f,-0.2946589192143818f,-0.28057495376551994f,-0.6234585151803773f,-0.7297788536046764f,0.22317804406518338f,0f,0f,0f,1f],start_interpolation:0}
execute if entity @s[tag=aj.mech_torso.bone.right_arm_low] run data modify entity @s {} merge value {transformation:[-0.9242783115553972f,0.3805169232806469f,0.030273319694651635f,-1.3874803651629475f,0.2588190451025207f,0.6830127018922193f,-0.6830127018922194f,0.35892154058425185f,-0.28057495376551994f,-0.6234585151803773f,-0.7297788536046764f,-0.41431809298516764f,0f,0f,0f,1f],start_interpolation:0}
execute if entity @s[tag=aj.mech_torso.bone.right_arm] run data modify entity @s {} merge value {transformation:[-1.0228934157748741f,0.27408346469999f,0.321464294870345f,-1.0799795873686124f,0.2864335274371966f,1.068984477386792f,0f,1.4375f,-0.31051066464507066f,0.08320108183289783f,-1.0589771884500345f,-0.32097281436739067f,0f,0f,0f,1f],start_interpolation:0}
execute if entity @s[tag=aj.mech_torso.bone.torso] run data modify entity @s {} merge value {transformation:[-1.2758444266972697f,0f,0.3872967552708042f,0f,0f,1.3333333333333333f,0f,0.20333875f,-0.3872967552708042f,0f,-1.2758444266972697f,-0.005674375000000009f,0f,0f,0f,1f],start_interpolation:0}