execute if entity @s[tag=aj.mech_torso.bone.blaster_left] run data modify entity @s {} merge value {transformation:[-0.999540381118933f,0.00689605756841193f,-0.02952068601220764f,0.8512669945288895f,0.02957360613326776f,0.007702342271127957f,-0.9995329287941509f,1.5125758211436342f,-0.0066654581907431565f,-0.9999465577287378f,-0.00790274341959224f,2.8760121395819818f,0f,0f,0f,1f],start_interpolation:0}
execute if entity @s[tag=aj.mech_torso.bone.left_hand] run data modify entity @s {} merge value {transformation:[-0.999540381118933f,0.006483212226530827f,-0.029614092453491874f,0.8825026314388562f,0.02957360613326776f,-0.006254067529053588f,-0.9995430398235069f,1.5116516459519695f,-0.0066654581907431565f,-0.9999594264761785f,0.006059461076667976f,2.8762204351504423f,0f,0f,0f,1f],start_interpolation:0}
execute if entity @s[tag=aj.mech_torso.bone.left_arm_low] run data modify entity @s {} merge value {transformation:[-0.999540381118933f,0.006483212226530827f,-0.029614092453491874f,0.8568247663662487f,0.02957360613326776f,-0.006254067529053588f,-0.9995430398235069f,1.475086033620096f,-0.0066654581907431565f,-0.9999594264761785f,0.006059461076667976f,1.876242071264449f,0f,0f,0f,1f],start_interpolation:0}
execute if entity @s[tag=aj.mech_torso.bone.left_arm] run data modify entity @s {} merge value {transformation:[-1.1061855091321f,0.00625470346622896f,-0.03296174456448214f,0.8319472920014968f,0.03272893739498499f,-0.03788357639919178f,-1.1055612284402117f,1.4375f,-0.007376623697856006f,-1.1060278892766602f,0.037681190255405735f,0.7517110739833869f,0f,0f,0f,1f],start_interpolation:0}
execute if entity @s[tag=aj.mech_torso.bone.drill_right] run data modify entity @s {} merge value {transformation:[-1.2620392766284765f,1.0623432206225598f,0.5841093612024715f,-0.037630106909204875f,0.4529333289294112f,1.1952722283113837f,-1.195272228311384f,-0.9012660561734147f,-1.124548026449735f,-0.7108102291222507f,-1.136943514156785f,0.9535613193547783f,0f,0f,0f,1f],start_interpolation:0}
execute if entity @s[tag=aj.mech_torso.bone.blaster_right] run data modify entity @s {} merge value {transformation:[-1.1117965056012769f,0.9358737895960645f,0.5145725324878915f,-0.037630106909204875f,0.39901269453305266f,1.0529779154171712f,-1.0529779154171715f,-0.9012660561734147f,-0.990673261396195f,-0.6261899637505541f,-1.0015930958047867f,0.9535613193547783f,0f,0f,0f,1f],start_interpolation:0}
execute if entity @s[tag=aj.mech_torso.bone.sword_right] run data modify entity @s {} merge value {transformation:[-2.0733502401753543f,1.7452781481656339f,0.9596082362612032f,-1.7242952799650944f,0.744104754669747f,1.9636615179401304f,-1.9636615179401309f,-0.32409116130796745f,-1.8474717577388504f,-1.167759662129412f,-1.8678357732575754f,-0.51975553293376f,0f,0f,0f,1f],start_interpolation:0}
execute if entity @s[tag=aj.mech_torso.bone.right_hand] run data modify entity @s {} merge value {transformation:[-0.721165300930558f,0.607053268927177f,0.3337767778299837f,-1.7278612809652f,0.2588190451025207f,0.6830127018922193f,-0.6830127018922194f,-0.2946589192143818f,-0.6425988722569914f,-0.40617727378414326f,-0.6496820080895914f,-0.5525297874975454f,0f,0f,0f,1f],start_interpolation:0}
execute if entity @s[tag=aj.mech_torso.bone.right_arm_low] run data modify entity @s {} merge value {transformation:[-0.721165300930558f,0.607053268927177f,0.3337767778299837f,-1.0878410720767562f,0.2588190451025207f,0.6830127018922193f,-0.6830127018922194f,0.35892154058425185f,-0.6425988722569914f,-0.40617727378414326f,-0.6496820080895914f,-0.9589284092764574f,0f,0f,0f,1f],start_interpolation:0}
execute if entity @s[tag=aj.mech_torso.bone.right_arm] run data modify entity @s {} merge value {transformation:[-0.7981094317422598f,0.2138527777070007f,0.7362474468309382f,-0.8479145389297744f,0.2864335274371966f,1.068984477386792f,0f,1.4375f,-0.7111604234333909f,0.1905548611479523f,-0.8262636840433886f,-0.745140364530214f,0f,0f,0f,1f],start_interpolation:0}
execute if entity @s[tag=aj.mech_torso.bone.torso] run data modify entity @s {} merge value {transformation:[-0.9954736775889015f,0f,0.8870230746747265f,0f,0f,1.3333333333333333f,0f,0.20333875f,-0.8870230746747265f,0f,-0.9954736775889015f,-0.005674375000000009f,0f,0f,0f,1f],start_interpolation:0}