execute if entity @s[tag=aj.mech_torso.bone.blaster_left] run data modify entity @s {} merge value {transformation:[-0.994264700741134f,-0.03913045792768803f,0.09953146297785677f,1.2181424265730536f,-0.09362436013507815f,-0.13136766702377128f,-0.9869027384955563f,1.4821186005627467f,0.05169317217428432f,-0.9905611254854999f,0.1269506700551785f,2.414289396299603f,0f,0f,0f,1f],start_interpolation:0}
execute if entity @s[tag=aj.mech_torso.bone.left_hand] run data modify entity @s {} merge value {transformation:[-0.994264700741134f,-0.04232342742538983f,0.09821625298854969f,1.249213198471214f,-0.09362436013507815f,-0.09943708320021535f,-0.9906294694152452f,1.485044361816968f,0.05169317217428432f,-0.9941433467944151f,0.09490427795920779f,2.4126739846691567f,0f,0f,0f,1f],start_interpolation:0}
execute if entity @s[tag=aj.mech_torso.bone.left_arm_low] run data modify entity @s {} merge value {transformation:[-0.994264700741134f,-0.04232342742538983f,0.09821625298854969f,1.178888257053556f,-0.09362436013507815f,-0.09943708320021535f,-0.9906294694152452f,1.351724346443305f,0.05169317217428432f,-0.9941433467944151f,0.09490427795920779f,1.4231118081914136f,0f,0f,0f,1f],start_interpolation:0}
execute if entity @s[tag=aj.mech_torso.bone.left_arm] run data modify entity @s {} merge value {transformation:[-1.1003469444327922f,-0.06547490998043318f,0.09859825847599858f,1.0812595543859156f,-0.10361353321939021f,0.08725807853006334f,-1.0983725424458965f,1.4375f,0.05720853210177611f,-1.1013042460774964f,-0.09288767388875976f,0.3052062951124437f,0f,0f,0f,1f],start_interpolation:0}
execute if entity @s[tag=aj.mech_torso.bone.drill_right] run data modify entity @s {} merge value {transformation:[-1.6294453296922236f,0.6379559098220072f,0.02049816253657926f,0.39086394994755613f,0.4529333289294112f,1.1952722283113837f,-1.195272228311384f,-0.9012660561734147f,-0.44973249503357315f,-1.10762654236467f,-1.2780469966163852f,0.8711235007397204f,0f,0f,0f,1f],start_interpolation:0}
execute if entity @s[tag=aj.mech_torso.bone.blaster_right] run data modify entity @s {} merge value {transformation:[-1.4354637428241015f,0.5620087777003396f,0.018057905091748396f,0.39086394994755613f,0.39901269453305266f,1.0529779154171712f,-1.0529779154171715f,-0.9012660561734147f,-0.39619291229148107f,-0.9757662397022093f,-1.1258985446382441f,0.8711235007397204f,0f,0f,0f,1f],start_interpolation:0}
execute if entity @s[tag=aj.mech_torso.bone.sword_right] run data modify entity @s {} merge value {transformation:[-2.6769458987800814f,1.048070423279012f,0.03367555273866593f,-1.7737237341068464f,0.744104754669747f,1.9636615179401304f,-1.9636615179401309f,-0.32409116130796745f,-0.7388462418408701f,-1.8196721767419581f,-2.099648637298347f,0.29661317770186785f,0f,0f,0f,1f],start_interpolation:0}
execute if entity @s[tag=aj.mech_torso.bone.right_hand] run data modify entity @s {} merge value {transformation:[-0.9311116169669849f,0.3645462341840041f,0.011713235735188149f,-1.7914289023188146f,0.2588190451025207f,0.6830127018922193f,-0.6830127018922194f,-0.2946589192143818f,-0.2569899971620418f,-0.6329294527798115f,-0.7303125694950773f,0.2688031948911849f,0f,0f,0f,1f],start_interpolation:0}
execute if entity @s[tag=aj.mech_torso.bone.right_arm_low] run data modify entity @s {} merge value {transformation:[-0.9311116169669849f,0.3645462341840041f,0.011713235735188149f,-1.3974193914878676f,0.2588190451025207f,0.6830127018922193f,-0.6830127018922194f,0.35892154058425185f,-0.2569899971620418f,-0.6329294527798115f,-0.7303125694950773f,-0.37891758827403393f,0f,0f,0f,1f],start_interpolation:0}
execute if entity @s[tag=aj.mech_torso.bone.right_arm] run data modify entity @s {} merge value {transformation:[-1.0304557950129298f,0.276109798109685f,0.2944422056127951f,-1.0876452218994164f,0.2864335274371966f,1.068984477386792f,0f,1.4375f,-0.2844093307509149f,0.0762072504945837f,-1.0668063395424217f,-0.29341885588496885f,0f,0f,0f,1f],start_interpolation:0}
execute if entity @s[tag=aj.mech_torso.bone.torso] run data modify entity @s {} merge value {transformation:[-1.2852769044653818f,0f,0.3547408302206889f,0f,0f,1.3333333333333333f,0f,0.20333875f,-0.3547408302206889f,0f,-1.2852769044653818f,-0.005674375000000009f,0f,0f,0f,1f],start_interpolation:0}