execute if entity @s[tag=aj.mech_torso.bone.blaster_left] run data modify entity @s {} merge value {transformation:[-0.7788279619739681f,0.007324189485504368f,0.6271948356737765f,1.922019803392923f,-0.5616551150373994f,-0.45329053880204506f,-0.6921497086504316f,1.1245527024880881f,0.279232049377934f,-0.8913327345503093f,0.35714901500531526f,1.7116799114435626f,0f,0f,0f,1f],start_interpolation:0}
execute if entity @s[tag=aj.mech_torso.bone.left_hand] run data modify entity @s {} merge value {transformation:[-0.7788279619739681f,-0.11872158039127362f,0.6158994982924353f,1.9463581772046095f,-0.5616551150373994f,-0.3051294774348225f,-0.7690510605627416f,1.1421044248330068f,0.279232049377934f,-0.9448815737169132f,0.17096278615666188f,1.7029539099005022f,0f,0f,0f,1f],start_interpolation:0}
execute if entity @s[tag=aj.mech_torso.bone.left_arm_low] run data modify entity @s {} merge value {transformation:[-0.7788279619739681f,-0.11872158039127362f,0.6158994982924353f,1.822545082323288f,-0.5616551150373994f,-0.3051294774348225f,-0.7690510605627416f,0.7953903794106799f,0.279232049377934f,-0.9448815737169132f,0.17096278615666188f,0.7721409247940452f,0f,0f,0f,1f],start_interpolation:0}
execute if entity @s[tag=aj.mech_torso.bone.left_arm] run data modify entity @s {} merge value {transformation:[-0.861924362353479f,-0.6781791666940817f,0.14809250479918737f,1.108809777082179f,-0.6215804394903856f,0.6489274312896193f,-0.6459898797170305f,1.4375f,0.3090244801929382f,-0.5862918942949877f,-0.8863056266658286f,0.18487717510484458f,0f,0f,0f,1f],start_interpolation:0}
execute if entity @s[tag=aj.mech_torso.bone.drill_right] run data modify entity @s {} merge value {transformation:[-1.6689078208268446f,0.5127693764333453f,-0.11964218392837443f,0.48456916875889666f,0.4529333289294112f,1.1952722283113837f,-1.195272228311384f,-0.9012660561734147f,-0.2685108659401229f,-1.170850915710321f,-1.2725997202782924f,0.823024522645341f,0f,0f,0f,1f],start_interpolation:0}
execute if entity @s[tag=aj.mech_torso.bone.blaster_right] run data modify entity @s {} merge value {transformation:[-1.4702283183474583f,0.45172540304842324f,-0.10539906679404414f,0.48456916875889666f,0.39901269453305266f,1.0529779154171712f,-1.0529779154171715f,-0.9012660561734147f,-0.23654528666153685f,-1.0314639019352827f,-1.1210997535784955f,0.823024522645341f,0f,0f,0f,1f],start_interpolation:0}
execute if entity @s[tag=aj.mech_torso.bone.sword_right] run data modify entity @s {} merge value {transformation:[-2.74177713421553f,0.8424068327119245f,-0.196555016453758f,-1.729929904770029f,0.744104754669747f,1.9636615179401304f,-1.9636615179401309f,-0.32409116130796745f,-0.4411249940444877f,-1.9235407900955275f,-2.0906995404571944f,0.48911464471929145f,0f,0f,0f,1f],start_interpolation:0}
execute if entity @s[tag=aj.mech_torso.bone.right_hand] run data modify entity @s {} merge value {transformation:[-0.953661611901054f,0.2930110722476259f,-0.06836696224478539f,-1.7505752341341987f,0.2588190451025207f,0.6830127018922193f,-0.6830127018922194f,-0.2946589192143818f,-0.1534347805372131f,-0.6690576661201835f,-0.7271998401590242f,0.4634117557612478f,0f,0f,0f,1f],start_interpolation:0}
execute if entity @s[tag=aj.mech_torso.bone.right_arm_low] run data modify entity @s {} merge value {transformation:[-0.953661611901054f,0.2930110722476259f,-0.06836696224478539f,-1.4298987040848143f,0.2588190451025207f,0.6830127018922193f,-0.6830127018922194f,0.35892154058425185f,-0.1534347805372131f,-0.6690576661201835f,-0.7271998401590242f,-0.22357606847211717f,0f,0f,0f,1f],start_interpolation:0}
execute if entity @s[tag=aj.mech_torso.bone.right_arm] run data modify entity @s {} merge value {transformation:[-1.055411742864827f,0.2827967241829541f,0.1757954616833043f,-1.112622312606275f,0.2864335274371966f,1.068984477386792f,0f,1.4375f,-0.16980537658431394f,0.045499213526229584f,-1.092642637913047f,-0.1725294153525624f,0f,0f,0f,1f],start_interpolation:0}
execute if entity @s[tag=aj.mech_torso.bone.torso] run data modify entity @s {} merge value {transformation:[-1.3164042012968615f,0f,0.21179649804883374f,0f,0f,1.3333333333333333f,0f,0.20333875f,-0.21179649804883374f,0f,-1.3164042012968615f,-0.005674375000000009f,0f,0f,0f,1f],start_interpolation:0}