execute if entity @s[tag=aj.mech_torso.bone.blaster_left] run data modify entity @s {} merge value {transformation:[-0.9990210179998433f,0.04034611623468492f,0.018143773018143194f,1.0368137214162265f,-0.009232341840534411f,0.21095843141289086f,-0.9774514331054776f,0.8961747462538979f,-0.043263951029652026f,-0.9766620352612206f,-0.21037941776873983f,2.322750975853273f,0f,0f,0f,1f],start_interpolation:0}
execute if entity @s[tag=aj.mech_torso.bone.left_hand] run data modify entity @s {} merge value {transformation:[-0.9990210179998433f,0.04063185607493433f,0.01749450960908676f,1.0680331282287217f,-0.009232341840534411f,0.19525834056927038f,-0.9807083890241146f,0.8964632569364146f,-0.043263951029652026f,-0.979909808456901f,-0.19469205898357345f,2.3241029743229498f,0f,0f,0f,1f],start_interpolation:0}
execute if entity @s[tag=aj.mech_torso.bone.left_arm_low] run data modify entity @s {} merge value {transformation:[-0.9990210179998433f,0.04063185607493433f,0.01749450960908676f,1.0779922809164448f,-0.009232341840534411f,0.19525834056927038f,-0.9807083890241146f,1.0607859496661647f,-0.043263951029652026f,-0.979909808456901f,-0.19469205898357345f,1.3367570405531355f,0f,0f,0f,1f],start_interpolation:0}
execute if entity @s[tag=aj.mech_torso.bone.left_arm] run data modify entity @s {} merge value {transformation:[-1.1056107329978218f,0.04169219717170257f,0.025664105459632408f,1.089154702102048f,-0.01021737885959203f,0.37086803119572526f,-1.0426526205502358f,1.4375f,-0.047879962231468225f,-1.0418688221969359f,-0.370120041452379f,0.27630266287611743f,0f,0f,0f,1f],start_interpolation:0}
execute if entity @s[tag=aj.mech_torso.bone.drill_right] run data modify entity @s {} merge value {transformation:[-1.640843628214683f,0.6082341483532362f,-0.013542840333125312f,0.414074014900099f,0.4529333289294112f,1.1952722283113837f,-1.195272228311384f,-0.9012660561734147f,-0.4061817170826341f,-1.1242221848925382f,-1.2781396213650724f,0.8604040582003682f,0f,0f,0f,1f],start_interpolation:0}
execute if entity @s[tag=aj.mech_torso.bone.blaster_right] run data modify entity @s {} merge value {transformation:[-1.445505101046268f,0.535825321168327f,-0.011930597436324679f,0.414074014900099f,0.39901269453305266f,1.0529779154171712f,-1.0529779154171715f,-0.9012660561734147f,-0.35782675076327286f,-0.9903862105005693f,-1.125980142631135f,0.8604040582003682f,0f,0f,0f,1f],start_interpolation:0}
execute if entity @s[tag=aj.mech_torso.bone.sword_right] run data modify entity @s {} merge value {transformation:[-2.695671674924122f,0.9992418151517453f,-0.022248951975848728f,-1.76504496074704f,0.744104754669747f,1.9636615179401304f,-1.9636615179401309f,-0.32409116130796745f,-0.6672985352071846f,-1.84693644660917f,-2.099800806528333f,0.3437393282142542f,0f,0f,0f,1f],start_interpolation:0}
execute if entity @s[tag=aj.mech_torso.bone.right_hand] run data modify entity @s {} merge value {transformation:[-0.9376249304083902f,0.34756237048756355f,-0.007738765904643036f,-1.7834844157445657f,0.2588190451025207f,0.6830127018922193f,-0.6830127018922194f,-0.2946589192143818f,-0.23210383833293377f,-0.6424126770814504f,-0.7303654979228985f,0.31641068710755466f,0f,0f,0f,1f],start_interpolation:0}
execute if entity @s[tag=aj.mech_torso.bone.right_arm_low] run data modify entity @s {} merge value {transformation:[-0.9376249304083902f,0.34756237048756355f,-0.007738765904643036f,-1.4068631026162601f,0.2588190451025207f,0.6830127018922193f,-0.6830127018922194f,0.35892154058425185f,-0.23210383833293377f,-0.6424126770814504f,-0.7303654979228985f,-0.3415726668360823f,0f,0f,0f,1f],start_interpolation:0}
execute if entity @s[tag=aj.mech_torso.bone.right_arm] run data modify entity @s {} merge value {transformation:[-1.0376640410042048f,0.278041241801892f,0.26592928458166015f,-1.0949220002715052f,0.2864335274371966f,1.068984477386792f,0f,1.4375f,-0.2568679639440009f,0.06882756350022176f,-1.074268864919725f,-0.2643533813415205f,0f,0f,0f,1f],start_interpolation:0}
execute if entity @s[tag=aj.mech_torso.bone.torso] run data modify entity @s {} merge value {transformation:[-1.2942676754806242f,0f,0.32038876694378543f,0f,0f,1.3333333333333333f,0f,0.20333875f,-0.32038876694378543f,0f,-1.2942676754806242f,-0.005674375000000009f,0f,0f,0f,1f],start_interpolation:0}