execute if entity @s[tag=aj.mech_torso.bone.blaster_left] run data modify entity @s {} merge value {transformation:[-0.9966972916540814f,-0.0456945644239345f,0.06713058611040085f,1.1798924126863641f,-0.0761315904381292f,0.23813203139351527f,-0.9682443475496044f,0.5476089383199296f,0.028257560878108823f,-0.9701572771496922f,-0.2408243506099731f,2.3165179758928325f,0f,0f,0f,1f],start_interpolation:0}
execute if entity @s[tag=aj.mech_torso.bone.left_hand] run data modify entity @s {} merge value {transformation:[-0.9966972916540814f,-0.04545995656159984f,0.06728968092387197f,1.2110392030505541f,-0.0761315904381292f,0.23475077710963255f,-0.9690696845860904f,0.5499880505211212f,0.028257560878108823f,-0.9709920004798398f,-0.23743640255314458f,2.3156349271153918f,0f,0f,0f,1f],start_interpolation:0}
execute if entity @s[tag=aj.mech_torso.bone.left_arm_low] run data modify entity @s {} merge value {transformation:[-0.9966972916540814f,-0.04545995656159984f,0.06728968092387197f,1.1365352586536352f,-0.0761315904381292f,0.23475077710963255f,-0.9690696845860904f,0.7520762877862469f,0.028257560878108823f,-0.9709920004798398f,-0.23743640255314458f,1.338106087833207f,0f,0f,0f,1f],start_interpolation:0}
execute if entity @s[tag=aj.mech_torso.bone.left_arm] run data modify entity @s {} merge value {transformation:[-1.1030390786060373f,-0.07641653110529738f,0.047299929976749006f,1.0277079309894297f,-0.08425438703693337f,0.6766109987527795f,-0.8717056459412347f,1.4375f,0.031272477788031244f,-0.8724276753259422f,-0.6801940620090694f,0.45213063106897705f,0f,0f,0f,1f],start_interpolation:0}
execute if entity @s[tag=aj.mech_torso.bone.drill_right] run data modify entity @s {} merge value {transformation:[-1.5513450665027246f,0.7853767605640154f,0.1975141225422382f,0.26551144668363946f,0.4529333289294112f,1.1952722283113837f,-1.195272228311384f,-0.9012660561734147f,-0.6713269577356319f,-1.0084679688485465f,-1.26285884865408f,0.916850862568194f,0f,0f,0f,1f],start_interpolation:0}
execute if entity @s[tag=aj.mech_torso.bone.blaster_right] run data modify entity @s {} merge value {transformation:[-1.3666611300143048f,0.6918795271635373f,0.1740005365253051f,0.26551144668363946f,0.39901269453305266f,1.0529779154171712f,-1.0529779154171715f,-0.9012660561734147f,-0.5914070818147232f,-0.8884122582713384f,-1.112518509528594f,0.916850862568194f,0f,0f,0f,1f],start_interpolation:0}
execute if entity @s[tag=aj.mech_torso.bone.sword_right] run data modify entity @s {} merge value {transformation:[-2.54863832354019f,1.2902618209265966f,0.3244874870336771f,-1.7985048333478897f,0.744104754669747f,1.9636615179401304f,-1.9636615179401309f,-0.32409116130796745f,-1.1028942877085381f,-1.656768805965469f,-2.074696679931703f,0.04774859643269026f,0f,0f,0f,1f],start_interpolation:0}
execute if entity @s[tag=aj.mech_torso.bone.right_hand] run data modify entity @s {} merge value {transformation:[-0.886482895144414f,0.4487867203222945f,0.11286521288127899f,-1.812182838811081f,0.2588190451025207f,0.6830127018922193f,-0.6830127018922194f,-0.2946589192143818f,-0.3836154044203611f,-0.576267410770598f,-0.7216336278023314f,0.01775225845797279f,0f,0f,0f,1f],start_interpolation:0}
execute if entity @s[tag=aj.mech_torso.bone.right_arm_low] run data modify entity @s {} merge value {transformation:[-0.886482895144414f,0.4487867203222945f,0.11286521288127899f,-1.3321664901129837f,0.2588190451025207f,0.6830127018922193f,-0.6830127018922194f,0.35892154058425185f,-0.3836154044203611f,-0.576267410770598f,-0.7216336278023314f,-0.5690782217933117f,0f,0f,0f,1f],start_interpolation:0}
execute if entity @s[tag=aj.mech_torso.bone.right_arm] run data modify entity @s {} merge value {transformation:[-0.9810654489061014f,0.26287569475646666f,0.4395212538694831f,-1.0372399767995277f,0.2864335274371966f,1.068984477386792f,0f,1.4375f,-0.42454493031548785f,0.11375647122876219f,-1.0156736906758121f,-0.4414521228592794f,0f,0f,0f,1f],start_interpolation:0}
execute if entity @s[tag=aj.mech_torso.bone.torso] run data modify entity @s {} merge value {transformation:[-1.223672834245308f,0f,0.5295305208463742f,0f,0f,1.3333333333333333f,0f,0.20333875f,-0.5295305208463742f,0f,-1.223672834245308f,-0.005674375000000009f,0f,0f,0f,1f],start_interpolation:0}