execute if entity @s[tag=aj.mech_torso.bone.blaster_left] run data modify entity @s {} merge value {transformation:[-0.999147546220166f,-0.04095610450837812f,0.005174783639900237f,1.0035571581385672f,-0.004049681607645461f,-0.027506369828183948f,-0.9996134251288105f,1.3346441152073298f,0.04108261142013314f,-0.9987822571123167f,0.02731706273610615f,2.795987579594339f,0f,0f,0f,1f],start_interpolation:0}
execute if entity @s[tag=aj.mech_torso.bone.left_hand] run data modify entity @s {} merge value {transformation:[-0.999147546220166f,-0.04091295452512591f,0.005505545771851224f,1.0347805189579473f,-0.004049681607645461f,-0.03558248839966158f,-0.9993585375620527f,1.3347706677575688f,0.04108261142013314f,-0.998528926306751f,0.035386471533474684f,2.7947037479874597f,0f,0f,0f,1f],start_interpolation:0}
execute if entity @s[tag=aj.mech_torso.bone.left_arm_low] run data modify entity @s {} merge value {transformation:[-0.999147546220166f,-0.04091295452512591f,0.005505545771851224f,0.9628162519188116f,-0.004049681607645461f,-0.03558248839966158f,-0.9993585375620527f,1.267831672508854f,0.04108261142013314f,-0.998528926306751f,0.035386471533474684f,1.7985644805230088f,0f,0f,0f,1f],start_interpolation:0}
execute if entity @s[tag=aj.mech_torso.bone.left_arm] run data modify entity @s {} merge value {transformation:[-1.1057507610411714f,-0.04562127910691732f,-0.002435545841570444f,0.8852169902036416f,-0.004481759012038521f,0.16703200290814849f,-1.0940074050821953f,1.4375f,0.04546588641009473f,-1.0930649511493675f,-0.16707436750083263f,0.6887029685641434f,0f,0f,0f,1f],start_interpolation:0}
execute if entity @s[tag=aj.mech_torso.bone.drill_right] run data modify entity @s {} merge value {transformation:[-1.3410608413300062f,1.0073928776428924f,0.49921479337618574f,0.03277112525315107f,0.4529333289294112f,1.1952722283113837f,-1.195272228311384f,-0.9012660561734147f,-1.0290321760742847f,-0.7867552925159839f,-1.1766940512732744f,0.9537396105244629f,0f,0f,0f,1f],start_interpolation:0}
execute if entity @s[tag=aj.mech_torso.bone.blaster_right] run data modify entity @s {} merge value {transformation:[-1.181410741171672f,0.8874651541139765f,0.43978446083140166f,0.03277112525315107f,0.39901269453305266f,1.0529779154171712f,-1.0529779154171715f,-0.9012660561734147f,-0.9065283455892507f,-0.6930939481688428f,-1.0366114261216939f,0.9537396105244629f,0f,0f,0f,1f],start_interpolation:0}
execute if entity @s[tag=aj.mech_torso.bone.sword_right] run data modify entity @s {} merge value {transformation:[-2.2031713821850105f,1.6550025846990375f,0.8201385891180194f,-1.7573341450336946f,0.744104754669747f,1.9636615179401304f,-1.9636615179401309f,-0.32409116130796745f,-1.6905528606934674f,-1.292526551990545f,-1.9331402270918079f,-0.3920037062073421f,0f,0f,0f,1f],start_interpolation:0}
execute if entity @s[tag=aj.mech_torso.bone.right_hand] run data modify entity @s {} merge value {transformation:[-0.7663204807600036f,0.5756530729387956f,0.2852655962149633f,-1.7632925015281073f,0.2588190451025207f,0.6830127018922193f,-0.6830127018922194f,-0.2946589192143818f,-0.5880183863281626f,-0.4495744528662765f,-0.6723966007275853f,-0.4244284824321683f,0f,0f,0f,1f],start_interpolation:0}
execute if entity @s[tag=aj.mech_torso.bone.right_arm_low] run data modify entity @s {} merge value {transformation:[-0.7663204807600036f,0.5756530729387956f,0.2852655962149633f,-1.154777363683844f,0.2588190451025207f,0.6830127018922193f,-0.6830127018922194f,0.35892154058425185f,-0.5880183863281626f,-0.4495744528662765f,-0.6723966007275853f,-0.8766397544984268f,0f,0f,0f,1f],start_interpolation:0}
execute if entity @s[tag=aj.mech_torso.bone.right_arm] run data modify entity @s {} merge value {transformation:[-0.8480824058542916f,0.22724299576370102f,0.6737127223756154f,-0.8998280254516372f,0.2864335274371966f,1.068984477386792f,0f,1.4375f,-0.6507565180421241f,0.1743696834786764f,-0.8779995138058249f,-0.6810102467054783f,0f,0f,0f,1f],start_interpolation:0}
execute if entity @s[tag=aj.mech_torso.bone.torso] run data modify entity @s {} merge value {transformation:[-1.0578044537216467f,0f,0.811681905344961f,0f,0f,1.3333333333333333f,0f,0.20333875f,-0.811681905344961f,0f,-1.0578044537216467f,-0.005674375000000009f,0f,0f,0f,1f],start_interpolation:0}