# This file was generated by Animated Java via MC-Build. It is not recommended to edit this file directly.
$data merge entity $(bone_drillhead_right1) { transformation: [-0.12571776147590927f,0.033077955002679515f,0.991514444343766f,-1.1652052593182216f,-0.8954879874468907f,0.42635333153879507f,-0.12776580537877816f,-0.5456785119847478f,-0.42696171817600215f,-0.9039517053353078f,-0.023979275084645216f,1.519402290517691f,0f,0f,0f,1f], start_interpolation: 0, interpolation_duration: 1 }
$data merge entity $(bone_drillhead_right2) { transformation: [-0.8679297968476503f,0.033077955002679515f,-0.49558421750176573f,-1.3187406993266098f,0.46072862922215624f,0.42635333153879507f,-0.7784291662706656f,-0.2744397060964163f,0.18554513725525024f,-0.9039517053353078f,-0.385284721293642f,1.6417151635446499f,0f,0f,0f,1f], start_interpolation: 0, interpolation_duration: 1 }
$data merge entity $(bone_drillhead_right3) { transformation: [0.9641500057893635f,0.033077955002679515f,-0.2632880841003087f,-0.9424979182905422f,0.22464820413360903f,0.42635333153879507f,0.8762168801531475f,-0.3228035483872554f,0.1412372143449271f,-0.9039517053353078f,0.4036376638836794f,1.6326718225594257f,0f,0f,0f,1f], start_interpolation: 0, interpolation_duration: 1 }
$data merge entity $(bone_drill_right) { transformation: [-0.19219799471557808f,0.050569756780352706f,1.5158326532159896f,-1.1181444519345103f,-1.3690268857687387f,0.6518112826703891f,-0.1953290553278552f,-0.09689843085139513f,-0.6527413874567789f,-1.3819662635216892f,-0.036659645637145646f,0.9844704305991907f,0f,0f,0f,1f], start_interpolation: 0, interpolation_duration: 1 }
$data merge entity $(bone_barrel_right) { transformation: [-2.2756603304809664f,0.07591839982003734f,-0.28853933924981173f,-1.2097434350842629f,0.293239878199526f,0.9785388088757353f,-2.055266568308909f,-0.9051488362935208f,0.05503569350412622f,-2.074691950517839f,-0.9799351388473104f,1.4755736469093788f,0f,0f,0f,1f], start_interpolation: 0, interpolation_duration: 1 }
$data merge entity $(bone_blaster_right) { transformation: [-0.991514444343766f,0.033077955002679515f,-0.12571776147590905f,-1.3634938739462408f,0.12776580537877796f,0.42635333153879507f,-0.8954879874468907f,0.010906212494539401f,0.023979275084645122f,-0.9039517053353078f,-0.42696171817600215f,0.7109011549003115f,0f,0f,0f,1f], start_interpolation: 0, interpolation_duration: 1 }
$data merge entity $(bone_rocket_right) { transformation: [-2.284742189660137f,0.07622138010538064f,-0.28969086156253043f,-0.9520095135224904f,0.2944101597410434f,0.9824440277454093f,-2.063468865153928f,0.11621002061337771f,0.05525533367253695f,-2.082971771492167f,-0.9838459302850868f,0.22249861434352047f,0f,0f,0f,1f], start_interpolation: 0, interpolation_duration: 1 }
$data merge entity $(bone_sword_right) { transformation: [-2.641442402929936f,0.08812127089496337f,-0.33491819293029307f,-0.9719814377338477f,0.3403742808763245f,1.1358258822970413f,-2.3856232804779105f,0.963209078666323f,0.06388194782379036f,-2.4081710340123514f,-1.137446653703915f,1.3997665574422804f,0f,0f,0f,1f], start_interpolation: 0, interpolation_duration: 1 }
$data merge entity $(bone_right_hand) { transformation: [-0.991514444343766f,0.033077955002679515f,-0.12571776147590905f,-1.2085697420175274f,0.12776580537877796f,0.42635333153879507f,-0.8954879874468907f,-0.009057194595894658f,0.023979275084645122f,-0.9039517053353078f,-0.42696171817600215f,0.7071543931683357f,0f,0f,0f,1f], start_interpolation: 0, interpolation_duration: 1 }
$data merge entity $(bone_right_arm_low) { transformation: [-0.991514444343766f,0.033077955002679515f,-0.12571776147590905f,-1.1174508142894848f,0.12776580537877796f,0.42635333153879507f,-0.8954879874468907f,0.3813267744990114f,0.023979275084645122f,-0.9039517053353078f,-0.42696171817600215f,-0.21163857055276253f,0f,0f,0f,1f], start_interpolation: 0, interpolation_duration: 1 }
$data merge entity $(bone_right_arm) { transformation: [-1.0973032517209873f,0.13875090848427435f,-0.03802285748551868f,-0.94542f,0.1413976715121622f,1.0940787453284895f,-0.08814973650218604f,1.4895100000000001f,0.0265377238570721f,-0.09225975801645417f,-1.1025225008122324f,-0.30617375000000013f,0f,0f,0f,1f], start_interpolation: 0, interpolation_duration: 1 }