execute if entity @s[tag=aj.mech_torso.bone.drillhead_right1] run data modify entity @s {} merge value {transformation:[-0.13316996256155744f,0.0649563702232442f,0.9889623001099558f,-1.4306386717859687f,-0.8257699580211874f,0.5445242720262768f,-0.14696017693218705f,-0.7532707982959388f,-0.5480599761896866f,-0.8362260383064343f,-0.01887525780714152f,1.3970398769530619f,0f,0f,0f,1f],start_interpolation:0}
execute if entity @s[tag=aj.mech_torso.bone.drillhead_right2] run data modify entity @s {} merge value {transformation:[-0.8627200891358856f,0.0649563702232442f,-0.5014924902416692f,-1.5816342566264951f,0.45178198144140913f,0.5445242720262768f,-0.7066727378490892f,-0.49761756522006545f,0.22717193718909062f,-0.8362260383064343f,-0.49911814614586175f,1.5517842398323825f,0f,0f,0f,1f],start_interpolation:0}
execute if entity @s[tag=aj.mech_torso.bone.drillhead_right3] run data modify entity @s {} merge value {transformation:[0.9646439658578602f,0.0649563702232442f,-0.25542648472983465f,-1.2063589083632649f,0.18023498231763915f,0.5445242720262768f,0.8191511877078698f,-0.5532737031617776f,0.19229500847130676f,-0.8362260383064343f,0.5135646430346875f,1.544693341836584f,0f,0f,0f,1f],start_interpolation:0}
execute if entity @s[tag=aj.mech_torso.bone.drill_right] run data modify entity @s {} merge value {transformation:[-0.20359096010140623f,0.09930565064430111f,1.511930921287226f,-1.3696495369082797f,-1.2624415847433972f,0.8324716565802456f,-0.2246735145282193f,-0.30138776121108424f,-0.8378770602569973f,-1.2784268969205843f,-0.028856596376537744f,1.0779856402469492f,0f,0f,0f,1f],start_interpolation:0}
execute if entity @s[tag=aj.mech_torso.bone.barrel_right] run data modify entity @s {} merge value {transformation:[-2.2698028127981136f,0.14908369290263412f,-0.3056431529986885f,-1.421898269117691f,0.33729356815006883f,1.2497571688472557f,-1.8952542207445897f,-1.1111082106518169f,0.043321280556574984f,-1.9192523452834702f,-1.2578720901687632f,1.302367165259505f,0f,0f,0f,1f],start_interpolation:0}
execute if entity @s[tag=aj.mech_torso.bone.blaster_right] run data modify entity @s {} merge value {transformation:[-0.9889623001099558f,0.0649563702232442f,-0.13316996256155722f,-1.0403922657436766f,0.14696017693218685f,0.5445242720262768f,-0.8257699580211874f,-0.1698967158104523f,0.0188752578071414f,-0.8362260383064343f,-0.5480599761896866f,0.6573135541047626f,0f,0f,0f,1f],start_interpolation:0}
execute if entity @s[tag=aj.mech_torso.bone.rocket_right] run data modify entity @s {} merge value {transformation:[-2.2788612953994956f,0.14967866618872475f,-0.3068629343682679f,-1.1089524189274602f,0.3386396621373606f,1.254744784293903f,-1.9028179294892478f,0.06453231441375443f,0.04349417005339764f,-1.9269118273668409f,-1.2628920911923374f,0.20671634185910948f,0f,0f,0f,1f],start_interpolation:0}
execute if entity @s[tag=aj.mech_torso.bone.sword_right] run data modify entity @s {} merge value {transformation:[-2.6346433673374277f,0.1730469098326167f,-0.35477121681217894f,-1.1415800152960869f,0.3915090144225642f,1.4506389793511496f,-2.199891080383081f,0.7436215301828433f,0.050284599102352036f,-2.2277465836401924f,-1.4600582661348411f,1.4879420709672142f,0f,0f,0f,1f],start_interpolation:0}
execute if entity @s[tag=aj.mech_torso.bone.right_hand] run data modify entity @s {} merge value {transformation:[-0.9889623001099558f,0.0649563702232442f,-0.13316996256155722f,-1.3803480564064738f,0.14696017693218685f,0.5445242720262768f,-0.8257699580211874f,-0.11937915499001306f,0.0188752578071414f,-0.8362260383064343f,-0.5480599761896866f,0.6638019239759674f,0f,0f,0f,1f],start_interpolation:0}
execute if entity @s[tag=aj.mech_torso.bone.right_arm_low] run data modify entity @s {} merge value {transformation:[-0.9889623001099558f,0.0649563702232442f,-0.13316996256155722f,-1.257743103756406f,0.14696017693218685f,0.5445242720262768f,-0.8257699580211874f,0.39015479478984005f,0.0188752578071414f,-0.8362260383064343f,-0.5480599761896866f,-0.19073069219934102f,0f,0f,0f,1f],start_interpolation:0}
execute if entity @s[tag=aj.mech_torso.bone.right_arm] run data modify entity @s {} merge value {transformation:[-1.0944788085849375f,0.16284872535805253f,-0.01919397670575912f,-1.061295625f,0.16263997054315243f,1.0946015883006819f,0.012945323687533341f,1.4982696875000001f,0.020889137709492845f,0.009981686876980235f,-1.1064519819616536f,-0.1811737500000001f,0f,0f,0f,1f],start_interpolation:0}