execute if entity @s[tag=aj.mech_torso.bone.drillhead_right1] run data modify entity @s {} merge value {transformation:[-0.13390376751700686f,0.07297835740547381f,0.9883035669242272f,-1.2699808340736973f,-0.8065591919857604f,0.5714174123023545f,-0.15147412564843654f,-0.8145573893406587f,-0.5757881996602819f,-0.8174082824807196f,-0.017653579350697154f,1.2062146061063594f,0f,0f,0f,1f],start_interpolation:0}
execute if entity @s[tag=aj.mech_torso.bone.drillhead_right2] run data modify entity @s {} merge value {transformation:[-0.8618306840291672f,0.07297835740547381f,-0.5019183513443368f,-1.4206489856485538f,0.44860068438635775f,0.5714174123023545f,-0.687196890916841f,-0.5633458730986662f,0.23665438519898535f,-0.8174082824807196f,-0.5252032003882026f,1.3683748425233726f,0f,0f,0f,1f],start_interpolation:0}
execute if entity @s[tag=aj.mech_torso.bone.drillhead_right3] run data modify entity @s {} merge value {transformation:[0.9643161907492175f,0.07297835740547381f,-0.2544964510741122f,-1.0456234958277544f,0.16871299560309078f,0.5714174123023545f,0.8031301675521302f,-0.6207173093530363f,0.20403482392363936f,-0.8174082824807196f,0.5387146650671111f,1.361751110505629f,0f,0f,0f,1f],start_interpolation:0}
execute if entity @s[tag=aj.mech_torso.bone.drill_right] run data modify entity @s {} merge value {transformation:[-0.20471280509207415f,0.11156970810092431f,1.510923846424746f,-1.1944678235493107f,-1.2330720615701205f,0.8735860351054896f,-0.23157446377617705f,-0.28365361482276263f,-0.8802681184933872f,-1.2496582098847209f,-0.026988887734900626f,0.7565376742833826f,0f,0f,0f,1f],start_interpolation:0}
execute if entity @s[tag=aj.mech_torso.bone.barrel_right] run data modify entity @s {} merge value {transformation:[-2.268290930658942f,0.16749524313910996f,-0.3073273350466179f,-1.3219553281098253f,0.347653693598562f,1.3114805787657413f,-1.851162903230898f,-1.1600053120397584f,0.04051736255437814f,-1.876063039584955f,-1.3215121294508008f,1.1009155185873745f,0f,0f,0f,1f],start_interpolation:0}
execute if entity @s[tag=aj.mech_torso.bone.blaster_right] run data modify entity @s {} merge value {transformation:[-0.9883035669242272f,0.07297835740547381f,-0.13390376751700664f,-1.4280541471775285f,0.15147412564843638f,0.5714174123023545f,-0.8065591919857604f,-0.12400161280979638f,0.017653579350697026f,-0.8174082824807196f,-0.5757881996602819f,0.4984543616071286f,0f,0f,0f,1f],start_interpolation:0}
execute if entity @s[tag=aj.mech_torso.bone.rocket_right] run data modify entity @s {} merge value {transformation:[-2.277343379538815f,0.1681636944852952f,-0.30855383776383727f,-0.9984356298816373f,0.3490411334752827f,1.3167145241718425f,-1.8585506493631578f,0.049760780297593565f,0.040679061985572466f,-1.8835501588656942f,-1.3267861094479392f,0.04659169127678042f,0f,0f,0f,1f],start_interpolation:0}
execute if entity @s[tag=aj.mech_torso.bone.sword_right] run data modify entity @s {} merge value {transformation:[-2.632888470291876f,0.19441787141545686f,-0.35672610868073573f,-1.0356820593744513f,0.4035343919768409f,1.5222836048817339f,-2.148712671144345f,0.6864507486123701f,0.047029988646592163f,-2.177615172595624f,-1.5339275936579748f,1.349283012996792f,0f,0f,0f,1f],start_interpolation:0}
execute if entity @s[tag=aj.mech_torso.bone.right_hand] run data modify entity @s {} merge value {transformation:[-0.9883035669242272f,0.07297835740547381f,-0.13390376751700664f,-1.273631714845618f,0.15147412564843638f,0.5714174123023545f,-0.8065591919857604f,-0.14766944494236456f,0.017653579350697026f,-0.8174082824807196f,-0.5757881996602819f,0.49569598983358215f,0f,0f,0f,1f],start_interpolation:0}
execute if entity @s[tag=aj.mech_torso.bone.right_arm_low] run data modify entity @s {} merge value {transformation:[-0.9883035669242272f,0.07297835740547381f,-0.13390376751700664f,-1.1430688772422863f,0.15147412564843638f,0.5714174123023545f,-0.8065591919857604f,0.38907585975740777f,0.017653579350697026f,-0.8174082824807196f,-0.5757881996602819f,-0.34080902259593976f,0f,0f,0f,1f],start_interpolation:0}
execute if entity @s[tag=aj.mech_torso.bone.right_arm] run data modify entity @s {} merge value {transformation:[-1.0937497924109019f,0.16818371319744171f,-0.014057337950609563f,-0.94121875f,0.16763553125605826f,1.09329230361455f,0.03717856979117762f,1.49571875f,0.019537113288203522f,0.034614390162749f,-1.105980164257955f,-0.30617375000000013f,0f,0f,0f,1f],start_interpolation:0}