execute if entity @s[tag=aj.mech_torso.bone.drillhead_right1] run data modify entity @s {} merge value {transformation:[-0.12078935181558523f,0.1532238210035184f,0.9807815216270404f,-1.6287573208750903f,-0.5833797797014151f,0.7884380864035938f,-0.19502157968739633f,-1.1924173005201018f,-0.8031674577094736f,-0.5957246382224936f,-0.005847246461368881f,0.6383602098010583f,0f,0f,0f,1f],start_interpolation:0}
execute if entity @s[tag=aj.mech_torso.bone.drillhead_right2] run data modify entity @s {} merge value {transformation:[-0.8598998899505561f,0.1532238210035184f,-0.48692364898421564f,-1.7816147446944948f,0.4034262223397319f,0.7884380864035938f,-0.46434111064704614f,-0.9944951114988188f,0.3127610308074123f,-0.5957246382224936f,-0.739792331011186f,0.8609932602287176f,0f,0f,0f,1f],start_interpolation:0}
execute if entity @s[tag=aj.mech_torso.bone.drillhead_right3] run data modify entity @s {} merge value {transformation:[0.9523480574424412f,0.1532238210035184f,-0.26373402920876715f,-1.4094451716280845f,0.04307333059732307f,0.7884380864035938f,0.6136041656471156f,-1.0684194792089161f,0.30195672815299673f,-0.5957246382224936f,0.7442676197026286f,0.8588789562556276f,0f,0f,0f,1f],start_interpolation:0}
execute if entity @s[tag=aj.mech_torso.bone.drill_right] run data modify entity @s {} merge value {transformation:[-0.18466341533132236f,0.2342494075125427f,1.4994241028299948f,-1.5247043509631655f,-0.8918741671813301f,1.2053684172001156f,-0.2981500473929815f,-0.6645026271116848f,-1.2278867598366392f,-0.9107470537563386f,-0.008939302062725744f,0.496259411805855f,0f,0f,0f,1f],start_interpolation:0}
execute if entity @s[tag=aj.mech_torso.bone.barrel_right] run data modify entity @s {} merge value {transformation:[-2.251026814957412f,0.3516694821054277f,-0.2772279696370559f,-1.6264070857309072f,0.4476010158138152f,1.8095725044696511f,-1.3389358368348239f,-1.4974429609897815f,0.013420224879818842f,-1.3672689639839815f,-1.8433784123562478f,0.42850132028343874f,0f,0f,0f,1f],start_interpolation:0}
execute if entity @s[tag=aj.mech_torso.bone.blaster_right] run data modify entity @s {} merge value {transformation:[-0.9807815216270404f,0.1532238210035184f,-0.120789351815585f,-1.157792349722386f,0.1950215796873962f,0.7884380864035938f,-0.5833797797014151f,-0.4206934589878475f,0.005847246461368702f,-0.5957246382224936f,-0.8031674577094736f,0.16671742270768236f,0f,0f,0f,1f],start_interpolation:0}
execute if entity @s[tag=aj.mech_torso.bone.rocket_right] run data modify entity @s {} merge value {transformation:[-2.2600103650365484f,0.35307294846256115f,-0.27833434977079f,-1.180678041361636f,0.4493873322247602f,1.8167942688252385f,-1.3442793525419805f,-0.04465237892169566f,0.013473783221052287f,-1.3727255534515002f,-1.850735091615759f,-0.1807946831546532f,0f,0f,0f,1f],start_interpolation:0}
execute if entity @s[tag=aj.mech_torso.bone.sword_right] run data modify entity @s {} merge value {transformation:[-2.612849378054648f,0.4081956649713882f,-0.3217886713887229f,-1.2897265424597353f,0.5195469143302417f,2.100437170020017f,-1.5541519298139221f,0.16522028591953541f,0.015577347189998524f,-1.587039229582237f,-2.1396769270984937f,1.2502287201857545f,0f,0f,0f,1f],start_interpolation:0}
execute if entity @s[tag=aj.mech_torso.bone.right_hand] run data modify entity @s {} merge value {transformation:[-0.9807815216270404f,0.1532238210035184f,-0.120789351815585f,-1.4949359977816812f,0.1950215796873962f,0.7884380864035938f,-0.5833797797014151f,-0.35365479097030506f,0.005847246461368702f,-0.5957246382224936f,-0.8031674577094736f,0.16872741367877786f,0f,0f,0f,1f],start_interpolation:0}
execute if entity @s[tag=aj.mech_torso.bone.right_arm_low] run data modify entity @s {} merge value {transformation:[-0.9807815216270404f,0.1532238210035184f,-0.120789351815585f,-1.28418799892071f,0.1950215796873962f,0.7884380864035938f,-0.5833797797014151f,0.40436382858715736f,0.005847246461368702f,-0.5957246382224936f,-0.8031674577094736f,-0.45246166050097225f,0f,0f,0f,1f],start_interpolation:0}
execute if entity @s[tag=aj.mech_torso.bone.right_arm] run data modify entity @s {} merge value {transformation:[-1.0854251887591029f,0.21098615342940788f,0.0459236453513479f,-1.0390625f,0.21582924461415987f,1.053061894113291f,0.26315463680094403f,1.46875f,0.006471113549859052f,0.26705330696626467f,-1.0739704998098574f,-0.1811737500000001f,0f,0f,0f,1f],start_interpolation:0}