execute if entity @s[tag=aj.mech_torso.bone.drillhead_right1] run data modify entity @s {} merge value {transformation:[-0.09406168963131277f,-0.019092142173308922f,0.9953832873074255f,-1.0541588489925995f,-0.9822102017519422f,0.16500193018062997f,-0.08965200840514014f,-0.061364948920030804f,-0.16252851478467215f,-0.9861084388361661f,-0.03427285716114048f,2.035757222903417f,0f,0f,0f,1f],start_interpolation:0}
execute if entity @s[tag=aj.mech_torso.bone.drillhead_right2] run data modify entity @s {} merge value {transformation:[-0.8836183959049617f,-0.019092142173308922f,-0.46781836274945093f,-1.2171597957209692f,0.4587032269244794f,0.16500193018062997f,-0.8731355637274982f,0.22655808873726968f,0.09386096114685916f,-0.9861084388361661f,-0.13704111364363297f,2.0870902124740054f,0f,0f,0f,1f],start_interpolation:0}
execute if entity @s[tag=aj.mech_torso.bone.drillhead_right3] run data modify entity @s {} merge value {transformation:[0.9556100963893028f,-0.019092142173308922f,-0.29401502306185295f,-0.839453112019842f,0.29304791569640176f,0.16500193018062997f,0.941752240317304f,0.19266765766919858f,0.03053297864313801f,-0.9861084388361661f,0.16327242287440036f,2.0741066340543473f,0f,0f,0f,1f],start_interpolation:0}
execute if entity @s[tag=aj.mech_torso.bone.drill_right] run data modify entity @s {} merge value {transformation:[-0.1438020206091698f,-0.029188170370324788f,1.5217473612950652f,-1.0480591279460674f,-1.5016082767436287f,0.25225584462060224f,-0.13706047606482377f,0.22626421410413644f,-0.2484744737655952f,-1.507567922713441f,-0.052396529672594526f,1.3977896425745235f,0f,0f,0f,1f],start_interpolation:0}
execute if entity @s[tag=aj.mech_torso.bone.barrel_right] run data modify entity @s {} merge value {transformation:[-2.2845398506004013f,-0.04381905963705585f,-0.21588435441670392f,-1.0817207587712252f,0.20576353702093783f,0.3787018425267287f,-2.2543058299064453f,-0.4206666330744687f,0.07866086258124838f,-2.2632528135252765f,-0.3730250182207475f,2.092907498956162f,0f,0f,0f,1f],start_interpolation:0}
execute if entity @s[tag=aj.mech_torso.bone.blaster_right] run data modify entity @s {} merge value {transformation:[-0.9953832873074255f,-0.019092142173308922f,-0.09406168963131255f,-1.307635475077439f,0.08965200840513991f,0.16500193018062997f,-0.9822102017519422f,0.24556773743945973f,0.034272857161140445f,-0.9861084388361661f,-0.16252851478467215f,1.1168878401388325f,0f,0f,0f,1f],start_interpolation:0}
execute if entity @s[tag=aj.mech_torso.bone.rocket_right] run data modify entity @s {} merge value {transformation:[-2.2936571467691005f,-0.04399393570430412f,-0.21674592030135603f,-0.9186859412974088f,0.2065847120629254f,0.380213191456379f,-2.2633024661002423f,0.23025943650569022f,0.07897478767248728f,-2.2722851559464994f,-0.3745137116959606f,0.5997522403249942f,0f,0f,0f,1f],start_interpolation:0}
execute if entity @s[tag=aj.mech_torso.bone.sword_right] run data modify entity @s {} merge value {transformation:[-2.6517491875792016f,-0.05086238953656668f,-0.2505848874928155f,-0.9423913535693127f,0.238837283571699f,0.4395731170944904f,-2.616655450960259f,1.3643747319399673f,0.0913045479987076f,-2.6270405429674235f,-0.4329838189312479f,1.5036253741431789f,0f,0f,0f,1f],start_interpolation:0}
execute if entity @s[tag=aj.mech_torso.bone.right_hand] run data modify entity @s {} merge value {transformation:[-0.9953832873074255f,-0.019092142173308922f,-0.09406168963131255f,-1.1521068364356537f,0.08965200840513991f,0.16500193018062997f,-0.9822102017519422f,0.2315596111261566f,0.034272857161140445f,-0.9861084388361661f,-0.16252851478467215f,1.1115327062074043f,0f,0f,0f,1f],start_interpolation:0}
execute if entity @s[tag=aj.mech_torso.bone.right_arm_low] run data modify entity @s {} merge value {transformation:[-0.9953832873074255f,-0.019092142173308922f,-0.09406168963131255f,-1.111926950953227f,0.08965200840513991f,0.16500193018062997f,-0.9822102017519422f,0.36026422197671715f,0.034272857161140445f,-0.9861084388361661f,-0.16252851478467215f,0.11820319771164592f,0f,0f,0f,1f],start_interpolation:0}
execute if entity @s[tag=aj.mech_torso.bone.right_arm] run data modify entity @s {} merge value {transformation:[-1.1015848776606187f,0.0856949919661065f,-0.0627622832232613f,-0.99370875f,0.09921735473191932f,1.063632601501327f,-0.28916013569914395f,1.43868875f,0.037929571095234024f,-0.29345193117353274f,-1.0664048435097637f,-0.1811737500000001f,0f,0f,0f,1f],start_interpolation:0}