execute if entity @s[tag=aj.mech_torso.bone.drillhead_right1] run data modify entity @s {} merge value {transformation:[-0.12815267752019868f,0.040770153852574875f,0.9909160841359077f,-1.2525396347435678f,-0.8795759980048363f,0.456919922309873f,-0.13255281336182836f,-0.6005897408602812f,-0.45817349877333585f,-0.8885730015880389f,-0.022695062692642123f,1.586625422467784f,0f,0f,0f,1f],start_interpolation:0}
execute if entity @s[tag=aj.mech_torso.bone.drillhead_right2] run data modify entity @s {} merge value {transformation:[-0.8664451820691913f,0.040770153852574875f,-0.49760480406033414f,-1.405289914883682f,0.45906199318422203f,0.456919922309873f,-0.7618964962579031f,-0.33283097776772025f,0.19630291104009498f,-0.8885730015880389f,-0.414612093366809f,1.7173031052244996f,0f,0f,0f,1f],start_interpolation:0}
execute if entity @s[tag=aj.mech_torso.bone.drillhead_right3] run data modify entity @s {} merge value {transformation:[0.9645289950696035f,0.040770153852574875f,-0.26080953246547245f,-1.0292738628455498f,0.2141363307006583f,0.456919922309873f,0.8633480274318104f,-0.38301330084507534f,0.15436790321850988f,-0.8885730015880389f,0.43198214234473137f,1.7087511113471021f,0f,0f,0f,1f],start_interpolation:0}
execute if entity @s[tag=aj.mech_torso.bone.drill_right] run data modify entity @s {} merge value {transformation:[-0.19592050755321633f,0.06232963204814984f,1.514917876889098f,-1.205086294359861f,-1.344700550119783f,0.6985416522102463f,-0.2026474590619689f,-0.1828775453568156f,-0.7004581266977942f,-1.3584552179315525f,-0.034696334776100866f,1.2219635764345258f,0f,0f,0f,1f],start_interpolation:0}
execute if entity @s[tag=aj.mech_torso.bone.barrel_right] run data modify entity @s {} merge value {transformation:[-2.27428701252667f,0.09357304103755766f,-0.29412780231421864f,-1.2391548425653216f,0.30422671175587734f,1.0486932866572725f,-2.0187463911608288f,-0.9660629805782263f,0.052088251625629196f,-2.0393957364772652f,-1.0515704149183893f,1.5288578792607184f,0f,0f,0f,1f],start_interpolation:0}
execute if entity @s[tag=aj.mech_torso.bone.blaster_right] run data modify entity @s {} merge value {transformation:[-0.9909160841359077f,0.040770153852574875f,-0.12815267752019846f,-0.885580259337917f,0.13255281336182817f,0.456919922309873f,-0.8795759980048363f,-0.09002602975505672f,0.022695062692642022f,-0.8885730015880389f,-0.45817349877333585f,0.7838314738335592f,0f,0f,0f,1f],start_interpolation:0}
execute if entity @s[tag=aj.mech_torso.bone.rocket_right] run data modify entity @s {} merge value {transformation:[-2.283363390975653f,0.09394647865928313f,-0.2953016274433547f,-0.9661031076443833f,0.30544084029593277f,1.0528784827623299f,-2.0268029408125536f,0.09588725777724894f,0.052296128943617674f,-2.0475346949330606f,-1.0557670932615284f,0.31303679149364144f,0f,0f,0f,1f],start_interpolation:0}
execute if entity @s[tag=aj.mech_torso.bone.sword_right] run data modify entity @s {} merge value {transformation:[-2.6398483424154584f,0.10861366042069569f,-0.3414049269598889f,-0.9883301713509376f,0.35312710151522275f,1.2172567574964135f,-2.3432329715247877f,0.9020964947920074f,0.060460743941228495f,-2.3672014239256125f,-1.2205963457846076f,1.5185651883961493f,0f,0f,0f,1f],start_interpolation:0}
execute if entity @s[tag=aj.mech_torso.bone.right_hand] run data modify entity @s {} merge value {transformation:[-0.9909160841359077f,0.040770153852574875f,-0.12815267752019846f,-1.2262076632596353f,0.13255281336182817f,0.456919922309873f,-0.8795759980048363f,-0.04446100016192828f,0.022695062692642022f,-0.8885730015880389f,-0.45817349877333585f,0.7916329016341549f,0f,0f,0f,1f],start_interpolation:0}
execute if entity @s[tag=aj.mech_torso.bone.right_arm_low] run data modify entity @s {} merge value {transformation:[-0.9909160841359077f,0.040770153852574875f,-0.12815267752019846f,-1.1275100253210724f,0.13255281336182817f,0.456919922309873f,-0.8795759980048363f,0.3766876213751793f,0.022695062692642022f,-0.8885730015880389f,-0.45817349877333585f,-0.11267646320884088f,0f,0f,0f,1f],start_interpolation:0}
execute if entity @s[tag=aj.mech_torso.bone.right_arm] run data modify entity @s {} merge value {transformation:[-1.096641049969385f,0.14496601418027244f,-0.03369333448558808f,-0.94918f,0.14669542532279065f,1.0951301019569344f,-0.06278925474305323f,1.4857900000000002f,0.02511649349408122f,-0.0666850287134041f,-1.1043976852719686f,-0.1811737500000001f,0f,0f,0f,1f],start_interpolation:0}