execute if entity @s[tag=aj.mech_torso.bone.drillhead_right1] run data modify entity @s {} merge value {transformation:[-0.10232437604331929f,0.18842296197345643f,0.976742806202582f,-1.6156639026070994f,-0.4638551824765143f,0.8595726766096271f,-0.21441358006395284f,-1.32775849151342f,-0.8799818701297346f,-0.4750069483989796f,-0.0005542703890029777f,0.2910131015910988f,0f,0f,0f,1f],start_interpolation:0}
execute if entity @s[tag=aj.mech_torso.bone.drillhead_right2] run data modify entity @s {} merge value {transformation:[-0.8632348437393303f,0.18842296197345643f,-0.46831868631892476f,-1.7728475545300144f,0.3756020114640037f,0.8595726766096271f,-0.3464937843747792f,-1.1591216041298784f,0.33726656154817447f,-0.4750069483989796f,-0.8127851286989453f,0.533827763109247f,0f,0f,0f,1f],start_interpolation:0}
execute if entity @s[tag=aj.mech_torso.bone.drillhead_right3] run data modify entity @s {} merge value {transformation:[0.9415505306170776f,0.18842296197345643f,-0.2792478929121029f,-1.4022128573330823f,-0.02058262476310857f,0.8595726766096271f,0.5105988339039002f,-1.2404197318604981f,0.3362424034124206f,-0.4750069483989796f,0.8132093488887892f,0.5337318449317706f,0f,0f,0f,1f],start_interpolation:0}
execute if entity @s[tag=aj.mech_torso.bone.drill_right] run data modify entity @s {} merge value {transformation:[-0.15643406035206342f,0.2880620448893976f,1.4932496928127077f,-1.4677487450359066f,-0.7091443155190001f,1.3141193640194628f,-0.3277966426086631f,-0.6635484053089246f,-1.3453210496228014f,-0.7261931956666638f,-0.0008473715730056927f,0.1275614478385689f,0f,0f,0f,1f],start_interpolation:0}
execute if entity @s[tag=aj.mech_torso.bone.barrel_right] run data modify entity @s {} merge value {transformation:[-2.2417574144661017f,0.43245629184808393f,-0.23484834208049649f,-1.670027241800409f,0.49210829075806356f,1.9728360514410006f,-1.0646106507792203f,-1.5879061578751938f,0.0012721258311558918f,-1.090205468352816f,-2.019677922818434f,0.04103043779610275f,0f,0f,0f,1f],start_interpolation:0}
execute if entity @s[tag=aj.mech_torso.bone.blaster_right] run data modify entity @s {} merge value {transformation:[-0.976742806202582f,0.18842296197345643f,-0.10232437604331907f,-1.6639073257328834f,0.21441358006395272f,0.8595726766096271f,-0.46385518247651436f,-0.38845066180200233f,0.0005542703890027823f,-0.4750069483989796f,-0.8799818701297346f,-0.05271991933838307f,0f,0f,0f,1f],start_interpolation:0}
execute if entity @s[tag=aj.mech_torso.bone.rocket_right] run data modify entity @s {} merge value {transformation:[-2.250703971594748f,0.4341821676701933f,-0.2357855907298966f,-1.1792893532290638f,0.49407222981245763f,1.9807093790034627f,-1.0688593709777123f,-0.07476078930295171f,0.0012772027169731617f,-1.0945563340805886f,-2.0277381900897096f,-0.3454474327665137f,0f,0f,0f,1f],start_interpolation:0}
execute if entity @s[tag=aj.mech_torso.bone.sword_right] run data modify entity @s {} merge value {transformation:[-2.602090044959312f,0.5019678778071167f,-0.27259708345757744f,-1.3357179019957919f,0.5712081406134065f,2.2899431565007498f,-1.2357326257845873f,-0.0623533428003884f,0.0014766031060388805f,-1.2654414692040543f,-2.3443142344826695f,1.0964756776486313f,0f,0f,0f,1f],start_interpolation:0}
execute if entity @s[tag=aj.mech_torso.bone.right_hand] run data modify entity @s {} merge value {transformation:[-0.976742806202582f,0.18842296197345643f,-0.10232437604331907f,-1.51129126226373f,0.21441358006395272f,0.8595726766096271f,-0.46385518247651436f,-0.42195278368699496f,0.0005542703890027823f,-0.4750069483989796f,-0.8799818701297346f,-0.05280652408666475f,0f,0f,0f,1f],start_interpolation:0}
execute if entity @s[tag=aj.mech_torso.bone.right_arm_low] run data modify entity @s {} merge value {transformation:[-0.976742806202582f,0.18842296197345643f,-0.10232437604331907f,-1.265019511653966f,0.21441358006395272f,0.8595726766096271f,-0.46385518247651436f,0.409723569716244f,0.0005542703890027823f,-0.4750069483989796f,-0.8799818701297346f,-0.5553475478265113f,0f,0f,0f,1f],start_interpolation:0}
execute if entity @s[tag=aj.mech_torso.bone.right_arm] run data modify entity @s {} merge value {transformation:[-1.080955565958028f,0.22397896191438915f,0.07836113563584707f,-1.0068125f,0.2372902583108928f,1.0193655247968045f,0.3596654538602687f,1.4392500000000001f,0.0006134078062654434f,0.3681023363271631f,-1.0436820743192705f,-0.1811737500000001f,0f,0f,0f,1f],start_interpolation:0}