execute if entity @s[tag=aj.mech_torso.bone.drillhead_right1] run data modify entity @s {} merge value {transformation:[-0.10005152467016787f,-0.012469891804158556f,0.9949041130729973f,-1.0626647649885852f,-0.9739534331852392f,0.20571824081300322f,-0.09536621720236692f,-0.13838056124390047f,-0.2034807175087128f,-0.9785318120506843f,-0.03272751757991441f,1.8617429731227895f,0f,0f,0f,1f],start_interpolation:0}
execute if entity @s[tag=aj.mech_torso.bone.drillhead_right2] run data modify entity @s {} merge value {transformation:[-0.880883486005297f,-0.012469891804158556f,-0.47316887670423624f,-1.2239226869312845f,0.4608227389413831f,0.20571824081300322f,-0.8633205712082652f,0.1483498362788467f,0.10810498303833169f,-0.9785318120506843f,-0.17546739140674034f,1.9240777291869307f,0f,0f,0f,1f],start_interpolation:0}
execute if entity @s[tag=aj.mech_torso.bone.drillhead_right3] run data modify entity @s {} merge value {transformation:[0.9574596077535775f,-0.012469891804158556f,-0.2882977650256039f,-0.8463970454179526f,0.28460894660879793f,0.20571824081300322f,0.9363107138696181f,0.11229009673103724f,0.0476324157543592f,-0.9785318120506843f,0.20051594892728125f,1.9116858478626992f,0f,0f,0f,1f],start_interpolation:0}
execute if entity @s[tag=aj.mech_torso.bone.drill_right] run data modify entity @s {} merge value {transformation:[-0.15295931286151127f,-0.019064038135444872f,1.5210147971299441f,-1.0510119001461349f,-1.4889852842346902f,0.31450316086205704f,-0.14579638942598838f,0.17529753941611376f,-0.31108242311454f,-1.4959847346437347f,-0.05003400615022671f,1.2362506586401727f,0f,0f,0f,1f],start_interpolation:0}
execute if entity @s[tag=aj.mech_torso.bone.barrel_right] run data modify entity @s {} merge value {transformation:[-2.2834400806445543f,-0.02862009551751395f,-0.22963183945013577f,-1.0930641131804189f,0.21887842239060154f,0.47215130606021943f,-2.235355424501465f,-0.49952682906216495f,0.07511409833370807f,-2.245863425894124f,-0.4670158861466241f,1.903847201297826f,0f,0f,0f,1f],start_interpolation:0}
execute if entity @s[tag=aj.mech_torso.bone.blaster_right] run data modify entity @s {} merge value {transformation:[-0.9949041130729973f,-0.012469891804158556f,-0.10005152467016765f,-1.308886094719616f,0.0953662172023667f,0.20571824081300322f,-0.9739534331852392f,0.208064247777061f,0.032727517579914364f,-0.9785318120506843f,-0.2034807175087128f,0.9550290890351532f,0f,0f,0f,1f],start_interpolation:0}
execute if entity @s[tag=aj.mech_torso.bone.rocket_right] run data modify entity @s {} merge value {transformation:[-2.2925529877769226f,-0.028734314530651794f,-0.23054826972797923f,-0.9171944649776755f,0.2197519372042514f,0.4740355994301329f,-2.244276432135511f,0.2113087528710237f,0.07541386875827442f,-2.25482636957092f,-0.46887968473537167f,0.4397500841486762f,0f,0f,0f,1f],start_interpolation:0}
execute if entity @s[tag=aj.mech_torso.bone.sword_right] run data modify entity @s {} merge value {transformation:[-2.650472644258597f,-0.0332203944777156f,-0.266542097545019f,-0.937946406994836f,0.2540602119942697f,0.5480433365741466f,-2.594659020421415f,1.3072713841404962f,0.08718768866290824f,-2.6068560430072725f,-0.5420824663445573f,1.389592892044107f,0f,0f,0f,1f],start_interpolation:0}
execute if entity @s[tag=aj.mech_torso.bone.right_hand] run data modify entity @s {} merge value {transformation:[-0.9949041130729973f,-0.012469891804158556f,-0.10005152467016765f,-1.1534323270519602f,0.0953662172023667f,0.20571824081300322f,-0.9739534331852392f,0.1931632763391912f,0.032727517579914364f,-0.9785318120506843f,-0.2034807175087128f,0.9499154144132915f,0f,0f,0f,1f],start_interpolation:0}
execute if entity @s[tag=aj.mech_torso.bone.right_arm_low] run data modify entity @s {} merge value {transformation:[-0.9949041130729973f,-0.012469891804158556f,-0.10005152467016765f,-1.1068473219349992f,0.0953662172023667f,0.20571824081300322f,-0.9739534331852392f,0.36248508379000777f,0.032727517579914364f,-0.9785318120506843f,-0.2034807175087128f,-0.03702063990828469f,0f,0f,0f,1f],start_interpolation:0}
execute if entity @s[tag=aj.mech_torso.bone.right_arm] run data modify entity @s {} merge value {transformation:[-1.1010545783305599f,0.0939537293297459f,-0.06019543850138185f,-0.98024875f,0.10554123627492555f,1.0706873658236404f,-0.25934839626499007f,1.4479025f,0.036219352795172015f,-0.2637673974256387f,-1.0741912758314656f,-0.30617375000000013f,0f,0f,0f,1f],start_interpolation:0}