execute if entity @s[tag=aj.mech_torso.bone.drillhead_right1] run data modify entity @s {} merge value {transformation:[-0.13071087970590356f,0.05044212807856971f,0.9901364843502203f,-1.3881165191570464f,-0.8587788779756306f,0.4932714549014414f,-0.13849949646959892f,-0.6621571125817582f,-0.49539227352616827f,-0.8684116900953835f,-0.02115731164996118f,1.5116713674632392f,0f,0f,0f,1f],start_interpolation:0}
execute if entity @s[tag=aj.mech_torso.bone.drillhead_right2] run data modify entity @s {} merge value {transformation:[-0.8647459441905351f,0.05044212807856971f,-0.4996699347778746f,-1.5400132326371232f,0.4565972987177366f,0.4932714549014414f,-0.7404067656248703f,-0.3990056390548588f,0.20912522279650123f,-0.8684116900953835f,-0.44958622943323484f,1.6523225334057199f,0f,0f,0f,1f],start_interpolation:0}
execute if entity @s[tag=aj.mech_torso.bone.drillhead_right3] run data modify entity @s {} merge value {transformation:[0.9647877203771661f,0.05044212807856971f,-0.2581477219042161f,-1.1642926642478866f,0.20068359861497329f,0.4932714549014414f,0.8464096910045158f,-0.4514471123629995f,0.17003160840377776f,-0.8684116900953835f,0.465779334716885f,1.6443588718356192f,0f,0f,0f,1f],start_interpolation:0}
execute if entity @s[tag=aj.mech_torso.bone.drill_right] run data modify entity @s {} merge value {transformation:[-0.19983150091165044f,0.07711619863471113f,1.513726020513907f,-1.335136366771082f,-1.3129058003680665f,0.754116072140371f,-0.2117387804083287f,-0.22994992451989726f,-0.757358391141621f,-1.3276324957144772f,-0.03234541265256542f,1.1651116903813543f,0f,0f,0f,1f],start_interpolation:0}
execute if entity @s[tag=aj.mech_torso.bone.barrel_right] run data modify entity @s {} merge value {transformation:[-2.27249772512288f,0.11577153566271484f,-0.2999992238195416f,-1.3767799365127749f,0.3178751572459996f,1.1321249917047655f,-1.9710141757516642f,-1.0249894853152761f,0.048558904104826446f,-1.9931227880234768f,-1.136992558526377f,1.438794197853814f,0f,0f,0f,1f],start_interpolation:0}
execute if entity @s[tag=aj.mech_torso.bone.blaster_right] run data modify entity @s {} merge value {transformation:[-0.9901364843502203f,0.05044212807856971f,-0.13071087970590334f,-1.01177342267266f,0.13849949646959872f,0.4932714549014414f,-0.8587788779756306f,-0.12117444922558449f,0.02115731164996107f,-0.8684116900953835f,-0.49539227352616827f,0.7335221260345913f,0f,0f,0f,1f],start_interpolation:0}
execute if entity @s[tag=aj.mech_torso.bone.rocket_right] run data modify entity @s {} merge value {transformation:[-2.2815669627626596f,0.11623356453836116f,-0.3011964810147811f,-1.0875470840228272f,0.31914375492553754f,1.1366431527018899f,-1.9788802324493882f,0.08477192614568421f,0.04875269626399356f,-2.001077077266546f,-1.1415301453384292f,0.2703377618586979f,0f,0f,0f,1f],start_interpolation:0}
execute if entity @s[tag=aj.mech_torso.bone.sword_right] run data modify entity @s {} merge value {transformation:[-2.637771450905731f,0.13438026723750018f,-0.3482201012290456f,-1.1132390322658858f,0.3689693527373404f,1.3140989973110937f,-2.287828438572849f,0.8401529875412693f,0.056364100838892706f,-2.31349071564579f,-1.3197489606335995f,1.5082818106054985f,0f,0f,0f,1f],start_interpolation:0}
execute if entity @s[tag=aj.mech_torso.bone.right_hand] run data modify entity @s {} merge value {transformation:[-0.9901364843502203f,0.05044212807856971f,-0.13071087970590334f,-1.3521328391680483f,0.13849949646959872f,0.4932714549014414f,-0.8587788779756306f,-0.07356524731415992f,0.02115731164996107f,-0.8684116900953835f,-0.49539227352616827f,0.7407949519142655f,0f,0f,0f,1f],start_interpolation:0}
execute if entity @s[tag=aj.mech_torso.bone.right_arm_low] run data modify entity @s {} merge value {transformation:[-0.9901364843502203f,0.05044212807856971f,-0.13071087970590334f,-1.2438918958083993f,0.13849949646959872f,0.4932714549014414f,-0.8587788779756306f,0.3842131491211931f,0.02115731164996107f,-0.8684116900953835f,-0.49539227352616827f,-0.14442007870693338f,0f,0f,0f,1f],start_interpolation:0}
execute if entity @s[tag=aj.mech_torso.bone.right_arm] run data modify entity @s {} merge value {transformation:[-1.0957782714342301f,0.1524878287906164f,-0.028096627152777647f,-1.05794f,0.1532765848291755f,1.0955632434623916f,-0.031928774660121124f,1.49357f,0.023414673385360626f,-0.035505213404736495f,-1.1058766257704198f,-0.1811737500000001f,0f,0f,0f,1f],start_interpolation:0}