execute if entity @s[tag=aj.mech_torso.bone.drillhead_right1] run data modify entity @s {} merge value {transformation:[-0.10715031122657442f,-0.0034111022256987644f,0.9942369814011417f,-1.1338902595811198f,-0.9610166361469589f,0.2567136951577197f,-0.1026893556667547f,-0.2415328850778602f,-0.2548839654682735f,-0.9664814758183807f,-0.030785078318768026f,1.9195501530649373f,0f,0f,0f,1f],start_interpolation:0}
execute if entity @s[tag=aj.mech_torso.bone.drillhead_right2] run data modify entity @s {} merge value {transformation:[-0.8775505487031466f,-0.0034111022256987644f,-0.4794720000713414f,-1.2930636165425629f,0.46263773878795744f,0.2567136951577197f,-0.8485660854451086f,0.04301947291753603f,0.1259815745256907f,-0.9664814758183807f,-0.22370113942479727f,1.9956938202953198f,0f,0f,0f,1f],start_interpolation:0}
execute if entity @s[tag=aj.mech_torso.bone.drillhead_right3] run data modify entity @s {} merge value {transformation:[0.9595598464614928f,-0.0034111022256987644f,-0.2814840411824484f,-0.9157901927981202f,0.2728925509733843f,0.2567136951577197f,0.927161115632935f,0.004179314157568892f,0.06909816699475718f,-0.9664814758183807f,0.2472630182981058f,1.9840456726868179f,0f,0f,0f,1f],start_interpolation:0}
execute if entity @s[tag=aj.mech_torso.bone.drill_right] run data modify entity @s {} merge value {transformation:[-0.16381197620070612f,-0.0052149115594519934f,1.5199948826163814f,-1.1148375188486506f,-1.46920743884825f,0.3924652876896373f,-0.15699204317734444f,0.10430441317728906f,-0.38966798702937616f,-1.4775621153391345f,-0.04706439448624012f,1.3114350884795487f,0f,0f,0f,1f],start_interpolation:0}
execute if entity @s[tag=aj.mech_torso.bone.barrel_right] run data modify entity @s {} merge value {transformation:[-2.2819089228389275f,-0.007828942949364323f,-0.24592451884892944f,-1.1677919939885644f,0.23568601989267965f,0.5891928006638923f,-2.2056637180503476f,-0.6040912715761103f,0.07065593638137747f,-2.2182062674036493f,-0.5849933224883306f,1.9424761632655403f,0f,0f,0f,1f],start_interpolation:0}
execute if entity @s[tag=aj.mech_torso.bone.blaster_right] run data modify entity @s {} merge value {transformation:[-0.9942369814011417f,-0.0034111022256987644f,-0.1071503112265742f,-1.3703244039425446f,0.1026893556667545f,0.2567136951577197f,-0.9610166361469589f,0.15410751392085534f,0.03078507831876797f,-0.9664814758183807f,-0.2548839654682735f,1.0305357625348441f,0f,0f,0f,1f],start_interpolation:0}
execute if entity @s[tag=aj.mech_torso.bone.rocket_right] run data modify entity @s {} merge value {transformation:[-2.291015719323153f,-0.007860187224459128f,-0.24690597105380183f,-0.9748180758128411f,0.23662661160335557f,0.5915441911474973f,-2.214466230013855f,0.18068327100091122f,0.07093791487166141f,-2.2270588350215306f,-0.5873279534103676f,0.5188583387168872f,0f,0f,0f,1f],start_interpolation:0}
execute if entity @s[tag=aj.mech_torso.bone.sword_right] run data modify entity @s {} merge value {transformation:[-2.648695373240076f,-0.009087341199202417f,-0.285453608039303f,-0.9929061095633493f,0.27356940681509123f,0.6838976917287646f,-2.5601947678329124f,1.2256205054043066f,0.08201293658664996f,-2.5747533648514978f,-0.679023203399145f,1.5246143186343266f,0f,0f,0f,1f],start_interpolation:0}
execute if entity @s[tag=aj.mech_torso.bone.right_hand] run data modify entity @s {} merge value {transformation:[-0.9942369814011417f,-0.0034111022256987644f,-0.1071503112265742f,-1.2149748755986163f,0.1026893556667545f,0.2567136951577197f,-0.9610166361469589f,0.13806230209792494f,0.03078507831876797f,-0.9664814758183807f,-0.2548839654682735f,1.0257255940475367f,0f,0f,0f,1f],start_interpolation:0}
execute if entity @s[tag=aj.mech_torso.bone.right_arm_low] run data modify entity @s {} merge value {transformation:[-0.9942369814011417f,-0.0034111022256987644f,-0.1071503112265742f,-1.159594613712574f,0.1026893556667545f,0.2567136951577197f,-0.9610166361469589f,0.35832614264688f,0.03078507831876797f,-0.9664814758183807f,-0.2548839654682735f,0.049354926913349445f,0f,0f,0f,1f],start_interpolation:0}
execute if entity @s[tag=aj.mech_torso.bone.right_arm] run data modify entity @s {} merge value {transformation:[-1.1003162676009188f,0.10438618074491968f,-0.056388075479664485f,-1.022411875f,0.11364571089515582f,1.0783671856091608f,-0.22131616283168407f,1.4513215625f,0.03406966659575699f,-0.2258311688073522f,-1.0828718851033057f,-0.1811737500000001f,0f,0f,0f,1f],start_interpolation:0}