execute if entity @s[tag=aj.mech_torso.bone.drillhead_right1] run data modify entity @s {} merge value {transformation:[-0.12263245086380137f,0.024595259870456937f,0.9921473455021901f,-1.2419715064240202f,-0.9123229956729579f,0.3907329276303143f,-0.12245215731771965f,-0.4867445564221892f,-0.3906763795796431f,-0.9201754465629629f,-0.025477715384123627f,1.5843627834718526f,0f,0f,0f,1f],start_interpolation:0}
execute if entity @s[tag=aj.mech_torso.bone.drillhead_right2] run data modify entity @s {} merge value {transformation:[-0.8696952185289748f,0.024595259870456937f,-0.4929759629634529f,-1.3964780494307465f,0.46226193726742193f,0.3907329276303143f,-0.7960161308787742f,-0.21187109534536586f,0.17304371766004426f,-0.9201754465629629f,-0.35118801135722544f,1.696952164099712f,0f,0f,0f,1f],start_interpolation:0}
execute if entity @s[tag=aj.mech_torso.bone.drillhead_right3] run data modify entity @s {} merge value {transformation:[0.9635540329607803f,0.024595259870456937f,-0.26638074021392866f,-1.0199955175138737f,0.23599985355203515f,0.3907329276303143f,0.8897369546044841f,-0.2582165052545471f,0.12596703810296475f,-0.9201754465629629f,0.37068781050126f,1.6873355284679845f,0f,0f,0f,1f],start_interpolation:0}
execute if entity @s[tag=aj.mech_torso.bone.drill_right] run data modify entity @s {} merge value {transformation:[-0.18748115513968838f,0.03760136651427887f,1.516800235935203f,-1.2012009404588115f,-1.3947643375343781f,0.5973546162312492f,-0.1872055213898486f,-0.059028237471023634f,-0.5972681652650811f,-1.4067692069891267f,-0.03895046928353987f,1.031943660863599f,0f,0f,0f,1f],start_interpolation:0}
execute if entity @s[tag=aj.mech_torso.bone.barrel_right] run data modify entity @s {} merge value {transformation:[-2.2771129246086232f,0.05644946225883107f,-0.2814581323069993f,-1.284463230491158f,0.2810443341288684f,0.8967851434675744f,-2.093905198943017f,-0.8479279491560404f,0.058474817529569866f,-2.111927640360158f,-0.8966553580101737f,1.5549600053916715f,0f,0f,0f,1f],start_interpolation:0}
execute if entity @s[tag=aj.mech_torso.bone.blaster_right] run data modify entity @s {} merge value {transformation:[-0.9921473455021901f,0.024595259870456937f,-0.12263245086380115f,-1.448969961181813f,0.12245215731771944f,0.3907329276303143f,-0.9123229956729579f,0.036428164640985784f,0.02547771538412354f,-0.9201754465629629f,-0.3906763795796431f,0.7559782349844882f,0f,0f,0f,1f],start_interpolation:0}
execute if entity @s[tag=aj.mech_torso.bone.rocket_right] run data modify entity @s {} merge value {transformation:[-2.2862005808986963f,0.05667474459121952f,-0.2825813944600572f,-1.0412770003153073f,0.28216594486816654f,0.9003640942792817f,-2.1022616974488f,0.12502825231625955f,0.0587081827867737f,-2.120356064044239f,-0.9002337908652984f,0.26112291610447896f,0f,0f,0f,1f],start_interpolation:0}
execute if entity @s[tag=aj.mech_torso.bone.sword_right] run data modify entity @s {} merge value {transformation:[-2.6431284822062007f,0.06552296106579103f,-0.32669877633629135f,-1.0592614799949054f,0.3262184656153416f,1.0409314046319929f,-2.4304725560842178f,1.0174531048943931f,0.06787386520621536f,-2.4513918647903172f,-1.0407807578918489f,1.4043729031759051f,0f,0f,0f,1f],start_interpolation:0}
execute if entity @s[tag=aj.mech_torso.bone.right_hand] run data modify entity @s {} merge value {transformation:[-0.9921473455021901f,0.024595259870456937f,-0.12263245086380115f,-1.2939469384470959f,0.12245215731771944f,0.3907329276303143f,-0.9123229956729579f,0.017295015060092123f,0.02547771538412354f,-0.9201754465629629f,-0.3906763795796431f,0.751997341955719f,0f,0f,0f,1f],start_interpolation:0}
execute if entity @s[tag=aj.mech_torso.bone.right_arm_low] run data modify entity @s {} merge value {transformation:[-0.9921473455021901f,0.024595259870456937f,-0.12263245086380115f,-1.2111747335722458f,0.12245215731771944f,0.3907329276303143f,-0.9123229956729579f,0.37186458924326904f,0.02547771538412354f,-0.9201754465629629f,-0.3906763795796431f,-0.18197909868061546f,0f,0f,0f,1f],start_interpolation:0}
execute if entity @s[tag=aj.mech_torso.bone.right_arm] run data modify entity @s {} merge value {transformation:[-1.0980036797410917f,0.13167213955545137f,-0.04268893854313765f,-1.04632f,0.1355170881992691f,1.0921074856970123f,-0.11708260769460747f,1.4782100000000002f,0.028196038995603117f,-0.12139055104688985f,-1.0996550804845666f,-0.30617375000000013f,0f,0f,0f,1f],start_interpolation:0}