execute if entity @s[tag=aj.mech_torso.bone.drillhead_right1] run data modify entity @s {} merge value {transformation:[-0.11757719035989801f,0.01370229345126605f,0.9929692097246761f,-1.202556791233358f,-0.9325929460758293f,0.3420690706268048f,-0.11514837319788526f,-0.3985263648952373f,-0.34124185153154607f,-0.939574902854844f,-0.027440858015609467f,1.7916708039871874f,0f,0f,0f,1f],start_interpolation:0}
execute if entity @s[tag=aj.mech_torso.bone.drillhead_right2] run data modify entity @s {} merge value {transformation:[-0.8723890865037663f,0.01370229345126605f,-0.48862002507398294f,-1.3586136418986565f,0.46327109480326695f,0.3420690706268048f,-0.8175381603572378f,-0.11944861965813301f,0.1559396500858803f,-0.939574902854844f,-0.3047652005337942f,1.890998199705634f,0f,0f,0f,1f],start_interpolation:0}
execute if entity @s[tag=aj.mech_torso.bone.drillhead_right3] run data modify entity @s {} merge value {transformation:[0.9623787720533049f,0.01370229345126605f,-0.2713657057465966f,-0.981819913868418f,0.25050464440427206f,0.3420690706268048f,0.905668909730484f,-0.16302000097868116f,0.10523555593554056f,-0.939574902854844f,0.32576752399870723f,1.8806302304755276f,0f,0f,0f,1f],start_interpolation:0}
execute if entity @s[tag=aj.mech_torso.bone.drill_right] run data modify entity @s {} merge value {transformation:[-0.17975264549865988f,0.02094814044905173f,1.518056706410304f,-1.1700598892258074f,-1.4257531475058525f,0.5229570480483917f,-0.1760394566652818f,-0.00007652653738807191f,-0.5216923910147901f,-1.4364272008485426f,-0.04195173237224467f,1.2172562731455252f,0f,0f,0f,1f],start_interpolation:0}
execute if entity @s[tag=aj.mech_torso.bone.barrel_right] run data modify entity @s {} merge value {transformation:[-2.2789992146357863f,0.03144862469884938f,-0.269855622777656f,-1.2420420473369864f,0.2642811574765056f,0.7850949814706106f,-2.1404274884525374f,-0.7611049353150232f,0.06298049652903735f,-2.1564520276428385f,-0.7831964012830647f,1.7816105861694258f,0f,0f,0f,1f],start_interpolation:0}
execute if entity @s[tag=aj.mech_torso.bone.blaster_right] run data modify entity @s {} merge value {transformation:[-0.9929692097246761f,0.01370229345126605f,-0.11757719035989779f,-1.4208824212555673f,0.11514837319788505f,0.3420690706268048f,-0.9325929460758293f,0.07863836216385402f,0.02744085801560939f,-0.939574902854844f,-0.34124185153154607f,0.9387776342200684f,0f,0f,0f,1f],start_interpolation:0}
execute if entity @s[tag=aj.mech_torso.bone.rocket_right] run data modify entity @s {} merge value {transformation:[-2.2880943988596933f,0.03157413199757404f,-0.27093258085085664f,-1.0179861074767782f,0.26533586859650937f,0.7882281916287727f,-2.1489696512581973f,0.14460681173587628f,0.06323184335476949f,-2.1650581422634456f,-0.7863220344589887f,0.43651471850308354f,0f,0f,0f,1f],start_interpolation:0}
execute if entity @s[tag=aj.mech_torso.bone.sword_right] run data modify entity @s {} merge value {transformation:[-2.6453179682183405f,0.03650357203168957f,-0.31323131801630183f,-1.0347958888415627f,0.30676083170387036f,0.9112885374882217f,-2.4844726836717363f,1.0956488798352284f,0.07310377206172085f,-2.503072953992276f,-0.9090847858361961f,1.53150444809101f,0f,0f,0f,1f],start_interpolation:0}
execute if entity @s[tag=aj.mech_torso.bone.right_hand] run data modify entity @s {} merge value {transformation:[-0.9929692097246761f,0.01370229345126605f,-0.11757719035989779f,-1.2657309822360867f,0.11514837319788505f,0.3420690706268048f,-0.9325929460758293f,0.060646428851684475f,0.02744085801560939f,-0.939574902854844f,-0.34124185153154607f,0.9344900001551295f,0f,0f,0f,1f],start_interpolation:0}
execute if entity @s[tag=aj.mech_torso.bone.right_arm_low] run data modify entity @s {} merge value {transformation:[-0.9929692097246761f,0.01370229345126605f,-0.11757719035989779f,-1.1936424003757753f,0.11514837319788505f,0.3420690706268048f,-0.9325929460758293f,0.36637519658875184f,0.02744085801560939f,-0.939574902854844f,-0.34124185153154607f,-0.017463764186050834f,0f,0f,0f,1f],start_interpolation:0}
execute if entity @s[tag=aj.mech_torso.bone.right_arm] run data modify entity @s {} merge value {transformation:[-1.098913232081909f,0.12176979286447799f,-0.04830946527402684f,-1.038828125f,0.12743403291925576f,1.0882459463381926f,-0.15573472980184516f,1.4690234375000002f,0.030368637494203158f,-0.16020254791438807f,-1.0946163108745055f,-0.1811737500000001f,0f,0f,0f,1f],start_interpolation:0}