execute if entity @s[tag=aj.mech_torso.bone.drillhead_right1] run data modify entity @s {} merge value {transformation:[-0.10971282318600117f,0.17622241393896554f,0.9782171319569501f,-1.6218841922478946f,-0.5070578543301612f,0.8365446604158377f,-0.20757014113750477f,-1.2771934783222316f,-0.8549008297987846f,-0.5187857861924077f,-0.002424717318622858f,0.41534711717873174f,0f,0f,0f,1f],start_interpolation:0}
execute if entity @s[tag=aj.mech_torso.bone.drillhead_right2] run data modify entity @s {} merge value {transformation:[-0.8617695068156357f,0.17622241393896554f,-0.4757089214511959f,-1.7773098801471958f,0.38581244506016354f,0.8365446604158377f,-0.389026719347719f,-1.0979398068638937f,0.32939653058196366f,-0.5187857861924077f,-0.7888974798320066f,0.6515991793414597f,0f,0f,0f,1f],start_interpolation:0}
execute if entity @s[tag=aj.mech_torso.bone.drillhead_right3] run data modify entity @s {} merge value {transformation:[0.9457400663182021f,0.17622241393896554f,-0.2729860578600435f,-1.4061147950733617f,0.002272835145324059f,0.8365446604158377f,0.5478940274817319f,-1.1766356010094277f,0.32491623717636103f,-0.5187857861924077f,0.790753278124018f,0.6507902665554721f,0f,0f,0f,1f],start_interpolation:0}
execute if entity @s[tag=aj.mech_torso.bone.drill_right] run data modify entity @s {} merge value {transformation:[-0.16772955836455086f,0.26940978096796603f,1.4955036500119168f,-1.5082311417719614f,-0.775192794263328f,1.27891400812731f,-0.3173343561092818f,-0.7401690680450871f,-1.3069770193092098f,-0.7931225200206281f,-0.003706920970596101f,0.3236883662474592f,0f,0f,0f,1f],start_interpolation:0}
execute if entity @s[tag=aj.mech_torso.bone.barrel_right] run data modify entity @s {} merge value {transformation:[-2.2451411923349585f,0.4044543768678193f,-0.251805831870355f,-1.6185082126212873f,0.47640166885474444f,1.9199836263040544f,-1.1637666510462665f,-1.5621240517928219f,0.005565055603674803f,-1.1906838477142f,-1.962113528417592f,0.17893624238011513f,0f,0f,0f,1f],start_interpolation:0}
execute if entity @s[tag=aj.mech_torso.bone.blaster_right] run data modify entity @s {} merge value {transformation:[-0.9782171319569501f,0.17622241393896554f,-0.10971282318600095f,-1.1310306641263677f,0.20757014113750466f,0.8365446604158377f,-0.5070578543301612f,-0.47294441128490483f,0.002424717318622668f,-0.5187857861924077f,-0.8549008297987846f,0.025399861309923596f,0f,0f,0f,1f],start_interpolation:0}
execute if entity @s[tag=aj.mech_torso.bone.rocket_right] run data modify entity @s {} merge value {transformation:[-2.254101253673212f,0.40606850075349443f,-0.2528107556170624f,-1.1414843647269741f,0.47830292486000514f,1.927646026833188f,-1.1684110897178246f,-0.06690349624097991f,0.005587265004014503f,-1.1954357093549783f,-1.9699440638098693f,-0.28719701640008344f,0f,0f,0f,1f],start_interpolation:0}
execute if entity @s[tag=aj.mech_torso.bone.sword_right] run data modify entity @s {} merge value {transformation:[-2.6060177200280266f,0.46946502815007796f,-0.29228026375396055f,-1.2802581366973107f,0.5529768885471341f,2.228595408339712f,-1.350826631731842f,0.015015771563009594f,0.006459564131481188f,-1.3820704090629068f,-2.277497130790736f,1.1542595961009134f,0f,0f,0f,1f],start_interpolation:0}
execute if entity @s[tag=aj.mech_torso.bone.right_hand] run data modify entity @s {} merge value {transformation:[-0.9782171319569501f,0.17622241393896554f,-0.10971282318600095f,-1.4672928032365693f,0.20757014113750466f,0.8365446604158377f,-0.5070578543301612f,-0.4015921752688876f,0.002424717318622668f,-0.5187857861924077f,-0.8549008297987846f,0.026233357888200137f,0f,0f,0f,1f],start_interpolation:0}
execute if entity @s[tag=aj.mech_torso.bone.right_arm_low] run data modify entity @s {} merge value {transformation:[-0.9782171319569501f,0.17622241393896554f,-0.10971282318600095f,-1.2333603442748569f,0.20757014113750466f,0.8365446604158377f,-0.5070578543301612f,0.4061337933780387f,0.002424717318622668f,-0.5187857861924077f,-0.8549008297987846f,-0.5194196240678334f,0f,0f,0f,1f],start_interpolation:0}
execute if entity @s[tag=aj.mech_torso.bone.right_arm] run data modify entity @s {} merge value {transformation:[-1.0825871936701537f,0.21987289040332617f,0.0665797168895753f,-0.97928125f,0.22971666437105312f,1.0323086021658872f,0.3260999578941659f,1.44903125f,0.0026834205123353484f,0.33281652677417733f,-1.055461006998532f,-0.1811737500000001f,0f,0f,0f,1f],start_interpolation:0}