execute if entity @s[tag=aj.mech_torso.bone.drillhead_right1] run data modify entity @s {} merge value {transformation:[-0.12551695386938663f,0.14021083041862636f,0.9821336046204048f,-1.544048524895785f,-0.6238251515461513f,0.7586097025748889f,-0.18802526281768683f,-1.1507533542687205f,-0.7714192599292371f,-0.6362800029802587f,-0.0077513365086501265f,0.7582338065760268f,0f,0f,0f,1f],start_interpolation:0}
execute if entity @s[tag=aj.mech_torso.bone.drillhead_right2] run data modify entity @s {} merge value {transformation:[-0.8593398767735771f,0.14021083041862636f,-0.49180880352032424f,-1.6958586731673289f,0.41244024210166985f,0.7586097025748889f,-0.5043851364328205f,-0.9430038966447748f,0.3023706713322072f,-0.6362800029802587f,-0.7097321571730794f,0.9724717626088795f,0f,0f,0f,1f],start_interpolation:0}
execute if entity @s[tag=aj.mech_torso.bone.drillhead_right3] run data modify entity @s {} merge value {transformation:[0.9554063942270721f,0.14021083041862636f,-0.25988371419414485f,-1.3231754426911306f,0.06501485827703712f,0.7586097025748889f,0.6482934423256614f,-1.0142682802565095f,0.2880480690323085f,-0.6362800029802587f,0.7156647732941736f,0.9696308315419749f,0f,0f,0f,1f],start_interpolation:0}
execute if entity @s[tag=aj.mech_torso.bone.drill_right] run data modify entity @s {} merge value {transformation:[-0.1918909989590184f,0.21435507701932743f,1.5014911746340331f,-1.4245740781245988f,-0.9537072707366603f,1.159766622432379f,-0.28745404026585325f,-0.5260844351549668f,-1.179349943100809f,-0.9727483150729023f,-0.011850285240830403f,0.4661978950317357f,0f,0f,0f,1f],start_interpolation:0}
execute if entity @s[tag=aj.mech_torso.bone.barrel_right] run data modify entity @s {} merge value {transformation:[-2.2541300290851236f,0.32180290111521276f,-0.2880784585164758f,-1.6008762884608676f,0.4315435182647904f,1.74111231189397f,-1.431763459048169f,-1.4545880255823718f,0.01779037017722741f,-1.460349034873432f,-1.770511985987073f,0.5643817729119915f,0f,0f,0f,1f],start_interpolation:0}
execute if entity @s[tag=aj.mech_torso.bone.blaster_right] run data modify entity @s {} merge value {transformation:[-0.9821336046204048f,0.14021083041862636f,-0.1255169538693864f,-1.637015577219948f,0.1880252628176867f,0.7586097025748889f,-0.6238251515461513f,-0.29456128095578976f,0.007751336508649956f,-0.6362800029802587f,-0.7714192599292371f,0.24728246125277936f,0f,0f,0f,1f],start_interpolation:0}
execute if entity @s[tag=aj.mech_torso.bone.rocket_right] run data modify entity @s {} merge value {transformation:[-2.263125963681111f,0.323087173900668f,-0.28922814151518855f,-1.175763194750432f,0.4332657513283409f,1.7480608606821797f,-1.4374774375091852f,-0.030630764659664966f,0.017861369189923097f,-1.466177094584063f,-1.7775778649833331f,-0.12222022443956632f,0f,0f,0f,1f],start_interpolation:0}
execute if entity @s[tag=aj.mech_torso.bone.sword_right] run data modify entity @s {} merge value {transformation:[-2.6164513924996484f,0.3735284290920242f,-0.3343832317608158f,-1.2699150554273975f,0.5009083880340203f,2.020972913795129f,-1.6619003552679386f,0.25004509912051054f,0.020649935106974736f,-1.6950806814728867f,-2.055098193715718f,1.2976820885980533f,0f,0f,0f,1f],start_interpolation:0}
execute if entity @s[tag=aj.mech_torso.bone.right_hand] run data modify entity @s {} merge value {transformation:[-0.9821336046204048f,0.14021083041862636f,-0.1255169538693864f,-1.4835572014980096f,0.1880252628176867f,0.7586097025748889f,-0.6238251515461513f,-0.3239402282710533f,0.007751336508649956f,-0.6362800029802587f,-0.7714192599292371f,0.2460713149233028f,0f,0f,0f,1f],start_interpolation:0}
execute if entity @s[tag=aj.mech_torso.bone.right_arm_low] run data modify entity @s {} merge value {transformation:[-0.9821336046204048f,0.14021083041862636f,-0.1255169538693864f,-1.2858854255990262f,0.1880252628176867f,0.7586097025748889f,-0.6238251515461513f,0.403423359391913f,0.007751336508649956f,-0.6362800029802587f,-0.7714192599292371f,-0.41479999846153504f,0f,0f,0f,1f],start_interpolation:0}
execute if entity @s[tag=aj.mech_torso.bone.right_arm] run data modify entity @s {} merge value {transformation:[-1.0869215311207083f,0.2052979166648333f,0.03501898247125475f,-1.0465f,0.20808646154630078f,1.0628714681960492f,0.22754394114092086f,1.4780000000000002f,0.008578358897993273f,0.23006300450503142f,-1.0824829810443966f,-0.1811737500000001f,0f,0f,0f,1f],start_interpolation:0}