execute if entity @s[tag=aj.mech_torso.bone.drillhead_right1] run data modify entity @s {} merge value {transformation:[-0.13013559601995422f,0.12307961821933643f,0.983827288820306f,-1.4755200982255368f,-0.6742907307679086f,0.7164866964356066f,-0.17882624033197994f,-1.0774731199110597f,-0.7269090294177197f,-0.686657280897664f,-0.01024897756926413f,0.9115486214464121f,0f,0f,0f,1f],start_interpolation:0}
execute if entity @s[tag=aj.mech_torso.bone.drillhead_right2] run data modify entity @s {} merge value {transformation:[-0.8591371591093583f,0.12307961821933643f,-0.49672401735418825f,-1.6263778663389565f,0.4232537945808886f,0.7164866964356066f,-0.5545295656713628f,-0.857550820456626f,0.28764486300015946f,-0.686657280897664f,-0.6676542603622373f,1.1139842311323522f,0f,0f,0f,1f],start_interpolation:0}
execute if entity @s[tag=aj.mech_torso.bone.drillhead_right3] run data modify entity @s {} merge value {transformation:[0.9587386322249439f,0.12307961821933643f,-0.2562647901262023f,-1.253051373320942f,0.09282598794356728f,0.7164866964356066f,0.6913972445657358f,-0.9253181089571947f,0.2687072217893386f,-0.686657280897664f,0.675498488191115f,1.1101897932011853f,0f,0f,0f,1f],start_interpolation:0}
execute if entity @s[tag=aj.mech_torso.bone.drill_right] run data modify entity @s {} merge value {transformation:[-0.19895200409645114f,0.18816478701498687f,1.504080488212965f,-1.3851174205528938f,-1.0308593216061037f,1.095368742480361f,-0.2733905248616661f,-0.5679806657620584f,-1.1113024615977194f,-1.0497653704299537f,-0.015668692423186168f,0.7067112352760034f,0f,0f,0f,1f],start_interpolation:0}
execute if entity @s[tag=aj.mech_torso.bone.barrel_right] run data modify entity @s {} merge value {transformation:[-2.2580172643826675f,0.28248444212818524f,-0.29867886961758716f,-1.4727436521508257f,0.41043051212620546f,1.644434291095983f,-1.5475888182699464f,-1.404670062397749f,0.023522795674247303f,-1.575971730607461f,-1.668354960990163f,0.7382818247589851f,0f,0f,0f,1f],start_interpolation:0}
execute if entity @s[tag=aj.mech_torso.bone.blaster_right] run data modify entity @s {} merge value {transformation:[-0.983827288820306f,0.12307961821933643f,-0.130135596019954f,-1.0313855621725534f,0.1788262403319798f,0.7164866964356066f,-0.6742907307679086f,-0.358186117362825f,0.010248977569263969f,-0.686657280897664f,-0.7269090294177197f,0.34130013866934056f,0f,0f,0f,1f],start_interpolation:0}
execute if entity @s[tag=aj.mech_torso.bone.rocket_right] run data modify entity @s {} merge value {transformation:[-2.267028712420224f,0.2836118001479001f,-0.2998708574539649f,-1.070213036141036f,0.41206848597671286f,1.6509970106992096f,-1.553765040409309f,-0.025320979786892905f,0.023616672038374437f,-1.582261225193283f,-1.6750131448208667f,-0.04649947447098046f,0f,0f,0f,1f],start_interpolation:0}
execute if entity @s[tag=aj.mech_torso.bone.sword_right] run data modify entity @s {} merge value {transformation:[-2.6209634490695883f,0.3278900517845262f,-0.34668751768429845f,-1.146760641187855f,0.47640174751267694f,1.9087551894947838f,-1.7963430974843624f,0.34707762646687434f,0.027303771611768397f,-1.8292881847466205f,-1.9365207883052273f,1.353224010424916f,0f,0f,0f,1f],start_interpolation:0}
execute if entity @s[tag=aj.mech_torso.bone.right_hand] run data modify entity @s {} merge value {transformation:[-0.983827288820306f,0.12307961821933643f,-0.130135596019954f,-1.3695761927045336f,0.1788262403319798f,0.7164866964356066f,-0.6742907307679086f,-0.29671459724870697f,0.010248977569263969f,-0.686657280897664f,-0.7269090294177197f,0.344823224708775f,0f,0f,0f,1f],start_interpolation:0}
execute if entity @s[tag=aj.mech_torso.bone.right_arm_low] run data modify entity @s {} merge value {transformation:[-0.983827288820306f,0.12307961821933643f,-0.130135596019954f,-1.1890741063095516f,0.1788262403319798f,0.7164866964356066f,-0.6742907307679086f,0.3875238738296538f,0.010248977569263969f,-0.686657280897664f,-0.7269090294177197f,-0.36519052445627165f,0f,0f,0f,1f],start_interpolation:0}
execute if entity @s[tag=aj.mech_torso.bone.right_arm] run data modify entity @s {} merge value {transformation:[-1.0887959215449146f,0.1970697715308582f,0.02142253276257375f,-0.958f,0.19790595702233346f,1.0738026712257194f,0.1804245936052293f,1.4735f,0.011342483690201948f,0.181337549755458f,-1.0916776170859475f,-0.1811737500000001f,0f,0f,0f,1f],start_interpolation:0}