execute if entity @s[tag=aj.mech_torso.bone.drillhead_right1] run data modify entity @s {} merge value {transformation:[-0.13431363750269132f,0.08013718144401538f,0.9876932109369815f,-1.4718054235205411f,-0.7891678554562449f,0.5941601457162005f,-0.1555243297914994f,-0.8418296638568912f,-0.599311223568679f,-0.8003447715782945f,-0.0165621228077904f,1.2746813493794864f,0f,0f,0f,1f],start_interpolation:0}
execute if entity @s[tag=aj.mech_torso.bone.drillhead_right2] run data modify entity @s {} merge value {transformation:[-0.8611099381720599f,0.08013718144401538f,-0.5020634487109377f,-1.6222446699311681f,0.4456872087400946f,0.5941601457162005f,-0.6695794450309591f,-0.5946460724700466f,0.24464788236723975f,-0.8003447715782945f,-0.5473533230560612f,1.4431223341632093f,0f,0f,0f,1f],start_interpolation:0}
execute if entity @s[tag=aj.mech_torso.bone.drillhead_right3] run data modify entity @s {} merge value {transformation:[0.9639091457980007f,0.08013718144401538f,-0.25388420745918383f,-1.2474507241177963f,0.15831571853629123f,0.5941601457162005f,0.7886126137127416f,-0.6535566043719852f,0.2140450698131279f,-0.8003447715782945f,0.5600294230627358f,1.4369158092308179f,0f,0f,0f,1f],start_interpolation:0}
execute if entity @s[tag=aj.mech_torso.bone.drill_right] run data modify entity @s {} merge value {transformation:[-0.20533941654631763f,0.12251415706801021f,1.50999073088535f,-1.4027343169384745f,-1.2064840920807243f,0.9083552491383833f,-0.23776643780869733f,-0.37184812402705336f,-0.9162302448609242f,-1.2235714219897427f,-0.025320263060048503f,0.9847501606588097f,0f,0f,0f,1f],start_interpolation:0}
execute if entity @s[tag=aj.mech_torso.bone.barrel_right] run data modify entity @s {} merge value {transformation:[-2.266890080761525f,0.1839257167144948f,-0.3082680423377702f,-1.4652885018274198f,0.3569494622596208f,1.3636782411718067f,-1.8112474235724485f,-1.1932484918561153f,0.03801232153222672f,-1.8368999642703256f,-1.37550066453132f,1.1582800275697096f,0f,0f,0f,1f],start_interpolation:0}
execute if entity @s[tag=aj.mech_torso.bone.blaster_right] run data modify entity @s {} merge value {transformation:[-0.9876932109369815f,0.08013718144401538f,-0.1343136375026911f,-1.0672133091525828f,0.15552432979149924f,0.5941601457162005f,-0.7891678554562449f,-0.2181124650661722f,0.016562122807790267f,-0.8003447715782945f,-0.599311223568679f,0.5767596580821753f,0f,0f,0f,1f],start_interpolation:0}
execute if entity @s[tag=aj.mech_torso.bone.rocket_right] run data modify entity @s {} merge value {transformation:[-2.2759369390348696f,0.18465973990602969f,-0.3094982992932792f,-1.1281355592998352f,0.3583740003187068f,1.3691205005398395f,-1.8184758723084877f,0.04422502274386578f,0.03816402367626158f,-1.8442307889009943f,-1.380990105626199f,0.14068301983321596f,0f,0f,0f,1f],start_interpolation:0}
execute if entity @s[tag=aj.mech_torso.bone.sword_right] run data modify entity @s {} merge value {transformation:[-2.631262452441314f,0.21348932466396012f,-0.35781802213298175f,-1.169808653769578f,0.41432433157382725f,1.5828713459283346f,-2.1023813100484503f,0.643654023573532f,0.044122295662555655f,-2.132157154815203f,-1.5965940662961002f,1.4608020743540306f,0f,0f,0f,1f],start_interpolation:0}
execute if entity @s[tag=aj.mech_torso.bone.right_hand] run data modify entity @s {} merge value {transformation:[-0.9876932109369815f,0.08013718144401538f,-0.1343136375026911f,-1.40673285041217f,0.15552432979149924f,0.5941601457162005f,-0.7891678554562449f,-0.16465097670034434f,0.016562122807790267f,-0.8003447715782945f,-0.599311223568679f,0.5824528877973533f,0f,0f,0f,1f],start_interpolation:0}
execute if entity @s[tag=aj.mech_torso.bone.right_arm_low] run data modify entity @s {} merge value {transformation:[-0.9876932109369815f,0.08013718144401538f,-0.1343136375026911f,-1.2690621444565524f,0.15552432979149924f,0.5941601457162005f,-0.7891678554562449f,0.3951274029208798f,0.016562122807790267f,-0.8003447715782945f,-0.599311223568679f,-0.23765549219294949f,0f,0f,0f,1f],start_interpolation:0}
execute if entity @s[tag=aj.mech_torso.bone.right_arm] run data modify entity @s {} merge value {transformation:[-1.0930743150002271f,0.17283782042708165f,-0.009359927928581372f,-1.0625f,0.1721178685549951f,1.0916753257685834f,0.05824432132123183f,1.5f,0.018329204698998444f,0.0560718242266234f,-1.1051207939935928f,-0.1811737500000001f,0f,0f,0f,1f],start_interpolation:0}