execute if entity @s[tag=aj.mech_torso.bone.drillhead_right1] run data modify entity @s {} merge value {transformation:[-0.09869549136561448f,-0.014089966103077313f,0.9950179258884304f,-1.1459996505205687f,-0.9760729447334616f,0.1960562893079809f,-0.09404008710190682f,-0.12060370587885338f,-0.19375450070501293f,-0.9804914095890894f,-0.033102706513995564f,2.0008038141512445f,0f,0f,0f,1f],start_interpolation:0}
execute if entity @s[tag=aj.mech_torso.bone.drillhead_right2] run data modify entity @s {} merge value {transformation:[-0.881507566815401f,-0.014089966103077313f,-0.4719596195676128f,-1.3076531865713177f,0.4604086564383321f,0.1960562893079809f,-0.8657862325651959f,0.16645955125359244f,0.10472955038498712f,-0.9804914095890894f,-0.16633796018395508f,2.060527182720061f,0f,0f,0f,1f],start_interpolation:0}
execute if entity @s[tag=aj.mech_torso.bone.drillhead_right3] run data modify entity @s {} merge value {transformation:[0.9570458256049058f,-0.014089966103077313f,-0.28959413071994144f,-0.9300845354962974f,0.2866452330202714f,0.1960562893079809f,0.9377613991893354f,0.13090328233591586f,0.04356372434697002f,-0.9804914095890894f,0.1916736748826552f,2.0479916729535663f,0f,0f,0f,1f],start_interpolation:0}
execute if entity @s[tag=aj.mech_torso.bone.drill_right] run data modify entity @s {} merge value {transformation:[-0.15088620180032966f,-0.02154081649903432f,1.5211887947786644f,-1.1329799784750738f,-1.4922256049703002f,0.2997319170656083f,-0.14376899454520028f,0.18220326159351008f,-0.29621293018136924f,-1.4989805779749352f,-0.05060759702492337f,1.5340576429529154f,0f,0f,0f,1f],start_interpolation:0}
execute if entity @s[tag=aj.mech_torso.bone.barrel_right] run data modify entity @s {} merge value {transformation:[-2.283701296515548f,-0.03233838609362477f,-0.22651955882166191f,-1.1158426255230844f,0.2158347736773737f,0.44997581494111394f,-2.2402199914049543f,-0.4870290113664904f,0.07597520790058788f,-2.2503609684234296f,-0.4446928974376838f,2.0445071321186346f,0f,0f,0f,1f],start_interpolation:0}
execute if entity @s[tag=aj.mech_torso.bone.blaster_right] run data modify entity @s {} merge value {transformation:[-0.9950179258884304f,-0.014089966103077313f,-0.09869549136561426f,-0.834283467560642f,0.0940400871019066f,0.1960562893079809f,-0.9760729447334616f,0.163595317569243f,0.03310270651399552f,-0.9804914095890894f,-0.19375450070501293f,1.0724307498008094f,0f,0f,0f,1f],start_interpolation:0}
execute if entity @s[tag=aj.mech_torso.bone.rocket_right] run data modify entity @s {} merge value {transformation:[-2.2928152461258833f,-0.032467444312309746f,-0.22742356839944952f,-0.9407798493745718f,0.2166961416918575f,0.45177160886105444f,-2.2491604128816522f,0.20943516134319587f,0.07627841489946169f,-2.259341861197178f,-0.44646760793309975f,0.5731787674478884f,0f,0f,0f,1f],start_interpolation:0}
execute if entity @s[tag=aj.mech_torso.bone.sword_right] run data modify entity @s {} merge value {transformation:[-2.6507758470998635f,-0.03753635071362628f,-0.26292955928007905f,-0.9621161985526439f,0.2505273373103558f,0.5223034307704444f,-2.6003055016289376f,1.314657669137965f,0.08818721011743226f,-2.6120765055634645f,-0.5161713546790219f,1.5122176699513248f,0f,0f,0f,1f],start_interpolation:0}
execute if entity @s[tag=aj.mech_torso.bone.right_hand] run data modify entity @s {} merge value {transformation:[-0.9950179258884304f,-0.014089966103077313f,-0.09869549136561426f,-1.17632087958479f,0.0940400871019066f,0.1960562893079809f,-0.9760729447334616f,0.1959215975105234f,0.03310270651399552f,-0.9804914095890894f,-0.19375450070501293f,1.0838098051649954f,0f,0f,0f,1f],start_interpolation:0}
execute if entity @s[tag=aj.mech_torso.bone.right_arm_low] run data modify entity @s {} merge value {transformation:[-0.9950179258884304f,-0.014089966103077313f,-0.09869549136561426f,-1.1313064594250157f,0.0940400871019066f,0.1960562893079809f,-0.9760729447334616f,0.3555981018517145f,0.03310270651399552f,-0.9804914095890894f,-0.19375450070501293f,0.0951946482717497f,0f,0f,0f,1f],start_interpolation:0}
execute if entity @s[tag=aj.mech_torso.bone.right_arm] run data modify entity @s {} merge value {transformation:[-1.1011805343094916f,0.09202926769803772f,-0.06086068746615658f,-1.006660625f,0.10407361582850529f,1.0690841131069029f,-0.26645791435953925f,1.4394271875000002f,0.03663457219991752f,-0.2708537456329851f,-1.0724122971741508f,-0.1811737500000001f,0f,0f,0f,1f],start_interpolation:0}