execute if entity @s[tag=aj.mech_torso.bone.drillhead_right1] run data modify entity @s {} merge value {transformation:[-0.13405532642809748f,0.09563153357277894f,0.9863487107726023f,-1.5104529716890993f,-0.7496812731340811f,0.6411435004195263f,-0.16405182285442743f,-0.9264242163329315f,-0.6480795924640119f,-0.7614391779100387f,-0.014255531395387119f,1.1468616129842444f,0f,0f,0f,1f],start_interpolation:0}
execute if entity @s[tag=aj.mech_torso.bone.drillhead_right2] run data modify entity @s {} merge value {transformation:[-0.8599666333573754f,0.09563153357277894f,-0.5013102824583794f,-1.6607082495000283f,0.43845472418915343f,0.6411435004195263f,-0.6298352694998992f,-0.6885127991908168f,0.2611797165711669f,-0.7614391779100387f,-0.5932921152311816f,1.3283156544101589f,0f,0f,0f,1f],start_interpolation:0}
execute if entity @s[tag=aj.mech_torso.bone.drillhead_right3] run data modify entity @s {} merge value {transformation:[0.9625681382460292f,0.09563153357277894f,-0.2536083378363021f,-1.2864245028125942f,0.1353264813764077f,0.6411435004195263f,0.7553950988112632f,-0.7506641896130861f,0.23483892920862645f,-0.7614391779100387f,0.6042028266003316f,1.3229906968274423f,0f,0f,0f,1f],start_interpolation:0}
execute if entity @s[tag=aj.mech_torso.bone.drill_right] run data modify entity @s {} merge value {transformation:[-0.2049445091762936f,0.14620200653020463f,1.5079352517513378f,-1.433427229931415f,-1.146116791140946f,0.9801836563019991f,-0.2508033153938891f,-0.4403104554925202f,-0.9907875913901073f,-1.1640923396510807f,-0.021793933614729553f,0.8871040214367576f,0f,0f,0f,1f],start_interpolation:0}
execute if entity @s[tag=aj.mech_torso.bone.barrel_right] run data modify entity @s {} merge value {transformation:[-2.263804270256336f,0.21948735949950465f,-0.30767518333432303f,-1.5057149898991828f,0.37652121715684833f,1.47151142212162f,-1.7206203535489837f,-1.2701181567864452f,0.03271838092876098f,-1.747606342125205f,-1.4874306955162173f,1.0092427280742844f,0f,0f,0f,1f],start_interpolation:0}
execute if entity @s[tag=aj.mech_torso.bone.blaster_right] run data modify entity @s {} merge value {transformation:[-0.9863487107726023f,0.09563153357277894f,-0.13405532642809725f,-1.0914172006435832f,0.16405182285442726f,0.6411435004195263f,-0.7496812731340811f,-0.2652730589881033f,0.014255531395386975f,-0.7614391779100387f,-0.6480795924640119f,0.49333213393585507f,0f,0f,0f,1f],start_interpolation:0}
execute if entity @s[tag=aj.mech_torso.bone.rocket_right] run data modify entity @s {} merge value {transformation:[-2.272838813468383f,0.22036330450055897f,-0.3089030742680184f,-1.144450083393881f,0.3780238634992687f,1.4773840294423375f,-1.7274871216436944f,0.02382347004338234f,0.032848955656537976f,-1.7545808077285368f,-1.493366834550024f,0.07344402652015253f,0f,0f,0f,1f],start_interpolation:0}
execute if entity @s[tag=aj.mech_torso.bone.sword_right] run data modify entity @s {} merge value {transformation:[-2.6276806390192333f,0.2547670276286725f,-0.35712986894522847f,-1.1971421027495148f,0.43704198525563226f,1.7080372737201384f,-1.9971871462240602f,0.5418227438263659f,0.03797742465466168f,-2.028510772845942f,-1.726515358171097f,1.4272041217378364f,0f,0f,0f,1f],start_interpolation:0}
execute if entity @s[tag=aj.mech_torso.bone.right_hand] run data modify entity @s {} merge value {transformation:[-0.9863487107726023f,0.09563153357277894f,-0.13405532642809725f,-1.4304745699716652f,0.16405182285442726f,0.6411435004195263f,-0.7496812731340811f,-0.20888024488189394f,0.014255531395386975f,-0.7614391779100387f,-0.6480795924640119f,0.49823247285301936f,0f,0f,0f,1f],start_interpolation:0}
execute if entity @s[tag=aj.mech_torso.bone.right_arm_low] run data modify entity @s {} merge value {transformation:[-0.9863487107726023f,0.09563153357277894f,-0.13405532642809725f,-1.2773854709264767f,0.16405182285442726f,0.6411435004195263f,-0.7496812731340811f,0.39858247682379067f,0.014255531395386975f,-0.7614391779100387f,-0.6480795924640119f,-0.28435016303373134f,0f,0f,0f,1f],start_interpolation:0}
execute if entity @s[tag=aj.mech_torso.bone.right_arm] run data modify entity @s {} merge value {transformation:[-1.0915863645112263f,0.1822352200957262f,0.0012295949961168842f,-1.0613125f,0.181555195384028f,1.0868170960245718f,0.10314208332107674f,1.49825f,0.015776513438008292f,0.10193577821063003f,-1.1018766615544417f,-0.1811737500000001f,0f,0f,0f,1f],start_interpolation:0}