execute if entity @s[tag=aj.mech_torso.bone.drillhead_right1] run data modify entity @s {} merge value {transformation:[-0.12263245086380137f,0.024595259870456937f,0.9921473455021901f,-1.303980715517907f,-0.9123229956729579f,0.3907329276303143f,-0.12245215731771965f,-0.4790912965898316f,-0.3906763795796431f,-0.9201754465629629f,-0.025477715384123627f,1.71095514068336f,0f,0f,0f,1f],start_interpolation:0}
execute if entity @s[tag=aj.mech_torso.bone.drillhead_right2] run data modify entity @s {} merge value {transformation:[-0.8696952185289748f,0.024595259870456937f,-0.4929759629634529f,-1.4584872585246333f,0.46226193726742193f,0.3907329276303143f,-0.7960161308787742f,-0.20421783551300823f,0.17304371766004426f,-0.9201754465629629f,-0.35118801135722544f,1.8235445213112196f,0f,0f,0f,1f],start_interpolation:0}
execute if entity @s[tag=aj.mech_torso.bone.drillhead_right3] run data modify entity @s {} merge value {transformation:[0.9635540329607803f,0.024595259870456937f,-0.26638074021392866f,-1.0820047266077608f,0.23599985355203515f,0.3907329276303143f,0.8897369546044841f,-0.25056324542218955f,0.12596703810296475f,-0.9201754465629629f,0.37068781050126f,1.813927885679492f,0f,0f,0f,1f],start_interpolation:0}
execute if entity @s[tag=aj.mech_torso.bone.drill_right] run data modify entity @s {} merge value {transformation:[-0.18748115513968838f,0.03760136651427887f,1.516800235935203f,-1.2660264853497474f,-1.3947643375343781f,0.5973546162312492f,-0.1872055213898486f,-0.08882747694741928f,-0.5972681652650811f,-1.4067692069891267f,-0.03895046928353987f,1.316028328186743f,0f,0f,0f,1f],start_interpolation:0}
execute if entity @s[tag=aj.mech_torso.bone.barrel_right] run data modify entity @s {} merge value {transformation:[-2.2771129246086237f,0.05644946225883108f,-0.28145813230699934f,-1.2867451693858132f,0.2810443341288685f,0.8967851434675745f,-2.0939051989430175f,-0.8476463091942096f,0.05847481752956987f,-2.1119276403601583f,-0.8966553580101738f,1.680018604137055f,0f,0f,0f,1f],start_interpolation:0}
execute if entity @s[tag=aj.mech_torso.bone.blaster_right] run data modify entity @s {} merge value {transformation:[-0.9921473455021901f,0.024595259870456937f,-0.12263245086380115f,-0.9528962884307179f,0.12245215731771944f,0.3907329276303143f,-0.9123229956729579f,-0.024797914017873936f,0.02547771538412354f,-0.9201754465629629f,-0.3906763795796431f,0.8682393772924265f,0f,0f,0f,1f],start_interpolation:0}
execute if entity @s[tag=aj.mech_torso.bone.rocket_right] run data modify entity @s {} merge value {transformation:[-2.2862005808986963f,0.05667474459121952f,-0.2825813944600572f,-1.0412770003153073f,0.28216594486816654f,0.9003640942792817f,-2.1022616974488f,0.12502825231625955f,0.0587081827867737f,-2.120356064044239f,-0.9002337908652984f,0.38612291610447896f,0f,0f,0f,1f],start_interpolation:0}
execute if entity @s[tag=aj.mech_torso.bone.sword_right] run data modify entity @s {} merge value {transformation:[-2.6431284822062007f,0.06552296106579103f,-0.32669877633629135f,-1.0592614799949054f,0.3262184656153416f,1.0409314046319929f,-2.4304725560842178f,1.0174531048943931f,0.06787386520621536f,-2.4513918647903172f,-1.0407807578918489f,1.5293729031759051f,0f,0f,0f,1f],start_interpolation:0}
execute if entity @s[tag=aj.mech_torso.bone.right_hand] run data modify entity @s {} merge value {transformation:[-0.9921473455021901f,0.024595259870456937f,-0.12263245086380115f,-1.2939469384470959f,0.12245215731771944f,0.3907329276303143f,-0.9123229956729579f,0.017295015060092123f,0.02547771538412354f,-0.9201754465629629f,-0.3906763795796431f,0.876997341955719f,0f,0f,0f,1f],start_interpolation:0}
execute if entity @s[tag=aj.mech_torso.bone.right_arm_low] run data modify entity @s {} merge value {transformation:[-0.9921473455021901f,0.024595259870456937f,-0.12263245086380115f,-1.2111747335722458f,0.12245215731771944f,0.3907329276303143f,-0.9123229956729579f,0.37186458924326904f,0.02547771538412354f,-0.9201754465629629f,-0.3906763795796431f,-0.05697909868061542f,0f,0f,0f,1f],start_interpolation:0}
execute if entity @s[tag=aj.mech_torso.bone.right_arm] run data modify entity @s {} merge value {transformation:[-1.0980036797410917f,0.13167213955545137f,-0.04268893854313765f,-1.04632f,0.1355170881992691f,1.0921074856970123f,-0.11708260769460747f,1.4782100000000002f,0.028196038995603117f,-0.12139055104688985f,-1.0996550804845666f,-0.1811737500000001f,0f,0f,0f,1f],start_interpolation:0}