execute if entity @s[tag=aj.mech_torso.bone.drillhead_right1] run data modify entity @s {} merge value {transformation:[-0.11273424679528082f,0.005195221218218325f,0.9936115937709235f,-1.166848082778524f,-0.9472938982818625f,0.3012332473350017f,-0.10905411949102163f,-0.31510042760725454f,-0.2998754072568357f,-0.9535363340620553f,-0.02903790188776526f,1.8571833624434877f,0f,0f,0f,1f],start_interpolation:0}
execute if entity @s[tag=aj.mech_torso.bone.drillhead_right2] run data modify entity @s {} merge value {transformation:[-0.8748358862421642f,0.005195221218218325f,-0.4843915583692404f,-1.3243626125300474f,0.4632665493868045f,0.3012332473350017f,-0.8334522391350648f,-0.03312480022546428f,0.14158487335210224f,-0.9535363340620553f,-0.2659364271049864f,1.9454045534704085f,0f,0f,0f,1f],start_interpolation:0}
execute if entity @s[tag=aj.mech_torso.bone.drillhead_right3] run data modify entity @s {} merge value {transformation:[0.9611189432595867f,0.005195221218218325f,-0.2760858319147682f,-0.9473257638650638f,0.2617608115192143f,0.3012332473350017f,0.9169186486558184f,-0.07438182870660773f,0.08792982690974788f,-0.9535363340620553f,0.2881610750311679f,1.9344252142941714f,0f,0f,0f,1f],start_interpolation:0}
execute if entity @s[tag=aj.mech_torso.bone.drill_right] run data modify entity @s {} merge value {transformation:[-0.17234872714446214f,0.007942482339193774f,1.5190387866197874f,-1.1409634819216106f,-1.4482280428685939f,0.4605270202058403f,-0.1667225285876878f,0.036125260902172024f,-0.45845114693937306f,-1.4577715125025463f,-0.04439330169465076f,1.4262726258542973f,0f,0f,0f,1f],start_interpolation:0}
execute if entity @s[tag=aj.mech_torso.bone.barrel_right] run data modify entity @s {} merge value {transformation:[-2.28047357327909f,0.011923738380026533f,-0.25874040946369203f,-1.1438601196275404f,0.2502940174164584f,0.6913712201499252f,-2.1741681706447245f,-0.6846157083139598f,0.06664592914742755f,-2.1884954086911272f,-0.6882547927305904f,1.8612993719404942f,0f,0f,0f,1f],start_interpolation:0}
execute if entity @s[tag=aj.mech_torso.bone.blaster_right] run data modify entity @s {} merge value {transformation:[-0.9936115937709235f,0.005195221218218325f,-0.1127342467952806f,-0.8352283094150553f,0.10905411949102142f,0.3012332473350017f,-0.9472938982818625f,0.06182664372904008f,0.029037901887765193f,-0.9535363340620553f,-0.2998754072568357f,0.9696210158629331f,0f,0f,0f,1f],start_interpolation:0}
execute if entity @s[tag=aj.mech_torso.bone.rocket_right] run data modify entity @s {} merge value {transformation:[-2.2895746414732008f,0.011971324441709903f,-0.25977300819173393f,-0.9328276761466753f,0.25129290771177965f,0.6941303911816608f,-2.1828449880471954f,0.16346122245620778f,0.06691190422959369f,-2.1972294042043297f,-0.6910015265129766f,0.4768329391803312f,0f,0f,0f,1f],start_interpolation:0}
execute if entity @s[tag=aj.mech_torso.bone.sword_right] run data modify entity @s {} merge value {transformation:[-2.647029310366106f,0.013840320427692501f,-0.30032948228455597f,-0.949846522906103f,0.29052544527318985f,0.8024999305073991f,-2.523636730894632f,1.1607914239117474f,0.07735837412759772f,-2.5402668815307954f,-0.7988825789102278f,1.5298329012253908f,0f,0f,0f,1f],start_interpolation:0}
execute if entity @s[tag=aj.mech_torso.bone.right_hand] run data modify entity @s {} merge value {transformation:[-0.9936115937709235f,0.005195221218218325f,-0.1127342467952806f,-1.1767822947738102f,0.10905411949102142f,0.3012332473350017f,-0.9472938982818625f,0.0993139973040787f,0.029037901887765193f,-0.9535363340620553f,-0.2998754072568357f,0.9796027946368524f,0f,0f,0f,1f],start_interpolation:0}
execute if entity @s[tag=aj.mech_torso.bone.right_arm_low] run data modify entity @s {} merge value {transformation:[-0.9936115937709235f,0.005195221218218325f,-0.1127342467952806f,-1.1130092941572618f,0.10905411949102142f,0.3012332473350017f,-0.9472938982818625f,0.3641284278495833f,0.029037901887765193f,-0.9535363340620553f,-0.2998754072568357f,0.01488048523003574f,0f,0f,0f,1f],start_interpolation:0}
execute if entity @s[tag=aj.mech_torso.bone.right_arm] run data modify entity @s {} merge value {transformation:[-1.0996241547586507f,0.1133650106854455f,-0.05241250955296656f,-0.96671875f,0.12068955789168305f,1.0840052278924615f,-0.1874531276126139f,1.4626562500000002f,0.03213607663142873f,-0.19197140096412713f,-1.089443083563633f,-0.1811737500000001f,0f,0f,0f,1f],start_interpolation:0}