execute if entity @s[tag=aj.mech_torso.bone.drillhead_right1] run data modify entity @s {} merge value {transformation:[-0.10250297432269623f,-0.009553742540142303f,0.9946868181787056f,-1.1061884918946543f,-0.9699746073026195f,0.22266782401275143f,-0.09781769439909845f,-0.1775997238875586f,-0.22055022430986035f,-0.9748475604692781f,-0.03209100191591456f,1.9651358685385494f,0f,0f,0f,1f],start_interpolation:0}
execute if entity @s[tag=aj.mech_torso.bone.drillhead_right2] run data modify entity @s {} merge value {transformation:[-0.879744602532642f,-0.009553742540142303f,-0.47535056570720613f,-1.266729027859578f,0.4615649778023176f,0.22266782401275143f,-0.8587064757038767f,0.10849860714186145f,0.11404913669568179f,-0.9748475604692781f,-0.1914811433694364f,2.0320577734776775f,0f,0f,0f,1f],start_interpolation:0}
execute if entity @s[tag=aj.mech_torso.bone.drillhead_right3] run data modify entity @s {} merge value {transformation:[0.958196982615522f,-0.009553742540142303f,-0.2859497657106681f,-0.8892855193905743f,0.2808214462567756f,0.22266782401275143f,0.9335728977812496f,0.07150814651742697f,0.05475269699989388f,-0.9748475604692781f,0.2160425328918701f,2.019909634671101f,0f,0f,0f,1f],start_interpolation:0}
execute if entity @s[tag=aj.mech_torso.bone.drill_right] run data modify entity @s {} merge value {transformation:[-0.15670710236898225f,-0.014605813344808313f,1.520682595518537f,-1.0921236850631673f,-1.4829024336733676f,0.34041577546807444f,-0.14954422104318638f,0.1468248259684403f,-0.33717837757196284f,-1.4903522308697184f,-0.04906089755531056f,1.3451993651536813f,0f,0f,0f,1f],start_interpolation:0}
execute if entity @s[tag=aj.mech_torso.bone.barrel_right] run data modify entity @s {} merge value {transformation:[-2.2829413593462657f,-0.021927136846321624f,-0.2352582493912662f,-1.1377728725087297f,0.22450489554941966f,0.5110529018220263f,-2.2262234786436705f,-0.5393265394412813f,0.07365320842478405f,-2.237407568070624f,-0.506192722863265f,2.000908078008387f,0f,0f,0f,1f],start_interpolation:0}
execute if entity @s[tag=aj.mech_torso.bone.blaster_right] run data modify entity @s {} merge value {transformation:[-0.9946868181787056f,-0.009553742540142303f,-0.102502974322696f,-1.3492372338400693f,0.09781769439909822f,0.22266782401275143f,-0.9699746073026195f,0.18524195842666394f,0.03209100191591451f,-0.9748475604692781f,-0.22055022430986035f,1.0639964569470295f,0f,0f,0f,1f],start_interpolation:0}
execute if entity @s[tag=aj.mech_torso.bone.rocket_right] run data modify entity @s {} merge value {transformation:[-2.2920522761479414f,-0.022014645147263267f,-0.23619713392648944f,-0.9563290211202099f,0.22540086487274272f,0.513092446311723f,-2.2351080418904763f,0.19621401912699227f,0.07394714863108302f,-2.2463367655380386f,-0.5082128710220165f,0.5497513181646839f,0f,0f,0f,1f],start_interpolation:0}
execute if entity @s[tag=aj.mech_torso.bone.sword_right] run data modify entity @s {} merge value {transformation:[-2.6498937601576174f,-0.025451631891161872f,-0.2730728779060878f,-0.9760137703402528f,0.260591065734427f,0.5931978454481305f,-2.5840592359601984f,1.275623900617594f,0.08549198016908886f,-2.5970410187222464f,-0.5875564574889763f,1.5183858779114718f,0f,0f,0f,1f],start_interpolation:0}
execute if entity @s[tag=aj.mech_torso.bone.right_hand] run data modify entity @s {} merge value {transformation:[-0.9946868181787056f,-0.009553742540142303f,-0.102502974322696f,-1.1938174184996466f,0.09781769439909822f,0.22266782401275143f,-0.9699746073026195f,0.16995794367680483f,0.03209100191591451f,-0.9748475604692781f,-0.22055022430986035f,1.0589822378976679f,0f,0f,0f,1f],start_interpolation:0}
execute if entity @s[tag=aj.mech_torso.bone.right_arm_low] run data modify entity @s {} merge value {transformation:[-0.9946868181787056f,-0.009553742540142303f,-0.102502974322696f,-1.1444064528512041f,0.09781769439909822f,0.22266782401275143f,-0.9699746073026195f,0.35620045531140576f,0.03209100191591451f,-0.9748475604692781f,-0.22055022430986035f,0.07523679529896202f,0f,0f,0f,1f],start_interpolation:0}
execute if entity @s[tag=aj.mech_torso.bone.right_arm] run data modify entity @s {} merge value {transformation:[-1.1008140993386009f,0.09745055962529307f,-0.05902275544304991f,-1.01426f,0.10825427178826469f,1.0733815386396206f,-0.2467895129077841f,1.44428f,0.035514924622831415f,-0.25125174520863736f,-1.0772108564216556f,-0.1811737500000001f,0f,0f,0f,1f],start_interpolation:0}