execute if entity @s[tag=aj.mech_torso.bone.drillhead_right1] run data modify entity @s {} merge value {transformation:[-0.0999406915850453f,0.19198428229200948f,0.9762960071199334f,-1.6777499441587007f,-0.45080332739452994f,0.865985134704023f,-0.21643961393810315f,-1.3231582891003186f,-0.8870108331782216f,-0.46174861323503397f,-7.739419200330428e-17f,0.2537411600840348f,0f,0f,0f,1f],start_interpolation:0}
execute if entity @s[tag=aj.mech_torso.bone.drillhead_right2] run data modify entity @s {} merge value {transformation:[-0.863734251761894f,0.19198428229200948f,-0.46594546642943463f,-1.8355062328803429f,0.3724790939910002f,0.865985134704023f,-0.3336601130061827f,-1.157736675322905f,0.33944435018566f,-0.46174861323503397f,-0.8194911538891424f,0.4983892811282324f,0f,0f,0f,1f],start_interpolation:0}
execute if entity @s[tag=aj.mech_torso.bone.drillhead_right3] run data modify entity @s {} merge value {transformation:[0.940225545539306f,0.19198428229200948f,-0.28127914758854194f,-1.4650413817988048f,-0.02744916469311609f,0.865985134704023f,0.49931582172939915f,-1.2398052707506046f,0.3394443501856599f,-0.46174861323503397f,0.8194911538891424f,0.4985045925365455f,0f,0f,0f,1f],start_interpolation:0}
execute if entity @s[tag=aj.mech_torso.bone.drill_right] run data modify entity @s {} merge value {transformation:[-0.15278987064063002f,0.2935066106828865f,1.4925666239549926f,-1.557967730357014f,-0.6891905687721142f,1.3239227646883234f,-0.33089405416981427f,-0.7825293352340635f,-1.3560669664048783f,-0.7059237810520417f,-1.183206599531916e-16f,0.1981883452451213f,0f,0f,0f,1f],start_interpolation:0}
execute if entity @s[tag=aj.mech_torso.bone.barrel_right] run data modify entity @s {} merge value {transformation:[-2.2407319498812144f,0.44063000572517314f,-0.2293774624649521f,-1.6729262224174843f,0.49675831370217316f,1.987553513793197f,-1.034654870489084f,-1.5925607735330813f,-2.7441052101692366e-16f,-1.0597757882277008f,-2.035810347782192f,-0.0001997065557875627f,0f,0f,0f,1f],start_interpolation:0}
execute if entity @s[tag=aj.mech_torso.bone.blaster_right] run data modify entity @s {} merge value {transformation:[-0.9762960071199334f,0.19198428229200948f,-0.09994069158504508f,-1.173597180471303f,0.21643961393810304f,0.865985134704023f,-0.45080332739453f,-0.5006028569999863f,-1.195617780139768e-16f,-0.46174861323503397f,-0.8870108331782216f,-0.07647870946952391f,0f,0f,0f,1f],start_interpolation:0}
execute if entity @s[tag=aj.mech_torso.bone.rocket_right] run data modify entity @s {} merge value {transformation:[-2.24967441451643f,0.4423885017575169f,-0.23029287755791628f,-1.1753790832168574f,0.49874081038267365f,1.9954855767999462f,-1.0387840411332983f,-0.07549428380343576f,-2.755056570861242e-16f,-1.0640052131296782f,-2.0439349974262573f,-0.36279119316067976f,0f,0f,0f,1f],start_interpolation:0}
execute if entity @s[tag=aj.mech_torso.bone.sword_right] run data modify entity @s {} merge value {transformation:[-2.600899750607847f,0.5114554072662241f,-0.26624683284932005f,-1.3372441797182733f,0.5766055927791136f,2.307026254799695f,-1.2009618530065187f,-0.08371018926574891f,-3.185183554485049e-16f,-1.2301206235077702f,-2.363039731777053f,1.0785617411962343f,0f,0f,0f,1f],start_interpolation:0}
execute if entity @s[tag=aj.mech_torso.bone.right_hand] run data modify entity @s {} merge value {transformation:[-0.9762960071199334f,0.19198428229200948f,-0.09994069158504508f,-1.50919893291878f,0.21643961393810304f,0.865985134704023f,-0.45080332739453f,-0.4262017397087634f,-1.195617780139768e-16f,-0.46174861323503397f,-0.8870108331782216f,-0.07647870946952395f,0f,0f,0f,1f],start_interpolation:0}
execute if entity @s[tag=aj.mech_torso.bone.right_arm_low] run data modify entity @s {} merge value {transformation:[-0.9762960071199334f,0.19198428229200948f,-0.09994069158504508f,-1.2593192967938074f,0.21643961393810304f,0.865985134704023f,-0.45080332739453f,0.4121683151430491f,-1.195617780139768e-16f,-0.46174861323503397f,-0.8870108331782216f,-0.5659464112413773f,0f,0f,0f,1f],start_interpolation:0}
execute if entity @s[tag=aj.mech_torso.bone.right_arm] run data modify entity @s {} merge value {transformation:[-1.0804610960195888f,0.22508688339128588f,0.08192492567817583f,-1f,0.239532458180884f,1.0153013189758624f,0.3695394589184289f,1.4375f,-1.3231832228436305e-16f,0.3785116975010148f,-1.039952341883477f,-0.1811737500000001f,0f,0f,0f,1f],start_interpolation:0}