execute if entity @s[tag=aj.mech_torso.bone.drillhead_right1] run data modify entity @s {} merge value {transformation:[-0.09568985259323404f,-0.017373538861976033f,0.9952595702921407f,-1.1154918359694177f,-0.9801791455408143f,0.17588903577431114f,-0.09116956587185371f,-0.07517495781606842f,-0.1734713081681357f,-0.9842566775195353f,-0.03385997638276168f,2.025160121375317f,0f,0f,0f,1f],start_interpolation:0}
execute if entity @s[tag=aj.mech_torso.bone.drillhead_right2] run data modify entity @s {} merge value {transformation:[-0.8828810252959989f,-0.017373538861976033f,-0.46927524473351184f,-1.2780202319772898f,0.45932801564518494f,0.17588903577431114f,-0.870678368364484f,0.2124759541262154f,0.09766713477799349f,-0.9842566775195353f,-0.14730893911254248f,2.0794328900193344f,0f,0f,0f,1f],start_interpolation:0}
execute if entity @s[tag=aj.mech_torso.bone.drillhead_right3] run data modify entity @s {} merge value {transformation:[0.9561188677617756f,-0.017373538861976033f,-0.2924634521736898f,-0.9003602805724884f,0.2908686238512946f,0.17588903577431114f,0.9404565331546363f,0.17800942753093282f,0.03510205647529533f,-0.9842566775195353f,0.1732242430764547f,2.0666074002258688f,0f,0f,0f,1f],start_interpolation:0}
execute if entity @s[tag=aj.mech_torso.bone.drill_right] run data modify entity @s {} merge value {transformation:[-0.1462911649645711f,-0.026560760318857797f,1.521558222051964f,-1.1047896128420476f,-1.498503187006502f,0.268900110624044f,-0.13938052614003843f,0.21805644989687545f,-0.2652038755636984f,-1.5047369399822021f,-0.05176531530217147f,1.552281316934794f,0f,0f,0f,1f],start_interpolation:0}
execute if entity @s[tag=aj.mech_torso.bone.barrel_right] run data modify entity @s {} merge value {transformation:[-2.284255903245428f,-0.03987463159393042f,-0.21962120957311554f,-1.0839009988427621f,0.2092465375419347f,0.4036892286960701f,-2.2496442800167715f,-0.4405194238286437f,0.07771324511189663f,-2.259002769772697f,-0.39814021543189765f,2.0762714784634344f,0f,0f,0f,1f],start_interpolation:0}
execute if entity @s[tag=aj.mech_torso.bone.blaster_right] run data modify entity @s {} merge value {transformation:[-0.9952595702921407f,-0.017373538861976033f,-0.09568985259323382f,-0.8072427683980079f,0.09116956587185349f,0.17588903577431114f,-0.9801791455408143f,0.19106006381842094f,0.03385997638276164f,-0.9842566775195353f,-0.1734713081681357f,1.0903264271515718f,0f,0f,0f,1f],start_interpolation:0}
execute if entity @s[tag=aj.mech_torso.bone.rocket_right] run data modify entity @s {} merge value {transformation:[-2.2933720662178163f,-0.04003376597093159f,-0.22049768875209763f,-0.9152157383309613f,0.21008161277800175f,0.40530029897666453f,-2.2586223125819482f,0.22629053190976187f,0.07802338838723923f,-2.2680181508318267f,-0.39972914033500595f,0.5905305044171797f,0f,0f,0f,1f],start_interpolation:0}
execute if entity @s[tag=aj.mech_torso.bone.sword_right] run data modify entity @s {} merge value {transformation:[-2.6514195994708274f,-0.04628394724934915f,-0.2549223923179169f,-0.9380620275718279f,0.24288013001163486f,0.4685768926061607f,-2.611244619046097f,1.350425011043398f,0.0902046136492022f,-2.6221073613181223f,-0.46213594940647496f,1.506808743729964f,0f,0f,0f,1f],start_interpolation:0}
execute if entity @s[tag=aj.mech_torso.bone.right_hand] run data modify entity @s {} merge value {transformation:[-0.9952595702921407f,-0.017373538861976033f,-0.09568985259323382f,-1.1493632456859313f,0.09116956587185349f,0.17588903577431114f,-0.9801791455408143f,0.22239960208687057f,0.03385997638276164f,-0.9842566775195353f,-0.1734713081681357f,1.1019657940331462f,0f,0f,0f,1f],start_interpolation:0}
execute if entity @s[tag=aj.mech_torso.bone.right_arm_low] run data modify entity @s {} merge value {transformation:[-0.9952595702921407f,-0.017373538861976033f,-0.09568985259323382f,-1.1075233692981872f,0.09116956587185349f,0.17588903577431114f,-0.9801791455408143f,0.3619599416960404f,0.03385997638276164f,-0.9842566775195353f,-0.1734713081681357f,0.11017188960943411f,0f,0f,0f,1f],start_interpolation:0}
execute if entity @s[tag=aj.mech_torso.bone.right_arm] run data modify entity @s {} merge value {transformation:[-1.1014479607614855f,0.08789759323009169f,-0.06211587053845717f,-0.98707f,0.10089682672791267f,1.0655980450421327f,-0.28123409340378747f,1.4423350000000001f,0.037472638346273415f,-0.2855639999032967f,-1.0685602378287464f,-0.1811737500000001f,0f,0f,0f,1f],start_interpolation:0}