execute if entity @s[tag=aj.mech_torso.bone.drillhead_right1] run data modify entity @s {} merge value {transformation:[-0.13330686975915862f,0.10386924742521304f,0.9856167906008575f,-1.3599687120521038f,-0.7276843056257659f,0.6648957374897465f,-0.16849097784128725f,-0.9940912847190134f,-0.6728334339351469f,-0.7396788747201627f,-0.01305114829247834f,0.9513690331704863f,0f,0f,0f,1f],start_interpolation:0}
execute if entity @s[tag=aj.mech_torso.bone.drillhead_right2] run data modify entity @s {} merge value {transformation:[-0.8595768492583143f,0.10386924742521304f,-0.5003387049374346f,-1.5102914895557984f,0.4341380935954532f,0.6648957374897465f,-0.607813930374479f,-0.7614042492556037f,0.2695398966914823f,-0.7396788747201627f,-0.6166225801770959f,1.1394218612726739f,0f,0f,0f,1f],start_interpolation:0}
execute if entity @s[tag=aj.mech_torso.bone.drillhead_right3] run data modify entity @s {} merge value {transformation:[0.9616055102128759f,0.10386924742521304f,-0.2540197279101657f,-1.1362855645321992f,0.1228073619146971f,0.6648957374897465f,0.7367713418201871f,-0.8252429199965818f,0.2454245191251016f,-0.7396788747201627f,0.6266114966268388f,1.1345571203413107f,0f,0f,0f,1f],start_interpolation:0}
execute if entity @s[tag=aj.mech_torso.bone.drill_right] run data modify entity @s {} merge value {transformation:[-0.20380026456667957f,0.15879586808875593f,1.5068162882282068f,-1.2636724758019533f,-1.112487708063993f,1.0164962049929025f,-0.25758991958322325f,-0.4141408653547517f,-1.0286313983144866f,-1.1308250702660896f,-0.019952666203260805f,0.5716916417803704f,0f,0f,0f,1f],start_interpolation:0}
execute if entity @s[tag=aj.mech_torso.bone.barrel_right] run data modify entity @s {} merge value {transformation:[-2.2621244140430243f,0.23839403174697252f,-0.30595737361374414f,-1.4153001493393105f,0.3867096808369106f,1.5260260325433104f,-1.6701343251959802f,-1.3230404193106142f,0.02995415811221384f,-1.6976634905299228f,-1.5442441240892717f,0.8035366549208807f,0f,0f,0f,1f],start_interpolation:0}
execute if entity @s[tag=aj.mech_torso.bone.blaster_right] run data modify entity @s {} merge value {transformation:[-0.9856167906008575f,0.10386924742521304f,-0.1333068697591584f,-1.4877470568337237f,0.16849097784128708f,0.6648957374897465f,-0.7276843056257659f,-0.21954064812690546f,0.013051148292478191f,-0.7396788747201627f,-0.6728334339351469f,0.3296592757522801f,0f,0f,0f,1f],start_interpolation:0}
execute if entity @s[tag=aj.mech_torso.bone.rocket_right] run data modify entity @s {} merge value {transformation:[-2.2711522531712656f,0.23934543077453438f,-0.30717840899620896f,-1.043737291299466f,0.3882529879893627f,1.532116200458826f,-1.6767996102337184f,-0.0010225082316654699f,0.03007370119259449f,-1.7044386408228285f,-1.5504069979968536f,-0.0875342802225672f,0f,0f,0f,1f],start_interpolation:0}
execute if entity @s[tag=aj.mech_torso.bone.sword_right] run data modify entity @s {} merge value {transformation:[-2.6257307683055635f,0.2767126954877265f,-0.3551359442037697f,-1.1030541190308703f,0.4488681086997845f,1.771314381299997f,-1.9385861615951459f,0.47326943423837f,0.03476888985666271f,-1.9705402734001252f,-1.7924607882858719f,1.281879740153721f,0f,0f,0f,1f],start_interpolation:0}
execute if entity @s[tag=aj.mech_torso.bone.right_hand] run data modify entity @s {} merge value {transformation:[-0.9856167906008575f,0.10386924742521304f,-0.1333068697591584f,-1.3337444333023396f,0.16849097784128708f,0.6648957374897465f,-0.7276843056257659f,-0.24586736341460658f,0.013051148292478191f,-0.7396788747201627f,-0.6728334339351469f,0.3276200338315804f,0f,0f,0f,1f],start_interpolation:0}
execute if entity @s[tag=aj.mech_torso.bone.right_arm_low] run data modify entity @s {} merge value {transformation:[-0.9856167906008575f,0.10386924742521304f,-0.1333068697591584f,-1.1724399761445468f,0.16849097784128708f,0.6648957374897465f,-0.7276843056257659f,0.38575755340925433f,0.013051148292478191f,-0.7396788747201627f,-0.6728334339351469f,-0.4339005824673355f,0f,0f,0f,1f],start_interpolation:0}
execute if entity @s[tag=aj.mech_torso.bone.right_arm] run data modify entity @s {} merge value {transformation:[-1.0907763527266905f,0.18689182293012588f,0.007097421231733491f,-0.95165625f,0.18646798231291503f,1.0834919935675795f,0.12667584608413107f,1.4819062500000002f,0.014443629683587242f,0.12604969230757576f,-1.0993974873378405f,-0.30617375000000013f,0f,0f,0f,1f],start_interpolation:0}