# This file was generated by Animated Java via MC-Build. It is not recommended to edit this file directly.
$data merge entity $(bone_drillhead_right1) { transformation: [-0.7863045814526065f,-0.17049904988323153f,-0.5938477744132382f,-1.0104183092886165f,-0.5868973373597048f,0.5064823244391827f,0.6316859745401753f,0.8652550298025974f,0.19307154266418916f,0.8452252534204108f,-0.498314810530123f,2.5346986417324917f,0f,0f,0f,1f], start_interpolation: 0, interpolation_duration: 1 }
$data merge entity $(bone_drillhead_right2) { transformation: [-0.22063208005177892f,0.798173656819374f,0.5605714038475502f,-0.9007015178827449f,0.9724395000612108f,0.13559090239672725f,0.18967478985870326f,1.1807805056688694f,0.0753850381224781f,0.5869701191260328f,-0.8060912946313483f,2.5121163515614455f,0f,0f,0f,1f], start_interpolation: 0, interpolation_duration: 1 }
$data merge entity $(bone_drillhead_right3) { transformation: [0.8224435522811362f,-0.1357333729263339f,-0.5524156540008855f,-0.6863986783863855f,-0.5232477250477233f,-0.5614768268624634f,-0.6410581807674257f,0.8737102054077449f,-0.22315559939998758f,0.8162844016459581f,-0.5328051746050635f,2.4507844901808955f,0f,0f,0f,1f], start_interpolation: 0, interpolation_duration: 1 }
$data merge entity $(bone_drill_right) { transformation: [-1.2021067032745612f,-0.3838954872193874f,0.863023598092367f,-1.0380046801324512f,-0.8972518283827609f,0.027597915077450123f,-1.2375069751627708f,0.9810141785123156f,0.2951688202292018f,-1.4795636559490462f,-0.24700760633740404f,1.845054394889818f,0f,0f,0f,1f], start_interpolation: 0, interpolation_duration: 1 }
$data merge entity $(bone_right_hand) { transformation: [-0.5645084643761024f,-0.25110814171264156f,-0.7863045814526064f,-1.202988669435129f,0.8094600932674421f,0.01805194747257194f,-0.5868973373597051f,1.0324412687875293f,0.16156902876231793f,-0.9677906944985943f,0.19307154266418913f,1.5941908101481448f,0f,0f,0f,1f], start_interpolation: 0, interpolation_duration: 1 }
$data merge entity $(bone_right_arm_low) { transformation: [-0.5645084643761024f,-0.25110814171264156f,-0.7863045814526064f,-1.4433870502946582f,0.8094600932674421f,0.01805194747257194f,-0.5868973373597051f,0.9815614186383953f,0.16156902876231793f,-0.9677906944985943f,0.19307154266418913f,0.6223355370601614f,0f,0f,0f,1f], start_interpolation: 0, interpolation_duration: 1 }
$data merge entity $(bone_right_arm) { transformation: [-0.6247382245589903f,0.41881848232815094f,-0.8118283120027613f,-1f,0.8958247633685341f,0.4734036375168267f,-0.44515050023062386f,1.4375f,0.17880750164525616f,-0.9084338464523486f,-0.6062572082121586f,-0.30617375000000013f,0f,0f,0f,1f], start_interpolation: 0, interpolation_duration: 1 }