# This file was generated by Animated Java via MC-Build. It is not recommended to edit this file directly.
$data merge entity $(bone_drillhead_right1) { transformation: [-0.7863045814526067f,0.16231068310009578f,-0.5961378593397849f,-1.0283198747465798f,-0.5868973373597048f,0.1052959603025734f,0.8027853238220338f,0.8554980153696199f,0.19307154266418888f,0.9811055003900139f,0.012465011742115617f,2.5210346899801954f,0f,0f,0f,1f], start_interpolation: 0, interpolation_duration: 1 }
$data merge entity $(bone_drillhead_right2) { transformation: [-0.22063208005177876f,0.39155868046770725f,0.8933102960351534f,-0.9186030833407081f,0.9724395000612112f,0.017520063288307054f,0.23249616363087783f,1.1710234912358917f,0.07538503812247824f,0.9199863298618963f,-0.3846326154845826f,2.4984523998091492f,0f,0f,0f,1f], start_interpolation: 0, interpolation_duration: 1 }
$data merge entity $(bone_drillhead_right3) { transformation: [0.8224435522811366f,0.1705383969237133f,-0.5426815442650285f,-0.7043002438443486f,-0.5232477250477232f,-0.14744936328532596f,-0.8393274113831468f,0.8639531909747674f,-0.2231555993999876f,0.9742563012069475f,-0.032034949898356535f,2.437120538428599f,0f,0f,0f,1f], start_interpolation: 0, interpolation_duration: 1 }
$data merge entity $(bone_drill_right) { transformation: [-1.2021067032745614f,-0.38389548721938704f,0.8630235980923668f,-1.0559062455904142f,-0.8972518283827609f,0.027597915077450633f,-1.2375069751627708f,0.9712571640793384f,0.2951688202292014f,-1.4795636559490462f,-0.24700760633740404f,1.8313904431375216f,0f,0f,0f,1f], start_interpolation: 0, interpolation_duration: 1 }
$data merge entity $(bone_right_hand) { transformation: [-0.5645084643761022f,-0.25110814171264134f,-0.7863045814526066f,-1.2208902348930921f,0.8094600932674421f,0.01805194747257227f,-0.5868973373597051f,1.022684254354552f,0.16156902876231793f,-0.9677906944985943f,0.19307154266418886f,1.5805268583958485f,0f,0f,0f,1f], start_interpolation: 0, interpolation_duration: 1 }
$data merge entity $(bone_right_arm_low) { transformation: [-0.5645084643761022f,-0.25110814171264134f,-0.7863045814526066f,-1.461288615752621f,0.8094600932674421f,0.01805194747257227f,-0.5868973373597051f,0.9718044042054184f,0.16156902876231793f,-0.9677906944985943f,0.19307154266418886f,0.6086715853078651f,0f,0f,0f,1f], start_interpolation: 0, interpolation_duration: 1 }
$data merge entity $(bone_right_arm) { transformation: [-0.6247382245589902f,0.43642875616506555f,-0.8024986418064035f,-1f,0.8958247633685341f,0.4830018872564338f,-0.4347173205388312f,1.4375f,0.17880750164525616f,-0.8949922324986764f,-0.6259303153358564f,-0.30617375000000013f,0f,0f,0f,1f], start_interpolation: 0, interpolation_duration: 1 }