# This file was generated by Animated Java via MC-Build. It is not recommended to edit this file directly.
$data merge entity $(bone_drillhead_right1) { transformation: [-0.7863045814526067f,0.39522996296199164f,0.4748877568054408f,-1.0283198747465798f,-0.5868973373597048f,-0.7179985208065307f,-0.3742053440555366f,0.8554980153696199f,0.19307154266418888f,-0.5729497364487537f,0.7965249392935378f,2.5210346899801954f,0f,0f,0f,1f], start_interpolation: 0, interpolation_duration: 1 }
$data merge entity $(bone_drillhead_right2) { transformation: [-0.2206320800517786f,-0.9563457877465861f,-0.19163564259131827f,-0.9186030833407081f,0.9724395000612113f,-0.20049880319313335f,-0.11900272534199899f,1.1710234912358917f,0.07538503812247825f,-0.21260988729944608f,0.9742248877183284f,2.4984523998091492f,0f,0f,0f,1f], start_interpolation: 0, interpolation_duration: 1 }
$data merge entity $(bone_drillhead_right3) { transformation: [0.8224435522811367f,0.3467218904140815f,0.45096622270284437f,-0.7043002438443486f,-0.5232477250477231f,0.7721102451977206f,0.36063497818860846f,0.8639531909747674f,-0.2231555993999877f,-0.5325689626408973f,0.8164385331964867f,2.437120538428599f,0f,0f,0f,1f], start_interpolation: 0, interpolation_duration: 1 }
$data merge entity $(bone_drill_right) { transformation: [-1.2021067032745614f,-0.38389548721938704f,0.8630235980923668f,-1.0559062455904142f,-0.8972518283827609f,0.027597915077450633f,-1.2375069751627708f,0.9712571640793384f,0.2951688202292014f,-1.4795636559490462f,-0.24700760633740404f,1.8313904431375216f,0f,0f,0f,1f], start_interpolation: 0, interpolation_duration: 1 }
$data merge entity $(bone_right_hand) { transformation: [-0.5645084643761022f,-0.25110814171264134f,-0.7863045814526066f,-1.2208902348930921f,0.8094600932674421f,0.01805194747257227f,-0.5868973373597051f,1.022684254354552f,0.16156902876231793f,-0.9677906944985943f,0.19307154266418886f,1.5805268583958485f,0f,0f,0f,1f], start_interpolation: 0, interpolation_duration: 1 }
$data merge entity $(bone_right_arm_low) { transformation: [-0.5645084643761022f,-0.25110814171264134f,-0.7863045814526066f,-1.461288615752621f,0.8094600932674421f,0.01805194747257227f,-0.5868973373597051f,0.9718044042054184f,0.16156902876231793f,-0.9677906944985943f,0.19307154266418886f,0.6086715853078651f,0f,0f,0f,1f], start_interpolation: 0, interpolation_duration: 1 }
$data merge entity $(bone_right_arm) { transformation: [-0.6247382245589902f,0.43642875616506555f,-0.8024986418064035f,-1f,0.8958247633685341f,0.4830018872564338f,-0.4347173205388312f,1.4375f,0.17880750164525616f,-0.8949922324986764f,-0.6259303153358564f,-0.30617375000000013f,0f,0f,0f,1f], start_interpolation: 0, interpolation_duration: 1 }