# This file was generated by Animated Java via MC-Build. It is not recommended to edit this file directly.
$data merge entity $(bone_drillhead_right1) { transformation: [-0.7863045814526065f,0.09152771812333554f,0.6110219161386736f,-1.0460102879147317f,-0.5868973373597048f,-0.41969773300634966f,-0.6923910226955714f,0.8459746861671336f,0.19307154266418883f,-0.903037368952396f,0.3837276243493609f,2.5069377244619977f,0f,0f,0f,1f], start_interpolation: 0, interpolation_duration: 1 }
$data merge entity $(bone_drillhead_right2) { transformation: [-0.22063208005177898f,-0.7181759197258428f,-0.6599582059327433f,-0.93629349650886f,0.9724395000612109f,-0.10967337534987798f,-0.20575025992709417f,1.1615001620334056f,0.07538503812247824f,-0.6871645356574395f,0.7225800972639418f,2.4843554342909515f,0f,0f,0f,1f], start_interpolation: 0, interpolation_duration: 1 }
$data merge entity $(bone_drillhead_right3) { transformation: [0.8224435522811366f,0.06246744326526438f,0.5654064218268894f,-0.7219906570125005f,-0.5232477250477232f,0.47299843144617737f,0.7088612713936614f,0.8544298617722811f,-0.22315559939998755f,-0.8788460060678188f,0.4217004577600971f,2.4230235729104015f,0f,0f,0f,1f], start_interpolation: 0, interpolation_duration: 1 }
$data merge entity $(bone_drill_right) { transformation: [-1.2021067032745612f,-0.38389548721938704f,0.8630235980923672f,-1.0735966587585661f,-0.8972518283827609f,0.027597915077450547f,-1.2375069751627708f,0.961733834876852f,0.2951688202292013f,-1.4795636559490462f,-0.24700760633740404f,1.817293477619324f,0f,0f,0f,1f], start_interpolation: 0, interpolation_duration: 1 }
$data merge entity $(bone_right_hand) { transformation: [-0.5645084643761025f,-0.25110814171264134f,-0.7863045814526064f,-1.238580648061244f,0.809460093267442f,0.018051947472572216f,-0.5868973373597051f,1.0131609251520657f,0.16156902876231793f,-0.9677906944985942f,0.1930715426641888f,1.5664298928776508f,0f,0f,0f,1f], start_interpolation: 0, interpolation_duration: 1 }
$data merge entity $(bone_right_arm_low) { transformation: [-0.5645084643761025f,-0.25110814171264134f,-0.7863045814526064f,-1.478979028920773f,0.809460093267442f,0.018051947472572216f,-0.5868973373597051f,0.962281075002932f,0.16156902876231793f,-0.9677906944985942f,0.1930715426641888f,0.5945746197896676f,0f,0f,0f,1f], start_interpolation: 0, interpolation_duration: 1 }
$data merge entity $(bone_right_arm) { transformation: [-0.6247382245589904f,0.4538313135509472f,-0.7927870257197263f,-1f,0.895824763368534f,0.492370254257001f,-0.42407723894667343f,1.4375f,0.17880750164525616f,-0.8811246507149517f,-0.6453055135297263f,-0.30617375000000013f,0f,0f,0f,1f], start_interpolation: 0, interpolation_duration: 1 }