# This file was generated by Animated Java via MC-Build. It is not recommended to edit this file directly.
$data merge entity $(bone_barrel_left) { transformation: [-2.262979810501526f,-0.22538162858604335f,0.30947373427978253f,1.3876829520452112f,-0.3815357026498139f,1.481009442941379f,-1.7113415880450846f,-1.2740190017719397f,-0.031644562197689324f,-1.7388106983984952f,-1.4977264337217757f,0.8628407257025797f,0f,0f,0f,1f], start_interpolation: 0, interpolation_duration: 1 }
$data merge entity $(bone_blaster_left) { transformation: [-0.9859894903104252f,-0.09819969054237242f,0.13483896237649662f,1.4656009199097053f,-0.16623665454069955f,0.6452818266492052f,-0.7456384773356195f,-0.18368451057900415f,-0.01378766421494559f,-0.757606880231197f,-0.652565487397126f,0.360227994571928f,0f,0f,0f,1f], start_interpolation: 0, interpolation_duration: 1 }
$data merge entity $(bone_sword_left) { transformation: [-2.626723658345671f,-0.26160872192325635f,0.3592175129875019f,1.0778271716773662f,-0.44286248246805976f,1.7190619748151041f,-1.9864169428151617f,0.5351604100551647f,-0.03673100387238545f,-2.018301346601787f,-1.7384659990911682f,1.2916740637072075f,0f,0f,0f,1f], start_interpolation: 0, interpolation_duration: 1 }
$data merge entity $(bone_rocket_left) { transformation: [-2.2720110634038155f,-0.22628109683487377f,0.3107088029922503f,1.2708676519260462f,-0.38305836114013403f,1.4869199556060582f,-1.7181713258147802f,0.06637952064013791f,-0.03177085145703814f,-1.7457500617518797f,-1.5037036616840471f,-0.06151511103957619f,0f,0f,0f,1f], start_interpolation: 0, interpolation_duration: 1 }
$data merge entity $(bone_drillhead_left1) { transformation: [0.1348389623764964f,-0.09819969054237242f,0.9859894903104252f,1.3376114835835762f,-0.7456384773356195f,0.6452818266492052f,0.16623665454069939f,-0.9882753277114392f,-0.652565487397126f,-0.757606880231197f,0.013787664214945445f,0.9607629853796702f,0f,0f,0f,1f], start_interpolation: 0, interpolation_duration: 1 }
$data merge entity $(bone_drillhead_left2) { transformation: [-0.9625361463078224f,-0.09819969054237242f,-0.2527468849031945f,1.1048327201047727f,0.1317608491269725f,0.6452818266492052f,-0.7524961414077844f,-0.7675721220347055f,0.23698785979080358f,-0.757606880231197f,-0.6081682080955295f,1.1789164559427097f,0f,0f,0f,1f], start_interpolation: 0, interpolation_duration: 1 }
$data merge entity $(bone_drillhead_left3) { transformation: [0.8593348724302527f,-0.09819969054237242f,-0.5018967999526035f,1.478945205677366f,0.43892613449357576f,0.6452818266492052f,0.6252641143187354f,-0.704397313854638f,0.2624641413294564f,-0.757606880231197f,0.5976155867633843f,1.1842329669386915f,0f,0f,0f,1f], start_interpolation: 0, interpolation_duration: 1 }
$data merge entity $(bone_drill_left) { transformation: [0.20614253605890057f,-0.1501282188161694f,1.5073860735629838f,1.2505299719159984f,-1.1399361430257806f,0.986510351857866f,0.25414349791036667f,-0.45427818438181766f,-0.9976456518624497f,-1.1582335022013885f,0.02107865573498976f,0.7446953258843765f,0f,0f,0f,1f], start_interpolation: 0, interpolation_duration: 1 }
$data merge entity $(bone_left_hand) { transformation: [-0.9859894903104252f,-0.09819969054237242f,0.13483896237649662f,1.3115400620487014f,-0.16623665454069955f,0.6452818266492052f,-0.7456384773356195f,-0.20965898785098847f,-0.01378766421494559f,-0.757606880231197f,-0.652565487397126f,0.3580736720383427f,0f,0f,0f,1f], start_interpolation: 0, interpolation_duration: 1 }
$data merge entity $(bone_left_arm_low) { transformation: [-0.9859894903104252f,-0.09819969054237242f,0.13483896237649662f,1.155929745936193f,-0.16623665454069955f,0.6452818266492052f,-0.7456384773356195f,0.4019318454726848f,-0.01378766421494559f,-0.757606880231197f,-0.652565487397126f,-0.4207876086874486f,0f,0f,0f,1f], start_interpolation: 0, interpolation_duration: 1 }
$data merge entity $(bone_left_arm) { transformation: [-1.0911888173211874f,-0.1845646889891375f,-0.0038495539428671554f,0.9375f,-0.18397313586637407f,1.0853109170787876f,0.11413184079441592f,1.5f,-0.015258727558639032f,0.11317273250201296f,-1.1007865744027527f,-0.3061737499999999f,0f,0f,0f,1f], start_interpolation: 0, interpolation_duration: 1 }