# This file was generated by Animated Java via MC-Build. It is not recommended to edit this file directly.
$data merge entity $(bone_barrel_left) { transformation: [-2.2603495137710548f,-0.25438587868886425f,0.3061966586515025f,1.4215435589259713f,-0.39713622381702474f,1.5625653223292655f,-1.6334995949301876f,-1.3288109430367379f,-0.02741147164973585f,-1.6617237831927505f,-1.5828996092754155f,0.7395724821408489f,0f,0f,0f,1f], start_interpolation: 0, interpolation_duration: 1 }
$data merge entity $(bone_blaster_left) { transformation: [-0.9848434593469108f,-0.11083696005887711f,0.13341112722151993f,1.4862446073033344f,-0.17303386494569484f,0.6808160543857131f,-0.7117224049252805f,-0.2146026927382396f,-0.011943289478394353f,-0.7240197983312174f,-0.6896757857579594f,0.2902687772803921f,0f,0f,0f,1f], start_interpolation: 0, interpolation_duration: 1 }
$data merge entity $(bone_sword_left) { transformation: [-2.6236705764673722f,-0.29527501871658485f,0.3554136911226115f,1.1030398522683336f,-0.46097057951880344f,1.8137268749928352f,-1.8960628866371854f,0.45473590308236733f,-0.031817500429434015f,-1.9288237370446162f,-1.8373296275888489f,1.2597213234685638f,0f,0f,0f,1f], start_interpolation: 0, interpolation_duration: 1 }
$data merge entity $(bone_rocket_left) { transformation: [-2.269370269507231f,-0.25540109906093694f,0.30741864898888194f,1.285282532202286f,-0.39872114192248365f,1.5688013137140828f,-1.6400186756083013f,0.054286142749022104f,-0.027520867204987334f,-1.6683555028705488f,-1.5892167521080478f,-0.11671199747608824f,0f,0f,0f,1f], start_interpolation: 0, interpolation_duration: 1 }
$data merge entity $(bone_drillhead_left1) { transformation: [0.1334111272215197f,-0.11083696005887711f,0.9848434593469108f,1.370423034255413f,-0.7117224049252805f,0.6808160543857131f,0.17303386494569467f,-1.0486027062831633f,-0.6896757857579594f,-0.7240197983312174f,0.0119432894783942f,0.8518907984237472f,0f,0f,0f,1f], start_interpolation: 0, interpolation_duration: 1 }
$data merge entity $(bone_drillhead_left2) { transformation: [-0.9609309428990492f,-0.11083696005887711f,-0.25362746551596316f,1.1383448646788443f,0.11250192655329314f,0.6808160543857131f,-0.7237629560929928f,-0.8406639613835397f,0.2528933362130005f,-0.7240197983312174f,-0.6417478415417397f,1.082949223972276f,0f,0f,0f,1f], start_interpolation: 0, interpolation_duration: 1 }
$data merge entity $(bone_drillhead_left3) { transformation: [0.8588224867373956f,-0.11083696005887711f,-0.5001390852144061f,1.5120226787185183f,0.4322268190625922f,0.6808160543857131f,0.5913285693873611f,-0.7749143862942491f,0.27496165761289204f,-0.7240197983312174f,0.6326068435190961f,1.0875707182296657f,0f,0f,0f,1f], start_interpolation: 0, interpolation_duration: 1 }
$data merge entity $(bone_drill_left) { transformation: [0.20395965393986512f,-0.1694481449048783f,1.5056340152182952f,1.2771943173278104f,-1.0880850678127956f,1.040835271698506f,0.2645351099957465f,-0.5053615437875434f,-1.054380077010608f,-1.106885389462673f,0.018258965647387063f,0.6631613149064076f,0f,0f,0f,1f], start_interpolation: 0, interpolation_duration: 1 }
$data merge entity $(bone_left_hand) { transformation: [-0.9848434593469108f,-0.11083696005887711f,0.13341112722151993f,1.3323628167803796f,-0.17303386494569484f,0.6808160543857131f,-0.7117224049252805f,-0.2416392341360044f,-0.011943289478394353f,-0.7240197983312174f,-0.6896757857579594f,0.28840263829939294f,0f,0f,0f,1f], start_interpolation: 0, interpolation_duration: 1 }
$data merge entity $(bone_left_arm_low) { transformation: [-0.9848434593469108f,-0.11083696005887711f,0.13341112722151993f,1.1641422382379931f,-0.17303386494569484f,0.6808160543857131f,-0.7117224049252805f,0.4061208785366879f,-0.011943289478394353f,-0.7240197983312174f,-0.6896757857579594f,-0.45791598392916033f,0f,0f,0f,1f], start_interpolation: 0, interpolation_duration: 1 }
$data merge entity $(bone_left_arm) { transformation: [-1.0899205115390467f,-0.19151060237311288f,-0.012997932111614454f,0.9386875f,-0.1914955689711883f,1.0796774795560788f,0.14965949932383754f,1.49825f,-0.013217568796550408f,0.1496402614677892f,-1.09645112365166f,-0.3061737499999999f,0f,0f,0f,1f], start_interpolation: 0, interpolation_duration: 1 }