# This file was generated by Animated Java via MC-Build. It is not recommended to edit this file directly.
$data merge entity $(bone_barrel_left) { transformation: [-2.248871424299375f,-0.3718223624109802f,0.26827959525746964f,1.636180210946115f,-0.45838459128774695f,1.8538729381682342f,-1.2730621308672f,-1.527078701524083f,-0.010458340707743704f,-1.300981073417015f,-1.890763698395716f,0.20918221715613272f,0f,0f,0f,1f], start_interpolation: 0, interpolation_duration: 1 }
$data merge entity $(bone_blaster_left) { transformation: [-0.9798424091672316f,-0.1620045127660114f,0.11689050877125412f,1.6523719718184613f,-0.19972002729878238f,0.8077399652097139f,-0.5546783385880357f,-0.34402629725640077f,-0.004556741503423162f,-0.5668427351977419f,-0.8238134192038958f,-0.009094912960635075f,0f,0f,0f,1f], start_interpolation: 0, interpolation_duration: 1 }
$data merge entity $(bone_sword_left) { transformation: [-2.6103475370712816f,-0.4315878522267715f,0.31140196507454493f,1.3006025642776466f,-0.5320638058586091f,2.1518583080836633f,-1.4776899034515592f,0.10493938957956567f,-0.012139379607625303f,-1.5100964439656523f,-2.1946787664077734f,1.0906261313999606f,0f,0f,0f,1f], start_interpolation: 0, interpolation_duration: 1 }
$data merge entity $(bone_rocket_left) { transformation: [-2.2578463724996767f,-0.3733062562460366f,0.26935026361343567f,1.425574995801279f,-0.4602139435211258f,1.8612714996912365f,-1.2781427533326921f,-0.006029965078730826f,-0.010500078561272769f,-1.3061731166869537f,-1.8983094860600325f,-0.3447166101196594f,0f,0f,0f,1f], start_interpolation: 0, interpolation_duration: 1 }
$data merge entity $(bone_drillhead_left1) { transformation: [0.1168905087712539f,-0.1620045127660114f,0.9798424091672316f,1.5838592223735792f,-0.5546783385880357f,0.8077399652097139f,0.19972002729878227f,-1.2768289438710683f,-0.8238134192038958f,-0.5668427351977419f,0.004556741503422979f,0.3776545920701397f,0f,0f,0f,1f], start_interpolation: 0, interpolation_duration: 1 }
$data merge entity $(bone_drillhead_left2) { transformation: [-0.94998840802364f,-0.1620045127660114f,-0.26697670771840243f,1.3583194766718427f,0.027748965015494564f,0.8077399652097139f,-0.5888855097075992f,-1.127085655528337f,0.31104986667941026f,-0.5668427351977419f,-0.7628481460895504f,0.6554954910510276f,0f,0f,0f,1f], start_interpolation: 0, interpolation_duration: 1 }
$data merge entity $(bone_drillhead_left3) { transformation: [0.8605242858086699f,-0.1620045127660114f,-0.4829622049155875f,1.730101808655174f,0.3967834559233754f,0.8077399652097139f,0.4360264185901043f,-1.0512305319358999f,0.3194696270993247f,-0.5668427351977419f,0.7593605671316896f,0.6573316252712172f,0f,0f,0f,1f], start_interpolation: 0, interpolation_duration: 1 }
$data merge entity $(bone_drill_left) { transformation: [0.17870284296641548f,-0.2476733766411224f,1.4979883826145801f,1.4686288210060086f,-0.8479952485410563f,1.2348772340707554f,0.3053330595511929f,-0.710223407690409f,-1.2594504176016033f,-0.8665922439684568f,0.006966371092782861f,0.30622985400007524f,0f,0f,0f,1f], start_interpolation: 0, interpolation_duration: 1 }
$data merge entity $(bone_left_hand) { transformation: [-0.9798424091672316f,-0.1620045127660114f,0.11689050877125412f,1.4992715953860813f,-0.19972002729878238f,0.8077399652097139f,-0.5546783385880357f,-0.37523255152183554f,-0.004556741503423162f,-0.5668427351977419f,-0.8238134192038958f,-0.009806903820544943f,0f,0f,0f,1f], start_interpolation: 0, interpolation_duration: 1 }
$data merge entity $(bone_left_arm_low) { transformation: [-0.9798424091672316f,-0.1620045127660114f,0.11689050877125412f,1.2796797604462196f,-0.19972002729878238f,0.8077399652097139f,-0.5546783385880357f,0.4026912139008283f,-0.004556741503423162f,-0.5668427351977419f,-0.8238134192038958f,-0.6026786047123724f,0f,0f,0f,1f], start_interpolation: 0, interpolation_duration: 1 }
$data merge entity $(bone_left_arm) { transformation: [-1.0843858784779885f,-0.21451145026796298f,-0.0535171261885789f,1.031f,-0.2210289891780699f,1.0457522442398663f,0.28691533271024694f,1.4595000000000002f,-0.005042919240846311f,0.29182025273316153f,-1.0675146310914487f,-0.3061737499999999f,0f,0f,0f,1f], start_interpolation: 0, interpolation_duration: 1 }