# This file was generated by Animated Java via MC-Build. It is not recommended to edit this file directly.
$data merge entity $(bone_barrel_left) { transformation: [-2.2518583377370915f,-0.34411013168523663f,0.2799477406342208f,1.616353805643651f,-0.44336318077205283f,1.7933660111209306f,-1.3619529850705503f,-1.4904079402672372f,-0.014546826125446244f,-1.390350697082741f,-1.826023499964309f,0.3375426591936933f,0f,0f,0f,1f], start_interpolation: 0, interpolation_duration: 1 }
$data merge entity $(bone_blaster_left) { transformation: [-0.9811438194778269f,-0.14993018133722805f,0.12197436708033076f,1.6434606040675948f,-0.19317513775563155f,0.7813768514590883f,-0.5934084446289709f,-0.31900708119318244f,-0.006338111197679837f,-0.605781443037064f,-0.7956058519256743f,0.06440291705521765f,0f,0f,0f,1f], start_interpolation: 0, interpolation_duration: 1 }
$data merge entity $(bone_sword_left) { transformation: [-2.613814557040206f,-0.39942124970780685f,0.32494560932974337f,1.2828250234934984f,-0.5146279037793273f,2.081625698834832f,-1.5808687778997357f,0.1832915283648704f,-0.016885034572660308f,-1.6138310436871521f,-2.11953244381284f,1.1378722292888264f,0f,0f,0f,1f], start_interpolation: 0, interpolation_duration: 1 }
$data merge entity $(bone_rocket_left) { transformation: [-2.260845206313584f,-0.3454834296753768f,0.2810649750140237f,1.4228151895480912f,-0.44513258454425375f,1.800523097506608f,-1.367388359169833f,0.004409701472733563f,-0.014604880583137327f,-1.3958994026920262f,-1.83331091806551f,-0.2892035000833065f,0f,0f,0f,1f], start_interpolation: 0, interpolation_duration: 1 }
$data merge entity $(bone_drillhead_left1) { transformation: [0.12197436708033053f,-0.14993018133722805f,0.9811438194778269f,1.5639797256680616f,-0.5934084446289709f,0.7813768514590883f,0.19317513775563142f,-1.2322013301463501f,-0.7956058519256743f,-0.605781443037064f,0.00633811119767966f,0.49352878164167363f,0f,0f,0f,1f], start_interpolation: 0, interpolation_duration: 1 }
$data merge entity $(bone_drillhead_left2) { transformation: [-0.9531362627203736f,-0.14993018133722805f,-0.26277786324503305f,1.3364730158110083f,0.04861702442256777f,0.7813768514590883f,-0.6221628411759876f,-1.0681128319863245f,0.2986095270143516f,-0.605781443037064f,-0.7374694526881758f,0.7614885849387578f,0f,0f,0f,1f], start_interpolation: 0, interpolation_duration: 1 }
$data merge entity $(bone_drillhead_left3) { transformation: [0.8597811238106529f,-0.14993018133722805f,-0.4881571057181048f,1.7087485021548263f,0.40555813634752014f,0.7813768514590883f,0.47431299164813945f,-0.9947361072739149f,0.3103208294349853f,-0.605781443037064f,0.7326184723924964f,0.7639969862255507f,0f,0f,0f,1f], start_interpolation: 0, interpolation_duration: 1 }
$data merge entity $(bone_drill_left) { transformation: [0.18647507308689767f,-0.22921407335016983f,1.499977985746724f,1.453622428135072f,-0.9072060444445125f,1.1945731629685996f,0.29532719696613885f,-0.6688054218793551f,-1.216326535955669f,-0.9261219514312133f,0.00968973873044832f,0.3943940769843045f,0f,0f,0f,1f], start_interpolation: 0, interpolation_duration: 1 }
$data merge entity $(bone_left_hand) { transformation: [-0.9811438194778269f,-0.14993018133722805f,0.12197436708033076f,1.4901568822741844f,-0.19317513775563155f,0.7813768514590883f,-0.5934084446289709f,-0.3491906964674999f,-0.006338111197679837f,-0.605781443037064f,-0.7956058519256743f,0.06341258718058018f,0f,0f,0f,1f], start_interpolation: 0, interpolation_duration: 1 }
$data merge entity $(bone_left_arm_low) { transformation: [-0.9811438194778269f,-0.14993018133722805f,0.12197436708033076f,1.2827169111908525f,-0.19317513775563155f,0.7813768514590883f,-0.5934084446289709f,0.40156869498720615f,-0.006338111197679837f,-0.605781443037064f,-0.7956058519256743f,-0.5676276706790162f,0f,0f,0f,1f], start_interpolation: 0, interpolation_duration: 1 }
$data merge entity $(bone_left_arm) { transformation: [-1.0858261416771642f,-0.2095278654400947f,-0.04303071215572087f,1.0390625f,-0.2137857980991872f,1.055754783310204f,0.25386895947071997f,1.46875f,-0.007014350690156957f,0.25739442429036813f,-1.0763228547989927f,-0.3061737499999999f,0f,0f,0f,1f], start_interpolation: 0, interpolation_duration: 1 }