# This file was generated by Animated Java via MC-Build. It is not recommended to edit this file directly.
$data merge entity $(bone_barrel_left) { transformation: [-2.255024543122589f,-0.31328290599658454f,0.2904593330843194f,1.591812156258217f,-0.4267901347091944f,1.7215856566282124f,-1.4565855626284394f,-1.4443989954439782f,-0.019052146345232168f,-1.485141454930484f,-1.7497543736242804f,0.47690645710591917f,0f,0f,0f,1f], start_interpolation: 0, interpolation_duration: 1 }
$data merge entity $(bone_blaster_left) { transformation: [-0.9825233480179303f,-0.1364986339573589f,0.12655431058408065f,1.631554040184474f,-0.18595419430550528f,0.7501018596044806f,-0.6346402428447872f,-0.2889210570822153f,-0.008301097507401923f,-0.647082161047324f,-0.7623750839544126f,0.14402301426601852f,0f,0f,0f,1f], start_interpolation: 0, interpolation_duration: 1 }
$data merge entity $(bone_sword_left) { transformation: [-2.617489687748254f,-0.3636389582963787f,0.3371468001876691f,1.2623589872300776f,-0.4953909614159242f,1.9983076089095508f,-1.6907122812169173f,0.27087251248616884f,-0.02211452497943158f,-1.7238581526678551f,-2.031004071783613f,1.1856680842352247f,0f,0f,0f,1f], start_interpolation: 0, interpolation_duration: 1 }
$data merge entity $(bone_rocket_left) { transformation: [-2.264024047605705f,-0.31453317660920316f,0.2916185178383069f,1.417695094489498f,-0.42849339764811856f,1.7284562771197483f,-1.4623986028194633f,0.01740951468199059f,-0.019128180939609343f,-1.4910684579081106f,-1.756737411737018f,-0.22846355549032582f,0f,0f,0f,1f], start_interpolation: 0, interpolation_duration: 1 }
$data merge entity $(bone_drillhead_left1) { transformation: [0.12655431058408043f,-0.1364986339573589f,0.9825233480179303f,1.539684148677311f,-0.6346402428447872f,0.7501018596044806f,0.18595419430550514f,-1.1780908516018367f,-0.7623750839544126f,-0.647082161047324f,0.008301097507401753f,0.6187091774915451f,0f,0f,0f,1f], start_interpolation: 0, interpolation_duration: 1 }
$data merge entity $(bone_drillhead_left2) { transformation: [-0.9561634494031434f,-0.1364986339573589f,-0.2590744698986328f,1.3103661265764224f,0.0710670323453742f,0.7501018596044806f,-0.657492720211807f,-0.9986824624790038f,0.28407909979282914f,-0.647082161047324f,-0.7075194286485855f,0.8750540020804038f,0f,0f,0f,1f], start_interpolation: 0, interpolation_duration: 1 }
$data merge entity $(bone_drillhead_left3) { transformation: [0.8593029734933163f,-0.1364986339573589f,-0.49291634449804966f,1.683164474458895f,0.4146655805523404f,0.7501018596044806f,0.5151695415327759f,-0.9280403375464388f,0.29941752796176707f,-0.647082161047324f,0.701166043675526f,0.8783029311613859f,0f,0f,0f,1f], start_interpolation: 0, interpolation_duration: 1 }
$data merge entity $(bone_drill_left) { transformation: [0.19347691552345783f,-0.20867985096161087f,1.5020870164512803f,1.4350369007375499f,-0.9702414408957594f,1.1467597860150696f,0.2842877795061421f,-0.6197703655363873f,-1.1655231578812106f,-0.9892627128375212f,0.012690762833593966f,0.48929294753349206f,0f,0f,0f,1f], start_interpolation: 0, interpolation_duration: 1 }
$data merge entity $(bone_left_hand) { transformation: [-0.9825233480179303f,-0.1364986339573589f,0.12655431058408065f,1.4780347670566722f,-0.18595419430550528f,0.7501018596044806f,-0.6346402428447872f,-0.3179763999424505f,-0.008301097507401923f,-0.647082161047324f,-0.7623750839544126f,0.14272596778048696f,0f,0f,0f,1f], start_interpolation: 0, interpolation_duration: 1 }
$data merge entity $(bone_left_arm_low) { transformation: [-0.9825233480179303f,-0.1364986339573589f,0.12655431058408065f,1.2840832460539453f,-0.18595419430550528f,0.7501018596044806f,-0.6346402428447872f,0.40067081492903633f,-0.008301097507401923f,-0.647082161047324f,-0.7623750839544126f,-0.5286992332346251f,0f,0f,0f,1f], start_interpolation: 0, interpolation_duration: 1 }
$data merge entity $(bone_left_arm) { transformation: [-1.0873528578652467f,-0.20351308061986098f,-0.03190872988575932f,1.0465f,-0.2057944221051026f,1.0655155559009546f,0.21701897266721729f,1.4780000000000002f,-0.009186776188372915f,0.21915976976562443f,-1.0847380222862897f,-0.3061737499999999f,0f,0f,0f,1f], start_interpolation: 0, interpolation_duration: 1 }