# This file was generated by Animated Java via MC-Build. It is not recommended to edit this file directly.
$data merge entity $(bone_barrel_left) { transformation: [-2.2572650403925314f,-0.2872238818316233f,0.29984241290713226f,1.4607460949499875f,-0.41459585220173045f,1.649570059791311f,-1.540998828885961f,-1.3865506888717816f,-0.022656350313287034f,-1.5697355041523258f,-1.6742358347152941f,0.5973362273279959f,0f,0f,0f,1f], start_interpolation: 0, interpolation_duration: 1 }
$data merge entity $(bone_blaster_left) { transformation: [-0.9834995417740482f,-0.1251446113385257f,0.13064255655477136f,1.5110181979422397f,-0.1806410959126517f,0.718724371705514f,-0.6714194456403464f,-0.24873963596821458f,-0.00987146380804057f,-0.6839401317143506f,-0.7294713499739678f,0.20954918081030283f,0f,0f,0f,1f], start_interpolation: 0, interpolation_duration: 1 }
$data merge entity $(bone_sword_left) { transformation: [-2.6200903150972503f,-0.3333912932620472f,0.3480380850521444f,1.1343758937101254f,-0.48123661049760663f,1.9147164645681218f,-1.7886938551257556f,0.3627669980144995f,-0.026298056705370804f,-1.8220495679933966f,-1.9433469341125658f,1.2189541989794814f,0f,0f,0f,1f], start_interpolation: 0, interpolation_duration: 1 }
$data merge entity $(bone_rocket_left) { transformation: [-2.266273486403706f,-0.28837015432789614f,0.30103904429077544f,1.302939248655455f,-0.4162504493731671f,1.6561532755676456f,-1.5471487512499245f,0.04043366329566894f,-0.022746768808658765f,-1.5760001107837744f,-1.68091748833466f,-0.1795552606402518f,0f,0f,0f,1f], start_interpolation: 0, interpolation_duration: 1 }
$data merge entity $(bone_drillhead_left1) { transformation: [0.13064255655477114f,-0.1251446113385257f,0.9834995417740482f,1.4087647147833342f,-0.6714194456403464f,0.718724371705514f,0.18064109591265157f,-1.1134170624431299f,-0.7294713499739678f,-0.6839401317143506f,0.00987146380804041f,0.7255599629999425f,0f,0f,0f,1f], start_interpolation: 0, interpolation_duration: 1 }
$data merge entity $(bone_drillhead_left2) { transformation: [-0.9586298388346026f,-0.1251446113385257f,-0.2556709962996845f,1.1778782888137327f,0.09005048677020652f,0.718724371705514f,-0.6894390381672355f,-0.9205572966039082f,0.2700365566518592f,-0.6839401317143506f,-0.6777212954468553f,0.9704749757387097f,0f,0f,0f,1f], start_interpolation: 0, interpolation_duration: 1 }
$data merge entity $(bone_drillhead_left3) { transformation: [0.8586403549239423f,-0.1251446113385257f,-0.4970669644514871f,1.5510465182842614f,0.4238317092584206f,0.718724371705514f,0.5511823289471456f,-0.8519264256360289f,0.28827664338820813f,-0.6839401317143506f,0.6701660041417979f,0.9743154969381779f,0f,0f,0f,1f], start_interpolation: 0, interpolation_duration: 1 }
$data merge entity $(bone_drill_left) { transformation: [0.19972704810811545f,-0.19132175968098283f,1.5035794267533495f,1.30888605309901f,-1.0264696853502921f,1.0987897125537365f,0.27616508590386457f,-0.5614224643407991f,-1.1152197511433477f,-1.0456113780406127f,0.01509154734016114f,0.5682462991169988f,0f,0f,0f,1f], start_interpolation: 0, interpolation_duration: 1 }
$data merge entity $(bone_left_hand) { transformation: [-0.9834995417740482f,-0.1251446113385257f,0.13064255655477136f,1.3573463945400446f,-0.1806410959126517f,0.718724371705514f,-0.6714194456403464f,-0.2769648072045664f,-0.00987146380804057f,-0.6839401317143506f,-0.7294713499739678f,0.2080067645902965f,0f,0f,0f,1f], start_interpolation: 0, interpolation_duration: 1 }
$data merge entity $(bone_left_arm_low) { transformation: [-0.9834995417740482f,-0.1251446113385257f,0.13064255655477136f,1.1748156417329774f,-0.1806410959126517f,0.718724371705514f,-0.6714194456403464f,0.409487638330146f,-0.00987146380804057f,-0.6839401317143506f,-0.7294713499739678f,-0.4993463132987432f,0f,0f,0f,1f], start_interpolation: 0, interpolation_duration: 1 }
$data merge entity $(bone_left_arm) { transformation: [-1.088433205800679f,-0.19879304438521905f,-0.023800431688131264f,0.9420000000000001f,-0.1999144471068055f,1.0719266522014865f,0.18915455234310757f,1.4935f,-0.01092469141281962f,0.19033275161725977f,-1.0901495646531099f,-0.3061737499999999f,0f,0f,0f,1f], start_interpolation: 0, interpolation_duration: 1 }