# This file was generated by Animated Java via MC-Build. It is not recommended to edit this file directly.
$data merge entity $(bone_barrel_left) { transformation: [-2.273226077356301f,-0.1070315233067832f,0.29771789952337074f,1.363162565289962f,-0.3123965906939352f,1.1007289316399826f,-1.9895860581096263f,-1.0004806490170801f,-0.050000648003643136f,-2.0111162486340826f,-1.1047895107801684f,1.3491676876776446f,0f,0f,0f,1f], start_interpolation: 0, interpolation_duration: 1 }
$data merge entity $(bone_blaster_left) { transformation: [-0.9904538303751671f,-0.04663406921381917f,0.12971689744871487f,1.5001531084565762f,-0.13611246278187686f,0.47959206407463145f,-0.866870722514082f,-0.03858588896364078f,-0.021785485319631325f,-0.87625151393033f,-0.48136127489048475f,0.6395818003036389f,0f,0f,0f,1f], start_interpolation: 0, interpolation_duration: 1 }
$data merge entity $(bone_sword_left) { transformation: [-2.6386168760545803f,-0.12423541436562628f,0.3455720844534198f,1.1068842287233125f,-0.36261017961995445f,1.2776564389779153f,-2.309385503529103f,0.8665542796616965f,-0.05803758585662164f,-2.3343763852669057f,-1.2823697021032046f,1.3884203295083704f,0f,0f,0f,1f], start_interpolation: 0, interpolation_duration: 1 }
$data merge entity $(bone_rocket_left) { transformation: [-2.2822982217534418f,-0.10745867194991962f,0.2989060522552937f,1.3301849689440914f,-0.3136433241394911f,1.1051217951168797f,-1.9975262327317211f,0.12576315060687657f,-0.050200193971885416f,-2.0191423473968872f,-1.1091985794909673f,0.16796698157662615f,0f,0f,0f,1f], start_interpolation: 0, interpolation_duration: 1 }
$data merge entity $(bone_drillhead_left1) { transformation: [0.12971689744871465f,-0.04663406921381917f,0.9904538303751671f,1.3204779899280723f,-0.866870722514082f,0.47959206407463145f,0.13611246278187666f,-0.6993995737064774f,-0.48136127489048475f,-0.87625151393033f,0.021785485319631218f,1.384854958177809f,0f,0f,0f,1f], start_interpolation: 0, interpolation_duration: 1 }
$data merge entity $(bone_drillhead_left2) { transformation: [-0.9647005293324472f,-0.04663406921381917f,-0.2591874848333864f,1.0885846580175569f,0.20598554502461416f,0.47959206407463145f,-0.8529721023090657f,-0.4319638669456787f,0.16408182089009385f,-0.87625151393033f,-0.4530567739127138f,1.5435698591990987f,0f,0f,0f,1f], start_interpolation: 0, interpolation_duration: 1 }
$data merge entity $(bone_drillhead_left3) { transformation: [0.8654195142295983f,-0.04663406921381917f,-0.49887305798085246f,1.4643917865548817f,0.4574885819923744f,0.47959206407463145f,0.7487961334189974f,-0.3802038101709042f,0.20433614887535864f,-0.87625151393033f,0.4363828853170023f,1.5518988568737986f,0f,0f,0f,1f], start_interpolation: 0, interpolation_duration: 1 }
$data merge entity $(bone_drill_left) { transformation: [0.19831189545278946f,-0.071294417615295f,1.5142111808358034f,1.2614239202659858f,-1.3252766561292757f,0.7332029453476436f,0.2080894703767731f,-0.218431944710762f,-0.7359077244261454f,-1.3396180608590555f,0.033305767961364356f,1.0614293423820493f,0f,0f,0f,1f], start_interpolation: 0, interpolation_duration: 1 }
$data merge entity $(bone_left_hand) { transformation: [-0.9904538303751671f,-0.04663406921381917f,0.12971689744871487f,1.3453946974604563f,-0.13611246278187686f,0.47959206407463145f,-0.866870722514082f,-0.05985346127330904f,-0.021785485319631325f,-0.87625151393033f,-0.48136127489048475f,0.6361778182224465f,0f,0f,0f,1f], start_interpolation: 0, interpolation_duration: 1 }
$data merge entity $(bone_left_arm_low) { transformation: [-0.9904538303751671f,-0.04663406921381917f,0.12971689744871487f,1.2409109168934616f,-0.13611246278187686f,0.47959206407463145f,-0.866870722514082f,0.38414186379889004f,-0.021785485319631325f,-0.87625151393033f,-0.48136127489048475f,-0.25647782838068817f,0f,0f,0f,1f], start_interpolation: 0, interpolation_duration: 1 }
$data merge entity $(bone_left_arm) { transformation: [-1.0961294764288536f,-0.14948657653977213f,0.030428816478034967f,1.058f,-0.1506348685713369f,1.0954911268629584f,-0.044500627737701436f,1.4935f,-0.02410986952123829f,-0.04821755834726888f,-1.1053803688290853f,-0.3061737499999999f,0f,0f,0f,1f], start_interpolation: 0, interpolation_duration: 1 }