# This file was generated by Animated Java via MC-Build. It is not recommended to edit this file directly.
$data merge entity $(bone_barrel_left) { transformation: [-2.2794614821106993f,-0.025576428740158516f,0.26655147967566717f,1.2337152540812268f,-0.2599888030870047f,0.758343428048722f,-2.1505742397916405f,-0.7379032815989833f,-0.06410668681015026f,-2.166081620087042f,-0.7560616649969848f,1.6805501055761551f,0f,0f,0f,1f], start_interpolation: 0, interpolation_duration: 1 }
$data merge entity $(bone_blaster_left) { transformation: [-0.9931706215401337f,-0.01114375383308476f,0.1161375617967421f,1.4160441089305196f,-0.11327817696498199f,0.3304133101993115f,-0.9370139268263966f,0.09091826874213647f,-0.027931543693013202f,-0.9437705553754264f,-0.3294191367745416f,0.827713018979195f,0f,0f,0f,1f], start_interpolation: 0, interpolation_duration: 1 }
$data merge entity $(bone_sword_left) { transformation: [-2.645854539029624f,-0.0296874988261064f,0.30939607794200785f,1.0311079256096212f,-0.3017785385465987f,0.8802370283476256f,-2.496250390071984f,1.1160590013583465f,-0.074410982422799f,-2.5142503750969794f,-0.877588502292323f,1.4070306283686436f,0f,0f,0f,1f], start_interpolation: 0, interpolation_duration: 1 }
$data merge entity $(bone_rocket_left) { transformation: [-2.2885585111829148f,-0.025678500882038813f,0.2676152513510746f,1.2625479200106278f,-0.2610263839887636f,0.7613698762979352f,-2.1591568969389012f,0.17986183826436403f,-0.06436252811223506f,-2.1747261651365495f,-0.759079007031866f,0.33087474154103963f,0f,0f,0f,1f], start_interpolation: 0, interpolation_duration: 1 }
$data merge entity $(bone_drillhead_left1) { transformation: [0.11613756179674188f,-0.01114375383308476f,0.9931706215401337f,1.1989674034607507f,-0.9370139268263966f,0.3304133101993115f,0.11327817696498178f,-0.43408257495922875f,-0.3294191367745416f,-0.9437705553754264f,0.02793154369301313f,1.6653536173652932f,0f,0f,0f,1f], start_interpolation: 0, interpolation_duration: 1 }
$data merge entity $(bone_drillhead_left2) { transformation: [-0.9620139303073328f,-0.01114375383308476f,-0.2727728260753734f,0.97115241905898f,0.2539243165136784f,0.3304133101993115f,-0.9090376702459558f,-0.13858217082383106f,0.10025786441820703f,-0.9437705553754264f,-0.31503253709523293f,1.7714980401073475f,0f,0f,0f,1f], start_interpolation: 0, interpolation_duration: 1 }
$data merge entity $(bone_drillhead_left3) { transformation: [0.873126088757553f,-0.01114375383308476f,-0.4873670586749225f,1.3479921891295195f,0.46323509486995473f,0.3304133101993115f,0.8223383070999172f,-0.09547737955714494f,0.15186862747704613f,-0.9437705553754264f,0.2936546590718374f,1.782139384106153f,0f,0f,0f,1f], start_interpolation: 0, interpolation_duration: 1 }
$data merge entity $(bone_drill_left) { transformation: [0.1775517335533187f,-0.01703663122201991f,1.5183646258847565f,1.1619070550890003f,-1.4325119668242987f,0.5051376583714711f,0.17318029053418937f,-0.011350165097333192f,-0.5036177606545768f,-1.4428415371484602f,0.04270189529374014f,1.2661729408925964f,0f,0f,0f,1f], start_interpolation: 0, interpolation_duration: 1 }
$data merge entity $(bone_left_hand) { transformation: [-0.9931706215401337f,-0.01114375383308476f,0.1161375617967421f,1.2608611993148737f,-0.11327817696498199f,0.3304133101993115f,-0.9370139268263966f,0.07321855359135804f,-0.027931543693013202f,-0.9437705553754264f,-0.3294191367745416f,0.8233487152771617f,0f,0f,0f,1f], start_interpolation: 0, interpolation_duration: 1 }
$data merge entity $(bone_left_arm_low) { transformation: [-0.9931706215401337f,-0.01114375383308476f,0.1161375617967421f,1.1912735804416787f,-0.11327817696498199f,0.3304133101993115f,-0.9370139268263966f,0.36727029251703325f,-0.027931543693013202f,-0.9437705553754264f,-0.3294191367745416f,-0.13246190960328236f,0f,0f,0f,1f], start_interpolation: 0, interpolation_duration: 1 }
$data merge entity $(bone_left_arm) { transformation: [-1.0991361333631737f,-0.11920276503043338f,0.04962297530961623f,1.0390625f,-0.12536429765777996f,1.0870389344665878f,-0.16553587635477895f,1.46875f,-0.030911676471052838f,-0.17002656938511818f,-1.0931182060943383f,-0.3061737499999999f,0f,0f,0f,1f], start_interpolation: 0, interpolation_duration: 1 }