# This file was generated by Animated Java via MC-Build. It is not recommended to edit this file directly.
$data merge entity $(bone_barrel_left) { transformation: [-2.282185035534411f,0.011394279375899697f,0.2432079921199059f,1.1624853042083778f,-0.2327636177457537f,0.5704203913458538f,-2.210902568826009f,-0.5871850507982557f,-0.07142167239291526f,-2.223092270011535f,-0.5660461087033919f,1.8322732783140836f,0f,0f,0f,1f], start_interpolation: 0, interpolation_duration: 1 }
$data merge entity $(bone_blaster_left) { transformation: [-0.9943572848234813f,0.004964533780709289f,0.10596670950262824f,1.3672821354159361f,-0.10141605318744913f,0.24853448020869665f,-0.9632992246977433f,0.1629704393819368f,-0.031118712607604678f,-0.9686103269900301f,-0.24662858750337957f,0.9142073393012253f,0f,0f,0f,1f], start_interpolation: 0, interpolation_duration: 1 }
$data merge entity $(bone_sword_left) { transformation: [-2.6490158673718542f,0.013225757944275615f,0.28230043583929426f,0.9909330034920177f,-0.27017726746726856f,0.6621078677758446f,-2.5662756940573157f,1.2391983719112474f,-0.08290175445776823f,-2.580424727267245f,-0.6570304774907325f,1.3987618229158796f,0f,0f,0f,1f], start_interpolation: 0, interpolation_duration: 1 }
$data merge entity $(bone_rocket_left) { transformation: [-2.2912929339478594f,0.011439752436775254f,0.24417860302615435f,1.221018995896536f,-0.23369254653626192f,0.5726968636285321f,-2.2197259883495635f,0.21118521963213724f,-0.07170670683427068f,-2.2319643370191278f,-0.5683051238030115f,0.40962559024231077f,0f,0f,0f,1f], start_interpolation: 0, interpolation_duration: 1 }
$data merge entity $(bone_drillhead_left1) { transformation: [0.10596670950262801f,0.004964533780709289f,0.9943572848234813f,1.1324767642477243f,-0.9632992246977433f,0.24853448020869665f,0.10141605318744892f,-0.285326222941483f,-0.24662858750337957f,-0.9686103269900301f,0.031118712607604623f,1.7907268737267934f,0f,0f,0f,1f], start_interpolation: 0, interpolation_duration: 1 }
$data merge entity $(bone_drillhead_left2) { transformation: [-0.9592180475608105f,0.004964533780709289f,-0.28262358471643373f,0.9078774467898136f,0.27494243789400225f,0.24853448020869665f,-0.9287826807129297f,0.021318485350982047f,0.06563073272888034f,-0.9686103269900301f,-0.23976371987800224f,1.8682572801172925f,0f,0f,0f,1f], start_interpolation: 0, interpolation_duration: 1 }
$data merge entity $(bone_drillhead_left3) { transformation: [0.8781146393430104f,0.004964533780709289f,-0.4784245327905284f,1.28516881400403f,0.4623348695099225f,0.24853448020869665f,0.8511621940515427f,0.05992565532197076f,0.12313061604141404f,-0.9686103269900301f,0.21594648837508038f,1.8800972206374513f,0f,0f,0f,1f], start_interpolation: 0, interpolation_duration: 1 }
$data merge entity $(bone_drill_left) { transformation: [0.16200247947396085f,0.007589806135173007f,1.5201788031400978f,1.1064765570637396f,-1.4726970725887105f,0.3799608595714899f,0.15504541144992667f,0.10215849471110197f,-0.37704712048001565f,-1.4808167145416293f,0.04757445639419924f,1.3564447591395503f,0f,0f,0f,1f], start_interpolation: 0, interpolation_duration: 1 }
$data merge entity $(bone_left_hand) { transformation: [-0.9943572848234813f,0.004964533780709289f,0.10596670950262824f,1.2119138096622672f,-0.10141605318744913f,0.24853448020869665f,-0.9632992246977433f,0.14712418107139788f,-0.031118712607604678f,-0.9686103269900301f,-0.24662858750337957f,0.9093450404562871f,0f,0f,0f,1f], start_interpolation: 0, interpolation_duration: 1 }
$data merge entity $(bone_left_arm_low) { transformation: [-0.9943572848234813f,0.004964533780709289f,0.10596670950262824f,1.1580424728134662f,-0.10141605318744913f,0.24853448020869665f,-0.9632992246977433f,0.3592170571840745f,-0.031118712607604678f,-0.9686103269900301f,-0.24662858750337957f,-0.06891734943119898f,0f,0f,0f,1f], start_interpolation: 0, interpolation_duration: 1 }
$data merge entity $(bone_left_arm) { transformation: [-1.100449406696652f,-0.10258445767352706f,0.05709212624209201f,1.0226875f,-0.11223655446890637f,1.0771352945846266f,-0.22793527926818508f,1.451f,-0.03443889771701256f,-0.232439163520147f,-1.081461037726334f,-0.3061737499999999f,0f,0f,0f,1f], start_interpolation: 0, interpolation_duration: 1 }