# This file was generated by Animated Java via MC-Build. It is not recommended to edit this file directly.
$data merge entity $(bone_barrel_left) { transformation: [-2.2831258669962495f,0.024317680332667627f,0.23322396816484572f,1.134151669796164f,-0.2224411446222071f,0.4976733384476782f,-2.2294595037426f,-0.5271271375147119f,-0.07419370648836145f,-2.2403969273484274f,-0.49271228449871024f,1.885933314241775f,0f,0f,0f,1f], start_interpolation: 0, interpolation_duration: 1 }
$data merge entity $(bone_blaster_left) { transformation: [-0.9947672089108377f,0.010595312041880293f,0.10161662973390279f,1.3471782553145795f,-0.09691850974203362f,0.21683829393438728f,-0.9713845565753081f,0.19160787227937007f,-0.03232649911644073f,-0.9761500364423287f,-0.21467674258874742f,0.9448914823052933f,0f,0f,0f,1f], start_interpolation: 0, interpolation_duration: 1 }
$data merge entity $(bone_sword_left) { transformation: [-2.650107924953569f,0.028226423386317794f,0.27071161308155417f,0.9747826619800605f,-0.2581955943474151f,0.577667695558748f,-2.587815408970189f,1.2850887404890152f,-0.0861193560936554f,-2.6005108776674586f,-0.5719092182989817f,1.3924620268809822f,0f,0f,0f,1f], start_interpolation: 0, interpolation_duration: 1 }
$data merge entity $(bone_rocket_left) { transformation: [-2.292237520143536f,0.0244147289762579f,0.2341547341529459f,1.2033945743015702f,-0.22332887778873176f,0.49965948687082806f,-2.238356981537265f,0.2241719673134142f,-0.07448980375089342f,-2.2493380549530575f,-0.4946786340121805f,0.43834815218538836f,0f,0f,0f,1f], start_interpolation: 0, interpolation_duration: 1 }
$data merge entity $(bone_drillhead_left1) { transformation: [0.10161662973390256f,0.010595312041880293f,0.9947672089108377f,1.1060252851901453f,-0.9713845565753081f,0.21683829393438728f,0.09691850974203339f,-0.22662078302338196f,-0.21467674258874742f,-0.9761500364423287f,0.03232649911644068f,1.834453167009165f,0f,0f,0f,1f], start_interpolation: 0, interpolation_duration: 1 }
$data merge entity $(bone_drillhead_left2) { transformation: [-0.9579320645780446f,0.010595312041880293f,-0.28679940553630934f,0.8828198393287272f,0.2821917487845193f,0.21683829393438728f,-0.9345314179852701f,0.08361301556435277f,0.05228744181139498f,-0.9761500364423287f,-0.2107062642221644f,1.900944622046912f,0f,0f,0f,1f], start_interpolation: 0, interpolation_duration: 1 }
$data merge entity $(bone_drillhead_left3) { transformation: [0.88015806327416f,0.010595312041880293f,-0.4745624542841702f,1.2602673162110456f,0.46127380372884014f,0.21683829393438728f,0.8603532020496886f,0.12051466063391057f,0.11201902359424247f,-0.9761500364423287f,0.18596463294571128f,1.9132386988888102f,0f,0f,0f,1f], start_interpolation: 0, interpolation_duration: 1 }
$data merge entity $(bone_drill_left) { transformation: [0.1553520539606013f,0.016198170440900155f,1.5208054973052703f,1.0841049633366726f,-1.4850579717586792f,0.3315035583076501f,0.14816954266888174f,0.14665713741563102f,-0.32819896690203276f,-1.4923434631923962f,0.04942092695108472f,1.387682011001028f,0f,0f,0f,1f], start_interpolation: 0, interpolation_duration: 1 }
$data merge entity $(bone_left_hand) { transformation: [-0.9947672089108377f,0.010595312041880293f,0.10161662973390279f,1.191745878922261f,-0.09691850974203362f,0.21683829393438728f,-0.9713845565753081f,0.17646435513217731f,-0.03232649911644073f,-0.9761500364423287f,-0.21467674258874742f,0.9398404668183494f,0f,0f,0f,1f], start_interpolation: 0, interpolation_duration: 1 }
$data merge entity $(bone_left_arm_low) { transformation: [-0.9947672089108377f,0.010595312041880293f,0.10161662973390279f,1.1433437600863985f,-0.09691850974203362f,0.21683829393438728f,-0.9713845565753081f,0.3568894748147091f,-0.03232649911644073f,-0.9761500364423287f,-0.21467674258874742f,-0.04503862402465508f,0f,0f,0f,1f], start_interpolation: 0, interpolation_duration: 1 }
$data merge entity $(bone_left_arm) { transformation: [-1.1009030672929054f,-0.0961665927521009f,0.05946765000865624f,1.0145f,-0.10725914937353512f,1.0724006445888188f,-0.25144444892496576f,1.4440000000000002f,-0.03577554800092011f,-0.25589220866991164f,-1.076109318908305f,-0.3061737499999999f,0f,0f,0f,1f], start_interpolation: 0, interpolation_duration: 1 }