# This file was generated by Animated Java via MC-Build. It is not recommended to edit this file directly.
$data merge entity $(bone_barrel_left) { transformation: [-2.2837944999378506f,0.03354754298322473f,0.2254012818599432f,1.111702665208878f,-0.21474523851234045f,0.4428689812261863f,-2.2417404045639744f,-0.4807135305692774f,-0.07626046184357181f,-2.251752677644275f,-0.43754167130907273f,1.9245501872101143f,0f,0f,0f,1f], start_interpolation: 0, interpolation_duration: 1 }
$data merge entity $(bone_blaster_left) { transformation: [-0.9950585349978999f,0.014616800668613178f,0.09820825355359573f,1.330749650430501f,-0.09356537220738517f,0.1929598130072271f,-0.9767353949191713f,0.21400825333306112f,-0.03322699281498088f,-0.9810977829464452f,-0.19063868244940016f,0.9670011643749522f,0f,0f,0f,1f], start_interpolation: 0, interpolation_duration: 1 }
$data merge entity $(bone_sword_left) { transformation: [-2.6508840317302638f,0.03893986345988449f,0.2616315341990342f,0.9615387250040482f,-0.2492626738867975f,0.514054268242215f,-2.602070300942094f,1.3195924614715813f,-0.08851831483042846f,-2.613691913495506f,-0.5078706642481872f,1.3866023210794223f,0f,0f,0f,1f], start_interpolation: 0, interpolation_duration: 1 }
$data merge entity $(bone_rocket_left) { transformation: [-2.2929088215107085f,0.03368142678701561f,0.22630082854238853f,1.1887181705184855f,-0.21560225833618837f,0.4446364127134104f,-2.250686893808353f,0.23482260824682252f,-0.0765648072531767f,-2.260739124545322f,-0.4392878422075249f,0.4593456376213013f,0f,0f,0f,1f], start_interpolation: 0, interpolation_duration: 1 }
$data merge entity $(bone_drillhead_left1) { transformation: [0.09820825355359551f,0.014616800668613178f,0.9950585349978999f,1.085006068841674f,-0.9767353949191713f,0.1929598130072271f,0.09356537220738495f,-0.1814361164816508f,-0.19063868244940016f,-0.9810977829464452f,0.03322699281498084f,1.8656800817303756f,0f,0f,0f,1f], start_interpolation: 0, interpolation_duration: 1 }
$data merge entity $(bone_drillhead_left2) { transformation: [-0.9568968856916967f,0.014616800668613178f,-0.29005982019532844f,0.8628984174165959f,0.2873373211059366f,0.1929598130072271f,-0.9381917578319904f,0.13124442892155608f,0.042256526752634485f,-0.9810977829464452f,-0.18884259647752655f,1.9238682432943517f,0f,0f,0f,1f], start_interpolation: 0, interpolation_duration: 1 }
$data merge entity $(bone_drillhead_left3) { transformation: [0.8817315425787547f,0.014616800668613178f,-0.47152501095901994f,1.2404568799790807f,0.46022358577434336f,0.1929598130072271f,0.8665799222583118f,0.16687443413684197f,0.10365200392995526f,-0.9810977829464452f,0.16341175716231243f,1.9365008841454916f,0f,0f,0f,1f], start_interpolation: 0, interpolation_duration: 1 }
$data merge entity $(bone_drill_left) { transformation: [0.15014130999411024f,0.02234624403651278f,1.5212508782051872f,1.0660806847189641f,-1.493238362402485f,0.2949980073244359f,0.1430432478430829f,0.18093996710771565f,-0.29144945035483955f,-1.4999076048481832f,0.05079760659508712f,1.4098876112830003f,0f,0f,0f,1f], start_interpolation: 0, interpolation_duration: 1 }
$data merge entity $(bone_left_hand) { transformation: [-0.9950585349978999f,0.014616800668613178f,0.09820825355359573f,1.1752717543370792f,-0.09356537220738517f,0.1929598130072271f,-0.9767353949191713f,0.19938866392565718f,-0.03322699281498088f,-0.9810977829464452f,-0.19063868244940016f,0.9618094467476115f,0f,0f,0f,1f], start_interpolation: 0, interpolation_duration: 1 }
$data merge entity $(bone_left_arm_low) { transformation: [-0.9950585349978999f,0.014616800668613178f,0.09820825355359573f,1.1307664044918735f,-0.09356537220738517f,0.1929598130072271f,-0.9767353949191713f,0.3559776600786986f,-0.03322699281498088f,-0.9810977829464452f,-0.19063868244940016f,-0.02732248207631388f,0f,0f,0f,1f], start_interpolation: 0, interpolation_duration: 1 }
$data merge entity $(bone_left_arm) { transformation: [-1.101225476174055f,-0.09134734836113255f,0.061074471808142745f,1.0068125f,-0.10354825162390864f,1.0685218332137798f,-0.2689067311636564f,1.4392500000000001f,-0.03677211912421459f,-0.27329239364988034f,-1.071788718620541f,-0.3061737499999999f,0f,0f,0f,1f], start_interpolation: 0, interpolation_duration: 1 }