# This file was generated by Animated Java via MC-Build. It is not recommended to edit this file directly.
$data merge entity $(bone_barrel_left) { transformation: [-2.253877157045839f,-0.32174615078569374f,0.29011320006550756f,1.50231403410548f,-0.43286746010600946f,1.7351658198860778f,-1.4385665896756885f,-1.4413316228243829f,-0.01766398536661119f,-1.4674220542858f,-1.7646554880959922f,0.4442165255585999f,0f,0f,0f,1f], start_interpolation: 0, interpolation_duration: 1 }
$data merge entity $(bone_blaster_left) { transformation: [-0.9820234272463203f,-0.14018610406966928f,0.12640349902261017f,1.5380316080017726f,-0.1886021096526282f,0.7560187918664558f,-0.6267893031787974f,-0.28254315435532956f,-0.00769627013358811f,-0.6393617462521137f,-0.7688675600228421f,0.12257447272064838f,0f,0f,0f,1f], start_interpolation: 0, interpolation_duration: 1 }
$data merge entity $(bone_sword_left) { transformation: [-2.616157874649848f,-0.37346255690329566f,0.3367450308986863f,1.169893183020452f,-0.5024451358832348f,2.014070602440512f,-1.6697969984846368f,0.26599233457754323f,-0.020503235622268516f,-1.7032905945000334f,-2.048300341832919f,1.1705635933133731f,0f,0f,0f,1f], start_interpolation: 0, interpolation_duration: 1 }
$data merge entity $(bone_rocket_left) { transformation: [-2.2628720824629878f,-0.32303019708809527f,0.2912710034484301f,1.3223976141486136f,-0.43459497684621523f,1.7420906370117448f,-1.4443077185305968f,0.02682283049600037f,-0.017734479994255637f,-1.473278341480742f,-1.7716979945843183f,-0.24636316511520928f,0f,0f,0f,1f], start_interpolation: 0, interpolation_duration: 1 }
$data merge entity $(bone_drillhead_left1) { transformation: [0.12640349902260994f,-0.14018610406966928f,0.9820234272463203f,1.4498045877454746f,-0.6267893031787974f,0.7560187918664558f,0.18860210965262805f,-1.1765711407665695f,-0.7688675600228421f,-0.6393617462521137f,0.007696270133587939f,0.5887503048049951f,0f,0f,0f,1f], start_interpolation: 0, interpolation_duration: 1 }
$data merge entity $(bone_drillhead_left2) { transformation: [-0.9556438697483918f,-0.14018610406966928f,-0.25902249021675117f,1.2206324822600363f,0.06561625301367266f,0.7560187918664558f,-0.6512527110770674f,-1.0003214467087875f,0.28712245045061313f,-0.6393617462521137f,-0.7132862369881274f,0.8474064198560713f,0f,0f,0f,1f], start_interpolation: 0, interpolation_duration: 1 }
$data merge entity $(bone_drillhead_left3) { transformation: [0.8588988200105325f,-0.14018610406966928f,-0.4925857013863507f,1.5932411566859273f,0.4141075108066976f,0.7560187918664558f,0.5069029057307379f,-0.9286756008495958f,0.3013433033568127f,-0.6393617462521137f,0.7073957668458668f,0.8504266934800513f,0f,0f,0f,1f], start_interpolation: 0, interpolation_duration: 1 }
$data merge entity $(bone_drill_left) { transformation: [0.1932463539913858f,-0.21431727524310742f,1.5013227348677387f,1.343292155790516f,-0.958238881808471f,1.155805624107227f,0.2883359268316984f,-0.6173040427048595f,-1.1754488904622045f,-0.9774597008796904f,0.011766099468359131f,0.4650701240849023f,0f,0f,0f,1f], start_interpolation: 0, interpolation_duration: 1 }
$data merge entity $(bone_left_hand) { transformation: [-0.9820234272463203f,-0.14018610406966928f,0.12640349902261017f,1.384590447494535f,-0.1886021096526282f,0.7560187918664558f,-0.6267893031787974f,-0.3120122339885527f,-0.00769627013358811f,-0.6393617462521137f,-0.7688675600228421f,0.12137193051227524f,0f,0f,0f,1f], start_interpolation: 0, interpolation_duration: 1 }
$data merge entity $(bone_left_arm_low) { transformation: [-0.9820234272463203f,-0.14018610406966928f,0.12640349902261017f,1.1869779885664271f,-0.1886021096526282f,0.7560187918664558f,-0.6267893031787974f,0.4126317603002765f,-0.00769627013358811f,-0.6393617462521137f,-0.7688675600228421f,-0.5424979438739015f,0f,0f,0f,1f], start_interpolation: 0, interpolation_duration: 1 }
$data merge entity $(bone_left_arm) { transformation: [-1.0867995984635106f,-0.20582274154441207f,-0.035715688103725614f,0.9470625f,-0.20872485457359066f,1.0621923274219651f,0.23011599940719096f,1.4865000000000002f,-0.00851741726193285f,0.2327153565261198f,-1.0819163530394276f,-0.3061737499999999f,0f,0f,0f,1f], start_interpolation: 0, interpolation_duration: 1 }