# This file was generated by Animated Java via MC-Build. It is not recommended to edit this file directly.
$data merge entity $(bone_barrel_left) { transformation: [-2.284346477604402f,0.041357360518222655f,0.2184015394589085f,1.0854263155708703f,-0.20813118320781665f,0.39380960510962f,-2.2514981454468517f,-0.43457312625439903f,-0.07804533479696056f,-2.260719367171667f,-0.38820788511061877f,1.9573338022838924f,0f,0f,0f,1f], start_interpolation: 0, interpolation_duration: 1 }
$data merge entity $(bone_blaster_left) { transformation: [-0.9952990339080449f,0.01801956987363028f,0.09515843737305679f,1.3096446201738696f,-0.09068360146054537f,0.17158444367001663f,-0.9809868822347196f,0.23842728328784213f,-0.03400466920670733f,-0.9850046059750279f,-0.16914375152550615f,0.9855742278352353f,0f,0f,0f,1f], start_interpolation: 0, interpolation_duration: 1 }
$data merge entity $(bone_sword_left) { transformation: [-2.651524732451004f,0.048005005089228295f,0.2535066764862963f,0.9433282440968741f,-0.24158549733163015f,0.45710925118503504f,-2.613396468639268f,1.3541720726566084f,-0.09059008232568f,-2.62409987887343f,-0.45060712934527214f,1.3800665054041752f,0f,0f,0f,1f], start_interpolation: 0, interpolation_duration: 1 }
$data merge entity $(bone_rocket_left) { transformation: [-2.293463002047069f,0.041522412270111f,0.21927315109589682f,1.169086333398369f,-0.20896180721236132f,0.3953812471201192f,-2.260483576543588f,0.24873851225497026f,-0.07835680339828184f,-2.269741598943813f,-0.38975717139802935f,0.4771872108138291f,0f,0f,0f,1f], start_interpolation: 0, interpolation_duration: 1 }
$data merge entity $(bone_drillhead_left1) { transformation: [0.09515843737305657f,0.01801956987363028f,0.9952990339080449f,1.0599865811340146f,-0.9809868822347196f,0.17158444367001663f,0.09068360146054515f,-0.13654865083968476f,-0.16914375152550615f,-0.9850046059750279f,0.0340046692067073f,1.8919151495514166f,0f,0f,0f,1f], start_interpolation: 0, interpolation_duration: 1 }
$data merge entity $(bone_drillhead_left2) { transformation: [-0.9559519635883197f,0.01801956987363028f,-0.2929695178908645f,0.8388650670859445f,0.29162670387490236f,0.17158444367001663f,-0.9410168140248668f,0.1781172427330559f,0.033312293506994904f,-0.9850046059750279f,-0.1692814736150521f,1.9426837017128094f,0f,0f,0f,1f], start_interpolation: 0, interpolation_duration: 1 }
$data merge entity $(bone_drillhead_left3) { transformation: [0.8831208487234802f,0.01801956987363028f,-0.4687993831603126f,1.2165151825341165f,0.459188150522519f,0.17158444367001663f,0.8716105902925683f,0.21265432353844477f,0.09614472928678228f,-0.9850046059750279f,0.14325542655812765f,1.9556086346134833f,0f,0f,0f,1f], start_interpolation: 0, interpolation_duration: 1 }
$data merge entity $(bone_drill_left) { transformation: [0.14547873449746465f,0.027548416028809454f,1.5216185542417193f,1.0436399477873706f,-1.4997380592393847f,0.262319226898458f,0.13863758111572266f,0.2159236024593852f,-0.25858788352751455f,-1.5058803770562383f,0.05198652247517232f,1.4283232271985917f,0f,0f,0f,1f], start_interpolation: 0, interpolation_duration: 1 }
$data merge entity $(bone_left_hand) { transformation: [-0.9952990339080449f,0.01801956987363028f,0.09515843737305679f,1.1541291461257377f,-0.09068360146054537f,0.17158444367001663f,-0.9809868822347196f,0.22425797055963193f,-0.03400466920670733f,-0.9850046059750279f,-0.16914375152550615f,0.9802609982716872f,0f,0f,0f,1f], start_interpolation: 0, interpolation_duration: 1 }
$data merge entity $(bone_left_arm_low) { transformation: [-0.9952990339080449f,0.01801956987363028f,0.09515843737305679f,1.112916227548023f,-0.09068360146054537f,0.17158444367001663f,-0.9809868822347196f,0.3595188490685295f,-0.03400466920670733f,-0.9850046059750279f,-0.16914375152550615f,-0.012154641763931995f,0f,0f,0f,1f], start_interpolation: 0, interpolation_duration: 1 }
$data merge entity $(bone_left_arm) { transformation: [-1.1014916349150021f,-0.08718352957220088f,0.062347324863515234f,0.9931875f,-0.10035901274871038f,1.0649496759578154f,-0.28387010193304296f,1.4392500000000001f,-0.037632769050492634f,-0.28818951816939004f,-1.067849500091148f,-0.3061737499999999f,0f,0f,0f,1f], start_interpolation: 0, interpolation_duration: 1 }