# This file was generated by Animated Java via MC-Build. It is not recommended to edit this file directly.
$data merge entity $(bone_barrel_left) { transformation: [-2.283840259379856f,0.034654970879585835f,0.22476920625339616f,1.0889121003387527f,-0.2141968574674792f,0.43456366783456457f,-2.243417620127808f,-0.4684760813992308f,-0.07643212241919681f,-2.253353488701273f,-0.42919072575137457f,1.9288844551287165f,0f,0f,0f,1f], start_interpolation: 0, interpolation_duration: 1 }
$data merge entity $(bone_blaster_left) { transformation: [-0.9950784725725482f,0.015099311498812162f,0.09793285564582613f,1.308614291055593f,-0.09332644035991156f,0.18934115424594605f,-0.9774661645492189f,0.22263622015263093f,-0.03330178602466019f,-0.9817952628226898f,-0.18700014156810962f,0.9688767447775899f,0f,0f,0f,1f], start_interpolation: 0, interpolation_duration: 1 }
$data merge entity $(bone_sword_left) { transformation: [-2.6509371463927764f,0.04022529563289138f,0.260897860861837f,0.9396294853646471f,-0.24862614789675513f,0.5044139864003222f,-2.6040171065570723f,1.3298914864268083f,-0.08871756755601928f,-2.615550033597349f,-0.4981774154776199f,1.3842491896082272f,0f,0f,0f,1f], start_interpolation: 0, interpolation_duration: 1 }
$data merge entity $(bone_rocket_left) { transformation: [-2.2929547635725904f,0.03479327428153516f,0.22566623040575545f,1.1668037389434025f,-0.2150516887751592f,0.43629795391530984f,-2.2523708029175107f,0.2416329056850416f,-0.07673715290343854f,-2.2623463242273694f,-0.4309035691314128f,0.46108820045188503f,0f,0f,0f,1f], start_interpolation: 0, interpolation_duration: 1 }
$data merge entity $(bone_drillhead_left1) { transformation: [0.0979328556458259f,0.015099311498812162f,0.9950784725725482f,1.0623491723378748f,-0.9774661645492189f,0.18934115424594605f,0.09332644035991133f,-0.16940777813854807f,-0.18700014156810962f,-0.9817952628226898f,0.03330178602466015f,1.8689017159401624f,0f,0f,0f,1f], start_interpolation: 0, interpolation_duration: 1 }
$data merge entity $(bone_drillhead_left2) { transformation: [-0.9568099153922307f,0.015099311498812162f,-0.2903218844651127f,0.8403309067324647f,0.2878377187797774f,0.18934115424594605f,-0.9387754656766797f,0.14356534950101313f,0.04079501752378799f,-0.9817952628226898f,-0.1855096451512943f,1.9258447186225178f,0f,0f,0f,1f], start_interpolation: 0, interpolation_duration: 1 }
$data merge entity $(bone_drillhead_left3) { transformation: [0.8818553527125117f,0.015099311498812162f,-0.47127820624823463f,1.217896970334612f,0.4602824949610922f,0.18934115424594605f,0.8673465006219861f,0.1791047879228215f,0.10232869453229583f,-0.9817952628226898f,0.16002156159168485f,1.9385052664662812f,0f,0f,0f,1f], start_interpolation: 0, interpolation_duration: 1 }
$data merge entity $(bone_drill_left) { transformation: [0.1497202801809734f,0.02308390920732132f,1.5212813588773049f,1.0437472181051952f,-1.4943555669712372f,0.28946578220912117f,0.14267796754045106f,0.19129462436088296f,-0.2858868293467595f,-1.5009739158610018f,0.050911950859174736f,1.4117703164846613f,0f,0f,0f,1f], start_interpolation: 0, interpolation_duration: 1 }
$data merge entity $(bone_left_hand) { transformation: [-0.9950784725725482f,0.015099311498812162f,0.09793285564582613f,1.1531332797161322f,-0.09332644035991156f,0.18934115424594605f,-0.9774661645492189f,0.20805396384639474f,-0.03330178602466019f,-0.9817952628226898f,-0.18700014156810962f,0.9636733407112368f,0f,0f,0f,1f], start_interpolation: 0, interpolation_duration: 1 }
$data merge entity $(bone_left_arm_low) { transformation: [-0.9950784725725482f,0.015099311498812162f,0.09793285564582613f,1.1091005884180922f,-0.09332644035991156f,0.18934115424594605f,-0.9774661645492189f,0.36101639792768325f,-0.03330178602466019f,-0.9817952628226898f,-0.18700014156810962f,-0.02604703816199777f,0f,0f,0f,1f], start_interpolation: 0, interpolation_duration: 1 }
$data merge entity $(bone_left_arm) { transformation: [-1.1012475409716158f,-0.09099916848311762f,0.061196269276634546f,0.9855f,-0.10328382714207869f,1.0682304485398024f,-0.2701631699498765f,1.4440000000000002f,-0.03685489233307296f,-0.27454478447397573f,-1.0714657515587158f,-0.3061737499999999f,0f,0f,0f,1f], start_interpolation: 0, interpolation_duration: 1 }