# This file was generated by Animated Java via MC-Build. It is not recommended to edit this file directly.
$data merge entity $(bone_barrel_left) { transformation: [-2.2827397815837784f,0.019907101227727864f,0.23738426726774828f,1.1044687972344653f,-0.226728557976309f,0.5201435723884559f,-2.2238914808397583f,-0.5414445159189142f,-0.0730872357085712f,-2.235330594089916f,-0.5153677178023433f,1.8671185631902574f,0f,0f,0f,1f], start_interpolation: 0, interpolation_duration: 1 }
$data merge entity $(bone_blaster_left) { transformation: [-0.9945989899292578f,0.008673604820511147f,0.10342928894233855f,1.314523914922713f,-0.09878655314575456f,0.22662866608336077f,-0.9689585463923922f,0.18714984463738385f,-0.03184440530581721f,-0.9739426144741251f,-0.22454780685195902f,0.9330162266155977f,0f,0f,0f,1f], start_interpolation: 0, interpolation_duration: 1 }
$data merge entity $(bone_sword_left) { transformation: [-2.649659781456056f,0.023106902466074688f,0.2755406248246888f,0.9403937428820355f,-0.2631721522636922f,0.6037497201649339f,-2.5813524005857422f,1.2752672917133367f,-0.08483503488095351f,-2.5946301988521023f,-0.5982062105976167f,1.3920644976993581f,0f,0f,0f,1f], start_interpolation: 0, interpolation_duration: 1 }
$data merge entity $(bone_rocket_left) { transformation: [-2.291849893915285f,0.019986547833881742f,0.23833163645892308f,1.1699189557154182f,-0.2276334016420603f,0.5222193965411687f,-2.232766737391985f,0.22446886960051557f,-0.07337891719267028f,-2.244251502629077f,-0.5174244821515211f,0.4270349931212537f,0f,0f,0f,1f], start_interpolation: 0, interpolation_duration: 1 }
$data merge entity $(bone_drillhead_left1) { transformation: [0.10342928894233833f,0.008673604820511147f,0.9945989899292578f,1.0756070050226911f,-0.9689585463923922f,0.22662866608336077f,0.09878655314575434f,-0.24050039811272153f,-0.22454780685195902f,-0.9739426144741251f,0.03184440530581716f,1.8186933314619271f,0f,0f,0f,1f], start_interpolation: 0, interpolation_duration: 1 }
$data merge entity $(bone_drillhead_left2) { transformation: [-0.9584703251515755f,0.008673604820511147f,-0.28506035217695747f,0.8518202464579515f,0.27953750781422787f,0.22662866608336077f,-0.933004946093153f,0.06855805925484038f,0.056510331169122616f,-0.9739426144741251f,-0.21964144914487782f,1.8886157961072478f,0f,0f,0f,1f], start_interpolation: 0, interpolation_duration: 1 }
$data merge entity $(bone_drillhead_left3) { transformation: [0.8793089745525061f,0.008673604820511147f,-0.4761727584090021f,1.2292036576328336f,0.4620712568916297f,0.22662866608336077f,0.8573969916344858f,0.10616821100745355f,0.11535111974319921f,-0.9739426144741251f,0.19526879649676743f,1.9007282274989108f,0f,0f,0f,1f], start_interpolation: 0, interpolation_duration: 1 }
$data merge entity $(bone_drill_left) { transformation: [0.1581232571770286f,0.013260254031623552f,1.5205483232150447f,1.0522060631966785f,-1.481349074250149f,0.3464711322801832f,0.1510254175430588f,0.1371849088993233f,-0.3432899034158954f,-1.4889687445305375f,0.04868389932206202f,1.3757175115494242f,0f,0f,0f,1f], start_interpolation: 0, interpolation_duration: 1 }
$data merge entity $(bone_left_hand) { transformation: [-0.9945989899292578f,0.008673604820511147f,0.10342928894233855f,1.1591178227462664f,-0.09878655314575456f,0.22662866608336077f,-0.9689585463923922f,0.1717144457083597f,-0.03184440530581721f,-0.9739426144741251f,-0.22454780685195902f,0.9280405382865637f,0f,0f,0f,1f], start_interpolation: 0, interpolation_duration: 1 }
$data merge entity $(bone_left_arm_low) { transformation: [-0.9945989899292578f,0.008673604820511147f,0.10342928894233855f,1.108861155975647f,-0.09878655314575456f,0.22662866608336077f,-0.9689585463923922f,0.36188899764534854f,-0.03184440530581721f,-0.9739426144741251f,-0.22454780685195902f,-0.05490947048329864f,0f,0f,0f,1f], start_interpolation: 0, interpolation_duration: 1 }
$data merge entity $(bone_left_arm) { transformation: [-1.1007169003272683f,-0.09883264628076571f,0.05853539012511338f,0.9773125f,-0.10932650211151324f,1.0744259967549903f,-0.2417198212127729f,1.451f,-0.03524201759291696f,-0.2461967994516067f,-1.0783863475906f,-0.3061737499999999f,0f,0f,0f,1f], start_interpolation: 0, interpolation_duration: 1 }