# This file was generated by Animated Java via MC-Build. It is not recommended to edit this file directly.
$data merge entity $(bone_barrel_left) { transformation: [-2.276241276182715f,-0.06574496999569562f,0.28644675765845823f,1.2053511806853032f,-0.28839825365449084f,0.9302870529497734f,-2.0782302422623338f,-0.8766923629614601f,-0.05657378670213232f,-2.097115183170678f,-0.93088979402714f,1.51756321806461f,0f,0f,0f,1f], start_interpolation: 0, interpolation_duration: 1 }
$data merge entity $(bone_blaster_left) { transformation: [-0.9917675647444463f,-0.02864535032778915f,0.1248060151814362f,1.3643704203384222f,-0.12565628990927155f,0.4053298455972752f,-0.9054933534125615f,0.02094436038286626f,-0.02464942853511531f,-0.913721598832318f,-0.40559246233159335f,0.7324000094133712f,0f,0f,0f,1f], start_interpolation: 0, interpolation_duration: 1 }
$data merge entity $(bone_sword_left) { transformation: [-2.642116727911501f,-0.07631259779849614f,0.33248925673407986f,0.9729821890425672f,-0.33475442970564506f,1.0798182996136785f,-2.4122780590031456f,0.990025354223314f,-0.06566726900659306f,-2.4341985024999055f,-1.080517923287044f,1.3975282370714506f,0f,0f,0f,1f], start_interpolation: 0, interpolation_duration: 1 }
$data merge entity $(bone_rocket_left) { transformation: [-2.285325453839289f,-0.06600734946913554f,0.2875899287550139f,1.2028844391320475f,-0.28954921291327235f,0.9339997054480089f,-2.086524184090696f,0.14738215329489507f,-0.056799565196918755f,-2.105484492298649f,-0.9346048519852382f,0.24633820789287592f,0f,0f,0f,1f], start_interpolation: 0, interpolation_duration: 1 }
$data merge entity $(bone_drillhead_left1) { transformation: [0.12480601518143598f,-0.02864535032778915f,0.9917675647444463f,1.1661299912650822f,-0.9054933534125615f,0.4053298455972752f,0.12565628990927136f,-0.5731968337580137f,-0.40559246233159335f,-0.913721598832318f,0.02464942853511522f,1.5274389567078055f,0f,0f,0f,1f], start_interpolation: 0, interpolation_duration: 1 }
$data merge entity $(bone_drillhead_left2) { transformation: [-0.9640349483453979f,-0.02864535032778915f,-0.26422729282434954f,0.9356486952632533f,0.23042603008921406f,0.4053298455972752f,-0.8846533563636175f,-0.29070983505073134f,0.13244041311476992f,-0.913721598832318f,-0.38415150240667006f,1.6599767331946456f,0f,0f,0f,1f], start_interpolation: 0, interpolation_duration: 1 }
$data merge entity $(bone_drillhead_left3) { transformation: [0.868512559806515f,-0.02864535032778915f,-0.4948387387451928f,1.3119549537951922f,0.4626085788461748f,0.4053298455972752f,0.788480195722132f,-0.24291231291980192f,0.17798661813815517f,-0.913721598832318f,0.3652856465713583f,1.669382593437041f,0f,0f,0f,1f], start_interpolation: 0, interpolation_duration: 1 }
$data merge entity $(bone_drill_left) { transformation: [0.19080411204196157f,-0.043793166743438326f,1.5162196250556186f,1.1176934348435286f,-1.3843231434527885f,0.619670463485778f,0.19210401665153107f,-0.12022288271427482f,-0.6200719533717108f,-1.3969025296201747f,0.03768417986222205f,1.1642725046281466f,0f,0f,0f,1f], start_interpolation: 0, interpolation_duration: 1 }
$data merge entity $(bone_left_hand) { transformation: [-0.9917675647444463f,-0.02864535032778915f,0.1248060151814362f,1.2094067383471023f,-0.12565628990927155f,0.4053298455972752f,-0.9054933534125615f,0.001310565084542581f,-0.02464942853511531f,-0.913721598832318f,-0.40559246233159335f,0.7285485362047595f,0f,0f,0f,1f], start_interpolation: 0, interpolation_duration: 1 }
$data merge entity $(bone_left_arm_low) { transformation: [-0.9917675647444463f,-0.02864535032778915f,0.1248060151814362f,1.1226761031972052f,-0.12565628990927155f,0.4053298455972752f,-0.9054933534125615f,0.37049022526834574f,-0.02464942853511531f,-0.913721598832318f,-0.40559246233159335f,-0.1993884163588655f,0f,0f,0f,1f], start_interpolation: 0, interpolation_duration: 1 }
$data merge entity $(bone_left_arm) { transformation: [-1.0975833785918845f,-0.1359348675259987f,0.04005517898526163f,0.9535f,-0.13906308304756637f,1.0933514031707312f,-0.10008070069662094f,1.4780000000000002f,-0.027279378771478995f,-0.10428997799074535f,-1.1014315296551846f,-0.3061737499999999f,0f,0f,0f,1f], start_interpolation: 0, interpolation_duration: 1 }