# This file was generated by Animated Java via MC-Build. It is not recommended to edit this file directly.
$data merge entity $(bone_barrel_left) { transformation: [-2.2701457372863465f,-0.14194943053159478f,0.3064917357826788f,1.2927530866013148f,-0.3348789522384961f,1.2176685602811697f,-1.9164518929785648f,-1.0915016227974734f,-0.044078478637205015f,-1.940304648740819f,-1.2251218107790303f,1.2084566647743635f,0f,0f,0f,1f], start_interpolation: 0, interpolation_duration: 1 }
$data merge entity $(bone_blaster_left) { transformation: [-0.9891117137016278f,-0.061847943145672116f,0.13353969352547929f,1.4112117910253255f,-0.14590811897705233f,0.5305431350059542f,-0.8350058698683694f,-0.0874073551193814f,-0.019205172084820695f,-0.845398612387496f,-0.5337905465053581f,0.5563199407218956f,0f,0f,0f,1f], start_interpolation: 0, interpolation_duration: 1 }
$data merge entity $(bone_sword_left) { transformation: [-2.6350414123672987f,-0.16476590985732256f,0.35575619797039726f,1.01680550681058f,-0.388706281180618f,1.413392554574054f,-2.22449599594638f,0.7667894503319004f,-0.05116350668394644f,-2.2521827643332215f,-1.4220438157666884f,1.362229228406315f,0f,0f,0f,1f], start_interpolation: 0, interpolation_duration: 1 }
$data merge entity $(bone_rocket_left) { transformation: [-2.2792055884539733f,-0.14251593192083284f,0.30771490373383326f,1.2340853450319524f,-0.33621540981327636f,1.2225281143381848f,-1.9241001988274469f,0.10287820192665817f,-0.04425439001134694f,-1.948048147780867f,-1.2300111097722919f,0.09725791723330951f,0f,0f,0f,1f], start_interpolation: 0, interpolation_duration: 1 }
$data merge entity $(bone_drillhead_left1) { transformation: [0.13353969352547906f,-0.061847943145672116f,0.9891117137016278f,1.247233273045689f,-0.8350058698683694f,0.5305431350059542f,0.14590811897705214f,-0.7936008614461556f,-0.5337905465053581f,-0.845398612387496f,0.019205172084820577f,1.2625718301158098f,0f,0f,0f,1f], start_interpolation: 0, interpolation_duration: 1 }
$data merge entity $(bone_drillhead_left2) { transformation: [-0.9649234959314101f,-0.061847943145672116f,-0.2551420759658349f,1.0143014052524948f,0.18474138757610503f,0.5305431350059542f,-0.8272814524782418f,-0.53880483031178f,0.18652953309318468f,-0.845398612387496f,-0.5005076617368959f,1.439513972992939f,0f,0f,0f,1f], start_interpolation: 0, interpolation_duration: 1 }
$data merge entity $(bone_drillhead_left3) { transformation: [0.8627166393807852f,-0.061847943145672116f,-0.5018912552178751f,1.3895987756874928f,0.4543444370763453f,0.5305431350059542f,0.7156082129180973f,-0.4833319909583008f,0.2220160639082304f,-0.845398612387496f,0.48580865939173323f,1.4468706962921745f,0f,0f,0f,1f], start_interpolation: 0, interpolation_duration: 1 }
$data merge entity $(bone_drill_left) { transformation: [0.204156206801759f,-0.09455347049079557f,1.5121593455954978f,1.179288399634441f,-1.276561496803225f,0.8110972185724173f,0.22306512262776176f,-0.2948700260660877f,-0.8160618788628516f,-1.2924499778604877f,0.029360971111289158f,0.9691908146146185f,0f,0f,0f,1f], start_interpolation: 0, interpolation_duration: 1 }
$data merge entity $(bone_left_hand) { transformation: [-0.9891117137016278f,-0.061847943145672116f,0.13353969352547929f,1.256663085759446f,-0.14590811897705233f,0.5305431350059542f,-0.8350058698683694f,-0.11020549870954582f,-0.019205172084820695f,-0.845398612387496f,-0.5337905465053581f,0.5533191325836424f,0f,0f,0f,1f], start_interpolation: 0, interpolation_duration: 1 }
$data merge entity $(bone_left_arm_low) { transformation: [-0.9891117137016278f,-0.061847943145672116f,0.13353969352547929f,1.1371687759300935f,-0.14590811897705233f,0.5305431350059542f,-0.8350058698683694f,0.385124445426956f,-0.019205172084820695f,-0.845398612387496f,-0.5337905465053581f,-0.30996075763744735f,0f,0f,0f,1f], start_interpolation: 0, interpolation_duration: 1 }
$data merge entity $(bone_left_arm) { transformation: [-1.0946441637352615f,-0.16158623619607224f,0.020396607716603107f,0.9420000000000001f,-0.16147566414120978f,1.094825666867851f,0.0073720819005581115f,1.4935f,-0.02125425191610057f,0.004315781896767397f,-1.1064816353361382f,-0.3061737499999999f,0f,0f,0f,1f], start_interpolation: 0, interpolation_duration: 1 }