# This file was generated by Animated Java via MC-Build. It is not recommended to edit this file directly.
$data merge entity $(bone_barrel_left) { transformation: [-2.2671320881660435f,-0.17788766367922887f,0.3100267204118289f,1.3332771925067148f,-0.35535020933729594f,1.3364675508727755f,-1.831728475412979f,-1.1750065531550122f,-0.03855926584504328f,-1.8573795944893878f,-1.3477027559675838f,1.0609662841982972f,0f,0f,0f,1f], start_interpolation: 0, interpolation_duration: 1 }
$data merge entity $(bone_blaster_left) { transformation: [-0.9877986545455925f,-0.07750637722425095f,0.13507990067915177f,1.4338157874259556f,-0.15482752880085715f,0.5823043374874075f,-0.7980915328887851f,-0.13045656157236424f,-0.01680042866527941f,-0.8092678296045897f,-0.5871995619580616f,0.47247042532411854f,0f,0f,0f,1f], start_interpolation: 0, interpolation_duration: 1 }
$data merge entity $(bone_sword_left) { transformation: [-2.631543359311095f,-0.2064807350669704f,0.3598593842711265f,1.0410856448280392f,-0.4124680200560422f,1.551286899776099f,-2.126154418039813f,0.6668111277113264f,-0.044757153985023175f,-2.1559286126783914f,-1.5643280143684375f,1.335503186096576f,0f,0f,0f,1f], start_interpolation: 0, interpolation_duration: 1 }
$data merge entity $(bone_rocket_left) { transformation: [-2.276179912258909f,-0.1785975898002792f,0.311263996018758f,1.2491615528335283f,-0.3567683649896415f,1.341801215977353f,-1.8390386613161018f,0.08662308499065652f,-0.03871315077143863f,-1.864792150613637f,-1.3530812592886357f,0.02851147092049494f,0f,0f,0f,1f], start_interpolation: 0, interpolation_duration: 1 }
$data merge entity $(bone_drillhead_left1) { transformation: [0.13507990067915154f,-0.07750637722425095f,0.9877986545455925f,1.2855185517277041f,-0.7980915328887851f,0.5823043374874075f,0.15482752880085698f,-0.8816250005463784f,-0.5871995619580616f,-0.8092678296045897f,0.01680042866527928f,1.13439478670008f,0f,0f,0f,1f], start_interpolation: 0, interpolation_duration: 1 }
$data merge entity $(bone_drillhead_left2) { transformation: [-0.9642997992122933f,-0.07750637722425095f,-0.2532166241159994f,1.0523148592741232f,0.1623744222189827f,0.5823043374874075f,-0.7965903624526238f,-0.6410106159173334f,0.20918997167212078f,-0.8092678296045897f,-0.5489309024994802f,1.3298623036357795f,0f,0f,0f,1f], start_interpolation: 0, interpolation_duration: 1 }
$data merge entity $(bone_drillhead_left3) { transformation: [0.8609141191414269f,-0.07750637722425095f,-0.5028117350982506f,1.4271137941094052f,0.44845839207580984f,0.5823043374874075f,0.6780905021603902f,-0.5821581388178058f,0.2402331160346557f,-0.8092678296045897f,0.5360724110858124f,1.3363134992342667f,0f,0f,0f,1f], start_interpolation: 0, interpolation_duration: 1 }
$data merge entity $(bone_drill_left) { transformation: [0.20651088384108224f,-0.11849216932664482f,1.5101519336453473f,1.2090669296889067f,-1.2201266584761778f,0.8902300252992433f,0.2367011646798645f,-0.3660700706209261f,-0.8977138709857785f,-1.2372130414335738f,0.025684586345800897f,0.8740495621318545f,0f,0f,0f,1f], start_interpolation: 0, interpolation_duration: 1 }
$data merge entity $(bone_left_hand) { transformation: [-0.9877986545455925f,-0.07750637722425095f,0.13507990067915177f,1.2794722476532068f,-0.15482752880085715f,0.5823043374874075f,-0.7980915328887851f,-0.15464836294749817f,-0.01680042866527941f,-0.8092678296045897f,-0.5871995619580616f,0.4698453583451686f,0f,0f,0f,1f], start_interpolation: 0, interpolation_duration: 1 }
$data merge entity $(bone_left_arm_low) { transformation: [-0.9877986545455925f,-0.07750637722425095f,0.13507990067915177f,1.1444497014160797f,-0.15482752880085715f,0.5823043374874075f,-0.7980915328887851f,0.3930388935870812f,-0.01680042866527941f,-0.8092678296045897f,-0.5871995619580616f,-0.35882248436219044f,0f,0f,0f,1f], start_interpolation: 0, interpolation_duration: 1 }
$data merge entity $(bone_left_arm) { transformation: [-1.093191008826789f,-0.172047652446071f,0.01024705040932342f,0.9386875f,-0.17134672296332396f,1.0919869062177723f,0.05456075249385824f,1.49825f,-0.01859293640136418f,0.0523085124120549f,-1.1053009096075332f,-0.3061737499999999f,0f,0f,0f,1f], start_interpolation: 0, interpolation_duration: 1 }