# This file was generated by Animated Java via MC-Build. It is not recommended to edit this file directly.
$data merge entity $(bone_barrel_left) { transformation: [-2.2503704701097216f,-0.355734513514184f,0.27737014367749013f,1.543461470596252f,-0.4509095949802322f,1.81375799715841f,-1.3321452467165016f,-1.48898914469073f,-0.01271919272625372f,-1.3606554953732535f,-1.848270364015409f,0.2891938622046178f,0f,0f,0f,1f], start_interpolation: 0, interpolation_duration: 1 }
$data merge entity $(bone_blaster_left) { transformation: [-0.9804955495123804f,-0.15499497169086246f,0.12085129762217713f,1.5654850719478883f,-0.1964631410618321f,0.7902617225596641f,-0.5804210920195363f,-0.3133586390483892f,-0.005541803906124824f,-0.5928431231005225f,-0.8052989009069147f,0.034384237028602f,0f,0f,0f,1f], start_interpolation: 0, interpolation_duration: 1 }
$data merge entity $(bone_sword_left) { transformation: [-2.612087534519208f,-0.41291409600808937f,0.3219536980115316f,1.2073867446563087f,-0.5233873035072054f,2.1052954248822022f,-1.546269842826159f,0.1707734598621371f,-0.014763633459771995f,-1.5793627340240752f,-2.1453551947962315f,1.1170106630143741f,0f,0f,0f,1f], start_interpolation: 0, interpolation_duration: 1 }
$data merge entity $(bone_rocket_left) { transformation: [-2.259351400803443f,-0.35715420287363414f,0.278477091209002f,1.3423383625925336f,-0.45270911549271653f,1.8209964652613388f,-1.337461662077279f,0.014798538189310595f,-0.012769953340948863f,-1.3660856913628863f,-1.8556465664065078f,-0.3132344126886734f,0f,0f,0f,1f], start_interpolation: 0, interpolation_duration: 1 }
$data merge entity $(bone_drillhead_left1) { transformation: [0.1208512976221769f,-0.15499497169086246f,0.9804955495123804f,1.4908233206511372f,-0.5804210920195363f,0.7902617225596641f,0.19646314106183196f,-1.2334461432431656f,-0.8052989009069147f,-0.5928431231005225f,0.0055418039061246455f,0.449419851798352f,0f,0f,0f,1f], start_interpolation: 0, interpolation_duration: 1 }
$data merge entity $(bone_drillhead_left2) { transformation: [-0.952107559292725f,-0.15499497169086246f,-0.26356736195553343f,1.2638196135382371f,0.04060926079122548f,0.7902617225596641f,-0.6114223563094685f,-1.0743755515383087f,0.3030545882768328f,-0.5928431231005225f,-0.7461199286420236f,0.7208100842185214f,0f,0f,0f,1f], start_interpolation: 0, interpolation_duration: 1 }
$data merge entity $(bone_drillhead_left3) { transformation: [0.8596119805330656f,-0.15499497169086246f,-0.48687144265665183f,1.6358492622737082f,0.4036258106310341f,0.7902617225596641f,0.4610559779999311f,-0.9997528946572131f,0.3132945066809521f,-0.5928431231005225f,0.7418784155614434f,0.7230175897860537f,0f,0f,0f,1f], start_interpolation: 0, interpolation_duration: 1 }
$data merge entity $(bone_drill_left) { transformation: [0.1847581184159795f,-0.2369571522770872f,1.498986907112087f,1.3781504692088566f,-0.8873509094270489f,1.2081564020335451f,0.30035391423067614f,-0.6689510106964778f,-1.2311453217422044f,-0.9063417778296622f,0.00847233982978785f,0.35957862452910627f,0f,0f,0f,1f], start_interpolation: 0, interpolation_duration: 1 }
$data merge entity $(bone_left_hand) { transformation: [-0.9804955495123804f,-0.15499497169086246f,0.12085129762217713f,1.4122826423365789f,-0.1964631410618321f,0.7902617225596641f,-0.5804210920195363f,-0.34405600483930043f,-0.005541803906124824f,-0.5928431231005225f,-0.8052989009069147f,0.033518330168269994f,0f,0f,0f,1f], start_interpolation: 0, interpolation_duration: 1 }
$data merge entity $(bone_left_arm_low) { transformation: [-0.9804955495123804f,-0.15499497169086246f,0.12085129762217713f,1.1997833018518855f,-0.1964631410618321f,0.7902617225596641f,-0.5804210920195363f,0.4157886122783887f,-0.005541803906124824f,-0.5928431231005225f,-0.8052989009069147f,-0.5848367463297264f,0f,0f,0f,1f], start_interpolation: 0, interpolation_duration: 1 }
$data merge entity $(bone_left_arm) { transformation: [-1.0851087050879793f,-0.21213390797590068f,-0.048065390492420965f,0.9535f,-0.21742461217814008f,1.0509668139457595f,0.2701245500466639f,1.4780000000000002f,-0.006133082055718891f,0.27429899672729274f,-1.07214477764569f,-0.3061737499999999f,0f,0f,0f,1f], start_interpolation: 0, interpolation_duration: 1 }