# This file was generated by Animated Java via MC-Build. It is not recommended to edit this file directly.
$data merge entity $(bone_barrel_left) { transformation: [-2.246964874628204f,-0.3870337192075697f,0.2626827855686598f,1.5817471846786897f,-0.4676875295944704f,1.8812501632882055f,-1.2287451693661364f,-1.5272884317041031f,-0.008106805756637216f,-1.2564836715115522f,-1.9206331134227503f,0.14194987507256096f,0f,0f,0f,1f], start_interpolation: 0, interpolation_duration: 1 }
$data merge entity $(bone_blaster_left) { transformation: [-0.9790117177356041f,-0.16863216267486117f,0.1144519560688281f,1.5917513940506478f,-0.20377335528556753f,0.8196683333360614f,-0.5353692585512781f,-0.33953689057808256f,-0.0035321681788494947f,-0.5474550365442651f,-0.8368276445901353f,-0.04953449045974124f,0f,0f,0f,1f], start_interpolation: 0, interpolation_duration: 1 }
$data merge entity $(bone_sword_left) { transformation: [-2.6081345349473404f,-0.4492442319203595f,0.3049055428119014f,1.2444567206607382f,-0.5428620675262574f,2.1836360573100455f,-1.426249580961435f,0.08288938027849024f,-0.009409866749917032f,-1.4584466776806886f,-2.229349291857609f,1.0620592909966282f,0f,0f,0f,1f], start_interpolation: 0, interpolation_duration: 1 }
$data merge entity $(bone_rocket_left) { transformation: [-2.255932214041113f,-0.38857831955427036f,0.2637311177979353f,1.361617979071331f,-0.46955400862332153f,1.888757983693092f,-1.2336489287039418f,0.004997110667123272f,-0.008139158945418739f,-1.2614981315400327f,-1.928298105969011f,-0.3761156377967025f,0f,0f,0f,1f], start_interpolation: 0, interpolation_duration: 1 }
$data merge entity $(bone_drillhead_left1) { transformation: [0.11445195606882788f,-0.16863216267486117f,0.9790117177356041f,1.5293555318975736f,-0.5353692585512781f,0.8196683333360614f,0.20377335528556742f,-1.281145886669166f,-0.8368276445901353f,-0.5474550365442651f,0.003532168178849309f,0.31634692321946173f,0f,0f,0f,1f], start_interpolation: 0, interpolation_duration: 1 }
$data merge entity $(bone_drillhead_left2) { transformation: [-0.9482877554939594f,-0.16863216267486117f,-0.26891174480083246f,1.3047984598996147f,0.016614913225669936f,0.8196683333360614f,-0.572597387336501f,-1.1387044946499767f,0.31697677744391994f,-0.5474550365442651f,-0.7744796353188282f,0.5987851743412698f,0f,0f,0f,1f], start_interpolation: 0, interpolation_duration: 1 }
$data merge entity $(bone_drillhead_left3) { transformation: [0.8606900207153244f,-0.16863216267486117f,-0.48039138413657456f,1.6762659061461593f,0.39313897766464273f,0.8196683333360614f,0.4166360132860373f,-1.0613138611333388f,0.323503373215573f,-0.5474550365442651f,0.7717762308340826f,0.6002342299049002f,0f,0f,0f,1f], start_interpolation: 0, interpolation_duration: 1 }
$data merge entity $(bone_drill_left) { transformation: [0.17497477038611944f,-0.25780576372154224f,1.4967184170543293f,1.4113556154793163f,-0.8184754223900113f,1.2531133878743095f,0.31152980933291663f,-0.7135682183385108f,-1.279346635865807f,-0.8369522252503204f,0.0053999978444024595f,0.2584419806333369f,0f,0f,0f,1f], start_interpolation: 0, interpolation_duration: 1 }
$data merge entity $(bone_left_hand) { transformation: [-0.9790117177356041f,-0.16863216267486117f,0.1144519560688281f,1.4387808131544597f,-0.20377335528556753f,0.8196683333360614f,-0.5353692585512781f,-0.3713764773414525f,-0.0035321681788494947f,-0.5474550365442651f,-0.8368276445901353f,-0.050086391737686475f,0f,0f,0f,1f], start_interpolation: 0, interpolation_duration: 1 }
$data merge entity $(bone_left_arm_low) { transformation: [-0.9790117177356041f,-0.16863216267486117f,0.1144519560688281f,1.2125370417482741f,-0.20377335528556753f,0.8196683333360614f,-0.5353692585512781f,0.41882573195953343f,-0.0035321681788494947f,-0.5474550365442651f,-0.8368276445901353f,-0.6239130526865714f,0f,0f,0f,1f], start_interpolation: 0, interpolation_duration: 1 }
$data merge entity $(bone_left_arm) { transformation: [-1.0834665571163065f,-0.21740925802572175f,-0.06004508863571378f,0.9609375f,-0.22551478361663177f,1.0391043554401547f,0.3068830386477433f,1.46875f,-0.00390902991921836f,0.31267767999016766f,-1.0615975539040607f,-0.3061737499999999f,0f,0f,0f,1f], start_interpolation: 0, interpolation_duration: 1 }