# This file was generated by Animated Java via MC-Build. It is not recommended to edit this file directly.
$data merge entity $(bone_barrel_left) { transformation: [-2.2399702175090797f,-0.4461941536335549f,0.22603693367734304f,1.6613836143859493f,-0.5001810975249648f,1.9963526814098587f,-1.0158953364186114f,-1.5878253310927695f,0.000887581963370361f,-1.0407378354521357f,-2.0456080913770736f,-0.15198931303741564f,0f,0f,0f,1f], start_interpolation: 0, interpolation_duration: 1 }
$data merge entity $(bone_blaster_left) { transformation: [-0.9759641172330381f,-0.1944086041241081f,0.098485209630952f,1.6504450527545578f,-0.21793093474495073f,0.8698189677560226f,-0.44262972224314023f,-0.3865257322991587f,0.0003867230647003948f,-0.45345369992355683f,-0.8912797498377869f,-0.21740866570502881f,0f,0f,0f,1f], start_interpolation: 0, interpolation_duration: 1 }
$data merge entity $(bone_sword_left) { transformation: [-2.6000155799078133f,-0.51791391780249f,0.2623693585753217f,1.3282618593736646f,-0.5805785434890615f,2.3172397713521526f,-1.1791869738256342f,-0.08878335224975137f,0.0010302489359766457f,-1.208022573525185f,-2.374412332089107f,0.9411446323666092f,0f,0f,0f,1f], start_interpolation: 0, interpolation_duration: 1 }
$data merge entity $(bone_rocket_left) { transformation: [-2.248909642171219f,-0.4479748554437467f,0.22693901716205855f,1.4069016829767762f,-0.5021772540826724f,2.004319860729934f,-1.0199496402453079f,-0.013332314615242202f,0.0008911241855084065f,-1.044891282404394f,-2.0537718425190254f,-0.4997800745528095f,0f,0f,0f,1f], start_interpolation: 0, interpolation_duration: 1 }
$data merge entity $(bone_drillhead_left1) { transformation: [0.09848520963095178f,-0.1944086041241081f,0.9759641172330381f,1.6105562568870768f,-0.4426297222431403f,0.8698189677560226f,0.21793093474495062f,-1.3622284902960193f,-0.8912797498377869f,-0.45345369992355683f,-0.0003867230647005927f,0.04867960162545187f,0f,0f,0f,1f], start_interpolation: 0, interpolation_duration: 1 }
$data merge entity $(bone_drillhead_left2) { transformation: [-0.9393619304358181f,-0.1944086041241081f,-0.2824968288147841f,1.3919794222463129f,-0.03195486873710146f,0.8698189677560226f,-0.49233509898832334f,-1.253849385273334f,0.34143527938964985f,-0.45345369992355683f,-0.8232871261071368f,0.35028353295644793f,0f,0f,0f,1f], start_interpolation: 0, interpolation_duration: 1 }
$data merge entity $(bone_drillhead_left3) { transformation: [0.8639846143182819f,-0.1944086041241081f,-0.4644737676810238f,1.7622925435876975f,0.370728991486724f,0.8698189677560226f,0.32553798273486306f,-1.1710987674614761f,0.340720708341196f,-0.45345369992355683f,0.8235831111266856f,0.35025265870723765f,0f,0f,0f,1f], start_interpolation: 0, interpolation_duration: 1 }
$data merge entity $(bone_drill_left) { transformation: [0.15056472194535125f,-0.2972129270315421f,1.4920592288981704f,1.4835283201653493f,-0.676694716942975f,1.329783949424816f,0.33317399349731036f,-0.7936715721119256f,-1.3625933093173204f,-0.693242472650675f,-0.0005912243160642f,0.053999969611592424f,0f,0f,0f,1f], start_interpolation: 0, interpolation_duration: 1 }
$data merge entity $(bone_left_hand) { transformation: [-0.9759641172330381f,-0.1944086041241081f,0.098485209630952f,1.4979506594368956f,-0.21793093474495073f,0.8698189677560226f,-0.44262972224314023f,-0.42057744085305726f,0.0003867230647003948f,-0.45345369992355683f,-0.8912797498377869f,-0.2173482402261694f,0f,0f,0f,1f], start_interpolation: 0, interpolation_duration: 1 }
$data merge entity $(bone_left_arm_low) { transformation: [-0.9759641172330381f,-0.1944086041241081f,0.098485209630952f,1.24562196078669f,-0.21793093474495073f,0.8698189677560226f,-0.44262972224314023f,0.4217886646613078f,0.0003867230647003948f,-0.45345369992355683f,-0.8912797498377869f,-0.6986302621406133f,0f,0f,0f,1f], start_interpolation: 0, interpolation_duration: 1 }
$data merge entity $(bone_left_arm) { transformation: [-1.0800937954177863f,-0.22588668934908396f,-0.08452558907774627f,0.9855f,-0.241182894218451f,1.012277588768179f,0.3766920139160389f,1.4440000000000002f,0.00042798415981938284f,0.38605862946788305f,-1.0371743006732121f,-0.3061737499999999f,0f,0f,0f,1f], start_interpolation: 0, interpolation_duration: 1 }