# This file was generated by Animated Java via MC-Build. It is not recommended to edit this file directly.
$data merge entity $(bone_barrel_left) { transformation: [-2.239638815618886f,-0.4490098476849554f,0.22373338084841035f,1.6715015203390464f,-0.5016619591010434f,2.001865295690828f,-1.004250521608165f,-1.5939363483108386f,0.0013220494807929233f,-1.028870248399331f,-2.0516024852769514f,-0.16729125832871872f,0f,0f,0f,1f], start_interpolation: 0, interpolation_duration: 1 }
$data merge entity $(bone_blaster_left) { transformation: [-0.9758197240841096f,-0.19563541345299698f,0.09748154231179942f,1.6596820247941182f,-0.21857615214540757f,0.8722208361774497f,-0.43755602915651615f,-0.3922960746412977f,0.0005760223258214957f,-0.448282944066563f,-0.8938915315950224f,-0.2259514843439449f,0f,0f,0f,1f], start_interpolation: 0, interpolation_duration: 1 }
$data merge entity $(bone_sword_left) { transformation: [-2.5996309095800654f,-0.5211821971504342f,0.2596955403265121f,1.338985372934259f,-0.5822974338293861f,2.3236384649171415f,-1.1656704102143685f,-0.10127305950764809f,0.001534551317067546f,-1.1942474300022872f,-2.3813702449265004f,0.9347196756301719f,0f,0f,0f,1f], start_interpolation: 0, interpolation_duration: 1 }
$data merge entity $(bone_rocket_left) { transformation: [-2.248576917699945f,-0.4508017865574293f,0.22462627115867714f,1.4154850825739649f,-0.5036640255812986f,2.009854475124865f,-1.0082583525202264f,-0.01768543214757501f,0.0013273256052881459f,-1.032976333382421f,-2.0597901592515573f,-0.5058711736135058f,0f,0f,0f,1f], start_interpolation: 0, interpolation_duration: 1 }
$data merge entity $(bone_drillhead_left1) { transformation: [0.0974815423117992f,-0.19563541345299698f,0.9758197240841096f,1.6208177670403385f,-0.4375560291565162f,0.8722208361774497f,0.21857615214540746f,-1.3695028261280697f,-0.8938915315950224f,-0.448282944066563f,-0.0005760223258216942f,0.03471398772186758f,0f,0f,0f,1f], start_interpolation: 0, interpolation_duration: 1 }
$data merge entity $(bone_drillhead_left2) { transformation: [-0.938844441706242f,-0.19563541345299698f,-0.2833688396425577f,1.4026078937699684f,-0.03449259017256001f,0.8722208361774497f,-0.4878945318007758f,-1.2629626872969104f,0.3426096547099665f,-0.448282944066563f,-0.8256276561250432f,0.3372374487403028f,0f,0f,0f,1f], start_interpolation: 0, interpolation_duration: 1 }
$data merge entity $(bone_drillhead_left3) { transformation: [0.864235299297998f,-0.19563541345299698f,-0.46349124312156625f,1.7728663561492182f,0.3693834763518699f,0.8722208361774497f,0.3206035875284585f,-1.1799679037421158f,0.3415453042357741f,-0.448282944066563f,0.8260685245265719f,0.3371350851279608f,0f,0f,0f,1f], start_interpolation: 0, interpolation_duration: 1 }
$data merge entity $(bone_drill_left) { transformation: [0.14903030991129948f,-0.2990884797787647f,1.4918384798699589f,1.4934256942396915f,-0.6689380274696399f,1.3334559388776144f,0.3341604053540564f,-0.8010689888588756f,-1.366586215414933f,-0.6853373930882419f,-0.0008806260518371377f,0.04340908250312947f,0f,0f,0f,1f], start_interpolation: 0, interpolation_duration: 1 }
$data merge entity $(bone_left_hand) { transformation: [-0.9758197240841096f,-0.19563541345299698f,0.09748154231179942f,1.507210192905976f,-0.21857615214540757f,0.8722208361774497f,-0.43755602915651615f,-0.4264485984140176f,0.0005760223258214957f,-0.448282944066563f,-0.8938915315950224f,-0.2258614808555353f,0f,0f,0f,1f], start_interpolation: 0, interpolation_duration: 1 }
$data merge entity $(bone_left_arm_low) { transformation: [-0.9758197240841096f,-0.19563541345299698f,0.09748154231179942f,1.253632344894966f,-0.21857615214540757f,0.8722208361774497f,-0.43755602915651615f,0.41843760234320304f,0.0005760223258214957f,-0.448282944066563f,-0.8938915315950224f,-0.7020425338890789f,0f,0f,0f,1f], start_interpolation: 0, interpolation_duration: 1 }
$data merge entity $(bone_left_arm) { transformation: [-1.0799339963621604f,-0.2262087583976411f,-0.08569795598191968f,0.9931875f,-0.2418969525517684f,1.0109212493466968f,0.3798632260426234f,1.4392500000000001f,0.0006374805478564153f,0.38940955789186715f,-1.0359207346004036f,-0.3061737499999999f,0f,0f,0f,1f], start_interpolation: 0, interpolation_duration: 1 }