execute if entity @s[tag=aj.mech_torso.bone.barrel_left] run data modify entity @s {} merge value {transformation:[-1.6600666985833068f,1.379525033021982f,0.7802164654575755f,-1.136081922810824f,1.194006179131105f,0.34561746251202785f,1.9293901386848076f,1.2952557304729668f,1.0421978189874292f,1.8014182596840573f,-0.9676592650439511f,-3.4354832799806707f,0f,0f,0f,1f],start_interpolation:0}
execute if entity @s[tag=aj.mech_torso.bone.blaster_left] run data modify entity @s {} merge value {transformation:[-0.7232977998397219f,0.6010646572575328f,0.33994348139492486f,-0.46856034110526035f,0.5202333394782102f,0.15058693149767582f,0.8406431160471507f,0.9278505258561192f,0.4540898206768862f,0.7848852488472428f,-0.4216130701242959f,-2.5043826283465647f,0f,0f,0f,1f],start_interpolation:0}
execute if entity @s[tag=aj.mech_torso.bone.sword_left] run data modify entity @s {} merge value {transformation:[-1.926900298166678f,1.6012652983925015f,0.9056258650376807f,-1.1784530692640123f,1.3859267609813601f,0.40117086387816414f,2.239513892233552f,0.02172347383675166f,1.2097172299578909f,2.0909722390494156f,-1.1231975967761803f,-2.0464695803196724f,0f,0f,0f,1f],start_interpolation:0}
execute if entity @s[tag=aj.mech_torso.bone.rocket_left] run data modify entity @s {} merge value {transformation:[-1.666691805055755f,1.3850305348388536f,0.7833302061040357f,-0.2597968261142677f,1.1987712997568338f,0.3469967760599917f,1.9370900793598342f,1.1369706456513744f,1.0463570925407375f,1.8086074815279776f,-0.9715210650941769f,-2.0673392863249482f,0f,0f,0f,1f],start_interpolation:0}
execute if entity @s[tag=aj.mech_torso.bone.drillhead_left1] run data modify entity @s {} merge value {transformation:[0.3399434813949247f,0.6010646572575328f,0.723297799839722f,-1.1637118397534887f,0.8406431160471508f,0.15058693149767582f,-0.5202333394782099f,1.0743584993885862f,-0.4216130701242958f,0.7848852488472428f,-0.4540898206768863f,-3.2252777397378862f,0f,0f,0f,1f],start_interpolation:0}
execute if entity @s[tag=aj.mech_torso.bone.drillhead_left2] run data modify entity @s {} merge value {transformation:[-0.7983307714527126f,0.6010646572575328f,0.03727274000661979f,-1.4160155967649342f,0.15893274143090602f,0.15058693149767582f,0.9757376490447476f,0.8887099682384229f,0.5808686280502446f,0.7848852488472428f,-0.21574703494840378f,-2.996445417892605f,0f,0f,0f,1f],start_interpolation:0}
execute if entity @s[tag=aj.mech_torso.bone.drillhead_left3] run data modify entity @s {} merge value {transformation:[0.5381492949120168f,0.6010646572575328f,-0.590860909336185f,-1.1416071516350823f,-0.8023331275169223f,0.15058693149767582f,-0.5775682890801987f,0.691200094843353f,-0.25817995443994696f,0.7848852488472428f,0.5632923373057618f,-3.1686932878125056f,0f,0f,0f,1f],start_interpolation:0}
execute if entity @s[tag=aj.mech_torso.bone.drill_left] run data modify entity @s {} merge value {transformation:[0.5197074357170851f,0.9189109037822096f,1.1057815942580493f,-0.9445331082795014f,1.2851797492964294f,0.2302181165528591f,-0.7953355473248762f,0.9261627956786114f,-0.6445643453434866f,1.1999368198994294f,-0.6942149775040192f,-2.706220816742306f,0f,0f,0f,1f],start_interpolation:0}
execute if entity @s[tag=aj.mech_torso.bone.left_hand] run data modify entity @s {} merge value {transformation:[-0.7232977998397219f,0.6010646572575328f,0.33994348139492486f,-0.5815756223302169f,0.5202333394782102f,0.15058693149767582f,0.8406431160471507f,1.0091369851495895f,0.4540898206768862f,0.7848852488472428f,-0.4216130701242959f,-2.433431093865801f,0f,0f,0f,1f],start_interpolation:0}
execute if entity @s[tag=aj.mech_torso.bone.left_arm_low] run data modify entity @s {} merge value {transformation:[-0.7232977998397219f,0.6010646572575328f,0.33994348139492486f,-0.015093843769075299f,0.5202333394782102f,0.15058693149767582f,0.8406431160471507f,1.218508597741127f,0.4540898206768862f,0.7848852488472428f,-0.4216130701242959f,-1.6333406396676369f,0f,0f,0f,1f],start_interpolation:0}
execute if entity @s[tag=aj.mech_torso.bone.left_arm] run data modify entity @s {} merge value {transformation:[-0.8004694558454545f,0.6826778775503316f,0.3434698593703433f,0.656273155468702f,0.5757392021060549f,0.21163132492584188f,0.9211452285076678f,1.4498978092508286f,0.5025385556858227f,0.8449467890627991f,-0.5082242637219324f,-0.7602272749598344f,0f,0f,0f,1f],start_interpolation:0}
execute if entity @s[tag=aj.mech_torso.bone.drillhead_right1] run data modify entity @s {} merge value {transformation:[-0.9512790647924042f,-0.022858348627450842f,0.3074827422567235f,0.4416788734773798f,-0.06321212973428583f,0.9905240471170718f,-0.12192759629088458f,-1.0915437282703624f,-0.3017819867754611f,-0.13542380876656457f,-0.9437097140948654f,1.5655308753789625f,0f,0f,0f,1f],start_interpolation:0}
execute if entity @s[tag=aj.mech_torso.bone.drillhead_right2] run data modify entity @s {} merge value {transformation:[0.07996172548037972f,-0.022858348627450842f,-0.9965358088680137f,0.6456863696741342f,0.13683664543527121f,0.9905240471170718f,-0.011740721819334103f,-1.0509646997129223f,0.9873610560095141f,-0.13542380876656457f,0.08233187168366035f,1.8279014987407862f,0f,0f,0f,1f],start_interpolation:0}
execute if entity @s[tag=aj.mech_torso.bone.drillhead_right3] run data modify entity @s {} merge value {transformation:[0.6481157498232402f,-0.022858348627450842f,0.7611987064683473f,0.7624832094415874f,-0.0884561758876235f,0.9905240471170718f,0.10506006391657552f,-1.097221451320147f,-0.7563871229591348f,-0.13542380876656457f,0.639952273408541f,1.4698536182971982f,0f,0f,0f,1f],start_interpolation:0}
execute if entity @s[tag=aj.mech_torso.bone.drill_right] run data modify entity @s {} merge value {transformation:[-1.4543205870162286f,-0.03494596719770191f,0.4700812818935995f,0.6261992957272555f,-0.09663904633681224f,1.5143185285711678f,-0.1864035696506509f,-0.566560371831345f,-0.4613659360347533f,-0.20703665238795474f,-1.4427485226691816f,1.557898773896911f,0f,0f,0f,1f],start_interpolation:0}
execute if entity @s[tag=aj.mech_torso.bone.barrel_right] run data modify entity @s {} merge value {transformation:[-0.7057146598850043f,-0.05246301502568825f,-2.1833146691048686f,0.13434151231141644f,0.27984039531940963f,2.2733872343167465f,-0.14508042405447497f,-1.2351371562213234f,2.1659419810838805f,-0.3108160361866232f,-0.6926306517028874f,1.4171677918959074f,0f,0f,0f,1f],start_interpolation:0}
execute if entity @s[tag=aj.mech_torso.bone.rocket_right] run data modify entity @s {} merge value {transformation:[-0.7085310736862664f,-0.05267238797480377f,-2.19202798897209f,0.5386266014497492f,0.28095720129826895f,2.2824600218699858f,-0.14565942082445363f,0.33347851522037264f,2.1745859688526084f,-0.3120564618483379f,-0.6953948489592561f,1.1794391269149433f,0f,0f,0f,1f],start_interpolation:0}
execute if entity @s[tag=aj.mech_torso.bone.sword_right] run data modify entity @s {} merge value {transformation:[-0.8191488870377879f,-0.06089574556371271f,-2.5342534070950964f,1.703962700217763f,0.3248210096860706f,2.638803936848823f,-0.1684001688650747f,-0.2649751462590026f,2.5140882909849025f,-0.3607755720382184f,-0.8039617988991898f,1.8020233251703601f,0f,0f,0f,1f],start_interpolation:0}
execute if entity @s[tag=aj.mech_torso.bone.right_hand] run data modify entity @s {} merge value {transformation:[-0.30748274225672373f,-0.022858348627450842f,-0.9512790647924041f,0.5326400317488189f,0.12192759629088457f,0.9905240471170718f,-0.06321212973428586f,-0.12735085115704925f,0.9437097140948653f,-0.13542380876656457f,-0.3017819867754613f,1.5019398339954082f,0f,0f,0f,1f],start_interpolation:0}
execute if entity @s[tag=aj.mech_torso.bone.right_arm_low] run data modify entity @s {} merge value {transformation:[-0.31131372936005414f,-0.6768406933748152f,-0.6670610449605301f,-0.14558921119600954f,0.09229978666627625f,0.6770881820802103f,-0.730090640310281f,0.5211532617468225f,0.945814205482924f,-0.2888568321491038f,-0.14831459546345963f,1.1493347828953886f,0f,0f,0f,1f],start_interpolation:0}
execute if entity @s[tag=aj.mech_torso.bone.right_arm] run data modify entity @s {} merge value {transformation:[-0.46518816635914767f,-0.5053321055075907f,-0.8677623012995593f,-0.6461443827894711f,0.1319559521396575f,0.9172975969337963f,-0.6049171215037868f,1.4498978092508286f,0.9954695249520994f,-0.35773811697494035f,-0.3253242122696889f,0.7575699961002764f,0f,0f,0f,1f],start_interpolation:0}
execute if entity @s[tag=aj.mech_torso.bone.torso] run data modify entity @s {} merge value {transformation:[-0.8594086240662567f,0.14630629189305927f,-0.9907842692785782f,0f,0f,1.305555475912223f,0.1927876596996002f,0.20333875f,1.001528331749723f,0.12554501457625383f,-0.8501891744985375f,-0.005674375000000009f,0f,0f,0f,1f],start_interpolation:0}