execute if entity @s[tag=aj.mech_torso.bone.barrel_left] run data modify entity @s {} merge value {transformation:[-2.242560919741441f,0.006505143915734521f,-0.4883919510001698f,0.6867707412220123f,0.03732243930239632f,2.290504818207874f,-0.14086591760155037f,-1.6547406654851273f,0.4870072383688313f,-0.1455810919035966f,-2.2381417714048446f,-1.230103734121475f,0f,0f,0f,1f],start_interpolation:0}
execute if entity @s[tag=aj.mech_torso.bone.blaster_left] run data modify entity @s {} merge value {transformation:[-0.9770928967129865f,0.002834317612603693f,-0.21279435574445074f,1.0361905321987954f,0.01626153831958224f,0.9979822479096004f,-0.06137585216338337f,-0.5551699797661481f,0.21219103082954693f,-0.06343027274867752f,-0.9751674558425966f,-0.8889729869336281f,0f,0f,0f,1f],start_interpolation:0}
execute if entity @s[tag=aj.mech_torso.bone.sword_left] run data modify entity @s {} merge value {transformation:[-2.6030227030000708f,0.007550759111994181f,-0.5668944487637445f,1.0458663844573641f,0.04332152405771921f,2.6586729442398247f,-0.16350823666277456f,-0.6810140598369949f,0.5652871620297365f,-0.1689813123989931f,-2.5978932354583764f,0.34341003990561625f,0f,0f,0f,1f],start_interpolation:0}
execute if entity @s[tag=aj.mech_torso.bone.rocket_left] run data modify entity @s {} merge value {transformation:[-2.2515106835532914f,0.0065311050841002985f,-0.490341058634474f,0.8716372786596649f,0.037471388217762726f,2.2996459197727894f,-0.1414280948340952f,-0.05747398120912467f,0.48895081979830035f,-0.14616208677269418f,-2.2470738989805894f,-0.9484812407310125f,0f,0f,0f,1f],start_interpolation:0}
execute if entity @s[tag=aj.mech_torso.bone.drillhead_left1] run data modify entity @s {} merge value {transformation:[-0.21279435574445096f,0.002834317612603693f,0.9770928967129865f,0.7469628331723579f,-0.061375852163383364f,0.9979822479096004f,-0.016261538319582255f,-1.5224357064283862f,-0.9751674558425966f,-0.06343027274867752f,-0.21219103082954716f,-0.9606270597405542f,0f,0f,0f,1f],start_interpolation:0}
execute if entity @s[tag=aj.mech_torso.bone.drillhead_left2] run data modify entity @s {} merge value {transformation:[-0.8212832541910886f,0.002834317612603693f,-0.5705136133598977f,0.6334813063165606f,0.0385112241908259f,0.9979822479096004f,-0.0504808723045143f,-1.4985847514359847f,0.5692193794984671f,-0.06343027274867752f,-0.8197352612291413f,-0.5904380952240067f,0f,0f,0f,1f],start_interpolation:0}
execute if entity @s[tag=aj.mech_torso.bone.drillhead_left3] run data modify entity @s {} merge value {transformation:[0.9841490030794975f,0.002834317612603693f,-0.17732091354745005f,1.0042632051421874f,0.00846381934960584f,0.9979822479096004f,0.06292691490386265f,-1.5047471523098002f,0.17714147876668696f,-0.06343027274867752f,0.9821392452190167f,-0.6708264143866531f,0f,0f,0f,1f],start_interpolation:0}
execute if entity @s[tag=aj.mech_torso.bone.drill_left] run data modify entity @s {} merge value {transformation:[-0.32532116369821024f,0.004333120118702261f,1.4937849130813377f,0.8055817326043426f,-0.09383173523991303f,1.5257206663413734f,-0.02486072786630992f,-0.9901482725753823f,-1.4908412886492142f,-0.09697254455882225f,-0.32439879730029536f,-0.7311596663491443f,0f,0f,0f,1f],start_interpolation:0}
execute if entity @s[tag=aj.mech_torso.bone.left_hand] run data modify entity @s {} merge value {transformation:[-0.9770928967129865f,0.002834317612603693f,-0.21279435574445074f,0.8835197670873912f,0.01626153831958224f,0.9979822479096004f,-0.06137585216338337f,-0.5526291144037134f,0.21219103082954693f,-0.06343027274867752f,-0.9751674558425966f,-0.8558181383665114f,0f,0f,0f,1f],start_interpolation:0}
execute if entity @s[tag=aj.mech_torso.bone.left_arm_low] run data modify entity @s {} merge value {transformation:[-0.9770928967129865f,0.002834317612603693f,-0.21279435574445074f,0.8186359550384191f,0.01626153831958224f,0.9979822479096004f,-0.06137585216338337f,0.4444514842707552f,0.21219103082954693f,-0.06343027274867752f,-0.9751674558425966f,-0.9364604546834234f,0f,0f,0f,1f],start_interpolation:0}
execute if entity @s[tag=aj.mech_torso.bone.left_arm] run data modify entity @s {} merge value {transformation:[-1.0813430090836982f,0.12338069617425097f,-0.20061525129311142f,0.9135233388568936f,0.01799654959930814f,0.9832121202536094f,0.5076830008213291f,1.4444350938289112f,0.23483057603804644f,0.49279114128805834f,-0.9626959385806508f,-0.4288870831329383f,0f,0f,0f,1f],start_interpolation:0}
execute if entity @s[tag=aj.mech_torso.bone.drillhead_right1] run data modify entity @s {} merge value {transformation:[-0.6555274980447147f,-0.09805513536358504f,0.748778264732668f,-0.9255167671738823f,-0.5132910161490873f,0.7851334917170616f,-0.34655119812924073f,-0.9880409160608457f,-0.5539097688684266f,-0.6115149962290409f,-0.565007413525807f,1.8627533019921323f,0f,0f,0f,1f],start_interpolation:0}
execute if entity @s[tag=aj.mech_torso.bone.drillhead_right2] run data modify entity @s {} merge value {transformation:[-0.44092140021437876f,-0.09805513536358504f,-0.8921734748701178f,-0.8868480570220811f,0.5165995267809668f,0.7851334917170616f,-0.3415996620517301f,-0.7806865934527192f,0.7339708766447569f,-0.6115149962290409f,-0.2955269219958194f,2.122778254289652f,0f,0f,0f,1f],start_interpolation:0}
execute if entity @s[tag=aj.mech_torso.bone.drillhead_right3] run data modify entity @s {} merge value {transformation:[0.942640426137281f,-0.09805513536358504f,0.31908340201357116f,-0.6026417338130173f,-0.12374359105677177f,0.7851334917170616f,0.6068384660323943f,-0.9121174181837672f,-0.3100266935025108f,-0.6115149962290409f,0.7279648746353744f,1.908460318275038f,0f,0f,0f,1f],start_interpolation:0}
execute if entity @s[tag=aj.mech_torso.bone.drill_right] run data modify entity @s {} merge value {transformation:[-1.0021739897847075f,-0.14990722207583204f,1.14473626700557f,-0.8409378639984997f,-0.7847220858150622f,1.2003163349434574f,-0.5298093488523065f,-0.47629063286336637f,-0.846820254990632f,-0.9348874386078541f,-0.863786394255077f,1.6610812500780652f,0f,0f,0f,1f],start_interpolation:0}
execute if entity @s[tag=aj.mech_torso.bone.barrel_right] run data modify entity @s {} merge value {transformation:[-1.7185478266090997f,-0.2250498548153146f,-1.5045246504977712f,-1.0939946520376003f,0.7953820729110199f,1.8019880107899482f,-1.1780726040918494f,-1.2779696795276807f,1.2967687608820642f,-1.4035099804659703f,-1.2712981589633108f,1.70577099379721f,0f,0f,0f,1f],start_interpolation:0}
execute if entity @s[tag=aj.mech_torso.bone.rocket_right] run data modify entity @s {} merge value {transformation:[-1.725406323523107f,-0.22594799899893858f,-1.5105290092434032f,-0.8606627654838649f,0.7985563374895511f,1.8091795064351213f,-1.1827741359285182f,0.11688311350328817f,1.3019439933702048f,-1.409111203033513f,-1.2763717416504083f,0.8808719741368136f,0f,0f,0f,1f],start_interpolation:0}
execute if entity @s[tag=aj.mech_torso.bone.sword_right] run data modify entity @s {} merge value {transformation:[-1.99478148819729f,-0.26122361994013316f,-1.7463569386201918f,-0.08359798056508239f,0.9232291417908733f,2.0916335700530184f,-1.3674320760869496f,0.2645430648332563f,1.5052070583244033f,-1.6291055065123163f,-1.4756423965709842f,2.096656885525182f,0f,0f,0f,1f],start_interpolation:0}
execute if entity @s[tag=aj.mech_torso.bone.right_hand] run data modify entity @s {} merge value {transformation:[-0.7487782647326681f,-0.09805513536358504f,-0.6555274980447146f,-0.9578592953574447f,0.3465511981292406f,0.7851334917170616f,-0.5132910161490875f,-0.15696514431361452f,0.5650074135258069f,-0.6115149962290409f,-0.5539097688684267f,1.3625006861870625f,0f,0f,0f,1f],start_interpolation:0}
execute if entity @s[tag=aj.mech_torso.bone.right_arm_low] run data modify entity @s {} merge value {transformation:[-0.7854739731418376f,-0.28943518150673325f,-0.5470447086143324f,-1.215297500687011f,0.289867464061292f,0.6089150099435395f,-0.7383761669664961f,0.41075889390839126f,0.5468157740916507f,-0.7385457239545995f,-0.394389050092577f,0.5774543185363418f,0f,0f,0f,1f],start_interpolation:0}
execute if entity @s[tag=aj.mech_torso.bone.right_arm] run data modify entity @s {} merge value {transformation:[-0.8921893998969831f,0.20033919971311956f,-0.6234053723732222f,-0.9864515140971836f,0.36487669722328575f,1.026991837744386f,-0.19215811084589524f,1.4444350938289112f,0.5437233203283778f,-0.3604496480768756f,-0.8939871255596294f,0.1956892197653804f,0f,0f,0f,1f],start_interpolation:0}
execute if entity @s[tag=aj.mech_torso.bone.torso] run data modify entity @s {} merge value {transformation:[-1.2537106773926732f,0.019547809549361517f,-0.4116668591838145f,0f,-1.144668489045745e-18f,1.318227596127143f,0.06259542495817012f,0.20333875f,0.41213070718941175f,0.05946486666524863f,-1.2522996415558376f,-0.005674375000000009f,0f,0f,0f,1f],start_interpolation:0}