execute if entity @s[tag=aj.mech_torso.bone.barrel_left] run data modify entity @s {} merge value {transformation:[-1.1476070563705216f,0.29784235237578505f,1.9651810274757233f,1.8741351787862257f,-0.9068777962182348f,1.9407937825451809f,-0.8237357888370648f,-1.078224180146183f,-1.7686772459512334f,-1.1883845843059067f,-0.8527434390771547f,1.1682337282563962f,0f,0f,0f,1f],start_interpolation:0}
execute if entity @s[tag=aj.mech_torso.bone.blaster_left] run data modify entity @s {} merge value {transformation:[-0.5000170533278625f,0.12977112206174507f,0.8562373515913428f,1.7331539029752767f,-0.3951303374062761f,0.8456117299717616f,-0.35890502726399187f,0.10178753737336578f,-0.7706198562472446f,-0.517783987791241f,-0.37154377823410795f,0.9805726073949229f,0f,0f,0f,1f],start_interpolation:0}
execute if entity @s[tag=aj.mech_torso.bone.sword_left] run data modify entity @s {} merge value {transformation:[-1.3320695975563366f,0.34571654144338854f,2.2810576894446646f,0.5575526236122366f,-1.0526463168166276f,2.2527505198783886f,-0.9561403397075922f,0.2600175194238632f,-2.0529685436690452f,-1.3794015697019428f,-0.989810583164945f,1.3378164795432732f,0f,0f,0f,1f],start_interpolation:0}
execute if entity @s[tag=aj.mech_torso.bone.rocket_left] run data modify entity @s {} merge value {transformation:[-1.1521870042385658f,0.2990310017825697f,1.9730238048507365f,1.7734266338981297f,-0.9104970254712357f,1.9485392336535012f,-0.8270232093430415f,0.44042272293551643f,-1.7757358027428514f,-1.193127269890746f,-0.8561466252758714f,0.5780497748210387f,0f,0f,0f,1f],start_interpolation:0}
execute if entity @s[tag=aj.mech_torso.bone.drillhead_left1] run data modify entity @s {} merge value {transformation:[0.8562373515913427f,0.12977112206174507f,0.5000170533278627f,1.6458881688528528f,-0.358905027263992f,0.8456117299717616f,0.39513033740627607f,-0.8792597400267627f,-0.3715437782341081f,-0.517783987791241f,0.7706198562472445f,1.213641020448354f,0f,0f,0f,1f],start_interpolation:0}
execute if entity @s[tag=aj.mech_torso.bone.drillhead_left2] run data modify entity @s {} merge value {transformation:[-0.7896233701023863f,0.12977112206174507f,0.5997119218983273f,1.2612993554175982f,-0.22770582367746675f,0.8456117299717616f,-0.4827948425548173f,-0.8328417949090756f,-0.5697762642050971f,-0.517783987791241f,-0.6381651437797926f,1.1930591499570573f,0f,0f,0f,1f],start_interpolation:0}
execute if entity @s[tag=aj.mech_torso.bone.drillhead_left3] run data modify entity @s {} merge value {transformation:[0.13428767285004772f,0.12977112206174507f,-0.9824084063154968f,1.4509176403831987f,0.502399839130408f,0.8456117299717616f,0.1803751750543978f,-0.6828644124654851f,0.8541435608621416f,-0.517783987791241f,0.048358240505017414f,1.4855162652767837f,0f,0f,0f,1f],start_interpolation:0}
execute if entity @s[tag=aj.mech_torso.bone.drill_left] run data modify entity @s {} merge value {transformation:[1.309020301065166f,0.19839479433490703f,0.7644287795533421f,1.4826688073912646f,-0.5486959497500886f,1.2927757931776998f,0.6040774001160425f,-0.34574084412738937f,-0.5680181406931033f,-0.7915909651985165f,1.1781278104216755f,1.0458959758101705f,0f,0f,0f,1f],start_interpolation:0}
execute if entity @s[tag=aj.mech_torso.bone.left_hand] run data modify entity @s {} merge value {transformation:[-0.5000170533278625f,0.12977112206174507f,0.8562373515913428f,1.6550262383927983f,-0.3951303374062761f,0.8456117299717616f,-0.35890502726399187f,0.04004842215363513f,-0.7706198562472446f,-0.517783987791241f,-0.37154377823410795f,0.860163254856291f,0f,0f,0f,1f],start_interpolation:0}
execute if entity @s[tag=aj.mech_torso.bone.left_arm_low] run data modify entity @s {} merge value {transformation:[-0.5000170533278625f,0.12977112206174507f,0.8562373515913428f,1.7803037118587814f,-0.3951303374062761f,0.8456117299717616f,-0.35890502726399187f,0.8497487239355048f,-0.7706198562472446f,-0.517783987791241f,-0.37154377823410795f,0.2826047829797812f,0f,0f,0f,1f],start_interpolation:0}
execute if entity @s[tag=aj.mech_torso.bone.left_arm] run data modify entity @s {} merge value {transformation:[-0.5533659561518011f,-0.894046751484951f,0.3453092863874892f,0.8558429960027927f,-0.4372884394805576f,0.5903343754713191f,0.8276811731382889f,1.4375f,-0.8528404996263309f,0.2774125264477465f,-0.6484422494725468f,0.540524120803819f,0f,0f,0f,1f],start_interpolation:0}
execute if entity @s[tag=aj.mech_torso.bone.drillhead_right1] run data modify entity @s {} merge value {transformation:[-0.7395867509884526f,-0.6701210110476603f,0.06284320420543871f,-0.8454718292565443f,0.6368479731482264f,-0.6665234595135952f,0.3875192085755552f,2.789799937101159f,-0.2177982939771118f,0.3266256396403848f,0.9197171275289859f,-1.9238871724198006f,0f,0f,0f,1f],start_interpolation:0}
execute if entity @s[tag=aj.mech_torso.bone.drillhead_right2] run data modify entity @s {} merge value {transformation:[0.22496804627717398f,-0.6701210110476603f,-0.7073381148409107f,-0.6534139570405401f,-0.6017322335170416f,-0.6665234595135952f,0.4400736268678473f,2.5405905651658798f,-0.766360031121681f,0.3266256396403848f,-0.5531798931890832f,-2.038397096556929f,0f,0f,0f,1f],start_interpolation:0}
execute if entity @s[tag=aj.mech_torso.bone.drillhead_right3] run data modify entity @s {} merge value {transformation:[0.34108714652283806f,-0.6701210110476603f,0.6592400086685956f,-0.6294721925891735f,0.11430989699881397f,-0.6665234595135952f,-0.7366679885580405f,2.687550485426333f,0.9330556285265251f,0.3266256396403848f,-0.15074112114642352f,-1.6893855676770666f,0f,0f,0f,1f],start_interpolation:0}
execute if entity @s[tag=aj.mech_torso.bone.drill_right] run data modify entity @s {} merge value {transformation:[-1.1306842310060476f,-1.0244846315118064f,0.09607503098996414f,-1.0391511900285124f,0.9736166309421964f,-1.01898467523979f,0.5924414651326886f,2.3138436159136435f,-0.3329712115729676f,0.49934704710443506f,1.406068526367421f,-1.7101877450202647f,0f,0f,0f,1f],start_interpolation:0}
execute if entity @s[tag=aj.mech_torso.bone.barrel_right] run data modify entity @s {} merge value {transformation:[-0.1442336898533868f,-1.538018745125048f,-1.697452054052175f,-1.0204252325791678f,-0.8894092217067304f,-1.5297618756869515f,1.4616526035581994f,3.1114337028091965f,-2.110875735922179f,0.7496502096240677f,-0.49987666894573646f,-1.9789322274389791f,0f,0f,0f,1f],start_interpolation:0}
execute if entity @s[tag=aj.mech_torso.bone.rocket_right] run data modify entity @s {} merge value {transformation:[-0.1448093074192402f,-1.5441567743691564f,-1.7042263605300827f,-1.7624057762448198f,-0.8929587361909456f,-1.5358669528579878f,1.4674858656389147f,1.8591366105867322f,-2.1192999615948747f,0.7526419643891571f,-0.5018716105692775f,-1.229443507191311f,0f,0f,0f,1f],start_interpolation:0}
execute if entity @s[tag=aj.mech_torso.bone.sword_right] run data modify entity @s {} merge value {transformation:[-0.16741733342482576f,-1.785234762613168f,-1.9702948513262024f,-0.3697836950738589f,-1.0323699017403598f,-1.7756507114447608f,1.6965937814522443f,1.46609495957216f,-2.450170880731716f,0.8701464909079012f,-0.5802251820725677f,-1.3288823906829648f,0f,0f,0f,1f],start_interpolation:0}
execute if entity @s[tag=aj.mech_torso.bone.right_hand] run data modify entity @s {} merge value {transformation:[-0.06284320420543887f,-0.6701210110476603f,-0.7395867509884526f,-1.396831899835571f,-0.38751920857555505f,-0.6665234595135952f,0.6368479731482265f,2.055715539877877f,-0.9197171275289859f,0.3266256396403848f,-0.21779829397711162f,-1.6090732155201806f,0f,0f,0f,1f],start_interpolation:0}
execute if entity @s[tag=aj.mech_torso.bone.right_arm_low] run data modify entity @s {} merge value {transformation:[0.35106098432161226f,-0.2133356458389732f,-0.911725883970401f,-1.66060029106872f,-0.45987734746614145f,-0.8874557251878694f,0.030580404163097874f,1.1979577865367381f,-0.8156402458036548f,0.40854649435008106f,-0.4096593113547069f,-1.1623510592872057f,0f,0f,0f,1f],start_interpolation:0}
execute if entity @s[tag=aj.mech_torso.bone.right_arm] run data modify entity @s {} merge value {transformation:[0.38851714349298644f,1.0357272991618596f,0.03309636712628971f,-0.6187116776174555f,-0.5089435778229185f,0.22150709644733077f,-0.9574356476287623f,1.4375f,-0.902664302129471f,0.32089803135635f,0.5540700223498488f,-0.8106562944275015f,0f,0f,0f,1f],start_interpolation:0}
execute if entity @s[tag=aj.mech_torso.bone.torso] run data modify entity @s {} merge value {transformation:[-0.9729944245539212f,0f,0.8915851233639018f,0f,0f,1.3197129166666666f,0f,0.20333875f,-0.8915851233639018f,0f,-0.9729944245539212f,-0.005674375000000009f,0f,0f,0f,1f],start_interpolation:0}