execute if entity @s[tag=aj.mech_torso.bone.barrel_left] run data modify entity @s {} merge value {transformation:[-1.7636125706121806f,1.4596757753146692f,0.16329673967631286f,-1.3254244135174666f,0.9627748204401878f,0.9561629109055751f,1.8510714806256503f,0.568989234961025f,1.1092266852883392f,1.490888195747352f,-1.3470401040340803f,-3.152792407981001f,0f,0f,0f,1f],start_interpolation:0}
execute if entity @s[tag=aj.mech_torso.bone.blaster_left] run data modify entity @s {} merge value {transformation:[-0.7684131566412795f,0.6359866610573168f,0.07114905240233618f,-0.4814281431261782f,0.41948489778136777f,0.4166040619551893f,0.8065193587855113f,0.5295005751402343f,0.48329456983700925f,0.6495860393509107f,-0.5869108418205081f,-2.2962697806051344f,0f,0f,0f,1f],start_interpolation:0}
execute if entity @s[tag=aj.mech_torso.bone.sword_left] run data modify entity @s {} merge value {transformation:[-2.0470897892616065f,1.6942992044119767f,0.1895445144706897f,-0.8882054310162414f,1.1175280427929566f,1.109853356911619f,2.14860655357361f,-0.4151941506779798f,1.2875200932833348f,1.730528605489395f,-1.5635588499671884f,-1.6057754703350793f,0f,0f,0f,1f],start_interpolation:0}
execute if entity @s[tag=aj.mech_torso.bone.rocket_left] run data modify entity @s {} merge value {transformation:[-1.7706509149548657f,1.465501148135512f,0.16394843535087975f,-0.2790525525475737f,0.9666171273184909f,0.9599788305280588f,1.8584588619023925f,0.853754581320262f,1.1136534621753087f,1.4968381332069567f,-1.3524159627989718f,-1.9326439120064283f,0f,0f,0f,1f],start_interpolation:0}
execute if entity @s[tag=aj.mech_torso.bone.drillhead_left1] run data modify entity @s {} merge value {transformation:[0.07114905240233602f,0.6359866610573168f,0.7684131566412795f,-1.2727969903292116f,0.8065193587855114f,0.4166040619551893f,-0.4194848977813676f,0.38834384799262667f,-0.586910841820508f,0.6495860393509107f,-0.48329456983700936f,-2.91124952016319f,0f,0f,0f,1f],start_interpolation:0}
execute if entity @s[tag=aj.mech_torso.bone.drillhead_left2] run data modify entity @s {} merge value {transformation:[-0.7371487515161171f,0.6359866610573168f,-0.22832583098588702f,-1.4427282253037896f,0.078911914768864f,0.4166040619551893f,0.9056566486643537f,0.19511565697302283f,0.671107016686416f,0.6495860393509107f,-0.3572860893383004f,-2.620951335503498f,0f,0f,0f,1f],start_interpolation:0}
execute if entity @s[tag=aj.mech_torso.bone.drillhead_left3] run data modify entity @s {} merge value {transformation:[0.6826936243504179f,0.6359866610573168f,-0.35979213753006956f,-1.1511659839424058f,-0.6961951077467257f,0.4166040619551893f,-0.5845968076477684f,0.03583883806160748f,-0.22190490580610336f,0.6495860393509107f,0.7271837389955732f,-2.8042593492640777f,0f,0f,0f,1f],start_interpolation:0}
execute if entity @s[tag=aj.mech_torso.bone.drill_left] run data modify entity @s {} merge value {transformation:[0.10877305670339181f,0.9722998523521734f,1.1747541961111199f,-0.9632907204532579f,1.2330111643578165f,0.636906546522429f,-0.6413107839380178f,0.3868014709865756f,-0.8972724740755859f,0.9930906555507188f,-0.7388633562124065f,-2.417665826936878f,0f,0f,0f,1f],start_interpolation:0}
execute if entity @s[tag=aj.mech_torso.bone.left_hand] run data modify entity @s {} merge value {transformation:[-0.7684131566412795f,0.6359866610573168f,0.07114905240233618f,-0.6014926988513781f,0.41948489778136777f,0.4166040619551893f,0.8065193587855113f,0.595045090418573f,0.48329456983700925f,0.6495860393509107f,-0.5869108418205081f,-2.220755004068102f,0f,0f,0f,1f],start_interpolation:0}
execute if entity @s[tag=aj.mech_torso.bone.left_arm_low] run data modify entity @s {} merge value {transformation:[-0.7684131566412795f,0.6359866610573168f,0.07114905240233618f,-0.011308452196568286f,0.41948489778136777f,0.4166040619551893f,0.8065193587855113f,1.063070688447145f,0.48329456983700925f,0.6495860393509107f,-0.5869108418205081f,-1.559304017909269f,0f,0f,0f,1f],start_interpolation:0}
execute if entity @s[tag=aj.mech_torso.bone.left_arm] run data modify entity @s {} merge value {transformation:[-0.8503983580448237f,0.6921270942402282f,0.1501822112877367f,0.6682542083680616f,0.4642414893794027f,0.36752446608301126f,0.9349746439894611f,1.4497832814804452f,0.5348592812202941f,0.7814459871181144f,-0.5727474985048248f,-0.7498291737937873f,0f,0f,0f,1f],start_interpolation:0}
execute if entity @s[tag=aj.mech_torso.bone.drillhead_right1] run data modify entity @s {} merge value {transformation:[-0.979080005445176f,-0.1887443480197969f,0.07601259124681871f,0.5925126502059683f,-0.20328669008102948f,0.8912565439156808f,-0.40538413210605023f,-0.9535872036172801f,0.008767244343212669f,-0.41235584634882777f,-0.9109806756504598f,1.775927786933888f,0f,0f,0f,1f],start_interpolation:0}
execute if entity @s[tag=aj.mech_torso.bone.drillhead_right2] run data modify entity @s {} merge value {transformation:[0.30445121977770845f,-0.1887443480197969f,-0.9336407370431345f,0.8481257847044719f,0.4523205507719781f,0.8912565439156808f,-0.03267862109714206f,-0.8205680511420346f,0.838281321589119f,-0.41235584634882777f,0.3567170893814061f,1.946432598047896f,0f,0f,0f,1f],start_interpolation:0}
execute if entity @s[tag=aj.mech_torso.bone.drillhead_right3] run data modify entity @s {} merge value {transformation:[0.4449041743098732f,-0.1887443480197969f,0.8754632184005402f,0.8770957578065679f,-0.29673165414328484f,0.8912565439156808f,0.34294620329851466f,-0.9743631126094693f,-0.844991479904407f,-0.41235584634882777f,0.3405173341709671f,1.600763257108098f,0f,0f,0f,1f],start_interpolation:0}
execute if entity @s[tag=aj.mech_torso.bone.drill_right] run data modify entity @s {} merge value {transformation:[-1.4968228156746146f,-0.2885533816178839f,0.1162084612330057f,0.6970539537405498f,-0.31078579293211583f,1.3625578319779057f,-0.6197534569944452f,-0.45097455317271806f,0.01340341064114372f,-0.6304118514922556f,-1.3927121914130827f,1.5610669035542837f,0f,0f,0f,1f],start_interpolation:0}
execute if entity @s[tag=aj.mech_torso.bone.barrel_right] run data modify entity @s {} merge value {transformation:[-0.17445922195509384f,-0.4331939164793733f,-2.2471216041974187f,0.2800593320429254f,0.9304116478613297f,2.045554830633703f,-0.4665705668446989f,-1.152112206278673f,2.0908243921595813f,-0.9464126790396888f,0.020122016651695898f,1.7690228649963198f,0f,0f,0f,1f],start_interpolation:0}
execute if entity @s[tag=aj.mech_torso.bone.rocket_right] run data modify entity @s {} merge value {transformation:[-0.17515546561900164f,-0.43492273606375625f,-2.2560895690972944f,0.3978118607192576f,0.9341247976013659f,2.053718369219077f,-0.46843258822305356f,0.2730827937888149f,2.099168595573258f,-0.9501896867773081f,0.020202320956861246f,0.9718591240254539f,0f,0f,0f,1f],start_interpolation:0}
execute if entity @s[tag=aj.mech_torso.bone.sword_right] run data modify entity @s {} merge value {transformation:[-0.2025012170234359f,-0.5028240657682266f,-2.6083164567062123f,1.7510453242483814f,1.0799629214969029f,2.3743505103909963f,-0.5415655678992167f,-0.03492301095976144f,2.426896550665482f,-1.0985359052058508f,0.023356362680461266f,1.3933537377198864f,0f,0f,0f,1f],start_interpolation:0}
execute if entity @s[tag=aj.mech_torso.bone.right_hand] run data modify entity @s {} merge value {transformation:[-0.07601259124681893f,-0.1887443480197969f,-0.979080005445176f,0.5343733872577748f,0.4053841321060502f,0.8912565439156808f,-0.20328669008102956f,-0.058494027012448546f,0.9109806756504598f,-0.41235584634882777f,0.008767244343212466f,1.405234263341032f,0f,0f,0f,1f],start_interpolation:0}
execute if entity @s[tag=aj.mech_torso.bone.right_arm_low] run data modify entity @s {} merge value {transformation:[-0.03594201520087198f,-0.7646936307341567f,-0.6433908785939644f,-0.24817983248238884f,0.25920539229378486f,0.614640623472186f,-0.7450029990433242f,0.5166649157212719f,0.965153219001587f,-0.19354729420050193f,0.17612128990709508f,1.1568686832625277f,0f,0f,0f,1f],start_interpolation:0}
execute if entity @s[tag=aj.mech_torso.bone.right_arm] run data modify entity @s {} merge value {transformation:[-0.21699382994940652f,-0.445422653331408f,-0.989587952734432f,-0.6948429149316186f,0.34733906068511816f,0.9275831091925513f,-0.4936771525978159f,1.4497832814804452f,1.0281251058214151f,-0.40738214734314987f,-0.04207768220584817f,0.7137166001579999f,0f,0f,0f,1f],start_interpolation:0}
execute if entity @s[tag=aj.mech_torso.bone.torso] run data modify entity @s {} merge value {transformation:[-0.8994484401448819f,0.12201176230286498f,-0.9579915530929947f,0f,9.15734791236596e-18f,1.3091378078408542f,0.16673446703811037f,0.20333875f,0.9657301310085434f,0.11363763618727679f,-0.8922409899353589f,-0.005674375000000009f,0f,0f,0f,1f],start_interpolation:0}