execute if entity @s[tag=aj.mech_torso.bone.barrel_left] run data modify entity @s {} merge value {transformation:[-2.085461457376269f,0.7560459415826577f,-0.5889766866906854f,-0.4360633458708282f,0.4560983415788725f,2.0234570836674726f,0.9824684355314554f,-0.9523341744947064f,0.8428957860007059f,0.7756703283115942f,-1.988846582612629f,-2.378954713248303f,0f,0f,0f,1f],start_interpolation:0}
execute if entity @s[tag=aj.mech_torso.bone.blaster_left] run data modify entity @s {} merge value {transformation:[-0.908644023193806f,0.3294122860190879f,-0.2566195334222493f,0.2685885394730735f,0.19872389901928353f,0.8816284658536793f,0.4280654858255471f,-0.25610806353028415f,0.36725311581080966f,0.3379627109847576f,-0.8665485300380386f,-1.6961260430913268f,0f,0f,0f,1f],start_interpolation:0}
execute if entity @s[tag=aj.mech_torso.bone.sword_left] run data modify entity @s {} merge value {transformation:[-2.420671595582754f,0.8775702515486745f,-0.683646840314321f,0.2812618124499131f,0.529410071975824f,2.348700845076718f,1.1403871440710724f,-0.8980595597910133f,0.9783800510872612f,0.9003489969277586f,-2.3085271672002867f,-0.6366752683745724f,0f,0f,0f,1f],start_interpolation:0}
execute if entity @s[tag=aj.mech_torso.bone.rocket_left] run data modify entity @s {} merge value {transformation:[-2.0937842580270476f,0.7590632208674734f,-0.5913272146920275f,0.2752803330196947f,0.4579185696922645f,2.031532433069498f,0.9863893370209982f,0.24251087148241524f,0.8462596715194013f,0.7787659259264182f,-1.9967838060858896f,-1.5239206713808864f,0f,0f,0f,1f],start_interpolation:0}
execute if entity @s[tag=aj.mech_torso.bone.drillhead_left1] run data modify entity @s {} merge value {transformation:[-0.2566195334222495f,0.3294122860190879f,0.9086440231938059f,-0.3258077136196173f,0.42806548582554715f,0.8816284658536793f,-0.19872389901928345f,-0.9721899388366904f,-0.8665485300380384f,0.3379627109847576f,-0.3672531158108098f,-2.0940076789786914f,0f,0f,0f,1f],start_interpolation:0}
execute if entity @s[tag=aj.mech_torso.bone.drillhead_left2] run data modify entity @s {} merge value {transformation:[-0.7412735715055139f,0.3294122860190879f,-0.5848085481652424f,-0.41146965449107364f,0.019783373532005655f,0.8816284658536793f,0.4715292846983963f,-1.07928768125484f,0.6709114027344842f,0.3379627109847576f,-0.6600447679246313f,-1.7311318050266236f,0f,0f,0f,1f],start_interpolation:0}
execute if entity @s[tag=aj.mech_torso.bone.drillhead_left3] run data modify entity @s {} merge value {transformation:[0.9376816592294226f,0.3294122860190879f,-0.11063747902241752f,-0.0666547267659261f,-0.34741051231750586f,0.8816284658536793f,-0.3194325971590505f,-1.154748368036243f,-0.007683871162724787f,0.3379627109847576f,0.9411281337351403f,-1.870371971312946f,0f,0f,0f,1f],start_interpolation:0}
execute if entity @s[tag=aj.mech_torso.bone.drill_left] run data modify entity @s {} merge value {transformation:[-0.3923213327184078f,0.5036072871825309f,1.3891399044804829f,-0.0866153874832084f,0.6544288334181447f,1.3478383740846283f,-0.3038101732418002f,-0.6316409830713481f,-1.3247840865266909f,0.5166792231848486f,-0.5614585527392767f,-1.6862886432655304f,0f,0f,0f,1f],start_interpolation:0}
execute if entity @s[tag=aj.mech_torso.bone.left_hand] run data modify entity @s {} merge value {transformation:[-0.908644023193806f,0.3294122860190879f,-0.2566195334222493f,0.1266129108490413f,0.19872389901928353f,0.8816284658536793f,0.4280654858255471f,-0.2250574543085211f,0.36725311581080966f,0.3379627109847576f,-0.8665485300380386f,-1.6387427437458877f,0f,0f,0f,1f],start_interpolation:0}
execute if entity @s[tag=aj.mech_torso.bone.left_arm_low] run data modify entity @s {} merge value {transformation:[-0.908644023193806f,0.3294122860190879f,-0.2566195334222493f,0.39121558499907105f,0.19872389901928353f,0.8816284658536793f,0.4280654858255471f,0.6823683016659118f,0.36725311581080966f,0.3379627109847576f,-0.8665485300380386f,-1.304906354586643f,0f,0f,0f,1f],start_interpolation:0}
execute if entity @s[tag=aj.mech_torso.bone.left_arm] run data modify entity @s {} merge value {transformation:[-1.0055910400451165f,0.4411233528227386f,-0.13772736223944243f,0.8112404355178497f,0.2199265798218968f,0.7469007792950194f,0.7864753676437448f,1.447833692052745f,0.40643688095798086f,0.6872564237727767f,-0.7663286816466091f,-0.5948053592580835f,0f,0f,0f,1f],start_interpolation:0}
execute if entity @s[tag=aj.mech_torso.bone.drillhead_right1] run data modify entity @s {} merge value {transformation:[-0.8840507974666225f,-0.17268260353527987f,0.43432120134170976f,-0.20084657738715136f,-0.3620868077911722f,0.8406250269209252f,-0.4027936292169879f,-0.9895512342549073f,-0.29554581898958965f,-0.5133520064736f,-0.8056813180950033f,2.005740807759209f,0f,0f,0f,1f],start_interpolation:0}
execute if entity @s[tag=aj.mech_torso.bone.drillhead_right2] run data modify entity @s {} merge value {transformation:[-0.06294887489569734f,-0.17268260353527987f,-0.9829639655580682f,-0.039457991232071096f,0.5106974122791598f,0.8406250269209252f,-0.18038214214706408f,-0.8132248544412727f,0.8574529679467768f,-0.5133520064736f,0.03527215911725817f,2.240190785594756f,0f,0f,0f,1f],start_interpolation:0}
execute if entity @s[tag=aj.mech_torso.bone.drillhead_right3] run data modify entity @s {} merge value {transformation:[0.7395720620149413f,-0.17268260353527987f,0.6505489094013188f,0.12545848651620625f,-0.2335681674398711f,0.8406250269209252f,0.48866703927416066f,-0.9660163152865363f,-0.6312519910826013f,-0.5133520064736f,0.5813696252847931f,1.9345164517050184f,0f,0f,0f,1f],start_interpolation:0}
execute if entity @s[tag=aj.mech_torso.bone.drill_right] run data modify entity @s {} merge value {transformation:[-1.3515416477754587f,-0.26399809964883836f,0.6639926051843799f,-0.1076446947354108f,-0.5535602730546862f,1.285152094542273f,-0.615793082145756f,-0.4803280395938834f,-0.4518320489444709f,-0.7848153281535415f,-1.2317299632107808f,1.8014892304637742f,0f,0f,0f,1f],start_interpolation:0}
execute if entity @s[tag=aj.mech_torso.bone.barrel_right] run data modify entity @s {} merge value {transformation:[-0.9968261523757401f,-0.39633003116711424f,-2.0290166637525546f,-0.45966827412891736f,0.9244660918542892f,1.9293486216830138f,-0.8310384073387989f,-1.2370632921916809f,1.8491480634070738f,-1.178212585171125f,-0.6783177995548548f,1.911740588975515f,0f,0f,0f,1f],start_interpolation:0}
execute if entity @s[tag=aj.mech_torso.bone.rocket_right] run data modify entity @s {} merge value {transformation:[-1.0008043536128628f,-0.39791173186441253f,-2.0371142007028498f,-0.2993454998984532f,0.9281555136672379f,1.9370483966691814f,-0.8343549716286627f,0.17413436566875373f,1.8565277685802746f,-1.1829146756537536f,-0.6810248761127081f,1.0972872418413928f,0f,0f,0f,1f],start_interpolation:0}
execute if entity @s[tag=aj.mech_torso.bone.sword_right] run data modify entity @s {} merge value {transformation:[-1.1570526725657138f,-0.46003480214382314f,-2.35515405357296f,0.8669938750643759f,1.0730616965928013f,2.2394657019269797f,-0.9646167568180597f,0.10122308067372252f,2.1463739726687967f,-1.367594557259317f,-0.7873483465028518f,1.9564161605020063f,0f,0f,0f,1f],start_interpolation:0}
execute if entity @s[tag=aj.mech_torso.bone.right_hand] run data modify entity @s {} merge value {transformation:[-0.43432120134171f,-0.17268260353527987f,-0.8840507974666224f,-0.2663313236245769f,0.40279362921698786f,0.8406250269209252f,-0.3620868077911723f,-0.12284931500051366f,0.8056813180950032f,-0.5133520064736f,-0.2955458189895898f,1.573855188288793f,0f,0f,0f,1f],start_interpolation:0}
execute if entity @s[tag=aj.mech_torso.bone.right_arm_low] run data modify entity @s {} merge value {transformation:[-0.45350545980409135f,-0.5806599214080712f,-0.676141149168021f,-0.8397765647063931f,0.29368051455527816f,0.6189119040589399f,-0.7284914621220242f,0.45494219870740804f,0.8414776011864054f,-0.5289443360926649f,-0.11015142312772541f,0.9888762701492364f,0f,0f,0f,1f],start_interpolation:0}
execute if entity @s[tag=aj.mech_torso.bone.right_arm] run data modify entity @s {} merge value {transformation:[-0.5923495613118186f,-0.06318997649665954f,-0.932684835632099f,-0.8872854441704554f,0.38870992940883403f,0.9875328080997922f,-0.3137762295642335f,1.447833692052745f,0.8501756092282956f,-0.49553804932711165f,-0.5063748154049585f,0.46113490232354093f,0f,0f,0f,1f],start_interpolation:0}
execute if entity @s[tag=aj.mech_torso.bone.torso] run data modify entity @s {} merge value {transformation:[-1.1207832713586343f,0.058078465231812f,-0.6943442467074924f,0f,0f,1.3151203187715927f,0.1100033161815803f,0.20333875f,0.6967690012188242f,0.09342173969297471f,-1.116882948168742f,-0.005674375000000009f,0f,0f,0f,1f],start_interpolation:0}