execute if entity @s[tag=aj.mech_torso.bone.barrel_left] run data modify entity @s {} merge value {transformation:[-1.8562384356141433f,1.3371213704064695f,-0.18475336100266315f,-1.2005849638254171f,0.8253634398412447f,1.3729042716337834f,1.643641550507237f,0.04246759117291388f,1.0680835902554087f,1.2628890668553323f,-1.5912124755968582f,-2.9378967034613117f,0f,0f,0f,1f],start_interpolation:0}
execute if entity @s[tag=aj.mech_torso.bone.blaster_left] run data modify entity @s {} merge value {transformation:[-0.8087706220499555f,0.5825892093125074f,-0.0804977894203051f,-0.33198956990083184f,0.3596142014141841f,0.5981799646428115f,0.7161412961428515f,0.25640352925959886f,0.46536835630516066f,0.5502458932991252f,-0.6932977353614255f,-2.133351163455236f,0f,0f,0f,1f],start_interpolation:0}
execute if entity @s[tag=aj.mech_torso.bone.sword_left] run data modify entity @s {} merge value {transformation:[-2.1546040277211476f,1.5520458120869698f,-0.21445000174218146f,-0.5565903322253687f,0.9580296139204548f,1.5935803378400746f,1.9078350264205368f,-0.6321493403318313f,1.2397637940008361f,1.465881654967046f,-1.84697867639338f,-1.2998485690073618f,0f,0f,0f,1f],start_interpolation:0}
execute if entity @s[tag=aj.mech_torso.bone.rocket_left] run data modify entity @s {} merge value {transformation:[-1.8636464375243615f,1.3424576448182681f,-0.18549068721300752f,-0.1720964867786528f,0.8286573560869479f,1.3783833508682595f,1.6502011063876987f,0.6564420615608991f,1.072346170495682f,1.26792908996883f,-1.5975627939787123f,-1.828845519593081f,0f,0f,0f,1f],start_interpolation:0}
execute if entity @s[tag=aj.mech_torso.bone.drillhead_left1] run data modify entity @s {} merge value {transformation:[-0.08049778942030528f,0.5825892093125074f,0.8087706220499555f,-1.1111010629341953f,0.7161412961428516f,0.5981799646428115f,-0.35961420141418393f,-0.09166513112631629f,-0.6932977353614254f,0.5502458932991252f,-0.4653683563051608f,-2.6776152933497683f,0f,0f,0f,1f],start_interpolation:0}
execute if entity @s[tag=aj.mech_torso.bone.drillhead_left2] run data modify entity @s {} merge value {transformation:[-0.7164014538552109f,0.5825892093125074f,-0.38387337769994945f,-1.2373890498212181f,0.05818479102062529f,0.5981799646428115f,0.7992466828168955f,-0.2656820433180185f,0.6952578564878119f,0.5502458932991252f,-0.46243482773188854f,-2.3547279243173227f,0f,0f,0f,1f],start_interpolation:0}
execute if entity @s[tag=aj.mech_torso.bone.drillhead_left3] run data modify entity @s {} merge value {transformation:[0.7780117945615402f,0.5825892093125074f,-0.23513285758430214f,-0.9304936054615706f,-0.6062956095532868f,0.5981799646428115f,-0.5240098889680741f,-0.40222940185987377f,-0.164630742449704f,0.5502458932991252f,0.8186123475418066f,-2.5312200732803825f,0f,0f,0f,1f],start_interpolation:0}
execute if entity @s[tag=aj.mech_torso.bone.drill_left] run data modify entity @s {} merge value {transformation:[-0.1230654564954554f,0.8906655388885117f,1.2364529078308415f,-0.7884150165772091f,1.094840692641879f,0.9145007700874055f,-0.5497801390322621f,0.02493490669168713f,-1.0599173331832803f,0.8412189021742913f,-0.7114576638645932f,-2.206765509548588f,0f,0f,0f,1f],start_interpolation:0}
execute if entity @s[tag=aj.mech_torso.bone.left_hand] run data modify entity @s {} merge value {transformation:[-0.8087706220499555f,0.5825892093125074f,-0.0804977894203051f,-0.4583599795961374f,0.3596142014141841f,0.5981799646428115f,0.7161412961428515f,0.3125932482305651f,0.46536835630516066f,0.5502458932991252f,-0.6932977353614255f,-2.0606373577825545f,0f,0f,0f,1f],start_interpolation:0}
execute if entity @s[tag=aj.mech_torso.bone.left_arm_low] run data modify entity @s {} merge value {transformation:[-0.8087706220499555f,0.5825892093125074f,-0.0804977894203051f,0.07116550991886317f,0.3596142014141841f,0.5981799646428115f,0.7161412961428515f,0.9556285159662272f,0.46536835630516066f,0.5502458932991252f,-0.6932977353614255f,-1.5029714964444012f,0f,0f,0f,1f],start_interpolation:0}
execute if entity @s[tag=aj.mech_torso.bone.left_arm] run data modify entity @s {} merge value {transformation:[-0.8950617295940573f,0.6487468090009503f,0.05257429563206544f,0.7053691609512589f,0.3979829389555693f,0.4747710951449895f,0.9170463271008411f,1.4494907457877524f,0.5150204452741762f,0.7605865917566127f,-0.6172794795906288f,-0.7152612772185172f,0f,0f,0f,1f],start_interpolation:0}
execute if entity @s[tag=aj.mech_torso.bone.drillhead_right1] run data modify entity @s {} merge value {transformation:[-0.9701091053816154f,-0.19221702510843341f,0.1481247410601816f,0.40344495034091266f,-0.2375150912967001f,0.8772327070219608f,-0.41719223283426926f,-0.9732133031945914f,-0.04974841768340189f,-0.4399038451632207f,-0.8966658808879766f,1.866693581532987f,0f,0f,0f,1f],start_interpolation:0}
execute if entity @s[tag=aj.mech_torso.bone.drillhead_right2] run data modify entity @s {} merge value {transformation:[0.23439526569202723f,-0.19221702510843341f,-0.95294883109201f,0.6428954307247818f,0.4763284554141935f,0.8772327070219608f,-0.059782775894497014f,-0.8285121301415058f,0.8474491500874214f,-0.4399038451632207f,0.29717763211036013f,2.0506204638188605f,0f,0f,0f,1f],start_interpolation:0}
execute if entity @s[tag=aj.mech_torso.bone.drillhead_right3] run data modify entity @s {} merge value {transformation:[0.5080940987400993f,-0.19221702510843341f,0.8395790624378092f,0.6992269224359883f,-0.2945422746623358f,0.8772327070219608f,0.37908788712864483f,-0.9867832814577276f,-0.8093733596197886f,-0.4399038451632207f,0.3891007218553953f,1.71039042510727f,0f,0f,0f,1f],start_interpolation:0}
execute if entity @s[tag=aj.mech_torso.bone.drill_right] run data modify entity @s {} merge value {transformation:[-1.483108055065068f,-0.29386242916132566f,0.226453906475153f,0.5043346908796325f,-0.36311435811447296f,1.3411181141723367f,-0.637805745348292f,-0.4707825096746845f,-0.0760556504249806f,-0.6725273812980264f,-1.3708276556417267f,1.6496725739893217f,0f,0f,0f,1f],start_interpolation:0}
execute if entity @s[tag=aj.mech_torso.bone.barrel_right] run data modify entity @s {} merge value {transformation:[-0.3399664010104446f,-0.44116418210309866f,-2.2265321700042886f,0.09904165806428261f,0.9575128429662746f,2.013368220058104f,-0.5451293969924947f,-1.182718417996214f,2.0579699937533937f,-1.0096390782552263f,-0.1141793760768098f,1.843603038384908f,0f,0f,0f,1f],start_interpolation:0}
execute if entity @s[tag=aj.mech_torso.bone.rocket_right] run data modify entity @s {} merge value {transformation:[-0.34132316191991374f,-0.4429248099626647f,-2.2354179651974566f,0.2189732319228107f,0.9613341499889394f,2.021403306140797f,-0.5473049362641511f,0.23260868611839547f,2.0661830796115437f,-1.0136684141836525f,-0.11463505085428238f,1.0293659217560518f,0f,0f,0f,1f],start_interpolation:0}
execute if entity @s[tag=aj.mech_torso.bone.sword_right] run data modify entity @s {} merge value {transformation:[-0.3946114695468089f,-0.5120754453784135f,-2.584417545343384f,1.5520921005598005f,1.111420272561747f,2.336990331087343f,-0.6327516831104887f,-0.020602685133627563f,2.3887612455364793f,-1.171925105534003f,-0.13253218921543788f,1.5416589780236225f,0f,0f,0f,1f],start_interpolation:0}
execute if entity @s[tag=aj.mech_torso.bone.right_hand] run data modify entity @s {} merge value {transformation:[-0.1481247410601818f,-0.19221702510843341f,-0.9701091053816154f,0.3386823782983329f,0.4171922328342692f,0.8772327070219608f,-0.23751509129670018f,-0.08686491597797386f,0.8966658808879766f,-0.4399038451632207f,-0.04974841768340209f,1.4765935906648688f,0f,0f,0f,1f],start_interpolation:0}
execute if entity @s[tag=aj.mech_torso.bone.right_arm_low] run data modify entity @s {} merge value {transformation:[-0.12504185968226594f,-0.73253691440889f,-0.6691443807994679f,-0.4069501817803989f,0.274060509864724f,0.6226946284361853f,-0.7328998817365224f,0.4957978092873999f,0.9535488295099984f,-0.2750292143482648f,0.12289654590381388f,1.1458080915317232f,0f,0f,0f,1f],start_interpolation:0}
execute if entity @s[tag=aj.mech_torso.bone.right_arm] run data modify entity @s {} merge value {transformation:[-0.2972515121766899f,-0.34574013325727426f,-1.0084033306658313f,-0.7500156388817618f,0.36974954254289194f,0.9484454069516527f,-0.4341757298095598f,1.4494907457877524f,0.9998493850735827f,-0.45352734076523327f,-0.13923410817907603f,0.6565459557464497f,0f,0f,0f,1f],start_interpolation:0}
execute if entity @s[tag=aj.mech_torso.bone.torso] run data modify entity @s {} merge value {transformation:[-0.9603450595299843f,0.10399703862713769f,-0.8992019600790341f,0f,9.15734791236596e-18f,1.3109742221369347f,0.15162048446466175f,0.20333875f,0.9051958622603129f,0.11033307421659369f,-0.9539859779355063f,-0.005674375000000009f,0f,0f,0f,1f],start_interpolation:0}