execute if entity @s[tag=aj.mech_torso.bone.barrel_left] run data modify entity @s {} merge value {transformation:[-1.8058969378768748f,1.4163642748176024f,-0.017233230632460995f,-1.2874672942673846f,0.8989295932232291f,1.167565903053193f,1.7596488120945606f,0.3091893103072947f,1.094673617862943f,1.3778064437716513f,-1.473427150322291f,-3.0494792095601397f,0f,0f,0f,1f],start_interpolation:0}
execute if entity @s[tag=aj.mech_torso.bone.blaster_left] run data modify entity @s {} merge value {transformation:[-0.7868366271176577f,0.6171156644618067f,-0.007508588547211328f,-0.4218393049083382f,0.39166727309453897f,0.5087132038531603f,0.7666861309637347f,0.39476227937861f,0.47695373927960383f,0.6003158609443164f,-0.6419781909737183f,-2.218283973229807f,0f,0f,0f,1f],start_interpolation:0}
execute if entity @s[tag=aj.mech_torso.bone.sword_left] run data modify entity @s {} merge value {transformation:[-2.0961708050784176f,1.6440259573833687f,-0.020003242804884094f,-0.7352942291048603f,1.043420546108718f,1.355236562869672f,2.0424889093837195f,-0.5280074146352091f,1.2706278142049299f,1.5992704688222714f,-1.7102609296998827f,-1.4534700208506282f,0f,0f,0f,1f],start_interpolation:0}
execute if entity @s[tag=aj.mech_torso.bone.rocket_left] run data modify entity @s {} merge value {transformation:[-1.8131040335326776f,1.4220167971725457f,-0.01730200617497489f,-0.2366939824487696f,0.9025171022500779f,1.172225504036653f,1.7666713376016336f,0.7582347759114454f,1.0990423153840194f,1.3833050869262924f,-1.4793074030606972f,-1.8837256579310684f,0f,0f,0f,1f],start_interpolation:0}
execute if entity @s[tag=aj.mech_torso.bone.drillhead_left1] run data modify entity @s {} merge value {transformation:[-0.007508588547211503f,0.6171156644618067f,0.7868366271176577f,-1.2147055205419544f,0.7666861309637348f,0.5087132038531603f,-0.3916672730945388f,0.15043392882380918f,-0.6419781909737182f,0.6003158609443164f,-0.476953739279604f,-2.7979880142985007f,0f,0f,0f,1f],start_interpolation:0}
execute if entity @s[tag=aj.mech_torso.bone.drillhead_left2] run data modify entity @s {} merge value {transformation:[-0.7240688427867552f,0.6171156644618067f,-0.30804637245277294f,-1.3615230962043094f,0.0684552970226402f,0.5087132038531603f,0.8582102006705556f,-0.03459856710817649f,0.6863222153005044f,0.6003158609443164f,-0.41058821693235736f,-2.4902635119149323f,0f,0f,0f,1f],start_interpolation:0}
execute if entity @s[tag=aj.mech_torso.bone.drillhead_left3] run data modify entity @s {} merge value {transformation:[0.7298156676616834f,0.6171156644618067f,-0.2941723098991382f,-1.0629599125653548f,-0.6552514573104659f,0.5087132038531603f,-0.5584410478447694f,-0.18331491432865038f,-0.19497338004979708f,0.6003158609443164f,0.7756328049861234f,-2.6711583625432294f,0f,0f,0f,1f],start_interpolation:0}
execute if entity @s[tag=aj.mech_torso.bone.drill_left] run data modify entity @s {} merge value {transformation:[-0.011479170842498243f,0.9434497705390592f,1.2029200975692054f,-0.8938015199728597f,1.1721139099005673f,0.7777235015805657f,-0.5987830486379935f,0.2072054897678433f,-0.9814597357424882f,0.9177661399225845f,-0.7291694601100797f,-2.315060499525311f,0f,0f,0f,1f],start_interpolation:0}
execute if entity @s[tag=aj.mech_torso.bone.left_hand] run data modify entity @s {} merge value {transformation:[-0.7868366271176577f,0.6171156644618067f,-0.007508588547211328f,-0.5447825278954722f,0.39166727309453897f,0.5087132038531603f,0.7666861309637347f,0.45596029079963174f,0.47695373927960383f,0.6003158609443164f,-0.6419781909737183f,-2.143759951467369f,0f,0f,0f,1f],start_interpolation:0}
execute if entity @s[tag=aj.mech_torso.bone.left_arm_low] run data modify entity @s {} merge value {transformation:[-0.7868366271176577f,0.6171156644618067f,-0.007508588547211328f,0.022921203979380467f,0.39166727309453897f,0.5087132038531603f,0.7666861309637347f,1.0131116408138174f,0.47695373927960383f,0.6003158609443164f,-0.6419781909737183f,-1.5336963002860058f,0f,0f,0f,1f],start_interpolation:0}
execute if entity @s[tag=aj.mech_torso.bone.left_arm] run data modify entity @s {} merge value {transformation:[-0.870787505350787f,0.6752074276856606f,0.10293701305698952f,0.6847085962542616f,0.4334558864079666f,0.4174138742938034f,0.9287914893125093f,1.4496695622185816f,0.5278419210305918f,0.7711242219507687f,-0.592893176936271f,-0.7349121046581976f,0f,0f,0f,1f],start_interpolation:0}
execute if entity @s[tag=aj.mech_torso.bone.drillhead_right1] run data modify entity @s {} merge value {transformation:[-0.975974407881361f,-0.1914012869353709f,0.10411293157005432f,0.508596550584069f,-0.21749685245155445f,0.8843328393712165f,-0.4130987150588936f,-0.9642237786344589f,-0.013002858696986981f,-0.4258180087421456f,-0.9047153967389858f,1.8186559994871674f,0f,0f,0f,1f],start_interpolation:0}
execute if entity @s[tag=aj.mech_torso.bone.drillhead_right2] run data modify entity @s {} merge value {transformation:[0.27730142976120403f,-0.1914012869353709f,-0.941525073703232f,0.7580191002326321f,0.46488588977438833f,0.8843328393712165f,-0.04285485618127283f,-0.825820907674021f,0.8408240163916989f,-0.4258180087421456f,0.3342065183233364f,1.9939759843808607f,0f,0f,0f,1f],start_interpolation:0}
execute if entity @s[tag=aj.mech_torso.bone.drillhead_right3] run data modify entity @s {} merge value {transformation:[0.4696770428558468f,-0.1914012869353709f,0.8618404856895917f,0.7976512383664204f,-0.2984210057248596f,0.8843328393712165f,0.3590269245499641f,-0.9825413913921182f,-0.8308720591982564f,-0.4258180087421456f,0.35823266835190176f,1.6506868101426209f,0f,0f,0f,1f],start_interpolation:0}
execute if entity @s[tag=aj.mech_torso.bone.drill_right] run data modify entity @s {} merge value {transformation:[-1.4920749612970674f,-0.2926153242237659f,0.15916841372934504f,0.6111216645805195f,-0.33251036613588725f,1.351972834966929f,-0.6315475532000765f,-0.462255767481047f,-0.019878840808104974f,-0.6509928782792063f,-1.383133799076294f,1.60133072135095f,0f,0f,0f,1f],start_interpolation:0}
execute if entity @s[tag=aj.mech_torso.bone.barrel_right] run data modify entity @s {} merge value {transformation:[-0.23895331995981345f,-0.439291952191485f,-2.2399938359447944f,0.19929513650518343f,0.948117663635623f,2.02966398823429f,-0.4991848196987757f,-1.1673576716967682f,2.0764447260240297f,-0.977310170342745f,-0.02984332693122526f,1.8061585038213255f,0f,0f,0f,1f],start_interpolation:0}
execute if entity @s[tag=aj.mech_torso.bone.rocket_right] run data modify entity @s {} merge value {transformation:[-0.23990695103260698f,-0.4410451082292767f,-2.248933354864984f,0.3160019414578109f,0.9519014757410977f,2.0377641085709137f,-0.5011770002435434f,0.2515610224268374f,2.08473154209341f,-0.9812104858786527f,-0.02996242769903187f,0.9977243770738122f,0f,0f,0f,1f],start_interpolation:0}
execute if entity @s[tag=aj.mech_torso.bone.sword_right] run data modify entity @s {} merge value {transformation:[-0.2773618818276512f,-0.50990227945803f,-2.600042994692327f,1.6628057510596392f,1.1005149433547872f,2.355905426838824f,-0.5794221272788098f,-0.0324818149877264f,2.410205544823501f,-1.1343997564928319f,-0.034640244040277546f,1.4551139887865747f,0f,0f,0f,1f],start_interpolation:0}
execute if entity @s[tag=aj.mech_torso.bone.right_hand] run data modify entity @s {} merge value {transformation:[-0.10411293157005454f,-0.1914012869353709f,-0.975974407881361f,0.4466727525255678f,0.41309871505889356f,0.8843328393712165f,-0.21749685245155453f,-0.0737371652158253f,0.9047153967389858f,-0.4258180087421456f,-0.013002858696987182f,1.4376249092981932f,0f,0f,0f,1f],start_interpolation:0}
execute if entity @s[tag=aj.mech_torso.bone.right_arm_low] run data modify entity @s {} merge value {transformation:[-0.07166227067238293f,-0.7509785723103822f,-0.6564264641928587f,-0.32034025487381734f,0.26696705068617965f,0.6196654202226388f,-0.7380673145643447f,0.5061782107587915f,0.9610375189398181f,-0.22813581680867345f,0.15607990350790996f,1.1543017445404034f,0f,0f,0f,1f],start_interpolation:0}
execute if entity @s[tag=aj.mech_torso.bone.right_arm] run data modify entity @s {} merge value {transformation:[-0.2490357357241716f,-0.4000471409737795f,-1.0013568124624976f,-0.7199724930975255f,0.3594783217665876f,0.9381245089032937f,-0.4641871610771455f,1.4496695622185816f,1.0166260458232548f,-0.4297169642074735f,-0.0811590547019538f,0.6887701060958306f,0f,0f,0f,1f],start_interpolation:0}
execute if entity @s[tag=aj.mech_torso.bone.torso] run data modify entity @s {} merge value {transformation:[-0.9268878887074787f,0.11375050527941288f,-0.9325137246887635f,0f,0f,1.310002636325524f,0.15979760710666877f,0.20333875f,0.9394259013803232f,0.1122323384132022f,-0.920067965123725f,-0.005674375000000009f,0f,0f,0f,1f],start_interpolation:0}