execute if entity @s[tag=aj.mech_torso.bone.barrel_left] run data modify entity @s {} merge value {transformation:[-1.1590849757678183f,0.4445028805022404f,1.93043717888597f,1.7115012855843983f,-0.9596986843283736f,1.8306098010999157f,-0.9977447994682858f,-1.0703427851108835f,-1.7329595920558567f,-1.3110810191566467f,-0.7386244695103611f,1.3558709311356438f,0f,0f,0f,1f],start_interpolation:0}
execute if entity @s[tag=aj.mech_torso.bone.blaster_left] run data modify entity @s {} merge value {transformation:[-0.5050180294054425f,0.1936717095548406f,0.8410993157133996f,1.6477610639808487f,-0.4181446127894566f,0.7976041219491724f,-0.4347214596093052f,0.09973395799833581f,-0.7550575294443458f,-0.5712433225586052f,-0.3218216799123484f,1.0831482344627141f,0f,0f,0f,1f],start_interpolation:0}
execute if entity @s[tag=aj.mech_torso.bone.sword_left] run data modify entity @s {} merge value {transformation:[-1.3453924395408534f,0.5159507950533905f,2.2407292301940895f,0.4759977060032552f,-1.113957458794064f,2.1248559317384896f,-1.1581189799364036f,0.3526762831839697f,-2.011509752886994f,-1.521819821390048f,-0.8573485100010253f,1.3957007780102337f,0f,0f,0f,1f],start_interpolation:0}
execute if entity @s[tag=aj.mech_torso.bone.rocket_left] run data modify entity @s {} merge value {transformation:[-1.163710730492993f,0.44627683266521706f,1.9381412981598563f,1.718256558895756f,-0.9635287147546029f,1.837915522521919f,-1.0017266669043654f,0.4060308319989879f,-1.7398756044182628f,-1.3163133699732323f,-0.7415722220059915f,0.6594349792132106f,0f,0f,0f,1f],start_interpolation:0}
execute if entity @s[tag=aj.mech_torso.bone.drillhead_left1] run data modify entity @s {} merge value {transformation:[0.8410993157133995f,0.1936717095548406f,0.5050180294054427f,1.4949025063883856f,-0.4347214596093053f,0.7976041219491724f,0.41814461278945647f,-0.8554065451167834f,-0.32182167991234856f,-0.5712433225586052f,0.7550575294443457f,1.3810254485780662f,0f,0f,0f,1f],start_interpolation:0}
execute if entity @s[tag=aj.mech_torso.bone.drillhead_left2] run data modify entity @s {} merge value {transformation:[-0.7884505940140037f,0.1936717095548406f,0.5838124096977301f,1.1144857818501588f,-0.2199545490999854f,0.7976041219491724f,-0.5616472745237099f,-0.7877075847537001f,-0.5744263722438124f,-0.5712433225586052f,-0.5862724701902846f,1.3465760523747812f,0f,0f,0f,1f],start_interpolation:0}
execute if entity @s[tag=aj.mech_torso.bone.drillhead_left3] run data modify entity @s {} merge value {transformation:[0.1447010478197397f,0.1936717095548406f,-0.9703364754959874f,1.3060036363794012f,0.5526759496720868f,0.7976041219491724f,0.2416132432292286f,-0.6289876656832896f,0.8207380224005262f,-0.5712433225586052f,0.008376456188550485f,1.6331216372750912f,0f,0f,0f,1f],start_interpolation:0}
execute if entity @s[tag=aj.mech_torso.bone.drill_left] run data modify entity @s {} merge value {transformation:[1.2858771898172718f,0.29608635862253374f,0.7720742988693667f,1.3687789799991412f,-0.6646045221919455f,1.2193815019915553f,0.639261748982507f,-0.32631279024906956f,-0.4920027274507647f,-0.8733198857622595f,1.154336040909467f,1.172281521985204f,0f,0f,0f,1f],start_interpolation:0}
execute if entity @s[tag=aj.mech_torso.bone.left_hand] run data modify entity @s {} merge value {transformation:[-0.5050180294054425f,0.1936717095548406f,0.8410993157133996f,1.5688519968862482f,-0.4181446127894566f,0.7976041219491724f,-0.4347214596093052f,0.03439886224998323f,-0.7550575294443458f,-0.5712433225586052f,-0.3218216799123484f,0.965170495487035f,0f,0f,0f,1f],start_interpolation:0}
execute if entity @s[tag=aj.mech_torso.bone.left_arm_low] run data modify entity @s {} merge value {transformation:[-0.5050180294054425f,0.1936717095548406f,0.8410993157133996f,1.7572444332192925f,-0.4181446127894566f,0.7976041219491724f,-0.4347214596093052f,0.7922839002870238f,-0.7550575294443458f,-0.5712433225586052f,-0.3218216799123484f,0.3366791498408974f,0f,0f,0f,1f],start_interpolation:0}
execute if entity @s[tag=aj.mech_torso.bone.left_arm] run data modify entity @s {} merge value {transformation:[-0.5589005072044984f,-0.869826423961019f,0.39472039947254856f,0.8572483929344923f,-0.4627582037971837f,0.6466393171382044f,0.7697300935285489f,1.4365522622134077f,-0.8356177633338024f,0.22367736641030633f,-0.6902777469184348f,0.540460816809185f,0f,0f,0f,1f],start_interpolation:0}
execute if entity @s[tag=aj.mech_torso.bone.drillhead_right1] run data modify entity @s {} merge value {transformation:[-0.7380489952371952f,-0.6713335121872837f,0.06778640013788018f,-0.8754267619829897f,0.638437117285873f,-0.6622881477912606f,0.3921383130566635f,2.7710763054182346f,-0.2183614615747725f,0.3326946418406943f,0.9174053342930929f,-1.9048172914366197f,0f,0f,0f,1f],start_interpolation:0}
execute if entity @s[tag=aj.mech_torso.bone.drillhead_right2] run data modify entity @s {} merge value {transformation:[0.21981265508096795f,-0.6713335121872837f,-0.7078090929626023f,-0.6847313416054254f,-0.6066078687387862f,-0.6622881477912606f,0.4397741498535459f,2.5205518273591614f,-0.764008697758372f,0.3326946418406943f,-0.5528155072355057f,-2.01873306122579f,0f,0f,0f,1f],start_interpolation:0}
execute if entity @s[tag=aj.mech_torso.bone.drillhead_right3] run data modify entity @s {} merge value {transformation:[0.3450655904209835f,-0.6713335121872837f,0.6559276284177274f,-0.6589140999027264f,0.11796925395432364f,-0.6622881477912606f,-0.7399038210583062f,2.6692642429045916f,0.9311353249817551f,0.3326946418406943f,-0.14933613715914135f,-1.6705986604082748f,0f,0f,0f,1f],start_interpolation:0}
execute if entity @s[tag=aj.mech_torso.bone.drill_right] run data modify entity @s {} merge value {transformation:[-1.128333301684015f,-1.0263383098217769f,0.10363221570712529f,-1.0700505340208497f,0.9760461231076947f,-1.012509707737413f,0.5995031770835563f,2.296980551125979f,-0.3338321852467624f,0.50862537054203f,1.4025342443461746f,-1.6878648476658857f,0f,0f,0f,1f],start_interpolation:0}
execute if entity @s[tag=aj.mech_torso.bone.barrel_right] run data modify entity @s {} merge value {transformation:[-0.1555789959691208f,-1.540801599938555f,-1.6939226957245497f,-1.049396681265218f,-0.9000106939192327f,-1.5200412599876847f,1.4652999052128437f,3.09306379431199f,-2.1055698564272234f,0.7635793940465769f,-0.5011692150792997f,-1.9609016461230622f,0f,0f,0f,1f],start_interpolation:0}
execute if entity @s[tag=aj.mech_torso.bone.rocket_right] run data modify entity @s {} merge value {transformation:[-0.15619989115005037f,-1.5469507351878935f,-1.7006829170005076f,-1.7931444790343531f,-0.9036025174758678f,-1.5261075434680578f,1.4711477231917167f,1.847516854285805f,-2.1139729070371254f,0.7666267383430702f,-0.5031693150833823f,-1.2019757540554152f,0f,0f,0f,1f],start_interpolation:0}
execute if entity @s[tag=aj.mech_torso.bone.sword_right] run data modify entity @s {} merge value {transformation:[-0.18058624630998657f,-1.7884649242533461f,-1.9661981956799914f,-0.40237693746665193f,-1.044675419334749f,-1.7643676363097283f,1.7008273382435684f,1.4487728183935478f,-2.444012151814624f,0.886314606104632f,-0.5817254877725029f,-1.3046155665520867f,0f,0f,0f,1f],start_interpolation:0}
execute if entity @s[tag=aj.mech_torso.bone.right_hand] run data modify entity @s {} merge value {transformation:[-0.06778640013788034f,-0.6713335121872837f,-0.7380489952371952f,-1.4282962607728567f,-0.39213831305666336f,-0.6622881477912606f,0.6384371172858732f,2.0407240300869023f,-0.9174053342930929f,0.3326946418406943f,-0.2183614615747723f,-1.5840268172006124f,0f,0f,0f,1f],start_interpolation:0}
execute if entity @s[tag=aj.mech_torso.bone.right_arm_low] run data modify entity @s {} merge value {transformation:[0.31014081899155055f,-0.1907972136951055f,-0.9313479992148125f,-1.667581900630397f,-0.47072456456198153f,-0.8819557314539286f,0.023926388643054047f,1.188936283563193f,-0.825972794172534f,0.43098783161679854f,-0.36334340820368133f,-1.1127701674543955f,0f,0f,0f,1f],start_interpolation:0}
execute if entity @s[tag=aj.mech_torso.bone.right_arm] run data modify entity @s {} merge value {transformation:[0.34323103522317155f,1.0501077436215012f,0.06510116573316928f,-0.6097962205545573f,-0.5209481297074517f,0.22911602674870468f,-0.9491527121465875f,1.4365522622134077f,-0.9140992731361107f,0.26372628160097056f,0.5653697425393295f,-0.818869938390875f,0f,0f,0f,1f],start_interpolation:0}
execute if entity @s[tag=aj.mech_torso.bone.torso] run data modify entity @s {} merge value {transformation:[-0.9680388628738781f,0.00475517204511128f,0.8969505731764212f,0f,0f,1.3196943712855407f,-0.006996342909068422f,0.20333875f,-0.8969631778298869f,-0.005131973589435569f,-0.9680252594231352f,-0.005674375000000009f,0f,0f,0f,1f],start_interpolation:0}