execute if entity @s[tag=aj.mech_torso.bone.barrel_left] run data modify entity @s {} merge value {transformation:[-1.7316421107230795f,1.46772789265991f,0.33887892665274083f,-1.3184234465119358f,1.0160220670311522f,0.7568496415376967f,1.913772785066373f,0.8036402315825015f,1.112098580669429f,1.593926581327715f,-1.220771597663003f,-3.2427793172156525f,0f,0f,0f,1f],start_interpolation:0}
execute if entity @s[tag=aj.mech_torso.bone.blaster_left] run data modify entity @s {} merge value {transformation:[-0.7544834974791598f,0.6394950012733058f,0.1476509240677799f,-0.5104483984922625f,0.44268493928550434f,0.32976246135222786f,0.8338385716748237f,0.6518591493717409f,0.4845458663134007f,0.6944802822466418f,-0.5318951409904219f,-2.364338144025188f,0f,0f,0f,1f],start_interpolation:0}
execute if entity @s[tag=aj.mech_torso.bone.sword_left] run data modify entity @s {} merge value {transformation:[-2.00998050398686f,1.7036455923171485f,0.39334919817789565f,-1.0059630729346747f,1.1793340746953158f,0.8785031355613004f,2.221386257139361f,-0.3020199757246955f,1.2908536075757713f,1.8501290384520293f,-1.416994363863632f,-1.7484825590340698f,0f,0f,0f,1f],start_interpolation:0}
execute if entity @s[tag=aj.mech_torso.bone.rocket_left] run data modify entity @s {} merge value {transformation:[-1.7385528651918645f,1.4735854004153228f,0.3402313475959833f,-0.2993607615824921f,1.0200768766229493f,0.7598701282826574f,1.921410398950176f,0.9380248125408914f,1.1165368189107485f,1.6002877313463097f,-1.2256435355314996f,-1.9746311576022997f,0f,0f,0f,1f],start_interpolation:0}
execute if entity @s[tag=aj.mech_torso.bone.drillhead_left1] run data modify entity @s {} merge value {transformation:[0.14765092406777974f,0.6394950012733058f,0.7544834974791598f,-1.287089565428536f,0.8338385716748238f,0.32976246135222786f,-0.4426849392855042f,0.6052592181703482f,-0.5318951409904218f,0.6944802822466418f,-0.4845458663134008f,-3.0116764622493326f,0f,0f,0f,1f],start_interpolation:0}
execute if entity @s[tag=aj.mech_torso.bone.drillhead_left2] run data modify entity @s {} merge value {transformation:[-0.753555423352662f,0.6394950012733058f,-0.1523166677755426f,-1.4802581554390692f,0.08989134810995342f,0.32976246135222786f,0.9397745818109234f,0.40719245939297805f,0.6512094666624293f,0.6944802822466418f,-0.3059793589441277f,-2.7397532206126978f,0f,0f,0f,1f],start_interpolation:0}
execute if entity @s[tag=aj.mech_torso.bone.drillhead_left3] run data modify entity @s {} merge value {transformation:[0.6405482985243915f,0.6394950012733058f,-0.4251400011807423f,-1.1939914162538463f,-0.7280837614038045f,0.32976246135222786f,-0.6009581977667072f,0.23910892023529817f,-0.24411455023737322f,0.6944802822466418f,0.6768347094623841f,-2.92354318616999f,0f,0f,0f,1f],start_interpolation:0}
execute if entity @s[tag=aj.mech_torso.bone.drill_left] run data modify entity @s {} merge value {transformation:[0.22572953249066038f,0.9776634218778869f,1.1534584577317508f,-0.9963414255952218f,1.2747769250020673f,0.5041426371286183f,-0.6767791330564332f,0.5514901458755059f,-0.8131641726448372f,1.0617252172668616f,-0.7407763450433696f,-2.5096846512739934f,0f,0f,0f,1f],start_interpolation:0}
execute if entity @s[tag=aj.mech_torso.bone.left_hand] run data modify entity @s {} merge value {transformation:[-0.7544834974791598f,0.6394950012733058f,0.1476509240677799f,-0.6283364449733813f,0.44268493928550434f,0.32976246135222786f,0.8338385716748237f,0.721028671135101f,0.4845458663134007f,0.6944802822466418f,-0.5318951409904219f,-2.288627852413719f,0f,0f,0f,1f],start_interpolation:0}
execute if entity @s[tag=aj.mech_torso.bone.left_arm_low] run data modify entity @s {} merge value {transformation:[-0.7544834974791598f,0.6394950012733058f,0.1476509240677799f,-0.03138257091540486f,0.44268493928550434f,0.32976246135222786f,0.8338385716748237f,1.104516396557511f,0.4845458663134007f,0.6944802822466418f,-0.5318951409904219f,-1.5804851766784407f,0f,0f,0f,1f],start_interpolation:0}
execute if entity @s[tag=aj.mech_torso.bone.left_arm] run data modify entity @s {} merge value {transformation:[-0.8349824855064509f,0.7002869066871642f,0.1928068353405052f,0.6569101754404308f,0.4899168399784552f,0.3261044484731271f,0.9372349530003619f,1.4498488445749276f,0.5362440837314871f,0.7924809874959707f,-0.5560468915967581f,-0.7597536991778883f,0f,0f,0f,1f],start_interpolation:0}
execute if entity @s[tag=aj.mech_torso.bone.drillhead_right1] run data modify entity @s {} merge value {transformation:[-0.980649334550119f,-0.184360604919928f,0.06586387477188743f,0.6543548690847871f,-0.19531578712321615f,0.8983634396441345f,-0.39343979667948953f,-0.9419939870150986f,0.01336510182704088f,-0.3986907293433316f,-0.9169880459356246f,1.7430804230917132f,0f,0f,0f,1f],start_interpolation:0}
execute if entity @s[tag=aj.mech_torso.bone.drillhead_right2] run data modify entity @s {} merge value {transformation:[0.31442796745854756f,-0.184360604919928f,-0.9312068624282389f,0.9123272788904364f,0.4382350912389841f,0.8983634396441345f,-0.029885366277140835f,-0.8134405854459699f,0.8420718841563624f,-0.3986907293433316f,0.36326387688433376f,1.9134574132942601f,0f,0f,0f,1f],start_interpolation:0}
execute if entity @s[tag=aj.mech_torso.bone.drillhead_right3] run data modify entity @s {} merge value {transformation:[0.4361285391258141f,-0.184360604919928f,0.8807968350950982f,0.9374465635965902f,-0.28874685961618096f,0.8983634396441345f,0.3310111499218011f,-0.9627044498444387f,-0.8523010902385242f,-0.3986907293433316f,0.33856838882846924f,1.5655080005059223f,0f,0f,0f,1f],start_interpolation:0}
execute if entity @s[tag=aj.mech_torso.bone.drill_right] run data modify entity @s {} merge value {transformation:[-1.4992220145107842f,-0.28185149142152927f,0.10069304851391653f,0.761486443804094f,-0.2985998333144864f,1.3734228926632508f,-0.6014928922958356f,-0.4373544572029574f,0.02043264006748166f,-0.6095205465948693f,-1.401896291644965f,1.534333374280422f,0f,0f,0f,1f],start_interpolation:0}
execute if entity @s[tag=aj.mech_torso.bone.barrel_right] run data modify entity @s {} merge value {transformation:[-0.1511665391111387f,-0.42313263060673645f,-2.2507234276604664f,0.3402140308542023f,0.9029977756184774f,2.0618661216838405f,-0.4482762618421989f,-1.137824751128009f,2.1046121229651646f,-0.9150493793336819f,0.030674724119389863f,1.7358156971846426f,0f,0f,0f,1f],start_interpolation:0}
execute if entity @s[tag=aj.mech_torso.bone.rocket_right] run data modify entity @s {} merge value {transformation:[-0.15176982476076803f,-0.4248212969308842f,-2.259705766961056f,0.4639275840347177f,0.9066015202228128f,2.070094756472881f,-0.4500652730706695f,0.29717173894109356f,2.1130113513875823f,-0.9187012202933296f,0.030797142883333125f,0.9573579228676853f,0f,0f,0f,1f],start_interpolation:0}
execute if entity @s[tag=aj.mech_torso.bone.sword_right] run data modify entity @s {} merge value {transformation:[-0.1754645458129227f,-0.4911455622692594f,-2.6124972252926875f,1.8176369804335994f,1.0481426346109997f,2.3932836241115574f,-0.5203306971592924f,-0.027734024184165096f,2.442900475461391f,-1.0621313730225537f,0.03560527724715801f,1.3643876602783978f,0f,0f,0f,1f],start_interpolation:0}
execute if entity @s[tag=aj.mech_torso.bone.right_hand] run data modify entity @s {} merge value {transformation:[-0.06586387477188765f,-0.184360604919928f,-0.980649334550119f,0.6009325012110922f,0.3934397966794895f,0.8983634396441345f,-0.19531578712321623f,-0.04144279501590031f,0.9169880459356246f,-0.3986907293433316f,0.013365101827040676f,1.3851149801590672f,0f,0f,0f,1f],start_interpolation:0}
execute if entity @s[tag=aj.mech_torso.bone.right_arm_low] run data modify entity @s {} merge value {transformation:[-0.020372375742888027f,-0.7750003874776552f,-0.6316323026223997f,-0.19253312223958247f,0.2505231791085507f,0.607651307241317f,-0.7536564373355166f,0.5269990498643974f,0.967896225344399f,-0.17359230460306319f,0.18177626012948356f,1.1567096696010255f,0f,0f,0f,1f],start_interpolation:0}
execute if entity @s[tag=aj.mech_torso.bone.right_arm] run data modify entity @s {} merge value {transformation:[-0.20367344107062152f,-0.48140981867988875f,-0.9754658858284468f,-0.6761547650584744f,0.33323751191074663f,0.9170899171225649f,-0.5221789186683907f,1.4498488445749276f,1.0354911243424614f,-0.3898238691059736f,-0.023821440285204512f,0.7311983001878356f,0f,0f,0f,1f],start_interpolation:0}
execute if entity @s[tag=aj.mech_torso.bone.torso] run data modify entity @s {} merge value {transformation:[-0.8796315103659432f,0.12841353519375281f,-0.9753976380775238f,0f,0f,1.3084225897178101f,0.17225710183611823f,0.20333875f,0.9838143058464687f,0.1148149516048394f,-0.8721061408547982f,-0.005674375000000009f,0f,0f,0f,1f],start_interpolation:0}