execute if entity @s[tag=aj.mech_torso.bone.barrel_left] run data modify entity @s {} merge value {transformation:[-1.8013680575612454f,0.2887330925194548f,1.3926072008764259f,1.5539359084775977f,-0.8334944655961761f,1.6066425438165366f,-1.4112530622358161f,-1.242222258164063f,-1.1523925505092725f,-1.6133757873271735f,-1.1561394690295173f,1.303180326731554f,0f,0f,0f,1f],start_interpolation:0}
execute if entity @s[tag=aj.mech_torso.bone.blaster_left] run data modify entity @s {} merge value {transformation:[-0.7848633755785313f,0.1258021805620603f,0.606764610900557f,1.5985955371217782f,-0.3631569223446148f,0.7000206787252039f,-0.6148886883902583f,-0.10553461849127846f,-0.5021021125514818f,-0.7029543802573079f,-0.5037346601618787f,0.9114319415655381f,0f,0f,0f,1f],start_interpolation:0}
execute if entity @s[tag=aj.mech_torso.bone.sword_left] run data modify entity @s {} merge value {transformation:[-2.09091396760436f,0.33514308945605586f,1.6164502503952776f,0.6509893692821029f,-0.9674675937106338f,1.8648889224567484f,-1.6380931854915872f,0.39653633399517485f,-1.337624296105921f,-1.8727044451338477f,-1.3419734818464861f,1.5316460890894525f,0f,0f,0f,1f],start_interpolation:0}
execute if entity @s[tag=aj.mech_torso.bone.rocket_left] run data modify entity @s {} merge value {transformation:[-1.8085570790551382f,0.289885388075828f,1.398164911893687f,1.5767845131499476f,-0.8368208316894684f,1.6130544415583765f,-1.4168851864178504f,0.1493019087305863f,-1.1569915966510305f,-1.6198145565526718f,-1.1607534686271581f,0.4500178800905976f,0f,0f,0f,1f],start_interpolation:0}
execute if entity @s[tag=aj.mech_torso.bone.drillhead_left1] run data modify entity @s {} merge value {transformation:[0.6067646109005568f,0.1258021805620603f,0.7848633755785314f,1.3958630941173928f,-0.6148886883902585f,0.7000206787252039f,0.36315692234461466f,-0.9873749522573716f,-0.5037346601618788f,-0.7029543802573079f,0.5021021125514817f,1.3649152778703622f,0f,0f,0f,1f],start_interpolation:0}
execute if entity @s[tag=aj.mech_torso.bone.drillhead_left2] run data modify entity @s {} merge value {transformation:[-0.9573179724518174f,0.1258021805620603f,0.2602231945591563f,1.0416041644280534f,-0.100205533848328f,0.7000206787252039f,-0.7070572115064498f,-0.8482854811443037f,-0.2711109562649826f,-0.7029543802573079f,-0.6575363021690522f,1.4400253584338727f,0f,0f,0f,1f],start_interpolation:0}
execute if entity @s[tag=aj.mech_torso.bone.drillhead_left3] run data modify entity @s {} merge value {transformation:[0.49292044457763085f,0.1258021805620603f,-0.8609316155672423f,1.3393387496542517f,0.5708209614396326f,0.7000206787252039f,0.42910893644649073f,-0.7104070132696078f,0.6566527737690023f,-0.7029543802573079f,0.2732439825111249f,1.6306116076644313f,0f,0f,0f,1f],start_interpolation:0}
execute if entity @s[tag=aj.mech_torso.bone.drill_left] run data modify entity @s {} merge value {transformation:[0.9276250237864136f,0.19232705507175585f,1.1999033799277432f,1.2976587080553206f,-0.9400451574580893f,1.0701954054137681f,0.5551962699804429f,-0.46026159602903755f,-0.7701122770182229f,-1.074680464206932f,0.7676164293884816f,1.137036405479449f,0f,0f,0f,1f],start_interpolation:0}
execute if entity @s[tag=aj.mech_torso.bone.left_hand] run data modify entity @s {} merge value {transformation:[-0.7848633755785313f,0.1258021805620603f,0.606764610900557f,1.4759606346876326f,-0.3631569223446148f,0.7000206787252039f,-0.6148886883902583f,-0.16227788760762452f,-0.5021021125514818f,-0.7029543802573079f,-0.5037346601618787f,0.832978486479369f,0f,0f,0f,1f],start_interpolation:0}
execute if entity @s[tag=aj.mech_torso.bone.left_arm_low] run data modify entity @s {} merge value {transformation:[-0.7848633755785313f,0.1258021805620603f,0.606764610900557f,1.5716702483666771f,-0.3631569223446148f,0.7000206787252039f,-0.6148886883902583f,0.49583021195884536f,-0.5021021125514818f,-0.7029543802573079f,-0.5037346601618787f,0.0829010160575347f,0f,0f,0f,1f],start_interpolation:0}
execute if entity @s[tag=aj.mech_torso.bone.left_arm] run data modify entity @s {} merge value {transformation:[-0.8686037193830697f,-0.5574749261299721f,0.39940113162622326f,0.9804471464164038f,-0.40190364754340485f,0.9360580144845387f,0.4324821732101768f,1.4360229125703885f,-0.5556734790317351f,0.19439413260094268f,-0.937128531443325f,0.26481993188837816f,0f,0f,0f,1f],start_interpolation:0}
execute if entity @s[tag=aj.mech_torso.bone.drillhead_right1] run data modify entity @s {} merge value {transformation:[-0.6362054374960728f,0.4536685974082343f,0.6240412206145328f,-2.7353485445868784f,-0.24440664276274568f,-0.8856987901020765f,0.39471894581481737f,2.4315266904918635f,0.7317841445903798f,0.09860251993414061f,0.6743660050660645f,0.07077482996509966f,0f,0f,0f,1f],start_interpolation:0}
execute if entity @s[tag=aj.mech_torso.bone.drillhead_right2] run data modify entity @s {} merge value {transformation:[-0.3330736306587966f,0.4536685974082343f,-0.8265874184170802f,-2.6783314245087047f,-0.27114238218746556f,-0.8856987901020765f,-0.37685469586224274f,2.424011147900802f,-0.9030746177041375f,0.09860251993414061f,0.4180116959143169f,-0.25906850361003764f,0f,0f,0f,1f],start_interpolation:0}
execute if entity @s[tag=aj.mech_torso.bone.drillhead_right3] run data modify entity @s {} merge value {transformation:[0.8200041916794581f,0.4536685974082343f,0.34896694593294086f,-2.441458616794223f,0.45820312807801733f,-0.8856987901020765f,0.07474989385435435f,2.573817544557747f,0.34299128129974205f,0.09860251993414061f,-0.9341490908923471f,-0.003277983799035225f,0f,0f,0f,1f],start_interpolation:0}
execute if entity @s[tag=aj.mech_torso.bone.drill_right] run data modify entity @s {} merge value {transformation:[-0.9726343189567827f,0.6935710090892779f,0.9540375982987761f,-2.369604873318289f,-0.37365019932500054f,-1.3540611078431677f,0.6034484624226493f,2.024196675982819f,1.1187555640805558f,0.15074406657229714f,1.0309744013608602f,-0.029362006140882566f,0f,0f,0f,1f],start_interpolation:0}
execute if entity @s[tag=aj.mech_torso.bone.barrel_right] run data modify entity @s {} merge value {transformation:[-1.4322593669094867f,1.0412310543697125f,-1.460177896958747f,-2.9685096613347044f,-0.9059335966351459f,-2.032799030703255f,-0.5609464437094764f,2.473742214526975f,-1.5477615830089726f,0.22630617675781045f,1.6795440125145622f,0.3552755748272409f,0f,0f,0f,1f],start_interpolation:0}
execute if entity @s[tag=aj.mech_torso.bone.rocket_right] run data modify entity @s {} merge value {transformation:[-1.4379753244731404f,1.0453864696933894f,-1.466005273680612f,-1.8928668753711215f,-0.9095490577125821f,-2.040911662579427f,-0.563185106721082f,1.2400816616386312f,-1.5539384946295423f,0.22720933475602384f,1.6862468503689496f,0.31539182628940643f,0f,0f,0f,1f],start_interpolation:0}
execute if entity @s[tag=aj.mech_torso.bone.sword_right] run data modify entity @s {} merge value {transformation:[-1.6624759737094457f,1.2085950708110778f,-1.6948820354190168f,-1.5088972291464864f,-1.0515503497330547f,-2.359544385606787f,-0.6511111093076879f,2.109316270403152f,-1.796543631852907f,0.2626818788930141f,1.9495083307557608f,-0.7804022226319145f,0f,0f,0f,1f],start_interpolation:0}
execute if entity @s[tag=aj.mech_torso.bone.right_hand] run data modify entity @s {} merge value {transformation:[-0.6240412206145329f,0.4536685974082343f,-0.6362054374960727f,-2.2359486393853674f,-0.3947189458148174f,-0.8856987901020765f,-0.2444066427627456f,1.5995267354086367f,-0.6743660050660644f,0.09860251993414061f,0.7317841445903799f,0.05176255601892131f,0f,0f,0f,1f],start_interpolation:0}
execute if entity @s[tag=aj.mech_torso.bone.right_arm_low] run data modify entity @s {} merge value {transformation:[-0.48172222878522364f,0.6746349121686289f,-0.5592954760923987f,-1.5486840715455497f,-0.34667704513575875f,-0.7328737202591571f,-0.5854153538552276f,0.8700261006624884f,-0.8048345921182412f,-0.08811268601472041f,0.586921999837402f,0.03229334450650978f,0f,0f,0f,1f],start_interpolation:0}
execute if entity @s[tag=aj.mech_torso.bone.right_arm] run data modify entity @s {} merge value {transformation:[-0.5331191805502724f,0.7038909346982212f,0.6671532581896746f,-0.8180962539888824f,-0.38366546356898096f,0.546129621647887f,-0.8827883251137627f,1.4360229125703885f,-0.8907057482288036f,-0.6565454797212665f,-0.019059949206824484f,-0.6099609760300504f,0f,0f,0f,1f],start_interpolation:0}
execute if entity @s[tag=aj.mech_torso.bone.torso] run data modify entity @s {} merge value {transformation:[-1.1867804783502223f,0.00472239783683123f,0.5772105140954452f,0f,-2.8616712226143627e-19f,1.3196687510451905f,-0.010796755608369044f,0.20333875f,-0.577229831716672f,-0.009709216772610454f,-1.1867407614567071f,-0.005674375000000009f,0f,0f,0f,1f],start_interpolation:0}