execute if entity @s[tag=aj.mech_torso.bone.barrel_left] run data modify entity @s {} merge value {transformation:[-2.029441376175125f,0.9372981457429945f,-0.5200849739281587f,-0.6825500216867019f,0.5570581972234158f,1.8736017443426733f,1.2028928306183329f,-0.7019713699208854f,0.9158069441892803f,0.9374098266145557f,-1.8841998172677592f,-2.5676246092886217f,0f,0f,0f,1f],start_interpolation:0}
execute if entity @s[tag=aj.mech_torso.bone.blaster_left] run data modify entity @s {} merge value {transformation:[-0.8842358463933144f,0.4083846071897681f,-0.2266031344963208f,0.08675877495128115f,0.2427125179839025f,0.816335886151694f,0.524105289607768f,-0.13266481377400965f,0.3990208034263536f,0.40843326699889104f,-0.820953509549475f,-1.8385333321227881f,0f,0f,0f,1f],start_interpolation:0}
execute if entity @s[tag=aj.mech_torso.bone.sword_left] run data modify entity @s {} merge value {transformation:[-2.355647032857699f,1.0879563321428898f,-0.6036817027830327f,0.05354174934635034f,0.6465978790141522f,2.17475825694261f,1.3962418232707585f,-0.8651915438925581f,1.063010706333305f,1.0880859642262841f,-2.1870598288594296f,-0.8400347100310731f,0f,0f,0f,1f],start_interpolation:0}
execute if entity @s[tag=aj.mech_torso.bone.rocket_left] run data modify entity @s {} merge value {transformation:[-2.037540608096485f,0.9410387785845997f,-0.5221605642221723f,0.13862653164118977f,0.5592813427579325f,1.88107904091987f,1.207693416693936f,0.3461835408373076f,0.9194618084899976f,0.9411509051597375f,-1.89171940935127f,-1.6232792924348172f,0f,0f,0f,1f],start_interpolation:0}
execute if entity @s[tag=aj.mech_torso.bone.drillhead_left1] run data modify entity @s {} merge value {transformation:[-0.226603134496321f,0.4083846071897681f,0.8842358463933144f,-0.5717068446852832f,0.524105289607768f,0.816335886151694f,-0.2427125179839024f,-0.7565683241673561f,-0.8209535095494749f,0.40843326699889104f,-0.39902080342635377f,-2.2874847676755325f,0f,0f,0f,1f],start_interpolation:0}
execute if entity @s[tag=aj.mech_torso.bone.drillhead_left2] run data modify entity @s {} merge value {transformation:[-0.7302101351018372f,0.4083846071897681f,-0.5477364066820972f,-0.6628905143827386f,0.02367071650180491f,0.816335886151694f,0.5770922094095707f,-0.8878075255329501f,0.6828124601783774f,0.40843326699889104f,-0.6057634939757962f,-1.9340040682776265f,0f,0f,0f,1f],start_interpolation:0}
execute if entity @s[tag=aj.mech_torso.bone.drillhead_left3] run data modify entity @s {} merge value {transformation:[0.9036446656893177f,0.4083846071897681f,-0.12902841075399063f,-0.32734107994573497f,-0.4248035387974052f,0.816335886151694f,-0.391328090489464f,-0.9799720139976482f,-0.05448184648525822f,0.40843326699889104f,0.911160795256342f,-2.085304291853502f,0f,0f,0f,1f],start_interpolation:0}
execute if entity @s[tag=aj.mech_torso.bone.drill_left] run data modify entity @s {} merge value {transformation:[-0.34643209945162073f,0.6243405995550064f,1.3518245515769338f,-0.2997697590662205f,0.8012550056560078f,1.2480187245680932f,-0.37106021218659574f,-0.4755873621370021f,-1.2550781722307474f,0.6244149909347676f,-0.6100251656408949f,-1.8556036582486573f,0f,0f,0f,1f],start_interpolation:0}
execute if entity @s[tag=aj.mech_torso.bone.left_hand] run data modify entity @s {} merge value {transformation:[-0.8842358463933144f,0.4083846071897681f,-0.2266031344963208f,-0.051403076047674245f,0.2427125179839025f,0.816335886151694f,0.524105289607768f,-0.09474098283902488f,0.3990208034263536f,0.40843326699889104f,-0.820953509549475f,-1.7761863315874205f,0f,0f,0f,1f],start_interpolation:0}
execute if entity @s[tag=aj.mech_torso.bone.left_arm_low] run data modify entity @s {} merge value {transformation:[-0.8842358463933144f,0.4083846071897681f,-0.2266031344963208f,0.29463544278950166f,0.2427125179839025f,0.816335886151694f,0.524105289607768f,0.7531427259869057f,0.3990208034263536f,0.40843326699889104f,-0.820953509549475f,-1.3684690615478035f,0f,0f,0f,1f],start_interpolation:0}
execute if entity @s[tag=aj.mech_torso.bone.left_arm] run data modify entity @s {} merge value {transformation:[-0.9785786531610439f,0.5077414990408076f,-0.09671798314346235f,0.7831431261163098f,0.26860852782976335f,0.676493538455856f,0.83365336305843f,1.448410913380609f,0.44159399553059225f,0.7136715218595295f,-0.7214150542732376f,-0.6305232956347863f,0f,0f,0f,1f],start_interpolation:0}
execute if entity @s[tag=aj.mech_torso.bone.drillhead_right1] run data modify entity @s {} merge value {transformation:[-0.9182116435015872f,-0.18170934669732203f,0.35195040994570026f,-0.027069417155533612f,-0.32594286093245617f,0.8515032826335686f,-0.41073520797640733f,-0.988119387556949f,-0.22505250308601252f,-0.49185757388403584f,-0.841087092914658f,1.9894469936863157f,0f,0f,0f,1f],start_interpolation:0}
execute if entity @s[tag=aj.mech_torso.bone.drillhead_right2] run data modify entity @s {} merge value {transformation:[0.02622460316498837f,-0.18170934669732203f,-0.9830025348449879f,0.15937681110057172f,0.5042027847076989f,0.8515032826335686f,-0.1439503788020684f,-0.8202544620527173f,0.8631870145465818f,-0.49185757388403584f,0.11394869429295634f,2.2111748241924056f,0f,0f,0f,1f],start_interpolation:0}
execute if entity @s[tag=aj.mech_torso.bone.drillhead_right3] run data modify entity @s {} merge value {transformation:[0.6765441635805669f,-0.18170934669732203f,0.7136313530443458f,0.29304244185408557f,-0.2547369191546399f,0.8515032826335686f,0.4583134971652696f,-0.976064023890414f,-0.6909392858599613f,-0.49185757388403584f,0.5297914969761568f,1.8920567376879383f,0f,0f,0f,1f],start_interpolation:0}
execute if entity @s[tag=aj.mech_torso.bone.drill_right] run data modify entity @s {} merge value {transformation:[-1.4037669342316288f,-0.2777982334898272f,0.5380636931230405f,0.0685242676725335f,-0.49830321131736904f,1.3017828307996473f,-0.6279342107700414f,-0.48073404674312276f,-0.3440614857522877f,-0.7519545231824392f,-1.2858585035363492f,1.7817560620438613f,0f,0f,0f,1f],start_interpolation:0}
execute if entity @s[tag=aj.mech_torso.bone.barrel_right] run data modify entity @s {} merge value {transformation:[-0.8077739974227337f,-0.41704763285661384f,-2.107420445584385f,-0.3018698536357118f,0.9426930938382716f,1.9543156961732644f,-0.7480831397452639f,-1.2248706396836813f,1.9304091259025946f,-1.1288799427176484f,-0.5165260642140684f,1.9151469574380493f,0f,0f,0f,1f],start_interpolation:0}
execute if entity @s[tag=aj.mech_torso.bone.rocket_right] run data modify entity @s {} merge value {transformation:[-0.8109977165318321f,-0.4187120147601335f,-2.1158308816506746f,-0.15467043613910963f,0.9464552572036654f,1.9621151114491533f,-0.7510686405418797f,0.1873374557687893f,1.9381131332207373f,-1.1333851531537702f,-0.5185874513704599f,1.0999677729805033f,0f,0f,0f,1f],start_interpolation:0}
execute if entity @s[tag=aj.mech_torso.bone.sword_right] run data modify entity @s {} merge value {transformation:[-0.9376129030318269f,-0.48408248222008965f,-2.4461601985176644f,1.0738871463856392f,1.094218446250868f,2.2684459009278206f,-0.8683275354290086f,0.06252033989212694f,2.240696668067473f,-1.3103323499431427f,-0.5995507457587871f,1.8607785549443512f,0f,0f,0f,1f],start_interpolation:0}
execute if entity @s[tag=aj.mech_torso.bone.right_hand] run data modify entity @s {} merge value {transformation:[-0.3519504099457005f,-0.18170934669732203f,-0.9182116435015871f,-0.09441513755802455f,0.4107352079764073f,0.8515032826335686f,-0.3259428609324563f,-0.11535895474561464f,0.841087092914658f,-0.49185757388403584f,-0.2250525030860127f,1.5702341145940615f,0f,0f,0f,1f],start_interpolation:0}
execute if entity @s[tag=aj.mech_torso.bone.right_arm_low] run data modify entity @s {} merge value {transformation:[-0.3613097844190306f,-0.6327297737567877f,-0.6849147925725927f,-0.7259666370565163f,0.2905607967888204f,0.621563900529254f,-0.7274838423829806f,0.46531102590986995f,0.8860189970043076f,-0.46185641812206524f,-0.04073065168809431f,1.0517286762939742f,0f,0f,0f,1f],start_interpolation:0}
execute if entity @s[tag=aj.mech_torso.bone.right_arm] run data modify entity @s {} merge value {transformation:[-0.5097839633906815f,-0.1396462874854417f,-0.9723122973588524f,-0.8535279171438301f,0.387771477851462f,0.9778744616865613f,-0.34375397696628784f,1.448410913380609f,0.9025107036310479f,-0.49903149209922565f,-0.40151460528683075f,0.5189582814919483f,0f,0f,0f,1f],start_interpolation:0}
execute if entity @s[tag=aj.mech_torso.bone.torso] run data modify entity @s {} merge value {transformation:[-1.0799679580623576f,0.06976949971629576f,-0.7552771735494193f,0f,0f,1.314117926861123f,0.12139298463694022f,0.20333875f,0.7584928424022613f,0.09934019140510153f,-1.0753893791613232f,-0.005674375000000009f,0f,0f,0f,1f],start_interpolation:0}