execute if entity @s[tag=aj.mech_torso.bone.barrel_left] run data modify entity @s {} merge value {transformation:[-1.9121016076812698f,1.2314132653750685f,-0.30844335819030133f,-1.067694917467466f,0.7430730893570163f,1.5378423432155777f,1.5331444174432292f,-0.19295391384631852f,1.029251339191171f,1.1774169995045207f,-1.6798748118540403f,-2.841347677646211f,0f,0f,0f,1f],start_interpolation:0}
execute if entity @s[tag=aj.mech_torso.bone.blaster_left] run data modify entity @s {} merge value {transformation:[-0.8331104329037619f,0.536531758813869f,-0.1343900233313575f,-0.2170049061440903f,0.32375996163931453f,0.6700441520195766f,0.6679972466886944f,0.13020771316026694f,0.4484489868716576f,0.5130053665688722f,-0.7319282752055155f,-2.054319636620483f,0f,0f,0f,1f],start_interpolation:0}
execute if entity @s[tag=aj.mech_torso.bone.sword_left] run data modify entity @s {} merge value {transformation:[-2.2194464602598787f,1.42934653784849f,-0.35802151767253076f,-0.3738458834979399f,0.8625121862052799f,1.7850300064474998f,1.7795769517122721f,-0.7243640121318754f,1.1946897760604613f,1.3666710917988598f,-1.9498923016807952f,-1.1712531874779701f,0f,0f,0f,1f],start_interpolation:0}
execute if entity @s[tag=aj.mech_torso.bone.rocket_left] run data modify entity @s {} merge value {transformation:[-1.919732552117321f,1.2363276727309038f,-0.3096743148081735f,-0.08731190833657837f,0.7460385957056483f,1.5439796684630136f,1.5392629938907112f,0.5575671110942415f,1.0333589450571707f,1.1821159149100555f,-1.6865789698848082f,-1.773492316337695f,0f,0f,0f,1f],start_interpolation:0}
execute if entity @s[tag=aj.mech_torso.bone.drillhead_left1] run data modify entity @s {} merge value {transformation:[-0.1343900233313577f,0.536531758813869f,0.8331104329037619f,-0.9682356072744001f,0.6679972466886945f,0.6700441520195766f,-0.32375996163931436f,-0.30517341587661406f,-0.7319282752055154f,0.5130053665688722f,-0.44844898687165774f,-2.5744019956437523f,0f,0f,0f,1f],start_interpolation:0}
execute if entity @s[tag=aj.mech_torso.bone.drillhead_left2] run data modify entity @s {} merge value {transformation:[-0.7182648418773349f,0.536531758813869f,-0.44297775193233313f,-1.0809114095676873f,0.04348372283194263f,0.6700441520195766f,0.7410465573721005f,-0.46970849863035324f,0.6944096649468541f,0.5130053665688722f,-0.5045995551919711f,-2.2416571015248636f,0f,0f,0f,1f],start_interpolation:0}
execute if entity @s[tag=aj.mech_torso.bone.drillhead_left3] run data modify entity @s {} merge value {transformation:[0.8211225126854719f,0.536531758813869f,-0.19465736807322176f,-0.7647733092634452f,-0.5547466811784612f,0.6700441520195766f,-0.49325141060705524f,-0.5926448416166044f,-0.13421601574544062f,0.5130053665688722f,0.8478275502653572f,-2.4117242372338366f,0f,0f,0f,1f],start_interpolation:0}
execute if entity @s[tag=aj.mech_torso.bone.drill_left] run data modify entity @s {} merge value {transformation:[-0.20545619561493936f,0.8202526590883366f,1.2736637425047828f,-0.6548625976330016f,1.0212378090560958f,1.024367129013352f,-0.49496598305397604f,-0.13848820983957433f,-1.1189759117456826f,0.7842853831895608f,-0.6855912402280693f,-2.112411983679248f,0f,0f,0f,1f],start_interpolation:0}
execute if entity @s[tag=aj.mech_torso.bone.left_hand] run data modify entity @s {} merge value {transformation:[-0.8331104329037619f,0.536531758813869f,-0.1343900233313575f,-0.3471784112853031f,0.32375996163931453f,0.6700441520195766f,0.6679972466886944f,0.18079520716640984f,0.4484489868716576f,0.5130053665688722f,-0.7319282752055155f,-1.9842494824217864f,0f,0f,0f,1f],start_interpolation:0}
execute if entity @s[tag=aj.mech_torso.bone.left_arm_low] run data modify entity @s {} merge value {transformation:[-0.8331104329037619f,0.536531758813869f,-0.1343900233313575f,0.1330842572429759f,0.32375996163931453f,0.6700441520195766f,0.6679972466886944f,0.8919492707474653f,0.4484489868716576f,0.5130053665688722f,-0.7319282752055155f,-1.466088812773608f,0f,0f,0f,1f],start_interpolation:0}
execute if entity @s[tag=aj.mech_torso.bone.left_arm] run data modify entity @s {} merge value {transformation:[-0.9219984562837347f,0.6121191670671315f,0.000974912036689518f,0.7292937892576076f,0.3583032609464532f,0.5382602892551853f,0.8981462089994537f,1.4492304247398677f,0.49629587781844003f,0.7485706144740075f,-0.6466099406446352f,-0.6911220574609754f,0f,0f,0f,1f],start_interpolation:0}
execute if entity @s[tag=aj.mech_torso.bone.drillhead_right1] run data modify entity @s {} merge value {transformation:[-0.959755814062968f,-0.1910551620231397f,0.20583173330816062f,0.2779853715677464f,-0.2627613128880708f,0.8695979382196313f,-0.418038178033423f,-0.9801996185137973f,-0.09912249906891578f,-0.45529918834594746f,-0.8848035823107041f,1.9148216920759218f,0f,0f,0f,1f],start_interpolation:0}
execute if entity @s[tag=aj.mech_torso.bone.drillhead_right2] run data modify entity @s {} merge value {transformation:[0.17711892361323622f,-0.1910551620231397f,-0.965467147013507f,0.5036263139252166f,0.4867713176021532f,0.8695979382196313f,-0.08278351408360402f,-0.8283746599005113f,0.8553844581578234f,-0.45529918834594746f,0.24702242374644717f,2.110114823395262f,0f,0f,0f,1f],start_interpolation:0}
execute if entity @s[tag=aj.mech_torso.bone.drillhead_right3] run data modify entity @s {} merge value {transformation:[0.5574463747026989f,-0.1910551620231397f,0.8079303586294617f,0.5818531615158264f,-0.2856625153846247f,0.8695979382196313f,0.40273608374256165f,-0.9869635199414506f,-0.7795193818212272f,-0.45529918834594746f,0.4301769199487279f,1.7743923080257782f,0f,0f,0f,1f],start_interpolation:0}
execute if entity @s[tag=aj.mech_torso.bone.drill_right] run data modify entity @s {} merge value {transformation:[-1.4672798872167916f,-0.2920861665831036f,0.3146766688034047f,0.37733446696872086f,-0.40171091843372747f,1.3294460382723376f,-0.6390990309509614f,-0.47650346414931544f,-0.15153901349009508f,-0.6960638653472213f,-1.3526925093226754f,1.7000345857130836f,0f,0f,0f,1f],start_interpolation:0}
execute if entity @s[tag=aj.mech_torso.bone.barrel_right] run data modify entity @s {} merge value {transformation:[-0.4724117867526702f,-0.43849754850261385f,-2.202769960105922f,-0.019330594974112825f,0.9594544021058887f,1.9958453886006622f,-0.6030729048231235f,-1.1976197515925078f,2.0307444072229965f,-1.0449734820603664f,-0.22749959950261905f,1.8771569548395948f,0f,0f,0f,1f],start_interpolation:0}
execute if entity @s[tag=aj.mech_torso.bone.rocket_right] run data modify entity @s {} merge value {transformation:[-0.4742971196665507f,-0.4402475341804282f,-2.2115609234644826f,0.10725040510908371f,0.9632834576341006f,2.0038105433822797f,-0.6054796889652978f,0.21593790222843f,2.038848839368803f,-1.0491438329176201f,-0.228407520293049f,1.0608552423044026f,0f,0f,0f,1f],start_interpolation:0}
execute if entity @s[tag=aj.mech_torso.bone.sword_right] run data modify entity @s {} merge value {transformation:[-0.5483456860667171f,-0.5089801859624754f,-2.5568358768614265f,1.4175041069144712f,1.113673911459644f,2.316650937984112f,-0.700008837663944f,0.000006822809913709094f,2.3571595087821944f,-1.2129390438810408f,-0.2640671284403805f,1.644271986830731f,0f,0f,0f,1f],start_interpolation:0}
execute if entity @s[tag=aj.mech_torso.bone.right_hand] run data modify entity @s {} merge value {transformation:[-0.20583173330816085f,-0.1910551620231397f,-0.959755814062968f,0.21130479117254886f,0.41803817803342297f,0.8695979382196313f,-0.2627613128880709f,-0.09792894031752541f,0.8848035823107041f,-0.45529918834594746f,-0.09912249906891597f,1.5159008882468596f,0f,0f,0f,1f],start_interpolation:0}
execute if entity @s[tag=aj.mech_torso.bone.right_arm_low] run data modify entity @s {} merge value {transformation:[-0.1932999834017834f,-0.7077100062626377f,-0.6795451886759317f,-0.5055597532736003f,0.2804857416969723f,0.6238428998039289f,-0.7294846023521844f,0.485587206806837f,0.9401929935505635f,-0.33161209778891154f,0.07791374383552499f,1.127961532855898f,0f,0f,0f,1f],start_interpolation:0}
execute if entity @s[tag=aj.mech_torso.bone.right_arm] run data modify entity @s {} merge value {transformation:[-0.35885506388755833f,-0.28325383816290495f,-1.0078503285817133f,-0.7833658142857424f,0.37804495869429333f,0.958464207105402f,-0.4039806325031822f,1.4492304247398677f,0.9762566419042253f,-0.4752742423041922f,-0.21403117126738697f,0.6172589741227433f,0f,0f,0f,1f],start_interpolation:0}
execute if entity @s[tag=aj.mech_torso.bone.torso] run data modify entity @s {} merge value {transformation:[-0.9981382086580189f,0.09314192578279797f,-0.8583046548255887f,0f,0f,1.3120102387706756f,0.14237737101714953f,0.20333875f,0.8633436736513458f,0.10768424879817291f,-0.9923124438118329f,-0.005674375000000009f,0f,0f,0f,1f],start_interpolation:0}