execute if entity @s[tag=aj.mech_torso.bone.barrel_left] run data modify entity @s {} merge value {transformation:[-1.3089333432911727f,-0.05425879720998022f,1.8845153167848265f,2.187411629287169f,-0.7366966694259605f,2.1265016158880496f,-0.45046352608497103f,-1.1133214131966376f,-1.735401974623743f,-0.8617977454145114f,-1.230176054847913f,0.5799573665174507f,0f,0f,0f,1f],start_interpolation:0}
execute if entity @s[tag=aj.mech_torso.bone.blaster_left] run data modify entity @s {} merge value {transformation:[-0.5703075714652354f,-0.023640778215369335f,0.8210909739698745f,1.915581553015347f,-0.3209817295894079f,0.9265253868655048f,-0.19626878703328932f,0.05801687055967812f,-0.7561216854443588f,-0.37548877626248467f,-0.5359927011645627f,0.6198961263450494f,0f,0f,0f,1f],start_interpolation:0}
execute if entity @s[tag=aj.mech_torso.bone.sword_left] run data modify entity @s {} merge value {transformation:[-1.5193269352493413f,-0.06298017580335766f,2.1874260407194877f,0.795701839442311f,-0.8551108417431129f,2.46830841267007f,-0.5228695349813894f,0.02376756590670573f,-2.014344715905235f,-1.0003202485874452f,-1.4279104622162846f,1.1484741165277925f,0f,0f,0f,1f],start_interpolation:0}
execute if entity @s[tag=aj.mech_torso.bone.rocket_left] run data modify entity @s {} merge value {transformation:[-1.3141571230176394f,-0.05447533688810874f,1.8920361679851512f,1.8659687917393364f,-0.739636728326612f,2.134988202379493f,-0.45226126639553466f,0.45885936955450496f,-1.742327734211711f,-0.8652370661514189f,-1.235085524660288f,0.2805081810403409f,0f,0f,0f,1f],start_interpolation:0}
execute if entity @s[tag=aj.mech_torso.bone.drillhead_left1] run data modify entity @s {} merge value {transformation:[0.8210909739698744f,-0.023640778215369335f,0.5703075714652356f,1.9514395599585772f,-0.1962687870332894f,0.9265253868655048f,0.32098172958940785f,-0.951146219904307f,-0.5359927011645629f,-0.37548877626248467f,0.7561216854443586f,0.6884090024532128f,0f,0f,0f,1f],start_interpolation:0}
execute if entity @s[tag=aj.mech_torso.bone.drillhead_left2] run data modify entity @s {} merge value {transformation:[-0.8411134047157354f,-0.023640778215369335f,0.5403418862284097f,1.5653985933514896f,-0.2214396371896944f,0.9265253868655048f,-0.3041631052166305f,-0.9456751110833417f,-0.4934498226656896f,-0.37548877626248467f,-0.7845479280529022f,0.7262142072634092f,0f,0f,0f,1f],start_interpolation:0}
execute if entity @s[tag=aj.mech_torso.bone.drillhead_left3] run data modify entity @s {} merge value {transformation:[0.21267758031016304f,-0.023640778215369335f,-0.9768364041326398f,1.7816929208639642f,0.37165726336575844f,0.9265253868655048f,0.05849432520511502f,-0.8238542825298125f,0.9036808758742712f,-0.37548877626248467f,0.2058374443098543f,1.0131914244001021f,0f,0f,0f,1f],start_interpolation:0}
execute if entity @s[tag=aj.mech_torso.bone.drill_left] run data modify entity @s {} merge value {transformation:[1.255288328581253f,-0.03614214978987197f,0.8718893044220642f,1.7183795250229967f,-0.30005678473908926f,1.4164770301191627f,0.490718606847322f,-0.41953885505747224f,-0.8194285448341817f,-0.5740492750476247f,1.155962928366465f,0.6384289864997204f,0f,0f,0f,1f],start_interpolation:0}
execute if entity @s[tag=aj.mech_torso.bone.left_hand] run data modify entity @s {} merge value {transformation:[-0.5703075714652354f,-0.023640778215369335f,0.8210909739698745f,1.826470994973904f,-0.3209817295894079f,0.9265253868655048f,-0.19626878703328932f,0.007863475311333135f,-0.7561216854443588f,-0.37548877626248467f,-0.5359927011645627f,0.5017521129943684f,0f,0f,0f,1f],start_interpolation:0}
execute if entity @s[tag=aj.mech_torso.bone.left_arm_low] run data modify entity @s {} merge value {transformation:[-0.5703075714652354f,-0.023640778215369335f,0.8210909739698745f,1.792845086478516f,-0.3209817295894079f,0.9265253868655048f,-0.19626878703328932f,0.9081941044827097f,-0.7561216854443588f,-0.37548877626248467f,-0.5359927011645627f,0.062255959480218725f,0f,0f,0f,1f],start_interpolation:0}
execute if entity @s[tag=aj.mech_torso.bone.left_arm] run data modify entity @s {} merge value {transformation:[-0.6311560625464091f,-0.8696436000833291f,0.26482826903306195f,0.890994595972644f,-0.35522860774317516f,0.5326984397808588f,0.9026721370630157f,1.4396732325719892f,-0.8367954585714401f,0.4297957184793414f,-0.582941660395848f,0.4755321282581646f,0f,0f,0f,1f],start_interpolation:0}
execute if entity @s[tag=aj.mech_torso.bone.drillhead_right1] run data modify entity @s {} merge value {transformation:[-0.9366559879683941f,-0.2562383164547243f,0.23878334402424378f,-1.5527129565454454f,0.3454919094163251f,-0.7879338404366961f,0.5097014848149272f,2.8246564948222512f,0.05754042692588916f,0.5599126612920342f,0.8265512149855317f,-1.9935478469303058f,0f,0f,0f,1f],start_interpolation:0}
execute if entity @s[tag=aj.mech_torso.bone.drillhead_right2] run data modify entity @s {} merge value {transformation:[0.13783568417245923f,-0.2562383164547243f,-0.9567357259709492f,-1.3396981158761772f,-0.6031167992609316f,-0.7879338404366961f,0.12413859006742728f,2.6326138690778067f,-0.7856535181732212f,0.5599126612920342f,-0.26314703324740824f,-2.166314648192099f,0f,0f,0f,1f],start_interpolation:0}
execute if entity @s[tag=aj.mech_torso.bone.drillhead_right3] run data modify entity @s {} merge value {transformation:[0.5790497726696595f,-0.2562383164547243f,0.7739788666053258f,-1.248970906145282f,0.3386887397613157f,-0.7879338404366961f,-0.5142472174485453f,2.825973272162039f,0.7416139820217174f,0.5599126612920342f,-0.36946787870498893f,-1.8526903694883954f,0f,0f,0f,1f],start_interpolation:0}
execute if entity @s[tag=aj.mech_torso.bone.drill_right] run data modify entity @s {} merge value {transformation:[-1.4319647479593491f,-0.39173852615352994f,0.365053269754044f,-1.4918225242553562f,0.5281899025301872f,-1.20459752323459f,0.7792343908681034f,2.3460832337774438f,0.08796811636161186f,0.8559975094435106f,1.2636359746222954f,-1.716106774255862f,0f,0f,0f,1f],start_interpolation:0}
execute if entity @s[tag=aj.mech_torso.bone.barrel_right] run data modify entity @s {} merge value {transformation:[-0.5480402092732033f,-0.588101741968244f,-2.149752721492497f,-1.8324512767910768f,-1.1698341421019451f,-1.8084151914822104f,0.7929508614281622f,3.0670947913226385f,-1.8970473115984978f,1.2850756124683775f,0.13206309570290684f,-1.985993031518369f,0f,0f,0f,1f],start_interpolation:0}
execute if entity @s[tag=aj.mech_torso.bone.rocket_right] run data modify entity @s {} merge value {transformation:[-0.5502273652114053f,-0.590448778181004f,-2.158332100068959f,-1.812975415175496f,-1.1745027953272311f,-1.8156323371548435f,0.7961154233634534f,1.7626399730610047f,-1.9046181763314254f,1.29020417914887f,0.13259014203837008f,-0.9967838554216026f,0f,0f,0f,1f],start_interpolation:0}
execute if entity @s[tag=aj.mech_torso.bone.sword_right] run data modify entity @s {} merge value {transformation:[-0.6361303696755471f,-0.6826312598873475f,-2.495296823653887f,-0.4910726451990217f,-1.3578693911187318f,-2.099093834392313f,0.9204071454607123f,1.8026529603124115f,-2.201972386696848f,1.491634392127275f,0.15329047845120397f,-1.59238281405653f,0f,0f,0f,1f],start_interpolation:0}
execute if entity @s[tag=aj.mech_torso.bone.right_hand] run data modify entity @s {} merge value {transformation:[-0.23878334402424398f,-0.2562383164547243f,-0.9366559879683941f,-1.68601109370617f,-0.509701484814927f,-0.7879338404366961f,0.34549190941632524f,2.0075882777371006f,-0.8265512149855317f,0.5599126612920342f,0.05754042692588934f,-1.4869742664968708f,0f,0f,0f,1f],start_interpolation:0}
execute if entity @s[tag=aj.mech_torso.bone.right_arm_low] run data modify entity @s {} merge value {transformation:[0.27780925069000695f,-0.0275309752171517f,-0.9602416704323187f,-1.760912699292457f,-0.46139334572663565f,-0.8805681744332737f,-0.1082398757133117f,1.1524746912957007f,-0.8425783054115733f,0.47311915579359554f,-0.2573325934873337f,-0.9692356101615311f,0f,0f,0f,1f],start_interpolation:0}
execute if entity @s[tag=aj.mech_torso.bone.right_arm] run data modify entity @s {} merge value {transformation:[0.30614746142222327f,1.0549773521390478f,0.13441910903007778f,-0.6971297243329637f,-0.5099139214057167f,0.26836101356596953f,-0.9448503255481887f,1.4396732325719892f,-0.9332917567167307f,0.19944205024406733f,0.5603225356641208f,-0.7401409952638831f,0f,0f,0f,1f],start_interpolation:0}
execute if entity @s[tag=aj.mech_torso.bone.torso] run data modify entity @s {} merge value {transformation:[-1.0479340893898905f,-0.01040824552322619f,0.8021022348407647f,0f,0f,1.319601822761228f,0.017123427871912518f,0.20333875f,-0.8021697617782791f,0.01359706612519158f,-1.047845873923358f,-0.005674375000000009f,0f,0f,0f,1f],start_interpolation:0}