execute if entity @s[tag=aj.mech_torso.bone.barrel_left] run data modify entity @s {} merge value {transformation:[-2.101912854265022f,-0.0164491797919749f,0.9215965879984248f,1.5847792705262906f,-0.6721152827539741f,1.597717415449028f,-1.5043964239887437f,-1.3497514114007945f,-0.6307708721990197f,-1.6476276819432678f,-1.4680257565622739f,1.1144147284220796f,0f,0f,0f,1f],start_interpolation:0}
execute if entity @s[tag=aj.mech_torso.bone.blaster_left] run data modify entity @s {} merge value {transformation:[-0.9158119636049231f,-0.007166974413050309f,0.4015433747378458f,1.6165358992372965f,-0.29284335723948396f,0.6961319640627055f,-0.6554716292341783f,-0.21565336353528616f,-0.2748294297174218f,-0.7178780697917738f,-0.6396247817847849f,0.7139984397221095f,0f,0f,0f,1f],start_interpolation:0}
execute if entity @s[tag=aj.mech_torso.bone.sword_left] run data modify entity @s {} merge value {transformation:[-2.439767335288423f,-0.01909316624012932f,1.0697309582314003f,0.908751004755473f,-0.7801488577815853f,1.8545291986413106f,-1.7462081014085975f,0.35333010450539926f,-0.7321588841896481f,-1.9124618753653255f,-1.7039913338724533f,1.556611420684908f,0f,0f,0f,1f],start_interpolation:0}
execute if entity @s[tag=aj.mech_torso.bone.rocket_left] run data modify entity @s {} merge value {transformation:[-2.1103013102633246f,-0.0165148262913591f,0.9252745580012839f,1.4949532536386174f,-0.6747976058882222f,1.604093694184857f,-1.5104002709993498f,0.0456888671002611f,-0.6332881952629689f,-1.654203145946698f,-1.4738844530530966f,0.2721407575713264f,0f,0f,0f,1f],start_interpolation:0}
execute if entity @s[tag=aj.mech_torso.bone.drillhead_left1] run data modify entity @s {} merge value {transformation:[0.40154337473784557f,-0.007166974413050309f,0.9158119636049232f,1.4695557856967236f,-0.6554716292341785f,0.6961319640627055f,0.2928433572394838f,-1.0838013438181684f,-0.639624781784785f,-0.7178780697917738f,0.27482942971742164f,1.213103523410633f,0f,0f,0f,1f],start_interpolation:0}
execute if entity @s[tag=aj.mech_torso.bone.drillhead_left2] run data modify entity @s {} merge value {transformation:[-0.9997639256917004f,-0.007166974413050309f,0.020511639702460505f,1.1598688943813715f,-0.019713851092177104f,0.6961319640627055f,-0.7176431234850061f,-0.9176352170209456f,-0.009135478128501962f,-0.7178780697917738f,-0.6961089138571641f,1.377327888515355f,0f,0f,0f,1f],start_interpolation:0}
execute if entity @s[tag=aj.mech_torso.bone.drillhead_left3] run data modify entity @s {} merge value {transformation:[0.6924359319154199f,-0.007166974413050309f,-0.72144377096915f,1.5073181090376804f,0.5213901168787229f,0.6961319640627055f,0.49351052129756245f,-0.8064316919672128f,0.4986830919668482f,-0.7178780697917738f,0.4857635748987579f,1.4816940362329012f,0f,0f,0f,1f],start_interpolation:0}
execute if entity @s[tag=aj.mech_torso.bone.drill_left] run data modify entity @s {} merge value {transformation:[0.6138816863258315f,-0.010956909303782717f,1.400098290607343f,1.3578070066459373f,-1.0020885772445371f,1.0642503173738695f,0.44770051078257456f,-0.5477795441396072f,-0.977861831026814f,-1.0974958816038751f,0.42016072081140515f,1.0140703279675205f,0f,0f,0f,1f],start_interpolation:0}
execute if entity @s[tag=aj.mech_torso.bone.left_hand] run data modify entity @s {} merge value {transformation:[-0.9158119636049231f,-0.007166974413050309f,0.4015433747378458f,1.4734402799240272f,-0.29284335723948396f,0.6961319640627055f,-0.6554716292341783f,-0.2614101381039555f,-0.2748294297174218f,-0.7178780697917738f,-0.6396247817847849f,0.6710563413287624f,0f,0f,0f,1f],start_interpolation:0}
execute if entity @s[tag=aj.mech_torso.bone.left_arm_low] run data modify entity @s {} merge value {transformation:[-0.9158119636049231f,-0.007166974413050309f,0.4015433747378458f,1.421583288246227f,-0.29284335723948396f,0.6961319640627055f,-0.6554716292341783f,0.3959356277177142f,-0.2748294297174218f,-0.7178780697917738f,-0.6396247817847849f,-0.08398684225112482f,0f,0f,0f,1f],start_interpolation:0}
execute if entity @s[tag=aj.mech_torso.bone.left_arm] run data modify entity @s {} merge value {transformation:[-1.0135237578851142f,-0.37211242928362637f,0.2430512511983905f,1.0146966216847881f,-0.3240880352040197f,1.0328964490952153f,0.2299213983476127f,1.4367658668445955f,-0.30415212669659736f,0.13938882291332294f,-1.0549095783083984f,0.04911919214852001f,0f,0f,0f,1f],start_interpolation:0}
execute if entity @s[tag=aj.mech_torso.bone.drillhead_right1] run data modify entity @s {} merge value {transformation:[-0.023239784531250397f,0.4281035241337881f,0.903430841315024f,-2.1458112497777524f,-0.9274443457426615f,-0.3466094498177943f,0.1403883002496031f,0.9728994510100392f,0.3732383929406348f,-0.8346192316986454f,0.40509732178064944f,1.8434531744487885f,0f,0f,0f,1f],start_interpolation:0}
execute if entity @s[tag=aj.mech_torso.bone.drillhead_right2] run data modify entity @s {} merge value {transformation:[-0.825767782818559f,0.4281035241337881f,-0.36719877652730887f,-2.310891248174286f,0.2252157083517393f,-0.3466094498177943f,-0.9105711251783853f,1.2020510200714036f,-0.517093273569233f,-0.8346192316986454f,0.18980327844433348f,1.6636137666636164f,0f,0f,0f,1f],start_interpolation:0}
execute if entity @s[tag=aj.mech_torso.bone.drillhead_right3] run data modify entity @s {} merge value {transformation:[0.843554743842247f,0.4281035241337881f,-0.3242572539905196f,-1.968084782130966f,0.4846194627610543f,-0.3466094498177943f,0.8031225719715475f,1.2554414019099362f,0.23142897496732848f,-0.8346192316986454f,-0.4998513455261819f,1.8172779053072448f,0f,0f,0f,1f],start_interpolation:0}
execute if entity @s[tag=aj.mech_torso.bone.drill_right] run data modify entity @s {} merge value {transformation:[-0.03552910847354182f,0.6544869865898243f,1.3811699637861325f,-1.9198237362606212f,-1.4178819394282538f,-0.5298984043492971f,0.21462639385821958f,0.9851894298307657f,0.5706088768356042f,-1.2759704022750609f,0.6193149798154165f,1.3350319318819466f,0f,0f,0f,1f],start_interpolation:0}
execute if entity @s[tag=aj.mech_torso.bone.barrel_right] run data modify entity @s {} merge value {transformation:[-2.0734964968405922f,0.9825557386157386f,-0.053338462236618034f,-2.146205505143751f,-0.3222102184836235f,-0.7955157684487716f,-2.128610751336372f,0.700552724797212f,-0.9297533792061323f,-1.9155645058606972f,0.8566328100137983f,2.0942798794537127f,0f,0f,0f,1f],start_interpolation:0}
execute if entity @s[tag=aj.mech_torso.bone.rocket_right] run data modify entity @s {} merge value {transformation:[-2.0817715469175204f,0.9864769885203357f,-0.05355132897968073f,-1.3194379709894986f,-0.32349611681878476f,-0.7986905665884984f,-2.13710575510823f,0.5582574370638491f,-0.9334639018830923f,-1.9232092702650434f,0.8600515181771374f,0.6883197193840617f,0f,0f,0f,1f],start_interpolation:0}
execute if entity @s[tag=aj.mech_torso.bone.sword_right] run data modify entity @s {} merge value {transformation:[-2.406783427087221f,1.1404884799627448f,-0.06191190924750287f,-1.7326197293993553f,-0.3740012172994553f,-0.9233843271046785f,-2.4707565635351614f,1.9475376816415555f,-1.079198844927536f,-2.2234659731747235f,0.9943251186495103f,0.7426090230332447f,0f,0f,0f,1f],start_interpolation:0}
execute if entity @s[tag=aj.mech_torso.bone.right_hand] run data modify entity @s {} merge value {transformation:[-0.903430841315024f,0.4281035241337881f,-0.023239784531250196f,-1.7578949568519455f,-0.1403883002496033f,-0.3466094498177943f,-0.9274443457426615f,0.7544303585192618f,-0.4050973217806494f,-0.8346192316986454f,0.37323839294063493f,0.9810276052294323f,0f,0f,0f,1f],start_interpolation:0}
execute if entity @s[tag=aj.mech_torso.bone.right_arm_low] run data modify entity @s {} merge value {transformation:[-0.8685812085802156f,0.4944240951857994f,-0.03333913917658393f,-1.210226384229151f,-0.08277131276963293f,-0.21108296912099495f,-0.9739573347582824f,0.5180844297351725f,-0.48858529847276777f,-0.8432015146136591f,0.2242668318532806f,0.1753710102657362f,0f,0f,0f,1f],start_interpolation:0}
execute if entity @s[tag=aj.mech_torso.bone.right_arm] run data modify entity @s {} merge value {transformation:[-0.961253756812008f,0.24754845355003516f,0.4893699589204625f,-0.9314400677949978f,-0.09160252900949495f,0.9011882741710239f,-0.6357992212245499f,1.4367658668445955f,-0.5407144997389044f,-0.5927490499154474f,-0.7622652898633576f,-0.4119144138507166f,0f,0f,0f,1f],start_interpolation:0}
execute if entity @s[tag=aj.mech_torso.bone.torso] run data modify entity @s {} merge value {transformation:[-1.2841708633526896f,0.001254382565812538f,0.30421341630050863f,0f,0f,1.3197016978454816f,-0.005441610110368461f,0.20333875f,-0.3042160024273017f,-0.0052950585428161055f,-1.284159946672929f,-0.005674375000000009f,0f,0f,0f,1f],start_interpolation:0}