execute if entity @s[tag=aj.mech_torso.bone.barrel_left] run data modify entity @s {} merge value {transformation:[-2.2117148218125537f,0.2389453703793883f,0.5646867719361021f,0.8374193571154689f,0.5914702869236353f,1.3886259500209233f,1.7290255533292893f,0.15516523145230904f,-0.16164448679689206f,1.8117040526403423f,-1.3997313952989066f,-3.235670375439956f,0f,0f,0f,1f],start_interpolation:0}
execute if entity @s[tag=aj.mech_torso.bone.blaster_left] run data modify entity @s {} merge value {transformation:[-0.9636531266214324f,0.10410946790559089f,0.24603631895545847f,1.0747914185495497f,0.25770600516685555f,0.6050299637403842f,0.7533434528004141f,0.38441836718690386f,-0.07042915911522682f,0.7893668105948742f,-0.6098686513320699f,-2.0786839562879877f,0f,0f,0f,1f],start_interpolation:0}
execute if entity @s[tag=aj.mech_torso.bone.sword_left] run data modify entity @s {} merge value {transformation:[-2.5672185058872827f,0.2773526544581096f,0.6554526454527576f,0.5183798580082901f,0.6865412535547529f,1.6118290665192978f,2.0069433698605224f,-0.5755051807992146f,-0.18762668395898816f,2.102911336153924f,-1.6247195641334489f,-1.5276383712725126f,0f,0f,0f,1f],start_interpolation:0}
execute if entity @s[tag=aj.mech_torso.bone.rocket_left] run data modify entity @s {} merge value {transformation:[-2.22054148293027f,0.23989896972645852f,0.5669403621026011f,0.9916526214024625f,0.5938307665534616f,1.3941677723929669f,1.7359258654638356f,0.774283878164443f,-0.16228958854890455f,1.8189343237225535f,-1.4053175380331702f,-1.7331218978105591f,0f,0f,0f,1f],start_interpolation:0}
execute if entity @s[tag=aj.mech_torso.bone.drillhead_left1] run data modify entity @s {} merge value {transformation:[0.24603631895545824f,0.10410946790559089f,0.9636531266214324f,0.7791002018353542f,0.7533434528004143f,0.6050299637403842f,-0.2577060051668554f,0.011213422830237685f,-0.6098686513320699f,0.7893668105948742f,0.07042915911522668f,-2.971810334733497f,0f,0f,0f,1f],start_interpolation:0}
execute if entity @s[tag=aj.mech_torso.bone.drillhead_left2] run data modify entity @s {} merge value {transformation:[-0.9844534231503956f,0.10410946790559089f,-0.14146616676747367f,0.5129419546729508f,-0.050202754688524975f,0.6050299637403842f,0.7946184155920332f,-0.19473369823861875f,0.16831857018508606f,0.7893668105948742f,-0.5903972368347638f,-2.7788534347991f,0f,0f,0f,1f],start_interpolation:0}
execute if entity @s[tag=aj.mech_torso.bone.drillhead_left3] run data modify entity @s {} merge value {transformation:[0.7961453771017022f,0.10410946790559089f,-0.5960820054422069f,0.8785645351487642f,-0.5263813618463362f,0.6050299637403842f,-0.5973787783953376f,-0.29261721015052666f,0.2984546873821634f,0.7893668105948742f,0.5364930921371597f,-2.752050071557501f,0f,0f,0f,1f],start_interpolation:0}
execute if entity @s[tag=aj.mech_torso.bone.drill_left] run data modify entity @s {} merge value {transformation:[0.37614165711583225f,0.15916311846035183f,1.4732381197666151f,0.7666762128940665f,1.1517155512516426f,0.9249730858119363f,-0.3939823366066165f,0.12134238493205785f,-0.9323704976116632f,1.2067882557743346f,0.10767247994663709f,-2.3998499965600852f,0f,0f,0f,1f],start_interpolation:0}
execute if entity @s[tag=aj.mech_torso.bone.left_hand] run data modify entity @s {} merge value {transformation:[-0.9636531266214324f,0.10410946790559089f,0.24603631895545847f,0.9242206175149509f,0.25770600516685555f,0.6050299637403842f,0.7533434528004141f,0.42468493049422507f,-0.07042915911522682f,0.7893668105948742f,-0.6098686513320699f,-2.089688512399742f,0f,0f,0f,1f],start_interpolation:0}
execute if entity @s[tag=aj.mech_torso.bone.left_arm_low] run data modify entity @s {} merge value {transformation:[-0.9636531266214324f,0.10410946790559089f,0.24603631895545847f,0.9757903999740604f,0.25770600516685555f,0.6050299637403842f,0.7533434528004141f,1.0693635024575507f,-0.07042915911522682f,0.7893668105948742f,-0.6098686513320699f,-1.3237819196036964f,0f,0f,0f,1f],start_interpolation:0}
execute if entity @s[tag=aj.mech_torso.bone.left_arm] run data modify entity @s {} merge value {transformation:[-1.0664692939220342f,0.021372681992220335f,0.2948871515002397f,0.9674024473911209f,0.2852017326331289f,0.36535463155503445f,1.0049616626709568f,1.4488147793257f,-0.07794353955606002f,1.044428638155701f,-0.35758300151954703f,-0.2642782937323181f,0f,0f,0f,1f],start_interpolation:0}
execute if entity @s[tag=aj.mech_torso.bone.drillhead_right1] run data modify entity @s {} merge value {transformation:[0.7804077190282558f,-0.5072729754004607f,0.36556520691865435f,-0.820292483519028f,0.05737110753723012f,0.6402771086341921f,0.7659985510293021f,-0.11782234867790559f,-0.6226333978362116f,-0.5768183011897269f,0.5287800103176473f,2.3331507377486256f,0f,0f,0f,1f],start_interpolation:0}
execute if entity @s[tag=aj.mech_torso.bone.drillhead_right2] run data modify entity @s {} merge value {transformation:[-0.6363873170323417f,-0.5072729754004607f,0.5811069704871397f,-1.1049300158242377f,-0.7296453555802087f,0.6402771086341921f,-0.24013096268342787f,-0.27904830512405215f,-0.2502575429444815f,-0.5768183011897269f,-0.7775936018332382f,2.40450707059745f,0f,0f,0f,1f],start_interpolation:0}
execute if entity @s[tag=aj.mech_torso.bone.drillhead_right3] run data modify entity @s {} merge value {transformation:[0.03908910790845466f,-0.5072729754004607f,-0.8608984667609096f,-0.9663191219319539f,0.6857354108783409f,0.6402771086341921f,-0.3461389467057297f,0.011599514325470323f,0.7268005145226815f,-0.5768183011897269f,0.3728829032044284f,2.605231604929161f,0f,0f,0f,1f],start_interpolation:0}
execute if entity @s[tag=aj.mech_torso.bone.drill_right] run data modify entity @s {} merge value {transformation:[1.1930915480588755f,-0.775521672520841f,0.5588780684821096f,-1.2435752483314197f,0.08770925996308324f,0.9788591118476246f,1.1710627339724151f,0.20119225543657288f,-0.951885311209572f,-0.8818429432913193f,0.8084017439986751f,2.1635189508903214f,0f,0f,0f,1f],start_interpolation:0}
execute if entity @s[tag=aj.mech_torso.bone.barrel_right] run data modify entity @s {} merge value {transformation:[-0.8390218058189179f,-1.164260383123216f,1.7911417205516822f,-0.46867209259297027f,-1.7580707227487635f,1.4695229352893937f,0.13167448470671733f,-0.12339331074172777f,-1.2136219496304024f,-1.3238763523830017f,-1.4290282224039783f,2.217310348736608f,0f,0f,0f,1f],start_interpolation:0}
execute if entity @s[tag=aj.mech_torso.bone.rocket_right] run data modify entity @s {} merge value {transformation:[-0.8423702307954565f,-1.1689067922141443f,1.798289930088098f,-1.532480604406438f,-1.7650869503101287f,1.4753876068223541f,0.13219998014713022f,0.983065611566942f,-1.2184653541999078f,-1.3291597676809406f,-1.4347312848975755f,1.6475941214949619f,0f,0f,0f,1f],start_interpolation:0}
execute if entity @s[tag=aj.mech_torso.bone.sword_right] run data modify entity @s {} merge value {transformation:[-0.973883380216296f,-1.3513997246606384f,2.0790438831976936f,-2.2148482330656116f,-2.0406571632053607f,1.7057291641284051f,0.15283940341604582f,0.34058599093053804f,-1.4086955051867116f,-1.5366718339206566f,-1.6587254657832298f,2.7545541245538905f,0f,0f,0f,1f],start_interpolation:0}
execute if entity @s[tag=aj.mech_torso.bone.right_hand] run data modify entity @s {} merge value {transformation:[-0.3655652069186542f,-0.5072729754004607f,0.7804077190282559f,-1.4190109008751373f,-0.7659985510293021f,0.6402771086341921f,0.05737110753723029f,0.4678417252714436f,-0.5287800103176474f,-0.5768183011897269f,-0.6226333978362115f,1.8427228568751766f,0f,0f,0f,1f],start_interpolation:0}
execute if entity @s[tag=aj.mech_torso.bone.right_arm_low] run data modify entity @s {} merge value {transformation:[-0.7971477014516481f,0.36069293516359957f,0.4842067209296267f,-0.993364774341759f,-0.4431579298118651f,0.1951550324958855f,-0.8749431767471485f,0.6633521541072223f,-0.41008120088004063f,-0.9120389902929573f,0.004276548864049323f,0.9564475837892233f,0f,0f,0f,1f],start_interpolation:0}
execute if entity @s[tag=aj.mech_torso.bone.right_arm] run data modify entity @s {} merge value {transformation:[-0.8879241993518338f,-0.02049396757498703f,0.6602594884077533f,-0.9891251950169521f,-0.4917924514198072f,0.7590207923174281f,-0.637808435261206f,1.4488147793257f,-0.44102469258073224f,-0.8051331645491241f,-0.6180855817855742f,0.15045003239589197f,0f,0f,0f,1f],start_interpolation:0}
execute if entity @s[tag=aj.mech_torso.bone.torso] run data modify entity @s {} merge value {transformation:[-1.2910274007506575f,0.02710929089672416f,-0.27231511025816746f,0f,0f,1.3132216591059824f,0.1307327673988853f,0.20333875f,0.2736611644494723f,0.12789113659221205f,-1.284677238324923f,-0.005674375000000009f,0f,0f,0f,1f],start_interpolation:0}