execute if entity @s[tag=aj.mech_torso.bone.barrel_left] run data modify entity @s {} merge value {transformation:[-1.9492091702699452f,-0.4887912391877891f,1.1087448888177631f,2.2099891454772402f,-0.12114768040799401f,2.168204488788943f,0.7428734937914635f,-0.8271499297522961f,-1.2056348300866273f,0.5723817893149983f,-1.8672097464380493f,-1.585638063703703f,0f,0f,0f,1f],start_interpolation:0}
execute if entity @s[tag=aj.mech_torso.bone.blaster_left] run data modify entity @s {} merge value {transformation:[-0.8492783485668546f,-0.21296832722876127f,0.48308464915886085f,1.964757203174476f,-0.05278453616928003f,0.9446954978869192f,0.3236729970411178f,0.04968144043701132f,-0.5252999899076244f,0.2493890692664152f,-0.8135508667154627f,-0.7991597660870057f,0f,0f,0f,1f],start_interpolation:0}
execute if entity @s[tag=aj.mech_torso.bone.sword_left] run data modify entity @s {} merge value {transformation:[-2.2625185690356147f,-0.5673579172065695f,1.2869608544505815f,1.2180015237364497f,-0.14062055560754352f,2.5167144666531507f,0.8622805083123949f,-0.5431305864190782f,-1.3994245626134236f,0.6643845343307446f,-2.1673388305552175f,-0.008193183045034469f,0f,0f,0f,1f],start_interpolation:0}
execute if entity @s[tag=aj.mech_torso.bone.rocket_left] run data modify entity @s {} merge value {transformation:[-1.9569882060768389f,-0.49074194032840146f,1.1131697429187877f,1.755766088168953f,-0.12163116476574785f,2.1768575059264625f,0.7458382035806113f,0.5340111679190908f,-1.2104463591191852f,0.5746660892773664f,-1.874661533397635f,-0.8073902840465808f,0f,0f,0f,1f],start_interpolation:0}
execute if entity @s[tag=aj.mech_torso.bone.drillhead_left1] run data modify entity @s {} merge value {transformation:[0.4830846491588607f,-0.21296832722876127f,0.8492783485668547f,2.047974842859483f,0.3236729970411178f,0.9446954978869192f,0.0527845361692801f,-0.8102585788207691f,-0.8135508667154628f,0.2493890692664152f,0.5252999899076242f,-1.3263864172851019f,0f,0f,0f,1f],start_interpolation:0}
execute if entity @s[tag=aj.mech_torso.bone.drillhead_left2] run data modify entity @s {} merge value {transformation:[-0.9694993753089014f,-0.21296832722876127f,0.12130726636534811f,1.7233310224949034f,-0.17263084607149015f,0.9446954978869192f,0.2788350897158157f,-0.9297805909826069f,-0.17398147102577244f,0.2493890692664152f,-0.9526465975744307f,-1.1508652705554776f,0f,0f,0f,1f],start_interpolation:0}
execute if entity @s[tag=aj.mech_torso.bone.drillhead_left3] run data modify entity @s {} merge value {transformation:[0.5997623919829054f,-0.21296832722876127f,-0.7713167732911863f,2.045523706060399f,-0.07509774087169092f,0.9446954978869192f,-0.31923462466993435f,-0.9097937741647997f,0.7966463471823065f,0.2493890692664152f,0.5505993912560374f,-0.9514363976473188f,0f,0f,0f,1f],start_interpolation:0}
execute if entity @s[tag=aj.mech_torso.bone.drill_left] run data modify entity @s {} merge value {transformation:[0.7385424283425825f,-0.3255871322457694f,1.298381339546729f,1.8079401392443832f,0.4948330311051949f,1.4442555942701356f,0.080697284811833f,-0.40906036128473494f,-1.243760971768461f,0.38126735995195404f,0.8030814699457212f,-0.9787591692958206f,0f,0f,0f,1f],start_interpolation:0}
execute if entity @s[tag=aj.mech_torso.bone.left_hand] run data modify entity @s {} merge value {transformation:[-0.8492783485668546f,-0.21296832722876127f,0.48308464915886085f,1.8320574612109048f,-0.05278453616928003f,0.9446954978869192f,0.3236729970411178f,0.04143385666056132f,-0.5252999899076244f,0.2493890692664152f,-0.8135508667154627f,-0.881237889510072f,0f,0f,0f,1f],start_interpolation:0}
execute if entity @s[tag=aj.mech_torso.bone.left_arm_low] run data modify entity @s {} merge value {transformation:[-0.8492783485668546f,-0.21296832722876127f,0.48308464915886085f,1.5811056324829296f,-0.05278453616928003f,0.9446954978869192f,0.3236729970411178f,0.9929451021944354f,-0.5252999899076244f,0.2493890692664152f,-0.8135508667154627f,-0.6901035341977415f,0f,0f,0f,1f],start_interpolation:0}
execute if entity @s[tag=aj.mech_torso.bone.left_arm] run data modify entity @s {} merge value {transformation:[-0.939891394235238f,-0.552607093387027f,0.18974073340985625f,0.9928179142136486f,-0.05841633826874789f,0.4464720556181363f,1.010951142988332f,1.4451527373958242f,-0.5813464345808268f,0.8485635405934464f,-0.4083481591849078f,0.15608047516375143f,0f,0f,0f,1f],start_interpolation:0}
execute if entity @s[tag=aj.mech_torso.bone.drillhead_right1] run data modify entity @s {} merge value {transformation:[0.31917804896416024f,0.9082045195897641f,0.27072111786145964f,-3.4400568519040777f,-0.38028082489403214f,-0.13891627071044554f,0.9143788951795732f,1.5874913419600045f,0.8680506133154604f,-0.3947997217940108f,0.3010337396273464f,0.43841863548391f,0f,0f,0f,1f],start_interpolation:0}
execute if entity @s[tag=aj.mech_torso.bone.drillhead_right2] run data modify entity @s {} merge value {transformation:[-0.37225785112397586f,0.9082045195897641f,0.19128158006793558f,-3.5794783998408857f,-0.6992487748836151f,-0.13891627071044554f,-0.7012513248156227f,1.5188093359307784f,-0.610307498807219f,-0.3947997217940108f,0.6867735700877317f,0.14185755562832278f,0f,0f,0f,1f],start_interpolation:0}
execute if entity @s[tag=aj.mech_torso.bone.drillhead_right3] run data modify entity @s {} merge value {transformation:[0.12796954849758074f,0.9082045195897641f,-0.39848255326181037f,-3.476795780018912f,0.990303117549767f,-0.13891627071044554f,0.0014160166365871918f,1.8658164152930465f,-0.05406967753314451f,-0.3947997217940108f,-0.9171748195643151f,0.2559708326736648f,0f,0f,0f,1f],start_interpolation:0}
execute if entity @s[tag=aj.mech_torso.bone.drill_right] run data modify entity @s {} merge value {transformation:[0.48796113013750675f,1.3884679889899791f,0.41387991139265456f,-3.0365760774056865f,-0.5813753849524645f,-0.21237594712526217f,1.3979074078362137f,1.594126164931715f,1.327080479577498f,-0.6035719531771767f,0.4602220117417102f,0.05517875828870805f,0f,0f,0f,1f],start_interpolation:0}
execute if entity @s[tag=aj.mech_torso.bone.barrel_right] run data modify entity @s {} merge value {transformation:[-0.6213417384438926f,2.084452736905753f,0.7325569773910656f,-3.4170410471086807f,-2.0986237675703827f,-0.3188317107405774f,-0.8727961479438515f,1.5294473398464485f,-0.6909133228610591f,-0.9061189884794653f,1.992294067767291f,0.8033680802129403f,0f,0f,0f,1f],start_interpolation:0}
execute if entity @s[tag=aj.mech_torso.bone.rocket_right] run data modify entity @s {} merge value {transformation:[-0.6238214310830378f,2.0927715118866455f,0.7354805153287235f,-2.073961258871128f,-2.1069990972590213f,-0.32010412589850556f,-0.876279361849537f,1.6110168613672418f,-0.6936706664853207f,-0.9097351894312142f,2.000245049697505f,-0.12936959552035152f,0f,0f,0f,1f],start_interpolation:0}
execute if entity @s[tag=aj.mech_torso.bone.sword_right] run data modify entity @s {} merge value {transformation:[-0.7212141428369584f,2.419500736738912f,0.8503057493795564f,-3.157117318344036f,-2.435949571738317f,-0.37007965945904464f,-1.013086497757571f,2.044532290719843f,-0.8019684323313325f,-1.0517655408457982f,2.312528789652031f,-0.9911139980479328f,0f,0f,0f,1f],start_interpolation:0}
execute if entity @s[tag=aj.mech_torso.bone.right_hand] run data modify entity @s {} merge value {transformation:[-0.2707211178614596f,0.9082045195897641f,0.3191780489641603f,-2.615692426191635f,-0.9143788951795733f,-0.13891627071044554f,-0.3802808248940319f,1.4756478244834481f,-0.30103373962734625f,-0.3947997217940108f,0.8680506133154605f,-0.06148133286239896f,0f,0f,0f,1f],start_interpolation:0}
execute if entity @s[tag=aj.mech_torso.bone.right_arm_low] run data modify entity @s {} merge value {transformation:[-0.21867290265096495f,0.8198692391667355f,-0.5291470422428536f,-1.7986919756793034f,-0.49116335413652407f,-0.5610479337526323f,-0.6663210754473112f,0.9244750667566202f,-0.8431730078694177f,0.11419127243384475f,0.5253757056625082f,0.12182624336523779f,0f,0f,0f,1f],start_interpolation:0}
execute if entity @s[tag=aj.mech_torso.bone.right_arm] run data modify entity @s {} merge value {transformation:[-0.2518527642401107f,0.8428854664251293f,0.6714806431818683f,-0.9347527073531936f,-0.5416012705793364f,0.49716080098168075f,-0.8272068545461468f,1.4451527373958242f,-0.9316706646586506f,-0.5168628512386763f,0.29935688426686036f,-0.3772782210927339f,0f,0f,0f,1f],start_interpolation:0}
execute if entity @s[tag=aj.mech_torso.bone.torso] run data modify entity @s {} merge value {transformation:[-1.2719199235344785f,-0.01892879076005541f,0.35143077755547947f,0f,0f,1.3178027470896656f,0.07097958988167614f,0.20333875f,-0.3519401803330885f,0.06840908609339101f,-1.2700789301550592f,-0.005674375000000009f,0f,0f,0f,1f],start_interpolation:0}