execute if entity @s[tag=aj.mech_torso.bone.barrel_left] run data modify entity @s {} merge value {transformation:[-1.9707628571651767f,1.097448821726804f,-0.4234953812726835f,-0.8946337507418812f,0.6532031602071708f,1.7081513533272146f,1.386792370570471f,-0.44476439758139485f,0.9782984645619202f,1.0702679717096795f,-1.7790747810080763f,-2.7199212983968986f,0f,0f,0f,1f],start_interpolation:0}
execute if entity @s[tag=aj.mech_torso.bone.blaster_left] run data modify entity @s {} merge value {transformation:[-0.858669377447236f,0.4781629068694062f,-0.1845186568577169f,-0.07658450947969295f,0.2846032686695032f,0.7442484791178507f,0.6042310657301565f,-0.0016153109322458656f,0.42624861254555524f,0.4663201001725807f,-0.7751501044817214f,-1.9570750519172515f,0f,0f,0f,1f],start_interpolation:0}
execute if entity @s[tag=aj.mech_torso.bone.sword_left] run data modify entity @s {} merge value {transformation:[-2.2875367238726803f,1.2738490951072636f,-0.49156662027070597f,-0.16796394386972202f,0.758196863560209f,1.9827139203797786f,1.6097007636066474f,-0.804822403377873f,1.1355469058376324f,1.2422992856645967f,-2.0650373439276892f,-1.0183490828171815f,0f,0f,0f,1f],start_interpolation:0}
execute if entity @s[tag=aj.mech_torso.bone.rocket_left] run data modify entity @s {} merge value {transformation:[-1.9786279108836862f,1.101828594719183f,-0.42518549528672644f,0.016797437675272225f,0.6558100075634882f,1.714968359292401f,1.392326875369615f,0.4527426309644242f,0.9822027242492488f,1.0745392695272187f,-1.7861748329859184f,-1.7057605376508258f,0f,0f,0f,1f],start_interpolation:0}
execute if entity @s[tag=aj.mech_torso.bone.drillhead_left1] run data modify entity @s {} merge value {transformation:[-0.1845186568577171f,0.4781629068694062f,0.858669377447236f,-0.7876846835232775f,0.6042310657301566f,0.7442484791178507f,-0.2846032686695031f,-0.5303707923316208f,-0.7751501044817213f,0.4663201001725807f,-0.4262486125455554f,-2.4460987091923103f,0f,0f,0f,1f],start_interpolation:0}
execute if entity @s[tag=aj.mech_torso.bone.drillhead_left2] run data modify entity @s {} merge value {transformation:[-0.7226948300760028f,0.4781629068694062f,-0.49907155506562134f,-0.8882529886446568f,0.03170991663433212f,0.7442484791178507f,0.6671496702523431f,-0.6807657667761502f,0.6904394714733955f,0.4663201001725807f,-0.5530270340648574f,-2.102945445899873f,0f,0f,0f,1f],start_interpolation:0}
execute if entity @s[tag=aj.mech_torso.bone.drillhead_left3] run data modify entity @s {} merge value {transformation:[0.8639192959594175f,0.4781629068694062f,-0.1581255341909849f,-0.5624101259570771f,-0.4941683529847972f,0.7442484791178507f,-0.4493237588188045f,-0.7888359598490806f,-0.09716526631094924f,0.4663201001725807f,0.8792635982444382f,-2.264583113984404f,0f,0f,0f,1f],start_interpolation:0}
execute if entity @s[tag=aj.mech_torso.bone.drill_left] run data modify entity @s {} merge value {transformation:[-0.28209312208013587f,0.731018042071027f,1.312738395367129f,-0.4909997082448448f,0.9237517262065361f,1.1378111062212988f,-0.43510301874297497f,-0.308190223624148f,-1.185053678461388f,0.7129126950443839f,-0.6516511877062964f,-1.996615458590977f,0f,0f,0f,1f],start_interpolation:0}
execute if entity @s[tag=aj.mech_torso.bone.left_hand] run data modify entity @s {} merge value {transformation:[-0.858669377447236f,0.4781629068694062f,-0.1845186568577169f,-0.21075159970582358f,0.2846032686695032f,0.7442484791178507f,0.6042310657301565f,0.04285394979736401f,0.42624861254555524f,0.4663201001725807f,-0.7751501044817214f,-1.8904737062070085f,0f,0f,0f,1f],start_interpolation:0}
execute if entity @s[tag=aj.mech_torso.bone.left_arm_low] run data modify entity @s {} merge value {transformation:[-0.858669377447236f,0.4781629068694062f,-0.1845186568577169f,0.20797826304632672f,0.2846032686695032f,0.7442484791178507f,0.6042310657301565f,0.8237723540111261f,0.42624861254555524f,0.4663201001725807f,-0.7751501044817214f,-1.4217365085153844f,0f,0f,0f,1f],start_interpolation:0}
execute if entity @s[tag=aj.mech_torso.bone.left_arm] run data modify entity @s {} merge value {transformation:[-0.9502843911161544f,0.5650390776908701f,-0.04962252731651855f,0.7555302366914236f,0.3149687772508053f,0.606181146076591f,0.8706957367717102f,1.4488741973766923f,0.4717268530539262f,0.7335170327658039f,-0.6813211557586614f,-0.6627660979733591f,0f,0f,0f,1f],start_interpolation:0}
execute if entity @s[tag=aj.mech_torso.bone.drillhead_right1] run data modify entity @s {} merge value {transformation:[-0.9430287388673658f,-0.18767598887624576f,0.27472626534343136f,0.1336911911267024f,-0.2925181940052514f,0.861106592188329f,-0.41584677835196526f,-0.9851135493274367f,-0.15852414278630292f,-0.4725178939353787f,-0.8669469049859639f,1.9575351527962228f,0f,0f,0f,1f],start_interpolation:0}
execute if entity @s[tag=aj.mech_torso.bone.drillhead_right2] run data modify entity @s {} merge value {transformation:[0.10706750101462448f,-0.18767598887624576f,-0.976378140591957f,0.34164100438119f,0.4961341936913053f,0.861106592188329f,-0.11111389985092276f,-0.825497262396228f,0.8616190643647353f,-0.4725178939353787f,0.1853090063491581f,2.165822397197132f,0f,0f,0f,1f],start_interpolation:0}
execute if entity @s[tag=aj.mech_torso.bone.drillhead_right3] run data modify entity @s {} merge value {transformation:[0.6146954482027467f,-0.18767598887624576f,0.7661117602270237f,0.4460074492783127f,-0.2722504606689715f,0.861106592188329f,0.42938924480631235f,-0.9832507356512417f,-0.7402899382163434f,-0.4725178939353787f,0.47822342820748215f,1.836883253289664f,0f,0f,0f,1f],start_interpolation:0}
execute if entity @s[tag=aj.mech_torso.bone.drill_right] run data modify entity @s {} merge value {transformation:[-1.4417074440527644f,-0.2869200683722776f,0.42000300255764184f,0.23132918249219991f,-0.44720339946877924f,1.3164644224648916f,-0.6357488072478672f,-0.4796638921124937f,-0.24235256816414f,-0.7223879157203325f,-1.3253931243049437f,1.746108980334797f,0f,0f,0f,1f],start_interpolation:0}
execute if entity @s[tag=aj.mech_torso.bone.barrel_right] run data modify entity @s {} merge value {transformation:[-0.6305340959475514f,-0.43074188712613976f,-2.164379050437634f,-0.1538809803232456f,0.9544248421718198f,1.9763565960509875f,-0.6713689889634047f,-1.21172033793187f,1.9897609072307147f,-1.0844927502622872f,-0.36383444055729414f,1.902412197272112f,0f,0f,0f,1f],start_interpolation:0}
execute if entity @s[tag=aj.mech_torso.bone.rocket_right] run data modify entity @s {} merge value {transformation:[-0.63305047406882f,-0.43246092098591743f,-2.1730168007570176f,-0.01801959970253926f,0.9582338253920326f,1.984243973641019f,-0.674048333737912f,0.20105377197811597f,1.997701779652509f,-1.0888208172882792f,-0.3652864556534905f,1.0862458687767589f,0f,0f,0f,1f],start_interpolation:0}
execute if entity @s[tag=aj.mech_torso.bone.sword_right] run data modify entity @s {} merge value {transformation:[-0.7318840493110601f,-0.49997790537244774f,-2.512274140065041f,1.2580383476464445f,1.1078359167905891f,2.2940295817416643f,-0.779282607209367f,0.02820838476473686f,2.309588457316349f,-1.2588105078087224f,-0.4223159783829462f,1.7537536807713612f,0f,0f,0f,1f],start_interpolation:0}
execute if entity @s[tag=aj.mech_torso.bone.right_hand] run data modify entity @s {} merge value {transformation:[-0.2747262653434316f,-0.18767598887624576f,-0.9430287388673657f,0.06607612457893608f,0.4158467783519652f,0.861106592188329f,-0.29251819400525153f,-0.107255442402729f,0.8669469049859639f,-0.4725178939353787f,-0.1585241427863031f,1.5491493009150832f,0f,0f,0f,1f],start_interpolation:0}
execute if entity @s[tag=aj.mech_torso.bone.right_arm_low] run data modify entity @s {} merge value {transformation:[-0.27325776460001927f,-0.6748656169041787f,-0.6854827446452194f,-0.6131322178079045f,0.286072216170934f,0.6233503866818779f,-0.7277341427737216f,0.47547373880678667f,0.9184186851435738f,-0.39495657298505077f,0.02272496941809521f,1.0975017154028746f,0f,0f,0f,1f],start_interpolation:0}
execute if entity @s[tag=aj.mech_torso.bone.right_arm] run data modify entity @s {} merge value {transformation:[-0.4307975838990445f,-0.21389157425171856f,-0.9967125035359472f,-0.8183972344480075f,0.3841397684440556f,0.9682319796389776f,-0.373812052291204f,1.4488741973766923f,0.9442574111652611f,-0.491476557531014f,-0.30265609756119377f,0.5712324091540343f,0f,0f,0f,1f],start_interpolation:0}
execute if entity @s[tag=aj.mech_torso.bone.torso] run data modify entity @s {} merge value {transformation:[-1.0385662067796047f,0.08159386721178834f,-0.8101634757169005f,0f,4.57867395618298e-18f,1.3130704308595442f,0.1322430566009832f,0.20333875f,0.8142618845017023f,0.10407048982586709f,-1.0333388113353628f,-0.005674375000000009f,0f,0f,0f,1f],start_interpolation:0}