execute if entity @s[tag=aj.mech_torso.bone.barrel_left] run data modify entity @s {} merge value {transformation:[-1.416920478518188f,0.49260049160335123f,1.7370462304379302f,1.558498624795742f,-0.9495457987411733f,1.6747525715986575f,-1.2494859316804514f,-1.1275342334003697f,-1.535691253833098f,-1.490032574491751f,-0.8301227579730046f,1.433065912968416f,0f,0f,0f,1f],start_interpolation:0}
execute if entity @s[tag=aj.mech_torso.bone.blaster_left] run data modify entity @s {} merge value {transformation:[-0.6173580046721364f,0.21462803397040095f,0.7568380943776806f,1.585518409012901f,-0.4137209593220909f,0.7296964943318129f,-0.5444060928915759f,0.020360564987268015f,-0.6691069136429897f,-0.6492132416963343f,-0.3616878556452924f,1.073722716300988f,0f,0f,0f,1f],start_interpolation:0}
execute if entity @s[tag=aj.mech_torso.bone.sword_left] run data modify entity @s {} merge value {transformation:[-1.6446715634167974f,0.5717794561854568f,2.0162532639300363f,0.4821866705149116f,-1.1021726321470842f,1.9439467295638426f,-1.450324144424315f,0.4194392718639875f,-1.7825331581124175f,-1.72953545451905f,-0.9635539290187485f,1.4713324998675836f,0f,0f,0f,1f],start_interpolation:0}
execute if entity @s[tag=aj.mech_torso.bone.rocket_left] run data modify entity @s {} merge value {transformation:[-1.4225752206084825f,0.49456639496617255f,1.7439785520332234f,1.6436726186666852f,-0.9533353103448305f,1.681436287446531f,-1.254472464655466f,0.2865395314533743f,-1.5418199943675204f,-1.495979097280172f,-0.8334356680274422f,0.6219626492182728f,0f,0f,0f,1f],start_interpolation:0}
execute if entity @s[tag=aj.mech_torso.bone.drillhead_left1] run data modify entity @s {} merge value {transformation:[0.7568380943776805f,0.21462803397040095f,0.6173580046721366f,1.3681600367050966f,-0.544406092891576f,0.7296964943318129f,0.4137209593220908f,-0.889293889005585f,-0.36168785564529254f,-0.6492132416963343f,0.6691069136429896f,1.4606000435353985f,0f,0f,0f,1f],start_interpolation:0}
execute if entity @s[tag=aj.mech_torso.bone.drillhead_left2] run data modify entity @s {} merge value {transformation:[-0.859993824449699f,0.21462803397040095f,0.46297454459438814f,0.9949254396291386f,-0.17389313426039812f,0.7296964943318129f,-0.6612898033517209f,-0.7836476140321307f,-0.4797622325334455f,-0.6492132416963343f,-0.5902121373206937f,1.4559530476039533f,0f,0f,0f,1f],start_interpolation:0}
execute if entity @s[tag=aj.mech_torso.bone.drillhead_left3] run data modify entity @s {} merge value {transformation:[0.2807350250474898f,0.21462803397040095f,-0.935479905046381f,1.2290812304571943f,0.5905635187168307f,0.7296964943318129f,0.3446414898422101f,-0.6265919746788848f,0.7565861326196649f,-0.6492132416963343f,0.07809987665647167f,1.7098901762560934f,0f,0f,0f,1f],start_interpolation:0}
execute if entity @s[tag=aj.mech_torso.bone.drill_left] run data modify entity @s {} merge value {transformation:[1.1570581782242757f,0.3281245009024663f,0.9438202615652879f,1.2755182112559098f,-0.8322909836789779f,1.1155639530571533f,0.6324988436001421f,-0.3658005699709011f,-0.5529503528530747f,-0.9925207204770817f,1.0229342739065181f,1.2222859454594053f,0f,0f,0f,1f],start_interpolation:0}
execute if entity @s[tag=aj.mech_torso.bone.left_hand] run data modify entity @s {} merge value {transformation:[-0.6173580046721364f,0.21462803397040095f,0.7568380943776806f,1.4890562207828797f,-0.4137209593220909f,0.7296964943318129f,-0.5444060928915759f,-0.04428333490680869f,-0.6691069136429897f,-0.6492132416963343f,-0.3616878556452924f,0.9691747610442707f,0f,0f,0f,1f],start_interpolation:0}
execute if entity @s[tag=aj.mech_torso.bone.left_arm_low] run data modify entity @s {} merge value {transformation:[-0.6173580046721364f,0.21462803397040095f,0.7568380943776806f,1.6887505699105747f,-0.4137209593220909f,0.7296964943318129f,-0.5444060928915759f,0.6425429090645117f,-0.6691069136429897f,-0.6492132416963343f,-0.3616878556452924f,0.2668395917563341f,0f,0f,0f,1f],start_interpolation:0}
execute if entity @s[tag=aj.mech_torso.bone.left_arm] run data modify entity @s {} merge value {transformation:[-0.6832265025156262f,-0.7460974766551566f,0.4486781475881139f,0.9110194537946369f,-0.45786257230949534f,0.7930228796744356f,0.6214889827865219f,1.4357544038834522f,-0.7404967182050338f,0.19805364469178974f,-0.7982551864447239f,0.4472596516503483f,0f,0f,0f,1f],start_interpolation:0}
execute if entity @s[tag=aj.mech_torso.bone.drillhead_right1] run data modify entity @s {} merge value {transformation:[-0.9150756677987582f,-0.2745369027336395f,0.2954082111927115f,-1.7602395337522854f,0.38679443389829427f,-0.8047849836317147f,0.45023460109835967f,2.776180136691189f,0.11413407952034116f,0.5262609800833816f,0.8426285022082527f,-1.608334720888305f,0f,0f,0f,1f],start_interpolation:0}
execute if entity @s[tag=aj.mech_torso.bone.drillhead_right2] run data modify entity @s {} merge value {transformation:[0.07726269737028768f,-0.2745369027336395f,-0.9584675083864285f,-1.5639253693285653f,-0.5639823543670693f,-0.8047849836317147f,0.18505413825007663f,2.584033825261021f,-0.8221644480015207f,0.5262609800833816f,-0.21701382740284997f,-1.7997625242941937f,0f,0f,0f,1f],start_interpolation:0}
execute if entity @s[tag=aj.mech_torso.bone.drillhead_right3] run data modify entity @s {} merge value {transformation:[0.6231058974837232f,-0.2745369027336395f,0.7323718519703122f,-1.451714871535469f,0.2679427111992472f,-0.8047849836317147f,-0.5296487832857713f,2.7548233729916327f,0.734810005400172f,0.5262609800833816f,-0.42790610746456764f,-1.4800451364184932f,0f,0f,0f,1f],start_interpolation:0}
execute if entity @s[tag=aj.mech_torso.bone.drill_right] run data modify entity @s {} merge value {transformation:[-1.3989726375906086f,-0.4197135039740779f,0.451621673399228f,-1.713264703847439f,0.5913334256802293f,-1.2303596422281602f,0.6883210969299283f,2.280376636610609f,0.17448879899696162f,0.8045506369317826f,1.2882150184136971f,-1.3599684300967847f,0f,0f,0f,1f],start_interpolation:0}
execute if entity @s[tag=aj.mech_torso.bone.barrel_right] run data modify entity @s {} merge value {transformation:[-0.6780019709692938f,-0.630099483036324f,-2.1002229553763594f,-2.0268315688818f,-1.0333495663873844f,-1.8470908540617288f,0.8877457653738569f,3.031110236279592f,-1.9339468696061568f,1.207840433074489f,0.2619532157116516f,-1.576299399926644f,0f,0f,0f,1f],start_interpolation:0}
execute if entity @s[tag=aj.mech_torso.bone.rocket_right] run data modify entity @s {} merge value {transformation:[-0.6807077870970643f,-0.632614126674988f,-2.1086046672118672f,-2.036185533101473f,-1.037473527735695f,-1.8544623491847185f,0.8912886412240177f,1.673709367606906f,-1.941664995591175f,1.2126607643766443f,0.2629986363241914f,-0.6609350674197892f,0f,0f,0f,1f],start_interpolation:0}
execute if entity @s[tag=aj.mech_torso.bone.sword_right] run data modify entity @s {} merge value {transformation:[-0.7869817526809251f,-0.7313795781660478f,-2.437805807673169f,-0.7374143919852354f,-1.1994467386650831f,-2.1439860943357636f,1.0304390669693615f,1.682888786248606f,-2.2448030569270587f,1.4019846868894994f,0.3040587043226995f,-1.306593919464964f,0f,0f,0f,1f],start_interpolation:0}
execute if entity @s[tag=aj.mech_torso.bone.right_hand] run data modify entity @s {} merge value {transformation:[-0.2954082111927117f,-0.2745369027336395f,-0.915075667798758f,-1.9155769052954088f,-0.45023460109835955f,-0.8047849836317147f,0.3867944338982944f,1.93936855702953f,-0.8426285022082527f,0.5262609800833816f,0.11413407952034134f,-1.1418560629835646f,0f,0f,0f,1f],start_interpolation:0}
execute if entity @s[tag=aj.mech_torso.bone.right_arm_low] run data modify entity @s {} merge value {transformation:[0.005194990155818202f,0.19605536405292756f,-0.9805790668290628f,-1.750489323965628f,-0.47316018160916357f,-0.8633933953731417f,-0.17513219968247168f,1.1000747917668838f,-0.8809610971075081f,0.4648807793963008f,0.0882802714711722f,-0.6191564565345703f,0f,0f,0f,1f],start_interpolation:0}
execute if entity @s[tag=aj.mech_torso.bone.right_arm] run data modify entity @s {} merge value {transformation:[0.005749265301334763f,1.0480624904801934f,0.35539265683322385f,-0.685253170421657f,-0.523643612885802f,0.31567182728502613f,-0.9224535991996914f,1.4357544038834522f,-0.9749545072291462f,-0.16336551668273017f,0.4975413503685755f,-0.7576941687003017f,0f,0f,0f,1f],start_interpolation:0}
execute if entity @s[tag=aj.mech_torso.bone.torso] run data modify entity @s {} merge value {transformation:[-1.0533108003498195f,0.00764960736625572f,0.7950597611440319f,0f,0f,1.3196518368026149f,-0.012696930350458793f,0.20333875f,-0.7950965603517994f,-0.010133881165009184f,-1.0532620502923813f,-0.005674375000000009f,0f,0f,0f,1f],start_interpolation:0}