execute if entity @s[tag=aj.mech_torso.bone.barrel_left] run data modify entity @s {} merge value {transformation:[-2.2691379032332333f,-0.24241942275441042f,-0.24473351432200766f,1.1484745311075557f,-0.1566311602882245f,2.1783834730202116f,-0.7055215216773049f,-1.7332381934395458f,0.3068034373792876f,-0.6808279969232417f,-2.1702519169138945f,-0.498140557994083f,0f,0f,0f,1f],start_interpolation:0}
execute if entity @s[tag=aj.mech_torso.bone.blaster_left] run data modify entity @s {} merge value {transformation:[-0.9886725963132463f,-0.10562312662877704f,-0.10663138571914921f,1.3336514969422126f,-0.06824483240311825f,0.9491305226394566f,-0.30739859115555823f,-0.5483045018580117f,0.13367550317651683f,-0.29663952217348427f,-0.9455875706327742f,-0.40242374768925065f,0f,0f,0f,1f],start_interpolation:0}
execute if entity @s[tag=aj.mech_torso.bone.sword_left] run data modify entity @s {} merge value {transformation:[-2.633871582420644f,-0.2813851144568491f,-0.28407116540612326f,1.2355456774537126f,-0.18180753202213987f,2.5285295869534403f,-0.8189247044369797f,-0.3910509715089805f,0.3561180014448944f,-0.7902620246470672f,-2.519090991564958f,0.8224619020032099f,0f,0f,0f,1f],start_interpolation:0}
execute if entity @s[tag=aj.mech_torso.bone.rocket_left] run data modify entity @s {} merge value {transformation:[-2.278193732268547f,-0.2433868865846939f,-0.245710213385451f,1.1196953788464326f,-0.1572562545176902f,2.187077113136538f,-0.7083371646895433f,-0.10361490754849306f,0.30802784929025817f,-0.6835450913465498f,-2.1789131050660697f,-0.5889559345692104f,0f,0f,0f,1f],start_interpolation:0}
execute if entity @s[tag=aj.mech_torso.bone.drillhead_left1] run data modify entity @s {} merge value {transformation:[-0.10663138571914943f,-0.10562312662877704f,0.9886725963132463f,1.1660555752719686f,-0.30739859115555823f,0.9491305226394566f,0.06824483240311818f,-1.5368006350846768f,-0.9455875706327742f,-0.29663952217348427f,-0.13367550317651705f,-0.263942862203898f,0f,0f,0f,1f],start_interpolation:0}
execute if entity @s[tag=aj.mech_torso.bone.drillhead_left2] run data modify entity @s {} merge value {transformation:[-0.8726083114037523f,-0.10562312662877704f,-0.47686317743169643f,1.014459789155909f,0.05458634411069803f,0.9491305226394566f,-0.3101154333966309f,-1.4457583180782616f,0.4853607585144485f,-0.29663952217348427f,-0.8224536023259709f,0.08133500935372676f,0f,0f,0f,1f],start_interpolation:0}
execute if entity @s[tag=aj.mech_torso.bone.drillhead_left3] run data modify entity @s {} merge value {transformation:[0.9542204407734521f,-0.10562312662877704f,-0.27983406785321946f,1.3896217603848777f,0.18068635182450593f,0.9491305226394566f,0.2578830999862198f,-1.4198231105241699f,0.23836063574858524f,-0.29663952217348427f,0.9247644030834109f,0.030735267340716493f,0f,0f,0f,1f],start_interpolation:0}
execute if entity @s[tag=aj.mech_torso.bone.drill_left] run data modify entity @s {} merge value {transformation:[-0.1630186400741083f,-0.16147720811534358f,1.5114880205535877f,1.1400716563765911f,-0.4699526312343195f,1.4510358841348656f,0.10433306943739593f,-0.9636083420752859f,-1.4456193999160596f,-0.45350410829623455f,-0.20436383333190147f,-0.1629636394313099f,0f,0f,0f,1f],start_interpolation:0}
execute if entity @s[tag=aj.mech_torso.bone.left_hand] run data modify entity @s {} merge value {transformation:[-0.9886725963132463f,-0.10562312662877704f,-0.10663138571914921f,1.179171403768268f,-0.06824483240311825f,0.9491305226394566f,-0.30739859115555823f,-0.558967756920999f,0.13367550317651683f,-0.29663952217348427f,-0.9455875706327742f,-0.3815369503179199f,0f,0f,0f,1f],start_interpolation:0}
execute if entity @s[tag=aj.mech_torso.bone.left_arm_low] run data modify entity @s {} merge value {transformation:[-0.9886725963132463f,-0.10562312662877704f,-0.10663138571914921f,1.0084240090661896f,-0.06824483240311825f,0.9491305226394566f,-0.30739859115555823f,0.37629125771965155f,0.13367550317651683f,-0.29663952217348427f,-0.9455875706327742f,-0.6993713651251461f,0f,0f,0f,1f],start_interpolation:0}
execute if entity @s[tag=aj.mech_torso.bone.left_arm] run data modify entity @s {} merge value {transformation:[-1.094158195083058f,-0.025681928350624657f,-0.16410442170400588f,0.9514212571850555f,-0.0755261579256753f,1.0507424501733433f,0.3391284143311098f,1.4422813926122338f,0.14793789959168266f,0.34648624863613325f,-1.0405929251654986f,-0.34297652637229287f,0f,0f,0f,1f],start_interpolation:0}
execute if entity @s[tag=aj.mech_torso.bone.drillhead_right1] run data modify entity @s {} merge value {transformation:[-0.5094812915119912f,-0.03874683048471815f,0.8596089208044911f,-1.2295001371174992f,-0.5796716015796733f,0.7537471215542217f,-0.3095902309033371f,-0.9870801106332178f,-0.6359321095221798f,-0.6560213105350419f,-0.4064804942461034f,1.6782389111017635f,0f,0f,0f,1f],start_interpolation:0}
execute if entity @s[tag=aj.mech_torso.bone.drillhead_right2] run data modify entity @s {} merge value {transformation:[-0.5992050385337774f,-0.03874683048471815f,-0.7996574297304584f,-1.2521506494308392f,0.5078547959341146f,0.7537471215542217f,-0.41707167608870777f,-0.7684331881933093f,0.6188996914221668f,-0.6560213105350419f,-0.43197130932671096f,1.9307949200698857f,0f,0f,0f,1f],start_interpolation:0}
execute if entity @s[tag=aj.mech_torso.bone.drillhead_right3] run data modify entity @s {} merge value {transformation:[0.9891451372569927f,-0.03874683048471815f,0.14174124512023173f,-0.9259090353971317f,-0.0641933596599582f,0.7537471215542217f,0.6540217804662872f,-0.8858306830380094f,-0.1321783265759268f,-0.6560213105350419f,0.7430780107818249f,1.776640092004293f,0f,0f,0f,1f],start_interpolation:0}
execute if entity @s[tag=aj.mech_torso.bone.drill_right] run data modify entity @s {} merge value {transformation:[-0.7788977581538612f,-0.05923636432370224f,1.3141747743408938f,-1.1444228463618076f,-0.8862050843828465f,1.1523326822290025f,-0.47330322195210583f,-0.4778518963567864f,-0.9722164536697684f,-1.0029289329947375f,-0.6214295813727867f,1.4704841515394627f,0f,0f,0f,1f],start_interpolation:0}
execute if entity @s[tag=aj.mech_torso.bone.barrel_right] run data modify entity @s {} merge value {transformation:[-1.9729192367913835f,-0.088929239073569f,-1.1693287685621163f,-1.347257720320743f,0.7105516325961895f,1.7299520279509502f,-1.3304250643512319f,-1.2940484499380274f,0.9329279478952754f,-1.5056580172392688f,-1.4595505721316133f,1.5079728812474678f,0f,0f,0f,1f],start_interpolation:0}
execute if entity @s[tag=aj.mech_torso.bone.rocket_right] run data modify entity @s {} merge value {transformation:[-1.9807928963355688f,-0.08928414389629631f,-1.1739954049084946f,-1.0631406443742002f,0.7133873501153345f,1.7368560375230861f,-1.3357346146918676f,0.084483856356313f,0.936651139855697f,-1.5116668991015572f,-1.465375445283124f,0.6716460050775719f,0f,0f,0f,1f],start_interpolation:0}
execute if entity @s[tag=aj.mech_torso.bone.sword_right] run data modify entity @s {} merge value {transformation:[-2.2900397127876704f,-0.10322342917476258f,-1.3572827855170337f,-0.5289463144326815f,0.8247633386543168f,2.008018762931322f,-1.5442731640689933f,0.33200388544605275f,1.0828836832288409f,-1.7476724789620275f,-1.6941538764857145f,1.9972162012592043f,0f,0f,0f,1f],start_interpolation:0}
execute if entity @s[tag=aj.mech_torso.bone.right_hand] run data modify entity @s {} merge value {transformation:[-0.8596089208044912f,-0.03874683048471815f,-0.509481291511991f,-1.2268268786134644f,0.309590230903337f,0.7537471215542217f,-0.5796716015796735f,-0.17876267159623405f,0.4064804942461032f,-0.6560213105350419f,-0.6359321095221799f,1.141022540751755f,0f,0f,0f,1f],start_interpolation:0}
execute if entity @s[tag=aj.mech_torso.bone.right_arm_low] run data modify entity @s {} merge value {transformation:[-0.8897666274868877f,-0.12563102895464956f,-0.4387849053629876f,-1.3105595216427768f,0.27996134368762204f,0.6090433750817049f,-0.7420834274592762f,0.38959301239689204f,0.36046774425908235f,-0.7831238802596189f,-0.5067346381646778f,0.31953396903329734f,0f,0f,0f,1f],start_interpolation:0}
execute if entity @s[tag=aj.mech_torso.bone.right_arm] run data modify entity @s {} merge value {transformation:[-0.9899575128971689f,0.27094081347115695f,-0.41394103056844633f,-1.0071833970135653f,0.3403438438565797f,1.0450131865089947f,-0.1299441668766752f,1.4422813926122338f,0.35905733405879314f,-0.24353745944296296f,-1.0181057485549756f,0.06182936359412172f,0f,0f,0f,1f],start_interpolation:0}
execute if entity @s[tag=aj.mech_torso.bone.torso] run data modify entity @s {} merge value {transformation:[-1.2923979303946849f,0.008152463649541527f,-0.26698934297986154f,0f,0f,1.3190981139232574f,0.0402783845374281f,0.20333875f,0.26711378086571136f,0.039444715709304225f,-1.2917958526373572f,-0.005674375000000009f,0f,0f,0f,1f],start_interpolation:0}