execute if entity @s[tag=aj.mech_torso.bone.barrel_left] run data modify entity @s {} merge value {transformation:[-1.9719224578567944f,0.1383915432157672f,1.1661981368605734f,1.569321674519806f,-0.754346960433364f,1.5975258697237753f,-1.4651007652373047f,-1.3005290541536352f,-0.9000727620229704f,-1.642074106056225f,-1.3270682524778776f,1.2082063232185396f,0f,0f,0f,1f],start_interpolation:0}
execute if entity @s[tag=aj.mech_torso.bone.blaster_left] run data modify entity @s {} merge value {transformation:[-0.8591746201761309f,0.060297757198437635f,0.5081172625704027f,1.6089239631190524f,-0.3286720330350951f,0.696048506812607f,-0.638350351190095f,-0.1656465609818807f,-0.3921653563814358f,-0.7154583542322912f,-0.5782090250190177f,0.8107224174743347f,0f,0f,0f,1f],start_interpolation:0}
execute if entity @s[tag=aj.mech_torso.bone.sword_left] run data modify entity @s {} merge value {transformation:[-2.2888827149225213f,0.1606361395682358f,1.353648946488577f,0.7740789780510936f,-0.8755981818204235f,1.8543068644932812f,-1.7005961891707206f,0.3739177236285697f,-1.0447474640590368f,-1.9060156361619451f,-1.5403767894202058f,1.5500481326546995f,0f,0f,0f,1f],start_interpolation:0}
execute if entity @s[tag=aj.mech_torso.bone.rocket_left] run data modify entity @s {} merge value {transformation:[-1.9797921393881825f,0.13894384554763936f,1.170852279270192f,1.536584136226401f,-0.757357459309285f,1.6039013840259675f,-1.470947788474893f,0.09112579031330825f,-0.9036648332851924f,-1.648627406473345f,-1.3323644062266244f,0.35557933935990116f,0f,0f,0f,1f],start_interpolation:0}
execute if entity @s[tag=aj.mech_torso.bone.drillhead_left1] run data modify entity @s {} merge value {transformation:[0.5081172625704025f,0.060297757198437635f,0.859174620176131f,1.4316573376880024f,-0.6383503511900951f,0.696048506812607f,0.32867203303509496f,-1.0394647219287634f,-0.5782090250190178f,-0.7154583542322912f,0.3921653563814357f,1.2896883026029844f,0f,0f,0f,1f],start_interpolation:0}
execute if entity @s[tag=aj.mech_torso.bone.drillhead_left2] run data modify entity @s {} merge value {transformation:[-0.9882219045182816f,0.060297757198437635f,0.14064724635448406f,1.0966661704819713f,-0.059367260785111675f,0.696048506812607f,-0.7155361657602032f,-0.8858919484414761f,-0.14104253180205317f,-0.7154583542322912f,-0.6842706683631036f,1.4108622089474185f,0f,0f,0f,1f],start_interpolation:0}
execute if entity @s[tag=aj.mech_torso.bone.drillhead_left3] run data modify entity @s {} merge value {transformation:[0.5993257883494911f,0.060297757198437635f,-0.7982310316544323f,1.4226107029588444f,0.5479394676748839f,0.696048506812607f,0.4639814823116385f,-0.7610955924807785f,0.5835845604395529f,-0.7154583542322912f,0.38412029909365064f,1.5597430499795202f,0f,0f,0f,1f],start_interpolation:0}
execute if entity @s[tag=aj.mech_torso.bone.drill_left] run data modify entity @s {} merge value {transformation:[0.7768124233194702f,0.09218353781782294f,1.313510813187795f,1.3261209257874733f,-0.9759134746304864f,1.0641227274778589f,0.5024755844108988f,-0.5080927110735812f,-0.8839690894146267f,-1.0937966073497456f,0.5995445210649526f,1.0753819236004842f,0f,0f,0f,1f],start_interpolation:0}
execute if entity @s[tag=aj.mech_torso.bone.left_hand] run data modify entity @s {} merge value {transformation:[-0.8591746201761309f,0.060297757198437635f,0.5081172625704027f,1.474677928716532f,-0.3286720330350951f,0.696048506812607f,-0.638350351190095f,-0.21700156614361432f,-0.3921653563814358f,-0.7154583542322912f,-0.5782090250190177f,0.7494465805397353f,0f,0f,0f,1f],start_interpolation:0}
execute if entity @s[tag=aj.mech_torso.bone.left_arm_low] run data modify entity @s {} merge value {transformation:[-0.8591746201761309f,0.060297757198437635f,0.5081172625704027f,1.4971559366092864f,-0.3286720330350951f,0.696048506812607f,-0.638350351190095f,0.43855649012960873f,-0.3921653563814358f,-0.7154583542322912f,-0.5782090250190177f,-0.008591140498239974f,0f,0f,0f,1f],start_interpolation:0}
execute if entity @s[tag=aj.mech_torso.bone.left_arm] run data modify entity @s {} merge value {transformation:[-0.9508435402969732f,-0.45912648148062174f,0.3314685722851726f,1.003585834992854f,-0.36373942170641377f,0.9916840119455345f,0.33019453672391474f,1.4363729508745458f,-0.43400711227608946f,0.17475031613379494f,-1.0029317683865322f,0.15679455403666223f,0f,0f,0f,1f],start_interpolation:0}
execute if entity @s[tag=aj.mech_torso.bone.drillhead_right1] run data modify entity @s {} merge value {transformation:[-0.2759787529454018f,0.5636220206728255f,0.778566596853077f,-2.6120810905841116f,-0.6399388850531235f,-0.7121346074275289f,0.2886910533788756f,1.8432899824259579f,0.7171568526617217f,-0.4185624430317664f,0.5572176683878691f,1.164915333971295f,0f,0f,0f,1f],start_interpolation:0}
execute if entity @s[tag=aj.mech_torso.bone.drillhead_right2] run data modify entity @s {} merge value {transformation:[-0.6136892470925408f,0.5636220206728255f,-0.5529156588627884f,-2.683750871292853f,-0.021821746399848546f,-0.7121346074275289f,-0.7017037211587953f,1.9649932100135827f,-0.7892460448979465f,-0.4185624430317664f,0.4493285678612351f,0.8613435516951388f,0f,0f,0f,1f],start_interpolation:0}
execute if entity @s[tag=aj.mech_torso.bone.drillhead_right3] run data modify entity @s {} merge value {transformation:[0.8249142399665079f,0.5636220206728255f,-0.04297341635429691f,-2.388290818503808f,0.5116097644718844f,-0.7121346074275289f,0.48074915475855234f,2.074619139681804f,0.2403579530564811f,-0.4185624430317664f,-0.8758045076875194f,1.0726844760078134f,0f,0f,0f,1f],start_interpolation:0}
execute if entity @s[tag=aj.mech_torso.bone.drill_right] run data modify entity @s {} merge value {transformation:[-0.4219178123878421f,0.8616683981572276f,1.190276830504717f,-2.2638770139372015f,-0.9783420338048425f,-1.0887152452309965f,0.4413524461488308f,1.607312455331738f,1.0963932809488588f,-0.6399005301201975f,0.8518773896937447f,0.8005225686050619f,0f,0f,0f,1f],start_interpolation:0}
execute if entity @s[tag=aj.mech_torso.bone.barrel_right] run data modify entity @s {} merge value {transformation:[-1.786916095073885f,1.2935890961019427f,-0.6334087251236385f,-2.723446137009743f,-0.6625851813726039f,-1.634445655663688f,-1.4687466662288047f,1.7219051109991668f,-1.2788902376834488f,-0.9606576614897491f,1.6459723906644717f,1.4965031354403542f,0f,0f,0f,1f],start_interpolation:0}
execute if entity @s[tag=aj.mech_torso.bone.rocket_right] run data modify entity @s {} merge value {transformation:[-1.7940474406983102f,1.2987516389687972f,-0.6359365755094714f,-1.5985308576369375f,-0.6652294711336154f,-1.6409685119449708f,-1.474608239774689f,0.9081749522466026f,-1.2839941193518531f,-0.964491519066902f,1.6525412486194975f,0.6287904415630351f,0f,0f,0f,1f],start_interpolation:0}
execute if entity @s[tag=aj.mech_torso.bone.sword_right] run data modify entity @s {} merge value {transformation:[-2.0741390447354457f,1.5015163048034066f,-0.7352207368196091f,-1.7694703761837562f,-0.7690869196022384f,-1.897161014026296f,-1.704828120160965f,2.1696563676729133f,-1.4844548007725886f,-1.1150705787547055f,1.910540518072039f,-0.06634293519302292f,0f,0f,0f,1f],start_interpolation:0}
execute if entity @s[tag=aj.mech_torso.bone.right_hand] run data modify entity @s {} merge value {transformation:[-0.7785665968530772f,0.5636220206728255f,-0.27597875294540164f,-2.057734845127532f,-0.28869105337887574f,-0.7121346074275289f,-0.6399388850531234f,1.2320656729314683f,-0.557217668387869f,-0.4185624430317664f,0.7171568526617218f,0.6539449426905934f,0f,0f,0f,1f],start_interpolation:0}
execute if entity @s[tag=aj.mech_torso.bone.right_arm_low] run data modify entity @s {} merge value {transformation:[-0.7062970181262362f,0.6674633735276635f,-0.2358753212717641f,-1.3534990117567212f,-0.22509080328846318f,-0.5276483411745587f,-0.8190978930083332f,0.692888697805928f,-0.6711770649098057f,-0.5254330338442831f,0.5229163169038152f,0.1868016103064175f,0f,0f,0f,1f],start_interpolation:0}
execute if entity @s[tag=aj.mech_torso.bone.right_arm] run data modify entity @s {} merge value {transformation:[-0.7816547898943667f,0.44333094555279823f,0.645945385218041f,-0.8807631451650655f,-0.24910667896965638f,0.7244667574771212f,-0.7986649850452457f,1.4363729508745458f,-0.7427877425361367f,-0.7094910630584969f,-0.4118989918805607f,-0.5134508644316843f,0f,0f,0f,1f],start_interpolation:0}
execute if entity @s[tag=aj.mech_torso.bone.torso] run data modify entity @s {} merge value {transformation:[-1.2433998443110332f,0.0027788194916631382f,0.44225703809704503f,0f,0f,1.3196868666635468f,-0.00829194624862437f,0.20333875f,-0.442265768044666f,-0.0078124602285598085f,-1.2433753006626274f,-0.005674375000000009f,0f,0f,0f,1f],start_interpolation:0}