execute if entity @s[tag=aj.mech_torso.bone.barrel_left] run data modify entity @s {} merge value {transformation:[-2.2709891162378204f,-0.3151240112830701f,-0.10466033103771867f,1.3197998489836276f,-0.2439246077254789f,2.074073395323925f,-0.952034048764094f,-1.7072679340074095f,0.2252947250293016f,-0.9308946781312316f,-2.0857434834014508f,-0.13548712503954094f,0f,0f,0f,1f],start_interpolation:0}
execute if entity @s[tag=aj.mech_torso.bone.blaster_left] run data modify entity @s {} merge value {transformation:[-0.9894791773345964f,-0.13730081100489844f,-0.045600931116009616f,1.4421128592868997f,-0.10627894183117507f,0.9036821983262101f,-0.4148050999584675f,-0.5107518627823939f,0.09816182630990318f,-0.40559459035557366f,-0.9087669030779009f,-0.16563490616035928f,0f,0f,0f,1f],start_interpolation:0}
execute if entity @s[tag=aj.mech_torso.bone.sword_left] run data modify entity @s {} merge value {transformation:[-2.63602035324627f,-0.3657759967229147f,-0.12148308453805357f,1.2772597459661388f,-0.2831322378537723f,2.407453054313943f,-1.1050608352025222f,-0.22527699437523396f,0.26150784977785374f,-1.080523592445782f,-2.420998953533177f,1.0285283280683757f,0f,0f,0f,1f],start_interpolation:0}
execute if entity @s[tag=aj.mech_torso.bone.rocket_left] run data modify entity @s {} merge value {transformation:[-2.2800523332192144f,-0.3163816295032037f,-0.10507801656635335f,1.2160062741311692f,-0.24489807854976f,2.082350747726344f,-0.9558334906442552f,-0.10144216702781422f,0.22619384645753932f,-0.9346097555811426f,-2.094067409580768f,-0.4098923474195926f,0f,0f,0f,1f],start_interpolation:0}
execute if entity @s[tag=aj.mech_torso.bone.drillhead_left1] run data modify entity @s {} merge value {transformation:[-0.04560093111600984f,-0.13730081100489844f,0.9894791773345964f,1.3164186991589644f,-0.4148050999584675f,0.9036821983262101f,0.10627894183117498f,-1.4856092147184472f,-0.9087669030779009f,-0.40559459035557366f,-0.09816182630990339f,0.07570318759057423f,0f,0f,0f,1f],start_interpolation:0}
execute if entity @s[tag=aj.mech_torso.bone.drillhead_left2] run data modify entity @s {} merge value {transformation:[-0.896708838947021f,-0.13730081100489844f,-0.4207870547577274f,1.1440224798004286f,0.06055010031987032f,0.9036821983262101f,-0.42390113208101027f,-1.3654496587546676f,0.4384597398912917f,-0.40559459035557366f,-0.8020262369578414f,0.4017829617300895f,0f,0f,0f,1f],start_interpolation:0}
execute if entity @s[tag=aj.mech_torso.bone.drillhead_left3] run data modify entity @s {} merge value {transformation:[0.9316102806240583f,-0.13730081100489844f,-0.3365275209146502f,1.519482571214171f,0.2569279785094307f,0.9036821983262101f,0.3425587515848428f,-1.3250685881598656f,0.25708033548799636f,-0.40559459035557366f,0.8771560461968405f,0.3646539645410454f,0f,0f,0f,1f],start_interpolation:0}
execute if entity @s[tag=aj.mech_torso.bone.drill_left] run data modify entity @s {} merge value {transformation:[-0.0697149504951994f,-0.20990622357701502f,1.5127211259880082f,1.2576510717461993f,-0.6341562836774632f,1.381554239746351f,0.1624798219491019f,-0.907025456877563f,-1.3893277639128865f,-0.6200752067062988f,-0.1500703317724728f,0.11046772942959304f,0f,0f,0f,1f],start_interpolation:0}
execute if entity @s[tag=aj.mech_torso.bone.left_hand] run data modify entity @s {} merge value {transformation:[-0.9894791773345964f,-0.13730081100489844f,-0.045600931116009616f,1.287506737828369f,-0.10627894183117507f,0.9036821983262101f,-0.4148050999584675f,-0.527357947443515f,0.09816182630990318f,-0.40559459035557366f,-0.9087669030779009f,-0.1502971207994369f,0f,0f,0f,1f],start_interpolation:0}
execute if entity @s[tag=aj.mech_torso.bone.left_arm_low] run data modify entity @s {} merge value {transformation:[-0.9894791773345964f,-0.13730081100489844f,-0.045600931116009616f,1.086938449142683f,-0.10627894183117507f,0.9036821983262101f,-0.4148050999584675f,0.35671915764454454f,0.09816182630990318f,-0.40559459035557366f,-0.9087669030779009f,-0.578155562731826f,0f,0f,0f,1f],start_interpolation:0}
execute if entity @s[tag=aj.mech_torso.bone.left_arm] run data modify entity @s {} merge value {transformation:[-1.09505083359433f,-0.0883368918204705f,-0.13353742517320233f,0.9662191520940233f,-0.11761828496406745f,1.0700827046848724f,0.2566338300194414f,1.4411808883684234f,0.10863512056651638f,0.26812604724613126f,-1.0682129056989023f,-0.30252688422495033f,0f,0f,0f,1f],start_interpolation:0}
execute if entity @s[tag=aj.mech_torso.bone.drillhead_right1] run data modify entity @s {} merge value {transformation:[-0.4381609783851564f,-0.006328181595671084f,0.8988742465652549f,-1.3526880604149492f,-0.608109620270012f,0.7385048973852004f,-0.2912270699525312f,-0.9866892140999222f,-0.661980095437638f,-0.6742184146519337f,-0.32743225648767216f,1.5722146544499462f,0f,0f,0f,1f],start_interpolation:0}
execute if entity @s[tag=aj.mech_torso.bone.drillhead_right2] run data modify entity @s {} merge value {transformation:[-0.6627745715662654f,-0.006328181595671084f,-0.7487922418153421f,-1.4024629306941254f,0.501772205981536f,0.7385048973852004f,-0.45037225696361205f,-0.763684455092404f,0.5558367751323914f,-0.6742184146519337f,-0.4862869613249532f,1.8169500213569303f,0f,0f,0f,1f],start_interpolation:0}
execute if entity @s[tag=aj.mech_torso.bone.drillhead_right3] run data modify entity @s {} merge value {transformation:[0.9981284658400205f,-0.006328181595671084f,0.060823677934990494f,-1.061331507686174f,-0.03634525250321677f,0.7385048973852004f,0.6732678064177376f,-0.8741104204337447f,-0.04917914497350129f,-0.6742184146519337f,0.7368927608844509f,1.6927931369160518f,0f,0f,0f,1f],start_interpolation:0}
execute if entity @s[tag=aj.mech_torso.bone.drill_right] run data modify entity @s {} merge value {transformation:[-0.6698628771271934f,-0.009674558301112263f,1.3742038170511306f,-1.265580198955756f,-0.9296812813959042f,1.1290302873573552f,-0.445229522023392f,-0.4794698871685778f,-1.0120387556305779f,-1.030748764336289f,-0.5005802073097425f,1.3604262350366056f,0f,0f,0f,1f],start_interpolation:0}
execute if entity @s[tag=aj.mech_torso.bone.barrel_right] run data modify entity @s {} merge value {transformation:[-2.063038492952419f,-0.014524036340065218f,-1.0056389622601642f,-1.4470110118401096f,0.6684056838847275f,1.69496905308093f,-1.3956941800764313f,-1.3005913448873088f,0.7515015048540469f,-1.5474228429608448f,-1.5193342379923434f,1.4000067458587577f,0f,0f,0f,1f],start_interpolation:0}
execute if entity @s[tag=aj.mech_torso.bone.rocket_right] run data modify entity @s {} merge value {transformation:[-2.0712718065200204f,-0.014581999846739233f,-1.0096523342550978f,-1.1349830062425201f,0.6710732025008802f,1.7017334502306043f,-1.401264210819096f,0.06851534065660492f,0.754500647893367f,-1.553598402714717f,-1.5253976998415122f,0.5581624113957563f,0f,0f,0f,1f],start_interpolation:0}
execute if entity @s[tag=aj.mech_torso.bone.sword_right] run data modify entity @s {} merge value {transformation:[-2.394644438438424f,-0.016858581632978226f,-1.167282024198678f,-0.7195027764482189f,0.7758429903285907f,1.9674127410375477f,-1.620033420364292f,0.35968510078813776f,0.8722953571755552f,-1.7961504438561262f,-1.7635469699504809f,1.916971611166749f,0f,0f,0f,1f],start_interpolation:0}
execute if entity @s[tag=aj.mech_torso.bone.right_hand] run data modify entity @s {} merge value {transformation:[-0.898874246565255f,-0.006328181595671084f,-0.43816097838515616f,-1.3291524159369261f,0.2912270699525311f,0.7385048973852004f,-0.6081096202700121f,-0.1899234892809868f,0.327432256487672f,-0.6742184146519337f,-0.6619800954376381f,1.0185034388084935f,0f,0f,0f,1f],start_interpolation:0}
execute if entity @s[tag=aj.mech_torso.bone.right_arm_low] run data modify entity @s {} merge value {transformation:[-0.9230868385958074f,-0.04934963949847132f,-0.3814122461229696f,-1.3327282607145023f,0.2742909885285663f,0.6106881853755181f,-0.7428488364766946f,0.3804074831715991f,0.26958327474682053f,-0.790331926043816f,-0.5501820650045331f,0.19412936856160967f,0f,0f,0f,1f],start_interpolation:0}
execute if entity @s[tag=aj.mech_torso.bone.right_arm] run data modify entity @s {} merge value {transformation:[-1.02243443554378f,0.2883119663343867f,-0.31028376305681765f,-1.0107765879139667f,0.32699476692018864f,1.0525958454690825f,-0.09944036927760741f,1.4411808883684234f,0.2692103749024383f,-0.18354883465621594f,-1.0576424622126617f,-0.000057308911565273624f,0f,0f,0f,1f],start_interpolation:0}
execute if entity @s[tag=aj.mech_torso.bone.torso] run data modify entity @s {} merge value {transformation:[-1.3045334071417596f,0.004551015871392343f,-0.19953460933504763f,0f,0f,1.3193697853961823f,0.03009238774959162f,0.20333875f,0.1995865027198777f,0.029746261193805624f,-1.3041942226117542f,-0.005674375000000009f,0f,0f,0f,1f],start_interpolation:0}