execute if entity @s[tag=aj.mech_torso.bone.barrel_left] run data modify entity @s {} merge value {transformation:[-1.6888575897828042f,1.2695900924251058f,0.8964092436491967f,-0.9276603168768794f,1.2472894868269362f,0.31746409738224096f,1.900298391404617f,1.3153257115020043f,0.9271879372245473f,1.8854723645654388f,-0.923561034786547f,-3.4990387522461672f,0f,0f,0f,1f],start_interpolation:0}
execute if entity @s[tag=aj.mech_torso.bone.blaster_left] run data modify entity @s {} merge value {transformation:[-0.735842108015889f,0.553165557343602f,0.39056914655343056f,-0.33258334400855527f,0.5434490929521322f,0.13832039601820556f,0.8279677236552594f,0.9348969275175357f,0.4039795482945115f,0.8215079635731531f,-0.4023992921783701f,-2.5250380301860273f,0f,0f,0f,1f],start_interpolation:0}
execute if entity @s[tag=aj.mech_torso.bone.sword_left] run data modify entity @s {} merge value {transformation:[-1.9603189414562159f,1.4736597810986274f,1.0404950839270892f,-1.0964076333822628f,1.4477746503306397f,0.3684922204783072f,2.205746034257588f,0.05223414044363184f,1.0762210423347462f,2.1885369211771195f,-1.0720111636623f,-2.110095698379613f,0f,0f,0f,1f],start_interpolation:0}
execute if entity @s[tag=aj.mech_torso.bone.rocket_left] run data modify entity @s {} merge value {transformation:[-1.6955975968913513f,1.2746568584447242f,0.8999866942944816f,-0.14656532305464753f,1.2522672540812554f,0.3187310545762693f,1.9078822307667476f,1.140719029028863f,0.9308882215621131f,1.8929970352167838f,-0.9272468446365292f,-2.0763121997395815f,0f,0f,0f,1f],start_interpolation:0}
execute if entity @s[tag=aj.mech_torso.bone.drillhead_left1] run data modify entity @s {} merge value {transformation:[0.3905691465534304f,0.553165557343602f,0.7358421080158891f,-0.975173873311304f,0.8279677236552595f,0.13832039601820556f,-0.543449092952132f,1.0966246367996593f,-0.40239929217837f,0.8215079635731531f,-0.4039795482945116f,-3.2900945730050175f,0f,0f,0f,1f],start_interpolation:0}
execute if entity @s[tag=aj.mech_torso.bone.drillhead_left2] run data modify entity @s {} merge value {transformation:[-0.8292938043348099f,0.553165557343602f,0.0792442569568319f,-1.2469860624438383f,0.18523196356439364f,0.13832039601820556f,0.9729113976716721f,0.9196711702502233f,0.5272199785345555f,0.8215079635731531f,-0.21717218979398295f,-3.077274463624998f,0f,0f,0f,1f],start_interpolation:0}
execute if entity @s[tag=aj.mech_torso.bone.drillhead_left3] run data modify entity @s {} merge value {transformation:[0.530365121176869f,0.553165557343602f,-0.6424334241053992f,-0.9678243079541662f,-0.8189310243162035f,0.13832039601820556f,-0.5569734692584389f,0.7133538140595602f,-0.21923689391035295f,0.8215079635731531f,0.5263647500872675f,-3.2305106763940614f,0f,0f,0f,1f],start_interpolation:0}
execute if entity @s[tag=aj.mech_torso.bone.drill_left] run data modify entity @s {} merge value {transformation:[0.5971042268337615f,0.8456825003803343f,1.1249594005461097f,-0.7943653243370983f,1.2658015407493306f,0.2114649706681111f,-0.8308279169878061f,0.9454994996262656f,-0.6151902175451247f,1.2559258245454392f,-0.6176061216552026f,-2.7572805024602856f,0f,0f,0f,1f],start_interpolation:0}
execute if entity @s[tag=aj.mech_torso.bone.left_hand] run data modify entity @s {} merge value {transformation:[-0.735842108015889f,0.553165557343602f,0.39056914655343056f,-0.44755867338603794f,0.5434490929521322f,0.13832039601820556f,0.8279677236552594f,1.0198108482913064f,0.4039795482945115f,0.8215079635731531f,-0.4023992921783701f,-2.46191622576501f,0f,0f,0f,1f],start_interpolation:0}
execute if entity @s[tag=aj.mech_torso.bone.left_arm_low] run data modify entity @s {} merge value {transformation:[-0.735842108015889f,0.553165557343602f,0.39056914655343056f,0.07182203803636567f,0.5434490929521322f,0.13832039601820556f,0.8279677236552594f,1.217970803983247f,0.4039795482945115f,0.8215079635731531f,-0.4023992921783701f,-1.6277345183040237f,0f,0f,0f,1f],start_interpolation:0}
execute if entity @s[tag=aj.mech_torso.bone.left_arm] run data modify entity @s {} merge value {transformation:[-0.8143521685288877f,0.6386101334952824f,0.3921474487274703f,0.6980003588301997f,0.6014319410504159f,0.21144668059046776f,0.9046225180071686f,1.4498978092508286f,0.44708180955017085f,0.8787715159234728f,-0.5026434689767034f,-0.7218028777839315f,0f,0f,0f,1f],start_interpolation:0}
execute if entity @s[tag=aj.mech_torso.bone.drillhead_right1] run data modify entity @s {} merge value {transformation:[-0.8273498240673002f,-0.0314711451472901f,0.5608046323265578f,0.22634596483053512f,0.04225595588207795f,0.9921123371940528f,0.11801501845039201f,-1.1992597047426894f,-0.5600952622619653f,0.12133704055428696f,-0.8194941243115951f,1.29493860156651f,0f,0f,0f,1f],start_interpolation:0}
execute if entity @s[tag=aj.mech_torso.bone.drillhead_right2] run data modify entity @s {} merge value {transformation:[-0.2015028511032967f,-0.0314711451472901f,-0.978982210267562f,0.34808658527633496f,-0.12520231431008047f,0.9921123371940528f,-0.006122979565073683f,-1.2333160837260826f,0.9714530258785768f,0.12133704055428696f,-0.20385372476578628f,1.6049764128902542f,0f,0f,0f,1f],start_interpolation:0}
execute if entity @s[tag=aj.mech_torso.bone.drillhead_right3] run data modify entity @s {} merge value {transformation:[0.8347289919847519f,-0.0314711451472901f,0.5497609270976234f,0.5609893554724048f,0.09286100584043766f,0.9921123371940528f,-0.08420180509737717f,-1.1885412208056652f,-0.5427746710509088f,0.12133704055428696f,0.8310673733549558f,1.2940952529072798f,0f,0f,0f,1f],start_interpolation:0}
execute if entity @s[tag=aj.mech_torso.bone.drill_right] run data modify entity @s {} merge value {transformation:[-1.2648568925123023f,-0.04811325716987999f,0.8573611595926f,0.38081664864238607f,0.06460113423894846f,1.5167467150440943f,0.18042199945497592f,-0.6952423584467715f,-0.8562766707954298f,0.1855007248416969f,-1.2528470561740732f,1.4733170818095065f,0f,0f,0f,1f],start_interpolation:0}
execute if entity @s[tag=aj.mech_torso.bone.barrel_right] run data modify entity @s {} merge value {transformation:[-1.2871228071520084f,-0.07223055294357997f,-1.8988802279188897f,-0.021129892855119792f,-0.27086049771698917f,2.2770325757861536f,0.09698315851670962f,-1.2914005846192542f,1.880850329913663f,0.2784849896867639f,-1.2854947064976683f,1.035414635856043f,0f,0f,0f,1f],start_interpolation:0}
execute if entity @s[tag=aj.mech_torso.bone.rocket_right] run data modify entity @s {} merge value {transformation:[-1.2922595439155227f,-0.07251881552015199f,-1.9064584075782527f,0.35838922573609583f,-0.2719414661130704f,2.2861199114147106f,0.09737020546594116f,0.27403333518681483f,1.8883565546364718f,0.2795963864211409f,-1.2906249457269616f,1.3284988515519023f,0f,0f,0f,1f],start_interpolation:0}
execute if entity @s[tag=aj.mech_torso.bone.sword_right] run data modify entity @s {} merge value {transformation:[-1.4940106460751796f,-0.08384065177772963f,-2.2040999198901177f,1.334225688075367f,-0.3143977132110694f,2.6430352183812547f,0.11257190884105671f,-0.495772806763205f,2.1831719560487644f,0.32324774066024725f,-1.4921208499368854f,2.0761002122599126f,0f,0f,0f,1f],start_interpolation:0}
execute if entity @s[tag=aj.mech_torso.bone.right_hand] run data modify entity @s {} merge value {transformation:[-0.560804632326558f,-0.0314711451472901f,-0.8273498240673001f,0.28563300423230764f,-0.118015018450392f,0.9921123371940528f,0.04225595588207798f,-0.2541675852654395f,0.819494124311595f,0.12133704055428696f,-0.5600952622619655f,1.5077098162440303f,0f,0f,0f,1f],start_interpolation:0}
execute if entity @s[tag=aj.mech_torso.bone.right_arm_low] run data modify entity @s {} merge value {transformation:[-0.5850122028463128f,-0.5563628438365162f,-0.5901026254127741f,-0.2526072839704633f,-0.05015591897744886f,0.7510273946770769f,-0.658363301100608f,0.479420701188334f,0.8094721158337896f,-0.3555534255814543f,-0.4672650802754914f,1.086962349664355f,0f,0f,0f,1f],start_interpolation:0}
execute if entity @s[tag=aj.mech_torso.bone.right_arm] run data modify entity @s {} merge value {transformation:[-0.7103042227599943f,-0.4484132335342499f,-0.7205313745109971f,-0.688380684870695f,-0.03367625425867311f,0.9537501968273028f,-0.5603556464291355f,1.4498978092508286f,0.8480010610621036f,-0.3377249066581669f,-0.6257859589302935f,0.7197059156914386f,0f,0f,0f,1f],start_interpolation:0}
execute if entity @s[tag=aj.mech_torso.bone.torso] run data modify entity @s {} merge value {transformation:[-0.9148124853969426f,0.13895255336525547f,-0.9409848494486958f,0f,9.15734791236596e-18f,1.305555475912223f,0.1927876596996002f,0.20333875f,0.9511888871190141f,0.1336385784334923f,-0.9049986816523032f,-0.005674375000000009f,0f,0f,0f,1f],start_interpolation:0}