execute if entity @s[tag=aj.mech_torso.bone.barrel_left] run data modify entity @s {} merge value {transformation:[-1.257712168075119f,0.5073493224603002f,1.8515953285546904f,1.6083664400140245f,-0.9714185830509985f,1.7410961343527902f,-1.1369163033819403f,-1.0879982941946933f,-1.6559452081000954f,-1.4067087151900144f,-0.739367670262561f,1.4320487725596607f,0f,0f,0f,1f],start_interpolation:0}
execute if entity @s[tag=aj.mech_torso.bone.blaster_left] run data modify entity @s {} merge value {transformation:[-0.5479902974842603f,0.22105415944966225f,0.8067476014548262f,1.6012014384937787f,-0.4232510202414302f,0.758602653954522f,-0.495359048850169f,0.07014048381660318f,-0.7215020497044344f,-0.6129086979340065f,-0.3221454954972066f,1.1061909760971251f,0f,0f,0f,1f],start_interpolation:0}
execute if entity @s[tag=aj.mech_torso.bone.sword_left] run data modify entity @s {} merge value {transformation:[-1.4598726386957814f,0.5888989650582737f,2.149214603076394f,0.45420490210964637f,-1.1275611750558152f,2.020954135929788f,-1.319660448490878f,0.4022816281482171f,-1.9221163330116826f,-1.6328183952165936f,-0.8582111703701742f,1.4360083273874338f,0f,0f,0f,1f],start_interpolation:0}
execute if entity @s[tag=aj.mech_torso.bone.rocket_left] run data modify entity @s {} merge value {transformation:[-1.2627315308707843f,0.5093740864549593f,1.8589848004391827f,1.6765267593276207f,-0.9752953860418182f,1.7480446185785743f,-1.1414535858698038f,0.35234889832800514f,-1.6625538662495338f,-1.4123227034844656f,-0.7423183887740256f,0.6668678383952285f,0f,0f,0f,1f],start_interpolation:0}
execute if entity @s[tag=aj.mech_torso.bone.drillhead_left1] run data modify entity @s {} merge value {transformation:[0.806747601454826f,0.22105415944966225f,0.5479902974842605f,1.404643570458848f,-0.4953590488501691f,0.758602653954522f,0.4232510202414301f,-0.8603506636790954f,-0.3221454954972068f,-0.6129086979340065f,0.7215020497044343f,1.4525162321138878f,0f,0f,0f,1f],start_interpolation:0}
execute if entity @s[tag=aj.mech_torso.bone.drillhead_left2] run data modify entity @s {} merge value {transformation:[-0.815005961037516f,0.22105415944966225f,0.5356307889426432f,1.0276914159965147f,-0.20146725364848872f,0.758602653954522f,-0.6196232396549466f,-0.7731065882584938f,-0.5433012324490444f,-0.6129086979340065f,-0.5737305106199169f,1.4245459087046752f,0f,0f,0f,1f],start_interpolation:0}
execute if entity @s[tag=aj.mech_torso.bone.drillhead_left3] run data modify entity @s {} merge value {transformation:[0.19754807868344332f,0.22105415944966225f,-0.9550444048307302f,1.2355194022251128f,0.5805986557826666f,0.758602653954522f,0.2956809332989134f,-0.6124411791428586f,0.7898607203246918f,-0.6129086979340065f,0.021516748941235675f,1.698359034746751f,0f,0f,0f,1f],start_interpolation:0}
execute if entity @s[tag=aj.mech_torso.bone.drill_left] run data modify entity @s {} merge value {transformation:[1.2333601029869794f,0.3379487963433407f,0.8377705350747155f,1.3019065320665892f,-0.7573075970769865f,1.1597558464633821f,0.6470684523547913f,-0.3351079730550917f,-0.492497778470897f,-0.9370181373236229f,1.1030362417242419f,1.2223280718477134f,0f,0f,0f,1f],start_interpolation:0}
execute if entity @s[tag=aj.mech_torso.bone.left_hand] run data modify entity @s {} merge value {transformation:[-0.5479902974842603f,0.22105415944966225f,0.8067476014548262f,1.515577954511863f,-0.4232510202414302f,0.758602653954522f,-0.495359048850169f,0.0040075119038797125f,-0.7215020497044344f,-0.6129086979340065f,-0.3221454954972066f,0.9934562808308072f,0f,0f,0f,1f],start_interpolation:0}
execute if entity @s[tag=aj.mech_torso.bone.left_arm_low] run data modify entity @s {} merge value {transformation:[-0.5479902974842603f,0.22105415944966225f,0.8067476014548262f,1.7275935829142224f,-0.4232510202414302f,0.758602653954522f,-0.495359048850169f,0.7206770068167445f,-0.7215020497044344f,-0.6129086979340065f,-0.3221454954972066f,0.32538665805598577f,0f,0f,0f,1f],start_interpolation:0}
execute if entity @s[tag=aj.mech_torso.bone.left_arm] run data modify entity @s {} merge value {transformation:[-0.6064576656157623f,-0.8188605268928436f,0.43179684557287196f,0.8780635834594422f,-0.4684094351369061f,0.7166814053518472f,0.701236296002748f,1.4359864482292393f,-0.798482109645941f,0.20151223102755741f,-0.7393180099630278f,0.507685164776436f,0f,0f,0f,1f],start_interpolation:0}
execute if entity @s[tag=aj.mech_torso.bone.drillhead_right1] run data modify entity @s {} merge value {transformation:[-0.8226749888538226f,-0.5471002897124304f,0.15455463665298821f,-1.1993012225506519f,0.5554826993741118f,-0.7156778416171543f,0.42337241019492666f,2.775193076816138f,-0.12101583950216019f,0.4341503196069145f,0.89267500613314f,-1.8571019870387304f,0f,0f,0f,1f],start_interpolation:0}
execute if entity @s[tag=aj.mech_torso.bone.drillhead_right2] run data modify entity @s {} merge value {transformation:[0.17203422299707832f,-0.5471002897124304f,-0.8191980829533025f,-1.001735349085393f,-0.603719130424976f,-0.7156778416171543f,0.35118148951378675f,2.541619536460746f,-0.7784134105195659f,0.4341503196069145f,-0.45341599255927434f,-1.993172509027012f,0f,0f,0f,1f],start_interpolation:0}
execute if entity @s[tag=aj.mech_torso.bone.drillhead_right3] run data modify entity @s {} merge value {transformation:[0.4576139539139074f,-0.5471002897124304f,0.7009070852686929f,-0.9429832240387532f,0.1785710783931552f,-0.7156778416171543f,-0.6752167037179373f,2.7021943971117537f,0.871034924182025f,0.4341503196069145f,-0.22980787810784098f,-1.6544345934219298f,0f,0f,0f,1f],start_interpolation:0}
execute if entity @s[tag=aj.mech_torso.bone.drill_right] run data modify entity @s {} merge value {transformation:[-1.2577099791159136f,-0.8364098863722662f,0.23628396568603693f,-1.3122565021280217f,0.8492249596677637f,-1.0941321608526142f,0.6472540339732258f,2.2906248502599746f,-0.18500967093336648f,0.6637313602626155f,1.3647263846992943f,-1.6078063826529052f,0f,0f,0f,1f],start_interpolation:0}
execute if entity @s[tag=aj.mech_torso.bone.barrel_right] run data modify entity @s {} merge value {transformation:[-0.35472388479008715f,-1.2556694793460472f,-1.8881508461055092f,-1.411402983676439f,-0.9716971894830747f,-1.642577859418189f,1.2749082481302518f,3.0765749273379535f,-2.048810394097223f,0.9964339555829489f,-0.27774778964232294f,-1.8927215569849185f,0f,0f,0f,1f],start_interpolation:0}
execute if entity @s[tag=aj.mech_torso.bone.rocket_right] run data modify entity @s {} merge value {transformation:[-0.3561395408640632f,-1.260680690041359f,-1.8956862062221647f,-1.9107483804691043f,-0.9755751043552892f,-1.6491331702483012f,1.279996238205394f,1.7859417942388023f,-2.056986925205483f,1.0004105916145816f,-0.2788562443088962f,-1.0178291255430023f,0f,0f,0f,1f],start_interpolation:0}
execute if entity @s[tag=aj.mech_torso.bone.sword_right] run data modify entity @s {} merge value {transformation:[-0.41174102218433273f,-1.457501614974584f,-2.1916459329310447f,-0.5144538647821459f,-1.1278845637591106f,-1.9066003611637774f,1.479832759463104f,1.5242972014475922f,-2.3781293622973148f,1.1565974353649346f,-0.32239204553266354f,-1.3105232055530172f,0f,0f,0f,1f],start_interpolation:0}
execute if entity @s[tag=aj.mech_torso.bone.right_hand] run data modify entity @s {} merge value {transformation:[-0.1545546366529884f,-0.5471002897124304f,-0.8226749888538226f,-1.6244197079727722f,-0.42337241019492655f,-0.7156778416171543f,0.5554826993741119f,2.003219943787766f,-0.89267500613314f,0.4341503196069145f,-0.12101583950216f,-1.4505095469108595f,0f,0f,0f,1f],start_interpolation:0}
execute if entity @s[tag=aj.mech_torso.bone.right_arm_low] run data modify entity @s {} merge value {transformation:[0.19172879886401856f,-0.05127803496529962f,-0.9801074588106439f,-1.7183091509549056f,-0.48104458980377657f,-0.8753643948511967f,-0.048304025166796855f,1.1564113350128427f,-0.8554742370794559f,0.4807366632127155f,-0.1924995852889746f,-0.9223213559209583f,0f,0f,0f,1f],start_interpolation:0}
execute if entity @s[tag=aj.mech_torso.bone.right_arm] run data modify entity @s {} merge value {transformation:[0.21218514328481597f,1.0715621497477548f,0.17749366955246626f,-0.6350138116927876f,-0.532369241442399f,0.2602378739081635f,-0.9346824157347946f,1.4359864482292393f,-0.946748347909451f,0.09382316742551806f,0.565364269758f,-0.8002126891400472f,0f,0f,0f,1f],start_interpolation:0}
execute if entity @s[tag=aj.mech_torso.bone.torso] run data modify entity @s {} merge value {transformation:[-0.9984138911493758f,0.0072299754687564334f,0.8629945607195467f,0f,-5.723342445228725e-19f,1.3196666056685094f,-0.011055871751920633f,0.20333875f,-0.8630248457470979f,-0.008364194815766599f,-0.9983788550871466f,-0.005674375000000009f,0f,0f,0f,1f],start_interpolation:0}