execute if entity @s[tag=aj.mech_torso.bone.barrel_left] run data modify entity @s {} merge value {transformation:[-2.2596299404608997f,-0.3692749333595435f,0.15923896889791123f,1.5381217575490491f,-0.39202375862269906f,1.8200902726812234f,-1.3421018088867989f,-1.5700653412121914f,0.08965711515935075f,-1.3485384370992881f,-1.8550078648937878f,0.510345176519934f,0f,0f,0f,1f],start_interpolation:0}
execute if entity @s[tag=aj.mech_torso.bone.blaster_left] run data modify entity @s {} merge value {transformation:[-0.9845299383344702f,-0.16089458758666503f,0.06938106520111317f,1.5792291430291088f,-0.170806343105778f,0.793020720711689f,-0.5847592065771555f,-0.3958494742153781f,0.03906396905020541f,-0.5875636716197065f,-0.8082344573914271f,0.2514101451942775f,0f,0f,0f,1f],start_interpolation:0}
execute if entity @s[tag=aj.mech_torso.bone.sword_left] run data modify entity @s {} merge value {transformation:[-2.622835341336715f,-0.428630957902609f,0.1848345111139169f,1.2828884827670795f,-0.4550363536737094f,2.1126455293107744f,-1.5578267896831937f,0.09932360876286717f,0.10406830164158466f,-1.5652980201056932f,-2.1531756591562026f,1.347623678415132f,0f,0f,0f,1f],start_interpolation:0}
execute if entity @s[tag=aj.mech_torso.bone.rocket_left] run data modify entity @s {} merge value {transformation:[-2.2686478244752357f,-0.3707486607424258f,0.15987447054637624f,1.349285362946085f,-0.3935882735562383f,1.827354012057642f,-1.347457959569376f,-0.06257505538088359f,0.09001492483919686f,-1.353920275513128f,-1.8624109557591357f,-0.08678259903844532f,0f,0f,0f,1f],start_interpolation:0}
execute if entity @s[tag=aj.mech_torso.bone.drillhead_left1] run data modify entity @s {} merge value {transformation:[0.06938106520111295f,-0.16089458758666503f,0.9845299383344702f,1.4994051894471798f,-0.5847592065771555f,0.793020720711689f,0.17080634310577786f,-1.3129606437549717f,-0.8082344573914271f,-0.5875636716197065f,-0.039063969050205594f,0.6720349104538184f,0f,0f,0f,1f],start_interpolation:0}
execute if entity @s[tag=aj.mech_torso.bone.drillhead_left2] run data modify entity @s {} merge value {transformation:[-0.9361380433441243f,-0.16089458758666503f,-0.31266354998488594f,1.2890486629636335f,0.06597317586150397f,0.793020720711689f,-0.6056118200536217f,-1.147552226956645f,0.3453883377744266f,-0.5875636716197065f,-0.731762138896369f,0.9528853721936105f,0f,0f,0f,1f],start_interpolation:0}
execute if entity @s[tag=aj.mech_torso.bone.drillhead_left3] run data modify entity @s {} merge value {transformation:[0.8830360749995084f,-0.16089458758666503f,-0.4408630421511646f,1.6626158365389032f,0.381582144698561f,0.793020720711689f,0.47488230475472515f,-1.0826643818920891f,0.27320753484614796f,-0.5875636716197065f,0.7616604064122415f,0.9381677661068548f,0f,0f,0f,1f],start_interpolation:0}
execute if entity @s[tag=aj.mech_torso.bone.drill_left] run data modify entity @s {} merge value {transformation:[0.10607014829356465f,-0.24597651701484294f,1.5051547025962375f,1.3975239766540297f,-0.8939830424608577f,1.2123743733529342f,0.26112966254113834f,-0.745871208470406f,-1.235633216396658f,-0.8982705238087618f,-0.059721207480453335f,0.5857147905123448f,0f,0f,0f,1f],start_interpolation:0}
execute if entity @s[tag=aj.mech_torso.bone.left_hand] run data modify entity @s {} merge value {transformation:[-0.9845299383344702f,-0.16089458758666503f,0.06938106520111317f,1.425396340164348f,-0.170806343105778f,0.793020720711689f,-0.5847592065771555f,-0.4225379653256559f,0.03906396905020541f,-0.5875636716197065f,-0.8082344573914271f,0.25751389035837213f,0f,0f,0f,1f],start_interpolation:0}
execute if entity @s[tag=aj.mech_torso.bone.left_arm_low] run data modify entity @s {} merge value {transformation:[-0.9845299383344702f,-0.16089458758666503f,0.06938106520111317f,1.2051367897193133f,-0.170806343105778f,0.793020720711689f,-0.5847592065771555f,0.3415336337363859f,0.03906396905020541f,-0.5875636716197065f,-0.8082344573914271f,-0.3528656099891786f,0f,0f,0f,1f],start_interpolation:0}
execute if entity @s[tag=aj.mech_torso.bone.left_arm] run data modify entity @s {} merge value {transformation:[-1.0895735396634514f,-0.18355120652830648f,-0.0625334692887598f,0.9877829012612755f,-0.18903038354482973f,1.08497180557156f,0.10897556490200774f,1.4391142647438042f,0.04323186667470954f,0.11797081940386826f,-1.0995389351937603f,-0.23172268568268636f,0f,0f,0f,1f],start_interpolation:0}
execute if entity @s[tag=aj.mech_torso.bone.drillhead_right1] run data modify entity @s {} merge value {transformation:[-0.31387724591677135f,0.05674654695841295f,0.947766270714462f,-1.5365440338693608f,-0.653782490362531f,0.7109457699650356f,-0.25908409342178795f,-0.9850327546373506f,-0.688512548753521f,-0.7009535944533841f,-0.18604980148285835f,1.364050989377257f,0f,0f,0f,1f],start_interpolation:0}
execute if entity @s[tag=aj.mech_torso.bone.drillhead_right2] run data modify entity @s {} merge value {transformation:[-0.7555062373089114f,0.05674654695841295f,-0.6526792127803882f,-1.6298785480141584f,0.4895542185437617f,0.7109457699650356f,-0.5048690714183527f,-0.7555322755874094f,0.4353699490012346f,-0.7009535944533841f,-0.5649044750482537f,1.5892670160085967f,0f,0f,0f,1f],start_interpolation:0}
execute if entity @s[tag=aj.mech_torso.bone.drillhead_right3] run data modify entity @s {} merge value {transformation:[0.9957374809263744f,0.05674654695841295f,-0.07270968633335428f,-1.2702113866731017f,0.01082923632049762f,0.7109457699650356f,0.7031634517020474f,-0.8537557715472095f,0.09159474176563279f,-0.7009535944533841f,0.7073008282928614f,1.5187606231540194f,0f,0f,0f,1f],start_interpolation:0}
execute if entity @s[tag=aj.mech_torso.bone.drill_right] run data modify entity @s {} merge value {transformation:[-0.47985723372597544f,0.08675442836715107f,1.4489502084022359f,-1.4424947841742446f,-0.9995062125880602f,1.0868977440788004f,-0.3960891653954021f,-0.48263147531022377f,-1.0526017139773554f,-1.0716216520323036f,-0.2844339442767519f,1.143911822256699f,0f,0f,0f,1f],start_interpolation:0}
execute if entity @s[tag=aj.mech_torso.bone.barrel_right] run data modify entity @s {} merge value {transformation:[-2.1752523295414625f,0.13024103334218626f,-0.7203909143715602f,-1.5920180207650008f,0.5946331866590262f,1.6317171122035103f,-1.50051962083695f,-1.3095493646730572f,0.427009566167861f,-1.6087837121337634f,-1.5802298223438698f,1.1946445631455425f,0f,0f,0f,1f],start_interpolation:0}
execute if entity @s[tag=aj.mech_torso.bone.rocket_right] run data modify entity @s {} merge value {transformation:[-2.1839334736785943f,0.13076080806793072f,-0.7232658991619719f,-1.2240492632348046f,0.5970062890030641f,1.6382290792289858f,-1.5065079960392997f,0.039981308171444324f,0.4287137048286933f,-1.6152041549949585f,-1.5865363104102232f,0.34383175607265065f,0f,0f,0f,1f],start_interpolation:0}
execute if entity @s[tag=aj.mech_torso.bone.sword_right] run data modify entity @s {} merge value {transformation:[-2.5248951538864115f,0.15117554384698176f,-0.836184153855831f,-1.0170215579884059f,0.6902125472734915f,1.8939938935657366f,-1.7417081538128172f,0.40300755847321f,0.4956456635574059f,-1.8673742550475474f,-1.834230707985903f,1.7327585226084226f,0f,0f,0f,1f],start_interpolation:0}
execute if entity @s[tag=aj.mech_torso.bone.right_hand] run data modify entity @s {} merge value {transformation:[-0.9477662707144621f,0.05674654695841295f,-0.31387724591677113f,-1.4697467765228285f,0.2590840934217878f,0.7109457699650356f,-0.6537824903625311f,-0.20985914780796833f,0.18604980148285818f,-0.7009535944533841f,-0.688512548753521f,0.7838530379671523f,0f,0f,0f,1f],start_interpolation:0}
execute if entity @s[tag=aj.mech_torso.bone.right_arm_low] run data modify entity @s {} merge value {transformation:[-0.9581828546814546f,0.07960259279140303f,-0.2748618638796301f,-1.338847188560073f,0.264085274135834f,0.615898819955955f,-0.7422449808260502f,0.36633918686368294f,0.11020247265419969f,-0.7837933852730248f,-0.6111655620395771f,-0.025926925660496744f,0f,0f,0f,1f],start_interpolation:0}
execute if entity @s[tag=aj.mech_torso.bone.right_arm] run data modify entity @s {} merge value {transformation:[-1.0588151215868282f,0.2957653317309488f,-0.1273003746230935f,-1.008291573679805f,0.3023352200650939f,1.0637172412998608f,-0.04325533266121993f,1.4391142647438042f,0.1107968029380332f,-0.07616086686431148f,-1.0984969591907003f,-0.10647616681414032f,0f,0f,0f,1f],start_interpolation:0}
execute if entity @s[tag=aj.mech_torso.bone.torso] run data modify entity @s {} merge value {transformation:[-1.3171226336041892f,0.0007864942506826139f,-0.08264098191090254f,0f,0f,1.3196531553525945f,0.01255913949206186f,0.20333875f,0.08264472435917779f,0.012534488883664584f,-1.3170629895873853f,-0.005674375000000009f,0f,0f,0f,1f],start_interpolation:0}