execute if entity @s[tag=aj.mech_torso.bone.barrel_left] run data modify entity @s {} merge value {transformation:[-2.2672060710485122f,-0.3554305058678153f,0.03307990855508485f,1.4485725996597079f,-0.32281945855314287f,1.9507264466628216f,-1.1653765146597013f,-1.6490298561038523f,0.15235721850611333f,-1.1558477318572227f,-1.9769804733937788f,0.20510936658179152f,0f,0f,0f,1f],start_interpolation:0}
execute if entity @s[tag=aj.mech_torso.bone.blaster_left] run data modify entity @s {} merge value {transformation:[-0.9878308891878274f,-0.15486251432517914f,0.014413050449846948f,1.5230861703270446f,-0.14065374862118596f,0.8499394320508211f,-0.5077592784419954f,-0.45763874984368225f,0.06638265861800335f,-0.5036075490915632f,-0.8613784180792983f,0.05492604658161608f,0f,0f,0f,1f],start_interpolation:0}
execute if entity @s[tag=aj.mech_torso.bone.sword_left] run data modify entity @s {} merge value {transformation:[-2.6316292339560166f,-0.412561223183803f,0.038397063029164014f,1.290439406180095f,-0.37470838459135614f,2.2642797273892703f,-1.352695259467934f,-0.058624514217770374f,0.17684661105352747f,-1.341634851811464f,-2.294753739053458f,1.2044308975270517f,0f,0f,0f,1f],start_interpolation:0}
execute if entity @s[tag=aj.mech_torso.bone.rocket_left] run data modify entity @s {} merge value {transformation:[-2.2762541903972684f,-0.3568489819729863f,0.03321192609176776f,1.2922071523819725f,-0.3241077882847843f,1.958511537718977f,-1.170027378083864f,-0.08638113694295674f,0.15296525599961314f,-1.1604605671704225f,-1.984870340795711f,-0.24034158868505867f,0f,0f,0f,1f],start_interpolation:0}
execute if entity @s[tag=aj.mech_torso.bone.drillhead_left1] run data modify entity @s {} merge value {transformation:[0.01441305044984673f,-0.15486251432517914f,0.9878308891878274f,1.4261438866682616f,-0.5077592784419954f,0.8499394320508211f,0.14065374862118585f,-1.4072032223192017f,-0.8613784180792983f,-0.5036075490915632f,-0.06638265861800355f,0.3915556059799015f,0f,0f,0f,1f],start_interpolation:0}
execute if entity @s[tag=aj.mech_torso.bone.drillhead_left2] run data modify entity @s {} merge value {transformation:[-0.9181523757200573f,-0.15486251432517914f,-0.3647105929589905f,1.2337571037661654f,0.06436394396730291f,0.8499394320508211f,-0.522934264092631f,-1.2621212112527094f,0.39096482920665465f,-0.5036075490915632f,-0.7704063465609563f,0.695570951432874f,0f,0f,0f,1f],start_interpolation:0}
execute if entity @s[tag=aj.mech_torso.bone.drillhead_left3] run data modify entity @s {} merge value {transformation:[0.9071211044860602f,-0.15486251432517914f,-0.3913424375823225f,1.6085839566060935f,0.32425818301150544f,0.8499394320508211f,0.4152825454978871f,-1.2086846650837604f,0.26830566998493977f,-0.5036075490915632f,0.8212134338598716f,0.6704942797495925f,0f,0f,0f,1f],start_interpolation:0}
execute if entity @s[tag=aj.mech_torso.bone.drill_left] run data modify entity @s {} merge value {transformation:[0.02203474959841562f,-0.23675465073895313f,1.5102012141410002f,1.3421615495055792f,-0.7762651352448808f,1.2993920075578855f,0.21503221276654064f,-0.8314009232686443f,-1.3168799913593958f,-0.7699179489254061f,-0.101486168067938f,0.36291906130238677f,0f,0f,0f,1f],start_interpolation:0}
execute if entity @s[tag=aj.mech_torso.bone.left_hand] run data modify entity @s {} merge value {transformation:[-0.9878308891878274f,-0.15486251432517914f,0.014413050449846948f,1.3687375938914466f,-0.14065374862118596f,0.8499394320508211f,-0.5077592784419954f,-0.47961589806574256f,0.06638265861800335f,-0.5036075490915632f,-0.8613784180792983f,0.0652983369906791f,0f,0f,0f,1f],start_interpolation:0}
execute if entity @s[tag=aj.mech_torso.bone.left_arm_low] run data modify entity @s {} merge value {transformation:[-0.9878308891878274f,-0.15486251432517914f,0.014413050449846948f,1.152586056818586f,-0.14065374862118596f,0.8499394320508211f,-0.5077592784419954f,0.34566519724494205f,0.06638265861800335f,-0.5036075490915632f,-0.8613784180792983f,-0.46107837150223696f,0f,0f,0f,1f],start_interpolation:0}
execute if entity @s[tag=aj.mech_torso.bone.left_arm] run data modify entity @s {} merge value {transformation:[-1.093226682717315f,-0.14109594861111033f,-0.0985866726005785f,0.9782865241812959f,-0.15566068311886622f,1.0809619705199836f,0.1790612983158286f,1.4401119350782792f,0.07346530106036904f,0.19074886659981274f,-1.0876532986043963f,-0.2650998689352743f,0f,0f,0f,1f],start_interpolation:0}
execute if entity @s[tag=aj.mech_torso.bone.drillhead_right1] run data modify entity @s {} merge value {transformation:[-0.37203597383990766f,0.026042559143532044f,0.9278529082145764f,-1.454871544598362f,-0.63287836148283f,0.7241145966012275f,-0.2740858087458189f,-0.9860949168046893f,-0.6790097302217394f,-0.6891878090203694f,-0.2529149069586513f,1.4653274458516055f,0f,0f,0f,1f],start_interpolation:0}
execute if entity @s[tag=aj.mech_torso.bone.drillhead_right2] run data modify entity @s {} merge value {transformation:[-0.7148523076481763f,0.026042559143532044f,-0.69879035723408f,-1.5283852240314846f,0.4954143324939086f,0.7241145966012275f,-0.4798152666898547f,-0.7595124097574203f,0.4935086801766433f,-0.6891878090203694f,-0.5305368474366415f,1.7006148583980156f,0f,0f,0f,1f],start_interpolation:0}
execute if entity @s[tag=aj.mech_torso.bone.drillhead_right3] run data modify entity @s {} merge value {transformation:[0.9995963145128655f,0.026042559143532044f,-0.011357514056889562f,-1.1762665527812703f,-0.011030205210221633f,0.7241145966012275f,0.6895914627966777f,-0.8634309678772457f,0.026182868164454504f,-0.6891878090203694f,0.7241095368191096f,1.6047355166483854f,0f,0f,0f,1f],start_interpolation:0}
execute if entity @s[tag=aj.mech_torso.bone.drill_right] run data modify entity @s {} merge value {transformation:[-0.5687706120013092f,0.039814005482493815f,1.418506551948364f,-1.3646847694070183f,-0.9675478671260753f,1.1070303175713547f,-0.41902386904207195f,-0.4812014808880656f,-1.0380737535323672f,-1.053634055530973f,-0.3866576797141322f,1.2493123452517325f,0f,0f,0f,1f],start_interpolation:0}
execute if entity @s[tag=aj.mech_torso.bone.barrel_right] run data modify entity @s {} merge value {transformation:[-2.1295484577058192f,0.05977121068202304f,-0.8538730948490343f,-1.528201289249238f,0.6290641610606753f,1.6619413580991889f,-1.4525418055805301f,-1.3058355570467892f,0.5804740657449663f,-1.5817796363791399f,-1.5584195630139142f,1.2936428449499084f,0f,0f,0f,1f],start_interpolation:0}
execute if entity @s[tag=aj.mech_torso.bone.rocket_right] run data modify entity @s {} merge value {transformation:[-2.1380472037396863f,0.060009749672711485f,-0.8572807893544186f,-1.1878165382914512f,0.6315746728663667f,1.6685739460896407f,-1.4583387076723955f,0.053484665148012145f,0.5827906609114963f,-1.5880923095481791f,-1.5646390092220241f,0.4469414625290555f,0f,0f,0f,1f],start_interpolation:0}
execute if entity @s[tag=aj.mech_torso.bone.sword_right] run data modify entity @s {} merge value {transformation:[-2.471844993707529f,0.06937863628206131f,-0.9911218160482491f,-0.8828705095145388f,0.7301778419796172f,1.9290762842178393f,-1.6860185441110647f,0.3832773437779623f,0.6737775363583497f,-1.8360296339743667f,-1.8089147401143415f,1.8260755388981869f,0f,0f,0f,1f],start_interpolation:0}
execute if entity @s[tag=aj.mech_torso.bone.right_hand] run data modify entity @s {} merge value {transformation:[-0.9278529082145766f,0.026042559143532044f,-0.37203597383990744f,-1.4095487965518672f,0.2740858087458187f,0.7241145966012275f,-0.6328783614828302f,-0.20049628337347003f,0.25291490695865115f,-0.6891878090203694f,-0.6790097302217395f,0.8972022019177617f,0f,0f,0f,1f],start_interpolation:0}
execute if entity @s[tag=aj.mech_torso.bone.right_arm_low] run data modify entity @s {} merge value {transformation:[-0.9452394737941469f,0.019721615976020124f,-0.3257812073227348f,-1.3409303761925484f,0.26882314260184287f,0.6130969484875162f,-0.742863547198922f,0.37258473285146465f,0.18508499448370636f,-0.7897614764082825f,-0.5848250637569974f,0.07759713011184134f,0f,0f,0f,1f],start_interpolation:0}
execute if entity @s[tag=aj.mech_torso.bone.right_arm] run data modify entity @s {} merge value {transformation:[-1.04488191207755f,0.295717172856994f,-0.21341303152492236f,-1.0108171523043994f,0.31402560994000933f,1.0588794913538027f,-0.07024327459725357f,1.4401119350782792f,0.18542298845880983f,-0.12687614039608375f,-1.0836478851007025f,-0.05661350441449829f,0f,0f,0f,1f],start_interpolation:0}
execute if entity @s[tag=aj.mech_torso.bone.torso] run data modify entity @s {} merge value {transformation:[-1.3125229072236633f,0.002167541322397955f,-0.1375539973777519f,0f,-1.4308356113071814e-19f,1.319549100430924f,0.0207931231126816f,0.20333875f,0.13757107410347158f,0.020679838814527327f,-1.3123599834852717f,-0.005674375000000009f,0f,0f,0f,1f],start_interpolation:0}