execute if entity @s[tag=aj.mech_torso.bone.barrel_left] run data modify entity @s {} merge value {transformation:[-2.26005777184227f,-0.1347340485891251f,-0.37634305830828413f,0.9355850885402303f,-0.062364052262775214f,2.2532199222211124f,-0.4321564537779632f,-1.7177021818187437f,0.3948393171549853f,-0.41532542867896044f,-2.222443519051028f,-0.8680072538046084f,0f,0f,0f,1f],start_interpolation:0}
execute if entity @s[tag=aj.mech_torso.bone.blaster_left] run data modify entity @s {} merge value {transformation:[-0.9847163462041729f,-0.05870417194151185f,-0.16397419832084772f,1.1974955222002204f,-0.02717227074625948f,0.9817370673650523f,-0.1882923213090713f,-0.5644923286626432f,0.17203309338843864f,-0.1809589753455959f,-0.968327663562844f,-0.646579998889086f,0f,0f,0f,1f],start_interpolation:0}
execute if entity @s[tag=aj.mech_torso.bone.sword_left] run data modify entity @s {} merge value {transformation:[-2.6233319409113167f,-0.15639075142049808f,-0.4368351897463239f,1.1594084182738993f,-0.07238824259445466f,2.615394998085422f,-0.501619844762896f,-0.5460784871092258f,0.45830447571964766f,-0.48208345667114255f,-2.5796716982351557f,0.5915268553044509f,0f,0f,0f,1f],start_interpolation:0}
execute if entity @s[tag=aj.mech_torso.bone.rocket_left] run data modify entity @s {} merge value {transformation:[-2.2690773632750223f,-0.13527175434403768f,-0.37784499364232044f,1.0040331197400094f,-0.06261293894103147f,2.2622122247010648f,-0.4338811329860204f,-0.08963773236603706f,0.3964150686099678f,-0.416982937493553f,-2.2313129969794034f,-0.7706997946926182f,0f,0f,0f,1f],start_interpolation:0}
execute if entity @s[tag=aj.mech_torso.bone.drillhead_left1] run data modify entity @s {} merge value {transformation:[-0.16397419832084795f,-0.05870417194151185f,0.9847163462041729f,0.9748382342013335f,-0.1882923213090713f,0.9817370673650523f,0.027172270746259438f,-1.5512818807639968f,-0.968327663562844f,-0.1809589753455959f,-0.17203309338843886f,-0.6140213445255281f,0f,0f,0f,1f],start_interpolation:0}
execute if entity @s[tag=aj.mech_torso.bone.drillhead_left2] run data modify entity @s {} merge value {transformation:[-0.8470090685545977f,-0.05870417194151185f,-0.528327036960001f,0.843393180402689f,0.04695244701222147f,0.9817370673650523f,-0.1843577996208219f,-1.4927382099095465f,0.5295008078424785f,-0.1809589753455959f,-0.8287838944719153f,-0.25376916774353636f,0f,0f,0f,1f],start_interpolation:0}
execute if entity @s[tag=aj.mech_torso.bone.drillhead_left3] run data modify entity @s {} merge value {transformation:[0.9725094866200699f,-0.05870417194151185f,-0.22534222558284495f,1.2170614219293459f,0.09716025660087003f,0.9817370673650523f,0.16356104395215773f,-1.4824033156691234f,0.21162510005011567f,-0.1809589753455959f,0.9604523237884588f,-0.31892059730941613f,0f,0f,0f,1f],start_interpolation:0}
execute if entity @s[tag=aj.mech_torso.bone.drill_left] run data modify entity @s {} merge value {transformation:[-0.2506846425864866f,-0.08974725604511466f,1.5054396839571482f,0.9885236532417735f,-0.28786232073404866f,1.5008849463301401f,0.04154111470001464f,-0.9932639946963167f,-1.4803845771630537f,-0.2766510617027968f,-0.26300512501816786f,-0.4471377911940923f,0f,0f,0f,1f],start_interpolation:0}
execute if entity @s[tag=aj.mech_torso.bone.left_hand] run data modify entity @s {} merge value {transformation:[-0.9847163462041729f,-0.05870417194151185f,-0.16397419832084772f,1.0436335931058183f,-0.02717227074625948f,0.9817370673650523f,-0.1882923213090713f,-0.5687379959667462f,0.17203309338843864f,-0.1809589753455959f,-0.968327663562844f,-0.6196998280471425f,0f,0f,0f,1f],start_interpolation:0}
execute if entity @s[tag=aj.mech_torso.bone.left_arm_low] run data modify entity @s {} merge value {transformation:[-0.9847163462041729f,-0.05870417194151185f,-0.16397419832084772f,0.9182604558290192f,-0.02717227074625948f,0.9817370673650523f,-0.1882923213090713f,0.4054166694357564f,0.17203309338843864f,-0.1809589753455959f,-0.968327663562844f,-0.8201669745422999f,0f,0f,0f,1f],start_interpolation:0}
execute if entity @s[tag=aj.mech_torso.bone.left_arm] run data modify entity @s {} merge value {transformation:[-1.089779836165472f,0.04559194608232749f,-0.18727856704281667f,0.9338341526836432f,-0.030071393529972682f,1.0219060174046544f,0.4237638274054924f,1.4433769055435257f,0.19038802092660695f,0.42237595170489123f,-1.0050487229199712f,-0.385428466096839f,0f,0f,0f,1f],start_interpolation:0}
execute if entity @s[tag=aj.mech_torso.bone.drillhead_right1] run data modify entity @s {} merge value {transformation:[-0.5829739968732484f,-0.06973260890782469f,0.8094928549558287f,-1.0862666941718375f,-0.5478987010416624f,0.7694325206276144f,-0.32829957294747597f,-0.987487631889334f,-0.5999569420937549f,-0.6349101979457757f,-0.48676555771538177f,1.777017706397205f,0f,0f,0f,1f],start_interpolation:0}
execute if entity @s[tag=aj.mech_torso.bone.drillhead_right2] run data modify entity @s {} merge value {transformation:[-0.5247793903047681f,-0.06973260890782469f,-0.8483772479070055f,-1.0791339826787323f,0.5129810114813668f,0.7694325206276144f,-0.3805575883623791f,-0.7740526337208457f,0.6793063177763843f,-0.6349101979457757f,-0.36801082480485f,2.0348910979093575f,0f,0f,0f,1f],start_interpolation:0}
execute if entity @s[tag=aj.mech_torso.bone.drillhead_right3] run data modify entity @s {} merge value {transformation:[0.9709683705108677f,-0.06973260890782469f,0.2288182394879808f,-0.7718991678443559f,-0.09363750047537164f,0.7694325206276144f,0.6318272032014456f,-0.8985534487212314f,-0.22011915403298116f,-0.6349101979457757f,0.7405650535721091f,1.8502677268075693f,0f,0f,0f,1f],start_interpolation:0}
execute if entity @s[tag=aj.mech_torso.bone.drill_right] run data modify entity @s {} merge value {transformation:[-0.8912538041956385f,-0.10660759021658064f,1.2375570614094353f,-1.0020302564910253f,-0.8376305019371241f,1.1763126052949835f,-0.5019061654114547f,-0.4767098235251912f,-0.9172174228397022f,-0.9706541497164075f,-0.7441698212820467f,1.572753630290194f,0f,0f,0f,1f],start_interpolation:0}
execute if entity @s[tag=aj.mech_torso.bone.barrel_right] run data modify entity @s {} merge value {transformation:[-1.8578960582364255f,-0.16004580945616767f,-1.3380045101253466f,-1.2290597670712602f,0.7534921139397825f,1.765952149424427f,-1.257501941797507f,-1.2864404300171541f,1.1171930739450573f,-1.4572051462541098f,-1.376982676256469f,1.6117170909015188f,0f,0f,0f,1f],start_interpolation:0}
execute if entity @s[tag=aj.mech_torso.bone.rocket_right] run data modify entity @s {} merge value {transformation:[-1.865310675499131f,-0.1606845310985096f,-1.3433443090308734f,-0.9714072858170697f,0.7564992012364926f,1.7729998307164923f,-1.2625204656079232f,0.10078778844429193f,1.1216516436347477f,-1.4630206591213772f,-1.3824780318639884f,0.7812175153727017f,0f,0f,0f,1f],start_interpolation:0}
execute if entity @s[tag=aj.mech_torso.bone.sword_right] run data modify entity @s {} merge value {transformation:[-2.1565280910903177f,-0.18577104053987553f,-1.5530709047468487f,-0.3150775805481886f,0.8746059301447683f,2.049805424190462f,-1.4596286213455394f,0.3002029681109889f,1.2967669727557332f,-1.6914314546537808f,-1.5983142916566315f,2.0591967781338107f,0f,0f,0f,1f],start_interpolation:0}
execute if entity @s[tag=aj.mech_torso.bone.right_hand] run data modify entity @s {} merge value {transformation:[-0.8094928549558288f,-0.06973260890782469f,-0.5829739968732481f,-1.1024783202975366f,0.32829957294747586f,0.7694325206276144f,-0.5478987010416625f,-0.16760990981754242f,0.48676555771538166f,-0.6349101979457757f,-0.599956942093755f,1.2578613126552947f,0f,0f,0f,1f],start_interpolation:0}
execute if entity @s[tag=aj.mech_torso.bone.right_arm_low] run data modify entity @s {} merge value {transformation:[-0.8440100355132413f,-0.2066250328956617f,-0.4949274247137695f,-1.271819207995926f,0.2853141096624342f,0.6084166661100252f,-0.7405572356186217f,0.3998322108254988f,0.45413975688159003f,-0.7662475162637912f,-0.4545567346757734f,0.44902516362778633f,0f,0f,0f,1f],start_interpolation:0}
execute if entity @s[tag=aj.mech_torso.bone.right_arm] run data modify entity @s {} merge value {transformation:[-0.9465716429191386f,0.24184031322449703f,-0.5198916870415103f,-0.9992500327852659f,0.35322485717806223f,1.0363760916330687f,-0.1610241456953916f,1.4433769055435257f,0.45167056980384285f,-0.30366072865102317f,-0.9636160214433079f,0.12758764660334088f,0f,0f,0f,1f],start_interpolation:0}
execute if entity @s[tag=aj.mech_torso.bone.torso] run data modify entity @s {} merge value {transformation:[-1.2755580842836907f,0.013126122165400052f,-0.3382624143357635f,0f,0f,1.3187204298725521f,0.05117235829616643f,0.20333875f,0.33851699519427486f,0.04946023827773404f,-1.2745988040206961f,-0.005674375000000009f,0f,0f,0f,1f],start_interpolation:0}