execute if entity @s[tag=aj.mech_torso.bone.barrel_left] run data modify entity @s {} merge value {transformation:[-2.2269196505304323f,-0.2725908657629027f,0.4839127849465683f,1.6120374235728006f,-0.5341943716020123f,1.5985936536348246f,-1.5578135951897099f,-1.4026097412529093f,-0.15203202583943853f,-1.6241431722332207f,-1.6145258476277369f,0.985136835813033f,0f,0f,0f,1f],start_interpolation:0}
execute if entity @s[tag=aj.mech_torso.bone.blaster_left] run data modify entity @s {} merge value {transformation:[-0.9702779322198861f,-0.1187689468326614f,0.21084276491111162f,1.6277985260771775f,-0.23275065634184133f,0.6965137445974655f,-0.6787457075807247f,-0.2721493311777436f,-0.0662409708529692f,-0.707645773572539f,-0.7034554661990899f,0.573638453317745f,0f,0f,0f,1f],start_interpolation:0}
execute if entity @s[tag=aj.mech_torso.bone.sword_left] run data modify entity @s {} merge value {transformation:[-2.5848673082005007f,-0.3164062148613069f,0.5616953164568388f,1.1572340179617286f,-0.6200589981097219f,1.8555462804386371f,-1.8082113710375838f,0.339618004967421f,-0.17646914799923455f,-1.8852025436763f,-1.8740393623019087f,1.5426627304002027f,0f,0f,0f,1f],start_interpolation:0}
execute if entity @s[tag=aj.mech_torso.bone.rocket_left] run data modify entity @s {} merge value {transformation:[-2.2358069921070944f,-0.2736787398288287f,0.485844016822002f,1.4299857985584339f,-0.5363262706346634f,1.6049734293212772f,-1.5640306230604375f,-0.0026813556562188534f,-0.1526387655320472f,-1.6306249126667394f,-1.6209692065916763f,0.1654994481982559f,0f,0f,0f,1f],start_interpolation:0}
execute if entity @s[tag=aj.mech_torso.bone.drillhead_left1] run data modify entity @s {} merge value {transformation:[0.2108427649111114f,-0.1187689468326614f,0.9702779322198861f,1.5380429388569279f,-0.6787457075807247f,0.6965137445974655f,0.2327506563418412f,-1.1299813756313282f,-0.7034554661990899f,-0.707645773572539f,0.06624097085296905f,1.1032213760793337f,0f,0f,0f,1f],start_interpolation:0}
execute if entity @s[tag=aj.mech_torso.bone.drillhead_left2] run data modify entity @s {} merge value {transformation:[-0.9771059553908563f,-0.1187689468326614f,-0.17651597437054325f,1.2825335642119793f,0.04471116950726786f,0.6965137445974655f,-0.7161490870678457f,-0.9445345177074598f,0.20800207513631735f,-0.707645773572539f,-0.6752574293437346f,1.3286348113402295f,0f,0f,0f,1f],start_interpolation:0}
execute if entity @s[tag=aj.mech_torso.bone.drillhead_left3] run data modify entity @s {} merge value {transformation:[0.8157338894597965f,-0.1187689468326614f,-0.5661026045294728f,1.6506744774911306f,0.47477830465285875f,0.6965137445974655f,0.5380094469595993f,-0.856129917031524f,0.330399429505787f,-0.707645773572539f,0.6245587851653145f,1.3538611485373537f,0f,0f,0f,1f],start_interpolation:0}
execute if entity @s[tag=aj.mech_torso.bone.drill_left] run data modify entity @s {} merge value {transformation:[0.3223375610610837f,-0.1815746092495681f,1.4833661584498947f,1.4198934712426072f,-1.0376701142886613f,1.0648339855233886f,0.3558304641481287f,-0.5874993278261358f,-1.075446527108944f,-1.0818526917189712f,0.10126955504527788f,0.926656081217011f,0f,0f,0f,1f],start_interpolation:0}
execute if entity @s[tag=aj.mech_torso.bone.left_hand] run data modify entity @s {} merge value {transformation:[-0.9702779322198861f,-0.1187689468326614f,0.21084276491111162f,1.4761925991678202f,-0.23275065634184133f,0.6965137445974655f,-0.6787457075807247f,-0.3085166212311563f,-0.0662409708529692f,-0.707645773572539f,-0.7034554661990899f,0.5632883016219685f,0f,0f,0f,1f],start_interpolation:0}
execute if entity @s[tag=aj.mech_torso.bone.left_arm_low] run data modify entity @s {} merge value {transformation:[-0.9702779322198861f,-0.1187689468326614f,0.21084276491111162f,1.3033701179748882f,-0.23275065634184133f,0.6965137445974655f,-0.6787457075807247f,0.35223940398304654f,-0.0662409708529692f,-0.707645773572539f,-0.7034554661990899f,-0.1704805159476026f,0f,0f,0f,1f],start_interpolation:0}
execute if entity @s[tag=aj.mech_torso.bone.left_arm] run data modify entity @s {} merge value {transformation:[-1.0738009276331435f,-0.2607596165191436f,0.06105709410885431f,1.007976090050065f,-0.2575837936613538f,1.0746545956146825f,0.059498469739115156f,1.437396408227309f,-0.07330849603731772f,0.043518973460554715f,-1.1034056107758896f,-0.12831172528475807f,0f,0f,0f,1f],start_interpolation:0}
execute if entity @s[tag=aj.mech_torso.bone.drillhead_right1] run data modify entity @s {} merge value {transformation:[-0.11045162357560454f,0.11426381368849091f,0.9872913550370402f,-1.5760082893327234f,-0.8665521636849899f,0.47538886100786615f,-0.15196308249869983f,-0.6250573095890326f,-0.4867111941001315f,-0.8723240290803675f,0.0465080834545841f,1.5831069546550776f,0f,0f,0f,1f],start_interpolation:0}
execute if entity @s[tag=aj.mech_torso.bone.drillhead_right2] run data modify entity @s {} merge value {transformation:[-0.8698702691238465f,0.11426381368849091f,-0.47986403884409723f,-1.7329526820077696f,0.47201073794024f,0.47538886100786615f,-0.7424360538785508f,-0.3572062052409389f,0.14328844392873272f,-0.8723240290803675f,-0.46746038348236196f,1.7085194882144226f,0f,0f,0f,1f],start_interpolation:0}
execute if entity @s[tag=aj.mech_torso.bone.drillhead_right3] run data modify entity @s {} merge value {transformation:[0.9544062819642649f,0.11426381368849091f,-0.27577605013581297f,-1.3583143209704813f,0.1912195747044942f,0.47538886100786615f,0.8587435618853143f,-0.41475537525223216f,0.22922417672876685f,-0.8723240290803675f,0.4318646374641174f,1.7262300785311846f,0f,0f,0f,1f],start_interpolation:0}
execute if entity @s[tag=aj.mech_torso.bone.drill_right] run data modify entity @s {} merge value {transformation:[-0.1688590404020119f,0.17468713729595572f,1.5093763714088002f,-1.4942250969387028f,-1.3247896416658325f,0.7267770657318229f,-0.23232198365737583f,-0.20048682773735105f,-0.7440867098925824f,-1.3336137007465567f,0.07110180990415355f,1.2327286232469343f,0f,0f,0f,1f],start_interpolation:0}
execute if entity @s[tag=aj.mech_torso.bone.barrel_right] run data modify entity @s {} merge value {transformation:[-2.2659677668857334f,0.26225097324977936f,-0.2535014791182143f,-1.5651838433718153f,0.3487759159865551f,1.0910820096666731f,-1.9888549223259526f,-0.9893707931072006f,-0.10674236887627335f,-2.0021021374200605f,-1.1170683020636671f,1.5179498540730014f,0f,0f,0f,1f],start_interpolation:0}
execute if entity @s[tag=aj.mech_torso.bone.rocket_right] run data modify entity @s {} merge value {transformation:[-2.2750109443264748f,0.26329758217324356f,-0.25451316996865697f,-1.1841177221644783f,0.3501678345042921f,1.095436373554813f,-1.9967921790819054f,0.09327848931329408f,-0.10716836354234922f,-2.010092262058091f,-1.1215263738052934f,0.3503987336983571f,0f,0f,0f,1f],start_interpolation:0}
execute if entity @s[tag=aj.mech_torso.bone.sword_right] run data modify entity @s {} merge value {transformation:[-2.6301918889008356f,0.3044043224171348f,-0.2942484637005494f,-1.279777156863826f,0.40483699665885664f,1.2664589028532376f,-2.3085368474113914f,0.8731313837028429f,-0.12389978221371264f,-2.3239133757981714f,-1.2966221454571318f,1.5695971702182332f,0f,0f,0f,1f],start_interpolation:0}
execute if entity @s[tag=aj.mech_torso.bone.right_hand] run data modify entity @s {} merge value {transformation:[-0.9872913550370402f,0.11426381368849091f,-0.11045162357560431f,-1.4811692412945086f,0.15196308249869964f,0.47538886100786615f,-0.8665521636849899f,-0.05226566033565222f,-0.04650808345458421f,-0.8723240290803675f,-0.4867111941001315f,0.805353177006153f,0f,0f,0f,1f],start_interpolation:0}
execute if entity @s[tag=aj.mech_torso.bone.right_arm_low] run data modify entity @s {} merge value {transformation:[-0.9770540889711694f,0.18681600727560072f,-0.10229900610622278f,-1.2364841973990293f,0.17650381107800206f,0.4413453012687517f,-0.8798072116793179f,0.3505541773757457f,-0.11921288478876463f,-0.8776753981248409f,-0.46419196850736577f,-0.07937741483524521f,0f,0f,0f,1f],start_interpolation:0}
execute if entity @s[tag=aj.mech_torso.bone.right_arm] run data modify entity @s {} merge value {transformation:[-1.0813000607822076f,0.2132470086426353f,0.10043839102350308f,-0.9891769287190414f,0.19533573811446028f,1.0745832878102122f,-0.17856843368384512f,1.437396408227309f,-0.13193220418723123f,-0.15674325949778714f,-1.0875649050214595f,-0.23498796266424601f,0f,0f,0f,1f],start_interpolation:0}
execute if entity @s[tag=aj.mech_torso.bone.torso] run data modify entity @s {} merge value {transformation:[-1.3178343177147076f,0.00004146372165744243f,0.07039099197348044f,0f,0f,1.3197126877108145f,-0.0007773750307660403f,0.20333875f,-0.07039100418555486f,-0.0007762684447050623f,-1.3178340890847722f,-0.005674375000000009f,0f,0f,0f,1f],start_interpolation:0}