execute if entity @s[tag=aj.mech_torso.bone.barrel_left] run data modify entity @s {} merge value {transformation:[-2.2407319498812144f,-0.3512611722296007f,0.3512611722296011f,1.6280407490667725f,-0.4967583137021732f,1.5844367565823618f,-1.584436756582362f,-1.4007220077244236f,-2.7441052101692366e-16f,-1.622906111494238f,-1.6229061114942378f,0.9738520314378576f,0f,0f,0f,1f],start_interpolation:0}
execute if entity @s[tag=aj.mech_torso.bone.blaster_left] run data modify entity @s {} merge value {transformation:[-0.9762960071199334f,-0.15304591873303097f,0.15304591873303117f,1.6358318012329731f,-0.21643961393810307f,0.6903455270798547f,-0.6903455270798549f,-0.27549533388400854f,-1.195617780139768e-16f,-0.7071067811865476f,-0.7071067811865475f,0.5480301180986273f,0f,0f,0f,1f],start_interpolation:0}
execute if entity @s[tag=aj.mech_torso.bone.sword_left] run data modify entity @s {} merge value {transformation:[-2.600899750607847f,-0.4077217247242f,0.4077217247242005f,1.2398778036596068f,-0.5766055927791136f,1.8391138508412088f,-1.839113850841209f,0.3554811511928352f,-3.185183554485049e-16f,-1.8837666419087202f,-1.88376664190872f,1.5378722199174009f,0f,0f,0f,1f],start_interpolation:0}
execute if entity @s[tag=aj.mech_torso.bone.rocket_left] run data modify entity @s {} merge value {transformation:[-2.24967441451643f,-0.3526630090760624f,0.35266300907606285f,1.4163279606747825f,-0.4987408103826737f,1.5907600339664436f,-1.5907600339664438f,-0.007287855464400694f,-2.755056570861242e-16f,-1.629382914982081f,-1.6293829149820809f,0.15028255368119436f,0f,0f,0f,1f],start_interpolation:0}
execute if entity @s[tag=aj.mech_torso.bone.drillhead_left1] run data modify entity @s {} merge value {transformation:[0.15304591873303094f,-0.15304591873303097f,0.9762960071199334f,1.5664950873984835f,-0.6903455270798549f,0.6903455270798547f,0.2164396139381029f,-1.1255042106748498f,-0.7071067811865475f,-0.7071067811865476f,-3.74474678544007e-17f,1.0930689089206946f,0f,0f,0f,1f],start_interpolation:0}
execute if entity @s[tag=aj.mech_torso.bone.drillhead_left2] run data modify entity @s {} merge value {transformation:[-0.960548036140825f,-0.15304591873303097f,-0.23221631515715527f,1.329396717414304f,0.064219666478748f,0.6903455270798547f,-0.7206239571914024f,-0.9330368238030904f,0.27059805007309856f,-0.7071067811865476f,-0.6532814824381883f,1.3322915298891302f,0f,0f,0f,1f],start_interpolation:0}
execute if entity @s[tag=aj.mech_torso.bone.drillhead_left3] run data modify entity @s {} merge value {transformation:[0.8434117611603751f,-0.15304591873303097f,-0.5150082988608213f,1.6998286802365006f,0.46414792516286385f,0.6903455270798547f,0.5549682484681862f,-0.8508198790243092f,0.27059805007309845f,-0.7071067811865476f,0.6532814824381883f,1.3323834537706845f,0f,0f,0f,1f],start_interpolation:0}
execute if entity @s[tag=aj.mech_torso.bone.drill_left] run data modify entity @s {} merge value {transformation:[0.2339774295577842f,-0.23397742955778422f,1.4925666239549926f,1.446172314576185f,-1.0554039811712872f,1.055403981171287f,0.3308940541698139f,-0.5830895596046315f,-1.0810286772397253f,-1.0810286772397253f,-5.724989169625868e-17f,0.917768740971523f,0f,0f,0f,1f],start_interpolation:0}
execute if entity @s[tag=aj.mech_torso.bone.left_hand] run data modify entity @s {} merge value {transformation:[-0.9762960071199334f,-0.15304591873303097f,0.15304591873303117f,1.4832855501204836f,-0.21643961393810307f,0.6903455270798547f,-0.6903455270798549f,-0.3093140235618371f,-1.195617780139768e-16f,-0.7071067811865476f,-0.7071067811865475f,0.5480301180986273f,0f,0f,0f,1f],start_interpolation:0}
execute if entity @s[tag=aj.mech_torso.bone.left_arm_low] run data modify entity @s {} merge value {transformation:[-0.9762960071199334f,-0.15304591873303097f,0.15304591873303117f,1.274003815902864f,-0.21643961393810307f,0.6903455270798547f,-0.6903455270798549f,0.34593072992564067f,-1.195617780139768e-16f,-0.7071067811865476f,-0.7071067811865475f,-0.18117374999999986f,0f,0f,0f,1f],start_interpolation:0}
execute if entity @s[tag=aj.mech_torso.bone.left_arm] run data modify entity @s {} merge value {transformation:[-1.0804610960195888f,-0.23953245818088406f,1.355309468843381e-16f,1f,-0.23953245818088406f,1.0804610960195888f,0f,1.4375f,-1.3231832228436305e-16f,-2.933426582031169e-17f,-1.1066941666666668f,-0.18117374999999988f,0f,0f,0f,1f],start_interpolation:0}
execute if entity @s[tag=aj.mech_torso.bone.drillhead_right1] run data modify entity @s {} merge value {transformation:[-0.2308680737936975f,0.10662551468655473f,0.9671250860776053f,-1.6454354213952473f,-0.6836242696942714f,0.6895185231059289f,-0.23921133789766916f,-0.9804741047441189f,-0.6923566930331229f,-0.7163764414828603f,-0.08629602366616908f,1.2024438793090724f,0f,0f,0f,1f],start_interpolation:0}
execute if entity @s[tag=aj.mech_torso.bone.drillhead_right2] run data modify entity @s {} merge value {transformation:[-0.8051576855024271f,0.10662551468655473f,-0.5833970355548634f,-1.765339553376999f,0.4826141410029797f,0.6895185231059289f,-0.540044254851188f,-0.7465151674574144f,0.34468056571314154f,-0.7163764414828603f,-0.6066301193544734f,1.4097848421306645f,0f,0f,0f,1f],start_interpolation:0}
execute if entity @s[tag=aj.mech_torso.bone.drillhead_right3] run data modify entity @s {} merge value {transformation:[0.981856459308205f,0.10662551468655473f,-0.15680845937825844f,-1.3983375533343314f,0.04060922294638361f,0.6895185231059289f,0.7231286865458387f,-0.8371941414251076f,0.1852263057085751f,-0.7163764414828603f,0.6726782364265307f,1.3771301459307197f,0f,0f,0f,1f],start_interpolation:0}
execute if entity @s[tag=aj.mech_torso.bone.drill_right] run data modify entity @s {} merge value {transformation:[-0.3529523617512045f,0.16300966440767609f,1.4785460701896593f,-1.542743003335578f,-1.0451284864733963f,1.0541396530163443f,-0.3657075891060369f,-0.48298863611996645f,-1.0584786625744589f,-1.095200184111388f,-0.13192982841763415f,0.97512024323234f,0f,0f,0f,1f],start_interpolation:0}
execute if entity @s[tag=aj.mech_torso.bone.barrel_right] run data modify entity @s {} merge value {transformation:[-2.2196834403722967f,0.2447200395047214f,-0.529873588936559f,-1.6766923717244762f,0.5490225133485482f,1.5825386701274955f,-1.5690105579116531f,-1.3116033819825388f,0.19806109619040568f,-1.6441812410031327f,-1.5890526556284874f,1.039768326531639f,0f,0f,0f,1f],start_interpolation:0}
execute if entity @s[tag=aj.mech_torso.bone.rocket_right] run data modify entity @s {} merge value {transformation:[-2.2285419031919815f,0.24569668479195242f,-0.5319882442974785f,-1.261232032694848f,0.5512135895323f,1.588854372499761f,-1.5752722713786067f,0.01956567910140178f,0.19885153181051127f,-1.6507429507169316f,-1.5953943544547153f,0.1819232859491397f,0f,0f,0f,1f],start_interpolation:0}
execute if entity @s[tag=aj.mech_torso.bone.sword_right] run data modify entity @s {} merge value {transformation:[-2.576467973689901f,0.284055524691525f,-0.6150437072099763f,-1.1968072133517222f,0.6372705660407221f,1.8369106722828115f,-1.821208096305241f,0.43212518583844783f,0.22989677802115124f,-1.9084614649716782f,-1.8444716941470694f,1.5709553906899754f,0f,0f,0f,1f],start_interpolation:0}
execute if entity @s[tag=aj.mech_torso.bone.right_hand] run data modify entity @s {} merge value {transformation:[-0.9671250860776053f,0.10662551468655473f,-0.23086807379369728f,-1.5418968069454206f,0.23921133789766902f,0.6895185231059289f,-0.6836242696942714f,-0.22266423112125344f,0.08629602366616893f,-0.7163764414828603f,-0.6923566930331229f,0.6049578059216822f,0f,0f,0f,1f],start_interpolation:0}
execute if entity @s[tag=aj.mech_torso.bone.right_arm_low] run data modify entity @s {} merge value {transformation:[-0.9659258262890683f,0.16636567534280194f,-0.19826689127414604f,-1.321356607811869f,0.2588190451025207f,0.6208851530148456f,-0.739942111693848f,0.35892154058425185f,-1.1829179713786698e-16f,-0.766044443118978f,-0.6427876096865393f,-0.18117375000000013f,0f,0f,0f,1f],start_interpolation:0}
execute if entity @s[tag=aj.mech_torso.bone.right_arm] run data modify entity @s {} merge value {transformation:[-1.068984477386792f,0.2864335274371966f,1.355309468843381e-16f,-1f,0.2864335274371966f,1.068984477386792f,0f,1.4375f,-1.309128418569941e-16f,3.507799025444483e-17f,-1.1066941666666668f,-0.1811737500000001f,0f,0f,0f,1f],start_interpolation:0}
execute if entity @s[tag=aj.mech_torso.bone.torso] run data modify entity @s {} merge value {transformation:[-1.3197129166666666f,0f,1.616182199189251e-16f,0f,0f,1.3197129166666666f,0f,0.20333875f,-1.616182199189251e-16f,0f,-1.3197129166666666f,-0.005674375000000009f,0f,0f,0f,1f],start_interpolation:0}