execute if entity @s[tag=aj.mech_torso.bone.barrel_left] run data modify entity @s {} merge value {transformation:[-2.185113905531948f,-0.1578586955323524f,0.6841098928874204f,1.5984403387534887f,-0.595688258490052f,1.6004915704859153f,-1.5333723373503623f,-1.3848557632346983f,-0.3715928040189995f,-1.6374235427949142f,-1.5647400496417752f,1.035899537938305f,0f,0f,0f,1f],start_interpolation:0}
execute if entity @s[tag=aj.mech_torso.bone.blaster_left] run data modify entity @s {} merge value {transformation:[-0.952062999407928f,-0.06877967449233138f,0.2980694575683808f,1.622061254414802f,-0.2595437925017736f,0.6973406746743378f,-0.6680965523175043f,-0.2518289352652206f,-0.1619044932427018f,-0.7134320849397427f,-0.6817635919043753f,0.6319040808593328f,0f,0f,0f,1f],start_interpolation:0}
execute if entity @s[tag=aj.mech_torso.bone.sword_left] run data modify entity @s {} merge value {transformation:[-2.5363418468010255f,-0.1832323771985046f,0.7940714416526157f,1.0415328533442216f,-0.6914372078413625f,1.857749262131712f,-1.7798415067071938f,0.3403340294435764f,-0.4313213953823977f,-1.900617556830247f,-1.816251160740198f,1.5522453644193983f,0f,0f,0f,1f],start_interpolation:0}
execute if entity @s[tag=aj.mech_torso.bone.rocket_left] run data modify entity @s {} merge value {transformation:[-2.193834405913608f,-0.15848868869250446f,0.6868400849231394f,1.4575409146091713f,-0.5980655714861213f,1.6068789205073177f,-1.539491823396027f,0.014531649973702154f,-0.3730757817168971f,-1.6439582834295934f,-1.5709847200754559f,0.20728023682626584f,0f,0f,0f,1f],start_interpolation:0}
execute if entity @s[tag=aj.mech_torso.bone.drillhead_left1] run data modify entity @s {} merge value {transformation:[0.2980694575683806f,-0.06877967449233138f,0.9520629994079282f,1.5054624372888732f,-0.6680965523175044f,0.6973406746743378f,0.25954379250177345f,-1.1151674157539304f,-0.6817635919043753f,-0.7134320849397427f,0.16190449324270167f,1.1471140749022037f,0f,0f,0f,1f],start_interpolation:0}
execute if entity @s[tag=aj.mech_torso.bone.drillhead_left2] run data modify entity @s {} merge value {transformation:[-0.9936577619197586f,-0.06877967449233138f,-0.08895846532706014f,1.2239008066316939f,0.015882284109400485f,0.6973406746743378f,-0.7165638397911298f,-0.9384091833659168f,0.11131938388297472f,-0.7134320849397427f,-0.6918255957612776f,1.3470299818884697f,0f,0f,0f,1f],start_interpolation:0}
execute if entity @s[tag=aj.mech_torso.bone.drillhead_left3] run data modify entity @s {} merge value {transformation:[0.7655252757088218f,-0.06877967449233138f,-0.6397190075553967f,1.5851187924913006f,0.49545667947489025f,0.6973406746743378f,0.5179176210638672f,-0.8398394120385395f,0.41047987894006277f,-0.7134320849397427f,0.5679092613823824f,1.4085526639745107f,0f,0f,0f,1f],start_interpolation:0}
execute if entity @s[tag=aj.mech_torso.bone.drill_left] run data modify entity @s {} merge value {transformation:[0.45569020127343546f,-0.1051507389204464f,1.455519070502754f,1.3896935825489802f,-1.0213896280393258f,1.0660982007041155f,0.39679195583892063f,-0.575123573558552f,-1.0422838721895318f,-1.090698835879672f,0.24752046625211405f,0.9617183009014243f,0f,0f,0f,1f],start_interpolation:0}
execute if entity @s[tag=aj.mech_torso.bone.left_hand] run data modify entity @s {} merge value {transformation:[-0.952062999407928f,-0.06877967449233138f,0.2980694575683808f,1.4733014107573132f,-0.2595437925017736f,0.6973406746743378f,-0.6680965523175043f,-0.29238265284362275f,-0.1619044932427018f,-0.7134320849397427f,-0.6817635919043753f,0.6066065037901607f,0f,0f,0f,1f],start_interpolation:0}
execute if entity @s[tag=aj.mech_torso.bone.left_arm_low] run data modify entity @s {} merge value {transformation:[-0.952062999407928f,-0.06877967449233138f,0.2980694575683808f,1.3543324693509982f,-0.2595437925017736f,0.6973406746743378f,-0.6680965523175043f,0.3678585175394322f,-0.1619044932427018f,-0.7134320849397427f,-0.6817635919043753f,-0.13824972422426265f,0f,0f,0f,1f],start_interpolation:0}
execute if entity @s[tag=aj.mech_torso.bone.left_arm] run data modify entity @s {} merge value {transformation:[-1.053642567743924f,-0.3047259691579664f,0.14748356414447183f,1.0148140577952223f,-0.2872356011562566f,1.059850954846183f,0.137781136132876f,1.4371297284197246f,-0.17917875822882087f,0.09289787815876313f,-1.0881346127052505f,-0.04887473724671809f,0f,0f,0f,1f],start_interpolation:0}
execute if entity @s[tag=aj.mech_torso.bone.drillhead_right1] run data modify entity @s {} merge value {transformation:[0.004977817749021246f,0.22452947405694004f,0.9744545841701251f,-1.7204524325904018f,-0.994572063928278f,0.10239007456357649f,-0.018511679672860534f,0.05909165696705854f,-0.10393089523285602f,-0.9690731592148133f,0.22382042155602777f,1.9133150895838624f,0f,0f,0f,1f],start_interpolation:0}
execute if entity @s[tag=aj.mech_torso.bone.drillhead_right2] run data modify entity @s {} merge value {transformation:[-0.9021835740584588f,0.22452947405694004f,-0.3683087210192277f,-1.906796952038456f,0.3977088131206661f,0.10239007456357649f,-0.9117806603547899f,0.33692034134703897f,-0.1670104747171762f,-0.9690731592148133f,-0.18167199405567258f,1.8994947323609364f,0f,0f,0f,1f],start_interpolation:0}
execute if entity @s[tag=aj.mech_torso.bone.drillhead_right3] run data modify entity @s {} merge value {transformation:[0.8983737172946923f,0.22452947405694004f,-0.377506528889012f,-1.5370444613960998f,0.3635036891963439f,0.10239007456357649f,0.9259488865868964f,0.3300254482822815f,0.246555738150148f,-0.9690731592148133f,0.0103672597467485f,1.9844360630101705f,0f,0f,0f,1f],start_interpolation:0}
execute if entity @s[tag=aj.mech_torso.bone.drill_right] run data modify entity @s {} merge value {transformation:[0.007610114737883155f,0.34326187613956777f,1.4897514465749515f,-1.605506432152972f,-1.5205071585988978f,0.15653450060569962f,-0.028300756155467413f,0.3173027567925548f,-0.15889011559100613f,-1.4815242949538856f,0.342177872835472f,1.4339112883383707f,0f,0f,0f,1f],start_interpolation:0}
execute if entity @s[tag=aj.mech_torso.bone.barrel_right] run data modify entity @s {} merge value {transformation:[-2.236505634084787f,0.5153256415475702f,0.011424767887581832f,-1.6831669845515111f,0.04248681935236998f,0.2349991291085363f,-2.2826779827540817f,-0.29819614727135724f,-0.5136982697450119f,-2.2241545328354566f,-0.23853552183934026f,2.00299313018911f,0f,0f,0f,1f],start_interpolation:0}
execute if entity @s[tag=aj.mech_torso.bone.rocket_right] run data modify entity @s {} merge value {transformation:[-2.2454312320530416f,0.5173822379759841f,0.011470362624072139f,-1.1778220960759762f,0.04265637862497352f,0.23593697952900755f,-2.291787848454638f,0.2700939264226323f,-0.515748371547956f,-2.2330308391933813f,-0.23948748553513352f,0.5531002334625167f,0f,0f,0f,1f],start_interpolation:0}
execute if entity @s[tag=aj.mech_torso.bone.sword_right] run data modify entity @s {} merge value {transformation:[-2.5959941108674482f,0.5981573711456011f,0.013261147077917711f,-1.4943546093714397f,0.04931600937968406f,0.2727721074909717f,-2.6495880492880226f,1.4527144074709974f,-0.5962684210122999f,-2.5816577346842915f,-0.2768769282269312f,1.3309061589857514f,0f,0f,0f,1f],start_interpolation:0}
execute if entity @s[tag=aj.mech_torso.bone.right_hand] run data modify entity @s {} merge value {transformation:[-0.9744545841701251f,0.22452947405694004f,0.004977817749021462f,-1.5340115927562914f,0.018511679672860312f,0.10239007456357649f,-0.994572063928278f,0.2856875630545765f,-0.2238204215560278f,-0.9690731592148133f,-0.10393089523285597f,0.9881773886329699f,0f,0f,0f,1f],start_interpolation:0}
execute if entity @s[tag=aj.mech_torso.bone.right_arm_low] run data modify entity @s {} merge value {transformation:[-0.9546928802024f,0.29733885911560903f,-0.012292572988353095f,-1.1773885715339183f,0.057944053006569116f,0.1452126802430661f,-0.987702264965408f,0.396413044204563f,-0.2918972271399951f,-0.9436646016230835f,-0.1558625305566706f,0.05788565962624004f,0f,0f,0f,1f],start_interpolation:0}
execute if entity @s[tag=aj.mech_torso.bone.right_arm] run data modify entity @s {} merge value {transformation:[-1.056553041478195f,0.17728304079610444f,0.2775578723857251f,-0.9673389386330994f,0.06412634545539417f,1.0255635838836232f,-0.4109490549500536f,1.4371297284197246f,-0.32304095854200765f,-0.376247308816812f,-0.989370749641607f,-0.3154633693191031f,0f,0f,0f,1f],start_interpolation:0}
execute if entity @s[tag=aj.mech_torso.bone.torso] run data modify entity @s {} merge value {transformation:[-1.3079364560979967f,0.0003684252560619523f,0.17590984477704508f,0f,0f,1.3197100222134113f,-0.002763998248521837f,0.20333875f,-0.17591023059121205f,-0.0027393337052150964f,-1.3079335874734f,-0.005674375000000009f,0f,0f,0f,1f],start_interpolation:0}