# This file was generated by Animated Java via MC-Build. It is not recommended to edit this file directly.
$data merge entity $(bone_drillhead_right1) { transformation: [-0.23188748546999263f,-0.03195681104680212f,0.9722175457736417f,-1.811071298208736f,-0.6911250521267764f,0.7087387983843129f,-0.14154673428772999f,-0.9661404813639323f,-0.6845249129178315f,-0.7047468182918456f,-0.186433810512889f,0.9954942200155548f,0f,0f,0f,1f], start_interpolation: 0, interpolation_duration: 1 }
$data merge entity $(bone_drillhead_right2) { transformation: [-0.7869508812783261f,0.359476124295704f,-0.5014830271470866f,-1.927033640267454f,0.5589635047508676f,0.759514646759425f,-0.33271204023078704f,-0.71501572974666f,0.261281669490787f,-0.5421387436987376f,-0.7986347549217114f,1.1841557010227453f,0f,0f,0f,1f], start_interpolation: 0, interpolation_duration: 1 }
$data merge entity $(bone_drillhead_right3) { transformation: [0.9644298790026595f,0.24948255040801642f,-0.08736970601316785f,-1.5673489953491597f,-0.029999290468114836f,0.43168619869694524f,0.9015248573533576f,-0.8358722385995689f,0.26263101693883295f,-0.8668364799063853f,0.42381536787282914f,1.184521784278194f,0f,0f,0f,1f], start_interpolation: 0, interpolation_duration: 1 }
$data merge entity $(bone_drill_right) { transformation: [-0.3545108438437377f,0.33433929180406596f,1.449063594733681f,-1.6194986812699006f,-1.0565957232854482f,0.9916612453497169f,-0.48729811618319463f,-0.4040604537982167f,-1.046505394712059f,-1.1144824872813144f,0.0011164278539273565f,0.625174965020001f,0f,0f,0f,1f], start_interpolation: 0, interpolation_duration: 1 }
$data merge entity $(bone_right_hand) { transformation: [-0.9478404373351509f,0.2186931627525517f,-0.2318874854699924f,-1.6583084796820988f,0.31874436790371635f,0.6486510543061046f,-0.6911250521267766f,-0.22439183991579514f,-0.0007302615766248357f,-0.7289891016420377f,-0.6845249129178315f,0.38225524737110855f,0f,0f,0f,1f], start_interpolation: 0, interpolation_duration: 1 }
$data merge entity $(bone_right_arm_low) { transformation: [-0.9478404373351509f,0.2186931627525517f,-0.2318874854699924f,-1.3876217735170375f,0.31874436790371635f,0.6486510543061046f,-0.6911250521267766f,0.3827400335173654f,-0.0007302615766248357f,-0.7289891016420377f,-0.6845249129178315f,-0.3680796164510723f,0f,0f,0f,1f], start_interpolation: 0, interpolation_duration: 1 }
$data merge entity $(bone_right_arm) { transformation: [-1.0489694829295937f,0.35217640825132746f,0.02016878498182463f,-1f,0.3527525326168968f,1.0473957500303457f,0.057443642683616805f,1.4375f,-0.0008081762269915088f,0.06087609402378115f,-1.1050182924104117f,-0.30617375000000013f,0f,0f,0f,1f], start_interpolation: 0, interpolation_duration: 1 }