# This file was generated by Animated Java via MC-Build. It is not recommended to edit this file directly.
$data merge entity $(bone_drillhead_right1) { transformation: [-0.9076733711903685f,0.23821096717186857f,-0.3455207466288446f,-2.3451436130231675f,-0.33036608954935215f,-0.9132982984736763f,0.23821096717186843f,0.949683610704091f,-0.258819045102521f,0.33036608954935187f,0.9076733711903685f,0.8034213475263365f,0f,0f,0f,1f], start_interpolation: 0, interpolation_duration: 1 }
$data merge entity $(bone_drillhead_right2) { transformation: [0.03136615102836021f,-0.9941831585845239f,0.10303403203100087f,-2.159718995996249f,0.9945884082817695f,0.02083035523156762f,-0.10178405775200111f,1.2191755418845849f,0.09904576054128764f,0.10566902804429464f,0.9894564133052915f,0.8748067136417725f,0f,0f,0f,1f], start_interpolation: 0, interpolation_duration: 1 }
$data merge entity $(bone_drillhead_right3) { transformation: [0.6633369712786843f,0.5818333144851254f,-0.470589052879553f,-2.0298227376486064f,-0.7417371501102124f,0.594453440142122f,-0.3105657863473972f,0.8626556483663412f,0.09904576054128772f,0.555063151054409f,0.8258903290754457f,0.8748403601176358f,0f,0f,0f,1f], start_interpolation: 0, interpolation_duration: 1 }
$data merge entity $(bone_drill_right) { transformation: [-1.3876559664399293f,0.37182129557980875f,0.5228822477253919f,-2.01705418573643f,-0.5050654671860346f,0.1353318840573457f,-1.4366071686591928f,1.0668104142030856f,-0.39568395808922846f,-1.4767126353289532f,6.10408676394416e-17f,0.19645428484970345f,0f,0f,0f,1f], start_interpolation: 0, interpolation_duration: 1 }
$data merge entity $(bone_right_hand) { transformation: [-0.3420201433256689f,0.2432103468016943f,-0.9076733711903684f,-2.026325774371082f,0.9396926207859083f,0.08852132690137689f,-0.33036608954935237f,1.1637146336383324f,-9.739653860802776e-17f,-0.9659258262890682f,-0.258819045102521f,-0.09219881211909597f,0f,0f,0f,1f], start_interpolation: 0, interpolation_duration: 1 }
$data merge entity $(bone_right_arm_low) { transformation: [-0.3420201433256689f,0.2432103468016943f,-0.9076733711903684f,-1.7901039614612324f,0.9396926207859083f,0.08852132690137689f,-0.33036608954935237f,1.1831812314421728f,-9.739653860802776e-17f,-0.9659258262890682f,-0.258819045102521f,-1.066212733567618f,0f,0f,0f,1f], start_interpolation: 0, interpolation_duration: 1 }
$data merge entity $(bone_right_arm) { transformation: [-0.37851169750101504f,0.7667332930333014f,0.7025816185634502f,-1f,1.0399523418834768f,0.2790680962850278f,0.25571879629966665f,1.4375f,-1.0778818113102912e-16f,0.7476717418253735f,-0.8159405278632996f,-0.30617375000000013f,0f,0f,0f,1f], start_interpolation: 0, interpolation_duration: 1 }