# This file was generated by Animated Java via MC-Build. It is not recommended to edit this file directly.
$data merge entity $(bone_drillhead_right1) { transformation: [-0.9363381898815971f,0.34904779565773036f,0.03790027065514817f,-2.2910139302179573f,-0.3136130435463157f,-0.7829466887099851f,-0.5372535170249577f,0.9660432220450748f,-0.15785326441626396f,-0.5149370048700608f,0.8425688268198509f,1.042695266898689f,0f,0f,0f,1f], start_interpolation: 0, interpolation_duration: 1 }
$data merge entity $(bone_drillhead_right2) { transformation: [0.0615392310631116f,-0.7847779188250575f,-0.6167143108156095f,-2.0937376517786777f,0.9946313881672435f,0.09972024108219588f,-0.027645527504661482f,1.2322405244989616f,0.08319449929330193f,-0.6117021265641635f,0.7867014577615937f,1.0909148292964144f,0f,0f,0f,1f], start_interpolation: 0, interpolation_duration: 1 }
$data merge entity $(bone_drillhead_right3) { transformation: [0.6551029936536976f,0.7135563425488668f,0.24834937832466514f,-1.9717247418285861f,-0.7546023562897106f,0.6015658061110207f,0.2620951445563505f,0.8730676947205261f,0.037621158780397984f,-0.359104339887841f,0.9325388578958723f,1.0815766445946395f,0f,0f,0f,1f], start_interpolation: 0, interpolation_duration: 1 }
$data merge entity $(bone_drill_right) { transformation: [-1.4314788965228475f,0.21663371595369185f,0.49110488080568515f,-2.0264923815192377f,-0.47945331971092664f,0.1128286675219945f,-1.447287189203554f,1.070192578124048f,-0.24132692567809994f,-1.5091671633476016f,-0.037706631319311464f,0.4032020007325023f,0f,0f,0f,1f], start_interpolation: 0, interpolation_duration: 1 }
$data merge entity $(bone_right_hand) { transformation: [-0.32123439350212846f,0.141701300631201f,-0.936338189881597f,-2.0642147326328586f,0.9466784807442328f,0.07380184966115613f,-0.3136130435463159f,1.1644142215874116f,0.02466411415621821f,-0.9871545108978725f,-0.15785326441626396f,0.11598029782799113f,0f,0f,0f,1f], start_interpolation: 0, interpolation_duration: 1 }
$data merge entity $(bone_right_arm_low) { transformation: [-0.32123439350212846f,0.141701300631201f,-0.936338189881597f,-1.9316968508415746f,0.9466784807442328f,0.07380184966115613f,-0.3136130435463159f,1.1692482585912307f,0.02466411415621821f,-0.9871545108978725f,-0.15785326441626396f,-0.8776486347176533f,0f,0f,0f,1f], start_interpolation: 0, interpolation_duration: 1 }
$data merge entity $(bone_right_arm) { transformation: [-0.35550822942151017f,0.9066611891188019f,0.5256913214932226f,-1f,1.0476835523485049f,0.2929891097121342f,0.20319580276801183f,1.4375f,0.02729563126268745f,0.5629341420359926f,-0.9524348160258529f,-0.30617375000000013f,0f,0f,0f,1f], start_interpolation: 0, interpolation_duration: 1 }