# This file was generated by Animated Java via MC-Build. It is not recommended to edit this file directly.
$data merge entity $(bone_drillhead_right1) { transformation: [-0.9371905483515808f,0.2633198662979517f,0.22877177293821083f,-2.2525031849371837f,-0.33273920156749237f,-0.4780417632894225f,-0.8128718818432382f,0.9197828364017626f,-0.10468285351809613f,-0.8379371817528857f,0.5356330643410098f,1.2339882439847618f,0f,0f,0f,1f], start_interpolation: 0, interpolation_duration: 1 }
$data merge entity $(bone_drillhead_right2) { transformation: [0.04597603311636367f,-0.5017145371734748f,-0.8638105854686484f,-2.0582564539979766f,0.9958351921814661f,0.0911716381437524f,0.00004910282444875458f,1.1899988757677833f,0.07873039052224828f,-0.860215237941639f,0.5038167028009529f,1.2708061697163786f,0f,0f,0f,1f], start_interpolation: 0, interpolation_duration: 1 }
$data merge entity $(bone_drillhead_right3) { transformation: [0.6713185585302431f,0.4915491148745919f,0.5547169193731898f,-1.929717510781371f,-0.7411676327049312f,0.44381897876172594f,0.5036816994109146f,0.8333402108077924f,0.0013903968659055577f,-0.7492690983597976f,0.662264210900492f,1.2549376371825312f,0f,0f,0f,1f], start_interpolation: 0, interpolation_duration: 1 }
$data merge entity $(bone_drill_right) { transformation: [-1.4327819867687004f,0.12915487055069658f,0.5173981057498273f,-2.02649837481594f,-0.5086934936937242f,0.11413338046091817f,-1.4371675278016744f,1.027954915198326f,-0.1600397134905886f,-1.5190584560532676f,-0.06398983691379585f,0.5805427583163535f,0f,0f,0f,1f], start_interpolation: 0, interpolation_duration: 1 }
$data merge entity $(bone_right_hand) { transformation: [-0.3384329360095658f,0.08448090852026127f,-0.9371905483515807f,-2.0822007890315986f,0.9400591547714455f,0.07465526954356891f,-0.3327392015674926f,1.120818606089464f,0.04185610295214427f,-0.9936244596551398f,-0.10468285351809614f,0.2958138057062155f,0f,0f,0f,1f], start_interpolation: 0, interpolation_duration: 1 }
$data merge entity $(bone_right_arm_low) { transformation: [-0.3384329360095658f,0.08448090852026127f,-0.9371905483515807f,-2.005855026646726f,0.9400591547714455f,0.07465526954356891f,-0.3327392015674926f,1.1263220784108334f,0.04185610295214427f,-0.9936244596551398f,-0.10468285351809614f,-0.7036979995558738f,0f,0f,0f,1f], start_interpolation: 0, interpolation_duration: 1 }
$data merge entity $(bone_right_arm) { transformation: [-0.3745417560896598f,0.979083964999533f,0.35480281983109313f,-1f,1.040357982907156f,0.33501331340803253f,0.17376226798345185f,1.4375f,0.046321904976537515f,0.3923425134422635f,-1.03377638384671f,-0.30617375000000013f,0f,0f,0f,1f], start_interpolation: 0, interpolation_duration: 1 }