# This file was generated by Animated Java via MC-Build. It is not recommended to edit this file directly.
$data merge entity $(bone_drillhead_right1) { transformation: [-0.9294464001318805f,0.08903618179394118f,0.358052995537595f,-2.1767540829767564f,-0.3653444135186907f,-0.086623704023418f,-0.9268332068996813f,0.856264832015811f,-0.051505813192034705f,-0.992254449338888f,0.11304096149010635f,1.461674442818543f,0f,0f,0f,1f], start_interpolation: 0, interpolation_duration: 1 }
$data merge entity $(bone_drillhead_right2) { transformation: [0.01562739247316952f,-0.14844971852079358f,-0.9887964733329037f,-1.9902698292850607f,0.9969816735334706f,0.07752799572210238f,0.004117343526433503f,1.1331457060646375f,0.07604819026703083f,-0.9858763061106658f,0.14921320922324083f,1.487455536228547f,0f,0f,0f,1f], start_interpolation: 0, interpolation_duration: 1 }
$data merge entity $(bone_drillhead_right3) { transformation: [0.69574008473052f,0.14977244822872754f,0.7025054791606561f,-1.850484574467345f,-0.7173591652119841f,0.19475240220096696f,0.6689299888054945f,0.7811450281098417f,-0.03662734750886489f,-0.969350151177853f,0.24293769124188808f,1.4643237659985604f,0f,0f,0f,1f], start_interpolation: 0, interpolation_duration: 1 }
$data merge entity $(bone_drill_right) { transformation: [-1.420942691022953f,0.03899718432083397f,0.5627140396976401f,-1.9919667589513175f,-0.5585405183362809f,0.1156315066037206f,-1.4184173737255665f,0.9709754670604772f,-0.07874236619780411f,-1.5239273527058113f,-0.09322588412007846f,0.7964936473526048f,0f,0f,0f,1f], start_interpolation: 0, interpolation_duration: 1 }
$data merge entity $(bone_right_hand) { transformation: [-0.36807433670960876f,0.025508271945988745f,-0.9294464001318804f,-2.066882005601776f,0.9277945762504001f,0.07563520206242985f,-0.3653444135186909f,1.0612963971966565f,0.06097956162619023f,-0.9968092316342708f,-0.05150581319203472f,0.5153765260517488f,0f,0f,0f,1f], start_interpolation: 0, interpolation_duration: 1 }
$data merge entity $(bone_right_arm_low) { transformation: [-0.36807433670960876f,0.025508271945988745f,-0.9294464001318804f,-2.047414287615558f,0.9277945762504001f,0.07563520206242985f,-0.3653444135186909f,1.0675274253209772f,0.06097956162619023f,-0.9968092316342708f,-0.05150581319203472f,-0.48685348484641f,0f,0f,0f,1f], start_interpolation: 0, interpolation_duration: 1 }
$data merge entity $(bone_right_arm) { transformation: [-0.4073457213362266f,1.0190557585739581f,0.14271230766949328f,-1f,1.0267848454012898f,0.3924742370157444f,0.128253004125389f,1.4375f,0.06748572513759525f,0.17961434444440152f,-1.0899341001668352f,-0.30617375000000013f,0f,0f,0f,1f], start_interpolation: 0, interpolation_duration: 1 }