# This file was generated by Animated Java via MC-Build. It is not recommended to edit this file directly.
$data merge entity $(bone_drillhead_right1) { transformation: [-0.8904005639543453f,-0.35547969669295243f,0.28429038138647994f,-1.8664771098805f,-0.45250063144002717f,0.6236450726863926f,-0.6374245067930482f,0.7482343621294019f,0.04929517477563405f,-0.6962047174165588f,-0.716148711644983f,1.9477794774165127f,0f,0f,0f,1f], start_interpolation: 0, interpolation_duration: 1 }
$data merge entity $(bone_drillhead_right2) { transformation: [-0.0715646526898287f,0.5699304962066655f,-0.818570540624941f,-1.7056066420665734f,0.9946475271491828f,0.10209995373879321f,-0.015871237587272102f,1.0418216125372777f,0.07453051201621762f,-0.8153249836354581f,-0.574186706427831f,1.9533722450388917f,0f,0f,0f,1f], start_interpolation: 0, interpolation_duration: 1 }
$data merge entity $(bone_drillhead_right3) { transformation: [0.7530477406775494f,-0.4876130633517838f,0.4417607958037103f,-1.536152751547729f,-0.6483185375755027f,-0.4353425725218584f,0.6246278238967677f,0.7044894195271749f,-0.11225940538057087f,-0.7567762846434469f,-0.6439623287932772f,1.915007624799866f,0f,0f,0f,1f], start_interpolation: 0, interpolation_duration: 1 }
$data merge entity $(bone_drill_right) { transformation: [-1.361249205176458f,-0.13694261002853372f,0.6822707123967542f,-1.76637420362228f,-0.6917854163906005f,0.10397599389277623f,-1.359363061287393f,0.8735065125593787f,0.07536273021251937f,-1.5191055645615685f,-0.1545469011087984f,1.2665624253289725f,0f,0f,0f,1f], start_interpolation: 0, interpolation_duration: 1 }
$data merge entity $(bone_right_hand) { transformation: [-0.446277011422647f,-0.08957491158496597f,-0.8904005639543452f,-1.8794778198526163f,0.889166826901544f,0.06801126733281758f,-0.4525006314400274f,0.953558999305372f,0.10108997484177222f,-0.9936552735885466f,0.049295174775634026f,0.9952762814674638f,0f,0f,0f,1f], start_interpolation: 0, interpolation_duration: 1 }
$data merge entity $(bone_right_arm_low) { transformation: [-0.446277011422647f,-0.08957491158496597f,-0.8904005639543452f,-1.96898543584724f,0.889166826901544f,0.06801126733281758f,-0.4525006314400274f,0.9518566952243422f,0.10108997484177222f,-0.9936552735885466f,0.049295174775634026f,-0.003156641336954924f,0f,0f,0f,1f], start_interpolation: 0, interpolation_duration: 1 }
$data merge entity $(bone_right_arm) { transformation: [-0.4938921652588768f,0.9394990215757851f,-0.3133434155811617f,-1f,0.9840357405254486f,0.5050753149932115f,-0.036668325392196895f,1.4375f,0.11187568546586941f,-0.2949788012326962f,-1.0607748660101686f,-0.30617375000000013f,0f,0f,0f,1f], start_interpolation: 0, interpolation_duration: 1 }