# This file was generated by Animated Java via MC-Build. It is not recommended to edit this file directly.
$data merge entity $(bone_drillhead_right1) { transformation: [-0.8624052323292498f,-0.5002720765400749f,0.07736319981369702f,-1.6459169022775677f,-0.49737148072673887f,0.8089327141118934f,-0.3134477216367295f,0.7345769933421709f,0.09422751939228738f,-0.3087972044462949f,-0.9464488687273757f,2.159244093669847f,0f,0f,0f,1f], start_interpolation: 0, interpolation_duration: 1 }
$data merge entity $(bone_drillhead_right2) { transformation: [-0.11906556246997974f,0.8309806358266817f,-0.5434101349025346f,-1.500326264874743f,0.9900558797616203f,0.140662760455106f,-0.0018283245316838836f,1.0360687274428615f,0.07491826735283605f,-0.5382240896710526f,-0.8394653551604233f,2.156056518415208f,0f,0f,0f,1f], start_interpolation: 0, interpolation_duration: 1 }
$data merge entity $(bone_drillhead_right3) { transformation: [0.7791219512647194f,-0.6132363077728941f,0.13003928593515274f,-1.3157670073611356f,-0.6093842289515894f,-0.6922546347567637f,0.38656743546612427f,0.7076806329716154f,-0.1470368884414132f,-0.38042706460877374f,-0.9130473163810401f,2.1104647053932153f,0f,0f,0f,1f], start_interpolation: 0, interpolation_duration: 1 }
$data merge entity $(bone_drill_right) { transformation: [-1.3184497905466324f,-0.21603433912535308f,0.743145555161002f,-1.5857462889120588f,-0.760384213830559f,0.08834909410426009f,-1.323350402182876f,0.8610351258296333f,0.14405554204599233f,-1.5108837162134514f,-0.1836420401656624f,1.473563254223f,0f,0f,0f,1f], start_interpolation: 0, interpolation_duration: 1 }
$data merge entity $(bone_right_hand) { transformation: [-0.48609557963322814f,-0.14130924496355063f,-0.8624052323292497f,-1.7159227598551756f,0.8656107492529984f,0.05778962655489027f,-0.49737148072673903f,0.9336599117424388f,0.12012126472318935f,-0.9882773175331293f,0.09422751939228735f,1.2079004465630665f,0f,0f,0f,1f], start_interpolation: 0, interpolation_duration: 1 }
$data merge entity $(bone_right_arm_low) { transformation: [-0.48609557963322814f,-0.14130924496355063f,-0.8624052323292497f,-1.8538011946019386f,0.8656107492529984f,0.05778962655489027f,-0.49737148072673903f,0.921806007696306f,0.12012126472318935f,-0.9882773175331293f,0.09422751939228735f,0.2150601599657468f,0f,0f,0f,1f], start_interpolation: 0, interpolation_duration: 1 }
$data merge entity $(bone_right_arm) { transformation: [-0.5379591424225457f,0.8249649585407044f,-0.5047818903229008f,-1f,0.9579663668022561f,0.5339128729156564f,-0.14835586521827596f,1.4375f,0.13293750296177612f,-0.509059760587018f,-0.9736312233034661f,-0.30617375000000013f,0f,0f,0f,1f], start_interpolation: 0, interpolation_duration: 1 }