# This file was generated by Animated Java via MC-Build. It is not recommended to edit this file directly.
$data merge entity $(bone_drillhead_right1) { transformation: [-0.83281322514239f,-0.5212095373326955f,-0.18644771444393834f,-1.414470273828736f,-0.5371221133134361f,0.8423314764811756f,0.04446930535494646f,0.7544363615338981f,0.1338729525245451f,0.1371798160170831f,-0.9814579617384946f,2.3254735574607936f,0f,0f,0f,1f], start_interpolation: 0, interpolation_duration: 1 }
$data merge entity $(bone_drillhead_right2) { transformation: [-0.1628310001748245f,0.9688773478416647f,-0.18644771444393896f,-1.2837068168098693f,0.983760544632947f,0.17388982634052175f,0.04446930535494684f,1.0624729060336688f,0.07550666331890568f,-0.17617892363891138f,-0.9814579617384945f,2.3145893658269605f,0f,0f,0f,1f], start_interpolation: 0, interpolation_duration: 1 }
$data merge entity $(bone_drillhead_right3) { transformation: [0.8002386472078851f,-0.5699608383858722f,-0.1864477144439384f,-1.0858275466854743f,-0.5726650767889939f,-0.8185824275584619f,0.044469305354947204f,0.7429232119006546f,-0.177968585264789f,0.07118603794965347f,-0.9814579617384945f,2.2625195955797603f,0f,0f,0f,1f], start_interpolation: 0, interpolation_duration: 1 }
$data merge entity $(bone_drill_right) { transformation: [-1.273209369669322f,-0.28504227576701296f,0.796827963892552f,-1.3900667491038605f,-0.8211551962450282f,0.06798491490204643f,-1.287760923873252f,0.8790652271113377f,0.20466569496468404f,-1.5004582481364364f,-0.2097212457842537f,1.6372566662009134f,0f,0f,0f,1f], start_interpolation: 0, interpolation_duration: 1 }
$data merge entity $(bone_right_hand) { transformation: [-0.5212095373326956f,-0.18644771444393843f,-0.8328132251423899f,-1.5349103975903016f,0.8423314764811752f,0.04446930535494664f,-0.5371221133134363f,0.9436665336639593f,0.13717981601708332f,-0.9814579617384944f,0.13387295252454506f,1.3771720853917575f,0f,0f,0f,1f], start_interpolation: 0, interpolation_duration: 1 }
$data merge entity $(bone_right_arm_low) { transformation: [-0.5212095373326956f,-0.18644771444393843f,-0.8328132251423899f,-1.7148079292366463f,0.8423314764811752f,0.04446930535494664f,-0.5371221133134363f,0.9187050556977876f,0.13717981601708332f,-0.9814579617384944f,0.13387295252454506f,0.3913239149185873f,0f,0f,0f,1f], start_interpolation: 0, interpolation_duration: 1 }
$data merge entity $(bone_right_arm) { transformation: [-0.5768195545771265f,0.6871539151046586f,-0.6479742872582317f,-1f,0.9322033314214372f,0.5362477268109659f,-0.26116527891523755f,1.4375f,0.1518161021705127f,-0.6819309722988387f,-0.8583088014667802f,-0.30617375000000013f,0f,0f,0f,1f], start_interpolation: 0, interpolation_duration: 1 }