# This file was generated by Animated Java via MC-Build. It is not recommended to edit this file directly.
$data merge entity $(bone_drillhead_right1) { transformation: [-0.8058675937850607f,-0.4025310847435235f,-0.4342190082231304f,-1.2045591261981765f,-0.5680133401920526f,0.7326045122881326f,0.375035296924083f,0.797867704183462f,0.16714743985758232f,0.5488709815523772f,-0.8190252614900142f,2.4403341695019667f,0f,0f,0f,1f], start_interpolation: 0, interpolation_duration: 1 }
$data merge entity $(bone_drillhead_right2) { transformation: [-0.19819493545565015f,0.9593647276641719f,0.20084343871179977f,-1.08637484661776f,0.977225046903554f,0.17755570454102776f,0.1162117872218072f,1.1106527679770855f,0.07582859133649923f,0.21930182648302182f,-0.9727058823905268f,2.4229548716426415f,0f,0f,0f,1f], start_interpolation: 0, interpolation_duration: 1 }
$data merge entity $(bone_drillhead_right3) { transformation: [0.8149792890985764f,-0.3901721137332266f,-0.4284559253941134f,-0.8782098624623331f,-0.5424864575958456f,-0.7736612632414274f,-0.3273479694221272f,0.798646510969048f,-0.20375770332797338f,0.4992133526105103f,-0.8421809941514262f,2.3655187462643754f,0f,0f,0f,1f], start_interpolation: 0, interpolation_duration: 1 }
$data merge entity $(bone_drill_right) { transformation: [-1.2320147424947339f,-0.34156430137397226f,0.8382836657909336f,-1.2099405086058428f,-0.8683818712245361f,0.04630042927695966f,-1.2573842682357224f,0.918486417242527f,0.2555359114362378f,-1.489441539740657f,-0.23132509524643385f,1.7509920611458265f,0f,0f,0f,1f], start_interpolation: 0, interpolation_duration: 1 }
$data merge entity $(bone_right_hand) { transformation: [-0.5483259390973948f,-0.22341908110104852f,-0.8058675937850606f,-1.3665042000620935f,0.8224619395823844f,0.030285364489295752f,-0.5680133401920529f,0.9755921048200767f,0.15131101232673805f,-0.9742518724117052f,0.1671474398575823f,1.4959945092875175f,0f,0f,0f,1f], start_interpolation: 0, interpolation_duration: 1 }
$data merge entity $(bone_right_arm_low) { transformation: [-0.5483259390973948f,-0.22341908110104852f,-0.8058675937850606f,-1.580836272275338f,0.8224619395823844f,0.030285364489295752f,-0.5680133401920529f,0.9367231812044718f,0.15131101232673805f,-0.9742518724117052f,0.1671474398575823f,0.5175090561009406f,0f,0f,0f,1f], start_interpolation: 0, interpolation_duration: 1 }
$data merge entity $(bone_right_arm) { transformation: [-0.6068291182311089f,0.5545286261073833f,-0.7409645083459402f,-1f,0.9102138308411774f,0.5179119701126118f,-0.3578406794839424f,1.4375f,0.1674550146944291f,-0.8056284333211924f,-0.7400632567640131f,-0.30617375000000013f,0f,0f,0f,1f], start_interpolation: 0, interpolation_duration: 1 }