# This file was generated by Animated Java via MC-Build. It is not recommended to edit this file directly.
$data merge entity $(bone_drillhead_right1) { transformation: [-0.3867298507446388f,-0.5558228516863634f,0.7358675017190719f,-2.183564690290042f,-0.6855085253103949f,0.7070229661226052f,0.1737716521817107f,-0.6250656736625888f,-0.6168614789965388f,-0.43724076081540314f,-0.6544481895549642f,0.9057191393126098f,0f,0f,0f,1f], start_interpolation: 0, interpolation_duration: 1 }
$data merge entity $(bone_drillhead_right2) { transformation: [-0.6548319769828633f,0.7459184934670013f,-0.12165805778753028f,-2.241849149839902f,0.7194976714371091f,0.6645434170245574f,0.2017551676807903f,-0.3420650119281333f,0.23133997215633362f,0.04458304602923201f,-0.9718508986925222f,1.0748865336273754f,0f,0f,0f,1f], start_interpolation: 0, interpolation_duration: 1 }
$data merge entity $(bone_drillhead_right3) { transformation: [0.950822190344858f,0.1491783315309702f,0.2714461046864418f,-1.912070035240728f,-0.19483216067448283f,-0.39322460273031745f,0.8985626527819289f,-0.5297379437108837f,0.2407853639960691f,-0.9072597407629308f,-0.34482194140753364f,1.0769063824619316f,0f,0f,0f,1f], start_interpolation: 0, interpolation_duration: 1 }
$data merge entity $(bone_drill_right) { transformation: [-0.5912346906050953f,0.47201382213485654f,1.328491811931139f,-1.9034665740653962f,-1.0480091466657104f,0.8164731449952749f,-0.7565014435120894f,-0.1418870311858832f,-0.9430611704229197f,-1.2032541532213838f,0.007814961636759998f,0.4839919522457766f,0f,0f,0f,1f], start_interpolation: 0, interpolation_duration: 1 }
$data merge entity $(bone_right_hand) { transformation: [-0.8689737735412519f,0.3087468274177185f,-0.3867298507446386f,-1.917080800004465f,0.49483173938612035f,0.5340595579360736f,-0.685508525310395f,0.021986889121818287f,-0.005111809228017762f,-0.787055134750177f,-0.6168614789965388f,0.2275606913103968f,0f,0f,0f,1f], start_interpolation: 0, interpolation_duration: 1 }
$data merge entity $(bone_right_arm_low) { transformation: [-0.8689737735412519f,0.3087468274177185f,-0.3867298507446386f,-1.5661084195761883f,0.49483173938612035f,0.5340595579360736f,-0.685508525310395f,0.5036973219303096f,-0.005111809228017762f,-0.787055134750177f,-0.6168614789965388f,-0.578451876581671f,0f,0f,0f,1f], start_interpolation: 0, interpolation_duration: 1 }
$data merge entity $(bone_right_arm) { transformation: [-0.9616882061644246f,0.5301832259584135f,0.13723527086944132f,-1f,0.5476273994601397f,0.9338198514405042f,0.22990583931294006f,1.4375f,-0.0056572094537600945f,0.26769051253638526f,-1.0738164480083325f,-0.30617375000000013f,0f,0f,0f,1f], start_interpolation: 0, interpolation_duration: 1 }