# This file was generated by Animated Java via MC-Build. It is not recommended to edit this file directly.
$data merge entity $(bone_drillhead_right1) { transformation: [-0.48255524396184324f,-0.7490320185589289f,0.45397298564833405f,-2.3478695127245683f,-0.6621729816457764f,0.6512529993251035f,0.37067030262539097f,-0.3730692174745372f,-0.5732951935113952f,-0.1217397471805868f,-0.8102543150475279f,0.8494967947368072f,0f,0f,0f,1f], start_interpolation: 0, interpolation_duration: 1 }
$data merge entity $(bone_drillhead_right2) { transformation: [-0.5589862822385743f,0.7945751205085817f,0.2370331498712152f,-2.367566093511753f,0.8015659608910538f,0.4446669031529801f,0.3997040850193299f,-0.07780820824506277f,0.2121941248241768f,0.4134268050200799f,-0.8854670689986108f,1.0061398322472321f,0f,0f,0f,1f], start_interpolation: 0, interpolation_duration: 1 }
$data merge entity $(bone_drillhead_right3) { transformation: [0.9283180763687571f,-0.08839327000665764f,0.3611262644900543f,-2.062078226546401f,-0.29476070201979143f,-0.7669618567920266f,0.5699874022914249f,-0.3028581020279547f,0.22658701999852118f,-0.6355754400884737f,-0.7380394178663718f,1.0091700111744164f,0f,0f,0f,1f], start_interpolation: 0, interpolation_duration: 1 }
$data merge entity $(bone_drill_right) { transformation: [-0.7377330708097708f,0.5279115584336183f,1.2305711294903334f,-2.0259852257605897f,-1.0123336411103803f,0.6997340315144878f,-0.9070826237151839f,0.05405793418683047f,-0.8764567971891859f,-1.2525684307222542f,0.01190844440737972f,0.39813964381431505f,0f,0f,0f,1f], start_interpolation: 0, interpolation_duration: 1 }
$data merge entity $(bone_right_hand) { transformation: [-0.8049233186087287f,0.3453098430175967f,-0.48255524396184307f,-2.0280359918864663f,0.5933277144536436f,0.4576998641463176f,-0.6621729816457765f,0.2066326967545073f,-0.007789378738168333f,-0.819311873876856f,-0.5732951935113952f,0.13448506548206274f,0f,0f,0f,1f], start_interpolation: 0, interpolation_duration: 1 }
$data merge entity $(bone_right_arm_low) { transformation: [-0.8049233186087287f,0.3453098430175967f,-0.48255524396184307f,-1.6474982928296316f,0.5933277144536436f,0.4576998641463176f,-0.6621729816457765f,0.6065566730710417f,-0.007789378738168333f,-0.819311873876856f,-0.5732951935113952f,-0.7022554470208888f,0f,0f,0f,1f], start_interpolation: 0, interpolation_duration: 1 }
$data merge entity $(bone_right_arm) { transformation: [-0.8908039413182549f,0.6122177426088738f,0.23754947337509688f,-1f,0.6566323205075132f,0.8356621268966496f,0.30866613657723185f,1.4375f,-0.008620460011488256f,0.3893972571031934f,-1.035889686387372f,-0.30617375000000013f,0f,0f,0f,1f], start_interpolation: 0, interpolation_duration: 1 }