# This file was generated by Animated Java via MC-Build. It is not recommended to edit this file directly.
$data merge entity $(bone_drillhead_right1) { transformation: [-0.5814103412723199f,-0.8067743936190729f,0.1052477689178313f,-2.461075537840026f,-0.6219040018633799f,0.524088732030886f,0.5818646005941339f,-0.08717635578574107f,-0.5245926300739625f,0.27284808732852617f,-0.8064468325396583f,0.7974013333283476f,0f,0f,0f,1f], start_interpolation: 0, interpolation_duration: 1 }
$data merge entity $(bone_drillhead_right2) { transformation: [-0.44839642738604896f,0.6471575079916827f,0.6165450541180448f,-2.438557485349985f,0.8731055746228678f,0.16942998294766107f,0.4571434528031945f,0.2148427456708079f,0.19138259970514385f,0.7432904147964978f,-0.6410086269323921f,0.9401649832320986f,0f,0f,0f,1f], start_interpolation: 0, interpolation_duration: 1 }
$data merge entity $(bone_drillhead_right3) { transformation: [0.8933886374073478f,-0.36630807395035675f,0.2601444550825982f,-2.1629398571689236f,-0.3971208585535414f,-0.9146207406450673f,0.07592051424724704f,-0.04592354096373519f,0.21012321683512333f,-0.1711353141249579f,-0.9625803540516561f,0.9440816565322316f,0f,0f,0f,1f], start_interpolation: 0, interpolation_duration: 1 }
$data merge entity $(bone_drill_right) { transformation: [-0.888863279043138f,0.5609712372960399f,1.1101708625813282f,-2.1069982898509823f,-0.950770206695412f,0.5733722911280513f,-1.0509644293962916f,0.27661319130846906f,-0.8020000544004868f,-1.3014612897518159f,0.015505677943806452f,0.31567854639479814f,0f,0f,0f,1f], start_interpolation: 0, interpolation_duration: 1 }
$data merge entity $(bone_right_hand) { transformation: [-0.7261688443005986f,0.3669343601091854f,-0.5814103412723198f,-2.1005144409088663f,0.6874415919376865f,0.3750459573712164f,-0.62190400186338f,0.41654660828206064f,-0.010142348905078096f,-0.8512929608723254f,-0.5245926300739625f,0.04517235606482706f,0f,0f,0f,1f], start_interpolation: 0, interpolation_duration: 1 }
$data merge entity $(bone_right_arm_low) { transformation: [-0.7261688443005986f,0.3669343601091854f,-0.5814103412723198f,-1.7063636011956533f,0.6874415919376865f,0.3750459573712164f,-0.62190400186338f,0.729192966098941f,-0.010142348905078096f,-0.8512929608723254f,-0.5245926300739625f,-0.8218802276907423f,0f,0f,0f,1f], start_interpolation: 0, interpolation_duration: 1 }
$data merge entity $(bone_right_arm) { transformation: [-0.8036468240025474f,0.6725462344344973f,0.3558164180481621f,-1f,0.7607875997214848f,0.7179145556609487f,0.361348719956488f,1.4375f,-0.011224478369547984f,0.5070031872208974f,-0.9836634372422365f,-0.30617375000000013f,0f,0f,0f,1f], start_interpolation: 0, interpolation_duration: 1 }