# This file was generated by Animated Java via MC-Build. It is not recommended to edit this file directly.
$data merge entity $(bone_drillhead_right1) { transformation: [-0.6756383908218697f,-0.7017504906836065f,-0.22596241650538296f,-2.511541971244774f,-0.5662519064414608f,0.29769597176819373f,0.7685934470475284f,0.20498698705169444f,-0.4720927274371482f,0.6472428888897187f,-0.5985023805154381f,0.7569746701763176f,0f,0f,0f,1f], start_interpolation: 0, interpolation_duration: 1 }
$data merge entity $(bone_drillhead_right2) { transformation: [-0.3304042167775515f,0.30572544740101093f,0.8929529687206738f,-2.44620078194812f,0.9284277439039681f,-0.06499586537953081f,0.3657833536848744f,0.5073988098440873f,0.16986753040237165f,0.9498986726462031f,-0.26236907939004894f,0.8849656014296197f,0f,0f,0f,1f], start_interpolation: 0, interpolation_duration: 1 }
$data merge entity $(bone_drillhead_right3) { transformation: [0.8475154536522295f,-0.5296285509146363f,-0.034801636121288365f,-2.2042214544402206f,-0.4950372976233805f,-0.7651052737930069f,-0.4117669170487945f,0.21515699996021487f,0.19145660025811753f,0.3662069333999441f,-0.910624429799362f,0.8894603932697096f,0f,0f,0f,1f], start_interpolation: 0, interpolation_duration: 1 }
$data merge entity $(bone_drill_right) { transformation: [-1.0329196315964246f,0.5661225732105717f,0.9745913342491238f,-2.1384717534764732f,-0.8656889817655319f,0.4480289303550091f,-1.177751530011336f,0.5031538690415963f,-0.7217379188748525f,-1.3475983495447477f,0.017862440813329807f,0.24542262134036213f,0f,0f,0f,1f], start_interpolation: 0, interpolation_duration: 1 }
$data merge entity $(bone_right_hand) { transformation: [-0.637485531922091f,0.37030387715718455f,-0.6756383908218696f,-2.127486433462784f,0.7703737291690451f,0.29305817828136016f,-0.5662519064414611f,0.6303684517792008f,-0.011683920411713589f,-0.8814714644869495f,-0.4720927274371482f,-0.031150647745675553f,0f,0f,0f,1f], start_interpolation: 0, interpolation_duration: 1 }
$data merge entity $(bone_right_arm_low) { transformation: [-0.637485531922091f,0.37030387715718455f,-0.6756383908218696f,-1.7384534102736522f,0.7703737291690451f,0.29305817828136016f,-0.5662519064414611f,0.8575828999112f,-0.011683920411713589f,-0.8814714644869495f,-0.4720927274371482f,-0.9266447649393038f,0f,0f,0f,1f], start_interpolation: 0, interpolation_duration: 1 }
$data merge entity $(bone_right_arm) { transformation: [-0.7055015195125753f,0.7068401413512797f,0.4768821647681721f,-1f,0.8525681122246288f,0.5941632225115948f,0.38061746881402797f,1.4375f,-0.012930526563441028f,0.6100156212124144f,-0.9233015335705083f,-0.30617375000000013f,0f,0f,0f,1f], start_interpolation: 0, interpolation_duration: 1 }