# This file was generated by Animated Java via MC-Build. It is not recommended to edit this file directly.
$data merge entity $(bone_drillhead_right1) { transformation: [-0.8257114295313116f,-0.1865954646234258f,-0.5323370809208445f,-2.456791796239163f,-0.4323737261824982f,-0.3967387398123036f,0.8097229978450702f,0.6961633170594057f,-0.3622893816390701f,0.8987661013378917f,0.2469127356728832f,0.7311943712821855f,0f,0f,0f,1f], start_interpolation: 0, interpolation_duration: 1 }
$data merge entity $(bone_drillhead_right2) { transformation: [-0.10925955673949544f,-0.572290121405349f,0.8127400360526975f,-2.3164219027668613f,0.985600949869411f,-0.16852119371132002f,0.013833831234570715f,0.9839231185636406f,0.12904695609584835f,0.802548829799136f,0.582462238184102f,0.8291466541102249f,0f,0f,0f,1f], start_interpolation: 0, interpolation_duration: 1 }
$data merge entity $(bone_drillhead_right3) { transformation: [0.7412317247317501f,-0.15174585835097218f,-0.6538721011975674f,-2.141662067149827f,-0.6546764266694073f,0.05169168398216771f,-0.7541397391534701f,0.6471404441631088f,0.14823733205428227f,0.9870669502523192f,-0.06102892023470582f,0.8331345881361414f,0f,0f,0f,1f], start_interpolation: 0, interpolation_duration: 1 }
$data merge entity $(bone_drill_right) { transformation: [-1.2623521060710459f,0.4985420064951099f,0.7036824781726237f,-2.0870820100148713f,-0.6610152946121534f,0.24182620813359346f,-1.3571384849667614f,0.8788222341005008f,-0.5538699690506276f,-1.4248585736306947f,0.015877800990663927f,0.16575580736485418f,0f,0f,0f,1f], start_interpolation: 0, interpolation_duration: 1 }
$data merge entity $(bone_right_hand) { transformation: [-0.4602825647405797f,0.32609905816667417f,-0.8257114295313115f,-2.079673549419014f,0.8877117193408434f,0.15817984780617772f,-0.4323737261824984f,0.9854770283407296f,-0.010385756629043896f,-0.9320078004023477f,-0.3622893816390701f,-0.11949297890253352f,0f,0f,0f,1f], start_interpolation: 0, interpolation_duration: 1 }
$data merge entity $(bone_right_arm_low) { transformation: [-0.4602825647405797f,0.32609905816667417f,-0.8257114295313115f,-1.7506103131289068f,0.8877117193408434f,0.15817984780617772f,-0.4323737261824984f,1.0746632147449016f,-0.010385756629043896f,-0.9320078004023477f,-0.3622893816390701f,-1.0621732126917869f,0f,0f,0f,1f], start_interpolation: 0, interpolation_duration: 1 }
$data merge entity $(bone_right_arm) { transformation: [-0.509392029416772f,0.7242467147202909f,0.6638964039046725f,-1f,0.9824253814761487f,0.38422235276891825f,0.33464239420340736f,1.4375f,-0.011493856277782545f,0.7433786776492923f,-0.8197731463144441f,-0.30617375000000013f,0f,0f,0f,1f], start_interpolation: 0, interpolation_duration: 1 }