# This file was generated by Animated Java via MC-Build. It is not recommended to edit this file directly.
$data merge entity $(bone_drillhead_right1) { transformation: [-0.8752773498149372f,0.06312220542620642f,-0.47948425217422125f,-2.3956228621471665f,-0.3722389586228046f,-0.7208857576708545f,0.5846040387054543f,0.8568478418670469f,-0.3087518721957009f,0.6901733923945853f,0.6544715195073042f,0.7526270046433655f,0f,0f,0f,1f], start_interpolation: 0, interpolation_duration: 1 }
$data merge entity $(bone_drillhead_right2) { transformation: [-0.024792678181285832f,-0.8705011198463132f,0.49154157856168623f,-2.2281246874471665f,0.9933896024411725f,-0.07657952422375638f,-0.0855141756168708f,1.1343501926791706f,0.11208220585966844f,0.48617216787469314f,0.8666453728680799f,0.8365368779141527f,0f,0f,0f,1f], start_interpolation: 0, interpolation_duration: 1 }
$data merge entity $(bone_drillhead_right3) { transformation: [0.6947009591784851f,0.2504302204114821f,-0.6742961382220353f,-2.080259407291084f,-0.7084902377496095f,0.4001314461600286f,-0.5813229814891083f,0.7849093372639742f,0.12422624654232828f,0.8815778641155536f,0.4553990658438643f,0.8390708530761231f,0f,0f,0f,1f], start_interpolation: 0, interpolation_duration: 1 }
$data merge entity $(bone_drill_right) { transformation: [-1.3381287534827209f,0.4384959550638571f,0.5952971850468946f,-2.043741949710838f,-0.5690809362369029f,0.17500452681048692f,-1.4081073487617728f,0.9990805313847765f,-0.4720215346187619f,-1.4540772727120848f,0.01004777924098232f,0.16464736123293144f,0f,0f,0f,1f], start_interpolation: 0, interpolation_duration: 1 }
$data merge entity $(bone_right_hand) { transformation: [-0.3893871506191102f,0.28682260690829603f,-0.8752773498149371f,-2.043385582647039f,0.9210507324286838f,0.11447141990905442f,-0.3722389586228048f,1.0994873796078914f,-0.0065723074574723294f,-0.9511199115728439f,-0.3087518721957009f,-0.12295538270783835f,0f,0f,0f,1f], start_interpolation: 0, interpolation_duration: 1 }
$data merge entity $(bone_right_arm_low) { transformation: [-0.3893871506191102f,0.28682260690829603f,-0.8752773498149371f,-1.759578696006765f,0.9210507324286838f,0.11447141990905442f,-0.3722389586228048f,1.1447606612831904f,-0.0065723074574723294f,-0.9511199115728439f,-0.3087518721957009f,-1.0833130210707058f,0f,0f,0f,1f], start_interpolation: 0, interpolation_duration: 1 }
$data merge entity $(bone_right_arm) { transformation: [-0.43093248816512403f,0.7352485971020445f,0.7060302186431675f,-1f,1.0193214727828854f,0.3162904129210808f,0.29277310045830707f,1.4375f,-0.007273534324724459f,0.7642917333634559f,-0.8003606815334817f,-0.30617375000000013f,0f,0f,0f,1f], start_interpolation: 0, interpolation_duration: 1 }