execute if entity @s[tag=aj.mech_torso.bone.barrel_left] run data modify entity @s {} merge value {transformation:[-2.2405717666379363f,-0.44151811866756224f,0.22923438416587388f,1.6581410707544646f,-0.4974802795638481f,1.9882014606267322f,-1.0330618649710666f,-1.5872149919361376f,0.00015310364627018884f,-1.058189584290395f,-2.0366352824473233f,-0.1283508896759917f,0f,0f,0f,1f],start_interpolation:0}
execute if entity @s[tag=aj.mech_torso.bone.blaster_left] run data modify entity @s {} merge value {transformation:[-0.9762262146305516f,-0.19237123670642395f,0.09987835178929086f,1.6488009296010022f,-0.21675417739495367f,0.8662674477698229f,-0.45010924842330685f,-0.3864858283361231f,0.00006670788022503629f,-0.4610574977401389f,-0.8873702605607541f,-0.2037319704545669f,0f,0f,0f,1f],start_interpolation:0}
execute if entity @s[tag=aj.mech_torso.bone.sword_left] run data modify entity @s {} merge value {transformation:[-2.6007138200428304f,-0.5124862725290209f,0.2660807566203407f,1.324470774407231f,-0.577443605032064f,2.3077783504521174f,-1.19911279308003f,-0.07877932322693804f,0.00017771301713370756f,-1.2282794584254542f,-2.363997263696443f,0.9516142705453946f,0f,0f,0f,1f],start_interpolation:0}
execute if entity @s[tag=aj.mech_torso.bone.rocket_left] run data modify entity @s {} merge value {transformation:[-2.2495135920030296f,-0.4432801590411111f,0.2301492282522839f,1.4063223621985972f,-0.49946565751454536f,1.996136109503534f,-1.037184678141104f,-0.015351772695629873f,0.0001537146626581001f,-1.062412678862404f,-2.0447632242964513f,-0.48971093750339834f,0f,0f,0f,1f],start_interpolation:0}
execute if entity @s[tag=aj.mech_torso.bone.drillhead_left1] run data modify entity @s {} merge value {transformation:[0.09987835178929064f,-0.19237123670642395f,0.9762262146305516f,1.6071528565301831f,-0.4501092484233069f,0.8662674477698229f,0.21675417739495356f,-1.3599043317186252f,-0.8873702605607541f,-0.4610574977401389f,-0.00006670788022523333f,0.07033336717759762f,0f,0f,0f,1f],start_interpolation:0}
execute if entity @s[tag=aj.mech_torso.bone.drillhead_left2] run data modify entity @s {} merge value {transformation:[-0.9401372092798308f,-0.19237123670642395f,-0.2813100336205107f,1.3880549538618832f,-0.02800539595561627f,0.8662674477698229f,-0.4987949545973039f,-1.2487714413541666f,0.3396435271352908f,-0.4610574977401389f,-0.8197976934907178f,0.37055392637866175f,0f,0f,0f,1f],start_interpolation:0}
execute if entity @s[tag=aj.mech_torso.bone.drillhead_left3] run data modify entity @s {} merge value {transformation:[0.8636936283164436f,-0.19237123670642395f,-0.46586116353868606f,1.7584673459694085f,0.3725041002074202f,0.8662674477698229f,0.33289848942735906f,-1.1664663673675215f,0.33952026704489613f,-0.4610574977401389f,0.8198487494918587f,0.37064397245753766f,0f,0f,0f,1f],start_interpolation:0}
execute if entity @s[tag=aj.mech_torso.bone.drill_left] run data modify entity @s {} merge value {transformation:[0.15269456522320637f,-0.2940981886876464f,1.4924599248191832f,1.4808032290994626f,-0.6881294570813139f,1.324354366432514f,0.3313749604865326f,-0.7911715044392875f,-1.3566164609341922f,-0.7048671999399038f,-0.00010198336862268793f,0.07067257397327431f,0f,0f,0f,1f],start_interpolation:0}
execute if entity @s[tag=aj.mech_torso.bone.left_hand] run data modify entity @s {} merge value {transformation:[-0.9762262146305516f,-0.19237123670642395f,0.09987835178929086f,1.4962655835649785f,-0.21675417739495367f,0.8662674477698229f,-0.45010924842330685f,-0.4203536685540846f,0.00006670788022503629f,-0.4610574977401389f,-0.8873702605607541f,-0.20372154734828174f,0f,0f,0f,1f],start_interpolation:0}
execute if entity @s[tag=aj.mech_torso.bone.left_arm_low] run data modify entity @s {} merge value {transformation:[-0.9762262146305516f,-0.19237123670642395f,0.09987835178929086f,1.2460014069375605f,-0.21675417739495367f,0.8662674477698229f,-0.45010924842330685f,0.41830072911532534f,0.00006670788022503629f,-0.4610574977401389f,-0.8873702605607541f,-0.6925051964884301f,0f,0f,0f,1f],start_interpolation:0}
execute if entity @s[tag=aj.mech_torso.bone.left_arm] run data modify entity @s {} merge value {transformation:[-1.0803838570787128f,-0.22526817579189445f,-0.0824436102626736f,0.9865f,-0.2398805837236271f,1.0146888657040172f,0.3709929782391235f,1.443f,0.00007382522191574635f,0.3800430677248501f,-1.0393936885310346f,-0.3061737499999999f,0f,0f,0f,1f],start_interpolation:0}