execute if entity @s[tag=aj.mech_torso.bone.barrel_left] run data modify entity @s {} merge value {transformation:[-2.2836677480448753f,0.03224966443963847f,0.2268701591965576f,1.093785696748929f,-0.21622020345990328f,0.44925533665728595f,-2.240327422398655f,-0.48324550184890525f,-0.07588763803215061f,-2.250506186412109f,-0.4439723693715881f,1.9188118603252886f,0f,0f,0f,1f],start_interpolation:0}
execute if entity @s[tag=aj.mech_torso.bone.blaster_left] run data modify entity @s {} merge value {transformation:[-0.995003308683564f,0.01405130971825784f,0.09884824937226633f,1.3119062664854821f,-0.09420802042285949f,0.19574237399483735f,-0.9761197528535479f,0.2143415558121231f,-0.0330645519668156f,-0.9805546816562893f,-0.1934405637015332f,0.9631362961627774f,0f,0f,0f,1f],start_interpolation:0}
execute if entity @s[tag=aj.mech_torso.bone.sword_left] run data modify entity @s {} merge value {transformation:[-2.6507369061596013f,0.03743336823607527f,0.26333651399310387f,0.9420588482774392f,-0.2509747197941515f,0.5214671452036564f,-2.6004302007232396f,1.3184618233419427f,-0.08808556455960849f,-2.612245065408635f,-0.5153350113281301f,1.386018787550149f,0f,0f,0f,1f],start_interpolation:0}
execute if entity @s[tag=aj.mech_torso.bone.rocket_left] run data modify entity @s {} merge value {transformation:[-2.292781563767705f,0.03237836858194533f,0.227775567974037f,1.1696406699485706f,-0.21708310967363484f,0.45104825524375625f,-2.24926827261823f,0.23648525506512325f,-0.07619049555127f,-2.25948765873163f,-0.44574420433485934f,0.4556025838584721f,0f,0f,0f,1f],start_interpolation:0}
execute if entity @s[tag=aj.mech_torso.bone.drillhead_left1] run data modify entity @s {} merge value {transformation:[0.0988482493722661f,0.01405130971825784f,0.995003308683564f,1.066842456572494f,-0.9761197528535479f,0.19574237399483735f,0.09420802042285926f,-0.18382277100694686f,-0.1934405637015332f,-0.9805546816562893f,0.033064551966815556f,1.860799290793292f,0f,0f,0f,1f],start_interpolation:0}
execute if entity @s[tag=aj.mech_torso.bone.drillhead_left2] run data modify entity @s {} merge value {transformation:[-0.9570907790268139f,0.01405130971825784f,-0.28944740696203897f,0.8445287700555132f,0.2865079955542739f,0.19574237399483735f,-0.937868909553109f,0.1285275074887937f,0.04347883606214383f,-0.9805546816562893f,-0.19136903379756717f,1.9199661966805288f,0f,0f,0f,1f],start_interpolation:0}
execute if entity @s[tag=aj.mech_torso.bone.drillhead_left3] run data modify entity @s {} merge value {transformation:[0.8814356043206957f,0.01405130971825784f,-0.4720951558012556f,1.2220661940006656f,0.4605817192884439f,0.19574237399483735f,0.8657652123296284f,0.164401283126042f,0.10457416168973724f,-0.9805546816562893f,0.16606252132501745f,1.932537564205548f,0f,0f,0f,1f],start_interpolation:0}
execute if entity @s[tag=aj.mech_torso.bone.drill_left] run data modify entity @s {} merge value {transformation:[0.15111973906833787f,0.02148171840853356f,1.521166447916688f,1.047452713967569f,-1.492297165477832f,0.29925200163449983f,0.1440257319159112f,0.17982580869173856f,-0.29573298158995737f,-1.4990773086539941f,0.05054926614652411f,1.4060409806953622f,0f,0f,0f,1f],start_interpolation:0}
execute if entity @s[tag=aj.mech_torso.bone.left_hand] run data modify entity @s {} merge value {transformation:[-0.995003308683564f,0.01405130971825784f,0.09884824937226633f,1.1564369995036752f,-0.09420802042285949f,0.19574237399483735f,-0.9761197528535479f,0.1996215526210513f,-0.0330645519668156f,-0.9805546816562893f,-0.1934405637015332f,0.9579699599179625f,0f,0f,0f,1f],start_interpolation:0}
execute if entity @s[tag=aj.mech_torso.bone.left_arm_low] run data modify entity @s {} merge value {transformation:[-0.995003308683564f,0.01405130971825784f,0.09884824937226633f,1.1113896102220935f,-0.09420802042285949f,0.19574237399483735f,-0.9761197528535479f,0.35897218306278655f,-0.0330645519668156f,-0.9805546816562893f,-0.1934405637015332f,-0.030696273851925582f,0f,0f,0f,1f],start_interpolation:0}
execute if entity @s[tag=aj.mech_torso.bone.left_arm] run data modify entity @s {} merge value {transformation:[-1.101164357534133f,-0.09226952616633137f,0.06078956136960155f,0.9865f,-0.1042594666551928f,1.0692847731927024f,-0.26557864365387845f,1.443f,-0.03659234678512169f,-0.2699784933903064f,-1.0726344166571784f,-0.3061737499999999f,0f,0f,0f,1f],start_interpolation:0}