execute if entity @s[tag=aj.mech_torso.bone.barrel_left] run data modify entity @s {} merge value {transformation:[-2.2804675184404557f,-0.010692807340547327f,0.2588475510023263f,1.1457461559457696f,-0.25031661383232073f,0.6819521966179921f,-2.177138325375333f,-0.683010893797858f,-0.06676813332904287f,-2.1914550779903674f,-0.6787600098508174f,1.741109049155805f,0f,0f,0f,1f],start_interpolation:0}
execute if entity @s[tag=aj.mech_torso.bone.blaster_left] run data modify entity @s {} merge value {transformation:[-0.9936089556531501f,-0.004658899567184946f,0.11278092879861926f,1.3367600959202788f,-0.10906396484114589f,0.29712934054432893f,-0.9485880067557367f,0.11440717681754517f,-0.029091146745799525f,-0.9548258739909153f,-0.29573849181075373f,0.8606783788091127f,0f,0f,0f,1f],start_interpolation:0}
execute if entity @s[tag=aj.mech_torso.bone.sword_left] run data modify entity @s {} merge value {transformation:[-2.647022282292849f,-0.012411533627126445f,0.300453845397747f,0.9544080685249146f,-0.29055167376178f,0.791566924461552f,-2.5270842984176096f,1.161226440229611f,-0.07750022100290266f,-2.5437022782290417f,-0.7878616362109522f,1.4016724973939079f,0f,0f,0f,1f],start_interpolation:0}
execute if entity @s[tag=aj.mech_torso.bone.rocket_left] run data modify entity @s {} merge value {transformation:[-2.289568562470507f,-0.010735480919374589f,0.259880577318068f,1.1862280548657953f,-0.25131559430694694f,0.6846737775734864f,-2.185826996272213f,0.18664385216104704f,-0.06703459611192326f,-2.2002008851520105f,-0.6814688512114324f,0.3602362943964517f,0f,0f,0f,1f],start_interpolation:0}
execute if entity @s[tag=aj.mech_torso.bone.drillhead_left1] run data modify entity @s {} merge value {transformation:[0.11278092879861903f,-0.004658899567184946f,0.9936089556531501f,1.1126969089265966f,-0.9485880067557367f,0.29712934054432893f,0.10906396484114568f,-0.3797357803853256f,-0.29573849181075373f,-0.9548258739909153f,0.02909114674579946f,1.7150836574037682f,0f,0f,0f,1f],start_interpolation:0}
execute if entity @s[tag=aj.mech_torso.bone.drillhead_left2] run data modify entity @s {} merge value {transformation:[-0.9611343703858386f,-0.004658899567184946f,-0.27604169380338295f,0.8859343084728161f,0.26224694947437927f,0.29712934054432893f,-0.9181180166400585f,-0.07951978318840391f,0.0862975060728878f,-0.9548258739909153f,-0.28435943944783126f,1.8096134014206822f,0f,0f,0f,1f],start_interpolation:0}
execute if entity @s[tag=aj.mech_torso.bone.drillhead_left3] run data modify entity @s {} merge value {transformation:[0.874815584509882f,-0.004658899567184946f,-0.4844336773526967f,1.2629408391410764f,0.46377087917690946f,0.29712934054432893f,0.8346440718145484f,-0.03801255427842112f,0.1400509361843407f,-0.9548258739909153f,0.26209403967159317f,1.820690373965511f,0f,0f,0f,1f],start_interpolation:0}
execute if entity @s[tag=aj.mech_torso.bone.drill_left] run data modify entity @s {} merge value {transformation:[0.17242009484402646f,-0.007122550894018334f,1.5190347534510458f,1.0798907009215468f,-1.4502064829132069f,0.4542529452747647f,0.1667375802122864f,0.028907375059844448f,-0.452126608197111f,-1.4597429681307956f,0.044474702722023085f,1.3011320944614053f,0f,0f,0f,1f],start_interpolation:0}
execute if entity @s[tag=aj.mech_torso.bone.left_hand] run data modify entity @s {} merge value {transformation:[-0.9936089556531501f,-0.004658899567184946f,0.11278092879861926f,1.181508696599474f,-0.10906396484114589f,0.29712934054432893f,-0.9485880067557367f,0.09736593231111612f,-0.029091146745799525f,-0.9548258739909153f,-0.29573849181075373f,0.8561328871300815f,0f,0f,0f,1f],start_interpolation:0}
execute if entity @s[tag=aj.mech_torso.bone.left_arm_low] run data modify entity @s {} merge value {transformation:[-0.9936089556531501f,-0.004658899567184946f,0.11278092879861926f,1.118273641328924f,-0.10906396484114589f,0.29712934054432893f,-0.9485880067557367f,0.3580353998417567f,-0.029091146745799525f,-0.9548258739909153f,-0.29573849181075373f,-0.10975301140153232f,0f,0f,0f,1f],start_interpolation:0}
execute if entity @s[tag=aj.mech_torso.bone.left_arm] run data modify entity @s {} merge value {transformation:[-1.0996212351691f,-0.1133484639971361f,0.05250946018291119f,0.972f,-0.1207004536832346f,1.0839433373000549f,-0.1878036755165056f,1.4565000000000001f,-0.032195002405220316f,-0.19233030381699479f,-1.0893780402540794f,-0.3061737499999999f,0f,0f,0f,1f],start_interpolation:0}