execute if entity @s[tag=aj.mech_torso.bone.barrel_left] run data modify entity @s {} merge value {transformation:[-2.2488714242993755f,-0.37182236241098027f,0.26827959525746964f,1.636180210946115f,-0.45838459128774706f,1.8538729381682346f,-1.2730621308672003f,-1.527078701524083f,-0.010458340707743707f,-1.3009810734170155f,-1.8907636983957163f,0.3341822171561327f,0f,0f,0f,1f],start_interpolation:0}
execute if entity @s[tag=aj.mech_torso.bone.blaster_left] run data modify entity @s {} merge value {transformation:[-0.9798424091672316f,-0.1620045127660114f,0.11689050877125412f,1.6523719718184613f,-0.19972002729878238f,0.8077399652097139f,-0.5546783385880357f,-0.34402629725640077f,-0.004556741503423162f,-0.5668427351977419f,-0.8238134192038958f,0.11590508703936493f,0f,0f,0f,1f],start_interpolation:0}
execute if entity @s[tag=aj.mech_torso.bone.sword_left] run data modify entity @s {} merge value {transformation:[-2.6103475370712816f,-0.4315878522267715f,0.31140196507454493f,1.3006025642776466f,-0.5320638058586091f,2.1518583080836633f,-1.4776899034515592f,0.10493938957956556f,-0.012139379607625303f,-1.5100964439656523f,-2.1946787664077734f,1.2156261313999601f,0f,0f,0f,1f],start_interpolation:0}
execute if entity @s[tag=aj.mech_torso.bone.rocket_left] run data modify entity @s {} merge value {transformation:[-2.2578463724996767f,-0.3733062562460366f,0.26935026361343567f,1.425574995801279f,-0.4602139435211258f,1.8612714996912365f,-1.2781427533326921f,-0.006029965078730826f,-0.010500078561272769f,-1.3061731166869537f,-1.8983094860600325f,-0.21971661011965937f,0f,0f,0f,1f],start_interpolation:0}
execute if entity @s[tag=aj.mech_torso.bone.drillhead_left1] run data modify entity @s {} merge value {transformation:[0.1168905087712539f,-0.1620045127660114f,0.9798424091672316f,1.5838592223735792f,-0.5546783385880357f,0.8077399652097139f,0.19972002729878227f,-1.2768289438710683f,-0.8238134192038958f,-0.5668427351977419f,0.004556741503422979f,0.5026545920701396f,0f,0f,0f,1f],start_interpolation:0}
execute if entity @s[tag=aj.mech_torso.bone.drillhead_left2] run data modify entity @s {} merge value {transformation:[-0.94998840802364f,-0.1620045127660114f,-0.26697670771840243f,1.3583194766718427f,0.027748965015494564f,0.8077399652097139f,-0.5888855097075992f,-1.127085655528337f,0.31104986667941026f,-0.5668427351977419f,-0.7628481460895504f,0.7804954910510276f,0f,0f,0f,1f],start_interpolation:0}
execute if entity @s[tag=aj.mech_torso.bone.drillhead_left3] run data modify entity @s {} merge value {transformation:[0.8605242858086699f,-0.1620045127660114f,-0.4829622049155875f,1.730101808655174f,0.3967834559233754f,0.8077399652097139f,0.4360264185901043f,-1.0512305319358999f,0.3194696270993247f,-0.5668427351977419f,0.7593605671316896f,0.7823316252712171f,0f,0f,0f,1f],start_interpolation:0}
execute if entity @s[tag=aj.mech_torso.bone.drill_left] run data modify entity @s {} merge value {transformation:[0.17870284296641548f,-0.2476733766411224f,1.4979883826145801f,1.4686288210060086f,-0.8479952485410563f,1.2348772340707554f,0.3053330595511929f,-0.710223407690409f,-1.2594504176016033f,-0.8665922439684568f,0.006966371092782861f,0.4312298540000752f,0f,0f,0f,1f],start_interpolation:0}
execute if entity @s[tag=aj.mech_torso.bone.left_hand] run data modify entity @s {} merge value {transformation:[-0.9798424091672316f,-0.1620045127660114f,0.11689050877125412f,1.4992715953860813f,-0.19972002729878238f,0.8077399652097139f,-0.5546783385880357f,-0.37523255152183554f,-0.004556741503423162f,-0.5668427351977419f,-0.8238134192038958f,0.11519309617945506f,0f,0f,0f,1f],start_interpolation:0}
execute if entity @s[tag=aj.mech_torso.bone.left_arm_low] run data modify entity @s {} merge value {transformation:[-0.9798424091672316f,-0.1620045127660114f,0.11689050877125412f,1.2796797604462196f,-0.19972002729878238f,0.8077399652097139f,-0.5546783385880357f,0.4026912139008283f,-0.004556741503423162f,-0.5668427351977419f,-0.8238134192038958f,-0.47767860471237245f,0f,0f,0f,1f],start_interpolation:0}
execute if entity @s[tag=aj.mech_torso.bone.left_arm] run data modify entity @s {} merge value {transformation:[-1.0843858784779885f,-0.21451145026796298f,-0.0535171261885789f,1.031f,-0.2210289891780699f,1.0457522442398663f,0.28691533271024694f,1.4595000000000002f,-0.005042919240846311f,0.29182025273316153f,-1.0675146310914487f,-0.18117374999999988f,0f,0f,0f,1f],start_interpolation:0}