execute if entity @s[tag=aj.mech_torso.bone.barrel_left] run data modify entity @s {} merge value {transformation:[-2.261528287180044f,-0.24168601689442887f,0.3077761669994892f,1.4098126076218906f,-0.39023267270204776f,1.5278320329387756f,-1.6676619063025568f,-1.3091925314328081f,-0.02927047814792301f,-1.6955723640749065f,-1.546552970559081f,0.7935812818076272f,0f,0f,0f,1f],start_interpolation:0}
execute if entity @s[tag=aj.mech_torso.bone.blaster_left] run data modify entity @s {} merge value {transformation:[-0.9853570557065986f,-0.10530357871822207f,0.1340993254209671f,1.4802739107171305f,-0.1700259596989929f,0.6656826191937554f,-0.72660706267678f,-0.20497116370807014f,-0.012753266156544698f,-0.7387677624344994f,-0.6738394077151197f,0.3210874239407413f,0f,0f,0f,1f],start_interpolation:0}
execute if entity @s[tag=aj.mech_torso.bone.sword_left] run data modify entity @s {} merge value {transformation:[-2.625038821993405f,-0.280533823378315f,0.3572470843888518f,1.0949902593305276f,-0.4529573745595026f,1.7734106721920921f,-1.9357163343123047f,0.4860063528742896f,-0.03397531744889931f,-1.9681130262340243f,-1.7951407510577855f,1.2743999954508136f,0f,0f,0f,1f],start_interpolation:0}
execute if entity @s[tag=aj.mech_torso.bone.rocket_left] run data modify entity @s {} merge value {transformation:[-2.2705537472448767f,-0.24265055379899667f,0.30900446094562634f,1.2820412892426738f,-0.3917900396487407f,1.5339294083628325f,-1.6743173242437335f,0.055890648268541177f,-0.029387292752056066f,-1.7023391689589058f,-1.5527250587673318f,-0.09240411809566346f,0f,0f,0f,1f],start_interpolation:0}
execute if entity @s[tag=aj.mech_torso.bone.drillhead_left1] run data modify entity @s {} merge value {transformation:[0.1340993254209669f,-0.10530357871822207f,0.9853570557065986f,1.359133543882705f,-0.72660706267678f,0.6656826191937554f,0.17002595969899273f,-1.0265018471107614f,-0.6738394077151197f,-0.7387677624344994f,0.012753266156544549f,0.8997084586089452f,0f,0f,0f,1f],start_interpolation:0}
execute if entity @s[tag=aj.mech_torso.bone.drillhead_left2] run data modify entity @s {} merge value {transformation:[-0.9616688061128491f,-0.10530357871822207f,-0.25318819810295834f,1.1267250575009162f,0.12097698056437783f,0.6656826191937554f,-0.7363635112340017f,-0.8129564832846251f,0.24608469583258083f,-0.7387677624344994f,-0.6274269006541792f,1.1252554991293104f,0f,0f,0f,1f],start_interpolation:0}
execute if entity @s[tag=aj.mech_torso.bone.drillhead_left3] run data modify entity @s {} merge value {transformation:[0.8590336258529716f,-0.10530357871822207f,-0.500971442262962f,1.5005976642875214f,0.43514398888735445f,0.6656826191937554f,0.6062312755364438f,-0.7483463115560433f,0.2696496589819816f,-0.7387677624344994f,0.6176659733208753f,1.130182277270666f,0f,0f,0f,1f],start_interpolation:0}
execute if entity @s[tag=aj.mech_torso.bone.drill_left] run data modify entity @s {} merge value {transformation:[0.20501177507492022f,-0.16098868153880264f,1.5064192041149664f,1.2685795119370715f,-1.1108408132085175f,1.0176991940042672f,0.25993660816176845f,-0.48707912983892004f,-1.0301693364783335f,-1.129432156868576f,0.019497262380316988f,0.6990982105463566f,0f,0f,0f,1f],start_interpolation:0}
execute if entity @s[tag=aj.mech_torso.bone.left_hand] run data modify entity @s {} merge value {transformation:[-0.9853570557065986f,-0.10530357871822207f,0.1340993254209671f,1.3263118707629744f,-0.1700259596989929f,0.6656826191937554f,-0.72660706267678f,-0.23153771991103778f,-0.012753266156544698f,-0.7387677624344994f,-0.6738394077151197f,0.3190947261037812f,0f,0f,0f,1f],start_interpolation:0}
execute if entity @s[tag=aj.mech_torso.bone.left_arm_low] run data modify entity @s {} merge value {transformation:[-0.9853570557065986f,-0.10530357871822207f,0.1340993254209671f,1.1636140799824952f,-0.1700259596989929f,0.6656826191937554f,-0.72660706267678f,0.40081180609288114f,-0.012753266156544698f,-0.7387677624344994f,-0.6738394077151197f,-0.4415275969565997f,0f,0f,0f,1f],start_interpolation:0}
execute if entity @s[tag=aj.mech_torso.bone.left_arm] run data modify entity @s {} merge value {transformation:[-1.0904889056343345f,-0.18848518763063382f,-0.008902767339676666f,0.94121875f,-0.18816673778077722f,1.0823176341515421f,0.1339917763580171f,1.49571875f,-0.01411396526139544f,0.1335434438019381f,-1.0985166922428382f,-0.3061737499999999f,0f,0f,0f,1f],start_interpolation:0}