execute if entity @s[tag=aj.mech_torso.bone.barrel_left] run data modify entity @s {} merge value {transformation:[-2.2720301906561025f,-0.11925707274043999f,0.3021672662603814f,1.2736971538587873f,-0.3213267659266876f,1.138607223010171f,-1.9667158398352464f,-1.041977935330593f,-0.04771179829965049f,-1.9892209117544346f,-1.1438410038080313f,1.4256715833622662f,0f,0f,0f,1f],start_interpolation:0}
execute if entity @s[tag=aj.mech_torso.bone.blaster_left] run data modify entity @s {} merge value {transformation:[-0.9899327776850254f,-0.05196079073334729f,0.13165550459884096f,1.403901658761796f,-0.14000337638405028f,0.49609578939670784f,-0.856906075567167f,-0.06606457650000971f,-0.020788224211704457f,-0.8667116267647634f,-0.49837616893758196f,0.7341804606031416f,0f,0f,0f,1f],start_interpolation:0}
execute if entity @s[tag=aj.mech_torso.bone.sword_left] run data modify entity @s {} merge value {transformation:[-2.637228766503829f,-0.13842605795185597f,0.3507366276007013f,1.009529474730873f,-0.37297576151696854f,1.321623160915984f,-2.282839202437919f,0.8228216445078664f,-0.05538083406415091f,-2.3089616647632902f,-1.3276982022312172f,1.50167648405361f,0f,0f,0f,1f],start_interpolation:0}
execute if entity @s[tag=aj.mech_torso.bone.rocket_left] run data modify entity @s {} merge value {transformation:[-2.2810975624277066f,-0.11973301193322797f,0.30337317582604645f,1.2314727359192648f,-0.3226091385196253f,1.143151253734466f,-1.9745647424432433f,0.10655116091538841f,-0.04790220977166961f,-1.9971596291257552f,-1.1484059218587626f,0.2664279766290822f,0f,0f,0f,1f],start_interpolation:0}
execute if entity @s[tag=aj.mech_torso.bone.drillhead_left1] run data modify entity @s {} merge value {transformation:[0.13165550459884073f,-0.05196079073334729f,0.9899327776850254f,1.22984965041172f,-0.856906075567167f,0.49609578939670784f,0.14000337638405008f,-0.7418261491288776f,-0.49837616893758196f,-0.8667116267647634f,0.020788224211704346f,1.4672849206610787f,0f,0f,0f,1f],start_interpolation:0}
execute if entity @s[tag=aj.mech_torso.bone.drillhead_left2] run data modify entity @s {} merge value {transformation:[-0.9649610122548832f,-0.05196079073334729f,-0.25719704713389835f,0.9973993712286575f,0.19857750428884463f,0.49609578939670784f,-0.8452549571184256f,-0.4785001764121882f,0.1715144880715485f,-0.8667116267647634f,-0.4683948509669294f,1.6319454631171628f,0f,0f,0f,1f],start_interpolation:0}
execute if entity @s[tag=aj.mech_torso.bone.drillhead_left3] run data modify entity @s {} merge value {transformation:[0.8641962514755986f,-0.05196079073334729f,-0.5004646992165275f,1.3730085362577262f,0.45727001213624047f,0.49609578939670784f,0.7381010118837259f,-0.4252650224660981f,0.20992611780444698f,-0.8667116267647634f,0.45248423297870927f,1.639898265740415f,0f,0f,0f,1f],start_interpolation:0}
execute if entity @s[tag=aj.mech_torso.bone.drill_left] run data modify entity @s {} merge value {transformation:[0.20127564856469096f,-0.07943793832742448f,1.513414592660746f,1.1675213223335923f,-1.3100426499016609f,0.7584339300152129f,0.21403792016755785f,-0.2550088855262938f,-0.7619201866093571f,-1.3250334296859487f,0.03178114977773475f,1.1533653392142391f,0f,0f,0f,1f],start_interpolation:0}
execute if entity @s[tag=aj.mech_torso.bone.left_hand] run data modify entity @s {} merge value {transformation:[-0.9899327776850254f,-0.05196079073334729f,0.13165550459884096f,1.2492246622485108f,-0.14000337638405028f,0.49609578939670784f,-0.856906075567167f,-0.08794010406001757f,-0.020788224211704457f,-0.8667116267647634f,-0.49837616893758196f,0.7309323005700628f,0f,0f,0f,1f],start_interpolation:0}
execute if entity @s[tag=aj.mech_torso.bone.left_arm_low] run data modify entity @s {} merge value {transformation:[-0.9899327776850254f,-0.05196079073334729f,0.13165550459884096f,1.139507307428563f,-0.14000337638405028f,0.49609578939670784f,-0.856906075567167f,0.37262715945121316f,-0.020788224211704457f,-0.8667116267647634f,-0.49837616893758196f,-0.15265284548723165f,0f,0f,0f,1f],start_interpolation:0}
execute if entity @s[tag=aj.mech_torso.bone.left_arm] run data modify entity @s {} merge value {transformation:[-1.095552830456148f,-0.1543623497836456f,0.02661276353223065f,0.95165625f,-0.1549409199578662f,1.0955329799682945f,-0.023932815513989757f,1.4819062500000002f,-0.02300620647045209f,-0.027417755289009766f,-1.1061152560618532f,-0.18117374999999988f,0f,0f,0f,1f],start_interpolation:0}