execute if entity @s[tag=aj.mech_torso.bone.barrel_left] run data modify entity @s {} merge value {transformation:[-2.268986085237855f,-0.15622303894394288f,0.3081314663431972f,1.3142316919003112f,-0.34292134904185845f,1.2667401440409631f,-1.8829293266867686f,-1.132557090117166f,-0.04189972337619333f,-1.9075146822577527f,-1.2756491067698823f,1.274858853992776f,0f,0f,0f,1f],start_interpolation:0}
execute if entity @s[tag=aj.mech_torso.bone.blaster_left] run data modify entity @s {} merge value {transformation:[-0.9886064485963342f,-0.06806701227659054f,0.13425413078740678f,1.4255283986776088f,-0.149412223913483f,0.5519238232628771f,-0.8203999516456078f,-0.11149261235164779f,-0.01825587957264403f,-0.8311118908754866f,-0.5558054944910155f,0.6483124110201414f,0f,0f,0f,1f],start_interpolation:0}
execute if entity @s[tag=aj.mech_torso.bone.sword_left] run data modify entity @s {} merge value {transformation:[-2.6336953617056498f,-0.18133381061043058f,0.3576594933673064f,1.0316609120022693f,-0.3980413860963412f,1.4703517414904292f,-2.1855851238482287f,0.7200018545572738f,-0.04863454554903637f,-2.2141222477003555f,-1.4806927012562991f,1.477880752922823f,0f,0f,0f,1f],start_interpolation:0}
execute if entity @s[tag=aj.mech_torso.bone.rocket_left] run data modify entity @s {} merge value {transformation:[-2.2780413083876434f,-0.1568465044151413f,0.30936117824198867f,1.2454160181203493f,-0.3442899027578126f,1.2717955362937912f,-1.890443848410529f,0.08984864231545858f,-0.04206693962646226f,-1.9151273208815507f,-1.2807400535137972f,0.1951661409934839f,0f,0f,0f,1f],start_interpolation:0}
execute if entity @s[tag=aj.mech_torso.bone.drillhead_left1] run data modify entity @s {} merge value {transformation:[0.13425413078740656f,-0.06806701227659054f,0.9886064485963342f,1.267793532746314f,-0.8203999516456078f,0.5519238232628771f,0.1494122239134828f,-0.8363407950598315f,-0.5558054944910155f,-0.8311118908754866f,0.018255879572643904f,1.3368650801048343f,0f,0f,0f,1f],start_interpolation:0}
execute if entity @s[tag=aj.mech_torso.bone.drillhead_left2] run data modify entity @s {} merge value {transformation:[-0.9647300951457412f,-0.06806701227659054f,-0.2542886654175286f,1.0347158720815446f,0.17591457382723472f,0.5519238232628771f,-0.8151283064831394f,-0.5871512708945938f,0.19583132087404123f,-0.8311118908754866f,-0.5204835430732672f,1.5214353366109878f,0f,0f,0f,1f],start_interpolation:0}
execute if entity @s[tag=aj.mech_torso.bone.drillhead_left3] run data modify entity @s {} merge value {transformation:[0.8619764319879084f,-0.06806701227659054f,-0.5023579525966853f,1.4098214286902389f,0.4519923649885551f,0.5519238232628771f,0.7007731411141134f,-0.5303507108327485f,0.2295637878443544f,-0.8311118908754866f,0.5065110977618609f,1.528434716369563f,0f,0f,0f,1f],start_interpolation:0}
execute if entity @s[tag=aj.mech_torso.bone.drill_left] run data modify entity @s {} merge value {transformation:[0.20524844235766224f,-0.10406121706476812f,1.5113868935656722f,1.196442407392547f,-1.2542318899088765f,0.8437841305916626f,0.22842221723514539f,-0.330487860295799f,-0.8497184505909596f,-1.2706083606265195f,0.02790968757667235f,1.0567879522638632f,0f,0f,0f,1f],start_interpolation:0}
execute if entity @s[tag=aj.mech_torso.bone.left_hand] run data modify entity @s {} merge value {transformation:[-0.9886064485963342f,-0.06806701227659054f,0.13425413078740678f,1.2710586410844316f,-0.149412223913483f,0.5519238232628771f,-0.8203999516456078f,-0.1348382723381295f,-0.01825587957264403f,-0.8311118908754866f,-0.5558054944910155f,0.6454599298369157f,0f,0f,0f,1f],start_interpolation:0}
execute if entity @s[tag=aj.mech_torso.bone.left_arm_low] run data modify entity @s {} merge value {transformation:[-0.9886064485963342f,-0.06806701227659054f,0.13425413078740678f,1.1453991673576767f,-0.149412223913483f,0.5519238232628771f,-0.8203999516456078f,0.38210978844122967f,-0.01825587957264403f,-0.8311118908754866f,-0.5558054944910155f,-0.20416187521470536f,0f,0f,0f,1f],start_interpolation:0}
execute if entity @s[tag=aj.mech_torso.bone.left_arm] run data modify entity @s {} merge value {transformation:[-1.094084989790613f,-0.16576332393064402f,0.016508606493784692f,0.946f,-0.16535363663374547f,1.0939640786672549f,0.025937385599311778f,1.4895f,-0.02020367543041431f,0.023175279053260382f,-1.1062670095749643f,-0.18117374999999988f,0f,0f,0f,1f],start_interpolation:0}