execute if entity @s[tag=aj.mech_torso.bone.barrel_left] run data modify entity @s {} merge value {transformation:[-2.2562119163745966f,-0.29859296218795217f,0.2966454530104713f,1.4823945694239398f,-0.4203732742160527f,1.6794454480636325f,-1.506783923047334f,-1.415610250863979f,-0.021037875007683973f,-1.535562998825142f,-1.7056530063013964f,0.5466201556309119f,0f,0f,0f,1f],start_interpolation:0}
execute if entity @s[tag=aj.mech_torso.bone.blaster_left] run data modify entity @s {} merge value {transformation:[-0.9830406913641335f,-0.13009816580410913f,0.12924962814930183f,1.5278788646404033f,-0.18315834213852386f,0.7317411996589741f,-0.6565118722663841f,-0.2702253781650831f,-0.00916628754696827f,-0.6690510324153547f,-0.7431599391763217f,0.18118241513754244f,0f,0f,0f,1f],start_interpolation:0}
execute if entity @s[tag=aj.mech_torso.bone.sword_left] run data modify entity @s {} merge value {transformation:[-2.618867915427468f,-0.34658780178016063f,0.34432725645510065f,1.154026578701607f,-0.48794267611023096f,1.9493939233828241f,-1.7489793591248068f,0.32016881309842016f,-0.02441943306235491f,-1.7823842878210718f,-1.9798139973627815f,1.2041034515171427f,0f,0f,0f,1f],start_interpolation:0}
execute if entity @s[tag=aj.mech_torso.bone.rocket_left] run data modify entity @s {} merge value {transformation:[-2.265216159507204f,-0.29978460717914873f,0.2978293257503072f,1.3173077754720341f,-0.42205092831406577f,1.6861478925603424f,-1.512797298250681f,0.025994738688610575f,-0.021121834382327728f,-1.5416912275108032f,-1.712460041694277f,-0.2012228296978688f,0f,0f,0f,1f],start_interpolation:0}
execute if entity @s[tag=aj.mech_torso.bone.drillhead_left1] run data modify entity @s {} merge value {transformation:[0.1292496281493016f,-0.13009816580410913f,0.9830406913641335f,1.4302383887090568f,-0.6565118722663841f,0.7317411996589741f,0.18315834213852372f,-1.1452089735167537f,-0.7431599391763217f,-0.6690510324153547f,0.009166287546968105f,0.6804418660593443f,0f,0f,0f,1f],start_interpolation:0}
execute if entity @s[tag=aj.mech_torso.bone.drillhead_left2] run data modify entity @s {} merge value {transformation:[-0.9576728657091541f,-0.13009816580410913f,-0.25678229989394313f,1.1999103062316419f,0.0820199731568497f,0.7317411996589741f,-0.6766295446734463f,-0.9578704420292512f,0.2759264508664693f,-0.6690510324153547f,-0.6900980435678556f,0.9301217480758766f,0f,0f,0f,1f],start_interpolation:0}
execute if entity @s[tag=aj.mech_torso.bone.drillhead_left3] run data modify entity @s {} merge value {transformation:[0.8587494830449817f,-0.13009816580410913f,-0.495604471957612f,1.5729046077155104f,0.4204524601778129f,0.7317411996589741f,0.5364462186017069f,-0.8882863494051768f,0.2928635417739831f,-0.6690510324153547f,0.6830824708068173f,0.9336964723040881f,0f,0f,0f,1f],start_interpolation:0}
execute if entity @s[tag=aj.mech_torso.bone.drill_left] run data modify entity @s {} merge value {transformation:[0.19759753161680477f,-0.19889478057972015f,1.5028779337612324f,1.3281742176001752f,-1.0036789064268228f,1.1186899096368044f,0.28001346556906165f,-0.5904959720483338f,-1.1361469404624311f,-1.0228488423830198f,0.014013470052529052f,0.5345043341628686f,0f,0f,0f,1f],start_interpolation:0}
execute if entity @s[tag=aj.mech_torso.bone.left_hand] run data modify entity @s {} merge value {transformation:[-0.9830406913641335f,-0.13009816580410913f,0.12924962814930183f,1.3742787566147574f,-0.18315834213852386f,0.7317411996589741f,-0.6565118722663841f,-0.29884386912422745f,-0.00916628754696827f,-0.6690510324153547f,-0.7431599391763217f,0.17975018270832865f,0f,0f,0f,1f],start_interpolation:0}
execute if entity @s[tag=aj.mech_torso.bone.left_arm_low] run data modify entity @s {} merge value {transformation:[-0.9830406913641335f,-0.13009816580410913f,0.12924962814930183f,1.1867795984800555f,-0.18315834213852386f,0.7317411996589741f,-0.6565118722663841f,0.40093393814276435f,-0.00916628754696827f,-0.6690510324153547f,-0.7431599391763217f,-0.5130974907779716f,0f,0f,0f,1f],start_interpolation:0}
execute if entity @s[tag=aj.mech_torso.bone.left_arm] run data modify entity @s {} merge value {transformation:[-1.0879253987286537f,-0.20107730622199194f,-0.027535835880448254f,0.95165625f,-0.2027002688210419f,1.069013453565548f,0.20222466627433336f,1.4819062500000002f,-0.010144276958219095f,0.20383849379446323f,-1.0877127105199367f,-0.3061737499999999f,0f,0f,0f,1f],start_interpolation:0}