execute if entity @s[tag=aj.mech_torso.bone.barrel_left] run data modify entity @s {} merge value {transformation:[-2.2780123481048324f,-0.043115416971952834f,0.27649465845100024f,1.185272597832086f,-0.27318688745445274f,0.8340523420354666f,-2.1207013247317015f,-0.8080471187427724f,-0.06063958983658109f,-2.1377900376358716f,-0.8329616369197107f,1.609158111909697f,0f,0f,0f,1f],start_interpolation:0}
execute if entity @s[tag=aj.mech_torso.bone.blaster_left] run data modify entity @s {} merge value {transformation:[-0.9925392279708206f,-0.018785562207590256f,0.12046984515484388f,1.3571592358079305f,-0.11902863590330105f,0.36339999137398915f,-0.9239981764616118f,0.05155957348043334f,-0.0264209154664765f,-0.9314437980479173f,-0.3629247667271882f,0.7851123678723029f,0f,0f,0f,1f],start_interpolation:0}
execute if entity @s[tag=aj.mech_torso.bone.sword_left] run data modify entity @s {} merge value {transformation:[-2.6441724760436185f,-0.05004564568986048f,0.3209374902016866f,0.9687558812712735f,-0.31709803909712936f,0.9681151413532236f,-2.4615758020055964f,1.052973877475393f,-0.07038659581360761f,-2.4814112977832243f,-0.9668491199249546f,1.4023728520977454f,0f,0f,0f,1f],start_interpolation:0}
execute if entity @s[tag=aj.mech_torso.bone.rocket_left] run data modify entity @s {} merge value {transformation:[-2.2871035938750337f,-0.043287484894456774f,0.2775981120368498f,1.2002115656558725f,-0.27427714016406207f,0.8373809345397895f,-2.1291647630288497f,0.1569114587786864f,-0.06088159441353924f,-2.1463216747244083f,-0.836285876564279f,0.29257940288625806f,0f,0f,0f,1f],start_interpolation:0}
execute if entity @s[tag=aj.mech_torso.bone.drillhead_left1] run data modify entity @s {} merge value {transformation:[0.12046984515484366f,-0.018785562207590256f,0.9925392279708206f,1.1484162548422727f,-0.9239981764616118f,0.36339999137398915f,0.11902863590330084f,-0.5041248600785503f,-0.3629247667271882f,-0.9314437980479173f,0.02642091546647642f,1.604887417631185f,0f,0f,0f,1f],start_interpolation:0}
execute if entity @s[tag=aj.mech_torso.bone.drillhead_left2] run data modify entity @s {} merge value {transformation:[-0.9630884917771418f,-0.018785562207590256f,-0.2685286942935059f,0.9192554590565393f,0.24363067317361578f,0.36339999137398915f,-0.8992132902478451f,-0.21411939456330353f,0.11447555239177148f,-0.9314437980479173f,-0.34540961043762153f,1.7226539412596789f,0f,0f,0f,1f],start_interpolation:0}
execute if entity @s[tag=aj.mech_torso.bone.drillhead_left3] run data modify entity @s {} merge value {transformation:[0.8708848640964488f,-0.018785562207590256f,-0.4911279427402341f,1.2958550860080922f,0.4635669141612113f,0.36339999137398915f,0.8081127163734256f,-0.16883430526424067f,0.1632950384511484f,-0.9314437980479173f,0.3251879172037434f,1.7327264387746748f,0f,0f,0f,1f],start_interpolation:0}
execute if entity @s[tag=aj.mech_torso.bone.drill_left] run data modify entity @s {} merge value {transformation:[0.1841749518177196f,-0.028719469258092607f,1.517399347975942f,1.106241473077134f,-1.4126134171646345f,0.5555678752291746f,0.18197162330741082f,-0.0678446334313605f,-0.5548413492150118f,-1.4239963237762288f,0.040392438678441264f,1.2210876992128141f,0f,0f,0f,1f],start_interpolation:0}
execute if entity @s[tag=aj.mech_torso.bone.left_hand] run data modify entity @s {} merge value {transformation:[-0.9925392279708206f,-0.018785562207590256f,0.12046984515484388f,1.2020749814374898f,-0.11902863590330105f,0.36339999137398915f,-0.9239981764616118f,0.03296134912054255f,-0.0264209154664765f,-0.9314437980479173f,-0.3629247667271882f,0.780984099830666f,0f,0f,0f,1f],start_interpolation:0}
execute if entity @s[tag=aj.mech_torso.bone.left_arm_low] run data modify entity @s {} merge value {transformation:[-0.9925392279708206f,-0.018785562207590256f,0.12046984515484388f,1.1250204001428121f,-0.11902863590330105f,0.36339999137398915f,-0.9239981764616118f,0.36004710773615f,-0.0264209154664765f,-0.9314437980479173f,-0.3629247667271882f,-0.1634524043941308f,0f,0f,0f,1f],start_interpolation:0}
execute if entity @s[tag=aj.mech_torso.bone.left_arm] run data modify entity @s {} merge value {transformation:[-1.098437373783144f,-0.1270581301498083f,0.045426269638301014f,0.96484375f,-0.13172829702047384f,1.0904786743361892f,-0.13518836901191367f,1.46484375f,-0.029239873024742655f,-0.13958678631894172f,-1.097466417456441f,-0.3061737499999999f,0f,0f,0f,1f],start_interpolation:0}