execute if entity @s[tag=aj.mech_torso.bone.barrel_left] run data modify entity @s {} merge value {transformation:[-2.2776679054499778f,-0.04949955097301745f,0.27825743545730597f,1.2748821670148511f,-0.2762408196641046f,0.8675071582948298f,-2.10683906203327f,-0.823175844547446f,-0.05973621585864643f,-2.1242950873669586f,-0.866862422622062f,1.7081418296964073f,0f,0f,0f,1f],start_interpolation:0}
execute if entity @s[tag=aj.mech_torso.bone.blaster_left] run data modify entity @s {} merge value {transformation:[-0.9923891529077883f,-0.02156715530911603f,0.12123789425272473f,1.4433717199197267f,-0.12035924656490028f,0.377976390632579f,-0.9179583323281606f,0.04959358980576312f,-0.026027311756920597f,-0.9255639934311622f,-0.37769547668256176f,0.8973367637795755f,0f,0f,0f,1f],start_interpolation:0}
execute if entity @s[tag=aj.mech_torso.bone.sword_left] run data modify entity @s {} merge value {transformation:[-2.643772668822072f,-0.057455944155991714f,0.3229836101208143f,1.0546539117571685f,-0.32064285021247835f,1.006947373504071f,-2.4454853653082824f,1.0404811975974395f,-0.06933801650717139f,-2.465747214093632f,-1.0061990051637175f,1.5311652057017178f,0f,0f,0f,1f],start_interpolation:0}
execute if entity @s[tag=aj.mech_torso.bone.rocket_left] run data modify entity @s {} merge value {transformation:[-2.2867577765951324f,-0.04969709712933423f,0.2793679240528716f,1.285104705514122f,-0.27734326021295297f,0.8709692645428614f,-2.1152471778747572f,0.1624032570757769f,-0.05997461518962658f,-2.132772867895124f,-0.870321955815359f,0.4068820323093154f,0f,0f,0f,1f],start_interpolation:0}
execute if entity @s[tag=aj.mech_torso.bone.drillhead_left1] run data modify entity @s {} merge value {transformation:[0.1212378942527245f,-0.02156715530911603f,0.9923891529077883f,1.2374877909583553f,-0.9179583323281606f,0.377976390632579f,0.12035924656490007f,-0.5192898916551194f,-0.37769547668256176f,-0.9255639934311622f,0.026027311756920513f,1.708738850494756f,0f,0f,0f,1f],start_interpolation:0}
execute if entity @s[tag=aj.mech_torso.bone.drillhead_left2] run data modify entity @s {} merge value {transformation:[-0.9632437601630678f,-0.02156715530911603f,-0.26776167821177643f,1.0080956423844873f,0.2400900009336837f,0.377976390632579f,-0.8941424045285136f,-0.23158035448078465f,0.12049170078714223f,-0.9255639934311622f,-0.3589053414274874f,1.831577194805484f,0f,0f,0f,1f],start_interpolation:0}
execute if entity @s[tag=aj.mech_torso.bone.drillhead_left3] run data modify entity @s {} merge value {transformation:[0.8704522931523709f,-0.02156715530911603f,-0.49178009634149633f,1.3846382240697714f,0.46248488983326486f,0.377976390632579f,0.8020234253438494f,-0.18579115513570532f,0.16858390202416074f,-0.9255639934311622f,0.3389848994307382f,1.8415022610611969f,0f,0f,0f,1f],start_interpolation:0}
execute if entity @s[tag=aj.mech_torso.bone.drill_left] run data modify entity @s {} merge value {transformation:[0.18534914943882577f,-0.03297198385866784f,1.5171699124066718f,1.1936688866730336f,-1.403379670737592f,0.5778523533712027f,0.18400586809433814f,-0.07710051013127311f,-0.5774228906027992f,-1.4150072466291919f,0.0397906951952521f,1.3319500147616983f,0f,0f,0f,1f],start_interpolation:0}
execute if entity @s[tag=aj.mech_torso.bone.left_hand] run data modify entity @s {} merge value {transformation:[-0.9923891529077883f,-0.02156715530911603f,0.12123789425272473f,1.2883109147778848f,-0.12035924656490028f,0.377976390632579f,-0.9179583323281606f,0.030787457529997453f,-0.026027311756920597f,-0.9255639934311622f,-0.37769547668256176f,0.8932699963175567f,0f,0f,0f,1f],start_interpolation:0}
execute if entity @s[tag=aj.mech_torso.bone.left_arm_low] run data modify entity @s {} merge value {transformation:[-0.9923891529077883f,-0.02156715530911603f,0.12123789425272473f,1.2085081216074296f,-0.12035924656490028f,0.377976390632579f,-0.9179583323281606f,0.37255519736701515f,-0.026027311756920597f,-0.9255639934311622f,-0.37769547668256176f,-0.04572368774474314f,0f,0f,0f,1f],start_interpolation:0}
execute if entity @s[tag=aj.mech_torso.bone.left_arm] run data modify entity @s {} merge value {transformation:[-1.098271286586324f,-0.1288644137153278f,0.04434097959961175f,1.0465f,-0.1332008760777702f,1.0911571929096353f,-0.12808390026739325f,1.4780000000000002f,-0.028804274095398777f,-0.1324459201840429f,-1.0983625861046376f,-0.18117374999999988f,0f,0f,0f,1f],start_interpolation:0}