execute if entity @s[tag=aj.mech_torso.bone.barrel_left] run data modify entity @s {} merge value {transformation:[-2.2491307639272597f,-0.3677639628636146f,0.27167805915370613f,1.566628935398658f,-0.45709827303702877f,1.8412591158335536f,-1.2916944416529397f,-1.5149128217818058f,-0.01097583678999663f,-1.3199102353680658f,-1.8775955355262406f,0.23215450515965028f,0f,0f,0f,1f],start_interpolation:0}
execute if entity @s[tag=aj.mech_torso.bone.blaster_left] run data modify entity @s {} merge value {transformation:[-0.9799554044959256f,-0.16023625160759825f,0.11837123328737165f,1.5840503639394083f,-0.19915957321496025f,0.8022440716109629f,-0.562796512037787f,-0.3340665447899613f,-0.0047822166473066256f,-0.575090247905327f,-0.8180759971837138f,0.0023314561897896623f,0f,0f,0f,1f],start_interpolation:0}
execute if entity @s[tag=aj.mech_torso.bone.sword_left] run data modify entity @s {} merge value {transformation:[-2.6106485620883633f,-0.4268771190348028f,0.31534668675383365f,1.2301213373902047f,-0.5305707290906929f,2.1372169819017333f,-1.49931710990008f,0.12586922018035113f,-0.012740056288896138f,-1.53206821644844f,-2.1793939968372777f,1.096813806762138f,0f,0f,0f,1f],start_interpolation:0}
execute if entity @s[tag=aj.mech_torso.bone.rocket_left] run data modify entity @s {} merge value {transformation:[-2.2581067471176905f,-0.36923166016323544f,0.27276229032927124f,1.3582124082635816f,-0.4589224917445223f,1.848607337261147f,-1.2968494232046592f,0.0007620256983209561f,-0.011019639901895691f,-1.3251778224179422f,-1.8850887707954447f,-0.3370906389379976f,0f,0f,0f,1f],start_interpolation:0}
execute if entity @s[tag=aj.mech_torso.bone.drillhead_left1] run data modify entity @s {} merge value {transformation:[0.11837123328737142f,-0.16023625160759825f,0.9799554044959256f,1.5140913407930248f,-0.562796512037787f,0.8022440716109629f,0.1991595732149601f,-1.2629921991872095f,-0.8180759971837138f,-0.575090247905327f,0.004782216647306444f,0.3980495600117186f,0f,0f,0f,1f],start_interpolation:0}
execute if entity @s[tag=aj.mech_torso.bone.drillhead_left2] run data modify entity @s {} merge value {transformation:[-0.9506594508353048f,-0.16023625160759825f,-0.2656519380848996f,1.2880291995599673f,0.03137344755273619f,0.8022440716109629f,-0.5961712475067209f,-1.1103960506186425f,0.308645938457276f,-0.575090247905327f,-0.7576337449176991f,0.6739066211585585f,0f,0f,0f,1f],start_interpolation:0}
execute if entity @s[tag=aj.mech_torso.bone.drillhead_left3] run data modify entity @s {} merge value {transformation:[0.8600620311399045f,-0.16023625160759825f,-0.48437345742954196f,1.659854214702852f,0.3993723543467057f,0.8022440716109629f,0.44374110937418615f,-1.0347525338640606f,0.31748232261823833f,-0.575090247905327f,0.7539735947558897f,0.6758275652117003f,0f,0f,0f,1f],start_interpolation:0}
execute if entity @s[tag=aj.mech_torso.bone.drill_left] run data modify entity @s {} merge value {transformation:[0.18096658262724707f,-0.2449700494040591f,1.4981611304851454f,1.3993766265817522f,-0.8604063560844757f,1.2264750821675614f,0.3044762343120526f,-0.6970439568809152f,-1.2506790157394465f,-0.8792010860698402f,0.0073110787140755985f,0.32081942591806767f,0f,0f,0f,1f],start_interpolation:0}
execute if entity @s[tag=aj.mech_torso.bone.left_hand] run data modify entity @s {} merge value {transformation:[-0.9799554044959256f,-0.16023625160759825f,0.11837123328737165f,1.43093233198692f,-0.19915957321496025f,0.8022440716109629f,-0.562796512037787f,-0.3651852281047988f,-0.0047822166473066256f,-0.575090247905327f,-0.8180759971837138f,0.001584234838648002f,0f,0f,0f,1f],start_interpolation:0}
execute if entity @s[tag=aj.mech_torso.bone.left_arm_low] run data modify entity @s {} merge value {transformation:[-0.9799554044959256f,-0.16023625160759825f,0.11837123328737165f,1.213147968638557f,-0.19915957321496025f,0.8022440716109629f,-0.562796512037787f,0.4070239791790482f,-0.0047822166473066256f,-0.575090247905327f,-0.8180759971837138f,-0.5993697765191268f,0f,0f,0f,1f],start_interpolation:0}
execute if entity @s[tag=aj.mech_torso.bone.left_arm] run data modify entity @s {} merge value {transformation:[-1.0845109297491147f,-0.21413854557453843f,-0.052466228070637236f,0.96484375f,-0.22040873791281945f,1.0467295491662163f,0.28381194070721477f,1.46484375f,-0.005292451267310467f,0.2885721967472592f,-1.0683960200965148f,-0.3061737499999999f,0f,0f,0f,1f],start_interpolation:0}