execute if entity @s[tag=aj.mech_torso.bone.barrel_left] run data modify entity @s {} merge value {transformation:[-2.259207720375895f,-0.26705505941394747f,0.3038265374947653f,1.4427058572398928f,-0.40370027449895995f,1.5975960636422784f,-1.5976111539592024f,-1.359540640314608f,-0.02559410115846021f,-1.6260433284899893f,-1.619560597603492f,0.6845769997950306f,0f,0f,0f,1f],start_interpolation:0}
execute if entity @s[tag=aj.mech_torso.bone.blaster_left] run data modify entity @s {} merge value {transformation:[-0.9843459753293738f,-0.1163569735330614f,0.13237845581169974f,1.5018285437233372f,-0.1758938484754722f,0.6960790905878607f,-0.6960856655002057f,-0.2355999797010928f,-0.011151453777482398f,-0.7084736793675565f,-0.7056491272027801f,0.2593923701829781f,0f,0f,0f,1f],start_interpolation:0}
execute if entity @s[tag=aj.mech_torso.bone.sword_left] run data modify entity @s {} merge value {transformation:[-2.622345254999593f,-0.30998060141246303f,0.352662604574399f,1.1211079630512153f,-0.46858971387466763f,1.8543883411487727f,-1.8544058570330473f,0.4112106955971946f,-0.02970801185014569f,-1.8874081247296732f,-1.8798833812426876f,1.244981569200561f,0f,0f,0f,1f],start_interpolation:0}
execute if entity @s[tag=aj.mech_torso.bone.rocket_left] run data modify entity @s {} merge value {transformation:[-2.268223919365756f,-0.26812084080943804f,0.3050390689923106f,1.298119651799823f,-0.4053113888618918f,1.603971858079109f,-1.6039870086194905f,0.0414507976747821f,-0.025696243828622876f,-1.6325326521956298f,-1.6260240495881997f,-0.14068995460370548f,0f,0f,0f,1f],start_interpolation:0}
execute if entity @s[tag=aj.mech_torso.bone.drillhead_left1] run data modify entity @s {} merge value {transformation:[0.13237845581169952f,-0.1163569735330614f,0.9843459753293738f,1.391243133916277f,-0.6960856655002057f,0.6960790905878607f,0.17589384847547204f,-1.0820132312057424f,-0.7056491272027801f,-0.7084736793675565f,0.011151453777482242f,0.8032171846448654f,0f,0f,0f,1f],start_interpolation:0}
execute if entity @s[tag=aj.mech_torso.bone.drillhead_left2] run data modify entity @s {} merge value {transformation:[-0.9600761413578801f,-0.1163569735330614f,-0.2543911506039278f,1.15960876206776f,0.10387572519262628f,0.6960790905878607f,-0.7104109608966367f,-0.8799074648010143f,0.2597376301406283f,-0.7084736793675565f,-0.6562022623645296f,1.0398298880352512f,0f,0f,0f,1f],start_interpolation:0}
execute if entity @s[tag=aj.mech_torso.bone.drillhead_left3] run data modify entity @s {} merge value {transformation:[0.8587580576754571f,-0.1163569735330614f,-0.49899464234368585f,1.5330979419098278f,0.42888517819488675f,0.6960790905878607f,0.5757876375636393f,-0.8130747124624133f,0.2803428299461513f,-0.7084736793675565f,0.6476673091496745f,1.0441529997397014f,0f,0f,0f,1f],start_interpolation:0}
execute if entity @s[tag=aj.mech_torso.bone.drill_left] run data modify entity @s {} merge value {transformation:[0.20238090029489522f,-0.17788717140428426f,1.5048734589575798f,1.2954392728601898f,-1.064179535880736f,1.0641694841191287f,0.26890746830764756f,-0.5350888762413275f,-1.0788002079337158f,-1.0831183985828836f,0.017048402938722812f,0.6268178014492722f,0f,0f,0f,1f],start_interpolation:0}
execute if entity @s[tag=aj.mech_torso.bone.left_hand] run data modify entity @s {} merge value {transformation:[-0.9843459753293738f,-0.1163569735330614f,0.13237845581169974f,1.3480244850781224f,-0.1758938484754722f,0.6960790905878607f,-0.6960856655002057f,-0.26308339352538535f,-0.011151453777482398f,-0.7084736793675565f,-0.7056491272027801f,0.2576499555302465f,0f,0f,0f,1f],start_interpolation:0}
execute if entity @s[tag=aj.mech_torso.bone.left_arm_low] run data modify entity @s {} merge value {transformation:[-0.9843459753293738f,-0.1163569735330614f,0.13237845581169974f,1.1742827148310908f,-0.1758938484754722f,0.6960790905878607f,-0.6960856655002057f,0.4002496544858769f,-0.011151453777482398f,-0.7084736793675565f,-0.7056491272027801f,-0.4735722249234895f,0f,0f,0f,1f],start_interpolation:0}
execute if entity @s[tag=aj.mech_torso.bone.left_arm] run data modify entity @s {} merge value {transformation:[-1.0893699488788287f,-0.1943078559572754f,-0.017016172514781047f,0.9460000000000001f,-0.19466069606035566f,1.0769334668195711f,0.16460103276500274f,1.4895f,-0.012341248845392736f,0.16501740420723623f,-1.0942526803346975f,-0.3061737499999999f,0f,0f,0f,1f],start_interpolation:0}