execute if entity @s[tag=aj.mech_torso.bone.barrel_left] run data modify entity @s {} merge value {transformation:[-2.2527632860128755f,-0.3332200169533584f,0.2857804943392201f,1.524931062805384f,-0.4386904296748114f,1.7634126235547225f,-1.4019897001940758f,-1.4693048447589572f,-0.01602428016775437f,-1.430730174715047f,-1.7945480999559889f,0.391482025038081f,0f,0f,0f,1f],start_interpolation:0}
execute if entity @s[tag=aj.mech_torso.bone.blaster_left] run data modify entity @s {} merge value {transformation:[-0.9815381091153468f,-0.14518531413864397f,0.12451572154845741f,1.556039830471481f,-0.19113920113289365f,0.7683260388966329f,-0.6108526039427917f,-0.3041899027513967f,-0.006981843921839501f,-0.6233749453674515f,-0.7818918923633739f,0.09305366448781627f,0f,0f,0f,1f],start_interpolation:0}
execute if entity @s[tag=aj.mech_torso.bone.sword_left] run data modify entity @s {} merge value {transformation:[-2.6148649636918915f,-0.38678069415553096f,0.3317159004649654f,1.191299238666284f,-0.5092040702127502f,2.046857703379177f,-1.6273408614461211f,0.22214179440712956f,-0.018599969663569988f,-1.660700984247917f,-2.0829977926974923f,1.1535429500079881f,0f,0f,0f,1f],start_interpolation:0}
execute if entity @s[tag=aj.mech_torso.bone.rocket_left] run data modify entity @s {} merge value {transformation:[-2.26175376611816f,-0.3345498539369875f,0.2869210064670533f,1.3378640764496648f,-0.440441185115855f,1.7704501699351662f,-1.4075848555242736f,0.01192932877348063f,-0.016088230948976788f,-1.4364400294750523f,-1.801709903901749f,-0.2685929645814078f,0f,0f,0f,1f],start_interpolation:0}
execute if entity @s[tag=aj.mech_torso.bone.drillhead_left1] run data modify entity @s {} merge value {transformation:[0.12451572154845719f,-0.14518531413864397f,0.9815381091153468f,1.4723819694389204f,-0.6108526039427917f,0.7683260388966329f,0.1911392011328935f,-1.2076503830863106f,-0.7818918923633739f,-0.6233749453674515f,0.006981843921839328f,0.5415516876382406f,0f,0f,0f,1f],start_interpolation:0}
execute if entity @s[tag=aj.mech_torso.bone.drillhead_left2] run data modify entity @s {} merge value {transformation:[-0.9544730730970785f,-0.14518531413864397f,-0.2605808459789068f,1.2439406448812906f,0.057173575358741874f,0.7683260388966329f,-0.6375000237130256f,-1.0372738559188388f,0.2927666904094756f,-0.6233749453674515f,-0.725045751987286f,0.8047497018140959f,0f,0f,0f,1f],start_interpolation:0}
execute if entity @s[tag=aj.mech_torso.bone.drillhead_left3] run data modify entity @s {} merge value {transformation:[0.8591728656859197f,-0.14518531413864397f,-0.49065589920789515f,1.6163654125733984f,0.41035276693321887f,0.7683260388966329f,0.4912084126149117f,-0.964667391982454f,0.30566745580662696f,-0.6233749453674515f,0.7197020799947925f,0.8075005822543302f,0f,0f,0f,1f],start_interpolation:0}
execute if entity @s[tag=aj.mech_torso.bone.drill_left] run data modify entity @s {} merge value {transformation:[0.19036030956343974f,-0.22196009467561048f,1.5005807778803f,1.3637935051001813f,-0.933874769692678f,1.1746210100312164f,0.2922146460293071f,-0.6463083565856467f,-1.1953605602928763f,-0.9530189930920473f,0.010673880806029207f,0.4296363315204872f,0f,0f,0f,1f],start_interpolation:0}
execute if entity @s[tag=aj.mech_torso.bone.left_hand] run data modify entity @s {} merge value {transformation:[-0.9815381091153468f,-0.14518531413864397f,0.12451572154845741f,1.4026745009222081f,-0.19113920113289365f,0.7683260388966329f,-0.6108526039427917f,-0.3340554029284113f,-0.006981843921839501f,-0.6233749453674515f,-0.7818918923633739f,0.09196275137502885f,0f,0f,0f,1f],start_interpolation:0}
execute if entity @s[tag=aj.mech_torso.bone.left_arm_low] run data modify entity @s {} merge value {transformation:[-0.9815381091153468f,-0.14518531413864397f,0.12451572154845741f,1.2000341712622442f,-0.19113920113289365f,0.7683260388966329f,-0.6108526039427917f,0.4032352920242035f,-0.006981843921839501f,-0.6233749453674515f,-0.7818918923633739f,-0.556282680873893f,0f,0f,0f,1f],start_interpolation:0}
execute if entity @s[tag=aj.mech_torso.bone.left_arm] run data modify entity @s {} merge value {transformation:[-1.0862624997189845f,-0.20792186875885185f,-0.039676904240603585f,0.9580000000000001f,-0.21153263891510013f,1.0587254258418795f,0.24315919452813797f,1.4735f,-0.007726765940876899f,0.24625382779113464f,-1.078921372445804f,-0.3061737499999999f,0f,0f,0f,1f],start_interpolation:0}