execute if entity @s[tag=aj.mech_torso.bone.barrel_left] run data modify entity @s {} merge value {transformation:[-2.2456362106467744f,-0.3991469905523532f,0.2558284245655443f,1.6043136171878756f,-0.47405339625977777f,1.906958938239055f,-1.1859297950618484f,-1.5495774860734057f,-0.006315091231234211f,-1.2131932167853017f,-1.9482738082260325f,0.08265360858818693f,0f,0f,0f,1f],start_interpolation:0}
execute if entity @s[tag=aj.mech_torso.bone.blaster_left] run data modify entity @s {} merge value {transformation:[-0.978432813445003f,-0.173909964175259f,0.11146548315355814f,1.609906887912776f,-0.20654698923474513f,0.8308697509504217f,-0.5167144261520535f,-0.3579204727214381f,-0.0027515108864221375f,-0.5285932096765377f,-0.8488708075270923f,-0.08300371164659393f,0f,0f,0f,1f],start_interpolation:0}
execute if entity @s[tag=aj.mech_torso.bone.sword_left] run data modify entity @s {} merge value {transformation:[-2.606592305936805f,-0.4633045502111585f,0.29694943461943135f,1.2674043686393706f,-0.5502511624258407f,2.213477175236553f,-1.3765522057996682f,0.03921696497763805f,-0.007330157991121419f,-1.4081978592500974f,-2.2614328600078712f,1.0393474630382498f,0f,0f,0f,1f],start_interpolation:0}
execute if entity @s[tag=aj.mech_torso.bone.rocket_left] run data modify entity @s {} merge value {transformation:[-2.2545982475375923f,-0.40073993336171354f,0.25684940194727957f,1.377038371421462f,-0.47594528061992253f,1.9145693589620316f,-1.190662683907724f,-0.007053215948659541f,-0.0063402939244909685f,-1.218034910338768f,-1.956049111126811f,-0.4007846655313095f,0f,0f,0f,1f],start_interpolation:0}
execute if entity @s[tag=aj.mech_torso.bone.drillhead_left1] run data modify entity @s {} merge value {transformation:[0.11146548315355792f,-0.173909964175259f,0.978432813445003f,1.5521620107250804f,-0.5167144261520535f,0.8308697509504217f,0.20654698923474502f,-1.307439554127122f,-0.8488708075270923f,-0.5285932096765377f,0.002751510886421949f,0.26263916360828343f,0f,0f,0f,1f],start_interpolation:0}
execute if entity @s[tag=aj.mech_torso.bone.drillhead_left2] run data modify entity @s {} merge value {transformation:[-0.9466100439627091f,-0.173909964175259f,-0.27144934892071154f,1.3287251859529805f,0.006913514296615575f,0.8308697509504217f,-0.5564239932602246f,-1.1718358063644794f,0.322306729667546f,-0.5285932096765377f,-0.7853073224508145f,0.5492999446193834f,0f,0f,0f,1f],start_interpolation:0}
execute if entity @s[tag=aj.mech_torso.bone.drillhead_left3] run data modify entity @s {} merge value {transformation:[0.8612980565958358f,-0.173909964175259f,-0.4774107058548192f,1.6999733573788265f,0.3885625860082356f,0.8308697509504217f,0.3983397716901696f,-1.093395152975165f,0.32739085885044045f,-0.5285932096765377f,0.7832014071904028f,0.5504543483120488f,0f,0f,0f,1f],start_interpolation:0}
execute if entity @s[tag=aj.mech_torso.bone.drill_left] run data modify entity @s {} merge value {transformation:[0.17040903441652644f,-0.2658744952434419f,1.4958333850391268f,1.4322375386279491f,-0.7899558135710678f,1.270238175797489f,0.31577015593826985f,-0.7390894336442654f,-1.2977582885976262f,-0.8081161621667099f,0.004206524747179177f,0.21772108509163585f,0f,0f,0f,1f],start_interpolation:0}
execute if entity @s[tag=aj.mech_torso.bone.left_hand] run data modify entity @s {} merge value {transformation:[-0.978432813445003f,-0.173909964175259f,0.11146548315355814f,1.4570267608119942f,-0.20654698923474513f,0.8308697509504217f,-0.5167144261520535f,-0.39019343978936705f,-0.0027515108864221375f,-0.5285932096765377f,-0.8488708075270923f,-0.08343363522259739f,0f,0f,0f,1f],start_interpolation:0}
execute if entity @s[tag=aj.mech_torso.bone.left_arm_low] run data modify entity @s {} merge value {transformation:[-0.978432813445003f,-0.173909964175259f,0.11146548315355814f,1.2254480421449712f,-0.20654698923474513f,0.8308697509504217f,-0.5167144261520535f,0.41161979851663144f,-0.0027515108864221375f,-0.5285932096765377f,-0.8488708075270923f,-0.6387260270647581f,0f,0f,0f,1f],start_interpolation:0}
execute if entity @s[tag=aj.mech_torso.bone.left_arm] run data modify entity @s {} merge value {transformation:[-1.0828258871148397f,-0.21924547628674523f,-0.06474177828718085f,0.972f,-0.22858434812865525f,1.0342276308676943f,0.3207715415594437f,1.4565000000000001f,-0.003045081047523209f,0.3272256212640179f,-1.0572067436428032f,-0.3061737499999999f,0f,0f,0f,1f],start_interpolation:0}