execute if entity @s[tag=aj.mech_torso.bone.barrel_left] run data modify entity @s {} merge value {transformation:[-2.239808893884666f,-0.44770175516947525f,0.22465028543052679f,1.6706037598414185f,-0.5009025534331442f,1.9996168609877163f,-1.00909738611716f,-1.5938169039133108f,0.0011154774771127195f,-1.0338007743866802f,-2.0491225458810884f,-0.03563468303617105f,0f,0f,0f,1f],start_interpolation:0}
execute if entity @s[tag=aj.mech_torso.bone.blaster_left] run data modify entity @s {} merge value {transformation:[-0.9758938278749655f,-0.19506547223362242f,0.09788104136052664f,1.6592269708699623f,-0.21824527601299304f,0.8712411840494768f,-0.4396678276995921f,-0.3923124744681546f,0.00048601806521083294f,-0.4504311942553931f,-0.8928110119325929f,-0.09709804278872512f,0f,0f,0f,1f],start_interpolation:0}
execute if entity @s[tag=aj.mech_torso.bone.sword_left] run data modify entity @s {} merge value {transformation:[-2.5998283256605887f,-0.5196638461948615f,0.2607598251014421f,1.3379178303520312f,-0.5814159638202875f,2.3210286242983686f,-1.1712963436033856f,-0.09848119879760531f,0.001294775616594811f,-1.199970472337423f,-2.378491688320671f,1.0626958600684642f,0f,0f,0f,1f],start_interpolation:0}
execute if entity @s[tag=aj.mech_torso.bone.rocket_left] run data modify entity @s {} merge value {transformation:[-2.2487476747255717f,-0.44948847361785504f,0.22554683498562197f,1.4153283892327206f,-0.5029015892258915f,2.0075970672164494f,-1.0131245602239598f,-0.018271946051670873f,0.0011199292000825234f,-1.0379265364463952f,-2.0573003227458027f,-0.37803838783951954f,0f,0f,0f,1f],start_interpolation:0}
execute if entity @s[tag=aj.mech_torso.bone.drillhead_left1] run data modify entity @s {} merge value {transformation:[0.09788104136052642f,-0.19506547223362242f,0.9758938278749655f,1.6198722338678149f,-0.4396678276995922f,0.8712411840494768f,0.21824527601299293f,-1.3688968370716417f,-0.8928110119325929f,-0.4504311942553931f,-0.0004860180652110312f,0.1658166608761849f,0f,0f,0f,1f],start_interpolation:0}
execute if entity @s[tag=aj.mech_torso.bone.drillhead_left2] run data modify entity @s {} merge value {transformation:[-0.9390657863490889f,-0.19506547223362242f,-0.2830281089412169f,1.401513138897314f,-0.033378750171097815f,0.8712411840494768f,-0.48971895843747076f,-1.2615794446014996f,0.3421130046425931f,-0.4504311942553931f,-0.8246638292638265f,0.4679574845966475f,0f,0f,0f,1f],start_interpolation:0}
execute if entity @s[tag=aj.mech_torso.bone.drillhead_left3] run data modify entity @s {} merge value {transformation:[0.8641508806064578f,-0.19506547223362242f,-0.46388869040897907f,1.7717996677472385f,0.3698859369802635f,0.8712411840494768f,0.32268125579323365f,-1.1787099362205535f,0.34121496035683463f,-0.4504311942553931f,0.8250358113865993f,0.4678891322959221f,0f,0f,0f,1f],start_interpolation:0}
execute if entity @s[tag=aj.mech_torso.bone.drill_left] run data modify entity @s {} merge value {transformation:[0.14964106622094683f,-0.2982171505554032f,1.491951770146815f,1.4926672850601368f,-0.6721665565212033f,1.3319582413979205f,0.3336545601305753f,-0.8004013955073629f,-1.364934311102196f,-0.6886216496132805f,-0.0007430270506924777f,0.1731109159959871f,0f,0f,0f,1f],start_interpolation:0}
execute if entity @s[tag=aj.mech_torso.bone.left_hand] run data modify entity @s {} merge value {transformation:[-0.9758938278749655f,-0.19506547223362242f,0.09788104136052664f,1.506743560264499f,-0.21824527601299304f,0.8712411840494768f,-0.4396678276995921f,-0.42641329884518475f,0.00048601806521083294f,-0.4504311942553931f,-0.8928110119325929f,-0.09702210246603593f,0f,0f,0f,1f],start_interpolation:0}
execute if entity @s[tag=aj.mech_torso.bone.left_arm_low] run data modify entity @s {} merge value {transformation:[-0.9758938278749655f,-0.19506547223362242f,0.09788104136052664f,1.2537435063312077f,-0.21824527601299304f,0.8712411840494768f,-0.4396678276995921f,0.41744793583786777f,0.00048601806521083294f,-0.4504311942553931f,-0.8928110119325929f,-0.5753232647152469f,0f,0f,0f,1f],start_interpolation:0}
execute if entity @s[tag=aj.mech_torso.bone.left_arm] run data modify entity @s {} merge value {transformation:[-1.0800160065952285f,-0.2260391594277643f,-0.08510994323410849f,0.99346875f,-0.241530773866136f,1.0116079669734515f,0.3782647022463158f,1.4389687500000001f,0.0005378733576634485f,0.3877210312777194f,-1.0365539499375904f,-0.18117374999999988f,0f,0f,0f,1f],start_interpolation:0}