execute if entity @s[tag=aj.mech_torso.bone.barrel_left] run data modify entity @s {} merge value {transformation:[-2.2663526204584588f,-0.187163458763598f,0.3102646175370605f,1.3467966294440026f,-0.3604329424269304f,1.3661222684221277f,-1.8087140556719676f,-1.1988765205293466f,-0.037180468061020044f,-1.8347556460944654f,-1.37838232191578f,1.0224541155577138f,0f,0f,0f,1f],start_interpolation:0}
execute if entity @s[tag=aj.mech_torso.bone.blaster_left] run data modify entity @s {} merge value {transformation:[-0.9874590373010423f,-0.0815478787988647f,0.135183553422391f,1.4428492437090856f,-0.15704209624205848f,0.5952250183110271f,-0.7880640567774534f,-0.14461663671224279f,-0.016199680873362998f,-0.7994104834439206f,-0.6005667733895692f,0.45076358514594167f,0f,0f,0f,1f],start_interpolation:0}
execute if entity @s[tag=aj.mech_torso.bone.sword_left] run data modify entity @s {} merge value {transformation:[-2.63063860255678f,-0.2172474906009842f,0.3601355201889984f,1.0509034125668157f,-0.41836773475682887f,1.5857082179897948f,-2.0994407370178805f,0.6374710254409185f,-0.04315673283121457f,-2.129668166067971f,-1.5999389117038596f,1.3279269870302561f,0f,0f,0f,1f],start_interpolation:0}
execute if entity @s[tag=aj.mech_torso.bone.rocket_left] run data modify entity @s {} merge value {transformation:[-2.275397333798871f,-0.18791040335511278f,0.31150284255992905f,1.2562338018202648f,-0.3618713825943009f,1.3715742815794325f,-1.8159323940720256f,0.07920404135685832f,-0.03732885038795302f,-1.8420779130351106f,-1.383883263323873f,0.010991719950670331f,0f,0f,0f,1f],start_interpolation:0}
execute if entity @s[tag=aj.mech_torso.bone.drillhead_left1] run data modify entity @s {} merge value {transformation:[0.13518355342239077f,-0.0815478787988647f,0.9874590373010423f,1.2985435171532551f,-0.7880640567774534f,0.5952250183110271f,0.1570420962420583f,-0.9068536773297176f,-0.6005667733895692f,-0.7994104834439206f,0.016199680873362866f,1.1008101259438163f,0f,0f,0f,1f],start_interpolation:0}
execute if entity @s[tag=aj.mech_torso.bone.drillhead_left2] run data modify entity @s {} merge value {transformation:[-0.9640256999787223f,-0.0815478787988647f,-0.25299089557519716f,1.0653692241033812f,0.15649107971044754f,0.5952250183110271f,-0.7881736607802216f,-0.6700520775212084f,0.21486040061303294f,-0.7994104834439206f,-0.5610506993208048f,1.3009139635637594f,0f,0f,0f,1f],start_interpolation:0}
execute if entity @s[tag=aj.mech_torso.bone.drillhead_left3] run data modify entity @s {} merge value {transformation:[0.8605606875327424f,-0.0815478787988647f,-0.5027775318533831f,1.440039278973927f,0.44666703663185825f,0.5952250183110271f,0.6679788439487823f,-0.6103605946826393f,0.24479350779726197f,-0.7994104834439206f,0.5486520003611296f,1.3071389454028943f,0f,0f,0f,1f],start_interpolation:0}
execute if entity @s[tag=aj.mech_torso.bone.drill_left] run data modify entity @s {} merge value {transformation:[0.20666934871639872f,-0.12467083882538119f,1.5096327249622856f,1.219975299056248f,-1.2047965986816782f,0.9099832321294141f,0.2400868073795467f,-0.3873176946866375f,-0.9181497362279959f,-1.2221430772291846f,0.024766159867468548f,0.8491540708161252f,0f,0f,0f,1f],start_interpolation:0}
execute if entity @s[tag=aj.mech_torso.bone.left_hand] run data modify entity @s {} merge value {transformation:[-0.9874590373010423f,-0.0815478787988647f,0.135183553422391f,1.2885587691307978f,-0.15704209624205848f,0.5952250183110271f,-0.7880640567774534f,-0.16915446425006442f,-0.016199680873362998f,-0.7994104834439206f,-0.6005667733895692f,0.4482323850094787f,0f,0f,0f,1f],start_interpolation:0}
execute if entity @s[tag=aj.mech_torso.bone.left_arm_low] run data modify entity @s {} merge value {transformation:[-0.9874590373010423f,-0.0815478787988647f,0.135183553422391f,1.1495191865450676f,-0.15704209624205848f,0.5952250183110271f,-0.7880640567774534f,0.39162842127153863f,-0.016199680873362998f,-0.7994104834439206f,-0.6005667733895692f,-0.3709582901574512f,0f,0f,0f,1f],start_interpolation:0}
execute if entity @s[tag=aj.mech_torso.bone.left_arm] run data modify entity @s {} merge value {transformation:[-1.0928151564033461f,-0.1745550261341706f,0.0075865222900485104f,0.94121875f,-0.17379757183219138f,1.0909524447970014f,0.06625062830424829f,1.49571875f,-0.017928092324412403f,0.06422837828228589f,-1.1046833380941632f,-0.3061737499999999f,0f,0f,0f,1f],start_interpolation:0}