execute if entity @s[tag=aj.mech_torso.bone.barrel_left] run data modify entity @s {} merge value {transformation:[-2.275132994006465f,-0.08031324922467425f,0.2914929416518535f,1.2292862617070246f,-0.2974711030652407f,0.9906548597325843f,-2.048844158343933f,-0.9313166442718706f,-0.054122969939060676f,-2.068768045078492f,-0.9924303367177902f,1.583543317634817f,0f,0f,0f,1f],start_interpolation:0}
execute if entity @s[tag=aj.mech_torso.bone.blaster_left] run data modify entity @s {} merge value {transformation:[-0.9912846817010312f,-0.03499280872976984f,0.12700465803303007f,1.3803066302708618f,-0.12960936723000374f,0.43163234408388357f,-0.892689717352502f,-0.010442431679523377f,-0.023581597722020377f,-0.9013706356864827f,-0.4324059266141286f,0.8241332816483476f,0f,0f,0f,1f],start_interpolation:0}
execute if entity @s[tag=aj.mech_torso.bone.sword_left] run data modify entity @s {} merge value {transformation:[-2.6408303041444965f,-0.09322253377519547f,0.3383465475584637f,0.9877024775774694f,-0.34528561875347946f,1.14988942686943f,-2.378168553696738f,0.9369769814727786f,-0.06282251610868551f,-2.401294939716182f,-1.151950288119825f,1.5190841535215445f,0f,0f,0f,1f],start_interpolation:0}
execute if entity @s[tag=aj.mech_torso.bone.rocket_left] run data modify entity @s {} merge value {transformation:[-2.2842127486555617f,-0.08063376877230197f,0.29265625140082857f,1.215859785517255f,-0.2986582708651645f,0.9946084321575825f,-2.0570208242008325f,0.12932916939819894f,-0.05433896754852866f,-2.0770242245302817f,-0.9963909948364396f,0.34273796874765755f,0f,0f,0f,1f],start_interpolation:0}
execute if entity @s[tag=aj.mech_torso.bone.drillhead_left1] run data modify entity @s {} merge value {transformation:[0.12700465803302985f,-0.03499280872976984f,0.9912846817010312f,1.1887108459329405f,-0.892689717352502f,0.43163234408388357f,0.12960936723000355f,-0.6284279047751713f,-0.4324059266141286f,-0.9013706356864827f,0.02358159772202028f,1.6024487475592213f,0f,0f,0f,1f],start_interpolation:0}
execute if entity @s[tag=aj.mech_torso.bone.drillhead_left2] run data modify entity @s {} merge value {transformation:[-0.9644302067779829f,-0.03499280872976984f,-0.2620112203539747f,0.9575773841066365f,0.22187412346793797f,0.43163234408388357f,-0.8743371162635075f,-0.35102290379788015f,0.14368802869241257f,-0.9013706356864827f,-0.40851527209228644f,1.744260533735067f,0f,0f,0f,1f],start_interpolation:0}
execute if entity @s[tag=aj.mech_torso.bone.drillhead_left3] run data modify entity @s {} merge value {transformation:[0.8672250498531142f,-0.03499280872976984f,-0.4966852285345976f,1.333700128654992f,0.4613610066790167f,0.43163234408388357f,0.7751384012270172f,-0.3017270657743266f,0.1872611396509912f,-0.9013706356864827f,0.3904666985784554f,1.7532646953301558f,0f,0f,0f,1f],start_interpolation:0}
execute if entity @s[tag=aj.mech_torso.bone.drill_left] run data modify entity @s {} merge value {transformation:[0.1941654091427937f,-0.053497195530452755f,1.5154813908432292f,1.1364025598477303f,-1.3647488752911408f,0.6598818656439717f,0.1981475026719686f,-0.16530351835823925f,-0.6610645228064489f,-1.3780203102617714f,0.036051674331078934f,1.252876125417485f,0f,0f,0f,1f],start_interpolation:0}
execute if entity @s[tag=aj.mech_torso.bone.left_hand] run data modify entity @s {} merge value {transformation:[-0.9912846817010312f,-0.03499280872976984f,0.12700465803303007f,1.2254183987550755f,-0.12960936723000374f,0.43163234408388357f,-0.892689717352502f,-0.03069389530921146f,-0.023581597722020377f,-0.9013706356864827f,-0.4324059266141286f,0.8204486570042819f,0f,0f,0f,1f],start_interpolation:0}
execute if entity @s[tag=aj.mech_torso.bone.left_arm_low] run data modify entity @s {} merge value {transformation:[-0.9912846817010312f,-0.03499280872976984f,0.12700465803303007f,1.1324391929825235f,-0.12960936723000374f,0.43163234408388357f,-0.892689717352502f,0.3649413096555312f,-0.023581597722020377f,-0.9013706356864827f,-0.4324059266141286f,-0.09590851374651845f,0f,0f,0f,1f],start_interpolation:0}
execute if entity @s[tag=aj.mech_torso.bone.left_arm] run data modify entity @s {} merge value {transformation:[-1.0970489747445549f,-0.14112716164536215f,0.03658756334976405f,0.958f,-0.14343793065880298f,1.0945047745288454f,-0.07910017140253156f,1.4735f,-0.026097616639639908f,-0.0831528791655061f,-1.1032572191589074f,-0.18117374999999988f,0f,0f,0f,1f],start_interpolation:0}