execute if entity @s[tag=aj.mech_torso.bone.barrel_left] run data modify entity @s {} merge value {transformation:[-2.2821850355344115f,0.011394279375899699f,0.24320799211990593f,1.1624853042083778f,-0.23276361774575374f,0.5704203913458539f,-2.2109025688260093f,-0.5871850507982557f,-0.07142167239291528f,-2.2230922700115356f,-0.566046108703392f,1.9572732783140836f,0f,0f,0f,1f],start_interpolation:0}
execute if entity @s[tag=aj.mech_torso.bone.blaster_left] run data modify entity @s {} merge value {transformation:[-0.9943572848234813f,0.004964533780709289f,0.10596670950262824f,1.3672821354159361f,-0.10141605318744913f,0.24853448020869665f,-0.9632992246977433f,0.1629704393819368f,-0.031118712607604678f,-0.9686103269900301f,-0.24662858750337957f,1.0392073393012253f,0f,0f,0f,1f],start_interpolation:0}
execute if entity @s[tag=aj.mech_torso.bone.sword_left] run data modify entity @s {} merge value {transformation:[-2.6490158673718542f,0.013225757944275615f,0.28230043583929426f,0.9909330034920177f,-0.27017726746726856f,0.6621078677758446f,-2.5662756940573157f,1.2391983719112472f,-0.08290175445776823f,-2.580424727267245f,-0.6570304774907325f,1.5237618229158796f,0f,0f,0f,1f],start_interpolation:0}
execute if entity @s[tag=aj.mech_torso.bone.rocket_left] run data modify entity @s {} merge value {transformation:[-2.2912929339478594f,0.011439752436775254f,0.24417860302615435f,1.221018995896536f,-0.23369254653626192f,0.5726968636285321f,-2.2197259883495635f,0.21118521963213724f,-0.07170670683427068f,-2.2319643370191278f,-0.5683051238030115f,0.5346255902423107f,0f,0f,0f,1f],start_interpolation:0}
execute if entity @s[tag=aj.mech_torso.bone.drillhead_left1] run data modify entity @s {} merge value {transformation:[0.10596670950262801f,0.004964533780709289f,0.9943572848234813f,1.1324767642477243f,-0.9632992246977433f,0.24853448020869665f,0.10141605318744892f,-0.2853262229414831f,-0.24662858750337957f,-0.9686103269900301f,0.031118712607604623f,1.9157268737267934f,0f,0f,0f,1f],start_interpolation:0}
execute if entity @s[tag=aj.mech_torso.bone.drillhead_left2] run data modify entity @s {} merge value {transformation:[-0.9592180475608105f,0.004964533780709289f,-0.28262358471643373f,0.9078774467898136f,0.27494243789400225f,0.24853448020869665f,-0.9287826807129297f,0.02131848535098202f,0.06563073272888034f,-0.9686103269900301f,-0.23976371987800224f,1.9932572801172925f,0f,0f,0f,1f],start_interpolation:0}
execute if entity @s[tag=aj.mech_torso.bone.drillhead_left3] run data modify entity @s {} merge value {transformation:[0.8781146393430104f,0.004964533780709289f,-0.4784245327905284f,1.28516881400403f,0.4623348695099225f,0.24853448020869665f,0.8511621940515427f,0.05992565532197073f,0.12313061604141404f,-0.9686103269900301f,0.21594648837508038f,2.0050972206374515f,0f,0f,0f,1f],start_interpolation:0}
execute if entity @s[tag=aj.mech_torso.bone.drill_left] run data modify entity @s {} merge value {transformation:[0.16200247947396085f,0.007589806135173007f,1.5201788031400978f,1.1064765570637396f,-1.4726970725887105f,0.3799608595714899f,0.15504541144992667f,0.10215849471110194f,-0.37704712048001565f,-1.4808167145416293f,0.04757445639419924f,1.4814447591395503f,0f,0f,0f,1f],start_interpolation:0}
execute if entity @s[tag=aj.mech_torso.bone.left_hand] run data modify entity @s {} merge value {transformation:[-0.9943572848234813f,0.004964533780709289f,0.10596670950262824f,1.2119138096622672f,-0.10141605318744913f,0.24853448020869665f,-0.9632992246977433f,0.14712418107139788f,-0.031118712607604678f,-0.9686103269900301f,-0.24662858750337957f,1.034345040456287f,0f,0f,0f,1f],start_interpolation:0}
execute if entity @s[tag=aj.mech_torso.bone.left_arm_low] run data modify entity @s {} merge value {transformation:[-0.9943572848234813f,0.004964533780709289f,0.10596670950262824f,1.1580424728134662f,-0.10141605318744913f,0.24853448020869665f,-0.9632992246977433f,0.3592170571840745f,-0.031118712607604678f,-0.9686103269900301f,-0.24662858750337957f,0.056082650568801046f,0f,0f,0f,1f],start_interpolation:0}
execute if entity @s[tag=aj.mech_torso.bone.left_arm] run data modify entity @s {} merge value {transformation:[-1.100449406696652f,-0.10258445767352706f,0.05709212624209201f,1.0226875f,-0.11223655446890637f,1.0771352945846266f,-0.22793527926818508f,1.451f,-0.03443889771701256f,-0.232439163520147f,-1.081461037726334f,-0.18117374999999988f,0f,0f,0f,1f],start_interpolation:0}