execute if entity @s[tag=aj.mech_torso.bone.barrel_left] run data modify entity @s {} merge value {transformation:[-2.264524184390856f,-0.20805289527752216f,0.310310658093246f,1.367669361356718f,-0.37204765913805454f,1.4295578069844959f,-1.7565857534633114f,-1.2390312205620235f,-0.03404777657229732f,-1.7834592685864779f,-1.4442168395549762f,1.060664331314265f,0f,0f,0f,1f],start_interpolation:0}
execute if entity @s[tag=aj.mech_torso.bone.blaster_left] run data modify entity @s {} merge value {transformation:[-0.9866623802836023f,-0.09064949109149552f,0.1352036134796289f,1.4537126309146071f,-0.16210267546462043f,0.6228641399878637f,-0.7653515438831955f,-0.1645183248015328f,-0.014834754474138524f,-0.7770604435190558f,-0.6292511399891623f,0.5263061532128195f,0f,0f,0f,1f],start_interpolation:0}
execute if entity @s[tag=aj.mech_torso.bone.sword_left] run data modify entity @s {} merge value {transformation:[-2.6285162697572306f,-0.2414946256598135f,0.3601889611510496f,1.0637962698062504f,-0.4318493624003963f,1.6593401740277685f,-2.0389335048961206f,0.5835064105539954f,-0.039520502932237946f,-2.0701265794562014f,-1.676355450736228f,1.4335671443744449f,0f,0f,0f,1f],start_interpolation:0}
execute if entity @s[tag=aj.mech_torso.bone.rocket_left] run data modify entity @s {} merge value {transformation:[-2.2735616006849284f,-0.20888320684529896f,0.3115490668578804f,1.2626721142920234f,-0.373532452102529f,1.4352629829800594f,-1.7635960547088045f,0.07375073065835241f,-0.03418365674213273f,-1.7905768184739275f,-1.4499805178093017f,0.09612980481738481f,0f,0f,0f,1f],start_interpolation:0}
execute if entity @s[tag=aj.mech_torso.bone.drillhead_left1] run data modify entity @s {} merge value {transformation:[0.13520361347962867f,-0.09064949109149552f,0.9866623802836023f,1.3183632332301605f,-0.7653515438831955f,0.6228641399878637f,0.16210267546462026f,-0.9502731599767394f,-0.6292511399891623f,-0.7770604435190558f,0.014834754474138383f,1.1497320377850084f,0f,0f,0f,1f],start_interpolation:0}
execute if entity @s[tag=aj.mech_torso.bone.drillhead_left2] run data modify entity @s {} merge value {transformation:[-0.9632973615174352f,-0.09064949109149552f,-0.25266749505704245f,1.085333375557671f,0.14312401175205972f,0.6228641399878637f,-0.7691266348119634f,-0.7221160753023372f,0.22709846004221157f,-0.7770604435190558f,-0.5870292638058382f,1.3597992284346267f,0f,0f,0f,1f],start_interpolation:0}
execute if entity @s[tag=aj.mech_torso.bone.drillhead_left3] run data modify entity @s {} merge value {transformation:[0.8598169957683408f,-0.09064949109149552f,-0.5024911974878346f,1.4597011393026054f,0.4426506998062242f,0.6228641399878637f,0.6450586183272331f,-0.6605073272816153f,0.25450951209918493f,-0.7770604435190558f,0.5756752342849248f,1.365510023037708f,0f,0f,0f,1f],start_interpolation:0}
execute if entity @s[tag=aj.mech_torso.bone.drill_left] run data modify entity @s {} merge value {transformation:[0.20670001664056267f,-0.1385854329987551f,1.5084147913987977f,1.235085741912282f,-1.1700735859428253f,0.952238071060871f,0.2478234483064702f,-0.4225606415745643f,-0.9620025512591063f,-1.1879742151293349f,0.022679452994982828f,0.9173407092038505f,0f,0f,0f,1f],start_interpolation:0}
execute if entity @s[tag=aj.mech_torso.bone.left_hand] run data modify entity @s {} merge value {transformation:[-0.9866623802836023f,-0.09064949109149552f,0.1352036134796289f,1.2995466339952944f,-0.16210267546462043f,0.6228641399878637f,-0.7653515438831955f,-0.18984686784287974f,-0.014834754474138524f,-0.7770604435190558f,-0.6292511399891623f,0.5239882228262354f,0f,0f,0f,1f],start_interpolation:0}
execute if entity @s[tag=aj.mech_torso.bone.left_arm_low] run data modify entity @s {} merge value {transformation:[-0.9866623802836023f,-0.09064949109149552f,0.1352036134796289f,1.1514558570573121f,-0.16210267546462043f,0.6228641399878637f,-0.7653515438831955f,0.39896861918209536f,-0.014834754474138524f,-0.7770604435190558f,-0.6292511399891623f,-0.27366349097211534f,0f,0f,0f,1f],start_interpolation:0}
execute if entity @s[tag=aj.mech_torso.bone.left_arm] run data modify entity @s {} merge value {transformation:[-1.0919335007293112f,-0.18014291291706974f,0.0013188801357161724f,0.9375f,-0.17939808533775523f,1.088098841453267f,0.0928935774918459f,1.5f,-0.01641753624046134f,0.09144080428254721f,-1.1027878410419576f,-0.18117374999999988f,0f,0f,0f,1f],start_interpolation:0}