execute if entity @s[tag=aj.mech_torso.bone.barrel_left] run data modify entity @s {} merge value {transformation:[-2.282374905010521f,0.014845914301627254f,0.24123201540727762f,1.1142749435719534f,-0.2307099769168951f,0.5487553725713012f,-2.2165939955426732f,-0.5697287682032817f,-0.07201522741694281f,-2.2285187083247417f,-0.5442119689214902f,1.8461828835683414f,0f,0f,0f,1f],start_interpolation:0}
execute if entity @s[tag=aj.mech_torso.bone.blaster_left] run data modify entity @s {} merge value {transformation:[-0.9944400117250234f,0.0064684251302311105f,0.10510576842718937f,1.321120315652861f,-0.10052127354128065f,0.2390949435765282f,-0.9657790024233164f,0.17121506530945368f,-0.03137732694119098f,-0.97097464819246f,-0.23711536416173926f,0.9211221841956643f,0f,0f,0f,1f],start_interpolation:0}
execute if entity @s[tag=aj.mech_torso.bone.sword_left] run data modify entity @s {} merge value {transformation:[-2.6492362558360294f,0.01723219718748364f,0.28000684720217317f,0.945473894053707f,-0.26779353124219285f,0.6369604859434773f,-2.5728819417741655f,1.2525559383811535f,-0.08359071554213494f,-2.586723393226043f,-0.6316867907028079f,1.3947147956367107f,0f,0f,0f,1f],start_interpolation:0}
execute if entity @s[tag=aj.mech_torso.bone.rocket_left] run data modify entity @s {} merge value {transformation:[-2.291483561167918f,0.014905162380643034f,0.2421947404520005f,1.175542386912641f,-0.2316307098986693f,0.5509453826315692f,-2.2254401287969534f,0.2146949004554354f,-0.0723026306578379f,-2.237412431529415f,-0.5463838468591433f,0.41591244250476445f,0f,0f,0f,1f],start_interpolation:0}
execute if entity @s[tag=aj.mech_torso.bone.drillhead_left1] run data modify entity @s {} merge value {transformation:[0.10510576842718915f,0.0064684251302311105f,0.9944400117250234f,1.0846837429103937f,-0.9657790024233164f,0.2390949435765282f,0.10052127354128045f,-0.2682525673010012f,-0.23711536416173926f,-0.97097464819246f,0.03137732694119093f,1.801665142243103f,0f,0f,0f,1f],start_interpolation:0}
execute if entity @s[tag=aj.mech_torso.bone.drillhead_left2] run data modify entity @s {} merge value {transformation:[-0.9589650093661203f,0.0064684251302311105f,-0.28345064876936105f,0.8603599887698243f,0.27671807634672974f,0.2390949435765282f,-0.9307312792525578f,0.03940092687505874f,0.06175125127803131f,-0.97097464819246f,-0.23107361496528775f,1.8759280218731627f,0f,0f,0f,1f],start_interpolation:0}
execute if entity @s[tag=aj.mech_torso.bone.drillhead_left3] run data modify entity @s {} merge value {transformation:[0.8785205369199461f,0.0064684251302311105f,-0.4776607851668632f,1.237682858318945f,0.4624571707602445f,0.2390949435765282f,0.8537956272835833f,0.07766889843583681f,0.11972899156979387f,-0.97097464819246f,0.20705844862069464f,1.8878648559133624f,0f,0f,0f,1f],start_interpolation:0}
execute if entity @s[tag=aj.mech_torso.bone.drill_left] run data modify entity @s {} merge value {transformation:[0.1606862680943991f,0.009888963376400111f,1.5203052764752794f,1.0596922954075552f,-1.476488170207696f,0.36552964483740735f,0.15367746748014122f,0.11502047415281443f,-0.3625032531053562f,-1.484431301602644f,0.04796982738821362f,1.3636028458916185f,0f,0f,0f,1f],start_interpolation:0}
execute if entity @s[tag=aj.mech_torso.bone.left_hand] run data modify entity @s {} merge value {transformation:[-0.9944400117250234f,0.0064684251302311105f,0.10510576842718937f,1.165739063820826f,-0.10052127354128065f,0.2390949435765282f,-0.9657790024233164f,0.15550861631862858f,-0.03137732694119098f,-0.97097464819246f,-0.23711536416173926f,0.9162194768611032f,0f,0f,0f,1f],start_interpolation:0}
execute if entity @s[tag=aj.mech_torso.bone.left_arm_low] run data modify entity @s {} merge value {transformation:[-0.9944400117250234f,0.0064684251302311105f,0.10510576842718937f,1.113339543481593f,-0.10052127354128065f,0.2390949435765282f,-0.9657790024233164f,0.3581403864730981f,-0.03137732694119098f,-0.97097464819246f,-0.23711536416173926f,-0.06412610939523572f,0f,0f,0f,1f],start_interpolation:0}
execute if entity @s[tag=aj.mech_torso.bone.left_arm] run data modify entity @s {} merge value {transformation:[-1.100540960076015f,-0.10130633456621474f,0.05760729385893029f,0.97928125f,-0.11124630705403965f,1.0762302242049993f,-0.23264724844391246f,1.44903125f,-0.03472510469140891f,-0.2371444910143252f,-1.0804298385456388f,-0.3061737499999999f,0f,0f,0f,1f],start_interpolation:0}