execute if entity @s[tag=aj.mech_legs.bone.foot] run data modify entity @s {} merge value {transformation:[-0.9985867966568563f,0.0071515333048352975f,-0.05266179938046048f,0.5852436241883593f,0.007434714844917921f,0.9999589277149281f,-0.005183425352616788f,-1.5056843682216103f,0.05262256700098153f,-0.005567625580193525f,-0.9985989520261004f,-0.6107953185746713f,0f,0f,0f,1f],start_interpolation:0}
execute if entity @s[tag=aj.mech_legs.bone.leg_low] run data modify entity @s {} merge value {transformation:[-0.9936383360774256f,0.09223750327609528f,-0.06461501425115736f,0.7038124186775998f,0.07073652234912879f,0.9576182108913129f,0.2792198176621286f,-0.368402763403709f,0.08763105319027129f,0.27287287362197327f,-0.9580507258794027f,-0.5326520262000812f,0f,0f,0f,1f],start_interpolation:0}
execute if entity @s[tag=aj.mech_legs.bone.bone4] run data modify entity @s {} merge value {transformation:[-0.9936383360774256f,0.10763209246728944f,0.03313894609666713f,0.7573447899278304f,0.07073652234912879f,0.3675106076543896f,0.9273253461797821f,-0.33941319097986505f,0.08763105319027129f,0.9237701477816946f,-0.37278614859480713f,0.050944688615903705f,0f,0f,0f,1f],start_interpolation:0}
execute if entity @s[tag=aj.mech_legs.bone.leg] run data modify entity @s {} merge value {transformation:[-0.9936383360774256f,0.05915244940057397f,-0.09583237869946404f,0.8118034586315038f,0.07073652234912879f,0.989959284268441f,-0.12238039016389533f,0.353891875f,0.08763105319027129f,-0.12838069644860392f,-0.9878457345639222f,-0.007294008203794333f,0f,0f,0f,1f],start_interpolation:0}
execute if entity @s[tag=aj.mech_legs.bone.foot2] run data modify entity @s {} merge value {transformation:[-0.9992804696659383f,0.01863762998063118f,-0.033033039413996455f,-0.6969416231952729f,0.021178361479158695f,0.9967038203938055f,-0.07831329017127583f,-1.203685316425735f,0.03146458245837138f,-0.07895652703290226f,-0.9963813762258018f,0.3002195309492937f,0f,0f,0f,1f],start_interpolation:0}
execute if entity @s[tag=aj.mech_legs.bone.leg_low2] run data modify entity @s {} merge value {transformation:[-0.9992413485740183f,0.01710141580182554f,-0.034989553834684585f,-0.716484741545917f,0.024454945917672798f,0.9747452222480384f,-0.22197681708859995f,-0.16208704224977397f,0.0303097825815514f,-0.2226640817064915f,-0.9744239445937605f,-0.1775518407189393f,0f,0f,0f,1f],start_interpolation:0}
execute if entity @s[tag=aj.mech_legs.bone.bone3] run data modify entity @s {} merge value {transformation:[-0.9992413485740183f,0.023649000494536845f,0.03094272249797381f,-0.7028837632767823f,0.024454945917672798f,-0.23733397427020692f,0.9711202501633216f,-0.27938947256003493f,0.0303097825815514f,0.971140211005969f,0.23657558548409202f,0.365483544392776f,0f,0f,0f,1f],start_interpolation:0}
execute if entity @s[tag=aj.mech_legs.bone.leg2] run data modify entity @s {} merge value {transformation:[-0.9992413485740183f,0.0076711010183797244f,-0.038182214565724605f,-0.7064604579587755f,0.024454945917672798f,0.8866120246378565f,-0.46186694338058515f,0.353891875f,0.0303097825815514f,-0.46245029135759746f,-0.886126991521606f,0.07227483203027446f,0f,0f,0f,1f],start_interpolation:0}
execute if entity @s[tag=aj.mech_legs.bone.hips] run data modify entity @s {} merge value {transformation:[-0.9986295347545738f,0f,-0.052335956242943675f,0.05096875000000001f,0f,1f,0f,0.750598125f,0.052335956242943675f,0f,-0.9986295347545738f,6.938893903907228e-18f,0f,0f,0f,1f],start_interpolation:0}