execute if entity @s[tag=aj.mech_legs.bone.foot] run data modify entity @s {} merge value {transformation:[-0.9966397378780505f,-0.02633017698976214f,0.07756258545238533f,0.6706753370445337f,-0.025908437491348194f,0.9996435834993884f,0.006438853567077685f,-1.5382371218077988f,-0.07770447702113233f,0.004407691934466884f,-0.9969666927749808f,0.8797827270852465f,0f,0f,0f,1f],start_interpolation:0}
execute if entity @s[tag=aj.mech_legs.bone.leg_low] run data modify entity @s {} merge value {transformation:[-0.9965069399851884f,0.03573480914264601f,0.0754780893829119f,0.7588982595457892f,-0.000825477697689975f,0.8995618890191037f,-0.436792543904944f,-0.6321532432906053f,-0.083505910856219f,-0.43532910681451165f,-0.8963901670657441f,0.1835046914819895f,0f,0f,0f,1f],start_interpolation:0}
execute if entity @s[tag=aj.mech_legs.bone.bone4] run data modify entity @s {} merge value {transformation:[-0.9965069399851884f,-0.05113144254788317f,0.06602646548414279f,0.7267035458055866f,-0.000825477697689975f,0.7966339903252997f,0.604461416506431f,-0.22429923112261224f,-0.083505910856219f,0.6022954931272215f,-0.7938935078527285f,0.5636643826522358f,0f,0f,0f,1f],start_interpolation:0}
execute if entity @s[tag=aj.mech_legs.bone.leg] run data modify entity @s {} merge value {transformation:[-0.9965069399851884f,0.0551315679005771f,0.06272502516683617f,0.7732300110535659f,-0.000825477697689975f,0.7445684091881255f,-0.6675456558360895f,0.3164231250000001f,-0.083505910856219f,-0.6652656569069895f,-0.741922077169958f,0.12493436482997924f,0f,0f,0f,1f],start_interpolation:0}
execute if entity @s[tag=aj.mech_legs.bone.foot2] run data modify entity @s {} merge value {transformation:[-0.9916585652554678f,-0.016338621570351458f,0.12785280364797552f,-0.5643896012140404f,0.00380446370054947f,0.9877906684904898f,0.1557405576561972f,-1.3109980834929416f,-0.12883639241851708f,0.15492786930792324f,-0.9794889173953369f,-1.1845621791987f,0f,0f,0f,1f],start_interpolation:0}
execute if entity @s[tag=aj.mech_legs.bone.leg_low2] run data modify entity @s {} merge value {transformation:[-0.9919561048803068f,-0.07286599543118939f,0.10350667949708163f,-0.6520444706129244f,0.007810328768245332f,0.7809121665048866f,0.6245920164148567f,-0.2882959535536908f,-0.1263411443482352f,0.6203762849387995f,-0.7740614835594858f,-0.6746883133109314f,0f,0f,0f,1f],start_interpolation:0}
execute if entity @s[tag=aj.mech_legs.bone.bone3] run data modify entity @s {} merge value {transformation:[-0.9919561048803068f,-0.12555643668232097f,-0.016083133970965204f,-0.722035055032086f,0.007810328768245332f,-0.18752383031743092f,0.9822290017239419f,-0.3777612500899656f,-0.1263411443482352f,0.9742024400866166f,0.18699604534337266f,-0.13069423700279656f,0f,0f,0f,1f],start_interpolation:0}
execute if entity @s[tag=aj.mech_legs.bone.leg2] run data modify entity @s {} merge value {transformation:[-0.9919561048803068f,0.0006602462349149362f,0.1265806069885864f,-0.7357850492289388f,0.007810328768245332f,0.9984003086804438f,0.055998414185817705f,0.3164231250000001f,-0.1263411443482352f,0.05653660497150275f,-0.9903744380501117f,-0.06034938674267842f,0f,0f,0f,1f],start_interpolation:0}
execute if entity @s[tag=aj.mech_legs.bone.hips] run data modify entity @s {} merge value {transformation:[-0.992546151641322f,0f,0.12186934340514763f,0.022687499999999985f,0f,1f,0f,0.7131293750000001f,-0.12186934340514763f,0f,-0.992546151641322f,6.938893903907228e-18f,0f,0f,0f,1f],start_interpolation:0}