execute if entity @s[tag=aj.mech_legs.bone.foot] run data modify entity @s {} merge value {transformation:[-0.9878991975137403f,0.001595977171231791f,-0.15508909829055345f,0.5377115873668622f,0.0016828760626916353f,0.9999984919315861f,-0.00042902530347083134f,-1.529730761603147f,0.15508817969099278f,-0.0006848294841094726f,-0.9879003935259423f,-1.141148246535379f,0f,0f,0f,1f],start_interpolation:0}
execute if entity @s[tag=aj.mech_legs.bone.leg_low] run data modify entity @s {} merge value {transformation:[-0.9871918555987413f,0.09243007416352747f,-0.130034309432698f,0.6409244071305288f,0.00589869849893902f,0.8356595807079027f,0.5492160508644215f,-0.46377172503476194f,0.15942849681136825f,0.5414145791915996f,-0.8255015492676256f,-0.7329169052329431f,0f,0f,0f,1f],start_interpolation:0}
execute if entity @s[tag=aj.mech_legs.bone.bone4] run data modify entity @s {} merge value {transformation:[-0.9871918555987413f,0.15848914879745404f,-0.01826006442957723f,0.729008350654758f,0.00589869849893902f,0.15063822349105294f,0.9885713585672399f,-0.3822138543508144f,0.15942849681136825f,0.9758018832411207f,-0.14964370707634006f,-0.19051283007520525f,0f,0f,0f,1f],start_interpolation:0}
execute if entity @s[tag=aj.mech_legs.bone.leg] run data modify entity @s {} merge value {transformation:[-0.9871918555987413f,0.02295017586233194f,-0.1578782115030503f,0.760185595021567f,0.00589869849893902f,0.9941729274705428f,0.10763547575344107f,0.30720437500000003f,0.15942849681136825f,0.1053255890680846f,-0.9815747932235874f,-0.08678293375761328f,0f,0f,0f,1f],start_interpolation:0}
execute if entity @s[tag=aj.mech_legs.bone.foot2] run data modify entity @s {} merge value {transformation:[-0.991482943884165f,0.020395324903770704f,-0.1286297116099514f,-0.6420989531874243f,0.029980882603273275f,0.9968789926977051f,-0.07303027178052712f,-1.4546529104578276f,0.1267387812199501f,-0.07626470114068856f,-0.9889999882177974f,1.025504754945509f,0f,0f,0f,1f],start_interpolation:0}
execute if entity @s[tag=aj.mech_legs.bone.leg_low2] run data modify entity @s {} merge value {transformation:[-0.9914887808215269f,-0.04250475909084441f,-0.1230582909017974f,-0.7489426856066805f,0.030061553061458267f,0.8449205557309414f,-0.5340464001665494f,-0.6318054337319774f,0.1266739931184584f,-0.5332003375448542f,-0.8364514926219444f,0.23488422098779727f,0f,0f,0f,1f],start_interpolation:0}
execute if entity @s[tag=aj.mech_legs.bone.bone3] run data modify entity @s {} merge value {transformation:[-0.9914887808215269f,0.10928441703376571f,-0.07075954846260746f,-0.6892920840722254f,0.030061553061458267f,0.7209849022609346f,0.6922983993476539f,-0.2209131273732406f,0.1266739931184584f,0.6842789540131866f,-0.718133701034873f,0.6042642347429755f,0f,0f,0f,1f],start_interpolation:0}
execute if entity @s[tag=aj.mech_legs.bone.leg2] run data modify entity @s {} merge value {transformation:[-0.9914887808215269f,-0.06559652467005632f,-0.11245929688670833f,-0.7414439043813992f,0.030061553061458267f,0.7251044341861298f,-0.6879824580257448f,0.30720437500000003f,0.1266739931184584f,-0.6855075896551571f,-0.7169609780124729f,0.1510518140801389f,0f,0f,0f,1f],start_interpolation:0}
execute if entity @s[tag=aj.mech_legs.bone.hips] run data modify entity @s {} merge value {transformation:[-0.9876883405951378f,0f,-0.15643446504023076f,0.004281250000000014f,0f,1f,0f,0.703910625f,0.15643446504023076f,0f,-0.9876883405951378f,6.938893903907228e-18f,0f,0f,0f,1f],start_interpolation:0}