execute if entity @s[tag=aj.mech_legs.bone.foot] run data modify entity @s {} merge value {transformation:[-0.9921191562297551f,-0.03058511463727756f,0.12150773886705074f,0.6434251543785464f,-0.030178382871175143f,0.9995310718787772f,0.005186671007795685f,-1.509807259477244f,-0.12160939539870912f,0.0014788885985547728f,-0.9925769329574776f,1.0565533102310183f,0f,0f,0f,1f],start_interpolation:0}
execute if entity @s[tag=aj.mech_legs.bone.leg_low] run data modify entity @s {} merge value {transformation:[-0.9920554282108749f,0.04105595431375865f,0.11891356513335324f,0.7476874617884991f,-0.024362094489318586f,0.8646553172279317f,-0.5017745218138902f,-0.6574196263295332f,-0.12342007822648307f,-0.5006851216132263f,-0.8567857919490245f,0.297515053001945f,0f,0f,0f,1f],start_interpolation:0}
execute if entity @s[tag=aj.mech_legs.bone.bone4] run data modify entity @s {} merge value {transformation:[-0.9920554282108749f,-0.09188690180503864f,0.08592336488993474f,0.6964572554287416f,-0.024362094489318586f,0.8104018229511597f,0.5853677252031672f,-0.20847969424377705f,-0.12342007822648307f,0.5786239561529648f,-0.8062020848747914f,0.6206884607263016f,0f,0f,0f,1f],start_interpolation:0}
execute if entity @s[tag=aj.mech_legs.bone.leg] run data modify entity @s {} merge value {transformation:[-0.9920554282108749f,0.07082800557012636f,0.10396836530549007f,0.7525376543813992f,-0.024362094489318586f,0.702638348204591f,-0.7111299740444198f,0.30467312499999993f,-0.12342007822648307f,-0.7080132380536976f,-0.6953306688412979f,0.1510518140801391f,0f,0f,0f,1f],start_interpolation:0}
execute if entity @s[tag=aj.mech_legs.bone.foot2] run data modify entity @s {} merge value {transformation:[-0.9873133459710773f,-0.005112584167170364f,0.1587016646117156f,-0.5347891050825029f,0.0010669115336195208f,0.9992453310694684f,0.03882821185230856f,-1.4765124775953482f,-0.15878040989736514f,0.038504932398355396f,-0.9865627965891592f,-1.2011715739479403f,0f,0f,0f,1f],start_interpolation:0}
execute if entity @s[tag=aj.mech_legs.bone.leg_low2] run data modify entity @s {} merge value {transformation:[-0.9874633503254224f,-0.09056055886935467f,0.1292861823295993f,-0.6360896746510876f,0.002781421138319582f,0.8089427927453074f,0.5878807887334588f,-0.4311599855929996f,-0.15782393817334414f,0.5808703325551173f,-0.798549473293148f,-0.7423134870664805f,0f,0f,0f,1f],start_interpolation:0}
execute if entity @s[tag=aj.mech_legs.bone.bone3] run data modify entity @s {} merge value {transformation:[-0.9874633503254224f,-0.15740410896998533f,0.011835465493897046f,-0.7233543561908675f,0.002781421138319582f,0.05761734230835376f,0.9983348664460102f,-0.3842020468821224f,-0.15782393817334414f,0.985852011381367f,-0.05645720675670626f,-0.19549349511502823f,0f,0f,0f,1f],start_interpolation:0}
execute if entity @s[tag=aj.mech_legs.bone.leg2] run data modify entity @s {} merge value {transformation:[-0.9874633503254224f,-0.01517768227041652f,0.15711705739667647f,-0.749091845021567f,0.002781421138319582f,0.9935389129380415f,0.11345788722846017f,0.30467312499999993f,-0.15782393817334414f,0.11247251414809292f,-0.9810410481221791f,-0.08678293375761348f,0f,0f,0f,1f],start_interpolation:0}
execute if entity @s[tag=aj.mech_legs.bone.hips] run data modify entity @s {} merge value {transformation:[-0.9876883405951378f,0f,0.15643446504023098f,0.006812500000000006f,0f,1f,0f,0.7013793749999999f,-0.15643446504023098f,0f,-0.9876883405951378f,6.938893903907228e-18f,0f,0f,0f,1f],start_interpolation:0}