execute if entity @s[tag=aj.mech_legs.bone.foot] run data modify entity @s {} merge value {transformation:[-0.9993571236122136f,-0.009896883285805822f,-0.034458543015487016f,0.679065190284277f,-0.015492132453033904f,0.9859851137824407f,0.16611245959134213f,-1.1915106407704765f,0.03233161483100843f,0.1665395061258882f,-0.985504571060817f,-0.33921265845533466f,0f,0f,0f,1f],start_interpolation:0}
execute if entity @s[tag=aj.mech_legs.bone.leg_low] run data modify entity @s {} merge value {transformation:[-0.9993491877228493f,-0.0119727680803724f,-0.0340272511698361f,0.6881418894689405f,-0.01990481482177138f,0.9697267956626676f,0.24337982685655374f,-0.04630815724879361f,0.030083207019739204f,0.24389873841065418f,-0.9693340012901122f,-0.29445478658195534f,0f,0f,0f,1f],start_interpolation:0}
execute if entity @s[tag=aj.mech_legs.bone.bone4] run data modify entity @s {} merge value {transformation:[-0.9993491877228493f,0.03600923530311981f,-0.0021297818118404324f,0.7081140264280739f,-0.01990481482177138f,-0.5012446349426543f,0.8650766522615879f,-0.31180756020769435f,0.030083207019739204f,0.8645560426681951f,0.5016351759409599f,0.19333969578100965f,0f,0f,0f,1f],start_interpolation:0}
execute if entity @s[tag=aj.mech_legs.bone.leg] run data modify entity @s {} merge value {transformation:[-0.9993491877228493f,-0.02787699411084381f,-0.02289266688320685f,0.6995945358993277f,-0.01990481482177138f,0.9554328024458993f,-0.2945368539882337f,0.3639543750000001f,0.030083207019739204f,-0.29388949149249805f,-0.955365881453639f,0.01926318351395933f,0f,0f,0f,1f],start_interpolation:0}
execute if entity @s[tag=aj.mech_legs.bone.foot2] run data modify entity @s {} merge value {transformation:[-0.9994697521631989f,0.004529169778484549f,-0.03224439690785544f,-0.6359037329967053f,0.004850381381464076f,0.9999393236641396f,-0.009890540458311142f,-1.5316401947566838f,0.03219764449906237f,-0.010041693643046697f,-0.9994310762016015f,-0.17916025508610722f,0f,0f,0f,1f],start_interpolation:0}
execute if entity @s[tag=aj.mech_legs.bone.leg_low2] run data modify entity @s {} merge value {transformation:[-0.9960606326446158f,-0.07826971535571903f,-0.041678144797274844f,-0.7638653474022293f,-0.08006538384779088f,0.9958481164137248f,0.04331354689404132f,-0.40721840220256955f,0.03811496300554143f,0.04647989558261867f,-0.9981917996566168f,-0.3604772137388432f,0f,0f,0f,1f],start_interpolation:0}
execute if entity @s[tag=aj.mech_legs.bone.bone3] run data modify entity @s {} merge value {transformation:[-0.9960606326446158f,-0.01034258596929876f,-0.08806955779993193f,-0.7494297733029697f,-0.08006538384779088f,0.5317911753451601f,0.8430822499224612f,-0.3049874070886815f,0.03811496300554143f,0.8468123621797695f,-0.5305243376647346f,0.23151787573694718f,0f,0f,0f,1f],start_interpolation:0}
execute if entity @s[tag=aj.mech_legs.bone.leg2] run data modify entity @s {} merge value {transformation:[-0.9960606326446158f,-0.08797231295690053f,-0.011139490500962607f,-0.8205214078124538f,-0.08006538384779088f,0.946224941933046f,-0.31344520027129086f,0.3639543750000001f,0.03811496300554143f,-0.31131853689881184f,-0.9495409512908168f,0.04579690600986704f,0f,0f,0f,1f],start_interpolation:0}
execute if entity @s[tag=aj.mech_legs.bone.hips] run data modify entity @s {} merge value {transformation:[-0.9998476951563913f,0f,-0.01745240643728339f,-0.06103125f,0f,1f,0f,0.7606606250000001f,0.01745240643728339f,0f,-0.9998476951563913f,-6.938893903907228e-18f,0f,0f,0f,1f],start_interpolation:0}