execute if entity @s[tag=aj.mech_legs.bone.foot] run data modify entity @s {} merge value {transformation:[-0.9875399302779762f,0.0043968755865981535f,-0.15730719497736348f,0.5386925688606724f,-0.0009492027713328216f,0.9994249927156679f,0.03389370073311937f,-1.4842685169161438f,0.15736576857966653f,0.03362069928427047f,-0.9869679140980052f,-1.176591125130495f,0f,0f,0f,1f],start_interpolation:0}
execute if entity @s[tag=aj.mech_legs.bone.leg_low] run data modify entity @s {} merge value {transformation:[-0.9875521960127147f,0.08947858469731429f,-0.1293609022503721f,0.6387650266241816f,-0.0010199598756420597f,0.8187668429103503f,0.5741252621444818f,-0.4311865635550616f,0.15728833342723433f,0.5671106063469307f,-0.8084837291723933f,-0.7354808390009027f,0f,0f,0f,1f],start_interpolation:0}
execute if entity @s[tag=aj.mech_legs.bone.bone4] run data modify entity @s {} merge value {transformation:[-0.9875521960127147f,0.15694062591862606f,-0.010502384811777267f,0.7257921946250699f,-0.0010199598756420597f,0.06037923049596575f,0.9981749887702893f,-0.3826967210769551f,0.15728833342723433f,0.9857606141761726f,-0.05946756852855366f,-0.18875670064939937f,0f,0f,0f,1f],start_interpolation:0}
execute if entity @s[tag=aj.mech_legs.bone.leg] run data modify entity @s {} merge value {transformation:[-0.9875521960127147f,0.015337233480744904f,-0.15654210110900482f,0.751623095021567f,-0.0010199598756420597f,0.9945893685836138f,0.1038794858588575f,0.30720437500000003f,0.15728833342723433f,0.10274608104256637f,-0.9821932717128933f,-0.0867829337576133f,0f,0f,0f,1f],start_interpolation:0}
execute if entity @s[tag=aj.mech_legs.bone.foot2] run data modify entity @s {} merge value {transformation:[-0.9916305348346491f,0.02766661995593242f,-0.12610884395537647f,-0.6439380265968663f,0.028045121749017653f,0.9996059056706093f,-0.0012265783805106567f,-1.5354628244927713f,0.12602520989718785f,-0.004753050457838692f,-0.9920156525890685f,0.9783700979690142f,0f,0f,0f,1f],start_interpolation:0}
execute if entity @s[tag=aj.mech_legs.bone.leg_low2] run data modify entity @s {} merge value {transformation:[-0.9913240787723255f,-0.04020759172871497f,-0.12513960369753938f,-0.7486899844310295f,0.023115016432816698f,0.8838974447676919f,-0.46710919831283054f,-0.6533890423839905f,0.1293919118859863f,-0.4659491996994111f,-0.8752994210200118f,0.2541137537971641f,0f,0f,0f,1f],start_interpolation:0}
execute if entity @s[tag=aj.mech_legs.bone.bone3] run data modify entity @s {} merge value {transformation:[-0.9913240787723255f,0.099260944155085f,-0.0861616841272345f,-0.6933628008084024f,0.023115016432816698f,0.7769561056070047f,0.6291302774269472f,-0.2231231319131271f,0.1293919118859863f,0.621680363953566f,-0.7725097139926794f,0.6011336338675531f,0f,0f,0f,1f],start_interpolation:0}
execute if entity @s[tag=aj.mech_legs.bone.leg2] run data modify entity @s {} merge value {transformation:[-0.9913240787723255f,-0.0719288019669439f,-0.11001280968051133f,-0.7500064043813992f,0.023115016432816698f,0.7285333034664756f,-0.6846202755948255f,0.30720437500000003f,0.1293919118859863f,-0.6812235119164815f,-0.7205499704744044f,0.1510518140801389f,0f,0f,0f,1f],start_interpolation:0}
execute if entity @s[tag=aj.mech_legs.bone.hips] run data modify entity @s {} merge value {transformation:[-0.9876883405951378f,0f,-0.15643446504023076f,-0.00428125f,0f,1f,0f,0.703910625f,0.15643446504023076f,0f,-0.9876883405951378f,0f,0f,0f,0f,1f],start_interpolation:0}