execute if entity @s[tag=aj.mech_legs.bone.foot] run data modify entity @s {} merge value {transformation:[-0.9962484826041383f,-0.0062750955435094125f,0.08631097314288345f,0.6709699717718806f,-0.02833283692735818f,0.9660496878093476f,-0.2567980744380878f,-1.1669651923239488f,-0.08176925620671534f,-0.2582801267217083f,-0.9626033268590019f,0.8642923185334879f,0f,0f,0f,1f],start_interpolation:0}
execute if entity @s[tag=aj.mech_legs.bone.leg_low] run data modify entity @s {} merge value {transformation:[-0.9962787027697985f,0.021638715568119717f,0.08342968533974846f,0.7452482212667498f,-0.03351181172257363f,0.7945579468691026f,-0.60626283701232f,-0.4174587547042455f,-0.07940846858111675f,-0.6068026327033511f,-0.7908760080201468f,0.00040735892048904265f,0f,0f,0f,1f],start_interpolation:0}
execute if entity @s[tag=aj.mech_legs.bone.bone4] run data modify entity @s {} merge value {transformation:[-0.9962787027697985f,-0.0857991362682436f,-0.008200891594868934f,0.6974618477397007f,-0.03351181172257363f,0.2979458913284878f,0.9539943418676778f,-0.23765629815451877f,-0.07940846858111675f,0.9507190721007421f,-0.299712430608918f,0.5240673778008854f,0f,0f,0f,1f],start_interpolation:0}
execute if entity @s[tag=aj.mech_legs.bone.leg] run data modify entity @s {} merge value {transformation:[-0.9962787027697985f,0.023964827874823708f,0.08279150579774172f,0.7216086051067947f,-0.03351181172257363f,0.7772819480268659f,-0.6282592870357201f,0.32492312500000003f,-0.07940846858111675f,-0.628695840845548f,-0.7735863460668829f,0.11181656376971624f,0f,0f,0f,1f],start_interpolation:0}
execute if entity @s[tag=aj.mech_legs.bone.foot2] run data modify entity @s {} merge value {transformation:[-0.9970681298851507f,-0.004475883716002153f,0.07638789715844371f,-0.5873812283445279f,-0.005430262295298801f,0.9999097212194907f,-0.012290714469249675f,-1.4936506072954667f,-0.07632598914349163f,-0.012669486008563713f,-0.9970024210128812f,-1.0340115869438076f,0f,0f,0f,1f],start_interpolation:0}
execute if entity @s[tag=aj.mech_legs.bone.leg_low2] run data modify entity @s {} merge value {transformation:[-0.9950771087401588f,-0.07950754608677041f,0.059161624188204566f,-0.6930009901686235f,-0.03935688821234782f,0.8649080960867513f,0.5003848725469542f,-0.4073916746542667f,-0.09095374105316961f,0.4955931148016999f,-0.8637794171833351f,-0.6840681929550438f,0f,0f,0f,1f],start_interpolation:0}
execute if entity @s[tag=aj.mech_legs.bone.bone3] run data modify entity @s {} merge value {transformation:[-0.9950771087401588f,-0.09763185296229838f,-0.017016725550893192f,-0.7456889778422342f,-0.03935688821234782f,0.2317185653201862f,0.9719863897381461f,-0.36714127978068495f,-0.09095374105316961f,0.9678711318006663f,-0.2344203259432301f,-0.12505347229249614f,0f,0f,0f,1f],start_interpolation:0}
execute if entity @s[tag=aj.mech_legs.bone.leg2] run data modify entity @s {} merge value {transformation:[-0.9950771087401588f,-0.04552616001735822f,0.08802792974619003f,-0.7904102722116211f,-0.03935688821234782f,0.9967285377730346f,0.07059219035466309f,0.32492312500000003f,-0.09095374105316961f,0.06678016728716785f,-0.9936135195565381f,-0.0471030240381027f,0f,0f,0f,1f],start_interpolation:0}
execute if entity @s[tag=aj.mech_legs.bone.hips] run data modify entity @s {} merge value {transformation:[-0.9945218953682733f,0f,0.10452846326765358f,-0.030999999999999993f,0f,1f,0f,0.721629375f,-0.10452846326765358f,0f,-0.9945218953682733f,0f,0f,0f,0f,1f],start_interpolation:0}