execute if entity @s[tag=aj.mech_legs.bone.foot] run data modify entity @s {} merge value {transformation:[-0.9939145719982767f,0.016740540994852525f,-0.10887413768513633f,0.5907704664123213f,-0.005598046178659313f,0.9794308438042401f,0.2017024642484465f,-1.2624755640433516f,0.11001129691292601f,0.20108450087491553f,-0.9733768736000572f,-1.0659299872965733f,0f,0f,0f,1f],start_interpolation:0}
execute if entity @s[tag=aj.mech_legs.bone.leg_low] run data modify entity @s {} merge value {transformation:[-0.9940266447564027f,0.059062711401749915f,-0.09177486385825818f,0.6657676055969741f,-0.006530275940810854f,0.8072145320602674f,0.5902220384964123f,-0.21839637710681575f,0.10894211770690475f,0.5872957477732978f,-0.8020070570992113f,-0.5991875933071121f,0f,0f,0f,1f],start_interpolation:0}
execute if entity @s[tag=aj.mech_legs.bone.bone4] run data modify entity @s {} merge value {transformation:[-0.9940266447564027f,0.10600377649938487f,0.0259659177037262f,0.7250441931544083f,-0.006530275940810854f,-0.29526255567259435f,0.9553938343499109f,-0.36811508567744383f,0.10894211770690475f,0.9495173629721345f,0.29419108144873857f,-0.06730144879732229f,0f,0f,0f,1f],start_interpolation:0}
execute if entity @s[tag=aj.mech_legs.bone.leg] run data modify entity @s {} merge value {transformation:[-0.9940266447564027f,-0.008302805547329354f,-0.10882138086962259f,0.732910272211621f,-0.006530275940810854f,0.999840308321615f,-0.016634703227735286f,0.329423125f,0.10894211770690475f,-0.0158247045906455f,-0.993922126584449f,-0.04710302403810251f,0f,0f,0f,1f],start_interpolation:0}
execute if entity @s[tag=aj.mech_legs.bone.foot2] run data modify entity @s {} merge value {transformation:[-0.9966548408097673f,0.01675064860634437f,-0.07999089986819655f,-0.6615836939738737f,0.017260614876910333f,0.9998348449226523f,-0.005688062285801376f,-1.5783276054034308f,0.07988241023234122f,-0.007049726928253897f,-0.9967793646969769f,0.5844708489622699f,0f,0f,0f,1f],start_interpolation:0}
execute if entity @s[tag=aj.mech_legs.bone.leg_low2] run data modify entity @s {} merge value {transformation:[-0.9953259233650368f,-0.04486999945316298f,-0.08551601853810702f,-0.7623734026075003f,-0.016407009995302257f,0.951202465255075f,-0.3081309463778056f,-0.5846242513743426f,0.09516888304772081f,-0.3052876565499188f,-0.9474926545666241f,0.022359240247556922f,0f,0f,0f,1f],start_interpolation:0}
execute if entity @s[tag=aj.mech_legs.bone.bone3] run data modify entity @s {} merge value {transformation:[-0.9953259233650368f,0.056455641436460244f,-0.07835219733698949f,-0.7238788736359113f,-0.016407009995302257f,0.7006795708811732f,0.713287423815105f,-0.2603062205133488f,0.09516888304772081f,0.7112389890182996f,-0.6964782725969823f,0.4808672143850882f,0f,0f,0f,1f],start_interpolation:0}
execute if entity @s[tag=aj.mech_legs.bone.leg2] run data modify entity @s {} merge value {transformation:[-0.9953259233650368f,-0.06791185799820607f,-0.0686606570079853f,-0.7791086051067948f,-0.016407009995302257f,0.8195506713368829f,-0.5727717757835826f,0.329423125f,0.09516888304772081f,-0.5689680805234121f,-0.8168342592257949f,0.11181656376971605f,0f,0f,0f,1f],start_interpolation:0}
execute if entity @s[tag=aj.mech_legs.bone.hips] run data modify entity @s {} merge value {transformation:[-0.9945218953682733f,0f,-0.10452846326765333f,-0.026500000000000003f,0f,1f,0f,0.726129375f,0.10452846326765333f,0f,-0.9945218953682733f,0f,0f,0f,0f,1f],start_interpolation:0}