execute if entity @s[tag=aj.mech_legs.bone.foot] run data modify entity @s {} merge value {transformation:[-0.9991987600154735f,-0.020820183980654126f,0.03418125103842408f,0.6993565608701173f,-0.02303913284829442f,0.9975627518612428f,-0.06586163114153398f,-1.1909658648288564f,-0.03272669157031756f,-0.06659636655281231f,-0.9972431436820336f,0.38462607111776137f,0f,0f,0f,1f],start_interpolation:0}
execute if entity @s[tag=aj.mech_legs.bone.leg_low] run data modify entity @s {} merge value {transformation:[-0.9990374003906924f,-0.01955417620390453f,0.03926712127968876f,0.7171484087232183f,-0.02960308623485542f,0.961117456289741f,-0.2745485248558257f,-0.17684751436037954f,-0.03237174548860233f,-0.2754466725305006f,-0.9607711489662335f,-0.14906091881174865f,0f,0f,0f,1f],start_interpolation:0}
execute if entity @s[tag=aj.mech_legs.bone.bone4] run data modify entity @s {} merge value {transformation:[-0.9990374003906924f,-0.026378248188933792f,-0.03504940289206284f,0.7019697675897522f,-0.02960308623485542f,-0.18421738308902402f,0.9824396231083128f,-0.26447284274486266f,-0.03237174548860233f,0.9825314976072343f,0.1832591779521735f,0.39950419758634403f,0f,0f,0f,1f],start_interpolation:0}
execute if entity @s[tag=aj.mech_legs.bone.leg] run data modify entity @s {} merge value {transformation:[-0.9990374003906924f,-0.008959148769577173f,0.042941894158638555f,0.7044917079587756f,-0.02960308623485542f,0.8601001777059072f,-0.5092654922490221f,0.35192312499999995f,-0.03237174548860233f,-0.5100464860810155f,-0.8595374640644989f,0.07227483203027468f,0f,0f,0f,1f],start_interpolation:0}
execute if entity @s[tag=aj.mech_legs.bone.foot2] run data modify entity @s {} merge value {transformation:[-0.9998744779319108f,-0.002013386930509964f,0.0157154272438605f,-0.6184446195698652f,-0.0021272936293050193f,0.999971566223758f,-0.007234733292862505f,-1.5143071798961836f,-0.015700414077461106f,-0.007267256502435038f,-0.9998503307899258f,-0.6774248373683042f,0f,0f,0f,1f],start_interpolation:0}
execute if entity @s[tag=aj.mech_legs.bone.leg_low2] run data modify entity @s {} merge value {transformation:[-0.9969698719758497f,-0.07754688669631021f,0.006128191916664041f,-0.734387761512833f,-0.07176144339732103f,0.9472697691560368f,0.31229838245594815f,-0.3808866999284168f,-0.030022818221994596f,0.31091231047801615f,-0.9499642970023825f,-0.5529676750473563f,0f,0f,0f,1f],start_interpolation:0}
execute if entity @s[tag=aj.mech_legs.bone.bone3] run data modify entity @s {} merge value {transformation:[-0.9969698719758497f,-0.0553131752451837f,-0.054694853658762414f,-0.7547837553347735f,-0.07176144339732103f,0.3826150290418517f,0.921116732446456f,-0.3423334366790776f,-0.030022818221994596f,0.9222506124669144f,-0.3854250098143742f,0.032172380797261604f,0f,0f,0f,1f],start_interpolation:0}
execute if entity @s[tag=aj.mech_legs.bone.leg2] run data modify entity @s {} merge value {transformation:[-0.9969698719758497f,-0.06834118173250503f,0.03715585084293669f,-0.8137722086315038f,-0.07176144339732103f,0.9923733025697427f,-0.10022735948010908f,0.35192312499999995f,-0.030022818221994596f,-0.10259001523650652f,-0.9942705462598107f,-0.007294008203794548f,0f,0f,0f,1f],start_interpolation:0}
execute if entity @s[tag=aj.mech_legs.bone.hips] run data modify entity @s {} merge value {transformation:[-0.9986295347545738f,0f,0.05233595624294395f,-0.052937500000000005f,0f,1f,0f,0.7486293749999999f,-0.05233595624294395f,0f,-0.9986295347545738f,0f,0f,0f,0f,1f],start_interpolation:0}