# This file was generated by Animated Java via MC-Build. It is not recommended to edit this file directly.
$data merge entity $(bone_barrel_left) { transformation: [-2.2603495137710548f,-0.2571930840443303f,0.30384253580665155f,1.542592080214972f,-0.39713622381702474f,1.577532515184463f,-1.6190498685089445f,-1.3438352504013138f,-0.02741147164973585f,-1.6470857216630357f,-1.5981256928559933f,0.7233869882539699f,0f,0f,0f,1f], start_interpolation: 0, interpolation_duration: 1 }
$data merge entity $(bone_blaster_left) { transformation: [-0.9848434593469108f,-0.11206007082848632f,0.1323854263411359f,1.6064628962254555f,-0.17303386494569484f,0.6873373210740816f,-0.7054266004629114f,-0.22559289081605713f,-0.011943289478394353f,-0.7176419354975152f,-0.6963098521863782f,0.2840982290225779f,0f,0f,0f,1f], start_interpolation: 0, interpolation_duration: 1 }
$data merge entity $(bone_sword_left) { transformation: [-2.6236705764673722f,-0.2985334449238443f,0.35268117440172586f,1.224734185578309f,-0.46097057951880344f,1.8310998446452056f,-1.8792905592522184f,0.4348866008086635f,-0.031817500429434015f,-1.911832802192263f,-1.8550031012007007f,1.2601864996508463f,0f,0f,0f,1f], start_interpolation: 0, interpolation_duration: 1 }
$data merge entity $(bone_rocket_left) { transformation: [-2.269370269507231f,-0.2582195076014231f,0.3050551311513421f,1.4048251594345784f,-0.39872114192248365f,1.5838282386549514f,-1.6255112822414346f,0.0469500657942869f,-0.027520867204987334f,-1.6536590227747199f,-1.6045036009729154f,-0.12010824346882742f,0f,0f,0f,1f], start_interpolation: 0, interpolation_duration: 1 }
$data merge entity $(bone_drillhead_left1) { transformation: [0.13238542634113568f,-0.11206007082848632f,0.9848434593469108f,1.4916217618268777f,-0.7054266004629114f,0.6873373210740816f,0.17303386494569467f,-1.0646625202504014f,-0.6963098521863782f,-0.7176419354975152f,0.011943289478394199f,0.8383216720672899f,0f,0f,0f,1f], start_interpolation: 0, interpolation_duration: 1 }
$data merge entity $(bone_drillhead_left2) { transformation: [-0.960538424165564f,-0.11206007082848632f,-0.2545750895658288f,1.2598905990383409f,0.11009262649213428f,0.6873373210740816f,-0.7179463912095168f,-0.8588537207630754f,0.2554320835243658f,-0.7176419354975152f,-0.6478769197322761f,1.0716244810680917f,0f,0f,0f,1f], start_interpolation: 0, interpolation_duration: 1 }
$data merge entity $(bone_drillhead_left3) { transformation: [0.8592150054708808f,-0.11206007082848632f,-0.49919146116454044f,1.6335685464191292f,0.4298175190014334f,0.6873373210740816f,0.5855120045038851f,-0.793104964128365f,0.27750040492425737f,-0.7176419354975152f,0.6387359217096326f,1.076246837754117f,0f,0f,0f,1f], start_interpolation: 0, interpolation_duration: 1 }
$data merge entity $(bone_drill_left) { transformation: [0.20239155687805424f,-0.1713180432746402f,1.5056340152182952f,1.3980367352282124f,-1.0784600078484514f,1.0508050195352119f,0.2645351099957465f,-0.5197440286918441f,-1.064522273700901f,-1.097134878215752f,0.01825896564738706f,0.6546724069112464f,0f,0f,0f,1f], start_interpolation: 0, interpolation_duration: 1 }
$data merge entity $(bone_left_hand) { transformation: [-0.9848434593469108f,-0.11206007082848632f,0.1323854263411359f,1.4525811057025007f,-0.17303386494569484f,0.6873373210740816f,-0.7054266004629114f,-0.25262943221382195f,-0.011943289478394353f,-0.7176419354975152f,-0.6963098521863782f,0.2822320900415788f,0f,0f,0f,1f], start_interpolation: 0, interpolation_duration: 1 }
$data merge entity $(bone_left_arm_low) { transformation: [-0.9848434593469108f,-0.11206007082848632f,0.1323854263411359f,1.283105363237993f,-0.17303386494569484f,0.6873373210740816f,-0.7054266004629114f,0.40184869103668786f,-0.011943289478394353f,-0.7176419354975152f,-0.6963098521863782f,-0.45791598392916033f,0f,0f,0f,1f], start_interpolation: 0, interpolation_duration: 1 }
$data merge entity $(bone_left_arm) { transformation: [-1.0899205115390467f,-0.19151060237311288f,-0.012997932111614454f,1.057650625f,-0.1914955689711883f,1.0796774795560788f,0.14965949932383754f,1.4939778125f,-0.013217568796550408f,0.1496402614677892f,-1.09645112365166f,-0.3061737499999999f,0f,0f,0f,1f], start_interpolation: 0, interpolation_duration: 1 }