# This file was generated by Animated Java via MC-Build. It is not recommended to edit this file directly.
$data merge entity $(bone_barrel_left) { transformation: [-2.240731949881214f,-0.4406300057251729f,0.2293774624649526f,1.6706807416011087f,-0.49675831370217305f,1.9875535137931968f,-1.034654870489084f,-1.593058584645139f,-2.744105210169236e-16f,-1.0597757882277006f,-2.0358103477821916f,-0.12519970655578735f,0f,0f,0f,1f], start_interpolation: 0, interpolation_duration: 1 }
$data merge entity $(bone_blaster_left) { transformation: [-0.9762960071199334f,-0.19198428229200942f,0.09994069158504532f,1.6617451840312698f,-0.21643961393810304f,0.865985134704023f,-0.45080332739453f,-0.3923830500309348f,-1.195617780139768e-16f,-0.46174861323503397f,-0.8870108331782216f,-0.2014787094695237f,0f,0f,0f,1f], start_interpolation: 0, interpolation_duration: 1 }
$data merge entity $(bone_sword_left) { transformation: [-2.600899750607847f,-0.511455407266224f,0.2662468328493207f,1.3372441797182733f,-0.5766055927791136f,2.307026254799695f,-1.2009618530065187f,-0.08371018926574891f,-3.185183554485049e-16f,-1.2301206235077702f,-2.363039731777053f,0.9535617411962348f,0f,0f,0f,1f], start_interpolation: 0, interpolation_duration: 1 }
$data merge entity $(bone_rocket_left) { transformation: [-2.24967441451643f,-0.4423885017575168f,0.23029287755791683f,1.419453084996841f,-0.49874081038267365f,1.9954855767999462f,-1.0387840411332983f,-0.02138438031890999f,-2.755056570861242e-16f,-1.0640052131296782f,-2.0439349974262573f,-0.48779119316067954f,0f,0f,0f,1f], start_interpolation: 0, interpolation_duration: 1 }
$data merge entity $(bone_drillhead_left1) { transformation: [0.0999406915850451f,-0.19198428229200942f,0.9762960071199334f,1.6197193490140074f,-0.45080332739453005f,0.865985134704023f,0.21643961393810293f,-1.3655833401451267f,-0.8870108331782216f,-0.46174861323503397f,-7.739419200330428e-17f,0.07330298301039612f,0f,0f,0f,1f], start_interpolation: 0, interpolation_duration: 1 }
$data merge entity $(bone_drillhead_left2) { transformation: [-0.9402255455393059f,-0.19198428229200942f,-0.2812791475885421f,1.400587107998564f,-0.02744916469311584f,0.865985134704023f,-0.4993158217293992f,-1.2541559239905338f,0.33944435018566f,-0.46174861323503397f,-0.8194911538891424f,0.3733892811282325f,0f,0f,0f,1f], start_interpolation: 0, interpolation_duration: 1 }
$data merge entity $(bone_drillhead_left3) { transformation: [0.8637342517618941f,-0.19198428229200942f,-0.46594546642943446f,1.7710259745002899f,0.372479093991f,0.865985134704023f,0.33366011300618287f,-1.1719701196977117f,0.3394443501856599f,-0.46174861323503397f,0.8194911538891424f,0.37350459253654567f,0f,0f,0f,1f], start_interpolation: 0, interpolation_duration: 1 }
$data merge entity $(bone_drill_left) { transformation: [0.15278987064062968f,-0.2935066106828864f,1.4925666239549926f,1.4935529401772498f,-0.6891905687721143f,1.3239227646883234f,0.33089405416981393f,-0.7968097504121823f,-1.3560669664048783f,-0.7059237810520417f,-1.183206599531916e-16f,0.07318834524512152f,0f,0f,0f,1f], start_interpolation: 0, interpolation_duration: 1 }
$data merge entity $(bone_left_hand) { transformation: [-0.9762960071199334f,-0.19198428229200942f,0.09994069158504532f,1.5091989329187803f,-0.21643961393810304f,0.865985134704023f,-0.45080332739453f,-0.4262017397087634f,-1.195617780139768e-16f,-0.46174861323503397f,-0.8870108331782216f,-0.20147870946952373f,0f,0f,0f,1f], start_interpolation: 0, interpolation_duration: 1 }
$data merge entity $(bone_left_arm_low) { transformation: [-0.9762960071199334f,-0.19198428229200942f,0.09994069158504532f,1.2593192967938076f,-0.21643961393810304f,0.865985134704023f,-0.45080332739453f,0.4121683151430491f,-1.195617780139768e-16f,-0.46174861323503397f,-0.8870108331782216f,-0.6909464112413771f,0f,0f,0f,1f], start_interpolation: 0, interpolation_duration: 1 }
$data merge entity $(bone_left_arm) { transformation: [-1.0804610960195888f,-0.225086883391286f,-0.08192492567817558f,1f,-0.239532458180884f,1.0153013189758624f,0.3695394589184289f,1.4375f,-1.3231832228436305e-16f,0.3785116975010148f,-1.039952341883477f,-0.3061737499999999f,0f,0f,0f,1f], start_interpolation: 0, interpolation_duration: 1 }