# This file was generated by Animated Java via MC-Build. It is not recommended to edit this file directly.
$data merge entity $(bone_barrel_left) { transformation: [-2.2794614821106993f,-0.025327815664231566f,0.2665752178618011f,1.1553698863476758f,-0.2599888030870047f,0.756337343258427f,-2.151280581168543f,-0.7362245319988815f,-0.06410668681015026f,-2.1667858266098095f,-0.7540411180829348f,1.6815775126157844f,0f,0f,0f,1f], start_interpolation: 0, interpolation_duration: 1 }
$data merge entity $(bone_blaster_left) { transformation: [-0.9931706215401337f,-0.011035432106624728f,0.11614790462080907f,1.3378104639908073f,-0.11327817696498199f,0.3295392509122055f,-0.937321682631802f,0.09180194539816143f,-0.027931543693013202f,-0.9440773810162186f,-0.3285387762814045f,0.8279923333545769f,0f,0f,0f,1f], start_interpolation: 0, interpolation_duration: 1 }
$data merge entity $(bone_sword_left) { transformation: [-2.645854539029624f,-0.029398924511266765f,0.3094236317252254f,0.9528398407390628f,-0.3017785385465987f,0.8779084921605762f,-2.497070266412448f,1.1174888641795513f,-0.074410982422799f,-2.5150677734339557f,-0.8752431793878486f,1.4063194408994055f,0f,0f,0f,1f], start_interpolation: 0, interpolation_duration: 1 }
$data merge entity $(bone_rocket_left) { transformation: [-2.2885585111829148f,-0.025428895624231538f,0.2676390842731675f,1.1843690823606496f,-0.2610263839887636f,0.7593557854887618f,-2.1598660572307495f,0.1802892505389981f,-0.06436252811223506f,-2.175433182054343f,-0.7570503963825157f,0.33105566562684646f,0f,0f,0f,1f], start_interpolation: 0, interpolation_duration: 1 }
$data merge entity $(bone_drillhead_left1) { transformation: [0.11614790462080885f,-0.011035432106624728f,0.9931706215401337f,1.1206315708490404f,-0.937321682631802f,0.3295392509122055f,0.11327817696498178f,-0.43241712868661336f,-0.3285387762814045f,-0.9440773810162186f,0.02793154369301313f,1.6660959336026568f,0f,0f,0f,1f], start_interpolation: 0, interpolation_duration: 1 }
$data merge entity $(bone_drillhead_left2) { transformation: [-0.9620178883347471f,-0.011035432106624728f,-0.2727632705519095f,0.8928130873470668f,0.2540420895616212f,0.3295392509122055f,-0.9093219995355813f,-0.13681260710764687f,0.09992096504297468f,-0.9440773810162186f,-0.314219190054392f,1.7719425199356018f,0f,0f,0f,1f], start_interpolation: 0, interpolation_duration: 1 }
$data merge entity $(bone_drillhead_left3) { transformation: [0.8731221307301388f,-0.011035432106624728f,-0.4873766141983864f,1.2696528560730391f,0.46335286791789765f,0.3295392509122055f,0.8226226363895427f,-0.09370777583270604f,0.15153172810181378f,-0.9440773810162186f,0.29284131203099645f,1.7825837494875434f,0f,0f,0f,1f], start_interpolation: 0, interpolation_duration: 1 }
$data merge entity $(bone_drill_left) { transformation: [0.17756754571877592f,-0.01687102837986513f,1.5183646258847565f,1.0836244244711897f,-1.4329824655666132f,0.5038013917988555f,0.17318029053418937f,-0.010053694586468251f,-0.5022718607640494f,-1.4433106138500755f,0.04270189529374014f,1.2665199422188127f,0f,0f,0f,1f], start_interpolation: 0, interpolation_duration: 1 }
$data merge entity $(bone_left_hand) { transformation: [-0.9931706215401337f,-0.011035432106624728f,0.11614790462080907f,1.1826275543751614f,-0.11327817696498199f,0.3295392509122055f,-0.937321682631802f,0.074102230247383f,-0.027931543693013202f,-0.9440773810162186f,-0.3285387762814045f,0.8236280296525436f,0f,0f,0f,1f], start_interpolation: 0, interpolation_duration: 1 }
$data merge entity $(bone_left_arm_low) { transformation: [-0.9931706215401337f,-0.011035432106624728f,0.11614790462080907f,1.1131485804416787f,-0.11327817696498199f,0.3295392509122055f,-0.937321682631802f,0.36727029251703325f,-0.027931543693013202f,-0.9440773810162186f,-0.3285387762814045f,-0.13246190960328236f,0f,0f,0f,1f], start_interpolation: 0, interpolation_duration: 1 }
$data merge entity $(bone_left_arm) { transformation: [-1.0991361333631737f,-0.11920276503043338f,0.04962297530961623f,0.9609375f,-0.12536429765777996f,1.0870389344665878f,-0.16553587635477895f,1.46875f,-0.030911676471052838f,-0.17002656938511818f,-1.0931182060943383f,-0.3061737499999999f,0f,0f,0f,1f], start_interpolation: 0, interpolation_duration: 1 }