# This file was generated by Animated Java via MC-Build. It is not recommended to edit this file directly.
$data merge entity $(bone_barrel_left) { transformation: [-2.253877157045839f,-0.3239664085075609f,0.2876317446951427f,1.6066606271635158f,-0.43286746010600946f,1.7461711486150735f,-1.4251879087251549f,-1.4522735946309207f,-0.01766398536661119f,-1.453815868448863f,-1.7758817240227291f,0.42973717828890595f,0f,0f,0f,1f], start_interpolation: 0, interpolation_duration: 1 }
$data merge entity $(bone_blaster_left) { transformation: [-0.9820234272463203f,-0.14115347937252556f,0.125322318843936f,1.6418496451852125f,-0.1886021096526282f,0.7608138582713109f,-0.6209601575760716f,-0.2910881940602698f,-0.00769627013358811f,-0.6334334758467947f,-0.7737588765905559f,0.1167990559580704f,0f,0f,0f,1f], start_interpolation: 0, interpolation_duration: 1 }
$data merge entity $(bone_sword_left) { transformation: [-2.616157874649848f,-0.3760396914665778f,0.3338647146456563f,1.2752015224268054f,-0.5024451358832348f,2.026844891104589f,-1.6542678728569378f,0.24949805251675483f,-0.020503235622268516f,-1.6874973956071937f,-2.061331045582943f,1.1694309686116655f,0f,0f,0f,1f], start_interpolation: 0, interpolation_duration: 1 }
$data merge entity $(bone_rocket_left) { transformation: [-2.2628720824629878f,-0.32525931556466353f,0.28877964491812036f,1.425664389919458f,-0.43459497684621523f,1.7531398865510646f,-1.430875645035153f,0.021039645593658007f,-0.017734479994255637f,-1.4596178551570047f,-1.782969032932767f,-0.2494801539606098f,0f,0f,0f,1f], start_interpolation: 0, interpolation_duration: 1 }
$data merge entity $(bone_drillhead_left1) { transformation: [0.12532231884393577f,-0.14115347937252556f,0.9820234272463203f,1.55434656647383f,-0.6209601575760716f,0.7608138582713109f,0.18860210965262805f,-1.1886149342652415f,-0.7737588765905559f,-0.6334334758467947f,0.007696270133587938f,0.5763411278540418f,0f,0f,0f,1f], start_interpolation: 0, interpolation_duration: 1 }
$data merge entity $(bone_drillhead_left2) { transformation: [-0.9552301200066117f,-0.14115347937252556f,-0.26002137045478513f,1.3255402370818519f,0.06338553556666565f,0.7608138582713109f,-0.6458672827626808f,-1.0143373093859656f,0.2889942762635301f,-0.6334334758467947f,-0.7178052242520716f,0.8366520333843598f,0f,0f,0f,1f], start_interpolation: 0, interpolation_duration: 1 }
$data merge entity $(bone_drillhead_left3) { transformation: [0.8593125697523126f,-0.14115347937252556f,-0.49158682114831675f,1.6981490520611662f,0.4118767933596906f,0.7608138582713109f,0.5015174774163513f,-0.9426922213157021f,0.30321512916972965f,-0.6334334758467947f,0.711914754109811f,0.8396729428794936f,0f,0f,0f,1f], start_interpolation: 0, interpolation_duration: 1 }
$data merge entity $(bone_drill_left) { transformation: [0.19159343987783609f,-0.21579620384606368f,1.5013227348677387f,1.44762491424738f,-0.9493272524364852f,1.1631363476002456f,0.2883359268316984f,-0.6284371591226515f,-1.1829267617255568f,-0.9683965289725739f,0.011766099468359131f,0.45704015794752423f,0f,0f,0f,1f], start_interpolation: 0, interpolation_duration: 1 }
$data merge entity $(bone_left_hand) { transformation: [-0.9820234272463203f,-0.14115347937252556f,0.125322318843936f,1.4884084846779748f,-0.1886021096526282f,0.7608138582713109f,-0.6209601575760716f,-0.32055727369349296f,-0.00769627013358811f,-0.6334334758467947f,-0.7737588765905559f,0.11559651374969726f,0f,0f,0f,1f], start_interpolation: 0, interpolation_duration: 1 }
$data merge entity $(bone_left_arm_low) { transformation: [-0.9820234272463203f,-0.14115347937252556f,0.125322318843936f,1.2897948635664271f,-0.1886021096526282f,0.7608138582713109f,-0.6209601575760716f,0.40906394780027644f,-0.00769627013358811f,-0.6334334758467947f,-0.7737588765905559f,-0.5424979438739015f,0f,0f,0f,1f], start_interpolation: 0, interpolation_duration: 1 }
$data merge entity $(bone_left_arm) { transformation: [-1.0867995984635106f,-0.20582274154441207f,-0.035715688103725614f,1.049879375f,-0.20872485457359066f,1.0621923274219651f,0.23011599940719096f,1.4829321875f,-0.00851741726193285f,0.2327153565261198f,-1.0819163530394276f,-0.3061737499999999f,0f,0f,0f,1f], start_interpolation: 0, interpolation_duration: 1 }