# This file was generated by Animated Java via MC-Build. It is not recommended to edit this file directly.
$data merge entity $(bone_barrel_left) { transformation: [-2.2841927912965736f,0.03907855723351525f,0.22041926413997792f,1.0958891452926602f,-0.21000000007890315f,0.4086759871457492f,-2.2486734825109673f,-0.4502794640224924f,-0.07753570536419437f,-2.2581198589414355f,-0.40315184546109f,1.9478198923273031f,0f,0f,0f,1f], start_interpolation: 0, interpolation_duration: 1 }
$data merge entity $(bone_blaster_left) { transformation: [-0.9952320721598135f,0.0170266860313708f,0.09603756820782704f,1.3186044413957516f,-0.0914978525579945f,0.17806178667526182f,-0.9797561651264508f,0.22931565142872637f,-0.03378262159394097f,-0.9838719896860582f,-0.17565489571724988f,0.9803135895921423f,0f,0f,0f,1f], start_interpolation: 0, interpolation_duration: 1 }
$data merge entity $(bone_sword_left) { transformation: [-2.651346343117231f,0.04535991454406334f,0.25584872352144794f,0.9514555475053283f,-0.24375470161070434f,0.4743652060225868f,-2.6101177787781795f,1.342065149497018f,-0.08999853675296914f,-2.621082534336494f,-0.46795313217738005f,1.3824187048432037f,0f,0f,0f,1f], start_interpolation: 0, interpolation_duration: 1 }
$data merge entity $(bone_rocket_left) { transformation: [-2.2933087023975274f,0.03923451458311009f,0.22129892824910824f,1.1776151211494554f,-0.21083808228422918f,0.41030695891928354f,-2.2576476407517903f,0.24281524498376744f,-0.07784514010190255f,-2.2671317164202978f,-0.4047607711163202f,0.4721206291427319f,0f,0f,0f,1f], start_interpolation: 0, interpolation_duration: 1 }
$data merge entity $(bone_drillhead_left1) { transformation: [0.09603756820782682f,0.0170266860313708f,0.9952320721598135f,1.0700857276422842f,-0.9797561651264508f,0.17806178667526182f,0.09149785255799428f,-0.1518589389781228f,-0.17565489571724988f,-0.9838719896860582f,0.03378262159394093f,1.884379037749447f,0f,0f,0f,1f], start_interpolation: 0, interpolation_duration: 1 }
$data merge entity $(bone_drillhead_left2) { transformation: [-0.9562265278050153f,0.0170266860313708f,-0.2921316817545703f,0.8486795039140329f,0.2904034589043815f,0.17806178667526182f,-0.9401913800830046f,0.16223602672990012f,0.036009145759593256f,-0.9838719896860582f,-0.175212012524432f,1.937392536527379f,0f,0f,0f,1f], start_interpolation: 0, interpolation_duration: 1 }
$data merge entity $(bone_drillhead_left3) { transformation: [0.8827225553294802f,0.0170266860313708f,-0.469585968993306f,1.2263040966909364f,0.45946944539851436f,0.17806178667526182f,0.8701619555411484f,0.19708191206755038f,0.09843129105002495f,-0.9838719896860582f,0.14935591335271134f,1.9502340607428121f,0f,0f,0f,1f], start_interpolation: 0, interpolation_duration: 1 }
$data merge entity $(bone_drill_left) { transformation: [0.1468227544796201f,0.02603048983264235f,1.5215161827583137f,1.052989543182985f,-1.4978565322578792f,0.2722218239704848f,0.13988241260402967f,0.20362995035043252f,-0.2685421560365501f,-1.5041488271386565f,0.05164705488201719f,1.4231234228468586f,0f,0f,0f,1f], start_interpolation: 0, interpolation_duration: 1 }
$data merge entity $(bone_left_hand) { transformation: [-0.9952320721598135f,0.0170266860313708f,0.09603756820782704f,1.1630994301207809f,-0.0914978525579945f,0.17806178667526182f,-0.9797561651264508f,0.21501911196653972f,-0.03378262159394097f,-0.9838719896860582f,-0.17565489571724988f,0.9750350549680891f,0f,0f,0f,1f], start_interpolation: 0, interpolation_duration: 1 }
$data merge entity $(bone_left_arm_low) { transformation: [-0.9952320721598135f,0.0170266860313708f,0.09603756820782704f,1.120925285648658f,-0.0914978525579945f,0.17806178667526182f,-0.9797561651264508f,0.3567449026967253f,-0.03378262159394097f,-0.9838719896860582f,-0.17565489571724988f,-0.016437564058754572f,0f,0f,0f,1f], start_interpolation: 0, interpolation_duration: 1 }
$data merge entity $(bone_left_arm) { transformation: [-1.1014175287388448f,-0.08836267596158334f,0.06199551127099802f,1f,-0.10126013968845927f,1.0659819921298348f,-0.27964397919356393f,1.4375f,-0.037387030252721845f,-0.28398311302935764f,-1.0689844620091844f,-0.3061737499999999f,0f,0f,0f,1f], start_interpolation: 0, interpolation_duration: 1 }