# This file was generated by Animated Java via MC-Build. It is not recommended to edit this file directly.
$data merge entity $(bone_barrel_left) { transformation: [-2.284346477604402f,0.041205906742231235f,0.21843016494203807f,1.0991938836035062f,-0.20813118320781665f,0.395370742601279f,-2.2512245289890838f,-0.43593284543818533f,-0.07804533479696056f,-2.260449632837493f,-0.38977541812172645f,1.9567870070048374f,0f,0f,0f,1f], start_interpolation: 0, interpolation_duration: 1 }
$data merge entity $(bone_blaster_left) { transformation: [-0.9952990339080449f,0.017953580848583575f,0.0951709096122654f,1.323335219441441f,-0.09068360146054537f,0.17226463761278285f,-0.9808676664332868f,0.23774336385128114f,-0.03400466920670733f,-0.984887081630605f,-0.1698267320220596f,0.9854780466313297f,0f,0f,0f,1f], start_interpolation: 0, interpolation_duration: 1 }
$data merge entity $(bone_sword_left) { transformation: [-2.651524732451004f,0.04782920713703433f,0.25353990313437297f,0.9570173692823329f,-0.24158549733163015f,0.45892132072460484f,-2.613078871982154f,1.3532069793741508f,-0.09059008232568f,-2.6237867883395443f,-0.4524266223988146f,1.3807633038149518f,0f,0f,0f,1f], start_interpolation: 0, interpolation_duration: 1 }
$data merge entity $(bone_rocket_left) { transformation: [-2.293463002047069f,0.04137035406214558f,0.2193018908195408f,1.1827447176683674f,-0.20896180721236132f,0.3969486149048798f,-2.2602088681187515f,0.24840214077738193f,-0.07835680339828184f,-2.2694707881356124f,-0.3913309602259102f,0.47710710550110036f,0f,0f,0f,1f], start_interpolation: 0, interpolation_duration: 1 }
$data merge entity $(bone_drillhead_left1) { transformation: [0.09517090961226518f,0.017953580848583575f,0.9952990339080449f,1.0737430142530324f,-0.9808676664332868f,0.17226463761278285f,0.09068360146054515f,-0.13786389223471204f,-0.1698267320220596f,-0.984887081630605f,0.0340046692067073f,1.8915756541185769f,0f,0f,0f,1f], start_interpolation: 0, interpolation_duration: 1 }
$data merge entity $(bone_drillhead_left2) { transformation: [-0.9559567365076292f,0.017953580848583575f,-0.29295799504433506f,0.8526172806983302f,0.2915810819628179f,0.17226463761278285f,-0.9409066729859712f,0.17676166921671627f,0.0335736588276544f,-0.984887081630605f,-0.16991246531692225f,1.942575266692347f,0f,0f,0f,1f], start_interpolation: 0, interpolation_duration: 1 }
$data merge entity $(bone_drillhead_left3) { transformation: [0.8831160758041706f,0.017953580848583575f,-0.46881090600684205f,1.230267394525111f,0.45914252861043453f,0.17226463761278285f,0.8715004492536726f,0.21129873452405093f,0.09640609460744179f,-0.984887081630605f,0.1438864182599978f,1.9555002883804855f,0f,0f,0f,1f], start_interpolation: 0, interpolation_duration: 1 }
$data merge entity $(bone_drill_left) { transformation: [0.14549780212432475f,0.0274475316498775f,1.5216185542417193f,1.0573589222287356f,-1.499555801476402f,0.26335911108254284f,0.13863758111572266f,0.21492784325450406f,-0.2596320278101232f,-1.5057007052018945f,0.05198652247517232f,1.428228133204385f,0f,0f,0f,1f], start_interpolation: 0, interpolation_duration: 1 }
$data merge entity $(bone_left_hand) { transformation: [-0.9952990339080449f,0.017953580848583575f,0.0951709096122654f,1.167819745393309f,-0.09068360146054537f,0.17226463761278285f,-0.9808676664332868f,0.22357405112307094f,-0.03400466920670733f,-0.984887081630605f,-0.1698267320220596f,0.9801648170677816f,0f,0f,0f,1f], start_interpolation: 0, interpolation_duration: 1 }
$data merge entity $(bone_left_arm_low) { transformation: [-0.9952990339080449f,0.017953580848583575f,0.0951709096122654f,1.126541227548023f,-0.09068360146054537f,0.17226463761278285f,-0.9808676664332868f,0.3595188490685295f,-0.03400466920670733f,-0.984887081630605f,-0.1698267320220596f,-0.012154641763931995f,0f,0f,0f,1f], start_interpolation: 0, interpolation_duration: 1 }
$data merge entity $(bone_left_arm) { transformation: [-1.1014916349150021f,-0.08718352957220088f,0.062347324863515234f,1.0068125f,-0.10035901274871038f,1.0649496759578154f,-0.28387010193304296f,1.4392500000000001f,-0.037632769050492634f,-0.28818951816939004f,-1.067849500091148f,-0.3061737499999999f,0f,0f,0f,1f], start_interpolation: 0, interpolation_duration: 1 }