# This file was generated by Animated Java via MC-Build. It is not recommended to edit this file directly.
$data merge entity $(bone_barrel_left) { transformation: [-2.278886561074098f,-0.03287251981277498f,0.2706361628602582f,1.244331617434966f,-0.26530143873670414f,0.7919579348137668f,-2.137771332378756f,-0.7673588103424901f,-0.06276688466699872f,-2.1539198036086127f,-0.790150802861408f,1.6505657930386806f,0f,0f,0f,1f], start_interpolation: 0, interpolation_duration: 1 }
$data merge entity $(bone_blaster_left) { transformation: [-0.9929201261105163f,-0.014322690332899679f,0.11791727484259643f,1.4223303094550133f,-0.11559291388492439f,0.3450592872595123f,-0.9314356480914554f,0.07516657352036302f,-0.027347786460132705f,-0.9384716025632236f,-0.3442719125315712f,0.8103351621511801f,0f,0f,0f,1f], start_interpolation: 0, interpolation_duration: 1 }
$data merge entity $(bone_sword_left) { transformation: [-2.645187207097844f,-0.03815633931021084f,0.3141373195156276f,1.035975663188961f,-0.3079451095802764f,0.9192546191248917f,-2.481389585905295f,1.09007248836239f,-0.07285582493947244f,-2.5001337086892184f,-0.9171570147932114f,1.4064847665078108f,0f,0f,0f,1f], start_interpolation: 0, interpolation_duration: 1 }
$data merge entity $(bone_rocket_left) { transformation: [-2.287981295712551f,-0.0330037096884367f,0.2717162359656186f,1.2673950242614576f,-0.26636022166417594f,0.7951185341103609f,-2.146302894817087f,0.17142009634988375f,-0.06301737899606252f,-2.162515812458258f,-0.7933041901335671f,0.31530927470194936f,0f,0f,0f,1f], start_interpolation: 0, interpolation_duration: 1 }
$data merge entity $(bone_drillhead_left1) { transformation: [0.1179172748425962f,-0.014322690332899679f,0.9929201261105163f,1.208713022434819f,-0.9314356480914554f,0.3450592872595123f,0.11559291388492418f,-0.46343595804792737f,-0.3442719125315712f,-0.9384716025632236f,0.02734778646013263f,1.6401935366246412f,0f,0f,0f,1f], start_interpolation: 0, interpolation_duration: 1 }
$data merge entity $(bone_drillhead_left2) { transformation: [-0.9624635694039342f,-0.014322690332899679f,-0.27103272516776755f,0.980343489174553f,0.2496510635972189f,0.3450592872595123f,-0.9047698241656463f,-0.1702621366594744f,0.10648109698446982f,-0.9384716025632236f,-0.3285313183965857f,1.7514736389448042f,0f,0f,0f,1f], start_interpolation: 0, interpolation_duration: 1 }
$data merge entity $(bone_drillhead_left3) { transformation: [0.8722135944601294f,-0.014322690332899679f,-0.4889154386809329f,1.357087978330986f,0.46323891808046125f,0.3450592872595123f,0.8162988380805163f,-0.12627975232501515f,0.15701321732448148f,-0.9384716025632236f,0.3076002288162835f,1.7618954093115315f,0f,0f,0f,1f], start_interpolation: 0, interpolation_duration: 1 }
$data merge entity $(bone_drill_left) { transformation: [0.18027256849793313f,-0.021896606562176332f,1.5179816671151072f,1.1695311528001835f,-1.4239838640786442f,0.5275285074334817f,0.17671907287555563f,-0.034634382604234154f,-0.5263247646844589f,-1.4347404693865036f,0.041809444074094086f,1.2477456264158824f,0f,0f,0f,1f], start_interpolation: 0, interpolation_duration: 1 }
$data merge entity $(bone_left_hand) { transformation: [-0.9929201261105163f,-0.014322690332899679f,0.11791727484259643f,1.267186539750245f,-0.11559291388492439f,0.3450592872595123f,-0.9314356480914554f,0.057105180725843585f,-0.027347786460132705f,-0.9384716025632236f,-0.3442719125315712f,0.8060620705167844f,0f,0f,0f,1f], start_interpolation: 0, interpolation_duration: 1 }
$data merge entity $(bone_left_arm_low) { transformation: [-0.9929201261105163f,-0.014322690332899679f,0.11791727484259643f,1.1944912563742693f,-0.11559291388492439f,0.3450592872595123f,-0.9314356480914554f,0.36583254686469013f,-0.027347786460132705f,-0.9384716025632236f,-0.3442719125315712f,-0.1448772659668092f,0f,0f,0f,1f], start_interpolation: 0, interpolation_duration: 1 }
$data merge entity $(bone_left_arm) { transformation: [-1.0988589115324394f,-0.1223757840233507f,0.0480128999794919f,1.0390625f,-0.12792600350444816f,1.0885244438304162f,-0.15336704778110155f,1.46875f,-0.030265635746674516f,-0.15783117943670377f,-1.094963601506688f,-0.3061737499999999f,0f,0f,0f,1f], start_interpolation: 0, interpolation_duration: 1 }