# This file was generated by Animated Java via MC-Build. It is not recommended to edit this file directly.
$data merge entity $(bone_barrel_left) { transformation: [-2.276241276182715f,-0.0677614950819046f,0.28597644280087725f,1.300084959907656f,-0.28839825365449084f,0.9449061072688744f,-2.0716243359223494f,-0.8886443256391632f,-0.05657378670213232f,-2.0905045615068483f,-0.9456418869889035f,1.5087327208531542f,0f,0f,0f,1f], start_interpolation: 0, interpolation_duration: 1 }
$data merge entity $(bone_blaster_left) { transformation: [-0.9917675647444463f,-0.029523958494208774f,0.12460109708868093f,1.4582554321952403f,-0.12565628990927155f,0.41169942691215056f,-0.9026151332026534f,0.014484834686431275f,-0.02464942853511531f,-0.9108413241366681f,-0.4120200091231653f,0.7297205955549579f,0f,0f,0f,1f], start_interpolation: 0, interpolation_duration: 1 }
$data merge entity $(bone_sword_left) { transformation: [-2.642116727911501f,-0.0786532524198994f,0.3319433450306053f,1.0672913080912965f,-0.33475442970564506f,1.0967871720996032f,-2.4046103412499735f,0.9788254514542836f,-0.06566726900659306f,-2.4265253114974175f,-1.0976412186045534f,1.4019501009790352f,0f,0f,0f,1f], start_interpolation: 0, interpolation_duration: 1 }
$data merge entity $(bone_rocket_left) { transformation: [-2.285325453839289f,-0.06803192224006219f,0.28711773693308584f,1.2963173395248586f,-0.28954921291327235f,0.9486771024779619f,-2.079891914452847f,0.14428730701901704f,-0.056799565196918755f,-2.098847488518722f,-0.9494158185974679f,0.24469720970781428f,0f,0f,0f,1f], start_interpolation: 0, interpolation_duration: 1 }
$data merge entity $(bone_drillhead_left1) { transformation: [0.12460109708868071f,-0.029523958494208774f,0.9917675647444463f,1.2608207670397662f,-0.9026151332026534f,0.41169942691215056f,0.12565628990927136f,-0.5852321487507453f,-0.4120200091231653f,-0.9108413241366681f,0.02464942853511522f,1.5207636075216489f,0f,0f,0f,1f], start_interpolation: 0, interpolation_duration: 1 }
$data merge entity $(bone_drillhead_left2) { transformation: [-0.9639565295863086f,-0.029523958494208774f,-0.2644166124560874f,1.0304087972621188f,0.22932458290018384f,0.41169942691215056f,-0.881994227621623f,-0.3037188861193397f,0.1349001287826559f,-0.9108413241366681f,-0.39008978133166194f,1.6554758994151957f,0f,0f,0f,1f], start_interpolation: 0, interpolation_duration: 1 }
$data merge entity $(bone_drillhead_left3) { transformation: [0.8685909785656043f,-0.029523958494208774f,-0.49464941911345495f,1.4067150824334096f,0.4615071316571445f,0.41169942691215056f,0.7858210669801375f,-0.25592173815703756f,0.18044633380604114f,-0.9108413241366681f,0.3712239254963502f,1.6648825952386739f,0f,0f,0f,1f], start_interpolation: 0, interpolation_duration: 1 }
$data merge entity $(bone_drill_left) { transformation: [0.1904908321517843f,-0.04513638766738822f,1.5162196250556186f,1.2119852295383509f,-1.3799229048055215f,0.6294083139018583f,0.19210401665153107f,-0.1297402322171311f,-0.6298984217225445f,-1.3924991500639772f,0.03768417986222205f,1.160814199287986f,0f,0f,0f,1f], start_interpolation: 0, interpolation_duration: 1 }
$data merge entity $(bone_left_hand) { transformation: [-0.9917675647444463f,-0.029523958494208774f,0.12460109708868093f,1.3032917502039205f,-0.12565628990927155f,0.41169942691215056f,-0.9026151332026534f,-0.005148960611892406f,-0.02464942853511531f,-0.9108413241366681f,-0.4120200091231653f,0.7258691223463462f,0f,0f,0f,1f], start_interpolation: 0, interpolation_duration: 1 }
$data merge entity $(bone_left_arm_low) { transformation: [-0.9917675647444463f,-0.029523958494208774f,0.12460109708868093f,1.2156761031972052f,-0.12565628990927155f,0.41169942691215056f,-0.9026151332026534f,0.37049022526834574f,-0.02464942853511531f,-0.9108413241366681f,-0.4120200091231653f,-0.1993884163588655f,0f,0f,0f,1f], start_interpolation: 0, interpolation_duration: 1 }
$data merge entity $(bone_left_arm) { transformation: [-1.0975833785918845f,-0.1359348675259987f,0.04005517898526163f,1.0465f,-0.13906308304756637f,1.0933514031707312f,-0.10008070069662094f,1.4780000000000002f,-0.027279378771478995f,-0.10428997799074535f,-1.1014315296551846f,-0.3061737499999999f,0f,0f,0f,1f], start_interpolation: 0, interpolation_duration: 1 }