# This file was generated by Animated Java via MC-Build. It is not recommended to edit this file directly.
$data merge entity $(bone_barrel_left) { transformation: [-2.2732651933783843f,-0.10598397937412835f,0.29779397264057345f,1.3569826365270692f,-0.31207759467840795f,1.096032075883937f,-1.9922273356682918f,-1.0037277062542185f,-0.05021383200642628f,-2.013735230411452f,-1.0999988574201602f,1.3533219934713028f,0f,0f,0f,1f], start_interpolation: 0, interpolation_duration: 1 }
$data merge entity $(bone_blaster_left) { transformation: [-0.9904708733847857f,-0.04617765006971411f,0.12975004281470928f,1.4944531610172447f,-0.13597347492290382f,0.47754562495419645f,-0.8680215378690188f,-0.04352519963126693f,-0.02187837045509345f,-0.8773926149228434f,-0.4792739677732191f,0.6415403759318358f,0f,0f,0f,1f], start_interpolation: 0, interpolation_duration: 1 }
$data merge entity $(bone_sword_left) { transformation: [-2.6386622794559496f,-0.12301949170547177f,0.34566038531045495f,1.1010473871635917f,-0.36223990924590377f,1.2722046262498523f,-2.3124513312573964f,0.8634431509042122f,-0.058285036346940954f,-2.3374163334641764f,-1.2768090150562983f,1.388091504571279f,0f,0f,0f,1f], start_interpolation: 0, interpolation_duration: 1 }
$data merge entity $(bone_rocket_left) { transformation: [-2.282337493882392f,-0.1064069474080794f,0.29898242897023836f,1.3247126396919342f,-0.3133230550530872f,1.1004061948311739f,-2.0001780512795313f,0.1197504112723139f,-0.05041422876380725f,-2.02177178118389f,-1.1043888072674766f,0.1694709501009795f,0f,0f,0f,1f], start_interpolation: 0, interpolation_duration: 1 }
$data merge entity $(bone_drillhead_left1) { transformation: [0.12975004281470906f,-0.04617765006971411f,0.9904708733847857f,1.3143411895030725f,-0.8680215378690188f,0.47754562495419645f,0.13597347492290363f,-0.7025556338221304f,-0.4792739677732191f,-0.8773926149228434f,0.021878370455093343f,1.3882856595037205f,0f,0f,0f,1f], start_interpolation: 0, interpolation_duration: 1 }
$data merge entity $(bone_drillhead_left2) { transformation: [-0.964728959202632f,-0.04617765006971411f,-0.25916338458556526f,1.082433409006902f,0.20655435103283254f,0.47754562495419645f,-0.8539821287102626f,-0.43470420979856655f,0.16319722836253056f,-0.8773926149228434f,-0.4511638991914613f,1.5462767682260006f,0f,0f,0f,1f], start_interpolation: 0, interpolation_duration: 1 }
$data merge entity $(bone_drillhead_left3) { transformation: [0.8654225757349316f,-0.04617765006971411f,-0.49891020238351097f,1.4582470001414178f,0.45780057192424733f,0.47754562495419645f,0.7499125365220521f,-0.38299674183967874f,0.20362318569885132f,-0.8773926149228434f,0.43441891939084115f,1.5546407394671071f,0f,0f,0f,1f], start_interpolation: 0, interpolation_duration: 1 }
$data merge entity $(bone_drill_left) { transformation: [0.19836256826785914f,-0.07059664155551681f,1.5142372362812246f,1.2555140939729805f,-1.327036028877486f,0.7300743381354441f,0.20787698498512422f,-0.22233617599565741f,-0.7327166379990229f,-1.3413625822373738f,0.033447771259586666f,1.0637089853655088f,0f,0f,0f,1f], start_interpolation: 0, interpolation_duration: 1 }
$data merge entity $(bone_left_hand) { transformation: [-0.9904708733847857f,-0.04617765006971411f,0.12975004281470928f,1.339692087050872f,-0.13597347492290382f,0.47754562495419645f,-0.8680215378690188f,-0.06477105508797065f,-0.02187837045509345f,-0.8773926149228434f,-0.4792739677732191f,0.6381218805482274f,0f,0f,0f,1f], start_interpolation: 0, interpolation_duration: 1 }
$data merge entity $(bone_left_arm_low) { transformation: [-0.9904708733847857f,-0.04617765006971411f,0.12975004281470928f,1.2356646962325684f,-0.13597347492290382f,0.47754562495419645f,-0.8680215378690188f,0.37715055462513747f,-0.02187837045509345f,-0.8773926149228434f,-0.4792739677732191f,-0.25561544402097247f,0f,0f,0f,1f], start_interpolation: 0, interpolation_duration: 1 }
$data merge entity $(bone_left_arm) { transformation: [-1.0961483378281809f,-0.149305321426496f,0.03063855421319193f,1.0529375f,-0.15048105151857397f,1.0954783047566383f,-0.045328969494288884f,1.4865000000000002f,-0.02421266495882427f,-0.0490630546876221f,-1.1053409166652337f,-0.3061737499999999f,0f,0f,0f,1f], start_interpolation: 0, interpolation_duration: 1 }