# This file was generated by Animated Java via MC-Build. It is not recommended to edit this file directly.
$data merge entity $(bone_barrel_left) { transformation: [-2.2701457372863465f,-0.14477290149077815f,0.30516820267725286f,1.4110522345269354f,-0.3348789522384961f,1.2353092807058534f,-1.9051287520270979f,-1.105276652773591f,-0.044078478637205015f,-1.9289116831640123f,-1.242982421325861f,1.194698629650854f,0f,0f,0f,1f], start_interpolation: 0, interpolation_duration: 1 }
$data merge entity $(bone_blaster_left) { transformation: [-0.9891117137016278f,-0.06307814090485342f,0.1329630247783822f,1.5284600096828538f,-0.14590811897705233f,0.5382292685098973f,-0.8300723313879816f,-0.09524766170083664f,-0.019205172084820695f,-0.840434651034385f,-0.5415724870281945f,0.5515991650101232f,0f,0f,0f,1f], start_interpolation: 0, interpolation_duration: 1 }
$data merge entity $(bone_sword_left) { transformation: [-2.6350414123672987f,-0.1680432161473399f,0.35421992455580786f,1.1349941196403883f,-0.388706281180618f,1.4338687857250112f,-2.211352810980267f,0.7514821443730505f,-0.05116350668394644f,-2.238958531363735f,-1.44277528144665f,1.3658052251241666f,0f,0f,0f,1f], start_interpolation: 0, interpolation_duration: 1 }
$data merge entity $(bone_rocket_left) { transformation: [-2.2792055884539733f,-0.14535067097890791f,0.30638608858296257f,1.3506824230131966f,-0.33621540981327636f,1.240239236543209f,-1.9127318687191406f,0.09918930825219874f,-0.04425439001134694f,-1.9366097143863827f,-1.2479429996518363f,0.09453275091541535f,0f,0f,0f,1f], start_interpolation: 0, interpolation_duration: 1 }
$data merge entity $(bone_drillhead_left1) { transformation: [0.13296302477838198f,-0.06307814090485342f,0.9891117137016278f,1.3655544148401346f,-0.8300723313879816f,0.5382292685098973f,0.14590811897705214f,-0.8078908100631736f,-0.5415724870281945f,-0.840434651034385f,0.019205172084820574f,1.2515930680339504f,0f,0f,0f,1f], start_interpolation: 0, interpolation_duration: 1 }
$data merge entity $(bone_drillhead_left2) { transformation: [-0.9647028143559334f,-0.06307814090485342f,-0.2556748484183168f,1.1328176409320245f,0.18285340413672496f,0.5382292685098973f,-0.8227234572533547f,-0.5547638535824826f,0.1895075528029247f,-0.840434651034385f,-0.5076972373091647f,1.4311679338004988f,0f,0f,0f,1f], start_interpolation: 0, interpolation_duration: 1 }
$data merge entity $(bone_drillhead_left3) { transformation: [0.862937320956262f,-0.06307814090485342f,-0.5013584827653932f,1.5081150863339596f,0.45245645363696524f,0.5382292685098973f,0.7110502176932102f,-0.49929165558900596f,0.2249940836179704f,-0.840434651034385f,0.492998234964002f,1.4385256687520023f,0f,0f,0f,1f], start_interpolation: 0, interpolation_duration: 1 }
$data merge entity $(bone_drill_left) { transformation: [0.2032745924975746f,-0.09643420348860314f,1.5121593455954978f,1.297128818675325f,-1.2690190764510747f,0.8228478211064687f,0.22306512262776176f,-0.30651428370537104f,-0.8279589516863418f,-1.2848610468557276f,0.029360971111289155f,0.9628702098374522f,0f,0f,0f,1f], start_interpolation: 0, interpolation_duration: 1 }
$data merge entity $(bone_left_hand) { transformation: [-0.9891117137016278f,-0.06307814090485342f,0.1329630247783822f,1.3739113044169744f,-0.14590811897705233f,0.5382292685098973f,-0.8300723313879816f,-0.11804580529100106f,-0.019205172084820695f,-0.840434651034385f,-0.5415724870281945f,0.54859835687187f,0f,0f,0f,1f], start_interpolation: 0, interpolation_duration: 1 }
$data merge entity $(bone_left_arm_low) { transformation: [-0.9891117137016278f,-0.06307814090485342f,0.1329630247783822f,1.2531687759300936f,-0.14590811897705233f,0.5382292685098973f,-0.8300723313879816f,0.385124445426956f,-0.019205172084820695f,-0.840434651034385f,-0.5415724870281945f,-0.30996075763744735f,0f,0f,0f,1f], start_interpolation: 0, interpolation_duration: 1 }
$data merge entity $(bone_left_arm) { transformation: [-1.0946441637352615f,-0.16158623619607224f,0.020396607716603107f,1.058f,-0.16147566414120978f,1.094825666867851f,0.0073720819005581115f,1.4935f,-0.02125425191610057f,0.004315781896767397f,-1.1064816353361382f,-0.3061737499999999f,0f,0f,0f,1f], start_interpolation: 0, interpolation_duration: 1 }