# This file was generated by Animated Java via MC-Build. It is not recommended to edit this file directly.
$data merge entity $(bone_barrel_left) { transformation: [-2.2503704701097216f,-0.35754629685634987f,0.2750307006738623f,1.6350390157157961f,-0.4509095949802322f,1.8224573131019253f,-1.3202190623251762f,-1.4976022732322376f,-0.01271919272625372f,-1.348502310334067f,-1.857155953228153f,0.276481272107402f,0f,0f,0f,1f], start_interpolation: 0, interpolation_duration: 1 }
$data merge entity $(bone_blaster_left) { transformation: [-0.9804955495123804f,-0.15578437304822548f,0.11983199280820882f,1.6566963265806878f,-0.1964631410618321f,0.7940520498323123f,-0.5752248050642651f,-0.32035635028838966f,-0.005541803906124824f,-0.5875479310414382f,-0.8091703881991675f,0.029210028947400605f,0f,0f,0f,1f], start_interpolation: 0, interpolation_duration: 1 }
$data merge entity $(bone_sword_left) { transformation: [-2.612087534519208f,-0.4150170993785034f,0.3192382207207207f,1.2999780322720826f,-0.5233873035072054f,2.1153930399356886f,-1.5324266832234472f,0.15678817663060307f,-0.014763633459771995f,-1.5652560864443918f,-2.1556690240646788f,1.1153883929300734f,0f,0f,0f,1f], start_interpolation: 0, interpolation_duration: 1 }
$data merge entity $(bone_rocket_left) { transformation: [-2.259351400803443f,-0.3589732168033162f,0.2761283117979885f,1.4330912099957787f,-0.45270911549271653f,1.8297304990233687f,-1.3254878818625628f,0.010020758520338624f,-0.012769953340948863f,-1.3538840045707687f,-1.8645676168297292f,-0.3160029926960985f,0f,0f,0f,1f], start_interpolation: 0, interpolation_duration: 1 }
$data merge entity $(bone_drillhead_left1) { transformation: [0.1198319928082086f,-0.15578437304822548f,0.9804955495123804f,1.5825991841312168f,-0.5752248050642651f,0.7940520498323123f,0.19646314106183196f,-1.2430972039498838f,-0.8091703881991675f,-0.5875479310414382f,0.005541803906124645f,0.4384152152222751f,0f,0f,0f,1f], start_interpolation: 0, interpolation_duration: 1 }
$data merge entity $(bone_drillhead_left2) { transformation: [-0.9517174882278894f,-0.15578437304822548f,-0.26450907681054897f,1.3559403199411266f,0.03862072786362836f,0.7940520498323123f,-0.6066216131464379f,-1.085784577827903f,0.30453614232218995f,-0.5875479310414382f,-0.7496967165117135f,0.7111152177673253f,0f,0f,0f,1f], start_interpolation: 0, interpolation_duration: 1 }
$data merge entity $(bone_drillhead_left3) { transformation: [0.8600020515979012f,-0.15578437304822548f,-0.4859297278016363f,1.7279701011862236f,0.401637277703437f,0.7940520498323123f,0.4562552348369006f,-1.0111625964641113f,0.31477606072630926f,-0.5875479310414382f,0.7454552034311334f,0.7133232266282056f,0f,0f,0f,1f], start_interpolation: 0, interpolation_duration: 1 }
$data merge entity $(bone_drill_left) { transformation: [0.18319979969515035f,-0.2381639933481478f,1.498986907112087f,1.469792454631579f,-0.8794067977832759f,1.2139510748989089f,0.30035391423067614f,-0.6780404843953236f,-1.2370640724851567f,-0.8982464595274439f,0.008472339829787848f,0.35235176360594855f,0f,0f,0f,1f], start_interpolation: 0, interpolation_duration: 1 }
$data merge entity $(bone_left_hand) { transformation: [-0.9804955495123804f,-0.15578437304822548f,0.11983199280820882f,1.5034938969693783f,-0.1964631410618321f,0.7940520498323123f,-0.5752248050642651f,-0.3510537160793009f,-0.005541803906124824f,-0.5875479310414382f,-0.8091703881991675f,0.0283441220870686f,0f,0f,0f,1f], start_interpolation: 0, interpolation_duration: 1 }
$data merge entity $(bone_left_arm_low) { transformation: [-0.9804955495123804f,-0.15578437304822548f,0.11983199280820882f,1.2901733018518855f,-0.1964631410618321f,0.7940520498323123f,-0.5752248050642651f,0.4127436122783885f,-0.005541803906124824f,-0.5875479310414382f,-0.8091703881991675f,-0.5848367463297264f,0f,0f,0f,1f], start_interpolation: 0, interpolation_duration: 1 }
$data merge entity $(bone_left_arm) { transformation: [-1.0851087050879793f,-0.21213390797590068f,-0.048065390492420965f,1.04389f,-0.21742461217814008f,1.0509668139457595f,0.2701245500466639f,1.474955f,-0.006133082055718891f,0.27429899672729274f,-1.07214477764569f,-0.3061737499999999f,0f,0f,0f,1f], start_interpolation: 0, interpolation_duration: 1 }