# This file was generated by Animated Java via MC-Build. It is not recommended to edit this file directly.
$data merge entity $(bone_barrel_left) { transformation: [-2.2439118745042164f,-0.4146573016841919f,0.2461042768211336f,1.6761533543929683f,-0.4821732957613948f,1.9395579574716726f,-1.1283936972145854f,-1.560257364088857f,-0.004111661983023651f,-1.154912440498842f,-1.9833831809480078f,0.004510906642269413f,0f,0f,0f,1f], start_interpolation: 0, interpolation_duration: 1 }
$data merge entity $(bone_blaster_left) { transformation: [-0.9776815131875127f,-0.1806678697016227f,0.10722863250481555f,1.6762920605410194f,-0.21008486241143817f,0.8450732759702339f,-0.4916457147443716f,-0.36431395125814353f,-0.0017914678178555087f,-0.5032000388497742f,-0.8641681037533397f,-0.12678800410390859f,0f,0f,0f,1f], start_interpolation: 0, interpolation_duration: 1 }
$data merge entity $(bone_sword_left) { transformation: [-2.6045908057380047f,-0.48130793716549186f,0.2856622597100664f,1.3404219361570482f,-0.5596762275657545f,2.2513160523930416f,-1.3097679469552186f,-0.0009397721369421297f,-0.004772556854378272f,-1.3405492248310096f,-2.302185596523912f,1.0089270767775393f,0f,0f,0f,1f], start_interpolation: 0, interpolation_duration: 1 }
$data merge entity $(bone_rocket_left) { transformation: [-2.252867029797717f,-0.41631214409237977f,0.24708644641628083f,1.4398971787862103f,-0.4840975855657243f,1.947298476565695f,-1.1328969671092628f,-0.005330930196337014f,-0.004128071081790283f,-1.1595215431880233f,-1.9912986007083453f,-0.4326784468599193f,0f,0f,0f,1f], start_interpolation: 0, interpolation_duration: 1 }
$data merge entity $(bone_drillhead_left1) { transformation: [0.10722863250481533f,-0.1806678697016227f,0.9776815131875127f,1.6244262499345683f,-0.49164571474437163f,0.8450732759702339f,0.21008486241143806f,-1.3235985578755662f,-0.8641681037533397f,-0.5032000388497742f,0.0017914678178553168f,0.19176016369237198f,0f,0f,0f,1f], start_interpolation: 0, interpolation_duration: 1 }
$data merge entity $(bone_drillhead_left2) { transformation: [-0.9442945604833644f,-0.1806678697016227f,-0.27507617835611886f,1.402565414333979f,-0.005948434846413414f,0.8450732759702339f,-0.5346174093347643f,-1.1971474141706608f,0.32904771563469f,-0.5032000388497742f,-0.7990727887603092f,0.4837784376475062f,0f,0f,0f,1f], start_interpolation: 0, interpolation_duration: 1 }
$data merge entity $(bone_drillhead_left3) { transformation: [0.8622253182138493f,-0.1806678697016227f,-0.4732088560968656f,1.7735290584850805f,0.38223777409834137f,0.8450732759702339f,0.3738254168636508f,-1.117367587003958f,0.3323579165348283f,-0.5032000388497742f,0.7977016586532922f,0.484570545246475f,0f,0f,0f,1f], start_interpolation: 0, interpolation_duration: 1 }
$data merge entity $(bone_drill_left) { transformation: [0.1639317141951211f,-0.27620601781746834f,1.4946847931359326f,1.5021485226981257f,-0.7516306317821503f,1.2919526017835383f,0.32117887561427794f,-0.7546492491702597f,-1.3211448779286679f,-0.7692949450604118f,0.002738805703721222f,0.1640795967920171f,0f,0f,0f,1f], start_interpolation: 0, interpolation_duration: 1 }
$data merge entity $(bone_left_hand) { transformation: [-0.9776815131875127f,-0.1806678697016227f,0.10722863250481555f,1.5235293241054706f,-0.21008486241143817f,0.8450732759702339f,-0.4916457147443716f,-0.39713971100993073f,-0.0017914678178555087f,-0.5032000388497742f,-0.8641681037533397f,-0.1270679209504485f,0f,0f,0f,1f], start_interpolation: 0, interpolation_duration: 1 }
$data merge entity $(bone_left_arm_low) { transformation: [-0.9776815131875127f,-0.1806678697016227f,0.10722863250481555f,1.2851072545954039f,-0.21008486241143817f,0.8450732759702339f,-0.4916457147443716f,0.4194393324738266f,-0.0017914678178555087f,-0.5032000388497742f,-0.8641681037533397f,-0.6573851797811305f,0f,0f,0f,1f], start_interpolation: 0, interpolation_duration: 1 }
$data merge entity $(bone_left_arm) { transformation: [-1.0819944275024602f,-0.22148118598574518f,-0.07075395142321825f,1.02941f,-0.23249969173570792f,1.0277704634828708f,0.338236228498713f,1.457645f,-0.0019826069837917543f,0.34555164184327153f,-1.051362026431902f,-0.3061737499999999f,0f,0f,0f,1f], start_interpolation: 0, interpolation_duration: 1 }