# This file was generated by Animated Java via MC-Build. It is not recommended to edit this file directly.
$data merge entity $(bone_barrel_left) { transformation: [-2.2399702175090797f,-0.4465514926204267f,0.22533016345240817f,1.6899404489277232f,-0.5001810975249648f,1.9979587090529816f,-1.0127331139292124f,-1.58940280217163f,0.000887581963370361f,-1.0374975926760055f,-2.047253391947476f,-0.1552389280603646f,0f,0f,0f,1f], start_interpolation: 0, interpolation_duration: 1 }
$data merge entity $(bone_blaster_left) { transformation: [-0.9759641172330381f,-0.19456429817135446f,0.09817726697471785f,1.6789803700098116f,-0.21793093474495073f,0.8705187205200193f,-0.4412519290670359f,-0.3880035410999086f,0.0003867230647003948f,-0.45204191299178975f,-0.891996613975633f,-0.2187980506324882f,0f,0f,0f,1f], start_interpolation: 0, interpolation_duration: 1 }
$data merge entity $(bone_sword_left) { transformation: [-2.6000155799078133f,-0.5183286942695666f,0.2615489844552188f,1.3571972314939693f,-0.5805785434890615f,2.3191039465368237f,-1.1755164662111555f,-0.09205172295267372f,0.0010302489359766457f,-1.2042615049025893f,-2.3763220928007622f,0.9403250716239466f,0f,0f,0f,1f], start_interpolation: 0, interpolation_duration: 1 }
$data merge entity $(bone_rocket_left) { transformation: [-2.248909642171219f,-0.4483336205232188f,0.22622942631070203f,1.4353399067923922f,-0.5021772540826724f,2.0059322978168117f,-1.016774797744496f,-0.014374134960487228f,0.0008911241855084065f,-1.0416381082482133f,-2.055423709266237f,-0.5005083700230006f,0f,0f,0f,1f], start_interpolation: 0, interpolation_duration: 1 }
$data merge entity $(bone_drillhead_left1) { transformation: [0.09817726697471763f,-0.19456429817135446f,0.9759641172330381f,1.6391825361770784f,-0.441251929067036f,0.8705187205200193f,0.21793093474495062f,-1.3641163077668237f,-0.891996613975633f,-0.45204191299178975f,-0.00038672306470059287f,0.04579588955030888f,0f,0f,0f,1f], start_interpolation: 0, interpolation_duration: 1 }
$data merge entity $(bone_drillhead_left2) { transformation: [-0.9392440858831587f,-0.19456429817135446f,-0.282781330732066f,1.4207098821937376f,-0.03248212735882225f,0.8705187205200193f,-0.4910621840728868f,-1.2562033265369084f,0.34170961141846024f,-0.45204191299178975f,-0.8239494222116842f,0.3476423445318999f,0f,0f,0f,1f], start_interpolation: 0, interpolation_duration: 1 }
$data merge entity $(bone_drillhead_left3) { transformation: [0.8641024588709413f,-0.19456429817135446f,-0.46418926576374187f,1.7910230435676675f,0.37020173286500324f,0.8705187205200193f,0.32426506781942654f,-1.1734528878381636f,0.3409950403700064f,-0.45204191299178975f,0.824245407231233f,0.34761156347502753f,0f,0f,0f,1f], start_interpolation: 0, interpolation_duration: 1 }
$data merge entity $(bone_drill_left) { transformation: [0.15009393754447775f,-0.2974509529343151f,1.4920592288981704f,1.5121569426062362f,-0.6745883392723004f,1.3308537352407417f,0.33317399349731036f,-0.7955682461052922f,-1.3636892550942734f,-0.6910841251422102f,-0.0005912243160642002f,0.052038677162561664f,0f,0f,0f,1f], start_interpolation: 0, interpolation_duration: 1 }
$data merge entity $(bone_left_hand) { transformation: [-0.9759641172330381f,-0.19456429817135446f,0.09817726697471785f,1.5264859766921495f,-0.21793093474495073f,0.8705187205200193f,-0.4412519290670359f,-0.42205524965380714f,0.0003867230647003948f,-0.45204191299178975f,-0.891996613975633f,-0.21873762515362877f,0f,0f,0f,1f], start_interpolation: 0, interpolation_duration: 1 }
$data merge entity $(bone_left_arm_low) { transformation: [-0.9759641172330381f,-0.19456429817135446f,0.09817726697471785f,1.27399196078669f,-0.21793093474495073f,0.8705187205200193f,-0.4412519290670359f,0.4210536646613079f,0.0003867230647003948f,-0.45204191299178975f,-0.891996613975633f,-0.6986302621406133f,0f,0f,0f,1f], start_interpolation: 0, interpolation_duration: 1 }
$data merge entity $(bone_left_arm) { transformation: [-1.0800937954177863f,-0.22588668934908396f,-0.08452558907774627f,1.01387f,-0.241182894218451f,1.012277588768179f,0.3766920139160389f,1.4432650000000002f,0.00042798415981938284f,0.38605862946788305f,-1.0371743006732121f,-0.3061737499999999f,0f,0f,0f,1f], start_interpolation: 0, interpolation_duration: 1 }