# This file was generated by Animated Java via MC-Build. It is not recommended to edit this file directly.
$data merge entity $(bone_barrel_left) { transformation: [-2.239638815618886f,-0.4491541957666299f,0.22344345470198618f,1.6849442632171867f,-0.5016619591010434f,2.0025132198767643f,-1.002957913603751f,-1.5945726594069958f,0.0013220494807929233f,-1.0275455250716232f,-2.0522662935255616f,-0.16861810466262367f,0f,0f,0f,1f], start_interpolation: 0, interpolation_duration: 1 }
$data merge entity $(bone_blaster_left) { transformation: [-0.9758197240841096f,-0.19569830649818326f,0.09735522031280772f,1.6731169904017733f,-0.21857615214540757f,0.8725031393755989f,-0.43699283460147464f,-0.39289566516929164f,0.0005760223258214957f,-0.44770575673478585f,-0.894180755543762f,-0.22651963342732395f,0f,0f,0f,1f], start_interpolation: 0, interpolation_duration: 1 }
$data merge entity $(bone_sword_left) { transformation: [-2.5996309095800654f,-0.521349747262641f,0.2593590124156349f,1.3525842475763745f,-0.5822974338293861f,2.3243905342816653f,-1.1641700326986677f,-0.10260381000360197f,0.001534551317067546f,-1.192709775053045f,-2.3821407515051f,0.934379879471426f,0f,0f,0f,1f], start_interpolation: 0, interpolation_duration: 1 }
$data merge entity $(bone_rocket_left) { transformation: [-2.248576917699945f,-0.45094671071319226f,0.22433518795537638f,1.42888070653409f,-0.5036640255812986f,2.01050498509047f,-1.0069605858883528f,-0.01810867141680428f,0.0013273256052881459f,-1.0316463232592488f,-2.060456616671028f,-0.5061688055277924f,0f,0f,0f,1f], start_interpolation: 0, interpolation_duration: 1 }
$data merge entity $(bone_drillhead_left1) { transformation: [0.0973552203128075f,-0.19569830649818326f,0.9758197240841096f,1.634289109234315f,-0.4369928346014747f,0.8725031393755989f,0.2185761521454075f,-1.370266425754323f,-0.894180755543762f,-0.44770575673478585f,-0.0005760223258216942f,0.03353564147948894f,0f,0f,0f,1f], start_interpolation: 0, interpolation_duration: 1 }
$data merge entity $(bone_drillhead_left2) { transformation: [-0.9387961003700848f,-0.19569830649818326f,-0.28348554595193204f,1.416121972196278f,-0.034708115397972666f,0.8725031393755989f,-0.4873742078785512f,-1.2639168223290693f,0.34272033592339235f,-0.44770575673478585f,-0.8258948642115957f,0.33615695039431714f,0f,0f,0f,1f], start_interpolation: 0, interpolation_duration: 1 }
$data merge entity $(bone_drillhead_left3) { transformation: [0.8642836406341553f,-0.19569830649818326f,-0.46337453681219193f,1.7863804509973873f,0.3691679511264573f,0.8725031393755989f,0.3200832636062339f,-1.1809221119895668f,0.34165598544919995f,-0.44770575673478585f,0.8263357326131244f,0.33605462438108846f,0f,0f,0f,1f], start_interpolation: 0, interpolation_duration: 1 }
$data merge entity $(bone_drill_left) { transformation: [0.1488371881549968f,-0.2991846310069161f,1.4918384798699589f,1.5068985013394518f,-0.6680770125832552f,1.3338875255360871f,0.33416040535405644f,-0.8018381373669674f,-1.3670283825543958f,-0.6844549859689896f,-0.0008806260518371377f,0.04260681667786992f,0f,0f,0f,1f], start_interpolation: 0, interpolation_duration: 1 }
$data merge entity $(bone_left_hand) { transformation: [-0.9758197240841096f,-0.19569830649818326f,0.09735522031280772f,1.5206451585136311f,-0.21857615214540757f,0.8725031393755989f,-0.43699283460147464f,-0.4270481889420116f,0.0005760223258214957f,-0.44770575673478585f,-0.894180755543762f,-0.22642962993891436f,0f,0f,0f,1f], start_interpolation: 0, interpolation_duration: 1 }
$data merge entity $(bone_left_arm_low) { transformation: [-0.9758197240841096f,-0.19569830649818326f,0.09735522031280772f,1.2670004698949662f,-0.21857615214540757f,0.8725031393755989f,-0.43699283460147464f,0.4181379148432032f,0.0005760223258214957f,-0.44770575673478585f,-0.894180755543762f,-0.7020425338890789f,0f,0f,0f,1f], start_interpolation: 0, interpolation_duration: 1 }
$data merge entity $(bone_left_arm) { transformation: [-1.0799339963621604f,-0.2262087583976411f,-0.08569795598191968f,1.006555625f,-0.2418969525517684f,1.0109212493466968f,0.3798632260426234f,1.4389503125000003f,0.0006374805478564153f,0.38940955789186715f,-1.0359207346004036f,-0.3061737499999999f,0f,0f,0f,1f], start_interpolation: 0, interpolation_duration: 1 }