# This file was generated by Animated Java via MC-Build. It is not recommended to edit this file directly.
$data merge entity $(bone_foot) { transformation: [-0.9999818697708159f,0.003477199010598917f,0.004916219757463921f,0.9353851545613735f,0.003428519149460703f,0.9999453546087759f,-0.00987588237937187f,-2.104894953115397f,-0.004950291517150294f,-0.009858847973779616f,-0.9999391470137194f,-0.22154727661380474f,0f,0f,0f,1f], start_interpolation: 0, interpolation_duration: 1 }
$data merge entity $(bone_leg_low) { transformation: [-0.9966797086781494f,-0.07791588372592824f,0.02363627238900097f,0.8839880168115506f,-0.0764662106817367f,0.9954392834974513f,0.05703991141347581f,-0.9729283165206839f,-0.027972789156887348f,0.05504314610638211f,-0.9980920674634658f,-0.39354800246846766f,0f,0f,0f,1f], start_interpolation: 0, interpolation_duration: 1 }
$data merge entity $(bone_bone4) { transformation: [-0.9966797086781494f,-0.06364678046630332f,-0.05078036673276012f,0.8597083760957591f,-0.0764662106817367f,0.517410087555741f,0.8523143316403501f,-0.8714264490786232f,-0.027972789156887348f,0.8533673819825986f,-0.5205589634565424f,0.1940788502854601f,0f,0f,0f,1f], start_interpolation: 0, interpolation_duration: 1 }
$data merge entity $(bone_leg) { transformation: [-0.9966797086781494f,-0.06473853452668853f,0.04938097261674962f,0.8231162668466022f,-0.0764662106817367f,0.9525819350867726f,-0.2945175301579109f,-0.19707687500000004f,-0.027972789156887348f,-0.29731562201417616f,-0.9543693959746969f,0.018172408111629127f,0f,0f,0f,1f], start_interpolation: 0, interpolation_duration: 1 }
$data merge entity $(bone_foot2) { transformation: [-0.9993101427646289f,-0.008314542995755493f,-0.036195399466073606f,-0.764492631452734f,-0.014506406615510605f,0.9845798192323529f,0.17433342687933592f,-1.7347424177231323f,0.034187757089963924f,0.1747382268857018f,-0.9840212138617737f,-0.3683149010136047f,0f,0f,0f,1f], start_interpolation: 0, interpolation_duration: 1 }
$data merge entity $(bone_leg_low2) { transformation: [-0.9992465352863571f,-0.009653940987601004f,-0.03759206221556746f,-0.8146494478572656f,-0.01989293141190665f,0.9590655297840555f,0.2824846559724443f,-0.5935188412868531f,0.033326160865787643f,0.28301963006730985f,-0.9585349529352127f,-0.275215898972215f,0f,0f,0f,1f], start_interpolation: 0, interpolation_duration: 1 }
$data merge entity $(bone_bone3) { transformation: [-0.9992465352863571f,0.03879844768966951f,0.0010208697679708056f,-0.7930793765924766f,-0.01989293141190665f,-0.5345694755069537f,0.8448903758098218f,-0.8767772028203391f,0.033326160865787643f,0.8442334726324778f,0.5349385111289475f,0.20245627825500942f,0f,0f,0f,1f], start_interpolation: 0, interpolation_duration: 1 }
$data merge entity $(bone_leg2) { transformation: [-0.9992465352863571f,-0.02812644221796992f,-0.026744438045514754f,-0.8219806387597283f,-0.01989293141190665f,0.962839958246117f,-0.26933897988307764f,-0.19707687500000004f,0.033326160865787643f,-0.26860401719403776f,-0.9626740096985961f,0.04688768141219726f,0f,0f,0f,1f], start_interpolation: 0, interpolation_duration: 1 }
$data merge entity $(bone_hips) { transformation: [-0.9998476951563913f,0f,-0.01745240643728339f,0f,0f,1f,0f,0.199629375f,0.01745240643728339f,0f,-0.9998476951563913f,0f,0f,0f,0f,1f], start_interpolation: 0, interpolation_duration: 1 }