# This file was generated by Animated Java via MC-Build. It is not recommended to edit this file directly.
$data merge entity $(bone_foot) { transformation: [-0.9999687246734402f,0.006709052962218231f,-0.004187873365267778f,0.9169516315724499f,0.006746158642119575f,0.9999375492562892f,-0.008909934393755398f,-2.1139523116247734f,0.004127834607723946f,-0.008937907790742801f,-0.9999515362185186f,-0.11925391744837541f,0f,0f,0f,1f], start_interpolation: 0, interpolation_duration: 1 }
$data merge entity $(bone_leg_low) { transformation: [-0.997274468242645f,-0.07246153824579722f,0.013891021071271391f,0.8693984504004832f,-0.0725629522741347f,0.9973396844065081f,-0.006940595449096532f,-0.9950108207316365f,-0.01335114034872266f,-0.007929652134818721f,-0.9998794265652281f,-0.36273495725481064f,0f,0f,0f,1f], start_interpolation: 0, interpolation_duration: 1 }
$data merge entity $(bone_bone4) { transformation: [-0.997274468242645f,-0.05170493328442098f,-0.05263302067526825f,0.8518094019354997f,-0.0725629522741347f,0.5582530688388441f,0.8264914573601316f,-0.8597287114050889f,-0.01335114034872266f,0.828058036013217f,-0.5604833949773377f,0.21584031874721732f,0f,0f,0f,1f], start_interpolation: 0, interpolation_duration: 1 }
$data merge entity $(bone_leg) { transformation: [-0.997274468242645f,-0.06347401489681666f,0.037612290866528425f,0.8164876608159858f,-0.0725629522741347f,0.9360428230369975f,-0.34432317871178786f,-0.195326875f,-0.01335114034872266f,-0.3461139738204843f,-0.9380974705101713f,0.005241217838857309f,0f,0f,0f,1f], start_interpolation: 0, interpolation_duration: 1 }
$data merge entity $(bone_foot2) { transformation: [-0.9986974309154782f,0.0008633174156045999f,-0.05101662636693632f,-0.7883332595367013f,-0.013126971554355682f,0.961853678506066f,0.273249306974713f,-1.6551711742251995f,0.0493064306215204f,0.27356307467819874f,-0.9605894648974531f,-0.5340700913752685f,0f,0f,0f,1f], start_interpolation: 0, interpolation_duration: 1 }
$data merge entity $(bone_leg_low2) { transformation: [-0.9986987855805199f,0.0038711587525112213f,-0.05085026853328822f,-0.8264231166534245f,-0.018554783604121737f,0.9011922351798629f,0.43302225723041876f,-0.5434223711315971f,0.047502165060119964f,0.4334023181542014f,-0.8999477623357732f,-0.2581386806375221f,0f,0f,0f,1f], start_interpolation: 0, interpolation_duration: 1 }
$data merge entity $(bone_bone3) { transformation: [-0.9986987855805199f,0.0485039436669884f,0.01575128974859779f,-0.799205141164819f,-0.018554783604121737f,-0.6332936829062044f,0.7736891050005164f,-0.8818320654737666f,0.047502165060119964f,0.7723901078081239f,0.6333696122129286f,0.18191369154212145f,0f,0f,0f,1f], start_interpolation: 0, interpolation_duration: 1 }
$data merge entity $(bone_leg2) { transformation: [-0.9986987855805199f,-0.028638834256347365f,-0.0421965976404749f,-0.8279552533582445f,-0.018554783604121737f,0.9747725187852125f,-0.2224280931594227f,-0.195326875f,0.047502165060119964f,-0.22135571777925697f,-0.9740355181003572f,0.05979300771247284f,0f,0f,0f,1f], start_interpolation: 0, interpolation_duration: 1 }
$data merge entity $(bone_hips) { transformation: [-0.9994502159417572f,0f,-0.03315517838852615f,-0.006812500000000006f,0f,1f,0f,0.20137937500000003f,0.03315517838852615f,0f,-0.9994502159417572f,0f,0f,0f,0f,1f], start_interpolation: 0, interpolation_duration: 1 }