# This file was generated by Animated Java via MC-Build. It is not recommended to edit this file directly.
$data merge entity $(bone_foot) { transformation: [-0.9991469805554436f,0.02021133532244508f,-0.03601129227649948f,0.7208575552005906f,0.02271401618212737f,0.997253083952119f,-0.07050078025714451f,-1.6944549097181412f,0.03448745736956907f,-0.07125860279623658f,-0.9968614882779404f,0.2832240884739381f,0f,0f,0f,1f], start_interpolation: 0, interpolation_duration: 1 }
$data merge entity $(bone_leg_low) { transformation: [-0.9988918483186532f,0.02252458403349606f,-0.04132455053188926f,0.7668885528309639f,0.03239949528270926f,0.9659629232903556f,-0.2566435339800645f,-0.672587296782088f,0.0341371947876564f,-0.2576980285963958f,-0.9656222750069309f,-0.2337305620675566f,0f,0f,0f,1f], start_interpolation: 0, interpolation_duration: 1 }
$data merge entity $(bone_bone4) { transformation: [-0.9988918483186532f,0.026890221357265445f,0.038626303963775255f,0.7810285818913733f,0.03239949528270926f,-0.20239921604921984f,0.9787669947684622f,-0.8052500384677257f,0.0341371947876564f,0.9789338452306255f,0.20130369741763582f,0.3059319893360003f,0f,0f,0f,1f], start_interpolation: 0, interpolation_duration: 1 }
$data merge entity $(bone_leg) { transformation: [-0.9988918483186532f,0.01131083801672178f,-0.045685230719611954f,0.8005615545536647f,0.03239949528270926f,0.8693270649950857f,-0.4931741343303152f,-0.18357687500000008f,0.0341371947876564f,-0.4941078010013498f,-0.8687301841893373f,-0.010565005468978345f,0f,0f,0f,1f], start_interpolation: 0, interpolation_duration: 1 }
$data merge entity $(bone_foot2) { transformation: [-0.9998325216088564f,0.0008911463605278626f,-0.018279348769571498f,-0.9573642432917757f,0.001209923895032825f,0.9998472566831141f,-0.017435578207201652f,-2.0900653821243385f,0.018261019069146865f,-0.017454774745476798f,-0.999680882092451f,-0.5482381933825371f,0f,0f,0f,1f], start_interpolation: 0, interpolation_duration: 1 }
$data merge entity $(bone_leg_low2) { transformation: [-0.9969802132769784f,0.07712983198057466f,-0.009024597101186721f,-0.9034236000166747f,0.07141771213050169f,0.9563143204811932f,0.28348268172260294f,-0.948905545393049f,0.030495323055105005f,0.2819821084062641f,-0.9589348913302314f,-0.45648299809944415f,0f,0f,0f,1f], start_interpolation: 0, interpolation_duration: 1 }
$data merge entity $(bone_bone3) { transformation: [-0.9969802132769784f,0.05848911534449387f,0.05108304728977037f,-0.8805830332429494f,0.07141771213050169f,0.4322643866531171f,0.8989143509953824f,-0.8786121876531744f,0.030495323055105005f,0.8998480557392026f,-0.43513619919990776f,0.12561945458178236f,0f,0f,0f,1f], start_interpolation: 0, interpolation_duration: 1 }
$data merge entity $(bone_leg2) { transformation: [-0.9969802132769784f,0.0673367303167718f,-0.038680991254578384f,-0.8425310538809364f,0.07141771213050169f,0.9906554223267916f,-0.11619528651615382f,-0.18357687500000008f,0.030495323055105005f,-0.1186069094309966f,-0.9924728894569322f,0.07554582929545847f,0f,0f,0f,1f], start_interpolation: 0, interpolation_duration: 1 }
$data merge entity $(bone_hips) { transformation: [-0.9986295347545738f,0f,-0.0523359562429437f,-0.0226875f,0f,1f,0f,0.21312937499999995f,0.0523359562429437f,0f,-0.9986295347545738f,0f,0f,0f,0f,1f], start_interpolation: 0, interpolation_duration: 1 }