# This file was generated by Animated Java via MC-Build. It is not recommended to edit this file directly.
$data merge entity $(bone_foot) { transformation: [-0.999818503921336f,0.0190462234364167f,-0.00044787198118256604f,0.7311588529139003f,0.019009522606706308f,0.9988999321065641f,0.04286681336146331f,-1.7061302128950007f,0.001263830196885295f,0.04285051937038213f,-0.999080695300896f,-0.0016352223136459898f,0f,0f,0f,1f], start_interpolation: 0, interpolation_duration: 1 }
$data merge entity $(bone_leg_low) { transformation: [-0.9995624897490838f,0.02936182913460516f,-0.0035653999050725242f,0.7937515474458811f,0.029349950846192224f,0.9995636192212912f,0.00333938835108738f,-0.5853891970717663f,0.0036618945832642535f,0.0032332830224910403f,-0.999988068133294f,-0.23314356313462664f,0f,0f,0f,1f], start_interpolation: 0, interpolation_duration: 1 }
$data merge entity $(bone_bone4) { transformation: [-0.9995624897490838f,-0.008739048559534335f,0.02825700120124109f,0.7877590105111649f,0.029349950846192224f,-0.4113404475489831f,0.9110091199299424f,-0.8505811661007442f,0.0036618945832642535f,0.9114398856976121f,0.41141697253222875f,0.2566182464007251f,0f,0f,0f,1f], start_interpolation: 0, interpolation_duration: 1 }
$data merge entity $(bone_leg) { transformation: [-0.9995624897490838f,0.025676811116579337f,-0.014680955605693635f,0.8163037668466022f,0.029349950846192224f,0.9225156717377929f,-0.3848420660264349f,-0.195326875f,0.0036618945832642535f,-0.3851045790029668f,-0.9228656748189353f,0.018172408111629127f,0f,0f,0f,1f], start_interpolation: 0, interpolation_duration: 1 }
$data merge entity $(bone_foot2) { transformation: [-0.9999501740531573f,-0.001499112520581384f,0.009869248842298782f,-0.9459675528243356f,-0.001722017535829789f,0.9997427380465022f,-0.022616197268542138f,-2.1167249875290457f,-0.009832805635568834f,-0.022632065414671138f,-0.9996955064160284f,-0.36261398996786304f,0f,0f,0f,1f], start_interpolation: 0, interpolation_duration: 1 }
$data merge entity $(bone_leg_low2) { transformation: [-0.9964972640327469f,0.0813938473985284f,0.019189694654039188f,-0.8805996899415844f,0.08336217251630172f,0.9850451373447955f,0.15078735221077283f,-0.9741702830552348f,-0.006629552670620913f,0.15185887856506242f,-0.9883799522614516f,-0.42482469333840234f,0f,0f,0f,1f], start_interpolation: 0, interpolation_duration: 1 }
$data merge entity $(bone_bone3) { transformation: [-0.9964972640327469f,0.03773574157532282f,0.0746271839413135f,-0.8767377810810149f,0.08336217251630172f,0.5189981885204187f,0.8507006691580102f,-0.8807966579062513f,-0.006629552670620913f,0.8539419735089057f,-0.5203260082977816f,0.16879705313036578f,0f,0f,0f,1f], start_interpolation: 0, interpolation_duration: 1 }
$data merge entity $(bone_leg2) { transformation: [-0.9964972640327469f,0.0827709570903885f,-0.011923566479508318f,-0.8287931387597283f,0.08336217251630172f,0.9719080582743947f,-0.22010332676872038f,-0.195326875f,-0.006629552670620913f,-0.22032633733540985f,-0.9754036877661222f,0.04688768141219726f,0f,0f,0f,1f], start_interpolation: 0, interpolation_duration: 1 }
$data merge entity $(bone_hips) { transformation: [-0.9998476951563913f,0f,-0.01745240643728339f,-0.006812500000000006f,0f,1f,0f,0.20137937500000003f,0.01745240643728339f,0f,-0.9998476951563913f,0f,0f,0f,0f,1f], start_interpolation: 0, interpolation_duration: 1 }