# This file was generated by Animated Java via MC-Build. It is not recommended to edit this file directly.
$data merge entity $(bone_foot) { transformation: [-0.9998614355428975f,0.010443423619181161f,-0.012963202428664541f,0.8931511219000435f,0.010533762376771076f,0.9999205718122826f,-0.006920254098491729f,-2.1237910122618846f,0.012889901639885694f,-0.0070558464912651025f,-0.9998920269039082f,0.012992536088762718f,0f,0f,0f,1f], start_interpolation: 0, interpolation_duration: 1 }
$data merge entity $(bone_leg_low) { transformation: [-0.9979102915173075f,-0.06453754233595936f,0.0031552675127012805f,0.8519796786554596f,-0.06457718613468484f,0.9944800905229287f,-0.08269907245207692f,-1.026104958597751f,0.0021993441678652553f,-0.08273001379633543f,-0.9965695699259984f,-0.31406192677540823f,0f,0f,0f,1f], start_interpolation: 0, interpolation_duration: 1 }
$data merge entity $(bone_bone4) { transformation: [-0.9979102915173075f,-0.03768649016936758f,-0.05248598424871745f,0.8412070147641222f,-0.06457718613468484f,0.6093427588413403f,0.7902728574856603f,-0.8406243072516515f,0.0021993441678652553f,0.7920108147660224f,-0.6105030975997525f,0.2441346484012145f,0f,0f,0f,1f], start_interpolation: 0, interpolation_duration: 1 }
$data merge entity $(bone_leg) { transformation: [-0.9979102915173075f,-0.05996083076157942f,0.02407797454570642f,0.8087809177899928f,-0.06457718613468484f,0.9128164538456498f,-0.40323182986909534f,-0.1905768750000001f,0.0021993441678652553f,-0.40394408073771054f,-0.9147810352877881f,-0.007691265625990228f,0f,0f,0f,1f], start_interpolation: 0, interpolation_duration: 1 }
$data merge entity $(bone_foot2) { transformation: [-0.9978676583619636f,0.007552286913577944f,-0.06483131463719193f,-0.8131780363506401f,-0.011660420741215533f,0.9566766644428553f,0.29091887924064025f,-1.6293832841290343f,0.06421970868315587f,0.2910545012070204f,-0.9545486401141554f,-0.6486929163935767f,0f,0f,0f,1f], start_interpolation: 0, interpolation_duration: 1 }
$data merge entity $(bone_leg_low2) { transformation: [-0.9979407543146062f,0.016175186801290223f,-0.06206943055916038f,-0.8400845281897749f,-0.017514174541662608f,0.8621937289110919f,0.506275841332085f,-0.5441169324612888f,0.06170498009171741f,0.5063203898307176f,-0.8601349651499763f,-0.2812050003178992f,0f,0f,0f,1f], start_interpolation: 0, interpolation_duration: 1 }
$data merge entity $(bone_bone3) { transformation: [-0.9979407543146062f,0.05869846225909919f,0.02586003492673922f,-0.8069558903407374f,-0.017514174541662608f,-0.6372073831529933f,0.7704933513959988f,-0.8826030902240248f,0.06170498009171741f,0.7684537991211517f,0.6369232717118675f,0.15850200804936282f,0f,0f,0f,1f], start_interpolation: 0, interpolation_duration: 1 }
$data merge entity $(bone_leg2) { transformation: [-0.9979407543146062f,-0.027795078791804987f,-0.05780730466777031f,-0.8346022632693922f,-0.017514174541662608f,0.9850648655695051f,-0.17129058441915856f,-0.1905768750000001f,0.06170498009171741f,-0.1699254077985104f,-0.983523182856607f,0.07268358098279734f,0f,0f,0f,1f], start_interpolation: 0, interpolation_duration: 1 }
$data merge entity $(bone_hips) { transformation: [-0.9988061373414341f,0f,-0.04884976979561313f,-0.014499999999999999f,0f,1f,0f,0.20612937499999995f,0.04884976979561313f,0f,-0.9988061373414341f,0f,0f,0f,0f,1f], start_interpolation: 0, interpolation_duration: 1 }