# This file was generated by Animated Java via MC-Build. It is not recommended to edit this file directly.
$data merge entity $(bone_foot) { transformation: [-0.9997270025169193f,0.015496361355893126f,0.017486658436166966f,0.7432304234223392f,0.017400664163461803f,0.9932590337847312f,0.1146023939178101f,-1.6968759339867456f,-0.015592861354030024f,0.11487538722350442f,-0.9932575235481702f,-0.17238291927448385f,0f,0f,0f,1f], start_interpolation: 0, interpolation_duration: 1 }
$data merge entity $(bone_leg_low) { transformation: [-0.9995569000159011f,0.02531068284496972f,0.01566438522646594f,0.8057997101653441f,0.02740180789084295f,0.9879782078663318f,0.1521453308700098f,-0.5540935450681279f,-0.011625169027377863f,0.15250714775102436f,-0.9882339932070401f,-0.2332752649419152f,0f,0f,0f,1f], start_interpolation: 0, interpolation_duration: 1 }
$data merge entity $(bone_bone4) { transformation: [-0.9995569000159011f,-0.02337647058076493f,0.018426726616206167f,0.7918720782954995f,0.02740180789084295f,-0.4808782929626587f,0.8763590635587866f,-0.8660064810347117f,-0.011625169027377863f,0.8764756744944531f,0.4813057733547135f,0.22903906130162227f,0f,0f,0f,1f], start_interpolation: 0, interpolation_duration: 1 }
$data merge entity $(bone_leg) { transformation: [-0.9995569000159011f,0.029695455451276012f,0.0020453743283444232f,0.82267375f,0.02740180789084295f,0.9448340891237038f,-0.3264011105282798f,-0.19707687500000004f,-0.011625169027377863f,-0.3262004352469847f,-0.945229142319344f,0.032535000000000106f,0f,0f,0f,1f], start_interpolation: 0, interpolation_duration: 1 }
$data merge entity $(bone_foot2) { transformation: [-0.9997736617580764f,-0.002587008673664748f,0.021117117250470968f,-0.9372641762256468f,-0.0031387934619872006f,0.9996534017933877f,-0.026138558845335697f,-2.1248774599316462f,-0.021042177417053137f,-0.026198924959442066f,-0.9994352620858036f,-0.272259451454746f,0f,0f,0f,1f], start_interpolation: 0, interpolation_duration: 1 }
$data merge entity $(bone_leg_low2) { transformation: [-0.9961946980304833f,0.08159133549571589f,0.030642741195587107f,-0.8689738754044226f,0.08399862825958708f,0.9925834727824016f,0.0878765043099431f,-0.9886359067717028f,-0.02324551712614491f,0.09011605590156102f,-0.9956599531980207f,-0.40592301983962625f,0f,0f,0f,1f], start_interpolation: 0, interpolation_duration: 1 }
$data merge entity $(bone_bone3) { transformation: [-0.9961946980304833f,0.027254323893409815f,0.08278481409695444f,-0.8732899180566729f,0.08399862825958708f,0.5535705145946259f,0.8285553185044128f,-0.8758448603830229f,-0.02324551712614491f,0.8323562261439234f,-0.5537533374463615f,0.18661755082230785f,0f,0f,0f,1f], start_interpolation: 0, interpolation_duration: 1 }
$data merge entity $(bone_leg2) { transformation: [-0.9961946980304833f,0.08715574344788289f,-3.1837382672846695e-8f,-0.82267375f,0.08399862825958708f,0.960108609166262f,-0.2667127463308302f,-0.19707687500000004f,-0.02324551712614491f,-0.26569782646621876f,-0.9637760688794182f,0.0325349999999999f,0f,0f,0f,1f], start_interpolation: 0, interpolation_duration: 1 }
$data merge entity $(bone_hips) { transformation: [-1f,0f,1.2246467991473532e-16f,0f,0f,1f,0f,0.199629375f,-1.2246467991473532e-16f,0f,-1f,0f,0f,0f,0f,1f], start_interpolation: 0, interpolation_duration: 1 }