# This file was generated by Animated Java via MC-Build. It is not recommended to edit this file directly.
$data merge entity $(bone_foot) { transformation: [-0.9993586464406786f,0.01050637453612627f,0.03423319848277905f,0.7607003688632903f,0.01583681796646736f,0.9870911003301851f,0.1593748877509911f,-1.6718121664971686f,-0.032116833295823016f,0.15981481703224742f,-0.9866244134806302f,-0.3190143689553302f,0f,0f,0f,1f], start_interpolation: 0, interpolation_duration: 1 }
$data merge entity $(bone_leg_low) { transformation: [-0.9993177362544722f,0.01690809520221039f,0.03283562583338431f,0.8178758591708484f,0.02521389466965532f,0.9619630957874575f,0.2720133486772256f,-0.5299628412467601f,-0.026987432683094413f,0.2726556778422988f,-0.9617331021741594f,-0.23848199310418874f,0f,0f,0f,1f], start_interpolation: 0, interpolation_duration: 1 }
$data merge entity $(bone_bone4) { transformation: [-0.9993177362544722f,-0.03621997396647583f,0.007223260559113086f,0.7973036574017577f,0.02521389466965532f,-0.5261390402910258f,0.8500246877574944f,-0.8753312276650116f,-0.026987432683094413f,0.8496268732611431f,0.526693321307257f,0.20061438643778054f,0f,0f,0f,1f], start_interpolation: 0, interpolation_duration: 1 }
$data merge entity $(bone_leg) { transformation: [-0.9993177362544722f,0.031490944976318005f,0.019297212019759168f,0.8287931387597283f,0.02521389466965532f,0.9634824877873251f,-0.2665816108487874f,-0.195326875f,-0.026987432683094413f,-0.2659131740091967f,-0.9636191479861379f,0.046887681412197464f,0f,0f,0f,1f], start_interpolation: 0, interpolation_duration: 1 }
$data merge entity $(bone_foot2) { transformation: [-0.9995288168464355f,-0.003904258530317618f,0.030445049825771134f,-0.9238978493209071f,-0.004772131962985176f,0.9995828039626072f,-0.028485869809078197f,-2.1326081391935547f,-0.030321132071429974f,-0.02861773554249789f,-0.9991304490217114f,-0.1699278351218707f,0f,0f,0f,1f], start_interpolation: 0, interpolation_duration: 1 }
$data merge entity $(bone_leg_low2) { transformation: [-0.996066652499545f,0.07909849427554946f,0.03993309381567907f,-0.856215501195443f,0.0800202211854138f,0.99654967607262f,0.02203423066489285f,-1.0075151175392312f,-0.038052437238479356f,0.02514301737853103f,-0.9989593789025231f,-0.3776756972141676f,0f,0f,0f,1f], start_interpolation: 0, interpolation_duration: 1 }
$data merge entity $(bone_bone3) { transformation: [-0.996066652499545f,0.01631583268214907f,0.08709200527166126f,-0.8671087812526933f,0.0800202211854138f,0.5877458559339122f,0.8050786129527665f,-0.8654913650796712f,-0.038052437238479356f,0.8088810805281583f,-0.5867396437806215f,0.20612935441856695f,0f,0f,0f,1f], start_interpolation: 0, interpolation_duration: 1 }
$data merge entity $(bone_leg2) { transformation: [-0.996066652499545f,0.08793372558954045f,0.010903379397891108f,-0.8163037668466022f,0.0800202211854138f,0.9455467880138314f,-0.3154964910710799f,-0.195326875f,-0.038052437238479356f,-0.31338304290543534f,-0.9488641000899664f,0.018172408111628936f,0f,0f,0f,1f], start_interpolation: 0, interpolation_duration: 1 }
$data merge entity $(bone_hips) { transformation: [-0.9998476951563913f,0f,0.017452406437283633f,0.006812500000000006f,0f,1f,0f,0.20137937500000003f,-0.017452406437283633f,0f,-0.9998476951563913f,6.938893903907228e-18f,0f,0f,0f,1f], start_interpolation: 0, interpolation_duration: 1 }