# This file was generated by Animated Java via MC-Build. It is not recommended to edit this file directly.
$data merge entity $(bone_foot) { transformation: [-0.9987191103076823f,0.0041570331281065576f,0.05042675660602408f,0.784368900419676f,0.01436768764021182f,0.9788946656715365f,0.2038597632483785f,-1.6370586106689298f,-0.048515031259442384f,0.20432315726657962f,-0.9777005365379077f,-0.4708587647588945f,0f,0f,0f,1f], start_interpolation: 0, interpolation_duration: 1 }
$data merge entity $(bone_leg_low) { transformation: [-0.9988377255858045f,0.004592891553471495f,0.04798023857542955f,0.8312795578578508f,0.0228181022720242f,0.9218929014405864f,0.3867723005621801f,-0.5130973064818176f,-0.04245623811974549f,0.38741758300396734f,-0.9209262099778049f,-0.2515763926090148f,0f,0f,0f,1f], start_interpolation: 0, interpolation_duration: 1 }
$data merge entity $(bone_bone4) { transformation: [-0.9988377255858045f,-0.04802235780564408f,-0.004129297441912171f,0.8049084965799579f,0.0228181022720242f,-0.5465827451794203f,0.8370941624935828f,-0.8788835566211387f,-0.04245623811974549f,0.8360270066349029f,0.5470432451112104f,0.1722450197347833f,0f,0f,0f,1f], start_interpolation: 0, interpolation_duration: 1 }
$data merge entity $(bone_leg) { transformation: [-0.9988377255858045f,0.031081753751779687f,0.036839143995087836f,0.835537144254185f,0.0228181022720242f,0.9781576265855418f,-0.20660830516037618f,-0.19057687499999998f,-0.04245623811974549f,-0.20552757025823423f,-0.9777299656390133f,0.061226080382425524f,0f,0f,0f,1f], start_interpolation: 0, interpolation_duration: 1 }
$data merge entity $(bone_foot2) { transformation: [-0.9992549462411648f,-0.005639788743341458f,0.038180429482882354f,-0.9058312358376986f,-0.006715602201604112f,0.9995823406743013f,-0.028107737353878864f,-2.137826189736545f,-0.03800596136972047f,-0.02834320015480449f,-0.9988754726718181f,-0.044381801988304936f,0f,0f,0f,1f], start_interpolation: 0, interpolation_duration: 1 }
$data merge entity $(bone_leg_low2) { transformation: [-0.996110456129164f,0.07428248212753523f,0.04739274247309582f,-0.8417974137279933f,0.07179382811047424f,0.996051818768893f,-0.05221513738777156f,-1.0309929581152333f,-0.05108429734656682f,-0.04860953791338274f,-0.9975106552756492f,-0.33488868457751075f,0f,0f,0f,1f], start_interpolation: 0, interpolation_duration: 1 }
$data merge entity $(bone_bone3) { transformation: [-0.996110456129164f,0.005142044231237663f,0.08796316599163975f,-0.857679233041804f,0.07179382811047424f,0.6261325641056905f,0.7764043137513321f,-0.8485541943772972f,-0.05108429734656682f,0.7796996675307469f,-0.6240663610683164f,0.23119570979408552f,0f,0f,0f,1f], start_interpolation: 0, interpolation_duration: 1 }
$data merge entity $(bone_leg2) { transformation: [-0.996110456129164f,0.08562213990527906f,0.020804046437883018f,-0.8088080545046166f,0.07179382811047424f,0.9255576359566162f,-0.3717374191114524f,-0.19057687499999998f,-0.05108429734656682f,-0.36879792797742345f,-0.9281047801213863f,0.0038042807317070493f,0f,0f,0f,1f], start_interpolation: 0, interpolation_duration: 1 }
$data merge entity $(bone_hips) { transformation: [-0.9993908270190958f,0f,0.03489949670250113f,0.014500000000000013f,0f,1f,0f,0.20612937500000006f,-0.03489949670250113f,0f,-0.9993908270190958f,6.938893903907228e-18f,0f,0f,0f,1f], start_interpolation: 0, interpolation_duration: 1 }