# This file was generated by Animated Java via MC-Build. It is not recommended to edit this file directly.
$data merge entity $(bone_foot) { transformation: [-0.991915862110153f,-0.013665896813000795f,0.12615928724659242f,0.9457811457691413f,0.005290679469107648f,0.9888660971070058f,0.14871398960122384f,-1.6316835495231383f,-0.12678695202987952f,0.1481792335540112f,-0.9807996653437023f,-0.9572698352883563f,0f,0f,0f,1f], start_interpolation: 0, interpolation_duration: 1 }
$data merge entity $(bone_leg_low) { transformation: [-0.992433411720047f,-0.06835879880026242f,0.10199508776550377f,0.9233874478308576f,0.008838414843879152f,0.7887590230648226f,0.6146389883149899f,-0.6030297353191467f,-0.12246552872035082f,0.6108897430473129f,-0.782186624863167f,-0.4523498073203799f,0f,0f,0f,1f], start_interpolation: 0, interpolation_duration: 1 }
$data merge entity $(bone_bone4) { transformation: [-0.992433411720047f,-0.12189060363003584f,-0.014785264570276384f,0.8576816345836645f,0.008838414843879152f,-0.19102334702283452f,0.9815457010833685f,-0.8424170182846045f,-0.12246552872035082f,0.9739880705834641f,0.19065527172450727f,0.06283876006519287f,0f,0f,0f,1f], start_interpolation: 0, interpolation_duration: 1 }
$data merge entity $(bone_leg) { transformation: [-0.992433411720047f,0.0024814932631833314f,0.12275897316649546f,0.8655141455311486f,0.008838414843879152f,0.9986459048410209f,0.05126635512015778f,-0.148076875f,-0.12246552872035082f,0.05196343844900379f,-0.9911114949085201f,0.13255119879280094f,0f,0f,0f,1f], start_interpolation: 0, interpolation_duration: 1 }
$data merge entity $(bone_foot2) { transformation: [-0.9955674314019334f,-0.02042598826617396f,0.0918056018721449f,-0.8033097388803107f,-0.02128080454268066f,0.9997387367141775f,-0.008341802632331308f,-2.027575744273663f,-0.09161122687625613f,-0.010258524089296228f,-0.995742007647431f,0.6467593095911187f,0f,0f,0f,1f], start_interpolation: 0, interpolation_duration: 1 }
$data merge entity $(bone_leg_low2) { transformation: [-0.9944932978675352f,0.04403134398905608f,0.09510163638482495f,-0.7619356283737051f,0.0007104100441446513f,0.9102682018078432f,-0.4140184731326429f,-1.1041374714006622f,-0.10479778534932513f,-0.4116710355660612f,-0.90528690626886f,-0.03082782207540713f,0f,0f,0f,1f], start_interpolation: 0, interpolation_duration: 1 }
$data merge entity $(bone_bone3) { transformation: [-0.9944932978675352f,-0.0640696302459273f,0.08293469103278919f,-0.8022883609813559f,0.0007104100441446513f,0.7872205693274504f,0.6166711202459005f,-0.7022136869271449f,-0.10479778534932513f,0.6133342137105307f,-0.7828400644307635f,0.35482968669446113f,0f,0f,0f,1f], start_interpolation: 0, interpolation_duration: 1 }
$data merge entity $(bone_leg2) { transformation: [-0.9944932978675352f,0.06804487008665423f,0.07970555910000501f,-0.7675691837065215f,0.0007104100441446513f,0.7649074085228936f,-0.6441398541499822f,-0.148076875f,-0.10479778534932513f,-0.6405361442117701f,-0.7607436310244045f,-0.06796622070550012f,0f,0f,0f,1f], start_interpolation: 0, interpolation_duration: 1 }
$data merge entity $(bone_hips) { transformation: [-0.992546151641322f,0f,0.12186934340514759f,0.05293750000000001f,0f,1f,0f,0.24862937500000004f,-0.12186934340514759f,0f,-0.992546151641322f,6.938893903907228e-18f,0f,0f,0f,1f], start_interpolation: 0, interpolation_duration: 1 }