# This file was generated by Animated Java via MC-Build. It is not recommended to edit this file directly.
$data merge entity $(bone_foot) { transformation: [-0.9996442314159225f,0.014169250454849777f,-0.02259740999355968f,0.8671102568410384f,0.014271268927231844f,0.9998886555690225f,-0.004359741687219781f,-2.1262605690991663f,0.022533119625917704f,-0.004680684343170066f,-0.999735139781534f,0.16575105402225576f,0f,0f,0f,1f], start_interpolation: 0, interpolation_duration: 1 }
$data merge entity $(bone_leg_low) { transformation: [-0.9983973828504569f,-0.05579017671288839f,-0.009493266018752621f,0.8327897396282615f,-0.053466631833404915f,0.9848677691542329f,-0.1648538642603068f,-1.0590007250119153f,0.018546837944761613f,-0.16408209367115378f,-0.9862723160155826f,-0.2506056549714356f,0f,0f,0f,1f], start_interpolation: 0, interpolation_duration: 1 }
$data merge entity $(bone_bone4) { transformation: [-0.9983973828504569f,-0.021684602550208244f,-0.05227278383248418f,0.8294867263080729f,-0.053466631833404915f,0.664146522917751f,0.7456880818255395f,-0.8147770797369527f,0.018546837944761613f,0.7472878790054744f,-0.6642415529713195f,0.2756347694934017f,0f,0f,0f,1f], start_interpolation: 0, interpolation_duration: 1 }
$data merge entity $(bone_leg) { transformation: [-0.9983973828504569f,-0.05594392467859362f,0.008540679651758441f,0.800371042516552f,-0.053466631833404915f,0.8829946845027351f,-0.4663278958204264f,-0.18357687500000008f,0.018546837944761613f,-0.46603719211182193f,-0.8845707153025018f,-0.02062185138613143f,0f,0f,0f,1f], start_interpolation: 0, interpolation_duration: 1 }
$data merge entity $(bone_foot2) { transformation: [-0.9968332744964352f,0.009513316741499207f,-0.07894884205161339f,-0.837645752436095f,-0.010050581759702828f,0.9697833752854227f,0.24376051941671073f,-1.6632770870004268f,0.07888224554997286f,0.2437820785549853f,-0.9666167231702567f,-0.7229379668478725f,0f,0f,0f,1f], start_interpolation: 0, interpolation_duration: 1 }
$data merge entity $(bone_leg_low2) { transformation: [-0.9969762240078601f,0.02547269644994911f,-0.07341355800257707f,-0.856763279874174f,-0.016605308958353056f,0.8530867852537236f,0.5215047464212238f,-0.5846158154889777f,0.07591226829325175f,0.521146887701573f,-0.850084259918708f,-0.3360287225632329f,0f,0f,0f,1f], start_interpolation: 0, interpolation_duration: 1 }
$data merge entity $(bone_bone3) { transformation: [-0.9969762240078601f,0.07196275168972352f,0.029321854175208478f,-0.816086277908737f,-0.016605308958353056f,-0.5659171178678087f,0.8242948983334728f,-0.8793215183535835f,0.07591226829325175f,0.8213155167616376f,0.5654008749985602f,0.13372834539644457f,0f,0f,0f,1f], start_interpolation: 0, interpolation_duration: 1 }
$data merge entity $(bone_leg2) { transformation: [-0.9969762240078601f,-0.025403001971689217f,-0.07343770321745738f,-0.8415469252185319f,-0.016605308958353056f,0.9928728010285736f,-0.11801637467772097f,-0.18357687500000008f,0.07591226829325175f,-0.11644006384617339f,-0.9902924007857843f,0.08555622066710213f,0f,0f,0f,1f], start_interpolation: 0, interpolation_duration: 1 }
$data merge entity $(bone_hips) { transformation: [-0.997915618272179f,0f,-0.06453230825295785f,-0.0226875f,0f,1f,0f,0.21312937499999995f,0.06453230825295785f,0f,-0.997915618272179f,0f,0f,0f,0f,1f], start_interpolation: 0, interpolation_duration: 1 }