# This file was generated by Animated Java via MC-Build. It is not recommended to edit this file directly.
$data merge entity $(bone_foot) { transformation: [-0.9934766683258736f,-0.008167284346213242f,0.11374271387007773f,1.0174497555017339f,-0.009630479627607727f,0.9998777216568674f,-0.012320535557127144f,-1.8333098318631162f,-0.1136281802822896f,-0.013335561505999682f,-0.9934338425104385f,-0.964925076666144f,0f,0f,0f,1f], start_interpolation: 0, interpolation_duration: 1 }
$data merge entity $(bone_leg_low) { transformation: [-0.9908801337466485f,-0.09458512688366408f,0.09596986151196192f,0.9641839101743104f,-0.02758986042601105f,0.839553147201013f,0.5425765500153388f,-0.7635231773754043f,-0.13189147109611454f,0.5349805293627752f,-0.8345061252350562f,-0.5571338979625131f,0f,0f,0f,1f], start_interpolation: 0, interpolation_duration: 1 }
$data merge entity $(bone_bone4) { transformation: [-0.9908801337466485f,-0.1347251321472724f,0.0023873236320154506f,0.8888611280716484f,-0.02758986042601105f,0.22019678399744658f,0.9750652162388191f,-0.8370847739756199f,-0.13189147109611454f,0.9661068859526267f,-0.22190566636979087f,0.024142525371188828f,0f,0f,0f,1f], start_interpolation: 0, interpolation_duration: 1 }
$data merge entity $(bone_leg) { transformation: [-0.9908801337466485f,-0.04198051017821762f,0.12803982705158795f,0.8655141455311486f,-0.02758986042601105f,0.993306775147946f,0.11216260538549024f,-0.148076875f,-0.13189147109611454f,0.1076070964684232f,-0.9854061866264785f,0.13255119879280097f,0f,0f,0f,1f], start_interpolation: 0, interpolation_duration: 1 }
$data merge entity $(bone_foot2) { transformation: [-0.9950624264362893f,-0.02973758205709543f,0.0946913074580871f,-0.7213221754063043f,-0.030557593823012128f,0.9995069215783415f,-0.007221300210823511f,-1.9410675683790053f,-0.09442987321008257f,-0.010079183021681037f,-0.9954804915793896f,0.6151065637584788f,0f,0f,0f,1f], start_interpolation: 0, interpolation_duration: 1 }
$data merge entity $(bone_leg_low2) { transformation: [-0.9952237184731288f,0.004838299915960756f,0.09750046688319734f,-0.7233553487744183f,-0.0373369872722139f,0.9039663401497502f,-0.4259704276797871f,-1.0286660238389322f,-0.09019811289574069f,-0.42757624668611954f,-0.8994680948759982f,-0.07850259820083172f,0f,0f,0f,1f], start_interpolation: 0, interpolation_duration: 1 }
$data merge entity $(bone_bone3) { transformation: [-0.9952237184731288f,-0.0958472588814675f,0.01852169412951188f,-0.7759831987653263f,-0.0373369872722139f,0.5490361247420676f,0.8349642406173136f,-0.6958166732170078f,-0.09019811289574069f,0.8302846720812818f,-0.549992421526811f,0.3643990469992031f,0f,0f,0f,1f], start_interpolation: 0, interpolation_duration: 1 }
$data merge entity $(bone_leg2) { transformation: [-0.9952237184731288f,0.030918860066280147f,0.09259467738871405f,-0.7675691837065215f,-0.0373369872722139f,0.7558395297245556f,-0.6536914828014797f,-0.148076875f,-0.09019811289574069f,-0.6540264745390392f,-0.7510750102566872f,-0.06796622070550015f,0f,0f,0f,1f], start_interpolation: 0, interpolation_duration: 1 }
$data merge entity $(bone_hips) { transformation: [-0.992546151641322f,0f,0.12186934340514763f,0.05293750000000001f,0f,1f,0f,0.24862937500000004f,-0.12186934340514763f,0f,-0.992546151641322f,6.938893903907228e-18f,0f,0f,0f,1f], start_interpolation: 0, interpolation_duration: 1 }