# This file was generated by Animated Java via MC-Build. It is not recommended to edit this file directly.
$data merge entity $(bone_foot) { transformation: [-0.9968938811163565f,-0.011177192721301632f,0.0779593493792673f,1.0065172429030387f,-0.012363766723194527f,0.9998147056276613f,-0.014754378437857152f,-1.9291098438277907f,-0.07777999141927316f,-0.01567242079399217f,-0.9968473544937931f,-0.8140109045156823f,0f,0f,0f,1f], start_interpolation: 0, interpolation_duration: 1 }
$data merge entity $(bone_leg_low) { transformation: [-0.9927148567819906f,-0.09393492879409668f,0.0754549022712243f,0.9492149578189006f,-0.051143238693316835f,0.8955467429036268f,0.44201855211140595f,-0.8194500698164305f,-0.10909437318336103f,0.43493937557681916f,-0.8938266931081083f,-0.5330375678943126f,0f,0f,0f,1f], start_interpolation: 0, interpolation_duration: 1 }
$data merge entity $(bone_bone4) { transformation: [-0.9927148567819906f,-0.1194013511831521f,-0.016140955980040533f,0.8863822963203309f,-0.051143238693316835f,0.29628256068489567f,0.9537300526721173f,-0.8615327136800546f,-0.10909437318336103f,0.9476074934115067f,-0.30023067160117206f,0.05844261002735361f,0f,0f,0f,1f], start_interpolation: 0, interpolation_duration: 1 }
$data merge entity $(bone_leg) { transformation: [-0.9927148567819906f,-0.053364385811499555f,0.1080252537662997f,0.8557701159189591f,-0.051143238693316835f,0.9984211109532487f,0.023230461442663712f,-0.16582687500000004f,-0.10909437318336103f,0.017536462865757472f,-0.9938766976893499f,0.10411193622266629f,0f,0f,0f,1f], start_interpolation: 0, interpolation_duration: 1 }
$data merge entity $(bone_foot2) { transformation: [-0.9977009131992484f,-0.026036654895545526f,0.06256980424482812f,-0.7061453147743921f,-0.026516409900928774f,0.9996249134088555f,-0.006849269910281119f,-1.914803795244809f,-0.06236800307330493f,-0.008492649421012355f,-0.9980170875783941f,0.3626771560802699f,0f,0f,0f,1f], start_interpolation: 0, interpolation_duration: 1 }
$data merge entity $(bone_leg_low2) { transformation: [-0.9976779008885716f,-0.014973249165994698f,0.06644251566569795f,-0.7377682904528505f,-0.03428038340598809f,0.9533552576645219f,-0.29989766253999256f,-0.9172968829359749f,-0.05885287921683981f,-0.3014789453557676f,-0.9516547609900673f,-0.20084243464598722f,0f,0f,0f,1f], start_interpolation: 0, interpolation_duration: 1 }
$data merge entity $(bone_bone3) { transformation: [-0.9976779008885716f,-0.06526812053951986f,-0.01946480207482687f,-0.774621986059057f,-0.03428038340598809f,0.23425446768544222f,0.9715707383834429f,-0.7574326051804863f,-0.05885287921683981f,0.9699819157131997f,-0.2359479217904648f,0.33078676267379975f,0f,0f,0f,1f], start_interpolation: 0, interpolation_duration: 1 }
$data merge entity $(bone_leg2) { transformation: [-0.9976779008885716f,0.005258044866024172f,0.06790551555477917f,-0.7833163400995492f,-0.03428038340598809f,0.8227560712228265f,-0.5673599409365432f,-0.16582687500000004f,-0.05885287921683981f,-0.5683703020304335f,-0.8206653022869445f,-0.03928954721783641f,0f,0f,0f,1f], start_interpolation: 0, interpolation_duration: 1 }
$data merge entity $(bone_hips) { transformation: [-0.9961946980917455f,0f,0.0871557427476583f,0.0390625f,0f,1f,0f,0.230879375f,-0.0871557427476583f,0f,-0.9961946980917455f,6.938893903907228e-18f,0f,0f,0f,1f], start_interpolation: 0, interpolation_duration: 1 }