# This file was generated by Animated Java via MC-Build. It is not recommended to edit this file directly.
$data merge entity $(bone_foot) { transformation: [-0.9979610559447847f,-0.010586911477590017f,0.06294162472431034f,1.00027941353495f,-0.011531194068298691f,0.9998260688691752f,-0.014658225437299f,-1.9761758518472203f,-0.06277549188122285f,-0.015354130225353757f,-0.9979095591806371f,-0.7115524599895715f,0f,0f,0f,1f], start_interpolation: 0, interpolation_duration: 1 }
$data merge entity $(bone_leg_low) { transformation: [-0.9932405462564574f,-0.0943452902731246f,0.06761792273838206f,0.9406911307964655f,-0.06218904086689607f,0.9244073146471355f,0.3763025907736052f,-0.8492613110759846f,-0.09800887953766985f,0.3695538970571838f,-0.9240260692759803f,-0.511334488304745f,0f,0f,0f,1f], start_interpolation: 0, interpolation_duration: 1 }
$data merge entity $(bone_bone4) { transformation: [-0.9932405462564574f,-0.11330554807782402f,-0.025200596162746985f,0.8833669718155763f,-0.06218904086689607f,0.3361373536540484f,0.9397575233402012f,-0.8721009744715108f,-0.09800887953766985f,0.9349724767356721f,-0.3409116121204049f,0.08409172221255022f,0f,0f,0f,1f], start_interpolation: 0, interpolation_duration: 1 }
$data merge entity $(bone_leg) { transformation: [-0.9932405462564574f,-0.058548656466022364f,0.10022610487391818f,0.849400231219173f,-0.06218904086689607f,0.9974990392479919f,-0.033588538154983416f,-0.17507687500000002f,-0.09800887953766985f,-0.0395944633169455f,-0.9943975754226342f,0.08984256621705958f,0f,0f,0f,1f], start_interpolation: 0, interpolation_duration: 1 }
$data merge entity $(bone_foot2) { transformation: [-0.9986307984409236f,-0.0240043082803972f,0.046479259774902984f,-0.7082402809484029f,-0.024039785951697236f,0.9997109816916221f,-0.00020439317480752672f,-1.8876524139665367f,-0.04646092010108969f,-0.0013214647755359077f,-0.9989192342898437f,0.23019405649835306f,0f,0f,0f,1f], start_interpolation: 0, interpolation_duration: 1 }
$data merge entity $(bone_leg_low2) { transformation: [-0.9985422225962354f,-0.021225436003662643f,0.04962771966375926f,-0.750852367619318f,-0.03156338550318247f,0.9754659696496143f,-0.21787587005245754f,-0.8459917553846964f,-0.043785641346767386f,-0.21912467437966066f,-0.9747139040199747f,-0.24593792547655063f,0f,0f,0f,1f], start_interpolation: 0, interpolation_duration: 1 }
$data merge entity $(bone_bone3) { transformation: [-0.9985422225962354f,-0.04545406181694533f,-0.029109413544617636f,-0.7768884617405426f,-0.03156338550318247f,0.05423789182559735f,0.9980290595898962f,-0.788939416645844f,-0.043785641346767386f,0.997492947020006f,-0.05559350912827993f,0.3066947090080027f,0f,0f,0f,1f], start_interpolation: 0, interpolation_duration: 1 }
$data merge entity $(bone_leg2) { transformation: [-0.9985422225962354f,-0.004507509489220782f,0.05378765704857239f,-0.7919392849657031f,-0.03156338550318247f,0.8571313476903822f,-0.5141299500146306f,-0.17507687500000002f,-0.043785641346767386f,-0.5150781835456377f,-0.8560241132393285f,-0.024931073466652805f,0f,0f,0f,1f], start_interpolation: 0, interpolation_duration: 1 }
$data merge entity $(bone_hips) { transformation: [-0.9975640502598242f,0f,0.06975647374412541f,0.030999999999999993f,0f,1f,0f,0.22162937500000002f,-0.06975647374412541f,0f,-0.9975640502598242f,6.938893903907228e-18f,0f,0f,0f,1f], start_interpolation: 0, interpolation_duration: 1 }