# This file was generated by Animated Java via MC-Build. It is not recommended to edit this file directly.
$data merge entity $(bone_foot) { transformation: [-0.9987105419862484f,-0.00870913579515515f,0.05001404082090511f,0.9928240783891448f,-0.009417413125387311f,0.9998584366394945f,-0.013943421777022569f,-2.0164060017838352f,-0.04988552551150883f,-0.01439644520455352f,-0.9986511786955008f,-0.6005434028952059f,0f,0f,0f,1f], start_interpolation: 0, interpolation_duration: 1 }
$data merge entity $(bone_leg_low) { transformation: [-0.993657255439058f,-0.09459632360297017f,0.060801268688413464f,0.9313649352084955f,-0.07174001274358312f,0.9496334425840096f,0.30504048140794887f,-0.8776612507405493f,-0.08659462618932556f,0.29874380376309867f,-0.9503965016919445f,-0.4862737764942305f,0f,0f,0f,1f], start_interpolation: 0, interpolation_duration: 1 }
$data merge entity $(bone_bone4) { transformation: [-0.993657255439058f,-0.10735438696245697f,-0.033470797917491364f,0.8793616097750294f,-0.07174001274358312f,0.3759800134454991f,0.9238465240834502f,-0.8795252120207899f,-0.08659462618932556f,0.9203879970368135f,-0.38129687334896095f,0.11199893983636218f,0f,0f,0f,1f], start_interpolation: 0, interpolation_duration: 1 }
$data merge entity $(bone_leg) { transformation: [-0.993657255439058f,-0.06299350991824075f,0.09315082619869242f,0.8425310538809364f,-0.07174001274358312f,0.9930087328211585f,-0.09373914397127595f,-0.18357687500000008f,-0.08659462618932556f,-0.09982722198427428f,-0.9912294872863868f,0.07554582929545867f,0f,0f,0f,1f], start_interpolation: 0, interpolation_duration: 1 }
$data merge entity $(bone_foot2) { transformation: [-0.9992982657121994f,-0.021923039070801564f,0.030370322726145656f,-0.7154284044804518f,-0.021537340264692437f,0.9996839197229322f,0.012969333896413499f,-1.8539617445987973f,-0.030645050479857106f,0.012306136895626957f,-0.999454571191604f,0.10214601618313868f,0f,0f,0f,1f], start_interpolation: 0, interpolation_duration: 1 }
$data merge entity $(bone_leg_low2) { transformation: [-0.9991766312416777f,-0.024636441429265157f,0.032235156804871476f,-0.7659724410803322f,-0.028510426654509532f,0.9916408749752273f,-0.125839304870709f,-0.7724394293326997f,-0.02886546643499976f,-0.12665473079229134f,-0.9915267843156946f,-0.2737916964403786f,0f,0f,0f,1f], start_interpolation: 0, interpolation_duration: 1 }
$data merge entity $(bone_bone3) { transformation: [-0.9991766312416777f,-0.025174110481545595f,-0.03181703540550567f,-0.7806843080646086f,-0.028510426654509532f,-0.12227983209145121f,0.9920860840852797f,-0.8176997660339544f,-0.02886546643499976f,0.9921763486523703f,0.12146142606745763f,0.28016246323037075f,0f,0f,0f,1f], start_interpolation: 0, interpolation_duration: 1 }
$data merge entity $(bone_leg2) { transformation: [-0.9991766312416777f,-0.012125825500974019f,0.03871723048530451f,-0.8005615545536647f,-0.028510426654509532f,0.8888005902494612f,-0.4574064563866444f,-0.18357687500000008f,-0.02886546643499976f,-0.45813368696061774f,-0.8884144920696424f,-0.010565005468978518f,0f,0f,0f,1f], start_interpolation: 0, interpolation_duration: 1 }
$data merge entity $(bone_hips) { transformation: [-0.9986295347545738f,0f,0.052335956242943925f,0.022687499999999985f,0f,1f,0f,0.21312937499999995f,-0.052335956242943925f,0f,-0.9986295347545738f,6.938893903907228e-18f,0f,0f,0f,1f], start_interpolation: 0, interpolation_duration: 1 }