# This file was generated by Animated Java via MC-Build. It is not recommended to edit this file directly.
$data merge entity $(bone_foot) { transformation: [-0.9992296270849604f,-0.005938917311753358f,0.0387928036730412f,0.9834209145707661f,-0.0064431813732542505f,0.9998962019297961f,-0.012886845236910471f,-2.047391504498144f,-0.038712243146610745f,-0.013126866630422035f,-0.9991641744993786f,-0.48859132543032635f,0f,0f,0f,1f], start_interpolation: 0, interpolation_duration: 1 }
$data merge entity $(bone_leg_low) { transformation: [-0.9940876475739221f,-0.09406434327820483f,0.054236964005977065f,0.921028662463436f,-0.07904581718687562f,0.9693932073369118f,0.23244046195599088f,-0.9033291651333479f,-0.07444130389914355f,0.22677898688523912f,-0.9710972059382623f,-0.4602549115591519f,0f,0f,0f,1f], start_interpolation: 0, interpolation_duration: 1 }
$data merge entity $(bone_bone4) { transformation: [-0.9940876475739221f,-0.10071207137531824f,-0.040581123940058805f,0.8744903296112405f,-0.07904581718687562f,0.4150121236705583f,0.9063755821908005f,-0.8829452254044229f,-0.07444130389914355f,0.9042245384227007f,-0.42051929371676783f,0.13957225850475105f,0f,0f,0f,1f], start_interpolation: 0, interpolation_duration: 1 }
$data merge entity $(bone_leg) { transformation: [-0.9940876475739221f,-0.06638224861429762f,0.08592523500029073f,0.835537144254185f,-0.07904581718687562f,0.9849745020944815f,-0.1535480022956581f,-0.19057687499999998f,-0.07444130389914355f,-0.15943220280933823f,-0.9843982247958177f,0.061226080382425524f,0f,0f,0f,1f], start_interpolation: 0, interpolation_duration: 1 }
$data merge entity $(bone_foot2) { transformation: [-0.9997057732744729f,-0.019664701889616543f,0.014200928887951315f,-0.7263280207546756f,-0.019167544921828063f,0.9992265616413887f,0.03433487632128214f,-1.8173983526765465f,-0.014865130452096335f,0.034052577140659374f,-0.9993094865389411f,-0.019673215899496943f,0f,0f,0f,1f], start_interpolation: 0, interpolation_duration: 1 }
$data merge entity $(bone_leg_low2) { transformation: [-0.9995790856465152f,-0.02508546231192576f,0.014572958473609038f,-0.7815389038121016f,-0.025464284280915975f,0.999326588301793f,-0.0264185567198425f,-0.7037984023261356f,-0.013900423163964348f,-0.026778526727506635f,-0.9995447407405871f,-0.28504331745303385f,0f,0f,0f,1f], start_interpolation: 0, interpolation_duration: 1 }
$data merge entity $(bone_bone3) { transformation: [-0.9995790856465152f,-0.0061771536069369064f,-0.028345975223881208f,-0.7855083319494683f,-0.025464284280915975f,-0.2813402612361245f,0.9592701536239151f,-0.8418877997843198f,-0.013900423163964348f,0.9595881930187061f,0.28106454428646327f,0.2533651132015184f,0f,0f,0f,1f], start_interpolation: 0, interpolation_duration: 1 }
$data merge entity $(bone_leg2) { transformation: [-0.9995790856465152f,-0.01776661622725353f,0.02293466559403194f,-0.8088080545046166f,-0.025464284280915975f,0.916086124368607f,-0.4001721916442542f,-0.19057687499999998f,-0.013900423163964348f,-0.4005877682694999f,-0.9161529447361529f,0.0038042807317070493f,0f,0f,0f,1f], start_interpolation: 0, interpolation_duration: 1 }
$data merge entity $(bone_hips) { transformation: [-0.9993908270190958f,0f,0.03489949670250113f,0.01450000000000002f,0f,1f,0f,0.20612937500000006f,-0.03489949670250113f,0f,-0.9993908270190958f,6.938893903907228e-18f,0f,0f,0f,1f], start_interpolation: 0, interpolation_duration: 1 }