# This file was generated by Animated Java via MC-Build. It is not recommended to edit this file directly.
$data merge entity $(bone_foot) { transformation: [-0.9995911654231971f,-0.0027598942678011603f,0.02845847837684122f,0.971334857668618f,-0.003097684616272926f,0.9999251972575154f,-0.011832338717969293f,-2.068771202783603f,-0.02842369360080928f,-0.011915656639447436f,-0.9995249425446762f,-0.38336364628935765f,0f,0f,0f,1f], start_interpolation: 0, interpolation_duration: 1 }
$data merge entity $(bone_leg_low) { transformation: [-0.99464276729105f,-0.09211766246206093f,0.04690524211778736f,0.9094193030310589f,-0.08335971674691928f,0.983092861528215f,0.16303246068234128f,-0.9255278340443172f,-0.06113037787774446f,0.15824905015446883f,-0.9855051065447265f,-0.43566513531716466f,0f,0f,0f,1f], start_interpolation: 0, interpolation_duration: 1 }
$data merge entity $(bone_bone4) { transformation: [-0.99464276729105f,-0.09243727954282599f,-0.046272181992249806f,0.8689059189680072f,-0.08335971674691928f,0.4525299642878524f,0.8878444621922853f,-0.8820863876294429f,-0.06113037787774446f,0.8869453087831044f,-0.45781120140093534f,0.1642833525185473f,0f,0f,0f,1f], start_interpolation: 0, interpolation_duration: 1 }
$data merge entity $(bone_leg) { transformation: [-0.99464276729105f,-0.06844892895182304f,0.07746295631429728f,0.8287931387597283f,-0.08335971674691928f,0.9742545257089669f,-0.20947380924466266f,-0.195326875f,-0.06113037787774446f,-0.21480889939884762f,-0.9747411008260501f,0.046887681412197464f,0f,0f,0f,1f], start_interpolation: 0, interpolation_duration: 1 }
$data merge entity $(bone_foot2) { transformation: [-0.9998540123374687f,-0.016953221436443365f,-0.002131266194509775f,-0.7396855179792668f,-0.017056467385422203f,0.9977045019117209f,0.06553475250135843f,-1.7811689252888745f,0.00101534870609663f,0.06556153710836257f,-0.9978480114320987f,-0.13658496707565043f,0f,0f,0f,1f], start_interpolation: 0, interpolation_duration: 1 }
$data merge entity $(bone_leg_low2) { transformation: [-0.9997399283947296f,-0.02259920533674538f,-0.0030580208384709713f,-0.7962570882652932f,-0.022768035740464494f,0.9967467157099128f,0.07731494855474325f,-0.6459996375980244f,0.0013008158293298724f,0.07736446625970667f,-0.9970020297063235f,-0.2841137017200356f,0f,0f,0f,1f], start_interpolation: 0, interpolation_duration: 1 }
$data merge entity $(bone_bone3) { transformation: [-0.9997399283947296f,0.010568168921039177f,-0.020208646143601138f,-0.7907115654283449f,-0.022768035740464494f,-0.41199039986979935f,0.9109036869854261f,-0.8602050551252293f,0.0013008158293298724f,0.9111268979789692f,0.41212386931285483f,0.22867526257566817f,0f,0f,0f,1f], start_interpolation: 0, interpolation_duration: 1 }
$data merge entity $(bone_leg2) { transformation: [-0.9997399283947296f,-0.021813088756340072f,0.00665317459630619f,-0.8163037668466022f,-0.022768035740464494f,0.9380511071066348f,-0.34574808315381556f,-0.195326875f,0.0013008158293298724f,-0.34580964361180677f,-0.9383037878337983f,0.018172408111628936f,0f,0f,0f,1f], start_interpolation: 0, interpolation_duration: 1 }
$data merge entity $(bone_hips) { transformation: [-0.9998476951563913f,0f,0.017452406437283633f,0.006812500000000006f,0f,1f,0f,0.20137937500000003f,-0.017452406437283633f,0f,-0.9998476951563913f,6.938893903907228e-18f,0f,0f,0f,1f], start_interpolation: 0, interpolation_duration: 1 }