# This file was generated by Animated Java via MC-Build. It is not recommended to edit this file directly.
$data merge entity $(bone_foot) { transformation: [-0.9992633640612308f,0.017645604687773583f,-0.03407875995741053f,0.8418749001028836f,0.017710908546478842f,0.9998418447228618f,-0.0016153202912931597f,-2.1160397350926137f,0.03404486691838063f,-0.0022176961892970692f,-0.9994178449778259f,0.3280400968619632f,0f,0f,0f,1f], start_interpolation: 0, interpolation_duration: 1 }
$data merge entity $(bone_leg_low) { transformation: [-0.9985594400052392f,-0.047734818729750675f,-0.024503711091604857f,0.813064304109947f,-0.04019051980892639f,0.967966237521177f,-0.2478428637999992f,-1.0876419438719214f,0.03554949920760192f,-0.24650101439940253f,-0.9684903112608583f,-0.17707604265239296f,0f,0f,0f,1f], start_interpolation: 0, interpolation_duration: 1 }
$data merge entity $(bone_bone4) { transformation: [-0.9985594400052392f,-0.004029700018268112f,-0.053505198758492294f,0.8180638882953475f,-0.04019051980892639f,0.71683687215254f,0.696081619380983f,-0.7835870619392411f,0.03554949920760192f,0.6972292737975981f,-0.7159661813701557f,0.3071081546897724f,0f,0f,0f,1f], start_interpolation: 0, interpolation_duration: 1 }
$data merge entity $(bone_leg) { transformation: [-0.9985594400052392f,-0.05290959310562776f,-0.00892298906308319f,0.7916330898634344f,-0.04019051980892639f,0.8477146876518309f,-0.5289277176106837f,-0.17507687500000002f,0.03554949920760192f,-0.5278071459318789f,-0.8486199678356224f,-0.033547349013014496f,0f,0f,0f,1f], start_interpolation: 0, interpolation_duration: 1 }
$data merge entity $(bone_foot2) { transformation: [-0.9955394684204374f,0.015436662295383565f,-0.09307457372629174f,-0.8695824940833579f,-0.008668600928627371f,0.9673845612233889f,0.2531639114577192f,-1.6521282810020288f,0.09394691147181387f,0.25284149217209173f,-0.9629356975733621f,-0.8439304502548144f,0f,0f,0f,1f], start_interpolation: 0, interpolation_duration: 1 }
$data merge entity $(bone_leg_low2) { transformation: [-0.995809386986307f,0.040043551799678494f,-0.08222030618540438f,-0.8743953152250465f,-0.015662360015961076f,0.8110868885955661f,0.5847159563643655f,-0.6056782332798432f,0.09010191601006941f,0.5835534021044093f,-0.8070607608003775f,-0.37649755004148233f,0f,0f,0f,1f], start_interpolation: 0, interpolation_duration: 1 }
$data merge entity $(bone_bone3) { transformation: [-0.995809386986307f,0.08495979808822056f,0.03384519905044102f,-0.8262556038245283f,-0.015662360015961076f,-0.5230496450556931f,0.8521582947351063f,-0.8725170396325079f,0.09010191601006941f,0.848057133403123f,0.5221884173508562f,0.1091597254734221f,0f,0f,0f,1f], start_interpolation: 0, interpolation_duration: 1 }
$data merge entity $(bone_leg2) { transformation: [-0.995809386986307f,-0.021405601194519785f,-0.08891268203949508f,-0.8484145458573557f,-0.015662360015961076f,0.9977755561614795f,-0.06479683638404485f,-0.17507687500000002f,0.09010191601006941f,-0.0631327154821605f,-0.9939295271633511f,0.0984077506341625f,0f,0f,0f,1f], start_interpolation: 0, interpolation_duration: 1 }
$data merge entity $(bone_hips) { transformation: [-0.9967788784562471f,0f,-0.08019892432885879f,-0.030999999999999993f,0f,1f,0f,0.22162937500000002f,0.08019892432885879f,0f,-0.9967788784562471f,0f,0f,0f,0f,1f], start_interpolation: 0, interpolation_duration: 1 }