# This file was generated by Animated Java via MC-Build. It is not recommended to edit this file directly.
$data merge entity $(bone_foot) { transformation: [-0.9998405759837249f,0.0003933306818144043f,0.01785127187368206f,0.9558249650610493f,0.00019406795604692438f,0.9999376758168368f,-0.011162742478913384f,-2.082020002439835f,-0.017854549956854277f,-0.011157498509829347f,-0.999778338069415f,-0.2922710424924545f,0f,0f,0f,1f], start_interpolation: 0, interpolation_duration: 1 }
$data merge entity $(bone_leg_low) { transformation: [-0.9953979740313713f,-0.08813356092642621f,0.03762112083217851f,0.8962179956521458f,-0.08393582302290539f,0.9912934145939485f,0.10145020352930478f,-0.9440368028590442f,-0.046234737024330105f,0.09782556731804726f,-0.9941290195297556f,-0.4148093160917851f,0f,0f,0f,1f], start_interpolation: 0, interpolation_duration: 1 }
$data merge entity $(bone_bone4) { transformation: [-0.9953979740313713f,-0.08150978147869159f,-0.05038877670213285f,0.8627798965406144f,-0.08393582302290539f,0.48790758969363635f,0.8688503677462615f,-0.877193496774052f,-0.046234737024330105f,0.8690813192346515f,-0.4925038168884063f,0.18373779334024226f,0f,0f,0f,1f], start_interpolation: 0, interpolation_duration: 1 }
$data merge entity $(bone_leg) { transformation: [-0.9953979740313713f,-0.06896035286319802f,0.06653828241865488f,0.82267375f,-0.08393582302290539f,0.9624423675390323f,-0.2581849468488232f,-0.19707687500000004f,-0.046234737024330105f,-0.26258171851605616f,-0.9638014267438317f,0.032535000000000106f,0f,0f,0f,1f], start_interpolation: 0, interpolation_duration: 1 }
$data merge entity $(bone_foot2) { transformation: [-0.9997342136065541f,-0.01336274120644654f,-0.018786678576427084f,-0.7545722758244932f,-0.015318643175003492f,0.9940165174535711f,0.10815036847256353f,-1.7474469017713166f,0.017229083427778964f,0.1084094100017331f,-0.9939570204527531f,-0.25156227072775167f,0f,0f,0f,1f], start_interpolation: 0, interpolation_duration: 1 }
$data merge entity $(bone_leg_low2) { transformation: [-0.9996410504540437f,-0.017332219850116664f,-0.020429498334593905f,-0.8093174718267866f,-0.020764948794588577f,0.9830751585668983f,0.18202211269575402f,-0.6029381608427609f,0.016928885039897573f,0.1823809934278648f,-0.9830821868427742f,-0.27758317155296647f,0f,0f,0f,1f], start_interpolation: 0, interpolation_duration: 1 }
$data merge entity $(bone_bone3) { transformation: [-0.9996410504540437f,0.025125417148664803f,-0.009299659146524362f,-0.7954989368609938f,-0.020764948794588577f,-0.507276342753016f,0.8615332431106086f,-0.8718413908350487f,0.016928885039897573f,0.8614171030901525f,0.5076159841406451f,0.20855711400369664f,0f,0f,0f,1f], start_interpolation: 0, interpolation_duration: 1 }
$data merge entity $(bone_leg2) { transformation: [-0.9996410504540437f,-0.024861539891167395f,-0.009983690769241887f,-0.82267375f,-0.020764948794588577f,0.9544503295213353f,-0.2976464099870391f,-0.19707687500000004f,0.016928885039897573f,-0.2973322591157144f,-0.9546239786117106f,0.0325349999999999f,0f,0f,0f,1f], start_interpolation: 0, interpolation_duration: 1 }
$data merge entity $(bone_hips) { transformation: [-1f,0f,1.2246467991473532e-16f,0f,0f,1f,0f,0.199629375f,-1.2246467991473532e-16f,0f,-1f,0f,0f,0f,0f,1f], start_interpolation: 0, interpolation_duration: 1 }