# This file was generated by Animated Java via MC-Build. It is not recommended to edit this file directly.
$data merge entity $(bone_foot) { transformation: [-0.997633950982941f,0.023861147059572697f,-0.06447592967277163f,0.803910508078516f,0.023710379129471094f,0.9997140549259538f,0.003102628731178614f,-2.056214617312299f,0.06453152537871308f,0.001566539022252289f,-0.9979144393122027f,0.6310198307142738f,0f,0f,0f,1f], start_interpolation: 0, interpolation_duration: 1 }
$data merge entity $(bone_leg_low) { transformation: [-0.9974211294897387f,-0.038107869294816604f,-0.060818424389514736f,0.777325401580305f,-0.010996745297953636f,0.9185328081553985f,-0.3951917913305001f,-1.1187702270132371f,0.07092363527249493f,-0.39350383815150625f,-0.9165830935162218f,-0.0278167416132285f,0f,0f,0f,1f], start_interpolation: 0, interpolation_duration: 1 }
$data merge entity $(bone_bone4) { transformation: [-0.9974211294897387f,0.033942451654951605f,-0.06323765036009182f,0.8003467460651413f,-0.010996745297953636f,0.7984232030375681f,0.6019962295929122f,-0.7148796687890774f,0.07092363527249493f,0.6011391676033774f,-0.7959909164889085f,0.358563016138762f,0f,0f,0f,1f], start_interpolation: 0, interpolation_duration: 1 }
$data merge entity $(bone_leg) { transformation: [-0.9974211294897387f,-0.053616739954856184f,-0.04771095937022517f,0.7746734223948775f,-0.010996745297953636f,0.7710840699688779f,-0.63663838136974f,-0.15657687500000006f,0.07092363527249493f,-0.6344719081542097f,-0.7696851536328929f,-0.05937032521678343f,0f,0f,0f,1f], start_interpolation: 0, interpolation_duration: 1 }
$data merge entity $(bone_foot2) { transformation: [-0.9923982348586609f,0.018334581500893517f,-0.12169464479015299f,-0.9322380561157588f,-0.005760581161250158f,0.9808360350700892f,0.1947498087615785f,-1.7180791722251918f,0.12293314912625916f,0.19397039833225527f,-0.9732743320445303f,-0.9940626835732018f,0f,0f,0f,1f], start_interpolation: 0, interpolation_duration: 1 }
$data merge entity $(bone_leg_low2) { transformation: [-0.9928877867628023f,0.06489957360496197f,-0.09980925930572833f,-0.9132234729905666f,-0.013010787957625928f,0.7741814208833505f,0.6328300300679149f,-0.701623813305092f,0.1183408733024465f,0.6296278050602041f,-0.7678308829430368f,-0.46488281738577863f,0f,0f,0f,1f], start_interpolation: 0, interpolation_duration: 1 }
$data merge entity $(bone_bone3) { transformation: [-0.9928877867628023f,0.11604953544111296f,0.026577212441598524f,-0.8478645853117865f,-0.013010787957625928f,-0.3276689152376049f,0.9447030228509554f,-0.8519998126618412f,0.1183408733024465f,0.9376383030310317f,0.32684835993943906f,0.06694975520530613f,0f,0f,0f,1f], start_interpolation: 0, interpolation_duration: 1 }
$data merge entity $(bone_leg2) { transformation: [-0.9928877867628023f,-0.009061644311401768f,-0.11870859067328546f,-0.8604201389762118f,-0.013010787957625928f,0.9993859111013945f,0.032534905697683913f,-0.15657687500000006f,0.1183408733024465f,0.033848002812708604f,-0.9923959645280733f,0.12403480371656345f,0f,0f,0f,1f], start_interpolation: 0, interpolation_duration: 1 }
$data merge entity $(bone_hips) { transformation: [-0.9937679191605964f,0f,-0.11146893220632534f,-0.04650000000000002f,0f,1f,0f,0.24012937499999998f,0.11146893220632534f,0f,-0.9937679191605964f,0f,0f,0f,0f,1f], start_interpolation: 0, interpolation_duration: 1 }