# This file was generated by Animated Java via MC-Build. It is not recommended to edit this file directly.
$data merge entity $(bone_foot) { transformation: [-0.9961849990242778f,0.02664792080638232f,-0.08309835158230638f,0.7938446877371321f,0.02637106980316848f,0.9996424175016349f,0.0044276188773872405f,-2.016095189510899f,0.08318662390334303f,0.0022193350769446063f,-0.9965315148831873f,0.7458202882093007f,0f,0f,0f,1f], start_interpolation: 0, interpolation_duration: 1 }
$data merge entity $(bone_leg_low) { transformation: [-0.9960274647971793f,-0.03743499537241716f,-0.08079548558657856f,0.7632764599409405f,0.00298525255960674f,0.8927920792268378f,-0.45045908974841997f,-1.1209308590110363f,0.08899650350917883f,-0.4489108200871158f,-0.8891336783475553f,0.03075330765636941f,0f,0f,0f,1f], start_interpolation: 0, interpolation_duration: 1 }
$data merge entity $(bone_bone4) { transformation: [-0.9960274647971793f,0.053167792473067625f,-0.07143161214227725f,0.7952511507707f,0.00298525255960674f,0.821669154386961f,0.5699569185439999f,-0.6839312531077749f,0.08899650350917883f,0.5674795032180081f,-0.8185637640346557f,0.3739478697845202f,0f,0f,0f,1f], start_interpolation: 0, interpolation_duration: 1 }
$data merge entity $(bone_leg) { transformation: [-0.9960274647971793f,-0.05793417220079405f,-0.06762337658763173f,0.7672020677305444f,0.00298525255960674f,0.7372644263465431f,-0.6755977012328106f,-0.148076875f,0.08899650350917883f,-0.6731157384397659f,-0.7341626693232429f,-0.07226143236068852f,0f,0f,0f,1f], start_interpolation: 0, interpolation_duration: 1 }
$data merge entity $(bone_foot2) { transformation: [-0.9906181186823277f,0.01541007317301265f,-0.13578760099172552f,-0.96003468941152f,-0.004219125903374213f,0.9896995825768502f,0.1430976422720499f,-1.7823574422005188f,0.13659407715892055f,0.14232802216011603f,-0.9803493215140674f,-1.0192803944785487f,0f,0f,0f,1f], start_interpolation: 0, interpolation_duration: 1 }
$data merge entity $(bone_leg_low2) { transformation: [-0.9911427567774248f,0.07499679254415097f,-0.10959706563469737f,-0.9319448001374899f,-0.010970400984278771f,0.7762156920700026f,0.6303719931013202f,-0.7641363998880288f,0.1323468397427408f,0.6259909587944352f,-0.7685178160054149f,-0.49391266712979726f,0f,0f,0f,1f], start_interpolation: 0, interpolation_duration: 1 }
$data merge entity $(bone_bone3) { transformation: [-0.9911427567774248f,0.13189558852989028f,0.015478676106193884f,-0.8581516881253651f,-0.010970400984278771f,-0.19747552432315463f,0.9802464320748835f,-0.8407930453503448f,0.1323468397427408f,0.971394343724344f,0.19717338306794924f,0.05236826011098268f,0f,0f,0f,1f], start_interpolation: 0, interpolation_duration: 1 }
$data merge entity $(bone_leg2) { transformation: [-0.9911427567774248f,-0.0012827311327219572f,-0.13279454163664908f,-0.8648089736488545f,-0.010970400984278771f,0.9973264778607711f,0.07224643146947032f,-0.148076875f,0.1323468397427408f,0.07306333662425965f,-0.988506986748925f,0.13680400374002177f,0f,0f,0f,1f], start_interpolation: 0, interpolation_duration: 1 }
$data merge entity $(bone_hips) { transformation: [-0.9918944425900297f,0f,-0.12706460860135035f,-0.052937500000000005f,0f,1f,0f,0.24862937500000004f,0.12706460860135035f,0f,-0.9918944425900297f,0f,0f,0f,0f,1f], start_interpolation: 0, interpolation_duration: 1 }