# This file was generated by Animated Java via MC-Build. It is not recommended to edit this file directly.
$data merge entity $(bone_foot) { transformation: [-0.9942495334802784f,0.028994825782917122f,-0.1030881431206662f,0.7892646513068128f,0.02867603002914343f,0.9995782954850296f,0.004573455696834983f,-1.9801339625561982f,0.1031772769364279f,0.0015909975051941472f,-0.9946617104578432f,0.8198814044415503f,0f,0f,0f,1f], start_interpolation: 0, interpolation_duration: 1 }
$data merge entity $(bone_leg_low) { transformation: [-0.9941271017309218f,-0.03911188085542753f,-0.10090374809702765f,0.7520321203574218f,0.015264710652346239f,0.8724031227863355f,-0.4885486464635333f,-1.1171593694108228f,0.10713680139325477f,-0.48721971648179535f,-0.866682556452258f,0.06658002248899525f,0f,0f,0f,1f], start_interpolation: 0, interpolation_duration: 1 }
$data merge entity $(bone_bone4) { transformation: [-0.9941271017309218f,0.07225820099567495f,-0.08056089617765065f,0.7928331512052391f,0.015264710652346239f,0.830612724426953f,0.5566412584679067f,-0.6602921275803921f,0.10713680139325477f,0.5521424222145075f,-0.8268376209258496f,0.3800807417050923f,0f,0f,0f,1f], start_interpolation: 0, interpolation_duration: 1 }
$data merge entity $(bone_leg) { transformation: [-0.9941271017309218f,-0.06437767232425468f,-0.08698747559383743f,0.7609033558998854f,0.015264710652346239f,0.7123565017833955f,-0.701651767599586f,-0.1410768750000001f,0.10713680139325477f,-0.6988588767934726f,-0.7071901979766039f,-0.08513471007742965f,0f,0f,0f,1f], start_interpolation: 0, interpolation_duration: 1 }
$data merge entity $(bone_foot2) { transformation: [-0.9887423736920242f,0.010461821165447485f,-0.14926174581507387f,-0.9841354725340621f,-0.0026837351277337945f,0.996152256794345f,0.0875983952438475f,-1.8526659622854296f,0.14960386369217105f,0.08701282423548462f,-0.9849098701845459f,-1.0131403923457694f,0f,0f,0f,1f], start_interpolation: 0, interpolation_duration: 1 }
$data merge entity $(bone_leg_low2) { transformation: [-0.9892136702030633f,0.08378950400929036f,-0.1201483820168308f,-0.9486069018109637f,-0.008232407906271558f,0.7871406760538282f,0.6167185610645969f,-0.8253196208032225f,0.14624822099242765f,0.611055541763103f,-0.7779605277500593f,-0.5063153760606114f,0f,0f,0f,1f], start_interpolation: 0, interpolation_duration: 1 }
$data merge entity $(bone_bone3) { transformation: [-0.9892136702030633f,0.14647159809587315f,0.0015445499753020623f,-0.867190100487774f,-0.008232407906271558f,-0.06612017685286312f,0.9977777055401724f,-0.8309353343021391f,0.14624822099242765f,0.9870026307787569f,0.06661279676130505f,0.04406658046975889f,0f,0f,0f,1f], start_interpolation: 0, interpolation_duration: 1 }
$data merge entity $(bone_leg2) { transformation: [-0.9892136702030633f,0.006988576680919226f,-0.14631293339742768f,-0.8676224911836679f,-0.008232407906271558f,0.9946299859251436f,0.10316694508714194f,-0.1410768750000001f,0.14624822099242765f,0.10325866014298034f,-0.9838440460571108f,0.14953944942259947f,0f,0f,0f,1f], start_interpolation: 0, interpolation_duration: 1 }
$data merge entity $(bone_hips) { transformation: [-0.989776230907789f,0f,-0.14262893370551152f,-0.058f,0f,1f,0f,0.25562937499999994f,0.14262893370551152f,0f,-0.989776230907789f,-6.938893903907228e-18f,0f,0f,0f,1f], start_interpolation: 0, interpolation_duration: 1 }