# This file was generated by Animated Java via MC-Build. It is not recommended to edit this file directly.
$data merge entity $(bone_foot) { transformation: [-0.9918834216989155f,0.030457511339414916f,-0.12344884674171992f,0.7881590435813296f,0.03030647245995549f,0.9995358412390385f,0.0031015811454775943f,-1.9568395908096932f,0.12348601332088262f,-0.0006648921547382503f,-0.9923460900474881f,0.8421591125647507f,0f,0f,0f,1f], start_interpolation: 0, interpolation_duration: 1 }
$data merge entity $(bone_leg_low) { transformation: [-0.9918179081070136f,-0.04215375260966628f,-0.12050020041124568f,0.7428394050053961f,0.02487311862434846f,0.862011447446919f,-0.506278176934743f,-1.1099777373840598f,0.1252140771963217f,-0.5051329781467361f,-0.8539098952819804f,0.07122103891758613f,0f,0f,0f,1f], start_interpolation: 0, interpolation_duration: 1 }
$data merge entity $(bone_bone4) { transformation: [-0.9918179081070136f,0.09146375972427859f,-0.08905963067140327f,0.7928366122047923f,0.02487311862434846f,0.8227096480608046f,0.5679173909624236f,-0.6477563419430403f,0.1252140771963217f,0.5610554479236134f,-0.8182531510645756f,0.3754299482438027f,0f,0f,0f,1f], start_interpolation: 0, interpolation_duration: 1 }
$data merge entity $(bone_leg) { transformation: [-0.9918179081070136f,-0.07202409523832307f,-0.1054028788189786f,0.7561525919196722f,0.02487311862434846f,0.7008008873870972f,-0.712923168516325f,-0.13632687500000007f,0.1252140771963217f,-0.7097116639470978f,-0.6932754062631353f,-0.09798698207835718f,0f,0f,0f,1f], start_interpolation: 0, interpolation_duration: 1 }
$data merge entity $(bone_foot2) { transformation: [-0.9867979397102509f,0.0047588990973433665f,-0.16188631524309008f,-1.0044943296881939f,-0.0012455404196181942f,0.999315644917912f,0.03696877670900883f,-1.9164218372260136f,0.1619514581986434f,0.03668234863907671f,-0.9861166921240376f,-0.9825382473881958f,0f,0f,0f,1f], start_interpolation: 0, interpolation_duration: 1 }
$data merge entity $(bone_leg_low2) { transformation: [-0.9871024311204168f,0.09174789512549582f,-0.13119113619526077f,-0.9625725763263684f,-0.004630898988843462f,0.8027767664875809f,0.5962617025789086f,-0.8762400599160912f,0.1600229522622226f,0.5891789090995916f,-0.7919980226121132f,-0.5031231677605374f,0f,0f,0f,1f], start_interpolation: 0, interpolation_duration: 1 }
$data merge entity $(bone_bone3) { transformation: [-0.9871024311204168f,0.15961121834360412f,-0.012371315816548076f,-0.8742161335769498f,-0.004630898988843462f,0.04877655873597356f,0.9987989798214809f,-0.8239880855681231f,0.1600229522622226f,0.9859741914962815f,-0.04740831628033186f,0.04341613689471642f,0f,0f,0f,1f], start_interpolation: 0, interpolation_duration: 1 }
$data merge entity $(bone_leg2) { transformation: [-0.9871024311204168f,0.015189030484716603f,-0.15936776282892598f,-0.868486246483423f,-0.004630898988843462f,0.9923631886343128f,0.12326336283784553f,-0.13632687500000007f,0.1600229522622226f,0.12241158113705408f,-0.9794937771894259f,0.16223799848363898f,0f,0f,0f,1f], start_interpolation: 0, interpolation_duration: 1 }
$data merge entity $(bone_hips) { transformation: [-0.9874138067509114f,0f,-0.15815806725448342f,-0.0613125f,0f,1f,0f,0.26037937499999997f,0.15815806725448342f,0f,-0.9874138067509114f,-6.938893903907228e-18f,0f,0f,0f,1f], start_interpolation: 0, interpolation_duration: 1 }