execute if entity @s[tag=aj.mech_torso.bone.drillhead_left1] run data modify entity @s {} merge value {transformation:[0.6756383908218697f,-0.1513716703564501f,-0.7215257322238292f,2.5516417627083507f,-0.5662519064414613f,-0.7332653092754425f,-0.3764050539838703f,0.16702512057800134f,-0.472092727437148f,0.6628790263891957f,-0.5811366905249289f,0.8525078697958703f,0f,0f,0f,1f],start_interpolation:0}
execute if entity @s[tag=aj.mech_torso.bone.drillhead_left2] run data modify entity @s {} merge value {transformation:[-0.8475154536522296f,0.020750269412520422f,-0.5303649518397344f,2.2020573697895127f,-0.4950372976233801f,0.32953593628575795f,0.8039553101124527f,0.21236204201408793f,0.1914566002581175f,0.9439149818789705f,-0.2690146412410052f,1.0144402946639977f,0f,0f,0f,1f],start_interpolation:0}
execute if entity @s[tag=aj.mech_torso.bone.drillhead_left3] run data modify entity @s {} merge value {transformation:[0.3304042167775516f,0.8561042677281676f,0.3973896530022277f,2.4438610313157985f,0.9284277439039681f,-0.3705734721277186f,0.026405039378783135f,0.504751077393635f,0.1698675304023715f,0.3602232426327118f,-0.917269991650318f,1.010068246933041f,0f,0f,0f,1f],start_interpolation:0}
execute if entity @s[tag=aj.mech_torso.bone.drill_left] run data modify entity @s {} merge value {transformation:[1.0329196315964246f,-0.5661225732105714f,0.9745913342491241f,2.1785270616489343f,-0.8656889817655326f,0.4480289303550091f,1.1777515300113357f,0.47070253855322075f,-0.7217379188748522f,-1.3475983495447477f,-0.017862440813329886f,0.5238943918258893f,0f,0f,0f,1f],start_interpolation:0}
execute if entity @s[tag=aj.mech_torso.bone.left_hand] run data modify entity @s {} merge value {transformation:[-0.637485531922091f,-0.3703038771571843f,0.6756383908218698f,2.127486433462784f,-0.7703737291690451f,0.29305817828136016f,-0.5662519064414611f,0.6303684517792008f,0.011683920411713433f,-0.8814714644869495f,-0.472092727437148f,0.09384935225432489f,0f,0f,0f,1f],start_interpolation:0}
execute if entity @s[tag=aj.mech_torso.bone.left_arm_low] run data modify entity @s {} merge value {transformation:[-0.637485531922091f,-0.3703038771571843f,0.6756383908218698f,1.7384534102736524f,-0.7703737291690451f,0.29305817828136016f,-0.5662519064414611f,0.8575828999112f,0.011683920411713433f,-0.8814714644869495f,-0.472092727437148f,-0.8016447649393034f,0f,0f,0f,1f],start_interpolation:0}
execute if entity @s[tag=aj.mech_torso.bone.left_arm] run data modify entity @s {} merge value {transformation:[-0.7055015195125753f,-0.7068401413512799f,-0.47688216476817186f,1f,-0.8525681122246288f,0.5941632225115948f,0.38061746881402797f,1.4375f,0.012930526563440856f,0.6100156212124141f,-0.9233015335705083f,-0.18117374999999988f,0f,0f,0f,1f],start_interpolation:0}