execute if entity @s[tag=aj.mech_torso.bone.sword_left] run data modify entity @s {} merge value {transformation:[-0.2993246782639063f,0.550278699939192f,2.805926422658913f,-0.49686130990432836f,-1.187658805794319f,2.5424569131922476f,-0.6253034507982193f,-0.1176926818483075f,-2.601056765624585f,-1.2242267751336682f,-0.03738321875383739f,1.5990201711023029f,0f,0f,0f,1f],start_interpolation:0}
execute if entity @s[tag=aj.mech_torso.bone.left_hand] run data modify entity @s {} merge value {transformation:[-0.10411293157005437f,0.19140128693537112f,0.975974407881361f,-0.4936077807927642f,-0.41309871505889356f,0.8843328393712165f,-0.21749685245155453f,-0.10478334700271708f,-0.904715396738986f,-0.4258180087421455f,-0.013002858696986919f,1.6272925272503962f,0f,0f,0f,1f],start_interpolation:0}
execute if entity @s[tag=aj.mech_torso.bone.left_arm_low] run data modify entity @s {} merge value {transformation:[-0.07166227067238273f,0.7509785723103823f,0.6564264641928585f,0.275644672565133f,-0.26696705068617965f,0.6196654202226388f,-0.7380673145643447f,0.4834747493058429f,-0.9610375189398183f,-0.22813581680867318f,0.15607990350791007f,1.374001784959476f,0f,0f,0f,1f],start_interpolation:0}
execute if entity @s[tag=aj.mech_torso.bone.left_arm] run data modify entity @s {} merge value {transformation:[-0.2490357357241714f,0.40004714097377964f,1.0013568124624976f,0.6752769107888413f,-0.3594783217665876f,0.9381245089032937f,-0.4641871610771455f,1.426966100765633f,-1.0166260458232548f,-0.4297169642074733f,-0.08115905470195356f,0.9084701465149033f,0f,0f,0f,1f],start_interpolation:0}
execute if entity @s[tag=aj.mech_torso.bone.drill_right] run data modify entity @s {} merge value {transformation:[-1.3769640974559005f,-1.0799524128081623f,0.013140029957620116f,2.1932387988222524f,-0.6854177279154432f,0.8902481067430306f,1.3417007291865357f,1.3634666029462128f,-0.834669043739307f,1.0505527566525534f,-1.1234618342040072f,-0.9692550566034901f,0f,0f,0f,1f],start_interpolation:0}
execute if entity @s[tag=aj.mech_torso.bone.blaster_right] run data modify entity @s {} merge value {transformation:[-1.2130398001397218f,-0.951386649378619f,0.011575740676951054f,2.1932387988222524f,-0.6038203793540808f,0.7842661892736221f,1.1819744519024242f,1.3634666029462128f,-0.7353036813893893f,0.9254869522891541f,-0.9897163777511492f,-0.9692550566034901f,0f,0f,0f,1f],start_interpolation:0}
execute if entity @s[tag=aj.mech_torso.bone.sword_right] run data modify entity @s {} merge value {transformation:[-2.262155302963265f,-1.7742075353276952f,0.02158719207323305f,0.3929639631271009f,-1.1260434101467995f,1.462550461077836f,2.204222626520737f,0.44183874629468034f,-1.3712420004288612f,1.725908100214909f,-1.8456872990494406f,-2.090970449342084f,0f,0f,0f,1f],start_interpolation:0}
execute if entity @s[tag=aj.mech_torso.bone.right_hand] run data modify entity @s {} merge value {transformation:[-0.7868366271176575f,-0.617115664461807f,0.007508588547211495f,0.34909045401524263f,-0.39166727309453897f,0.5087132038531603f,0.7666861309637347f,0.44549643163088726f,-0.47695373927960394f,0.6003158609443162f,-0.6419781909737184f,-2.0871153830400617f,0f,0f,0f,1f],start_interpolation:0}
execute if entity @s[tag=aj.mech_torso.bone.right_arm_low] run data modify entity @s {} merge value {transformation:[-0.7868366271176575f,-0.617115664461807f,0.007508588547211495f,-0.2432019224570372f,-0.39166727309453897f,0.5087132038531603f,0.7666861309637347f,0.9904081793608687f,-0.47695373927960394f,0.6003158609443162f,-0.6419781909737184f,-1.4919565362111866f,0f,0f,0f,1f],start_interpolation:0}
execute if entity @s[tag=aj.mech_torso.bone.right_arm] run data modify entity @s {} merge value {transformation:[-0.8707875053507868f,-0.675207427685661f,-0.1029370130569894f,-0.9049893147319187f,-0.4334558864079666f,0.4174138742938034f,0.9287914893125093f,1.426966100765633f,-0.5278419210305919f,0.7711242219507685f,-0.5928931769362711f,-0.6931723405833788f,0f,0f,0f,1f],start_interpolation:0}
execute if entity @s[tag=aj.mech_torso.bone.torso] run data modify entity @s {} merge value {transformation:[-0.9364540595678578f,-0.11492449490881108f,0.9421379583514358f,0f,0f,1.3235228356930142f,0.16144683699874754f,0.20333875f,-0.949121473836019f,0.11339065943390053f,-0.9295637493116146f,-0.005674375000000009f,0f,0f,0f,1f],start_interpolation:0}