execute if entity @s[tag=aj.mech_torso.bone.sword_left] run data modify entity @s {} merge value {transformation:[-2.238378965952597f,-1.6204133094343733f,0.7934389147180294f,2.191938936081574f,0.8299867784642677f,-2.0473869963541453f,-1.8398242945277297f,1.2492994454458648f,1.6020007966151224f,-1.2033670237163285f,2.06182595140245f,0.8270961692695913f,0f,0f,0f,1f],start_interpolation:0}
execute if entity @s[tag=aj.mech_torso.bone.left_hand] run data modify entity @s {} merge value {transformation:[-0.7785665968530773f,-0.5636220206728255f,0.27597875294540153f,2.216269142233233f,0.28869105337887574f,-0.7121346074275289f,-0.6399388850531234f,1.240277850027775f,0.5572176683878687f,-0.4185624430317665f,0.7171568526617218f,0.8096831171324704f,0f,0f,0f,1f],start_interpolation:0}
execute if entity @s[tag=aj.mech_torso.bone.left_arm_low] run data modify entity @s {} merge value {transformation:[-0.7062970181262364f,-0.6674633735276634f,0.23587532127176403f,1.534105090678867f,0.22509080328846318f,-0.5276483411745587f,-0.8190978930083332f,0.6940667872994702f,0.6711770649098054f,-0.5254330338442832f,0.5229163169038152f,0.3215655014698629f,0f,0f,0f,1f],start_interpolation:0}
execute if entity @s[tag=aj.mech_torso.bone.left_arm] run data modify entity @s {} merge value {transformation:[-0.7816547898943668f,-0.44333094555279806f,-0.6459453852180408f,1.0613692240872112f,0.24910667896965638f,0.7244667574771212f,-0.7986649850452457f,1.437551040368088f,0.7427877425361364f,-0.7094910630584969f,-0.41189899188056084f,-0.3786869732682389f,0f,0f,0f,1f],start_interpolation:0}
execute if entity @s[tag=aj.mech_torso.bone.drill_right] run data modify entity @s {} merge value {transformation:[-1.503555585308229f,-0.10552107509726552f,-0.8892052094982044f,0.5109242506041844f,0.5751760578114165f,1.2180848869220622f,-1.1171131145826663f,-0.9964195551084231f,0.6862893736675122f,-1.2520521199065093f,-1.0118657937832811f,0.03659842760581378f,0f,0f,0f,1f],start_interpolation:0}
execute if entity @s[tag=aj.mech_torso.bone.blaster_right] run data modify entity @s {} merge value {transformation:[-1.324560872771535f,-0.09295904234759104f,-0.7833474464627037f,0.5109242506041844f,0.5067027175957716f,1.0730747813361023f,-0.9841234580847297f,-0.9964195551084231f,0.6045882577547131f,-1.1029982961081153f,-0.8914055802376523f,0.03659842760581378f,0f,0f,0f,1f],start_interpolation:0}
execute if entity @s[tag=aj.mech_torso.bone.sword_right] run data modify entity @s {} merge value {transformation:[-2.4701270330063765f,-0.17335605194550763f,-1.460837129889907f,-1.474032753640667f,0.9449320949758985f,2.001139457086245f,-1.835257259671523f,-0.2581169945526596f,1.1274753995966273f,-2.0569427684178367f,-1.662350946929676f,0.9658388878076427f,0f,0f,0f,1f],start_interpolation:0}
execute if entity @s[tag=aj.mech_torso.bone.right_hand] run data modify entity @s {} merge value {transformation:[-0.8591746201761309f,-0.06029775719843744f,-0.5081172625704025f,-1.5027662654336222f,0.3286720330350951f,0.696048506812607f,-0.638350351190095f,-0.22609447768241886f,0.39216535638143557f,-0.7154583542322911f,-0.5782090250190177f,0.9557359816248034f,0f,0f,0f,1f],start_interpolation:0}
execute if entity @s[tag=aj.mech_torso.bone.right_arm_low] run data modify entity @s {} merge value {transformation:[-0.8591746201761309f,-0.06029775719843744f,-0.5081172625704025f,-1.5520934802068806f,0.3286720330350951f,0.696048506812607f,-0.638350351190095f,0.439734579623151f,0.39216535638143557f,-0.7154583542322911f,-0.5782090250190177f,0.2099534279737481f,0f,0f,0f,1f],start_interpolation:0}
execute if entity @s[tag=aj.mech_torso.bone.right_arm] run data modify entity @s {} merge value {transformation:[-0.9508435402969732f,0.4591264814806217f,-0.3314685722851724f,-1.0585233785904482f,0.36373942170641377f,0.9916840119455345f,0.33019453672391474f,1.437551040368088f,0.43400711227608924f,0.174750316133795f,-1.0029317683865322f,0.37533912250865037f,0f,0f,0f,1f],start_interpolation:0}
execute if entity @s[tag=aj.mech_torso.bone.torso] run data modify entity @s {} merge value {transformation:[-1.2562326534386128f,-0.0028074989709952814f,-0.44682145893173836f,0f,0f,1.3333070144748493f,-0.008377525287411935f,0.20333875f,0.4468302789788974f,-0.00789309061579093f,-1.2562078564815415f,-0.005674375000000009f,0f,0f,0f,1f],start_interpolation:0}