execute if entity @s[tag=aj.mech_torso.bone.sword_left] run data modify entity @s {} merge value {transformation:[-0.1893586399691763f,0.530036739144793f,2.819366836831592f,-0.658891765726575f,-1.1311394154535321f,2.5827948889768866f,-0.5615328879792467f,-0.0860402990505364f,-2.6363406320649205f,-1.1462358468620781f,0.03842466775274282f,1.543302507748351f,0f,0f,0f,1f],start_interpolation:0}
execute if entity @s[tag=aj.mech_torso.bone.left_hand] run data modify entity @s {} merge value {transformation:[-0.0658638747718874f,0.184360604919928f,0.980649334550119f,-0.6568335196399535f,-0.3934397966794895f,0.8983634396441345f,-0.19531578712321623f,-0.07374530540430235f,-0.9169880459356246f,-0.39869072934333155f,0.013365101827040982f,1.5719583841838394f,0f,0f,0f,1f],start_interpolation:0}
execute if entity @s[tag=aj.mech_torso.bone.left_arm_low] run data modify entity @s {} merge value {transformation:[-0.020372375742887777f,0.7750003874776552f,0.6316323026223997f,0.1372687405526865f,-0.2505231791085507f,0.607651307241317f,-0.7536564373355166f,0.5025253888231375f,-0.9678962253443989f,-0.17359230460306296f,0.18177626012948378f,1.3737998306678103f,0f,0f,0f,1f],start_interpolation:0}
execute if entity @s[tag=aj.mech_torso.bone.left_arm] run data modify entity @s {} merge value {transformation:[-0.20367344107062127f,0.48140981867988886f,0.9754658858284468f,0.6208903833715785f,-0.33323751191074663f,0.9170899171225649f,-0.5221789186683907f,1.4253751835336677f,-1.0354911243424614f,-0.3898238691059735f,-0.023821440285204203f,0.9482884612546207f,0f,0f,0f,1f],start_interpolation:0}
execute if entity @s[tag=aj.mech_torso.bone.drill_right] run data modify entity @s {} merge value {transformation:[-1.3203461205885294f,-1.1191162522282856f,-0.25838911711861456f,2.1983372522371276f,-0.7746986437496326f,0.5770843073663987f,1.4592175004309413f,1.747931740896914f,-0.8479552660484517f,1.2153404939316228f,-0.9308164967332385f,-1.1071102587733221f,0f,0f,0f,1f],start_interpolation:0}
execute if entity @s[tag=aj.mech_torso.bone.blaster_right] run data modify entity @s {} merge value {transformation:[-1.1631620586137044f,-0.9858881269630134f,-0.22762850793782707f,2.1983372522371276f,-0.6824726147318191f,0.5083837945846845f,1.2855011313320197f,1.747931740896914f,-0.7470082105664931f,1.0706571017969058f,-0.8200050090269005f,-1.1071102587733221f,0f,0f,0f,1f],start_interpolation:0}
execute if entity @s[tag=aj.mech_torso.bone.sword_right] run data modify entity @s {} merge value {transformation:[-2.169140055252584f,-1.8385481286607548f,-0.42449640669486677f,0.47357838310636174f,-1.272719200445825f,0.9480670763876551f,2.397285893565118f,0.713917741881928f,-1.393069365651028f,1.9966308114590947f,-1.5291985303474633f,-2.24932508344327f,0f,0f,0f,1f],start_interpolation:0}
execute if entity @s[tag=aj.mech_torso.bone.right_hand] run data modify entity @s {} merge value {transformation:[-0.7544834974791597f,-0.639495001273306f,-0.14765092406777974f,0.4300165550203472f,-0.44268493928550434f,0.32976246135222786f,0.8338385716748237f,0.7103889144465131f,-0.484545866313401f,0.6944802822466416f,-0.531895140990422f,-2.242764632945356f,0f,0f,0f,1f],start_interpolation:0}
execute if entity @s[tag=aj.mech_torso.bone.right_arm_low] run data modify entity @s {} merge value {transformation:[-0.7544834974791597f,-0.639495001273306f,-0.14765092406777974f,-0.1905149283338532f,-0.44268493928550434f,0.32976246135222786f,0.8338385716748237f,1.0800427355162512f,-0.484545866313401f,0.6944802822466416f,-0.531895140990422f,-1.549764015532371f,0f,0f,0f,1f],start_interpolation:0}
execute if entity @s[tag=aj.mech_torso.bone.right_arm] run data modify entity @s {} merge value {transformation:[-0.8349824855064508f,-0.7002869066871644f,-0.192806835340505f,-0.8788076746896892f,-0.4899168399784552f,0.3261044484731271f,0.9372349530003619f,1.4253751835336677f,-0.5362440837314875f,0.7924809874959705f,-0.5560468915967582f,-0.729032538031819f,0f,0f,0f,1f],start_interpolation:0}
execute if entity @s[tag=aj.mech_torso.bone.torso] run data modify entity @s {} merge value {transformation:[-0.8887099603326032f,-0.12973885817338718f,0.9854644655507707f,0f,0f,1.321926481831747f,0.17403492296006876f,0.20333875f,-0.9939679995771495f,0.11599992711024777f,-0.8811069234234823f,-0.005674375000000009f,0f,0f,0f,1f],start_interpolation:0}