execute if entity @s[tag=aj.mech_torso.bone.sword_left] run data modify entity @s {} merge value {transformation:[-0.6865021140697026f,0.736685159807332f,2.6928859654091335f,1.9004481846576653f,1.4653917688429152f,-2.2653097912555014f,0.993289239571935f,2.0355021569853604f,2.3763347430834036f,1.6097489012145987f,0.16542872741193265f,-1.361919417507821f,0f,0f,0f,1f],start_interpolation:0}
execute if entity @s[tag=aj.mech_torso.bone.left_hand] run data modify entity @s {} merge value {transformation:[-0.2387833440242444f,0.25623831645472417f,0.9366559879683942f,1.9079101641584228f,0.509701484814927f,-0.7879338404366961f,0.34549190941632524f,2.019573985584894f,0.8265512149855316f,0.5599126612920343f,0.05754042692588962f,-1.3877491429761188f,0f,0f,0f,1f],start_interpolation:0}
execute if entity @s[tag=aj.mech_torso.bone.left_arm_low] run data modify entity @s {} merge value {transformation:[0.27780925069000667f,0.027530975217151588f,0.960241670432319f,1.9741302306606472f,0.46139334572663565f,-0.8805681744332737f,-0.1082398757133117f,1.1500418570895363f,0.8425783054115734f,0.4731191557935956f,-0.2573325934873334f,-0.8963410586848908f,0f,0f,0f,1f],start_interpolation:0}
execute if entity @s[tag=aj.mech_torso.bone.left_arm] run data modify entity @s {} merge value {transformation:[0.306147461422223f,-1.054977352139048f,-0.13441910903007792f,0.9103472557011534f,0.5099139214057167f,0.26836101356596953f,-0.9448503255481887f,1.4372403983658248f,0.9332917567167308f,0.19944205024406697f,0.5603225356641208f,-0.6672464437872431f,0f,0f,0f,1f],start_interpolation:0}
execute if entity @s[tag=aj.mech_torso.bone.drill_right] run data modify entity @s {} merge value {transformation:[-0.9980382500641625f,0.04137136187689663f,-1.4369092044472802f,-0.457288521413981f,0.5617180267814639f,1.6214194270146334f,-0.3434703773082563f,-0.7569009666696749f,1.3232129495276277f,-0.6571053584593481f,-0.937987227037985f,-1.069183198019088f,0f,0f,0f,1f],start_interpolation:0}
execute if entity @s[tag=aj.mech_torso.bone.blaster_right] run data modify entity @s {} merge value {transformation:[-0.8792241726755716f,0.036446199748694647f,-1.265848584870223f,-0.457288521413981f,0.4948468331170038f,1.4283933047509865f,-0.302581046676321f,-0.7569009666696749f,1.165687598393386f,-0.5788785300713305f,-0.8263220809620344f,-1.069183198019088f,0f,0f,0f,1f],start_interpolation:0}
execute if entity @s[tag=aj.mech_torso.bone.sword_right] run data modify entity @s {} merge value {transformation:[-1.6396342679625526f,0.06796723736918732f,-2.360636550163389f,-1.7768635547465688f,0.9228224725695477f,2.663760487238326f,-0.5642727627207068f,-0.04358463533371617f,2.1738498456525313f,-1.0795302317546434f,-1.5409790158481182f,0.6910822238291939f,0f,0f,0f,1f],start_interpolation:0}
execute if entity @s[tag=aj.mech_torso.bone.right_hand] run data modify entity @s {} merge value {transformation:[-0.5703075714652357f,0.0236407782153695f,-0.8210909739698744f,-1.7939468920356272f,0.3209817295894079f,0.9265253868655048f,-0.19626878703328932f,-0.004600037944500146f,0.7561216854443586f,-0.37548877626248467f,-0.5359927011645629f,0.7029770022411275f,0f,0f,0f,1f],start_interpolation:0}
execute if entity @s[tag=aj.mech_torso.bone.right_arm_low] run data modify entity @s {} merge value {transformation:[-0.5703075714652357f,0.0236407782153695f,-0.8210909739698744f,-1.7781430951485275f,0.3209817295894079f,0.9265253868655048f,-0.19626878703328932f,0.9057612702765453f,0.7561216854443586f,-0.37548877626248467f,-0.5359927011645629f,0.287109651397114f,0f,0f,0f,1f],start_interpolation:0}
execute if entity @s[tag=aj.mech_torso.bone.right_arm] run data modify entity @s {} merge value {transformation:[-0.6311560625464095f,0.869643600083329f,-0.2648282690330618f,-0.8762926046426558f,0.35522860774317516f,0.5326984397808588f,0.9026721370630157f,1.4372403983658248f,0.83679545857144f,0.42979571847934156f,-0.5829416603958482f,0.70038582017506f,0f,0f,0f,1f],start_interpolation:0}
execute if entity @s[tag=aj.mech_torso.bone.torso] run data modify entity @s {} merge value {transformation:[-1.0587495468704053f,0.010515666341045699f,-0.8103805251490763f,0f,0f,1.333221092856347f,0.017300154354946532f,0.20333875f,0.8104487490146981f,0.013737397938065783f,-1.0586604209547932f,-0.005674375000000009f,0f,0f,0f,1f],start_interpolation:0}