execute if entity @s[tag=aj.mech_torso.bone.sword_left] run data modify entity @s {} merge value {transformation:[-2.6675771111169073f,-0.07487235753765403f,1.0696034247897341f,1.455790468919562f,-0.7879967001442288f,2.081829465228529f,-1.8195252892631366f,-0.22041639923066467f,-0.7271303575061228f,-1.981414950933562f,-1.952152974387501f,1.0830004248399816f,0f,0f,0f,1f],start_interpolation:0}
execute if entity @s[tag=aj.mech_torso.bone.left_hand] run data modify entity @s {} merge value {transformation:[-0.9278529082145764f,-0.02604255914353184f,0.37203597383990755f,1.4847858723012675f,-0.2740858087458187f,0.7241145966012275f,-0.6328783614828302f,-0.21185121770735782f,-0.2529149069586514f,-0.6891878090203694f,-0.6790097302217395f,1.0909040156824394f,0f,0f,0f,1f],start_interpolation:0}
execute if entity @s[tag=aj.mech_torso.bone.left_arm_low] run data modify entity @s {} merge value {transformation:[-0.9452394737941469f,-0.0197216159760199f,0.3257812073227349f,1.445706185498016f,-0.26882314260184287f,0.6130969484875162f,-0.742863547198922f,0.36963052172388444f,-0.18508499448370658f,-0.7897614764082825f,-0.5848250637569974f,0.277082849954135f,0f,0f,0f,1f],start_interpolation:0}
execute if entity @s[tag=aj.mech_torso.bone.left_arm] run data modify entity @s {} merge value {transformation:[-1.04488191207755f,-0.29571717285699395f,0.21341303152492264f,1.1155929616098672f,-0.31402560994000933f,1.0588794913538027f,-0.07024327459725357f,1.437157723950699f,-0.18542298845881008f,-0.1268761403960838f,-1.0836478851007025f,0.14287221542779527f,0f,0f,0f,1f],start_interpolation:0}
execute if entity @s[tag=aj.mech_torso.bone.drill_right] run data modify entity @s {} merge value {transformation:[-1.728704056078698f,0.2710094000690637f,-0.025222838287231795f,0.8334986176743988f,0.24614406008707543f,1.487394006088937f,-0.888578737273492f,-0.8166227621686395f,-0.1161696525815063f,-0.8813132109102355f,-1.507412231638772f,0.39638207548563353f,0f,0f,0f,1f],start_interpolation:0}
execute if entity @s[tag=aj.mech_torso.bone.blaster_right] run data modify entity @s {} merge value {transformation:[-1.522905954164567f,0.23874637625131803f,-0.022220119443513722f,0.8334986176743988f,0.216841195790995f,1.310323291078349f,-0.7827955542647429f,-0.8166227621686395f,-0.10233993203608888f,-0.7763949715161598f,-1.327958394538918f,0.39638207548563353f,0f,0f,0f,1f],start_interpolation:0}
execute if entity @s[tag=aj.mech_torso.bone.sword_right] run data modify entity @s {} merge value {transformation:[-2.8400138064150036f,0.4452297286848904f,-0.041437520043309375f,-1.4556997671451137f,0.40437952728590965f,2.4435758671461105f,-1.4598079255207368f,-0.5179215757337351f,-0.19085014352676036f,-1.447871703638244f,-2.4764629519779824f,0.25860991334061156f,0f,0f,0f,1f],start_interpolation:0}
execute if entity @s[tag=aj.mech_torso.bone.right_hand] run data modify entity @s {} merge value {transformation:[-0.9878308891878274f,0.15486251432517928f,-0.01441305044984674f,-1.4817300288595714f,0.14065374862118596f,0.8499394320508211f,-0.5077592784419954f,-0.48696553883773486f,-0.0663826586180036f,-0.5036075490915631f,-0.8613784180792983f,0.24079771934968758f,0f,0f,0f,1f],start_interpolation:0}
execute if entity @s[tag=aj.mech_torso.bone.right_arm_low] run data modify entity @s {} merge value {transformation:[-0.9878308891878274f,0.15486251432517928f,-0.01441305044984674f,-1.2964482070738301f,0.14065374862118596f,0.8499394320508211f,-0.5077592784419954f,0.34271098611736184f,-0.0663826586180036f,-0.5036075490915631f,-0.8613784180792983f,-0.287653447225041f,0f,0f,0f,1f],start_interpolation:0}
execute if entity @s[tag=aj.mech_torso.bone.right_arm] run data modify entity @s {} merge value {transformation:[-1.093226682717315f,0.1410959486111103f,0.09858667260057878f,-1.12214867443654f,0.15566068311886622f,1.0809619705199836f,0.1790612983158286f,1.437157723950699f,-0.07346530106036932f,0.19074886659981277f,-1.0876532986043963f,-0.09167494465807836f,0f,0f,0f,1f],start_interpolation:0}
execute if entity @s[tag=aj.mech_torso.bone.torso] run data modify entity @s {} merge value {transformation:[-1.3260691176571302f,-0.002189911957390187f,0.1389736567103158f,0f,1.4456028966473392e-19f,1.333167826392469f,0.021007723573902633f,0.20333875f,-0.1389909096805177f,0.020893270097722468f,-1.3259045124248516f,-0.005674375000000009f,0f,0f,0f,1f],start_interpolation:0}