execute if entity @s[tag=aj.mech_torso.bone.sword_left] run data modify entity @s {} merge value {transformation:[-0.3649759271912245f,0.33633736229572686f,2.8318359329761424f,-0.7408992030787603f,-0.8637931967767354f,2.707777100779974f,-0.4329312713281746f,-0.07775764852363988f,-2.7177709406374064f,-0.9057843845063539f,-0.24269479395181034f,1.5695927848132671f,0f,0f,0f,1f],start_interpolation:0}
execute if entity @s[tag=aj.mech_torso.bone.left_hand] run data modify entity @s {} merge value {transformation:[-0.126948148588252f,0.11698690862460065f,0.9849864114699626f,-0.7369320734353775f,-0.30044980757451667f,0.9418355133147734f,-0.15058479002719116f,-0.06836859203693624f,-0.9453116315260544f,-0.3150554380891666f,-0.08441558050497751f,1.5991337732984563f,0f,0f,0f,1f],start_interpolation:0}
execute if entity @s[tag=aj.mech_torso.bone.left_arm_low] run data modify entity @s {} merge value {transformation:[-0.09520749927774551f,0.7629129480026083f,0.639452395297138f,0.04298852756783689f,-0.19594191738141384f,0.6154408934482407f,-0.7634391080397482f,0.5170916443668931f,-0.9759827340143744f,-0.197980656735956f,0.09089203740826964f,1.3734940322935596f,0f,0f,0f,1f],start_interpolation:0}
execute if entity @s[tag=aj.mech_torso.bone.left_arm] run data modify entity @s {} merge value {transformation:[-0.2723521317428427f,0.5349902593436024f,0.9297213116179611f,0.5791375880004516f,-0.25684745052834884f,0.8987908006355791f,-0.5924326648522767f,1.423496682090518f,-1.0414536389231372f,-0.36156949212336426f,-0.0970247333077281f,0.9765360306278184f,0f,0f,0f,1f],start_interpolation:0}
execute if entity @s[tag=aj.mech_torso.bone.drill_right] run data modify entity @s {} merge value {transformation:[-1.2815997465636253f,-1.1344150505670785f,-0.36483500744164493f,2.1930183894709683f,-0.8097829939938187f,0.43602960657113854f,1.4888350092712845f,1.912632247382272f,-0.8742159871830639f,1.2591587172554188f,-0.8442545424889522f,-1.117876379432795f,0f,0f,0f,1f],start_interpolation:0}
execute if entity @s[tag=aj.mech_torso.bone.blaster_right] run data modify entity @s {} merge value {transformation:[-1.1290283481631935f,-0.9993656397852834f,-0.3214022684604967f,2.1930183894709683f,-0.713380256613602f,0.3841213200745744f,1.311592746262798f,1.912632247382272f,-0.7701426553755563f,1.109258869963107f,-0.7437480493355054f,-1.117876379432795f,0f,0f,0f,1f],start_interpolation:0}
execute if entity @s[tag=aj.mech_torso.bone.sword_right] run data modify entity @s {} merge value {transformation:[-2.1054852979259557f,-1.863681868788772f,-0.5993717979398453f,0.5197332788434469f,-1.3303577758469878f,0.7163343536525848f,2.44594322951711f,0.8347756194873843f,-1.4362119789436052f,2.0686178926339025f,-1.3869896055175643f,-2.2955753395899765f,0f,0f,0f,1f],start_interpolation:0}
execute if entity @s[tag=aj.mech_torso.bone.right_hand] run data modify entity @s {} merge value {transformation:[-0.7323427123220716f,-0.6482371717526163f,-0.2084771471095114f,0.4765901574661129f,-0.46273313942503924f,0.24915977518350774f,0.850762862440734f,0.8281014518548364f,-0.49955199267603656f,0.7195192670030965f,-0.4824311671365441f,-2.288701362267256f,0f,0f,0f,1f],start_interpolation:0}
execute if entity @s[tag=aj.mech_torso.bone.right_arm_low] run data modify entity @s {} merge value {transformation:[-0.7323427123220716f,-0.6482371717526163f,-0.2084771471095114f,-0.15527621537361092f,-0.46273313942503924f,0.24915977518350774f,0.850762862440734f,1.1183079770966495f,-0.49955199267603656f,0.7195192670030965f,-0.4824311671365441f,-1.56864706946605f,0f,0f,0f,1f],start_interpolation:0}
execute if entity @s[tag=aj.mech_torso.bone.right_arm] run data modify entity @s {} merge value {transformation:[-0.8104794077276815f,-0.7198743345619235f,-0.2228812478034944f,-0.8641722848755048f,-0.5121040661250443f,0.2859976066514319f,0.9384704433182098f,1.423496682090518f,-0.552851276241279f,0.7904165294088357f,-0.5425579737960805f,-0.7495452568145751f,0f,0f,0f,1f],start_interpolation:0}
execute if entity @s[tag=aj.mech_torso.bone.torso] run data modify entity @s {} merge value {transformation:[-0.8552947394820483f,-0.144122654711136f,1.0126585539021171f,0f,0f,1.3200315436220766f,0.18786830925011025f,0.20333875f,-1.0228629851510478f,0.12051208246275444f,-0.8467620264077476f,-0.005674375000000009f,0f,0f,0f,1f],start_interpolation:0}