execute if entity @s[tag=aj.mech_torso.bone.sword_left] run data modify entity @s {} merge value {transformation:[-0.18067421209063725f,1.9265979067620227f,2.1263119090918012f,1.6246715364934037f,1.1141177246547207f,-1.916254946101586f,1.830937922801151f,2.08219668225418f,2.6441867416458344f,0.9390487139661071f,-0.6261700951841953f,-1.5010525729035944f,0f,0f,0f,1f],start_interpolation:0}
execute if entity @s[tag=aj.mech_torso.bone.left_hand] run data modify entity @s {} merge value {transformation:[-0.06284320420543904f,0.6701210110476601f,0.7395867509884526f,1.6266353866248235f,0.38751920857555505f,-0.6665234595135952f,0.6368479731482265f,2.070086706986194f,0.9197171275289858f,0.3266256396403851f,-0.2177982939771114f,-1.5297937331388751f,0f,0f,0f,1f],start_interpolation:0}
execute if entity @s[tag=aj.mech_torso.bone.left_arm_low] run data modify entity @s {} merge value {transformation:[0.3510609843216121f,0.21333564583897305f,0.911725883970401f,1.8794331220979221f,0.45987734746614145f,-0.8874557251878694f,0.030580404163097874f,1.1979577865367381f,0.8156402458036548f,0.40854649435008117f,-0.40965931135470657f,-1.1085603345872643f,0f,0f,0f,1f],start_interpolation:0}
execute if entity @s[tag=aj.mech_torso.bone.left_arm] run data modify entity @s {} merge value {transformation:[0.38851714349298627f,-1.0357272991618596f,-0.03309636712628986f,0.8375445086466575f,0.5089435778229185f,0.22150709644733077f,-0.9574356476287623f,1.4375f,0.902664302129471f,0.32089803135634964f,0.5540700223498488f,-0.7568655697275606f,0f,0f,0f,1f],start_interpolation:0}
execute if entity @s[tag=aj.mech_torso.bone.drill_right] run data modify entity @s {} merge value {transformation:[-0.8750298433237595f,-0.2270994636080535f,-1.4984153652848498f,-0.4329722399124545f,0.6914780904609832f,1.479820527450583f,-0.6280837977119857f,-0.8983861291862706f,1.3485847484326776f,-0.9061219786346719f,-0.6502016119096893f,-0.7473706271270593f,0f,0f,0f,1f],start_interpolation:0}
execute if entity @s[tag=aj.mech_torso.bone.blaster_right] run data modify entity @s {} merge value {transformation:[-0.7708596238804548f,-0.2000638131785233f,-1.32003258370332f,-0.4329722399124545f,0.609159270168009f,1.303651417039799f,-0.5533119170319875f,-0.8983861291862706f,1.188038945047835f,-0.7982503145114966f,-0.5727966581109167f,-0.7473706271270593f,0f,0f,0f,1f],start_interpolation:0}
execute if entity @s[tag=aj.mech_torso.bone.sword_right] run data modify entity @s {} merge value {transformation:[-1.4375490283176051f,-0.3730919759275164f,-2.4616823858251102f,-1.5852063281687072f,1.1359997200430438f,2.4311337236688146f,-1.0318519533839767f,-0.011072590495874654f,2.2155320867108275f,-1.4886289648998183f,-1.068188362423061f,1.0508685400631697f,0f,0f,0f,1f],start_interpolation:0}
execute if entity @s[tag=aj.mech_torso.bone.right_hand] run data modify entity @s {} merge value {transformation:[-0.5000170533278626f,-0.12977112206174485f,-0.8562373515913427f,-1.6048872086496324f,0.3951303374062761f,0.8456117299717616f,-0.35890502726399187f,0.027700599109689028f,0.7706198562472444f,-0.5177839877912411f,-0.37154377823410817f,1.0587696609524198f,0f,0f,0f,1f],start_interpolation:0}
execute if entity @s[tag=aj.mech_torso.bone.right_arm_low] run data modify entity @s {} merge value {transformation:[-0.5000170533278626f,-0.12977112206174485f,-0.8562373515913427f,-1.745790215032111f,0.3951303374062761f,0.8456117299717616f,-0.35890502726399187f,0.8497487239355048f,0.7706198562472444f,-0.5177839877912411f,-0.37154377823410817f,0.5052930595836365f,0f,0f,0f,1f],start_interpolation:0}
execute if entity @s[tag=aj.mech_torso.bone.right_arm] run data modify entity @s {} merge value {transformation:[-0.5533659561518012f,0.894046751484951f,-0.345309286387489f,-0.8213294991761222f,0.4372884394805576f,0.5903343754713191f,0.8276811731382889f,1.4375f,0.8528404996263307f,0.2774125264477467f,-0.648442249472547f,0.7632123974076745f,0f,0f,0f,1f],start_interpolation:0}
execute if entity @s[tag=aj.mech_torso.bone.torso] run data modify entity @s {} merge value {transformation:[-0.9830364490801657f,0f,-0.9007869434875466f,0f,0f,1.3333333333333333f,0f,0.20333875f,0.9007869434875466f,0f,-0.9830364490801657f,-0.005674375000000009f,0f,0f,0f,1f],start_interpolation:0}