execute if entity @s[tag=aj.mech_torso.bone.sword_left] run data modify entity @s {} merge value {transformation:[-1.0509999698911312f,1.4584098042763247f,-2.243672192206235f,1.46626956203682f,2.2022458342092435f,1.8407966873233021f,0.1649419341695371f,0.4870538303104809f,1.5202425296632365f,-1.6583526159204645f,-1.7900710187791091f,2.0805050486568413f,0f,0f,0f,1f],start_interpolation:0}
execute if entity @s[tag=aj.mech_torso.bone.left_hand] run data modify entity @s {} merge value {transformation:[-0.3655652069186543f,0.5072729754004608f,-0.7804077190282557f,1.477693474753028f,0.7659985510293021f,0.6402771086341921f,0.05737110753723029f,0.4631163755908152f,0.5287800103176474f,-0.5768183011897268f,-0.6226333978362119f,2.063980673334415f,0f,0f,0f,1f],start_interpolation:0}
execute if entity @s[tag=aj.mech_torso.bone.left_arm_low] run data modify entity @s {} merge value {transformation:[-0.7971477014516483f,-0.3606929351635994f,-0.4842067209296267f,1.0769582138900136f,0.4431579298118651f,0.1951550324958855f,-0.8749431767471485f,0.6447781191199731f,0.4100812008800404f,-0.9120389902929575f,0.004276548864049212f,1.1648903627209601f,0f,0f,0f,1f],start_interpolation:0}
execute if entity @s[tag=aj.mech_torso.bone.left_arm] run data modify entity @s {} merge value {transformation:[-0.8879241993518339f,0.02049396757498718f,-0.6602594884077532f,1.0727186345652069f,0.4917924514198072f,0.7590207923174281f,-0.637808435261206f,1.4302407443384508f,0.441024692580732f,-0.8051331645491241f,-0.6180855817855743f,0.3588928113276286f,0f,0f,0f,1f],start_interpolation:0}
execute if entity @s[tag=aj.mech_torso.bone.drill_right] run data modify entity @s {} merge value {transformation:[-1.686392971587507f,-0.1821915688347843f,-0.43056355817205205f,1.203483042458197f,-0.4509855090419972f,1.0588024365456723f,1.3183510424007248f,1.0181626577782579f,0.1232510284516466f,1.38139191854103f,-1.0672701398311226f,-2.1003560271326953f,0f,0f,0f,1f],start_interpolation:0}
execute if entity @s[tag=aj.mech_torso.bone.blaster_right] run data modify entity @s {} merge value {transformation:[-1.485631903541375f,-0.1605020963544528f,-0.37930599172299817f,1.203483042458197f,-0.3972967579655689f,0.9327545274330922f,1.1614044897339717f,1.0181626577782579f,0.1085782869693077f,1.2169404996670976f,-0.9402141708036078f,-2.1003560271326953f,0f,0f,0f,1f],start_interpolation:0}
execute if entity @s[tag=aj.mech_torso.bone.sword_right] run data modify entity @s {} merge value {transformation:[-2.7705027390366186f,-0.2993147202285742f,-0.7073544169969426f,-1.021711391981816f,-0.7409047648547097f,1.7394611457536047f,2.1658624268011906f,0.40331033446301734f,0.20248383245627655f,2.2694295804602636f,-1.7533723725797012f,-1.9621563095098233f,0f,0f,0f,1f],start_interpolation:0}
execute if entity @s[tag=aj.mech_torso.bone.right_hand] run data modify entity @s {} merge value {transformation:[-0.9636531266214325f,-0.10410946790559103f,-0.2460363189554583f,-1.0550789730607855f,-0.25770600516685555f,0.6050299637403842f,0.7533434528004141f,0.41416420816844013f,0.07042915911522662f,0.7893668105948742f,-0.60986865133207f,-1.9352876854563827f,0f,0f,0f,1f],start_interpolation:0}
execute if entity @s[tag=aj.mech_torso.bone.right_arm_low] run data modify entity @s {} merge value {transformation:[-0.9636531266214325f,-0.10410946790559103f,-0.2460363189554583f,-1.1367629157268149f,-0.25770600516685555f,0.6050299637403842f,0.7533434528004141f,1.0507894674703016f,0.07042915911522662f,0.7893668105948742f,-0.60986865133207f,-1.1671801814379865f,0f,0f,0f,1f],start_interpolation:0}
execute if entity @s[tag=aj.mech_torso.bone.right_arm] run data modify entity @s {} merge value {transformation:[-1.0664692939220342f,-0.02137268199222055f,-0.2948871515002396f,-1.1283749631438755f,-0.2852017326331289f,0.36535463155503445f,1.0049616626709568f,1.4302407443384508f,0.0779435395560598f,1.044428638155701f,-0.35758300151954714f,-0.10767655556660818f,0f,0f,0f,1f],start_interpolation:0}
execute if entity @s[tag=aj.mech_torso.bone.torso] run data modify entity @s {} merge value {transformation:[-1.304351761605382f,-0.02738907889674156f,0.2751256042826665f,0f,0f,1.3267750811774226f,0.13208202657599238f,0.20333875f,-0.2764855507521403f,0.12921106803060342f,-1.2979360607909212f,-0.005674375000000009f,0f,0f,0f,1f],start_interpolation:0}