execute if entity @s[tag=aj.mech_torso.bone.sword_left] run data modify entity @s {} merge value {transformation:[-1.1013818508526385f,-1.739329143870277f,2.0068176668287316f,2.4185141585118872f,2.114243882880299f,-1.8889709446714376f,-0.47685068301339245f,1.8572014625684161f,1.6070332362199773f,1.2931155785429995f,2.002728458432085f,-0.8769363424147291f,0f,0f,0f,1f],start_interpolation:0}
execute if entity @s[tag=aj.mech_torso.bone.left_hand] run data modify entity @s {} merge value {transformation:[-0.38308933942700474f,-0.6049840500418354f,0.6980235362882545f,2.430485700368981f,0.735389176654017f,-0.6570333720596304f,-0.16586110713509303f,1.834220550797978f,0.5589680821634704f,0.44977933166713024f,0.6966012029328991f,-0.8944040949823375f,0f,0f,0f,1f],start_interpolation:0}
execute if entity @s[tag=aj.mech_torso.bone.left_arm_low] run data modify entity @s {} merge value {transformation:[0.07656905557047808f,-0.3923064948242367f,0.9166421296491708f,2.0692170550828584f,0.47766188038481927f,-0.7925441351321286f,-0.3790948718921234f,1.0447566346812462f,0.875200724266316f,0.4668719396005594f,0.12670550207993414f,-0.3962225858084578f,0f,0f,0f,1f],start_interpolation:0}
execute if entity @s[tag=aj.mech_torso.bone.left_arm] run data modify entity @s {} merge value {transformation:[0.07959551083366072f,-1.0362419634492273f,-0.3803145098152943f,1.0180821668683377f,0.5268068066425522f,0.37073629181606826f,-0.8998895315201617f,1.4365008527848535f,0.9700057327996746f,-0.11631497604087754f,0.5199343066372953f,-0.48707123390319407f,0f,0f,0f,1f],start_interpolation:0}
execute if entity @s[tag=aj.mech_torso.bone.drill_right] run data modify entity @s {} merge value {transformation:[-1.2332417864683365f,0.30740636005043914f,-1.202961356781225f,-0.28812032957836364f,0.35320981219824094f,1.712322207006166f,0.07546845672475423f,-0.4992725938600816f,1.19031824512408f,-0.1896153717241103f,-1.2687349944455144f,-1.506720457212875f,0f,0f,0f,1f],start_interpolation:0}
execute if entity @s[tag=aj.mech_torso.bone.blaster_right] run data modify entity @s {} merge value {transformation:[-1.0864272880792487f,0.27081036480633924f,-1.0597516714501267f,-0.28812032957836364f,0.31116102503178367f,1.5084743252197175f,0.06648411663847396f,-0.4992725938600816f,1.048613692133118f,-0.16704211318552573f,-1.1176951141543816f,-1.506720457212875f,0f,0f,0f,1f],start_interpolation:0}
execute if entity @s[tag=aj.mech_torso.bone.sword_right] run data modify entity @s {} merge value {transformation:[-2.02604007776941f,0.5050247343685786f,-1.9762936575691554f,-1.923250660983852f,0.5802732628971101f,2.813100768652987f,0.12398389319066766f,-0.06310823858037334f,1.955522831275274f,-0.3115109678324669f,-2.084350348017631f,0.06958606976758973f,0f,0f,0f,1f],start_interpolation:0}
execute if entity @s[tag=aj.mech_torso.bone.right_hand] run data modify entity @s {} merge value {transformation:[-0.7047095922676209f,0.17566077717167952f,-0.6874064895892714f,-1.9397834364556001f,0.2018341783989948f,0.978469832574952f,0.043124832414145275f,-0.02622373823743751f,0.680181854356617f,-0.10835164098520589f,-0.7249914253974368f,0.08745576393544632f,0f,0f,0f,1f],start_interpolation:0}
execute if entity @s[tag=aj.mech_torso.bone.right_arm_low] run data modify entity @s {} merge value {transformation:[-0.7047095922676209f,0.17566077717167952f,-0.6874064895892714f,-1.7635819373252222f,0.2018341783989948f,0.978469832574952f,0.043124832414145275f,0.947286427275488f,0.680181854356617f,-0.10835164098520589f,-0.7249914253974368f,-0.06480754204207373f,0f,0f,0f,1f],start_interpolation:0}
execute if entity @s[tag=aj.mech_torso.bone.right_arm] run data modify entity @s {} merge value {transformation:[-0.7798979949566212f,0.7587421362126834f,-0.20209271815699797f,-0.9702672691671298f,0.2233687078681269f,0.4874586871833586f,0.968123146696136f,1.4365008527848535f,0.7527532904889844f,0.641456450243443f,-0.4966569083714796f,0.5660035593652791f,0f,0f,0f,1f],start_interpolation:0}
execute if entity @s[tag=aj.mech_torso.bone.torso] run data modify entity @s {} merge value {transformation:[-1.178281147280277f,0.019763570768894668f,-0.6237312859013203f,0f,1.1564823173178713e-18f,1.3326645004218478f,0.0422268527499321f,0.20333875f,0.624044321936873f,0.03731632837816899f,-1.1776900923725642f,-0.005674375000000009f,0f,0f,0f,1f],start_interpolation:0}