execute if entity @s[tag=aj.mech_torso.bone.sword_left] run data modify entity @s {} merge value {transformation:[-0.4443445803773423f,1.5729133329232368f,2.3651905929547405f,1.8427598587572456f,1.217195679310414f,-2.0575737946493184f,1.5970127607005717f,2.0330537529904946f,2.5664406426327773f,1.24818216886988f,-0.347920538568709f,-1.3357774709307162f,0f,0f,0f,1f],start_interpolation:0}
execute if entity @s[tag=aj.mech_torso.bone.left_hand] run data modify entity @s {} merge value {transformation:[-0.15455463665298863f,0.5471002897124302f,0.8226749888538227f,1.8475896911526515f,0.42337241019492655f,-0.7156778416171543f,0.5554826993741119f,2.019823365171903f,0.8926750061331399f,0.43415031960691475f,-0.12101583950215966f,-1.3636735648723768f,0f,0f,0f,1f],start_interpolation:0}
execute if entity @s[tag=aj.mech_torso.bone.left_arm_low] run data modify entity @s {} merge value {transformation:[0.19172879886401833f,0.051278034965299424f,0.9801074588106439f,1.9354876091702842f,0.48104458980377657f,-0.8753643948511967f,-0.048304025166796855f,1.157982112965612f,0.8554742370794559f,0.48073666321271546f,-0.1924995852889742f,-0.8622189437912089f,0f,0f,0f,1f],start_interpolation:0}
execute if entity @s[tag=aj.mech_torso.bone.left_arm] run data modify entity @s {} merge value {transformation:[0.21218514328481575f,-1.0715621497477548f,-0.17749366955246648f,0.8521922699081663f,0.532369241442399f,0.2602378739081635f,-0.9346824157347946f,1.4375572261820087f,0.946748347909451f,0.09382316742551763f,0.5653642697579999f,-0.7401102770102982f,0f,0f,0f,1f],start_interpolation:0}
execute if entity @s[tag=aj.mech_torso.bone.drill_right] run data modify entity @s {} merge value {transformation:[-0.9589830205974558f,-0.38684477903690856f,-1.4118083025459458f,-0.1860572141653951f,0.7406892854225028f,1.3275546444204134f,-0.8668783354877958f,-0.9996428832167475f,1.26262858698276f,-1.0725902213845113f,-0.5637546171201122f,-0.4965214433479159f,0f,0f,0f,1f],start_interpolation:0}
execute if entity @s[tag=aj.mech_torso.bone.blaster_right] run data modify entity @s {} merge value {transformation:[-0.8448183752882348f,-0.34079182915156225f,-1.2437358855761902f,-0.1860572141653951f,0.6525119895388715f,1.1695124248465547f,-0.7636785336440105f,-0.9996428832167475f,1.112315659961003f,-0.9449009093149265f,-0.49664097222486064f,-0.4965214433479159f,0f,0f,0f,1f],start_interpolation:0}
execute if entity @s[tag=aj.mech_torso.bone.sword_right] run data modify entity @s {} merge value {transformation:[-1.5754721052672487f,-0.6355307084177784f,-2.319399354182625f,-1.4463768346149455f,1.2168466831941118f,2.1809826301192508f,-1.4241572654442358f,-0.044581231844519106f,2.0743183929002487f,-1.7621125065602687f,-0.92616829955447f,1.191105443404026f,0f,0f,0f,1f],start_interpolation:0}
execute if entity @s[tag=aj.mech_torso.bone.right_hand] run data modify entity @s {} merge value {transformation:[-0.5479902974842604f,-0.22105415944966203f,-0.8067476014548262f,-1.4704094738941305f,0.4232510202414302f,0.758602653954522f,-0.495359048850169f,-0.0076483045258955995f,0.7215020497044343f,-0.6129086979340065f,-0.32214549549720695f,1.194498985646852f,0f,0f,0f,1f],start_interpolation:0}
execute if entity @s[tag=aj.mech_torso.bone.right_arm_low] run data modify entity @s {} merge value {transformation:[-0.5479902974842604f,-0.22105415944966203f,-0.8067476014548262f,-1.6995497990928727f,0.4232510202414302f,0.758602653954522f,-0.495359048850169f,0.7222477847695139f,0.7215020497044343f,-0.6129086979340065f,-0.32214549549720695f,0.5489763019252943f,0f,0f,0f,1f],start_interpolation:0}
execute if entity @s[tag=aj.mech_torso.bone.right_arm] run data modify entity @s {} merge value {transformation:[-0.6064576656157624f,0.8188605268928436f,-0.4317968455728717f,-0.8500197996380927f,0.4684094351369061f,0.7166814053518472f,0.701236296002748f,1.4375572261820087f,0.7984821096459409f,0.20151223102755772f,-0.739318009963028f,0.7312748086457449f,0f,0f,0f,1f],start_interpolation:0}
execute if entity @s[tag=aj.mech_torso.bone.torso] run data modify entity @s {} merge value {transformation:[-1.0087182634348202f,-0.007304594181001039f,-0.8719013050194782f,0f,5.782411586589357e-19f,1.3332865443713073f,-0.011169976553027483f,0.20333875f,0.8719319026109884f,-0.008450519513383157f,-1.0086828657744282f,-0.005674375000000009f,0f,0f,0f,1f],start_interpolation:0}