execute if entity @s[tag=aj.mech_torso.bone.sword_left] run data modify entity @s {} merge value {transformation:[-2.152737511106421f,0.28190851417030754f,1.8846415568785546f,0.9701742146703903f,-0.9963346946215668f,2.2572587886865523f,-1.4757116714286265f,-0.18574655728465483f,-1.6243963138866957f,-1.7581056141584928f,-1.5924905854967262f,1.5447143981420397f,0f,0f,0f,1f],start_interpolation:0}
execute if entity @s[tag=aj.mech_torso.bone.left_hand] run data modify entity @s {} merge value {transformation:[-0.7487782647326681f,0.09805513536358523f,0.6555274980447147f,0.9935735354432862f,-0.3465511981292406f,0.7851334917170616f,-0.5132910161490875f,-0.17491683234311606f,-0.5650074135258072f,-0.6115149962290409f,-0.5539097688684265f,1.5623708798147211f,0f,0f,0f,1f],start_interpolation:0}
execute if entity @s[tag=aj.mech_torso.bone.left_arm_low] run data modify entity @s {} merge value {transformation:[-0.7854739731418376f,0.2894351815067335f,0.5470447086143325f,1.2755578024335352f,-0.289867464061292f,0.6089150099435395f,-0.7383761669664961f,0.4018655641308051f,-0.5468157740916509f,-0.7385457239545994f,-0.39438905009257685f,0.7944125051043647f,0f,0f,0f,1f],start_interpolation:0}
execute if entity @s[tag=aj.mech_torso.bone.left_arm] run data modify entity @s {} merge value {transformation:[-0.8921893998969831f,-0.20033919971311948f,0.6234053723732225f,1.0467118158437079f,-0.36487669722328575f,1.026991837744386f,-0.19215811084589524f,1.435541764051325f,-0.5437233203283781f,-0.36044964807687563f,-0.8939871255596293f,0.4126474063334033f,0f,0f,0f,1f],start_interpolation:0}
execute if entity @s[tag=aj.mech_torso.bone.drill_right] run data modify entity @s {} merge value {transformation:[-1.7099125692477264f,-0.004960055822056438f,0.37239012255278925f,1.2598393077332168f,-0.028457692059268923f,1.7464689338418007f,-0.1074077412859209f,-0.5229012906722917f,-0.3713343039517075f,-0.11100297731018566f,-1.706543047724544f,-0.21297829144060448f,0f,0f,0f,1f],start_interpolation:0}
execute if entity @s[tag=aj.mech_torso.bone.blaster_right] run data modify entity @s {} merge value {transformation:[-1.5063515490991874f,-0.004369572986097338f,0.3280579651060286f,1.2598393077332168f,-0.02506987157602262f,1.5385559655273005f,-0.09462110541854936f,-0.5229012906722917f,-0.32712783919555183f,-0.09778833715421116f,-1.5033831610906696f,-0.21297829144060448f,0f,0f,0f,1f],start_interpolation:0}
execute if entity @s[tag=aj.mech_torso.bone.sword_right] run data modify entity @s {} merge value {transformation:[-2.809142078049836f,-0.008148663136235577f,0.6117837727652966f,-0.9995994434901707f,-0.04675192266879895f,2.8691989627401013f,-0.1764555749697272f,-0.5916930432835007f,-0.610049213634948f,-0.18236203415244787f,-2.803606435547465f,-0.7016878542105361f,0f,0f,0f,1f],start_interpolation:0}
execute if entity @s[tag=aj.mech_torso.bone.right_hand] run data modify entity @s {} merge value {transformation:[-0.9770928967129865f,-0.002834317612603679f,0.212794355744451f,-1.0302221689378455f,-0.01626153831958224f,0.9979822479096004f,-0.06137585216338337f,-0.5610142711088126f,-0.21219103082954716f,-0.06343027274867752f,-0.9751674558425966f,-0.7103010199473556f,0f,0f,0f,1f],start_interpolation:0}
execute if entity @s[tag=aj.mech_torso.bone.right_arm_low] run data modify entity @s {} merge value {transformation:[-0.9770928967129865f,-0.002834317612603679f,0.212794355744451f,-0.9958725099111542f,-0.01626153831958224f,0.9979822479096004f,-0.06137585216338337f,0.43555815449316904f,-0.21219103082954716f,-0.06343027274867752f,-0.9751674558425966f,-0.797574305977691f,0f,0f,0f,1f],start_interpolation:0}
execute if entity @s[tag=aj.mech_torso.bone.right_arm] run data modify entity @s {} merge value {transformation:[-1.0813430090836982f,-0.1233806961742511f,0.20061525129311167f,-1.0907598937296288f,-0.01799654959930814f,0.9832121202536094f,0.5076830008213291f,1.435541764051325f,-0.2348305760380467f,0.49279114128805834f,-0.9626959385806508f,-0.2900009344272057f,0f,0f,0f,1f],start_interpolation:0}
execute if entity @s[tag=aj.mech_torso.bone.torso] run data modify entity @s {} merge value {transformation:[-1.2666499019693847f,-0.01974955745045463f,0.4159155666709734f,0f,1.1564823173178713e-18f,1.3318326831835767f,0.06324145619616905f,0.20333875f,-0.4163842019322127f,0.06007858821845902f,-1.2652243031955752f,-0.005674375000000009f,0f,0f,0f,1f],start_interpolation:0}