execute if entity @s[tag=aj.mech_torso.bone.sword_left] run data modify entity @s {} merge value {transformation:[-0.29635259327385377f,-0.5496084956170895f,-2.806373218587539f,2.440958668962618f,2.660715366039027f,0.981018930776111f,-0.47309681713440427f,1.0219957583243373f,1.048042881462237f,-2.6459700223177918f,0.40752148362008295f,1.3452246559939842f,0f,0f,0f,1f],start_interpolation:0}
execute if entity @s[tag=aj.mech_torso.bone.left_hand] run data modify entity @s {} merge value {transformation:[-0.10307916287786219f,-0.19116817238855285f,-0.9761298151608832f,2.444179892802551f,0.9254662142744441f,0.34122397592212556f,-0.16455541465544496f,0.993074939128261f,0.3645366544216476f,-0.920337399067058f,0.14174660299828973f,1.3338328855433077f,0f,0f,0f,1f],start_interpolation:0}
execute if entity @s[tag=aj.mech_torso.bone.left_arm_low] run data modify entity @s {} merge value {transformation:[-0.5406102688766701f,-0.8343962943143706f,-0.10734691993504486f,1.5895349363378144f,0.4828818339349511f,-0.2032806530823954f,-0.851764116723646f,0.7782667147087189f,0.6888872706333834f,-0.5123083057269724f,0.5128104213473494f,0.8590776326907332f,0f,0f,0f,1f],start_interpolation:0}
execute if entity @s[tag=aj.mech_torso.bone.left_arm] run data modify entity @s {} merge value {transformation:[-0.6090962471352053f,-0.4374719797862653f,-0.8138746876280908f,1.1276275274262677f,0.5337122918906582f,0.6291660945555814f,-0.7376131733371671f,1.4329104160293444f,0.7542711248249249f,-0.798461189349608f,-0.13530254207434317f,0.06870763552873807f,0f,0f,0f,1f],start_interpolation:0}
execute if entity @s[tag=aj.mech_torso.bone.drill_right] run data modify entity @s {} merge value {transformation:[-1.655551100380461f,0.16879094180467577f,-0.5414426765537924f,0.6706075650707604f,-0.18770860643482817f,1.413463042362871f,1.0145874565283126f,0.43932144505426257f,0.5351785058271106f,1.0179056173530954f,-1.3190724472377073f,-2.1305735185265053f,0f,0f,0f,1f],start_interpolation:0}
execute if entity @s[tag=aj.mech_torso.bone.blaster_right] run data modify entity @s {} merge value {transformation:[-1.4584616836685014f,0.14869678206602388f,-0.47698521505929325f,0.6706075650707604f,-0.1653623437640153f,1.245193632557767f,0.8938032355130373f,0.43932144505426257f,0.47146677894293076f,0.8967263771920125f,-1.162040013042742f,-2.1305735185265053f,0f,0f,0f,1f],start_interpolation:0}
execute if entity @s[tag=aj.mech_torso.bone.sword_right] run data modify entity @s {} merge value {transformation:[-2.719833950625043f,0.2772994043933959f,-0.8895129686240875f,-1.5200990843927897f,-0.3083784248572177f,2.322117855310431f,1.6668222500107994f,0.16603751793747407f,0.8792218310016817f,1.6722735142229426f,-2.167047591890519f,-1.4415502361362718f,0f,0f,0f,1f],start_interpolation:0}
execute if entity @s[tag=aj.mech_torso.bone.right_hand] run data modify entity @s {} merge value {transformation:[-0.9460292002174063f,0.09645196674552901f,-0.30939581517359566f,-1.5466483729387859f,-0.10726206081990182f,0.8076931670644977f,0.5797642608733216f,0.18792599000761767f,0.3058162890440632f,0.5816603527731974f,-0.7537556841358327f,-1.4138165910794824f,0f,0f,0f,1f],start_interpolation:0}
execute if entity @s[tag=aj.mech_torso.bone.right_arm_low] run data modify entity @s {} merge value {transformation:[-0.9460292002174063f,0.09645196674552901f,-0.30939581517359566f,-1.4303016129106378f,-0.10726206081990182f,0.8076931670644977f,0.5797642608733216f,1.0170887296250286f,0.3058162890440632f,0.5816603527731974f,-0.7537556841358327f,-0.8652678624681567f,0f,0f,0f,1f],start_interpolation:0}
execute if entity @s[tag=aj.mech_torso.bone.right_arm] run data modify entity @s {} merge value {transformation:[-1.0469649973769357f,0.27476483922291123f,-0.2305223545089467f,-1.121428474703556f,-0.11870629701403057f,0.4057581003870791f,1.0227615350381112f,1.4329104160293444f,0.33844510315671206f,0.9922885798149168f,-0.35438716829502415f,0.13387740830580813f,0f,0f,0f,1f],start_interpolation:0}
execute if entity @s[tag=aj.mech_torso.bone.torso] run data modify entity @s {} merge value {transformation:[-1.3327739271880437f,0.0029741855930093424f,-0.03850442838941442f,0f,2.8912057932946783e-19f,1.3293734224383382f,0.10268437803462113f,0.20333875f,0.03861912460863409f,0.10264129633054776f,-1.3288156776919156f,-0.005674375000000009f,0f,0f,0f,1f],start_interpolation:0}