execute if entity @s[tag=aj.mech_torso.bone.sword_left] run data modify entity @s {} merge value {transformation:[-2.7607494678859075f,-0.24189247631098715f,0.7650982979146005f,1.5723330384873795f,-0.710564918048243f,2.0105467511338877f,-1.928321617040079f,-0.2340804540684856f,-0.37280674994797747f,-2.040787786960984f,-1.9904334542466164f,0.869955544477063f,0f,0f,0f,1f],start_interpolation:0}
execute if entity @s[tag=aj.mech_torso.bone.left_hand] run data modify entity @s {} merge value {transformation:[-0.9602606844820547f,-0.08413651349947379f,0.2661211471007306f,1.6023411848774436f,-0.2471530149733019f,0.6993206090900479f,-0.6707205624487231f,-0.22635692235056992f,-0.12967191302538347f,-0.7098392302472987f,-0.6923246797379535f,0.8740077917591063f,0f,0f,0f,1f],start_interpolation:0}
execute if entity @s[tag=aj.mech_torso.bone.left_arm_low] run data modify entity @s {} merge value {transformation:[-0.9642696653582467f,-0.12883310431949502f,0.23148659507906105f,1.450608609611724f,-0.26058952860357265f,0.618649799232668f,-0.7411919612971714f,0.3609872053226999f,-0.04771907430014544f,-0.7750319071759445f,-0.6301177928031833f,0.07779348248618262f,0f,0f,0f,1f],start_interpolation:0}
execute if entity @s[tag=aj.mech_torso.bone.left_arm] run data modify entity @s {} merge value {transformation:[-1.0661609856120533f,-0.2915795259749517f,0.05526401473821352f,1.124100610919947f,-0.29283835939623315f,1.0670697135180207f,-0.019491031084066024f,1.4374383739096017f,-0.048150042148325654f,-0.03340037512992888f,-1.1051416049160048f,0.04248100681278731f,0f,0f,0f,1f],start_interpolation:0}
execute if entity @s[tag=aj.mech_torso.bone.drill_right] run data modify entity @s {} merge value {transformation:[-1.715726469886173f,0.27818456480722553f,-0.2034601396710077f,0.7365582313204291f,0.343395104018827f,1.291787006174412f,-1.1295424441847457f,-0.8302151714459767f,-0.02936806203736264f,-1.1473446206706883f,-1.3210745014382062f,0.6438808380139397f,0f,0f,0f,1f],start_interpolation:0}
execute if entity @s[tag=aj.mech_torso.bone.blaster_right] run data modify entity @s {} merge value {transformation:[-1.5114733187092475f,0.24506735471112726f,-0.1792386944720782f,0.7365582313204291f,0.3025147344927761f,1.138002838772696f,-0.9950731055913236f,-0.8302151714459767f,-0.025871864175771846f,-1.0107559753527493f,-1.1638037274574673f,0.6438808380139397f,0f,0f,0f,1f],start_interpolation:0}
execute if entity @s[tag=aj.mech_torso.bone.sword_right] run data modify entity @s {} merge value {transformation:[-2.81869348624157f,0.45701749932615626f,-0.33425594374522694f,-1.5356193282578572f,0.5641490994595014f,2.1222215101436763f,-1.8556768725892252f,-0.3995106948170698f,-0.04824753048995291f,-1.8849233053875596f,-2.170336680934196f,0.6255613385479728f,0f,0f,0f,1f],start_interpolation:0}
execute if entity @s[tag=aj.mech_torso.bone.right_hand] run data modify entity @s {} merge value {transformation:[-0.9804151256492417f,0.15896260846127175f,-0.11626293695486155f,-1.5612897194199813f,0.196225773725044f,0.7381640035282353f,-0.6454528252484262f,-0.3703110142779048f,-0.016781749735635794f,-0.6556254975261077f,-0.7548997151075464f,0.6045486120710433f,0f,0f,0f,1f],start_interpolation:0}
execute if entity @s[tag=aj.mech_torso.bone.right_arm_low] run data modify entity @s {} merge value {transformation:[-0.9804151256492417f,0.15896260846127175f,-0.11626293695486155f,-1.3753223550620102f,0.196225773725044f,0.7381640035282353f,-0.6454528252484262f,0.34155053303240956f,-0.016781749735635794f,-0.6556254975261077f,-0.7548997151075464f,-0.07414307187293658f,0f,0f,0f,1f],start_interpolation:0}
execute if entity @s[tag=aj.mech_torso.bone.right_arm] run data modify entity @s {} merge value {transformation:[-1.0850197004677828f,0.2160629256115538f,0.028653800917275683f,-1.1250475589212972f,0.21716191913115948f,1.0840879918156139f,0.04864057374753168f,1.4374383739096017f,-0.01857226453888801f,0.05331056847749328f,-1.105253379462163f,-0.019426263356262505f,0f,0f,0f,1f],start_interpolation:0}
execute if entity @s[tag=aj.mech_torso.bone.torso] run data modify entity @s {} merge value {transformation:[-1.3328285450911075f,-0.00015480163688164146f,0.03668546312305262f,0f,0f,1.3333214629149475f,0.0056262161460614f,0.20333875f,-0.036685789729807294f,0.005624086110242334f,-1.3328166791667573f,-0.005674375000000009f,0f,0f,0f,1f],start_interpolation:0}