execute if entity @s[tag=aj.mech_torso.bone.sword_left] run data modify entity @s {} merge value {transformation:[-2.1954350738864554f,1.738082312779532f,-0.6517359207164554f,0.5424936644046819f,1.7211553270038682f,2.2841013368007395f,0.2934798520363596f,0.03406275883676547f,0.6952080096455892f,-0.16606010125261403f,-2.784732458620862f,2.0654215651320103f,0f,0f,0f,1f],start_interpolation:0}
execute if entity @s[tag=aj.mech_torso.bone.left_hand] run data modify entity @s {} merge value {transformation:[-0.763629590917028f,0.6045503696624459f,-0.22669075503181058f,0.566357089120839f,0.5986627224361281f,0.7944700301915615f,0.10207994853438596f,0.015354548760636466f,0.2418114816158571f,-0.05776003521830053f,-0.9686025943029086f,2.057864956331515f,0f,0f,0f,1f],start_interpolation:0}
execute if entity @s[tag=aj.mech_torso.bone.left_arm_low] run data modify entity @s {} merge value {transformation:[-0.9226869368625216f,0.1469547793260071f,-0.35644510008765934f,0.673338992292153f,0.37805557149785846f,0.5262508907343315f,-0.7616652708774048f,0.5296176363893571f,0.0756491996169463f,-0.8375346517216868f,-0.5411218954752695f,1.2057842828642555f,0f,0f,0f,1f],start_interpolation:0}
execute if entity @s[tag=aj.mech_torso.bone.left_arm] run data modify entity @s {} merge value {transformation:[-1.0209285529741448f,0.3154659178836436f,-0.28802451789730876f,0.9651948184699576f,0.42074123807284275f,0.8716014795566397f,-0.536711887285568f,1.42751685563255f,0.07384902735363759f,-0.6046189659798434f,-0.923988206456346f,0.5932496052267064f,0f,0f,0f,1f],start_interpolation:0}
execute if entity @s[tag=aj.mech_torso.bone.drill_right] run data modify entity @s {} merge value {transformation:[-1.6036976382159769f,-0.5024851255069531f,-0.48801904043260386f,1.5745091258488069f,-0.6650543088672761f,0.7095028708319557f,1.4549255797250533f,1.529664931056964f,-0.21990145847076098f,1.5187542180766034f,-0.8411474149261579f,-1.9206348424580015f,0f,0f,0f,1f],start_interpolation:0}
execute if entity @s[tag=aj.mech_torso.bone.blaster_right] run data modify entity @s {} merge value {transformation:[-1.4127812527140748f,-0.44266546770850623f,-0.4299215356191986f,1.5745091258488069f,-0.585881176859267f,0.625038243351961f,1.2817201535673088f,1.529664931056964f,-0.19372271341471797f,1.337950144496055f,-0.741010817911139f,-1.9206348424580015f,0f,0f,0f,1f],start_interpolation:0}
execute if entity @s[tag=aj.mech_torso.bone.sword_right] run data modify entity @s {} merge value {transformation:[-2.634646119926248f,-0.8255112776185658f,-0.8017455664249921f,-0.5356898045525387f,-1.092589221710525f,1.1656118592239273f,2.390234880976873f,0.6381734716460644f,-0.361266681773393f,2.4950962154115626f,-1.3818850388072594f,-2.2383395236171606f,0f,0f,0f,1f],start_interpolation:0}
execute if entity @s[tag=aj.mech_torso.bone.right_hand] run data modify entity @s {} merge value {transformation:[-0.9163986504091297f,-0.2871343574325446f,-0.27886802310434505f,-0.573300211047591f,-0.3800310336384435f,0.4054302119039747f,0.8313860455571733f,0.6389671959668622f,-0.12565797626900627f,0.8678595531866304f,-0.4806556656720902f,-2.215145724338485f,0f,0f,0f,1f],start_interpolation:0}
execute if entity @s[tag=aj.mech_torso.bone.right_arm_low] run data modify entity @s {} merge value {transformation:[-0.9163986504091297f,-0.2871343574325446f,-0.27886802310434505f,-0.840511736376861f,-0.3800310336384435f,0.4054302119039747f,0.8313860455571733f,1.0822541915957f,-0.12565797626900627f,0.8678595531866304f,-0.4806556656720902f,-1.3583798489457006f,0f,0f,0f,1f],start_interpolation:0}
execute if entity @s[tag=aj.mech_torso.bone.right_arm] run data modify entity @s {} merge value {transformation:[-1.01417304074899f,-0.275915854315069f,-0.3465479235106762f,-1.0923540582899882f,-0.4205781280799692f,0.3279618753376675f,0.9697046071045435f,1.42751685563255f,-0.1390649493320477f,1.0203349588231374f,-0.40540040725767573f,-0.3172407130874898f,0f,0f,0f,1f],start_interpolation:0}
execute if entity @s[tag=aj.mech_torso.bone.torso] run data modify entity @s {} merge value {transformation:[-1.219288223265153f,-0.06347862564467247f,0.535802641343758f,0f,-4.625929269271485e-18f,1.3240733248603713f,0.15686812350180934f,0.20333875f,-0.5395498182602644f,0.1434505916935948f,-1.2108202588063395f,-0.005674375000000009f,0f,0f,0f,1f],start_interpolation:0}