execute if entity @s[tag=aj.mech_torso.bone.sword_left] run data modify entity @s {} merge value {transformation:[-0.7898380128623649f,0.5395684680192069f,2.7112076242436762f,-0.0999352316328321f,-1.1955594877619f,2.475681452541446f,-0.8409898077650981f,-0.14797902235267965f,-2.4924723518346474f,-1.3584889450642137f,-0.4557569105106202f,1.71729454405081f,0f,0f,0f,1f],start_interpolation:0}
execute if entity @s[tag=aj.mech_torso.bone.left_hand] run data modify entity @s {} merge value {transformation:[-0.27472626534343125f,0.18767598887624587f,0.9430287388673657f,-0.09135003584084989f,-0.4158467783519652f,0.861106592188329f,-0.29251819400525153f,-0.13498381052918074f,-0.8669469049859643f,-0.4725178939353787f,-0.15852414278630267f,1.7443866348316215f,0f,0f,0f,1f],start_interpolation:0}
execute if entity @s[tag=aj.mech_torso.bone.left_arm_low] run data modify entity @s {} merge value {transformation:[-0.27325776460001894f,0.6748656169041788f,0.6854827446452194f,0.5963976116897415f,-0.286072216170934f,0.6233503866818779f,-0.7277341427737216f,0.4566851274356767f,-0.918418685143574f,-0.3949565729850505f,0.022724969418095542f,1.3214396332301497f,0f,0f,0f,1f],start_interpolation:0}
execute if entity @s[tag=aj.mech_torso.bone.left_arm] run data modify entity @s {} merge value {transformation:[-0.4307975838990441f,0.2138915742517187f,0.9967125035359472f,0.8016626283298446f,-0.3841397684440556f,0.9682319796389776f,-0.373812052291204f,1.4300855860055823f,-0.9442574111652614f,-0.49147655753101394f,-0.3026560975611933f,0.7951703269813094f,0f,0f,0f,1f],start_interpolation:0}
execute if entity @s[tag=aj.mech_torso.bone.drill_right] run data modify entity @s {} merge value {transformation:[-1.5026714105326626f,-0.8367850870214609f,0.322907649501005f,2.0366158311324174f,-0.4980557201716306f,1.3024348384562388f,1.0574043650277738f,0.6999981015163241f,-0.7459350719547221f,0.8160601753020158f,-1.3565126828430123f,-0.8084451469749634f,0f,0f,0f,1f],start_interpolation:0}
execute if entity @s[tag=aj.mech_torso.bone.blaster_right] run data modify entity @s {} merge value {transformation:[-1.3237819568978217f,-0.7371678147570012f,0.28446626265564723f,2.0366158311324174f,-0.4387633725321507f,1.147383071973353f,0.9315228930006578f,0.6999981015163241f,-0.6571332776743979f,0.7189101544327281f,-1.1950230777426536f,-0.8084451469749634f,0f,0f,0f,1f],start_interpolation:0}
execute if entity @s[tag=aj.mech_torso.bone.sword_right] run data modify entity @s {} merge value {transformation:[-2.468674460160803f,-1.374718357249543f,0.5304911384659368f,0.06588548662535364f,-0.8182343974248217f,2.1397143774638208f,1.7371643139742f,0.01859527774566514f,-1.225464761068472f,1.340670287996169f,-2.2285565503849485f,-1.8087175666169535f,0f,0f,0f,1f],start_interpolation:0}
execute if entity @s[tag=aj.mech_torso.bone.right_hand] run data modify entity @s {} merge value {transformation:[-0.8586693774472358f,-0.47816290686940627f,0.18451865685771712f,0.024109477740458574f,-0.2846032686695032f,0.7442484791178507f,0.6042310657301565f,0.032959190572176f,-0.42624861254555546f,0.46632010017258047f,-0.7751501044817213f,-1.807465332628609f,0f,0f,0f,1f],start_interpolation:0}
execute if entity @s[tag=aj.mech_torso.bone.right_arm_low] run data modify entity @s {} merge value {transformation:[-0.8586693774472358f,-0.47816290686940627f,0.18451865685771712f,-0.42145380305691793f,-0.2846032686695032f,0.7442484791178507f,0.6042310657301565f,0.8049837426400162f,-0.42624861254555546f,0.46632010017258047f,-0.7751501044817213f,-1.3520484040790337f,0f,0f,0f,1f],start_interpolation:0}
execute if entity @s[tag=aj.mech_torso.bone.right_arm] run data modify entity @s {} merge value {transformation:[-0.9502843911161541f,-0.5650390776908704f,0.0496225273165188f,-0.9690057767020149f,-0.3149687772508053f,0.606181146076591f,0.8706957367717102f,1.4300855860055823f,-0.4717268530539264f,0.7335170327658037f,-0.6813211557586614f,-0.5930779935370086f,0f,0f,0f,1f],start_interpolation:0}
execute if entity @s[tag=aj.mech_torso.bone.torso] run data modify entity @s {} merge value {transformation:[-1.0492849807596203f,-0.08243597647269962f,0.8185249640133484f,0f,-4.625929269271485e-18f,1.326622292143254f,0.13360790308345039f,0.20333875f,-0.8226656714182625f,0.10514457451218859f,-1.0440036347151134f,-0.005674375000000009f,0f,0f,0f,1f],start_interpolation:0}