execute if entity @s[tag=aj.mech_torso.bone.sword_left] run data modify entity @s {} merge value {transformation:[-0.4258586305480222f,0.552623947186746f,2.7890636779721443f,-0.38401262090213845f,-1.199427669398524f,2.5220440326881373f,-0.682855887478013f,-0.13000824986614617f,-2.5779144075529326f,-1.2647235548442592f,-0.14302670083977997f,1.6400511828795752f,0f,0f,0f,1f],start_interpolation:0}
execute if entity @s[tag=aj.mech_torso.bone.left_hand] run data modify entity @s {} merge value {transformation:[-0.14812474106018164f,0.19221702510843341f,0.9701091053816154f,-0.3793837227440078f,-0.4171922328342692f,0.8772327070219608f,-0.23751509129670018f,-0.11697099259007526f,-0.8966658808879765f,-0.4399038451632206f,-0.04974841768340173f,1.6680719916573246f,0f,0f,0f,1f],start_interpolation:0}
execute if entity @s[tag=aj.mech_torso.bone.left_arm_low] run data modify entity @s {} merge value {transformation:[-0.12504185968226578f,0.73253691440889f,0.6691443807994679f,0.37015639544979484f,-0.274060509864724f,0.6226946284361853f,-0.7328998817365224f,0.47425612360857106f,-0.9535488295099984f,-0.27502921434826455f,0.12289654590381412f,1.3670848934463669f,0f,0f,0f,1f],start_interpolation:0}
execute if entity @s[tag=aj.mech_torso.bone.left_arm] run data modify entity @s {} merge value {transformation:[-0.2972515121766897f,0.3457401332572744f,1.0084033306658313f,0.7132218525511579f,-0.36974954254289194f,0.9484454069516527f,-0.4341757298095598f,1.4279490601089235f,-0.9998493850735827f,-0.45352734076523316f,-0.13923410817907567f,0.8778227576610935f,0f,0f,0f,1f],start_interpolation:0}
execute if entity @s[tag=aj.mech_torso.bone.drill_right] run data modify entity @s {} merge value {transformation:[-1.4153485885874217f,-1.0195311162968883f,0.14087113148553432f,2.1604733206550506f,-0.6293248524748222f,1.04681493812492f,1.2532472682499902f,1.1451352909104235f,-0.8143946235340316f,0.9629303132734688f,-1.2132710368824944f,-0.9055866137637743f,0f,0f,0f,1f],start_interpolation:0}
execute if entity @s[tag=aj.mech_torso.bone.blaster_right] run data modify entity @s {} merge value {transformation:[-1.246854708993681f,-0.8981583643567824f,0.12410075868963735f,2.1604733206550506f,-0.5544052271802005f,0.9221941121576677f,1.104051164886896f,1.1451352909104235f,-0.7174428826371231f,0.8482957521694843f,-1.0688340086821972f,-0.9055866137637743f,0f,0f,0f,1f],start_interpolation:0}
execute if entity @s[tag=aj.mech_torso.bone.sword_right] run data modify entity @s {} merge value {transformation:[-2.3252155383936217f,-1.6749439767734593f,0.2314311445833778f,0.30839716995554495f,-1.0338908290657793f,1.7197673983480832f,2.058906226410698f,0.2948343262450348f,-1.3379340243773377f,1.5819569432349843f,-1.9932309891640978f,-1.9989461218850566f,0f,0f,0f,1f],start_interpolation:0}
execute if entity @s[tag=aj.mech_torso.bone.right_hand] run data modify entity @s {} merge value {transformation:[-0.8087706220499553f,-0.5825892093125076f,0.08049778942030532f,0.264917175225468f,-0.3596142014141841f,0.5981799646428115f,0.7161412961428515f,0.30228950634592944f,-0.46536835630516094f,0.550245893299125f,-0.6932977353614254f,-1.9962936988539952f,0f,0f,0f,1f],start_interpolation:0}
execute if entity @s[tag=aj.mech_torso.bone.right_arm_low] run data modify entity @s {} merge value {transformation:[-0.8087706220499553f,-0.5825892093125076f,0.08049778942030532f,-0.2898823962285939f,-0.3596142014141841f,0.5981799646428115f,0.7161412961428515f,0.9340868302873984f,-0.46536835630516094f,0.550245893299125f,-0.6932977353614254f,-1.4531705986503787f,0f,0f,0f,1f],start_interpolation:0}
execute if entity @s[tag=aj.mech_torso.bone.right_arm] run data modify entity @s {} merge value {transformation:[-0.8950617295940569f,-0.6487468090009505f,-0.05257429563206526f,-0.9240860472609899f,-0.3979829389555693f,0.4747710951449895f,0.9170463271008411f,1.4279490601089235f,-0.5150204452741766f,0.7605865917566125f,-0.6172794795906288f,-0.6654603794244947f,0f,0f,0f,1f],start_interpolation:0}
execute if entity @s[tag=aj.mech_torso.bone.torso] run data modify entity @s {} merge value {transformation:[-0.9702565332220134f,-0.10507036524257982f,0.9084823916100788f,0f,-9.25185853854297e-18f,1.3245044489910183f,0.15318532038278454f,0.20333875f,-0.9145381553099782f,0.11147179342132797f,-0.963831821186369f,-0.005674375000000009f,0f,0f,0f,1f],start_interpolation:0}