execute if entity @s[tag=aj.mech_torso.bone.sword_left] run data modify entity @s {} merge value {transformation:[-1.3195081970376066f,-0.322139798908514f,2.533919704313802f,2.354289650064132f,1.2837510438911721f,-2.54931286758765f,0.34440116210657107f,1.851227489801461f,2.2082813170560702f,1.289517294615009f,1.3138735752080166f,-0.4718465099419428f,0f,0f,0f,1f],start_interpolation:0}
execute if entity @s[tag=aj.mech_torso.bone.left_hand] run data modify entity @s {} merge value {transformation:[-0.45895937288264577f,-0.11204862570730922f,0.8813633754134964f,2.3686321304667146f,0.44652210222301636f,-0.8867175191609218f,0.11979170855880733f,1.8372736741069917f,0.768097849410807f,0.4485277546486988f,0.4569995044201797f,-0.49584956773603056f,0f,0f,0f,1f],start_interpolation:0}
execute if entity @s[tag=aj.mech_torso.bone.left_arm_low] run data modify entity @s {} merge value {transformation:[-0.23047926478330066f,-0.48269013863012045f,0.844919841508166f,1.9051432598592464f,0.43097119389207195f,-0.8291271753402574f,-0.35610666540733027f,1.0104860152818824f,0.8724351772711779f,0.2820609104103602f,0.39912216710962994f,-0.17405249031377013f,0f,0f,0f,1f],start_interpolation:0}
execute if entity @s[tag=aj.mech_torso.bone.left_arm] run data modify entity @s {} merge value {transformation:[-0.25507005787330095f,-0.9275182510800625f,-0.5471938760840815f,0.9550804480704331f,0.476953306281725f,0.4068743138822473f,-0.9119982537613815f,1.437558288882462f,0.965518921480812f,-0.44602148507696426f,0.3059575553018708f,-0.6001880195501454f,0f,0f,0f,1f],start_interpolation:0}
execute if entity @s[tag=aj.mech_torso.bone.drill_right] run data modify entity @s {} merge value {transformation:[-1.2259449817058503f,-0.31545695933307094f,-1.2083235529602885f,0.17790674623043912f,0.6871145564956923f,1.2435186114902086f,-1.0217803331094177f,-1.0331352602564277f,1.042800310741213f,-1.1902303851296174f,-0.7472744758335004f,-0.2793839019813915f,0f,0f,0f,1f],start_interpolation:0}
execute if entity @s[tag=aj.mech_torso.bone.blaster_right] run data modify entity @s {} merge value {transformation:[-1.0799991505503919f,-0.2779025594124672f,-1.0644755109412065f,0.17790674623043912f,0.6053152045319193f,1.095480681550898f,-0.9001398172630584f,-1.0331352602564277f,0.9186574166053542f,-1.0485362916618057f,-0.6583132287104645f,-0.2793839019813915f,0f,0f,0f,1f],start_interpolation:0}
execute if entity @s[tag=aj.mech_torso.bone.sword_right] run data modify entity @s {} merge value {transformation:[-2.0140524699453257f,-0.5182507189043308f,-1.9851029798633313f,-1.4364588196070582f,1.128831057100066f,2.0429234331624855f,-1.6786391186797576f,-0.14736814294944503f,1.7131719390748499f,-1.9553784898558002f,-1.2276652102978933f,1.1198563369468115f,0f,0f,0f,1f],start_interpolation:0}
execute if entity @s[tag=aj.mech_torso.bone.right_hand] run data modify entity @s {} merge value {transformation:[-0.7005399895462002f,-0.18026111961889768f,-0.6904706016915935f,-1.4639838542684676f,0.3926368894261099f,0.7105820637086906f,-0.5838744760625244f,-0.11289255066398252f,0.5958858918521217f,-0.6801316486454957f,-0.4270139861905716f,1.1172236570470186f,0f,0f,0f,1f],start_interpolation:0}
execute if entity @s[tag=aj.mech_torso.bone.right_arm_low] run data modify entity @s {} merge value {transformation:[-0.7005399895462002f,-0.18026111961889768f,-0.6904706016915935f,-1.6439303055169088f,0.3926368894261099f,0.7105820637086906f,-0.5838744760625244f,0.5671735328731882f,0.5958858918521217f,-0.6801316486454957f,-0.4270139861905716f,0.4051263872126889f,0f,0f,0f,1f],start_interpolation:0}
execute if entity @s[tag=aj.mech_torso.bone.right_arm] run data modify entity @s {} merge value {transformation:[-0.7752835199475075f,0.656488749174044f,-0.43901020994930157f,-0.9546906982308014f,0.4345289551460209f,0.868292232959437f,0.5310604145067209f,1.437558288882462f,0.6594634405117074f,0.19965745396614187f,-0.8660351322193851f,0.5894649419286504f,0f,0f,0f,1f],start_interpolation:0}
execute if entity @s[tag=aj.mech_torso.bone.torso] run data modify entity @s {} merge value {transformation:[-1.131716234845176f,-0.0066441771987298635f,-0.7049482225489956f,0f,0f,1.3332741161452664f,-0.012566184577525341f,0.20333875f,0.7049795327281753f,-0.010666016322334871f,-1.131665972055338f,-0.005674375000000009f,0f,0f,0f,1f],start_interpolation:0}