execute if entity @s[tag=aj.mech_torso.bone.sword_left] run data modify entity @s {} merge value {transformation:[-1.490537864978168f,0.46028230665409375f,2.4149662671034373f,0.4319610227211971f,-1.1274139426981846f,2.381709142629431f,-1.1497931821528244f,-0.16577330902068177f,-2.1846875462811743f,-1.5431224054159052f,-1.054295294036434f,1.7317576119995166f,0f,0f,0f,1f],start_interpolation:0}
execute if entity @s[tag=aj.mech_torso.bone.left_hand] run data modify entity @s {} merge value {transformation:[-0.5184479530358845f,0.16009819361881522f,0.8399882668185868f,0.4481625212535685f,-0.3921439800689338f,0.8284205713493673f,-0.39992806335750414f,-0.1535188096435276f,-0.7598913204456259f,-0.5367382279707497f,-0.36671140662136836f,1.7555042157634424f,0f,0f,0f,1f],start_interpolation:0}
execute if entity @s[tag=aj.mech_torso.bone.left_arm_low] run data modify entity @s {} merge value {transformation:[-0.5457420515935533f,0.5188305505560905f,0.6580125173065656f,0.9705015238631907f,-0.2952147275637387f,0.6158698336191437f,-0.730446858208998f,0.43029909942021805f,-0.7842282051494495f,-0.5928905530092314f,-0.1829396468797309f,1.1323896673782992f,0f,0f,0f,1f],start_interpolation:0}
execute if entity @s[tag=aj.mech_torso.bone.left_arm] run data modify entity @s {} merge value {transformation:[-0.6749998252183612f,-0.01229421201985513f,0.8769242081502943f,0.9389438143239752f,-0.3868150727976767f,0.9973085872879168f,-0.2837633868425166f,1.4331815787025661f,-0.7870967627590256f,-0.4795794122005431f,-0.6125799963936723f,0.6226520817353246f,0f,0f,0f,1f],start_interpolation:0}
execute if entity @s[tag=aj.mech_torso.bone.drill_right] run data modify entity @s {} merge value {transformation:[-1.6289886419742006f,-0.4282869335941032f,0.47483292517643394f,1.6945389270623514f,-0.2683324559165484f,1.637378855314655f,0.5563166160292754f,0.008925152907823142f,-0.5804254451872713f,0.445040207937475f,-1.5898256243683222f,-0.5842890915315175f,0f,0f,0f,1f],start_interpolation:0}
execute if entity @s[tag=aj.mech_torso.bone.blaster_right] run data modify entity @s {} merge value {transformation:[-1.4350614226915577f,-0.37730039388051945f,0.4183051959887632f,1.6945389270623514f,-0.2363881159264831f,1.4424528011105293f,0.49008844745436164f,0.008925152907823142f,-0.5113271779030724f,0.39205923080206123f,-1.400560669086379f,-0.5842890915315175f,0f,0f,0f,1f],start_interpolation:0}
execute if entity @s[tag=aj.mech_torso.bone.sword_right] run data modify entity @s {} merge value {transformation:[-2.6761956261004727f,-0.7036142480474553f,0.7800826627898558f,-0.4504052260179475f,-0.44083189186290095f,2.6899795480169333f,0.9139487263338096f,-0.37489592911252034f,-0.9535560885219458f,0.7311374844687089f,-2.611856382890815f,-1.3592270049564381f,0f,0f,0f,1f],start_interpolation:0}
execute if entity @s[tag=aj.mech_torso.bone.right_hand] run data modify entity @s {} merge value {transformation:[-0.9308506525566861f,-0.24473539062520183f,0.2713331001008194f,-0.4871422898673815f,-0.15333283195231337f,0.9356450601798029f,0.31789520915958597f,-0.3504486719804113f,-0.33167168296415506f,0.2543086902499857f,-0.908471785353327f,-1.361644598478756f,0f,0f,0f,1f],start_interpolation:0}
execute if entity @s[tag=aj.mech_torso.bone.right_arm_low] run data modify entity @s {} merge value {transformation:[-0.9308506525566861f,-0.24473539062520183f,0.2713331001008194f,-0.6943094382220363f,-0.15333283195231337f,0.9356450601798029f,0.31789520915958597f,0.5999222644841384f,-0.33167168296415506f,0.2543086902499857f,-0.908471785353327f,-1.125360911428432f,0f,0f,0f,1f],start_interpolation:0}
execute if entity @s[tag=aj.mech_torso.bone.right_arm] run data modify entity @s {} merge value {transformation:[-1.0301669872223447f,-0.36681124018407324f,0.17022770352057073f,-1.0380990219354387f,-0.1696925506801055f,0.8149869601399535f,0.7292274484545584f,1.4331815787025661f,-0.36705911678494646f,0.6527003503986251f,-0.8148753499208297f,-0.4514995014201121f,0f,0f,0f,1f],start_interpolation:0}
execute if entity @s[tag=aj.mech_torso.bone.torso] run data modify entity @s {} merge value {transformation:[-1.1715809400055786f,-0.04738915724122032f,0.6347677894863515f,0f,0f,1.329633125102062f,0.09926495055709125f,0.20333875f,-0.6365342714995179f,0.08722269306246319f,-1.168329619927222f,-0.005674375000000009f,0f,0f,0f,1f],start_interpolation:0}