execute if entity @s[tag=aj.mech_torso.bone.sword_left] run data modify entity @s {} merge value {transformation:[-1.727671388650851f,0.4126942822296548f,2.2606326553096125f,0.6187653975601589f,-1.0895904642396959f,2.3430104706414685f,-1.260444189443693f,-0.1716527051212086f,-2.0232570753799837f,-1.6141903121625387f,-1.251577182216679f,1.692711386427443f,0f,0f,0f,1f],start_interpolation:0}
execute if entity @s[tag=aj.mech_torso.bone.left_hand] run data modify entity @s {} merge value {transformation:[-0.6009291786611656f,0.14354583729727124f,0.786307010542474f,0.6375444343933203f,-0.3789879875616334f,0.8149601637013804f,-0.4384153702412845f,-0.15980933050990753f,-0.703741591436516f,-0.5614574998826222f,-0.43533119381449703f,1.7147033111598342f,0f,0f,0f,1f],start_interpolation:0}
execute if entity @s[tag=aj.mech_torso.bone.left_arm_low] run data modify entity @s {} merge value {transformation:[-0.6340440673880977f,0.44830567831446544f,0.6300874061596251f,1.085726467044396f,-0.2950513671418656f,0.6129163443717871f,-0.7329926640489938f,0.4209806378871652f,-0.7147956430740701f,-0.6506578006855308f,-0.2563427686699874f,1.0336974351073016f,0f,0f,0f,1f],start_interpolation:0}
execute if entity @s[tag=aj.mech_torso.bone.left_arm] run data modify entity @s {} merge value {transformation:[-0.754399895952788f,-0.08341630303187644f,0.8054157286202852f,0.9796281959989757f,-0.3820801795458434f,1.0072205042884268f,-0.253561768950312f,1.4340726876000915f,-0.7139100166818412f,-0.4509108056628157f,-0.7153907407507255f,0.5551692560105697f,0f,0f,0f,1f],start_interpolation:0}
execute if entity @s[tag=aj.mech_torso.bone.drill_right] run data modify entity @s {} merge value {transformation:[-1.6625139909082294f,-0.27794672279656274f,0.4704177391649279f,1.5512936423832735f,-0.18773953542244648f,1.7055128048112982f,0.3442091507558475f,-0.19484506828505893f,-0.5131287332373382f,0.27653515492853464f,-1.6500688504468217f,-0.4772340702661352f,0f,0f,0f,1f],start_interpolation:0}
execute if entity @s[tag=aj.mech_torso.bone.blaster_right] run data modify entity @s {} merge value {transformation:[-1.4645956586572497f,-0.24485782722554336f,0.4144156273595793f,1.5512936423832735f,-0.16538959072929807f,1.5024755661432863f,0.30323187090396087f,-0.19484506828505893f,-0.45204197928051215f,0.24361430315132815f,-1.4536320825364857f,-0.4772340702661352f,0f,0f,0f,1f],start_interpolation:0}
execute if entity @s[tag=aj.mech_torso.bone.sword_right] run data modify entity @s {} merge value {transformation:[-2.73127298506352f,-0.4566267588800674f,0.7728291429138102f,-0.6406365112669483f,-0.30842923676544776f,2.8019138936185612f,0.5654864619560352f,-0.47338504017920785f,-0.8429972046041985f,0.4543077545254498f,-2.7108273971626358f,-1.1602351669534845f,0f,0f,0f,1f],start_interpolation:0}
execute if entity @s[tag=aj.mech_torso.bone.right_hand] run data modify entity @s {} merge value {transformation:[-0.9500079948047025f,-0.158826698740893f,0.2688101366656731f,-0.6752875954402482f,-0.10727973452711227f,0.9745787456064561f,0.19669094328905573f,-0.44628194608297833f,-0.2932164189927647f,0.15802008853059124f,-0.9428964859696124f,-1.1644600522804274f,0f,0f,0f,1f],start_interpolation:0}
execute if entity @s[tag=aj.mech_torso.bone.right_arm_low] run data modify entity @s {} merge value {transformation:[-0.9500079948047025f,-0.158826698740893f,0.2688101366656731f,-0.7960262275726919f,-0.10727973452711227f,0.9745787456064561f,0.19669094328905573f,0.537795883205233f,-0.2932164189927647f,0.15802008853059124f,-0.9428964859696124f,-1.0267424658428626f,0f,0f,0f,1f],start_interpolation:0}
execute if entity @s[tag=aj.mech_torso.bone.right_arm] run data modify entity @s {} merge value {transformation:[-1.0513683061370613f,-0.2871260049637918f,0.19223766711559673f,-1.0582138352759487f,-0.11872585640270375f,0.8783947805598636f,0.6626452739140762f,1.4340726876000915f,-0.32450090047018193f,0.608895102043652f,-0.8652848657149388f,-0.3986126140044204f,0f,0f,0f,1f],start_interpolation:0}
execute if entity @s[tag=aj.mech_torso.bone.torso] run data modify entity @s {} merge value {transformation:[-1.2076100926073625f,-0.03696611490486394f,0.5639939258178723f,0f,0f,1.3304785643181378f,0.08720417230685741f,0.20333875f,-0.565204071119994f,0.07898147894642435f,-1.2050245067012528f,-0.005674375000000009f,0f,0f,0f,1f],start_interpolation:0}