execute if entity @s[tag=aj.mech_torso.bone.sword_left] run data modify entity @s {} merge value {transformation:[-2.221042618193704f,0.6067053921739445f,1.7217732880011585f,-0.1401802552001814f,0.9937547102919377f,2.676430328793998f,0.3388174595327654f,-0.3285010015764947f,-1.5313543887486813f,0.8568863764926545f,-2.2773503186469672f,1.648790517017189f,0f,0f,0f,1f],start_interpolation:0}
execute if entity @s[tag=aj.mech_torso.bone.left_hand] run data modify entity @s {} merge value {transformation:[-0.772536562849984f,0.21102796249528505f,0.5988776653917073f,-0.1160384876111194f,0.3456538122754566f,0.9309322882761732f,0.11784955114183143f,-0.3393026832101027f,-0.53264500478215f,0.2980474353017929f,-0.7921218499641625f,1.6654356734166311f,0f,0f,0f,1f],start_interpolation:0}
execute if entity @s[tag=aj.mech_torso.bone.left_arm_low] run data modify entity @s {} merge value {transformation:[-0.8145866375510662f,0.46524604498515f,0.3464025513025618f,0.3345768046787648f,0.1944671070732678f,0.7816911703222998f,-0.5925719015501051f,0.429947712284796f,-0.5464715492958462f,-0.4153372507563329f,-0.7272302344817415f,1.2102952419172486f,0f,0f,0f,1f],start_interpolation:0}
execute if entity @s[tag=aj.mech_torso.bone.left_arm] run data modify entity @s {} merge value {transformation:[-0.9199297114235718f,0.41990388348045543f,0.4496465647730495f,0.7354500348772847f,0.20474745437671807f,0.9716946588732411f,-0.48852834961494024f,1.423496682090518f,-0.5801549659361935f,-0.32289657336254846f,-0.8853982137684301f,0.8656756539536605f,0f,0f,0f,1f],start_interpolation:0}
execute if entity @s[tag=aj.mech_torso.bone.drill_right] run data modify entity @s {} merge value {transformation:[-1.3615450312100823f,-0.8704035116321664f,-0.6716344652603288f,1.888232000072301f,-0.9218547331601818f,0.32131079567327103f,1.4523922416255115f,2.1624363967957074f,-0.5990650873964414f,1.4837982004040173f,-0.7084941224459752f,-1.5783984664784803f,0f,0f,0f,1f],start_interpolation:0}
execute if entity @s[tag=aj.mech_torso.bone.blaster_right] run data modify entity @s {} merge value {transformation:[-1.1994563370184057f,-0.7667840459616704f,-0.5916779813007658f,1.888232000072301f,-0.8121101220696839f,0.2830595104740721f,1.27948840333676f,2.1624363967957074f,-0.5277478150873411f,1.307155557498777f,-0.6241495840595496f,-1.5783984664784803f,0f,0f,0f,1f],start_interpolation:0}
execute if entity @s[tag=aj.mech_torso.bone.sword_right] run data modify entity @s {} merge value {transformation:[-2.236823979845135f,-1.429948626252845f,-1.1033994786419687f,0.10459041439526678f,-1.51447563304887f,0.5278677357489452f,2.386072968384769f,0.9385335209113017f,-0.9841783578655823f,2.437668472092314f,-1.1639546297326735f,-2.396516585545278f,0f,0f,0f,1f],start_interpolation:0}
execute if entity @s[tag=aj.mech_torso.bone.right_hand] run data modify entity @s {} merge value {transformation:[-0.778025732120047f,-0.49737343521838084f,-0.3837911230059022f,0.06473419041594092f,-0.5267741332343896f,0.18360616895615486f,0.8299384237860066f,0.9278095220276069f,-0.3423229070836808f,0.8478846859451528f,-0.404853784254843f,-2.380717779955857f,0f,0f,0f,1f],start_interpolation:0}
execute if entity @s[tag=aj.mech_torso.bone.right_arm_low] run data modify entity @s {} merge value {transformation:[-0.778025732120047f,-0.49737343521838084f,-0.3837911230059022f,-0.4203194132676229f,-0.5267741332343896f,0.18360616895615486f,0.8299384237860066f,1.1538129583906491f,-0.3423229070836808f,0.8478846859451528f,-0.404853784254843f,-1.5347871839223033f,0f,0f,0f,1f],start_interpolation:0}
execute if entity @s[tag=aj.mech_torso.bone.right_arm] run data modify entity @s {} merge value {transformation:[-0.8610365392538187f,-0.5710917385665962f,-0.39653787050522304f,-0.9765442787964814f,-0.5829778604013884f,0.24910164064537474f,0.9071147476717757f,1.423496682090518f,-0.37884676438588494f,0.9146445087042245f,-0.494643841916162f,-0.5943159453196678f,0f,0f,0f,1f],start_interpolation:0}
execute if entity @s[tag=aj.mech_torso.bone.torso] run data modify entity @s {} merge value {transformation:[-1.0145151488437132f,-0.12190495701104204f,0.8565488730951271f,0f,0f,1.3200315436220766f,0.18786830925011017f,0.20333875f,-0.8651802069767871f,0.14294643429141923f,-1.0043939984671106f,-0.005674375000000009f,0f,0f,0f,1f],start_interpolation:0}