execute if entity @s[tag=aj.mech_torso.bone.sword_left] run data modify entity @s {} merge value {transformation:[-1.0118574285938882f,0.5224143717548009f,2.639858475067063f,0.06711066933969015f,-1.180863722932171f,2.4480719375715094f,-0.9370857251808118f,-0.15452152759645807f,-2.4181253921296415f,-1.4140905249166027f,-0.6470259463722856f,1.7408920503617504f,0f,0f,0f,1f],start_interpolation:0}
execute if entity @s[tag=aj.mech_torso.bone.left_hand] run data modify entity @s {} merge value {transformation:[-0.35195040994570026f,0.18170934669732203f,0.9182116435015871f,0.07810911965049327f,-0.4107352079764073f,0.8515032826335686f,-0.3259428609324563f,-0.14168605234719533f,-0.8410870929146579f,-0.4918575738840357f,-0.22505250308601238f,1.7671760220153334f,0f,0f,0f,1f],start_interpolation:0}
execute if entity @s[tag=aj.mech_torso.bone.left_arm_low] run data modify entity @s {} merge value {transformation:[-0.3613097844190304f,0.6327297737567877f,0.6849147925725927f,0.7209515499120798f,-0.2905607967888204f,0.621563900529254f,-0.7274838423829806f,0.4480639532079399f,-0.8860189970043075f,-0.461856418122065f,-0.04073065168809409f,1.276358677371631f,0f,0f,0f,1f],start_interpolation:0}
execute if entity @s[tag=aj.mech_torso.bone.left_arm] run data modify entity @s {} merge value {transformation:[-0.5097839633906813f,0.1396462874854418f,0.9723122973588524f,0.8485128299993937f,-0.387771477851462f,0.9778744616865613f,-0.34375397696628784f,1.4311638406786789f,-0.9025107036310479f,-0.4990314920992255f,-0.40151460528683036f,0.7435882825696053f,0f,0f,0f,1f],start_interpolation:0}
execute if entity @s[tag=aj.mech_torso.bone.drill_right] run data modify entity @s {} merge value {transformation:[-1.5474127311883f,-0.7146730625820945f,0.3965554853685619f,1.9418642436798426f,-0.4247469064718294f,1.4285878007654644f,0.9171842568135941f,0.4644541746708134f,-0.6982864059961191f,0.7147582172480589f,-1.4366686417115808f,-0.7475671195130149f,0f,0f,0f,1f],start_interpolation:0}
execute if entity @s[tag=aj.mech_torso.bone.blaster_right] run data modify entity @s {} merge value {transformation:[-1.3631969298563593f,-0.6295929360842261f,0.3493464990151616f,1.9418642436798426f,-0.3741817985585163f,1.2585178244838613f,0.8079956548119757f,0.4644541746708134f,-0.6151570719489621f,0.6296679532899566f,-1.26563666055544f,-0.7475671195130149f,0f,0f,0f,1f],start_interpolation:0}
execute if entity @s[tag=aj.mech_torso.bone.sword_right] run data modify entity @s {} merge value {transformation:[-2.5421780583807783f,-1.1741057456705837f,0.6514840116769232f,-0.0901691321300164f,-0.6977984892037197f,2.34696567268612f,1.5068027076223331f,-0.12232901960920152f,-1.1471848098507673f,1.174245642621811f,-2.36024133995474f,-1.6830662670301735f,0f,0f,0f,1f],start_interpolation:0}
execute if entity @s[tag=aj.mech_torso.bone.right_hand] run data modify entity @s {} merge value {transformation:[-0.8842358463933142f,-0.40838460718976827f,0.22660313449632108f,-0.13056352130448773f,-0.2427125179839025f,0.816335886151694f,0.524105289607768f,-0.10440328935395804f,-0.3990208034263538f,0.4084332669988908f,-0.8209535095494748f,-1.6827721275435317f,0f,0f,0f,1f],start_interpolation:0}
execute if entity @s[tag=aj.mech_torso.bone.right_arm_low] run data modify entity @s {} merge value {transformation:[-0.8842358463933142f,-0.40838460718976827f,0.22660313449632108f,-0.5042344103414549f,-0.2427125179839025f,0.816335886151694f,0.524105289607768f,0.7358956532849756f,-0.3990208034263538f,0.4084332669988908f,-0.8209535095494748f,-1.2875242576109884f,0f,0f,0f,1f],start_interpolation:0}
execute if entity @s[tag=aj.mech_torso.bone.right_arm] run data modify entity @s {} merge value {transformation:[-0.9785786531610436f,-0.5077414990408078f,0.09671798314346258f,-0.9927420936682633f,-0.26860852782976335f,0.676493538455856f,0.83365336305843f,1.4311638406786789f,-0.4415939955305925f,0.7136715218595292f,-0.7214150542732375f,-0.5495784916979717f,0f,0f,0f,1f],start_interpolation:0}
execute if entity @s[tag=aj.mech_torso.bone.torso] run data modify entity @s {} merge value {transformation:[-1.091114028840093f,-0.07048957272972135f,0.7630721944760532f,0f,0f,1.3276805990809217f,0.12264585032483666f,0.20333875f,-0.7663210514178234f,0.10036545590133868f,-1.0864881956070096f,-0.005674375000000009f,0f,0f,0f,1f],start_interpolation:0}