execute if entity @s[tag=aj.mech_torso.bone.sword_left] run data modify entity @s {} merge value {transformation:[-2.471375647312912f,0.11139713764356517f,1.4647587130969746f,1.2566388111135867f,-0.8900719138470938f,2.1670229744683875f,-1.6665558545415613f,-0.20290876433673483f,-1.1686314209575472f,-1.8860612677882453f,-1.8283048148762673f,1.3258894217396884f,0f,0f,0f,1f],start_interpolation:0}
execute if entity @s[tag=aj.mech_torso.bone.left_hand] run data modify entity @s {} merge value {transformation:[-0.8596089208044911f,0.03874683048471832f,0.5094812915119912f,1.283501589888727f,-0.309590230903337f,0.7537471215542217f,-0.5796716015796735f,-0.19323406962100553f,-0.4064804942461034f,-0.6560213105350419f,-0.6359321095221799f,1.3385919371848791f,0f,0f,0f,1f],start_interpolation:0}
execute if entity @s[tag=aj.mech_torso.bone.left_arm_low] run data modify entity @s {} merge value {transformation:[-0.8897666274868876f,0.12563102895464975f,0.43878490536298775f,1.3950394400270048f,-0.27996134368762204f,0.6090433750817049f,-0.7420834274592762f,0.3838704063623588f,-0.3604677442590825f,-0.7831238802596189f,-0.5067346381646778f,0.5283679824745178f,0f,0f,0f,1f],start_interpolation:0}
execute if entity @s[tag=aj.mech_torso.bone.left_arm] run data modify entity @s {} merge value {transformation:[-0.9899575128971688f,-0.27094081347115695f,0.41394103056844656f,1.0916633153977933f,-0.3403438438565797f,1.0450131865089947f,-0.1299441668766752f,1.4365587865777005f,-0.35905733405879336f,-0.243537459442963f,-1.0181057485549756f,0.27066337703534205f,0f,0f,0f,1f],start_interpolation:0}
execute if entity @s[tag=aj.mech_torso.bone.drill_right] run data modify entity @s {} merge value {transformation:[-1.7301770435481811f,0.18484047160035996f,0.18660492500851153f,1.0085803490850929f,0.11942845670545695f,1.6609784146190492f,-0.5379475345222269f,-0.7267718399129381f,-0.23393213055890483f,-0.5191191638035975f,-1.6547782486073548f,0.09417564692172598f,0f,0f,0f,1f],start_interpolation:0}
execute if entity @s[tag=aj.mech_torso.bone.blaster_right] run data modify entity @s {} merge value {transformation:[-1.5242035859829213f,0.16283565355269805f,0.16439005298368872f,1.0085803490850929f,0.10521078328814062f,1.4632428890691622f,-0.4739061613648189f,-0.7267718399129381f,-0.20608306739713045f,-0.4573192633507882f,-1.4577808380588602f,0.09417564692172598f,0f,0f,0f,1f],start_interpolation:0}
execute if entity @s[tag=aj.mech_torso.bone.sword_right] run data modify entity @s {} merge value {transformation:[-2.8424337144005833f,0.30366648905773425f,0.30656523394255464f,-1.2810257525964386f,0.19620389315896497f,2.728750252588438f,-0.8837709495722299f,-0.5986159938132102f,-0.3843170716324865f,-0.8528386262487673f,-2.718564265569226f,-0.20567896910604833f,0f,0f,0f,1f],start_interpolation:0}
execute if entity @s[tag=aj.mech_torso.bone.right_hand] run data modify entity @s {} merge value {transformation:[-0.9886725963132463f,0.10562312662877713f,0.10663138571914944f,-1.3086210485240783f,0.06824483240311825f,0.9491305226394566f,-0.30739859115555823f,-0.5668230139681297f,-0.13367550317651705f,-0.29663952217348427f,-0.9455875706327742f,-0.21912631364823587f,0f,0f,0f,1f],start_interpolation:0}
execute if entity @s[tag=aj.mech_torso.bone.right_arm_low] run data modify entity @s {} merge value {transformation:[-0.9886725963132463f,0.10562312662877713f,0.10663138571914944f,-1.1687696724567889f,0.06824483240311825f,0.9491305226394566f,-0.30739859115555823f,0.3705686516851183f,-0.13367550317651705f,-0.29663952217348427f,-0.9455875706327742f,-0.5411380879297282f,0f,0f,0f,1f],start_interpolation:0}
execute if entity @s[tag=aj.mech_torso.bone.right_arm] run data modify entity @s {} merge value {transformation:[-1.094158195083058f,0.02568192835062457f,0.16410442170400613f,-1.111766920575655f,0.0755261579256753f,1.0507424501733433f,0.3391284143311098f,1.4365587865777005f,-0.1479378995916829f,0.34648624863613325f,-1.0405929251654986f,-0.18474324917687487f,0f,0f,0f,1f],start_interpolation:0}
execute if entity @s[tag=aj.mech_torso.bone.torso] run data modify entity @s {} merge value {transformation:[-1.3057364361324137f,-0.008236603124395715f,0.2697448711337655f,0f,0f,1.3327121853693633f,0.04069408735667888f,0.20333875f,-0.2698705933109433f,0.03985181444757825f,-1.3051281444858251f,-0.005674375000000009f,0f,0f,0f,1f],start_interpolation:0}