execute if entity @s[tag=aj.mech_torso.bone.sword_left] run data modify entity @s {} merge value {transformation:[-0.8492986071790469f,0.789293595359213f,2.6308425449214297f,2.1192339735121157f,1.2944244781577838f,-2.3137568279411798f,1.1120339974575963f,1.9700285775648785f,2.422556943848726f,1.5130003177397224f,0.32813547862098214f,-1.01365986948702f,0f,0f,0f,1f],start_interpolation:0}
execute if entity @s[tag=aj.mech_torso.bone.left_hand] run data modify entity @s {} merge value {transformation:[-0.295408211192712f,0.2745369027336393f,0.9150756677987582f,2.128465480111888f,0.45023460109835955f,-0.8047849836317147f,0.3867944338982944f,1.9559587462805548f,0.8426285022082526f,0.5262609800833817f,0.11413407952034162f,-1.0399920101810278f,0f,0f,0f,1f],start_interpolation:0}
execute if entity @s[tag=aj.mech_torso.bone.left_arm_low] run data modify entity @s {} merge value {transformation:[0.0051949901558179246f,-0.19605536405292778f,0.9805790668290628f,1.9632155553397375f,0.47316018160916357f,-0.8633933953731417f,-0.17513219968247168f,1.101878725342622f,0.8809610971075081f,0.46488077939630074f,0.08828027147117251f,-0.5448224380166434f,0f,0f,0f,1f],start_interpolation:0}
execute if entity @s[tag=aj.mech_torso.bone.left_arm] run data modify entity @s {} merge value {transformation:[0.005749265301334456f,-1.0480624904801934f,-0.35539265683322413f,0.8979794017957661f,0.523643612885802f,0.31567182728502613f,-0.9224535991996914f,1.4375583374591905f,0.9749545072291462f,-0.16336551668273047f,0.4975413503685754f,-0.6833601501823752f,0f,0f,0f,1f],start_interpolation:0}
execute if entity @s[tag=aj.mech_torso.bone.drill_right] run data modify entity @s {} merge value {transformation:[-1.080376508176239f,-0.3755990594482014f,-1.324466665160941f,-0.009638806339483663f,0.7240116788136591f,1.2769688650806725f,-0.9527106625602579f,-1.0250666797210364f,1.1709370988752315f,-1.136123172968585f,-0.632953747379262f,-0.3950009127960723f,0f,0f,0f,1f],start_interpolation:0}
execute if entity @s[tag=aj.mech_torso.bone.blaster_right] run data modify entity @s {} merge value {transformation:[-0.9517602572028773f,-0.33088488570436786f,-1.1667920621655907f,-0.009638806339483663f,0.6378198122882234f,1.1249487620948782f,-0.8392927265411795f,-1.0250666797210364f,1.0315398251996086f,-1.0008704142818488f,-0.5576021107864927f,-0.3950009127960723f,0f,0f,0f,1f],start_interpolation:0}
execute if entity @s[tag=aj.mech_torso.bone.sword_right] run data modify entity @s {} merge value {transformation:[-1.7749042634323928f,-0.6170555976649023f,-2.1759095213358317f,-1.4305720660822245f,1.1894477580510114f,2.0978774212039624f,-1.5651675170632808f,-0.09113997673657029f,1.9236823767235947f,-1.8664880698769613f,-1.0398525849802163f,1.1725967388063514f,0f,0f,0f,1f],start_interpolation:0}
execute if entity @s[tag=aj.mech_torso.bone.right_hand] run data modify entity @s {} merge value {transformation:[-0.6173580046721366f,-0.21462803397040078f,-0.7568380943776806f,-1.456571629789804f,0.4137209593220909f,0.7296964943318129f,-0.5444060928915759f,-0.055408181309885784f,0.6691069136429895f,-0.6492132416963343f,-0.3616878556452926f,1.1732184160546844f,0f,0f,0f,1f],start_interpolation:0}
execute if entity @s[tag=aj.mech_torso.bone.right_arm_low] run data modify entity @s {} merge value {transformation:[-0.6173580046721366f,-0.21462803397040078f,-0.7568380943776806f,-1.675558416563503f,0.4137209593220909f,0.7296964943318129f,-0.5444060928915759f,0.64434684264025f,0.6691069136429895f,-0.6492132416963343f,-0.3616878556452926f,0.49179283781809113f,0f,0f,0f,1f],start_interpolation:0}
execute if entity @s[tag=aj.mech_torso.bone.right_arm] run data modify entity @s {} merge value {transformation:[-0.6832265025156264f,0.7460974766551566f,-0.44867814758811375f,-0.897827300447565f,0.45786257230949534f,0.7930228796744356f,0.6214889827865219f,1.4375583374591905f,0.7404967182050336f,0.19805364469179f,-0.798255186444724f,0.6722128977121056f,0f,0f,0f,1f],start_interpolation:0}
execute if entity @s[tag=aj.mech_torso.bone.torso] run data modify entity @s {} merge value {transformation:[-1.0641817494775294f,-0.007728556991093802f,-0.8032653678975323f,0f,0f,1.333271623079757f,-0.01282797209414173f,0.20333875f,0.803302546900433f,-0.010238470339044507f,-1.0641324962833207f,-0.005674375000000009f,0f,0f,0f,1f],start_interpolation:0}