execute if entity @s[tag=aj.mech_torso.bone.sword_left] run data modify entity @s {} merge value {transformation:[-0.8840128839880801f,0.06571775230392132f,2.7349273112781622f,-0.6113433422806914f,-0.3505418393362931f,2.8477566354615815f,-0.18173487298607185f,-0.16143602472991292f,-2.7131654280227377f,-0.38934345020387295f,-0.8676232119794505f,1.6585463193777878f,0f,0f,0f,1f],start_interpolation:0}
execute if entity @s[tag=aj.mech_torso.bone.left_hand] run data modify entity @s {} merge value {transformation:[-0.3074827422567235f,0.022858348627450897f,0.9512790647924043f,-0.6017345065851688f,-0.12192759629088457f,0.9905240471170718f,-0.06321212973428586f,-0.15762578734582278f,-0.9437097140948653f,-0.1354238087665645f,-0.30178198677546103f,1.6880372479432524f,0f,0f,0f,1f],start_interpolation:0}
execute if entity @s[tag=aj.mech_torso.bone.left_arm_low] run data modify entity @s {} merge value {transformation:[-0.3113137293600539f,0.6768406933748153f,0.6670610449605302f,0.08622329040216137f,-0.09229978666627625f,0.6770881820802103f,-0.730090640310281f,0.49376269389137006f,-0.945814205482924f,-0.28885683214910357f,-0.14831459546345943f,1.3649888907645744f,0f,0f,0f,1f],start_interpolation:0}
execute if entity @s[tag=aj.mech_torso.bone.left_arm] run data modify entity @s {} merge value {transformation:[-0.46518816635914745f,0.5053321055075908f,0.8677623012995594f,0.5867784619956229f,-0.1319559521396575f,0.9172975969337963f,-0.6049171215037868f,1.422507241395376f,-0.9954695249520995f,-0.3577381169749401f,-0.32532421226968866f,0.9732241039694625f,0f,0f,0f,1f],start_interpolation:0}
execute if entity @s[tag=aj.mech_torso.bone.drill_right] run data modify entity @s {} merge value {transformation:[-1.265771149719513f,-1.051863150200683f,-0.5949010924411184f,2.0772397838734378f,-0.9104083440868678f,0.2635271301209327f,1.4711254530825137f,2.2173005985548864f,-0.7946571861845514f,1.3735491854826747f,-0.737822872717518f,-1.3290383207715237f,0f,0f,0f,1f],start_interpolation:0}
execute if entity @s[tag=aj.mech_torso.bone.blaster_right] run data modify entity @s {} merge value {transformation:[-1.1150841080862377f,-0.9266413466053635f,-0.5240795338171756f,2.0772397838734378f,-0.8020263983622405f,0.23215485272558353f,1.2959914705726905f,2.2173005985548864f,-0.7000551402102f,1.2100314253061657f,-0.6499868164416229f,-1.3290383207715237f,0f,0f,0f,1f],start_interpolation:0}
execute if entity @s[tag=aj.mech_torso.bone.sword_right] run data modify entity @s {} merge value {transformation:[-2.0794811745392f,-1.7280608896154077f,-0.9773375090104088f,0.42339689228337896f,-1.4956708509998542f,0.432937428055818f,2.4168489586355584f,1.0095551594022227f,-1.3055082344460487f,2.2565450904358224f,-1.212137576607351f,-2.4036486951133003f,0f,0f,0f,1f],start_interpolation:0}
execute if entity @s[tag=aj.mech_torso.bone.right_hand] run data modify entity @s {} merge value {transformation:[-0.7232977998397218f,-0.6010646572575331f,-0.3399434813949248f,0.38201056549908974f,-0.5202333394782102f,0.15058693149767582f,0.8406431160471507f,0.9980037091528311f,-0.4540898206768865f,0.7848852488472426f,-0.421613070124296f,-2.3933113379829765f,0f,0f,0f,1f],start_interpolation:0}
execute if entity @s[tag=aj.mech_torso.bone.right_arm_low] run data modify entity @s {} merge value {transformation:[-0.7232977998397218f,-0.6010646572575331f,-0.3399434813949248f,-0.20707426930704353f,-0.5202333394782102f,0.15058693149767582f,0.8406431160471507f,1.1911180298856745f,-0.4540898206768865f,0.7848852488472426f,-0.421613070124296f,-1.6074111906809652f,0f,0f,0f,1f],start_interpolation:0}
execute if entity @s[tag=aj.mech_torso.bone.right_arm] run data modify entity @s {} merge value {transformation:[-0.8004694558454544f,-0.682677877550332f,-0.3434698593703432f,-0.8784412685448213f,-0.5757392021060549f,0.21163132492584188f,0.9211452285076678f,1.422507241395376f,-0.5025385556858231f,0.844946789062799f,-0.5082242637219325f,-0.7342978259731627f,0f,0f,0f,1f],start_interpolation:0}
execute if entity @s[tag=aj.mech_torso.bone.torso] run data modify entity @s {} merge value {transformation:[-0.8682783588387817f,-0.14781628140014977f,1.001009898204329f,0f,0f,1.3190297772839843f,0.19477737141654883f,0.20333875f,-1.0118648473734075f,0.12684073229436962f,-0.8589637577097162f,-0.005674375000000009f,0f,0f,0f,1f],start_interpolation:0}