execute if entity @s[tag=aj.mech_torso.bone.sword_left] run data modify entity @s {} merge value {transformation:[-1.7941185092667822f,-1.3042972175486733f,1.8290906328012084f,2.3958104596571093f,1.1348169692176f,-2.54638402154347f,-0.7026690979428936f,1.62422932380158f,1.9388022645649343f,0.283482244810654f,2.1038794156973424f,0.21192156889258798f,0f,0f,0f,1f],start_interpolation:0}
execute if entity @s[tag=aj.mech_torso.bone.left_hand] run data modify entity @s {} merge value {transformation:[-0.6240412206145329f,-0.4536685974082342f,0.6362054374960725f,2.4153117478013133f,0.3947189458148174f,-0.8856987901020765f,-0.2444066427627456f,1.611894356744867f,0.6743660050660641f,0.09860251993414051f,0.73178414459038f,0.19084763123427348f,0f,0f,0f,1f],start_interpolation:0}
execute if entity @s[tag=aj.mech_torso.bone.left_arm_low] run data modify entity @s {} merge value {transformation:[-0.48172222878522375f,-0.6746349121686288f,0.5592954760923986f,1.7431009996110338f,0.34667704513575875f,-0.7328737202591571f,-0.5854153538552276f,0.8715600643382265f,0.804834592118241f,-0.08811268601472054f,0.5869219998374021f,0.1462273387181668f,0f,0f,0f,1f],start_interpolation:0}
execute if entity @s[tag=aj.mech_torso.bone.left_arm] run data modify entity @s {} merge value {transformation:[-0.5331191805502726f,-0.703890934698221f,-0.6671532581896745f,1.0125131820543667f,0.38366546356898096f,0.546129621647887f,-0.8827883251137627f,1.4375568762461266f,0.8907057482288034f,-0.6565454797212666f,-0.01905994920682461f,-0.4960269818183935f,0f,0f,0f,1f],start_interpolation:0}
execute if entity @s[tag=aj.mech_torso.bone.drill_right] run data modify entity @s {} merge value {transformation:[-1.3735109072624296f,-0.22015381598360517f,-1.0618380690759743f,0.3576888853262026f,0.6355246141030758f,1.2250361877691067f,-1.0760552046829521f,-1.0232416145003465f,0.8786786969650928f,-1.2301701654502888f,-0.8815356552832878f,-0.13623242312894002f,0f,0f,0f,1f],start_interpolation:0}
execute if entity @s[tag=aj.mech_torso.bone.blaster_right] run data modify entity @s {} merge value {transformation:[-1.2099977040169023f,-0.19394502836650931f,-0.9354287751383583f,0.3576888853262026f,0.5598669219479477f,1.0791985463680225f,-0.9479533946016482f,-1.0232416145003465f,0.7740740901835341f,-1.0837213362300162f,-0.7765909344162296f,-0.13623242312894002f,0f,0f,0f,1f],start_interpolation:0}
execute if entity @s[tag=aj.mech_torso.bone.sword_right] run data modify entity @s {} merge value {transformation:[-2.2564822047882775f,-0.3616812691159228f,-1.7444482563391008f,-1.4533763525565866f,1.0440761517407675f,2.0125594513349614f,-1.7678049791219927f,-0.20531687778858745f,1.4435435735855098f,-2.02099384323976f,-1.4482371479654013f,1.0468460365294021f,0f,0f,0f,1f],start_interpolation:0}
execute if entity @s[tag=aj.mech_torso.bone.right_hand] run data modify entity @s {} merge value {transformation:[-0.7848633755785313f,-0.1258021805620601f,-0.6067646109005568f,-1.4818346511859801f,0.3631569223446148f,0.7000206787252039f,-0.6148886883902583f,-0.17209257775515563f,0.5021021125514816f,-0.7029543802573078f,-0.5037346601618787f,1.040569403163595f,0f,0f,0f,1f],start_interpolation:0}
execute if entity @s[tag=aj.mech_torso.bone.right_arm_low] run data modify entity @s {} merge value {transformation:[-0.7848633755785313f,-0.1258021805620601f,-0.6067646109005568f,-1.6020712453518535f,0.3631569223446148f,0.7000206787252039f,-0.6148886883902583f,0.49736417563458346f,0.5021021125514816f,-0.7029543802573078f,-0.5037346601618787f,0.30618262375899463f,0f,0f,0f,1f],start_interpolation:0}
execute if entity @s[tag=aj.mech_torso.bone.right_arm] run data modify entity @s {} merge value {transformation:[-0.8686037193830697f,0.557474926129972f,-0.399401131626223f,-1.0108481434015804f,0.40190364754340485f,0.9360580144845387f,0.4324821732101768f,1.4375568762461266f,0.5556734790317349f,0.19439413260094277f,-0.937128531443325f,0.48810153958983815f,0f,0f,0f,1f],start_interpolation:0}
execute if entity @s[tag=aj.mech_torso.bone.torso] run data modify entity @s {} merge value {transformation:[-1.199028933603524f,-0.004771136487026354f,-0.5831677549522052f,0f,2.8912057932946783e-19f,1.333288711889868f,-0.010908186138582836f,0.20333875f,0.5831872719456187f,-0.009809423094970295f,-1.1989888068021937f,-0.005674375000000009f,0f,0f,0f,1f],start_interpolation:0}