execute if entity @s[tag=aj.mech_torso.bone.sword_left] run data modify entity @s {} merge value {transformation:[-0.21853619983460346f,0.5426400005569164f,2.814855015654881f,-0.5887863458728543f,-1.1654793798048944f,2.562362563757582f,-0.58444923398296f,-0.10295147487264822f,-2.6190694424950722f,-1.1855230582528795f,0.025205827486736637f,1.5648430370644968f,0f,0f,0f,1f],start_interpolation:0}
execute if entity @s[tag=aj.mech_torso.bone.left_hand] run data modify entity @s {} merge value {transformation:[-0.0760125912468186f,0.188744348019797f,0.979080005445176f,-0.5864109523963912f,-0.4053841321060502f,0.8912565439156808f,-0.20328669008102956f,-0.09028322074433415f,-0.9109806756504599f,-0.41235584634882766f,0.008767244343212743f,1.5933111831785736f,0f,0f,0f,1f],start_interpolation:0}
execute if entity @s[tag=aj.mech_torso.bone.left_arm_low] run data modify entity @s {} merge value {transformation:[-0.035942015200871646f,0.7646936307341567f,0.6433908785939644f,0.19726545531879985f,-0.25920539229378486f,0.614640623472186f,-0.7450029990433242f,0.49297589049856705f,-0.965153219001587f,-0.1935472942005017f,0.17612128990709525f,1.375106641193869f,0f,0f,0f,1f],start_interpolation:0}
execute if entity @s[tag=aj.mech_torso.bone.left_arm] run data modify entity @s {} merge value {transformation:[-0.21699382994940616f,0.4454226533314081f,0.989587952734432f,0.6439285377680298f,-0.34733906068511816f,0.9275831091925513f,-0.4936771525978159f,1.4260942562577403f,-1.0281251058214151f,-0.4073821473431497f,-0.04207768220584786f,0.9319545580893415f,0f,0f,0f,1f],start_interpolation:0}
execute if entity @s[tag=aj.mech_torso.bone.drill_right] run data modify entity @s {} merge value {transformation:[-1.3447230241222388f,-1.1129766568503046f,-0.12451084170408801f,2.2051724282983685f,-0.7340985711173936f,0.7290571084215812f,1.4114088778746448f,1.5676326974266166f,-0.8457654972147668f,1.1367755688640935f,-1.027093973185889f,-1.0376356645178362f,0f,0f,0f,1f],start_interpolation:0}
execute if entity @s[tag=aj.mech_torso.bone.blaster_right] run data modify entity @s {} merge value {transformation:[-1.1846369498219722f,-0.9804794357966968f,-0.10968812245360132f,2.2051724282983685f,-0.6467058840796086f,0.6422645955142501f,1.2433840114609964f,1.5676326974266166f,-0.745079128498723f,1.0014451439993204f,-0.9048208811399497f,-1.0376356645178362f,0f,0f,0f,1f],start_interpolation:0}
execute if entity @s[tag=aj.mech_torso.bone.sword_right] run data modify entity @s {} merge value {transformation:[-2.209187825343678f,-1.8284616505397862f,-0.204553525656716f,0.4480915867234513f,-1.2060190811214324f,1.1977366781211691f,2.318743156508345f,0.584554994371104f,-1.3894718882814026f,1.8675598631338677f,-1.6873686702339605f,-2.175553920995637f,0f,0f,0f,1f],start_interpolation:0}
execute if entity @s[tag=aj.mech_torso.bone.right_hand] run data modify entity @s {} merge value {transformation:[-0.7684131566412793f,-0.6359866610573169f,-0.071149052402336f,0.40420409242037014f,-0.41948489778136777f,0.4166040619551893f,0.8065193587855113f,0.5844649682515359f,-0.4832945698370096f,0.6495860393509105f,-0.586910841820508f,-2.1703573125733273f,0f,0f,0f,1f],start_interpolation:0}
execute if entity @s[tag=aj.mech_torso.bone.right_arm_low] run data modify entity @s {} merge value {transformation:[-0.7684131566412793f,-0.6359866610573169f,-0.071149052402336f,-0.20999306537947982f,-0.41948489778136777f,0.4166040619551893f,0.8065193587855113f,1.0393816632244401f,-0.4832945698370096f,0.6495860393509105f,-0.586910841820508f,-1.524009281721901f,0f,0f,0f,1f],start_interpolation:0}
execute if entity @s[tag=aj.mech_torso.bone.right_arm] run data modify entity @s {} merge value {transformation:[-0.8503983580448234f,-0.6921270942402284f,-0.1501822112877365f,-0.8895557259441099f,-0.4642414893794027f,0.36752446608301126f,0.9349746439894611f,1.4260942562577403f,-0.5348592812202945f,0.7814459871181142f,-0.5727474985048248f,-0.7145344376064197f,0f,0f,0f,1f],start_interpolation:0}
execute if entity @s[tag=aj.mech_torso.bone.torso] run data modify entity @s {} merge value {transformation:[-0.9087314155331199f,-0.12327101423547232f,0.9678787368520438f,0f,-9.25185853854297e-18f,1.3226490815365883f,0.1684552904725659f,0.20333875f,-0.9756971826345251f,0.11481046092388326f,-0.9014495790887437f,-0.005674375000000009f,0f,0f,0f,1f],start_interpolation:0}