# This file was generated by Animated Java via MC-Build. It is not recommended to edit this file directly.
$data merge entity $(bone_barrel_left) { transformation: [-1.1881610998406873f,1.9192173349679797f,0.41536311275132287f,-0.591857855159057f,-1.5566711619213611f,-0.624666612704895f,-1.566593441217244f,1.0151258322240915f,-1.1969530433222773f,-1.0927236327548209f,1.6250867570537084f,1.8852319648805875f,0f,0f,0f,1f], start_interpolation: 0, interpolation_duration: 1 }
$data merge entity $(bone_blaster_left) { transformation: [-0.5176866147024795f,0.8362107841698461f,0.1809753944489079f,0.35263789697607484f,-0.6782479447678418f,-0.2721697790747585f,-0.6825711221379028f,1.2163022623482966f,-0.5215173001695008f,-0.4761041228517648f,0.7080568973094368f,1.1676137599436758f,0f,0f,0f,1f], start_interpolation: 0, interpolation_duration: 1 }
$data merge entity $(bone_sword_left) { transformation: [-1.379142163087116f,2.2277059458830384f,0.4821271979559557f,-0.16361497684842374f,-1.8068853068455277f,-0.7250734463278119f,-1.8184024603129434f,1.9186238335337742f,-1.3893472943210585f,-1.2683643949763728f,1.8862977971823764f,0.2873151399499976f,0f,0f,0f,1f], start_interpolation: 0, interpolation_duration: 1 }
$data merge entity $(bone_rocket_left) { transformation: [-1.1929028935286061f,1.9268766773298156f,0.4170207719580606f,0.7011657176667923f,-1.5628836304921243f,-0.6271595744771452f,-1.572845508291393f,0.9315804363073232f,-1.201729924492955f,-1.0970845481434253f,1.6315722632093559f,0.8923281764481488f,0f,0f,0f,1f], start_interpolation: 0, interpolation_duration: 1 }
$data merge entity $(bone_drillhead_left1) { transformation: [0.18097539444890778f,0.8362107841698461f,0.5176866147024795f,-0.5472106858558108f,-0.6825711221379029f,-0.2721697790747585f,0.6782479447678417f,1.1770978095818931f,0.7080568973094367f,-0.4761041228517648f,0.5215173001695009f,1.6292689265649418f,0f,0f,0f,1f], start_interpolation: 0, interpolation_duration: 1 }
$data merge entity $(bone_drillhead_left2) { transformation: [-0.5475363527000114f,0.8362107841698461f,-0.030910627784305977f,-0.7067044076376443f,-0.36541073428583104f,-0.2721697790747585f,-0.8901677407247957f,1.279274276952424f,-0.7527808032492982f,-0.4761041228517648f,0.45458324481099516f,1.2907301301630165f,0f,0f,0f,1f], start_interpolation: 0, interpolation_duration: 1 }
$data merge entity $(bone_drillhead_left3) { transformation: [0.4090237824573434f,0.8362107841698461f,-0.3653095534233113f,-0.510293689814872f,0.8878280539918784f,-0.2721697790747585f,0.3710592377281447f,1.5367216504106662f,0.21085751570499583f,-0.4761041228517648f,-0.853735305744274f,1.4885258666258077f,0f,0f,0f,1f], start_interpolation: 0, interpolation_duration: 1 }
$data merge entity $(bone_drill_left) { transformation: [0.27667616331687683f,1.2784035763139416f,0.7914421006929803f,-0.16373967733587563f,-1.043518428784671f,-0.41609463250246076f,1.0369091318041106f,1.2199378392385025f,1.0824812199148606f,-0.7278705619131102f,0.797298473384509f,1.192764528280107f,0f,0f,0f,1f], start_interpolation: 0, interpolation_duration: 1 }
$data merge entity $(bone_left_hand) { transformation: [-0.5176866147024795f,0.8362107841698461f,0.1809753944489079f,0.2717493634288124f,-0.6782479447678418f,-0.2721697790747585f,-0.6825711221379028f,1.1103260209783214f,-0.5215173001695008f,-0.4761041228517648f,0.7080568973094368f,1.0861266817921913f,0f,0f,0f,1f], start_interpolation: 0, interpolation_duration: 1 }
$data merge entity $(bone_left_arm_low) { transformation: [-0.5176866147024795f,0.8362107841698461f,0.1809753944489079f,1.0812602152562818f,-0.6782479447678418f,-0.2721697790747585f,-0.6825711221379028f,0.7744353977887634f,-0.5215173001695008f,-0.4761041228517648f,0.7080568973094368f,0.5995545057207528f,0f,0f,0f,1f], start_interpolation: 0, interpolation_duration: 1 }
$data merge entity $(bone_left_arm) { transformation: [-0.7247843989822514f,-0.0598050611004527f,0.834195965102167f,1f,-0.6873974156976302f,0.6713696858941158f,-0.5491079277233971f,1.4375f,-0.47638676138006203f,-0.8777574141317378f,-0.47683283659224707f,-0.3061737499999999f,0f,0f,0f,1f], start_interpolation: 0, interpolation_duration: 1 }
$data merge entity $(bone_drillhead_right1) { transformation: [-0.3087820472612628f,-0.8544434188887834f,0.41782782483552977f,0.7398603262091893f,-0.35791967365121435f,-0.302619124857624f,-0.8833544998944728f,1.7782357361750347f,0.8812191296735176f,-0.42231280964239387f,-0.21237875672815246f,1.7074003304808159f,0f,0f,0f,1f], start_interpolation: 0, interpolation_duration: 1 }
$data merge entity $(bone_drillhead_right2) { transformation: [-0.2678568017805977f,-0.8544434188887834f,-0.4451731996173136f,0.7457137427779861f,0.9530830716280867f,-0.302619124857624f,0.007370471245287946f,2.0446331357306953f,-0.14101557472790507f,-0.42231280964239387f,0.8954141491489322f,1.5046634983785558f,0f,0f,0f,1f], start_interpolation: 0, interpolation_duration: 1 }
$data merge entity $(bone_drillhead_right3) { transformation: [0.5041883491779166f,-0.8544434188887834f,0.12538162732591351f,0.9042970857236287f,-0.6791432131804076f,-0.302619124857624f,0.6687197927842405f,1.709494112882687f,-0.5334403476905727f,-0.42231280964239387f,-0.7328664859766127f,1.4239626170715385f,0f,0f,0f,1f], start_interpolation: 0, interpolation_duration: 1 }
$data merge entity $(bone_drill_right) { transformation: [-0.47206766642244125f,-1.3062777270323578f,0.6387774418426091f,0.21816692771901058f,-0.5471895358095421f,-0.4626457572692619f,-1.3504771442755445f,1.6358405027548206f,1.3472125787151594f,-0.6456341109090107f,-0.32468579367093175f,1.2631819483302102f,0f,0f,0f,1f], start_interpolation: 0, interpolation_duration: 1 }
$data merge entity $(bone_barrel_right) { transformation: [-0.9589716129437477f,-1.9610637082474902f,-0.7086967413593508f,0.7324932760679647f,2.0274185662440503f,-0.6945519973127068f,-0.821474268451875f,1.6866652579598322f,0.4874380948055659f,-0.9692652622859369f,2.0225176015325035f,2.0605066703437833f,0f,0f,0f,1f], start_interpolation: 0, interpolation_duration: 1 }
$data merge entity $(bone_blaster_right) { transformation: [-0.4178278248355298f,-0.8544434188887834f,-0.3087820472612627f,-0.14590968204396115f,0.8833544998944727f,-0.302619124857624f,-0.3579196736512146f,1.7525217374625475f,0.21237875672815265f,-0.42231280964239387f,0.8812191296735176f,1.2409999667815552f,0f,0f,0f,1f], start_interpolation: 0, interpolation_duration: 1 }
$data merge entity $(bone_rocket_right) { transformation: [-0.9627987417243142f,-1.9688900539464205f,-0.7115250562530777f,-0.42268771560274776f,2.035509725398709f,-0.6973238624051007f,-0.8247526635293229f,1.219979429848405f,0.48938339572604717f,-0.9731334716585907f,2.0305892015856757f,0.9986408876441412f,0f,0f,0f,1f], start_interpolation: 0, interpolation_duration: 1 }
$data merge entity $(bone_sword_right) { transformation: [-1.1131135203733853f,-2.276278566018299f,-0.8226102983696215f,0.5019645404907224f,2.3532990831863705f,-0.8061919752117451f,-0.9535153100577288f,2.021449742930261f,0.5657872728970406f,-1.1250617366731368f,2.3476103537081854f,0.21990496674605253f,0f,0f,0f,1f], start_interpolation: 0, interpolation_duration: 1 }
$data merge entity $(bone_right_hand) { transformation: [-0.4178278248355298f,-0.8544434188887834f,-0.3087820472612627f,-0.08062408441340962f,0.8833544998944727f,-0.302619124857624f,-0.3579196736512146f,1.614497596854036f,0.21237875672815265f,-0.42231280964239387f,0.8812191296735176f,1.2078157860427814f,0f,0f,0f,1f], start_interpolation: 0, interpolation_duration: 1 }
$data merge entity $(bone_right_arm_low) { transformation: [-0.4178278248355298f,-0.8544434188887834f,-0.3087820472612627f,-0.9186027032268869f,0.8833544998944727f,-0.302619124857624f,-0.3579196736512146f,1.245483825951407f,0.21237875672815265f,-0.42231280964239387f,0.8812191296735176f,0.7997674019071754f,0f,0f,0f,1f], start_interpolation: 0, interpolation_duration: 1 }
$data merge entity $(bone_right_arm) { transformation: [-0.4624076164165027f,-0.09291746803044934f,-1.0011580888894853f,-1f,0.9776032721319636f,0.21604736175942504f,-0.4715796415534688f,1.4375f,0.23503833119496564f,-1.0814165987932822f,-0.008191535721897188f,-0.30617375000000013f,0f,0f,0f,1f], start_interpolation: 0, interpolation_duration: 1 }