# This file was generated by Animated Java via MC-Build. It is not recommended to edit this file directly.
$data merge entity $(bone_barrel_left) { transformation: [-1.1908384546185138f,1.9294811985615719f,0.3558856176496693f,-0.5837338448729767f,-1.5472742787154634f,-0.6675442531311477f,-1.5581962231977768f,1.0370054179743433f,-1.206438798645844f,-1.0483966176784791f,1.6471242972565832f,1.832164809628099f,0f,0f,0f,1f], start_interpolation: 0, interpolation_duration: 1 }
$data merge entity $(bone_blaster_left) { transformation: [-0.518853149048265f,0.8406827912051271f,0.15506080837612124f,0.3781664153877869f,-0.6741536846071043f,-0.2908517410761009f,-0.6789124201571702f,1.215302565775515f,-0.5256502822726952f,-0.45679066243144467f,0.7176587430402267f,1.1318234026757854f,0f,0f,0f,1f], start_interpolation: 0, interpolation_duration: 1 }
$data merge entity $(bone_sword_left) { transformation: [-1.382249866966782f,2.2396195887720336f,0.4130894881197252f,-0.10829236287102662f,-1.795977999888082f,-0.7748430960608849f,-1.8086555013990093f,1.9180776081811575f,-1.40035775840477f,-1.2169124029327196f,1.911877578298411f,0.23507183380402896f,0f,0f,0f,1f], start_interpolation: 0, interpolation_duration: 1 }
$data merge entity $(bone_rocket_left) { transformation: [-1.195590933274984f,1.9371815026445147f,0.35730591004572443f,0.7271283069750667f,-1.553449245569096f,-0.6702083338911794f,-1.5644147780862416f,0.9221081557577814f,-1.211253536210511f,-1.0525806298169085f,1.6536977523183556f,0.8661488862949686f,0f,0f,0f,1f], start_interpolation: 0, interpolation_duration: 1 }
$data merge entity $(bone_drillhead_left1) { transformation: [0.15506080837612113f,0.8406827912051271f,0.518853149048265f,-0.5312201584301435f,-0.6789124201571703f,-0.2908517410761009f,0.6741536846071042f,1.1957909094385062f,0.7176587430402266f,-0.45679066243144467f,0.5256502822726953f,1.5756987327359808f,0f,0f,0f,1f], start_interpolation: 0, interpolation_duration: 1 }
$data merge entity $(bone_drillhead_left2) { transformation: [-0.5386970071593996f,0.8406827912051271f,-0.05529899681787254f,-0.6821681002864446f,-0.363028255754537f,-0.2908517410761009f,-0.8852207353179318f,1.2975067695044928f,-0.7602736481039736f,-0.45679066243144467f,0.46187256977884883f,1.233126992655469f,0f,0f,0f,1f], start_interpolation: 0, interpolation_duration: 1 }
$data merge entity $(bone_drillhead_left3) { transformation: [0.4200186024100406f,0.8406827912051271f,-0.3418140111245786f,-0.4853113764844783f,0.882645326196609f,-0.2908517410761009f,0.36924584338389405f,1.5534001156669617f,0.21100142599707378f,-0.45679066243144467f,-0.8641878782664356f,1.4324897254386897f,0f,0f,0f,1f], start_interpolation: 0, interpolation_duration: 1 }
$data merge entity $(bone_drill_left) { transformation: [0.23705780375812602f,1.2852404048928507f,0.7932255047195448f,-0.13846923392839355f,-1.037924985378558f,-0.4446557172040739f,1.0306498046931325f,1.2279920642207283f,1.0971605736780898f,-0.6983440390079475f,0.8036169988108589f,1.1465936533300232f,0f,0f,0f,1f], start_interpolation: 0, interpolation_duration: 1 }
$data merge entity $(bone_left_hand) { transformation: [-0.518853149048265f,0.8406827912051271f,0.15506080837612124f,0.2970956108489955f,-0.6741536846071043f,-0.2908517410761009f,-0.6789124201571702f,1.109966052555655f,-0.5256502822726952f,-0.45679066243144467f,0.7176587430402267f,1.0496905460706767f,0f,0f,0f,1f], start_interpolation: 0, interpolation_duration: 1 }
$data merge entity $(bone_left_arm_low) { transformation: [-0.518853149048265f,0.8406827912051271f,0.15506080837612124f,1.1101957305003598f,-0.6741536846071043f,-0.2908517410761009f,-0.6789124201571702f,0.7557636930616985f,-0.5256502822726952f,-0.45679066243144467f,0.7176587430402267f,0.5824735767171957f,0f,0f,0f,1f], start_interpolation: 0, interpolation_duration: 1 }
$data merge entity $(bone_left_arm) { transformation: [-0.7247843989822514f,-0.08826974192722217f,0.8316658019818216f,1f,-0.6873974156976302f,0.6897375674080404f,-0.5258506057163826f,1.4375f,-0.47638676138006214f,-0.8609544234744186f,-0.506542310982681f,-0.3061737499999999f,0f,0f,0f,1f], start_interpolation: 0, interpolation_duration: 1 }
$data merge entity $(bone_drillhead_right1) { transformation: [-0.4002766023185023f,-0.8155970515086266f,0.41782782483552994f,0.6128640458820072f,-0.38883677416268053f,-0.2617074522724689f,-0.8833544998944728f,1.6754625344156135f,0.8298099810770632f,-0.5160529614249764f,-0.2123787567281524f,1.8850197461539302f,0f,0f,0f,1f], start_interpolation: 0, interpolation_duration: 1 }
$data merge entity $(bone_drillhead_right2) { transformation: [-0.23284335140857668f,-0.8155970515086266f,-0.5297031463709243f,0.6439527472334319f,0.964914533770591f,-0.2617074522724689f,-0.021193205121849912f,1.9503872374329052f,-0.12134214528804699f,-0.5160529614249764f,0.8479182889768366f,1.6964621677182117f,0f,0f,0f,1f], start_interpolation: 0, interpolation_duration: 1 }
$data merge entity $(bone_drillhead_right3) { transformation: [0.5392017995499377f,-0.8155970515086266f,0.20991157407952407f,0.802547984471232f,-0.6673117510379033f,-0.2617074522724689f,0.6972834691513783f,1.6152522338079633f,-0.5137669182507145f,-0.5160529614249764f,-0.6853706258045171f,1.6157679696005118f,0f,0f,0f,1f], start_interpolation: 0, interpolation_duration: 1 }
$data merge entity $(bone_drill_right) { transformation: [-0.6119450377894555f,-1.2468891901637507f,0.6387774418426093f,0.13386215139417473f,-0.5944557665390994f,-0.40009977061618357f,-1.3504771442755445f,1.5662883950684352f,1.2686179938746784f,-0.7889445627133783f,-0.3246857936709317f,1.3866137189588315f,0f,0f,0f,1f], start_interpolation: 0, interpolation_duration: 1 }
$data merge entity $(bone_barrel_right) { transformation: [-0.9589716129437482f,-1.871906018478461f,-0.9186891732261108f,0.5693484988698878f,2.0274185662440503f,-0.6006541515609164f,-0.8924332136985094f,1.5684785581337741f,0.48743809480556577f,-1.1844116436642476f,1.9045266224276227f,2.2311184880570587f,0f,0f,0f,1f], start_interpolation: 0, interpolation_duration: 1 }
$data merge entity $(bone_blaster_right) { transformation: [-0.41782782483553005f,-0.8155970515086266f,-0.4002766023185022f,-0.22381412478811197f,0.8833544998944727f,-0.2617074522724689f,-0.38883677416268075f,1.6930550173365597f,0.2123787567281526f,-0.5160529614249764f,0.8298099810770632f,1.3350750582278132f,0f,0f,0f,1f], start_interpolation: 0, interpolation_duration: 1 }
$data merge entity $(bone_rocket_right) { transformation: [-0.9627987417243148f,-1.8793765476381756f,-0.9223555401214307f,-0.4868873843478976f,2.035509725398709f,-0.6030512827789605f,-0.8959947965345171f,1.1790362272330281f,0.48938339572604705f,-1.189138473768833f,1.91212733610013f,1.0426328314118296f,0f,0f,0f,1f], start_interpolation: 0, interpolation_duration: 1 }
$data merge entity $(bone_sword_right) { transformation: [-1.113113520373386f,-2.1727899657431378f,-1.0663562152789354f,0.5255838156476043f,2.3532990831863705f,-0.6972013020473837f,-1.0358799601467994f,1.990628367577795f,0.5657872728970404f,-1.3747900317959394f,2.2106538970717153f,0.3945692860263985f,0f,0f,0f,1f], start_interpolation: 0, interpolation_duration: 1 }
$data merge entity $(bone_right_hand) { transformation: [-0.41782782483553005f,-0.8155970515086266f,-0.4002766023185022f,-0.15852852715756038f,0.8833544998944727f,-0.2617074522724689f,-0.38883677416268075f,1.5550308767280483f,0.2123787567281526f,-0.5160529614249764f,0.8298099810770632f,1.3018908774890394f,0f,0f,0f,1f], start_interpolation: 0, interpolation_duration: 1 }
$data merge entity $(bone_right_arm_low) { transformation: [-0.41782782483553005f,-0.8155970515086266f,-0.4002766023185022f,-0.9605199834364195f,0.8833544998944727f,-0.2617074522724689f,-0.38883677416268075f,1.2259626190195911f,0.2123787567281526f,-0.5160529614249764f,0.8298099810770632f,0.7984958056772116f,0f,0f,0f,1f], start_interpolation: 0, interpolation_duration: 1 }
$data merge entity $(bone_right_arm) { transformation: [-0.4624076164165029f,-0.05168225959451873f,-1.0041315246805276f,-1f,0.9776032721319636f,0.23525092250407703f,-0.46229949633531586f,1.4375f,0.2350383311949656f,-1.0801656937887878f,-0.052640624662897983f,-0.30617375000000013f,0f,0f,0f,1f], start_interpolation: 0, interpolation_duration: 1 }