# This file was generated by Animated Java via MC-Build. It is not recommended to edit this file directly.
$data merge entity $(bone_barrel_left) { transformation: [-1.1894783487668183f,1.9239710586755436f,0.38874814037441147f,-0.5866120469060376f,-1.5519206023630825f,-0.6435127248325352f,-1.5636758968502087f,1.023225543149953f,-1.2018037257500338f,-1.0732545046764097f,1.6344543635157953f,1.8608108911629522f,0f,0f,0f,1f], start_interpolation: 0, interpolation_duration: 1 }
$data merge entity $(bone_blaster_left) { transformation: [-0.5182605454071463f,0.8382820008876208f,0.16937914293718048f,0.3657603718648016f,-0.6761781066827559f,-0.2803811066371316f,-0.6812999362130167f,1.2144377818177827f,-0.5236307621952806f,-0.46762134471042266f,0.712138401474043f,1.1509202477227665f,0f,0f,0f,1f], start_interpolation: 0, interpolation_duration: 1 }
$data merge entity $(bone_sword_left) { transformation: [-1.3806711422243325f,2.233223767327998f,0.45123422344322417f,-0.13718750971337834f,-1.801371158144685f,-0.7469488198348061f,-1.8150159595683935f,1.9174292473966674f,-1.3949776593084005f,-1.2457658640068938f,1.8971711215495886f,0.26348309096937805f,0f,0f,0f,1f], start_interpolation: 0, interpolation_duration: 1 }
$data merge entity $(bone_rocket_left) { transformation: [-1.194225399420854f,1.9316493725195074f,0.39029958274907317f,0.7145093585223192f,-1.5581141120794189f,-0.6460808989438703f,-1.5699163203909468f,0.9260131533167228f,-1.2065999653522583f,-1.0775377213517303f,1.6409772545489638f,0.8798009188666702f,0f,0f,0f,1f], start_interpolation: 0, interpolation_duration: 1 }
$data merge entity $(bone_drillhead_left1) { transformation: [0.16937914293718037f,0.8382820008876208f,0.5182605454071463f,-0.538436729920032f,-0.6812999362130168f,-0.2803811066371316f,0.6761781066827558f,1.183892689206142f,0.7121384014740428f,-0.46762134471042266f,0.5236307621952807f,1.6046652779441763f,0f,0f,0f,1f], start_interpolation: 0, interpolation_duration: 1 }
$data merge entity $(bone_drillhead_left2) { transformation: [-0.5436289022000562f,0.8382820008876208f,-0.04184380098184559f,-0.694116245995028f,-0.3639849150363174f,-0.2803811066371316f,-0.8882012253239364f,1.2860319972419108f,-0.7562953115805798f,-0.46762134471042266f,0.4575452760683356f,1.2643444815328555f,0f,0f,0f,1f], start_interpolation: 0, interpolation_duration: 1 }
$data merge entity $(bone_drillhead_left3) { transformation: [0.41399171861954154f,0.8382820008876208f,-0.35481564776977487f,-0.4974862448059134f,0.8854293111565454f,-0.2803811066371316f,0.37067690781296664f,1.54269381314649f,0.21124817599042967f,-0.46762134471042266f,-0.858314910806012f,1.4629416326403049f,0f,0f,0f,1f], start_interpolation: 0, interpolation_duration: 1 }
$data merge entity $(bone_drill_left) { transformation: [0.25894775119271896f,1.2815700636511662f,0.7923195290630662f,-0.15077692966365197f,-1.0415750328571145f,-0.4286481545578411f,1.0337447521280083f,1.2221472130246966f,1.088721045589858f,-0.7149020447422447f,0.8005295455774404f,1.171447269418584f,0f,0f,0f,1f], start_interpolation: 0, interpolation_duration: 1 }
$data merge entity $(bone_left_hand) { transformation: [-0.5182605454071463f,0.8382820008876208f,0.16937914293718048f,0.284782161644935f,-0.6761781066827559f,-0.2803811066371316f,-0.6812999362130167f,1.1087849526486022f,-0.5236307621952806f,-0.46762134471042266f,0.712138401474043f,1.069102941129754f,0f,0f,0f,1f], start_interpolation: 0, interpolation_duration: 1 }
$data merge entity $(bone_left_arm_low) { transformation: [-0.5182605454071463f,0.8382820008876208f,0.16937914293718048f,1.095965976661396f,-0.6761781066827559f,-0.2803811066371316f,-0.6812999362130167f,0.7648520913371415f,-0.5236307621952806f,-0.46762134471042266f,0.712138401474043f,0.59100899882819f,0f,0f,0f,1f], start_interpolation: 0, interpolation_duration: 1 }
$data merge entity $(bone_left_arm) { transformation: [-0.7247843989822514f,-0.07427153253461424f,0.8330325881866353f,1f,-0.6873974156976299f,0.680797054202906f,-0.5373752342775883f,1.4375f,-0.47638676138006203f,-0.8693509584613299f,-0.491992421830063f,-0.3061737499999999f,0f,0f,0f,1f], start_interpolation: 0, interpolation_duration: 1 }
$data merge entity $(bone_drillhead_right1) { transformation: [-0.3587349188578209f,-0.8347030410782522f,0.41782782483552977f,0.6714106163983481f,-0.3751771601588127f,-0.28093936358466126f,-0.8833544998944728f,1.722393807965479f,0.8547229706093322f,-0.47364956159946264f,-0.21237875672815218f,1.8049996644497042f,0f,0f,0f,1f], start_interpolation: 0, interpolation_duration: 1 }
$data merge entity $(bone_drillhead_right2) { transformation: [-0.24874066542153422f,-0.8347030410782522f,-0.491323635275538f,0.6910416281438256f,0.9596872257988086f,-0.28093936358466126f,-0.008573367321671854f,1.9935510272325878f,-0.13087593363273153f,-0.47364956159946264f,0.8709348900993679f,1.6095707876592351f,0f,0f,0f,1f], start_interpolation: 0, interpolation_duration: 1 }
$data merge entity $(bone_drillhead_right3) { transformation: [0.52330448553698f,-0.8347030410782522f,0.17153206298413792f,0.8496314649627759f,-0.6725390590096857f,-0.28093936358466126f,0.6846636313512002f,1.6584142478578254f,-0.5233007065953986f,-0.47364956159946264f,-0.7083872269270486f,1.5288733508528962f,0f,0f,0f,1f], start_interpolation: 0, interpolation_duration: 1 }
$data merge entity $(bone_drill_right) { transformation: [-0.5484358870973137f,-1.2760985305085712f,0.6387774418426091f,0.172032010967683f,-0.5735728746604104f,-0.4295016208031162f,-1.3504771442755445f,1.5977597691304843f,1.3067051072169713f,-0.7241180153750505f,-0.3246857936709313f,1.3308079939499657f,0f,0f,0f,1f], start_interpolation: 0, interpolation_duration: 1 }
$data merge entity $(bone_barrel_right) { transformation: [-0.9589716129437477f,-1.9157568597710017f,-0.8233453669385101f,0.6444767693290151f,2.0274185662440503f,-0.6447940003570178f,-0.8610825441287305f,1.6223528713621187f,0.4874380948055652f,-1.0870900812695505f,1.9617053174185917f,2.1548423320094714f,0f,0f,0f,1f], start_interpolation: 0, interpolation_duration: 1 }
$data merge entity $(bone_blaster_right) { transformation: [-0.4178278248355298f,-0.8347030410782522f,-0.3587349188578208f,-0.18896893761650257f,0.8833544998944727f,-0.28093936358466126f,-0.3751771601588129f,1.719740743596102f,0.21237875672815237f,-0.47364956159946264f,0.8547229706093322f,1.2926335836129321f,0f,0f,0f,1f], start_interpolation: 0, interpolation_duration: 1 }
$data merge entity $(bone_rocket_right) { transformation: [-0.9627987417243142f,-1.923402391834345f,-0.826631229322365f,-0.4589988367448085f,2.035509725398709f,-0.6473672878693852f,-0.8645190105919686f,1.196959723711716f,0.4893833957260465f,-1.0914285138998179f,1.9695342236948024f,1.0229501185554721f,0f,0f,0f,1f], start_interpolation: 0, interpolation_duration: 1 }
$data merge entity $(bone_sword_right) { transformation: [-1.1131135203733853f,-2.223689245412783f,-0.9556871626916461f,0.5146328950678779f,2.3532990831863705f,-0.7484360433254442f,-0.9994900882258188f,2.0048938020244567f,0.5657872728970398f,-1.2618253251631126f,2.277023305313507f,0.3136900337800511f,0f,0f,0f,1f], start_interpolation: 0, interpolation_duration: 1 }
$data merge entity $(bone_right_hand) { transformation: [-0.4178278248355298f,-0.8347030410782522f,-0.3587349188578208f,-0.12368333998595105f,0.8833544998944727f,-0.28093936358466126f,-0.3751771601588129f,1.5817166029875906f,0.21237875672815237f,-0.47364956159946264f,0.8547229706093322f,1.2594494028741583f,0f,0f,0f,1f], start_interpolation: 0, interpolation_duration: 1 }
$data merge entity $(bone_right_arm_low) { transformation: [-0.4178278248355298f,-0.8347030410782522f,-0.3587349188578208f,-0.9434826082262895f,0.8833544998944727f,-0.28093936358466126f,-0.3751771601588129f,1.233843296904562f,0.21237875672815237f,-0.47364956159946264f,0.8547229706093322f,0.7992362618107278f,0f,0f,0f,1f], start_interpolation: 0, interpolation_duration: 1 }
$data merge entity $(bone_right_arm) { transformation: [-0.4624076164165027f,-0.0684424051592851f,-1.0031285122007294f,-1f,0.9776032721319636f,0.2274984778421425f,-0.4661633441513973f,1.4375f,0.23503833119496534f,-1.0808941013297966f,-0.03459628756912124f,-0.30617375000000013f,0f,0f,0f,1f], start_interpolation: 0, interpolation_duration: 1 }