# This file was generated by Animated Java via MC-Build. It is not recommended to edit this file directly.
$data merge entity $(bone_barrel_left) { transformation: [-1.1886419356439577f,1.9206511931331378f,0.4072810290150178f,-0.5892378938615734f,-1.5549053507971324f,-0.6301863069421346f,-1.566136348488143f,1.0166363626806394f,-1.1987694492026921f,-1.0870201039123333f,1.627571072119245f,1.877370719547634f,0f,0f,0f,1f], start_interpolation: 0, interpolation_duration: 1 }
$data merge entity $(bone_blaster_left) { transformation: [-0.5178961168139828f,0.8368355219933481f,0.17745399775467952f,0.3576540398098125f,-0.6774785736924644f,-0.2745747322618747f,-0.6823719649802034f,1.2149356413207504f,-0.5223087155855447f,-0.47361907218084043f,0.7091393234689065f,1.1621133309562413f,0f,0f,0f,1f], start_interpolation: 0, interpolation_duration: 1 }
$data merge entity $(bone_sword_left) { transformation: [-1.3797002868380965f,2.229370277640509f,0.4727460269616911f,-0.15456649392473276f,-1.804835665114454f,-0.7314803578576935f,-1.8178718960189026f,1.9177013090396804f,-1.3914556632411446f,-1.2617440998782476f,1.8891814327884682f,0.27981586380384704f,0f,0f,0f,1f], start_interpolation: 0, interpolation_duration: 1 }
$data merge entity $(bone_rocket_left) { transformation: [-1.1933856482839253f,1.9283162578331297f,0.40890643369528495f,0.7062414074139691f,-1.5611107722494164f,-0.632701297083515f,-1.5723865913657098f,0.9291440002391028f,-1.2035535794088243f,-1.0913582572722298f,1.6340664928475022f,0.8880142657723862f,0f,0f,0f,1f], start_interpolation: 0, interpolation_duration: 1 }
$data merge entity $(bone_drillhead_left1) { transformation: [0.1774539977546794f,0.8368355219933481f,0.5178961168139828f,-0.5435198474911767f,-0.6823719649802035f,-0.2745747322618747f,0.6774785736924643f,1.1782753878364052f,0.7091393234689064f,-0.47361907218084043f,0.5223087155855448f,1.6213862396615797f,0f,0f,0f,1f], start_interpolation: 0, interpolation_duration: 1 }
$data merge entity $(bone_drillhead_left2) { transformation: [-0.546382327239181f,0.8368355219933481f,-0.03424414710307433f,-0.7018620067765113f,-0.36477614224107224f,-0.2745747322618747f,-0.8896893179391563f,1.28053052047388f,-0.7539262023118827f,-0.47361907218084043f,0.45528041461734564f,1.282331018667187f,0f,0f,0f,1f], start_interpolation: 0, interpolation_duration: 1 }
$data merge entity $(bone_drillhead_left3) { transformation: [0.41056491734384565f,0.8368355219933481f,-0.36213638007877863f,-0.5053713363815917f,0.8870410336577426f,-0.2745747322618747f,0.37116966607028085f,1.5376859330722816f,0.21117446165160503f,-0.47361907218084043f,-0.8550381986863012f,1.4804269140263877f,0f,0f,0f,1f], start_interpolation: 0, interpolation_duration: 1 }
$data merge entity $(bone_drill_left) { transformation: [0.2712926329765084f,1.279358678882508f,0.7917623886558497f,-0.15877902644362119f,-1.0432139562432121f,-0.41977133796175375f,1.035732913136647f,1.2198189775528414f,1.0841360388905996f,-0.7240714029867098f,0.7985083935593903f,1.1858750423182665f,0f,0f,0f,1f], start_interpolation: 0, interpolation_duration: 1 }
$data merge entity $(bone_left_hand) { transformation: [-0.5178961168139828f,0.8368355219933481f,0.17745399775467952f,0.27673277155762765f,-0.6774785736924644f,-0.2745747322618747f,-0.6823719649802034f,1.1090796141813029f,-0.5223087155855447f,-0.47361907218084043f,0.7091393234689065f,1.0805025941459998f,0f,0f,0f,1f], start_interpolation: 0, interpolation_duration: 1 }
$data merge entity $(bone_left_arm_low) { transformation: [-0.5178961168139828f,0.8368355219933481f,0.17745399775467952f,1.0867452236799355f,-0.6774785736924644f,-0.2745747322618747f,-0.6823719649802034f,0.7708383471580178f,-0.5223087155855447f,-0.47361907218084043f,0.7091393234689065f,0.5963998310994661f,0f,0f,0f,1f], start_interpolation: 0, interpolation_duration: 1 }
$data merge entity $(bone_left_arm) { transformation: [-0.7247843989822514f,-0.06520081827963077f,0.8337915847630215f,1f,-0.68739741569763f,0.6749082058498943f,-0.5447528660803211f,1.4375f,-0.4763867613800619f,-0.8746540719085296f,-0.48250169596559195f,-0.3061737499999999f,0f,0f,0f,1f], start_interpolation: 0, interpolation_duration: 1 }
$data merge entity $(bone_drillhead_right1) { transformation: [-0.3285504029698669f,-0.8470386894950828f,0.41782782483553f,0.7129337027226929f,-0.36485395872150317f,-0.29422171286537235f,-0.8833544998944725f,1.7561665800075288f,0.8711694562561206f,-0.4426726128608123f,-0.2123787567281523f,1.7462186944966862f,0f,0f,0f,1f], start_interpolation: 0, interpolation_duration: 1 }
$data merge entity $(bone_drillhead_right2) { transformation: [-0.26029177956581523f,-0.8470386894950828f,-0.4634367788478957f,0.7242394665451466f,0.9557367076397825f,-0.29422171286537235f,0.000964027196249384f,2.0244765377302105f,-0.13716973121038756f,-0.4426726128608123f,0.8861294615701765f,1.5462536816628158f,0f,0f,0f,1f], start_interpolation: 0, interpolation_duration: 1 }
$data merge entity $(bone_drillhead_right3) { transformation: [0.5117533713926994f,-0.8470386894950828f,0.14364520655649538f,0.8828253793770314f,-0.6764895771687112f,-0.29422171286537235f,0.6751262368332789f,1.6893384163392613f,-0.5295945041730549f,-0.4426726128608123f,-0.723581798397857f,1.4655541068133429f,0f,0f,0f,1f], start_interpolation: 0, interpolation_duration: 1 }
$data merge entity $(bone_drill_right) { transformation: [-0.5022896357083486f,-1.2949573366263174f,0.6387774418426094f,0.19979562549547192f,-0.5577907083857104f,-0.44980774832952597f,-1.3504771442755439f,1.6206957579241512f,1.331848583558912f,-0.6767602883515962f,-0.3246857936709315f,1.2900308542015557f,0f,0f,0f,1f], start_interpolation: 0, interpolation_duration: 1 }
$data merge entity $(bone_barrel_right) { transformation: [-0.9589716129437482f,-1.9440688484798712f,-0.7540678029122476f,0.6978701759681467f,2.0274185662440494f,-0.675278796142027f,-0.8373893945952432f,1.6612286836247023f,0.4874380948055655f,-1.0159937762121443f,1.9994522359589382f,2.0981894307119067f,0f,0f,0f,1f], start_interpolation: 0, interpolation_duration: 1 }
$data merge entity $(bone_blaster_right) { transformation: [-0.41782782483553005f,-0.8470386894950828f,-0.32855040296986676f,-0.16317996811571328f,0.8833544998944723f,-0.29422171286537235f,-0.3648539587215034f,1.7394170202918606f,0.21237875672815248f,-0.4426726128608123f,0.8711694562561206f,1.2615298205489147f,0f,0f,0f,1f], start_interpolation: 0, interpolation_duration: 1 }
$data merge entity $(bone_rocket_right) { transformation: [-0.9627987417243148f,-1.951827369942859f,-0.7570771877074504f,-0.43749115920943726f,2.035509725398708f,-0.6779737444394935f,-0.8407313048346494f,1.210640025856951f,0.4893833957260468f,-1.0200484728990276f,2.007431785190971f,1.0083627352137041f,0f,0f,0f,1f], start_interpolation: 0, interpolation_duration: 1 }
$data merge entity $(bone_sword_right) { transformation: [-1.113113520373386f,-2.2565520090182263f,-0.8752741534478686f,0.5068308925482093f,2.3532990831863696f,-0.7838208637894738f,-0.97198858064209f,2.0149283971593284f,0.5657872728970401f,-1.1793012365041589f,2.3208375379900246f,0.25660335196713535f,0f,0f,0f,1f], start_interpolation: 0, interpolation_duration: 1 }
$data merge entity $(bone_right_hand) { transformation: [-0.41782782483553005f,-0.8470386894950828f,-0.32855040296986676f,-0.0978943704851617f,0.8833544998944723f,-0.29422171286537235f,-0.3648539587215034f,1.6013928796833492f,0.21237875672815248f,-0.4426726128608123f,0.8711694562561206f,1.2283456398101409f,0f,0f,0f,1f], start_interpolation: 0, interpolation_duration: 1 }
$data merge entity $(bone_right_arm_low) { transformation: [-0.41782782483553005f,-0.8470386894950828f,-0.32855040296986676f,-0.9290860210208322f,0.8833544998944723f,-0.29422171286537235f,-0.3648539587215034f,1.2405598243645253f,0.21237875672815248f,-0.4426726128608123f,0.8711694562561206f,0.799623400161823f,0f,0f,0f,1f], start_interpolation: 0, interpolation_duration: 1 }
$data merge entity $(bone_right_arm) { transformation: [-0.4624076164165029f,-0.08260473323056301f,-1.0020616911457814f,-1f,0.9776032721319632f,0.22089124072196675f,-0.46933024686591f,1.4375f,0.23503833119496545f,-1.0812749402229966f,-0.019325243824280698f,-0.30617375000000013f,0f,0f,0f,1f], start_interpolation: 0, interpolation_duration: 1 }