# This file was generated by Animated Java via MC-Build. It is not recommended to edit this file directly.
$data merge entity $(bone_barrel_left) { transformation: [-1.1883311117973014f,1.9193986515064876f,0.41403680848489693f,-0.5903248027464628f,-1.556042396637664f,-0.6253640045162189f,-1.566939825000388f,1.0144132336849547f,-1.1976016541619332f,-1.0920060310736417f,1.6250912588215118f,1.8834540371552884f,0f,0f,0f,1f], start_interpolation: 0, interpolation_duration: 1 }
$data merge entity $(bone_blaster_left) { transformation: [-0.5177606896021629f,0.8362897845217532f,0.1803975182957132f,0.35454881628128554f,-0.6779739891811766f,-0.2724736355181094f,-0.6827220429584109f,1.2152653084196232f,-0.5217999025454629f,-0.47579146088607327f,0.7080588587479443f,1.1662425216064318f,0f,0f,0f,1f], start_interpolation: 0, interpolation_duration: 1 }
$data merge entity $(bone_sword_left) { transformation: [-1.3793395022001596f,2.2279164066388693f,0.48058770795316436f,-0.1610474649217256f,-1.806155475921465f,-0.7258829345792935f,-1.818804520673283f,1.917897792781744f,-1.3901001607097365f,-1.2675314483877755f,1.886303022549363f,0.28580720531340353f,0f,0f,0f,1f], start_interpolation: 0, interpolation_duration: 1 }
$data merge entity $(bone_rocket_left) { transformation: [-1.1930735839804367f,1.9270587174786302f,0.4156891745868531f,0.7030684456853062f,-1.5622523558894015f,-0.6278597494868833f,-1.5731932744463692f,0.9304249271661089f,-1.2023811238526236f,-1.0963640826089163f,1.6315767829431187f,0.8910692350624131f,0f,0f,0f,1f], start_interpolation: 0, interpolation_duration: 1 }
$data merge entity $(bone_drillhead_left1) { transformation: [0.1803975182957131f,0.8362897845217532f,0.5177606896021629f,-0.5455046262842274f,-0.682722042958411f,-0.2724736355181094f,0.6779739891811765f,1.1763931928447695f,0.7080588587479442f,-0.47579146088607327f,0.521799902545463f,1.6275262880301797f,0f,0f,0f,1f], start_interpolation: 0, interpolation_duration: 1 }
$data merge entity $(bone_drillhead_left2) { transformation: [-0.5473836453539154f,0.8362897845217532f,-0.03147286297143184f,-0.7048169066449105f,-0.36509987742888655f,-0.2724736355181094f,-0.8902023351176723f,1.2786727209417459f,-0.753042644410309f,-0.47579146088607327f,0.45447690969665877f,1.2889331842906837f,0f,0f,0f,1f], start_interpolation: 0, interpolation_duration: 1 }
$data merge entity $(bone_drillhead_left3) { transformation: [0.40931336237082017f,0.8362897845217532f,-0.36480401270991136f,-0.5083780062553342f,0.8876327069301486f,-0.2724736355181094f,0.3713035086494626f,1.5360161625996684f,0.21111785564596586f,-0.47579146088607327f,-0.8538452651243931f,1.4868361529102878f,0f,0f,0f,1f], start_interpolation: 0, interpolation_duration: 1 }
$data merge entity $(bone_drill_left) { transformation: [0.2757927031237103f,1.2785243524798557f,0.7915553468008554f,-0.16183739556728682f,-1.0437491573525515f,-0.4165591698789447f,1.0364903070192906f,1.2191167859282126f,1.0824842185726753f,-0.7273925626063753f,0.7977305174276427f,1.1911829336562243f,0f,0f,0f,1f], start_interpolation: 0, interpolation_duration: 1 }
$data merge entity $(bone_left_hand) { transformation: [-0.5177606896021629f,0.8362897845217532f,0.1803975182957132f,0.2736487085309476f,-0.6779739891811766f,-0.2724736355181094f,-0.6827220429584109f,1.1093318726100643f,-0.5217999025454629f,-0.47579146088607327f,0.7080588587479443f,1.0847112868337032f,0f,0f,0f,1f], start_interpolation: 0, interpolation_duration: 1 }
$data merge entity $(bone_left_arm_low) { transformation: [-0.5177606896021629f,0.8362897845217532f,0.1803975182957132f,1.0832158723993066f,-0.6779739891811766f,-0.2724736355181094f,-0.6827220429584109f,0.7731497989256809f,-0.5217999025454629f,-0.47579146088607327f,0.7080588587479443f,0.5984341713744118f,0f,0f,0f,1f], start_interpolation: 0, interpolation_duration: 1 }
$data merge entity $(bone_left_arm) { transformation: [-0.7247843989822516f,-0.0617288960801732f,0.8340558116305451f,1f,-0.6873974156976299f,0.6726343656829573f,-0.5475580165868574f,1.4375f,-0.47638676138006203f,-0.8766553096999051f,-0.47885603273928473f,-0.3061737499999999f,0f,0f,0f,1f], start_interpolation: 0, interpolation_duration: 1 }
$data merge entity $(bone_drillhead_right1) { transformation: [-0.3165472210439123f,-0.8515971850837613f,0.4178278248355299f,0.7289529015820169f,-0.36065957495904055f,-0.29934845666305027f,-0.8833544998944728f,1.7694038302838635f,0.8773383200566017f,-0.43031701784947296f,-0.21237875672815223f,1.7226762382743357f,0f,0f,0f,1f], start_interpolation: 0, interpolation_duration: 1 }
$data merge entity $(bone_drillhead_right2) { transformation: [-0.26488519842454206f,-0.8515971850837613f,-0.45234728474149677f,0.736948045291507f,0.9541315864649071f,-0.29934845666305027f,0.004839132505886412f,2.0365569271565507f,-0.1395304531833485f,-0.43031701784947296f,0.8918287485742907f,1.5210097795490352f,0f,0f,0f,1f], start_interpolation: 0, interpolation_duration: 1 }
$data merge entity $(bone_drillhead_right3) { transformation: [0.5071599525339724f,-0.8515971850837613f,0.13255571245009656f,0.8955323977097414f,-0.6780946983435872f,-0.29934845666305027f,0.671251131523642f,1.7014182604957124f,-0.5319552261460156f,-0.43031701784947296f,-0.7292810854019712f,1.440309402747268f,0f,0f,0f,1f], start_interpolation: 0, interpolation_duration: 1 }
$data merge entity $(bone_drill_right) { transformation: [-0.4839391061627138f,-1.3019263893741402f,0.6387774418426093f,0.2105778902294635f,-0.5513783117700789f,-0.4576455420172782f,-1.3504771442755445f,1.6297125673886752f,1.3412795759517664f,-0.6578709877721209f,-0.3246857936709314f,1.2737396344586984f,0f,0f,0f,1f], start_interpolation: 0, interpolation_duration: 1 }
$data merge entity $(bone_barrel_right) { transformation: [-0.958971612943748f,-1.954531215051539f,-0.7265188699599703f,0.7185697955227381f,2.0274185662440503f,-0.6870453695403971f,-0.8277627141232637f,1.6765082555488628f,0.4874380948055654f,-0.9876360073594649f,2.0136106163183753f,2.0753603979171826f,0f,0f,0f,1f], start_interpolation: 0, interpolation_duration: 1 }
$data merge entity $(bone_blaster_right) { transformation: [-0.41782782483552994f,-0.8515971850837613f,-0.3165472210439122f,-0.15308402553271297f,0.8833544998944727f,-0.29934845666305027f,-0.3606595749590408f,1.747186364401289f,0.21237875672815243f,-0.43031701784947296f,0.8773383200566017f,1.24907697737422f,0f,0f,0f,1f], start_interpolation: 0, interpolation_duration: 1 }
$data merge entity $(bone_rocket_right) { transformation: [-0.9627987417243145f,-1.9623314904347462f,-0.7294183106100571f,-0.4289242655504041f,2.035509725398709f,-0.689787276674907f,-0.8310662055550658f,1.2161081470526942f,0.48938339572604667f,-0.9915775319442087f,2.0216466697724607f,1.0024732435322092f,0f,0f,0f,1f], start_interpolation: 0, interpolation_duration: 1 }
$data merge entity $(bone_sword_right) { transformation: [-1.1131135203733855f,-2.2686960615937526f,-0.8432970966433326f,0.5034983657334267f,2.3532990831863705f,-0.7974787570591046f,-0.960814539570341f,2.018725263469694f,0.56578727289704f,-1.1463853342068588f,2.3372716893162564f,0.23425459428483364f,0f,0f,0f,1f], start_interpolation: 0, interpolation_duration: 1 }
$data merge entity $(bone_right_hand) { transformation: [-0.41782782483552994f,-0.8515971850837613f,-0.3165472210439122f,-0.08779842790216141f,0.8833544998944727f,-0.29934845666305027f,-0.3606595749590408f,1.6091622237927776f,0.21237875672815243f,-0.43031701784947296f,0.8773383200566017f,1.2158927966354462f,0f,0f,0f,1f], start_interpolation: 0, interpolation_duration: 1 }
$data merge entity $(bone_right_arm_low) { transformation: [-0.41782782483552994f,-0.8515971850837613f,-0.3165472210439122f,-0.9231734745913243f,0.8833544998944727f,-0.29934845666305027f,-0.3606595749590408f,1.243333499168853f,0.21237875672815243f,-0.43031701784947296f,0.8773383200566017f,0.7997189289922326f,0f,0f,0f,1f], start_interpolation: 0, interpolation_duration: 1 }
$data merge entity $(bone_right_arm) { transformation: [-0.4624076164165028f,-0.0884210715805028f,-1.0015652195012523f,-1f,0.9776032721319636f,0.21816269874314037f,-0.4706047786922862f,1.4375f,0.2350383311949654f,-1.0813689146224303f,-0.013047294409966945f,-0.30617375000000013f,0f,0f,0f,1f], start_interpolation: 0, interpolation_duration: 1 }