# This file was generated by Animated Java via MC-Build. It is not recommended to edit this file directly.
$data merge entity $(bone_barrel_left) { transformation: [-1.1881259065630303f,1.9185672735778028f,0.41845542219059323f,-0.5910790762238902f,-1.556801939735288f,-0.6222218891221086f,-1.567436166031795f,1.0130172370405146f,-1.196817882570659f,-1.0952570615632868f,1.6234800332943835f,1.8874484960676154f,0f,0f,0f,1f], start_interpolation: 0, interpolation_duration: 1 }
$data merge entity $(bone_blaster_left) { transformation: [-0.5176712808485324f,0.8359275497831332f,0.18232272622524953f,0.3524685544984599f,-0.67830492519228f,-0.27110460308504997f,-0.682938300760759f,1.2155290841621f,-0.5214584100813172f,-0.47720794806841293f,0.7073568412447848f,1.1689591849228034f,0f,0f,0f,1f], start_interpolation: 0, interpolation_duration: 1 }
$data merge entity $(bone_sword_left) { transformation: [-1.3791013129590648f,2.2269513957871734f,0.48571655492916566f,-0.16533434538349834f,-1.8070371054502852f,-0.7222357660077223f,-1.8193806419111989f,1.918058586466887f,-1.389190408279783f,-1.2713050387050755f,1.8844328139901003f,0.2897375207717837f,0f,0f,0f,1f], start_interpolation: 0, interpolation_duration: 1 }
$data merge entity $(bone_rocket_left) { transformation: [-1.192867559799236f,1.9262240216306707f,0.420125422395014f,0.7009413621465215f,-1.5630149302229972f,-0.6247050943261165f,-1.5736915963091385f,0.9313079942607339f,-1.2015942243326665f,-1.0996280875309485f,1.6299591272281686f,0.8930871368911901f,0f,0f,0f,1f], start_interpolation: 0, interpolation_duration: 1 }
$data merge entity $(bone_drillhead_left1) { transformation: [0.18232272622524942f,0.8359275497831332f,0.5176712808485324f,-0.5468467602204152f,-0.6829383007607591f,-0.27110460308504997f,0.6783049251922799f,1.1752159768635215f,0.7073568412447847f,-0.47720794806841293f,0.5214584100813173f,1.6315570363028102f,0f,0f,0f,1f], start_interpolation: 0, interpolation_duration: 1 }
$data merge entity $(bone_drillhead_left2) { transformation: [-0.5480377876149003f,0.8359275497831332f,-0.029659987520782027f,-0.70679338966001f,-0.36532286415803766f,-0.27110460308504997f,-0.8905287750036299f,1.277505849062631f,-0.7524584960444884f,-0.47720794806841293f,0.4539590136023312f,1.293266255734068f,0f,0f,0f,1f], start_interpolation: 0, interpolation_duration: 1 }
$data merge entity $(bone_drillhead_left3) { transformation: [0.4084940142748222f,0.8359275497831332f,-0.36654845766311556f,-0.5103886653637468f,0.8880212102154563f,-0.27110460308504997f,0.37137666107817563f,1.534974891262471f,0.21107100821552421f,-0.47720794806841293f,-0.8530660020134533f,1.491039737581024f,0f,0f,0f,1f], start_interpolation: 0, interpolation_duration: 1 }
$data merge entity $(bone_drill_left) { transformation: [0.27873597143459505f,1.2779705660493488f,0.7914186582140077f,-0.1638844474087235f,-1.0440797734521776f,-0.4144661856796911f,1.0369962437856357f,1.2187052503324534f,1.0814109704112502f,-0.7295580958833751f,0.7972084418987059f,1.1946704122258702f,0f,0f,0f,1f], start_interpolation: 0, interpolation_duration: 1 }
$data merge entity $(bone_left_hand) { transformation: [-0.5176712808485324f,0.8359275497831332f,0.18232272622524953f,0.2715824168658767f,-0.67830492519228f,-0.27110460308504997f,-0.682938300760759f,1.1095439396008062f,-0.5214584100813172f,-0.47720794806841293f,0.7073568412447848f,1.0874813083475976f,0f,0f,0f,1f], start_interpolation: 0, interpolation_duration: 1 }
$data merge entity $(bone_left_arm_low) { transformation: [-0.5176712808485324f,0.8359275497831332f,0.18232272622524953f,1.0808530967905157f,-0.67830492519228f,-0.27110460308504997f,-0.682938300760759f,0.774703456792465f,-0.5214584100813172f,-0.47720794806841293f,0.7073568412447848f,0.599787110938002f,0f,0f,0f,1f], start_interpolation: 0, interpolation_duration: 1 }
$data merge entity $(bone_left_arm) { transformation: [-0.7247843989822514f,-0.05940456720604784f,0.8342245806262404f,1f,-0.6873974156976299f,0.6711059887068099f,-0.549430180594498f,1.4375f,-0.47638676138006214f,-0.877986234431352f,-0.4764113813343448f,-0.3061737499999999f,0f,0f,0f,1f], start_interpolation: 0, interpolation_duration: 1 }
$data merge entity $(bone_drillhead_right1) { transformation: [-0.308371804126075f,-0.8545915628025118f,0.41782782483552977f,0.7397021279814785f,-0.3577743487639803f,-0.3027909227217615f,-0.8833544998944729f,1.7783567158701923f,0.8814217751942254f,-0.4218896987413473f,-0.2123787567281524f,1.7065859007226076f,0f,0f,0f,1f], start_interpolation: 0, interpolation_duration: 1 }
$data merge entity $(bone_drillhead_right2) { transformation: [-0.26801379503167555f,-0.8545915628025118f,-0.44479418438136037f,0.7454423946219533f,0.953027458201432f,-0.3027909227217615f,0.007504733934168062f,2.044714033096221f,-0.141093123811323f,-0.4218896987413473f,0.8956013691978693f,1.5037931765793209f,0f,0f,0f,1f], start_interpolation: 0, interpolation_duration: 1 }
$data merge entity $(bone_drillhead_right3) { transformation: [0.5040313559268387f,-0.8545915628025118f,0.12500261208996027f,0.9040256842359883f,-0.6791988266070625f,-0.3027909227217615f,0.6685855300953605f,1.709574991355977f,-0.5335178967739905f,-0.4218896987413473f,-0.7330537060255498f,1.4230922689283858f,0f,0f,0f,1f], start_interpolation: 0, interpolation_duration: 1 }
$data merge entity $(bone_drill_right) { transformation: [-0.47144048449521586f,-1.3065042102501119f,0.6387774418426091f,0.21783492096938128f,-0.5469673623347622f,-0.46290840277452705f,-1.3504771442755445f,1.6358191990946178f,1.3475223842848807f,-0.6449872566716399f,-0.3246857936709317f,1.2626173769212274f,0f,0f,0f,1f], start_interpolation: 0, interpolation_duration: 1 }
$data merge entity $(bone_barrel_right) { transformation: [-0.9589716129437477f,-1.9614037186523785f,-0.7077551776394023f,0.7324941633337179f,2.0274185662440507f,-0.694946296746779f,-0.8211407280957089f,1.6868563277476714f,0.48743809480556577f,-0.968294165295471f,2.0229827005285443f,2.059713692575402f,0f,0f,0f,1f], start_interpolation: 0, interpolation_duration: 1 }
$data merge entity $(bone_blaster_right) { transformation: [-0.4178278248355298f,-0.8545915628025118f,-0.3083718041260749f,-0.14626296285869955f,0.8833544998944728f,-0.3027909227217615f,-0.3577743487639805f,1.7524588748978054f,0.2123787567281526f,-0.4218896987413473f,0.8814217751942254f,1.2405663988185578f,0f,0f,0f,1f], start_interpolation: 0, interpolation_duration: 1 }
$data merge entity $(bone_rocket_right) { transformation: [-0.9627987417243142f,-1.969231421287832f,-0.7105797348769455f,-0.4230894281784012f,2.0355097253987093f,-0.697719735436026f,-0.8244177920577418f,1.2198397511570462f,0.48938339572604705f,-0.9721584991485673f,2.0310561567302505f,0.9984315404767112f,0f,0f,0f,1f], start_interpolation: 0, interpolation_duration: 1 }
$data merge entity $(bone_sword_right) { transformation: [-1.1131135203733853f,-2.2766732285647606f,-0.821517390829063f,0.5011507435308324f,2.3532990831863705f,-0.806649653025371f,-0.9531281575341011f,2.0212480560037536f,0.5657872728970404f,-1.1239345487823884f,2.348150211169884f,0.21914280972996192f,0f,0f,0f,1f], start_interpolation: 0, interpolation_duration: 1 }
$data merge entity $(bone_right_hand) { transformation: [-0.4178278248355298f,-0.8545915628025118f,-0.3083718041260749f,-0.08097736522814802f,0.8833544998944728f,-0.3027909227217615f,-0.3577743487639805f,1.614434734289294f,0.2123787567281526f,-0.4218896987413473f,0.8814217751942254f,1.207382218079784f,0f,0f,0f,1f], start_interpolation: 0, interpolation_duration: 1 }
$data merge entity $(bone_right_arm_low) { transformation: [-0.4178278248355298f,-0.8545915628025118f,-0.3083718041260749f,-0.919091307857379f,0.8833544998944728f,-0.3027909227217615f,-0.3577743487639805f,1.2452537069252536f,0.2123787567281526f,-0.4218896987413473f,0.8814217751942254f,0.7997632775177466f,0f,0f,0f,1f], start_interpolation: 0, interpolation_duration: 1 }
$data merge entity $(bone_right_arm) { transformation: [-0.4624076164165027f,-0.09243681390211869f,-1.0012025820230697f,-1f,0.9776032721319637f,0.2162737363228765f,-0.4714758655836466f,1.4375f,0.2350383311949656f,-1.0814125415153073f,-0.008710709300495797f,-0.30617375000000013f,0f,0f,0f,1f], start_interpolation: 0, interpolation_duration: 1 }