# This file was generated by Animated Java via MC-Build. It is not recommended to edit this file directly.
$data merge entity $(bone_barrel_left) { transformation: [-1.189427088444549f,1.9283025745079176f,0.36682540243438816f,-0.5953185815725978f,-1.5521005477315655f,-0.6613691457445677f,-1.5560280319580262f,1.0412145977504255f,-1.20162206390212f,-1.054461249953704f,1.6467739314612595f,1.8465150831244164f,0f,0f,0f,1f], start_interpolation: 0, interpolation_duration: 1 }
$data merge entity $(bone_blaster_left) { transformation: [-0.5182382110766353f,0.840169259920165f,0.1598273170183703f,0.3636126013264901f,-0.6762565096103167f,-0.2881612217190781f,-0.677967730431943f,1.2224885075584f,-0.5235516113906635f,-0.45943304733396134f,0.7175060872408465f,1.1428739629627325f,0f,0f,0f,1f], start_interpolation: 0, interpolation_duration: 1 }
$data merge entity $(bone_sword_left) { transformation: [-1.3806116424883585f,2.2382515166082158f,0.42578769752392776f,-0.12828911159056916f,-1.8015800273331817f,-0.7676754224520073f,-1.8061388023110005f,1.92305973824607f,-1.3947667977392784f,-1.2239518440282942f,1.9114708958704987f,0.24736799703660217f,0f,0f,0f,1f], start_interpolation: 0, interpolation_duration: 1 }
$data merge entity $(bone_rocket_left) { transformation: [-1.1941739345254232f,1.9359981748582615f,0.368289354063561f,0.7127117181194964f,-1.5582947755860503f,-0.6640085824683388f,-1.5622379338822285f,0.9303698339202524f,-1.2064175785159539f,-1.058669465236847f,1.653345988259516f,0.8761966304685134f,0f,0f,0f,1f], start_interpolation: 0, interpolation_duration: 1 }
$data merge entity $(bone_drillhead_left1) { transformation: [0.1598273170183702f,0.840169259920165f,0.5182382110766353f,-0.5442160156468171f,-0.6779677304319431f,-0.2881612217190781f,0.6762565096103166f,1.2000406977269453f,0.7175060872408464f,-0.45943304733396134f,0.5235516113906636f,1.589789225677576f,0f,0f,0f,1f], start_interpolation: 0, interpolation_duration: 1 }
$data merge entity $(bone_drillhead_left2) { transformation: [-0.5399529424412607f,0.840169259920165f,-0.050659990468085614f,-0.6966597960689702f,-0.36533252984202785f,-0.2881612217190781f,-0.8851526721061131f,1.3010377984843218f,-0.7582763101853099f,-0.45943304733396134f,0.4625346607868229f,1.2476675018852788f,0f,0f,0f,1f], start_interpolation: 0, interpolation_duration: 1 }
$data merge entity $(bone_drillhead_left3) { transformation: [0.41762640991667416f,0.840169259920165f,-0.3459823643270158f,-0.5000370278204449f,0.8842265660709598f,-0.2881612217190781f,0.36756834759229046f,1.5577289308990014f,0.20912092576896457f,-0.45943304733396134f,-0.8632437161213286f,1.4462339217175821f,0f,0f,0f,1f], start_interpolation: 0, interpolation_duration: 1 }
$data merge entity $(bone_drill_left) { transformation: [0.24434486798898486f,1.284455315482773f,0.7922853842176033f,-0.15301222695572514f,-1.0364807386095611f,-0.44054243663741094f,1.0338646149483457f,1.2333781911065351f,1.0969271926651118f,-0.7023837313598331f,0.8004085393986082f,1.1593596966171476f,0f,0f,0f,1f], start_interpolation: 0, interpolation_duration: 1 }
$data merge entity $(bone_left_hand) { transformation: [-0.5182382110766353f,0.840169259920165f,0.1598273170183703f,0.2826378808457658f,-0.6762565096103167f,-0.2881612217190781f,-0.677967730431943f,1.116823427931788f,-0.5235516113906635f,-0.45943304733396134f,0.7175060872408465f,1.0610690236829412f,0f,0f,0f,1f], start_interpolation: 0, interpolation_duration: 1 }
$data merge entity $(bone_left_arm_low) { transformation: [-0.5182382110766353f,0.840169259920165f,0.1598273170183703f,1.095411856230465f,-0.6762565096103167f,-0.2881612217190781f,-0.677967730431943f,0.7652096827860668f,-0.5235516113906635f,-0.45943304733396134f,0.7175060872408465f,0.5913360658633398f,0f,0f,0f,1f], start_interpolation: 0, interpolation_duration: 1 }
$data merge entity $(bone_left_arm) { transformation: [-0.7247843989822516f,-0.07372642866924357f,0.8330810088110538f,1f,-0.6873974156976299f,0.6804452814290611f,-0.5378205931415914f,1.4375f,-0.4763867613800618f,-0.869672703510138f,-0.49142346391397623f,-0.3061737499999999f,0f,0f,0f,1f], start_interpolation: 0, interpolation_duration: 1 }
$data merge entity $(bone_drillhead_right1) { transformation: [-0.34732199059708924f,-0.8395161366173284f,0.4178278248355299f,0.6945217094135288f,-0.3713122188970812f,-0.2860280818624491f,-0.8833544998944727f,1.7386086632726565f,0.8611008483014059f,-0.46195302006286615f,-0.21237875672815223f,1.7830247374441608f,0f,0f,0f,1f], start_interpolation: 0, interpolation_duration: 1 }
$data merge entity $(bone_drillhead_right2) { transformation: [-0.25310820398168765f,-0.8395161366173284f,-0.4807794644494285f,0.7110049000161736f,0.9582081768108797f,-0.2860280818624491f,-0.005002627195599796f,2.008699885843602f,-0.13331664175913893f,-0.46195302006286615f,0.8768272807599351f,1.5858367662489203f,0f,0f,0f,1f], start_interpolation: 0, interpolation_duration: 1 }
$data merge entity $(bone_drillhead_right3) { transformation: [0.5189369469768268f,-0.8395161366173284f,0.16098789215802828f,0.8695932531544499f,-0.6740181079976144f,-0.2860280818624491f,0.6810928912251282f,1.6735626040264757f,-0.5257414147218061f,-0.46195302006286615f,-0.7142796175876156f,1.5051385003184814f,0f,0f,0f,1f], start_interpolation: 0, interpolation_duration: 1 }
$data merge entity $(bone_drill_right) { transformation: [-0.5309877405522792f,-1.283456817039645f,0.6387774418426093f,0.18983983659927506f,-0.5676641315243768f,-0.43728128087008894f,-1.3504771442755443f,1.609839007284409f,1.316455641179451f,-0.7062362793176351f,-0.3246857936709314f,1.3156009912364004f,0f,0f,0f,1f], start_interpolation: 0, interpolation_duration: 1 }
$data merge entity $(bone_barrel_right) { transformation: [-0.958971612943748f,-1.9268035678119924f,-0.7971511463240423f,0.6720932375369902f,2.0274185662440503f,-0.6564733000221069f,-0.8522119789452021f,1.6404916134620466f,0.4874380948055654f,-1.0602449296628362f,1.9763434130502873f,2.1337290592674183f,0f,0f,0f,1f], start_interpolation: 0, interpolation_duration: 1 }
$data merge entity $(bone_blaster_right) { transformation: [-0.41782782483552994f,-0.8395161366173284f,-0.3473219905970891f,-0.17195019915862134f,0.8833544998944726f,-0.2860280818624491f,-0.37131221889708144f,1.730566521003325f,0.21237875672815243f,-0.46195302006286615f,0.8611008483014059f,1.2810877173784658f,0f,0f,0f,1f], start_interpolation: 0, interpolation_duration: 1 }
$data merge entity $(bone_rocket_right) { transformation: [-0.9627987417243145f,-1.934493185825017f,-0.8003324710404156f,-0.44367333804016956f,2.0355097253987084f,-0.6590931980735996f,-0.8556130441568748f,1.2054827008089033f,0.48938339572604667f,-1.0644762268461871f,1.9842307380287083f,1.0176511404450588f,0f,0f,0f,1f], start_interpolation: 0, interpolation_duration: 1 }
$data merge entity $(bone_sword_right) { transformation: [-1.1131135203733855f,-2.236511564561833f,-0.925282570180191f,0.5189810458342736f,2.35329908318637f,-0.7619926347721878f,-0.9891936978990717f,2.0121334056913818f,0.56578727289704f,-1.2306651731767786f,2.29401427974928f,0.29213251941098695f,0f,0f,0f,1f], start_interpolation: 0, interpolation_duration: 1 }
$data merge entity $(bone_right_hand) { transformation: [-0.41782782483552994f,-0.8395161366173284f,-0.3473219905970891f,-0.10666460152806978f,0.8833544998944726f,-0.2860280818624491f,-0.37131221889708144f,1.5925423803948136f,0.21237875672815243f,-0.46195302006286615f,0.8611008483014059f,1.247903536639692f,0f,0f,0f,1f], start_interpolation: 0, interpolation_duration: 1 }
$data merge entity $(bone_right_arm_low) { transformation: [-0.41782782483552994f,-0.8395161366173284f,-0.3473219905970891f,-0.9309203112993365f,0.8833544998944726f,-0.2860280818624491f,-0.37131221889708144f,1.2397011354484262f,0.21237875672815243f,-0.46195302006286615f,0.8611008483014059f,0.7995862457907352f,0f,0f,0f,1f], start_interpolation: 0, interpolation_duration: 1 }
$data merge entity $(bone_right_arm) { transformation: [-0.4624076164165028f,-0.08080029025172379f,-1.0022088045458755f,-1f,0.9776032721319635f,0.2217359571792361f,-0.4689317499857669f,1.4375f,0.2350383311949654f,-1.0812383904223308f,-0.021272152689384784f,-0.30617375000000013f,0f,0f,0f,1f], start_interpolation: 0, interpolation_duration: 1 }