# This file was generated by Animated Java via MC-Build. It is not recommended to edit this file directly.
$data merge entity $(bone_barrel_left) { transformation: [-1.1900013729307606f,1.9314032996716435f,0.3481759898256713f,-0.5956028224406766f,-1.5501053879535565f,-0.6752842235406205f,-1.5520351146559768f,1.0506633601234134f,-1.203627231376456f,-1.0398658590920864f,1.6545721430129356f,1.8311454424481963f,0f,0f,0f,1f], start_interpolation: 0, interpolation_duration: 1 }
$data merge entity $(bone_blaster_left) { transformation: [-0.5184884291586638f,0.8415202584618167f,0.15170169223492058f,0.36870144788690545f,-0.6753872103954152f,-0.29422407760497277f,-0.6762280001536483f,1.2243655377845146f,-0.5244252709994823f,-0.4530737762835765f,0.7209037996718143f,1.1329585780633928f,0f,0f,0f,1f], start_interpolation: 0, interpolation_duration: 1 }
$data merge entity $(bone_sword_left) { transformation: [-1.3812782355527564f,2.2418506420214386f,0.4041406403622865f,-0.1138188810175661f,-1.7992641722085552f,-0.7838271635700651f,-1.8015040767626598f,1.9243083803701455f,-1.3970942691640527f,-1.2070104385853015f,1.9205225660093643f,0.23187454826687404f,0f,0f,0f,1f], start_interpolation: 0, interpolation_duration: 1 }
$data merge entity $(bone_rocket_left) { transformation: [-1.1947505109050087f,1.9391112746057129f,0.34956551411750475f,0.7179291158264551f,-1.5562916533894409f,-0.6779791934981164f,-1.5582290813757176f,0.9294599973481417f,-1.2084307483482817f,-1.044015826102104f,1.6611753214413465f,0.8695367288074238f,0f,0f,0f,1f], start_interpolation: 0, interpolation_duration: 1 }
$data merge entity $(bone_drillhead_left1) { transformation: [0.15170169223492047f,0.8415202584618167f,0.5184884291586638f,-0.5420395137956243f,-0.6762280001536484f,-0.29422407760497277f,0.675387210395415f,1.2082983962030682f,0.7209037996718142f,-0.4530737762835765f,0.5244252709994824f,1.574187205516732f,0f,0f,0f,1f], start_interpolation: 0, interpolation_duration: 1 }
$data merge entity $(bone_drillhead_left2) { transformation: [-0.5370745718236696f,0.8415202584618167f,-0.05826284320885175f,-0.6917817954144589f,-0.3651951680440395f,-0.29422407760497277f,-0.8832127045025957f,1.308871936468285f,-0.7603837146715517f,-0.4530737762835765f,0.4653394027013317f,1.23075015664822f,0f,0f,0f,1f], start_interpolation: 0, interpolation_duration: 1 }
$data merge entity $(bone_drillhead_left3) { transformation: [0.4209671232635659f,0.8415202584618167f,-0.3385710202151906f,-0.4950630265218039f,0.8827576723643968f,-0.29422407760497277f,0.36629371280339457f,1.5652329903908062f,0.20862783374466176f,-0.4530737762835765f,-0.8667171281514804f,1.42964764164025f,0f,0f,0f,1f], start_interpolation: 0, interpolation_duration: 1 }
$data merge entity $(bone_drill_left) { transformation: [0.23192236880624603f,1.2865207293711587f,0.7926679189767565f,-0.14795243172468997f,-1.033821029536565f,-0.4498113635562361f,1.0325356255999f,1.2380346840545104f,1.102121633833851f,-0.6926616433319532f,0.8017441949408933f,1.1461305536960718f,0f,0f,0f,1f], start_interpolation: 0, interpolation_duration: 1 }
$data merge entity $(bone_left_hand) { transformation: [-0.5184884291586638f,0.8415202584618167f,0.15170169223492058f,0.28768763083086424f,-0.6753872103954152f,-0.29422407760497277f,-0.6762280001536483f,1.118836286160231f,-0.5244252709994823f,-0.4530737762835765f,0.7209037996718143f,1.0510171294697237f,0f,0f,0f,1f], start_interpolation: 0, interpolation_duration: 1 }
$data merge entity $(bone_left_arm_low) { transformation: [-0.5184884291586638f,0.8415202584618167f,0.15170169223492058f,1.1015430403526056f,-0.6753872103954152f,-0.29422407760497277f,-0.6762280001536483f,0.7612683829007434f,-0.5244252709994823f,-0.4530737762835765f,0.7209037996718143f,0.5876950174884237f,0f,0f,0f,1f], start_interpolation: 0, interpolation_duration: 1 }
$data merge entity $(bone_left_arm) { transformation: [-0.7247843989822514f,-0.07975784707167215f,0.8325252184507425f,1f,-0.6873974156976299f,0.6843224490665469f,-0.5328785575811913f,1.4375f,-0.4763867613800621f,-0.8660909017349641f,-0.49770893306003716f,-0.3061737499999999f,0f,0f,0f,1f], start_interpolation: 0, interpolation_duration: 1 }
$data merge entity $(bone_drillhead_right1) { transformation: [-0.36422606519060463f,-0.8323216218680008f,0.41782782483552977f,0.6729227049099014f,-0.3770198160273291f,-0.2784616415934245f,-0.8833544998944728f,1.7204815784717489f,0.8515840720436757f,-0.47927010331556863f,-0.21237875672815235f,1.8159281076594382f,0f,0f,0f,1f], start_interpolation: 0, interpolation_duration: 1 }
$data merge entity $(bone_drillhead_right2) { transformation: [-0.24663929469528556f,-0.8323216218680008f,-0.49639679298242134f,0.6940682400213235f,0.9603923796712401f,-0.2784616415934245f,-0.010275759364055947f,1.992147024108933f,-0.12967472915578004f,-0.47927010331556863f,0.8680349259599289f,1.6213649763677978f,0f,0f,0f,1f], start_interpolation: 0, interpolation_duration: 1 }
$data merge entity $(bone_drillhead_right3) { transformation: [0.5254058562632287f,-0.8323216218680008f,0.17660522069102125f,0.8526587906892968f,-0.6718339051372542f,-0.2784616415934245f,0.6863660233935844f,1.6570104842794333f,-0.5220995021184475f,-0.47927010331556863f,-0.7054872627876094f,1.5406679476182723f,0f,0f,0f,1f], start_interpolation: 0, interpolation_duration: 1 }
$data merge entity $(bone_drill_right) { transformation: [-0.5568307813545829f,-1.272457803920585f,0.6387774418426091f,0.17614010739505193f,-0.5763899369332509f,-0.42571366600191934f,-1.3504771442755445f,1.5978541590398296f,1.3019063420874284f,-0.7327107299952343f,-0.3246857936709316f,1.3384975447715997f,0f,0f,0f,1f], start_interpolation: 0, interpolation_duration: 1 }
$data merge entity $(bone_barrel_right) { transformation: [-0.9589716129437477f,-1.9102911792073656f,-0.8359482936529591f,0.6438136089161216f,2.0274185662440503f,-0.6391072918298923f,-0.8653116896410644f,1.6195174645545927f,0.4874380948055656f,-1.0999899879649302f,1.9545011188433548f,2.165331057548408f,0f,0f,0f,1f], start_interpolation: 0, interpolation_duration: 1 }
$data merge entity $(bone_blaster_right) { transformation: [-0.4178278248355298f,-0.8323216218680008f,-0.3642260651906045f,-0.1844624577481706f,0.8833544998944727f,-0.2784616415934245f,-0.3770198160273293f,1.7204474534095051f,0.21237875672815254f,-0.47927010331556863f,0.8515840720436757f,1.2985600585892947f,0f,0f,0f,1f], start_interpolation: 0, interpolation_duration: 1 }
$data merge entity $(bone_rocket_right) { transformation: [-0.9627987417243142f,-1.9179148984630008f,-0.8392844526492446f,-0.4536448439171498f,2.035509725398709f,-0.6416578844412042f,-0.8687650340642848f,1.1987901285289553f,0.4893833957260469f,-1.1043799024154246f,1.9623012741165784f,1.0258701415134281f,0f,0f,0f,1f], start_interpolation: 0, interpolation_duration: 1 }
$data merge entity $(bone_sword_right) { transformation: [-1.1131135203733853f,-2.2173450295347448f,-0.9703158419275881f,0.5252222434544079f,2.3532990831863705f,-0.7418352721842266f,-1.0043990125212467f,2.0072997461178743f,0.5657872728970402f,-1.2767987199543351f,2.2686611278211677f,0.32451608294228906f,0f,0f,0f,1f], start_interpolation: 0, interpolation_duration: 1 }
$data merge entity $(bone_right_hand) { transformation: [-0.4178278248355298f,-0.8323216218680008f,-0.3642260651906045f,-0.11917686011761908f,0.8833544998944727f,-0.2784616415934245f,-0.3770198160273293f,1.5824233128009937f,0.21237875672815254f,-0.47927010331556863f,0.8515840720436757f,1.2653758778505209f,0f,0f,0f,1f], start_interpolation: 0, interpolation_duration: 1 }
$data merge entity $(bone_right_arm_low) { transformation: [-0.4178278248355298f,-0.8323216218680008f,-0.3642260651906045f,-0.9367663074706056f,0.8833544998944727f,-0.2784616415934245f,-0.3770198160273293f,1.2369701457133107f,0.21237875672815254f,-0.47927010331556863f,0.8515840720436757f,0.7994441044908076f,0f,0f,0f,1f], start_interpolation: 0, interpolation_duration: 1 }
$data merge entity $(bone_right_arm) { transformation: [-0.4624076164165027f,-0.07504941926408f,-1.0026558529635983f,-1f,0.9776032721319636f,0.2244225086539729f,-0.4676519629600236f,1.4375f,0.23503833119496553f,-1.0810985620245777f,-0.02747472641363039f,-0.30617375000000013f,0f,0f,0f,1f], start_interpolation: 0, interpolation_duration: 1 }