# This file was generated by Animated Java via MC-Build. It is not recommended to edit this file directly.
$data merge entity $(bone_barrel_left) { transformation: [-1.1905612919914432f,1.9337594596489005f,0.3328462943773802f,-0.5948799939567843f,-1.5482020531642322f,-0.6865676437727749f,-1.5489815255686716f,1.057777469191665f,-1.2055217567677554f,-1.028030989899326f,1.660577631794699f,1.8180666850791463f,0f,0f,0f,1f], start_interpolation: 0, interpolation_duration: 1 }
$data merge entity $(bone_blaster_left) { transformation: [-0.5187323881664709f,0.84254684692906f,0.14502248169511256f,0.37376017271976614f,-0.6745579197008597f,-0.29914030960670446f,-0.6748975389918483f,1.2253467365056985f,-0.5252507234035555f,-0.4479172757310266f,0.7235204155141286f,1.124397572282298f,0f,0f,0f,1f], start_interpolation: 0, interpolation_duration: 1 }
$data merge entity $(bone_sword_left) { transformation: [-1.3819281541409068f,2.2445855233166174f,0.38634690065572846f,-0.10104119209835521f,-1.797054901715876f,-0.7969242432405584f,-1.7979596639220021f,1.9249071165213598f,-1.3992933142653698f,-1.1932732718824486f,1.9274933570830552f,0.21892685595489603f,0f,0f,0f,1f], start_interpolation: 0, interpolation_duration: 1 }
$data merge entity $(bone_rocket_left) { transformation: [-1.1953126645285532f,1.9414768377055847f,0.33417463988367346f,0.7230455656392296f,-1.5543807226428923f,-0.6893076443669768f,-1.555163305818529f,0.9281958105620964f,-1.210332834539664f,-1.0321337255128242f,1.6672047773339689f,0.8635885348546124f,0f,0f,0f,1f], start_interpolation: 0, interpolation_duration: 1 }
$data merge entity $(bone_drillhead_left1) { transformation: [0.14502248169511245f,0.84254684692906f,0.5187323881664709f,-0.5393036516231543f,-0.6748975389918485f,-0.29914030960670446f,0.6745579197008595f,1.2144695302208994f,0.7235204155141285f,-0.4479172757310266f,0.5252507234035556f,1.5609592438352347f,0f,0f,0f,1f], start_interpolation: 0, interpolation_duration: 1 }
$data merge entity $(bone_drillhead_left2) { transformation: [-0.5347439373428916f,0.84254684692906f,-0.06452698819037808f,-0.6868325854520831f,-0.36493814878886366f,-0.29914030960670446f,-0.8816661628569866f,1.3147503761538004f,-0.7621476687844548f,-0.4479172757310266f,0.46744095356324594f,1.2164802748637056f,0f,0f,0f,1f], start_interpolation: 0, interpolation_duration: 1 }
$data merge entity $(bone_drillhead_left3) { transformation: [0.42374853521251354f,0.84254684692906f,-0.3324935933745924f,-0.4900203789313917f,0.8814823622211689f,-0.29914030960670446f,0.36538188277662736f,1.5707965858721615f,0.20838911679412947f,-0.4479172757310266f,-0.869450452931884f,1.4156906345149551f,0f,0f,0f,1f], start_interpolation: 0, interpolation_duration: 1 }
$data merge entity $(bone_drill_left) { transformation: [0.22171115555393042f,1.2880901833805678f,0.7930408848293367f,-0.1428898976345735f,-1.0317870133057407f,-0.4573273256700735f,1.0312678014940724f,1.2413072704721746f,1.106121930306917f,-0.6847783573561703f,0.8030061510474409f,1.1348638981845607f,0f,0f,0f,1f], start_interpolation: 0, interpolation_duration: 1 }
$data merge entity $(bone_left_hand) { transformation: [-0.5187323881664709f,0.84254684692906f,0.14502248169511256f,0.29270823706875504f,-0.6745579197008597f,-0.29914030960670446f,-0.6748975389918483f,1.1199470615524392f,-0.5252507234035555f,-0.4479172757310266f,0.7235204155141286f,1.0423271467504927f,0f,0f,0f,1f], start_interpolation: 0, interpolation_duration: 1 }
$data merge entity $(bone_left_arm_low) { transformation: [-0.5187323881664709f,0.84254684692906f,0.14502248169511256f,1.1073662622903828f,-0.6745579197008597f,-0.29914030960670446f,-0.6748975389918483f,0.7575563338709357f,-0.5252507234035555f,-0.4479172757310266f,0.7235204155141286f,0.5841917137915604f,0f,0f,0f,1f], start_interpolation: 0, interpolation_duration: 1 }
$data merge entity $(bone_left_arm) { transformation: [-0.7247843989822514f,-0.08548631440477747f,0.8319565154354237f,1f,-0.68739741569763f,0.6879740961844747f,-0.5281556725108638f,1.4375f,-0.47638676138006214f,-0.8626446032768482f,-0.5036585356699249f,-0.3061737499999999f,0f,0f,0f,1f], start_interpolation: 0, interpolation_duration: 1 }
$data merge entity $(bone_drillhead_right1) { transformation: [-0.3805509918411129f,-0.824985364356214f,0.41782782483552994f,0.6508987851404433f,-0.38243197453895184f,-0.2709808339466548f,-0.8833544998944728f,1.702465404342088f,0.8419778663711914f,-0.49595215115131874f,-0.2123787567281523f,1.8475341971766057f,0f,0f,0f,1f], start_interpolation: 0, interpolation_duration: 1 }
$data merge entity $(bone_drillhead_right2) { transformation: [-0.24039201573156083f,-0.824985364356214f,-0.5114790585845741f,0.6765469288805797f,0.9624635230669719f,-0.2709808339466548f,-0.015275941839650975f,1.9756235875661599f,-0.12599859339702885f,-0.49595215115131874f,0.8591599491540268f,1.655620571483129f,0f,0f,0f,1f], start_interpolation: 0, interpolation_duration: 1 }
$data merge entity $(bone_drillhead_right3) { transformation: [0.5316531352269536f,-0.824985364356214f,0.1916874862931738f,0.8351396017890176f,-0.6697627617415224f,-0.2709808339466548f,0.6913662058691794f,1.6404877513172667f,-0.5184233663596962f,-0.49595215115131874f,-0.6966122859817073f,1.574924791540341f,0f,0f,0f,1f], start_interpolation: 0, interpolation_duration: 1 }
$data merge entity $(bone_drill_right) { transformation: [-0.5817884176445659f,-1.2612420936985036f,0.6387774418426093f,0.16200744649582294f,-0.5846640741816783f,-0.4142769667504964f,-1.3504771442755445f,1.5858692943054995f,1.2872203228217203f,-0.7582143350876215f,-0.3246857936709315f,1.3605424295951218f,0f,0f,0f,1f], start_interpolation: 0, interpolation_duration: 1 }
$data merge entity $(bone_barrel_right) { transformation: [-0.9589716129437482f,-1.8934534717095026f,-0.8734162177850788f,0.6152932572038858f,2.0274185662440503f,-0.6219378221375171f,-0.8777333285767698f,1.5987663688832658f,0.4874380948055655f,-1.1382775537261411f,1.9324535719820664f,2.195531710939326f,0f,0f,0f,1f], start_interpolation: 0, interpolation_duration: 1 }
$data merge entity $(bone_blaster_right) { transformation: [-0.41782782483553005f,-0.824985364356214f,-0.3805509918411128f,-0.19733763079951444f,0.8833544998944727f,-0.2709808339466548f,-0.38243197453895206f,1.7103190520389517f,0.21237875672815248f,-0.49595215115131874f,0.8419778663711914f,1.315357234690852f,0f,0f,0f,1f], start_interpolation: 0, interpolation_duration: 1 }
$data merge entity $(bone_rocket_right) { transformation: [-0.9627987417243148f,-1.9010099939031038f,-0.8769019063074303f,-0.46387219612825686f,2.035509725398709f,-0.6244198936677877f,-0.8812362461168906f,1.1920638710748102f,0.4893833957260468f,-1.1428202687839577f,1.9401657384139155f,1.03372590584258f,0f,0f,0f,1f], start_interpolation: 0, interpolation_duration: 1 }
$data merge entity $(bone_sword_right) { transformation: [-1.113113520373386f,-2.1978008849375645f,-1.0138062355626636f,0.5303789213749558f,2.3532990831863705f,-0.7219060390408625f,-1.018817264383871f,2.0021208204060503f,0.5657872728970401f,-1.3212405016877522f,2.243069731609729f,0.3562020714787666f,0f,0f,0f,1f], start_interpolation: 0, interpolation_duration: 1 }
$data merge entity $(bone_right_hand) { transformation: [-0.41782782483553005f,-0.824985364356214f,-0.3805509918411128f,-0.13205203316896286f,0.8833544998944727f,-0.2709808339466548f,-0.38243197453895206f,1.5722949114304403f,0.21237875672815248f,-0.49595215115131874f,0.8419778663711914f,1.2821730539520781f,0f,0f,0f,1f], start_interpolation: 0, interpolation_duration: 1 }
$data merge entity $(bone_right_arm_low) { transformation: [-0.41782782483553005f,-0.824985364356214f,-0.3805509918411128f,-0.9428153769679909f,0.8833544998944727f,-0.2709808339466548f,-0.38243197453895206f,1.2341534220360388f,0.21237875672815248f,-0.49595215115131874f,0.8419778663711914f,0.7992590388293497f,0f,0f,0f,1f], start_interpolation: 0, interpolation_duration: 1 }
$data merge entity $(bone_right_arm) { transformation: [-0.4624076164165029f,-0.06909877932939774f,-1.0030835127292361f,-1f,0.9776032721319636f,0.22719339902086072f,-0.46631210609660784f,1.4375f,0.23503833119496545f,-1.0809165077241458f,-0.03388900607203807f,-0.30617375000000013f,0f,0f,0f,1f], start_interpolation: 0, interpolation_duration: 1 }