# This file was generated by Animated Java via MC-Build. It is not recommended to edit this file directly.
$data merge entity $(bone_drillhead_left1) { transformation: [0.7863045814526063f,-0.5552190430450359f,-0.2710293700446432f,1.0576782986295483f,-0.5868973373597053f,-0.5341395125368613f,-0.6084788382080122f,0.8258723731563358f,0.19307154266418927f,0.6375161138253984f,-0.745852923857131f,2.5462263765155093f,0f,0f,0f,1f], start_interpolation: 0, interpolation_duration: 1 }
$data merge entity $(bone_drillhead_left2) { transformation: [-0.8224435522811366f,-0.5204533660881379f,-0.22959724963229003f,0.6845067718315648f,-0.5232477250477229f,0.5338196387647847f,0.6642653170995889f,0.8707744909744211f,-0.22315559939998791f,0.6664569655998512f,-0.7113625597821903f,2.4502388468873386f,0f,0f,0f,1f], start_interpolation: 0, interpolation_duration: 1 }
$data merge entity $(bone_drillhead_left3) { transformation: [0.22063208005177942f,0.41345366365756986f,0.8833898082161455f,0.8986051721367467f,0.9724395000612108f,-0.16324809049440633f,-0.1664676535265406f,1.177997384543259f,0.07538503812247836f,0.8957712481197767f,-0.4380764397559053f,2.511520509666796f,0f,0f,0f,1f], start_interpolation: 0, interpolation_duration: 1 }
$data merge entity $(bone_drill_left) { transformation: [1.2021067032745607f,0.3838954872193878f,0.8630235980923677f,0.9759701078574253f,-0.8972518283827615f,0.027597915077450123f,1.2375069751627705f,0.9929689217400353f,0.295168820229202f,-1.479563655949046f,0.24700760633740437f,1.9941177936711174f,0f,0f,0f,1f], start_interpolation: 0, interpolation_duration: 1 }
$data merge entity $(bone_left_hand) { transformation: [-0.5645084643761024f,0.25110814171264184f,0.7863045814526064f,1.2029886694351286f,-0.8094600932674421f,0.01805194747257194f,-0.5868973373597051f,1.0324412687875293f,-0.16156902876231805f,-0.9677906944985941f,0.1930715426641893f,1.5941908101481448f,0f,0f,0f,1f], start_interpolation: 0, interpolation_duration: 1 }
$data merge entity $(bone_left_arm_low) { transformation: [-0.5645084643761024f,0.25110814171264184f,0.7863045814526064f,1.443387050294658f,-0.8094600932674421f,0.01805194747257194f,-0.5868973373597051f,0.9815614186383953f,-0.16156902876231805f,-0.9677906944985941f,0.1930715426641893f,0.6223355370601616f,0f,0f,0f,1f], start_interpolation: 0, interpolation_duration: 1 }
$data merge entity $(bone_left_arm) { transformation: [-0.6247382245589903f,-0.4188184823281507f,0.8118283120027616f,1f,-0.8958247633685341f,0.4734036375168267f,-0.44515050023062386f,1.4375f,-0.17880750164525627f,-0.9084338464523486f,-0.6062572082121583f,-0.3061737499999999f,0f,0f,0f,1f], start_interpolation: 0, interpolation_duration: 1 }