# This file was generated by Animated Java via MC-Build. It is not recommended to edit this file directly.
$data merge entity $(bone_drillhead_left1) { transformation: [0.7743755006576046f,-0.28644284792844404f,-0.5641746882410862f,1.1946195680216265f,-0.6187818744940088f,-0.1566776053214658f,-0.7697799164621093f,0.7411466770289856f,0.13210441241292833f,0.9451997793384072f,-0.29857294143920954f,2.520629549688043f,0f,0f,0f,1f], start_interpolation: 0, interpolation_duration: 1 }
$data merge entity $(bone_drillhead_left2) { transformation: [-0.8517615310856655f,-0.26882446816525507f,-0.44970623686832656f,0.8185221691043939f,-0.4881292789388864f,0.0953314582965431f,0.8675492609077928f,0.8015441986494418f,-0.19034731730498927f,0.958459867899915f,-0.21242076268592835f,2.447215107299608f,0f,0f,0f,1f], start_interpolation: 0, interpolation_duration: 1 }
$data merge entity $(bone_drillhead_left3) { transformation: [0.2590801820234915f,-0.05115729851875338f,0.9645000726236043f,1.0465382122361098f,0.9617244221722294f,-0.0786003088310189f,-0.2625035756883332f,1.0993591016464588f,0.08923897735948366f,0.9955927492001595f,0.02883544103879724f,2.5046123299370784f,0f,0f,0f,1f], start_interpolation: 0, interpolation_duration: 1 }
$data merge entity $(bone_drill_left) { transformation: [1.1838694599393078f,0.3016102571713787f,0.9190921371774252f,1.088299514076285f,-0.9459970814615941f,0.057716359710959154f,1.1995850723134236f,0.9270008988351947f,0.20196194126245207f,-1.497646846429448f,0.23132509524643416f,1.9788033537504994f,0f,0f,0f,1f], start_interpolation: 0, interpolation_duration: 1 }
$data merge entity $(bone_left_hand) { transformation: [-0.601183203014396f,0.19728492186336904f,0.7743755006576047f,1.2939495133509884f,-0.7846551688238658f,0.03775258713878782f,-0.6187818744940086f,0.9703758023752767f,-0.1513110123267382f,-0.9796190084771184f,0.13210441241292836f,1.5678729689245117f,0f,0f,0f,1f], start_interpolation: 0, interpolation_duration: 1 }
$data merge entity $(bone_left_arm_low) { transformation: [-0.601183203014396f,0.19728492186336904f,0.7743755006576047f,1.477859719421508f,-0.7846551688238658f,0.03775258713878782f,-0.6187818744940086f,0.9397505078846351f,-0.1513110123267382f,-0.9796190084771184f,0.13210441241292836f,0.5829252850648763f,0f,0f,0f,1f], start_interpolation: 0, interpolation_duration: 1 }
$data merge entity $(bone_left_arm) { transformation: [-0.6653259438740146f,-0.451602780642391f,0.7603737866722132f,1f,-0.8683732981822209f,0.513771666625391f,-0.45468502076836437f,1.4375f,-0.16745501469442925f,-0.8699802190987199f,-0.6632233522461796f,-0.3061737499999999f,0f,0f,0f,1f], start_interpolation: 0, interpolation_duration: 1 }