# This file was generated by Animated Java via MC-Build. It is not recommended to edit this file directly.
$data merge entity $(bone_drillhead_left1) { transformation: [0.18301270189221913f,-0.6414565621984248f,0.7450099527916979f,1.6777525830847264f,-0.6830127018922195f,0.4620968283948491f,0.5656502189881232f,-1.098354629923728f,-0.7071067811865475f,-0.6123724356957944f,-0.35355339059327423f,0.9680689089206946f,0f,0f,0f,1f], start_interpolation: 0, interpolation_duration: 1 }
$data merge entity $(bone_drillhead_left2) { transformation: [-0.9624350297590463f,-0.058212588480602456f,-0.26519824289593597f,1.4324845687089214f,0.02226002671473415f,0.9565399590784809f,-0.29075040480934417f,-0.9164125150010185f,0.27059805007309856f,-0.2857316944766999f,-0.9193117502067027f,1.2072915298891302f,0f,0f,0f,1f], start_interpolation: 0, interpolation_duration: 1 }
$data merge entity $(bone_drillhead_left3) { transformation: [0.8223631719059996f,0.11086910098720865f,-0.5580563196837679f,1.7989777096212136f,0.5004952635034028f,0.32551850335502563f,0.8022108171697537f,-0.8181158072570403f,0.27059805007309845f,-0.9390131769148888f,0.21220496902015423f,1.2073834537706845f,0f,0f,0f,1f], start_interpolation: 0, interpolation_duration: 1 }
$data merge entity $(bone_drill_left) { transformation: [0.27979080997162653f,-0.2797908099716266f,1.4767126353289535f,1.533884536103146f,-1.0441935183049604f,1.0441935183049602f,0.3956839580892277f,-0.5617046430486892f,-1.0810286772397253f,-1.0810286772397253f,-5.919144533871843e-17f,0.792768740971523f,0f,0f,0f,1f], start_interpolation: 0, interpolation_duration: 1 }
$data merge entity $(bone_left_hand) { transformation: [-0.9659258262890683f,-0.18301270189221916f,0.18301270189221935f,1.559020526913023f,-0.2588190451025207f,0.6830127018922193f,-0.6830127018922194f,-0.28657082405492806f,-1.1829179713786698e-16f,-0.7071067811865476f,-0.7071067811865475f,0.4230301180986273f,0f,0f,0f,1f], start_interpolation: 0, interpolation_duration: 1 }
$data merge entity $(bone_left_arm_low) { transformation: [-0.9659258262890683f,-0.18301270189221916f,0.18301270189221935f,1.321356607811869f,-0.2588190451025207f,0.6830127018922193f,-0.6830127018922194f,0.35892154058425185f,-1.1829179713786698e-16f,-0.7071067811865476f,-0.7071067811865475f,-0.30617374999999986f,0f,0f,0f,1f], start_interpolation: 0, interpolation_duration: 1 }
$data merge entity $(bone_left_arm) { transformation: [-1.068984477386792f,-0.2864335274371966f,1.355309468843381e-16f,1f,-0.2864335274371966f,1.068984477386792f,0f,1.4375f,-1.309128418569941e-16f,-3.507799025444483e-17f,-1.1066941666666668f,-0.3061737499999999f,0f,0f,0f,1f], start_interpolation: 0, interpolation_duration: 1 }