# This file was generated by Animated Java via MC-Build. It is not recommended to edit this file directly.
$data merge entity $(bone_drillhead_left1) { transformation: [0.5689096242418942f,0.6861840005912613f,0.4533137509248078f,1.8261474944999978f,-0.7699255652903384f,0.6381336280078994f,0.0003109949014136193f,-0.076147706067835f,-0.2890613487779014f,-0.3491947739271707f,0.8913509670745035f,2.0475366317258112f,0f,0f,0f,1f], start_interpolation: 0, interpolation_duration: 1 }
$data merge entity $(bone_drillhead_left2) { transformation: [-0.9715197068146424f,0.14577461299073435f,0.1868133332452306f,1.4788010661363256f,-0.23424835721629722f,-0.7097337950792404f,-0.6643836596906079f,0.07566212181494664f,0.035737465106774474f,-0.689222534693854f,0.7236678321287477f,2.129944333444806f,0f,0f,0f,1f], start_interpolation: 0, interpolation_duration: 1 }
$data merge entity $(bone_drillhead_left3) { transformation: [0.5360951313937989f,-0.7970251119894072f,-0.2781240387922961f,1.7883230977690396f,0.8235238731981751f,0.5661904998879905f,-0.03516742966530349f,0.2929808494503308f,0.18550051312204502f,-0.21018869782854774f,0.9599011776930986f,2.1607364767927004f,0f,0f,0f,1f], start_interpolation: 0, interpolation_duration: 1 }
$data merge entity $(bone_drill_left) { transformation: [0.8697521151348058f,-0.15757905557975613f,1.2473756857861482f,1.6198321550568575f,-1.1770663746460146f,0.43106253125861616f,0.8751833212829999f,0.276578461091709f,-0.4419185557606282f,-1.4582866444622082f,0.1239114792379377f,1.6322781532456236f,0f,0f,0f,1f], start_interpolation: 0, interpolation_duration: 1 }
$data merge entity $(bone_left_hand) { transformation: [-0.8159152709609478f,-0.10307332369565636f,0.5689096242418944f,1.6963461163351008f,-0.572462205943257f,0.2819603636664789f,-0.7699255652903383f,0.39649800948093844f,-0.08105117753187217f,-0.9538732846994916f,-0.2890613487779014f,1.1931859063593162f,0f,0f,0f,1f], start_interpolation: 0, interpolation_duration: 1 }
$data merge entity $(bone_left_arm_low) { transformation: [-0.8159152709609478f,-0.10307332369565636f,0.5689096242418944f,1.5600565139619444f,-0.572462205943257f,0.2819603636664789f,-0.7699255652903383f,0.6186193113606407f,-0.08105117753187217f,-0.9538732846994916f,-0.2890613487779014f,0.2252137559147731f,0f,0f,0f,1f], start_interpolation: 0, interpolation_duration: 1 }
$data merge entity $(bone_left_arm) { transformation: [-0.9029686708667338f,-0.5258608942584598f,0.3645406395134637f,1f,-0.6335405839545346f,0.8231543329437698f,-0.3818576320730969f,1.4375f,-0.08969886537598734f,-0.5202492119932699f,-0.9726596781529859f,-0.3061737499999999f,0f,0f,0f,1f], start_interpolation: 0, interpolation_duration: 1 }