# This file was generated by Animated Java via MC-Build. It is not recommended to edit this file directly.
$data merge entity $(bone_drillhead_left1) { transformation: [0.38814181658885094f,-0.1648102218737511f,0.9067433600424276f,1.8780053067960818f,-0.7697526585872918f,0.48305317096102185f,0.41730142417957056f,-0.6047550802278077f,-0.5067807956236137f,-0.8599402448952059f,0.06063002883613443f,1.5837739980392243f,0f,0f,0f,1f], start_interpolation: 0, interpolation_duration: 1 }
$data merge entity $(bone_drillhead_left2) { transformation: [-0.9827360802327059f,-0.18422270345800656f,0.017081924349443445f,1.575297154444223f,-0.10060851902127155f,0.4546373732228565f,-0.8849761492658248f,-0.4255324639311667f,0.1552666174977842f,-0.8714165791397617f,-0.4653229234533287f,1.7472788075982004f,0f,0f,0f,1f], start_interpolation: 0, interpolation_duration: 1 }
$data merge entity $(bone_drillhead_left3) { transformation: [0.6856651949994206f,-0.19986817670458923f,-0.6999399633591367f,1.9178609574482146f,0.6897516979419475f,0.48566506493681155f,0.5370028304265473f,-0.2631281075271198f,0.23260661115412695f,-0.8509889286240484f,0.4708630457008569f,1.7632268304064365f,0f,0f,0f,1f], start_interpolation: 0, interpolation_duration: 1 }
$data merge entity $(bone_drill_left) { transformation: [0.5933933116358752f,-0.282143338448117f,1.3804077355276232f,1.6781846354175525f,-1.176802033941819f,0.7244012620386246f,0.6539310257944531f,-0.15289978520786307f,-0.7747692254120235f,-1.316390500632521f,0.06398983691379587f,1.275034846180323f,0f,0f,0f,1f], start_interpolation: 0, interpolation_duration: 1 }
$data merge entity $(bone_left_hand) { transformation: [-0.9029322636345685f,-0.18455150365916984f,0.38814181658885116f,1.7126467181800757f,-0.4277398671311964f,0.47383483479413235f,-0.7697526585872917f,0.0385527550653863f,-0.04185610295214441f,-0.861058239512727f,-0.5067807956236137f,0.8564713798975856f,0f,0f,0f,1f], start_interpolation: 0, interpolation_duration: 1 }
$data merge entity $(bone_left_arm_low) { transformation: [-0.9029322636345685f,-0.18455150365916984f,0.38814181658885116f,1.483791379812147f,-0.4277398671311964f,0.47383483479413235f,-0.7697526585872917f,0.46159907758296603f,-0.04185610295214441f,-0.861058239512727f,-0.5067807956236137f,-0.02303976591288831f,0f,0f,0f,1f], start_interpolation: 0, interpolation_duration: 1 }
$data merge entity $(bone_left_arm) { transformation: [-0.9992698690595058f,-0.4481617017898767f,0.15931979278365746f,1f,-0.47337721580487013f,0.9731705742910695f,-0.23157077411635368f,1.4375f,-0.04632190497653767f,-0.27724015026113996f,-1.0704037363240813f,-0.3061737499999999f,0f,0f,0f,1f], start_interpolation: 0, interpolation_duration: 1 }