# This file was generated by Animated Java via MC-Build. It is not recommended to edit this file directly.
$data merge entity $(bone_drillhead_left1) { transformation: [0.23295330617227744f,-0.6430735486793125f,0.7295129663908662f,1.750692668311087f,-0.7130794203926493f,0.39711663264625885f,0.5777682236746666f,-0.9886927179040816f,-0.661249194597535f,-0.6547937011492186f,-0.36605288085114057f,1.1303675947339735f,0f,0f,0f,1f], start_interpolation: 0, interpolation_duration: 1 }
$data merge entity $(bone_drillhead_left2) { transformation: [-0.9698942344160537f,-0.09161852870246687f,-0.22563514629793924f,1.4909232273593322f,-0.005946528348062141f,0.9351658218419441f,-0.35416030898349826f,-0.8047380382856126f,0.2434539234580189f,-0.3421562959483232f,-0.9075567510055892f,1.3521046187860826f,0f,0f,0f,1f], start_interpolation: 0, interpolation_duration: 1 }
$data merge entity $(bone_drillhead_left3) { transformation: [0.7915994928424481f,0.12360226290093575f,-0.5984084922002253f,1.852624189596408f,0.5517138886375978f,0.2763663402861632f,0.7869138650711481f,-0.69012707743436f,0.2626442994164529f,-0.9530708927265594f,0.15057836969976832f,1.3561314175876835f,0f,0f,0f,1f], start_interpolation: 0, interpolation_duration: 1 }
$data merge entity $(bone_drill_left) { transformation: [0.3561402763065862f,-0.29377761310715755f,1.4574308970440657f,1.5886675134469834f,-1.0901596804098093f,0.9674237930874717f,0.4613990440024461f,-0.46991304370424297f,-1.0109213504671821f,-1.1467484120916194f,0.01587780099066394f,0.9205179555475942f,0f,0f,0f,1f], start_interpolation: 0, interpolation_duration: 1 }
$data merge entity $(bone_left_hand) { transformation: [-0.9533135356242899f,-0.19216154646265973f,0.23295330617227766f,1.612431694075998f,-0.3018036428785414f,0.6327972039743264f,-0.7130794203926492f,-0.21535767926383476f,-0.010385756629043973f,-0.7500944198588294f,-0.661249194597535f,0.5362343157895714f,0f,0f,0f,1f], start_interpolation: 0, interpolation_duration: 1 }
$data merge entity $(bone_left_arm_low) { transformation: [-0.9533135356242899f,-0.19216154646265973f,0.23295330617227766f,1.3679678424547037f,-0.3018036428785414f,0.6327972039743264f,-0.7130794203926492f,0.3762930651433125f,-0.010385756629043973f,-0.7500944198588294f,-0.661249194597535f,-0.2351732511897462f,0f,0f,0f,1f], start_interpolation: 0, interpolation_duration: 1 }
$data merge entity $(bone_left_arm) { transformation: [-1.0550265288797773f,-0.3326740317671525f,0.03192163031087711f,1f,-0.33400433105243166f,1.0532170309133313f,-0.0628249247222174f,1.4375f,-0.011493856277782629f,-0.06952591542671172f,-1.1044482861981233f,-0.3061737499999999f,0f,0f,0f,1f], start_interpolation: 0, interpolation_duration: 1 }