execute if entity @s[tag=aj.assembler.bone.bone21] run data modify entity @s {} merge value {transformation:[-0.5940975732016613f,0.8043929845019143f,1.2246467991473532e-16f,0.6504896346498954f,0.8043929845019143f,0.5940975732016613f,0f,1.096358984533272f,-7.275596914026249e-17f,9.850972937268559e-17f,-1f,-1.1630703125000004f,0f,0f,0f,1f],start_interpolation:0}
execute if entity @s[tag=aj.assembler.bone.arm4] run data modify entity @s {} merge value {transformation:[-0.638678202333355f,0.7694739461893654f,1.2246467991473532e-16f,0.3131105468548133f,0.7694739461893654f,0.638678202333355f,0f,1.5028303766976014f,-7.821552161727289e-17f,9.42333805228089e-17f,-1f,-1.1630703125000004f,0f,0f,0f,1f],start_interpolation:0}
execute if entity @s[tag=aj.assembler.bone.small_arm_base4] run data modify entity @s {} merge value {transformation:[0.2940403252323026f,0.9557930147983307f,1.2246467991473532e-16f,0.31803143947585666f,0.9557930147983307f,-0.2940403252323026f,0f,1.5188259881500445f,3.6009554311598607e-17f,1.1705088562201745e-16f,-1f,-1.0693203125000004f,0f,0f,0f,1f],start_interpolation:0}
execute if entity @s[tag=aj.assembler.bone.bone25] run data modify entity @s {} merge value {transformation:[-0.9955619646030799f,-0.0941083133185158f,1.2246467991473532e-16f,1.531195361832059e-16f,-0.0941083133185158f,0.9955619646030799f,0f,0.5000000000000001f,-1.2192117733040124e-16f,-1.152494446786766e-17f,-1f,-1.5068203125000004f,0f,0f,0f,1f],start_interpolation:0}
execute if entity @s[tag=aj.assembler.bone.bone16] run data modify entity @s {} merge value {transformation:[-0.9905034651457478f,0.13748776503480853f,1.2246467991473532e-16f,-0.6236676743529154f,0.13748776503480853f,0.9905034651457478f,0f,1.1809138729410862f,-1.2130168981351019e-16f,1.6837395137180157e-17f,-1f,-1.1630703125000004f,0f,0f,0f,1f],start_interpolation:0}
execute if entity @s[tag=aj.assembler.bone.arm3] run data modify entity @s {} merge value {transformation:[-0.7177770107447985f,-0.6962730519316843f,1.2246467991473532e-16f,-1.0028303766976012f,-0.6962730519316843f,0.7177770107447985f,0f,0.8131105468548135f,-8.790233187101727e-17f,-8.52688564380696e-17f,-1f,-1.1630703125000004f,0f,0f,0f,1f],start_interpolation:0}
execute if entity @s[tag=aj.assembler.bone.small_arm_base3] run data modify entity @s {} merge value {transformation:[-0.9557930147983307f,0.29404032523230283f,1.2246467991473532e-16f,-1.0188259881500443f,0.29404032523230283f,0.9557930147983307f,0f,0.8180314394758569f,-1.1705088562201745e-16f,3.600955431159864e-17f,-1f,-1.0693203125000004f,0f,0f,0f,1f],start_interpolation:0}
execute if entity @s[tag=aj.assembler.bone.bone15] run data modify entity @s {} merge value {transformation:[0.09410831331851557f,-0.9955619646030799f,1.2246467991473532e-16f,1.531195361832059e-16f,-0.9955619646030799f,-0.09410831331851557f,0f,0.5000000000000001f,1.1524944467867632e-17f,-1.2192117733040124e-16f,-1f,-1.5068203125000004f,0f,0f,0f,1f],start_interpolation:0}
execute if entity @s[tag=aj.assembler.bone.bone26] run data modify entity @s {} merge value {transformation:[0.37438591356706785f,0.927272984467116f,1.2246467991473532e-16f,0.5419994555687622f,0.927272984467116f,-0.37438591356706785f,0f,-0.07133235782552641f,4.584905106957673e-17f,1.135581892363467e-16f,-1f,-1.1630703125000004f,0f,0f,0f,1f],start_interpolation:0}
execute if entity @s[tag=aj.assembler.bone.arm5] run data modify entity @s {} merge value {transformation:[0.8723796907796423f,0.48882888122042867f,1.2246467991473532e-16f,1.0028303766976019f,0.48882888122042867f,-0.8723796907796423f,0f,0.18688945314518715f,1.0683569959544468e-16f,5.986427247173798e-17f,-1f,-1.1630703125000004f,0f,0f,0f,1f],start_interpolation:0}
execute if entity @s[tag=aj.assembler.bone.small_arm_base5] run data modify entity @s {} merge value {transformation:[0.9557930147983308f,-0.2940403252323024f,1.2246467991473532e-16f,1.018825988150045f,-0.2940403252323024f,-0.9557930147983308f,0f,0.18196856052414379f,1.1705088562201748e-16f,-3.600955431159858e-17f,-1f,-1.0693203125000004f,0f,0f,0f,1f],start_interpolation:0}
execute if entity @s[tag=aj.assembler.bone.bone20] run data modify entity @s {} merge value {transformation:[-0.09410831331851602f,0.9955619646030799f,1.2246467991473532e-16f,1.531195361832059e-16f,0.9955619646030799f,0.09410831331851602f,0f,0.5000000000000001f,-1.1524944467867688e-17f,1.2192117733040124e-16f,-1f,-1.5068203125000004f,0f,0f,0f,1f],start_interpolation:0}
execute if entity @s[tag=aj.assembler.bone.bone11] run data modify entity @s {} merge value {transformation:[-0.23574026990774966f,0.9718160963597082f,1.2246467991473532e-16f,-0.6582772466346036f,0.9718160963597082f,0.23574026990774966f,0f,-0.10295090624109282f,-2.886985669726589e-17f,1.1901314717667923e-16f,-1f,-1.1630703125000004f,0f,0f,0f,1f],start_interpolation:0}
execute if entity @s[tag=aj.assembler.bone.arm2] run data modify entity @s {} merge value {transformation:[-0.653420603990106f,0.7569950556517562f,1.2246467991473532e-16f,-0.31311054685481304f,0.7569950556517562f,0.653420603990106f,0f,-0.5028303766976014f,-8.002094511734137e-17f,9.270515718742956e-17f,-1f,-1.1630703125000004f,0f,0f,0f,1f],start_interpolation:0}
execute if entity @s[tag=aj.assembler.bone.small_arm_base2] run data modify entity @s {} merge value {transformation:[0.2940403252323026f,0.9557930147983307f,1.2246467991473532e-16f,-0.31803143947585644f,0.9557930147983307f,-0.2940403252323026f,0f,-0.5188259881500444f,3.6009554311598607e-17f,1.1705088562201745e-16f,-1f,-1.0693203125000004f,0f,0f,0f,1f],start_interpolation:0}
execute if entity @s[tag=aj.assembler.bone.bone2] run data modify entity @s {} merge value {transformation:[-0.9955619646030799f,-0.0941083133185158f,1.2246467991473532e-16f,1.531195361832059e-16f,-0.0941083133185158f,0.9955619646030799f,0f,0.5000000000000001f,-1.2192117733040124e-16f,-1.152494446786766e-17f,-1f,-1.5068203125000004f,0f,0f,0f,1f],start_interpolation:0}
execute if entity @s[tag=aj.assembler.bone.ring] run data modify entity @s {} merge value {transformation:[-1.7912640565543028f,-0.16932430633548376f,2.2034447591230768e-16f,1.1102230246251565e-16f,-0.16932430633548376f,1.7912640565543028f,0f,0.5000000000000001f,-2.1936657932869305e-16f,-2.0736246977159607e-17f,-1.7992491881391441f,-1.1630703125000004f,0f,0f,0f,1f],start_interpolation:0}
execute if entity @s[tag=aj.assembler.bone.wheel] run data modify entity @s {} merge value {transformation:[-1f,9.907600726170932e-17f,7.198293278059947e-17f,1.0625f,0f,0.5877852522924715f,-0.8090169943749487f,-0.6249999999999999f,-1.2246467991473532e-16f,-0.8090169943749487f,-0.5877852522924715f,-1.2880703125000001f,0f,0f,0f,1f],start_interpolation:0}
execute if entity @s[tag=aj.assembler.bone.wheel2] run data modify entity @s {} merge value {transformation:[-1f,9.907600726170932e-17f,7.198293278059947e-17f,1.0625f,0f,0.5877852522924715f,-0.8090169943749487f,-0.6249999999999999f,-1.2246467991473532e-16f,-0.8090169943749487f,-0.5877852522924715f,-1.0380703125000001f,0f,0f,0f,1f],start_interpolation:0}
execute if entity @s[tag=aj.assembler.bone.rails] run data modify entity @s {} merge value {transformation:[-1.137300743709099f,0f,1.3927917154512523e-16f,-0.43749999999999994f,0f,1.137300743709099f,0f,-0.9999999999999999f,-1.3927917154512523e-16f,0f,-1.137300743709099f,-0.7255703125000004f,0f,0f,0f,1f],start_interpolation:0}
execute if entity @s[tag=aj.assembler.bone.wheel3] run data modify entity @s {} merge value {transformation:[-1f,9.907600726170932e-17f,7.198293278059947e-17f,-1.0625f,0f,0.5877852522924715f,-0.8090169943749487f,-0.6249999999999999f,-1.2246467991473532e-16f,-0.8090169943749487f,-0.5877852522924715f,-1.0380703125000004f,0f,0f,0f,1f],start_interpolation:0}
execute if entity @s[tag=aj.assembler.bone.wheel4] run data modify entity @s {} merge value {transformation:[-1f,9.907600726170932e-17f,7.198293278059947e-17f,-1.0625f,0f,0.5877852522924715f,-0.8090169943749487f,-0.6249999999999999f,-1.2246467991473532e-16f,-0.8090169943749487f,-0.5877852522924715f,-1.2880703125000004f,0f,0f,0f,1f],start_interpolation:0}
execute if entity @s[tag=aj.assembler.bone.rails2] run data modify entity @s {} merge value {transformation:[-1.2038220325092979f,0f,1.4742567988555726e-16f,0.4375f,0f,1.2038220325092979f,0f,-0.9999999999999999f,-1.4742567988555726e-16f,0f,-1.2038220325092979f,-0.7255703125000003f,0f,0f,0f,1f],start_interpolation:0}
execute if entity @s[tag=aj.assembler.bone.bone6] run data modify entity @s {} merge value {transformation:[-0.7244551337251224f,-0.010427176973820368f,-0.6892430871613233f,0.4108102603167526f,0f,0.9998855846968343f,-0.015126715290167903f,0.6354976334150981f,0.6893219561419142f,-0.01095862654836044f,-0.7243722449713673f,-0.5072988558796178f,0f,0f,0f,1f],start_interpolation:0}
execute if entity @s[tag=aj.assembler.bone.bone5] run data modify entity @s {} merge value {transformation:[-0.7244551337251224f,-0.1897911186533758f,-0.6626794779526639f,0.32258760176681256f,0f,0.9613497322232905f,-0.27533015155301765f,0.6023952463414828f,0.6893219561419142f,-0.19946434176189962f,-0.6964547488144345f,-0.6000180233570345f,0f,0f,0f,1f],start_interpolation:0}
execute if entity @s[tag=aj.assembler.bone.bone4] run data modify entity @s {} merge value {transformation:[-0.7244551337251224f,-0.1897911186533758f,-0.6626794779526639f,1.0952154975725816f,0f,0.9613497322232905f,-0.27533015155301765f,0.19869455243977463f,0.6893219561419142f,-0.19946434176189962f,-0.6964547488144345f,-0.06001745865850533f,0f,0f,0f,1f],start_interpolation:0}
execute if entity @s[tag=aj.assembler.bone.bone3] run data modify entity @s {} merge value {transformation:[-0.7244551337251224f,-0.1166918666514235f,-0.6793730694373463f,0.8389316006700405f,0f,0.9855671408462731f,-0.16928499899312588f,-0.234375f,0.6893219561419142f,-0.12263938658322221f,-0.7139991748168732f,-0.23869475698725484f,0f,0f,0f,1f],start_interpolation:0}
execute if entity @s[tag=aj.assembler.bone.octagon] run data modify entity @s {} merge value {transformation:[-0.7244551337251224f,0f,-0.6893219561419142f,0.859375f,0f,1f,0f,-0.40625f,0.6893219561419142f,0f,-0.7244551337251224f,-0.1718749999999999f,0f,0f,0f,1f],start_interpolation:0}
execute if entity @s[tag=aj.assembler.bone.bone10] run data modify entity @s {} merge value {transformation:[-0.8943232917349044f,-0.004283777402958655f,0.44740082600684483f,-0.5080788775336575f,0f,0.9999541646689392f,0.009574370018122502f,0.1856515344469491f,-0.44742133371179915f,0.008562582110895334f,-0.8942823001307523f,-0.6645254125075755f,0f,0f,0f,1f],start_interpolation:0}
execute if entity @s[tag=aj.assembler.bone.bone9] run data modify entity @s {} merge value {transformation:[-0.8943232917349044f,0.3465141409438873f,0.28304381283886937f,-0.46949066198230816f,0f,0.6326113475429146f,-0.7744694202871651f,0.08546416146910735f,-0.44742133371179915f,-0.6926260412992407f,-0.565759062723433f,-0.7416570496330601f,0f,0f,0f,1f],start_interpolation:0}
execute if entity @s[tag=aj.assembler.bone.bone8] run data modify entity @s {} merge value {transformation:[-0.8943232917349044f,0.3465141409438873f,0.28304381283886937f,-0.9982945542787248f,0f,0.6326113475429146f,-0.7744694202871651f,0.2624180361024351f,-0.44742133371179915f,-0.6926260412992407f,-0.565759062723433f,-0.10373119287314966f,0f,0f,0f,1f],start_interpolation:0}
execute if entity @s[tag=aj.assembler.bone.bone7] run data modify entity @s {} merge value {transformation:[-0.8943232917349044f,0.18564696500816055f,0.40708850910300076f,-0.8593587695097282f,0f,0.9098549363433388f,-0.4149264932631548f,-0.234375f,-0.44742133371179915f,-0.37107842728312523f,-0.8137044616718266f,-0.24175212241192526f,0f,0f,0f,1f],start_interpolation:0}
execute if entity @s[tag=aj.assembler.bone.octagon2] run data modify entity @s {} merge value {transformation:[-0.8943232917349044f,0f,0.44742133371179915f,-0.8593749999999999f,0f,1f,0f,-0.40625f,-0.44742133371179915f,0f,-0.8943232917349044f,-0.171875f,0f,0f,0f,1f],start_interpolation:0}