execute if entity @s[tag=aj.assembler.bone.bone21] run data modify entity @s {} merge value {transformation:[-0.17208406760985767f,0.9850822674654366f,1.2246467991473532e-16f,0.5888477690344929f,0.9850822674654366f,0.17208406760985767f,0f,0.4601308360510984f,-2.1074220258266886e-17f,1.206377845748364e-16f,-1f,-1.56540625f,0f,0f,0f,1f],start_interpolation:0}
execute if entity @s[tag=aj.assembler.bone.arm4] run data modify entity @s {} merge value {transformation:[0.8057668057325109f,0.5922329396273277f,1.2246467991473532e-16f,1.0144907123828262f,0.5922329396273277f,-0.8057668057325109f,0f,0.7729754081747285f,9.867797394995068e-17f,7.252761738642346e-17f,-1f,-1.56540625f,0f,0f,0f,1f],start_interpolation:0}
execute if entity @s[tag=aj.assembler.bone.small_arm_base4] run data modify entity @s {} merge value {transformation:[0.9645574184577982f,0.26387304996537303f,1.2246467991473532e-16f,1.0306329999391732f,0.26387304996537303f,-0.9645574184577982f,0f,0.7773914383346767f,1.1812421551081767e-16f,3.231512860213437e-17f,-1f,-1.47165625f,0f,0f,0f,1f],start_interpolation:0}
execute if entity @s[tag=aj.assembler.bone.bone25] run data modify entity @s {} merge value {transformation:[-0.6129070536529766f,0.7901550123756903f,1.2246467991473532e-16f,2.6414183864572156e-16f,0.7901550123756903f,0.6129070536529766f,0f,0.5000000000000001f,-7.505946614309529e-17f,9.676608067361264e-17f,-1f,-1.90915625f,0f,0f,0f,1f],start_interpolation:0}
execute if entity @s[tag=aj.assembler.bone.bone16] run data modify entity @s {} merge value {transformation:[-0.4328453673992825f,-0.9014681846415767f,1.2246467991473532e-16f,0.20964655594268028f,-0.9014681846415767f,0.4328453673992825f,0f,1.2997357793058302f,-5.300826937112914e-17f,-1.103980126854482e-16f,-1f,-1.56540625f,0f,0f,0f,1f],start_interpolation:0}
execute if entity @s[tag=aj.assembler.bone.arm3] run data modify entity @s {} merge value {transformation:[-0.9136314004035683f,0.40654355756378013f,1.2246467991473532e-16f,-0.2729754081747279f,0.40654355756378013f,0.9136314004035683f,0f,1.514490712382826f,-1.1188757701047436e-16f,4.9787226648446116e-17f,-1f,-1.56540625f,0f,0f,0f,1f],start_interpolation:0}
execute if entity @s[tag=aj.assembler.bone.small_arm_base3] run data modify entity @s {} merge value {transformation:[-0.2638730499653728f,0.9645574184577982f,1.2246467991473532e-16f,-0.27739143833467605f,0.9645574184577982f,0.2638730499653728f,0f,1.530632999939173f,-3.2315128602134337e-17f,1.1812421551081767e-16f,-1f,-1.47165625f,0f,0f,0f,1f],start_interpolation:0}
execute if entity @s[tag=aj.assembler.bone.bone15] run data modify entity @s {} merge value {transformation:[-0.7901550123756904f,-0.6129070536529764f,1.2246467991473532e-16f,2.6414183864572156e-16f,-0.6129070536529764f,0.7901550123756904f,0f,0.5000000000000001f,-9.676608067361265e-17f,-7.505946614309526e-17f,-1f,-1.90915625f,0f,0f,0f,1f],start_interpolation:0}
execute if entity @s[tag=aj.assembler.bone.bone26] run data modify entity @s {} merge value {transformation:[0.46194211798894375f,0.8869100741495098f,1.2246467991473532e-16f,0.451044567841253f,0.8869100741495098f,-0.46194211798894375f,0f,-0.01716283672622476f,5.65715936186509e-17f,1.0861515834387388e-16f,-1f,-1.56540625f,0f,0f,0f,1f],start_interpolation:0}
execute if entity @s[tag=aj.assembler.bone.arm5] run data modify entity @s {} merge value {transformation:[-0.3370952584230818f,-0.9414705448120382f,1.2246467991473532e-16f,0.27297540817472893f,-0.9414705448120382f,0.3370952584230818f,0f,-0.514490712382826f,-4.1282262923557695e-17f,-1.1529688891955773e-16f,-1f,-1.56540625f,0f,0f,0f,1f],start_interpolation:0}
execute if entity @s[tag=aj.assembler.bone.small_arm_base5] run data modify entity @s {} merge value {transformation:[0.2638730499653733f,-0.9645574184577982f,1.2246467991473532e-16f,0.27739143833467705f,-0.9645574184577982f,-0.2638730499653733f,0f,-0.5306329999391729f,3.23151286021344e-17f,-1.1812421551081767e-16f,-1f,-1.47165625f,0f,0f,0f,1f],start_interpolation:0}
execute if entity @s[tag=aj.assembler.bone.bone20] run data modify entity @s {} merge value {transformation:[0.7901550123756902f,0.6129070536529768f,1.2246467991473532e-16f,2.6414183864572156e-16f,0.6129070536529768f,-0.7901550123756902f,0f,0.5000000000000001f,9.676608067361262e-17f,7.505946614309531e-17f,-1f,-1.90915625f,0f,0f,0f,1f],start_interpolation:0}
execute if entity @s[tag=aj.assembler.bone.bone11] run data modify entity @s {} merge value {transformation:[0.10156692088772051f,0.9948287091662503f,1.2246467991473532e-16f,-0.5181867132996902f,0.9948287091662503f,-0.10156692088772051f,0f,0.40792783122008414f,1.2438360456439934e-17f,1.2183137943803417e-16f,-1f,-1.56540625f,0f,0f,0f,1f],start_interpolation:0}
execute if entity @s[tag=aj.assembler.bone.arm2] run data modify entity @s {} merge value {transformation:[0.93953228700944f,0.34246033590302327f,1.2246467991473532e-16f,-1.0144907123828257f,0.34246033590302327f,-0.93953228700944f,0f,0.2270245918252717f,1.1505952079817033e-16f,4.193929541985649e-17f,-1f,-1.56540625f,0f,0f,0f,1f],start_interpolation:0}
execute if entity @s[tag=aj.assembler.bone.small_arm_base2] run data modify entity @s {} merge value {transformation:[0.9645574184577982f,0.26387304996537303f,1.2246467991473532e-16f,-1.0306329999391728f,0.26387304996537303f,-0.9645574184577982f,0f,0.22260856166532356f,1.1812421551081767e-16f,3.231512860213437e-17f,-1f,-1.47165625f,0f,0f,0f,1f],start_interpolation:0}
execute if entity @s[tag=aj.assembler.bone.bone2] run data modify entity @s {} merge value {transformation:[-0.6129070536529766f,0.7901550123756903f,1.2246467991473532e-16f,2.6414183864572156e-16f,0.7901550123756903f,0.6129070536529766f,0f,0.5000000000000001f,-7.505946614309529e-17f,9.676608067361264e-17f,-1f,-1.90915625f,0f,0f,0f,1f],start_interpolation:0}
execute if entity @s[tag=aj.assembler.bone.ring] run data modify entity @s {} merge value {transformation:[-1.102772518689873f,1.4216857645210361f,2.2034447591230768e-16f,2.220446049250313e-16f,1.4216857645210361f,1.102772518689873f,0f,0.5000000000000001f,-1.3505068352012176e-16f,1.7410629209140448e-16f,-1.7992491881391441f,-1.56540625f,0f,0f,0f,1f],start_interpolation:0}
execute if entity @s[tag=aj.assembler.bone.wheel] run data modify entity @s {} merge value {transformation:[-1f,-3.7843667304341536e-17f,-1.1647083184890919e-16f,1.0625000000000002f,0f,-0.9510565162951532f,0.30901699437494773f,-0.6249999999999999f,-1.2246467991473532e-16f,0.30901699437494773f,0.9510565162951532f,-1.6904062499999999f,0f,0f,0f,1f],start_interpolation:0}
execute if entity @s[tag=aj.assembler.bone.wheel2] run data modify entity @s {} merge value {transformation:[-1f,-3.7843667304341536e-17f,-1.1647083184890919e-16f,1.0625000000000002f,0f,-0.9510565162951532f,0.30901699437494773f,-0.6249999999999999f,-1.2246467991473532e-16f,0.30901699437494773f,0.9510565162951532f,-1.4404062499999999f,0f,0f,0f,1f],start_interpolation:0}
execute if entity @s[tag=aj.assembler.bone.rails] run data modify entity @s {} merge value {transformation:[-1.137300743709099f,0f,1.3927917154512523e-16f,-0.43749999999999983f,0f,1.137300743709099f,0f,-0.9999999999999999f,-1.3927917154512523e-16f,0f,-1.137300743709099f,-1.12790625f,0f,0f,0f,1f],start_interpolation:0}
execute if entity @s[tag=aj.assembler.bone.wheel3] run data modify entity @s {} merge value {transformation:[-1f,-3.7843667304341536e-17f,-1.1647083184890919e-16f,-1.0625f,0f,-0.9510565162951532f,0.30901699437494773f,-0.6249999999999999f,-1.2246467991473532e-16f,0.30901699437494773f,0.9510565162951532f,-1.4404062500000003f,0f,0f,0f,1f],start_interpolation:0}
execute if entity @s[tag=aj.assembler.bone.wheel4] run data modify entity @s {} merge value {transformation:[-1f,-3.7843667304341536e-17f,-1.1647083184890919e-16f,-1.0625f,0f,-0.9510565162951532f,0.30901699437494773f,-0.6249999999999999f,-1.2246467991473532e-16f,0.30901699437494773f,0.9510565162951532f,-1.6904062500000003f,0f,0f,0f,1f],start_interpolation:0}
execute if entity @s[tag=aj.assembler.bone.rails2] run data modify entity @s {} merge value {transformation:[-1.2038220325092979f,0f,1.4742567988555726e-16f,0.4375000000000001f,0f,1.2038220325092979f,0f,-0.9999999999999999f,-1.4742567988555726e-16f,0f,-1.2038220325092979f,-1.12790625f,0f,0f,0f,1f],start_interpolation:0}
execute if entity @s[tag=aj.assembler.bone.bone6] run data modify entity @s {} merge value {transformation:[-0.14856456222927894f,0.38358628858603244f,-0.9114768949668534f,0.37440668037810476f,0f,0.9217053257937122f,0.38789082536650293f,0.31725547818983146f,0.9889027105077743f,0.0576268306633282f,-0.1369327482309378f,-0.14993058254647576f,0f,0f,0f,1f],start_interpolation:0}
execute if entity @s[tag=aj.assembler.bone.bone5] run data modify entity @s {} merge value {transformation:[-0.14856456222927894f,-0.6156712602124916f,-0.7738717401468964f,0.2700353148566812f,0f,0.782555990517545f,-0.6225802130690503f,0.2376526602622268f,0.9889027105077743f,-0.09249335680721468f,-0.11626008815113884f,-0.1656104730586582f,0f,0f,0f,1f],start_interpolation:0}
execute if entity @s[tag=aj.assembler.bone.bone4] run data modify entity @s {} merge value {transformation:[-0.14856456222927894f,-0.6156712602124916f,-0.7738717401468964f,1.0260731107814578f,0f,0.782555990517545f,-0.6225802130690503f,0.24953378086763478f,0.9889027105077743f,-0.09249335680721468f,-0.11626008815113884f,-0.241633700642941f,0f,0f,0f,1f],start_interpolation:0}
execute if entity @s[tag=aj.assembler.bone.bone3] run data modify entity @s {} merge value {transformation:[-0.14856456222927894f,-0.3519494700790905f,-0.9241537433569538f,0.802211223162929f,0f,0.9345244315109889f,-0.35589898413603716f,-0.234375f,0.9889027105077743f,-0.05287397677601545f,-0.13883721305999583f,-0.21206349484269776f,0f,0f,0f,1f],start_interpolation:0}
execute if entity @s[tag=aj.assembler.bone.octagon] run data modify entity @s {} merge value {transformation:[-0.14856456222927894f,0f,-0.9889027105077743f,0.859375f,0f,1f,0f,-0.40625f,0.9889027105077743f,0f,-0.14856456222927894f,-0.1718749999999999f,0f,0f,0f,1f],start_interpolation:0}
execute if entity @s[tag=aj.assembler.bone.bone10] run data modify entity @s {} merge value {transformation:[-0.8873559721591661f,-0.0298775192588126f,0.46011597724530323f,-0.1349209315645547f,0f,0.9978983824628751f,0.06479828915933777f,0.1477747840344708f,-0.46108500157070953f,0.05749914887123486f,-0.8854910892864039f,-1.3627587683088045f,0f,0f,0f,1f],start_interpolation:0}
execute if entity @s[tag=aj.assembler.bone.bone9] run data modify entity @s {} merge value {transformation:[-0.8873559721591661f,0.34375763692243905f,0.30729475382922133f,-0.09313731604889997f,0f,0.6664600947382936f,-0.7455407045369318f,0.051525998577770626f,-0.46108500157070953f,-0.6615599966585988f,-0.5913873452717884f,-1.443171144855242f,0f,0f,0f,1f],start_interpolation:0}
execute if entity @s[tag=aj.assembler.bone.bone8] run data modify entity @s {} merge value {transformation:[-0.8873559721591661f,0.34375763692243905f,0.30729475382922133f,-0.7803107895793058f,0f,0.6664600947382936f,-0.7455407045369318f,0.21003486096641955f,-0.46108500157070953f,-0.6615599966585988f,-0.5913873452717884f,-0.5273584764576826f,0f,0f,0f,1f],start_interpolation:0}
execute if entity @s[tag=aj.assembler.bone.bone7] run data modify entity @s {} merge value {transformation:[-0.8873559721591661f,0.4511289888722492f,0.09529960163905846f,-0.8582870615318045f,0f,0.20668553805570666f,-0.9784074245214123f,-0.234375f,-0.46108500157070953f,-0.8681956713539437f,-0.1834036465526619f,-0.24174365455903254f,0f,0f,0f,1f],start_interpolation:0}
execute if entity @s[tag=aj.assembler.bone.octagon2] run data modify entity @s {} merge value {transformation:[-0.8873559721591661f,0f,0.46108500157070953f,-0.8593749999999999f,0f,1f,0f,-0.40625f,-0.46108500157070953f,0f,-0.8873559721591661f,-0.171875f,0f,0f,0f,1f],start_interpolation:0}