execute if entity @s[tag=aj.assembler.bone.bone21] run data modify entity @s {} merge value {transformation:[0.08221709087756346f,0.9966144439890637f,1.2246467991473532e-16f,0.5237669976629419f,0.9966144439890637f,-0.08221709087756346f,0f,0.5565944459784923f,1.0068689717841511e-17f,1.220500688815226e-16f,-1f,-1.4345937499999994f,0f,0f,0f,1f],start_interpolation:0}
execute if entity @s[tag=aj.assembler.bone.arm4] run data modify entity @s {} merge value {transformation:[0.9576263586951475f,0.288013466928672f,1.2246467991473532e-16f,1.0296291143983165f,0.288013466928672f,-0.9576263586951475f,0f,0.7087363546738153f,1.1727540549551474e-16f,3.5271477038553025e-17f,-1f,-1.4345937499999994f,0f,0f,0f,1f],start_interpolation:0}
execute if entity @s[tag=aj.assembler.bone.small_arm_base4] run data modify entity @s {} merge value {transformation:[0.979222810621766f,0.20278729535651258f,1.2246467991473532e-16f,1.046016833665526f,0.20278729535651258f,-0.979222810621766f,0f,0.7121300881849344f,1.1992020806800206e-16f,2.48342812166102e-17f,-1f,-1.3408437499999994f,0f,0f,0f,1f],start_interpolation:0}
execute if entity @s[tag=aj.assembler.bone.bone25] run data modify entity @s {} merge value {transformation:[-0.5620833778521307f,0.8270805742745618f,1.2246467991473532e-16f,2.6414183864572156e-16f,0.8270805742745618f,0.5620833778521307f,0f,0.5000000000000001f,-6.883536095405442e-17f,1.0128815779222969e-16f,-1f,-1.7783437499999997f,0f,0f,0f,1f],start_interpolation:0}
execute if entity @s[tag=aj.assembler.bone.bone16] run data modify entity @s {} merge value {transformation:[-0.6371614085671304f,-0.7707303934792961f,1.2246467991473532e-16f,0.2702657479597981f,-0.7707303934792961f,0.6371614085671304f,0f,1.3069171317794464f,-7.802976795419553e-17f,-9.438725093799998e-17f,-1f,-1.4345937499999997f,0f,0f,0f,1f],start_interpolation:0}
execute if entity @s[tag=aj.assembler.bone.arm3] run data modify entity @s {} merge value {transformation:[-0.9067787924358498f,0.42160671435424546f,1.2246467991473532e-16f,-0.20873635467381474f,0.42160671435424546f,0.9067787924358498f,0f,1.529629114398316f,-1.1104837456912656e-16f,5.1631931323295924e-17f,-1f,-1.4345937499999997f,0f,0f,0f,1f],start_interpolation:0}
execute if entity @s[tag=aj.assembler.bone.small_arm_base3] run data modify entity @s {} merge value {transformation:[-0.2027872953565123f,0.979222810621766f,1.2246467991473532e-16f,-0.21213008818493378f,0.979222810621766f,0.2027872953565123f,0f,1.5460168336655258f,-2.483428121661017e-17f,1.1992020806800206e-16f,-1f,-1.3408437499999997f,0f,0f,0f,1f],start_interpolation:0}
execute if entity @s[tag=aj.assembler.bone.bone15] run data modify entity @s {} merge value {transformation:[-0.8270805742745619f,-0.5620833778521305f,1.2246467991473532e-16f,2.6414183864572156e-16f,-0.5620833778521305f,0.8270805742745619f,0f,0.5000000000000001f,-1.012881577922297e-16f,-6.883536095405439e-17f,-1f,-1.7783437499999997f,0f,0f,0f,1f],start_interpolation:0}
execute if entity @s[tag=aj.assembler.bone.bone26] run data modify entity @s {} merge value {transformation:[0.4884308807697169f,0.8726025869263274f,1.2246467991473532e-16f,0.4591714672522099f,0.8726025869263274f,-0.4884308807697169f,0f,-0.06452063681776615f,5.981553147393564e-17f,1.068629965007027e-16f,-1f,-1.4345937499999997f,0f,0f,0f,1f],start_interpolation:0}
execute if entity @s[tag=aj.assembler.bone.arm5] run data modify entity @s {} merge value {transformation:[-0.47408820904711607f,-0.8804773535091623f,1.2246467991473532e-16f,0.20873635467381577f,-0.8804773535091623f,0.47408820904711607f,0f,-0.5296291143983161f,-5.80590607723052e-17f,-1.0782737726967283e-16f,-1f,-1.4345937499999997f,0f,0f,0f,1f],start_interpolation:0}
execute if entity @s[tag=aj.assembler.bone.small_arm_base5] run data modify entity @s {} merge value {transformation:[0.20278729535651285f,-0.979222810621766f,1.2246467991473532e-16f,0.21213008818493478f,-0.979222810621766f,-0.20278729535651285f,0f,-0.5460168336655257f,2.483428121661023e-17f,-1.1992020806800206e-16f,-1f,-1.3408437499999997f,0f,0f,0f,1f],start_interpolation:0}
execute if entity @s[tag=aj.assembler.bone.bone20] run data modify entity @s {} merge value {transformation:[0.8270805742745617f,0.5620833778521309f,1.2246467991473532e-16f,2.6414183864572156e-16f,0.5620833778521309f,-0.8270805742745617f,0f,0.5000000000000001f,1.0128815779222968e-16f,6.883536095405444e-17f,-1f,-1.7783437499999997f,0f,0f,0f,1f],start_interpolation:0}
execute if entity @s[tag=aj.assembler.bone.bone11] run data modify entity @s {} merge value {transformation:[0.37767599656050665f,0.9259378173624988f,1.2246467991473532e-16f,-0.5379676155213188f,0.9259378173624988f,-0.37767599656050665f,0f,0.4844283730884613f,4.625197003026114e-17f,1.133946784242471e-16f,-1f,-1.43459375f,0f,0f,0f,1f],start_interpolation:0}
execute if entity @s[tag=aj.assembler.bone.arm2] run data modify entity @s {} merge value {transformation:[0.9307437645631713f,0.3656720453176262f,1.2246467991473532e-16f,-1.0296291143983158f,0.3656720453176262f,-0.9307437645631713f,0f,0.2912636453261849f,1.1398323720986457e-16f,4.478190998358968e-17f,-1f,-1.43459375f,0f,0f,0f,1f],start_interpolation:0}
execute if entity @s[tag=aj.assembler.bone.small_arm_base2] run data modify entity @s {} merge value {transformation:[0.979222810621766f,0.20278729535651258f,1.2246467991473532e-16f,-1.0460168336655256f,0.20278729535651258f,-0.979222810621766f,0f,0.2878699118150658f,1.1992020806800206e-16f,2.48342812166102e-17f,-1f,-1.34084375f,0f,0f,0f,1f],start_interpolation:0}
execute if entity @s[tag=aj.assembler.bone.bone2] run data modify entity @s {} merge value {transformation:[-0.5620833778521307f,0.8270805742745618f,1.2246467991473532e-16f,2.6414183864572156e-16f,0.8270805742745618f,0.5620833778521307f,0f,0.5000000000000001f,-6.883536095405442e-17f,1.0128815779222969e-16f,-1f,-1.7783437499999997f,0f,0f,0f,1f],start_interpolation:0}
execute if entity @s[tag=aj.assembler.bone.ring] run data modify entity @s {} merge value {transformation:[-1.011328061266954f,1.4881240517891625f,2.2034447591230768e-16f,2.220446049250313e-16f,1.4881240517891625f,1.011328061266954f,0f,0.5000000000000001f,-1.2385196731184735e-16f,1.822426356757788e-16f,-1.7992491881391441f,-1.4345937499999997f,0f,0f,0f,1f],start_interpolation:0}
execute if entity @s[tag=aj.assembler.bone.wheel] run data modify entity @s {} merge value {transformation:[-1f,3.784366730434162e-17f,-1.1647083184890919e-16f,1.0625000000000002f,0f,-0.9510565162951532f,-0.3090169943749484f,-0.6249999999999999f,-1.2246467991473532e-16f,-0.3090169943749484f,0.9510565162951532f,-1.5595937499999994f,0f,0f,0f,1f],start_interpolation:0}
execute if entity @s[tag=aj.assembler.bone.wheel2] run data modify entity @s {} merge value {transformation:[-1f,3.784366730434162e-17f,-1.1647083184890919e-16f,1.0625000000000002f,0f,-0.9510565162951532f,-0.3090169943749484f,-0.6249999999999999f,-1.2246467991473532e-16f,-0.3090169943749484f,0.9510565162951532f,-1.3095937499999994f,0f,0f,0f,1f],start_interpolation:0}
execute if entity @s[tag=aj.assembler.bone.rails] run data modify entity @s {} merge value {transformation:[-1.137300743709099f,0f,1.3927917154512523e-16f,-0.43749999999999983f,0f,1.137300743709099f,0f,-0.9999999999999999f,-1.3927917154512523e-16f,0f,-1.137300743709099f,-0.9970937499999997f,0f,0f,0f,1f],start_interpolation:0}
execute if entity @s[tag=aj.assembler.bone.wheel3] run data modify entity @s {} merge value {transformation:[-1f,3.784366730434162e-17f,-1.1647083184890919e-16f,-1.0625f,0f,-0.9510565162951532f,-0.3090169943749484f,-0.6249999999999999f,-1.2246467991473532e-16f,-0.3090169943749484f,0.9510565162951532f,-1.3095937499999997f,0f,0f,0f,1f],start_interpolation:0}
execute if entity @s[tag=aj.assembler.bone.wheel4] run data modify entity @s {} merge value {transformation:[-1f,3.784366730434162e-17f,-1.1647083184890919e-16f,-1.0625f,0f,-0.9510565162951532f,-0.3090169943749484f,-0.6249999999999999f,-1.2246467991473532e-16f,-0.3090169943749484f,0.9510565162951532f,-1.55959375f,0f,0f,0f,1f],start_interpolation:0}
execute if entity @s[tag=aj.assembler.bone.rails2] run data modify entity @s {} merge value {transformation:[-1.2038220325092979f,0f,1.4742567988555726e-16f,0.4375000000000001f,0f,1.2038220325092979f,0f,-0.9999999999999999f,-1.4742567988555726e-16f,0f,-1.2038220325092979f,-0.9970937499999996f,0f,0f,0f,1f],start_interpolation:0}
execute if entity @s[tag=aj.assembler.bone.bone6] run data modify entity @s {} merge value {transformation:[-0.1115773348066076f,-0.5132151435648156f,-0.8509763303248804f,0.40129729535818814f,0f,0.8563234245513363f,-0.5164399215442896f,0.2033262206759454f,0.9937557538738854f,-0.05762299003364536f,-0.09554628544390525f,-0.1289681686025241f,0f,0f,0f,1f],start_interpolation:0}
execute if entity @s[tag=aj.assembler.bone.bone5] run data modify entity @s {} merge value {transformation:[-0.1115773348066076f,-0.7345017511325864f,-0.6693711047995861f,0.31033009701449776f,0f,0.6735770859089123f,-0.7391169794683774f,0.10795064925227771f,0.9937557538738854f,-0.08246870267939166f,-0.07515593603251781f,-0.13918182271868546f,0f,0f,0f,1f],start_interpolation:0}
execute if entity @s[tag=aj.assembler.bone.bone4] run data modify entity @s {} merge value {transformation:[-0.1115773348066076f,-0.7345017511325864f,-0.6693711047995861f,1.0498000031498047f,0f,0.6735770859089123f,-0.7391169794683774f,0.23669958568949245f,0.9937557538738854f,-0.08246870267939166f,-0.07515593603251781f,-0.24483345622565922f,0f,0f,0f,1f],start_interpolation:0}
execute if entity @s[tag=aj.assembler.bone.bone3] run data modify entity @s {} merge value {transformation:[-0.1115773348066076f,-0.30141162320518244f,-0.9469432568819904f,0.8007520570955886f,0f,0.9528933575384f,-0.30330553763358004f,-0.234375f,0.9937557538738854f,-0.03384202352124008f,-0.1063213011890545f,-0.2099034507339718f,0f,0f,0f,1f],start_interpolation:0}
execute if entity @s[tag=aj.assembler.bone.octagon] run data modify entity @s {} merge value {transformation:[-0.1115773348066076f,0f,-0.9937557538738854f,0.859375f,0f,1f,0f,-0.40625f,0.9937557538738854f,0f,-0.1115773348066076f,-0.1718749999999999f,0f,0f,0f,1f],start_interpolation:0}
execute if entity @s[tag=aj.assembler.bone.bone10] run data modify entity @s {} merge value {transformation:[-0.8874326022944956f,-0.029852927319022976f,0.4599697589138928f,-0.17542877253467332f,0f,0.9979004998362282f,0.06476567321201737f,0.17081122742257787f,-0.460937497264889f,0.057475169917895585f,-0.885569437400642f,-1.2852714659293738f,0f,0f,0f,1f],start_interpolation:0}
execute if entity @s[tag=aj.assembler.bone.bone9] run data modify entity @s {} merge value {transformation:[-0.8874326022944956f,0.3474032117064742f,0.3029428739562068f,-0.13420781732875542f,0f,0.6572320016353828f,-0.7536883281744172f,0.07345420148740489f,-0.460937497264889f,-0.6688475943908109f,-0.583249105522508f,-1.3646332444015439f,0f,0f,0f,1f],start_interpolation:0}
execute if entity @s[tag=aj.assembler.bone.bone8] run data modify entity @s {} merge value {transformation:[-0.8874326022944956f,0.3474032117064742f,0.3029428739562068f,-0.8083191458122878f,0f,0.6572320016353828f,-0.7536883281744172f,0.24407965536359888f,-0.460937497264889f,-0.6688475943908109f,-0.583249105522508f,-0.47356152012326147f,0f,0f,0f,1f],start_interpolation:0}
execute if entity @s[tag=aj.assembler.bone.bone7] run data modify entity @s {} merge value {transformation:[-0.8874326022944956f,0.43464234462906376f,0.15345816576568896f,-0.8582986752426474f,0f,0.3329261921112495f,-0.9429528888583476f,-0.234375f,-0.460937497264889f,-0.8368071360006757f,-0.2954495570372833f,-0.24174383443293376f,0f,0f,0f,1f],start_interpolation:0}
execute if entity @s[tag=aj.assembler.bone.octagon2] run data modify entity @s {} merge value {transformation:[-0.8874326022944956f,0f,0.460937497264889f,-0.8593749999999999f,0f,1f,0f,-0.40625f,-0.460937497264889f,0f,-0.8874326022944956f,-0.171875f,0f,0f,0f,1f],start_interpolation:0}