execute if entity @s[tag=aj.assembler.bone.bone21] run data modify entity @s {} merge value {transformation:[0.7232281208185362f,0.6906092131280097f,1.2246467991473532e-16f,0.4997041193482923f,0.6906092131280097f,-0.7232281208185362f,0f,-0.0347065126372835f,8.856990032137757e-17f,8.457523623188897e-17f,-1f,-1.3704999999999998f,0f,0f,0f,1f],start_interpolation:0}
execute if entity @s[tag=aj.assembler.bone.arm4] run data modify entity @s {} merge value {transformation:[0.932892162586881f,0.36015581764560245f,1.2246467991473532e-16f,0.9925005004912127f,0.36015581764560245f,-0.932892162586881f,0f,0.15554429094023425f,1.1424634008616762e-16f,4.41063669273985e-17f,-1f,-1.3704999999999998f,0f,0f,0f,1f],start_interpolation:0}
execute if entity @s[tag=aj.assembler.bone.small_arm_base4] run data modify entity @s {} merge value {transformation:[0.9460853588275454f,-0.32391741819814923f,1.2246467991473532e-16f,1.0083336501024218f,-0.32391741819814923f,-0.9460853588275454f,0f,0.15012339218500603f,1.1586204064083288e-16f,-3.9668442938443815e-17f,-1f,-1.2767499999999998f,0f,0f,0f,1f],start_interpolation:0}
execute if entity @s[tag=aj.assembler.bone.bone25] run data modify entity @s {} merge value {transformation:[-0.06279051952931358f,0.9980267284282716f,1.2246467991473532e-16f,2.6414183864572156e-16f,0.9980267284282716f,0.06279051952931358f,0f,0.5000000000000001f,-7.689620875837326e-18f,1.2222302384331876e-16f,-1f,-1.7142499999999998f,0f,0f,0f,1f],start_interpolation:0}
execute if entity @s[tag=aj.assembler.bone.bone16] run data modify entity @s {} merge value {transformation:[-0.727738121924978f,0.6858551056142296f,1.2246467991473532e-16f,0.40176581686577617f,0.6858551056142296f,0.727738121924978f,0f,0.9673727131168312f,-8.912221616329307e-17f,8.399302597693364e-17f,-1f,-1.3704999999999998f,0f,0f,0f,1f],start_interpolation:0}
execute if entity @s[tag=aj.assembler.bone.arm3] run data modify entity @s {} merge value {transformation:[-0.10849136165577927f,0.9940973918314419f,1.2246467991473532e-16f,0.3444557090597663f,0.9940973918314419f,0.10849136165577927f,0f,1.4925005004912124f,-1.3286359878688796e-17f,1.2174181889471076e-16f,-1f,-1.3704999999999998f,0f,0f,0f,1f],start_interpolation:0}
execute if entity @s[tag=aj.assembler.bone.small_arm_base3] run data modify entity @s {} merge value {transformation:[0.32391741819814945f,0.9460853588275454f,1.2246467991473532e-16f,0.3498766078149945f,0.9460853588275454f,-0.32391741819814945f,0f,1.5083336501024216f,3.966844293844384e-17f,1.1586204064083288e-16f,-1f,-1.2767499999999998f,0f,0f,0f,1f],start_interpolation:0}
execute if entity @s[tag=aj.assembler.bone.bone15] run data modify entity @s {} merge value {transformation:[-0.9980267284282716f,-0.06279051952931336f,1.2246467991473532e-16f,2.6414183864572156e-16f,-0.06279051952931336f,0.9980267284282716f,0f,0.5000000000000001f,-1.2222302384331876e-16f,-7.689620875837298e-18f,-1f,-1.7142499999999998f,0f,0f,0f,1f],start_interpolation:0}
execute if entity @s[tag=aj.assembler.bone.bone26] run data modify entity @s {} merge value {transformation:[0.9415545644349432f,-0.336860508507193f,1.2246467991473532e-16f,-0.29212152625276366f,-0.336860508507193f,-0.9415545644349432f,0f,0.0331465054351725f,1.1530717835578336e-16f,-4.1253514350248374e-17f,-1f,-1.3704999999999998f,0f,0f,0f,1f],start_interpolation:0}
execute if entity @s[tag=aj.assembler.bone.arm5] run data modify entity @s {} merge value {transformation:[-0.099071646717068f,-0.9950803026976108f,1.2246467991473532e-16f,-0.3444557090597654f,-0.9950803026976108f,0.099071646717068f,0f,-0.49250050049121263f,-1.2132777503831471e-17f,-1.2186219075932085e-16f,-1f,-1.3704999999999998f,0f,0f,0f,1f],start_interpolation:0}
execute if entity @s[tag=aj.assembler.bone.small_arm_base5] run data modify entity @s {} merge value {transformation:[-0.32391741819814907f,-0.9460853588275455f,1.2246467991473532e-16f,-0.34987660781499363f,-0.9460853588275455f,0.32391741819814907f,0f,-0.5083336501024217f,-3.966844293844379e-17f,-1.1586204064083288e-16f,-1f,-1.2767499999999998f,0f,0f,0f,1f],start_interpolation:0}
execute if entity @s[tag=aj.assembler.bone.bone20] run data modify entity @s {} merge value {transformation:[0.9980267284282716f,0.0627905195293138f,1.2246467991473532e-16f,2.6414183864572156e-16f,0.0627905195293138f,-0.9980267284282716f,0f,0.5000000000000001f,1.2222302384331876e-16f,7.689620875837353e-18f,-1f,-1.7142499999999998f,0f,0f,0f,1f],start_interpolation:0}
execute if entity @s[tag=aj.assembler.bone.bone11] run data modify entity @s {} merge value {transformation:[0.9803984622470341f,0.19702501167022204f,1.2246467991473532e-16f,-0.5225857662783389f,0.19702501167022204f,-0.9803984622470341f,0f,1.0857517597922515f,1.2006418386798175e-16f,2.4128604989390735e-17f,-1f,-1.3704999999999998f,0f,0f,0f,1f],start_interpolation:0}
execute if entity @s[tag=aj.assembler.bone.arm2] run data modify entity @s {} merge value {transformation:[0.8895758763783379f,0.4567874343342996f,1.2246467991473532e-16f,-0.9925005004912123f,0.4567874343342996f,-0.8895758763783379f,0f,0.844455709059766f,1.0894162496054333e-16f,5.594032693482319e-17f,-1f,-1.3704999999999998f,0f,0f,0f,1f],start_interpolation:0}
execute if entity @s[tag=aj.assembler.bone.small_arm_base2] run data modify entity @s {} merge value {transformation:[0.9460853588275454f,-0.32391741819814923f,1.2246467991473532e-16f,-1.0083336501024214f,-0.32391741819814923f,-0.9460853588275454f,0f,0.8498766078149942f,1.1586204064083288e-16f,-3.9668442938443815e-17f,-1f,-1.2767499999999998f,0f,0f,0f,1f],start_interpolation:0}
execute if entity @s[tag=aj.assembler.bone.bone2] run data modify entity @s {} merge value {transformation:[-0.06279051952931358f,0.9980267284282716f,1.2246467991473532e-16f,2.6414183864572156e-16f,0.9980267284282716f,0.06279051952931358f,0f,0.5000000000000001f,-7.689620875837326e-18f,1.2222302384331876e-16f,-1f,-1.7142499999999998f,0f,0f,0f,1f],start_interpolation:0}
execute if entity @s[tag=aj.assembler.bone.ring] run data modify entity @s {} merge value {transformation:[-0.11297579128595253f,1.7956987808657336f,2.2034447591230768e-16f,2.220446049250313e-16f,1.7956987808657336f,0.11297579128595253f,0f,0.5000000000000001f,-1.3835544117948122e-17f,2.1990967642200253e-16f,-1.7992491881391441f,-1.3704999999999998f,0f,0f,0f,1f],start_interpolation:0}
execute if entity @s[tag=aj.assembler.bone.wheel] run data modify entity @s {} merge value {transformation:[-1f,7.198293278059972e-17f,-9.907600726170914e-17f,1.0625000000000002f,0f,-0.8090169943749472f,-0.5877852522924736f,-0.6249999999999999f,-1.2246467991473532e-16f,-0.5877852522924736f,0.8090169943749472f,-1.4954999999999996f,0f,0f,0f,1f],start_interpolation:0}
execute if entity @s[tag=aj.assembler.bone.wheel2] run data modify entity @s {} merge value {transformation:[-1f,7.198293278059972e-17f,-9.907600726170914e-17f,1.0625000000000002f,0f,-0.8090169943749472f,-0.5877852522924736f,-0.6249999999999999f,-1.2246467991473532e-16f,-0.5877852522924736f,0.8090169943749472f,-1.2454999999999996f,0f,0f,0f,1f],start_interpolation:0}
execute if entity @s[tag=aj.assembler.bone.rails] run data modify entity @s {} merge value {transformation:[-1.137300743709099f,0f,1.3927917154512523e-16f,-0.43749999999999983f,0f,1.137300743709099f,0f,-0.9999999999999999f,-1.3927917154512523e-16f,0f,-1.137300743709099f,-0.9329999999999998f,0f,0f,0f,1f],start_interpolation:0}
execute if entity @s[tag=aj.assembler.bone.wheel3] run data modify entity @s {} merge value {transformation:[-1f,7.198293278059972e-17f,-9.907600726170914e-17f,-1.0625f,0f,-0.8090169943749472f,-0.5877852522924736f,-0.6249999999999999f,-1.2246467991473532e-16f,-0.5877852522924736f,0.8090169943749472f,-1.2454999999999998f,0f,0f,0f,1f],start_interpolation:0}
execute if entity @s[tag=aj.assembler.bone.wheel4] run data modify entity @s {} merge value {transformation:[-1f,7.198293278059972e-17f,-9.907600726170914e-17f,-1.0625f,0f,-0.8090169943749472f,-0.5877852522924736f,-0.6249999999999999f,-1.2246467991473532e-16f,-0.5877852522924736f,0.8090169943749472f,-1.4954999999999998f,0f,0f,0f,1f],start_interpolation:0}
execute if entity @s[tag=aj.assembler.bone.rails2] run data modify entity @s {} merge value {transformation:[-1.2038220325092979f,0f,1.4742567988555726e-16f,0.4375000000000001f,0f,1.2038220325092979f,0f,-0.9999999999999999f,-1.4742567988555726e-16f,0f,-1.2038220325092979f,-0.9329999999999997f,0f,0f,0f,1f],start_interpolation:0}
execute if entity @s[tag=aj.assembler.bone.bone6] run data modify entity @s {} merge value {transformation:[-0.8883580387764208f,0.0736667230490202f,-0.453203275425642f,0.31791293040097657f,0f,0.9870454268308284f,0.16044103394190629f,0.3439043746651563f,0.4591513856467291f,0.14252908225189298f,-0.87684973956267f,-1.0153052810070788f,0f,0f,0f,1f],start_interpolation:0}
execute if entity @s[tag=aj.assembler.bone.bone5] run data modify entity @s {} merge value {transformation:[-0.8883580387764208f,-0.2606548892265218f,-0.3779934174871581f,0.26707013755504283f,0f,0.8232435516986245f,-0.5676883428313764f,0.2716945856116059f,0.4591513856467291f,-0.504310502873918f,-0.7313350270223251f,-1.1136750238641344f,0f,0f,0f,1f],start_interpolation:0}
execute if entity @s[tag=aj.assembler.bone.bone4] run data modify entity @s {} merge value {transformation:[-0.8883580387764208f,-0.2606548892265218f,-0.3779934174871581f,0.7922107076391183f,0f,0.8232435516986245f,-0.5676883428313764f,0.2249043267718459f,0.4591513856467291f,-0.504310502873918f,-0.7313350270223251f,-0.506004317330553f,0f,0f,0f,1f],start_interpolation:0}
execute if entity @s[tag=aj.assembler.bone.bone3] run data modify entity @s {} merge value {transformation:[-0.8883580387764208f,-0.4435061815725874f,-0.11883712319058566f,0.8584392271088426f,0f,0.25881904510252074f,-0.9659258262890683f,-0.234375f,0.4591513856467291f,-0.8580879726456505f,-0.22992397930526134f,-0.24174585822498648f,0f,0f,0f,1f],start_interpolation:0}
execute if entity @s[tag=aj.assembler.bone.octagon] run data modify entity @s {} merge value {transformation:[-0.8883580387764208f,0f,-0.4591513856467291f,0.859375f,0f,1f,0f,-0.40625f,0.4591513856467291f,0f,-0.8883580387764208f,-0.1718749999999999f,0f,0f,0f,1f],start_interpolation:0}
execute if entity @s[tag=aj.assembler.bone.bone10] run data modify entity @s {} merge value {transformation:[-0.3855506060663616f,0.9198597153067254f,0.0721722544866863f,-0.9839053884982488f,0f,-0.07821967648730993f,0.996936147509067f,0.9412157498702589f,0.9226866912239828f,0.3843693358815845f,0.030157643675997048f,-0.3255162826884119f,0f,0f,0f,1f],start_interpolation:0}
execute if entity @s[tag=aj.assembler.bone.bone9] run data modify entity @s {} merge value {transformation:[-0.3855506060663616f,0.5603582416441032f,-0.7330411797323463f,-1.0788646807252826f,0f,0.7944638052164124f,0.6073115034321829f,1.0241864142333883f,0.9226866912239828f,0.23414931821935134f,-0.3063060015989757f,-0.3651956375745204f,0f,0f,0f,1f],start_interpolation:0}
execute if entity @s[tag=aj.assembler.bone.bone8] run data modify entity @s {} merge value {transformation:[-0.3855506060663616f,0.5603582416441032f,-0.7330411797323463f,-0.9728655132904539f,0f,0.7944638052164124f,0.6073115034321829f,0.2955261240691903f,0.9226866912239828f,0.23414931821935134f,-0.3063060015989757f,-0.1176922917268761f,0f,0f,0f,1f],start_interpolation:0}
execute if entity @s[tag=aj.assembler.bone.bone7] run data modify entity @s {} merge value {transformation:[-0.3855506060663616f,-0.6781465874846722f,-0.6256739854307156f,-0.9290913746410726f,0f,0.6781001518519062f,-0.7349695123326013f,-0.234375f,0.9226866912239828f,-0.2833679409201327f,-0.26144192452019427f,-0.16713795377839813f,0f,0f,0f,1f],start_interpolation:0}
execute if entity @s[tag=aj.assembler.bone.octagon2] run data modify entity @s {} merge value {transformation:[-0.3855506060663616f,0f,-0.9226866912239828f,-0.8593749999999999f,0f,1f,0f,-0.40625f,0.9226866912239828f,0f,-0.3855506060663616f,-0.171875f,0f,0f,0f,1f],start_interpolation:0}