execute if entity @s[tag=aj.assembler.bone.bone21] run data modify entity @s {} merge value {transformation:[0.39847439874824786f,-0.9171794554732584f,1.2246467991473532e-16f,-0.6784991060503884f,-0.9171794554732584f,-0.39847439874824786f,0f,0.7110648389825432f,4.8799039696920786e-17f,-1.1232208843890384e-16f,-1f,-1.0869999999999997f,0f,0f,0f,1f],start_interpolation:0}
execute if entity @s[tag=aj.assembler.bone.arm4] run data modify entity @s {} merge value {transformation:[-0.13796623933587188f,0.9904369322695501f,1.2246467991473532e-16f,-0.7513791946515014f,0.9904369322695501f,0.13796623933587188f,0f,1.2342590039107693f,-1.689599133930732e-17f,1.2129354188612284e-16f,-1f,-1.0869999999999997f,0f,0f,0f,1f],start_interpolation:0}
execute if entity @s[tag=aj.assembler.bone.small_arm_base4] run data modify entity @s {} merge value {transformation:[-0.7181262977631893f,0.6959127965923141f,1.2246467991473532e-16f,-0.7633973503138182f,0.6959127965923141f,0.7181262977631893f,0f,1.2459054069778834f,-8.794510719392288e-17f,8.522473788324605e-17f,-1f,-0.9932499999999999f,0f,0f,0f,1f],start_interpolation:0}
execute if entity @s[tag=aj.assembler.bone.bone25] run data modify entity @s {} merge value {transformation:[-0.3681245526846775f,-0.9297764858882517f,1.2246467991473532e-16f,1.531195361832059e-16f,-0.9297764858882517f,0.3681245526846775f,0f,0.5000000000000001f,-4.508225551328415e-17f,-1.1386477973655215e-16f,-1f,-1.4307499999999997f,0f,0f,0f,1f],start_interpolation:0}
execute if entity @s[tag=aj.assembler.bone.bone16] run data modify entity @s {} merge value {transformation:[-0.29036818494705074f,-0.9569149999715522f,1.2246467991473532e-16f,-0.5331306638997532f,-0.9569149999715522f,0.29036818494705074f,0f,0.2370786155776557f,-3.555984682696325e-17f,-1.171882891771251e-16f,-1f,-1.0869999999999997f,0f,0f,0f,1f],start_interpolation:0}
execute if entity @s[tag=aj.assembler.bone.arm3] run data modify entity @s {} merge value {transformation:[-0.3807476256932364f,-0.92467899593803f,1.2246467991473532e-16f,-0.734259003910769f,-0.92467899593803f,0.3807476256932364f,0f,-0.25137919465150116f,-4.662813610881766e-17f,-1.132405172614297e-16f,-1f,-1.0869999999999997f,0f,0f,0f,1f],start_interpolation:0}
execute if entity @s[tag=aj.assembler.bone.small_arm_base3] run data modify entity @s {} merge value {transformation:[-0.6959127965923142f,-0.7181262977631891f,1.2246467991473532e-16f,-0.7459054069778833f,-0.7181262977631891f,0.6959127965923142f,0f,-0.26339735031381795f,-8.522473788324607e-17f,-8.794510719392287e-17f,-1f,-0.9932499999999999f,0f,0f,0f,1f],start_interpolation:0}
execute if entity @s[tag=aj.assembler.bone.bone15] run data modify entity @s {} merge value {transformation:[0.9297764858882516f,-0.3681245526846777f,1.2246467991473532e-16f,1.531195361832059e-16f,-0.3681245526846777f,-0.9297764858882516f,0f,0.5000000000000001f,1.1386477973655215e-16f,-4.508225551328417e-17f,-1f,-1.4307499999999997f,0f,0f,0f,1f],start_interpolation:0}
execute if entity @s[tag=aj.assembler.bone.bone26] run data modify entity @s {} merge value {transformation:[0.5511397256601197f,0.8344129689783643f,1.2246467991473532e-16f,0.4560647372341834f,0.8344129689783643f,-0.5511397256601197f,0f,0.8023228601925314f,6.749515009126158e-17f,1.0218611716263931e-16f,-1f,-1.0869999999999997f,0f,0f,0f,1f],start_interpolation:0}
execute if entity @s[tag=aj.assembler.bone.arm5] run data modify entity @s {} merge value {transformation:[0.5266378995261413f,0.8500897145494084f,1.2246467991473532e-16f,0.7342590039107689f,0.8500897145494084f,-0.5266378995261413f,0f,1.2513791946515018f,6.449454179643743e-17f,1.0410596479110197e-16f,-1f,-1.0869999999999997f,0f,0f,0f,1f],start_interpolation:0}
execute if entity @s[tag=aj.assembler.bone.small_arm_base5] run data modify entity @s {} merge value {transformation:[0.695912796592314f,0.7181262977631895f,1.2246467991473532e-16f,0.7459054069778832f,0.7181262977631895f,-0.695912796592314f,0f,1.2633973503138185f,8.522473788324602e-17f,8.794510719392288e-17f,-1f,-0.9932499999999996f,0f,0f,0f,1f],start_interpolation:0}
execute if entity @s[tag=aj.assembler.bone.bone20] run data modify entity @s {} merge value {transformation:[-0.9297764858882518f,0.36812455268467725f,1.2246467991473532e-16f,1.531195361832059e-16f,0.36812455268467725f,0.9297764858882518f,0f,0.5000000000000001f,-1.1386477973655215e-16f,4.5082255513284124e-17f,-1f,-1.4307499999999997f,0f,0f,0f,1f],start_interpolation:0}
execute if entity @s[tag=aj.assembler.bone.bone11] run data modify entity @s {} merge value {transformation:[-0.8294979408179235f,0.5585097726797851f,1.2246467991473532e-16f,0.2245983473196289f,0.5585097726797851f,0.8294979408179235f,0f,-0.19494513340983688f,-1.0158419981219904e-16f,6.839772054048145e-17f,-1f,-1.0869999999999997f,0f,0f,0f,1f],start_interpolation:0}
execute if entity @s[tag=aj.assembler.bone.arm2] run data modify entity @s {} merge value {transformation:[-0.9972267303120805f,0.07442343952732566f,1.2246467991473532e-16f,0.7513791946515016f,0.07442343952732566f,0.9972267303120805f,0f,-0.23425900391076893f,-1.22125052330087e-16f,9.114242699867588e-18f,-1f,-1.0869999999999997f,0f,0f,0f,1f],start_interpolation:0}
execute if entity @s[tag=aj.assembler.bone.small_arm_base2] run data modify entity @s {} merge value {transformation:[-0.7181262977631893f,0.6959127965923141f,1.2246467991473532e-16f,0.7633973503138184f,0.6959127965923141f,0.7181262977631893f,0f,-0.2459054069778832f,-8.794510719392288e-17f,8.522473788324605e-17f,-1f,-0.9932499999999996f,0f,0f,0f,1f],start_interpolation:0}
execute if entity @s[tag=aj.assembler.bone.bone2] run data modify entity @s {} merge value {transformation:[-0.3681245526846775f,-0.9297764858882517f,1.2246467991473532e-16f,1.531195361832059e-16f,-0.9297764858882517f,0.3681245526846775f,0f,0.5000000000000001f,-4.508225551328415e-17f,-1.1386477973655215e-16f,-1f,-1.4307499999999997f,0f,0f,0f,1f],start_interpolation:0}
execute if entity @s[tag=aj.assembler.bone.ring] run data modify entity @s {} merge value {transformation:[-0.6623478025519915f,-1.6728995873853032f,2.2034447591230768e-16f,1.1102230246251565e-16f,-1.6728995873853032f,0.6623478025519915f,0f,0.5000000000000001f,-8.111421163175796e-17f,-2.0487111249863393e-16f,-1.7992491881391441f,-1.0869999999999997f,0f,0f,0f,1f],start_interpolation:0}
execute if entity @s[tag=aj.assembler.bone.wheel] run data modify entity @s {} merge value {transformation:[-1f,7.198293278059944e-17f,9.907600726170933e-17f,1.0625f,0f,0.8090169943749488f,-0.5877852522924712f,-0.6249999999999999f,-1.2246467991473532e-16f,-0.5877852522924712f,-0.8090169943749488f,-1.2119999999999995f,0f,0f,0f,1f],start_interpolation:0}
execute if entity @s[tag=aj.assembler.bone.wheel2] run data modify entity @s {} merge value {transformation:[-1f,7.198293278059944e-17f,9.907600726170933e-17f,1.0625f,0f,0.8090169943749488f,-0.5877852522924712f,-0.6249999999999999f,-1.2246467991473532e-16f,-0.5877852522924712f,-0.8090169943749488f,-0.9619999999999995f,0f,0f,0f,1f],start_interpolation:0}
execute if entity @s[tag=aj.assembler.bone.rails] run data modify entity @s {} merge value {transformation:[-1.137300743709099f,0f,1.3927917154512523e-16f,-0.43749999999999994f,0f,1.137300743709099f,0f,-0.9999999999999999f,-1.3927917154512523e-16f,0f,-1.137300743709099f,-0.6494999999999997f,0f,0f,0f,1f],start_interpolation:0}
execute if entity @s[tag=aj.assembler.bone.wheel3] run data modify entity @s {} merge value {transformation:[-1f,7.198293278059944e-17f,9.907600726170933e-17f,-1.0625f,0f,0.8090169943749488f,-0.5877852522924712f,-0.6249999999999999f,-1.2246467991473532e-16f,-0.5877852522924712f,-0.8090169943749488f,-0.9619999999999997f,0f,0f,0f,1f],start_interpolation:0}
execute if entity @s[tag=aj.assembler.bone.wheel4] run data modify entity @s {} merge value {transformation:[-1f,7.198293278059944e-17f,9.907600726170933e-17f,-1.0625f,0f,0.8090169943749488f,-0.5877852522924712f,-0.6249999999999999f,-1.2246467991473532e-16f,-0.5877852522924712f,-0.8090169943749488f,-1.2119999999999997f,0f,0f,0f,1f],start_interpolation:0}
execute if entity @s[tag=aj.assembler.bone.rails2] run data modify entity @s {} merge value {transformation:[-1.2038220325092979f,0f,1.4742567988555726e-16f,0.4375f,0f,1.2038220325092979f,0f,-0.9999999999999999f,-1.4742567988555726e-16f,0f,-1.2038220325092979f,-0.6494999999999996f,0f,0f,0f,1f],start_interpolation:0}
execute if entity @s[tag=aj.assembler.bone.bone6] run data modify entity @s {} merge value {transformation:[-0.9396926207859084f,0.030417599881323795f,-0.34066486178937f,0.6657346792385872f,0f,0.9960374218807104f,0.08893511237541477f,0.8440671533705251f,0.34202014332566855f,0.08357166882794274f,-0.9359690153679242f,-0.4297907462726419f,0f,0f,0f,1f],start_interpolation:0}
execute if entity @s[tag=aj.assembler.bone.bone5] run data modify entity @s {} merge value {transformation:[-0.9396926207859084f,0.06979359451289499f,-0.3348232856380817f,0.6217254174519491f,0f,0.9789577958256861f,0.20406281874000082f,0.874377703689421f,0.34202014332566855f,0.1917563249467511f,-0.9199194167982351f,-0.5507051992782973f,0f,0f,0f,1f],start_interpolation:0}
execute if entity @s[tag=aj.assembler.bone.bone4] run data modify entity @s {} merge value {transformation:[-0.9396926207859084f,0.06979359451289499f,-0.3348232856380817f,0.969900529491025f,0f,0.9789577958256861f,0.20406281874000082f,0.2802566782726664f,0.34202014332566855f,0.1917563249467511f,-0.9199194167982351f,-0.1423152659654319f,0f,0f,0f,1f],start_interpolation:0}
execute if entity @s[tag=aj.assembler.bone.bone3] run data modify entity @s {} merge value {transformation:[-0.9396926207859084f,-0.176278393483395f,-0.2930933408172629f,0.8673641354417053f,0f,0.8569475995400131f,-0.5154035425204306f,-0.234375f,0.34202014332566855f,-0.48432090563336483f,-0.8052673356879481f,-0.2412939182780463f,0f,0f,0f,1f],start_interpolation:0}
execute if entity @s[tag=aj.assembler.bone.octagon] run data modify entity @s {} merge value {transformation:[-0.9396926207859084f,0f,-0.34202014332566855f,0.859375f,0f,1f,0f,-0.40625f,0.34202014332566855f,0f,-0.9396926207859084f,-0.1718749999999999f,0f,0f,0f,1f],start_interpolation:0}
execute if entity @s[tag=aj.assembler.bone.bone10] run data modify entity @s {} merge value {transformation:[-0.9513260552393499f,0.004440394402416822f,0.3081542138609962f,-0.5685837261192817f,0f,0.9998961971566007f,-0.014408154349804914f,0.009318768137738992f,-0.308186204465316f,-0.013706852640879674f,-0.9512273048898163f,-0.7653062205709119f,0f,0f,0f,1f],start_interpolation:0}
execute if entity @s[tag=aj.assembler.bone.bone9] run data modify entity @s {} merge value {transformation:[-0.9513260552393499f,0.29081416327331167f,0.10200911264382805f,-0.5541098522534686f,0f,0.33099830935264457f,-0.9436313470872462f,-0.11425374542673339f,-0.308186204465316f,-0.8977010870247037f,-0.3148873159273453f,-0.8099849671510347f,0f,0f,0f,1f],start_interpolation:0}
execute if entity @s[tag=aj.assembler.bone.bone8] run data modify entity @s {} merge value {transformation:[-0.9513260552393499f,0.29081416327331167f,0.10200911264382805f,-0.9278407086446823f,0f,0.33099830935264457f,-0.9436313470872462f,0.2959339414055031f,-0.308186204465316f,-0.8977010870247037f,-0.3148873159273453f,-0.2647305109257275f,0f,0f,0f,1f],start_interpolation:0}
execute if entity @s[tag=aj.assembler.bone.bone7] run data modify entity @s {} merge value {transformation:[-0.9513260552393499f,0.21985782813427476f,0.21596590478780966f,-0.8698423014471474f,0f,0.7007643484967055f,-0.7133928285846359f,-0.234375f,-0.308186204465316f,-0.6786691854534634f,-0.6666553833077439f,-0.2409636973420005f,0f,0f,0f,1f],start_interpolation:0}
execute if entity @s[tag=aj.assembler.bone.octagon2] run data modify entity @s {} merge value {transformation:[-0.9513260552393499f,0f,0.308186204465316f,-0.8593749999999999f,0f,1f,0f,-0.40625f,-0.308186204465316f,0f,-0.9513260552393499f,-0.171875f,0f,0f,0f,1f],start_interpolation:0}