execute if entity @s[tag=aj.assembler.bone.bone21] run data modify entity @s {} merge value {transformation:[-0.08227094433869439f,0.9966099998081595f,1.2246467991473532e-16f,0.7868754761939639f,0.9966099998081595f,0.08227094433869439f,0f,0.6509072308990503f,-1.007528486472123e-17f,1.2204952462633068e-16f,-1f,-1.8212890625f,0f,0f,0f,1f],start_interpolation:0}
execute if entity @s[tag=aj.assembler.bone.arm4] run data modify entity @s {} merge value {transformation:[0.02808519917166319f,0.9996055329916338f,1.2246467991473532e-16f,0.8017113651321828f,0.9996055329916338f,-0.02808519917166319f,0f,1.1789446707921536f,3.439444926899306e-18f,1.2241637163881883e-16f,-1f,-1.8212890625f,0f,0f,0f,1f],start_interpolation:0}
execute if entity @s[tag=aj.assembler.bone.small_arm_base4] run data modify entity @s {} merge value {transformation:[0.760405965600031f,0.6494480483301838f,1.2246467991473532e-16f,0.8144370894088184f,0.6494480483301838f,-0.760405965600031f,0f,1.1898134661053617f,9.312287318246303e-17f,7.953444736000551e-17f,-1f,-1.7275390625f,0f,0f,0f,1f],start_interpolation:0}
execute if entity @s[tag=aj.assembler.bone.bone25] run data modify entity @s {} merge value {transformation:[-0.8910065241883679f,0.45399049973954675f,1.2246467991473532e-16f,2.6414183864572156e-16f,0.45399049973954675f,0.8910065241883679f,0f,0.5000000000000001f,-1.0911682878666935e-16f,5.559780123493432e-17f,-1f,-2.1650390625f,0f,0f,0f,1f],start_interpolation:0}
execute if entity @s[tag=aj.assembler.bone.bone16] run data modify entity @s {} merge value {transformation:[-0.3141922104052773f,-0.9493593918641383f,1.2246467991473532e-16f,-0.613360913116922f,-0.9493593918641383f,0.3141922104052773f,0f,0.7775525988612689f,-3.847744847898547e-17f,-1.1626299404868945e-16f,-1f,-1.8212890625f,0f,0f,0f,1f],start_interpolation:0}
execute if entity @s[tag=aj.assembler.bone.arm3] run data modify entity @s {} merge value {transformation:[-0.12415386124857947f,0.9922629786186065f,1.2246467991473532e-16f,-0.678944670792153f,0.9922629786186065f,0.12415386124857947f,0f,1.3017113651321828f,-1.5204462877985726e-17f,1.215171680677695e-16f,-1f,-1.8212890625f,0f,0f,0f,1f],start_interpolation:0}
execute if entity @s[tag=aj.assembler.bone.small_arm_base3] run data modify entity @s {} merge value {transformation:[-0.6494480483301837f,0.7604059656000312f,1.2246467991473532e-16f,-0.6898134661053611f,0.7604059656000312f,0.6494480483301837f,0f,1.3144370894088184f,-7.953444736000549e-17f,9.312287318246305e-17f,-1f,-1.7275390625f,0f,0f,0f,1f],start_interpolation:0}
execute if entity @s[tag=aj.assembler.bone.bone15] run data modify entity @s {} merge value {transformation:[-0.45399049973954697f,-0.8910065241883678f,1.2246467991473532e-16f,2.6414183864572156e-16f,-0.8910065241883678f,0.45399049973954697f,0f,0.5000000000000001f,-5.559780123493434e-17f,-1.0911682878666934e-16f,-1f,-2.1650390625f,0f,0f,0f,1f],start_interpolation:0}
execute if entity @s[tag=aj.assembler.bone.bone26] run data modify entity @s {} merge value {transformation:[-0.6658816660008344f,0.7460573750616998f,1.2246467991473532e-16f,0.42083254463648423f,0.7460573750616998f,0.6658816660008344f,0f,0.1591809995917839f,-8.154698508788287e-17f,9.13656776349587e-17f,-1f,-1.8212890625f,0f,0f,0f,1f],start_interpolation:0}
execute if entity @s[tag=aj.assembler.bone.arm5] run data modify entity @s {} merge value {transformation:[0.4886212414969553f,-0.8724960070727971f,1.2246467991473532e-16f,0.6789446707921539f,-0.8724960070727971f,-0.4886212414969553f,0f,-0.3017113651321823f,5.983884393946521e-17f,-1.0684994423305475e-16f,-1f,-1.8212890625f,0f,0f,0f,1f],start_interpolation:0}
execute if entity @s[tag=aj.assembler.bone.small_arm_base5] run data modify entity @s {} merge value {transformation:[0.649448048330184f,-0.7604059656000308f,1.2246467991473532e-16f,0.689813466105362f,-0.7604059656000308f,-0.649448048330184f,0f,-0.31443708940881787f,7.953444736000553e-17f,-9.312287318246302e-17f,-1f,-1.7275390625f,0f,0f,0f,1f],start_interpolation:0}
execute if entity @s[tag=aj.assembler.bone.bone20] run data modify entity @s {} merge value {transformation:[0.4539904997395465f,0.891006524188368f,1.2246467991473532e-16f,2.6414183864572156e-16f,0.891006524188368f,-0.4539904997395465f,0f,0.5000000000000001f,5.559780123493429e-17f,1.0911682878666936e-16f,-1f,-2.1650390625f,0f,0f,0f,1f],start_interpolation:0}
execute if entity @s[tag=aj.assembler.bone.bone11] run data modify entity @s {} merge value {transformation:[-0.9998473208541452f,0.017473837036797835f,1.2246467991473532e-16f,-0.28160664099993615f,0.017473837036797835f,0.9998473208541452f,0f,-0.08656113619442383f,-1.2244598211200856e-16f,2.1399278595936834e-18f,-1f,-1.8212890625f,0f,0f,0f,1f],start_interpolation:0}
execute if entity @s[tag=aj.assembler.bone.arm2] run data modify entity @s {} merge value {transformation:[0.984588441461518f,0.174887395029999f,1.2246467991473532e-16f,-0.8017113651321823f,0.174887395029999f,-0.984588441461518f,0f,-0.1789446707921534f,1.2057730833133293e-16f,2.1417528853470712e-17f,-1f,-1.8212890625f,0f,0f,0f,1f],start_interpolation:0}
execute if entity @s[tag=aj.assembler.bone.small_arm_base2] run data modify entity @s {} merge value {transformation:[0.760405965600031f,0.6494480483301838f,1.2246467991473532e-16f,-0.814437089408818f,0.6494480483301838f,-0.760405965600031f,0f,-0.18981346610536143f,9.312287318246303e-17f,7.953444736000551e-17f,-1f,-1.7275390625f,0f,0f,0f,1f],start_interpolation:0}
execute if entity @s[tag=aj.assembler.bone.bone2] run data modify entity @s {} merge value {transformation:[-0.8910065241883679f,0.45399049973954675f,1.2246467991473532e-16f,2.6414183864572156e-16f,0.45399049973954675f,0.8910065241883679f,0f,0.5000000000000001f,-1.0911682878666935e-16f,5.559780123493432e-17f,-1f,-2.1650390625f,0f,0f,0f,1f],start_interpolation:0}
execute if entity @s[tag=aj.assembler.bone.ring] run data modify entity @s {} merge value {transformation:[-1.6031427652726016f,0.8168420380792638f,2.2034447591230768e-16f,2.220446049250313e-16f,0.8168420380792638f,1.6031427652726016f,0f,0.5000000000000001f,-1.9632836560673282e-16f,1.0003429873427708e-16f,-1.7992491881391441f,-1.8212890625f,0f,0f,0f,1f],start_interpolation:0}
execute if entity @s[tag=aj.assembler.bone.wheel] run data modify entity @s {} merge value {transformation:[-1f,-1.2246467991473532e-16f,-2.719262146893782e-32f,1.0625000000000002f,0f,-2.220446049250313e-16f,1f,-0.6249999999999999f,-1.2246467991473532e-16f,1f,2.220446049250313e-16f,-1.9462890624999998f,0f,0f,0f,1f],start_interpolation:0}
execute if entity @s[tag=aj.assembler.bone.wheel2] run data modify entity @s {} merge value {transformation:[-1f,-1.2246467991473532e-16f,-2.719262146893782e-32f,1.0625000000000002f,0f,-2.220446049250313e-16f,1f,-0.6249999999999999f,-1.2246467991473532e-16f,1f,2.220446049250313e-16f,-1.6962890624999998f,0f,0f,0f,1f],start_interpolation:0}
execute if entity @s[tag=aj.assembler.bone.rails] run data modify entity @s {} merge value {transformation:[-1.137300743709099f,0f,1.3927917154512523e-16f,-0.43749999999999983f,0f,1.137300743709099f,0f,-0.9999999999999999f,-1.3927917154512523e-16f,0f,-1.137300743709099f,-1.3837890625f,0f,0f,0f,1f],start_interpolation:0}
execute if entity @s[tag=aj.assembler.bone.wheel3] run data modify entity @s {} merge value {transformation:[-1f,-1.2246467991473532e-16f,-2.719262146893782e-32f,-1.0625f,0f,-2.220446049250313e-16f,1f,-0.6249999999999999f,-1.2246467991473532e-16f,1f,2.220446049250313e-16f,-1.6962890625000002f,0f,0f,0f,1f],start_interpolation:0}
execute if entity @s[tag=aj.assembler.bone.wheel4] run data modify entity @s {} merge value {transformation:[-1f,-1.2246467991473532e-16f,-2.719262146893782e-32f,-1.0625f,0f,-2.220446049250313e-16f,1f,-0.6249999999999999f,-1.2246467991473532e-16f,1f,2.220446049250313e-16f,-1.9462890625000002f,0f,0f,0f,1f],start_interpolation:0}
execute if entity @s[tag=aj.assembler.bone.rails2] run data modify entity @s {} merge value {transformation:[-1.2038220325092979f,0f,1.4742567988555726e-16f,0.4375000000000001f,0f,1.2038220325092979f,0f,-0.9999999999999999f,-1.4742567988555726e-16f,0f,-1.2038220325092979f,-1.3837890625f,0f,0f,0f,1f],start_interpolation:0}
execute if entity @s[tag=aj.assembler.bone.bone6] run data modify entity @s {} merge value {transformation:[0.9203855182267222f,0.024555827168297323f,-0.3902403223535573f,0.7984766643973313f,0f,0.9980260893670824f,0.06280067629132935f,0.19179057576980435f,0.3910121453849326f,-0.05780083299338368f,0.9185687594659111f,0.21123316669220396f,0f,0f,0f,1f],start_interpolation:0}
execute if entity @s[tag=aj.assembler.bone.bone5] run data modify entity @s {} merge value {transformation:[0.9203855182267222f,-0.1906617836110138f,-0.341377477448051f,0.7527117778270555f,0f,0.8730610582747536f,-0.4876108986929715f,0.13033332239139636f,0.3910121453849326f,0.4487900096865284f,0.8035527545637795f,0.31895702985022456f,0f,0f,0f,1f],start_interpolation:0}
execute if entity @s[tag=aj.assembler.bone.bone4] run data modify entity @s {} merge value {transformation:[0.9203855182267222f,-0.1906617836110138f,-0.341377477448051f,0.940281779513137f,0f,0.8730610582747536f,-0.4876108986929715f,-0.031738144679850894f,0.3910121453849326f,0.4487900096865284f,0.8035527545637795f,-0.602080123231284f,0f,0f,0f,1f],start_interpolation:0}
execute if entity @s[tag=aj.assembler.bone.bone3] run data modify entity @s {} merge value {transformation:[0.9203855182267222f,0.14986361253421704f,-0.3611528699549842f,0.8061746934688566f,0f,0.9236359387237105f,0.383270991203313f,-0.234375f,0.3910121453849326f,-0.3527570698599307f,0.8501011421150474f,-0.1265700346541089f,0f,0f,0f,1f],start_interpolation:0}
execute if entity @s[tag=aj.assembler.bone.octagon] run data modify entity @s {} merge value {transformation:[0.9203855182267222f,0f,-0.3910121453849326f,0.859375f,0f,1f,0f,-0.40625f,0.3910121453849326f,0f,0.9203855182267222f,-0.1718749999999999f,0f,0f,0f,1f],start_interpolation:0}
execute if entity @s[tag=aj.assembler.bone.bone10] run data modify entity @s {} merge value {transformation:[-0.34191763672731923f,0.2512060641155698f,0.9055318012341529f,-0.5182073937763867f,0f,0.9636085627320369f,-0.267317298036431f,0.8156851136751508f,-0.939729923805135f,-0.09140049880094891f,-0.3294747624995468f,-0.19624500362312963f,0f,0f,0f,1f],start_interpolation:0}
execute if entity @s[tag=aj.assembler.bone.bone9] run data modify entity @s {} merge value {transformation:[-0.34191763672731923f,-0.1477351356407537f,0.9280445352417163f,-0.3960688534098339f,0f,0.9875651628543416f,0.1572102067821226f,0.8398333860845913f,-0.939729923805135f,0.05375294237235656f,-0.33766594659738663f,-0.2406847091359188f,0f,0f,0f,1f],start_interpolation:0}
execute if entity @s[tag=aj.assembler.bone.bone8] run data modify entity @s {} merge value {transformation:[-0.34191763672731923f,-0.1477351356407537f,0.9280445352417163f,-0.9517743468638518f,0f,0.9875651628543416f,0.1572102067821226f,0.28059428029463607f,-0.939729923805135f,0.05375294237235656f,-0.33766594659738663f,-0.23801850794904877f,0f,0f,0f,1f],start_interpolation:0}
execute if entity @s[tag=aj.assembler.bone.bone7] run data modify entity @s {} merge value {transformation:[-0.34191763672731923f,0.48647247183303594f,0.8040129749223336f,-0.8113268059099077f,0f,0.8555787727464725f,-0.517672641372557f,-0.234375f,-0.939729923805135f,-0.17700140613649373f,-0.292537472011534f,-0.22261141241436794f,0f,0f,0f,1f],start_interpolation:0}
execute if entity @s[tag=aj.assembler.bone.octagon2] run data modify entity @s {} merge value {transformation:[-0.34191763672731923f,0f,0.939729923805135f,-0.8593749999999999f,0f,1f,0f,-0.40625f,-0.939729923805135f,0f,-0.34191763672731923f,-0.171875f,0f,0f,0f,1f],start_interpolation:0}