execute if entity @s[tag=aj.assembler.bone.bone21] run data modify entity @s {} merge value {transformation:[0.9484542384311814f,0.31691411707579054f,1.2246467991473532e-16f,0.37100454045883413f,0.31691411707579054f,-0.9484542384311814f,0f,0.07564984104235438f,1.161521447232487e-16f,3.8810785908147647e-17f,-1f,-1.8464999999999998f,0f,0f,0f,1f],start_interpolation:0}
execute if entity @s[tag=aj.assembler.bone.arm4] run data modify entity @s {} merge value {transformation:[0.9553356894826758f,-0.29552279167715784f,1.2246467991473532e-16f,0.8756566207681643f,-0.29552279167715784f,-0.9553356894826758f,0f,-0.0804588370281334f,1.1699487942361887e-16f,-3.619110409025214e-17f,-1f,-1.8464999999999998f,0f,0f,0f,1f],start_interpolation:0}
execute if entity @s[tag=aj.assembler.bone.small_arm_base4] run data modify entity @s {} merge value {transformation:[0.8358073613682706f,-0.5490228179981316f,1.2246467991473532e-16f,0.889644220169442f,-0.5490228179981316f,-0.8358073613682706f,0f,-0.08964697247090647f,1.0235688098034477e-16f,-6.723590367202717e-17f,-1f,-1.7527499999999998f,0f,0f,0f,1f],start_interpolation:0}
execute if entity @s[tag=aj.assembler.bone.bone25] run data modify entity @s {} merge value {transformation:[0.18738131458572438f,0.9822872507286888f,1.2246467991473532e-16f,2.6414183864572156e-16f,0.9822872507286888f,-0.18738131458572438f,0f,0.5000000000000001f,2.294759271274306e-17f,1.2029549374481423e-16f,-1f,-2.19025f,0f,0f,0f,1f],start_interpolation:0}
execute if entity @s[tag=aj.assembler.bone.bone16] run data modify entity @s {} merge value {transformation:[-0.7962068680770458f,0.6050244815104118f,1.2246467991473532e-16f,0.5902140155447314f,0.6050244815104118f,0.7962068680770458f,0f,0.8475008880324878f,-9.750721924496928e-17f,7.409412946875126e-17f,-1f,-1.8464999999999998f,0f,0f,0f,1f],start_interpolation:0}
execute if entity @s[tag=aj.assembler.bone.arm3] run data modify entity @s {} merge value {transformation:[-0.01846711934382156f,0.9998294682110254f,1.2246467991473532e-16f,0.580458837028134f,0.9998294682110254f,0.01846711934382156f,0f,1.3756566207681642f,-2.261569859388329e-18f,1.2244379579378323e-16f,-1f,-1.8464999999999998f,0f,0f,0f,1f],start_interpolation:0}
execute if entity @s[tag=aj.assembler.bone.small_arm_base3] run data modify entity @s {} merge value {transformation:[0.5490228179981318f,0.8358073613682705f,1.2246467991473532e-16f,0.589646972470907f,0.8358073613682705f,-0.5490228179981318f,0f,1.389644220169442f,6.72359036720272e-17f,1.0235688098034476e-16f,-1f,-1.7527499999999998f,0f,0f,0f,1f],start_interpolation:0}
execute if entity @s[tag=aj.assembler.bone.bone15] run data modify entity @s {} merge value {transformation:[-0.9822872507286888f,0.1873813145857246f,1.2246467991473532e-16f,2.6414183864572156e-16f,0.1873813145857246f,0.9822872507286888f,0f,0.5000000000000001f,-1.2029549374481423e-16f,2.2947592712743088e-17f,-1f,-2.19025f,0f,0f,0f,1f],start_interpolation:0}
execute if entity @s[tag=aj.assembler.bone.bone26] run data modify entity @s {} merge value {transformation:[0.46152743803403556f,-0.8871259346573854f,1.2246467991473532e-16f,-0.3043388648561079f,-0.8871259346573854f,-0.46152743803403556f,0f,0.07467814637420284f,5.652080997070603e-17f,-1.0864159363187709e-16f,-1f,-1.8464999999999998f,0f,0f,0f,1f],start_interpolation:0}
execute if entity @s[tag=aj.assembler.bone.arm5] run data modify entity @s {} merge value {transformation:[-0.5227111395898905f,-0.8525098618483181f,1.2246467991473532e-16f,-0.5804588370281331f,-0.8525098618483181f,0.5227111395898905f,0f,-0.37565662076816414f,-6.401365239774245e-17f,-1.044023473554095e-16f,-1f,-1.8464999999999998f,0f,0f,0f,1f],start_interpolation:0}
execute if entity @s[tag=aj.assembler.bone.small_arm_base5] run data modify entity @s {} merge value {transformation:[-0.5490228179981315f,-0.8358073613682707f,1.2246467991473532e-16f,-0.5896469724709061f,-0.8358073613682707f,0.5490228179981315f,0f,-0.3896442201694418f,-6.723590367202715e-17f,-1.0235688098034478e-16f,-1f,-1.7527499999999998f,0f,0f,0f,1f],start_interpolation:0}
execute if entity @s[tag=aj.assembler.bone.bone20] run data modify entity @s {} merge value {transformation:[0.9822872507286888f,-0.18738131458572416f,1.2246467991473532e-16f,2.6414183864572156e-16f,-0.18738131458572416f,-0.9822872507286888f,0f,0.5000000000000001f,1.2029549374481423e-16f,-2.2947592712743033e-17f,-1f,-2.19025f,0f,0f,0f,1f],start_interpolation:0}
execute if entity @s[tag=aj.assembler.bone.bone11] run data modify entity @s {} merge value {transformation:[0.9274843091657528f,-0.3738620818581729f,1.2246467991473532e-16f,-0.35798243588135115f,-0.3738620818581729f,-0.9274843091657528f,0f,1.1856114871669863f,1.1358406904792333e-16f,-4.5784900187017714e-17f,-1f,-1.8464999999999998f,0f,0f,0f,1f],start_interpolation:0}
execute if entity @s[tag=aj.assembler.bone.arm2] run data modify entity @s {} merge value {transformation:[0.9799872895462667f,0.19906007215853777f,1.2246467991473532e-16f,-0.8756566207681639f,0.19906007215853777f,-0.9799872895462667f,0f,1.0804588370281336f,1.2001382973479258e-16f,2.437782802069944e-17f,-1f,-1.8464999999999998f,0f,0f,0f,1f],start_interpolation:0}
execute if entity @s[tag=aj.assembler.bone.small_arm_base2] run data modify entity @s {} merge value {transformation:[0.8358073613682706f,-0.5490228179981316f,1.2246467991473532e-16f,-0.8896442201694416f,-0.5490228179981316f,-0.8358073613682706f,0f,1.0896469724709066f,1.0235688098034477e-16f,-6.723590367202717e-17f,-1f,-1.7527499999999998f,0f,0f,0f,1f],start_interpolation:0}
execute if entity @s[tag=aj.assembler.bone.bone2] run data modify entity @s {} merge value {transformation:[0.18738131458572438f,0.9822872507286888f,1.2246467991473532e-16f,2.6414183864572156e-16f,0.9822872507286888f,-0.18738131458572438f,0f,0.5000000000000001f,2.294759271274306e-17f,1.2029549374481423e-16f,-1f,-2.19025f,0f,0f,0f,1f],start_interpolation:0}
execute if entity @s[tag=aj.assembler.bone.ring] run data modify entity @s {} merge value {transformation:[0.33714567814081015f,1.7673795383930253f,2.2034447591230768e-16f,2.220446049250313e-16f,1.7673795383930253f,-0.33714567814081015f,0f,0.5000000000000001f,4.128843755815069e-17f,2.164415694571545e-16f,-1.7992491881391441f,-1.8464999999999998f,0f,0f,0f,1f],start_interpolation:0}
execute if entity @s[tag=aj.assembler.bone.wheel] run data modify entity @s {} merge value {transformation:[-1f,-1.1647083184890928e-16f,3.784366730434137e-17f,1.0625000000000002f,0f,0.30901699437494634f,0.951056516295154f,-0.6249999999999999f,-1.2246467991473532e-16f,0.951056516295154f,-0.30901699437494634f,-1.9714999999999996f,0f,0f,0f,1f],start_interpolation:0}
execute if entity @s[tag=aj.assembler.bone.wheel2] run data modify entity @s {} merge value {transformation:[-1f,-1.1647083184890928e-16f,3.784366730434137e-17f,1.0625000000000002f,0f,0.30901699437494634f,0.951056516295154f,-0.6249999999999999f,-1.2246467991473532e-16f,0.951056516295154f,-0.30901699437494634f,-1.7214999999999996f,0f,0f,0f,1f],start_interpolation:0}
execute if entity @s[tag=aj.assembler.bone.rails] run data modify entity @s {} merge value {transformation:[-1.137300743709099f,0f,1.3927917154512523e-16f,-0.43749999999999983f,0f,1.137300743709099f,0f,-0.9999999999999999f,-1.3927917154512523e-16f,0f,-1.137300743709099f,-1.4089999999999998f,0f,0f,0f,1f],start_interpolation:0}
execute if entity @s[tag=aj.assembler.bone.wheel3] run data modify entity @s {} merge value {transformation:[-1f,-1.1647083184890928e-16f,3.784366730434137e-17f,-1.0625f,0f,0.30901699437494634f,0.951056516295154f,-0.6249999999999999f,-1.2246467991473532e-16f,0.951056516295154f,-0.30901699437494634f,-1.7215f,0f,0f,0f,1f],start_interpolation:0}
execute if entity @s[tag=aj.assembler.bone.wheel4] run data modify entity @s {} merge value {transformation:[-1f,-1.1647083184890928e-16f,3.784366730434137e-17f,-1.0625f,0f,0.30901699437494634f,0.951056516295154f,-0.6249999999999999f,-1.2246467991473532e-16f,0.951056516295154f,-0.30901699437494634f,-1.9715f,0f,0f,0f,1f],start_interpolation:0}
execute if entity @s[tag=aj.assembler.bone.rails2] run data modify entity @s {} merge value {transformation:[-1.2038220325092979f,0f,1.4742567988555726e-16f,0.4375000000000001f,0f,1.2038220325092979f,0f,-0.9999999999999999f,-1.4742567988555726e-16f,0f,-1.2038220325092979f,-1.4089999999999998f,0f,0f,0f,1f],start_interpolation:0}
execute if entity @s[tag=aj.assembler.bone.bone6] run data modify entity @s {} merge value {transformation:[-0.929168989829384f,0.10044399272310199f,-0.3557470908739569f,0.26856527490537946f,0f,0.9623753783226376f,0.2717234461697409f,0.5105022812237745f,0.36965522901677167f,0.2524769999904972f,-0.8942093581127164f,-1.403325388672552f,0f,0f,0f,1f],start_interpolation:0}
execute if entity @s[tag=aj.assembler.bone.bone5] run data modify entity @s {} merge value {transformation:[-0.929168989829384f,-0.16376849971120777f,-0.33139835069260987f,0.22421099379154386f,0f,0.8965065950076794f,-0.4430303884698393f,0.45501650569190966f,0.36965522901677167f,-0.41165009851824014f,-0.8330061272586661f,-1.5148147423786273f,0f,0f,0f,1f],start_interpolation:0}
execute if entity @s[tag=aj.assembler.bone.bone4] run data modify entity @s {} merge value {transformation:[-0.929168989829384f,-0.16376849971120777f,-0.33139835069260987f,0.8032392938391525f,0f,0.8965065950076794f,-0.4430303884698393f,0.1846931879696449f,0.36965522901677167f,-0.41165009851824014f,-0.8330061272586661f,-0.5665929586095175f,0f,0f,0f,1f],start_interpolation:0}
execute if entity @s[tag=aj.assembler.bone.bone3] run data modify entity @s {} merge value {transformation:[-0.929168989829384f,-0.3667367921884889f,-0.04635853313834467f,0.8653080791186201f,0f,0.12541019171202183f,-0.9921049762070312f,-0.234375f,0.36965522901677167f,-0.9218331785469922f,-0.11652726114736871f,-0.2414997877711105f,0f,0f,0f,1f],start_interpolation:0}
execute if entity @s[tag=aj.assembler.bone.octagon] run data modify entity @s {} merge value {transformation:[-0.929168989829384f,0f,-0.36965522901677167f,0.859375f,0f,1f,0f,-0.40625f,0.36965522901677167f,0f,-0.929168989829384f,-0.1718749999999999f,0f,0f,0f,1f],start_interpolation:0}
execute if entity @s[tag=aj.assembler.bone.bone10] run data modify entity @s {} merge value {transformation:[0.8616531808802527f,-0.4825492801195597f,0.1571622987075397f,-0.7057763788634057f,0f,0.30968088171872343f,0.9508405499861237f,0.5819328765645557f,-0.5074975821409824f,-0.8192947844054722f,0.26683751679073936f,0.27364188212448903f,0f,0f,0f,1f],start_interpolation:0}
execute if entity @s[tag=aj.assembler.bone.bone9] run data modify entity @s {} merge value {transformation:[0.8616531808802527f,0.1359642110510852f,0.4889453233156026f,-0.6406968826438864f,0f,0.96344365081088f,-0.26791105186647857f,0.5498180902412608f,-0.5074975821409824f,0.23084641003372564f,0.8301542863200781f,0.38413690101909215f,0f,0f,0f,1f],start_interpolation:0}
execute if entity @s[tag=aj.assembler.bone.bone8] run data modify entity @s {} merge value {transformation:[0.8616531808802527f,0.1359642110510852f,0.4889453233156026f,-0.8269122566701741f,0f,0.96344365081088f,-0.26791105186647857f,0.27196337680463833f,-0.5074975821409824f,0.23084641003372564f,0.8301542863200781f,-0.301488177017035f,0f,0f,0f,1f],start_interpolation:0}
execute if entity @s[tag=aj.assembler.bone.bone7] run data modify entity @s {} merge value {transformation:[0.8616531808802527f,0.23590621428271255f,0.44933512431340383f,-0.8007297392136806f,0f,0.8853936257544157f,-0.46484204572461985f,-0.234375f,-0.5074975821409824f,0.40053262730550254f,0.7629022339623923f,-0.13388097563688992f,0f,0f,0f,1f],start_interpolation:0}
execute if entity @s[tag=aj.assembler.bone.octagon2] run data modify entity @s {} merge value {transformation:[0.8616531808802527f,0f,0.5074975821409824f,-0.8593749999999999f,0f,1f,0f,-0.40625f,-0.5074975821409824f,0f,0.8616531808802527f,-0.171875f,0f,0f,0f,1f],start_interpolation:0}