execute if entity @s[tag=aj.assembler.bone.bone21] run data modify entity @s {} merge value {transformation:[0.07114926746876704f,0.9974656794790777f,1.2246467991473532e-16f,0.7811409587773409f,0.9974656794790777f,-0.07114926746876704f,0f,0.8300562259630544f,8.71327226673044e-18f,1.221543151633392e-16f,-1f,-1.4335f,0f,0f,0f,1f],start_interpolation:0}
execute if entity @s[tag=aj.assembler.bone.arm4] run data modify entity @s {} merge value {transformation:[-0.2779853360529782f,0.9605853178867108f,1.2246467991473532e-16f,0.6342963682537838f,0.9605853178867108f,0.2779853360529782f,0f,1.3374814005094289f,-3.404338520071811e-17f,1.176377734857903e-16f,-1f,-1.4335f,0f,0f,0f,1f],start_interpolation:0}
execute if entity @s[tag=aj.assembler.bone.small_arm_base4] run data modify entity @s {} merge value {transformation:[0.6004202253258841f,0.7996846584870906f,1.2246467991473532e-16f,0.6443446616434646f,0.7996846584870906f,-0.6004202253258841f,0f,1.3508644707804938f,7.353027070886766e-17f,9.793312573434597e-17f,-1f,-1.33975f,0f,0f,0f,1f],start_interpolation:0}
execute if entity @s[tag=aj.assembler.bone.bone25] run data modify entity @s {} merge value {transformation:[-0.9685831611286311f,0.24868988716485482f,1.2246467991473532e-16f,2.6414183864572156e-16f,0.24868988716485482f,0.9685831611286311f,0f,0.5000000000000001f,-1.1861722679842032e-16f,3.045572742967559e-17f,-1f,-1.77725f,0f,0f,0f,1f],start_interpolation:0}
execute if entity @s[tag=aj.assembler.bone.bone16] run data modify entity @s {} merge value {transformation:[-0.18732772759612595f,-0.9822974714788143f,1.2246467991473532e-16f,-0.3603603096021245f,-0.9822974714788143f,0.18732772759612595f,0f,0.9075826586090553f,-2.2941030199214294e-17f,-1.2029674542570684e-16f,-1f,-1.4335f,0f,0f,0f,1f],start_interpolation:0}
execute if entity @s[tag=aj.assembler.bone.arm3] run data modify entity @s {} merge value {transformation:[-0.9032179280213466f,0.4291822159652308f,1.2246467991473532e-16f,-0.8374814005094282f,0.4291822159652308f,0.9032179280213466f,0f,1.1342963682537839f,-1.1061229444838465e-16f,5.2559662703278796e-17f,-1f,-1.4335f,0f,0f,0f,1f],start_interpolation:0}
execute if entity @s[tag=aj.assembler.bone.small_arm_base3] run data modify entity @s {} merge value {transformation:[-0.7996846584870905f,0.6004202253258843f,1.2246467991473532e-16f,-0.8508644707804932f,0.6004202253258843f,0.7996846584870905f,0f,1.1443446616434647f,-9.793312573434597e-17f,7.353027070886768e-17f,-1f,-1.33975f,0f,0f,0f,1f],start_interpolation:0}
execute if entity @s[tag=aj.assembler.bone.bone15] run data modify entity @s {} merge value {transformation:[-0.24868988716485504f,-0.9685831611286311f,1.2246467991473532e-16f,2.6414183864572156e-16f,-0.9685831611286311f,0.24868988716485504f,0f,0.5000000000000001f,-3.045572742967561e-17f,-1.1861722679842032e-16f,-1f,-1.77725f,0f,0f,0f,1f],start_interpolation:0}
execute if entity @s[tag=aj.assembler.bone.bone26] run data modify entity @s {} merge value {transformation:[0.600420225325884f,0.7996846584870906f,1.2246467991473532e-16f,0.36849663842822644f,0.7996846584870906f,-0.600420225325884f,0f,0.10880224232449162f,7.353027070886763e-17f,9.793312573434596e-17f,-1f,-1.4335f,0f,0f,0f,1f],start_interpolation:0}
execute if entity @s[tag=aj.assembler.bone.arm5] run data modify entity @s {} merge value {transformation:[0.8878153851364015f,-0.4601997847838516f,1.2246467991473532e-16f,0.8374814005094289f,-0.4601997847838516f,-0.8878153851364015f,0f,-0.13429636825378327f,1.0872602696410685e-16f,-5.635821934038447e-17f,-1f,-1.4335f,0f,0f,0f,1f],start_interpolation:0}
execute if entity @s[tag=aj.assembler.bone.small_arm_base5] run data modify entity @s {} merge value {transformation:[0.7996846584870907f,-0.6004202253258839f,1.2246467991473532e-16f,0.8508644707804939f,-0.6004202253258839f,-0.7996846584870907f,0f,-0.14434466164346405f,9.793312573434598e-17f,-7.353027070886763e-17f,-1f,-1.33975f,0f,0f,0f,1f],start_interpolation:0}
execute if entity @s[tag=aj.assembler.bone.bone20] run data modify entity @s {} merge value {transformation:[0.2486898871648546f,0.9685831611286311f,1.2246467991473532e-16f,2.6414183864572156e-16f,0.9685831611286311f,-0.2486898871648546f,0f,0.5000000000000001f,3.0455727429675563e-17f,1.1861722679842032e-16f,-1f,-1.77725f,0f,0f,0f,1f],start_interpolation:0}
execute if entity @s[tag=aj.assembler.bone.bone11] run data modify entity @s {} merge value {transformation:[-0.8944205855563316f,0.44722680614322396f,1.2246467991473532e-16f,-0.3712182656760753f,0.44722680614322396f,0.8944205855563316f,0f,0.12059452493695721f,-1.0953493071930629e-16f,5.476948766361929e-17f,-1f,-1.4335f,0f,0f,0f,1f],start_interpolation:0}
execute if entity @s[tag=aj.assembler.bone.arm2] run data modify entity @s {} merge value {transformation:[0.4980221232018216f,0.8671643239902975f,1.2246467991473532e-16f,-0.6342963682537833f,0.8671643239902975f,-0.4980221232018216f,0f,-0.3374814005094285f,6.099011990836795e-17f,1.0619700137094962e-16f,-1f,-1.4335f,0f,0f,0f,1f],start_interpolation:0}
execute if entity @s[tag=aj.assembler.bone.small_arm_base2] run data modify entity @s {} merge value {transformation:[0.6004202253258841f,0.7996846584870906f,1.2246467991473532e-16f,-0.6443446616434642f,0.7996846584870906f,-0.6004202253258841f,0f,-0.35086447078049343f,7.353027070886766e-17f,9.793312573434597e-17f,-1f,-1.33975f,0f,0f,0f,1f],start_interpolation:0}
execute if entity @s[tag=aj.assembler.bone.bone2] run data modify entity @s {} merge value {transformation:[-0.9685831611286311f,0.24868988716485482f,1.2246467991473532e-16f,2.6414183864572156e-16f,0.24868988716485482f,0.9685831611286311f,0f,0.5000000000000001f,-1.1861722679842032e-16f,3.045572742967559e-17f,-1f,-1.77725f,0f,0f,0f,1f],start_interpolation:0}
execute if entity @s[tag=aj.assembler.bone.ring] run data modify entity @s {} merge value {transformation:[-1.7427224663059353f,0.4474550775797804f,2.2034447591230768e-16f,2.220446049250313e-16f,0.4474550775797804f,1.7427224663059353f,0f,0.5000000000000001f,-2.1342194901637448e-16f,5.4797442852030864e-17f,-1.7992491881391441f,-1.4335f,0f,0f,0f,1f],start_interpolation:0}
execute if entity @s[tag=aj.assembler.bone.wheel] run data modify entity @s {} merge value {transformation:[-1f,7.198293278059966e-17f,-9.907600726170914e-17f,1.0625000000000002f,0f,-0.8090169943749472f,-0.5877852522924731f,-0.6249999999999999f,-1.2246467991473532e-16f,-0.5877852522924731f,0.8090169943749472f,-1.5584999999999998f,0f,0f,0f,1f],start_interpolation:0}
execute if entity @s[tag=aj.assembler.bone.wheel2] run data modify entity @s {} merge value {transformation:[-1f,7.198293278059966e-17f,-9.907600726170914e-17f,1.0625000000000002f,0f,-0.8090169943749472f,-0.5877852522924731f,-0.6249999999999999f,-1.2246467991473532e-16f,-0.5877852522924731f,0.8090169943749472f,-1.3084999999999998f,0f,0f,0f,1f],start_interpolation:0}
execute if entity @s[tag=aj.assembler.bone.rails] run data modify entity @s {} merge value {transformation:[-1.137300743709099f,0f,1.3927917154512523e-16f,-0.43749999999999983f,0f,1.137300743709099f,0f,-0.9999999999999999f,-1.3927917154512523e-16f,0f,-1.137300743709099f,-0.996f,0f,0f,0f,1f],start_interpolation:0}
execute if entity @s[tag=aj.assembler.bone.wheel3] run data modify entity @s {} merge value {transformation:[-1f,7.198293278059966e-17f,-9.907600726170914e-17f,-1.0625f,0f,-0.8090169943749472f,-0.5877852522924731f,-0.6249999999999999f,-1.2246467991473532e-16f,-0.5877852522924731f,0.8090169943749472f,-1.3085f,0f,0f,0f,1f],start_interpolation:0}
execute if entity @s[tag=aj.assembler.bone.wheel4] run data modify entity @s {} merge value {transformation:[-1f,7.198293278059966e-17f,-9.907600726170914e-17f,-1.0625f,0f,-0.8090169943749472f,-0.5877852522924731f,-0.6249999999999999f,-1.2246467991473532e-16f,-0.5877852522924731f,0.8090169943749472f,-1.5585f,0f,0f,0f,1f],start_interpolation:0}
execute if entity @s[tag=aj.assembler.bone.rails2] run data modify entity @s {} merge value {transformation:[-1.2038220325092979f,0f,1.4742567988555726e-16f,0.4375000000000001f,0f,1.2038220325092979f,0f,-0.9999999999999999f,-1.4742567988555726e-16f,0f,-1.2038220325092979f,-0.9959999999999999f,0f,0f,0f,1f],start_interpolation:0}
execute if entity @s[tag=aj.assembler.bone.bone6] run data modify entity @s {} merge value {transformation:[0.8159812277664408f,0.046728214967313914f,-0.5761866970511736f,0.7989697272898941f,0f,0.9967276023119399f,0.08083369835341953f,0.22741707792008362f,0.5780783994691139f,-0.06595878042732545f,0.8133110126831975f,0.07556473952481427f,0f,0f,0f,1f],start_interpolation:0}
execute if entity @s[tag=aj.assembler.bone.bone5] run data modify entity @s {} merge value {transformation:[0.8159812277664408f,-0.248875411676029f,-0.521762077383801f,0.7291678268697006f,0f,0.9025801307624852f,-0.4305219013624918f,0.17360506723872152f,0.5780783994691139f,0.3512977896541085f,0.7364884432571674f,0.17409296762952742f,0f,0f,0f,1f],start_interpolation:0}
execute if entity @s[tag=aj.assembler.bone.bone4] run data modify entity @s {} merge value {transformation:[0.8159812277664408f,-0.248875411676029f,-0.521762077383801f,1.021218629679058f,0f,0.9025801307624852f,-0.4305219013624918f,0.0018763929949358882f,0.5780783994691139f,0.3512977896541085f,0.7364884432571674f,-0.5624991157930684f,0f,0f,0f,1f],start_interpolation:0}
execute if entity @s[tag=aj.assembler.bone.bone3] run data modify entity @s {} merge value {transformation:[0.8159812277664408f,0.18386659015216028f,-0.5480581291784568f,0.7977456866654791f,0f,0.9480688600054479f,0.3180651453522855f,-0.234375f,0.5780783994691139f,-0.2595351878142694f,0.7736063923943752f,-0.13894112324800714f,0f,0f,0f,1f],start_interpolation:0}
execute if entity @s[tag=aj.assembler.bone.octagon] run data modify entity @s {} merge value {transformation:[0.8159812277664408f,0f,-0.5780783994691139f,0.859375f,0f,1f,0f,-0.40625f,0.5780783994691139f,0f,0.8159812277664408f,-0.1718749999999999f,0f,0f,0f,1f],start_interpolation:0}
execute if entity @s[tag=aj.assembler.bone.bone10] run data modify entity @s {} merge value {transformation:[0.18806703473535402f,0.9803706928108056f,-0.059195397823751605f,-0.13986606217416184f,0f,-0.060270859313083236f,-0.9981820593046453f,0.16384860427792824f,-0.9821561945260293f,0.18772514001945395f,-0.011334961791963291f,0.061352579970650786f,0f,0f,0f,1f],start_interpolation:0}
execute if entity @s[tag=aj.assembler.bone.bone9] run data modify entity @s {} merge value {transformation:[0.18806703473535402f,0.8138162388350118f,0.5498489973204337f,-0.06442310069007529f,0f,0.5598386492749057f,-0.8286016454111402f,0.05625901803810657f,-0.9821561945260293f,0.15583265442930844f,0.10528719469937736f,0.0757986875623386f,0f,0f,0f,1f],start_interpolation:0}
execute if entity @s[tag=aj.assembler.bone.bone8] run data modify entity @s {} merge value {transformation:[0.18806703473535402f,0.8138162388350118f,0.5498489973204337f,-0.7489658529235259f,0f,0.5598386492749057f,-0.8286016454111402f,0.2949909772448004f,-0.9821561945260293f,0.15583265442930844f,0.10528719469937736f,-0.24618668230516488f,0f,0f,0f,1f],start_interpolation:0}
execute if entity @s[tag=aj.assembler.bone.bone7] run data modify entity @s {} merge value {transformation:[0.18806703473535402f,0.7350842321792845f,0.6513692977468643f,-0.7921131430066433f,0f,0.6632033696648456f,-0.7484392363212888f,-0.234375f,-0.9821561945260293f,0.14075674785453768f,0.12472669115936236f,-0.19081319140797878f,0f,0f,0f,1f],start_interpolation:0}
execute if entity @s[tag=aj.assembler.bone.octagon2] run data modify entity @s {} merge value {transformation:[0.18806703473535402f,0f,0.9821561945260293f,-0.8593749999999999f,0f,1f,0f,-0.40625f,-0.9821561945260293f,0f,0.18806703473535402f,-0.171875f,0f,0f,0f,1f],start_interpolation:0}