execute if entity @s[tag=aj.assembler.bone.bone21] run data modify entity @s {} merge value {transformation:[0.7823198318896485f,0.6228769385939343f,1.2246467991473532e-16f,-0.11069154258360969f,0.6228769385939343f,-0.7823198318896485f,0f,-0.08182396691968752f,9.580654780331534e-17f,7.628042491117641e-17f,-1f,-1.8464999999999998f,0f,0f,0f,1f],start_interpolation:0}
execute if entity @s[tag=aj.assembler.bone.arm4] run data modify entity @s {} merge value {transformation:[-0.7830425633023044f,-0.6219681214153638f,1.2246467991473532e-16f,-0.5243304999591514f,-0.6219681214153638f,0.7830425633023044f,0f,-0.4103760243941836f,-9.589505687443057e-17f,-7.616912690630176e-17f,-1f,-1.8464999999999998f,0f,0f,0f,1f],start_interpolation:0}
execute if entity @s[tag=aj.assembler.bone.small_arm_base4] run data modify entity @s {} merge value {transformation:[-0.4954586684324076f,-0.8686315144381912f,1.2246467991473532e-16f,-0.5326222160820839f,-0.8686315144381912f,0.4954586684324076f,0f,-0.4249129502611634f,-6.067618724055577e-17f,-1.0637668037952487e-16f,-1f,-1.7527499999999998f,0f,0f,0f,1f],start_interpolation:0}
execute if entity @s[tag=aj.assembler.bone.bone25] run data modify entity @s {} merge value {transformation:[0.9921147013144778f,-0.12533323356430429f,1.2246467991473532e-16f,2.6414183864572156e-16f,-0.12533323356430429f,-0.9921147013144778f,0f,0.5000000000000001f,1.2149900933518075e-16f,-1.5348894331131286e-17f,-1f,-2.19025f,0f,0f,0f,1f],start_interpolation:0}
execute if entity @s[tag=aj.assembler.bone.bone16] run data modify entity @s {} merge value {transformation:[-0.5654259461672472f,0.8247990660766258f,1.2246467991473532e-16f,0.4562362240432739f,0.8247990660766258f,0.5654259461672472f,0f,0.24548551747992722f,-6.924470751285827e-17f,1.010087536210466e-16f,-1f,-1.8464999999999998f,0f,0f,0f,1f],start_interpolation:0}
execute if entity @s[tag=aj.assembler.bone.arm3] run data modify entity @s {} merge value {transformation:[0.8597130106425523f,-0.5107773872558562f,1.2246467991473532e-16f,0.910376024394184f,-0.5107773872558562f,-0.8597130106425523f,0f,-0.024330499959151746f,1.0528447866687359e-16f,-6.255218923797325e-17f,-1f,-1.8464999999999998f,0f,0f,0f,1f],start_interpolation:0}
execute if entity @s[tag=aj.assembler.bone.small_arm_base3] run data modify entity @s {} merge value {transformation:[0.8686315144381912f,-0.4954586684324078f,1.2246467991473532e-16f,0.9249129502611637f,-0.4954586684324078f,-0.8686315144381912f,0f,-0.032622216082084265f,1.0637668037952486e-16f,-6.06761872405558e-17f,-1f,-1.7527499999999998f,0f,0f,0f,1f],start_interpolation:0}
execute if entity @s[tag=aj.assembler.bone.bone15] run data modify entity @s {} merge value {transformation:[0.1253332335643045f,0.9921147013144778f,1.2246467991473532e-16f,2.6414183864572156e-16f,0.9921147013144778f,-0.1253332335643045f,0f,0.5000000000000001f,1.5348894331131314e-17f,1.2149900933518075e-16f,-1f,-2.19025f,0f,0f,0f,1f],start_interpolation:0}
execute if entity @s[tag=aj.assembler.bone.bone26] run data modify entity @s {} merge value {transformation:[-0.7210752713992657f,0.6928567333702365f,1.2246467991473532e-16f,-0.40436464389279225f,0.6928567333702365f,0.7210752713992657f,0f,0.8726857693137188f,-8.830625230634198e-17f,8.485047807895513e-17f,-1f,-1.8464999999999998f,0f,0f,0f,1f],start_interpolation:0}
execute if entity @s[tag=aj.assembler.bone.arm5] run data modify entity @s {} merge value {transformation:[-0.9579089236708727f,0.2870722800127349f,1.2246467991473532e-16f,-0.9103760243941835f,0.2870722800127349f,0.9579089236708727f,0f,1.0243304999591516f,-1.1731000972482205e-16f,3.5156214884152847e-17f,-1f,-1.8464999999999998f,0f,0f,0f,1f],start_interpolation:0}
execute if entity @s[tag=aj.assembler.bone.small_arm_base5] run data modify entity @s {} merge value {transformation:[-0.8686315144381913f,0.4954586684324074f,1.2246467991473532e-16f,-0.9249129502611634f,0.4954586684324074f,0.8686315144381913f,0f,1.0326222160820842f,-1.0637668037952489e-16f,6.067618724055574e-17f,-1f,-1.7527499999999998f,0f,0f,0f,1f],start_interpolation:0}
execute if entity @s[tag=aj.assembler.bone.bone20] run data modify entity @s {} merge value {transformation:[-0.12533323356430406f,-0.9921147013144778f,1.2246467991473532e-16f,2.6414183864572156e-16f,-0.9921147013144778f,0.12533323356430406f,0f,0.5000000000000001f,-1.5348894331131258e-17f,-1.2149900933518075e-16f,-1f,-2.19025f,0f,0f,0f,1f],start_interpolation:0}
execute if entity @s[tag=aj.assembler.bone.bone11] run data modify entity @s {} merge value {transformation:[0.8246589426737564f,-0.5656302929195023f,1.2246467991473532e-16f,0.09450504168352392f,-0.5656302929195023f,-0.8246589426737564f,0f,1.1033032041257722f,1.0099159345336564e-16f,-6.926973277246483e-17f,-1f,-1.8464999999999998f,0f,0f,0f,1f],start_interpolation:0}
execute if entity @s[tag=aj.assembler.bone.arm2] run data modify entity @s {} merge value {transformation:[-0.8136845493379457f,-0.5813066782419622f,1.2246467991473532e-16f,0.5243304999591518f,-0.5813066782419622f,0.8136845493379457f,0f,1.4103760243941836f,-9.964761788623718e-17f,-7.118953628319994e-17f,-1f,-1.8464999999999998f,0f,0f,0f,1f],start_interpolation:0}
execute if entity @s[tag=aj.assembler.bone.small_arm_base2] run data modify entity @s {} merge value {transformation:[-0.4954586684324076f,-0.8686315144381912f,1.2246467991473532e-16f,0.5326222160820844f,-0.8686315144381912f,0.4954586684324076f,0f,1.4249129502611635f,-6.067618724055577e-17f,-1.0637668037952487e-16f,-1f,-1.7527499999999998f,0f,0f,0f,1f],start_interpolation:0}
execute if entity @s[tag=aj.assembler.bone.bone2] run data modify entity @s {} merge value {transformation:[0.9921147013144778f,-0.12533323356430429f,1.2246467991473532e-16f,2.6414183864572156e-16f,-0.12533323356430429f,-0.9921147013144778f,0f,0.5000000000000001f,1.2149900933518075e-16f,-1.5348894331131286e-17f,-1f,-2.19025f,0f,0f,0f,1f],start_interpolation:0}
execute if entity @s[tag=aj.assembler.bone.ring] run data modify entity @s {} merge value {transformation:[1.7850615708809836f,-0.22550571873742822f,2.2034447591230768e-16f,2.220446049250313e-16f,-0.22550571873742822f,-1.7850615708809836f,0f,0.5000000000000001f,2.1860699390603426e-16f,-2.7616485664121477e-17f,-1.7992491881391441f,-1.8464999999999998f,0f,0f,0f,1f],start_interpolation:0}
execute if entity @s[tag=aj.assembler.bone.wheel] run data modify entity @s {} merge value {transformation:[-1f,-1.1647083184890928e-16f,3.784366730434137e-17f,1.0625000000000002f,0f,0.30901699437494634f,0.951056516295154f,-0.6249999999999999f,-1.2246467991473532e-16f,0.951056516295154f,-0.30901699437494634f,-1.9714999999999996f,0f,0f,0f,1f],start_interpolation:0}
execute if entity @s[tag=aj.assembler.bone.wheel2] run data modify entity @s {} merge value {transformation:[-1f,-1.1647083184890928e-16f,3.784366730434137e-17f,1.0625000000000002f,0f,0.30901699437494634f,0.951056516295154f,-0.6249999999999999f,-1.2246467991473532e-16f,0.951056516295154f,-0.30901699437494634f,-1.7214999999999996f,0f,0f,0f,1f],start_interpolation:0}
execute if entity @s[tag=aj.assembler.bone.rails] run data modify entity @s {} merge value {transformation:[-1.137300743709099f,0f,1.3927917154512523e-16f,-0.43749999999999983f,0f,1.137300743709099f,0f,-0.9999999999999999f,-1.3927917154512523e-16f,0f,-1.137300743709099f,-1.4089999999999998f,0f,0f,0f,1f],start_interpolation:0}
execute if entity @s[tag=aj.assembler.bone.wheel3] run data modify entity @s {} merge value {transformation:[-1f,-1.1647083184890928e-16f,3.784366730434137e-17f,-1.0625f,0f,0.30901699437494634f,0.951056516295154f,-0.6249999999999999f,-1.2246467991473532e-16f,0.951056516295154f,-0.30901699437494634f,-1.7215f,0f,0f,0f,1f],start_interpolation:0}
execute if entity @s[tag=aj.assembler.bone.wheel4] run data modify entity @s {} merge value {transformation:[-1f,-1.1647083184890928e-16f,3.784366730434137e-17f,-1.0625f,0f,0.30901699437494634f,0.951056516295154f,-0.6249999999999999f,-1.2246467991473532e-16f,0.951056516295154f,-0.30901699437494634f,-1.9715f,0f,0f,0f,1f],start_interpolation:0}
execute if entity @s[tag=aj.assembler.bone.rails2] run data modify entity @s {} merge value {transformation:[-1.2038220325092979f,0f,1.4742567988555726e-16f,0.4375000000000001f,0f,1.2038220325092979f,0f,-0.9999999999999999f,-1.4742567988555726e-16f,0f,-1.2038220325092979f,-1.4089999999999998f,0f,0f,0f,1f],start_interpolation:0}
execute if entity @s[tag=aj.assembler.bone.bone6] run data modify entity @s {} merge value {transformation:[-0.23881808017518813f,-0.9663789610015916f,-0.09527658849330273f,-0.24606006703129285f,0f,0.09811563042226257f,-0.9951750213238082f,0.3006052524552607f,0.9710643256661412f,-0.2376657880308538f,-0.02343178649262305f,-0.34719590919924914f,0f,0f,0f,1f],start_interpolation:0}
execute if entity @s[tag=aj.assembler.bone.bone5] run data modify entity @s {} merge value {transformation:[-0.23881808017518813f,-0.6749413139093856f,-0.698154816183137f,-0.3406276909994821f,0f,0.7189583611819013f,-0.6950531453684926f,0.211207791191665f,0.9710643256661412f,-0.16599125779662935f,-0.17170025554336119f,-0.3704533369575177f,0f,0f,0f,1f],start_interpolation:0}
execute if entity @s[tag=aj.assembler.bone.bone4] run data modify entity @s {} merge value {transformation:[-0.23881808017518813f,-0.6749413139093856f,-0.698154816183137f,0.9248760505058424f,0f,0.7189583611819013f,-0.6950531453684926f,0.28507002952088767f,0.9710643256661412f,-0.16599125779662935f,-0.17170025554336119f,-0.25230959408845627f,0f,0f,0f,1f],start_interpolation:0}
execute if entity @s[tag=aj.assembler.bone.bone3] run data modify entity @s {} merge value {transformation:[-0.23881808017518813f,-0.534148215291703f,-0.8109572175411759f,0.8061465446513408f,0f,0.8351220368278556f,-0.5500647085611782f,-0.234375f,0.9710643256661412f,-0.13136539767070493f,-0.19944224154722123f,-0.21714689018801606f,0f,0f,0f,1f],start_interpolation:0}
execute if entity @s[tag=aj.assembler.bone.octagon] run data modify entity @s {} merge value {transformation:[-0.23881808017518813f,0f,-0.9710643256661412f,0.859375f,0f,1f,0f,-0.40625f,0.9710643256661412f,0f,-0.23881808017518813f,-0.1718749999999999f,0f,0f,0f,1f],start_interpolation:0}
execute if entity @s[tag=aj.assembler.bone.bone10] run data modify entity @s {} merge value {transformation:[-0.9859692635828855f,0.008552525725741847f,0.16670772499657313f,-0.5554487371735971f,0f,0.998686617924287f,-0.05123513617576611f,0.83015725978445f,-0.16692696387888484f,-0.05051626948478896f,-0.9846743092248919f,-1.4054201910084931f,0f,0f,0f,1f],start_interpolation:0}
execute if entity @s[tag=aj.assembler.bone.bone9] run data modify entity @s {} merge value {transformation:[-0.9859692635828855f,0.0466251909634444f,0.16028319574255084f,-0.5341077421735819f,0f,0.9601995508577366f,-0.27931491641622186f,0.7965243495721955f,-0.16692696387888484f,-0.2753959224466174f,-0.94672724405182f,-1.5314727150306633f,0f,0f,0f,1f],start_interpolation:0}
execute if entity @s[tag=aj.assembler.bone.bone8] run data modify entity @s {} merge value {transformation:[-0.9859692635828855f,0.0466251909634444f,0.16028319574255084f,-0.9127327259491085f,0f,0.9601995508577366f,-0.27931491641622186f,0.26742665322927694f,-0.16692696387888484f,-0.2753959224466174f,-0.94672724405182f,-0.4183356153703852f,0f,0f,0f,1f],start_interpolation:0}
execute if entity @s[tag=aj.assembler.bone.bone7] run data modify entity @s {} merge value {transformation:[-0.9859692635828855f,0.14987757828309983f,0.07349369223148207f,-0.8797536042445347f,0f,0.44027453997669297f,-0.8978632019680456f,-0.234375f,-0.16692696387888484f,-0.8852655200426055f,-0.43409716395511366f,-0.2387145465951455f,0f,0f,0f,1f],start_interpolation:0}
execute if entity @s[tag=aj.assembler.bone.octagon2] run data modify entity @s {} merge value {transformation:[-0.9859692635828855f,0f,0.16692696387888484f,-0.8593749999999999f,0f,1f,0f,-0.40625f,-0.16692696387888484f,0f,-0.9859692635828855f,-0.171875f,0f,0f,0f,1f],start_interpolation:0}