execute if entity @s[tag=aj.assembler.bone.bone21] run data modify entity @s {} merge value {transformation:[0.4269526982838204f,0.9042739592779202f,1.2246467991473532e-16f,0.5210884422659177f,0.9042739592779202f,-0.4269526982838204f,0f,0.43386339545830727f,5.2286625534060625e-17f,1.1074162097820089e-16f,-1f,-1.0688437499999996f,0f,0f,0f,1f],start_interpolation:0}
execute if entity @s[tag=aj.assembler.bone.arm4] run data modify entity @s {} merge value {transformation:[0.9997307791252966f,0.02320278581394409f,1.2246467991473532e-16f,1.0491920429050283f,0.02320278581394409f,-0.9997307791252966f,0f,0.4461201699710646f,1.224317098664884e-16f,2.8415217378348246e-18f,-1f,-1.0688437499999996f,0f,0f,0f,1f],start_interpolation:0}
execute if entity @s[tag=aj.assembler.bone.small_arm_base4] run data modify entity @s {} merge value {transformation:[0.9988898749619701f,-0.0471064507096427f,1.2246467991473532e-16f,1.0659088990404986f,-0.0471064507096427f,-0.9988898749619701f,0f,0.44533182304784075f,1.2232872880728766e-16f,-5.7688764080756504e-18f,-1f,-0.9750937499999998f,0f,0f,0f,1f],start_interpolation:0}
execute if entity @s[tag=aj.assembler.bone.bone25] run data modify entity @s {} merge value {transformation:[-0.33873792024529137f,0.9408807689542255f,1.2246467991473532e-16f,1.531195361832059e-16f,0.9408807689542255f,0.33873792024529137f,0f,0.5000000000000001f,-4.148343097782275e-17f,1.1522466220790926e-16f,-1f,-1.4125937499999999f,0f,0f,0f,1f],start_interpolation:0}
execute if entity @s[tag=aj.assembler.bone.bone16] run data modify entity @s {} merge value {transformation:[-0.9871960597198444f,0.15951156595561888f,1.2246467991473532e-16f,0.44588725017520675f,0.15951156595561888f,0.9871960597198444f,0f,1.195110379895328f,-1.2089664946667867e-16f,1.9534532867453053e-17f,-1f,-1.0688437499999999f,0f,0f,0f,1f],start_interpolation:0}
execute if entity @s[tag=aj.assembler.bone.arm3] run data modify entity @s {} merge value {transformation:[-0.7420928073420621f,0.670297147011068f,1.2246467991473532e-16f,0.053879830028935906f,0.670297147011068f,0.7420928073420621f,0f,1.549192042905028f,-9.088015811817299e-17f,8.208772555647073e-17f,-1f,-1.0688437499999999f,0f,0f,0f,1f],start_interpolation:0}
execute if entity @s[tag=aj.assembler.bone.small_arm_base3] run data modify entity @s {} merge value {transformation:[0.04710645070964298f,0.99888987496197f,1.2246467991473532e-16f,0.05466817695215974f,0.99888987496197f,-0.04710645070964298f,0f,1.5659088990404983f,5.768876408075669e-18f,1.2232872880728766e-16f,-1f,-0.9750937499999999f,0f,0f,0f,1f],start_interpolation:0}
execute if entity @s[tag=aj.assembler.bone.bone15] run data modify entity @s {} merge value {transformation:[-0.9408807689542256f,-0.33873792024529115f,1.2246467991473532e-16f,1.531195361832059e-16f,-0.33873792024529115f,0.9408807689542256f,0f,0.5000000000000001f,-1.1522466220790926e-16f,-4.1483430977822727e-17f,-1f,-1.4125937499999999f,0f,0f,0f,1f],start_interpolation:0}
execute if entity @s[tag=aj.assembler.bone.bone26] run data modify entity @s {} merge value {transformation:[-0.23633267301818686f,0.9716722017553444f,1.2246467991473532e-16f,0.06398197820824433f,0.9716722017553444f,0.23633267301818686f,0f,-0.034262692713652565f,-2.894240515456605e-17f,1.189955251700144e-16f,-1f,-1.0688437499999999f,0f,0f,0f,1f],start_interpolation:0}
execute if entity @s[tag=aj.assembler.bone.arm5] run data modify entity @s {} merge value {transformation:[-0.2231192463665726f,-0.9747911580953189f,1.2246467991473532e-16f,-0.0538798300289352f,-0.9747911580953189f,0.2231192463665726f,0f,-0.549192042905028f,-2.73242270890993e-17f,-1.193774871598574e-16f,-1f,-1.0688437499999999f,0f,0f,0f,1f],start_interpolation:0}
execute if entity @s[tag=aj.assembler.bone.small_arm_base5] run data modify entity @s {} merge value {transformation:[-0.04710645070964242f,-0.9988898749619701f,1.2246467991473532e-16f,-0.054668176952159045f,-0.9988898749619701f,0.04710645070964242f,0f,-0.5659088990404982f,-5.768876408075626e-18f,-1.2232872880728766e-16f,-1f,-0.9750937499999999f,0f,0f,0f,1f],start_interpolation:0}
execute if entity @s[tag=aj.assembler.bone.bone20] run data modify entity @s {} merge value {transformation:[0.9408807689542253f,0.3387379202452916f,1.2246467991473532e-16f,1.531195361832059e-16f,0.3387379202452916f,-0.9408807689542253f,0f,0.5000000000000001f,1.1522466220790926e-16f,4.1483430977822776e-17f,-1f,-1.4125937499999999f,0f,0f,0f,1f],start_interpolation:0}
execute if entity @s[tag=aj.assembler.bone.bone11] run data modify entity @s {} merge value {transformation:[0.9819027074405666f,0.1893860425714773f,1.2246467991473532e-16f,-0.5217906019315499f,0.1893860425714773f,-0.9819027074405666f,0f,0.5240241506940275f,1.2024840077412101e-16f,2.3193101083834404e-17f,-1f,-1.06884375f,0f,0f,0f,1f],start_interpolation:0}
execute if entity @s[tag=aj.assembler.bone.arm2] run data modify entity @s {} merge value {transformation:[0.9984015501089752f,-0.05651853448202421f,1.2246467991473532e-16f,-1.0491920429050279f,-0.05651853448202421f,-0.9984015501089752f,0f,0.5538798300289357f,1.2226892626047125e-16f,-6.9215242345910265e-18f,-1f,-1.06884375f,0f,0f,0f,1f],start_interpolation:0}
execute if entity @s[tag=aj.assembler.bone.small_arm_base2] run data modify entity @s {} merge value {transformation:[0.9988898749619701f,-0.0471064507096427f,1.2246467991473532e-16f,-1.0659088990404981f,-0.0471064507096427f,-0.9988898749619701f,0f,0.5546681769521595f,1.2232872880728766e-16f,-5.7688764080756504e-18f,-1f,-0.97509375f,0f,0f,0f,1f],start_interpolation:0}
execute if entity @s[tag=aj.assembler.bone.bone2] run data modify entity @s {} merge value {transformation:[-0.33873792024529137f,0.9408807689542255f,1.2246467991473532e-16f,1.531195361832059e-16f,0.9408807689542255f,0.33873792024529137f,0f,0.5000000000000001f,-4.148343097782275e-17f,1.1522466220790926e-16f,-1f,-1.4125937499999999f,0f,0f,0f,1f],start_interpolation:0}
execute if entity @s[tag=aj.assembler.bone.ring] run data modify entity @s {} merge value {transformation:[-0.6094739279932827f,1.6928789596766238f,2.2034447591230768e-16f,1.1102230246251565e-16f,1.6928789596766238f,0.6094739279932827f,0f,0.5000000000000001f,-7.46390295080738e-17f,2.0731787993118786e-16f,-1.7992491881391441f,-1.0688437499999999f,0f,0f,0f,1f],start_interpolation:0}
execute if entity @s[tag=aj.assembler.bone.wheel] run data modify entity @s {} merge value {transformation:[-1f,3.7843667304341506e-17f,1.1647083184890923e-16f,1.0625f,0f,0.9510565162951535f,-0.30901699437494745f,-0.6249999999999999f,-1.2246467991473532e-16f,-0.30901699437494745f,-0.9510565162951535f,-1.1938437499999996f,0f,0f,0f,1f],start_interpolation:0}
execute if entity @s[tag=aj.assembler.bone.wheel2] run data modify entity @s {} merge value {transformation:[-1f,3.7843667304341506e-17f,1.1647083184890923e-16f,1.0625f,0f,0.9510565162951535f,-0.30901699437494745f,-0.6249999999999999f,-1.2246467991473532e-16f,-0.30901699437494745f,-0.9510565162951535f,-0.9438437499999996f,0f,0f,0f,1f],start_interpolation:0}
execute if entity @s[tag=aj.assembler.bone.rails] run data modify entity @s {} merge value {transformation:[-1.137300743709099f,0f,1.3927917154512523e-16f,-0.43749999999999994f,0f,1.137300743709099f,0f,-0.9999999999999999f,-1.3927917154512523e-16f,0f,-1.137300743709099f,-0.6313437499999999f,0f,0f,0f,1f],start_interpolation:0}
execute if entity @s[tag=aj.assembler.bone.wheel3] run data modify entity @s {} merge value {transformation:[-1f,3.7843667304341506e-17f,1.1647083184890923e-16f,-1.0625f,0f,0.9510565162951535f,-0.30901699437494745f,-0.6249999999999999f,-1.2246467991473532e-16f,-0.30901699437494745f,-0.9510565162951535f,-0.9438437499999999f,0f,0f,0f,1f],start_interpolation:0}
execute if entity @s[tag=aj.assembler.bone.wheel4] run data modify entity @s {} merge value {transformation:[-1f,3.7843667304341506e-17f,1.1647083184890923e-16f,-1.0625f,0f,0.9510565162951535f,-0.30901699437494745f,-0.6249999999999999f,-1.2246467991473532e-16f,-0.30901699437494745f,-0.9510565162951535f,-1.19384375f,0f,0f,0f,1f],start_interpolation:0}
execute if entity @s[tag=aj.assembler.bone.rails2] run data modify entity @s {} merge value {transformation:[-1.2038220325092979f,0f,1.4742567988555726e-16f,0.4375f,0f,1.2038220325092979f,0f,-0.9999999999999999f,-1.4742567988555726e-16f,0f,-1.2038220325092979f,-0.6313437499999998f,0f,0f,0f,1f],start_interpolation:0}
execute if entity @s[tag=aj.assembler.bone.bone6] run data modify entity @s {} merge value {transformation:[-0.6378126396587113f,0.3025261041049461f,-0.7082887779900726f,0.6137881660955702f,0f,0.9196267736627467f,0.39279332627050495f,0.6403871403881087f,0.7701915584395788f,0.25052854826891613f,-0.5865495800106607f,-0.25352791622440346f,0f,0f,0f,1f],start_interpolation:0}
execute if entity @s[tag=aj.assembler.bone.bone5] run data modify entity @s {} merge value {transformation:[-0.6378126396587113f,-0.02836963066469174f,-0.7696688903337175f,0.5119778945681439f,0f,0.9993213790775373f,-0.03683451260121451f,0.6389321371807211f,0.7701915584395788f,-0.023493517712722706f,-0.6373798066568277f,-0.3378392506135249f,0f,0f,0f,1f],start_interpolation:0}
execute if entity @s[tag=aj.assembler.bone.bone4] run data modify entity @s {} merge value {transformation:[-0.6378126396587113f,-0.02836963066469174f,-0.7696688903337175f,1.0969503493257564f,0f,0.9993213790775373f,-0.03683451260121451f,0.20745044333550872f,0.7701915584395788f,-0.023493517712722706f,-0.6373798066568277f,-0.0968565710933503f,0f,0f,0f,1f],start_interpolation:0}
execute if entity @s[tag=aj.assembler.bone.bone3] run data modify entity @s {} merge value {transformation:[-0.6378126396587113f,-0.15249712000080964f,-0.7549434846947457f,0.831169672586861f,0f,0.9802022320580533f,-0.19799895016996993f,-0.234375f,0.7701915584395788f,-0.12628623305756217f,-0.6251853730283077f,-0.2358067761799062f,0f,0f,0f,1f],start_interpolation:0}
execute if entity @s[tag=aj.assembler.bone.octagon] run data modify entity @s {} merge value {transformation:[-0.6378126396587113f,0f,-0.7701915584395788f,0.859375f,0f,1f,0f,-0.40625f,0.7701915584395788f,0f,-0.6378126396587113f,-0.1718749999999999f,0f,0f,0f,1f],start_interpolation:0}
execute if entity @s[tag=aj.assembler.bone.bone10] run data modify entity @s {} merge value {transformation:[-0.8877388776197043f,0.05293517630477998f,0.45729372647357575f,-0.45213828057294114f,0f,0.9933666909670138f,-0.11498963986918648f,0.1541333633473989f,-0.4603473527267292f,-0.10208077383536551f,-0.8818502313038565f,-0.7535441822895322f,0f,0f,0f,1f],start_interpolation:0}
execute if entity @s[tag=aj.assembler.bone.bone9] run data modify entity @s {} merge value {transformation:[-0.8877388776197043f,0.38160343308013533f,0.257484960772396f,-0.41680788936894353f,0f,0.5593275583040964f,-0.8289467308105978f,0.04649642792186931f,-0.4603473527267292f,-0.7358882404163232f,-0.49653681883064826f,-0.821675695694629f,0f,0f,0f,1f],start_interpolation:0}
execute if entity @s[tag=aj.assembler.bone.bone8] run data modify entity @s {} merge value {transformation:[-0.8877388776197043f,0.38160343308013533f,0.257484960772396f,-0.9384943042052254f,0f,0.5593275583040964f,-0.8289467308105978f,0.2932414936033556f,-0.4603473527267292f,-0.7358882404163232f,-0.49653681883064826f,-0.2229510354057227f,0f,0f,0f,1f],start_interpolation:0}
execute if entity @s[tag=aj.assembler.bone.bone7] run data modify entity @s {} merge value {transformation:[-0.8877388776197043f,0.2909618161486203f,0.35673646674541715f,-0.8583451303801951f,0f,0.7749288979992953f,-0.6320484182763199f,-0.234375f,-0.4603473527267292f,-0.5610939534419296f,-0.6879345101449688f,-0.2417445346239418f,0f,0f,0f,1f],start_interpolation:0}
execute if entity @s[tag=aj.assembler.bone.octagon2] run data modify entity @s {} merge value {transformation:[-0.8877388776197043f,0f,0.4603473527267292f,-0.8593749999999999f,0f,1f,0f,-0.40625f,-0.4603473527267292f,0f,-0.8877388776197043f,-0.171875f,0f,0f,0f,1f],start_interpolation:0}