execute if entity @s[tag=aj.assembler.bone.bone21] run data modify entity @s {} merge value {transformation:[0.5154905549541906f,0.8568952606666822f,1.2246467991473532e-16f,-0.13497628864736824f,0.8568952606666822f,-0.5154905549541906f,0f,-0.005525814500216331f,6.312938581153424e-17f,1.0493940381799893e-16f,-1f,-1.8843437499999998f,0f,0f,0f,1f],start_interpolation:0}
execute if entity @s[tag=aj.assembler.bone.arm4] run data modify entity @s {} merge value {transformation:[-0.33721849374084295f,-0.9414264110801001f,1.2246467991473532e-16f,-0.31311054685481404f,-0.9414264110801001f,0.33721849374084295f,0f,-0.5028303766976014f,-4.1297354897301504e-17f,-1.152914840962025e-16f,-1f,-1.8843437499999998f,0f,0f,0f,1f],start_interpolation:0}
execute if entity @s[tag=aj.assembler.bone.small_arm_base4] run data modify entity @s {} merge value {transformation:[-0.29404032523230367f,-0.9557930147983306f,1.2246467991473532e-16f,-0.31803143947585744f,-0.9557930147983306f,0.29404032523230367f,0f,-0.5188259881500444f,-3.6009554311598736e-17f,-1.1705088562201743e-16f,-1f,-1.7905937499999998f,0f,0f,0f,1f],start_interpolation:0}
execute if entity @s[tag=aj.assembler.bone.bone25] run data modify entity @s {} merge value {transformation:[0.9955619646030802f,0.0941083133185148f,1.2246467991473532e-16f,2.6414183864572156e-16f,0.0941083133185148f,-0.9955619646030802f,0f,0.5000000000000001f,1.2192117733040127e-16f,1.1524944467867537e-17f,-1f,-2.2280937499999998f,0f,0f,0f,1f],start_interpolation:0}
execute if entity @s[tag=aj.assembler.bone.bone16] run data modify entity @s {} merge value {transformation:[-0.4626088648924611f,0.8865624840488735f,1.2246467991473532e-16f,0.6105227756392198f,0.8865624840488735f,0.4626088648924611f,0f,0.5406384993365041f,-5.665324656477429e-17f,1.0857259083345793e-16f,-1f,-1.8843437499999998f,0f,0f,0f,1f],start_interpolation:0}
execute if entity @s[tag=aj.assembler.bone.arm3] run data modify entity @s {} merge value {transformation:[0.7426610672379991f,-0.6696674840612442f,1.2246467991473532e-16f,1.0028303766976014f,-0.6696674840612442f,-0.7426610672379991f,0f,0.18688945314518562f,9.094974988443729e-17f,-8.201061408486639e-17f,-1f,-1.8843437499999998f,0f,0f,0f,1f],start_interpolation:0}
execute if entity @s[tag=aj.assembler.bone.small_arm_base3] run data modify entity @s {} merge value {transformation:[0.9557930147983305f,-0.29404032523230383f,1.2246467991473532e-16f,1.0188259881500445f,-0.29404032523230383f,-0.9557930147983305f,0f,0.18196856052414223f,1.1705088562201743e-16f,-3.600955431159876e-17f,-1f,-1.7905937499999998f,0f,0f,0f,1f],start_interpolation:0}
execute if entity @s[tag=aj.assembler.bone.bone15] run data modify entity @s {} merge value {transformation:[-0.09410831331851457f,0.9955619646030802f,1.2246467991473532e-16f,2.6414183864572156e-16f,0.9955619646030802f,0.09410831331851457f,0f,0.5000000000000001f,-1.1524944467867509e-17f,1.2192117733040127e-16f,-1f,-2.2280937499999998f,0f,0f,0f,1f],start_interpolation:0}
execute if entity @s[tag=aj.assembler.bone.bone26] run data modify entity @s {} merge value {transformation:[-0.7060754267222246f,0.7081366335524728f,1.2246467991473532e-16f,-0.4779766036118499f,0.7081366335524728f,0.7060754267222246f,0f,0.7533430104566938f,-8.646930112919738e-17f,8.672172616390181e-17f,-1f,-1.8843437499999998f,0f,0f,0f,1f],start_interpolation:0}
execute if entity @s[tag=aj.assembler.bone.arm5] run data modify entity @s {} merge value {transformation:[-0.9935786668730587f,0.11314341666555841f,1.2246467991473532e-16f,-1.0028303766976012f,0.11314341666555841f,0.9935786668730587f,0f,0.8131105468548143f,-1.2167829340871858e-16f,1.3856072306407137e-17f,-1f,-1.8843437499999998f,0f,0f,0f,1f],start_interpolation:0}
execute if entity @s[tag=aj.assembler.bone.small_arm_base5] run data modify entity @s {} merge value {transformation:[-0.9557930147983307f,0.29404032523230345f,1.2246467991473532e-16f,-1.0188259881500443f,0.29404032523230345f,0.9557930147983307f,0f,0.8180314394758577f,-1.1705088562201745e-16f,3.600955431159871e-17f,-1f,-1.7905937499999998f,0f,0f,0f,1f],start_interpolation:0}
execute if entity @s[tag=aj.assembler.bone.bone20] run data modify entity @s {} merge value {transformation:[0.09410831331851502f,-0.9955619646030802f,1.2246467991473532e-16f,2.6414183864572156e-16f,-0.9955619646030802f,-0.09410831331851502f,0f,0.5000000000000001f,1.1524944467867565e-17f,-1.2192117733040127e-16f,-1f,-2.2280937499999998f,0f,0f,0f,1f],start_interpolation:0}
execute if entity @s[tag=aj.assembler.bone.bone11] run data modify entity @s {} merge value {transformation:[0.9990273081422031f,-0.04409577741852999f,1.2246467991473532e-16f,-0.08122894274239373f,-0.04409577741852999f,-0.9990273081422031f,0f,1.1513477903954303f,1.2234555951771454e-16f,-5.400175267151682e-18f,-1f,-1.8843437499999998f,0f,0f,0f,1f],start_interpolation:0}
execute if entity @s[tag=aj.assembler.bone.arm2] run data modify entity @s {} merge value {transformation:[-0.7465075502189114f,-0.6653769438943313f,1.2246467991473532e-16f,0.3131105468548145f,-0.6653769438943313f,0.7465075502189114f,0f,1.5028303766976014f,-9.142080819149217e-17f,-8.148517445666409e-17f,-1f,-1.8843437499999998f,0f,0f,0f,1f],start_interpolation:0}
execute if entity @s[tag=aj.assembler.bone.small_arm_base2] run data modify entity @s {} merge value {transformation:[-0.29404032523230367f,-0.9557930147983306f,1.2246467991473532e-16f,0.3180314394758579f,-0.9557930147983306f,0.29404032523230367f,0f,1.5188259881500445f,-3.6009554311598736e-17f,-1.1705088562201743e-16f,-1f,-1.7905937499999998f,0f,0f,0f,1f],start_interpolation:0}
execute if entity @s[tag=aj.assembler.bone.bone2] run data modify entity @s {} merge value {transformation:[0.9955619646030802f,0.0941083133185148f,1.2246467991473532e-16f,2.6414183864572156e-16f,0.0941083133185148f,-0.9955619646030802f,0f,0.5000000000000001f,1.2192117733040127e-16f,1.1524944467867537e-17f,-1f,-2.2280937499999998f,0f,0f,0f,1f],start_interpolation:0}
execute if entity @s[tag=aj.assembler.bone.ring] run data modify entity @s {} merge value {transformation:[1.7912640565543034f,0.16932430633548196f,2.2034447591230768e-16f,2.220446049250313e-16f,0.16932430633548196f,-1.7912640565543034f,0f,0.5000000000000001f,2.193665793286931e-16f,2.0736246977159385e-17f,-1.7992491881391441f,-1.8843437499999998f,0f,0f,0f,1f],start_interpolation:0}
execute if entity @s[tag=aj.assembler.bone.wheel] run data modify entity @s {} merge value {transformation:[-1f,-9.907600726170932e-17f,7.198293278059947e-17f,1.0625000000000002f,0f,0.5877852522924715f,0.8090169943749487f,-0.6249999999999999f,-1.2246467991473532e-16f,0.8090169943749487f,-0.5877852522924715f,-2.0093437499999993f,0f,0f,0f,1f],start_interpolation:0}
execute if entity @s[tag=aj.assembler.bone.wheel2] run data modify entity @s {} merge value {transformation:[-1f,-9.907600726170932e-17f,7.198293278059947e-17f,1.0625000000000002f,0f,0.5877852522924715f,0.8090169943749487f,-0.6249999999999999f,-1.2246467991473532e-16f,0.8090169943749487f,-0.5877852522924715f,-1.7593437499999995f,0f,0f,0f,1f],start_interpolation:0}
execute if entity @s[tag=aj.assembler.bone.rails] run data modify entity @s {} merge value {transformation:[-1.137300743709099f,0f,1.3927917154512523e-16f,-0.43749999999999983f,0f,1.137300743709099f,0f,-0.9999999999999999f,-1.3927917154512523e-16f,0f,-1.137300743709099f,-1.4468437499999998f,0f,0f,0f,1f],start_interpolation:0}
execute if entity @s[tag=aj.assembler.bone.wheel3] run data modify entity @s {} merge value {transformation:[-1f,-9.907600726170932e-17f,7.198293278059947e-17f,-1.0625f,0f,0.5877852522924715f,0.8090169943749487f,-0.6249999999999999f,-1.2246467991473532e-16f,0.8090169943749487f,-0.5877852522924715f,-1.75934375f,0f,0f,0f,1f],start_interpolation:0}
execute if entity @s[tag=aj.assembler.bone.wheel4] run data modify entity @s {} merge value {transformation:[-1f,-9.907600726170932e-17f,7.198293278059947e-17f,-1.0625f,0f,0.5877852522924715f,0.8090169943749487f,-0.6249999999999999f,-1.2246467991473532e-16f,0.8090169943749487f,-0.5877852522924715f,-2.00934375f,0f,0f,0f,1f],start_interpolation:0}
execute if entity @s[tag=aj.assembler.bone.rails2] run data modify entity @s {} merge value {transformation:[-1.2038220325092979f,0f,1.4742567988555726e-16f,0.4375000000000001f,0f,1.2038220325092979f,0f,-0.9999999999999999f,-1.4742567988555726e-16f,0f,-1.2038220325092979f,-1.4468437499999998f,0f,0f,0f,1f],start_interpolation:0}
execute if entity @s[tag=aj.assembler.bone.bone6] run data modify entity @s {} merge value {transformation:[-0.09140654923797899f,-0.96281825834479f,-0.2542161366914188f,-0.22738621476389456f,0f,0.255284846198768f,-0.9668658889945758f,0.6024367119828158f,0.9958136586512583f,-0.08837787448890502f,-0.023334706863777588f,-0.17748558029150643f,0f,0f,0f,1f],start_interpolation:0}
execute if entity @s[tag=aj.assembler.bone.bone5] run data modify entity @s {} merge value {transformation:[-0.09140654923797899f,-0.48389873805449424f,-0.870337207101749f,-0.3440556848124239f,0f,0.8739960529167113f,-0.48593301954694246f,0.5412043869916441f,0.9958136586512583f,-0.0444174604775774f,-0.07988896324473067f,-0.1881947662580895f,0f,0f,0f,1f],start_interpolation:0}
execute if entity @s[tag=aj.assembler.bone.bone4] run data modify entity @s {} merge value {transformation:[-0.09140654923797899f,-0.48389873805449424f,-0.870337207101749f,0.911774287217433f,0f,0.8739960529167113f,-0.48593301954694246f,0.285148559730384f,0.9958136586512583f,-0.0444174604775774f,-0.07988896324473067f,-0.261209346039613f,0f,0f,0f,1f],start_interpolation:0}
execute if entity @s[tag=aj.assembler.bone.bone3] run data modify entity @s {} merge value {transformation:[-0.09140654923797899f,-0.5483738398380841f,-0.8312225782169539f,0.7999931009979832f,0f,0.8347169884602422f,-0.5506791708207819f,-0.234375f,0.9958136586512583f,-0.050335682741959244f,-0.07629859950546868f,-0.2087070861602254f,0f,0f,0f,1f],start_interpolation:0}
execute if entity @s[tag=aj.assembler.bone.octagon] run data modify entity @s {} merge value {transformation:[-0.09140654923797899f,0f,-0.9958136586512583f,0.859375f,0f,1f,0f,-0.40625f,0.9958136586512583f,0f,-0.09140654923797899f,-0.1718749999999999f,0f,0f,0f,1f],start_interpolation:0}
execute if entity @s[tag=aj.assembler.bone.bone10] run data modify entity @s {} merge value {transformation:[-0.9881206557153025f,-0.006147236320560072f,0.15355709437984244f,-0.5637501435976965f,0f,0.9991996712097283f,0.0400002131790691f,0.7909423070012869f,-0.1536800889795443f,0.039525036875253605f,-0.9873298343062713f,-1.4626279418491515f,0f,0f,0f,1f],start_interpolation:0}
execute if entity @s[tag=aj.assembler.bone.bone9] run data modify entity @s {} merge value {transformation:[-0.9881206557153025f,0.04465589068659226f,0.14704904343703762f,-0.5441647953863378f,0f,0.9568516286882857f,-0.290576944502786f,0.7558096623309785f,-0.1536800889795443f,-0.28712508093784195f,-0.945484858761724f,-1.588556337944733f,0f,0f,0f,1f],start_interpolation:0}
execute if entity @s[tag=aj.assembler.bone.bone8] run data modify entity @s {} merge value {transformation:[-0.9881206557153025f,0.04465589068659226f,0.14704904343703762f,-0.907486744752629f,0f,0.9568516286882857f,-0.290576944502786f,0.24481178353851923f,-0.1536800889795443f,-0.28712508093784195f,-0.945484858761724f,-0.472563212339437f,0f,0f,0f,1f],start_interpolation:0}
execute if entity @s[tag=aj.assembler.bone.bone7] run data modify entity @s {} merge value {transformation:[-0.9881206557153025f,0.1447480382553069f,0.0516292084967498f,-0.8806487649298815f,0f,0.3359524896138103f,-0.9418789331555742f,-0.234375f,-0.1536800889795443f,-0.9306900290341156f,-0.3319615943263866f,-0.23843504376281716f,0f,0f,0f,1f],start_interpolation:0}
execute if entity @s[tag=aj.assembler.bone.octagon2] run data modify entity @s {} merge value {transformation:[-0.9881206557153025f,0f,0.1536800889795443f,-0.8593749999999999f,0f,1f,0f,-0.40625f,-0.1536800889795443f,0f,-0.9881206557153025f,-0.171875f,0f,0f,0f,1f],start_interpolation:0}