execute if entity @s[tag=aj.assembler.bone.bone21] run data modify entity @s {} merge value {transformation:[0.9402832369537649f,0.3403930585422538f,1.2246467991473532e-16f,0.43030430568835715f,0.3403930585422538f,-0.9402832369537649f,0f,0.12809267913675276f,1.1515148564273405e-16f,4.1686126959574875e-17f,-1f,-1.5654062499999997f,0f,0f,0f,1f],start_interpolation:0}
execute if entity @s[tag=aj.assembler.bone.arm4] run data modify entity @s {} merge value {transformation:[0.2703393034690606f,-0.962765112059979f,1.2246467991473532e-16f,0.573109911494745f,-0.962765112059979f,-0.2703393034690606f,0f,-0.3804839625601703f,3.3107016267711e-17f,-1.179047212814996e-16f,-1f,-1.5654062499999997f,0f,0f,0f,1f],start_interpolation:0}
execute if entity @s[tag=aj.assembler.bone.small_arm_base4] run data modify entity @s {} merge value {transformation:[0.5490228179981318f,-0.8358073613682706f,1.2246467991473532e-16f,0.5822980469375181f,-0.8358073613682706f,-0.5490228179981318f,0f,-0.39447156196144795f,6.72359036720272e-17f,-1.0235688098034477e-16f,-1f,-1.4716562499999997f,0f,0f,0f,1f],start_interpolation:0}
execute if entity @s[tag=aj.assembler.bone.bone25] run data modify entity @s {} merge value {transformation:[0.5620833778521308f,0.8270805742745618f,1.2246467991473532e-16f,2.6414183864572156e-16f,0.8270805742745618f,-0.5620833778521308f,0f,0.5000000000000001f,6.883536095405443e-17f,1.0128815779222969e-16f,-1f,-1.9091562499999997f,0f,0f,0f,1f],start_interpolation:0}
execute if entity @s[tag=aj.assembler.bone.bone16] run data modify entity @s {} merge value {transformation:[0.761883673212997f,0.6477138785694437f,1.2246467991473532e-16f,0.6527229101806616f,0.6477138785694437f,-0.761883673212997f,0f,0.5964878971600851f,9.330384017229248e-17f,7.932207281533866e-17f,-1f,-1.5654062499999997f,0f,0f,0f,1f],start_interpolation:0}
execute if entity @s[tag=aj.assembler.bone.arm3] run data modify entity @s {} merge value {transformation:[0.4311648965737066f,0.9022731470916031f,1.2246467991473532e-16f,0.8804839625601708f,0.9022731470916031f,-0.4311648965737066f,0f,1.0731099114947447f,5.280247104936894e-17f,1.1049659215423406e-16f,-1f,-1.5654062499999997f,0f,0f,0f,1f],start_interpolation:0}
execute if entity @s[tag=aj.assembler.bone.small_arm_base3] run data modify entity @s {} merge value {transformation:[0.8358073613682707f,0.5490228179981316f,1.2246467991473532e-16f,0.8944715619614485f,0.5490228179981316f,-0.8358073613682707f,0f,1.0822980469375176f,1.0235688098034478e-16f,6.723590367202717e-17f,-1f,-1.4716562499999997f,0f,0f,0f,1f],start_interpolation:0}
execute if entity @s[tag=aj.assembler.bone.bone15] run data modify entity @s {} merge value {transformation:[-0.8270805742745617f,0.562083377852131f,1.2246467991473532e-16f,2.6414183864572156e-16f,0.562083377852131f,0.8270805742745617f,0f,0.5000000000000001f,-1.0128815779222968e-16f,6.883536095405445e-17f,-1f,-1.9091562499999997f,0f,0f,0f,1f],start_interpolation:0}
execute if entity @s[tag=aj.assembler.bone.bone26] run data modify entity @s {} merge value {transformation:[0.6292970049790545f,-0.7771648985410959f,1.2246467991473532e-16f,-0.4438324403987687f,-0.7771648985410959f,-0.6292970049790545f,0f,0.22417629693676155f,7.706665628606152e-17f,-9.517525054080308e-17f,-1f,-1.5654062499999997f,0f,0f,0f,1f],start_interpolation:0}
execute if entity @s[tag=aj.assembler.bone.arm5] run data modify entity @s {} merge value {transformation:[-0.8266066846133434f,-0.5627800537976952f,1.2246467991473532e-16f,-0.8804839625601699f,-0.5627800537976952f,0.8266066846133434f,0f,-0.0731099114947449f,-1.0123012304655368e-16f,-6.892067915073229e-17f,-1f,-1.5654062499999997f,0f,0f,0f,1f],start_interpolation:0}
execute if entity @s[tag=aj.assembler.bone.small_arm_base5] run data modify entity @s {} merge value {transformation:[-0.8358073613682704f,-0.5490228179981319f,1.2246467991473532e-16f,-0.8944715619614476f,-0.5490228179981319f,0.8358073613682704f,0f,-0.08229804693751797f,-1.0235688098034476e-16f,-6.723590367202722e-17f,-1f,-1.4716562499999997f,0f,0f,0f,1f],start_interpolation:0}
execute if entity @s[tag=aj.assembler.bone.bone20] run data modify entity @s {} merge value {transformation:[0.8270805742745619f,-0.5620833778521306f,1.2246467991473532e-16f,2.6414183864572156e-16f,-0.5620833778521306f,-0.8270805742745619f,0f,0.5000000000000001f,1.012881577922297e-16f,-6.88353609540544e-17f,-1f,-1.9091562499999997f,0f,0f,0f,1f],start_interpolation:0}
execute if entity @s[tag=aj.assembler.bone.bone11] run data modify entity @s {} merge value {transformation:[0.9982304997851367f,0.05946317598915041f,1.2246467991473532e-16f,-0.15221814320530147f,0.05946317598915041f,-0.9982304997851367f,0f,1.0612759411765662f,1.2224797863731303e-16f,7.282138814224878e-18f,-1f,-1.5654062499999997f,0f,0f,0f,1f],start_interpolation:0}
execute if entity @s[tag=aj.assembler.bone.arm2] run data modify entity @s {} merge value {transformation:[0.7967725554800288f,-0.6042793185554384f,1.2246467991473532e-16f,-0.5731099114947446f,-0.6042793185554384f,-0.7967725554800288f,0f,1.3804839625601706f,9.757649597170741e-17f,-7.400287332598614e-17f,-1f,-1.5654062499999997f,0f,0f,0f,1f],start_interpolation:0}
execute if entity @s[tag=aj.assembler.bone.small_arm_base2] run data modify entity @s {} merge value {transformation:[0.5490228179981318f,-0.8358073613682706f,1.2246467991473532e-16f,-0.5822980469375176f,-0.8358073613682706f,-0.5490228179981318f,0f,1.3944715619614483f,6.72359036720272e-17f,-1.0235688098034477e-16f,-1f,-1.4716562499999997f,0f,0f,0f,1f],start_interpolation:0}
execute if entity @s[tag=aj.assembler.bone.bone2] run data modify entity @s {} merge value {transformation:[0.5620833778521308f,0.8270805742745618f,1.2246467991473532e-16f,2.6414183864572156e-16f,0.8270805742745618f,-0.5620833778521308f,0f,0.5000000000000001f,6.883536095405443e-17f,1.0128815779222969e-16f,-1f,-1.9091562499999997f,0f,0f,0f,1f],start_interpolation:0}
execute if entity @s[tag=aj.assembler.bone.ring] run data modify entity @s {} merge value {transformation:[1.0113280612669542f,1.4881240517891625f,2.2034447591230768e-16f,2.220446049250313e-16f,1.4881240517891625f,-1.0113280612669542f,0f,0.5000000000000001f,1.2385196731184738e-16f,1.822426356757788e-16f,-1.7992491881391441f,-1.5654062499999997f,0f,0f,0f,1f],start_interpolation:0}
execute if entity @s[tag=aj.assembler.bone.wheel] run data modify entity @s {} merge value {transformation:[-1f,-3.784366730434133e-17f,-1.164708318489093e-16f,1.0625000000000002f,0f,-0.9510565162951541f,0.30901699437494606f,-0.6249999999999999f,-1.2246467991473532e-16f,0.30901699437494606f,0.9510565162951541f,-1.6904062499999994f,0f,0f,0f,1f],start_interpolation:0}
execute if entity @s[tag=aj.assembler.bone.wheel2] run data modify entity @s {} merge value {transformation:[-1f,-3.784366730434133e-17f,-1.164708318489093e-16f,1.0625000000000002f,0f,-0.9510565162951541f,0.30901699437494606f,-0.6249999999999999f,-1.2246467991473532e-16f,0.30901699437494606f,0.9510565162951541f,-1.4404062499999994f,0f,0f,0f,1f],start_interpolation:0}
execute if entity @s[tag=aj.assembler.bone.rails] run data modify entity @s {} merge value {transformation:[-1.137300743709099f,0f,1.3927917154512523e-16f,-0.43749999999999983f,0f,1.137300743709099f,0f,-0.9999999999999999f,-1.3927917154512523e-16f,0f,-1.137300743709099f,-1.1279062499999997f,0f,0f,0f,1f],start_interpolation:0}
execute if entity @s[tag=aj.assembler.bone.wheel3] run data modify entity @s {} merge value {transformation:[-1f,-3.784366730434133e-17f,-1.164708318489093e-16f,-1.0625f,0f,-0.9510565162951541f,0.30901699437494606f,-0.6249999999999999f,-1.2246467991473532e-16f,0.30901699437494606f,0.9510565162951541f,-1.4404062499999999f,0f,0f,0f,1f],start_interpolation:0}
execute if entity @s[tag=aj.assembler.bone.wheel4] run data modify entity @s {} merge value {transformation:[-1f,-3.784366730434133e-17f,-1.164708318489093e-16f,-1.0625f,0f,-0.9510565162951541f,0.30901699437494606f,-0.6249999999999999f,-1.2246467991473532e-16f,0.30901699437494606f,0.9510565162951541f,-1.6904062499999999f,0f,0f,0f,1f],start_interpolation:0}
execute if entity @s[tag=aj.assembler.bone.rails2] run data modify entity @s {} merge value {transformation:[-1.2038220325092979f,0f,1.4742567988555726e-16f,0.4375000000000001f,0f,1.2038220325092979f,0f,-0.9999999999999999f,-1.4742567988555726e-16f,0f,-1.2038220325092979f,-1.1279062499999997f,0f,0f,0f,1f],start_interpolation:0}
execute if entity @s[tag=aj.assembler.bone.bone6] run data modify entity @s {} merge value {transformation:[-0.9631076294557421f,0.040571509899578986f,-0.26604068611513f,0.4834222383899429f,0f,0.9885706735367492f,0.15075816204470655f,0.6900780317740085f,0.2691165065248521f,0.145196336067982f,-0.9520999579394447f,-1.1689634970477352f,0f,0f,0f,1f],start_interpolation:0}
execute if entity @s[tag=aj.assembler.bone.bone5] run data modify entity @s {} merge value {transformation:[-0.9631076294557421f,-0.10767418908056062f,-0.24663731082296617f,0.4504608758760589f,0f,0.9164703942089483f,-0.4001025075383745f,0.6403334452086527f,0.2691165065248521f,-0.385341777574582f,-0.8826596288329496f,-1.2869248221418783f,0f,0f,0f,1f],start_interpolation:0}
execute if entity @s[tag=aj.assembler.bone.bone4] run data modify entity @s {} merge value {transformation:[-0.9631076294557421f,-0.10767418908056062f,-0.24663731082296617f,0.9376421926326085f,0f,0.9164703942089483f,-0.4001025075383745f,0.29565561282256736f,0.2691165065248521f,-0.385341777574582f,-0.8826596288329496f,-0.24013640052377622f,0f,0f,0f,1f],start_interpolation:0}
execute if entity @s[tag=aj.assembler.bone.bone3] run data modify entity @s {} merge value {transformation:[-0.9631076294557421f,-0.183792470460133f,-0.19658082787062905f,0.8726523317626886f,0f,0.7304673741834391f,-0.6829475933434069f,-0.234375f,0.2691165065248521f,-0.6577520376674728f,-0.7035187011445726f,-0.2404791176698854f,0f,0f,0f,1f],start_interpolation:0}
execute if entity @s[tag=aj.assembler.bone.octagon] run data modify entity @s {} merge value {transformation:[-0.9631076294557421f,0f,-0.2691165065248521f,0.859375f,0f,1f,0f,-0.40625f,0.2691165065248521f,0f,-0.9631076294557421f,-0.1718749999999999f,0f,0f,0f,1f],start_interpolation:0}
execute if entity @s[tag=aj.assembler.bone.bone10] run data modify entity @s {} merge value {transformation:[-0.7025945494853291f,0.5638186342124737f,0.4341306793446972f,-0.5521550575891784f,0f,0.6100850694901385f,-0.7923359186514346f,0.5237364560368394f,-0.7115904011673482f,-0.556690897805949f,-0.4286424445461496f,-0.3434639602090414f,0f,0f,0f,1f],start_interpolation:0}
execute if entity @s[tag=aj.assembler.bone.bone9] run data modify entity @s {} merge value {transformation:[-0.7025945494853291f,0.1900109197639564f,0.6857526882221919f,-0.46088247440248375f,0f,0.9636901890430646f,-0.2670228820572168f,0.4917398851963933f,-0.7115904011673482f,-0.1876088215212644f,-0.6770834742141436f,-0.4335826849124916f,0f,0f,0f,1f],start_interpolation:0}
execute if entity @s[tag=aj.assembler.bone.bone8] run data modify entity @s {} merge value {transformation:[-0.7025945494853291f,0.1900109197639564f,0.6857526882221919f,-1.0994521850585217f,0f,0.9636901890430646f,-0.2670228820572168f,0.19783638016495225f,-0.7115904011673482f,-0.1876088215212644f,-0.6770834742141436f,-0.06657998540314447f,0f,0f,0f,1f],start_interpolation:0}
execute if entity @s[tag=aj.assembler.bone.bone7] run data modify entity @s {} merge value {transformation:[-0.7025945494853291f,0.11849883104458658f,0.7016544206905377f,-0.8368566795984571f,0f,0.9860369385808033f,-0.16652674185906935f,-0.234375f,-0.7115904011673482f,-0.11700078117373251f,-0.6927841786380726f,-0.2380243593793127f,0f,0f,0f,1f],start_interpolation:0}
execute if entity @s[tag=aj.assembler.bone.octagon2] run data modify entity @s {} merge value {transformation:[-0.7025945494853291f,0f,0.7115904011673482f,-0.8593749999999999f,0f,1f,0f,-0.40625f,-0.7115904011673482f,0f,-0.7025945494853291f,-0.171875f,0f,0f,0f,1f],start_interpolation:0}