execute if entity @s[tag=aj.assembler.bone.bone21] run data modify entity @s {} merge value {transformation:[0.14362216582505788f,0.9896325952007239f,1.2246467991473532e-16f,0.7352104007112522f,0.9896325952007239f,-0.14362216582505788f,0f,0.9869248472710487f,1.758864256642675e-17f,1.211950390044455e-16f,-1f,-1.1224375f,0f,0f,0f,1f],start_interpolation:0}
execute if entity @s[tag=aj.assembler.bone.arm4] run data modify entity @s {} merge value {transformation:[-0.5093793890949758f,0.8605420605439512f,1.2246467991473532e-16f,0.46613286995065056f,0.8605420605439512f,0.5093793890949758f,0f,1.4415025897631633f,-6.238098384067965e-17f,1.0538600799768178e-16f,-1f,-1.1224375f,0f,0f,0f,1f],start_interpolation:0}
execute if entity @s[tag=aj.assembler.bone.small_arm_base4] run data modify entity @s {} merge value {transformation:[0.4399391698559152f,0.8980275757606156f,1.2246467991473532e-16f,0.4734954431383301f,0.8980275757606156f,-0.4399391698559152f,0f,1.456531471490738f,5.387700961835903e-17f,1.0997665962012954e-16f,-1f,-1.0286875f,0f,0f,0f,1f],start_interpolation:0}
execute if entity @s[tag=aj.assembler.bone.bone25] run data modify entity @s {} merge value {transformation:[-0.9980267284282716f,0.06279051952931337f,1.2246467991473532e-16f,1.531195361832059e-16f,0.06279051952931337f,0.9980267284282716f,0f,0.5000000000000001f,-1.2222302384331876e-16f,7.6896208758373e-18f,-1f,-1.4661875f,0f,0f,0f,1f],start_interpolation:0}
execute if entity @s[tag=aj.assembler.bone.bone16] run data modify entity @s {} merge value {transformation:[-0.8177574374538231f,-0.5755630056639818f,1.2246467991473532e-16f,-0.4755916370250799f,-0.5755630056639818f,0.8177574374538231f,0f,1.2150718698043124f,-1.0014640282567664e-16f,-7.048613925940255e-17f,-1f,-1.1224375000000002f,0f,0f,0f,1f],start_interpolation:0}
execute if entity @s[tag=aj.assembler.bone.arm3] run data modify entity @s {} merge value {transformation:[-0.881996485576239f,-0.4712559807908687f,1.2246467991473532e-16f,-0.9415025897631631f,-0.4712559807908687f,0.881996485576239f,0f,0.9661328699506507f,-1.0801341729201557e-16f,-5.771221284545841e-17f,-1f,-1.1224375000000002f,0f,0f,0f,1f],start_interpolation:0}
execute if entity @s[tag=aj.assembler.bone.small_arm_base3] run data modify entity @s {} merge value {transformation:[-0.8980275757606156f,0.4399391698559154f,1.2246467991473532e-16f,-0.9565314714907378f,0.4399391698559154f,0.8980275757606156f,0f,0.9734954431383303f,-1.0997665962012953e-16f,5.3877009618359055e-17f,-1f,-1.0286875000000002f,0f,0f,0f,1f],start_interpolation:0}
execute if entity @s[tag=aj.assembler.bone.bone15] run data modify entity @s {} merge value {transformation:[-0.0627905195293136f,-0.9980267284282716f,1.2246467991473532e-16f,1.531195361832059e-16f,-0.9980267284282716f,0.0627905195293136f,0f,0.5000000000000001f,-7.689620875837327e-18f,-1.2222302384331876e-16f,-1f,-1.4661875f,0f,0f,0f,1f],start_interpolation:0}
execute if entity @s[tag=aj.assembler.bone.bone26] run data modify entity @s {} merge value {transformation:[0.9802711746217219f,0.19765734037912633f,1.2246467991473532e-16f,0.4704142765298349f,0.19765734037912633f,-0.9802711746217219f,0f,-0.20512961190423207f,1.200485956296908e-16f,2.42060429223276e-17f,-1f,-1.1224374999999998f,0f,0f,0f,1f],start_interpolation:0}
execute if entity @s[tag=aj.assembler.bone.arm5] run data modify entity @s {} merge value {transformation:[0.8917975296052141f,0.4524347093117829f,1.2246467991473532e-16f,0.9415025897631636f,0.4524347093117829f,-0.8917975296052141f,0f,0.03386713004934987f,1.0921369901185425e-16f,5.540727185818382e-17f,-1f,-1.1224374999999998f,0f,0f,0f,1f],start_interpolation:0}
execute if entity @s[tag=aj.assembler.bone.small_arm_base5] run data modify entity @s {} merge value {transformation:[0.8980275757606158f,-0.43993916985591497f,1.2246467991473532e-16f,0.9565314714907382f,-0.43993916985591497f,-0.8980275757606158f,0f,0.02650455686167036f,1.0997665962012955e-16f,-5.3877009618359006e-17f,-1f,-1.0286874999999998f,0f,0f,0f,1f],start_interpolation:0}
execute if entity @s[tag=aj.assembler.bone.bone20] run data modify entity @s {} merge value {transformation:[0.06279051952931315f,0.9980267284282716f,1.2246467991473532e-16f,1.531195361832059e-16f,0.9980267284282716f,-0.06279051952931315f,0f,0.5000000000000001f,7.689620875837272e-18f,1.2222302384331876e-16f,-1f,-1.4661875f,0f,0f,0f,1f],start_interpolation:0}
execute if entity @s[tag=aj.assembler.bone.bone11] run data modify entity @s {} merge value {transformation:[-0.3673219489245638f,0.9300938586176452f,1.2246467991473532e-16f,-0.7453384157294356f,0.9300938586176452f,0.3673219489245638f,0f,0.006925670648488758f,-4.498396490070349e-17f,1.1390364668627101e-16f,-1f,-1.1224375f,0f,0f,0f,1f],start_interpolation:0}
execute if entity @s[tag=aj.assembler.bone.arm2] run data modify entity @s {} merge value {transformation:[-0.52855230958419f,0.8489007339101661f,1.2246467991473532e-16f,-0.46613286995065034f,0.8489007339101661f,0.52855230958419f,0f,-0.44150258976316326f,-6.472898941142193e-17f,1.0396035665769239e-16f,-1f,-1.1224375f,0f,0f,0f,1f],start_interpolation:0}
execute if entity @s[tag=aj.assembler.bone.small_arm_base2] run data modify entity @s {} merge value {transformation:[0.4399391698559152f,0.8980275757606156f,1.2246467991473532e-16f,-0.47349544313832986f,0.8980275757606156f,-0.4399391698559152f,0f,-0.4565314714907379f,5.387700961835903e-17f,1.0997665962012954e-16f,-1f,-1.0286875f,0f,0f,0f,1f],start_interpolation:0}
execute if entity @s[tag=aj.assembler.bone.bone2] run data modify entity @s {} merge value {transformation:[-0.9980267284282716f,0.06279051952931337f,1.2246467991473532e-16f,1.531195361832059e-16f,0.06279051952931337f,0.9980267284282716f,0f,0.5000000000000001f,-1.2222302384331876e-16f,7.6896208758373e-18f,-1f,-1.4661875f,0f,0f,0f,1f],start_interpolation:0}
execute if entity @s[tag=aj.assembler.bone.ring] run data modify entity @s {} merge value {transformation:[-1.7956987808657336f,0.11297579128595216f,2.2034447591230768e-16f,1.1102230246251565e-16f,0.11297579128595216f,1.7956987808657336f,0f,0.5000000000000001f,-2.1990967642200253e-16f,1.3835544117948076e-17f,-1.7992491881391441f,-1.1224375f,0f,0f,0f,1f],start_interpolation:0}
execute if entity @s[tag=aj.assembler.bone.wheel] run data modify entity @s {} merge value {transformation:[-1f,7.198293278059965e-17f,9.907600726170916e-17f,1.0625f,0f,0.8090169943749475f,-0.587785252292473f,-0.6249999999999999f,-1.2246467991473532e-16f,-0.587785252292473f,-0.8090169943749475f,-1.2474374999999998f,0f,0f,0f,1f],start_interpolation:0}
execute if entity @s[tag=aj.assembler.bone.wheel2] run data modify entity @s {} merge value {transformation:[-1f,7.198293278059965e-17f,9.907600726170916e-17f,1.0625f,0f,0.8090169943749475f,-0.587785252292473f,-0.6249999999999999f,-1.2246467991473532e-16f,-0.587785252292473f,-0.8090169943749475f,-0.9974374999999998f,0f,0f,0f,1f],start_interpolation:0}
execute if entity @s[tag=aj.assembler.bone.rails] run data modify entity @s {} merge value {transformation:[-1.137300743709099f,0f,1.3927917154512523e-16f,-0.43749999999999994f,0f,1.137300743709099f,0f,-0.9999999999999999f,-1.3927917154512523e-16f,0f,-1.137300743709099f,-0.6849375f,0f,0f,0f,1f],start_interpolation:0}
execute if entity @s[tag=aj.assembler.bone.wheel3] run data modify entity @s {} merge value {transformation:[-1f,7.198293278059965e-17f,9.907600726170916e-17f,-1.0625f,0f,0.8090169943749475f,-0.587785252292473f,-0.6249999999999999f,-1.2246467991473532e-16f,-0.587785252292473f,-0.8090169943749475f,-0.9974375f,0f,0f,0f,1f],start_interpolation:0}
execute if entity @s[tag=aj.assembler.bone.wheel4] run data modify entity @s {} merge value {transformation:[-1f,7.198293278059965e-17f,9.907600726170916e-17f,-1.0625f,0f,0.8090169943749475f,-0.587785252292473f,-0.6249999999999999f,-1.2246467991473532e-16f,-0.587785252292473f,-0.8090169943749475f,-1.2474375000000002f,0f,0f,0f,1f],start_interpolation:0}
execute if entity @s[tag=aj.assembler.bone.rails2] run data modify entity @s {} merge value {transformation:[-1.2038220325092979f,0f,1.4742567988555726e-16f,0.4375f,0f,1.2038220325092979f,0f,-0.9999999999999999f,-1.4742567988555726e-16f,0f,-1.2038220325092979f,-0.6849374999999999f,0f,0f,0f,1f],start_interpolation:0}
execute if entity @s[tag=aj.assembler.bone.bone6] run data modify entity @s {} merge value {transformation:[-0.44263758329858793f,0.013631834236648682f,-0.8965969791087467f,0.6449717686838657f,0f,0.9998844396712279f,0.015202213764930986f,0.5576628072585289f,0.8967006021251384f,0.006729071161697575f,-0.44258643195393504f,-0.17316074482770433f,0f,0f,0f,1f],start_interpolation:0}
execute if entity @s[tag=aj.assembler.bone.bone5] run data modify entity @s {} merge value {transformation:[-0.44263758329858793f,-0.07489063850176618f,-0.8935677714176936f,0.526629122814207f,0f,0.996506268982066f,-0.083517997338553f,0.5500288680624223f,0.8967006021251384f,-0.036968204503875f,-0.44109112664411426f,-0.23157812811568396f,0f,0f,0f,1f],start_interpolation:0}
execute if entity @s[tag=aj.assembler.bone.bone4] run data modify entity @s {} merge value {transformation:[-0.44263758329858793f,-0.07489063850176618f,-0.8935677714176936f,1.2009055913529831f,0f,0.996506268982066f,-0.083517997338553f,0.11714169164340327f,0.8967006021251384f,-0.036968204503875f,-0.44109112664411426f,-0.10783548062984535f,0f,0f,0f,1f],start_interpolation:0}
execute if entity @s[tag=aj.assembler.bone.bone3] run data modify entity @s {} merge value {transformation:[-0.44263758329858793f,0.05449583533051371f,-0.8950431128069839f,0.8171636368452597f,0f,0.9981515688578481f,0.06077372447543934f,-0.234375f,0.8967006021251384f,0.026900734529862715f,-0.44181939820493193f,-0.2275617427725722f,0f,0f,0f,1f],start_interpolation:0}
execute if entity @s[tag=aj.assembler.bone.octagon] run data modify entity @s {} merge value {transformation:[-0.44263758329858793f,0f,-0.8967006021251384f,0.859375f,0f,1f,0f,-0.40625f,0.8967006021251384f,0f,-0.44263758329858793f,-0.1718749999999999f,0f,0f,0f,1f],start_interpolation:0}
execute if entity @s[tag=aj.assembler.bone.bone10] run data modify entity @s {} merge value {transformation:[-0.5684182642193029f,-0.8201857150278893f,0.0647770774742478f,-0.6032074064180755f,0f,0.07873337637942815f,0.99689570941192f,0.8220475919701146f,-0.82273973825379f,0.5666537287515941f,-0.04475348913771961f,-0.2349087110045802f,0f,0f,0f,1f],start_interpolation:0}
execute if entity @s[tag=aj.assembler.bone.bone9] run data modify entity @s {} merge value {transformation:[-0.5684182642193029f,-0.15742465240501752f,0.8075383308036059f,-0.49702710867063515f,0f,0.9815234311126773f,0.19134198226421f,0.850685818422917f,-0.82273973825379f,0.10876227743090289f,-0.5579158450036426f,-0.30826704989798026f,0f,0f,0f,1f],start_interpolation:0}
execute if entity @s[tag=aj.assembler.bone.bone8] run data modify entity @s {} merge value {transformation:[-0.5684182642193029f,-0.15742465240501752f,0.8075383308036059f,-1.0276537943117212f,0f,0.9815234311126773f,0.19134198226421f,0.255869003749833f,-0.82273973825379f,0.10876227743090289f,-0.5579158450036426f,-0.16956231218498796f,0f,0f,0f,1f],start_interpolation:0}
execute if entity @s[tag=aj.assembler.bone.bone7] run data modify entity @s {} merge value {transformation:[-0.5684182642193029f,0.31590987685813876f,0.7596720520102016f,-0.8257168371159912f,0f,0.9233443052386829f,-0.383973038094205f,-0.234375f,-0.82273973825379f,-0.21825728782052028f,-0.5248457672605503f,-0.23311175833413736f,0f,0f,0f,1f],start_interpolation:0}
execute if entity @s[tag=aj.assembler.bone.octagon2] run data modify entity @s {} merge value {transformation:[-0.5684182642193029f,0f,0.82273973825379f,-0.8593749999999999f,0f,1f,0f,-0.40625f,-0.82273973825379f,0f,-0.5684182642193029f,-0.171875f,0f,0f,0f,1f],start_interpolation:0}