execute if entity @s[tag=aj.assembler.bone.bone21] run data modify entity @s {} merge value {transformation:[0.5672114543230997f,0.8235721984651221f,1.2246467991473532e-16f,-0.12405427400342883f,0.8235721984651221f,-0.5672114543230997f,0f,-0.012430871213795214f,6.946336919764993e-17f,1.0085850567170604e-16f,-1f,-1.9130000000000003f,0f,0f,0f,1f],start_interpolation:0}
execute if entity @s[tag=aj.assembler.bone.arm4] run data modify entity @s {} merge value {transformation:[-0.4172327136617666f,-0.9087996823560397f,1.2246467991473532e-16f,-0.3444557090597666f,-0.9087996823560397f,0.4172327136617666f,0f,-0.4925005004912124f,-5.109627072854467e-17f,-1.1129586220634553e-16f,-1f,-1.9130000000000003f,0f,0f,0f,1f],start_interpolation:0}
execute if entity @s[tag=aj.assembler.bone.small_arm_base4] run data modify entity @s {} merge value {transformation:[-0.3239174181981502f,-0.9460853588275453f,1.2246467991473532e-16f,-0.3498766078149948f,-0.9460853588275453f,0.3239174181981502f,0f,-0.5083336501024215f,-3.9668442938443926e-17f,-1.1586204064083286e-16f,-1f,-1.8192500000000003f,0f,0f,0f,1f],start_interpolation:0}
execute if entity @s[tag=aj.assembler.bone.bone25] run data modify entity @s {} merge value {transformation:[0.9980267284282718f,0.0627905195293127f,1.2246467991473532e-16f,2.6414183864572156e-16f,0.0627905195293127f,-0.9980267284282718f,0f,0.5000000000000001f,1.2222302384331878e-16f,7.689620875837216e-18f,-1f,-2.2567500000000003f,0f,0f,0f,1f],start_interpolation:0}
execute if entity @s[tag=aj.assembler.bone.bone16] run data modify entity @s {} merge value {transformation:[-0.6549539538080426f,0.7556687888163789f,1.2246467991473532e-16f,0.5901860660865208f,0.7556687888163789f,0.6549539538080426f,0f,0.4978697755292174f,-8.020872631199228e-17f,9.254273634395358e-17f,-1f,-1.9130000000000003f,0f,0f,0f,1f],start_interpolation:0}
execute if entity @s[tag=aj.assembler.bone.arm3] run data modify entity @s {} merge value {transformation:[0.7616045837862229f,-0.6480420186653137f,1.2246467991473532e-16f,0.9925005004912125f,-0.6480420186653137f,-0.7616045837862229f,0f,0.15554429094023312f,9.326966157497502e-17f,-7.93622583871466e-17f,-1f,-1.9130000000000003f,0f,0f,0f,1f],start_interpolation:0}
execute if entity @s[tag=aj.assembler.bone.small_arm_base3] run data modify entity @s {} merge value {transformation:[0.9460853588275453f,-0.3239174181981504f,1.2246467991473532e-16f,1.0083336501024216f,-0.3239174181981504f,-0.9460853588275453f,0f,0.15012339218500487f,1.1586204064083286e-16f,-3.9668442938443957e-17f,-1f,-1.8192500000000003f,0f,0f,0f,1f],start_interpolation:0}
execute if entity @s[tag=aj.assembler.bone.bone15] run data modify entity @s {} merge value {transformation:[-0.06279051952931247f,0.9980267284282718f,1.2246467991473532e-16f,2.6414183864572156e-16f,0.9980267284282718f,0.06279051952931247f,0f,0.5000000000000001f,-7.689620875837189e-18f,1.2222302384331878e-16f,-1f,-2.2567500000000003f,0f,0f,0f,1f],start_interpolation:0}
execute if entity @s[tag=aj.assembler.bone.bone26] run data modify entity @s {} merge value {transformation:[-0.7082382429731243f,0.7059735060116225f,1.2246467991473532e-16f,-0.4693337787732317f,0.7059735060116225f,0.7082382429731243f,0f,0.7713788808834499f,-8.673416972907824e-17f,8.645681944199684e-17f,-1f,-1.9130000000000003f,0f,0f,0f,1f],start_interpolation:0}
execute if entity @s[tag=aj.assembler.bone.arm5] run data modify entity @s {} merge value {transformation:[-0.990384980679129f,0.13833867877496162f,1.2246467991473532e-16f,-0.9925005004912123f,0.13833867877496162f,0.990384980679129f,0f,0.8444557090597666f,-1.212871796512309e-16f,1.6941602016003062e-17f,-1f,-1.9130000000000003f,0f,0f,0f,1f],start_interpolation:0}
execute if entity @s[tag=aj.assembler.bone.small_arm_base5] run data modify entity @s {} merge value {transformation:[-0.9460853588275454f,0.32391741819815f,1.2246467991473532e-16f,-1.0083336501024214f,0.32391741819815f,0.9460853588275454f,0f,0.8498766078149949f,-1.1586204064083288e-16f,3.96684429384439e-17f,-1f,-1.8192500000000003f,0f,0f,0f,1f],start_interpolation:0}
execute if entity @s[tag=aj.assembler.bone.bone20] run data modify entity @s {} merge value {transformation:[0.06279051952931292f,-0.9980267284282718f,1.2246467991473532e-16f,2.6414183864572156e-16f,-0.9980267284282718f,-0.06279051952931292f,0f,0.5000000000000001f,7.689620875837244e-18f,-1.2222302384331878e-16f,-1f,-2.2567500000000003f,0f,0f,0f,1f],start_interpolation:0}
execute if entity @s[tag=aj.assembler.bone.bone11] run data modify entity @s {} merge value {transformation:[0.9923596490072786f,-0.1233787948642372f,1.2246467991473532e-16f,-0.05524297772900555f,-0.1233787948642372f,-0.9923596490072786f,0f,1.1471244716345754f,1.2152900677597548e-16f,-1.5109544621314603e-17f,-1f,-1.9130000000000003f,0f,0f,0f,1f],start_interpolation:0}
execute if entity @s[tag=aj.assembler.bone.arm2] run data modify entity @s {} merge value {transformation:[-0.7566528216719459f,-0.6538168760867853f,1.2246467991473532e-16f,0.344455709059767f,-0.6538168760867853f,0.7566528216719459f,0f,1.4925005004912124f,-9.266324561263618e-17f,-8.006947445282035e-17f,-1f,-1.9130000000000003f,0f,0f,0f,1f],start_interpolation:0}
execute if entity @s[tag=aj.assembler.bone.small_arm_base2] run data modify entity @s {} merge value {transformation:[-0.3239174181981502f,-0.9460853588275453f,1.2246467991473532e-16f,0.34987660781499524f,-0.9460853588275453f,0.3239174181981502f,0f,1.5083336501024216f,-3.9668442938443926e-17f,-1.1586204064083286e-16f,-1f,-1.8192500000000003f,0f,0f,0f,1f],start_interpolation:0}
execute if entity @s[tag=aj.assembler.bone.bone2] run data modify entity @s {} merge value {transformation:[0.9980267284282718f,0.0627905195293127f,1.2246467991473532e-16f,2.6414183864572156e-16f,0.0627905195293127f,-0.9980267284282718f,0f,0.5000000000000001f,1.2222302384331878e-16f,7.689620875837216e-18f,-1f,-2.2567500000000003f,0f,0f,0f,1f],start_interpolation:0}
execute if entity @s[tag=aj.assembler.bone.ring] run data modify entity @s {} merge value {transformation:[1.795698780865734f,0.11297579128595094f,2.2034447591230768e-16f,2.220446049250313e-16f,0.11297579128595094f,-1.795698780865734f,0f,0.5000000000000001f,2.1990967642200258e-16f,1.3835544117947927e-17f,-1.7992491881391441f,-1.9130000000000003f,0f,0f,0f,1f],start_interpolation:0}
execute if entity @s[tag=aj.assembler.bone.wheel] run data modify entity @s {} merge value {transformation:[-1f,-7.198293278059952e-17f,9.907600726170927e-17f,1.0625000000000002f,0f,0.8090169943749483f,0.5877852522924719f,-0.6249999999999999f,-1.2246467991473532e-16f,0.5877852522924719f,-0.8090169943749483f,-2.0380000000000003f,0f,0f,0f,1f],start_interpolation:0}
execute if entity @s[tag=aj.assembler.bone.wheel2] run data modify entity @s {} merge value {transformation:[-1f,-7.198293278059952e-17f,9.907600726170927e-17f,1.0625000000000002f,0f,0.8090169943749483f,0.5877852522924719f,-0.6249999999999999f,-1.2246467991473532e-16f,0.5877852522924719f,-0.8090169943749483f,-1.788f,0f,0f,0f,1f],start_interpolation:0}
execute if entity @s[tag=aj.assembler.bone.rails] run data modify entity @s {} merge value {transformation:[-1.137300743709099f,0f,1.3927917154512523e-16f,-0.43749999999999983f,0f,1.137300743709099f,0f,-0.9999999999999999f,-1.3927917154512523e-16f,0f,-1.137300743709099f,-1.4755000000000003f,0f,0f,0f,1f],start_interpolation:0}
execute if entity @s[tag=aj.assembler.bone.wheel3] run data modify entity @s {} merge value {transformation:[-1f,-7.198293278059952e-17f,9.907600726170927e-17f,-1.0625f,0f,0.8090169943749483f,0.5877852522924719f,-0.6249999999999999f,-1.2246467991473532e-16f,0.5877852522924719f,-0.8090169943749483f,-1.7880000000000005f,0f,0f,0f,1f],start_interpolation:0}
execute if entity @s[tag=aj.assembler.bone.wheel4] run data modify entity @s {} merge value {transformation:[-1f,-7.198293278059952e-17f,9.907600726170927e-17f,-1.0625f,0f,0.8090169943749483f,0.5877852522924719f,-0.6249999999999999f,-1.2246467991473532e-16f,0.5877852522924719f,-0.8090169943749483f,-2.0380000000000003f,0f,0f,0f,1f],start_interpolation:0}
execute if entity @s[tag=aj.assembler.bone.rails2] run data modify entity @s {} merge value {transformation:[-1.2038220325092979f,0f,1.4742567988555726e-16f,0.4375000000000001f,0f,1.2038220325092979f,0f,-0.9999999999999999f,-1.4742567988555726e-16f,0f,-1.2038220325092979f,-1.4755000000000003f,0f,0f,0f,1f],start_interpolation:0}
execute if entity @s[tag=aj.assembler.bone.bone6] run data modify entity @s {} merge value {transformation:[-0.13052619222005146f,-0.9597631949918974f,-0.2486312986803536f,-0.23864318045616367f,0f,0.25077672835565845f,-0.968044953767764f,0.5870998930590454f,0.9914448613738105f,-0.12635522171314198f,-0.032732931449666304f,-0.2218728707990323f,0f,0f,0f,1f],start_interpolation:0}
execute if entity @s[tag=aj.assembler.bone.bone5] run data modify entity @s {} merge value {transformation:[-0.13052619222005146f,-0.4950579934328282f,-0.8589997068001806f,-0.3538524853144934f,0f,0.8664119814085219f,-0.4993298293430496f,0.5240712508863306f,0.9914448613738105f,-0.06517562128603639f,-0.11308945682708439f,-0.2370404635289391f,0f,0f,0f,1f],start_interpolation:0}
execute if entity @s[tag=aj.assembler.bone.bone4] run data modify entity @s {} merge value {transformation:[-0.13052619222005146f,-0.4950579934328282f,-0.8589997068001806f,0.9149862048550571f,0f,0.8664119814085219f,-0.4993298293430496f,0.28520292904603717f,0.9914448613738105f,-0.06517562128603639f,-0.11308945682708439f,-0.2591126110413766f,0f,0f,0f,1f],start_interpolation:0}
execute if entity @s[tag=aj.assembler.bone.bone3] run data modify entity @s {} merge value {transformation:[-0.13052619222005146f,-0.5463909195541993f,-0.8272967280083071f,0.8014886396710135f,0f,0.83443543886238f,-0.5511057052603858f,-0.234375f,0.9914448613738105f,-0.07193372921838415f,-0.10891568048817402f,-0.21101553893168468f,0f,0f,0f,1f],start_interpolation:0}
execute if entity @s[tag=aj.assembler.bone.octagon] run data modify entity @s {} merge value {transformation:[-0.13052619222005146f,0f,-0.9914448613738105f,0.859375f,0f,1f,0f,-0.40625f,0.9914448613738105f,0f,-0.13052619222005146f,-0.1718749999999999f,0f,0f,0f,1f],start_interpolation:0}
execute if entity @s[tag=aj.assembler.bone.bone10] run data modify entity @s {} merge value {transformation:[-0.9885201646414182f,-0.0013396313942564408f,0.1510830549235449f,-0.5638283355629777f,0f,0.9999606917676416f,0.008866505488601628f,0.7832204575496842f,-0.15108899396482647f,0.008764719465386595f,-0.9884813076610957f,-1.4850337694249625f,0f,0f,0f,1f],start_interpolation:0}
execute if entity @s[tag=aj.assembler.bone.bone9] run data modify entity @s {} merge value {transformation:[-0.9885201646414182f,0.044728610454096436f,0.1443164422515642f,-0.5446038580891646f,0f,0.9551750823435959f,-0.2960414870755527f,0.7473599363817498f,-0.15108899396482647f,-0.29264297954461566f,-0.9442098296596717f,-1.610812511733506f,0f,0f,0f,1f],start_interpolation:0}
execute if entity @s[tag=aj.assembler.bone.bone8] run data modify entity @s {} merge value {transformation:[-0.9885201646414182f,0.044728610454096436f,0.1443164422515642f,-0.9065328430360844f,0f,0.9551750823435959f,-0.2960414870755527f,0.23917255872757393f,-0.15108899396482647f,-0.29264297954461566f,-0.9442098296596717f,-0.4838336675440318f,0f,0f,0f,1f],start_interpolation:0}
execute if entity @s[tag=aj.assembler.bone.bone7] run data modify entity @s {} merge value {transformation:[-0.9885201646414182f,0.14349424602519395f,0.047299951955202646f,-0.8808231930222425f,0f,0.31306020851667116f,-0.949733281423526f,-0.234375f,-0.15108899396482647f,-0.9388304997182183f,-0.3094663288655765f,-0.23837904135148946f,0f,0f,0f,1f],start_interpolation:0}
execute if entity @s[tag=aj.assembler.bone.octagon2] run data modify entity @s {} merge value {transformation:[-0.9885201646414182f,0f,0.15108899396482647f,-0.8593749999999999f,0f,1f,0f,-0.40625f,-0.15108899396482647f,0f,-0.9885201646414182f,-0.171875f,0f,0f,0f,1f],start_interpolation:0}