execute if entity @s[tag=aj.assembler.bone.bone21] run data modify entity @s {} merge value {transformation:[-0.9913986712578662f,-0.13087656256235253f,1.2246467991473532e-16f,-0.7191693255233306f,-0.13087656256235253f,0.9913986712578662f,0f,0.7754434963329817f,-1.2141132094348848e-16f,-1.602775634253934e-17f,-1f,-1.6909687500000006f,0f,0f,0f,1f],start_interpolation:0}
execute if entity @s[tag=aj.assembler.bone.arm4] run data modify entity @s {} merge value {transformation:[-0.6086838849848049f,-0.7934128358930204f,1.2246467991473532e-16f,-1.0407040406920736f,-0.7934128358930204f,0.6086838849848049f,0f,0.3563264858564263f,-7.454227714392169e-17f,-9.716504898788117e-17f,-1f,-1.6909687500000006f,0f,0f,0f,1f],start_interpolation:0}
execute if entity @s[tag=aj.assembler.bone.small_arm_base4] run data modify entity @s {} merge value {transformation:[-0.9900236577165576f,-0.14090123193758247f,1.2246467991473532e-16f,-1.057272516829035f,-0.14090123193758247f,0.9900236577165576f,0f,0.35396844250985543f,-1.212429303502737e-16f,-1.725542426882792e-17f,-1f,-1.5972187500000006f,0f,0f,0f,1f],start_interpolation:0}
execute if entity @s[tag=aj.assembler.bone.bone25] run data modify entity @s {} merge value {transformation:[0.5090414157503711f,-0.8607420270039436f,1.2246467991473532e-16f,2.6414183864572156e-16f,-0.8607420270039436f,-0.5090414157503711f,0f,0.5000000000000001f,6.23395940432129e-17f,-1.0541049682619842e-16f,-1f,-2.0347187500000006f,0f,0f,0f,1f],start_interpolation:0}
execute if entity @s[tag=aj.assembler.bone.bone16] run data modify entity @s {} merge value {transformation:[0.7650680746309235f,0.6439494088672897f,1.2246467991473532e-16f,0.32380264019940774f,0.6439494088672897f,-0.7650680746309235f,0f,-0.04411856015945559f,9.369381687265886e-17f,7.886105823821564e-17f,-1f,-1.6909687500000006f,0f,0f,0f,1f],start_interpolation:0}
execute if entity @s[tag=aj.assembler.bone.arm3] run data modify entity @s {} merge value {transformation:[-0.34099489440523445f,-0.9400651477368805f,1.2246467991473532e-16f,0.14367351414357377f,-0.9400651477368805f,0.34099489440523445f,0f,-0.5407040406920737f,-4.1759830595896005e-17f,-1.1512477741659543e-16f,-1f,-1.6909687500000006f,0f,0f,0f,1f],start_interpolation:0}
execute if entity @s[tag=aj.assembler.bone.small_arm_base3] run data modify entity @s {} merge value {transformation:[0.14090123193758225f,-0.9900236577165575f,1.2246467991473532e-16f,0.14603155749014463f,-0.9900236577165575f,-0.14090123193758225f,0f,-0.557272516829035f,1.725542426882789e-17f,-1.212429303502737e-16f,-1f,-1.5972187500000006f,0f,0f,0f,1f],start_interpolation:0}
execute if entity @s[tag=aj.assembler.bone.bone15] run data modify entity @s {} merge value {transformation:[0.8607420270039438f,0.5090414157503709f,1.2246467991473532e-16f,2.6414183864572156e-16f,0.5090414157503709f,-0.8607420270039438f,0f,0.5000000000000001f,1.0541049682619843e-16f,6.233959404321287e-17f,-1f,-2.0347187500000006f,0f,0f,0f,1f],start_interpolation:0}
execute if entity @s[tag=aj.assembler.bone.bone26] run data modify entity @s {} merge value {transformation:[-0.09516404898335781f,-0.9954616033685546f,1.2246467991473532e-16f,-0.12206873210317484f,-0.9954616033685546f,0.09516404898335781f,0f,1.01290021830876f,-1.1654234798137108e-17f,-1.2190888662393924e-16f,-1f,-1.6909687500000006f,0f,0f,0f,1f],start_interpolation:0}
execute if entity @s[tag=aj.assembler.bone.arm5] run data modify entity @s {} merge value {transformation:[-0.04089910683422961f,0.9991632814811413f,1.2246467991473532e-16f,-0.14367351414357385f,0.9991632814811413f,0.04089910683422961f,0f,1.540704040692074f,-5.008696027252495e-18f,1.2236221144914456e-16f,-1f,-1.6909687500000006f,0f,0f,0f,1f],start_interpolation:0}
execute if entity @s[tag=aj.assembler.bone.small_arm_base5] run data modify entity @s {} merge value {transformation:[-0.1409012319375827f,0.9900236577165576f,1.2246467991473532e-16f,-0.14603155749014474f,0.9900236577165576f,0.1409012319375827f,0f,1.5572725168290353f,-1.725542426882795e-17f,1.212429303502737e-16f,-1f,-1.5972187500000006f,0f,0f,0f,1f],start_interpolation:0}
execute if entity @s[tag=aj.assembler.bone.bone20] run data modify entity @s {} merge value {transformation:[-0.8607420270039435f,-0.5090414157503713f,1.2246467991473532e-16f,2.6414183864572156e-16f,-0.5090414157503713f,0.8607420270039435f,0f,0.5000000000000001f,-1.0541049682619841e-16f,-6.233959404321292e-17f,-1f,-2.0347187500000006f,0f,0f,0f,1f],start_interpolation:0}
execute if entity @s[tag=aj.assembler.bone.bone11] run data modify entity @s {} merge value {transformation:[0.5068696612588667f,-0.8620227064847665f,1.2246467991473532e-16f,0.5400288908399224f,-0.8620227064847665f,-0.5068696612588667f,0f,0.4752453815469816f,6.207363082455742e-17f,-1.0556733482889076e-16f,-1f,-1.6909687500000006f,0f,0f,0f,1f],start_interpolation:0}
execute if entity @s[tag=aj.assembler.bone.arm2] run data modify entity @s {} merge value {transformation:[-0.9478071292159579f,-0.31884423439573834f,1.2246467991473532e-16f,1.040704040692074f,-0.31884423439573834f,0.9478071292159579f,0f,0.6436735141435739f,-1.1607289670033646e-16f,-3.904715710793293e-17f,-1f,-1.6909687500000006f,0f,0f,0f,1f],start_interpolation:0}
execute if entity @s[tag=aj.assembler.bone.small_arm_base2] run data modify entity @s {} merge value {transformation:[-0.9900236577165576f,-0.14090123193758247f,1.2246467991473532e-16f,1.0572725168290353f,-0.14090123193758247f,0.9900236577165576f,0f,0.6460315574901447f,-1.212429303502737e-16f,-1.725542426882792e-17f,-1f,-1.5972187500000006f,0f,0f,0f,1f],start_interpolation:0}
execute if entity @s[tag=aj.assembler.bone.bone2] run data modify entity @s {} merge value {transformation:[0.5090414157503711f,-0.8607420270039436f,1.2246467991473532e-16f,2.6414183864572156e-16f,-0.8607420270039436f,-0.5090414157503711f,0f,0.5000000000000001f,6.23395940432129e-17f,-1.0541049682619842e-16f,-1f,-2.0347187500000006f,0f,0f,0f,1f],start_interpolation:0}
execute if entity @s[tag=aj.assembler.bone.ring] run data modify entity @s {} merge value {transformation:[0.9158923540180557f,-1.5486893932840868f,2.2034447591230768e-16f,2.220446049250313e-16f,-1.5486893932840868f,-0.9158923540180557f,0f,0.5000000000000001f,1.1216446397117463e-16f,-1.8965975083588133e-16f,-1.7992491881391441f,-1.6909687500000004f,0f,0f,0f,1f],start_interpolation:0}
execute if entity @s[tag=aj.assembler.bone.wheel] run data modify entity @s {} merge value {transformation:[-1f,-9.907600726170927e-17f,-7.198293278059948e-17f,1.0625000000000002f,0f,-0.5877852522924716f,0.8090169943749483f,-0.6249999999999999f,-1.2246467991473532e-16f,0.8090169943749483f,0.5877852522924716f,-1.8159687500000001f,0f,0f,0f,1f],start_interpolation:0}
execute if entity @s[tag=aj.assembler.bone.wheel2] run data modify entity @s {} merge value {transformation:[-1f,-9.907600726170927e-17f,-7.198293278059948e-17f,1.0625000000000002f,0f,-0.5877852522924716f,0.8090169943749483f,-0.6249999999999999f,-1.2246467991473532e-16f,0.8090169943749483f,0.5877852522924716f,-1.5659687500000001f,0f,0f,0f,1f],start_interpolation:0}
execute if entity @s[tag=aj.assembler.bone.rails] run data modify entity @s {} merge value {transformation:[-1.137300743709099f,0f,1.3927917154512523e-16f,-0.43749999999999983f,0f,1.137300743709099f,0f,-0.9999999999999999f,-1.3927917154512523e-16f,0f,-1.137300743709099f,-1.2534687500000004f,0f,0f,0f,1f],start_interpolation:0}
execute if entity @s[tag=aj.assembler.bone.wheel3] run data modify entity @s {} merge value {transformation:[-1f,-9.907600726170927e-17f,-7.198293278059948e-17f,-1.0625f,0f,-0.5877852522924716f,0.8090169943749483f,-0.6249999999999999f,-1.2246467991473532e-16f,0.8090169943749483f,0.5877852522924716f,-1.5659687500000004f,0f,0f,0f,1f],start_interpolation:0}
execute if entity @s[tag=aj.assembler.bone.wheel4] run data modify entity @s {} merge value {transformation:[-1f,-9.907600726170927e-17f,-7.198293278059948e-17f,-1.0625f,0f,-0.5877852522924716f,0.8090169943749483f,-0.6249999999999999f,-1.2246467991473532e-16f,0.8090169943749483f,0.5877852522924716f,-1.8159687500000004f,0f,0f,0f,1f],start_interpolation:0}
execute if entity @s[tag=aj.assembler.bone.rails2] run data modify entity @s {} merge value {transformation:[-1.2038220325092979f,0f,1.4742567988555726e-16f,0.4375000000000001f,0f,1.2038220325092979f,0f,-0.9999999999999999f,-1.4742567988555726e-16f,0f,-1.2038220325092979f,-1.2534687500000001f,0f,0f,0f,1f],start_interpolation:0}
execute if entity @s[tag=aj.assembler.bone.bone6] run data modify entity @s {} merge value {transformation:[0.11609291412522992f,0.22359537894217635f,-0.9677435310068554f,0.4509007482355851f,0f,0.9743316128134154f,0.22511754323554783f,0.6847743191943297f,0.993238357741943f,-0.026134551614927178f,0.11311299625584459f,-0.029742987948636928f,0f,0f,0f,1f],start_interpolation:0}
execute if entity @s[tag=aj.assembler.bone.bone5] run data modify entity @s {} merge value {transformation:[0.11609291412522992f,-0.09157701859671724f,-0.9890076263380624f,0.31988853654890503f,0f,0.9957404671588611f,-0.09220044502198954f,0.6759903607295809f,0.993238357741943f,0.01070381834624582f,0.11559841254488998f,-0.01442985659185353f,0f,0f,0f,1f],start_interpolation:0}
execute if entity @s[tag=aj.assembler.bone.bone4] run data modify entity @s {} merge value {transformation:[0.11609291412522992f,-0.09157701859671724f,-0.9890076263380624f,0.9217635069332757f,0f,0.9957404671588611f,-0.09220044502198954f,0.27814837129447434f,0.993238357741943f,0.01070381834624582f,0.11559841254488998f,-0.27355538999964324f,0f,0f,0f,1f],start_interpolation:0}
execute if entity @s[tag=aj.assembler.bone.bone3] run data modify entity @s {} merge value {transformation:[0.11609291412522992f,-0.4982776754900007f,-0.8592099821337003f,0.7936696990747152f,0f,0.8650592029964018f,-0.5016697871221966f,-0.234375f,0.993238357741943f,0.05824030751559954f,0.1004272437667011f,-0.19565789154660873f,0f,0f,0f,1f],start_interpolation:0}
execute if entity @s[tag=aj.assembler.bone.octagon] run data modify entity @s {} merge value {transformation:[0.11609291412522992f,0f,-0.993238357741943f,0.859375f,0f,1f,0f,-0.40625f,0.993238357741943f,0f,0.11609291412522992f,-0.1718749999999999f,0f,0f,0f,1f],start_interpolation:0}
execute if entity @s[tag=aj.assembler.bone.bone10] run data modify entity @s {} merge value {transformation:[0.19370842308880565f,0.3215054709629378f,0.9268825594245196f,-0.9051763434887469f,0f,0.9447774517425505f,-0.32771262819557767f,0.6001780149645632f,-0.9810591454262318f,0.06348069643405341f,0.18301135034690963f,-0.08535840783208337f,0f,0f,0f,1f],start_interpolation:0}
execute if entity @s[tag=aj.assembler.bone.bone9] run data modify entity @s {} merge value {transformation:[0.19370842308880565f,-0.2133429562104432f,0.9575812393002681f,-0.7793585201685407f,0f,0.976068816813523f,0.2174618698628552f,0.6322494124204991f,-0.9810591454262318f,-0.042124195893076755f,0.18907275133110385f,-0.06051589730104456f,0f,0f,0f,1f],start_interpolation:0}
execute if entity @s[tag=aj.assembler.bone.bone8] run data modify entity @s {} merge value {transformation:[0.19370842308880565f,-0.2133429562104432f,0.9575812393002681f,-1.1926686248831961f,0f,0.976068816813523f,0.2174618698628552f,0.08846950093265954f,-0.9810591454262318f,-0.042124195893076755f,0.18907275133110385f,-0.3332432347692662f,0f,0f,0f,1f],start_interpolation:0}
execute if entity @s[tag=aj.assembler.bone.bone7] run data modify entity @s {} merge value {transformation:[0.19370842308880565f,-0.12805391459514387f,0.9726660484366193f,-0.7920054151893352f,0f,0.9914448613738104f,0.13052619222005157f,-0.234375f,-0.9810591454262318f,-0.025284022866732522f,0.19205122067622032f,-0.1904263218515194f,0f,0f,0f,1f],start_interpolation:0}
execute if entity @s[tag=aj.assembler.bone.octagon2] run data modify entity @s {} merge value {transformation:[0.19370842308880565f,0f,0.9810591454262318f,-0.8593749999999999f,0f,1f,0f,-0.40625f,-0.9810591454262318f,0f,0.19370842308880565f,-0.171875f,0f,0f,0f,1f],start_interpolation:0}