execute if entity @s[tag=aj.assembler.bone.bone21] run data modify entity @s {} merge value {transformation:[-0.10178338528494232f,-0.9948065854626903f,1.2246467991473532e-16f,-0.48842294601179304f,-0.9948065854626903f,0.10178338528494232f,0f,0.7126664338974584f,-1.2464869699558643e-17f,-1.2182867006575914e-16f,-1f,-1.7485f,0f,0f,0f,1f],start_interpolation:0}
execute if entity @s[tag=aj.assembler.bone.arm4] run data modify entity @s {} merge value {transformation:[-0.99148468208445f,0.13022336653572314f,1.2246467991473532e-16f,-1.0121705803953676f,0.13022336653572314f,0.99148468208445f,0f,0.7814563823424117f,-1.2142185423183527e-16f,1.5947762900216592e-17f,-1f,-1.7485f,0f,0f,0f,1f],start_interpolation:0}
execute if entity @s[tag=aj.assembler.bone.small_arm_base4] run data modify entity @s {} merge value {transformation:[-0.9645574184577983f,0.2638730499653725f,1.2246467991473532e-16f,-1.0283128679517146f,0.2638730499653725f,0.9645574184577983f,0f,0.7858724125023598f,-1.1812421551081767e-16f,3.23151286021343e-17f,-1f,-1.65475f,0f,0f,0f,1f],start_interpolation:0}
execute if entity @s[tag=aj.assembler.bone.bone25] run data modify entity @s {} merge value {transformation:[0.1253332335643047f,-0.9921147013144778f,1.2246467991473532e-16f,2.6414183864572156e-16f,-0.9921147013144778f,-0.1253332335643047f,0f,0.5000000000000001f,1.5348894331131338e-17f,-1.2149900933518075e-16f,-1f,-2.09225f,0f,0f,0f,1f],start_interpolation:0}
execute if entity @s[tag=aj.assembler.bone.bone16] run data modify entity @s {} merge value {transformation:[-0.42954597454417076f,-0.903044990990426f,1.2246467991473532e-16f,-0.4133726605116852f,-0.903044990990426f,0.42954597454417076f,0f,-0.0006613066931046019f,-5.260421028121493e-17f,-1.1059111577024754e-16f,-1f,-1.7485f,0f,0f,0f,1f],start_interpolation:0}
execute if entity @s[tag=aj.assembler.bone.arm3] run data modify entity @s {} merge value {transformation:[0.2497251739883524f,-0.9683167547225893f,1.2246467991473532e-16f,-0.2814563823424116f,-0.9683167547225893f,-0.2497251739883524f,0f,-0.5121705803953676f,3.058251349913515e-17f,-1.1858460142317716e-16f,-1f,-1.7485f,0f,0f,0f,1f],start_interpolation:0}
execute if entity @s[tag=aj.assembler.bone.small_arm_base3] run data modify entity @s {} merge value {transformation:[-0.2638730499653727f,-0.9645574184577982f,1.2246467991473532e-16f,-0.28587241250235973f,-0.9645574184577982f,0.2638730499653727f,0f,-0.5283128679517145f,-3.2315128602134324e-17f,-1.1812421551081765e-16f,-1f,-1.65475f,0f,0f,0f,1f],start_interpolation:0}
execute if entity @s[tag=aj.assembler.bone.bone15] run data modify entity @s {} merge value {transformation:[0.9921147013144778f,0.12533323356430448f,1.2246467991473532e-16f,2.6414183864572156e-16f,0.12533323356430448f,-0.9921147013144778f,0f,0.5000000000000001f,1.2149900933518075e-16f,1.534889433113131e-17f,-1f,-2.09225f,0f,0f,0f,1f],start_interpolation:0}
execute if entity @s[tag=aj.assembler.bone.bone26] run data modify entity @s {} merge value {transformation:[-0.9742847415618925f,-0.2253203105795757f,1.2246467991473532e-16f,0.5671131018285134f,-0.2253203105795757f,0.9742847415618925f,0f,1.0678240037888993f,-1.1931546902118776e-16f,-2.7593779713416465e-17f,-1f,-1.7485f,0f,0f,0f,1f],start_interpolation:0}
execute if entity @s[tag=aj.assembler.bone.arm5] run data modify entity @s {} merge value {transformation:[-0.5407647559846369f,0.8411738694734141f,1.2246467991473532e-16f,0.2814563823424116f,0.8411738694734141f,0.5407647559846369f,0f,1.512170580395368f,-6.622458275082849e-17f,1.03014088677701e-16f,-1f,-1.7485f,0f,0f,0f,1f],start_interpolation:0}
execute if entity @s[tag=aj.assembler.bone.small_arm_base5] run data modify entity @s {} merge value {transformation:[0.26387304996537225f,0.9645574184577984f,1.2246467991473532e-16f,0.28587241250235973f,0.9645574184577984f,-0.26387304996537225f,0f,1.528312867951715f,3.2315128602134275e-17f,1.1812421551081767e-16f,-1f,-1.65475f,0f,0f,0f,1f],start_interpolation:0}
execute if entity @s[tag=aj.assembler.bone.bone20] run data modify entity @s {} merge value {transformation:[-0.9921147013144778f,-0.12533323356430492f,1.2246467991473532e-16f,2.6414183864572156e-16f,-0.12533323356430492f,0.9921147013144778f,0f,0.5000000000000001f,-1.2149900933518075e-16f,-1.5348894331131366e-17f,-1f,-2.09225f,0f,0f,0f,1f],start_interpolation:0}
execute if entity @s[tag=aj.assembler.bone.bone11] run data modify entity @s {} merge value {transformation:[0.8338599932300128f,-0.551976006444522f,1.2246467991473532e-16f,0.49751692428346506f,-0.551976006444522f,-0.8338599932300128f,0f,0.0994837344890711f,1.0211839716461685e-16f,-6.759756494984225e-17f,-1f,-1.7485f,0f,0f,0f,1f],start_interpolation:0}
execute if entity @s[tag=aj.assembler.bone.arm2] run data modify entity @s {} merge value {transformation:[-0.9742692531953376f,-0.2253872717750481f,1.2246467991473532e-16f,1.012170580395368f,-0.2253872717750481f,0.9742692531953376f,0f,0.2185436176575885f,-1.1931357224333521e-16f,-2.7601980094786724e-17f,-1f,-1.7485f,0f,0f,0f,1f],start_interpolation:0}
execute if entity @s[tag=aj.assembler.bone.small_arm_base2] run data modify entity @s {} merge value {transformation:[-0.9645574184577983f,0.2638730499653725f,1.2246467991473532e-16f,1.028312867951715f,0.2638730499653725f,0.9645574184577983f,0f,0.21412758749764038f,-1.1812421551081767e-16f,3.23151286021343e-17f,-1f,-1.65475f,0f,0f,0f,1f],start_interpolation:0}
execute if entity @s[tag=aj.assembler.bone.bone2] run data modify entity @s {} merge value {transformation:[0.1253332335643047f,-0.9921147013144778f,1.2246467991473532e-16f,2.6414183864572156e-16f,-0.9921147013144778f,-0.1253332335643047f,0f,0.5000000000000001f,1.5348894331131338e-17f,-1.2149900933518075e-16f,-1f,-2.09225f,0f,0f,0f,1f],start_interpolation:0}
execute if entity @s[tag=aj.assembler.bone.ring] run data modify entity @s {} merge value {transformation:[0.22550571873742897f,-1.7850615708809836f,2.2034447591230768e-16f,2.220446049250313e-16f,-1.7850615708809836f,-0.22550571873742897f,0f,0.5000000000000001f,2.7616485664121573e-17f,-2.1860699390603426e-16f,-1.7992491881391441f,-1.7485000000000002f,0f,0f,0f,1f],start_interpolation:0}
execute if entity @s[tag=aj.assembler.bone.wheel] run data modify entity @s {} merge value {transformation:[-1f,-1.1647083184890928e-16f,-3.7843667304341425e-17f,1.0625000000000002f,0f,-0.3090169943749468f,0.9510565162951539f,-0.6249999999999999f,-1.2246467991473532e-16f,0.9510565162951539f,0.3090169943749468f,-1.8735f,0f,0f,0f,1f],start_interpolation:0}
execute if entity @s[tag=aj.assembler.bone.wheel2] run data modify entity @s {} merge value {transformation:[-1f,-1.1647083184890928e-16f,-3.7843667304341425e-17f,1.0625000000000002f,0f,-0.3090169943749468f,0.9510565162951539f,-0.6249999999999999f,-1.2246467991473532e-16f,0.9510565162951539f,0.3090169943749468f,-1.6235f,0f,0f,0f,1f],start_interpolation:0}
execute if entity @s[tag=aj.assembler.bone.rails] run data modify entity @s {} merge value {transformation:[-1.137300743709099f,0f,1.3927917154512523e-16f,-0.43749999999999983f,0f,1.137300743709099f,0f,-0.9999999999999999f,-1.3927917154512523e-16f,0f,-1.137300743709099f,-1.3110000000000002f,0f,0f,0f,1f],start_interpolation:0}
execute if entity @s[tag=aj.assembler.bone.wheel3] run data modify entity @s {} merge value {transformation:[-1f,-1.1647083184890928e-16f,-3.7843667304341425e-17f,-1.0625f,0f,-0.3090169943749468f,0.9510565162951539f,-0.6249999999999999f,-1.2246467991473532e-16f,0.9510565162951539f,0.3090169943749468f,-1.6235000000000002f,0f,0f,0f,1f],start_interpolation:0}
execute if entity @s[tag=aj.assembler.bone.wheel4] run data modify entity @s {} merge value {transformation:[-1f,-1.1647083184890928e-16f,-3.7843667304341425e-17f,-1.0625f,0f,-0.3090169943749468f,0.9510565162951539f,-0.6249999999999999f,-1.2246467991473532e-16f,0.9510565162951539f,0.3090169943749468f,-1.8735000000000002f,0f,0f,0f,1f],start_interpolation:0}
execute if entity @s[tag=aj.assembler.bone.rails2] run data modify entity @s {} merge value {transformation:[-1.2038220325092979f,0f,1.4742567988555726e-16f,0.4375000000000001f,0f,1.2038220325092979f,0f,-0.9999999999999999f,-1.4742567988555726e-16f,0f,-1.2038220325092979f,-1.311f,0f,0f,0f,1f],start_interpolation:0}
execute if entity @s[tag=aj.assembler.bone.bone6] run data modify entity @s {} merge value {transformation:[0.17371274580525686f,0.7268449766161915f,-0.6644699104644286f,0.345343584192644f,0f,0.6747282317348697f,0.7380662661983243f,0.438725090607488f,0.9847963657248122f,-0.12821151768754457f,0.11720889380698987f,0.013994703667457167f,0f,0f,0f,1f],start_interpolation:0}
execute if entity @s[tag=aj.assembler.bone.bone5] run data modify entity @s {} merge value {transformation:[0.17371274580525686f,-0.49140127430610325f,-0.853433459359976f,0.23088235878353924f,0f,0.866609066669176f,-0.4989877008171439f,0.3757423345106488f,0.9847963657248122f,0.08668052363199809f,0.1505410405108335f,0.034185043971379614f,0f,0f,0f,1f],start_interpolation:0}
execute if entity @s[tag=aj.assembler.bone.bone4] run data modify entity @s {} merge value {transformation:[0.17371274580525686f,-0.49140127430610325f,-0.853433459359976f,0.923101860033736f,0f,0.866609066669176f,-0.4989877008171439f,0.27610183746216965f,0.9847963657248122f,0.08668052363199809f,0.1505410405108335f,-0.2783134186276516f,0f,0f,0f,1f],start_interpolation:0}
execute if entity @s[tag=aj.assembler.bone.bone3] run data modify entity @s {} merge value {transformation:[0.17371274580525686f,-0.4815380420115477f,-0.8590372495069599f,0.792396703835785f,0f,0.8722993701085673f,-0.4889721964572185f,-0.234375f,0.9847963657248122f,0.08494070286901093f,0.15152951874575524f,-0.1917928398160717f,0f,0f,0f,1f],start_interpolation:0}
execute if entity @s[tag=aj.assembler.bone.octagon] run data modify entity @s {} merge value {transformation:[0.17371274580525686f,0f,-0.9847963657248122f,0.859375f,0f,1f,0f,-0.40625f,0.9847963657248122f,0f,0.17371274580525686f,-0.1718749999999999f,0f,0f,0f,1f],start_interpolation:0}
execute if entity @s[tag=aj.assembler.bone.bone10] run data modify entity @s {} merge value {transformation:[-0.11988220410095461f,-0.9002987524662882f,0.4184380640519475f,-0.7910068498634999f,0f,0.4214777094571552f,0.9068387620910068f,0.6121931848330239f,-0.992788122984908f,0.10871382956365111f,-0.05052767678914554f,-0.0856996384192169f,0f,0f,0f,1f],start_interpolation:0}
execute if entity @s[tag=aj.assembler.bone.bone9] run data modify entity @s {} merge value {transformation:[-0.11988220410095461f,-0.12274589999726457f,0.9851708994756992f,-0.6612335984110257f,0f,0.9923274429529768f,0.1236375588662542f,0.631921023678941f,-0.992788122984908f,0.014821943066548077f,-0.11896240105106717f,-0.1013701556799341f,0f,0f,0f,1f],start_interpolation:0}
execute if entity @s[tag=aj.assembler.bone.bone8] run data modify entity @s {} merge value {transformation:[-0.11988220410095461f,-0.12274589999726457f,0.9851708994756992f,-1.19185913844179f,0f,0.9923274429529768f,0.1236375588662542f,0.12920878149425502f,-0.992788122984908f,0.014821943066548077f,-0.11896240105106717f,-0.22615754771316443f,0f,0f,0f,1f],start_interpolation:0}
execute if entity @s[tag=aj.assembler.bone.bone7] run data modify entity @s {} merge value {transformation:[-0.11988220410095461f,-0.02977703935526142f,0.9923414659617585f,-0.801072061191598f,0f,0.99955009834142f,0.02999334769007312f,-0.234375f,-0.992788122984908f,0.0035956686294522414f,-0.11982826889849536f,-0.21039226659958804f,0f,0f,0f,1f],start_interpolation:0}
execute if entity @s[tag=aj.assembler.bone.octagon2] run data modify entity @s {} merge value {transformation:[-0.11988220410095461f,0f,0.992788122984908f,-0.8593749999999999f,0f,1f,0f,-0.40625f,-0.992788122984908f,0f,-0.11988220410095461f,-0.171875f,0f,0f,0f,1f],start_interpolation:0}