execute if entity @s[tag=aj.assembler.bone.bone21] run data modify entity @s {} merge value {transformation:[0.971420035761074f,0.2373670451472864f,1.2246467991473532e-16f,0.4212959143674079f,0.2373670451472864f,-0.971420035761074f,0f,0.08158176480623902f,1.1896464374224066e-16f,2.906907920626896e-17f,-1f,-1.3090312500000003f,0f,0f,0f,1f],start_interpolation:0}
execute if entity @s[tag=aj.assembler.bone.arm4] run data modify entity @s {} merge value {transformation:[0.06993136734201738f,-0.997551805101708f,1.2246467991473532e-16f,0.4582368665337982f,-0.997551805101708f,-0.06993136734201738f,0f,-0.4453708019229594f,8.564122517539935e-18f,-1.221648625101471e-16f,-1f,-1.3090312500000003f,0f,0f,0f,1f],start_interpolation:0}
execute if entity @s[tag=aj.assembler.bone.small_arm_base4] run data modify entity @s {} merge value {transformation:[0.4399391698559154f,-0.8980275757606155f,1.2246467991473532e-16f,0.4655994397214777f,-0.8980275757606155f,-0.4399391698559154f,0f,-0.4603996836505341f,5.387700961835906e-17f,-1.099766596201295e-16f,-1f,-1.2152812500000003f,0f,0f,0f,1f],start_interpolation:0}
execute if entity @s[tag=aj.assembler.bone.bone25] run data modify entity @s {} merge value {transformation:[0.6613118653236516f,0.7501110696304597f,1.2246467991473532e-16f,2.6414183864572156e-16f,0.7501110696304597f,-0.6613118653236516f,0f,0.5000000000000001f,8.098734591067754e-17f,9.186211204279399e-17f,-1f,-1.6527812500000003f,0f,0f,0f,1f],start_interpolation:0}
execute if entity @s[tag=aj.assembler.bone.bone16] run data modify entity @s {} merge value {transformation:[0.7485417650821213f,0.6630876457360237f,1.2246467991473532e-16f,0.7287158503168593f,0.6630876457360237f,-0.7485417650821213f,0f,0.4764648525333912f,9.166992766359298e-17f,8.120481629047758e-17f,-1f,-1.3090312500000003f,0f,0f,0f,1f],start_interpolation:0}
execute if entity @s[tag=aj.assembler.bone.arm3] run data modify entity @s {} merge value {transformation:[0.41014040295956217f,0.9120223954816944f,1.2246467991473532e-16f,0.94537080192296f,0.9120223954816944f,-0.41014040295956217f,0f,0.9582368665337978f,5.022771316854334e-17f,1.1169053073773587e-16f,-1f,-1.3090312500000003f,0f,0f,0f,1f],start_interpolation:0}
execute if entity @s[tag=aj.assembler.bone.small_arm_base3] run data modify entity @s {} merge value {transformation:[0.8980275757606156f,0.43993916985591525f,1.2246467991473532e-16f,0.9603996836505346f,0.43993916985591525f,-0.8980275757606156f,0f,0.9655994397214773f,1.0997665962012953e-16f,5.3877009618359043e-17f,-1f,-1.2152812500000003f,0f,0f,0f,1f],start_interpolation:0}
execute if entity @s[tag=aj.assembler.bone.bone15] run data modify entity @s {} merge value {transformation:[-0.7501110696304596f,0.6613118653236518f,1.2246467991473532e-16f,2.6414183864572156e-16f,0.6613118653236518f,0.7501110696304596f,0f,0.5000000000000001f,-9.186211204279397e-17f,8.098734591067757e-17f,-1f,-1.6527812500000003f,0f,0f,0f,1f],start_interpolation:0}
execute if entity @s[tag=aj.assembler.bone.bone26] run data modify entity @s {} merge value {transformation:[0.23857729222521654f,-0.9711235120387538f,1.2246467991473532e-16f,-0.480821145788807f,-0.9711235120387538f,-0.23857729222521654f,0f,0.29323332755506576f,2.921729172728542e-17f,-1.1892833005949958e-16f,-1f,-1.3090312500000003f,0f,0f,0f,1f],start_interpolation:0}
execute if entity @s[tag=aj.assembler.bone.arm5] run data modify entity @s {} merge value {transformation:[-0.879419472064455f,-0.47604767844605156f,1.2246467991473532e-16f,-0.9453708019229591f,-0.47604767844605156f,0.879419472064455f,0f,0.041763133466201974f,-1.07697824157159e-16f,-5.829902656504856e-17f,-1f,-1.3090312500000003f,0f,0f,0f,1f],start_interpolation:0}
execute if entity @s[tag=aj.assembler.bone.small_arm_base5] run data modify entity @s {} merge value {transformation:[-0.8980275757606154f,-0.43993916985591563f,1.2246467991473532e-16f,-0.9603996836505337f,-0.43993916985591563f,0.8980275757606154f,0f,0.03440056027852245f,-1.0997665962012948e-16f,-5.3877009618359086e-17f,-1f,-1.2152812500000003f,0f,0f,0f,1f],start_interpolation:0}
execute if entity @s[tag=aj.assembler.bone.bone20] run data modify entity @s {} merge value {transformation:[0.7501110696304598f,-0.6613118653236514f,1.2246467991473532e-16f,2.6414183864572156e-16f,-0.6613118653236514f,-0.7501110696304598f,0f,0.5000000000000001f,9.1862112042794e-17f,-8.098734591067752e-17f,-1f,-1.6527812500000003f,0f,0f,0f,1f],start_interpolation:0}
execute if entity @s[tag=aj.assembler.bone.bone11] run data modify entity @s {} merge value {transformation:[0.9883296281433005f,0.15233038480265632f,1.2246467991473532e-16f,-0.15223401128083075f,0.15233038480265632f,-0.9883296281433005f,0f,1.0147829547808445f,1.2103547156081868e-16f,1.8655091816145763e-17f,-1f,-1.3090312500000003f,0f,0f,0f,1f],start_interpolation:0}
execute if entity @s[tag=aj.assembler.bone.arm2] run data modify entity @s {} merge value {transformation:[0.5792811723426792f,-0.815127795728554f,1.2246467991473532e-16f,-0.45823686653379775f,-0.815127795728554f,-0.5792811723426792f,0f,1.4453708019229594f,7.094148335157884e-17f,-9.982436459350113e-17f,-1f,-1.3090312500000003f,0f,0f,0f,1f],start_interpolation:0}
execute if entity @s[tag=aj.assembler.bone.small_arm_base2] run data modify entity @s {} merge value {transformation:[0.4399391698559154f,-0.8980275757606155f,1.2246467991473532e-16f,-0.46559943972147727f,-0.8980275757606155f,-0.4399391698559154f,0f,1.4603996836505342f,5.387700961835906e-17f,-1.099766596201295e-16f,-1f,-1.2152812500000003f,0f,0f,0f,1f],start_interpolation:0}
execute if entity @s[tag=aj.assembler.bone.bone2] run data modify entity @s {} merge value {transformation:[0.6613118653236516f,0.7501110696304597f,1.2246467991473532e-16f,2.6414183864572156e-16f,0.7501110696304597f,-0.6613118653236516f,0f,0.5000000000000001f,8.098734591067754e-17f,9.186211204279399e-17f,-1f,-1.6527812500000003f,0f,0f,0f,1f],start_interpolation:0}
execute if entity @s[tag=aj.assembler.bone.ring] run data modify entity @s {} merge value {transformation:[1.1898648367903633f,1.3496367330467895f,2.2034447591230768e-16f,2.220446049250313e-16f,1.3496367330467895f,-1.1898648367903633f,0f,0.5000000000000001f,1.457164163793306e-16f,1.6528283051374416e-16f,-1.7992491881391441f,-1.3090312500000003f,0f,0f,0f,1f],start_interpolation:0}
execute if entity @s[tag=aj.assembler.bone.wheel] run data modify entity @s {} merge value {transformation:[-1f,9.907600726170914e-17f,-7.19829327805997e-17f,1.0625000000000002f,0f,-0.5877852522924734f,-0.8090169943749472f,-0.6249999999999999f,-1.2246467991473532e-16f,-0.8090169943749472f,0.5877852522924734f,-1.43403125f,0f,0f,0f,1f],start_interpolation:0}
execute if entity @s[tag=aj.assembler.bone.wheel2] run data modify entity @s {} merge value {transformation:[-1f,9.907600726170914e-17f,-7.19829327805997e-17f,1.0625000000000002f,0f,-0.5877852522924734f,-0.8090169943749472f,-0.6249999999999999f,-1.2246467991473532e-16f,-0.8090169943749472f,0.5877852522924734f,-1.18403125f,0f,0f,0f,1f],start_interpolation:0}
execute if entity @s[tag=aj.assembler.bone.rails] run data modify entity @s {} merge value {transformation:[-1.137300743709099f,0f,1.3927917154512523e-16f,-0.43749999999999983f,0f,1.137300743709099f,0f,-0.9999999999999999f,-1.3927917154512523e-16f,0f,-1.137300743709099f,-0.8715312500000003f,0f,0f,0f,1f],start_interpolation:0}
execute if entity @s[tag=aj.assembler.bone.wheel3] run data modify entity @s {} merge value {transformation:[-1f,9.907600726170914e-17f,-7.19829327805997e-17f,-1.0625f,0f,-0.5877852522924734f,-0.8090169943749472f,-0.6249999999999999f,-1.2246467991473532e-16f,-0.8090169943749472f,0.5877852522924734f,-1.1840312500000003f,0f,0f,0f,1f],start_interpolation:0}
execute if entity @s[tag=aj.assembler.bone.wheel4] run data modify entity @s {} merge value {transformation:[-1f,9.907600726170914e-17f,-7.19829327805997e-17f,-1.0625f,0f,-0.5877852522924734f,-0.8090169943749472f,-0.6249999999999999f,-1.2246467991473532e-16f,-0.8090169943749472f,0.5877852522924734f,-1.4340312500000003f,0f,0f,0f,1f],start_interpolation:0}
execute if entity @s[tag=aj.assembler.bone.rails2] run data modify entity @s {} merge value {transformation:[-1.2038220325092979f,0f,1.4742567988555726e-16f,0.4375000000000001f,0f,1.2038220325092979f,0f,-0.9999999999999999f,-1.4742567988555726e-16f,0f,-1.2038220325092979f,-0.8715312500000002f,0f,0f,0f,1f],start_interpolation:0}
execute if entity @s[tag=aj.assembler.bone.bone6] run data modify entity @s {} merge value {transformation:[-0.961616653634186f,0.011180779446203118f,-0.2741685642526606f,0.5305865510249471f,0f,0.9991695039561941f,0.04074680802140124f,0.5956262511401099f,0.2743964494183369f,0.03918280917581446f,-0.960818034807685f,-0.9824483457136385f,0f,0f,0f,1f],start_interpolation:0}
execute if entity @s[tag=aj.assembler.bone.bone5] run data modify entity @s {} merge value {transformation:[-0.961616653634186f,-0.12128654100008014f,-0.2461361136152633f,0.4976449356055149f,0f,0.8970091053911973f,-0.44201206413997796f,0.5402767654526703f,0.2743964494183369f,-0.4250461619842248f,-0.862578894205678f,-1.0978915522569002f,0f,0f,0f,1f],start_interpolation:0}
execute if entity @s[tag=aj.assembler.bone.bone4] run data modify entity @s {} merge value {transformation:[-0.961616653634186f,-0.12128654100008014f,-0.2461361136152633f,0.9816387823763584f,0f,0.8970091053911973f,-0.44201206413997796f,0.26464353318963274f,0.2743964494183369f,-0.4250461619842248f,-0.862578894205678f,-0.0850630557496006f,0f,0f,0f,1f],start_interpolation:0}
execute if entity @s[tag=aj.assembler.bone.bone3] run data modify entity @s {} merge value {transformation:[-0.961616653634186f,-0.11688921935250955f,-0.2482545505173084f,0.8722757423374222f,0f,0.9047294563889443f,-0.425986632116743f,-0.234375f,0.2743964494183369f,-0.40963583966899947f,-0.8700029122970129f,-0.24055092989645954f,0f,0f,0f,1f],start_interpolation:0}
execute if entity @s[tag=aj.assembler.bone.octagon] run data modify entity @s {} merge value {transformation:[-0.961616653634186f,0f,-0.2743964494183369f,0.859375f,0f,1f,0f,-0.40625f,0.2743964494183369f,0f,-0.961616653634186f,-0.1718749999999999f,0f,0f,0f,1f],start_interpolation:0}
execute if entity @s[tag=aj.assembler.bone.bone10] run data modify entity @s {} merge value {transformation:[-0.8171095587951919f,0.40909631028575455f,0.4061676720716562f,-0.6009679195201754f,0f,0.7045621255664116f,-0.7096423121667281f,0.6131571743641009f,-0.5764824099012275f,-0.5798555165969551f,-0.5757044475653733f,-0.37551849979132484f,0f,0f,0f,1f],start_interpolation:0}
execute if entity @s[tag=aj.assembler.bone.bone9] run data modify entity @s {} merge value {transformation:[-0.8171095587951919f,0.08137338330411244f,0.5707103831324334f,-0.5252694277792973f,0f,0.989987505829045f,-0.14115501515138107f,0.5978841181483474f,-0.5764824099012275f,-0.11533911215207363f,-0.8089282541007236f,-0.4828139872606619f,0f,0f,0f,1f],start_interpolation:0}
execute if entity @s[tag=aj.assembler.bone.bone8] run data modify entity @s {} merge value {transformation:[-0.8171095587951919f,0.08137338330411244f,0.5707103831324334f,-1.0776816272254315f,0f,0.989987505829045f,-0.14115501515138107f,0.19713126354169236f,-0.5764824099012275f,-0.11533911215207363f,-0.8089282541007236f,-0.025070118531475782f,0f,0f,0f,1f],start_interpolation:0}
execute if entity @s[tag=aj.assembler.bone.bone7] run data modify entity @s {} merge value {transformation:[-0.8171095587951919f,0.09469735198237307f,0.5686513698682641f,-0.8488795230935229f,0f,0.9864158213703259f,-0.16426754807418703f,-0.234375f,-0.5764824099012275f,-0.13422458373126694f,-0.8060097965885038f,-0.24095942273411286f,0f,0f,0f,1f],start_interpolation:0}
execute if entity @s[tag=aj.assembler.bone.octagon2] run data modify entity @s {} merge value {transformation:[-0.8171095587951919f,0f,0.5764824099012275f,-0.8593749999999999f,0f,1f,0f,-0.40625f,-0.5764824099012275f,0f,-0.8171095587951919f,-0.171875f,0f,0f,0f,1f],start_interpolation:0}