execute if entity @s[tag=aj.assembler.bone.bone21] run data modify entity @s {} merge value {transformation:[0.9480891373886758f,0.31800469739548853f,1.2246467991473532e-16f,0.43076691921700005f,0.31800469739548853f,-0.9480891373886758f,0f,0.11765739659537011f,1.161074327409417e-16f,3.8944343477920775e-17f,-1f,-1.5f,0f,0f,0f,1f],start_interpolation:0}
execute if entity @s[tag=aj.assembler.bone.arm4] run data modify entity @s {} merge value {transformation:[0.2165725201576515f,-0.9762665330290511f,1.2246467991473532e-16f,0.5451704467294882f,-0.9762665330290511f,-0.2165725201576515f,0f,-0.39805131423095386f,2.6522484359434363e-17f,-1.1955816847887112e-16f,-1f,-1.5f,0f,0f,0f,1f],start_interpolation:0}
execute if entity @s[tag=aj.assembler.bone.small_arm_base4] run data modify entity @s {} merge value {transformation:[0.5224985647159488f,-0.8526401643540921f,1.2246467991473532e-16f,0.5539146872671938f,-0.8526401643540921f,-0.5224985647159488f,0f,-0.4123206179050688f,6.39876194838473e-17f,-1.044183048100712e-16f,-1f,-1.40625f,0f,0f,0f,1f],start_interpolation:0}
execute if entity @s[tag=aj.assembler.bone.bone25] run data modify entity @s {} merge value {transformation:[0.5877852522924729f,0.8090169943749473f,1.2246467991473532e-16f,2.6414183864572156e-16f,0.8090169943749473f,-0.5877852522924729f,0f,0.5000000000000001f,7.198293278059964e-17f,9.907600726170915e-17f,-1f,-1.84375f,0f,0f,0f,1f],start_interpolation:0}
execute if entity @s[tag=aj.assembler.bone.bone16] run data modify entity @s {} merge value {transformation:[0.7774702532016997f,0.6289197129892532f,1.2246467991473532e-16f,0.6581505886536949f,0.6289197129892532f,-0.7774702532016997f,0f,0.5745418422046948f,9.52126457015744e-17f,7.702045134329612e-17f,-1f,-1.5f,0f,0f,0f,1f],start_interpolation:0}
execute if entity @s[tag=aj.assembler.bone.arm3] run data modify entity @s {} merge value {transformation:[0.45414600279912504f,0.8909272743280323f,1.2246467991473532e-16f,0.8980513142309544f,0.8909272743280323f,-0.45414600279912504f,0f,1.045170446729488f,5.561684486735134e-17f,1.0910712347789008e-16f,-1f,-1.5f,0f,0f,0f,1f],start_interpolation:0}
execute if entity @s[tag=aj.assembler.bone.small_arm_base3] run data modify entity @s {} merge value {transformation:[0.8526401643540922f,0.5224985647159488f,1.2246467991473532e-16f,0.9123206179050694f,0.5224985647159488f,-0.8526401643540922f,0f,1.0539146872671936f,1.0441830481007122e-16f,6.398761948384729e-17f,-1f,-1.40625f,0f,0f,0f,1f],start_interpolation:0}
execute if entity @s[tag=aj.assembler.bone.bone15] run data modify entity @s {} merge value {transformation:[-0.8090169943749472f,0.5877852522924731f,1.2246467991473532e-16f,2.6414183864572156e-16f,0.5877852522924731f,0.8090169943749472f,0f,0.5000000000000001f,-9.907600726170914e-17f,7.198293278059966e-17f,-1f,-1.84375f,0f,0f,0f,1f],start_interpolation:0}
execute if entity @s[tag=aj.assembler.bone.bone26] run data modify entity @s {} merge value {transformation:[0.6466979743186462f,-0.7627461766617771f,1.2246467991473532e-16f,-0.453991082769425f,-0.7627461766617771f,-0.6466979743186462f,0f,0.24093120017905972f,7.919766042644073e-17f,-9.340946638107269e-17f,-1f,-1.5f,0f,0f,0f,1f],start_interpolation:0}
execute if entity @s[tag=aj.assembler.bone.arm5] run data modify entity @s {} merge value {transformation:[-0.840631801488073f,-0.5416070294290101f,1.2246467991473532e-16f,-0.8980513142309535f,-0.5416070294290101f,0.840631801488073f,0f,-0.045170446729488056f,-1.0294770449538418e-16f,-6.632773149859435e-17f,-1f,-1.5f,0f,0f,0f,1f],start_interpolation:0}
execute if entity @s[tag=aj.assembler.bone.small_arm_base5] run data modify entity @s {} merge value {transformation:[-0.852640164354092f,-0.522498564715949f,1.2246467991473532e-16f,-0.9123206179050685f,-0.522498564715949f,0.852640164354092f,0f,-0.05391468726719373f,-1.0441830481007117e-16f,-6.398761948384731e-17f,-1f,-1.40625f,0f,0f,0f,1f],start_interpolation:0}
execute if entity @s[tag=aj.assembler.bone.bone20] run data modify entity @s {} merge value {transformation:[0.8090169943749475f,-0.5877852522924727f,1.2246467991473532e-16f,2.6414183864572156e-16f,-0.5877852522924727f,-0.8090169943749475f,0f,0.5000000000000001f,9.907600726170916e-17f,-7.198293278059961e-17f,-1f,-1.84375f,0f,0f,0f,1f],start_interpolation:0}
execute if entity @s[tag=aj.assembler.bone.bone11] run data modify entity @s {} merge value {transformation:[0.9956274219821757f,0.09341325707375059f,1.2246467991473532e-16f,-0.1460147682234943f,0.09341325707375059f,-0.9956274219821757f,0f,1.0520478664939845f,1.2192919354738025e-16f,1.1439824627329784e-17f,-1f,-1.5f,0f,0f,0f,1f],start_interpolation:0}
execute if entity @s[tag=aj.assembler.bone.arm2] run data modify entity @s {} merge value {transformation:[0.7556248754641235f,-0.6550046164568825f,1.2246467991473532e-16f,-0.5451704467294877f,-0.6550046164568825f,-0.7556248754641235f,0f,1.398051314230954f,9.253735850932564e-17f,-8.021493069706607e-17f,-1f,-1.5f,0f,0f,0f,1f],start_interpolation:0}
execute if entity @s[tag=aj.assembler.bone.small_arm_base2] run data modify entity @s {} merge value {transformation:[0.5224985647159488f,-0.8526401643540921f,1.2246467991473532e-16f,-0.5539146872671934f,-0.8526401643540921f,-0.5224985647159488f,0f,1.4123206179050691f,6.39876194838473e-17f,-1.044183048100712e-16f,-1f,-1.40625f,0f,0f,0f,1f],start_interpolation:0}
execute if entity @s[tag=aj.assembler.bone.bone2] run data modify entity @s {} merge value {transformation:[0.5877852522924729f,0.8090169943749473f,1.2246467991473532e-16f,2.6414183864572156e-16f,0.8090169943749473f,-0.5877852522924729f,0f,0.5000000000000001f,7.198293278059964e-17f,9.907600726170915e-17f,-1f,-1.84375f,0f,0f,0f,1f],start_interpolation:0}
execute if entity @s[tag=aj.assembler.bone.ring] run data modify entity @s {} merge value {transformation:[1.057572137987394f,1.4556231703198945f,2.2034447591230768e-16f,2.220446049250313e-16f,1.4556231703198945f,-1.057572137987394f,0f,0.5000000000000001f,1.2951523336536848e-16f,1.7826242562969813e-16f,-1.7992491881391441f,-1.5f,0f,0f,0f,1f],start_interpolation:0}
execute if entity @s[tag=aj.assembler.bone.wheel] run data modify entity @s {} merge value {transformation:[-1f,1.4997597826618576e-32f,-1.2246467991473532e-16f,1.0625000000000002f,0f,-1f,-1.2246467991473532e-16f,-0.6249999999999999f,-1.2246467991473532e-16f,-1.2246467991473532e-16f,1f,-1.6249999999999998f,0f,0f,0f,1f],start_interpolation:0}
execute if entity @s[tag=aj.assembler.bone.wheel2] run data modify entity @s {} merge value {transformation:[-1f,1.4997597826618576e-32f,-1.2246467991473532e-16f,1.0625000000000002f,0f,-1f,-1.2246467991473532e-16f,-0.6249999999999999f,-1.2246467991473532e-16f,-1.2246467991473532e-16f,1f,-1.3749999999999998f,0f,0f,0f,1f],start_interpolation:0}
execute if entity @s[tag=aj.assembler.bone.rails] run data modify entity @s {} merge value {transformation:[-1.137300743709099f,0f,1.3927917154512523e-16f,-0.43749999999999983f,0f,1.137300743709099f,0f,-0.9999999999999999f,-1.3927917154512523e-16f,0f,-1.137300743709099f,-1.0625f,0f,0f,0f,1f],start_interpolation:0}
execute if entity @s[tag=aj.assembler.bone.wheel3] run data modify entity @s {} merge value {transformation:[-1f,1.4997597826618576e-32f,-1.2246467991473532e-16f,-1.0625f,0f,-1f,-1.2246467991473532e-16f,-0.6249999999999999f,-1.2246467991473532e-16f,-1.2246467991473532e-16f,1f,-1.3750000000000002f,0f,0f,0f,1f],start_interpolation:0}
execute if entity @s[tag=aj.assembler.bone.wheel4] run data modify entity @s {} merge value {transformation:[-1f,1.4997597826618576e-32f,-1.2246467991473532e-16f,-1.0625f,0f,-1f,-1.2246467991473532e-16f,-0.6249999999999999f,-1.2246467991473532e-16f,-1.2246467991473532e-16f,1f,-1.6250000000000002f,0f,0f,0f,1f],start_interpolation:0}
execute if entity @s[tag=aj.assembler.bone.rails2] run data modify entity @s {} merge value {transformation:[-1.2038220325092979f,0f,1.4742567988555726e-16f,0.4375000000000001f,0f,1.2038220325092979f,0f,-0.9999999999999999f,-1.4742567988555726e-16f,0f,-1.2038220325092979f,-1.0625f,0f,0f,0f,1f],start_interpolation:0}
execute if entity @s[tag=aj.assembler.bone.bone6] run data modify entity @s {} merge value {transformation:[-0.9635688611839176f,0.033202888369127936f,-0.26539144289271155f,0.4982049966780402f,0f,0.9922645454150187f,0.12414133845067965f,0.6718123889823021f,0.26746037044154436f,0.11961872811676877f,-0.9561152180187272f,-1.1225286178611311f,0f,0f,0f,1f],start_interpolation:0}
execute if entity @s[tag=aj.assembler.bone.bone5] run data modify entity @s {} merge value {transformation:[-0.9635688611839176f,-0.10966211627812673f,-0.24394521928115492f,0.46559261089105247f,0f,0.9120798676769615f,-0.41001257904895594f,0.6207431713360524f,0.26746037044154436f,-0.39507535386528336f,-0.878851759406268f,-1.240019965762058f,0f,0f,0f,1f],start_interpolation:0}
execute if entity @s[tag=aj.assembler.bone.bone4] run data modify entity @s {} merge value {transformation:[-0.9635688611839176f,-0.10966211627812673f,-0.24394521928115492f,0.94906260811155f,0f,0.9120798676769615f,-0.41001257904895594f,0.29254080650420466f,0.26746037044154436f,-0.39507535386528336f,-0.878851759406268f,-0.19928023232486233f,0f,0f,0f,1f],start_interpolation:0}
execute if entity @s[tag=aj.assembler.bone.bone3] run data modify entity @s {} merge value {transformation:[-0.9635688611839176f,-0.1664797283612873f,-0.20933119643636525f,0.8727702537594009f,0f,0.78266247852265f,-0.6224463388218958f,-0.234375f,0.26746037044154436f,-0.5997699098467131f,-0.7541491931214522f,-0.240456190400293f,0f,0f,0f,1f],start_interpolation:0}
execute if entity @s[tag=aj.assembler.bone.octagon] run data modify entity @s {} merge value {transformation:[-0.9635688611839176f,0f,-0.26746037044154436f,0.859375f,0f,1f,0f,-0.40625f,0.26746037044154436f,0f,-0.9635688611839176f,-0.1718749999999999f,0f,0f,0f,1f],start_interpolation:0}
execute if entity @s[tag=aj.assembler.bone.bone10] run data modify entity @s {} merge value {transformation:[-0.7390434992091334f,0.5368344445182583f,0.4069686541436485f,-0.5741079218168824f,0f,0.6041178626484143f,-0.7968949792972168f,0.5618276057864773f,-0.6736577070565731f,-0.588940054002005f,-0.4464693791464267f,-0.3456647131484682f,0f,0f,0f,1f],start_interpolation:0}
execute if entity @s[tag=aj.assembler.bone.bone9] run data modify entity @s {} merge value {transformation:[-0.7390434992091334f,0.1386234039194283f,0.6592406678615259f,-0.4865144508854151f,0f,0.9785988655009383f,-0.2057772106922349f,0.5379756954105321f,-0.6736577070565731f,-0.15207830984748436f,-0.7232271298819015f,-0.44176008114761833f,0f,0f,0f,1f],start_interpolation:0}
execute if entity @s[tag=aj.assembler.bone.bone8] run data modify entity @s {} merge value {transformation:[-0.7390434992091334f,0.1386234039194283f,0.6592406678615259f,-1.094653256489094f,0f,0.9785988655009383f,-0.2057772106922349f,0.1967020520548004f,-0.6736577070565731f,-0.15207830984748436f,-0.7232271298819015f,-0.05292606625493604f,0f,0f,0f,1f],start_interpolation:0}
execute if entity @s[tag=aj.assembler.bone.bone7] run data modify entity @s {} merge value {transformation:[-0.7390434992091334f,0.10973579109689366f,0.6646598847749566f,-0.8403665026592495f,0f,0.986643332084879f,-0.16289547339458874f,-0.234375f,-0.6736577070565731f,-0.12038684066286515f,-0.729172340615368f,-0.23911702204608876f,0f,0f,0f,1f],start_interpolation:0}
execute if entity @s[tag=aj.assembler.bone.octagon2] run data modify entity @s {} merge value {transformation:[-0.7390434992091334f,0f,0.6736577070565731f,-0.8593749999999999f,0f,1f,0f,-0.40625f,-0.6736577070565731f,0f,-0.7390434992091334f,-0.171875f,0f,0f,0f,1f],start_interpolation:0}