execute if entity @s[tag=aj.assembler.bone.bone21] run data modify entity @s {} merge value {transformation:[0.9090546309789803f,0.41667694668132316f,1.2246467991473532e-16f,0.418597056499621f,0.41667694668132316f,-0.9090546309789803f,0f,0.15792192485194873f,1.1132708440784865e-16f,5.1028208903177494e-17f,-1f,-1.80078125f,0f,0f,0f,1f],start_interpolation:0}
execute if entity @s[tag=aj.assembler.bone.arm4] run data modify entity @s {} merge value {transformation:[0.4928531503384909f,-0.8701125054850236f,1.2246467991473532e-16f,0.6789446707921537f,-0.8701125054850236f,-0.4928531503384909f,0f,-0.3017113651321825f,6.035710330117223e-17f,-1.0655804947403178e-16f,-1f,-1.80078125f,0f,0f,0f,1f],start_interpolation:0}
execute if entity @s[tag=aj.assembler.bone.small_arm_base4] run data modify entity @s {} merge value {transformation:[0.6494480483301838f,-0.760405965600031f,1.2246467991473532e-16f,0.6898134661053618f,-0.760405965600031f,-0.6494480483301838f,0f,-0.3144370894088181f,7.953444736000551e-17f,-9.312287318246303e-17f,-1f,-1.70703125f,0f,0f,0f,1f],start_interpolation:0}
execute if entity @s[tag=aj.assembler.bone.bone25] run data modify entity @s {} merge value {transformation:[0.45399049973954675f,0.8910065241883679f,1.2246467991473532e-16f,2.6414183864572156e-16f,0.8910065241883679f,-0.45399049973954675f,0f,0.5000000000000001f,5.559780123493432e-17f,1.0911682878666935e-16f,-1f,-2.14453125f,0f,0f,0f,1f],start_interpolation:0}
execute if entity @s[tag=aj.assembler.bone.bone16] run data modify entity @s {} merge value {transformation:[0.5840161537379469f,0.8117420354848792f,1.2246467991473532e-16f,0.6664048437104336f,0.8117420354848792f,-0.5840161537379469f,0f,0.668321730854869f,7.152135133255254e-17f,9.940972854899146e-17f,-1f,-1.80078125f,0f,0f,0f,1f],start_interpolation:0}
execute if entity @s[tag=aj.assembler.bone.arm3] run data modify entity @s {} merge value {transformation:[0.2561431013119307f,0.9666388734425625f,1.2246467991473532e-16f,0.801711365132183f,0.9666388734425625f,-0.2561431013119307f,0f,1.1789446707921534f,3.1368482914533224e-17f,1.1837912022928375e-16f,-1f,-1.80078125f,0f,0f,0f,1f],start_interpolation:0}
execute if entity @s[tag=aj.assembler.bone.small_arm_base3] run data modify entity @s {} merge value {transformation:[0.7604059656000312f,0.6494480483301837f,1.2246467991473532e-16f,0.8144370894088186f,0.6494480483301837f,-0.7604059656000312f,0f,1.1898134661053614f,9.312287318246305e-17f,7.953444736000549e-17f,-1f,-1.70703125f,0f,0f,0f,1f],start_interpolation:0}
execute if entity @s[tag=aj.assembler.bone.bone15] run data modify entity @s {} merge value {transformation:[-0.8910065241883678f,0.45399049973954697f,1.2246467991473532e-16f,2.6414183864572156e-16f,0.45399049973954697f,0.8910065241883678f,0f,0.5000000000000001f,-1.0911682878666934e-16f,5.559780123493434e-17f,-1f,-2.14453125f,0f,0f,0f,1f],start_interpolation:0}
execute if entity @s[tag=aj.assembler.bone.bone26] run data modify entity @s {} merge value {transformation:[0.5565706497868109f,-0.8308002839406636f,1.2246467991473532e-16f,-0.3974605944589285f,-0.8308002839406636f,-0.5565706497868109f,0f,0.16109202713842322f,6.816024647607806e-17f,-1.0174369084586459e-16f,-1f,-1.80078125f,0f,0f,0f,1f],start_interpolation:0}
execute if entity @s[tag=aj.assembler.bone.arm5] run data modify entity @s {} merge value {transformation:[-0.7652701807715022f,-0.6437092126278391f,1.2246467991473532e-16f,-0.8017113651321821f,-0.6437092126278391f,0.7652701807715022f,0f,-0.17894467079215362f,-9.371856773647365e-17f,-7.883164268263462e-17f,-1f,-1.80078125f,0f,0f,0f,1f],start_interpolation:0}
execute if entity @s[tag=aj.assembler.bone.small_arm_base5] run data modify entity @s {} merge value {transformation:[-0.7604059656000308f,-0.649448048330184f,1.2246467991473532e-16f,-0.8144370894088178f,-0.649448048330184f,0.7604059656000308f,0f,-0.18981346610536165f,-9.312287318246302e-17f,-7.953444736000553e-17f,-1f,-1.70703125f,0f,0f,0f,1f],start_interpolation:0}
execute if entity @s[tag=aj.assembler.bone.bone20] run data modify entity @s {} merge value {transformation:[0.891006524188368f,-0.4539904997395465f,1.2246467991473532e-16f,2.6414183864572156e-16f,-0.4539904997395465f,-0.891006524188368f,0f,0.5000000000000001f,1.0911682878666936e-16f,-5.559780123493429e-17f,-1f,-2.14453125f,0f,0f,0f,1f],start_interpolation:0}
execute if entity @s[tag=aj.assembler.bone.bone11] run data modify entity @s {} merge value {transformation:[0.9970594434286153f,-0.07663201856809226f,1.2246467991473532e-16f,-0.18987482834882585f,-0.07663201856809226f,-0.9970594434286153f,0f,1.1020758704377052f,1.2210456559544949e-16f,-9.384715625161475e-18f,-1f,-1.80078125f,0f,0f,0f,1f],start_interpolation:0}
execute if entity @s[tag=aj.assembler.bone.arm2] run data modify entity @s {} merge value {transformation:[0.9258376084556914f,-0.37792158283041494f,1.2246467991473532e-16f,-0.6789446707921533f,-0.37792158283041494f,-0.9258376084556914f,0f,1.3017113651321828f,1.1338240637255027e-16f,-4.6282045674196884e-17f,-1f,-1.80078125f,0f,0f,0f,1f],start_interpolation:0}
execute if entity @s[tag=aj.assembler.bone.small_arm_base2] run data modify entity @s {} merge value {transformation:[0.6494480483301838f,-0.760405965600031f,1.2246467991473532e-16f,-0.6898134661053613f,-0.760405965600031f,-0.6494480483301838f,0f,1.3144370894088184f,7.953444736000551e-17f,-9.312287318246303e-17f,-1f,-1.70703125f,0f,0f,0f,1f],start_interpolation:0}
execute if entity @s[tag=aj.assembler.bone.bone2] run data modify entity @s {} merge value {transformation:[0.45399049973954675f,0.8910065241883679f,1.2246467991473532e-16f,2.6414183864572156e-16f,0.8910065241883679f,-0.45399049973954675f,0f,0.5000000000000001f,5.559780123493432e-17f,1.0911682878666935e-16f,-1f,-2.14453125f,0f,0f,0f,1f],start_interpolation:0}
execute if entity @s[tag=aj.assembler.bone.ring] run data modify entity @s {} merge value {transformation:[0.8168420380792638f,1.6031427652726016f,2.2034447591230768e-16f,2.220446049250313e-16f,1.6031427652726016f,-0.8168420380792638f,0f,0.5000000000000001f,1.0003429873427708e-16f,1.9632836560673282e-16f,-1.7992491881391441f,-1.80078125f,0f,0f,0f,1f],start_interpolation:0}
execute if entity @s[tag=aj.assembler.bone.wheel] run data modify entity @s {} merge value {transformation:[-1f,-1.2246467991473532e-16f,-2.719262146893782e-32f,1.0625000000000002f,0f,-2.220446049250313e-16f,1f,-0.6249999999999999f,-1.2246467991473532e-16f,1f,2.220446049250313e-16f,-1.9257812499999998f,0f,0f,0f,1f],start_interpolation:0}
execute if entity @s[tag=aj.assembler.bone.wheel2] run data modify entity @s {} merge value {transformation:[-1f,-1.2246467991473532e-16f,-2.719262146893782e-32f,1.0625000000000002f,0f,-2.220446049250313e-16f,1f,-0.6249999999999999f,-1.2246467991473532e-16f,1f,2.220446049250313e-16f,-1.6757812499999998f,0f,0f,0f,1f],start_interpolation:0}
execute if entity @s[tag=aj.assembler.bone.rails] run data modify entity @s {} merge value {transformation:[-1.137300743709099f,0f,1.3927917154512523e-16f,-0.43749999999999983f,0f,1.137300743709099f,0f,-0.9999999999999999f,-1.3927917154512523e-16f,0f,-1.137300743709099f,-1.36328125f,0f,0f,0f,1f],start_interpolation:0}
execute if entity @s[tag=aj.assembler.bone.wheel3] run data modify entity @s {} merge value {transformation:[-1f,-1.2246467991473532e-16f,-2.719262146893782e-32f,-1.0625f,0f,-2.220446049250313e-16f,1f,-0.6249999999999999f,-1.2246467991473532e-16f,1f,2.220446049250313e-16f,-1.6757812500000002f,0f,0f,0f,1f],start_interpolation:0}
execute if entity @s[tag=aj.assembler.bone.wheel4] run data modify entity @s {} merge value {transformation:[-1f,-1.2246467991473532e-16f,-2.719262146893782e-32f,-1.0625f,0f,-2.220446049250313e-16f,1f,-0.6249999999999999f,-1.2246467991473532e-16f,1f,2.220446049250313e-16f,-1.9257812500000002f,0f,0f,0f,1f],start_interpolation:0}
execute if entity @s[tag=aj.assembler.bone.rails2] run data modify entity @s {} merge value {transformation:[-1.2038220325092979f,0f,1.4742567988555726e-16f,0.4375000000000001f,0f,1.2038220325092979f,0f,-0.9999999999999999f,-1.4742567988555726e-16f,0f,-1.2038220325092979f,-1.36328125f,0f,0f,0f,1f],start_interpolation:0}
execute if entity @s[tag=aj.assembler.bone.bone6] run data modify entity @s {} merge value {transformation:[-0.9569197949513853f,0.07109819975303633f,-0.28151296954505645f,0.40978424515801465f,0f,0.9695562581917143f,0.2448686631671797f,0.7197033643924042f,0.29035238251166207f,0.23431967094795741f,-0.9277875757826476f,-1.3307161640531886f,0f,0f,0f,1f],start_interpolation:0}
execute if entity @s[tag=aj.assembler.bone.bone5] run data modify entity @s {} merge value {transformation:[-0.9569197949513853f,-0.10704594766175306f,-0.2698993722100808f,0.3737508970568171f,0f,0.9295579732301327f,-0.36867597481296216f,0.6741565562725954f,0.29035238251166207f,-0.35279333822152176f,-0.8895124251388038f,-1.449471945487236f,0f,0f,0f,1f],start_interpolation:0}
execute if entity @s[tag=aj.assembler.bone.bone4] run data modify entity @s {} merge value {transformation:[-0.9569197949513853f,-0.10704594766175306f,-0.2698993722100808f,0.8898765573833092f,0f,0.9295579732301327f,-0.36867597481296216f,0.2767506150026737f,0.29035238251166207f,-0.35279333822152176f,-0.8895124251388038f,-0.3942339674194345f,0f,0f,0f,1f],start_interpolation:0}
execute if entity @s[tag=aj.assembler.bone.bone3] run data modify entity @s {} merge value {transformation:[-0.9569197949513853f,-0.25262558608689223f,-0.14312518745648065f,0.8711317196852519f,0f,0.492936156467502f,-0.8700654835396279f,-0.234375f,0.29035238251166207f,-0.8325828841030186f,-0.471700365771006f,-0.24075599913795093f,0f,0f,0f,1f],start_interpolation:0}
execute if entity @s[tag=aj.assembler.bone.octagon] run data modify entity @s {} merge value {transformation:[-0.9569197949513853f,0f,-0.29035238251166207f,0.859375f,0f,1f,0f,-0.40625f,0.29035238251166207f,0f,-0.9569197949513853f,-0.1718749999999999f,0f,0f,0f,1f],start_interpolation:0}
execute if entity @s[tag=aj.assembler.bone.bone10] run data modify entity @s {} merge value {transformation:[-0.4685804135156961f,0.669041173222056f,0.5769023354113882f,-0.44539494478264613f,0f,0.6530322849005509f,-0.7573300699678878f,0.2425981855706956f,-0.8834208487858204f,-0.35487003735342393f,-0.3059981380978f,-0.2853350180635981f,0f,0f,0f,1f],start_interpolation:0}
execute if entity @s[tag=aj.assembler.bone.bone9] run data modify entity @s {} merge value {transformation:[-0.4685804135156961f,0.5856429691812293f,0.6614035898889973f,-0.3559890342741894f,0f,0.7486846057550429f,-0.6629263617517528f,0.15754786467409088f,-0.8834208487858204f,-0.3106343087200923f,-0.35081894215753395f,-0.33275732938257957f,0f,0f,0f,1f],start_interpolation:0}
execute if entity @s[tag=aj.assembler.bone.bone8] run data modify entity @s {} merge value {transformation:[-0.4685804135156961f,0.5856429691812293f,0.6614035898889973f,-1.1075805627106488f,0f,0.7486846057550429f,-0.6629263617517528f,0.20718004865660455f,-0.8834208487858204f,-0.3106343087200923f,-0.35081894215753395f,-0.14634439899273313f,0f,0f,0f,1f],start_interpolation:0}
execute if entity @s[tag=aj.assembler.bone.bone7] run data modify entity @s {} merge value {transformation:[-0.4685804135156961f,0.17411864516962114f,0.866091850483397f,-0.8188043348732517f,0f,0.980384209489463f,-0.19709592026148237f,-0.234375f,-0.8834208487858204f,-0.09235528781838208f,-0.45938883828683147f,-0.2287681773692879f,0f,0f,0f,1f],start_interpolation:0}
execute if entity @s[tag=aj.assembler.bone.octagon2] run data modify entity @s {} merge value {transformation:[-0.4685804135156961f,0f,0.8834208487858204f,-0.8593749999999999f,0f,1f,0f,-0.40625f,-0.8834208487858204f,0f,-0.4685804135156961f,-0.171875f,0f,0f,0f,1f],start_interpolation:0}