execute if entity @s[tag=aj.assembler.bone.bone21] run data modify entity @s {} merge value {transformation:[0.7196912482003729f,0.6942942512103852f,1.2246467991473532e-16f,-0.09510522911981556f,0.6942942512103852f,-0.7196912482003729f,0f,-0.052430790781051895f,8.813675834829499e-17f,8.502652324112067e-17f,-1f,-1.93115625f,0f,0f,0f,1f],start_interpolation:0}
execute if entity @s[tag=aj.assembler.bone.arm4] run data modify entity @s {} merge value {transformation:[-0.6459574527732261f,-0.7633734140030852f,1.2246467991473532e-16f,-0.4363295504992964f,-0.7633734140030852f,0.6459574527732261f,0f,-0.45567960234602434f,-7.910697269241089e-17f,-9.348628080130656e-17f,-1f,-1.93115625f,0f,0f,0f,1f],start_interpolation:0}
execute if entity @s[tag=aj.assembler.bone.small_arm_base4] run data modify entity @s {} merge value {transformation:[-0.4115143586051086f,-0.9114032766354455f,1.2246467991473532e-16f,-0.4432164221183964f,-0.9114032766354455f,0.4115143586051086f,0f,-0.4709323322402892f,-5.0395974206892226e-17f,-1.116147105464008e-16f,-1f,-1.83740625f,0f,0f,0f,1f],start_interpolation:0}
execute if entity @s[tag=aj.assembler.bone.bone25] run data modify entity @s {} merge value {transformation:[0.9995065603657316f,-0.031410759078127994f,1.2246467991473532e-16f,2.6414183864572156e-16f,-0.031410759078127994f,-0.9995065603657316f,0f,0.5000000000000001f,1.224042509878674e-16f,-3.846708556381811e-18f,-1f,-2.27490625f,0f,0f,0f,1f],start_interpolation:0}
execute if entity @s[tag=aj.assembler.bone.bone16] run data modify entity @s {} merge value {transformation:[-0.9090032448739224f,0.4167890363345471f,1.2246467991473532e-16f,0.5210290215471498f,0.4167890363345471f,0.9090032448739224f,0f,0.3638745702929581f,-1.1132079142494069e-16f,5.10419359266813e-17f,-1f,-1.93115625f,0f,0f,0f,1f],start_interpolation:0}
execute if entity @s[tag=aj.assembler.bone.arm3] run data modify entity @s {} merge value {transformation:[0.8228187864340435f,-0.5683038313184317f,1.2246467991473532e-16f,0.9556796023460246f,-0.5683038313184317f,-0.8228187864340435f,0f,0.0636704495007033f,1.007662393084761e-16f,-6.959714679672946e-17f,-1f,-1.93115625f,0f,0f,0f,1f],start_interpolation:0}
execute if entity @s[tag=aj.assembler.bone.small_arm_base3] run data modify entity @s {} merge value {transformation:[0.9114032766354454f,-0.41151435860510877f,1.2246467991473532e-16f,0.9709323322402894f,-0.41151435860510877f,-0.9114032766354454f,0f,0.05678357788160332f,1.116147105464008e-16f,-5.039597420689225e-17f,-1f,-1.83740625f,0f,0f,0f,1f],start_interpolation:0}
execute if entity @s[tag=aj.assembler.bone.bone15] run data modify entity @s {} merge value {transformation:[0.031410759078128216f,0.9995065603657316f,1.2246467991473532e-16f,2.6414183864572156e-16f,0.9995065603657316f,-0.031410759078128216f,0f,0.5000000000000001f,3.846708556381838e-18f,1.224042509878674e-16f,-1f,-2.27490625f,0f,0f,0f,1f],start_interpolation:0}
execute if entity @s[tag=aj.assembler.bone.bone26] run data modify entity @s {} merge value {transformation:[-0.7146868496222805f,0.6994445703391945f,1.2246467991473532e-16f,-0.4395932526461255f,0.6994445703391945f,0.7146868496222805f,0f,0.8236418351844336f,-8.752389627826314e-17f,8.565725542468903e-17f,-1f,-1.93115625f,0f,0f,0f,1f],start_interpolation:0}
execute if entity @s[tag=aj.assembler.bone.arm5] run data modify entity @s {} merge value {transformation:[-0.976981425343457f,0.21332438804287582f,1.2246467991473532e-16f,-0.9556796023460242f,0.21332438804287582f,0.976981425343457f,0f,0.9363295504992966f,-1.1964571753732834e-16f,2.6124702899677583e-17f,-1f,-1.93115625f,0f,0f,0f,1f],start_interpolation:0}
execute if entity @s[tag=aj.assembler.bone.small_arm_base5] run data modify entity @s {} merge value {transformation:[-0.9114032766354456f,0.4115143586051084f,1.2246467991473532e-16f,-0.9709323322402891f,0.4115143586051084f,0.9114032766354456f,0f,0.9432164221183965f,-1.116147105464008e-16f,5.03959742068922e-17f,-1f,-1.83740625f,0f,0f,0f,1f],start_interpolation:0}
execute if entity @s[tag=aj.assembler.bone.bone20] run data modify entity @s {} merge value {transformation:[-0.03141075907812777f,-0.9995065603657316f,1.2246467991473532e-16f,2.6414183864572156e-16f,-0.9995065603657316f,0.03141075907812777f,0f,0.5000000000000001f,-3.846708556381784e-18f,-1.224042509878674e-16f,-1f,-2.27490625f,0f,0f,0f,1f],start_interpolation:0}
execute if entity @s[tag=aj.assembler.bone.bone11] run data modify entity @s {} merge value {transformation:[0.9350324793886386f,-0.35456207141815865f,1.2246467991473532e-16f,0.02112555153222967f,-0.35456207141815865f,-0.9350324793886386f,0f,1.129107587667477f,1.1450845329821097e-16f,-4.342133058613031e-17f,-1f,-1.93115625f,0f,0f,0f,1f],start_interpolation:0}
execute if entity @s[tag=aj.assembler.bone.arm2] run data modify entity @s {} merge value {transformation:[-0.7860052779055864f,-0.618219785436023f,1.2246467991473532e-16f,0.4363295504992969f,-0.618219785436023f,0.7860052779055864f,0f,1.4556796023460246f,-9.62578847700002e-17f,-7.57100881403789e-17f,-1f,-1.93115625f,0f,0f,0f,1f],start_interpolation:0}
execute if entity @s[tag=aj.assembler.bone.small_arm_base2] run data modify entity @s {} merge value {transformation:[-0.4115143586051086f,-0.9114032766354455f,1.2246467991473532e-16f,0.44321642211839685f,-0.9114032766354455f,0.4115143586051086f,0f,1.4709323322402894f,-5.0395974206892226e-17f,-1.116147105464008e-16f,-1f,-1.83740625f,0f,0f,0f,1f],start_interpolation:0}
execute if entity @s[tag=aj.assembler.bone.bone2] run data modify entity @s {} merge value {transformation:[0.9995065603657316f,-0.031410759078127994f,1.2246467991473532e-16f,2.6414183864572156e-16f,-0.031410759078127994f,-0.9995065603657316f,0f,0.5000000000000001f,1.224042509878674e-16f,-3.846708556381811e-18f,-1f,-2.27490625f,0f,0f,0f,1f],start_interpolation:0}
execute if entity @s[tag=aj.assembler.bone.ring] run data modify entity @s {} merge value {transformation:[1.798361367277791f,-0.056515782770156044f,2.2034447591230768e-16f,2.220446049250313e-16f,-0.056515782770156044f,-1.798361367277791f,0f,0.5000000000000001f,2.2023574921470044e-16f,-6.921187247077873e-18f,-1.7992491881391441f,-1.93115625f,0f,0f,0f,1f],start_interpolation:0}
execute if entity @s[tag=aj.assembler.bone.wheel] run data modify entity @s {} merge value {transformation:[-1f,-3.7843667304341327e-17f,1.164708318489093e-16f,1.0625000000000002f,0f,0.9510565162951541f,0.309016994374946f,-0.6249999999999999f,-1.2246467991473532e-16f,0.309016994374946f,-0.9510565162951541f,-2.05615625f,0f,0f,0f,1f],start_interpolation:0}
execute if entity @s[tag=aj.assembler.bone.wheel2] run data modify entity @s {} merge value {transformation:[-1f,-3.7843667304341327e-17f,1.164708318489093e-16f,1.0625000000000002f,0f,0.9510565162951541f,0.309016994374946f,-0.6249999999999999f,-1.2246467991473532e-16f,0.309016994374946f,-0.9510565162951541f,-1.8061562499999997f,0f,0f,0f,1f],start_interpolation:0}
execute if entity @s[tag=aj.assembler.bone.rails] run data modify entity @s {} merge value {transformation:[-1.137300743709099f,0f,1.3927917154512523e-16f,-0.43749999999999983f,0f,1.137300743709099f,0f,-0.9999999999999999f,-1.3927917154512523e-16f,0f,-1.137300743709099f,-1.49365625f,0f,0f,0f,1f],start_interpolation:0}
execute if entity @s[tag=aj.assembler.bone.wheel3] run data modify entity @s {} merge value {transformation:[-1f,-3.7843667304341327e-17f,1.164708318489093e-16f,-1.0625f,0f,0.9510565162951541f,0.309016994374946f,-0.6249999999999999f,-1.2246467991473532e-16f,0.309016994374946f,-0.9510565162951541f,-1.8061562500000001f,0f,0f,0f,1f],start_interpolation:0}
execute if entity @s[tag=aj.assembler.bone.wheel4] run data modify entity @s {} merge value {transformation:[-1f,-3.7843667304341327e-17f,1.164708318489093e-16f,-1.0625f,0f,0.9510565162951541f,0.309016994374946f,-0.6249999999999999f,-1.2246467991473532e-16f,0.309016994374946f,-0.9510565162951541f,-2.05615625f,0f,0f,0f,1f],start_interpolation:0}
execute if entity @s[tag=aj.assembler.bone.rails2] run data modify entity @s {} merge value {transformation:[-1.2038220325092979f,0f,1.4742567988555726e-16f,0.4375000000000001f,0f,1.2038220325092979f,0f,-0.9999999999999999f,-1.4742567988555726e-16f,0f,-1.2038220325092979f,-1.49365625f,0f,0f,0f,1f],start_interpolation:0}
execute if entity @s[tag=aj.assembler.bone.bone6] run data modify entity @s {} merge value {transformation:[-0.18894691624545845f,-0.9690872357072975f,-0.15864738393846983f,-0.2675354022518519f,0f,0.1615574697225503f,-0.9868633056187907f,0.436200507224779f,0.9819873027902813f,-0.18646477835246994f,-0.030525785700494898f,-0.29323730789520547f,0f,0f,0f,1f],start_interpolation:0}
execute if entity @s[tag=aj.assembler.bone.bone5] run data modify entity @s {} merge value {transformation:[-0.18894691624545845f,-0.5973865640609889f,-0.7793769023526022f,-0.3725718431255123f,0f,0.7936730955054416f,-0.608344489143125f,0.35851693634223425f,0.9819873027902813f,-0.11494481523851226f,-0.14996208390274043f,-0.3134476624894899f,0f,0f,0f,1f],start_interpolation:0}
execute if entity @s[tag=aj.assembler.bone.bone4] run data modify entity @s {} merge value {transformation:[-0.18894691624545845f,-0.5973865640609889f,-0.7793769023526022f,0.919922733165824f,0f,0.7936730955054416f,-0.608344489143125f,0.28522928803215464f,0.9819873027902813f,-0.11494481523851226f,-0.14996208390274043f,-0.2556945079496289f,0f,0f,0f,1f],start_interpolation:0}
execute if entity @s[tag=aj.assembler.bone.bone3] run data modify entity @s {} merge value {transformation:[-0.18894691624545845f,-0.5413821961743402f,-0.8192706393535532f,0.803905384708278f,0f,0.8342986075539116f,-0.5513128271985008f,-0.234375f,0.9819873027902813f,-0.10416885858572204f,-0.15763814912519156f,-0.21437128547753734f,0f,0f,0f,1f],start_interpolation:0}
execute if entity @s[tag=aj.assembler.bone.octagon] run data modify entity @s {} merge value {transformation:[-0.18894691624545845f,0f,-0.9819873027902813f,0.859375f,0f,1f,0f,-0.40625f,0.9819873027902813f,0f,-0.18894691624545845f,-0.1718749999999999f,0f,0f,0f,1f],start_interpolation:0}
execute if entity @s[tag=aj.assembler.bone.bone10] run data modify entity @s {} merge value {transformation:[-0.9883642953860765f,0.007368632923595776f,0.15192670224427876f,-0.5609340708070496f,0f,0.9988258860837537f,-0.04844429057179528f,0.7858191613045872f,-0.1521052911833919f,-0.04788060711647077f,-0.9872038431125426f,-1.4947636196572163f,0f,0f,0f,1f],start_interpolation:0}
execute if entity @s[tag=aj.assembler.bone.bone9] run data modify entity @s {} merge value {transformation:[-0.9883642953860765f,0.04547278502827996f,0.14514904556267766f,-0.5415970216169136f,0f,0.9542669057296163f,-0.2989559710546417f,0.749570383366051f,-0.1521052911833919f,-0.2954774076828812f,-0.9431633378917036f,-1.620413745625625f,0f,0f,0f,1f],start_interpolation:0}
execute if entity @s[tag=aj.assembler.bone.bone8] run data modify entity @s {} merge value {transformation:[-0.9883642953860765f,0.04547278502827996f,0.14514904556267766f,-0.9064105099332124f,0f,0.9542669057296163f,-0.2989559710546417f,0.23982807564162045f,-0.1521052911833919f,-0.2954774076828812f,-0.9431633378917036f,-0.4825925365106301f,0f,0f,0f,1f],start_interpolation:0}
execute if entity @s[tag=aj.assembler.bone.bone7] run data modify entity @s {} merge value {transformation:[-0.9883642953860765f,0.14432781194773178f,0.048015646453678056f,-0.8807548035318528f,0f,0.31567374205139287f,-0.9488677929929283f,-0.234375f,-0.1521052911833919f,-0.9378270476359971f,-0.31200065563451096f,-0.2384010588111108f,0f,0f,0f,1f],start_interpolation:0}
execute if entity @s[tag=aj.assembler.bone.octagon2] run data modify entity @s {} merge value {transformation:[-0.9883642953860765f,0f,0.1521052911833919f,-0.8593749999999999f,0f,1f,0f,-0.40625f,-0.1521052911833919f,0f,-0.9883642953860765f,-0.171875f,0f,0f,0f,1f],start_interpolation:0}