execute if entity @s[tag=aj.assembler.bone.bone21] run data modify entity @s {} merge value {transformation:[-0.4277548137635783f,0.9038948054403713f,1.2246467991473532e-16f,0.7549480951911225f,0.9038948054403713f,0.4277548137635783f,0f,0.41650451822984585f,-5.238485634954383e-17f,1.1069518802484702e-16f,-1f,-1.80078125f,0f,0f,0f,1f],start_interpolation:0}
execute if entity @s[tag=aj.assembler.bone.arm4] run data modify entity @s {} merge value {transformation:[0.41141861983315914f,0.9114464982951982f,1.2246467991473532e-16f,0.9722782595119251f,0.9114464982951982f,-0.41141861983315914f,0f,0.8979723169513624f,5.0384249588830015e-17f,1.116200036731278e-16f,-1f,-1.80078125f,0f,0f,0f,1f],start_interpolation:0}
execute if entity @s[tag=aj.assembler.bone.small_arm_base4] run data modify entity @s {} merge value {transformation:[0.923879532511287f,0.3826834323650897f,1.2246467991473532e-16f,0.987739784969959f,0.3826834323650897f,-0.923879532511287f,0f,0.9043766904910568f,1.1314261122877005e-16f,4.6865204053262974e-17f,-1f,-1.70703125f,0f,0f,0f,1f],start_interpolation:0}
execute if entity @s[tag=aj.assembler.bone.bone25] run data modify entity @s {} merge value {transformation:[-0.7071067811865475f,0.7071067811865476f,1.2246467991473532e-16f,2.6414183864572156e-16f,0.7071067811865476f,0.7071067811865475f,0f,0.5000000000000001f,-8.659560562354932e-17f,8.659560562354934e-17f,-1f,-2.14453125f,0f,0f,0f,1f],start_interpolation:0}
execute if entity @s[tag=aj.assembler.bone.bone16] run data modify entity @s {} merge value {transformation:[-0.13611529757904384f,-0.990693002783894f,1.2246467991473532e-16f,0.05109985893281355f,-0.990693002783894f,0.13611529757904384f,0f,1.1941095654140772f,-1.666931634951655e-17f,-1.2132490147969756e-16f,-1f,-1.80078125f,0f,0f,0f,1f],start_interpolation:0}
execute if entity @s[tag=aj.assembler.bone.arm3] run data modify entity @s {} merge value {transformation:[-0.8501197032871171f,0.5265894891497782f,1.2246467991473532e-16f,-0.39797231695136187f,0.5265894891497782f,0.8501197032871171f,0f,1.472278259511925f,-1.0410963735226654e-16f,6.448861323519157e-17f,-1f,-1.80078125f,0f,0f,0f,1f],start_interpolation:0}
execute if entity @s[tag=aj.assembler.bone.small_arm_base3] run data modify entity @s {} merge value {transformation:[-0.38268343236508956f,0.923879532511287f,1.2246467991473532e-16f,-0.40437669049105635f,0.923879532511287f,0.38268343236508956f,0f,1.4877397849699587f,-4.6865204053262937e-17f,1.1314261122877005e-16f,-1f,-1.70703125f,0f,0f,0f,1f],start_interpolation:0}
execute if entity @s[tag=aj.assembler.bone.bone15] run data modify entity @s {} merge value {transformation:[-0.7071067811865477f,-0.7071067811865474f,1.2246467991473532e-16f,2.6414183864572156e-16f,-0.7071067811865474f,0.7071067811865477f,0f,0.5000000000000001f,-8.659560562354937e-17f,-8.659560562354929e-17f,-1f,-2.14453125f,0f,0f,0f,1f],start_interpolation:0}
execute if entity @s[tag=aj.assembler.bone.bone26] run data modify entity @s {} merge value {transformation:[0.40773292439423664f,0.9131012333607509f,1.2246467991473532e-16f,0.42101407579914035f,0.9131012333607509f,-0.40773292439423664f,0f,0.055464782961067716f,4.993288207663916e-17f,1.118226502732744e-16f,-1f,-1.80078125f,0f,0f,0f,1f],start_interpolation:0}
execute if entity @s[tag=aj.assembler.bone.arm5] run data modify entity @s {} merge value {transformation:[-0.04361938736533588f,-0.9990482215818579f,1.2246467991473532e-16f,0.39797231695136265f,-0.9990482215818579f,0.04361938736533588f,0f,-0.4722782595119247f,-5.341834311772694e-18f,-1.2234812067540782e-16f,-1f,-1.80078125f,0f,0f,0f,1f],start_interpolation:0}
execute if entity @s[tag=aj.assembler.bone.small_arm_base5] run data modify entity @s {} merge value {transformation:[0.3826834323650899f,-0.9238795325112868f,1.2246467991473532e-16f,0.4043766904910571f,-0.9238795325112868f,-0.3826834323650899f,0f,-0.4877397849699585f,4.6865204053263004e-17f,-1.1314261122877005e-16f,-1f,-1.70703125f,0f,0f,0f,1f],start_interpolation:0}
execute if entity @s[tag=aj.assembler.bone.bone20] run data modify entity @s {} merge value {transformation:[0.7071067811865475f,0.7071067811865476f,1.2246467991473532e-16f,2.6414183864572156e-16f,0.7071067811865476f,-0.7071067811865475f,0f,0.5000000000000001f,8.659560562354932e-17f,8.659560562354934e-17f,-1f,-2.14453125f,0f,0f,0f,1f],start_interpolation:0}
execute if entity @s[tag=aj.assembler.bone.bone11] run data modify entity @s {} merge value {transformation:[-0.45230056016669484f,0.8918655746652038f,1.2246467991473532e-16f,-0.4676091334802249f,0.8918655746652038f,0.45230056016669484f,0f,0.25808124680112055f,-5.539084332606977e-17f,1.0922203212834564e-16f,-1f,-1.80078125f,0f,0f,0f,1f],start_interpolation:0}
execute if entity @s[tag=aj.assembler.bone.arm2] run data modify entity @s {} merge value {transformation:[0.9553679580248419f,0.2954184570730887f,1.2246467991473532e-16f,-0.9722782595119247f,0.2954184570730887f,-0.9553679580248419f,0f,0.10202768304863785f,1.1699883118030655e-16f,3.617832678636078e-17f,-1f,-1.80078125f,0f,0f,0f,1f],start_interpolation:0}
execute if entity @s[tag=aj.assembler.bone.small_arm_base2] run data modify entity @s {} merge value {transformation:[0.923879532511287f,0.3826834323650897f,1.2246467991473532e-16f,-0.9877397849699585f,0.3826834323650897f,-0.923879532511287f,0f,0.09562330950894338f,1.1314261122877005e-16f,4.6865204053262974e-17f,-1f,-1.70703125f,0f,0f,0f,1f],start_interpolation:0}
execute if entity @s[tag=aj.assembler.bone.bone2] run data modify entity @s {} merge value {transformation:[-0.7071067811865475f,0.7071067811865476f,1.2246467991473532e-16f,2.6414183864572156e-16f,0.7071067811865476f,0.7071067811865475f,0f,0.5000000000000001f,-8.659560562354932e-17f,8.659560562354934e-17f,-1f,-2.14453125f,0f,0f,0f,1f],start_interpolation:0}
execute if entity @s[tag=aj.assembler.bone.ring] run data modify entity @s {} merge value {transformation:[-1.272261301977579f,1.2722613019775793f,2.2034447591230768e-16f,2.220446049250313e-16f,1.2722613019775793f,1.272261301977579f,0f,0.5000000000000001f,-1.558070731145886e-16f,1.5580707311458866e-16f,-1.7992491881391441f,-1.80078125f,0f,0f,0f,1f],start_interpolation:0}
execute if entity @s[tag=aj.assembler.bone.wheel] run data modify entity @s {} merge value {transformation:[-1f,-1.2246467991473532e-16f,-2.719262146893782e-32f,1.0625000000000002f,0f,-2.220446049250313e-16f,1f,-0.6249999999999999f,-1.2246467991473532e-16f,1f,2.220446049250313e-16f,-1.9257812499999998f,0f,0f,0f,1f],start_interpolation:0}
execute if entity @s[tag=aj.assembler.bone.wheel2] run data modify entity @s {} merge value {transformation:[-1f,-1.2246467991473532e-16f,-2.719262146893782e-32f,1.0625000000000002f,0f,-2.220446049250313e-16f,1f,-0.6249999999999999f,-1.2246467991473532e-16f,1f,2.220446049250313e-16f,-1.6757812499999998f,0f,0f,0f,1f],start_interpolation:0}
execute if entity @s[tag=aj.assembler.bone.rails] run data modify entity @s {} merge value {transformation:[-1.137300743709099f,0f,1.3927917154512523e-16f,-0.43749999999999983f,0f,1.137300743709099f,0f,-0.9999999999999999f,-1.3927917154512523e-16f,0f,-1.137300743709099f,-1.36328125f,0f,0f,0f,1f],start_interpolation:0}
execute if entity @s[tag=aj.assembler.bone.wheel3] run data modify entity @s {} merge value {transformation:[-1f,-1.2246467991473532e-16f,-2.719262146893782e-32f,-1.0625f,0f,-2.220446049250313e-16f,1f,-0.6249999999999999f,-1.2246467991473532e-16f,1f,2.220446049250313e-16f,-1.6757812500000002f,0f,0f,0f,1f],start_interpolation:0}
execute if entity @s[tag=aj.assembler.bone.wheel4] run data modify entity @s {} merge value {transformation:[-1f,-1.2246467991473532e-16f,-2.719262146893782e-32f,-1.0625f,0f,-2.220446049250313e-16f,1f,-0.6249999999999999f,-1.2246467991473532e-16f,1f,2.220446049250313e-16f,-1.9257812500000002f,0f,0f,0f,1f],start_interpolation:0}
execute if entity @s[tag=aj.assembler.bone.rails2] run data modify entity @s {} merge value {transformation:[-1.2038220325092979f,0f,1.4742567988555726e-16f,0.4375000000000001f,0f,1.2038220325092979f,0f,-0.9999999999999999f,-1.4742567988555726e-16f,0f,-1.2038220325092979f,-1.36328125f,0f,0f,0f,1f],start_interpolation:0}
execute if entity @s[tag=aj.assembler.bone.bone6] run data modify entity @s {} merge value {transformation:[-0.011867960298537884f,0.9401853231676673f,-0.34045661929012483f,0.4669989734345621f,0f,0.34048059822214866f,0.9402515420004838f,0.661346963977223f,0.9999295732792145f,0.011158867971100767f,-0.004040810222122889f,-0.08277542811470537f,0f,0f,0f,1f],start_interpolation:0}
execute if entity @s[tag=aj.assembler.bone.bone5] run data modify entity @s {} merge value {transformation:[-0.011867960298537884f,-0.11538251924720466f,-0.9932502332093965f,0.33534479464965117f,0f,0.9933201894930325f,-0.11539064583199993f,0.6494901055361442f,0.9999295732792145f,-0.001369451603556821f,-0.011788684572639438f,-0.0843380047288082f,0f,0f,0f,1f],start_interpolation:0}
execute if entity @s[tag=aj.assembler.bone.bone4] run data modify entity @s {} merge value {transformation:[-0.011867960298537884f,-0.11538251924720466f,-0.9932502332093965f,0.9760874237835002f,0f,0.9933201894930325f,-0.11539064583199993f,0.265152336733204f,0.9999295732792145f,-0.001369451603556821f,-0.011788684572639438f,-0.2642463670006635f,0f,0f,0f,1f],start_interpolation:0}
execute if entity @s[tag=aj.assembler.bone.bone3] run data modify entity @s {} merge value {transformation:[-0.011867960298537884f,-0.42852900776729597f,-0.9034500766618645f,0.7972502754293784f,0f,0.9035137081695156f,-0.42855918978569507f,-0.234375f,0.9999295732792145f,-0.005086123449950191f,-0.010722864817740554f,-0.20386454668363396f,0f,0f,0f,1f],start_interpolation:0}
execute if entity @s[tag=aj.assembler.bone.octagon] run data modify entity @s {} merge value {transformation:[-0.011867960298537884f,0f,-0.9999295732792145f,0.859375f,0f,1f,0f,-0.40625f,0.9999295732792145f,0f,-0.011867960298537884f,-0.1718749999999999f,0f,0f,0f,1f],start_interpolation:0}
execute if entity @s[tag=aj.assembler.bone.bone10] run data modify entity @s {} merge value {transformation:[-0.8872026383384927f,0.01781819680548047f,0.4610357799431827f,-0.16126917661078094f,0f,0.9992539944577281f,-0.0386193547366423f,0.23126952488318964f,-0.4613799719593576f,-0.034263193413279214f,-0.886540780253174f,-1.3110907447109152f,0f,0f,0f,1f],start_interpolation:0}
execute if entity @s[tag=aj.assembler.bone.bone9] run data modify entity @s {} merge value {transformation:[-0.8872026383384927f,0.30395123376337296f,0.3471096743378684f,-0.1143598761479695f,0f,0.7523293065015071f,-0.6587872301274222f,0.1467786459901128f,-0.4613799719593576f,-0.5844777686727568f,-0.6674685456275057f,-1.4012941728234938f,0f,0f,0f,1f],start_interpolation:0}
execute if entity @s[tag=aj.assembler.bone.bone8] run data modify entity @s {} merge value {transformation:[-0.8872026383384927f,0.30395123376337296f,0.3471096743378684f,-0.7573850836380495f,0f,0.7523293065015071f,-0.6587872301274222f,0.1736016015089502f,-0.4613799719593576f,-0.5844777686727568f,-0.6674685456275057f,-0.5711895218199321f,0f,0f,0f,1f],start_interpolation:0}
execute if entity @s[tag=aj.assembler.bone.bone7] run data modify entity @s {} merge value {transformation:[-0.8872026383384927f,0.4594148645639969f,0.04253775667406567f,-0.8582638342006179f,0f,0.09219679929629188f,-0.9957408047275753f,-0.234375f,-0.4613799719593576f,-0.8834238690555987f,-0.08179724358203463f,-0.24174328901988573f,0f,0f,0f,1f],start_interpolation:0}
execute if entity @s[tag=aj.assembler.bone.octagon2] run data modify entity @s {} merge value {transformation:[-0.8872026383384927f,0f,0.4613799719593576f,-0.8593749999999999f,0f,1f,0f,-0.40625f,-0.4613799719593576f,0f,-0.8872026383384927f,-0.171875f,0f,0f,0f,1f],start_interpolation:0}