execute if entity @s[tag=aj.assembler.bone.bone21] run data modify entity @s {} merge value {transformation:[-0.6899160853884035f,-0.7238893528173632f,1.2246467991473532e-16f,-0.8408565467864935f,-0.7238893528173632f,0.6899160853884035f,0f,0.5864804185948816f,-8.449035256511802e-17f,-8.86508778864633e-17f,-1f,-1.1535000000000002f,0f,0f,0f,1f],start_interpolation:0}
execute if entity @s[tag=aj.assembler.bone.arm4] run data modify entity @s {} merge value {transformation:[-0.2242163327513742f,-0.9745393969088807f,1.2246467991473532e-16f,-0.9592978863156202f,-0.9745393969088807f,0.2242163327513742f,0f,0.07168406019673236f,-2.7458581422052804e-17f,-1.1934665530674528e-16f,-1f,-1.1535000000000002f,0f,0f,0f,1f],start_interpolation:0}
execute if entity @s[tag=aj.assembler.bone.small_arm_base4] run data modify entity @s {} merge value {transformation:[-0.9114032766354452f,-0.41151435860510865f,1.2246467991473532e-16f,-0.974550616209885f,-0.41151435860510865f,0.9114032766354452f,0f,0.06479718857763239f,-1.1161471054640075e-16f,-5.0395974206892244e-17f,-1f,-1.0597500000000002f,0f,0f,0f,1f],start_interpolation:0}
execute if entity @s[tag=aj.assembler.bone.bone25] run data modify entity @s {} merge value {transformation:[0.7289686274214113f,-0.6845471059286886f,1.2246467991473532e-16f,1.531195361832059e-16f,-0.6845471059286886f,-0.7289686274214113f,0f,0.5000000000000001f,8.927290962504709e-17f,-8.383284221411526e-17f,-1f,-1.4972500000000002f,0f,0f,0f,1f],start_interpolation:0}
execute if entity @s[tag=aj.assembler.bone.bone16] run data modify entity @s {} merge value {transformation:[0.9934885433637675f,-0.11393205960105918f,1.2246467991473532e-16f,0.5197533653677083f,-0.11393205960105918f,-0.9934885433637675f,0f,0.06097400292653077f,1.2166725646200042e-16f,-1.3952653211070266e-17f,-1f,-1.1535000000000002f,0f,0f,0f,1f],start_interpolation:0}
execute if entity @s[tag=aj.assembler.bone.arm3] run data modify entity @s {} merge value {transformation:[-0.1730963556963479f,-0.9849048947206238f,1.2246467991473532e-16f,0.4283159398032677f,-0.9849048947206238f,0.1730963556963479f,0f,-0.4592978863156202f,-2.1198189794760422e-17f,-1.2061606267841728e-16f,-1f,-1.1535000000000002f,0f,0f,0f,1f],start_interpolation:0}
execute if entity @s[tag=aj.assembler.bone.small_arm_base3] run data modify entity @s {} merge value {transformation:[0.4115143586051085f,-0.9114032766354453f,1.2246467991473532e-16f,0.43520281142236766f,-0.9114032766354453f,-0.4115143586051085f,0f,-0.47455061620988503f,5.039597420689221e-17f,-1.1161471054640078e-16f,-1f,-1.0597500000000002f,0f,0f,0f,1f],start_interpolation:0}
execute if entity @s[tag=aj.assembler.bone.bone15] run data modify entity @s {} merge value {transformation:[0.6845471059286887f,0.7289686274214112f,1.2246467991473532e-16f,1.531195361832059e-16f,0.7289686274214112f,-0.6845471059286887f,0f,0.5000000000000001f,8.383284221411528e-17f,8.927290962504707e-17f,-1f,-1.4972500000000002f,0f,0f,0f,1f],start_interpolation:0}
execute if entity @s[tag=aj.assembler.bone.bone26] run data modify entity @s {} merge value {transformation:[-0.9661105714583387f,-0.2581285798133213f,1.2246467991473532e-16f,-0.2838050352050986f,-0.2581285798133213f,0.9661105714583387f,0f,0.9512031707539756f,-1.1831442189588745e-16f,-3.161163390368363e-17f,-1f,-1.1535000000000002f,0f,0f,0f,1f],start_interpolation:0}
execute if entity @s[tag=aj.assembler.bone.arm5] run data modify entity @s {} merge value {transformation:[-0.273567533096137f,0.9618527979039692f,1.2246467991473532e-16f,-0.4283159398032677f,0.9618527979039692f,0.273567533096137f,0f,1.4592978863156203f,-3.350236037568221e-17f,1.1779299502040218e-16f,-1f,-1.1535000000000002f,0f,0f,0f,1f],start_interpolation:0}
execute if entity @s[tag=aj.assembler.bone.small_arm_base5] run data modify entity @s {} merge value {transformation:[-0.4115143586051088f,0.9114032766354452f,1.2246467991473532e-16f,-0.4352028114223677f,0.9114032766354452f,0.4115143586051088f,0f,1.4745506162098851f,-5.039597420689228e-17f,1.1161471054640075e-16f,-1f,-1.0597500000000002f,0f,0f,0f,1f],start_interpolation:0}
execute if entity @s[tag=aj.assembler.bone.bone20] run data modify entity @s {} merge value {transformation:[-0.6845471059286885f,-0.7289686274214114f,1.2246467991473532e-16f,1.531195361832059e-16f,-0.7289686274214114f,0.6845471059286885f,0f,0.5000000000000001f,-8.383284221411523e-17f,-8.927290962504712e-17f,-1f,-1.4972500000000002f,0f,0f,0f,1f],start_interpolation:0}
execute if entity @s[tag=aj.assembler.bone.bone11] run data modify entity @s {} merge value {transformation:[-0.5167217492783379f,-0.856153393862767f,1.2246467991473532e-16f,0.47107698109287777f,-0.856153393862767f,0.5167217492783379f,0f,0.72661321490116f,-6.328016363035375e-17f,-1.0484855133731808e-16f,-1f,-1.1535000000000002f,0f,0f,0f,1f],start_interpolation:0}
execute if entity @s[tag=aj.assembler.bone.arm2] run data modify entity @s {} merge value {transformation:[-0.9242305210055461f,-0.3818349696424051f,1.2246467991473532e-16f,0.9592978863156204f,-0.3818349696424051f,0.9242305210055461f,0f,0.9283159398032679f,-1.1318559492237325e-16f,-4.676129733750983e-17f,-1f,-1.1535000000000002f,0f,0f,0f,1f],start_interpolation:0}
execute if entity @s[tag=aj.assembler.bone.small_arm_base2] run data modify entity @s {} merge value {transformation:[-0.9114032766354452f,-0.41151435860510865f,1.2246467991473532e-16f,0.9745506162098853f,-0.41151435860510865f,0.9114032766354452f,0f,0.9352028114223678f,-1.1161471054640075e-16f,-5.0395974206892244e-17f,-1f,-1.0597500000000002f,0f,0f,0f,1f],start_interpolation:0}
execute if entity @s[tag=aj.assembler.bone.bone2] run data modify entity @s {} merge value {transformation:[0.7289686274214113f,-0.6845471059286886f,1.2246467991473532e-16f,1.531195361832059e-16f,-0.6845471059286886f,-0.7289686274214113f,0f,0.5000000000000001f,8.927290962504709e-17f,-8.383284221411526e-17f,-1f,-1.4972500000000002f,0f,0f,0f,1f],start_interpolation:0}
execute if entity @s[tag=aj.assembler.bone.ring] run data modify entity @s {} merge value {transformation:[1.3115962110668806f,-1.2316708245851937f,2.2034447591230768e-16f,1.1102230246251565e-16f,-1.2316708245851937f,-1.3115962110668806f,0f,0.5000000000000001f,1.6062421016568516e-16f,-1.5083617329314385e-16f,-1.7992491881391441f,-1.1535000000000002f,0f,0f,0f,1f],start_interpolation:0}
execute if entity @s[tag=aj.assembler.bone.wheel] run data modify entity @s {} merge value {transformation:[-1f,1.1647083184890928e-16f,3.784366730434141e-17f,1.0625f,0f,0.3090169943749467f,-0.9510565162951539f,-0.6249999999999999f,-1.2246467991473532e-16f,-0.9510565162951539f,-0.3090169943749467f,-1.2785f,0f,0f,0f,1f],start_interpolation:0}
execute if entity @s[tag=aj.assembler.bone.wheel2] run data modify entity @s {} merge value {transformation:[-1f,1.1647083184890928e-16f,3.784366730434141e-17f,1.0625f,0f,0.3090169943749467f,-0.9510565162951539f,-0.6249999999999999f,-1.2246467991473532e-16f,-0.9510565162951539f,-0.3090169943749467f,-1.0285f,0f,0f,0f,1f],start_interpolation:0}
execute if entity @s[tag=aj.assembler.bone.rails] run data modify entity @s {} merge value {transformation:[-1.137300743709099f,0f,1.3927917154512523e-16f,-0.43749999999999994f,0f,1.137300743709099f,0f,-0.9999999999999999f,-1.3927917154512523e-16f,0f,-1.137300743709099f,-0.7160000000000002f,0f,0f,0f,1f],start_interpolation:0}
execute if entity @s[tag=aj.assembler.bone.wheel3] run data modify entity @s {} merge value {transformation:[-1f,1.1647083184890928e-16f,3.784366730434141e-17f,-1.0625f,0f,0.3090169943749467f,-0.9510565162951539f,-0.6249999999999999f,-1.2246467991473532e-16f,-0.9510565162951539f,-0.3090169943749467f,-1.0285000000000002f,0f,0f,0f,1f],start_interpolation:0}
execute if entity @s[tag=aj.assembler.bone.wheel4] run data modify entity @s {} merge value {transformation:[-1f,1.1647083184890928e-16f,3.784366730434141e-17f,-1.0625f,0f,0.3090169943749467f,-0.9510565162951539f,-0.6249999999999999f,-1.2246467991473532e-16f,-0.9510565162951539f,-0.3090169943749467f,-1.2785000000000002f,0f,0f,0f,1f],start_interpolation:0}
execute if entity @s[tag=aj.assembler.bone.rails2] run data modify entity @s {} merge value {transformation:[-1.2038220325092979f,0f,1.4742567988555726e-16f,0.4375f,0f,1.2038220325092979f,0f,-0.9999999999999999f,-1.4742567988555726e-16f,0f,-1.2038220325092979f,-0.7160000000000001f,0f,0f,0f,1f],start_interpolation:0}
execute if entity @s[tag=aj.assembler.bone.bone6] run data modify entity @s {} merge value {transformation:[0.08243032201757648f,-0.32619596995082767f,-0.9417013492609625f,0.40147641477808904f,0f,0.9449170624489266f,-0.3273098609771651f,0.6737999302072485f,0.9965968302237764f,0.026980257239875908f,0.07788981773756745f,-0.03993124517016674f,0f,0f,0f,1f],start_interpolation:0}
execute if entity @s[tag=aj.assembler.bone.bone5] run data modify entity @s {} merge value {transformation:[0.08243032201757648f,-0.14088553435382634f,-0.9865883174971795f,0.27061552769896724f,0f,0.9899573102953281f,-0.14136662899298186f,0.6584988056505432f,0.9965968302237764f,0.011652896750430755f,0.08160249987129778f,-0.029107505083600715f,0f,0f,0f,1f],start_interpolation:0}
execute if entity @s[tag=aj.assembler.bone.bone4] run data modify entity @s {} merge value {transformation:[0.08243032201757648f,-0.14088553435382634f,-0.9865883174971795f,0.9150004187148055f,0f,0.9899573102953281f,-0.14136662899298186f,0.28075261144289665f,0.9965968302237764f,0.011652896750430755f,0.08160249987129778f,-0.27054601539440337f,0f,0f,0f,1f],start_interpolation:0}
execute if entity @s[tag=aj.assembler.bone.bone3] run data modify entity @s {} merge value {transformation:[0.08243032201757648f,-0.5169786419090623f,-0.8520201440235672f,0.7945117505479647f,0f,0.8549296146489389f,-0.5187440158654524f,-0.234375f,0.9965968302237764f,0.042760236272480046f,0.07047212343787461f,-0.19786675581839436f,0f,0f,0f,1f],start_interpolation:0}
execute if entity @s[tag=aj.assembler.bone.octagon] run data modify entity @s {} merge value {transformation:[0.08243032201757648f,0f,-0.9965968302237764f,0.859375f,0f,1f,0f,-0.40625f,0.9965968302237764f,0f,0.08243032201757648f,-0.1718749999999999f,0f,0f,0f,1f],start_interpolation:0}
execute if entity @s[tag=aj.assembler.bone.bone10] run data modify entity @s {} merge value {transformation:[0.1809502324490978f,-0.31802586166265523f,0.9306538371974529f,-0.9064304965850507f,0f,0.9462746997318413f,0.3233638703495079f,0.6417776430597455f,-0.9834922538467792f,-0.05851276750538338f,0.17122862687717694f,-0.08520904343395427f,0f,0f,0f,1f],start_interpolation:0}
execute if entity @s[tag=aj.assembler.bone.bone9] run data modify entity @s {} merge value {transformation:[0.1809502324490978f,-0.25520967547065854f,0.9498026294566564f,-0.7817836111002102f,0f,0.9657449011333328f,0.2594933254150656f,0.6793683301723284f,-0.9834922538467792f,-0.04695537755284549f,0.17475176434660755f,-0.06227558075103229f,0f,0f,0f,1f],start_interpolation:0}
execute if entity @s[tag=aj.assembler.bone.bone8] run data modify entity @s {} merge value {transformation:[0.1809502324490978f,-0.25520967547065854f,0.9498026294566564f,-1.1807266472253128f,0f,0.9657449011333328f,0.2594933254150656f,0.1062309047221609f,-0.9834922538467792f,-0.04695537755284549f,0.17475176434660755f,-0.3263232477306685f,0f,0f,0f,1f],start_interpolation:0}
execute if entity @s[tag=aj.assembler.bone.bone7] run data modify entity @s {} merge value {transformation:[0.1809502324490978f,-0.08640097129882701f,0.9796896883887453f,-0.7922520393705419f,0f,0.9961336091431724f,0.08785119655074339f,-0.234375f,-0.9834922538467792f,-0.015896694436788397f,0.18025060812481578f,-0.19129974340464323f,0f,0f,0f,1f],start_interpolation:0}
execute if entity @s[tag=aj.assembler.bone.octagon2] run data modify entity @s {} merge value {transformation:[0.1809502324490978f,0f,0.9834922538467792f,-0.8593749999999999f,0f,1f,0f,-0.40625f,-0.9834922538467792f,0f,0.1809502324490978f,-0.171875f,0f,0f,0f,1f],start_interpolation:0}