execute if entity @s[tag=aj.assembler.bone.bone21] run data modify entity @s {} merge value {transformation:[0.9325193032790734f,0.3611201309978609f,1.2246467991473532e-16f,0.4285324941101215f,0.3611201309978609f,-0.9325193032790734f,0f,0.13742844078686406f,1.142006779903837e-16f,4.422446125342032e-17f,-1f,-1.6295000000000002f,0f,0f,0f,1f],start_interpolation:0}
execute if entity @s[tag=aj.assembler.bone.arm4] run data modify entity @s {} merge value {transformation:[0.3255137794447772f,-0.9455372966687128f,1.2246467991473532e-16f,0.6004837859697545f,-0.9455372966687128f,-0.3255137794447772f,0f,-0.3620476795204567f,3.9863940807540393e-17f,-1.1579492238397804e-16f,-1f,-1.6295000000000002f,0f,0f,0f,1f],start_interpolation:0}
execute if entity @s[tag=aj.assembler.bone.small_arm_base4] run data modify entity @s {} merge value {transformation:[0.5750052520432783f,-0.8181497174250238f,1.2246467991473532e-16f,0.6101067487372099f,-0.8181497174250238f,-0.5750052520432783f,0f,-0.37573977057703134f,7.041783414077179e-17f,-1.001944432667867e-16f,-1f,-1.5357500000000002f,0f,0f,0f,1f],start_interpolation:0}
execute if entity @s[tag=aj.assembler.bone.bone25] run data modify entity @s {} merge value {transformation:[0.535826794978997f,0.844327925502015f,1.2246467991473532e-16f,2.6414183864572156e-16f,0.844327925502015f,-0.535826794978997f,0f,0.5000000000000001f,6.561985693684138e-17f,1.0340034913967675e-16f,-1f,-1.9732500000000002f,0f,0f,0f,1f],start_interpolation:0}
execute if entity @s[tag=aj.assembler.bone.bone16] run data modify entity @s {} merge value {transformation:[0.7364327687479303f,0.6765107368802494f,1.2246467991473532e-16f,0.6517517696525935f,0.6765107368802494f,-0.7364327687479303f,0f,0.6159022429635255f,9.018700330343759e-17f,8.284867085092147e-17f,-1f,-1.6295000000000002f,0f,0f,0f,1f],start_interpolation:0}
execute if entity @s[tag=aj.assembler.bone.arm3] run data modify entity @s {} merge value {transformation:[0.39810236772601243f,0.917340997018526f,1.2246467991473532e-16f,0.8620476795204571f,0.917340997018526f,-0.39810236772601243f,0f,1.100483785969754f,4.875347903686437e-17f,1.1234187157253796e-16f,-1f,-1.6295000000000002f,0f,0f,0f,1f],start_interpolation:0}
execute if entity @s[tag=aj.assembler.bone.small_arm_base3] run data modify entity @s {} merge value {transformation:[0.8181497174250241f,0.5750052520432782f,1.2246467991473532e-16f,0.8757397705770318f,0.5750052520432782f,-0.8181497174250241f,0f,1.1101067487372096f,1.0019444326678672e-16f,7.041783414077177e-17f,-1f,-1.5357500000000002f,0f,0f,0f,1f],start_interpolation:0}
execute if entity @s[tag=aj.assembler.bone.bone15] run data modify entity @s {} merge value {transformation:[-0.8443279255020149f,0.5358267949789972f,1.2246467991473532e-16f,2.6414183864572156e-16f,0.5358267949789972f,0.8443279255020149f,0f,0.5000000000000001f,-1.0340034913967674e-16f,6.56198569368414e-17f,-1f,-1.9732500000000002f,0f,0f,0f,1f],start_interpolation:0}
execute if entity @s[tag=aj.assembler.bone.bone26] run data modify entity @s {} merge value {transformation:[0.6115746578912988f,-0.7911867275334826f,1.2246467991473532e-16f,-0.43308650726835995f,-0.7911867275334826f,-0.6115746578912988f,0f,0.2077952341233378f,7.489629472262166e-17f,-9.689242934017485e-17f,-1f,-1.6295000000000002f,0f,0f,0f,1f],start_interpolation:0}
execute if entity @s[tag=aj.assembler.bone.arm5] run data modify entity @s {} merge value {transformation:[-0.8120484057126296f,-0.5835900845452886f,1.2246467991473532e-16f,-0.8620476795204565f,-0.5835900845452886f,0.8120484057126296f,0f,-0.10048378596975424f,-9.94472480808683e-17f,-7.146917290525209e-17f,-1f,-1.6295000000000002f,0f,0f,0f,1f],start_interpolation:0}
execute if entity @s[tag=aj.assembler.bone.small_arm_base5] run data modify entity @s {} merge value {transformation:[-0.8181497174250236f,-0.5750052520432785f,1.2246467991473532e-16f,-0.8757397705770311f,-0.5750052520432785f,0.8181497174250236f,0f,-0.11010674873720971f,-1.0019444326678667e-16f,-7.041783414077182e-17f,-1f,-1.5357500000000002f,0f,0f,0f,1f],start_interpolation:0}
execute if entity @s[tag=aj.assembler.bone.bone20] run data modify entity @s {} merge value {transformation:[0.8443279255020151f,-0.5358267949789968f,1.2246467991473532e-16f,2.6414183864572156e-16f,-0.5358267949789968f,-0.8443279255020151f,0f,0.5000000000000001f,1.0340034913967676e-16f,-6.561985693684135e-17f,-1f,-1.9732500000000002f,0f,0f,0f,1f],start_interpolation:0}
execute if entity @s[tag=aj.assembler.bone.bone11] run data modify entity @s {} merge value {transformation:[0.9996762450986703f,0.025444154248546513f,1.2246467991473532e-16f,-0.1596515310630277f,0.025444154248546513f,-0.9996762450986703f,0f,1.0709968857347314f,1.2242503137437315e-16f,3.1160102057494e-18f,-1f,-1.6295000000000002f,0f,0f,0f,1f],start_interpolation:0}
execute if entity @s[tag=aj.assembler.bone.arm2] run data modify entity @s {} merge value {transformation:[0.8345210544448316f,-0.5509760518282867f,1.2246467991473532e-16f,-0.600483785969754f,-0.5509760518282867f,-0.8345210544448316f,0f,1.362047679520457f,1.0219935381469371e-16f,-6.747510582783576e-17f,-1f,-1.6295000000000002f,0f,0f,0f,1f],start_interpolation:0}
execute if entity @s[tag=aj.assembler.bone.small_arm_base2] run data modify entity @s {} merge value {transformation:[0.5750052520432783f,-0.8181497174250238f,1.2246467991473532e-16f,-0.6101067487372095f,-0.8181497174250238f,-0.5750052520432783f,0f,1.3757397705770316f,7.041783414077179e-17f,-1.001944432667867e-16f,-1f,-1.5357500000000002f,0f,0f,0f,1f],start_interpolation:0}
execute if entity @s[tag=aj.assembler.bone.bone2] run data modify entity @s {} merge value {transformation:[0.535826794978997f,0.844327925502015f,1.2246467991473532e-16f,2.6414183864572156e-16f,0.844327925502015f,-0.535826794978997f,0f,0.5000000000000001f,6.561985693684138e-17f,1.0340034913967675e-16f,-1f,-1.9732500000000002f,0f,0f,0f,1f],start_interpolation:0}
execute if entity @s[tag=aj.assembler.bone.ring] run data modify entity @s {} merge value {transformation:[0.96408592584916f,1.5191563344827081f,2.2034447591230768e-16f,2.220446049250313e-16f,1.5191563344827081f,-0.96408592584916f,0f,0.5000000000000001f,1.1806647431941864e-16f,1.8604299424286744e-16f,-1.7992491881391441f,-1.6295000000000002f,0f,0f,0f,1f],start_interpolation:0}
execute if entity @s[tag=aj.assembler.bone.wheel] run data modify entity @s {} merge value {transformation:[-1f,-7.19829327805997e-17f,-9.907600726170914e-17f,1.0625000000000002f,0f,-0.8090169943749472f,0.5877852522924734f,-0.6249999999999999f,-1.2246467991473532e-16f,0.5877852522924734f,0.8090169943749472f,-1.7545f,0f,0f,0f,1f],start_interpolation:0}
execute if entity @s[tag=aj.assembler.bone.wheel2] run data modify entity @s {} merge value {transformation:[-1f,-7.19829327805997e-17f,-9.907600726170914e-17f,1.0625000000000002f,0f,-0.8090169943749472f,0.5877852522924734f,-0.6249999999999999f,-1.2246467991473532e-16f,0.5877852522924734f,0.8090169943749472f,-1.5045f,0f,0f,0f,1f],start_interpolation:0}
execute if entity @s[tag=aj.assembler.bone.rails] run data modify entity @s {} merge value {transformation:[-1.137300743709099f,0f,1.3927917154512523e-16f,-0.43749999999999983f,0f,1.137300743709099f,0f,-0.9999999999999999f,-1.3927917154512523e-16f,0f,-1.137300743709099f,-1.1920000000000002f,0f,0f,0f,1f],start_interpolation:0}
execute if entity @s[tag=aj.assembler.bone.wheel3] run data modify entity @s {} merge value {transformation:[-1f,-7.19829327805997e-17f,-9.907600726170914e-17f,-1.0625f,0f,-0.8090169943749472f,0.5877852522924734f,-0.6249999999999999f,-1.2246467991473532e-16f,0.5877852522924734f,0.8090169943749472f,-1.5045000000000004f,0f,0f,0f,1f],start_interpolation:0}
execute if entity @s[tag=aj.assembler.bone.wheel4] run data modify entity @s {} merge value {transformation:[-1f,-7.19829327805997e-17f,-9.907600726170914e-17f,-1.0625f,0f,-0.8090169943749472f,0.5877852522924734f,-0.6249999999999999f,-1.2246467991473532e-16f,0.5877852522924734f,0.8090169943749472f,-1.7545000000000004f,0f,0f,0f,1f],start_interpolation:0}
execute if entity @s[tag=aj.assembler.bone.rails2] run data modify entity @s {} merge value {transformation:[-1.2038220325092979f,0f,1.4742567988555726e-16f,0.4375000000000001f,0f,1.2038220325092979f,0f,-0.9999999999999999f,-1.4742567988555726e-16f,0f,-1.2038220325092979f,-1.1920000000000002f,0f,0f,0f,1f],start_interpolation:0}
execute if entity @s[tag=aj.assembler.bone.bone6] run data modify entity @s {} merge value {transformation:[-0.9621749371190226f,0.04804955745695225f,-0.26816157518965317f,0.4669187988966641f,0f,0.9843235065890721f,0.17637243088474092f,0.7040485704355249f,0.27243235927474724f,0.16970113259605474f,-0.9470914080571163f,-1.213827290007881f,0f,0f,0f,1f],start_interpolation:0}
execute if entity @s[tag=aj.assembler.bone.bone5] run data modify entity @s {} merge value {transformation:[-0.9621749371190226f,-0.10647896556077843f,-0.25076207901736564f,0.43341642123582313f,0f,0.9204562911870274f,-0.39084551425623665f,0.6555409274290196f,0.27243235927474724f,-0.3760617581027465f,-0.8856399740936869f,-1.3321507821399163f,0f,0f,0f,1f],start_interpolation:0}
execute if entity @s[tag=aj.assembler.bone.bone4] run data modify entity @s {} merge value {transformation:[-0.9621749371190226f,-0.10647896556077843f,-0.25076207901736564f,0.9259362097756626f,0f,0.9204562911870274f,-0.39084551425623665f,0.29539882105859894f,0.27243235927474724f,-0.3760617581027465f,-0.8856399740936869f,-0.2809166433958817f,0f,0f,0f,1f],start_interpolation:0}
execute if entity @s[tag=aj.assembler.bone.bone3] run data modify entity @s {} merge value {transformation:[-0.9621749371190226f,-0.20125760010342122f,-0.18361581843789043f,0.8724159443302978f,0f,0.6739868161282354f,-0.7387433733613616f,-0.234375f,0.27243235927474724f,-0.7108003588110627f,-0.6484932224272352f,-0.24052444479727464f,0f,0f,0f,1f],start_interpolation:0}
execute if entity @s[tag=aj.assembler.bone.octagon] run data modify entity @s {} merge value {transformation:[-0.9621749371190226f,0f,-0.27243235927474724f,0.859375f,0f,1f,0f,-0.40625f,0.27243235927474724f,0f,-0.9621749371190226f,-0.1718749999999999f,0f,0f,0f,1f],start_interpolation:0}
execute if entity @s[tag=aj.assembler.bone.bone10] run data modify entity @s {} merge value {transformation:[-0.6588575347841924f,0.5925777612933565f,0.4634202689553518f,-0.5231773517613381f,0f,0.616031029731219f,-0.7877218864601223f,0.46719720132600556f,-0.7522677374832027f,-0.5189965002086696f,-0.4058766855992785f,-0.34170330361194445f,0f,0f,0f,1f],start_interpolation:0}
execute if entity @s[tag=aj.assembler.bone.bone9] run data modify entity @s {} merge value {transformation:[-0.6588575347841924f,0.2678717949317888f,0.7029590673276208f,-0.429365008203092f,0f,0.9344532967470468f,-0.3560857146791704f,0.4233309408549694f,-0.7522677374832027f,-0.2346097561453855f,-0.6156715954657206f,-0.4238668290821483f,0f,0f,0f,1f],start_interpolation:0}
execute if entity @s[tag=aj.assembler.bone.bone8] run data modify entity @s {} merge value {transformation:[-0.6588575347841924f,0.2678717949317888f,0.7029590673276208f,-1.1035246285503204f,0f,0.9344532967470468f,-0.3560857146791704f,0.19951440991281877f,-0.7522677374832027f,-0.2346097561453855f,-0.6156715954657206f,-0.08266497670475159f,0f,0f,0f,1f],start_interpolation:0}
execute if entity @s[tag=aj.assembler.bone.bone7] run data modify entity @s {} merge value {transformation:[-0.6588575347841924f,0.1293367152747141f,0.7410659639600542f,-0.8329475643693057f,0f,0.9851093261547739f,-0.17192910027940955f,-0.234375f,-0.7522677374832027f,-0.11327678316775598f,-0.6490467021232512f,-0.23656196272036212f,0f,0f,0f,1f],start_interpolation:0}
execute if entity @s[tag=aj.assembler.bone.octagon2] run data modify entity @s {} merge value {transformation:[-0.6588575347841924f,0f,0.7522677374832027f,-0.8593749999999999f,0f,1f,0f,-0.40625f,-0.7522677374832027f,0f,-0.6588575347841924f,-0.171875f,0f,0f,0f,1f],start_interpolation:0}