execute if entity @s[tag=aj.assembler.bone.bone21] run data modify entity @s {} merge value {transformation:[0.4202498431401752f,0.9074084357887896f,1.2246467991473532e-16f,-0.15774536688481083f,0.9074084357887896f,-0.4202498431401752f,0f,-0.0029733645042833157f,5.146576252437929e-17f,1.1112548364080478e-16f,-1f,-1.7485000000000004f,0f,0f,0f,1f],start_interpolation:0}
execute if entity @s[tag=aj.assembler.bone.arm4] run data modify entity @s {} merge value {transformation:[-0.11282798129641992f,-0.9936145362446016f,1.2246467991473532e-16f,-0.2173462758691423f,-0.9936145362446016f,0.11282798129641992f,0f,-0.5278460854354545f,-1.3817442614891801e-17f,-1.2168268613982332e-16f,-1f,-1.7485000000000004f,0f,0f,0f,1f],start_interpolation:0}
execute if entity @s[tag=aj.assembler.bone.small_arm_base4] run data modify entity @s {} merge value {transformation:[-0.20278729535651258f,-0.9792228106217657f,1.2246467991473532e-16f,-0.22074000938026134f,-0.9792228106217657f,0.20278729535651258f,0f,-0.5442338047026641f,-2.48342812166102e-17f,-1.1992020806800203e-16f,-1f,-1.6547500000000004f,0f,0f,0f,1f],start_interpolation:0}
execute if entity @s[tag=aj.assembler.bone.bone25] run data modify entity @s {} merge value {transformation:[0.9822872507286886f,0.18738131458572455f,1.2246467991473532e-16f,2.6414183864572156e-16f,0.18738131458572455f,-0.9822872507286886f,0f,0.5000000000000001f,1.202954937448142e-16f,2.2947592712743082e-17f,-1f,-2.0922500000000004f,0f,0f,0f,1f],start_interpolation:0}
execute if entity @s[tag=aj.assembler.bone.bone16] run data modify entity @s {} merge value {transformation:[0.35100184036069937f,0.9363747690232804f,1.2246467991473532e-16f,0.6485765766044485f,0.9363747690232804f,-0.35100184036069937f,0f,0.6503469130812877f,4.298532802925605e-17f,1.1467283636867025e-16f,-1f,-1.7485000000000004f,0f,0f,0f,1f],start_interpolation:0}
execute if entity @s[tag=aj.assembler.bone.arm3] run data modify entity @s {} merge value {transformation:[0.7179792016248754f,-0.6960645559386762f,1.2246467991473532e-16f,1.027846085435455f,-0.6960645559386762f,-0.7179792016248754f,0f,0.2826537241308574f,8.792709311242757e-17f,-8.524332304302234e-17f,-1f,-1.7485000000000004f,0f,0f,0f,1f],start_interpolation:0}
execute if entity @s[tag=aj.assembler.bone.small_arm_base3] run data modify entity @s {} merge value {transformation:[0.9792228106217657f,-0.2027872953565128f,1.2246467991473532e-16f,1.0442338047026645f,-0.2027872953565128f,-0.9792228106217657f,0f,0.27925999061973833f,1.19920208068002e-16f,-2.4834281216610224e-17f,-1f,-1.6547500000000004f,0f,0f,0f,1f],start_interpolation:0}
execute if entity @s[tag=aj.assembler.bone.bone15] run data modify entity @s {} merge value {transformation:[-0.18738131458572432f,0.9822872507286886f,1.2246467991473532e-16f,2.6414183864572156e-16f,0.9822872507286886f,0.18738131458572432f,0f,0.5000000000000001f,-2.2947592712743054e-17f,1.202954937448142e-16f,-1f,-2.0922500000000004f,0f,0f,0f,1f],start_interpolation:0}
execute if entity @s[tag=aj.assembler.bone.bone26] run data modify entity @s {} merge value {transformation:[-0.6995474191860739f,0.714586179764277f,1.2246467991473532e-16f,-0.4999656053428765f,0.714586179764277f,0.6995474191860739f,0f,0.6977034586913718f,-8.56698507758017e-17f,8.751156777632567e-17f,-1f,-1.7485000000000004f,0f,0f,0f,1f],start_interpolation:0}
execute if entity @s[tag=aj.assembler.bone.arm5] run data modify entity @s {} merge value {transformation:[-0.999308398975731f,0.03718499343231699f,1.2246467991473532e-16f,-1.0278460854354543f,0.03718499343231699f,0.999308398975731f,0f,0.7173462758691423f,-1.223799832166695e-16f,4.5538483183202304e-18f,-1f,-1.7485000000000004f,0f,0f,0f,1f],start_interpolation:0}
execute if entity @s[tag=aj.assembler.bone.small_arm_base5] run data modify entity @s {} merge value {transformation:[-0.9792228106217659f,0.20278729535651238f,1.2246467991473532e-16f,-1.044233804702664f,0.20278729535651238f,0.9792228106217659f,0f,0.7207400093802614f,-1.1992020806800203e-16f,2.4834281216610175e-17f,-1f,-1.6547500000000004f,0f,0f,0f,1f],start_interpolation:0}
execute if entity @s[tag=aj.assembler.bone.bone20] run data modify entity @s {} merge value {transformation:[0.18738131458572477f,-0.9822872507286886f,1.2246467991473532e-16f,2.6414183864572156e-16f,-0.9822872507286886f,-0.18738131458572477f,0f,0.5000000000000001f,2.294759271274311e-17f,-1.202954937448142e-16f,-1f,-2.0922500000000004f,0f,0f,0f,1f],start_interpolation:0}
execute if entity @s[tag=aj.assembler.bone.bone11] run data modify entity @s {} merge value {transformation:[0.981117050239972f,0.1934149263330418f,1.2246467991473532e-16f,-0.16036108958890635f,0.1934149263330418f,-0.981117050239972f,0f,1.1585483903327238f,1.2015218551652748e-16f,2.3686497044108098e-17f,-1f,-1.7485000000000004f,0f,0f,0f,1f],start_interpolation:0}
execute if entity @s[tag=aj.assembler.bone.arm2] run data modify entity @s {} merge value {transformation:[-0.7150219735176212f,-0.6991019792469237f,1.2246467991473532e-16f,0.21734627586914276f,-0.6991019792469237f,0.7150219735176212f,0f,1.5278460854354545f,-8.756493711883783e-17f,-8.561530011623247e-17f,-1f,-1.7485000000000004f,0f,0f,0f,1f],start_interpolation:0}
execute if entity @s[tag=aj.assembler.bone.small_arm_base2] run data modify entity @s {} merge value {transformation:[-0.20278729535651258f,-0.9792228106217657f,1.2246467991473532e-16f,0.22074000938026178f,-0.9792228106217657f,0.20278729535651258f,0f,1.5442338047026642f,-2.48342812166102e-17f,-1.1992020806800203e-16f,-1f,-1.6547500000000004f,0f,0f,0f,1f],start_interpolation:0}
execute if entity @s[tag=aj.assembler.bone.bone2] run data modify entity @s {} merge value {transformation:[0.9822872507286886f,0.18738131458572455f,1.2246467991473532e-16f,2.6414183864572156e-16f,0.18738131458572455f,-0.9822872507286886f,0f,0.5000000000000001f,1.202954937448142e-16f,2.2947592712743082e-17f,-1f,-2.0922500000000004f,0f,0f,0f,1f],start_interpolation:0}
execute if entity @s[tag=aj.assembler.bone.ring] run data modify entity @s {} merge value {transformation:[1.7673795383930249f,0.3371456781408105f,2.2034447591230768e-16f,2.220446049250313e-16f,0.3371456781408105f,-1.7673795383930249f,0f,0.5000000000000001f,2.1644156945715445e-16f,4.128843755815073e-17f,-1.7992491881391441f,-1.7485000000000004f,0f,0f,0f,1f],start_interpolation:0}
execute if entity @s[tag=aj.assembler.bone.wheel] run data modify entity @s {} merge value {transformation:[-1f,-1.1647083184890928e-16f,-3.7843667304341425e-17f,1.0625000000000002f,0f,-0.3090169943749468f,0.9510565162951539f,-0.6249999999999999f,-1.2246467991473532e-16f,0.9510565162951539f,0.3090169943749468f,-1.8735000000000002f,0f,0f,0f,1f],start_interpolation:0}
execute if entity @s[tag=aj.assembler.bone.wheel2] run data modify entity @s {} merge value {transformation:[-1f,-1.1647083184890928e-16f,-3.7843667304341425e-17f,1.0625000000000002f,0f,-0.3090169943749468f,0.9510565162951539f,-0.6249999999999999f,-1.2246467991473532e-16f,0.9510565162951539f,0.3090169943749468f,-1.6235000000000002f,0f,0f,0f,1f],start_interpolation:0}
execute if entity @s[tag=aj.assembler.bone.rails] run data modify entity @s {} merge value {transformation:[-1.137300743709099f,0f,1.3927917154512523e-16f,-0.43749999999999983f,0f,1.137300743709099f,0f,-0.9999999999999999f,-1.3927917154512523e-16f,0f,-1.137300743709099f,-1.3110000000000004f,0f,0f,0f,1f],start_interpolation:0}
execute if entity @s[tag=aj.assembler.bone.wheel3] run data modify entity @s {} merge value {transformation:[-1f,-1.1647083184890928e-16f,-3.7843667304341425e-17f,-1.0625f,0f,-0.3090169943749468f,0.9510565162951539f,-0.6249999999999999f,-1.2246467991473532e-16f,0.9510565162951539f,0.3090169943749468f,-1.6235000000000006f,0f,0f,0f,1f],start_interpolation:0}
execute if entity @s[tag=aj.assembler.bone.wheel4] run data modify entity @s {} merge value {transformation:[-1f,-1.1647083184890928e-16f,-3.7843667304341425e-17f,-1.0625f,0f,-0.3090169943749468f,0.9510565162951539f,-0.6249999999999999f,-1.2246467991473532e-16f,0.9510565162951539f,0.3090169943749468f,-1.8735000000000006f,0f,0f,0f,1f],start_interpolation:0}
execute if entity @s[tag=aj.assembler.bone.rails2] run data modify entity @s {} merge value {transformation:[-1.2038220325092979f,0f,1.4742567988555726e-16f,0.4375000000000001f,0f,1.2038220325092979f,0f,-0.9999999999999999f,-1.4742567988555726e-16f,0f,-1.2038220325092979f,-1.3110000000000004f,0f,0f,0f,1f],start_interpolation:0}
execute if entity @s[tag=aj.assembler.bone.bone6] run data modify entity @s {} merge value {transformation:[0.11260111001987703f,-0.9934588562226248f,-0.01898660093659893f,-0.20480314158488472f,0f,0.01910812340518031f,-0.9998174231428119f,0.35156823755460453f,0.9936402719406513f,0.11258055166309369f,0.0021515959058201056f,0.04306962939209921f,0f,0f,0f,1f],start_interpolation:0}
execute if entity @s[tag=aj.assembler.bone.bone5] run data modify entity @s {} merge value {transformation:[0.11260111001987703f,-0.6571726843594472f,-0.7452818614149213f,-0.3055380240178379f,0f,0.7500519880895447f,-0.6613788741431962f,0.26672709016105345f,0.9936402719406513f,0.07447199537222043f,0.08445668643149831f,0.05448508818536946f,0f,0f,0f,1f],start_interpolation:0}
execute if entity @s[tag=aj.assembler.bone.bone4] run data modify entity @s {} merge value {transformation:[0.11260111001987703f,-0.6571726843594472f,-0.7452818614149213f,0.8940705968692236f,0f,0.7500519880895447f,-0.6613788741431962f,0.28483306651976026f,0.9936402719406513f,0.07447199537222043f,0.08445668643149831f,-0.27015680829420885f,0f,0f,0f,1f],start_interpolation:0}
execute if entity @s[tag=aj.assembler.bone.bone3] run data modify entity @s {} merge value {transformation:[0.11260111001987703f,-0.5447354353074622f,-0.8310140164538028f,0.7937536983155882f,0f,0.83633286604897f,-0.5482219780037241f,-0.234375f,0.9936402719406513f,0.06173040326051194f,0.09417200906321915f,-0.19588868912190294f,0f,0f,0f,1f],start_interpolation:0}
execute if entity @s[tag=aj.assembler.bone.octagon] run data modify entity @s {} merge value {transformation:[0.11260111001987703f,0f,-0.9936402719406513f,0.859375f,0f,1f,0f,-0.40625f,0.9936402719406513f,0f,0.11260111001987703f,-0.1718749999999999f,0f,0f,0f,1f],start_interpolation:0}
execute if entity @s[tag=aj.assembler.bone.bone10] run data modify entity @s {} merge value {transformation:[-0.9854797872456915f,-0.027160537633952604f,0.16760636660228992f,-0.5616183511686533f,0f,0.9871230349471414f,0.15996285155230516f,0.8252278857182103f,-0.16979278232653636f,0.15764015691497976f,-0.9727897984650301f,-1.3479153251846454f,0f,0f,0f,1f],start_interpolation:0}
execute if entity @s[tag=aj.assembler.bone.bone9] run data modify entity @s {} merge value {transformation:[-0.9854797872456915f,0.04491806484788634f,0.16374356897450243f,-0.5398258904196416f,0f,0.9643729652748112f,-0.26454637371747836f,0.7935609224735791f,-0.16979278232653636f,-0.2607051040877198f,-0.9503700646445176f,-1.4743990854966396f,0f,0f,0f,1f],start_interpolation:0}
execute if entity @s[tag=aj.assembler.bone.bone8] run data modify entity @s {} merge value {transformation:[-0.9854797872456915f,0.04491806484788634f,0.16374356897450243f,-0.9133352105778972f,0f,0.9643729652748112f,-0.26454637371747836f,0.2700167576170771f,-0.16979278232653636f,-0.2607051040877198f,-0.9503700646445176f,-0.4108327613607432f,0f,0f,0f,1f],start_interpolation:0}
execute if entity @s[tag=aj.assembler.bone.bone7] run data modify entity @s {} merge value {transformation:[-0.9854797872456915f,0.15127806731913765f,0.07710081243653022f,-0.8795591944560193f,0f,0.4540876907727095f,-0.8909569962061626f,-0.234375f,-0.16979278232653636f,-0.8780201110663095f,-0.4474942408935771f,-0.23877351115055997f,0f,0f,0f,1f],start_interpolation:0}
execute if entity @s[tag=aj.assembler.bone.octagon2] run data modify entity @s {} merge value {transformation:[-0.9854797872456915f,0f,0.16979278232653636f,-0.8593749999999999f,0f,1f,0f,-0.40625f,-0.16979278232653636f,0f,-0.9854797872456915f,-0.171875f,0f,0f,0f,1f],start_interpolation:0}