execute if entity @s[tag=aj.assembler.bone.bone21] run data modify entity @s {} merge value {transformation:[0.9996951766166292f,0.02468914436441648f,1.2246467991473532e-16f,-0.7603496170116887f,0.02468914436441648f,-0.9996951766166292f,0f,0.32408857036938743f,1.2242734981666025e-16f,3.0235481619569554e-18f,-1f,-1.2514999999999996f,0f,0f,0f,1f],start_interpolation:0}
execute if entity @s[tag=aj.assembler.bone.arm4] run data modify entity @s {} merge value {transformation:[-0.037179630963509736f,-0.9993085985026937f,1.2246467991473532e-16f,-0.7799896014877513f,-0.9993085985026937f,0.037179630963509736f,0f,-0.20379201512247355f,-4.5531916052942e-18f,-1.223800076516751e-16f,-1f,-1.2514999999999996f,0f,0f,0f,1f],start_interpolation:0}
execute if entity @s[tag=aj.assembler.bone.small_arm_base4] run data modify entity @s {} merge value {transformation:[-0.7396310949786099f,-0.6730125135097734f,1.2246467991473532e-16f,-0.7923676492766014f,-0.6730125135097734f,0.7396310949786099f,0f,-0.2150551720006454f,-9.057868530154065e-17f,-8.242026204558588e-17f,-1f,-1.1577499999999996f,0f,0f,0f,1f],start_interpolation:0}
execute if entity @s[tag=aj.assembler.bone.bone25] run data modify entity @s {} merge value {transformation:[0.9048270524660196f,-0.4257792915650727f,1.2246467991473532e-16f,2.6414183864572156e-16f,-0.4257792915650727f,-0.9048270524660196f,0f,0.5000000000000001f,1.108093553584445e-16f,-5.214292465583939e-17f,-1f,-1.5952499999999996f,0f,0f,0f,1f],start_interpolation:0}
execute if entity @s[tag=aj.assembler.bone.bone16] run data modify entity @s {} merge value {transformation:[0.7284022738454747f,-0.6851497117103256f,1.2246467991473532e-16f,0.4063396357952818f,-0.6851497117103256f,-0.7284022738454747f,0f,0.15654873996926433f,8.920355131565145e-17f,-8.390664013827823e-17f,-1f,-1.2514999999999996f,0f,0f,0f,1f],start_interpolation:0}
execute if entity @s[tag=aj.assembler.bone.arm3] run data modify entity @s {} merge value {transformation:[0.5630946249515569f,-0.8263924269683658f,1.2246467991473532e-16f,0.7037920151224737f,-0.8263924269683658f,-0.5630946249515569f,0f,-0.27998960148775154f,6.895920300640033e-17f,-1.0120388405264221e-16f,-1f,-1.2514999999999996f,0f,0f,0f,1f],start_interpolation:0}
execute if entity @s[tag=aj.assembler.bone.small_arm_base3] run data modify entity @s {} merge value {transformation:[0.6730125135097733f,-0.73963109497861f,1.2246467991473532e-16f,0.7150551720006455f,-0.73963109497861f,-0.6730125135097733f,0f,-0.29236764927660164f,8.242026204558585e-17f,-9.057868530154068e-17f,-1f,-1.1577499999999996f,0f,0f,0f,1f],start_interpolation:0}
execute if entity @s[tag=aj.assembler.bone.bone15] run data modify entity @s {} merge value {transformation:[0.42577929156507294f,0.9048270524660195f,1.2246467991473532e-16f,2.6414183864572156e-16f,0.9048270524660195f,-0.42577929156507294f,0f,0.5000000000000001f,5.214292465583942e-17f,1.1080935535844449e-16f,-1f,-1.5952499999999996f,0f,0f,0f,1f],start_interpolation:0}
execute if entity @s[tag=aj.assembler.bone.bone26] run data modify entity @s {} merge value {transformation:[-0.8241289481543291f,0.5664022217594485f,1.2246467991473532e-16f,-0.25211419606793334f,0.5664022217594485f,0.8241289481543291f,0f,1.006072115182872f,-1.009266878441874e-16f,6.936426679076579e-17f,-1f,-1.2514999999999996f,0f,0f,0f,1f],start_interpolation:0}
execute if entity @s[tag=aj.assembler.bone.arm5] run data modify entity @s {} merge value {transformation:[-0.8550523370992686f,0.5185417059611301f,1.2246467991473532e-16f,-0.7037920151224737f,0.5185417059611301f,0.8550523370992686f,0f,1.2799896014877514f,-1.0471371077320828e-16f,6.35030440429706e-17f,-1f,-1.2514999999999996f,0f,0f,0f,1f],start_interpolation:0}
execute if entity @s[tag=aj.assembler.bone.small_arm_base5] run data modify entity @s {} merge value {transformation:[-0.6730125135097736f,0.7396310949786098f,1.2246467991473532e-16f,-0.7150551720006455f,0.7396310949786098f,0.6730125135097736f,0f,1.2923676492766014f,-8.242026204558589e-17f,9.057868530154064e-17f,-1f,-1.1577499999999996f,0f,0f,0f,1f],start_interpolation:0}
execute if entity @s[tag=aj.assembler.bone.bone20] run data modify entity @s {} merge value {transformation:[-0.4257792915650725f,-0.9048270524660197f,1.2246467991473532e-16f,2.6414183864572156e-16f,-0.9048270524660197f,0.4257792915650725f,0f,0.5000000000000001f,-5.214292465583937e-17f,-1.1080935535844452e-16f,-1f,-1.5952499999999996f,0f,0f,0f,1f],start_interpolation:0}
execute if entity @s[tag=aj.assembler.bone.bone11] run data modify entity @s {} merge value {transformation:[0.17288693691276702f,-0.984941676976318f,1.2246467991473532e-16f,0.3081942452847389f,-0.984941676976318f,-0.17288693691276702f,0f,0.9661940702771489f,2.1172543390461043e-17f,-1.206205672055874e-16f,-1f,-1.2514999999999996f,0f,0f,0f,1f],start_interpolation:0}
execute if entity @s[tag=aj.assembler.bone.arm2] run data modify entity @s {} merge value {transformation:[-0.8931360029996428f,-0.4497867051679303f,1.2246467991473532e-16f,0.7799896014877518f,-0.4497867051679303f,0.8931360029996428f,0f,1.203792015122474f,-1.0937761472767733e-16f,-5.5082984878294e-17f,-1f,-1.2514999999999996f,0f,0f,0f,1f],start_interpolation:0}
execute if entity @s[tag=aj.assembler.bone.small_arm_base2] run data modify entity @s {} merge value {transformation:[-0.7396310949786099f,-0.6730125135097734f,1.2246467991473532e-16f,0.7923676492766019f,-0.6730125135097734f,0.7396310949786099f,0f,1.2150551720006457f,-9.057868530154065e-17f,-8.242026204558588e-17f,-1f,-1.1577499999999996f,0f,0f,0f,1f],start_interpolation:0}
execute if entity @s[tag=aj.assembler.bone.bone2] run data modify entity @s {} merge value {transformation:[0.9048270524660196f,-0.4257792915650727f,1.2246467991473532e-16f,2.6414183864572156e-16f,-0.4257792915650727f,-0.9048270524660196f,0f,0.5000000000000001f,1.108093553584445e-16f,-5.214292465583939e-17f,-1f,-1.5952499999999996f,0f,0f,0f,1f],start_interpolation:0}
execute if entity @s[tag=aj.assembler.bone.ring] run data modify entity @s {} merge value {transformation:[1.6280093395558206f,-0.7660830446749171f,2.2034447591230768e-16f,2.220446049250313e-16f,-0.7660830446749171f,-1.6280093395558206f,0f,0.5000000000000001f,1.993736426669032e-16f,-9.381811485421959e-17f,-1.7992491881391441f,-1.2514999999999996f,0f,0f,0f,1f],start_interpolation:0}
execute if entity @s[tag=aj.assembler.bone.wheel] run data modify entity @s {} merge value {transformation:[-1f,1.1647083184890928e-16f,-3.784366730434137e-17f,1.0625000000000002f,0f,-0.30901699437494634f,-0.951056516295154f,-0.6249999999999999f,-1.2246467991473532e-16f,-0.951056516295154f,0.30901699437494634f,-1.3764999999999994f,0f,0f,0f,1f],start_interpolation:0}
execute if entity @s[tag=aj.assembler.bone.wheel2] run data modify entity @s {} merge value {transformation:[-1f,1.1647083184890928e-16f,-3.784366730434137e-17f,1.0625000000000002f,0f,-0.30901699437494634f,-0.951056516295154f,-0.6249999999999999f,-1.2246467991473532e-16f,-0.951056516295154f,0.30901699437494634f,-1.1264999999999994f,0f,0f,0f,1f],start_interpolation:0}
execute if entity @s[tag=aj.assembler.bone.rails] run data modify entity @s {} merge value {transformation:[-1.137300743709099f,0f,1.3927917154512523e-16f,-0.43749999999999983f,0f,1.137300743709099f,0f,-0.9999999999999999f,-1.3927917154512523e-16f,0f,-1.137300743709099f,-0.8139999999999996f,0f,0f,0f,1f],start_interpolation:0}
execute if entity @s[tag=aj.assembler.bone.wheel3] run data modify entity @s {} merge value {transformation:[-1f,1.1647083184890928e-16f,-3.784366730434137e-17f,-1.0625f,0f,-0.30901699437494634f,-0.951056516295154f,-0.6249999999999999f,-1.2246467991473532e-16f,-0.951056516295154f,0.30901699437494634f,-1.1264999999999996f,0f,0f,0f,1f],start_interpolation:0}
execute if entity @s[tag=aj.assembler.bone.wheel4] run data modify entity @s {} merge value {transformation:[-1f,1.1647083184890928e-16f,-3.784366730434137e-17f,-1.0625f,0f,-0.30901699437494634f,-0.951056516295154f,-0.6249999999999999f,-1.2246467991473532e-16f,-0.951056516295154f,0.30901699437494634f,-1.3764999999999996f,0f,0f,0f,1f],start_interpolation:0}
execute if entity @s[tag=aj.assembler.bone.rails2] run data modify entity @s {} merge value {transformation:[-1.2038220325092979f,0f,1.4742567988555726e-16f,0.4375000000000001f,0f,1.2038220325092979f,0f,-0.9999999999999999f,-1.4742567988555726e-16f,0f,-1.2038220325092979f,-0.8139999999999995f,0f,0f,0f,1f],start_interpolation:0}
execute if entity @s[tag=aj.assembler.bone.bone6] run data modify entity @s {} merge value {transformation:[-0.01973908991785679f,-0.880729925042518f,-0.47320731974877084f,0.13426922799286797f,0f,0.47329953497643645f,-0.8809015553346974f,0.42304290628803515f,0.9998051651843047f,-0.017388195009531492f,-0.009342502078979686f,-0.09242244791026273f,0f,0f,0f,1f],start_interpolation:0}
execute if entity @s[tag=aj.assembler.bone.bone5] run data modify entity @s {} merge value {transformation:[-0.01973908991785679f,-0.5662733033516142f,-0.8239811370659317f,0.023444496351274324f,0f,0.8241417085638264f,-0.5663836546065724f,0.35100860184097044f,0.9998051651843047f,-0.011179897886283475f,-0.016267807290397496f,-0.09461045355293463f,0f,0f,0f,1f],start_interpolation:0}
execute if entity @s[tag=aj.assembler.bone.bone4] run data modify entity @s {} merge value {transformation:[-0.01973908991785679f,-0.5662733033516142f,-0.8239811370659317f,0.9131525569599415f,0f,0.8241417085638264f,-0.5663836546065724f,0.28346101825561487f,0.9998051651843047f,-0.011179897886283475f,-0.016267807290397496f,-0.264581542429713f,0f,0f,0f,1f],start_interpolation:0}
execute if entity @s[tag=aj.assembler.bone.bone3] run data modify entity @s {} merge value {transformation:[-0.01973908991785679f,-0.5377603808883684f,-0.842866621166132f,0.797504023735914f,0f,0.8430308729308849f,-0.5378651757507548f,-0.234375f,0.9998051651843047f,-0.010616969067827994f,-0.016640662204312037f,-0.20435260453187545f,0f,0f,0f,1f],start_interpolation:0}
execute if entity @s[tag=aj.assembler.bone.octagon] run data modify entity @s {} merge value {transformation:[-0.01973908991785679f,0f,-0.9998051651843047f,0.859375f,0f,1f,0f,-0.40625f,0.9998051651843047f,0f,-0.01973908991785679f,-0.1718749999999999f,0f,0f,0f,1f],start_interpolation:0}
execute if entity @s[tag=aj.assembler.bone.bone10] run data modify entity @s {} merge value {transformation:[-0.453990499739545f,0.022855934439072023f,0.8907133278486156f,-0.5360429719576283f,0f,0.9996709380551164f,-0.025651814906621273f,0.6081561417230296f,-0.8910065241883689f,-0.011645680268683303f,-0.453841108742742f,-0.23140281214601266f,0f,0f,0f,1f],start_interpolation:0}
execute if entity @s[tag=aj.assembler.bone.bone9] run data modify entity @s {} merge value {transformation:[-0.453990499739545f,0.12708180150069923f,0.881897296669842f,-0.4190643675687804f,0f,0.9897764749513762f,-0.14262724015007627f,0.5926878071443893f,-0.8910065241883689f,-0.06475141203220522f,-0.4493491164936205f,-0.291006388128471f,0f,0f,0f,1f],start_interpolation:0}
execute if entity @s[tag=aj.assembler.bone.bone8] run data modify entity @s {} merge value {transformation:[-0.453990499739545f,0.12708180150069923f,0.881897296669842f,-1.0879289847950835f,0f,0.9897764749513762f,-0.14262724015007627f,0.22134050967566699f,-0.8910065241883689f,-0.06475141203220522f,-0.4493491164936205f,-0.16063901294176408f,0f,0f,0f,1f],start_interpolation:0}
execute if entity @s[tag=aj.assembler.bone.bone7] run data modify entity @s {} merge value {transformation:[-0.453990499739545f,0.2191536121180971f,0.8636343673348282f,-0.8178742953550876f,0f,0.9692795101826281f,-0.2459618489524837f,-0.234375f,-0.8910065241883689f,-0.11166434272280056f,-0.4400436892151127f,-0.2280933601146081f,0f,0f,0f,1f],start_interpolation:0}
execute if entity @s[tag=aj.assembler.bone.octagon2] run data modify entity @s {} merge value {transformation:[-0.453990499739545f,0f,0.8910065241883689f,-0.8593749999999999f,0f,1f,0f,-0.40625f,-0.8910065241883689f,0f,-0.453990499739545f,-0.171875f,0f,0f,0f,1f],start_interpolation:0}