execute if entity @s[tag=aj.assembler.bone.bone21] run data modify entity @s {} merge value {transformation:[-0.5574944603863252f,-0.83018065903667f,1.2246467991473532e-16f,0.49801299282581857f,-0.83018065903667f,0.5574944603863252f,0f,1.215387214507695f,-6.827338064544943e-17f,-1.0166780868032981e-16f,-1f,-1.5546875f,0f,0f,0f,1f],start_interpolation:0}
execute if entity @s[tag=aj.assembler.bone.arm4] run data modify entity @s {} merge value {transformation:[-0.7784327272179667f,0.6277280376054575f,1.2246467991473532e-16f,0.0868091620716907f,0.6277280376054575f,0.7784327272179667f,0f,1.5469819236068907f,-9.533051477390276e-17f,7.687451319885729e-17f,-1f,-1.5546875f,0f,0f,0f,1f],start_interpolation:0}
execute if entity @s[tag=aj.assembler.bone.small_arm_base4] run data modify entity @s {} merge value {transformation:[0.07845909572784476f,0.9969173337331282f,1.2246467991473532e-16f,0.08812220913391204f,0.9969173337331282f,-0.07845909572784476f,0f,1.563665768407708f,9.60846804471009e-18f,1.220871621770789e-16f,-1f,-1.4609375f,0f,0f,0f,1f],start_interpolation:0}
execute if entity @s[tag=aj.assembler.bone.bone25] run data modify entity @s {} merge value {transformation:[-0.9510565162951535f,-0.3090169943749476f,1.2246467991473532e-16f,2.6414183864572156e-16f,-0.3090169943749476f,0.9510565162951535f,0f,0.5000000000000001f,-1.1647083184890923e-16f,-3.7843667304341524e-17f,-1f,-1.8984375f,0f,0f,0f,1f],start_interpolation:0}
execute if entity @s[tag=aj.assembler.bone.bone16] run data modify entity @s {} merge value {transformation:[-0.6255150398420292f,-0.7802121089366819f,1.2246467991473532e-16f,-0.6606473911203004f,-0.7802121089366819f,0.6255150398420292f,0f,0.9470719419113764f,-7.6603499136107e-17f,-9.554842618653135e-17f,-1f,-1.5546875f,0f,0f,0f,1f],start_interpolation:0}
execute if entity @s[tag=aj.assembler.bone.arm3] run data modify entity @s {} merge value {transformation:[-0.7313537016191707f,-0.6819983600624984f,1.2246467991473532e-16f,-1.0469819236068902f,-0.6819983600624984f,0.7313537016191707f,0f,0.5868091620716909f,-8.956499697324858e-17f,-8.352071086742828e-17f,-1f,-1.5546875f,0f,0f,0f,1f],start_interpolation:0}
execute if entity @s[tag=aj.assembler.bone.small_arm_base3] run data modify entity @s {} merge value {transformation:[-0.9969173337331281f,0.07845909572784504f,1.2246467991473532e-16f,-1.0636657684077075f,0.07845909572784504f,0.9969173337331281f,0f,0.5881222091339122f,-1.220871621770789e-16f,9.608468044710115e-18f,-1f,-1.4609375f,0f,0f,0f,1f],start_interpolation:0}
execute if entity @s[tag=aj.assembler.bone.bone15] run data modify entity @s {} merge value {transformation:[0.3090169943749474f,-0.9510565162951536f,1.2246467991473532e-16f,2.6414183864572156e-16f,-0.9510565162951536f,-0.3090169943749474f,0f,0.5000000000000001f,3.78436673043415e-17f,-1.1647083184890923e-16f,-1f,-1.8984375f,0f,0f,0f,1f],start_interpolation:0}
execute if entity @s[tag=aj.assembler.bone.bone26] run data modify entity @s {} merge value {transformation:[-0.9111909517274736f,0.4119842830618443f,1.2246467991473532e-16f,0.5232007890251141f,0.4119842830618443f,0.9111909517274736f,0f,0.4817252423225773f,-1.1158870824450808e-16f,5.0453523355070475e-17f,-1f,-1.5546875f,0f,0f,0f,1f],start_interpolation:0}
execute if entity @s[tag=aj.assembler.bone.arm5] run data modify entity @s {} merge value {transformation:[0.9915480999047576f,-0.12973960681019997f,1.2246467991473532e-16f,1.0469819236068905f,-0.12973960681019997f,-0.9915480999047576f,0f,0.4131908379283099f,1.2142962067490011e-16f,-1.588851942027476e-17f,-1f,-1.5546875f,0f,0f,0f,1f],start_interpolation:0}
execute if entity @s[tag=aj.assembler.bone.small_arm_base5] run data modify entity @s {} merge value {transformation:[0.9969173337331282f,-0.07845909572784454f,1.2246467991473532e-16f,1.0636657684077078f,-0.07845909572784454f,-0.9969173337331282f,0f,0.41187779086608856f,1.220871621770789e-16f,-9.608468044710066e-18f,-1f,-1.4609375f,0f,0f,0f,1f],start_interpolation:0}
execute if entity @s[tag=aj.assembler.bone.bone20] run data modify entity @s {} merge value {transformation:[-0.30901699437494784f,0.9510565162951534f,1.2246467991473532e-16f,2.6414183864572156e-16f,0.9510565162951534f,0.30901699437494784f,0f,0.5000000000000001f,-3.784366730434155e-17f,1.1647083184890923e-16f,-1f,-1.8984375f,0f,0f,0f,1f],start_interpolation:0}
execute if entity @s[tag=aj.assembler.bone.bone11] run data modify entity @s {} merge value {transformation:[-0.5560665930898959f,0.8311377407201507f,1.2246467991473532e-16f,-0.21012569866234732f,0.8311377407201507f,0.5560665930898959f,0f,-0.033331582097478885f,-6.809851733403146e-17f,1.0178501738234954e-16f,-1f,-1.5546875f,0f,0f,0f,1f],start_interpolation:0}
execute if entity @s[tag=aj.assembler.bone.arm2] run data modify entity @s {} merge value {transformation:[-0.233445363855905f,0.9723699203976769f,1.2246467991473532e-16f,-0.08680916207169026f,0.9723699203976769f,0.233445363855905f,0f,-0.5469819236068904f,-2.8588811762192315e-17f,1.1908097106021816e-16f,-1f,-1.5546875f,0f,0f,0f,1f],start_interpolation:0}
execute if entity @s[tag=aj.assembler.bone.small_arm_base2] run data modify entity @s {} merge value {transformation:[0.07845909572784476f,0.9969173337331282f,1.2246467991473532e-16f,-0.08812220913391162f,0.9969173337331282f,-0.07845909572784476f,0f,-0.5636657684077077f,9.60846804471009e-18f,1.220871621770789e-16f,-1f,-1.4609375f,0f,0f,0f,1f],start_interpolation:0}
execute if entity @s[tag=aj.assembler.bone.bone2] run data modify entity @s {} merge value {transformation:[-0.9510565162951535f,-0.3090169943749476f,1.2246467991473532e-16f,2.6414183864572156e-16f,-0.3090169943749476f,0.9510565162951535f,0f,0.5000000000000001f,-1.1647083184890923e-16f,-3.7843667304341524e-17f,-1f,-1.8984375f,0f,0f,0f,1f],start_interpolation:0}
execute if entity @s[tag=aj.assembler.bone.ring] run data modify entity @s {} merge value {transformation:[-1.7111876648184976f,-0.555998576250323f,2.2034447591230768e-16f,2.220446049250313e-16f,-0.555998576250323f,1.7111876648184976f,0f,0.5000000000000001f,-2.0956004964604071e-16f,-6.809018767354436e-17f,-1.7992491881391441f,-1.5546875f,0f,0f,0f,1f],start_interpolation:0}
execute if entity @s[tag=aj.assembler.bone.wheel] run data modify entity @s {} merge value {transformation:[-1f,1.4997597826618576e-32f,-1.2246467991473532e-16f,1.0625000000000002f,0f,-1f,-1.2246467991473532e-16f,-0.6249999999999999f,-1.2246467991473532e-16f,-1.2246467991473532e-16f,1f,-1.6796874999999998f,0f,0f,0f,1f],start_interpolation:0}
execute if entity @s[tag=aj.assembler.bone.wheel2] run data modify entity @s {} merge value {transformation:[-1f,1.4997597826618576e-32f,-1.2246467991473532e-16f,1.0625000000000002f,0f,-1f,-1.2246467991473532e-16f,-0.6249999999999999f,-1.2246467991473532e-16f,-1.2246467991473532e-16f,1f,-1.4296874999999998f,0f,0f,0f,1f],start_interpolation:0}
execute if entity @s[tag=aj.assembler.bone.rails] run data modify entity @s {} merge value {transformation:[-1.137300743709099f,0f,1.3927917154512523e-16f,-0.43749999999999983f,0f,1.137300743709099f,0f,-0.9999999999999999f,-1.3927917154512523e-16f,0f,-1.137300743709099f,-1.1171875f,0f,0f,0f,1f],start_interpolation:0}
execute if entity @s[tag=aj.assembler.bone.wheel3] run data modify entity @s {} merge value {transformation:[-1f,1.4997597826618576e-32f,-1.2246467991473532e-16f,-1.0625f,0f,-1f,-1.2246467991473532e-16f,-0.6249999999999999f,-1.2246467991473532e-16f,-1.2246467991473532e-16f,1f,-1.4296875000000002f,0f,0f,0f,1f],start_interpolation:0}
execute if entity @s[tag=aj.assembler.bone.wheel4] run data modify entity @s {} merge value {transformation:[-1f,1.4997597826618576e-32f,-1.2246467991473532e-16f,-1.0625f,0f,-1f,-1.2246467991473532e-16f,-0.6249999999999999f,-1.2246467991473532e-16f,-1.2246467991473532e-16f,1f,-1.6796875000000002f,0f,0f,0f,1f],start_interpolation:0}
execute if entity @s[tag=aj.assembler.bone.rails2] run data modify entity @s {} merge value {transformation:[-1.2038220325092979f,0f,1.4742567988555726e-16f,0.4375000000000001f,0f,1.2038220325092979f,0f,-0.9999999999999999f,-1.4742567988555726e-16f,0f,-1.2038220325092979f,-1.1171875f,0f,0f,0f,1f],start_interpolation:0}
execute if entity @s[tag=aj.assembler.bone.bone6] run data modify entity @s {} merge value {transformation:[-0.7916968112058066f,-0.015732306210320207f,-0.6107115961465462f,0.11849153283337789f,0f,0.9996683604115836f,-0.02575207160630022f,0.6820394032886461f,0.6109141994802195f,-0.02038783297265162f,-0.7914342532011878f,-0.9785432340174887f,0f,0f,0f,1f],start_interpolation:0}
execute if entity @s[tag=aj.assembler.bone.bone5] run data modify entity @s {} merge value {transformation:[-0.7916968112058066f,-0.24669503984632116f,-0.5588897176024796f,0.043790581619405855f,0f,0.9148415899941373f,-0.40381290868049097f,0.6317989168038143f,0.6109141994802195f,-0.3196973921260864f,-0.7242771695568084f,-1.0753497985407234f,0f,0f,0f,1f],start_interpolation:0}
execute if entity @s[tag=aj.assembler.bone.bone4] run data modify entity @s {} merge value {transformation:[-0.7916968112058066f,-0.24669503984632116f,-0.5588897176024796f,0.883047949978635f,0f,0.9148415899941373f,-0.40381290868049097f,0.295568617147443f,0.6109141994802195f,-0.3196973921260864f,-0.7242771695568084f,-0.2946552546640735f,0f,0f,0f,1f],start_interpolation:0}
execute if entity @s[tag=aj.assembler.bone.bone3] run data modify entity @s {} merge value {transformation:[-0.7916968112058066f,-0.4481554256582368f,-0.41517812271318205f,0.8459333878826677f,0f,0.6796013631151896f,-0.7335816159446583f,-0.234375f,0.6109141994802195f,-0.5807742261025887f,-0.538038232069415f,-0.24044711943411967f,0f,0f,0f,1f],start_interpolation:0}
execute if entity @s[tag=aj.assembler.bone.octagon] run data modify entity @s {} merge value {transformation:[-0.7916968112058066f,0f,-0.6109141994802195f,0.859375f,0f,1f,0f,-0.40625f,0.6109141994802195f,0f,-0.7916968112058066f,-0.1718749999999999f,0f,0f,0f,1f],start_interpolation:0}
execute if entity @s[tag=aj.assembler.bone.bone10] run data modify entity @s {} merge value {transformation:[-0.9400659593183297f,0.04814013093676413f,0.3375774280432562f,-0.4081968244817612f,0f,0.9899844501311866f,-0.1411764445594656f,-0.02585637744608414f,-0.34099265700438275f,-0.132715169787945f,-0.9306506818228031f,-1.1407734135156917f,0f,0f,0f,1f],start_interpolation:0}
execute if entity @s[tag=aj.assembler.bone.bone9] run data modify entity @s {} merge value {transformation:[-0.9400659593183297f,0.30695591096910685f,0.14850609701973302f,-0.3875231495970416f,0f,0.43551112896200667f,-0.9001833460746973f,-0.14333022591898154f,-0.34099265700438275f,-0.8462317207900943f,-0.4094091872414776f,-1.1977676555145433f,0f,0f,0f,1f],start_interpolation:0}
execute if entity @s[tag=aj.assembler.bone.bone8] run data modify entity @s {} merge value {transformation:[-0.9400659593183297f,0.30695591096910685f,0.14850609701973302f,-0.8649534697923159f,0f,0.43551112896200667f,-0.9001833460746973f,0.2646195232401657f,-0.34099265700438275f,-0.8462317207900943f,-0.4094091872414776f,-0.43142859631694536f,0f,0f,0f,1f],start_interpolation:0}
execute if entity @s[tag=aj.assembler.bone.bone7] run data modify entity @s {} merge value {transformation:[-0.9400659593183297f,0.3085255215217371f,0.14521706063906106f,-0.8674400201659238f,0f,0.425865653280606f,-0.9047864086931692f,-0.234375f,-0.34099265700438275f,-0.8505589032663304f,-0.40034180389196006f,-0.24128514298878256f,0f,0f,0f,1f],start_interpolation:0}
execute if entity @s[tag=aj.assembler.bone.octagon2] run data modify entity @s {} merge value {transformation:[-0.9400659593183297f,0f,0.34099265700438275f,-0.8593749999999999f,0f,1f,0f,-0.40625f,-0.34099265700438275f,0f,-0.9400659593183297f,-0.171875f,0f,0f,0f,1f],start_interpolation:0}