execute if entity @s[tag=aj.assembler.bone.bone21] run data modify entity @s {} merge value {transformation:[0.292154308177519f,-0.9563711937387678f,1.2246467991473532e-16f,-0.7468514443398924f,-0.9563711937387678f,-0.292154308177519f,0f,0.6827512936449106f,3.5778583836670806e-17f,-1.171216921208915e-16f,-1f,-1.06884375f,0f,0f,0f,1f],start_interpolation:0}
execute if entity @s[tag=aj.assembler.bone.arm4] run data modify entity @s {} merge value {transformation:[-0.051530219291443524f,0.9986714357083495f,1.2246467991473532e-16f,-0.7740720670492824f,0.9986714357083495f,0.051530219291443524f,0f,1.2102953005569055f,-6.310631811462759e-18f,1.223019777140122e-16f,-1f,-1.06884375f,0f,0f,0f,1f],start_interpolation:0}
execute if entity @s[tag=aj.assembler.bone.small_arm_base4] run data modify entity @s {} merge value {transformation:[-0.7396310949786095f,0.6730125135097739f,1.2246467991473532e-16f,-0.7864501148381325f,0.6730125135097739f,0.7396310949786095f,0f,1.2215584574350773f,-9.05786853015406e-17f,8.242026204558594e-17f,-1f,-0.9750937500000002f,0f,0f,0f,1f],start_interpolation:0}
execute if entity @s[tag=aj.assembler.bone.bone25] run data modify entity @s {} merge value {transformation:[-0.3387379202452919f,-0.9408807689542253f,1.2246467991473532e-16f,1.531195361832059e-16f,-0.9408807689542253f,0.3387379202452919f,0f,0.5000000000000001f,-4.148343097782282e-17f,-1.1522466220790924e-16f,-1f,-1.41259375f,0f,0f,0f,1f],start_interpolation:0}
execute if entity @s[tag=aj.assembler.bone.bone16] run data modify entity @s {} merge value {transformation:[-0.23069724602869154f,-0.9730255806888007f,1.2246467991473532e-16f,-0.582635262416524f,-0.9730255806888007f,0.23069724602869154f,0f,0.23851602898050872f,-2.825226439211467e-17f,-1.1916126628790343e-16f,-1f,-1.06884375f,0f,0f,0f,1f],start_interpolation:0}
execute if entity @s[tag=aj.assembler.bone.arm3] run data modify entity @s {} merge value {transformation:[-0.24166786448491578f,-0.9703590280279257f,1.2246467991473532e-16f,-0.7102953005569055f,-0.9703590280279257f,0.24166786448491578f,0f,-0.2740720670492822f,-2.959577766982286e-17f,-1.188347077698136e-16f,-1f,-1.06884375f,0f,0f,0f,1f],start_interpolation:0}
execute if entity @s[tag=aj.assembler.bone.small_arm_base3] run data modify entity @s {} merge value {transformation:[-0.673012513509774f,-0.7396310949786093f,1.2246467991473532e-16f,-0.7215584574350773f,-0.7396310949786093f,0.673012513509774f,0f,-0.2864501148381323f,-8.242026204558596e-17f,-9.057868530154059e-17f,-1f,-0.9750937500000002f,0f,0f,0f,1f],start_interpolation:0}
execute if entity @s[tag=aj.assembler.bone.bone15] run data modify entity @s {} merge value {transformation:[0.9408807689542252f,-0.33873792024529215f,1.2246467991473532e-16f,1.531195361832059e-16f,-0.33873792024529215f,-0.9408807689542252f,0f,0.5000000000000001f,1.1522466220790924e-16f,-4.1483430977822844e-17f,-1f,-1.41259375f,0f,0f,0f,1f],start_interpolation:0}
execute if entity @s[tag=aj.assembler.bone.bone26] run data modify entity @s {} merge value {transformation:[0.6893637077246618f,0.7244154046347355f,1.2246467991473532e-16f,0.4643655192702571f,0.7244154046347355f,-0.6893637077246618f,0f,0.806565720348245f,8.442270581133583e-17f,8.871530065389632e-17f,-1f,-1.06884375f,0f,0f,0f,1f],start_interpolation:0}
execute if entity @s[tag=aj.assembler.bone.arm5] run data modify entity @s {} merge value {transformation:[0.46555935532018855f,0.885016658980977f,1.2246467991473532e-16f,0.7102953005569054f,0.885016658980977f,-0.46555935532018855f,0f,1.274072067049283f,5.70145774305974e-17f,1.0838328186131378e-16f,-1f,-1.06884375f,0f,0f,0f,1f],start_interpolation:0}
execute if entity @s[tag=aj.assembler.bone.small_arm_base5] run data modify entity @s {} merge value {transformation:[0.6730125135097738f,0.7396310949786097f,1.2246467991473532e-16f,0.7215584574350772f,0.7396310949786097f,-0.6730125135097738f,0f,1.286450114838133f,8.242026204558591e-17f,9.05786853015406e-17f,-1f,-0.97509375f,0f,0f,0f,1f],start_interpolation:0}
execute if entity @s[tag=aj.assembler.bone.bone20] run data modify entity @s {} merge value {transformation:[-0.9408807689542255f,0.3387379202452917f,1.2246467991473532e-16f,1.531195361832059e-16f,0.3387379202452917f,0.9408807689542255f,0f,0.5000000000000001f,-1.1522466220790924e-16f,4.1483430977822794e-17f,-1f,-1.41259375f,0f,0f,0f,1f],start_interpolation:0}
execute if entity @s[tag=aj.assembler.bone.bone11] run data modify entity @s {} merge value {transformation:[-0.9010931335066366f,0.43362560434917946f,1.2246467991473532e-16f,0.24597967698246348f,0.43362560434917946f,0.9010931335066366f,0f,-0.22302593616414634f,-1.103520821682561e-16f,5.3103820839455903e-17f,-1f,-1.06884375f,0f,0f,0f,1f],start_interpolation:0}
execute if entity @s[tag=aj.assembler.bone.arm2] run data modify entity @s {} merge value {transformation:[-0.9997095568610328f,-0.024099832379451347f,1.2246467991473532e-16f,0.7740720670492827f,-0.024099832379451347f,0.9997095568610328f,0f,-0.21029530055690535f,-1.2242911088868826e-16f,-2.9513782583482975e-18f,-1f,-1.06884375f,0f,0f,0f,1f],start_interpolation:0}
execute if entity @s[tag=aj.assembler.bone.small_arm_base2] run data modify entity @s {} merge value {transformation:[-0.7396310949786095f,0.6730125135097739f,1.2246467991473532e-16f,0.7864501148381328f,0.6730125135097739f,0.7396310949786095f,0f,-0.22155845743507718f,-9.05786853015406e-17f,8.242026204558594e-17f,-1f,-0.97509375f,0f,0f,0f,1f],start_interpolation:0}
execute if entity @s[tag=aj.assembler.bone.bone2] run data modify entity @s {} merge value {transformation:[-0.3387379202452919f,-0.9408807689542253f,1.2246467991473532e-16f,1.531195361832059e-16f,-0.9408807689542253f,0.3387379202452919f,0f,0.5000000000000001f,-4.148343097782282e-17f,-1.1522466220790924e-16f,-1f,-1.41259375f,0f,0f,0f,1f],start_interpolation:0}
execute if entity @s[tag=aj.assembler.bone.ring] run data modify entity @s {} merge value {transformation:[-0.6094739279932837f,-1.6928789596766236f,2.2034447591230768e-16f,1.1102230246251565e-16f,-1.6928789596766236f,0.6094739279932837f,0f,0.5000000000000001f,-7.463902950807393e-17f,-2.073178799311878e-16f,-1.7992491881391441f,-1.06884375f,0f,0f,0f,1f],start_interpolation:0}
execute if entity @s[tag=aj.assembler.bone.wheel] run data modify entity @s {} merge value {transformation:[-1f,3.784366730434202e-17f,1.1647083184890906e-16f,1.0625f,0f,0.9510565162951522f,-0.3090169943749516f,-0.6249999999999999f,-1.2246467991473532e-16f,-0.3090169943749516f,-0.9510565162951522f,-1.1938437499999999f,0f,0f,0f,1f],start_interpolation:0}
execute if entity @s[tag=aj.assembler.bone.wheel2] run data modify entity @s {} merge value {transformation:[-1f,3.784366730434202e-17f,1.1647083184890906e-16f,1.0625f,0f,0.9510565162951522f,-0.3090169943749516f,-0.6249999999999999f,-1.2246467991473532e-16f,-0.3090169943749516f,-0.9510565162951522f,-0.9438437499999999f,0f,0f,0f,1f],start_interpolation:0}
execute if entity @s[tag=aj.assembler.bone.rails] run data modify entity @s {} merge value {transformation:[-1.137300743709099f,0f,1.3927917154512523e-16f,-0.43749999999999994f,0f,1.137300743709099f,0f,-0.9999999999999999f,-1.3927917154512523e-16f,0f,-1.137300743709099f,-0.6313437500000001f,0f,0f,0f,1f],start_interpolation:0}
execute if entity @s[tag=aj.assembler.bone.wheel3] run data modify entity @s {} merge value {transformation:[-1f,3.784366730434202e-17f,1.1647083184890906e-16f,-1.0625f,0f,0.9510565162951522f,-0.3090169943749516f,-0.6249999999999999f,-1.2246467991473532e-16f,-0.3090169943749516f,-0.9510565162951522f,-0.9438437500000001f,0f,0f,0f,1f],start_interpolation:0}
execute if entity @s[tag=aj.assembler.bone.wheel4] run data modify entity @s {} merge value {transformation:[-1f,3.784366730434202e-17f,1.1647083184890906e-16f,-1.0625f,0f,0.9510565162951522f,-0.3090169943749516f,-0.6249999999999999f,-1.2246467991473532e-16f,-0.3090169943749516f,-0.9510565162951522f,-1.19384375f,0f,0f,0f,1f],start_interpolation:0}
execute if entity @s[tag=aj.assembler.bone.rails2] run data modify entity @s {} merge value {transformation:[-1.2038220325092979f,0f,1.4742567988555726e-16f,0.4375f,0f,1.2038220325092979f,0f,-0.9999999999999999f,-1.4742567988555726e-16f,0f,-1.2038220325092979f,-0.63134375f,0f,0f,0f,1f],start_interpolation:0}
execute if entity @s[tag=aj.assembler.bone.bone6] run data modify entity @s {} merge value {transformation:[-0.8978551348815667f,0.022622739609225527f,-0.43970941361241855f,0.6339427239753652f,0f,0.9986791067453297f,0.051381336595599875f,0.8297585517220298f,0.44029099101253905f,0.04613299689943752f,-0.8966691640902306f,-0.4186561715767371f,0f,0f,0f,1f],start_interpolation:0}
execute if entity @s[tag=aj.assembler.bone.bone5] run data modify entity @s {} merge value {transformation:[-0.8978551348815667f,0.07729436926052863f,-0.43345326996969447f,0.5769249148781169f,0f,0.9844699955656147f,0.1755529203147546f,0.8563202826627787f,0.44029099101253905f,0.15762109094805693f,-0.8839114406554203f,-0.5349286679999112f,0f,0f,0f,1f],start_interpolation:0}
execute if entity @s[tag=aj.assembler.bone.bone4] run data modify entity @s {} merge value {transformation:[-0.8978551348815667f,0.07729436926052863f,-0.43345326996969447f,0.9733498328467004f,0f,0.9844699955656147f,0.1755529203147546f,0.2797280765023413f,0.44029099101253905f,0.15762109094805693f,-0.8839114406554203f,-0.15238132628448714f,0f,0f,0f,1f],start_interpolation:0}
execute if entity @s[tag=aj.assembler.bone.bone3] run data modify entity @s {} merge value {transformation:[-0.8978551348815667f,-0.22538113619463174f,-0.37823207190086433f,0.8599147860267653f,0f,0.85905021820011f,-0.5118913191394668f,-0.234375f,0.44029099101253905f,-0.4596042493906691f,-0.771302649532099f,-0.24175003939923967f,0f,0f,0f,1f],start_interpolation:0}
execute if entity @s[tag=aj.assembler.bone.octagon] run data modify entity @s {} merge value {transformation:[-0.8978551348815667f,0f,-0.44029099101253905f,0.859375f,0f,1f,0f,-0.40625f,0.44029099101253905f,0f,-0.8978551348815667f,-0.1718749999999999f,0f,0f,0f,1f],start_interpolation:0}
execute if entity @s[tag=aj.assembler.bone.bone10] run data modify entity @s {} merge value {transformation:[-0.9460627454775183f,0.0016283384598190925f,0.32397936683282874f,-0.5682747327210461f,0f,0.9999873696195373f,-0.005025992578487237f,0.012073802923798865f,-0.3239834588671779f,-0.004754904337553267f,-0.9460507963451014f,-0.7325490501700621f,0f,0f,0f,1f],start_interpolation:0}
execute if entity @s[tag=aj.assembler.bone.bone9] run data modify entity @s {} merge value {transformation:[-0.9460627454775183f,0.30538058465231255f,0.10820342017215585f,-0.5529325224859035f,0f,0.3339782239207329f,-0.9425807901430799f,-0.11134970066928407f,-0.3239834588671779f,-0.8917405701571308f,-0.31596435545215396f,-0.7773497742178378f,0f,0f,0f,1f],start_interpolation:0}
execute if entity @s[tag=aj.assembler.bone.bone8] run data modify entity @s {} merge value {transformation:[-0.9460627454775183f,0.30538058465231255f,0.10820342017215585f,-0.9351815446280208f,0f,0.3339782239207329f,-0.9425807901430799f,0.29546802381179105f,-0.3239834588671779f,-0.8917405701571308f,-0.31596435545215396f,-0.23987925040552105f,0f,0f,0f,1f],start_interpolation:0}
execute if entity @s[tag=aj.assembler.bone.bone7] run data modify entity @s {} merge value {transformation:[-0.9460627454775183f,0.21906432945664833f,0.2386966719065211f,-0.8686904946169737f,0f,0.7367557366698112f,-0.6761589934949648f,-0.234375f,-0.3239834588671779f,-0.6396888337651618f,-0.6970171549801532f,-0.2411284046819442f,0f,0f,0f,1f],start_interpolation:0}
execute if entity @s[tag=aj.assembler.bone.octagon2] run data modify entity @s {} merge value {transformation:[-0.9460627454775183f,0f,0.3239834588671779f,-0.8593749999999999f,0f,1f,0f,-0.40625f,-0.3239834588671779f,0f,-0.9460627454775183f,-0.171875f,0f,0f,0f,1f],start_interpolation:0}