execute if entity @s[tag=aj.assembler.bone.bone21] run data modify entity @s {} merge value {transformation:[-0.5718831757735487f,-0.820335073776052f,1.2246467991473532e-16f,-0.8459310062380165f,-0.820335073776052f,0.5718831757735487f,0f,0.560564992140192f,-7.003549006972997e-17f,-1.0046207223281499e-16f,-1f,-1.1156562500000002f,0f,0f,0f,1f],start_interpolation:0}
execute if entity @s[tag=aj.assembler.bone.arm4] run data modify entity @s {} merge value {transformation:[-0.1882453069735917f,-0.9821220415011662f,1.2246467991473532e-16f,-0.9453708019229596f,-0.9821220415011662f,0.1882453069735917f,0f,0.041763133466202085f,-2.3053401263972012e-17f,-1.202752614496467e-16f,-1f,-1.1156562500000002f,0f,0f,0f,1f],start_interpolation:0}
execute if entity @s[tag=aj.assembler.bone.small_arm_base4] run data modify entity @s {} merge value {transformation:[-0.8980275757606156f,-0.4399391698559155f,1.2246467991473532e-16f,-0.9603996836505343f,-0.4399391698559155f,0.8980275757606156f,0f,0.03440056027852256f,-1.0997665962012952e-16f,-5.387700961835907e-17f,-1f,-1.0219062500000002f,0f,0f,0f,1f],start_interpolation:0}
execute if entity @s[tag=aj.assembler.bone.bone25] run data modify entity @s {} merge value {transformation:[0.7501110696304598f,-0.6613118653236517f,1.2246467991473532e-16f,1.531195361832059e-16f,-0.6613118653236517f,-0.7501110696304598f,0f,0.5000000000000001f,9.1862112042794e-17f,-8.098734591067755e-17f,-1f,-1.4594062500000002f,0f,0f,0f,1f],start_interpolation:0}
execute if entity @s[tag=aj.assembler.bone.bone16] run data modify entity @s {} merge value {transformation:[0.977256802847039f,-0.21205928720332884f,1.2246467991473532e-16f,0.5136056651986703f,-0.21205928720332884f,-0.977256802847039f,0f,0.0799652216503896f,1.1967944155516022e-16f,-2.5969772730302596e-17f,-1f,-1.1156562500000002f,0f,0f,0f,1f],start_interpolation:0}
execute if entity @s[tag=aj.assembler.bone.arm3] run data modify entity @s {} merge value {transformation:[-0.10481635073397588f,-0.9944915950468423f,1.2246467991473532e-16f,0.4582368665337979f,-0.9944915950468423f,0.10481635073397588f,0f,-0.4453708019229597f,-1.283630084246699e-17f,-1.2179009486530613e-16f,-1f,-1.1156562500000002f,0f,0f,0f,1f],start_interpolation:0}
execute if entity @s[tag=aj.assembler.bone.small_arm_base3] run data modify entity @s {} merge value {transformation:[0.4399391698559153f,-0.8980275757606158f,1.2246467991473532e-16f,0.46559943972147744f,-0.8980275757606158f,-0.4399391698559153f,0f,-0.4603996836505344f,5.387700961835905e-17f,-1.0997665962012954e-16f,-1f,-1.0219062500000002f,0f,0f,0f,1f],start_interpolation:0}
execute if entity @s[tag=aj.assembler.bone.bone15] run data modify entity @s {} merge value {transformation:[0.6613118653236519f,0.7501110696304597f,1.2246467991473532e-16f,1.531195361832059e-16f,0.7501110696304597f,-0.6613118653236519f,0f,0.5000000000000001f,8.098734591067758e-17f,9.186211204279399e-17f,-1f,-1.4594062500000002f,0f,0f,0f,1f],start_interpolation:0}
execute if entity @s[tag=aj.assembler.bone.bone26] run data modify entity @s {} merge value {transformation:[-0.9808614120116455f,-0.19470719151207955f,1.2246467991473532e-16f,-0.2656639235747371f,-0.19470719151207955f,0.9808614120116455f,0f,0.9534772126482708f,-1.2012087886272148e-16f,-2.3844753885623885e-17f,-1f,-1.1156562500000002f,0f,0f,0f,1f],start_interpolation:0}
execute if entity @s[tag=aj.assembler.bone.arm5] run data modify entity @s {} merge value {transformation:[-0.36455176232452213f,0.9311831251617941f,1.2246467991473532e-16f,-0.45823686653379814f,0.9311831251617941f,0.36455176232452213f,0f,1.4453708019229594f,-4.464471488542526e-17f,1.1403704336494202e-16f,-1f,-1.1156562500000002f,0f,0f,0f,1f],start_interpolation:0}
execute if entity @s[tag=aj.assembler.bone.small_arm_base5] run data modify entity @s {} merge value {transformation:[-0.4399391698559157f,0.8980275757606155f,1.2246467991473532e-16f,-0.46559943972147766f,0.8980275757606155f,0.4399391698559157f,0f,1.4603996836505342f,-5.387700961835908e-17f,1.099766596201295e-16f,-1f,-1.0219062500000002f,0f,0f,0f,1f],start_interpolation:0}
execute if entity @s[tag=aj.assembler.bone.bone20] run data modify entity @s {} merge value {transformation:[-0.6613118653236515f,-0.7501110696304599f,1.2246467991473532e-16f,1.531195361832059e-16f,-0.7501110696304599f,0.6613118653236515f,0f,0.5000000000000001f,-8.098734591067753e-17f,-9.186211204279401e-17f,-1f,-1.4594062500000002f,0f,0f,0f,1f],start_interpolation:0}
execute if entity @s[tag=aj.assembler.bone.bone11] run data modify entity @s {} merge value {transformation:[-0.45408032617553695f,-0.8909607496294761f,1.2246467991473532e-16f,0.45867116039441147f,-0.8909607496294761f,0.45408032617553695f,0f,0.7528905725194374f,-5.560880180066576e-17f,-1.0911122301996644e-16f,-1f,-1.1156562500000002f,0f,0f,0f,1f],start_interpolation:0}
execute if entity @s[tag=aj.assembler.bone.arm2] run data modify entity @s {} merge value {transformation:[-0.9213506805037747f,-0.3887324575273225f,1.2246467991473532e-16f,0.9453708019229599f,-0.3887324575273225f,0.9213506805037747f,0f,0.9582368665337981f,-1.1283291617711834e-16f,-4.760599598355199e-17f,-1f,-1.1156562500000002f,0f,0f,0f,1f],start_interpolation:0}
execute if entity @s[tag=aj.assembler.bone.small_arm_base2] run data modify entity @s {} merge value {transformation:[-0.8980275757606156f,-0.4399391698559155f,1.2246467991473532e-16f,0.9603996836505345f,-0.4399391698559155f,0.8980275757606156f,0f,0.9655994397214777f,-1.0997665962012952e-16f,-5.387700961835907e-17f,-1f,-1.0219062500000002f,0f,0f,0f,1f],start_interpolation:0}
execute if entity @s[tag=aj.assembler.bone.bone2] run data modify entity @s {} merge value {transformation:[0.7501110696304598f,-0.6613118653236517f,1.2246467991473532e-16f,1.531195361832059e-16f,-0.6613118653236517f,-0.7501110696304598f,0f,0.5000000000000001f,9.1862112042794e-17f,-8.098734591067755e-17f,-1f,-1.4594062500000002f,0f,0f,0f,1f],start_interpolation:0}
execute if entity @s[tag=aj.assembler.bone.ring] run data modify entity @s {} merge value {transformation:[1.3496367330467898f,-1.1898648367903635f,2.2034447591230768e-16f,1.1102230246251565e-16f,-1.1898648367903635f,-1.3496367330467898f,0f,0.5000000000000001f,1.652828305137442e-16f,-1.4571641637933062e-16f,-1.7992491881391441f,-1.1156562500000002f,0f,0f,0f,1f],start_interpolation:0}
execute if entity @s[tag=aj.assembler.bone.wheel] run data modify entity @s {} merge value {transformation:[-1f,9.907600726170932e-17f,7.198293278059945e-17f,1.0625f,0f,0.5877852522924714f,-0.8090169943749487f,-0.6249999999999999f,-1.2246467991473532e-16f,-0.8090169943749487f,-0.5877852522924714f,-1.24065625f,0f,0f,0f,1f],start_interpolation:0}
execute if entity @s[tag=aj.assembler.bone.wheel2] run data modify entity @s {} merge value {transformation:[-1f,9.907600726170932e-17f,7.198293278059945e-17f,1.0625f,0f,0.5877852522924714f,-0.8090169943749487f,-0.6249999999999999f,-1.2246467991473532e-16f,-0.8090169943749487f,-0.5877852522924714f,-0.99065625f,0f,0f,0f,1f],start_interpolation:0}
execute if entity @s[tag=aj.assembler.bone.rails] run data modify entity @s {} merge value {transformation:[-1.137300743709099f,0f,1.3927917154512523e-16f,-0.43749999999999994f,0f,1.137300743709099f,0f,-0.9999999999999999f,-1.3927917154512523e-16f,0f,-1.137300743709099f,-0.6781562500000002f,0f,0f,0f,1f],start_interpolation:0}
execute if entity @s[tag=aj.assembler.bone.wheel3] run data modify entity @s {} merge value {transformation:[-1f,9.907600726170932e-17f,7.198293278059945e-17f,-1.0625f,0f,0.5877852522924714f,-0.8090169943749487f,-0.6249999999999999f,-1.2246467991473532e-16f,-0.8090169943749487f,-0.5877852522924714f,-0.9906562500000002f,0f,0f,0f,1f],start_interpolation:0}
execute if entity @s[tag=aj.assembler.bone.wheel4] run data modify entity @s {} merge value {transformation:[-1f,9.907600726170932e-17f,7.198293278059945e-17f,-1.0625f,0f,0.5877852522924714f,-0.8090169943749487f,-0.6249999999999999f,-1.2246467991473532e-16f,-0.8090169943749487f,-0.5877852522924714f,-1.2406562500000002f,0f,0f,0f,1f],start_interpolation:0}
execute if entity @s[tag=aj.assembler.bone.rails2] run data modify entity @s {} merge value {transformation:[-1.2038220325092979f,0f,1.4742567988555726e-16f,0.4375f,0f,1.2038220325092979f,0f,-0.9999999999999999f,-1.4742567988555726e-16f,0f,-1.2038220325092979f,-0.6781562500000001f,0f,0f,0f,1f],start_interpolation:0}
execute if entity @s[tag=aj.assembler.bone.bone6] run data modify entity @s {} merge value {transformation:[0.08402019190473996f,-0.37674670750158457f,-0.9224979814281473f,0.3883918587830161f,0f,0.9257714609770712f,-0.378083591339771f,0.6626878152264872f,0.9964640522127683f,0.03176665590040084f,0.07778349581122501f,-0.038079813296685854f,0f,0f,0f,1f],start_interpolation:0}
execute if entity @s[tag=aj.assembler.bone.bone5] run data modify entity @s {} merge value {transformation:[0.08402019190473996f,-0.16520761385421728f,-0.982673420662677f,0.2579652719822202f,0f,0.9861604324616953f,-0.16579385225924997f,0.6441456143435543f,0.9964640522127683f,0.013930031283448288f,0.082857388784293f,-0.027082460378486245f,0f,0f,0f,1f],start_interpolation:0}
execute if entity @s[tag=aj.assembler.bone.bone4] run data modify entity @s {} merge value {transformation:[0.08402019190473996f,-0.16520761385421728f,-0.982673420662677f,0.9136303177971605f,0f,0.9861604324616953f,-0.16579385225924997f,0.28104890965168927f,0.9964640522127683f,0.013930031283448288f,0.082857388784293f,-0.2705323895915904f,0f,0f,0f,1f],start_interpolation:0}
execute if entity @s[tag=aj.assembler.bone.bone3] run data modify entity @s {} merge value {transformation:[0.08402019190473996f,-0.5189202447564564f,-0.8506834822271971f,0.7944703657396789f,0f,0.8537021283789938f,-0.5207616306921775f,-0.234375f,0.9964640522127683f,0.04375449214738207f,0.07172821665588801f,-0.19776323963760264f,0f,0f,0f,1f],start_interpolation:0}
execute if entity @s[tag=aj.assembler.bone.octagon] run data modify entity @s {} merge value {transformation:[0.08402019190473996f,0f,-0.9964640522127683f,0.859375f,0f,1f,0f,-0.40625f,0.9964640522127683f,0f,0.08402019190473996f,-0.1718749999999999f,0f,0f,0f,1f],start_interpolation:0}
execute if entity @s[tag=aj.assembler.bone.bone10] run data modify entity @s {} merge value {transformation:[0.17050579027476054f,0.17524038133893494f,0.969648691140747f,-0.935631605696053f,0f,0.9840585815099975f,-0.1778446180139609f,0.635732434173056f,-0.9853566742468329f,0.030323537140583327f,0.16778768611702197f,-0.08992720455441269f,0f,0f,0f,1f],start_interpolation:0}
execute if entity @s[tag=aj.assembler.bone.bone9] run data modify entity @s {} merge value {transformation:[0.17050579027476054f,-0.2861162290265173f,0.9429025819088761f,-0.8120021243884746f,0f,0.9569149999715514f,0.29036818494705285f,0.6773731451281095f,-0.9853566742468329f,-0.04950945684504507f,0.16315954829592183f,-0.06853440034194846f,0f,0f,0f,1f],start_interpolation:0}
execute if entity @s[tag=aj.assembler.bone.bone8] run data modify entity @s {} merge value {transformation:[0.17050579027476054f,-0.2861162290265173f,0.9429025819088761f,-1.1963834147602377f,0f,0.9569149999715514f,0.29036818494705285f,0.08846950093265954f,-0.9853566742468329f,-0.04950945684504507f,0.16315954829592183f,-0.3253340367528782f,0f,0f,0f,1f],start_interpolation:0}
execute if entity @s[tag=aj.assembler.bone.bone7] run data modify entity @s {} merge value {transformation:[0.17050579027476054f,-0.12861485466805286f,0.9769268113024101f,-0.7924619019134865f,0f,0.9914448613738104f,0.13052619222005157f,-0.234375f,-0.9853566742468329f,-0.022255471556035192f,0.16904708960239195f,-0.192010784178041f,0f,0f,0f,1f],start_interpolation:0}
execute if entity @s[tag=aj.assembler.bone.octagon2] run data modify entity @s {} merge value {transformation:[0.17050579027476054f,0f,0.9853566742468329f,-0.8593749999999999f,0f,1f,0f,-0.40625f,-0.9853566742468329f,0f,0.17050579027476054f,-0.171875f,0f,0f,0f,1f],start_interpolation:0}