execute if entity @s[tag=aj.assembler.bone.bone21] run data modify entity @s {} merge value {transformation:[0.008357535050196097f,-0.9999650751940716f,1.2246467991473532e-16f,-0.5739026496699928f,-0.9999650751940716f,-0.008357535050196097f,0f,0.5712405203506865f,1.0235028547984508e-18f,-1.224604028595562e-16f,-1f,-1.4345937500000003f,0f,0f,0f,1f],start_interpolation:0}
execute if entity @s[tag=aj.assembler.bone.arm4] run data modify entity @s {} merge value {transformation:[-0.7227259384124403f,0.6911347321223683f,1.2246467991473532e-16f,-0.9556796023460237f,0.6911347321223683f,0.7227259384124403f,0f,0.9363295504992977f,-8.850840071375621e-17f,8.463959374732217e-17f,-1f,-1.4345937500000003f,0f,0f,0f,1f],start_interpolation:0}
execute if entity @s[tag=aj.assembler.bone.small_arm_base4] run data modify entity @s {} merge value {transformation:[-0.9114032766354451f,0.41151435860510943f,1.2246467991473532e-16f,-0.9709323322402885f,0.41151435860510943f,0.9114032766354451f,0f,0.9432164221183976f,-1.1161471054640075e-16f,5.0395974206892336e-17f,-1f,-1.3408437500000003f,0f,0f,0f,1f],start_interpolation:0}
execute if entity @s[tag=aj.assembler.bone.bone25] run data modify entity @s {} merge value {transformation:[-0.03141075907812896f,-0.9995065603657315f,1.2246467991473532e-16f,2.6414183864572156e-16f,-0.9995065603657315f,0.03141075907812896f,0f,0.5000000000000001f,-3.84670855638193e-18f,-1.224042509878674e-16f,-1f,-1.7783437500000001f,0f,0f,0f,1f],start_interpolation:0}
execute if entity @s[tag=aj.assembler.bone.bone16] run data modify entity @s {} merge value {transformation:[-0.4632066131832636f,-0.8862503221456626f,1.2246467991473532e-16f,-0.5340914841652061f,-0.8862503221456626f,0.4632066131832636f,0f,0.06344104437817688f,-5.6726449617877e-17f,-1.0853436202589964e-16f,-1f,-1.4345937500000001f,0f,0f,0f,1f],start_interpolation:0}
execute if entity @s[tag=aj.assembler.bone.arm3] run data modify entity @s {} merge value {transformation:[0.18506901675037762f,-0.9827255257899067f,1.2246467991473532e-16f,-0.43632955049929756f,-0.9827255257899067f,-0.18506901675037762f,0f,-0.45567960234602367f,2.2664417898469797e-17f,-1.203491669599009e-16f,-1f,-1.4345937500000001f,0f,0f,0f,1f],start_interpolation:0}
execute if entity @s[tag=aj.assembler.bone.small_arm_base3] run data modify entity @s {} merge value {transformation:[-0.41151435860510965f,-0.911403276635445f,1.2246467991473532e-16f,-0.44321642211839757f,-0.911403276635445f,0.41151435860510965f,0f,-0.4709323322402885f,-5.039597420689236e-17f,-1.1161471054640075e-16f,-1f,-1.3408437500000001f,0f,0f,0f,1f],start_interpolation:0}
execute if entity @s[tag=aj.assembler.bone.bone15] run data modify entity @s {} merge value {transformation:[0.9995065603657315f,-0.03141075907812918f,1.2246467991473532e-16f,2.6414183864572156e-16f,-0.03141075907812918f,-0.9995065603657315f,0f,0.5000000000000001f,1.224042509878674e-16f,-3.846708556381957e-18f,-1f,-1.7783437500000001f,0f,0f,0f,1f],start_interpolation:0}
execute if entity @s[tag=aj.assembler.bone.bone26] run data modify entity @s {} merge value {transformation:[-0.6677439778758102f,0.7443910128491542f,1.2246467991473532e-16f,0.5513378542155586f,0.7443910128491542f,0.6677439778758102f,0f,0.9401054257179098f,-8.177505251555318e-17f,9.11616071199773e-17f,-1f,-1.4345937500000001f,0f,0f,0f,1f],start_interpolation:0}
execute if entity @s[tag=aj.assembler.bone.arm5] run data modify entity @s {} merge value {transformation:[-0.2177173966263264f,0.976011851980423f,1.2246467991473532e-16f,0.4363295504992976f,0.976011851980423f,0.2177173966263264f,0f,1.4556796023460241f,-2.6662691289712516e-17f,1.1952697904577052e-16f,-1f,-1.4345937500000001f,0f,0f,0f,1f],start_interpolation:0}
execute if entity @s[tag=aj.assembler.bone.small_arm_base5] run data modify entity @s {} merge value {transformation:[0.4115143586051092f,0.9114032766354452f,1.2246467991473532e-16f,0.44321642211839757f,0.9114032766354452f,-0.4115143586051092f,0f,1.470932332240289f,5.039597420689231e-17f,1.1161471054640075e-16f,-1f,-1.3408437500000001f,0f,0f,0f,1f],start_interpolation:0}
execute if entity @s[tag=aj.assembler.bone.bone20] run data modify entity @s {} merge value {transformation:[-0.9995065603657315f,0.031410759078128736f,1.2246467991473532e-16f,2.6414183864572156e-16f,0.031410759078128736f,0.9995065603657315f,0f,0.5000000000000001f,-1.224042509878674e-16f,3.846708556381903e-18f,-1f,-1.7783437500000001f,0f,0f,0f,1f],start_interpolation:0}
execute if entity @s[tag=aj.assembler.bone.bone11] run data modify entity @s {} merge value {transformation:[-0.9852161179423701f,-0.17131608490321693f,1.2246467991473532e-16f,0.4369367529454177f,-0.17131608490321693f,0.9852161179423701f,0f,-0.036076719507693686f,-1.2065417653065044e-16f,-2.098016950191809e-17f,-1f,-1.43459375f,0f,0f,0f,1f],start_interpolation:0}
execute if entity @s[tag=aj.assembler.bone.arm2] run data modify entity @s {} merge value {transformation:[-0.9820103335204142f,-0.18882718252181036f,1.2246467991473532e-16f,0.9556796023460241f,-0.18882718252181036f,0.9820103335204142f,0f,0.06367044950070253f,-1.2026158116754e-16f,-2.3124660466734817e-17f,-1f,-1.43459375f,0f,0f,0f,1f],start_interpolation:0}
execute if entity @s[tag=aj.assembler.bone.small_arm_base2] run data modify entity @s {} merge value {transformation:[-0.9114032766354451f,0.41151435860510943f,1.2246467991473532e-16f,0.970932332240289f,0.41151435860510943f,0.9114032766354451f,0f,0.05678357788160254f,-1.1161471054640075e-16f,5.0395974206892336e-17f,-1f,-1.34084375f,0f,0f,0f,1f],start_interpolation:0}
execute if entity @s[tag=aj.assembler.bone.bone2] run data modify entity @s {} merge value {transformation:[-0.03141075907812896f,-0.9995065603657315f,1.2246467991473532e-16f,2.6414183864572156e-16f,-0.9995065603657315f,0.03141075907812896f,0f,0.5000000000000001f,-3.84670855638193e-18f,-1.224042509878674e-16f,-1f,-1.7783437500000001f,0f,0f,0f,1f],start_interpolation:0}
execute if entity @s[tag=aj.assembler.bone.ring] run data modify entity @s {} merge value {transformation:[-0.05651578277015778f,-1.798361367277791f,2.2034447591230768e-16f,2.220446049250313e-16f,-1.798361367277791f,0.05651578277015778f,0f,0.5000000000000001f,-6.9211872470780864e-18f,-2.2023574921470044e-16f,-1.7992491881391441f,-1.4345937500000001f,0f,0f,0f,1f],start_interpolation:0}
execute if entity @s[tag=aj.assembler.bone.wheel] run data modify entity @s {} merge value {transformation:[-1f,3.784366730434141e-17f,-1.1647083184890926e-16f,1.0625000000000002f,0f,-0.9510565162951536f,-0.3090169943749467f,-0.6249999999999999f,-1.2246467991473532e-16f,-0.3090169943749467f,0.9510565162951536f,-1.55959375f,0f,0f,0f,1f],start_interpolation:0}
execute if entity @s[tag=aj.assembler.bone.wheel2] run data modify entity @s {} merge value {transformation:[-1f,3.784366730434141e-17f,-1.1647083184890926e-16f,1.0625000000000002f,0f,-0.9510565162951536f,-0.3090169943749467f,-0.6249999999999999f,-1.2246467991473532e-16f,-0.3090169943749467f,0.9510565162951536f,-1.30959375f,0f,0f,0f,1f],start_interpolation:0}
execute if entity @s[tag=aj.assembler.bone.rails] run data modify entity @s {} merge value {transformation:[-1.137300743709099f,0f,1.3927917154512523e-16f,-0.43749999999999983f,0f,1.137300743709099f,0f,-0.9999999999999999f,-1.3927917154512523e-16f,0f,-1.137300743709099f,-0.9970937500000001f,0f,0f,0f,1f],start_interpolation:0}
execute if entity @s[tag=aj.assembler.bone.wheel3] run data modify entity @s {} merge value {transformation:[-1f,3.784366730434141e-17f,-1.1647083184890926e-16f,-1.0625f,0f,-0.9510565162951536f,-0.3090169943749467f,-0.6249999999999999f,-1.2246467991473532e-16f,-0.3090169943749467f,0.9510565162951536f,-1.3095937500000001f,0f,0f,0f,1f],start_interpolation:0}
execute if entity @s[tag=aj.assembler.bone.wheel4] run data modify entity @s {} merge value {transformation:[-1f,3.784366730434141e-17f,-1.1647083184890926e-16f,-1.0625f,0f,-0.9510565162951536f,-0.3090169943749467f,-0.6249999999999999f,-1.2246467991473532e-16f,-0.3090169943749467f,0.9510565162951536f,-1.5595937500000003f,0f,0f,0f,1f],start_interpolation:0}
execute if entity @s[tag=aj.assembler.bone.rails2] run data modify entity @s {} merge value {transformation:[-1.2038220325092979f,0f,1.4742567988555726e-16f,0.4375000000000001f,0f,1.2038220325092979f,0f,-0.9999999999999999f,-1.4742567988555726e-16f,0f,-1.2038220325092979f,-0.99709375f,0f,0f,0f,1f],start_interpolation:0}
execute if entity @s[tag=aj.assembler.bone.bone6] run data modify entity @s {} merge value {transformation:[0.14631566013248565f,-0.42443977749315653f,-0.8935561554158501f,0.33838523602724646f,0f,0.9032772678519044f,-0.4290573124676927f,0.46300075549294595f,0.9892379529718798f,0.06277780390838063f,0.13216360972841942f,-0.0000468157625384269f,0f,0f,0f,1f],start_interpolation:0}
execute if entity @s[tag=aj.assembler.bone.bone5] run data modify entity @s {} merge value {transformation:[0.14631566013248565f,-0.4630121769489018f,-0.8741918848839961f,0.22127769122779928f,0f,0.8837023309283061f,-0.4680493460222744f,0.40416494379662093f,0.9892379529718798f,0.06848294903782727f,0.12929948991039136f,0.017274262217081726f,0f,0f,0f,1f],start_interpolation:0}
execute if entity @s[tag=aj.assembler.bone.bone4] run data modify entity @s {} merge value {transformation:[0.14631566013248565f,-0.4630121769489018f,-0.8741918848839961f,0.9248436167949443f,0f,0.8837023309283061f,-0.4680493460222744f,0.27643837204182686f,0.9892379529718798f,0.06848294903782727f,0.12929948991039136f,-0.27632821428872645f,0f,0f,0f,1f],start_interpolation:0}
execute if entity @s[tag=aj.assembler.bone.bone3] run data modify entity @s {} merge value {transformation:[0.14631566013248565f,-0.48573719002161714f,-0.8617720753365697f,0.7929752635601174f,0f,0.8711474046740972f,-0.4910215874374411f,-0.234375f,0.9892379529718798f,0.07184414770521022f,0.12746250758759214f,-0.19364395727209077f,0f,0f,0f,1f],start_interpolation:0}
execute if entity @s[tag=aj.assembler.bone.octagon] run data modify entity @s {} merge value {transformation:[0.14631566013248565f,0f,-0.9892379529718798f,0.859375f,0f,1f,0f,-0.40625f,0.9892379529718798f,0f,0.14631566013248565f,-0.1718749999999999f,0f,0f,0f,1f],start_interpolation:0}
execute if entity @s[tag=aj.assembler.bone.bone10] run data modify entity @s {} merge value {transformation:[-0.5163301177812402f,-0.6561575144386415f,0.5503276530556273f,-0.4623090233887359f,0f,0.6426136300726418f,0.766190395688214f,0.32214914758707547f,-0.8563896364809717f,0.3956071772485505f,-0.33180077130323743f,-0.30180081615983767f,0f,0f,0f,1f],start_interpolation:0}
execute if entity @s[tag=aj.assembler.bone.bone9] run data modify entity @s {} merge value {transformation:[-0.5163301177812402f,0.4952993007530041f,0.6986285222817602f,-0.3682922888838218f,0f,0.8157834851347867f,-0.578357420097072f,0.24850394051577884f,-0.8563896364809717f,-0.2986233548383754f,-0.421213582963635f,-0.3584849112637939f,0f,0f,0f,1f],start_interpolation:0}
execute if entity @s[tag=aj.assembler.bone.bone8] run data modify entity @s {} merge value {transformation:[-0.5163301177812402f,0.4952993007530041f,0.6986285222817602f,-1.0864407325512122f,0f,0.8157834851347867f,-0.578357420097072f,0.22141451955275726f,-0.8563896364809717f,-0.2986233548383754f,-0.421213582963635f,-0.14444487306761622f,0f,0f,0f,1f],start_interpolation:0}
execute if entity @s[tag=aj.assembler.bone.bone7] run data modify entity @s {} merge value {transformation:[-0.5163301177812402f,0.21086571289645417f,0.8300234096678725f,-0.8219859639006029f,0f,0.9692123471724369f,-0.24622637163491579f,-0.234375f,-0.8563896364809717f,-0.12713409146710347f,-0.5004335253705765f,-0.2309078085013579f,0f,0f,0f,1f],start_interpolation:0}
execute if entity @s[tag=aj.assembler.bone.octagon2] run data modify entity @s {} merge value {transformation:[-0.5163301177812402f,0f,0.8563896364809717f,-0.8593749999999999f,0f,1f,0f,-0.40625f,-0.8563896364809717f,0f,-0.5163301177812402f,-0.171875f,0f,0f,0f,1f],start_interpolation:0}