execute if entity @s[tag=aj.assembler.bone.bone21] run data modify entity @s {} merge value {transformation:[0.1381900370012893f,0.9904057318460868f,1.2246467991473532e-16f,0.722857499676275f,0.9904057318460868f,-0.1381900370012893f,0f,1.011894321078287f,1.6923398648768325e-17f,1.2128972093625017e-16f,-1f,-1.0885859375f,0f,0f,0f,1f],start_interpolation:0}
execute if entity @s[tag=aj.assembler.bone.arm4] run data modify entity @s {} merge value {transformation:[-0.5424140443754046f,0.8401113048068791f,1.2246467991473532e-16f,0.43632955049929706f,0.8401113048068791f,0.5424140443754046f,0f,1.4556796023460246f,-6.642656232569096e-17f,1.0288396203592508e-16f,-1f,-1.0885859375f,0f,0f,0f,1f],start_interpolation:0}
execute if entity @s[tag=aj.assembler.bone.small_arm_base4] run data modify entity @s {} merge value {transformation:[0.4115143586051089f,0.9114032766354454f,1.2246467991473532e-16f,0.443216422118397f,0.9114032766354454f,-0.4115143586051089f,0f,1.4709323322402894f,5.039597420689226e-17f,1.1161471054640078e-16f,-1f,-0.9948359375f,0f,0f,0f,1f],start_interpolation:0}
execute if entity @s[tag=aj.assembler.bone.bone25] run data modify entity @s {} merge value {transformation:[-0.9995065603657316f,0.03141075907812829f,1.2246467991473532e-16f,1.531195361832059e-16f,0.03141075907812829f,0.9995065603657316f,0f,0.5000000000000001f,-1.224042509878674e-16f,3.846708556381848e-18f,-1f,-1.4323359375f,0f,0f,0f,1f],start_interpolation:0}
execute if entity @s[tag=aj.assembler.bone.bone16] run data modify entity @s {} merge value {transformation:[-0.8630637139965145f,-0.5050950658861587f,1.2246467991473532e-16f,-0.5210177498016424f,-0.5050950658861587f,0.8630637139965145f,0f,1.2365173508379121f,-1.0569482148060583e-16f,-6.185630557026057e-17f,-1f,-1.0885859375f,0f,0f,0f,1f],start_interpolation:0}
execute if entity @s[tag=aj.assembler.bone.arm3] run data modify entity @s {} merge value {transformation:[-0.8228401245027559f,-0.5682729357520817f,1.2246467991473532e-16f,-0.9556796023460241f,-0.5682729357520817f,0.8228401245027559f,0f,0.9363295504992972f,-1.0076885246823096e-16f,-6.959336318108563e-17f,-1f,-1.0885859375f,0f,0f,0f,1f],start_interpolation:0}
execute if entity @s[tag=aj.assembler.bone.small_arm_base3] run data modify entity @s {} merge value {transformation:[-0.9114032766354453f,0.41151435860510904f,1.2246467991473532e-16f,-0.970932332240289f,0.41151435860510904f,0.9114032766354453f,0f,0.9432164221183972f,-1.1161471054640078e-16f,5.039597420689229e-17f,-1f,-0.9948359375000001f,0f,0f,0f,1f],start_interpolation:0}
execute if entity @s[tag=aj.assembler.bone.bone15] run data modify entity @s {} merge value {transformation:[-0.031410759078128514f,-0.9995065603657316f,1.2246467991473532e-16f,1.531195361832059e-16f,-0.9995065603657316f,0.031410759078128514f,0f,0.5000000000000001f,-3.846708556381875e-18f,-1.224042509878674e-16f,-1f,-1.4323359375f,0f,0f,0f,1f],start_interpolation:0}
execute if entity @s[tag=aj.assembler.bone.bone26] run data modify entity @s {} merge value {transformation:[0.996985422603909f,0.07758909147106585f,1.2246467991473532e-16f,0.528048965118652f,0.07758909147106585f,-0.996985422603909f,0f,-0.24645159040288245f,1.2209550065884482e-16f,9.501923251879216e-18f,-1f,-1.0885859375f,0f,0f,0f,1f],start_interpolation:0}
execute if entity @s[tag=aj.assembler.bone.arm5] run data modify entity @s {} merge value {transformation:[0.8095296256563846f,0.5870790280572405f,1.2246467991473532e-16f,0.9556796023460244f,0.5870790280572405f,-0.8095296256563846f,0f,0.0636704495007034f,9.913878648750464e-17f,7.189644525568389e-17f,-1f,-1.0885859375f,0f,0f,0f,1f],start_interpolation:0}
execute if entity @s[tag=aj.assembler.bone.small_arm_base5] run data modify entity @s {} merge value {transformation:[0.9114032766354455f,-0.41151435860510865f,1.2246467991473532e-16f,0.9709323322402893f,-0.41151435860510865f,-0.9114032766354455f,0f,0.05678357788160343f,1.116147105464008e-16f,-5.039597420689223e-17f,-1f,-0.9948359374999999f,0f,0f,0f,1f],start_interpolation:0}
execute if entity @s[tag=aj.assembler.bone.bone20] run data modify entity @s {} merge value {transformation:[0.03141075907812807f,0.9995065603657316f,1.2246467991473532e-16f,1.531195361832059e-16f,0.9995065603657316f,-0.03141075907812807f,0f,0.5000000000000001f,3.846708556381821e-18f,1.224042509878674e-16f,-1f,-1.4323359375f,0f,0f,0f,1f],start_interpolation:0}
execute if entity @s[tag=aj.assembler.bone.bone11] run data modify entity @s {} merge value {transformation:[-0.22962975264917912f,0.973278057236614f,1.2246467991473532e-16f,-0.7911894091671685f,0.973278057236614f,0.22962975264917912f,0f,-0.06437649446714738f,-2.812153415708156e-17f,1.1919218574751737e-16f,-1f,-1.0885859375f,0f,0f,0f,1f],start_interpolation:0}
execute if entity @s[tag=aj.assembler.bone.arm2] run data modify entity @s {} merge value {transformation:[-0.6717703165761199f,0.7407595033256207f,1.2246467991473532e-16f,-0.4363295504992968f,0.7407595033256207f,0.6717703165761199f,0f,-0.4556796023460242f,-8.226813679571492e-17f,9.071687546857045e-17f,-1f,-1.0885859375f,0f,0f,0f,1f],start_interpolation:0}
execute if entity @s[tag=aj.assembler.bone.small_arm_base2] run data modify entity @s {} merge value {transformation:[0.4115143586051089f,0.9114032766354454f,1.2246467991473532e-16f,-0.4432164221183968f,0.9114032766354454f,-0.4115143586051089f,0f,-0.4709323322402891f,5.039597420689226e-17f,1.1161471054640078e-16f,-1f,-0.9948359375f,0f,0f,0f,1f],start_interpolation:0}
execute if entity @s[tag=aj.assembler.bone.bone2] run data modify entity @s {} merge value {transformation:[-0.9995065603657316f,0.03141075907812829f,1.2246467991473532e-16f,1.531195361832059e-16f,0.03141075907812829f,0.9995065603657316f,0f,0.5000000000000001f,-1.224042509878674e-16f,3.846708556381848e-18f,-1f,-1.4323359375f,0f,0f,0f,1f],start_interpolation:0}
execute if entity @s[tag=aj.assembler.bone.ring] run data modify entity @s {} merge value {transformation:[-1.798361367277791f,0.05651578277015658f,2.2034447591230768e-16f,1.1102230246251565e-16f,0.05651578277015658f,1.798361367277791f,0f,0.5000000000000001f,-2.2023574921470044e-16f,6.921187247077939e-18f,-1.7992491881391441f,-1.0885859375f,0f,0f,0f,1f],start_interpolation:0}
execute if entity @s[tag=aj.assembler.bone.wheel] run data modify entity @s {} merge value {transformation:[-1f,3.7843667304341506e-17f,1.1647083184890923e-16f,1.0625f,0f,0.9510565162951535f,-0.30901699437494745f,-0.6249999999999999f,-1.2246467991473532e-16f,-0.30901699437494745f,-0.9510565162951535f,-1.2135859374999998f,0f,0f,0f,1f],start_interpolation:0}
execute if entity @s[tag=aj.assembler.bone.wheel2] run data modify entity @s {} merge value {transformation:[-1f,3.7843667304341506e-17f,1.1647083184890923e-16f,1.0625f,0f,0.9510565162951535f,-0.30901699437494745f,-0.6249999999999999f,-1.2246467991473532e-16f,-0.30901699437494745f,-0.9510565162951535f,-0.9635859374999998f,0f,0f,0f,1f],start_interpolation:0}
execute if entity @s[tag=aj.assembler.bone.rails] run data modify entity @s {} merge value {transformation:[-1.137300743709099f,0f,1.3927917154512523e-16f,-0.43749999999999994f,0f,1.137300743709099f,0f,-0.9999999999999999f,-1.3927917154512523e-16f,0f,-1.137300743709099f,-0.6510859375f,0f,0f,0f,1f],start_interpolation:0}
execute if entity @s[tag=aj.assembler.bone.wheel3] run data modify entity @s {} merge value {transformation:[-1f,3.7843667304341506e-17f,1.1647083184890923e-16f,-1.0625f,0f,0.9510565162951535f,-0.30901699437494745f,-0.6249999999999999f,-1.2246467991473532e-16f,-0.30901699437494745f,-0.9510565162951535f,-0.9635859375f,0f,0f,0f,1f],start_interpolation:0}
execute if entity @s[tag=aj.assembler.bone.wheel4] run data modify entity @s {} merge value {transformation:[-1f,3.7843667304341506e-17f,1.1647083184890923e-16f,-1.0625f,0f,0.9510565162951535f,-0.30901699437494745f,-0.6249999999999999f,-1.2246467991473532e-16f,-0.30901699437494745f,-0.9510565162951535f,-1.2135859375f,0f,0f,0f,1f],start_interpolation:0}
execute if entity @s[tag=aj.assembler.bone.rails2] run data modify entity @s {} merge value {transformation:[-1.2038220325092979f,0f,1.4742567988555726e-16f,0.4375f,0f,1.2038220325092979f,0f,-0.9999999999999999f,-1.4742567988555726e-16f,0f,-1.2038220325092979f,-0.6510859374999999f,0f,0f,0f,1f],start_interpolation:0}
execute if entity @s[tag=aj.assembler.bone.bone6] run data modify entity @s {} merge value {transformation:[-0.604383601124694f,0.005054568069140005f,-0.7966774215660822f,0.656563191488144f,0f,0.9999798738838848f,0.0063444327697654915f,0.5966731698679518f,0.7966934559110842f,0.0038344711244843836f,-0.6043714372301596f,-0.2080572115710018f,0f,0f,0f,1f],start_interpolation:0}
execute if entity @s[tag=aj.assembler.bone.bone5] run data modify entity @s {} merge value {transformation:[-0.604383601124694f,-0.027794669460288506f,-0.7962084645626043f,0.5512476220978221f,0f,0.999391244719181f,-0.03488753328405721f,0.5954757027305618f,0.7966934559110842f,-0.021085453000576113f,-0.6040156794158689f,-0.2879511815921691f,0f,0f,0f,1f],start_interpolation:0}
execute if entity @s[tag=aj.assembler.bone.bone4] run data modify entity @s {} merge value {transformation:[-0.604383601124694f,-0.027794669460288506f,-0.7962084645626043f,1.172487555504158f,0f,0.999391244719181f,-0.03488753328405721f,0.1309885578672711f,0.7966934559110842f,-0.021085453000576113f,-0.6040156794158689f,-0.0520169879321615f,0f,0f,0f,1f],start_interpolation:0}
execute if entity @s[tag=aj.assembler.bone.bone3] run data modify entity @s {} merge value {transformation:[-0.604383601124694f,0.020216237749220052f,-0.7964369192992083f,0.828468646540704f,0f,0.9996779983443161f,0.02537517736492655f,-0.234375f,0.7966934559110842f,0.015336341074992132f,-0.6041889886044637f,-0.23454564556751464f,0f,0f,0f,1f],start_interpolation:0}
execute if entity @s[tag=aj.assembler.bone.octagon] run data modify entity @s {} merge value {transformation:[-0.604383601124694f,0f,-0.7966934559110842f,0.859375f,0f,1f,0f,-0.40625f,0.7966934559110842f,0f,-0.604383601124694f,-0.1718749999999999f,0f,0f,0f,1f],start_interpolation:0}
execute if entity @s[tag=aj.assembler.bone.bone10] run data modify entity @s {} merge value {transformation:[-0.653569227025044f,-0.6864096881311859f,0.3188871360301864f,-0.6526047329630588f,0f,0.42132533805468636f,0.9069095652341f,0.7214065931829916f,-0.756866742224737f,0.5927281835316696f,-0.2753652755184667f,-0.22655924134668332f,0f,0f,0f,1f],start_interpolation:0}
execute if entity @s[tag=aj.assembler.bone.bone9] run data modify entity @s {} merge value {transformation:[-0.653569227025044f,-0.07102287581259471f,0.7535270510055995f,-0.5532670727130856f,0f,0.9955874779101526f,0.09383801909941214f,0.7372074924850304f,-0.756866742224737f,0.06132964160836413f,-0.6506853383735515f,-0.3123392528097494f,0f,0f,0f,1f],start_interpolation:0}
execute if entity @s[tag=aj.assembler.bone.bone8] run data modify entity @s {} merge value {transformation:[-0.653569227025044f,-0.07102287581259471f,0.7535270510055995f,-1.1089334119446208f,0f,0.9955874779101526f,0.09383801909941214f,0.19499724943638896f,-0.756866742224737f,0.06132964160836413f,-0.6506853383735515f,-0.08024235910949809f,0f,0f,0f,1f],start_interpolation:0}
execute if entity @s[tag=aj.assembler.bone.bone7] run data modify entity @s {} merge value {transformation:[-0.653569227025044f,0.1191828097767437f,0.747424058576928f,-0.8324948669554865f,0f,0.9875239812756824f,-0.1574686838880214f,-0.234375f,-0.756866742224737f,-0.10291668600934516f,-0.6454152851110418f,-0.2363751623835883f,0f,0f,0f,1f],start_interpolation:0}
execute if entity @s[tag=aj.assembler.bone.octagon2] run data modify entity @s {} merge value {transformation:[-0.653569227025044f,0f,0.756866742224737f,-0.8593749999999999f,0f,1f,0f,-0.40625f,-0.756866742224737f,0f,-0.653569227025044f,-0.171875f,0f,0f,0f,1f],start_interpolation:0}