execute if entity @s[tag=aj.assembler.bone.bone21] run data modify entity @s {} merge value {transformation:[0.9378058464243836f,0.3471601855228303f,1.2246467991473532e-16f,0.38218724530138004f,0.3471601855228303f,-0.9378058464243836f,0f,-0.016568079595450556f,1.1484809280452955e-16f,4.2514860999193545e-17f,-1f,-1.7485000000000004f,0f,0f,0f,1f],start_interpolation:0}
execute if entity @s[tag=aj.assembler.bone.arm4] run data modify entity @s {} merge value {transformation:[0.9998920268838285f,-0.014694712455490144f,1.2246467991473532e-16f,0.9103760243941842f,-0.014694712455490144f,-0.9998920268838285f,0f,-0.02433049995915142f,1.2245145702162398e-16f,-1.7995832573006705e-18f,-1f,-1.7485000000000004f,0f,0f,0f,1f],start_interpolation:0}
execute if entity @s[tag=aj.assembler.bone.small_arm_base4] run data modify entity @s {} merge value {transformation:[0.8686315144381914f,-0.49545866843240743f,1.2246467991473532e-16f,0.9249129502611639f,-0.49545866843240743f,-0.8686315144381914f,0f,-0.03262221608208393f,1.0637668037952491e-16f,-6.067618724055576e-17f,-1f,-1.6547500000000004f,0f,0f,0f,1f],start_interpolation:0}
execute if entity @s[tag=aj.assembler.bone.bone25] run data modify entity @s {} merge value {transformation:[0.12533323356430404f,0.9921147013144779f,1.2246467991473532e-16f,2.6414183864572156e-16f,0.9921147013144779f,-0.12533323356430404f,0f,0.5000000000000001f,1.5348894331131255e-17f,1.2149900933518077e-16f,-1f,-2.0922500000000004f,0f,0f,0f,1f],start_interpolation:0}
execute if entity @s[tag=aj.assembler.bone.bone16] run data modify entity @s {} merge value {transformation:[-0.8770760212445202f,0.4803515930627085f,1.2246467991473532e-16f,0.5131906249150034f,0.4803515930627085f,0.8770760212445202f,0f,0.8822476832559236f,-1.0741083420259978e-16f,5.88261040909578e-17f,-1f,-1.7485000000000004f,0f,0f,0f,1f],start_interpolation:0}
execute if entity @s[tag=aj.assembler.bone.arm3] run data modify entity @s {} merge value {transformation:[0.021088430269680547f,0.9997776143266867f,1.2246467991473532e-16f,0.524330499959152f,0.9997776143266867f,-0.021088430269680547f,0f,1.4103760243941839f,2.5825878628806505e-18f,1.2243744552443539e-16f,-1f,-1.7485000000000004f,0f,0f,0f,1f],start_interpolation:0}
execute if entity @s[tag=aj.assembler.bone.small_arm_base3] run data modify entity @s {} merge value {transformation:[0.4954586684324076f,0.8686315144381913f,1.2246467991473532e-16f,0.5326222160820845f,0.8686315144381913f,-0.4954586684324076f,0f,1.4249129502611637f,6.067618724055578e-17f,1.063766803795249e-16f,-1f,-1.6547500000000004f,0f,0f,0f,1f],start_interpolation:0}
execute if entity @s[tag=aj.assembler.bone.bone15] run data modify entity @s {} merge value {transformation:[-0.9921147013144779f,0.12533323356430426f,1.2246467991473532e-16f,2.6414183864572156e-16f,0.12533323356430426f,0.9921147013144779f,0f,0.5000000000000001f,-1.2149900933518077e-16f,1.5348894331131283e-17f,-1f,-2.0922500000000004f,0f,0f,0f,1f],start_interpolation:0}
execute if entity @s[tag=aj.assembler.bone.bone26] run data modify entity @s {} merge value {transformation:[0.47628205154659514f,-0.8792925607410578f,1.2246467991473532e-16f,-0.30060680726952826f,-0.8792925607410578f,-0.47628205154659514f,0f,0.06815438306052429f,5.832772899178724e-17f,-1.0768228200256161e-16f,-1f,-1.7485000000000004f,0f,0f,0f,1f],start_interpolation:0}
execute if entity @s[tag=aj.assembler.bone.arm5] run data modify entity @s {} merge value {transformation:[-0.42352194026078904f,-0.9058858460742926f,1.2246467991473532e-16f,-0.524330499959151f,-0.9058858460742926f,0.42352194026078904f,0f,-0.4103760243941839f,-5.186647885090518e-17f,-1.1093902017877744e-16f,-1f,-1.7485000000000004f,0f,0f,0f,1f],start_interpolation:0}
execute if entity @s[tag=aj.assembler.bone.small_arm_base5] run data modify entity @s {} merge value {transformation:[-0.4954586684324072f,-0.8686315144381915f,1.2246467991473532e-16f,-0.5326222160820836f,-0.8686315144381915f,0.4954586684324072f,0f,-0.4249129502611637f,-6.067618724055573e-17f,-1.0637668037952492e-16f,-1f,-1.6547500000000004f,0f,0f,0f,1f],start_interpolation:0}
execute if entity @s[tag=aj.assembler.bone.bone20] run data modify entity @s {} merge value {transformation:[0.9921147013144779f,-0.12533323356430381f,1.2246467991473532e-16f,2.6414183864572156e-16f,-0.12533323356430381f,-0.9921147013144779f,0f,0.5000000000000001f,1.2149900933518077e-16f,-1.5348894331131227e-17f,-1f,-2.0922500000000004f,0f,0f,0f,1f],start_interpolation:0}
execute if entity @s[tag=aj.assembler.bone.bone11] run data modify entity @s {} merge value {transformation:[0.9571601197397858f,-0.2895591566152224f,1.2246467991473532e-16f,-0.41081381955680407f,-0.2895591566152224f,-0.9571601197397858f,0f,1.1960315338158694f,1.172183076910826e-16f,-3.5460769431263924e-17f,-1f,-1.7485000000000004f,0f,0f,0f,1f],start_interpolation:0}
execute if entity @s[tag=aj.assembler.bone.arm2] run data modify entity @s {} merge value {transformation:[0.9457002596824134f,0.3250400265146061f,1.2246467991473532e-16f,-0.9103760243941836f,0.3250400265146061f,-0.9457002596824134f,0f,1.0243304999591516f,1.1581487959728884e-16f,3.9805922806588314e-17f,-1f,-1.7485000000000004f,0f,0f,0f,1f],start_interpolation:0}
execute if entity @s[tag=aj.assembler.bone.small_arm_base2] run data modify entity @s {} merge value {transformation:[0.8686315144381914f,-0.49545866843240743f,1.2246467991473532e-16f,-0.9249129502611635f,-0.49545866843240743f,-0.8686315144381914f,0f,1.0326222160820842f,1.0637668037952491e-16f,-6.067618724055576e-17f,-1f,-1.6547500000000004f,0f,0f,0f,1f],start_interpolation:0}
execute if entity @s[tag=aj.assembler.bone.bone2] run data modify entity @s {} merge value {transformation:[0.12533323356430404f,0.9921147013144779f,1.2246467991473532e-16f,2.6414183864572156e-16f,0.9921147013144779f,-0.12533323356430404f,0f,0.5000000000000001f,1.5348894331131255e-17f,1.2149900933518077e-16f,-1f,-2.0922500000000004f,0f,0f,0f,1f],start_interpolation:0}
execute if entity @s[tag=aj.assembler.bone.ring] run data modify entity @s {} merge value {transformation:[0.22550571873742778f,1.7850615708809838f,2.2034447591230768e-16f,2.220446049250313e-16f,1.7850615708809838f,-0.22550571873742778f,0f,0.5000000000000001f,2.7616485664121422e-17f,2.186069939060343e-16f,-1.7992491881391441f,-1.7485000000000004f,0f,0f,0f,1f],start_interpolation:0}
execute if entity @s[tag=aj.assembler.bone.wheel] run data modify entity @s {} merge value {transformation:[-1f,-1.1647083184890928e-16f,-3.7843667304341425e-17f,1.0625000000000002f,0f,-0.3090169943749468f,0.9510565162951539f,-0.6249999999999999f,-1.2246467991473532e-16f,0.9510565162951539f,0.3090169943749468f,-1.8735000000000002f,0f,0f,0f,1f],start_interpolation:0}
execute if entity @s[tag=aj.assembler.bone.wheel2] run data modify entity @s {} merge value {transformation:[-1f,-1.1647083184890928e-16f,-3.7843667304341425e-17f,1.0625000000000002f,0f,-0.3090169943749468f,0.9510565162951539f,-0.6249999999999999f,-1.2246467991473532e-16f,0.9510565162951539f,0.3090169943749468f,-1.6235000000000002f,0f,0f,0f,1f],start_interpolation:0}
execute if entity @s[tag=aj.assembler.bone.rails] run data modify entity @s {} merge value {transformation:[-1.137300743709099f,0f,1.3927917154512523e-16f,-0.43749999999999983f,0f,1.137300743709099f,0f,-0.9999999999999999f,-1.3927917154512523e-16f,0f,-1.137300743709099f,-1.3110000000000004f,0f,0f,0f,1f],start_interpolation:0}
execute if entity @s[tag=aj.assembler.bone.wheel3] run data modify entity @s {} merge value {transformation:[-1f,-1.1647083184890928e-16f,-3.7843667304341425e-17f,-1.0625f,0f,-0.3090169943749468f,0.9510565162951539f,-0.6249999999999999f,-1.2246467991473532e-16f,0.9510565162951539f,0.3090169943749468f,-1.6235000000000006f,0f,0f,0f,1f],start_interpolation:0}
execute if entity @s[tag=aj.assembler.bone.wheel4] run data modify entity @s {} merge value {transformation:[-1f,-1.1647083184890928e-16f,-3.7843667304341425e-17f,-1.0625f,0f,-0.3090169943749468f,0.9510565162951539f,-0.6249999999999999f,-1.2246467991473532e-16f,0.9510565162951539f,0.3090169943749468f,-1.8735000000000006f,0f,0f,0f,1f],start_interpolation:0}
execute if entity @s[tag=aj.assembler.bone.rails2] run data modify entity @s {} merge value {transformation:[-1.2038220325092979f,0f,1.4742567988555726e-16f,0.4375000000000001f,0f,1.2038220325092979f,0f,-0.9999999999999999f,-1.4742567988555726e-16f,0f,-1.2038220325092979f,-1.3110000000000004f,0f,0f,0f,1f],start_interpolation:0}
execute if entity @s[tag=aj.assembler.bone.bone6] run data modify entity @s {} merge value {transformation:[-0.9238795325112867f,0.08775861272928592f,-0.3724849464052975f,0.28286993110581493f,0f,0.9733500718942478f,0.22932430648202728f,0.4198719928989457f,0.3826834323650896f,0.21186803306609026f,-0.8992582093914849f,-1.3187008001868568f,0f,0f,0f,1f],start_interpolation:0}
execute if entity @s[tag=aj.assembler.bone.bone5] run data modify entity @s {} merge value {transformation:[-0.9238795325112867f,-0.1893971769230337f,-0.33252867362125504f,0.2382787515791397f,0f,0.8689392994259924f,-0.4949186740395493f,0.3574349252952455f,0.3826834323650896f,-0.45724523320276467f,-0.8027952337343707f,-1.4263534305623697f,0f,0f,0f,1f],start_interpolation:0}
execute if entity @s[tag=aj.assembler.bone.bone4] run data modify entity @s {} merge value {transformation:[-0.9238795325112867f,-0.1893971769230337f,-0.33252867362125504f,0.7957464174798569f,0f,0.8689392994259924f,-0.4949186740395493f,0.18069445945772722f,0.3826834323650896f,-0.45724523320276467f,-0.8027952337343707f,-0.5704685427890257f,0f,0f,0f,1f],start_interpolation:0}
execute if entity @s[tag=aj.assembler.bone.bone3] run data modify entity @s {} merge value {transformation:[-0.9238795325112867f,-0.38021970611395145f,-0.043354174993263155f,0.8643285208681596f,0f,0.11328991883793438f,-0.9935619730493384f,-0.234375f,0.3826834323650896f,-0.9179315711818143f,-0.10466623725423244f,-0.24157632804336437f,0f,0f,0f,1f],start_interpolation:0}
execute if entity @s[tag=aj.assembler.bone.octagon] run data modify entity @s {} merge value {transformation:[-0.9238795325112867f,0f,-0.3826834323650896f,0.859375f,0f,1f,0f,-0.40625f,0.3826834323650896f,0f,-0.9238795325112867f,-0.1718749999999999f,0f,0f,0f,1f],start_interpolation:0}
execute if entity @s[tag=aj.assembler.bone.bone10] run data modify entity @s {} merge value {transformation:[0.9985841799488273f,0.05241754558312197f,0.009057398686669679f,-0.9703773948419326f,0f,-0.17027003796008944f,0.98539743970292f,0.8257332873514952f,0.053194318831318387f,-0.9840022942494145f,-0.17002896622623154f,0.1494983308588301f,0f,0f,0f,1f],start_interpolation:0}
execute if entity @s[tag=aj.assembler.bone.bone9] run data modify entity @s {} merge value {transformation:[0.9985841799488273f,0.011458966998153877f,-0.05194542935873353f,-0.9772029610199735f,0f,0.9765221267980675f,0.21541712066077556f,0.8575360149217796f,0.053194318831318387f,-0.2151121287819781f,0.9751395471905331f,0.2776304801997956f,0f,0f,0f,1f],start_interpolation:0}
execute if entity @s[tag=aj.assembler.bone.bone8] run data modify entity @s {} merge value {transformation:[0.9985841799488273f,0.011458966998153877f,-0.05194542935873353f,-0.764669276122776f,0f,0.9765221267980675f,0.21541712066077556f,0.2894258425002827f,0.053194318831318387f,-0.2151121287819781f,0.9751395471905331f,-0.18732096551754163f,0f,0f,0f,1f],start_interpolation:0}
execute if entity @s[tag=aj.assembler.bone.bone7] run data modify entity @s {} merge value {transformation:[0.9985841799488273f,-0.03126683611479272f,-0.04303510793873588f,-0.8314938893035564f,0f,0.8090169943749476f,-0.5877852522924729f,-0.234375f,0.053194318831318387f,0.5869530541464937f,0.8078715718925721f,-0.1078011662897196f,0f,0f,0f,1f],start_interpolation:0}
execute if entity @s[tag=aj.assembler.bone.octagon2] run data modify entity @s {} merge value {transformation:[0.9985841799488273f,0f,-0.053194318831318387f,-0.8593749999999999f,0f,1f,0f,-0.40625f,0.053194318831318387f,0f,0.9985841799488273f,-0.171875f,0f,0f,0f,1f],start_interpolation:0}