execute if entity @s[tag=aj.assembler.bone.bone21] run data modify entity @s {} merge value {transformation:[0.9856523774819612f,0.16878800539184713f,1.2246467991473532e-16f,0.4032850401256091f,0.16878800539184713f,-0.9856523774819612f,0f,0.05594083944410844f,1.2070760291552623e-16f,2.0670569053759176e-17f,-1f,-1.19921875f,0f,0f,0f,1f],start_interpolation:0}
execute if entity @s[tag=aj.assembler.bone.arm4] run data modify entity @s {} merge value {transformation:[-0.010057293439845405f,-0.9999494241453741f,1.2246467991473532e-16f,0.39797231695136265f,-0.9999494241453741f,0.010057293439845405f,0f,-0.4722782595119248f,-1.231663221919235e-18f,-1.2245848615888713e-16f,-1f,-1.19921875f,0f,0f,0f,1f],start_interpolation:0}
execute if entity @s[tag=aj.assembler.bone.small_arm_base4] run data modify entity @s {} merge value {transformation:[0.38268343236509f,-0.923879532511287f,1.2246467991473532e-16f,0.4043766904910571f,-0.923879532511287f,-0.38268343236509f,0f,-0.4877397849699586f,4.6865204053263004e-17f,-1.1314261122877005e-16f,-1f,-1.10546875f,0f,0f,0f,1f],start_interpolation:0}
execute if entity @s[tag=aj.assembler.bone.bone25] run data modify entity @s {} merge value {transformation:[0.7071067811865475f,0.7071067811865477f,1.2246467991473532e-16f,1.531195361832059e-16f,0.7071067811865477f,-0.7071067811865475f,0f,0.5000000000000001f,8.659560562354932e-17f,8.659560562354935e-17f,-1f,-1.54296875f,0f,0f,0f,1f],start_interpolation:0}
execute if entity @s[tag=aj.assembler.bone.bone16] run data modify entity @s {} merge value {transformation:[0.7259372869640677f,0.6877608998738219f,1.2246467991473532e-16f,0.7975277087715348f,0.6877608998738219f,-0.7259372869640677f,0f,0.3994686694768629f,8.890167748622593e-17f,8.422641846091793e-17f,-1f,-1.19921875f,0f,0f,0f,1f],start_interpolation:0}
execute if entity @s[tag=aj.assembler.bone.arm3] run data modify entity @s {} merge value {transformation:[0.3308129390385503f,0.943696349131794f,1.2246467991473532e-16f,0.972278259511925f,0.943696349131794f,-0.3308129390385503f,0f,0.8979723169513625f,4.051290069100893e-17f,1.1556947133312947e-16f,-1f,-1.19921875f,0f,0f,0f,1f],start_interpolation:0}
execute if entity @s[tag=aj.assembler.bone.small_arm_base3] run data modify entity @s {} merge value {transformation:[0.923879532511287f,0.38268343236508984f,1.2246467991473532e-16f,0.9877397849699588f,0.38268343236508984f,-0.923879532511287f,0f,0.904376690491057f,1.1314261122877008e-16f,4.6865204053262986e-17f,-1f,-1.10546875f,0f,0f,0f,1f],start_interpolation:0}
execute if entity @s[tag=aj.assembler.bone.bone15] run data modify entity @s {} merge value {transformation:[-0.7071067811865476f,0.7071067811865476f,1.2246467991473532e-16f,1.531195361832059e-16f,0.7071067811865476f,0.7071067811865476f,0f,0.5000000000000001f,-8.659560562354933e-17f,8.659560562354934e-17f,-1f,-1.54296875f,0f,0f,0f,1f],start_interpolation:0}
execute if entity @s[tag=aj.assembler.bone.bone26] run data modify entity @s {} merge value {transformation:[-0.06727972836593238f,-0.9977341520420191f,1.2246467991473532e-16f,-0.49555981522621406f,-0.9977341520420191f,0.06727972836593238f,0f,0.3295868322983691f,-8.23939039908425e-18f,-1.2218719356982573e-16f,-1f,-1.19921875f,0f,0f,0f,1f],start_interpolation:0}
execute if entity @s[tag=aj.assembler.bone.arm5] run data modify entity @s {} merge value {transformation:[-0.9024556945879251f,-0.4307826822259991f,1.2246467991473532e-16f,-0.9722782595119247f,-0.4307826822259991f,0.9024556945879251f,0f,0.10202768304863741f,-1.105189477749404e-16f,-5.2755663291618126e-17f,-1f,-1.19921875f,0f,0f,0f,1f],start_interpolation:0}
execute if entity @s[tag=aj.assembler.bone.small_arm_base5] run data modify entity @s {} merge value {transformation:[-0.9238795325112867f,-0.38268343236509017f,1.2246467991473532e-16f,-0.9877397849699585f,-0.38268343236509017f,0.9238795325112867f,0f,0.09562330950894293f,-1.1314261122877005e-16f,-4.686520405326304e-17f,-1f,-1.10546875f,0f,0f,0f,1f],start_interpolation:0}
execute if entity @s[tag=aj.assembler.bone.bone20] run data modify entity @s {} merge value {transformation:[0.7071067811865478f,-0.7071067811865474f,1.2246467991473532e-16f,1.531195361832059e-16f,-0.7071067811865474f,-0.7071067811865478f,0f,0.5000000000000001f,8.659560562354938e-17f,-8.659560562354929e-17f,-1f,-1.54296875f,0f,0f,0f,1f],start_interpolation:0}
execute if entity @s[tag=aj.assembler.bone.bone11] run data modify entity @s {} merge value {transformation:[0.9815271415365472f,0.19132294798872287f,1.2246467991473532e-16f,-0.16408713415362214f,0.19132294798872287f,-0.9815271415365472f,0f,0.9986313838786982f,1.2020240721589835e-16f,2.34303035857825e-17f,-1f,-1.19921875f,0f,0f,0f,1f],start_interpolation:0}
execute if entity @s[tag=aj.assembler.bone.arm2] run data modify entity @s {} merge value {transformation:[0.4427582310389019f,-0.896641036785236f,1.2246467991473532e-16f,-0.3979723169513624f,-0.896641036785236f,-0.4427582310389019f,0f,1.472278259511925f,5.4222245043793544e-17f,-1.0980685756832034e-16f,-1f,-1.19921875f,0f,0f,0f,1f],start_interpolation:0}
execute if entity @s[tag=aj.assembler.bone.small_arm_base2] run data modify entity @s {} merge value {transformation:[0.38268343236509f,-0.923879532511287f,1.2246467991473532e-16f,-0.4043766904910569f,-0.923879532511287f,-0.38268343236509f,0f,1.4877397849699587f,4.6865204053263004e-17f,-1.1314261122877005e-16f,-1f,-1.10546875f,0f,0f,0f,1f],start_interpolation:0}
execute if entity @s[tag=aj.assembler.bone.bone2] run data modify entity @s {} merge value {transformation:[0.7071067811865475f,0.7071067811865477f,1.2246467991473532e-16f,1.531195361832059e-16f,0.7071067811865477f,-0.7071067811865475f,0f,0.5000000000000001f,8.659560562354932e-17f,8.659560562354935e-17f,-1f,-1.54296875f,0f,0f,0f,1f],start_interpolation:0}
execute if entity @s[tag=aj.assembler.bone.ring] run data modify entity @s {} merge value {transformation:[1.272261301977579f,1.2722613019775793f,2.2034447591230768e-16f,1.1102230246251565e-16f,1.2722613019775793f,-1.272261301977579f,0f,0.5000000000000001f,1.558070731145886e-16f,1.5580707311458868e-16f,-1.7992491881391441f,-1.19921875f,0f,0f,0f,1f],start_interpolation:0}
execute if entity @s[tag=aj.assembler.bone.wheel] run data modify entity @s {} merge value {transformation:[-1f,1.2246467991473532e-16f,2.719262146893782e-32f,1.0625f,0f,2.220446049250313e-16f,-1f,-0.6249999999999999f,-1.2246467991473532e-16f,-1f,-2.220446049250313e-16f,-1.3242187499999998f,0f,0f,0f,1f],start_interpolation:0}
execute if entity @s[tag=aj.assembler.bone.wheel2] run data modify entity @s {} merge value {transformation:[-1f,1.2246467991473532e-16f,2.719262146893782e-32f,1.0625f,0f,2.220446049250313e-16f,-1f,-0.6249999999999999f,-1.2246467991473532e-16f,-1f,-2.220446049250313e-16f,-1.0742187499999998f,0f,0f,0f,1f],start_interpolation:0}
execute if entity @s[tag=aj.assembler.bone.rails] run data modify entity @s {} merge value {transformation:[-1.137300743709099f,0f,1.3927917154512523e-16f,-0.43749999999999994f,0f,1.137300743709099f,0f,-0.9999999999999999f,-1.3927917154512523e-16f,0f,-1.137300743709099f,-0.76171875f,0f,0f,0f,1f],start_interpolation:0}
execute if entity @s[tag=aj.assembler.bone.wheel3] run data modify entity @s {} merge value {transformation:[-1f,1.2246467991473532e-16f,2.719262146893782e-32f,-1.0625f,0f,2.220446049250313e-16f,-1f,-0.6249999999999999f,-1.2246467991473532e-16f,-1f,-2.220446049250313e-16f,-1.07421875f,0f,0f,0f,1f],start_interpolation:0}
execute if entity @s[tag=aj.assembler.bone.wheel4] run data modify entity @s {} merge value {transformation:[-1f,1.2246467991473532e-16f,2.719262146893782e-32f,-1.0625f,0f,2.220446049250313e-16f,-1f,-0.6249999999999999f,-1.2246467991473532e-16f,-1f,-2.220446049250313e-16f,-1.32421875f,0f,0f,0f,1f],start_interpolation:0}
execute if entity @s[tag=aj.assembler.bone.rails2] run data modify entity @s {} merge value {transformation:[-1.2038220325092979f,0f,1.4742567988555726e-16f,0.4375f,0f,1.2038220325092979f,0f,-0.9999999999999999f,-1.4742567988555726e-16f,0f,-1.2038220325092979f,-0.7617187499999999f,0f,0f,0f,1f],start_interpolation:0}
execute if entity @s[tag=aj.assembler.bone.bone6] run data modify entity @s {} merge value {transformation:[-0.9567791242576147f,-0.0044361491466079345f,-0.29078175315102023f,0.5412690380599466f,0f,0.9998836484482496f,-0.015254165523471641f,0.5344256326774827f,0.2908155899961895f,-0.014594867130827915f,-0.9566678015218248f,-0.896069819434852f,0f,0f,0f,1f],start_interpolation:0}
execute if entity @s[tag=aj.assembler.bone.bone5] run data modify entity @s {} merge value {transformation:[-0.9567791242576147f,-0.134832447129396f,-0.2576701740324837f,0.5067569116611501f,0f,0.8860260003112622f,-0.463635553826955f,0.47618104854593646f,0.2908155899961895f,-0.4435968191652482f,-0.8477311806472865f,-1.0096142207942882f,0f,0f,0f,1f],start_interpolation:0}
execute if entity @s[tag=aj.assembler.bone.bone4] run data modify entity @s {} merge value {transformation:[-0.9567791242576147f,-0.134832447129396f,-0.2576701740324837f,1.0024189818125968f,0f,0.8860260003112622f,-0.463635553826955f,0.23548207333828408f,0.2908155899961895f,-0.4435968191652482f,-0.8477311806472865f,-0.023631586881936117f,0f,0f,0f,1f],start_interpolation:0}
execute if entity @s[tag=aj.assembler.bone.bone3] run data modify entity @s {} merge value {transformation:[-0.9567791242576147f,-0.08682646494473152f,-0.2775515670466177f,0.8710983732582886f,0f,0.9543902617127726f,-0.2985619338559848f,-0.234375f,0.2908155899961895f,-0.285657825611389f,-0.9131406788015423f,-0.24076168245348173f,0f,0f,0f,1f],start_interpolation:0}
execute if entity @s[tag=aj.assembler.bone.octagon] run data modify entity @s {} merge value {transformation:[-0.9567791242576147f,0f,-0.2908155899961895f,0.859375f,0f,1f,0f,-0.40625f,0.2908155899961895f,0f,-0.9567791242576147f,-0.1718749999999999f,0f,0f,0f,1f],start_interpolation:0}
execute if entity @s[tag=aj.assembler.bone.bone10] run data modify entity @s {} merge value {transformation:[-0.8529392522148371f,0.2182805586650674f,0.47418164213733577f,-0.598539763212039f,0f,0.908376228698175f,-0.41815383190409805f,0.6329897901818008f,-0.522010183838586f,-0.35665981669505015f,-0.7747897412355554f,-0.41847289368593554f,0f,0f,0f,1f],start_interpolation:0}
execute if entity @s[tag=aj.assembler.bone.bone9] run data modify entity @s {} merge value {transformation:[-0.8529392522148371f,0.07553852694659743f,0.5165157916055737f,-0.5300231289151502f,0f,0.9894745497250468f,-0.14470699860896807f,0.6172455799854799f,-0.522010183838586f,-0.12342627918378671f,-0.8439616825280941f,-0.5304257417927009f,0f,0f,0f,1f],start_interpolation:0}
execute if entity @s[tag=aj.assembler.bone.bone8] run data modify entity @s {} merge value {transformation:[-0.8529392522148371f,0.07553852694659743f,0.5165157916055737f,-1.0647260505146572f,0f,0.9894745497250468f,-0.14470699860896807f,0.20108036729965417f,-0.522010183838586f,-0.12342627918378671f,-0.8439616825280941f,-0.015935568188696764f,0f,0f,0f,1f],start_interpolation:0}
execute if entity @s[tag=aj.assembler.bone.bone7] run data modify entity @s {} merge value {transformation:[-0.8529392522148371f,0.09239800563755136f,0.5137676912626925f,-0.8534037151418019f,0f,0.984210092386929f,-0.17700422041214875f,-0.234375f,-0.522010183838586f,-0.15097384739720837f,-0.839471420222803f,-0.24149652150838313f,0f,0f,0f,1f],start_interpolation:0}
execute if entity @s[tag=aj.assembler.bone.octagon2] run data modify entity @s {} merge value {transformation:[-0.8529392522148371f,0f,0.522010183838586f,-0.8593749999999999f,0f,1f,0f,-0.40625f,-0.522010183838586f,0f,-0.8529392522148371f,-0.171875f,0f,0f,0f,1f],start_interpolation:0}