execute if entity @s[tag=aj.assembler.bone.bone21] run data modify entity @s {} merge value {transformation:[0.9189239408806481f,0.3944347739188058f,1.2246467991473532e-16f,0.404885326667807f,0.3944347739188058f,-0.9189239408806481f,0f,0.16999250905404764f,1.1253572628593573e-16f,4.830432833520757e-17f,-1f,-1.9311562500000004f,0f,0f,0f,1f],start_interpolation:0}
execute if entity @s[tag=aj.assembler.bone.arm4] run data modify entity @s {} merge value {transformation:[0.7804304073383297f,-0.6252426563357054f,1.2246467991473532e-16f,0.8171444235861035f,-0.6252426563357054f,-0.7804304073383297f,0f,-0.16028930778962971f,9.557516003041506e-17f,-7.657014177719101e-17f,-1f,-1.9311562500000004f,0f,0f,0f,1f],start_interpolation:0}
execute if entity @s[tag=aj.assembler.bone.small_arm_base4] run data modify entity @s {} merge value {transformation:[0.7804304073383297f,-0.6252426563357054f,1.2246467991473532e-16f,0.8302052655970589f,-0.6252426563357054f,-0.7804304073383297f,0f,-0.17075301534910536f,9.557516003041506e-17f,-7.657014177719101e-17f,-1f,-1.8374062500000004f,0f,0f,0f,1f],start_interpolation:0}
execute if entity @s[tag=aj.assembler.bone.bone25] run data modify entity @s {} merge value {transformation:[0.2789911060392294f,0.9602936856769431f,1.2246467991473532e-16f,2.6414183864572156e-16f,0.9602936856769431f,-0.2789911060392294f,0f,0.5000000000000001f,3.4166556500152206e-17f,1.1760205884056828e-16f,-1f,-2.2749062500000004f,0f,0f,0f,1f],start_interpolation:0}
execute if entity @s[tag=aj.assembler.bone.bone16] run data modify entity @s {} merge value {transformation:[-0.381470983000049f,0.9243808139121975f,1.2246467991473532e-16f,0.6722737968129342f,0.9243808139121975f,0.381470983000049f,0f,0.789034573694719f,-4.671672182986045e-17f,1.132040004950798e-16f,-1f,-1.9311562500000004f,0f,0f,0f,1f],start_interpolation:0}
execute if entity @s[tag=aj.assembler.bone.arm3] run data modify entity @s {} merge value {transformation:[-0.02268733357278102f,0.9997426093226984f,1.2246467991473532e-16f,0.6602893077896302f,0.9997426093226984f,0.02268733357278102f,0f,1.317144423586103f,-2.778397044109466e-18f,1.2243315864782656e-16f,-1f,-1.9311562500000004f,0f,0f,0f,1f],start_interpolation:0}
execute if entity @s[tag=aj.assembler.bone.small_arm_base3] run data modify entity @s {} merge value {transformation:[0.6252426563357055f,0.7804304073383295f,1.2246467991473532e-16f,0.6707530153491059f,0.7804304073383295f,-0.6252426563357055f,0f,1.3302052655970584f,7.657014177719104e-17f,9.557516003041505e-17f,-1f,-1.8374062500000004f,0f,0f,0f,1f],start_interpolation:0}
execute if entity @s[tag=aj.assembler.bone.bone15] run data modify entity @s {} merge value {transformation:[-0.960293685676943f,0.2789911060392296f,1.2246467991473532e-16f,2.6414183864572156e-16f,0.2789911060392296f,0.960293685676943f,0f,0.5000000000000001f,-1.1760205884056828e-16f,3.416655650015223e-17f,-1f,-2.2749062500000004f,0f,0f,0f,1f],start_interpolation:0}
execute if entity @s[tag=aj.assembler.bone.bone26] run data modify entity @s {} merge value {transformation:[0.4391553255404389f,-0.8984111531194788f,1.2246467991473532e-16f,-0.31233935680776603f,-0.8984111531194788f,-0.4391553255404389f,0f,0.08031560351243233f,5.378101637516124e-17f,-1.1002363429860523e-16f,-1f,-1.9311562500000004f,0f,0f,0f,1f],start_interpolation:0}
execute if entity @s[tag=aj.assembler.bone.arm5] run data modify entity @s {} merge value {transformation:[-0.6586894601186806f,-0.7524149088957246f,1.2246467991473532e-16f,-0.6602893077896295f,-0.7524149088957246f,0.6586894601186806f,0f,-0.31714442358610334f,-8.066619389664402e-17f,-9.214425098098965e-17f,-1f,-1.9311562500000004f,0f,0f,0f,1f],start_interpolation:0}
execute if entity @s[tag=aj.assembler.bone.small_arm_base5] run data modify entity @s {} merge value {transformation:[-0.6252426563357052f,-0.7804304073383299f,1.2246467991473532e-16f,-0.6707530153491051f,-0.7804304073383299f,0.6252426563357052f,0f,-0.33020526559705876f,-7.657014177719099e-17f,-9.557516003041508e-17f,-1f,-1.8374062500000004f,0f,0f,0f,1f],start_interpolation:0}
execute if entity @s[tag=aj.assembler.bone.bone20] run data modify entity @s {} merge value {transformation:[0.9602936856769432f,-0.27899110603922916f,1.2246467991473532e-16f,2.6414183864572156e-16f,-0.27899110603922916f,-0.9602936856769432f,0f,0.5000000000000001f,1.1760205884056828e-16f,-3.416655650015218e-17f,-1f,-2.2749062500000004f,0f,0f,0f,1f],start_interpolation:0}
execute if entity @s[tag=aj.assembler.bone.bone11] run data modify entity @s {} merge value {transformation:[0.9607743139574954f,-0.27733142201976396f,1.2246467991473532e-16f,-0.28890375807431523f,-0.27733142201976396f,-0.9607743139574954f,0f,1.162621866280519f,1.176609188291041e-16f,-3.396330382794876e-17f,-1f,-1.9311562500000004f,0f,0f,0f,1f],start_interpolation:0}
execute if entity @s[tag=aj.assembler.bone.arm2] run data modify entity @s {} merge value {transformation:[0.9999902508876295f,0.00441566865787274f,1.2246467991473532e-16f,-0.817144423586103f,0.00441566865787274f,-0.9999902508876295f,0f,1.16028930778963f,1.2246348599280942e-16f,5.407634487959241e-19f,-1f,-1.9311562500000004f,0f,0f,0f,1f],start_interpolation:0}
execute if entity @s[tag=aj.assembler.bone.small_arm_base2] run data modify entity @s {} merge value {transformation:[0.7804304073383297f,-0.6252426563357054f,1.2246467991473532e-16f,-0.8302052655970584f,-0.6252426563357054f,-0.7804304073383297f,0f,1.1707530153491055f,9.557516003041506e-17f,-7.657014177719101e-17f,-1f,-1.8374062500000004f,0f,0f,0f,1f],start_interpolation:0}
execute if entity @s[tag=aj.assembler.bone.bone2] run data modify entity @s {} merge value {transformation:[0.2789911060392294f,0.9602936856769431f,1.2246467991473532e-16f,2.6414183864572156e-16f,0.9602936856769431f,-0.2789911060392294f,0f,0.5000000000000001f,3.4166556500152206e-17f,1.1760205884056828e-16f,-1f,-2.2749062500000004f,0f,0f,0f,1f],start_interpolation:0}
execute if entity @s[tag=aj.assembler.bone.ring] run data modify entity @s {} merge value {transformation:[0.5019745210391253f,1.7278076343293862f,2.2034447591230768e-16f,2.220446049250313e-16f,1.7278076343293862f,-0.5019745210391253f,0f,0.5000000000000001f,6.147414904440905e-17f,2.1159540889238435e-16f,-1.7992491881391441f,-1.9311562500000004f,0f,0f,0f,1f],start_interpolation:0}
execute if entity @s[tag=aj.assembler.bone.wheel] run data modify entity @s {} merge value {transformation:[-1f,-3.7843667304341327e-17f,1.164708318489093e-16f,1.0625000000000002f,0f,0.9510565162951541f,0.309016994374946f,-0.6249999999999999f,-1.2246467991473532e-16f,0.309016994374946f,-0.9510565162951541f,-2.05615625f,0f,0f,0f,1f],start_interpolation:0}
execute if entity @s[tag=aj.assembler.bone.wheel2] run data modify entity @s {} merge value {transformation:[-1f,-3.7843667304341327e-17f,1.164708318489093e-16f,1.0625000000000002f,0f,0.9510565162951541f,0.309016994374946f,-0.6249999999999999f,-1.2246467991473532e-16f,0.309016994374946f,-0.9510565162951541f,-1.8061562500000001f,0f,0f,0f,1f],start_interpolation:0}
execute if entity @s[tag=aj.assembler.bone.rails] run data modify entity @s {} merge value {transformation:[-1.137300743709099f,0f,1.3927917154512523e-16f,-0.43749999999999983f,0f,1.137300743709099f,0f,-0.9999999999999999f,-1.3927917154512523e-16f,0f,-1.137300743709099f,-1.4936562500000004f,0f,0f,0f,1f],start_interpolation:0}
execute if entity @s[tag=aj.assembler.bone.wheel3] run data modify entity @s {} merge value {transformation:[-1f,-3.7843667304341327e-17f,1.164708318489093e-16f,-1.0625f,0f,0.9510565162951541f,0.309016994374946f,-0.6249999999999999f,-1.2246467991473532e-16f,0.309016994374946f,-0.9510565162951541f,-1.8061562500000006f,0f,0f,0f,1f],start_interpolation:0}
execute if entity @s[tag=aj.assembler.bone.wheel4] run data modify entity @s {} merge value {transformation:[-1f,-3.7843667304341327e-17f,1.164708318489093e-16f,-1.0625f,0f,0.9510565162951541f,0.309016994374946f,-0.6249999999999999f,-1.2246467991473532e-16f,0.309016994374946f,-0.9510565162951541f,-2.056156250000001f,0f,0f,0f,1f],start_interpolation:0}
execute if entity @s[tag=aj.assembler.bone.rails2] run data modify entity @s {} merge value {transformation:[-1.2038220325092979f,0f,1.4742567988555726e-16f,0.4375000000000001f,0f,1.2038220325092979f,0f,-0.9999999999999999f,-1.4742567988555726e-16f,0f,-1.2038220325092979f,-1.4936562500000004f,0f,0f,0f,1f],start_interpolation:0}
execute if entity @s[tag=aj.assembler.bone.bone6] run data modify entity @s {} merge value {transformation:[-0.9388974812164597f,0.10835426144076153f,-0.3266969142691968f,0.292043225710679f,0f,0.9491569948700482f,0.3148031116257584f,0.6475400015751818f,0.3441969200405311f,0.29556784858452845f,-0.8911611117624725f,-1.4470647194275403f,0f,0f,0f,1f],start_interpolation:0}
execute if entity @s[tag=aj.assembler.bone.bone5] run data modify entity @s {} merge value {transformation:[-0.9388974812164597f,-0.12899208869825363f,-0.31911214458031784f,0.2494313569770391f,0f,0.927120860183004f,-0.374762472258799f,0.6011805269019299f,0.3441969200405311f,-0.3518635412582398f,-0.8704714404090599f,-1.5633010187507002f,0f,0f,0f,1f],start_interpolation:0}
execute if entity @s[tag=aj.assembler.bone.bone4] run data modify entity @s {} merge value {transformation:[-0.9388974812164597f,-0.12899208869825363f,-0.31911214458031784f,0.8264043135513992f,0f,0.927120860183004f,-0.374762472258799f,0.21027886926279382f,0.3441969200405311f,-0.3518635412582398f,-0.8704714404090599f,-0.5341853148217713f,0f,0f,0f,1f],start_interpolation:0}
execute if entity @s[tag=aj.assembler.bone.bone3] run data modify entity @s {} merge value {transformation:[-0.9388974812164597f,-0.33670468012595905f,-0.07142463263233056f,0.8672032387854812f,0f,0.20751095804087938f,-0.9782326933265707f,-0.234375f,0.3441969200405311f,-0.9184602118079107f,-0.1948315158293961f,-0.2413122463272952f,0f,0f,0f,1f],start_interpolation:0}
execute if entity @s[tag=aj.assembler.bone.octagon] run data modify entity @s {} merge value {transformation:[-0.9388974812164597f,0f,-0.3441969200405311f,0.859375f,0f,1f,0f,-0.40625f,0.3441969200405311f,0f,-0.9388974812164597f,-0.1718749999999999f,0f,0f,0f,1f],start_interpolation:0}
execute if entity @s[tag=aj.assembler.bone.bone10] run data modify entity @s {} merge value {transformation:[0.3100545241996516f,-0.20368347453014696f,0.928643760667488f,-0.4603472451237523f,0f,0.9767807090851026f,0.2142415607654229f,0.17816727543390753f,-0.9507187765177081f,-0.06642656518691394f,0.3028552780027798f,0.056868100538269066f,0f,0f,0f,1f],start_interpolation:0}
execute if entity @s[tag=aj.assembler.bone.bone9] run data modify entity @s {} merge value {transformation:[0.3100545241996516f,0.7249891852639889f,0.6150259126846489f,-0.376594366062765f,0f,0.6469062438604246f,-0.7625695454543127f,0.07960131444827151f,-0.9507187765177081f,0.2364381375849815f,0.20057620764192774f,0.08418212831283434f,0f,0f,0f,1f],start_interpolation:0}
execute if entity @s[tag=aj.assembler.bone.bone8] run data modify entity @s {} merge value {transformation:[0.3100545241996516f,0.7249891852639889f,0.6150259126846489f,-1.006620782320248f,0f,0.6469062438604246f,-0.7625695454543127f,0.2344207369229364f,-0.9507187765177081f,0.2364381375849815f,0.20057620764192774f,-0.318505343715646f,0f,0f,0f,1f],start_interpolation:0}
execute if entity @s[tag=aj.assembler.bone.bone7] run data modify entity @s {} merge value {transformation:[0.3100545241996516f,0.2799461225970257f,0.9085683025872181f,-0.790265872586404f,0f,0.9556646245224285f,-0.2944573406054019f,-0.234375f,-0.9507187765177081f,0.09129783063850265f,0.2963081404507403f,-0.18220655400370014f,0f,0f,0f,1f],start_interpolation:0}
execute if entity @s[tag=aj.assembler.bone.octagon2] run data modify entity @s {} merge value {transformation:[0.3100545241996516f,0f,0.9507187765177081f,-0.8593749999999999f,0f,1f,0f,-0.40625f,-0.9507187765177081f,0f,0.3100545241996516f,-0.171875f,0f,0f,0f,1f],start_interpolation:0}