execute if entity @s[tag=aj.assembler.bone.bone21] run data modify entity @s {} merge value {transformation:[-0.0596806320507372f,-0.9982175224659326f,1.2246467991473532e-16f,-0.5025125537406003f,-0.9982175224659326f,0.0596806320507372f,0f,0.6470843495149498f,-7.308769501202629e-18f,-1.2224638937407055e-16f,-1f,-1.6294999999999997f,0f,0f,0f,1f],start_interpolation:0}
execute if entity @s[tag=aj.assembler.bone.arm4] run data modify entity @s {} merge value {transformation:[-0.9275756332169857f,0.3736354435303322f,1.2246467991473532e-16f,-0.9925005004912119f,0.3736354435303322f,0.9275756332169857f,0f,0.8444557090597673f,-1.1359525301862608e-16f,4.57571449967423e-17f,-1f,-1.6294999999999997f,0f,0f,0f,1f],start_interpolation:0}
execute if entity @s[tag=aj.assembler.bone.small_arm_base4] run data modify entity @s {} merge value {transformation:[-0.9460853588275449f,0.3239174181981506f,1.2246467991473532e-16f,-1.008333650102421f,0.3239174181981506f,0.9460853588275449f,0f,0.8498766078149955f,-1.158620406408328e-16f,3.966844293844398e-17f,-1f,-1.5357499999999997f,0f,0f,0f,1f],start_interpolation:0}
execute if entity @s[tag=aj.assembler.bone.bone25] run data modify entity @s {} merge value {transformation:[0.06279051952931214f,-0.9980267284282716f,1.2246467991473532e-16f,2.6414183864572156e-16f,-0.9980267284282716f,-0.06279051952931214f,0f,0.5000000000000001f,7.689620875837149e-18f,-1.2222302384331876e-16f,-1f,-1.9732499999999995f,0f,0f,0f,1f],start_interpolation:0}
execute if entity @s[tag=aj.assembler.bone.bone16] run data modify entity @s {} merge value {transformation:[-0.47008786203316943f,-0.882619624735981f,1.2246467991473532e-16f,-0.4665167942158751f,-0.882619624735981f,0.47008786203316943f,0f,0.021449626486069184f,-5.756915955569435e-17f,-1.0808972982975573e-16f,-1f,-1.6294999999999995f,0f,0f,0f,1f],start_interpolation:0}
execute if entity @s[tag=aj.assembler.bone.arm3] run data modify entity @s {} merge value {transformation:[0.2310687213954165f,-0.9729374316947044f,1.2246467991473532e-16f,-0.3444557090597672f,-0.9729374316947044f,-0.2310687213954165f,0f,-0.49250050049121175f,2.829775700399684e-17f,-1.1915047114955665e-16f,-1f,-1.6294999999999995f,0f,0f,0f,1f],start_interpolation:0}
execute if entity @s[tag=aj.assembler.bone.small_arm_base3] run data modify entity @s {} merge value {transformation:[-0.3239174181981508f,-0.9460853588275449f,1.2246467991473532e-16f,-0.34987660781499547f,-0.9460853588275449f,0.3239174181981508f,0f,-0.5083336501024208f,-3.9668442938444006e-17f,-1.158620406408328e-16f,-1f,-1.5357499999999995f,0f,0f,0f,1f],start_interpolation:0}
execute if entity @s[tag=aj.assembler.bone.bone15] run data modify entity @s {} merge value {transformation:[0.9980267284282716f,0.06279051952931192f,1.2246467991473532e-16f,2.6414183864572156e-16f,0.06279051952931192f,-0.9980267284282716f,0f,0.5000000000000001f,1.2222302384331876e-16f,7.689620875837121e-18f,-1f,-1.9732499999999995f,0f,0f,0f,1f],start_interpolation:0}
execute if entity @s[tag=aj.assembler.bone.bone26] run data modify entity @s {} merge value {transformation:[-0.9720980261363494f,0.23457499351340322f,1.2246467991473532e-16f,0.5649528973957356f,0.23457499351340322f,0.9720980261363494f,0f,1.012474843400487f,-1.1904767361653408e-16f,2.872715149662005e-17f,-1f,-1.6294999999999995f,0f,0f,0f,1f],start_interpolation:0}
execute if entity @s[tag=aj.assembler.bone.arm5] run data modify entity @s {} merge value {transformation:[-0.41741398017980025f,0.9087164404534878f,1.2246467991473532e-16f,0.34445570905976725f,0.9087164404534878f,0.41741398017980025f,0f,1.492500500491212f,-5.111846947465493e-17f,1.1128566801339405e-16f,-1f,-1.6294999999999995f,0f,0f,0f,1f],start_interpolation:0}
execute if entity @s[tag=aj.assembler.bone.small_arm_base5] run data modify entity @s {} merge value {transformation:[0.3239174181981504f,0.946085358827545f,1.2246467991473532e-16f,0.34987660781499547f,0.946085358827545f,-0.3239174181981504f,0f,1.5083336501024212f,3.966844293844395e-17f,1.1586204064083283e-16f,-1f,-1.5357499999999995f,0f,0f,0f,1f],start_interpolation:0}
execute if entity @s[tag=aj.assembler.bone.bone20] run data modify entity @s {} merge value {transformation:[-0.9980267284282716f,-0.06279051952931236f,1.2246467991473532e-16f,2.6414183864572156e-16f,-0.06279051952931236f,0.9980267284282716f,0f,0.5000000000000001f,-1.2222302384331876e-16f,-7.689620875837176e-18f,-1f,-1.9732499999999995f,0f,0f,0f,1f],start_interpolation:0}
execute if entity @s[tag=aj.assembler.bone.bone11] run data modify entity @s {} merge value {transformation:[0.03218059101446563f,-0.9994820706555768f,1.2246467991473532e-16f,0.4761245750408195f,-0.9994820706555768f,-0.03218059101446563f,0f,0.04419104606295024f,3.940985778053539e-18f,-1.2240125186335212e-16f,-1f,-1.6294999999999993f,0f,0f,0f,1f],start_interpolation:0}
execute if entity @s[tag=aj.assembler.bone.arm2] run data modify entity @s {} merge value {transformation:[-0.977529609052689f,-0.21079815802159346f,1.2246467991473532e-16f,0.9925005004912123f,-0.21079815802159346f,0.977529609052689f,0f,0.1555442909402329f,-1.1971285067981396e-16f,-2.5815328948730242e-17f,-1f,-1.6294999999999993f,0f,0f,0f,1f],start_interpolation:0}
execute if entity @s[tag=aj.assembler.bone.small_arm_base2] run data modify entity @s {} merge value {transformation:[-0.9460853588275449f,0.3239174181981506f,1.2246467991473532e-16f,1.0083336501024214f,0.3239174181981506f,0.9460853588275449f,0f,0.15012339218500464f,-1.158620406408328e-16f,3.966844293844398e-17f,-1f,-1.5357499999999993f,0f,0f,0f,1f],start_interpolation:0}
execute if entity @s[tag=aj.assembler.bone.bone2] run data modify entity @s {} merge value {transformation:[0.06279051952931214f,-0.9980267284282716f,1.2246467991473532e-16f,2.6414183864572156e-16f,-0.9980267284282716f,-0.06279051952931214f,0f,0.5000000000000001f,7.689620875837149e-18f,-1.2222302384331876e-16f,-1f,-1.9732499999999995f,0f,0f,0f,1f],start_interpolation:0}
execute if entity @s[tag=aj.assembler.bone.ring] run data modify entity @s {} merge value {transformation:[0.11297579128594994f,-1.7956987808657336f,2.2034447591230768e-16f,2.220446049250313e-16f,-1.7956987808657336f,-0.11297579128594994f,0f,0.5000000000000001f,1.3835544117947803e-17f,-2.1990967642200253e-16f,-1.7992491881391441f,-1.6294999999999995f,0f,0f,0f,1f],start_interpolation:0}
execute if entity @s[tag=aj.assembler.bone.wheel] run data modify entity @s {} merge value {transformation:[-1f,-7.198293278059944e-17f,-9.907600726170936e-17f,1.0625000000000002f,0f,-0.809016994374949f,0.5877852522924712f,-0.6249999999999999f,-1.2246467991473532e-16f,0.5877852522924712f,0.809016994374949f,-1.7544999999999993f,0f,0f,0f,1f],start_interpolation:0}
execute if entity @s[tag=aj.assembler.bone.wheel2] run data modify entity @s {} merge value {transformation:[-1f,-7.198293278059944e-17f,-9.907600726170936e-17f,1.0625000000000002f,0f,-0.809016994374949f,0.5877852522924712f,-0.6249999999999999f,-1.2246467991473532e-16f,0.5877852522924712f,0.809016994374949f,-1.5044999999999993f,0f,0f,0f,1f],start_interpolation:0}
execute if entity @s[tag=aj.assembler.bone.rails] run data modify entity @s {} merge value {transformation:[-1.137300743709099f,0f,1.3927917154512523e-16f,-0.43749999999999983f,0f,1.137300743709099f,0f,-0.9999999999999999f,-1.3927917154512523e-16f,0f,-1.137300743709099f,-1.1919999999999995f,0f,0f,0f,1f],start_interpolation:0}
execute if entity @s[tag=aj.assembler.bone.wheel3] run data modify entity @s {} merge value {transformation:[-1f,-7.198293278059944e-17f,-9.907600726170936e-17f,-1.0625f,0f,-0.809016994374949f,0.5877852522924712f,-0.6249999999999999f,-1.2246467991473532e-16f,0.5877852522924712f,0.809016994374949f,-1.5044999999999995f,0f,0f,0f,1f],start_interpolation:0}
execute if entity @s[tag=aj.assembler.bone.wheel4] run data modify entity @s {} merge value {transformation:[-1f,-7.198293278059944e-17f,-9.907600726170936e-17f,-1.0625f,0f,-0.809016994374949f,0.5877852522924712f,-0.6249999999999999f,-1.2246467991473532e-16f,0.5877852522924712f,0.809016994374949f,-1.7544999999999995f,0f,0f,0f,1f],start_interpolation:0}
execute if entity @s[tag=aj.assembler.bone.rails2] run data modify entity @s {} merge value {transformation:[-1.2038220325092979f,0f,1.4742567988555726e-16f,0.4375000000000001f,0f,1.2038220325092979f,0f,-0.9999999999999999f,-1.4742567988555726e-16f,0f,-1.2038220325092979f,-1.1919999999999993f,0f,0f,0f,1f],start_interpolation:0}
execute if entity @s[tag=aj.assembler.bone.bone6] run data modify entity @s {} merge value {transformation:[0.16800637845993804f,0.0469705710244851f,-0.9846662491699456f,0.3269267724056326f,0f,0.9988641965601048f,0.047647841822436754f,0.1887241356759226f,0.9857859081954742f,-0.008005141346019568f,0.16781555623735894f,0.013971335307132862f,0f,0f,0f,1f],start_interpolation:0}
execute if entity @s[tag=aj.assembler.bone.bone5] run data modify entity @s {} merge value {transformation:[0.16800637845993804f,-0.7815414966828393f,-0.6008050813363043f,0.24486007625158623f,0f,0.6094681171047629f,-0.7928105790368687f,0.08603390356957397f,0.9857859081954742f,0.1331972341887108f,0.10239453114156863f,0.027957869602649954f,0f,0f,0f,1f],start_interpolation:0}
execute if entity @s[tag=aj.assembler.bone.bone4] run data modify entity @s {} merge value {transformation:[0.16800637845993804f,-0.7815414966828393f,-0.6008050813363043f,0.923577609491687f,0f,0.6094681171047629f,-0.7928105790368687f,0.27614169959376444f,0.9857859081954742f,0.1331972341887108f,0.10239453114156863f,-0.27791876370091817f,0f,0f,0f,1f],start_interpolation:0}
execute if entity @s[tag=aj.assembler.bone.bone3] run data modify entity @s {} merge value {transformation:[0.16800637845993804f,-0.48226045549796226f,-0.859766660123358f,0.7925131814109098f,0f,0.872163674663599f,-0.48921419091977275f,-0.234375f,0.9857859081954742f,0.08219110450763972f,0.1465290604045429f,-0.19218041097736233f,0f,0f,0f,1f],start_interpolation:0}
execute if entity @s[tag=aj.assembler.bone.octagon] run data modify entity @s {} merge value {transformation:[0.16800637845993804f,0f,-0.9857859081954742f,0.859375f,0f,1f,0f,-0.40625f,0.9857859081954742f,0f,0.16800637845993804f,-0.1718749999999999f,0f,0f,0f,1f],start_interpolation:0}
execute if entity @s[tag=aj.assembler.bone.bone10] run data modify entity @s {} merge value {transformation:[-0.27101389114655317f,-0.8929989497729917f,0.35931093291178606f,-0.5849295965964793f,0f,0.37328080409664366f,0.9277184062488807f,0.4955247282906448f,-0.9625754364233507f,0.251424575165788f,-0.10116428320854562f,-0.15175036084620536f,0f,0f,0f,1f],start_interpolation:0}
execute if entity @s[tag=aj.assembler.bone.bone9] run data modify entity @s {} merge value {transformation:[-0.27101389114655317f,0.2275098262912446f,0.9353024910404825f,-0.4605504126304437f,0f,0.9716666929667284f,-0.23635532102980386f,0.4676081814666641f,-0.9625754364233507f,-0.06405557524547989f,-0.2633351713584162f,-0.1867694204946825f,0f,0f,0f,1f],start_interpolation:0}
execute if entity @s[tag=aj.assembler.bone.bone8] run data modify entity @s {} merge value {transformation:[-0.27101389114655317f,0.2275098262912446f,0.9353024910404825f,-1.1461912134136618f,0f,0.9716666929667284f,-0.23635532102980386f,0.1775058228847814f,-0.9625754364233507f,-0.06405557524547989f,-0.2633351713584162f,-0.18851662760932747f,0f,0f,0f,1f],start_interpolation:0}
execute if entity @s[tag=aj.assembler.bone.bone7] run data modify entity @s {} merge value {transformation:[-0.27101389114655317f,0.09986231593012719f,0.9573813183171456f,-0.8076832193218703f,0f,0.9946039365750855f,-0.10374492445099824f,-0.234375f,-0.9625754364233507f,-0.02811631566217022f,-0.2695514830008935f,-0.21889385058488928f,0f,0f,0f,1f],start_interpolation:0}
execute if entity @s[tag=aj.assembler.bone.octagon2] run data modify entity @s {} merge value {transformation:[-0.27101389114655317f,0f,0.9625754364233507f,-0.8593749999999999f,0f,1f,0f,-0.40625f,-0.9625754364233507f,0f,-0.27101389114655317f,-0.171875f,0f,0f,0f,1f],start_interpolation:0}