execute if entity @s[tag=aj.assembler.bone.bone21] run data modify entity @s {} merge value {transformation:[-0.10991863054834987f,0.993940589098954f,1.2246467991473532e-16f,0.7850576336390453f,0.993940589098954f,0.10991863054834987f,0f,0.6265202188123032f,-1.3461149906769719e-17f,1.2172261609826685e-16f,-1f,-1.8605f,0f,0f,0f,1f],start_interpolation:0}
execute if entity @s[tag=aj.assembler.bone.arm4] run data modify entity @s {} merge value {transformation:[0.07114926746876715f,0.9974656794790777f,1.2246467991473532e-16f,0.8226419364510146f,0.9974656794790777f,-0.07114926746876715f,0f,1.153427290041745f,8.713272266730453e-18f,1.2215431516333923e-16f,-1f,-1.8605f,0f,0f,0f,1f],start_interpolation:0}
execute if entity @s[tag=aj.assembler.bone.small_arm_base4] run data modify entity @s {} merge value {transformation:[0.7804304073383298f,0.6252426563357052f,1.2246467991473532e-16f,0.8357027784619699f,0.6252426563357052f,-0.7804304073383298f,0f,1.1638909976012206f,9.557516003041506e-17f,7.657014177719101e-17f,-1f,-1.76675f,0f,0f,0f,1f],start_interpolation:0}
execute if entity @s[tag=aj.assembler.bone.bone25] run data modify entity @s {} merge value {transformation:[-0.8763066800438636f,0.48175367410171527f,1.2246467991473532e-16f,2.6414183864572156e-16f,0.48175367410171527f,0.8763066800438636f,0f,0.5000000000000001f,-1.0731661707871613e-16f,5.899780949661427e-17f,-1f,-2.20425f,0f,0f,0f,1f],start_interpolation:0}
execute if entity @s[tag=aj.assembler.bone.bone16] run data modify entity @s {} merge value {transformation:[-0.4119490706086697f,-0.9112068718049998f,1.2246467991473532e-16f,-0.6298735363897725f,-0.9112068718049998f,0.4119490706086697f,0f,0.7949214969962289f,-5.044921107326341e-17f,-1.1159065789170657e-16f,-1f,-1.8605f,0f,0f,0f,1f],start_interpolation:0}
execute if entity @s[tag=aj.assembler.bone.arm3] run data modify entity @s {} merge value {transformation:[-0.044588623257471205f,0.9990054327560003f,1.2246467991473532e-16f,-0.6534272900417446f,0.9990054327560003f,0.044588623257471205f,0f,1.3226419364510145f,-5.460531475064959e-18f,1.2234288055554522e-16f,-1f,-1.8605f,0f,0f,0f,1f],start_interpolation:0}
execute if entity @s[tag=aj.assembler.bone.small_arm_base3] run data modify entity @s {} merge value {transformation:[-0.625242656335705f,0.78043040733833f,1.2246467991473532e-16f,-0.6638909976012203f,0.78043040733833f,0.625242656335705f,0f,1.33570277846197f,-7.657014177719099e-17f,9.557516003041508e-17f,-1f,-1.76675f,0f,0f,0f,1f],start_interpolation:0}
execute if entity @s[tag=aj.assembler.bone.bone15] run data modify entity @s {} merge value {transformation:[-0.4817536741017155f,-0.8763066800438635f,1.2246467991473532e-16f,2.6414183864572156e-16f,-0.8763066800438635f,0.4817536741017155f,0f,0.5000000000000001f,-5.89978094966143e-17f,-1.0731661707871612e-16f,-1f,-2.20425f,0f,0f,0f,1f],start_interpolation:0}
execute if entity @s[tag=aj.assembler.bone.bone26] run data modify entity @s {} merge value {transformation:[-0.5668855982252312f,0.823796527380895f,1.2246467991473532e-16f,0.42020367081241305f,0.823796527380895f,0.5668855982252312f,0f,0.15133104269760916f,-6.942346333492619e-17f,1.008859780405718e-16f,-1f,-1.8605f,0f,0f,0f,1f],start_interpolation:0}
execute if entity @s[tag=aj.assembler.bone.arm5] run data modify entity @s {} merge value {transformation:[0.4415058527917454f,-0.8972583696743285f,1.2246467991473532e-16f,0.6534272900417454f,-0.8972583696743285f,-0.4415058527917454f,0f,-0.3226419364510141f,5.4068872942623354e-17f,-1.0988245904298389e-16f,-1f,-1.8605f,0f,0f,0f,1f],start_interpolation:0}
execute if entity @s[tag=aj.assembler.bone.small_arm_base5] run data modify entity @s {} merge value {transformation:[0.6252426563357054f,-0.7804304073383297f,1.2246467991473532e-16f,0.6638909976012211f,-0.7804304073383297f,-0.6252426563357054f,0f,-0.3357027784619695f,7.657014177719101e-17f,-9.557516003041505e-17f,-1f,-1.76675f,0f,0f,0f,1f],start_interpolation:0}
execute if entity @s[tag=aj.assembler.bone.bone20] run data modify entity @s {} merge value {transformation:[0.48175367410171505f,0.8763066800438637f,1.2246467991473532e-16f,2.6414183864572156e-16f,0.8763066800438637f,-0.48175367410171505f,0f,0.5000000000000001f,5.899780949661425e-17f,1.0731661707871615e-16f,-1f,-2.20425f,0f,0f,0f,1f],start_interpolation:0}
execute if entity @s[tag=aj.assembler.bone.bone11] run data modify entity @s {} merge value {transformation:[-0.9832130315059318f,-0.1824613237837433f,1.2246467991473532e-16f,-0.3037237329242418f,-0.1824613237837433f,0.9832130315059318f,0f,-0.05459642655266472f,-1.204088691913705e-16f,-2.234506761399502e-17f,-1f,-1.8605f,0f,0f,0f,1f],start_interpolation:0}
execute if entity @s[tag=aj.assembler.bone.arm2] run data modify entity @s {} merge value {transformation:[0.9823422890627782f,0.18709256297058202f,1.2246467991473532e-16f,-0.822641936451014f,0.18709256297058202f,-0.9823422890627782f,0f,-0.15342729004174485f,1.2030223399678155e-16f,2.2912230838619803e-17f,-1f,-1.8605f,0f,0f,0f,1f],start_interpolation:0}
execute if entity @s[tag=aj.assembler.bone.small_arm_base2] run data modify entity @s {} merge value {transformation:[0.7804304073383298f,0.6252426563357052f,1.2246467991473532e-16f,-0.8357027784619695f,0.6252426563357052f,-0.7804304073383298f,0f,-0.1638909976012205f,9.557516003041506e-17f,7.657014177719101e-17f,-1f,-1.76675f,0f,0f,0f,1f],start_interpolation:0}
execute if entity @s[tag=aj.assembler.bone.bone2] run data modify entity @s {} merge value {transformation:[-0.8763066800438636f,0.48175367410171527f,1.2246467991473532e-16f,2.6414183864572156e-16f,0.48175367410171527f,0.8763066800438636f,0f,0.5000000000000001f,-1.0731661707871613e-16f,5.899780949661427e-17f,-1f,-2.20425f,0f,0f,0f,1f],start_interpolation:0}
execute if entity @s[tag=aj.assembler.bone.ring] run data modify entity @s {} merge value {transformation:[-1.5766940826298304f,0.866794907010561f,2.2034447591230768e-16f,2.220446049250313e-16f,0.866794907010561f,1.5766940826298304f,0f,0.5000000000000001f,-1.9308933615271942e-16f,1.0615176083877111e-16f,-1.7992491881391441f,-1.8605f,0f,0f,0f,1f],start_interpolation:0}
execute if entity @s[tag=aj.assembler.bone.wheel] run data modify entity @s {} merge value {transformation:[-1f,-1.1647083184890926e-16f,3.784366730434146e-17f,1.0625000000000002f,0f,0.3090169943749471f,0.9510565162951536f,-0.6249999999999999f,-1.2246467991473532e-16f,0.9510565162951536f,-0.3090169943749471f,-1.9854999999999998f,0f,0f,0f,1f],start_interpolation:0}
execute if entity @s[tag=aj.assembler.bone.wheel2] run data modify entity @s {} merge value {transformation:[-1f,-1.1647083184890926e-16f,3.784366730434146e-17f,1.0625000000000002f,0f,0.3090169943749471f,0.9510565162951536f,-0.6249999999999999f,-1.2246467991473532e-16f,0.9510565162951536f,-0.3090169943749471f,-1.7354999999999998f,0f,0f,0f,1f],start_interpolation:0}
execute if entity @s[tag=aj.assembler.bone.rails] run data modify entity @s {} merge value {transformation:[-1.137300743709099f,0f,1.3927917154512523e-16f,-0.43749999999999983f,0f,1.137300743709099f,0f,-0.9999999999999999f,-1.3927917154512523e-16f,0f,-1.137300743709099f,-1.423f,0f,0f,0f,1f],start_interpolation:0}
execute if entity @s[tag=aj.assembler.bone.wheel3] run data modify entity @s {} merge value {transformation:[-1f,-1.1647083184890926e-16f,3.784366730434146e-17f,-1.0625f,0f,0.3090169943749471f,0.9510565162951536f,-0.6249999999999999f,-1.2246467991473532e-16f,0.9510565162951536f,-0.3090169943749471f,-1.7355000000000003f,0f,0f,0f,1f],start_interpolation:0}
execute if entity @s[tag=aj.assembler.bone.wheel4] run data modify entity @s {} merge value {transformation:[-1f,-1.1647083184890926e-16f,3.784366730434146e-17f,-1.0625f,0f,0.3090169943749471f,0.9510565162951536f,-0.6249999999999999f,-1.2246467991473532e-16f,0.9510565162951536f,-0.3090169943749471f,-1.9855000000000003f,0f,0f,0f,1f],start_interpolation:0}
execute if entity @s[tag=aj.assembler.bone.rails2] run data modify entity @s {} merge value {transformation:[-1.2038220325092979f,0f,1.4742567988555726e-16f,0.4375000000000001f,0f,1.2038220325092979f,0f,-0.9999999999999999f,-1.4742567988555726e-16f,0f,-1.2038220325092979f,-1.423f,0f,0f,0f,1f],start_interpolation:0}
execute if entity @s[tag=aj.assembler.bone.bone6] run data modify entity @s {} merge value {transformation:[0.8870108331782215f,0.04024404334920051f,-0.4599915203559569f,0.8324252931427225f,0f,0.9961946980917454f,0.08715574274765814f,0.19250918026958863f,0.461748613235034f,-0.07730808799086708f,0.8836354891620861f,0.08292745865621101f,0f,0f,0f,1f],start_interpolation:0}
execute if entity @s[tag=aj.assembler.bone.bone5] run data modify entity @s {} merge value {transformation:[0.8870108331782215f,-0.21321178182447703f,-0.40957602214449595f,0.7775708133745558f,0f,0.8870108331782216f,-0.46174861323503397f,0.1345173226429288f,0.461748613235034f,0.40957602214449584f,0.7867882181755229f,0.1883019338751606f,0f,0f,0f,1f],start_interpolation:0}
execute if entity @s[tag=aj.assembler.bone.bone4] run data modify entity @s {} merge value {transformation:[0.8870108331782215f,-0.21321178182447703f,-0.40957602214449595f,0.9692943553351633f,0f,0.8870108331782216f,-0.46174861323503397f,-0.010247820952410086f,0.461748613235034f,0.40957602214449584f,0.7867882181755229f,-0.5860606704633098f,0f,0f,0f,1f],start_interpolation:0}
execute if entity @s[tag=aj.assembler.bone.bone3] run data modify entity @s {} merge value {transformation:[0.8870108331782215f,0.15792732687907507f,-0.43390176451508794f,0.802796623135991f,0f,0.9396926207859084f,0.34202014332566866f,-0.234375f,0.461748613235034f,-0.3033755722950361f,0.8335175344947352f,-0.13086646708995586f,0f,0f,0f,1f],start_interpolation:0}
execute if entity @s[tag=aj.assembler.bone.octagon] run data modify entity @s {} merge value {transformation:[0.8870108331782215f,0f,-0.461748613235034f,0.859375f,0f,1f,0f,-0.40625f,0.461748613235034f,0f,0.8870108331782215f,-0.1718749999999999f,0f,0f,0f,1f],start_interpolation:0}
execute if entity @s[tag=aj.assembler.bone.bone10] run data modify entity @s {} merge value {transformation:[-0.5071292649553375f,0.15119811287919346f,0.8485040007493364f,-0.4917593055355797f,0f,0.9844918538204871f,-0.17543029886852646f,0.8280547584058545f,-0.8618700068025684f,-0.088965838516091f,-0.4992646301825012f,-0.2794070827831262f,0f,0f,0f,1f],start_interpolation:0}
execute if entity @s[tag=aj.assembler.bone.bone9] run data modify entity @s {} merge value {transformation:[-0.5071292649553375f,-0.13782435618554345f,0.8507786759597937f,-0.37979776739672f,0f,0.9871310861786198f,0.15991315987065707f,0.8525587494330138f,-0.8618700068025684f,0.0810966432218917f,-0.5006030621483274f,-0.34528589523916225f,0f,0f,0f,1f],start_interpolation:0}
execute if entity @s[tag=aj.assembler.bone.bone8] run data modify entity @s {} merge value {transformation:[-0.5071292649553375f,-0.13782435618554345f,0.8507786759597937f,-0.926143895818003f,0f,0.9871310861786198f,0.15991315987065707f,0.28913031371770825f,-0.8618700068025684f,0.0810966432218917f,-0.5006030621483274f,-0.24136290243220013f,0f,0f,0f,1f],start_interpolation:0}
execute if entity @s[tag=aj.assembler.bone.bone7] run data modify entity @s {} merge value {transformation:[-0.5071292649553375f,0.5041348341886147f,0.6990479079315504f,-0.8213559141046937f,0f,0.8110827647024543f,-0.5849314052114343f,-0.234375f,-0.8618700068025684f,-0.29663583357416734f,-0.4113238062814986f,-0.23050401677228885f,0f,0f,0f,1f],start_interpolation:0}
execute if entity @s[tag=aj.assembler.bone.octagon2] run data modify entity @s {} merge value {transformation:[-0.5071292649553375f,0f,0.8618700068025684f,-0.8593749999999999f,0f,1f,0f,-0.40625f,-0.8618700068025684f,0f,-0.5071292649553375f,-0.171875f,0f,0f,0f,1f],start_interpolation:0}