execute if entity @s[tag=aj.assembler.bone.bone21] run data modify entity @s {} merge value {transformation:[0.3579019951340513f,0.9337591562491186f,1.2246467991473532e-16f,0.521897205887908f,0.9337591562491186f,-0.3579019951340513f,0f,0.5689050901635826f,4.383035327493674e-17f,1.1435251618750165e-16f,-1f,-1.1535000000000002f,0f,0f,0f,1f],start_interpolation:0}
execute if entity @s[tag=aj.assembler.bone.arm4] run data modify entity @s {} merge value {transformation:[0.998983825511798f,-0.04507012719988761f,1.2246467991473532e-16f,1.0496062314063606f,-0.04507012719988761f,-0.998983825511798f,0f,0.5450969840689114f,1.2234023443130013e-16f,-5.519498701250637e-18f,-1f,-1.1535000000000002f,0f,0f,0f,1f],start_interpolation:0}
execute if entity @s[tag=aj.assembler.bone.small_arm_base4] run data modify entity @s {} merge value {transformation:[0.9988898749619701f,0.04710645070964253f,1.2246467991473532e-16f,1.0663230875418308f,0.04710645070964253f,-0.9988898749619701f,0f,0.5458853309921352f,1.2232872880728764e-16f,5.768876408075632e-18f,-1f,-1.0597500000000002f,0f,0f,0f,1f],start_interpolation:0}
execute if entity @s[tag=aj.assembler.bone.bone25] run data modify entity @s {} merge value {transformation:[-0.42577929156507255f,0.9048270524660196f,1.2246467991473532e-16f,1.531195361832059e-16f,0.9048270524660196f,0.42577929156507255f,0f,0.5000000000000001f,-5.2142924655839374e-17f,1.108093553584445e-16f,-1f,-1.4972500000000002f,0f,0f,0f,1f],start_interpolation:0}
execute if entity @s[tag=aj.assembler.bone.bone16] run data modify entity @s {} merge value {transformation:[-0.9777969386399075f,-0.20955463914317213f,1.2246467991473532e-16f,0.39309089174954615f,-0.20955463914317213f,0.9777969386399075f,0f,1.2545892369549252f,-1.1974558911214438e-16f,-2.5663041807316438e-17f,-1f,-1.1535000000000002f,0f,0f,0f,1f],start_interpolation:0}
execute if entity @s[tag=aj.assembler.bone.arm3] run data modify entity @s {} merge value {transformation:[-0.8295150912909757f,0.5584842999767536f,1.2246467991473532e-16f,-0.04509698406891093f,0.5584842999767536f,0.8295150912909757f,0f,1.5496062314063606f,-1.0158630013939177e-16f,6.839460103405815e-17f,-1f,-1.1535000000000002f,0f,0f,0f,1f],start_interpolation:0}
execute if entity @s[tag=aj.assembler.bone.small_arm_base3] run data modify entity @s {} merge value {transformation:[-0.047106450709642256f,0.9988898749619701f,1.2246467991473532e-16f,-0.04588533099213478f,0.9988898749619701f,0.047106450709642256f,0f,1.5663230875418308f,-5.768876408075601e-18f,1.2232872880728766e-16f,-1f,-1.0597500000000002f,0f,0f,0f,1f],start_interpolation:0}
execute if entity @s[tag=aj.assembler.bone.bone15] run data modify entity @s {} merge value {transformation:[-0.9048270524660197f,-0.4257792915650723f,1.2246467991473532e-16f,1.531195361832059e-16f,-0.4257792915650723f,0.9048270524660197f,0f,0.5000000000000001f,-1.1080935535844452e-16f,-5.214292465583935e-17f,-1f,-1.4972500000000002f,0f,0f,0f,1f],start_interpolation:0}
execute if entity @s[tag=aj.assembler.bone.bone26] run data modify entity @s {} merge value {transformation:[0.08869370818741218f,0.996058947115062f,1.2246467991473532e-16f,0.23731326200031175f,0.996058947115062f,-0.08869370818741218f,0f,-0.05757315931907814f,1.0861846583622367e-17f,1.2198204013465436e-16f,-1f,-1.1535000000000002f,0f,0f,0f,1f],start_interpolation:0}
execute if entity @s[tag=aj.assembler.bone.arm5] run data modify entity @s {} merge value {transformation:[-0.36387657471822904f,-0.9314471742247808f,1.2246467991473532e-16f,0.045096984068911695f,-0.9314471742247808f,0.36387657471822904f,0f,-0.5496062314063602f,-4.4562028251338183e-17f,-1.1406938004892248e-16f,-1f,-1.1535000000000002f,0f,0f,0f,1f],start_interpolation:0}
execute if entity @s[tag=aj.assembler.bone.small_arm_base5] run data modify entity @s {} merge value {transformation:[0.04710645070964281f,-0.9988898749619701f,1.2246467991473532e-16f,0.04588533099213553f,-0.9988898749619701f,-0.04710645070964281f,0f,-0.5663230875418305f,5.7688764080756566e-18f,-1.2232872880728764e-16f,-1f,-1.0597500000000002f,0f,0f,0f,1f],start_interpolation:0}
execute if entity @s[tag=aj.assembler.bone.bone20] run data modify entity @s {} merge value {transformation:[0.9048270524660195f,0.42577929156507277f,1.2246467991473532e-16f,1.531195361832059e-16f,0.42577929156507277f,-0.9048270524660195f,0f,0.5000000000000001f,1.1080935535844449e-16f,5.21429246558394e-17f,-1f,-1.4972500000000002f,0f,0f,0f,1f],start_interpolation:0}
execute if entity @s[tag=aj.assembler.bone.bone11] run data modify entity @s {} merge value {transformation:[0.8499480994696126f,0.5268664234965008f,1.2246467991473532e-16f,-0.5260566786588675f,0.5268664234965008f,-0.8499480994696126f,0f,0.5251846447351394f,1.040886219456837e-16f,6.452252791132035e-17f,-1f,-1.1535000000000002f,0f,0f,0f,1f],start_interpolation:0}
execute if entity @s[tag=aj.assembler.bone.arm2] run data modify entity @s {} merge value {transformation:[0.9911097020461943f,0.1330472040664683f,1.2246467991473532e-16f,-1.0496062314063601f,0.1330472040664683f,-0.9911097020461943f,0f,0.4549030159310888f,1.2137593242147585e-16f,1.629358325955051e-17f,-1f,-1.1535000000000002f,0f,0f,0f,1f],start_interpolation:0}
execute if entity @s[tag=aj.assembler.bone.small_arm_base2] run data modify entity @s {} merge value {transformation:[0.9988898749619701f,0.04710645070964253f,1.2246467991473532e-16f,-1.0663230875418304f,0.04710645070964253f,-0.9988898749619701f,0f,0.45411466900786496f,1.2232872880728764e-16f,5.768876408075632e-18f,-1f,-1.0597500000000002f,0f,0f,0f,1f],start_interpolation:0}
execute if entity @s[tag=aj.assembler.bone.bone2] run data modify entity @s {} merge value {transformation:[-0.42577929156507255f,0.9048270524660196f,1.2246467991473532e-16f,1.531195361832059e-16f,0.9048270524660196f,0.42577929156507255f,0f,0.5000000000000001f,-5.2142924655839374e-17f,1.108093553584445e-16f,-1f,-1.4972500000000002f,0f,0f,0f,1f],start_interpolation:0}
execute if entity @s[tag=aj.assembler.bone.ring] run data modify entity @s {} merge value {transformation:[-0.7660830446749167f,1.6280093395558206f,2.2034447591230768e-16f,1.1102230246251565e-16f,1.6280093395558206f,0.7660830446749167f,0f,0.5000000000000001f,-9.381811485421956e-17f,1.993736426669032e-16f,-1.7992491881391441f,-1.1535000000000002f,0f,0f,0f,1f],start_interpolation:0}
execute if entity @s[tag=aj.assembler.bone.wheel] run data modify entity @s {} merge value {transformation:[-1f,1.1647083184890926e-16f,3.7843667304341506e-17f,1.0625f,0f,0.30901699437494745f,-0.9510565162951536f,-0.6249999999999999f,-1.2246467991473532e-16f,-0.9510565162951536f,-0.30901699437494745f,-1.2785f,0f,0f,0f,1f],start_interpolation:0}
execute if entity @s[tag=aj.assembler.bone.wheel2] run data modify entity @s {} merge value {transformation:[-1f,1.1647083184890926e-16f,3.7843667304341506e-17f,1.0625f,0f,0.30901699437494745f,-0.9510565162951536f,-0.6249999999999999f,-1.2246467991473532e-16f,-0.9510565162951536f,-0.30901699437494745f,-1.0285f,0f,0f,0f,1f],start_interpolation:0}
execute if entity @s[tag=aj.assembler.bone.rails] run data modify entity @s {} merge value {transformation:[-1.137300743709099f,0f,1.3927917154512523e-16f,-0.43749999999999994f,0f,1.137300743709099f,0f,-0.9999999999999999f,-1.3927917154512523e-16f,0f,-1.137300743709099f,-0.7160000000000002f,0f,0f,0f,1f],start_interpolation:0}
execute if entity @s[tag=aj.assembler.bone.wheel3] run data modify entity @s {} merge value {transformation:[-1f,1.1647083184890926e-16f,3.7843667304341506e-17f,-1.0625f,0f,0.30901699437494745f,-0.9510565162951536f,-0.6249999999999999f,-1.2246467991473532e-16f,-0.9510565162951536f,-0.30901699437494745f,-1.0285000000000002f,0f,0f,0f,1f],start_interpolation:0}
execute if entity @s[tag=aj.assembler.bone.wheel4] run data modify entity @s {} merge value {transformation:[-1f,1.1647083184890926e-16f,3.7843667304341506e-17f,-1.0625f,0f,0.30901699437494745f,-0.9510565162951536f,-0.6249999999999999f,-1.2246467991473532e-16f,-0.9510565162951536f,-0.30901699437494745f,-1.2785000000000002f,0f,0f,0f,1f],start_interpolation:0}
execute if entity @s[tag=aj.assembler.bone.rails2] run data modify entity @s {} merge value {transformation:[-1.2038220325092979f,0f,1.4742567988555726e-16f,0.4375f,0f,1.2038220325092979f,0f,-0.9999999999999999f,-1.4742567988555726e-16f,0f,-1.2038220325092979f,-0.7160000000000001f,0f,0f,0f,1f],start_interpolation:0}
execute if entity @s[tag=aj.assembler.bone.bone6] run data modify entity @s {} merge value {transformation:[-0.0871557427476586f,-0.9225000985047664f,-0.37602851589314357f,0.49432110323887213f,0f,0.3774648837355216f,-0.9260238990147767f,0.4411040451720673f,0.9961946980917454f,-0.08070830072071565f,-0.03289823230312797f,-0.10970496777287295f,0f,0f,0f,1f],start_interpolation:0}
execute if entity @s[tag=aj.assembler.bone.bone5] run data modify entity @s {} merge value {transformation:[-0.0871557427476586f,-0.3889737843313872f,-0.917116825496634f,0.37179378246636563f,0f,0.9206200627783018f,-0.3904596009961542f,0.392647960718902f,0.9961946980917454f,-0.03403079653777424f,-0.08023732535983896f,-0.12042471931267178f,0f,0f,0f,1f],start_interpolation:0}
execute if entity @s[tag=aj.assembler.bone.bone4] run data modify entity @s {} merge value {transformation:[-0.0871557427476586f,-0.3889737843313872f,-0.917116825496634f,1.0981010023152251f,0f,0.9206200627783018f,-0.3904596009961542f,0.2070451231311814f,0.9961946980917454f,-0.03403079653777424f,-0.08023732535983896f,-0.24509729087824292f,0f,0f,0f,1f],start_interpolation:0}
execute if entity @s[tag=aj.assembler.bone.bone3] run data modify entity @s {} merge value {transformation:[-0.0871557427476586f,-0.19589742164122953f,-0.9767436084768726f,0.7998364483301302f,0f,0.9804746103827573f,-0.19664571796705968f,-0.234375f,0.9961946980917454f,-0.01713880360756568f,-0.08545399291313038f,-0.2084533182370956f,0f,0f,0f,1f],start_interpolation:0}
execute if entity @s[tag=aj.assembler.bone.octagon] run data modify entity @s {} merge value {transformation:[-0.0871557427476586f,0f,-0.9961946980917454f,0.859375f,0f,1f,0f,-0.40625f,0.9961946980917454f,0f,-0.0871557427476586f,-0.1718749999999999f,0f,0f,0f,1f],start_interpolation:0}
execute if entity @s[tag=aj.assembler.bone.bone10] run data modify entity @s {} merge value {transformation:[-0.8876240703554003f,-0.021818961395035724f,0.4600515652069378f,-0.35497512581651003f,0f,0.9988772237327643f,0.047373958119677595f,0.24289357554572044f,-0.4605686807911621f,0.04205026553503466f,-0.8866274671149782f,-0.9404193760558315f,0f,0f,0f,1f],start_interpolation:0}
execute if entity @s[tag=aj.assembler.bone.bone9] run data modify entity @s {} merge value {transformation:[-0.8876240703554003f,0.34414953363249295f,0.30607941490118046f,-0.31335078157882024f,0f,0.6645684512794032f,-0.7472273908015521f,0.1464154307959315f,-0.4605686807911621f,-0.6632570181043189f,-0.5898869537544085f,-1.0206392681133323f,0f,0f,0f,1f],start_interpolation:0}
execute if entity @s[tag=aj.assembler.bone.bone8] run data modify entity @s {} merge value {transformation:[-0.8876240703554003f,0.34414953363249295f,0.30607941490118046f,-0.8980689762460767f,0f,0.6645684512794032f,-0.7472273908015521f,0.29485346323896233f,-0.4605686807911621f,-0.6632570181043189f,-0.5898869537544085f,-0.3008553188618422f,0f,0f,0f,1f],start_interpolation:0}
execute if entity @s[tag=aj.assembler.bone.bone7] run data modify entity @s {} merge value {transformation:[-0.8876240703554003f,0.34597505726852956f,0.3040144231344115f,-0.8583277096491585f,0f,0.6600848816123958f,-0.7511910203581705f,-0.234375f,-0.4605686807911621f,-0.6667752311047457f,-0.5859072293968572f,-0.24174427567193635f,0f,0f,0f,1f],start_interpolation:0}
execute if entity @s[tag=aj.assembler.bone.octagon2] run data modify entity @s {} merge value {transformation:[-0.8876240703554003f,0f,0.4605686807911621f,-0.8593749999999999f,0f,1f,0f,-0.40625f,-0.4605686807911621f,0f,-0.8876240703554003f,-0.171875f,0f,0f,0f,1f],start_interpolation:0}