execute if entity @s[tag=aj.assembler.bone.bone21] run data modify entity @s {} merge value {transformation:[-0.20791169081775923f,-0.9781476007338055f,1.2246467991473532e-16f,-0.5805685524266928f,-0.9781476007338055f,0.20791169081775923f,0f,0.8348055505812277f,-2.546183866652831e-17f,-1.197885328332318e-16f,-1f,-1.9375f,0f,0f,0f,1f],start_interpolation:0}
execute if entity @s[tag=aj.assembler.bone.arm4] run data modify entity @s {} merge value {transformation:[-0.8829475928589269f,-0.4694715627858908f,1.2246467991473532e-16f,-1.04698192360689f,-0.4694715627858908f,0.8829475928589269f,0f,0.5868091620716906f,-1.0812989434095451e-16f,-5.749368466564467e-17f,-1f,-1.9375f,0f,0f,0f,1f],start_interpolation:0}
execute if entity @s[tag=aj.assembler.bone.small_arm_base4] run data modify entity @s {} merge value {transformation:[-0.996917333733128f,0.07845909572784487f,1.2246467991473532e-16f,-1.0636657684077073f,0.07845909572784487f,0.996917333733128f,0f,0.588122209133912f,-1.2208716217707887e-16f,9.608468044710097e-18f,-1f,-1.84375f,0f,0f,0f,1f],start_interpolation:0}
execute if entity @s[tag=aj.assembler.bone.bone25] run data modify entity @s {} merge value {transformation:[0.30901699437494745f,-0.9510565162951534f,1.2246467991473532e-16f,2.6414183864572156e-16f,-0.9510565162951534f,-0.30901699437494745f,0f,0.5000000000000001f,3.7843667304341506e-17f,-1.164708318489092e-16f,-1f,-2.28125f,0f,0f,0f,1f],start_interpolation:0}
execute if entity @s[tag=aj.assembler.bone.bone16] run data modify entity @s {} merge value {transformation:[0.8017756442437549f,-0.5976251469755202f,1.2246467991473532e-16f,-0.22797671595990426f,-0.5976251469755202f,-0.8017756442437549f,0f,-0.03794816906926801f,9.818919763574215e-17f,-7.318797233335371e-17f,-1f,-1.9375f,0f,0f,0f,1f],start_interpolation:0}
execute if entity @s[tag=aj.assembler.bone.arm3] run data modify entity @s {} merge value {transformation:[0.2672383760782566f,-0.9636304532086232f,1.2246467991473532e-16f,-0.08680916207169065f,-0.9636304532086232f,-0.2672383760782566f,0f,-0.5469819236068901f,3.272726218735737e-17f,-1.1801069500828535e-16f,-1f,-1.9375f,0f,0f,0f,1f],start_interpolation:0}
execute if entity @s[tag=aj.assembler.bone.small_arm_base3] run data modify entity @s {} merge value {transformation:[-0.07845909572784515f,-0.9969173337331281f,1.2246467991473532e-16f,-0.08812220913391201f,-0.9969173337331281f,0.07845909572784515f,0f,-0.5636657684077074f,-9.608468044710121e-18f,-1.2208716217707887e-16f,-1f,-1.84375f,0f,0f,0f,1f],start_interpolation:0}
execute if entity @s[tag=aj.assembler.bone.bone15] run data modify entity @s {} merge value {transformation:[0.9510565162951535f,0.30901699437494723f,1.2246467991473532e-16f,2.6414183864572156e-16f,0.30901699437494723f,-0.9510565162951535f,0f,0.5000000000000001f,1.164708318489092e-16f,3.784366730434148e-17f,-1f,-2.28125f,0f,0f,0f,1f],start_interpolation:0}
execute if entity @s[tag=aj.assembler.bone.bone26] run data modify entity @s {} merge value {transformation:[-0.4590527489565969f,-0.8884090126036495f,1.2246467991473532e-16f,0.325114995886039f,-0.8884090126036495f,0.4590527489565969f,0f,1.0755437292489258f,-5.6217747964949e-17f,-1.08798725361872e-16f,-1f,-1.9375f,0f,0f,0f,1f],start_interpolation:0}
execute if entity @s[tag=aj.assembler.bone.arm5] run data modify entity @s {} merge value {transformation:[-0.4511267800882291f,0.8924598748891888f,1.2246467991473532e-16f,0.08680916207169054f,0.8924598748891888f,0.4511267800882291f,0f,1.5469819236068902f,-5.524709672447017e-17f,1.0929481291504925e-16f,-1f,-1.9375f,0f,0f,0f,1f],start_interpolation:0}
execute if entity @s[tag=aj.assembler.bone.small_arm_base5] run data modify entity @s {} merge value {transformation:[0.0784590957278446f,0.996917333733128f,1.2246467991473532e-16f,0.08812220913391187f,0.996917333733128f,-0.0784590957278446f,0f,1.5636657684077075f,9.608468044710072e-18f,1.220871621770789e-16f,-1f,-1.84375f,0f,0f,0f,1f],start_interpolation:0}
execute if entity @s[tag=aj.assembler.bone.bone20] run data modify entity @s {} merge value {transformation:[-0.9510565162951533f,-0.3090169943749477f,1.2246467991473532e-16f,2.6414183864572156e-16f,-0.3090169943749477f,0.9510565162951533f,0f,0.5000000000000001f,-1.164708318489092e-16f,-3.784366730434153e-17f,-1f,-2.28125f,0f,0f,0f,1f],start_interpolation:0}
execute if entity @s[tag=aj.assembler.bone.bone11] run data modify entity @s {} merge value {transformation:[0.8795414017955328f,-0.4758223644676123f,1.2246467991473532e-16f,0.5381834721631112f,-0.4758223644676123f,-0.8795414017955328f,0f,0.27117753806571915f,1.077127562426475e-16f,-5.827143356079865e-17f,-1f,-1.9375f,0f,0f,0f,1f],start_interpolation:0}
execute if entity @s[tag=aj.assembler.bone.arm2] run data modify entity @s {} merge value {transformation:[-0.963185010789648f,-0.26883942231403785f,1.2246467991473532e-16f,1.0469819236068905f,-0.26883942231403785f,0.963185010789648f,0f,0.4131908379283095f,-1.179561440450251e-16f,-3.2923333802150995e-17f,-1f,-1.9375f,0f,0f,0f,1f],start_interpolation:0}
execute if entity @s[tag=aj.assembler.bone.small_arm_base2] run data modify entity @s {} merge value {transformation:[-0.996917333733128f,0.07845909572784487f,1.2246467991473532e-16f,1.0636657684077078f,0.07845909572784487f,0.996917333733128f,0f,0.41187779086608817f,-1.2208716217707887e-16f,9.608468044710097e-18f,-1f,-1.84375f,0f,0f,0f,1f],start_interpolation:0}
execute if entity @s[tag=aj.assembler.bone.bone2] run data modify entity @s {} merge value {transformation:[0.30901699437494745f,-0.9510565162951534f,1.2246467991473532e-16f,2.6414183864572156e-16f,-0.9510565162951534f,-0.30901699437494745f,0f,0.5000000000000001f,3.7843667304341506e-17f,-1.164708318489092e-16f,-1f,-2.28125f,0f,0f,0f,1f],start_interpolation:0}
execute if entity @s[tag=aj.assembler.bone.ring] run data modify entity @s {} merge value {transformation:[0.5559985762503227f,-1.7111876648184976f,2.2034447591230768e-16f,2.220446049250313e-16f,-1.7111876648184976f,-0.5559985762503227f,0f,0.5000000000000001f,6.809018767354432e-17f,-2.0956004964604066e-16f,-1.7992491881391441f,-1.9375f,0f,0f,0f,1f],start_interpolation:0}
execute if entity @s[tag=aj.assembler.bone.wheel] run data modify entity @s {} merge value {transformation:[-1f,-2.999519565323715e-32f,1.2246467991473532e-16f,1.0625000000000002f,0f,1f,2.4492935982947064e-16f,-0.6249999999999999f,-1.2246467991473532e-16f,2.4492935982947064e-16f,-1f,-2.0625f,0f,0f,0f,1f],start_interpolation:0}
execute if entity @s[tag=aj.assembler.bone.wheel2] run data modify entity @s {} merge value {transformation:[-1f,-2.999519565323715e-32f,1.2246467991473532e-16f,1.0625000000000002f,0f,1f,2.4492935982947064e-16f,-0.6249999999999999f,-1.2246467991473532e-16f,2.4492935982947064e-16f,-1f,-1.8124999999999998f,0f,0f,0f,1f],start_interpolation:0}
execute if entity @s[tag=aj.assembler.bone.rails] run data modify entity @s {} merge value {transformation:[-1.137300743709099f,0f,1.3927917154512523e-16f,-0.43749999999999983f,0f,1.137300743709099f,0f,-0.9999999999999999f,-1.3927917154512523e-16f,0f,-1.137300743709099f,-1.5f,0f,0f,0f,1f],start_interpolation:0}
execute if entity @s[tag=aj.assembler.bone.wheel3] run data modify entity @s {} merge value {transformation:[-1f,-2.999519565323715e-32f,1.2246467991473532e-16f,-1.0625f,0f,1f,2.4492935982947064e-16f,-0.6249999999999999f,-1.2246467991473532e-16f,2.4492935982947064e-16f,-1f,-1.8125000000000002f,0f,0f,0f,1f],start_interpolation:0}
execute if entity @s[tag=aj.assembler.bone.wheel4] run data modify entity @s {} merge value {transformation:[-1f,-2.999519565323715e-32f,1.2246467991473532e-16f,-1.0625f,0f,1f,2.4492935982947064e-16f,-0.6249999999999999f,-1.2246467991473532e-16f,2.4492935982947064e-16f,-1f,-2.0625f,0f,0f,0f,1f],start_interpolation:0}
execute if entity @s[tag=aj.assembler.bone.rails2] run data modify entity @s {} merge value {transformation:[-1.2038220325092979f,0f,1.4742567988555726e-16f,0.4375000000000001f,0f,1.2038220325092979f,0f,-0.9999999999999999f,-1.4742567988555726e-16f,0f,-1.2038220325092979f,-1.5f,0f,0f,0f,1f],start_interpolation:0}
execute if entity @s[tag=aj.assembler.bone.bone6] run data modify entity @s {} merge value {transformation:[0.1603316304391832f,-0.32241582961692267f,-0.9329211119345218f,0.3247143995180755f,0f,0.945148302915395f,-0.32664152445172817f,0.23959893826899534f,0.9870632037922966f,0.05237096818448591f,0.15153716841325227f,0.009950241906824722f,0f,0f,0f,1f],start_interpolation:0}
execute if entity @s[tag=aj.assembler.bone.bone5] run data modify entity @s {} merge value {transformation:[0.1603316304391832f,-0.7331279601375182f,-0.6609214494516836f,0.23486853276676367f,0f,0.6695837175496195f,-0.7427365920650681f,0.1437313896648696f,0.9870632037922966f,0.11908416879263486f,0.10735544915026f,0.024544174948918585f,0f,0f,0f,1f],start_interpolation:0}
execute if entity @s[tag=aj.assembler.bone.bone4] run data modify entity @s {} merge value {transformation:[0.1603316304391832f,-0.7331279601375182f,-0.6609214494516836f,0.9226751111014502f,0f,0.6695837175496195f,-0.7427365920650681f,0.2766302386262862f,0.9870632037922966f,0.11908416879263486f,0.10735544915026f,-0.2771357468505531f,0f,0f,0f,1f],start_interpolation:0}
execute if entity @s[tag=aj.assembler.bone.bone3] run data modify entity @s {} merge value {transformation:[0.1603316304391832f,-0.48582908840128936f,-0.8592228262470016f,0.792673186311757f,0f,0.870484101672383f,-0.49219653466438024f,-0.234375f,0.9870632037922966f,0.07891467289925604f,0.13956613529252088f,-0.1926999982160602f,0f,0f,0f,1f],start_interpolation:0}
execute if entity @s[tag=aj.assembler.bone.octagon] run data modify entity @s {} merge value {transformation:[0.1603316304391832f,0f,-0.9870632037922966f,0.859375f,0f,1f,0f,-0.40625f,0.9870632037922966f,0f,0.1603316304391832f,-0.1718749999999999f,0f,0f,0f,1f],start_interpolation:0}
execute if entity @s[tag=aj.assembler.bone.bone10] run data modify entity @s {} merge value {transformation:[0.10639738318957027f,0.6122816548640869f,0.7834480020826569f,-0.5542823101710983f,0f,0.7879204844518609f,-0.6157769971192042f,0.24882890006490155f,-0.9943236881671943f,0.06551706112181489f,0.0838326777071365f,-0.04494343301631157f,0f,0f,0f,1f],start_interpolation:0}
execute if entity @s[tag=aj.assembler.bone.bone9] run data modify entity @s {} merge value {transformation:[0.10639738318957027f,0.5942105773421864f,0.797241109467567f,-0.4468959224151824f,0f,0.8017923327735423f,-0.5976027569427378f,0.17259259982145814f,-0.9943236881671943f,0.06358336952558011f,0.08530860606856602f,-0.0334525766851399f,0f,0f,0f,1f],start_interpolation:0}
execute if entity @s[tag=aj.assembler.bone.bone8] run data modify entity @s {} merge value {transformation:[0.10639738318957027f,0.5942105773421864f,0.797241109467567f,-1.1343179097887133f,0f,0.8017923327735423f,-0.5976027569427378f,0.16489703934593697f,-0.9943236881671943f,0.06358336952558011f,0.08530860606856602f,-0.29558039653417406f,0f,0f,0f,1f],start_interpolation:0}
execute if entity @s[tag=aj.assembler.bone.bone7] run data modify entity @s {} merge value {transformation:[0.10639738318957027f,0.06659033569507201f,0.9920913889568992f,-0.7939048512648762f,0f,0.9977549572268465f,-0.06697048102898553f,-0.234375f,-0.9943236881671943f,0.00712548393243082f,0.10615851651335809f,-0.19629777880587668f,0f,0f,0f,1f],start_interpolation:0}
execute if entity @s[tag=aj.assembler.bone.octagon2] run data modify entity @s {} merge value {transformation:[0.10639738318957027f,0f,0.9943236881671943f,-0.8593749999999999f,0f,1f,0f,-0.40625f,-0.9943236881671943f,0f,0.10639738318957027f,-0.171875f,0f,0f,0f,1f],start_interpolation:0}