execute if entity @s[tag=aj.assembler.bone.bone21] run data modify entity @s {} merge value {transformation:[0.03163971968188897f,0.9994993387383763f,1.2246467991473532e-16f,0.784574952917067f,0.9994993387383763f,-0.03163971968188897f,0f,0.8037277117966384f,3.874748143434463e-18f,1.224033665935849e-16f,-1f,-1.4941484375f,0f,0f,0f,1f],start_interpolation:0}
execute if entity @s[tag=aj.assembler.bone.arm4] run data modify entity @s {} merge value {transformation:[-0.23527994258507773f,0.9719276457726483f,1.2246467991473532e-16f,0.66028930778963f,0.9719276457726483f,0.23527994258507773f,0f,1.3171444235861034f,-2.8813482859038875e-17f,1.1902680803982966e-16f,-1f,-1.4941484375f,0f,0f,0f,1f],start_interpolation:0}
execute if entity @s[tag=aj.assembler.bone.small_arm_base4] run data modify entity @s {} merge value {transformation:[0.6252426563357053f,0.7804304073383297f,1.2246467991473532e-16f,0.6707530153491057f,0.7804304073383297f,-0.6252426563357053f,0f,1.3302052655970589f,7.6570141777191e-17f,9.557516003041508e-17f,-1f,-1.4003984375f,0f,0f,0f,1f],start_interpolation:0}
execute if entity @s[tag=aj.assembler.bone.bone25] run data modify entity @s {} merge value {transformation:[-0.9602936856769431f,0.2789911060392293f,1.2246467991473532e-16f,2.6414183864572156e-16f,0.2789911060392293f,0.9602936856769431f,0f,0.5000000000000001f,-1.1760205884056828e-16f,3.4166556500152193e-17f,-1f,-1.8378984375f,0f,0f,0f,1f],start_interpolation:0}
execute if entity @s[tag=aj.assembler.bone.bone16] run data modify entity @s {} merge value {transformation:[-0.09134099857390149f,-0.995819673424623f,1.2246467991473532e-16f,-0.38522403172009234f,-0.995819673424623f,0.09134099857390149f,0f,0.8561702248307312f,-1.1186046153445126e-17f,-1.2195273755874271e-16f,-1f,-1.4941484375000003f,0f,0f,0f,1f],start_interpolation:0}
execute if entity @s[tag=aj.assembler.bone.arm3] run data modify entity @s {} merge value {transformation:[-0.8176503802620187f,0.5757150820131223f,1.2246467991473532e-16f,-0.8171444235861028f,0.5757150820131223f,0.8176503802620187f,0f,1.1602893077896301f,-1.0013329210094978e-16f,7.050476324082261e-17f,-1f,-1.4941484375000003f,0f,0f,0f,1f],start_interpolation:0}
execute if entity @s[tag=aj.assembler.bone.small_arm_base3] run data modify entity @s {} merge value {transformation:[-0.7804304073383296f,0.6252426563357054f,1.2246467991473532e-16f,-0.8302052655970583f,0.6252426563357054f,0.7804304073383296f,0f,1.1707530153491057f,-9.557516003041506e-17f,7.657014177719103e-17f,-1f,-1.4003984375000003f,0f,0f,0f,1f],start_interpolation:0}
execute if entity @s[tag=aj.assembler.bone.bone15] run data modify entity @s {} merge value {transformation:[-0.2789911060392295f,-0.960293685676943f,1.2246467991473532e-16f,2.6414183864572156e-16f,-0.960293685676943f,0.2789911060392295f,0f,0.5000000000000001f,-3.416655650015222e-17f,-1.1760205884056828e-16f,-1f,-1.8378984375f,0f,0f,0f,1f],start_interpolation:0}
execute if entity @s[tag=aj.assembler.bone.bone26] run data modify entity @s {} merge value {transformation:[0.49924405997494986f,0.8664614062840473f,1.2246467991473532e-16f,0.3922363602131102f,0.8664614062840473f,-0.49924405997494986f,0f,0.15355265755290073f,6.113976400416515e-17f,1.0611091877904728e-16f,-1f,-1.4941484374999998f,0f,0f,0f,1f],start_interpolation:0}
execute if entity @s[tag=aj.assembler.bone.arm5] run data modify entity @s {} merge value {transformation:[0.8043756352700847f,-0.5941210629020385f,1.2246467991473532e-16f,0.8171444235861037f,-0.5941210629020385f,-0.8043756352700847f,0f,-0.1602893077896295f,9.85076047045628e-17f,-7.275884579890048e-17f,-1f,-1.4941484374999998f,0f,0f,0f,1f],start_interpolation:0}
execute if entity @s[tag=aj.assembler.bone.small_arm_base5] run data modify entity @s {} merge value {transformation:[0.7804304073383299f,-0.6252426563357052f,1.2246467991473532e-16f,0.8302052655970591f,-0.6252426563357052f,-0.7804304073383299f,0f,-0.17075301534910514f,9.557516003041508e-17f,-7.657014177719099e-17f,-1f,-1.4003984374999998f,0f,0f,0f,1f],start_interpolation:0}
execute if entity @s[tag=aj.assembler.bone.bone20] run data modify entity @s {} merge value {transformation:[0.27899110603922905f,0.9602936856769432f,1.2246467991473532e-16f,2.6414183864572156e-16f,0.9602936856769432f,-0.27899110603922905f,0f,0.5000000000000001f,3.416655650015217e-17f,1.1760205884056828e-16f,-1f,-1.8378984375f,0f,0f,0f,1f],start_interpolation:0}
execute if entity @s[tag=aj.assembler.bone.bone11] run data modify entity @s {} merge value {transformation:[-0.8983443222028826f,0.43929201992051237f,1.2246467991473532e-16f,-0.31957280604100713f,0.43929201992051237f,0.8983443222028826f,0f,0.08653355075189662f,-1.100154498717959e-16f,5.3797756608663065e-17f,-1f,-1.4941484375f,0f,0f,0f,1f],start_interpolation:0}
execute if entity @s[tag=aj.assembler.bone.arm2] run data modify entity @s {} merge value {transformation:[0.6449961207266376f,0.7641858440507708f,1.2246467991473532e-16f,-0.6602893077896296f,0.7641858440507708f,-0.6449961207266376f,0f,-0.3171444235861031f,7.898924347103364e-17f,9.358577478704952e-17f,-1f,-1.4941484375f,0f,0f,0f,1f],start_interpolation:0}
execute if entity @s[tag=aj.assembler.bone.small_arm_base2] run data modify entity @s {} merge value {transformation:[0.6252426563357053f,0.7804304073383297f,1.2246467991473532e-16f,-0.6707530153491053f,0.7804304073383297f,-0.6252426563357053f,0f,-0.33020526559705854f,7.6570141777191e-17f,9.557516003041508e-17f,-1f,-1.4003984375f,0f,0f,0f,1f],start_interpolation:0}
execute if entity @s[tag=aj.assembler.bone.bone2] run data modify entity @s {} merge value {transformation:[-0.9602936856769431f,0.2789911060392293f,1.2246467991473532e-16f,2.6414183864572156e-16f,0.2789911060392293f,0.9602936856769431f,0f,0.5000000000000001f,-1.1760205884056828e-16f,3.4166556500152193e-17f,-1f,-1.8378984375f,0f,0f,0f,1f],start_interpolation:0}
execute if entity @s[tag=aj.assembler.bone.ring] run data modify entity @s {} merge value {transformation:[-1.7278076343293862f,0.5019745210391251f,2.2034447591230768e-16f,2.220446049250313e-16f,0.5019745210391251f,1.7278076343293862f,0f,0.5000000000000001f,-2.1159540889238435e-16f,6.147414904440904e-17f,-1.7992491881391441f,-1.4941484375f,0f,0f,0f,1f],start_interpolation:0}
execute if entity @s[tag=aj.assembler.bone.wheel] run data modify entity @s {} merge value {transformation:[-1f,3.784366730434152e-17f,-1.1647083184890926e-16f,1.0625000000000002f,0f,-0.9510565162951536f,-0.30901699437494756f,-0.6249999999999999f,-1.2246467991473532e-16f,-0.30901699437494756f,0.9510565162951536f,-1.6191484374999998f,0f,0f,0f,1f],start_interpolation:0}
execute if entity @s[tag=aj.assembler.bone.wheel2] run data modify entity @s {} merge value {transformation:[-1f,3.784366730434152e-17f,-1.1647083184890926e-16f,1.0625000000000002f,0f,-0.9510565162951536f,-0.30901699437494756f,-0.6249999999999999f,-1.2246467991473532e-16f,-0.30901699437494756f,0.9510565162951536f,-1.3691484374999998f,0f,0f,0f,1f],start_interpolation:0}
execute if entity @s[tag=aj.assembler.bone.rails] run data modify entity @s {} merge value {transformation:[-1.137300743709099f,0f,1.3927917154512523e-16f,-0.43749999999999983f,0f,1.137300743709099f,0f,-0.9999999999999999f,-1.3927917154512523e-16f,0f,-1.137300743709099f,-1.0566484375f,0f,0f,0f,1f],start_interpolation:0}
execute if entity @s[tag=aj.assembler.bone.wheel3] run data modify entity @s {} merge value {transformation:[-1f,3.784366730434152e-17f,-1.1647083184890926e-16f,-1.0625f,0f,-0.9510565162951536f,-0.30901699437494756f,-0.6249999999999999f,-1.2246467991473532e-16f,-0.30901699437494756f,0.9510565162951536f,-1.3691484375f,0f,0f,0f,1f],start_interpolation:0}
execute if entity @s[tag=aj.assembler.bone.wheel4] run data modify entity @s {} merge value {transformation:[-1f,3.784366730434152e-17f,-1.1647083184890926e-16f,-1.0625f,0f,-0.9510565162951536f,-0.30901699437494756f,-0.6249999999999999f,-1.2246467991473532e-16f,-0.30901699437494756f,0.9510565162951536f,-1.6191484375f,0f,0f,0f,1f],start_interpolation:0}
execute if entity @s[tag=aj.assembler.bone.rails2] run data modify entity @s {} merge value {transformation:[-1.2038220325092979f,0f,1.4742567988555726e-16f,0.4375000000000001f,0f,1.2038220325092979f,0f,-0.9999999999999999f,-1.4742567988555726e-16f,0f,-1.2038220325092979f,-1.0566484374999998f,0f,0f,0f,1f],start_interpolation:0}
execute if entity @s[tag=aj.assembler.bone.bone6] run data modify entity @s {} merge value {transformation:[0.8870108331782215f,0.04024404334920051f,-0.4599915203559569f,0.8324252931427225f,0f,0.9961946980917454f,0.08715574274765814f,0.19250918026958863f,0.461748613235034f,-0.07730808799086708f,0.8836354891620861f,0.08292745865621101f,0f,0f,0f,1f],start_interpolation:0}
execute if entity @s[tag=aj.assembler.bone.bone5] run data modify entity @s {} merge value {transformation:[0.8870108331782215f,-0.21321178182447703f,-0.40957602214449595f,0.7775708133745558f,0f,0.8870108331782216f,-0.46174861323503397f,0.1345173226429288f,0.461748613235034f,0.40957602214449584f,0.7867882181755229f,0.1883019338751606f,0f,0f,0f,1f],start_interpolation:0}
execute if entity @s[tag=aj.assembler.bone.bone4] run data modify entity @s {} merge value {transformation:[0.8870108331782215f,-0.21321178182447703f,-0.40957602214449595f,0.9692943553351633f,0f,0.8870108331782216f,-0.46174861323503397f,-0.010247820952410086f,0.461748613235034f,0.40957602214449584f,0.7867882181755229f,-0.5860606704633098f,0f,0f,0f,1f],start_interpolation:0}
execute if entity @s[tag=aj.assembler.bone.bone3] run data modify entity @s {} merge value {transformation:[0.8870108331782215f,0.15792732687907507f,-0.43390176451508794f,0.802796623135991f,0f,0.9396926207859084f,0.34202014332566866f,-0.234375f,0.461748613235034f,-0.3033755722950361f,0.8335175344947352f,-0.13086646708995586f,0f,0f,0f,1f],start_interpolation:0}
execute if entity @s[tag=aj.assembler.bone.octagon] run data modify entity @s {} merge value {transformation:[0.8870108331782215f,0f,-0.461748613235034f,0.859375f,0f,1f,0f,-0.40625f,0.461748613235034f,0f,0.8870108331782215f,-0.1718749999999999f,0f,0f,0f,1f],start_interpolation:0}
execute if entity @s[tag=aj.assembler.bone.bone10] run data modify entity @s {} merge value {transformation:[0.2469778720201924f,0.9681139290878225f,0.04192077096757879f,-0.2034718730811821f,0f,0.04326094664860136f,-0.9990638070188846f,0.2615732214833365f,-0.9690211198587868f,0.24674665306991625f,0.010684496544850638f,0.0920444887466113f,0f,0f,0f,1f],start_interpolation:0}
execute if entity @s[tag=aj.assembler.bone.bone9] run data modify entity @s {} merge value {transformation:[0.2469778720201924f,0.7149818919281884f,0.6540663765606406f,-0.11459388901081946f,0f,0.6749763892204498f,-0.7378393280348533f,0.1663712731485692f,-0.9690211198587868f,0.18222998713085675f,0.1667042322735398f,0.11469713782235236f,0f,0f,0f,1f],start_interpolation:0}
execute if entity @s[tag=aj.assembler.bone.bone8] run data modify entity @s {} merge value {transformation:[0.2469778720201924f,0.7149818919281884f,0.6540663765606406f,-0.8020122081303033f,0f,0.6749763892204498f,-0.7378393280348533f,0.29525721377089975f,-0.9690211198587868f,0.18222998713085675f,0.1667042322735398f,-0.25400185781552675f,0f,0f,0f,1f],start_interpolation:0}
execute if entity @s[tag=aj.assembler.bone.bone7] run data modify entity @s {} merge value {transformation:[0.2469778720201924f,0.6491594630375935f,0.7194400060332484f,-0.7910931215081947f,0f,0.7424399647121115f,-0.6699126053436214f,-0.234375f,-0.9690211198587868f,0.1654535897072706f,0.18336624258734402f,-0.18672079299432506f,0f,0f,0f,1f],start_interpolation:0}
execute if entity @s[tag=aj.assembler.bone.octagon2] run data modify entity @s {} merge value {transformation:[0.2469778720201924f,0f,0.9690211198587868f,-0.8593749999999999f,0f,1f,0f,-0.40625f,-0.9690211198587868f,0f,0.2469778720201924f,-0.171875f,0f,0f,0f,1f],start_interpolation:0}