execute if entity @s[tag=aj.assembler.bone.bone21] run data modify entity @s {} merge value {transformation:[0.6341523450747134f,-0.7732081241400937f,1.2246467991473532e-16f,-0.8302821308850894f,-0.7732081241400937f,-0.6341523450747134f,0f,0.40083335191181846f,7.766126395675355e-17f,-9.469068543028947e-17f,-1f,-1.1156562500000002f,0f,0f,0f,1f],start_interpolation:0}
execute if entity @s[tag=aj.assembler.bone.arm4] run data modify entity @s {} merge value {transformation:[-0.023622579199911287f,-0.9997209479409466f,1.2246467991473532e-16f,-0.8427606594973331f,-0.9997209479409466f,0.023622579199911287f,0f,-0.12726505544529845f,-2.8929316004776113e-18f,-1.2243050589364378e-16f,-1f,-1.1156562500000002f,0f,0f,0f,1f],start_interpolation:0}
execute if entity @s[tag=aj.assembler.bone.small_arm_base4] run data modify entity @s {} merge value {transformation:[-0.7996846584870905f,-0.6004202253258847f,1.2246467991473532e-16f,-0.8561437297683981f,-0.6004202253258847f,0.7996846584870905f,0f,-0.13731334883497925f,-9.793312573434596e-17f,-7.353027070886773e-17f,-1f,-1.0219062500000002f,0f,0f,0f,1f],start_interpolation:0}
execute if entity @s[tag=aj.assembler.bone.bone25] run data modify entity @s {} merge value {transformation:[0.8607420270039441f,-0.5090414157503709f,1.2246467991473532e-16f,1.531195361832059e-16f,-0.5090414157503709f,-0.8607420270039441f,0f,0.5000000000000001f,1.0541049682619848e-16f,-6.233959404321287e-17f,-1f,-1.4594062500000002f,0f,0f,0f,1f],start_interpolation:0}
execute if entity @s[tag=aj.assembler.bone.bone16] run data modify entity @s {} merge value {transformation:[0.7725100872333417f,-0.6350024922177359f,1.2246467991473532e-16f,0.4394378443367331f,-0.6350024922177359f,-0.7725100872333417f,0f,0.15096454777552637f,9.460520056393544e-17f,-7.776537695450421e-17f,-1f,-1.1156562500000002f,0f,0f,0f,1f],start_interpolation:0}
execute if entity @s[tag=aj.assembler.bone.arm3] run data modify entity @s {} merge value {transformation:[0.35556781638157836f,-0.9346504843809995f,1.2246467991473532e-16f,0.6272650554452985f,-0.9346504843809995f,-0.35556781638157836f,0f,-0.3427606594973334f,4.3544498821151376e-17f,-1.144616724018714e-16f,-1f,-1.1156562500000002f,0f,0f,0f,1f],start_interpolation:0}
execute if entity @s[tag=aj.assembler.bone.small_arm_base3] run data modify entity @s {} merge value {transformation:[0.6004202253258845f,-0.7996846584870906f,1.2246467991473532e-16f,0.6373133488349794f,-0.7996846584870906f,-0.6004202253258845f,0f,-0.35614372976839836f,7.353027070886771e-17f,-9.793312573434598e-17f,-1f,-1.0219062500000002f,0f,0f,0f,1f],start_interpolation:0}
execute if entity @s[tag=aj.assembler.bone.bone15] run data modify entity @s {} merge value {transformation:[0.5090414157503711f,0.860742027003944f,1.2246467991473532e-16f,1.531195361832059e-16f,0.860742027003944f,-0.5090414157503711f,0f,0.5000000000000001f,6.23395940432129e-17f,1.0541049682619847e-16f,-1f,-1.4594062500000002f,0f,0f,0f,1f],start_interpolation:0}
execute if entity @s[tag=aj.assembler.bone.bone26] run data modify entity @s {} merge value {transformation:[-0.9810873000930522f,0.19356577589058854f,1.2246467991473532e-16f,-0.19774798089145051f,0.19356577589058854f,0.9810873000930522f,0f,1.0352566364404736f,-1.2014854217430754e-16f,2.370497078688831e-17f,-1f,-1.1156562500000002f,0f,0f,0f,1f],start_interpolation:0}
execute if entity @s[tag=aj.assembler.bone.arm5] run data modify entity @s {} merge value {transformation:[-0.8131007610470282f,0.582122970157289f,1.2246467991473532e-16f,-0.6272650554452986f,0.582122970157289f,0.8131007610470282f,0f,1.3427606594973336f,-9.957612444005201e-17f,7.128950321132741e-17f,-1f,-1.1156562500000002f,0f,0f,0f,1f],start_interpolation:0}
execute if entity @s[tag=aj.assembler.bone.small_arm_base5] run data modify entity @s {} merge value {transformation:[-0.6004202253258848f,0.7996846584870902f,1.2246467991473532e-16f,-0.6373133488349795f,0.7996846584870902f,0.6004202253258848f,0f,1.3561437297683985f,-7.353027070886776e-17f,9.793312573434593e-17f,-1f,-1.0219062500000002f,0f,0f,0f,1f],start_interpolation:0}
execute if entity @s[tag=aj.assembler.bone.bone20] run data modify entity @s {} merge value {transformation:[-0.5090414157503707f,-0.8607420270039442f,1.2246467991473532e-16f,1.531195361832059e-16f,-0.8607420270039442f,0.5090414157503707f,0f,0.5000000000000001f,-6.233959404321285e-17f,-1.0541049682619849e-16f,-1f,-1.4594062500000002f,0f,0f,0f,1f],start_interpolation:0}
execute if entity @s[tag=aj.assembler.bone.bone11] run data modify entity @s {} merge value {transformation:[-0.04126152558595725f,-0.9991483806253805f,1.2246467991473532e-16f,0.3657565374068236f,-0.9991483806253805f,0.04126152558595725f,0f,0.9003053474834843f,-5.0530795236779e-18f,-1.2236038662061335e-16f,-1f,-1.1156562500000002f,0f,0f,0f,1f],start_interpolation:0}
execute if entity @s[tag=aj.assembler.bone.arm2] run data modify entity @s {} merge value {transformation:[-0.9029964992596315f,-0.4296479050627979f,1.2246467991473532e-16f,0.8427606594973334f,-0.4296479050627979f,0.9029964992596315f,0f,1.1272650554452985f,-1.105851772459573e-16f,-5.261669316955215e-17f,-1f,-1.1156562500000002f,0f,0f,0f,1f],start_interpolation:0}
execute if entity @s[tag=aj.assembler.bone.small_arm_base2] run data modify entity @s {} merge value {transformation:[-0.7996846584870905f,-0.6004202253258847f,1.2246467991473532e-16f,0.8561437297683984f,-0.6004202253258847f,0.7996846584870905f,0f,1.1373133488349794f,-9.793312573434596e-17f,-7.353027070886773e-17f,-1f,-1.0219062500000002f,0f,0f,0f,1f],start_interpolation:0}
execute if entity @s[tag=aj.assembler.bone.bone2] run data modify entity @s {} merge value {transformation:[0.8607420270039441f,-0.5090414157503709f,1.2246467991473532e-16f,1.531195361832059e-16f,-0.5090414157503709f,-0.8607420270039441f,0f,0.5000000000000001f,1.0541049682619848e-16f,-6.233959404321287e-17f,-1f,-1.4594062500000002f,0f,0f,0f,1f],start_interpolation:0}
execute if entity @s[tag=aj.assembler.bone.ring] run data modify entity @s {} merge value {transformation:[1.5486893932840877f,-0.9158923540180554f,2.2034447591230768e-16f,1.1102230246251565e-16f,-0.9158923540180554f,-1.5486893932840877f,0f,0.5000000000000001f,1.8965975083588146e-16f,-1.121644639711746e-16f,-1.7992491881391441f,-1.1156562500000002f,0f,0f,0f,1f],start_interpolation:0}
execute if entity @s[tag=aj.assembler.bone.wheel] run data modify entity @s {} merge value {transformation:[-1f,9.907600726170932e-17f,7.198293278059947e-17f,1.0625f,0f,0.5877852522924715f,-0.8090169943749487f,-0.6249999999999999f,-1.2246467991473532e-16f,-0.8090169943749487f,-0.5877852522924715f,-1.24065625f,0f,0f,0f,1f],start_interpolation:0}
execute if entity @s[tag=aj.assembler.bone.wheel2] run data modify entity @s {} merge value {transformation:[-1f,9.907600726170932e-17f,7.198293278059947e-17f,1.0625f,0f,0.5877852522924715f,-0.8090169943749487f,-0.6249999999999999f,-1.2246467991473532e-16f,-0.8090169943749487f,-0.5877852522924715f,-0.99065625f,0f,0f,0f,1f],start_interpolation:0}
execute if entity @s[tag=aj.assembler.bone.rails] run data modify entity @s {} merge value {transformation:[-1.137300743709099f,0f,1.3927917154512523e-16f,-0.43749999999999994f,0f,1.137300743709099f,0f,-0.9999999999999999f,-1.3927917154512523e-16f,0f,-1.137300743709099f,-0.6781562500000002f,0f,0f,0f,1f],start_interpolation:0}
execute if entity @s[tag=aj.assembler.bone.wheel3] run data modify entity @s {} merge value {transformation:[-1f,9.907600726170932e-17f,7.198293278059947e-17f,-1.0625f,0f,0.5877852522924715f,-0.8090169943749487f,-0.6249999999999999f,-1.2246467991473532e-16f,-0.8090169943749487f,-0.5877852522924715f,-0.9906562500000002f,0f,0f,0f,1f],start_interpolation:0}
execute if entity @s[tag=aj.assembler.bone.wheel4] run data modify entity @s {} merge value {transformation:[-1f,9.907600726170932e-17f,7.198293278059947e-17f,-1.0625f,0f,0.5877852522924715f,-0.8090169943749487f,-0.6249999999999999f,-1.2246467991473532e-16f,-0.8090169943749487f,-0.5877852522924715f,-1.2406562500000002f,0f,0f,0f,1f],start_interpolation:0}
execute if entity @s[tag=aj.assembler.bone.rails2] run data modify entity @s {} merge value {transformation:[-1.2038220325092979f,0f,1.4742567988555726e-16f,0.4375f,0f,1.2038220325092979f,0f,-0.9999999999999999f,-1.4742567988555726e-16f,0f,-1.2038220325092979f,-0.6781562500000001f,0f,0f,0f,1f],start_interpolation:0}
execute if entity @s[tag=aj.assembler.bone.bone6] run data modify entity @s {} merge value {transformation:[0.3420201433256683f,-0.8545225416641049f,-0.39091360598910685f,0.29789431651051823f,0f,0.4160015704520142f,-0.9093638949185623f,0.30460233617101645f,0.9396926207859083f,0.3110207696752346f,0.14228091674970106f,0.13225392207523076f,0f,0f,0f,1f],start_interpolation:0}
execute if entity @s[tag=aj.assembler.bone.bone5] run data modify entity @s {} merge value {transformation:[0.3420201433256683f,-0.6389050345971168f,-0.6890737103720805f,0.20464984661788677f,0f,0.7332969261754725f,-0.6799085365412054f,0.2172552345564352f,0.9396926207859083f,0.23254241511616847f,0.2508023197908072f,0.16619213362607965f,0f,0f,0f,1f],start_interpolation:0}
execute if entity @s[tag=aj.assembler.bone.bone4] run data modify entity @s {} merge value {transformation:[0.3420201433256683f,-0.6389050345971168f,-0.6890737103720805f,0.8791872533381874f,0f,0.7332969261754725f,-0.6799085365412054f,0.28272779910395474f,0.9396926207859083f,0.23254241511616847f,0.2508023197908072f,-0.278852736658458f,0f,0f,0f,1f],start_interpolation:0}
execute if entity @s[tag=aj.assembler.bone.bone3] run data modify entity @s {} merge value {transformation:[0.3420201433256683f,-0.5004136719088483f,-0.7953668201064162f,0.7899560817219536f,0f,0.8464116909220957f,-0.5325291066884502f,-0.234375f,0.9396926207859083f,0.18213568139467387f,0.28948984784169646f,-0.17986413544170526f,0f,0f,0f,1f],start_interpolation:0}
execute if entity @s[tag=aj.assembler.bone.octagon] run data modify entity @s {} merge value {transformation:[0.3420201433256683f,0f,-0.9396926207859083f,0.859375f,0f,1f,0f,-0.40625f,0.9396926207859083f,0f,0.3420201433256683f,-0.1718749999999999f,0f,0f,0f,1f],start_interpolation:0}
execute if entity @s[tag=aj.assembler.bone.bone10] run data modify entity @s {} merge value {transformation:[0.06764487644501717f,0.39528247453950643f,0.9160654649164889f,-0.6589618223640251f,0f,0.9181685648465095f,-0.39618996267914314f,0.5537215710756883f,-0.9977094620633497f,0.0268002210741866f,0.06210939912474088f,-0.06432172049394147f,0f,0f,0f,1f],start_interpolation:0}
execute if entity @s[tag=aj.assembler.bone.bone9] run data modify entity @s {} merge value {transformation:[0.06764487644501717f,0.11040502367947719f,0.9915820195208628f,-0.5275451000945738f,0f,0.9938584900960898f,-0.11065849115147214f,0.5424919153153565f,-0.9977094620633497f,0.007485479961533358f,0.06722943476638132f,-0.05541164368426427f,0f,0f,0f,1f],start_interpolation:0}
execute if entity @s[tag=aj.assembler.bone.bone8] run data modify entity @s {} merge value {transformation:[0.06764487644501717f,0.11040502367947719f,0.9915820195208628f,-1.14741423484255f,0f,0.9938584900960898f,-0.11065849115147214f,0.1572921399711928f,-0.9977094620633497f,0.007485479961533358f,0.06722943476638132f,-0.28536934154715055f,0f,0f,0f,1f],start_interpolation:0}
execute if entity @s[tag=aj.assembler.bone.bone7] run data modify entity @s {} merge value {transformation:[0.06764487644501717f,0.04537630418709283f,0.9966770598890389f,-0.7949042562321338f,0f,0.9989652276403437f,-0.045480478949503696f,-0.234375f,-0.9977094620633497f,0.0030765213791993816f,0.0675748793965995f,-0.19882561591166611f,0f,0f,0f,1f],start_interpolation:0}
execute if entity @s[tag=aj.assembler.bone.octagon2] run data modify entity @s {} merge value {transformation:[0.06764487644501717f,0f,0.9977094620633497f,-0.8593749999999999f,0f,1f,0f,-0.40625f,-0.9977094620633497f,0f,0.06764487644501717f,-0.171875f,0f,0f,0f,1f],start_interpolation:0}