execute if entity @s[tag=aj.assembler.bone.bone21] run data modify entity @s {} merge value {transformation:[0.9637384278395044f,0.26684872625785716f,1.2246467991473532e-16f,0.42654427911623355f,0.26684872625785716f,-0.9637384278395044f,0f,0.09418243411331173f,1.1802391808689516e-16f,3.267954384682331e-17f,-1f,-1.3704999999999998f,0f,0f,0f,1f],start_interpolation:0}
execute if entity @s[tag=aj.assembler.bone.arm4] run data modify entity @s {} merge value {transformation:[0.11578187256161077f,-0.9932746639203716f,1.2246467991473532e-16f,0.4877055688006657f,-0.9932746639203716f,-0.11578187256161077f,0f,-0.43051075068480127f,1.417918996318634e-17f,-1.216410637844246e-16f,-1f,-1.3704999999999998f,0f,0f,0f,1f],start_interpolation:0}
execute if entity @s[tag=aj.assembler.bone.small_arm_base4] run data modify entity @s {} merge value {transformation:[0.467929814260573f,-0.8837656300886937f,1.2246467991473532e-16f,0.4955365775860827f,-0.8837656300886937f,-0.467929814260573f,0f,-0.4453009525538796f,5.730487492598262e-17f,-1.0823007500845624e-16f,-1f,-1.2767499999999998f,0f,0f,0f,1f],start_interpolation:0}
execute if entity @s[tag=aj.assembler.bone.bone25] run data modify entity @s {} merge value {transformation:[0.63742398974869f,0.7705132427757889f,1.2246467991473532e-16f,2.6414183864572156e-16f,0.7705132427757889f,-0.63742398974869f,0f,0.5000000000000001f,7.806192487454685e-17f,9.436065764660174e-17f,-1f,-1.7142499999999998f,0f,0f,0f,1f],start_interpolation:0}
execute if entity @s[tag=aj.assembler.bone.bone16] run data modify entity @s {} merge value {transformation:[0.7674297953888353f,0.6411329886610504f,1.2246467991473532e-16f,0.6974433268199065f,0.6411329886610504f,-0.7674297953888353f,0f,0.5136557639674275f,9.398304424932453e-17f,7.851614623915316e-17f,-1f,-1.3704999999999998f,0f,0f,0f,1f],start_interpolation:0}
execute if entity @s[tag=aj.assembler.bone.arm3] run data modify entity @s {} merge value {transformation:[0.441210165897743f,0.8974038051560101f,1.2246467991473532e-16f,0.9305107506848017f,0.8974038051560101f,-0.441210165897743f,0f,0.9877055688006655f,5.4032661741794366e-17f,1.0990026975269628e-16f,-1f,-1.3704999999999998f,0f,0f,0f,1f],start_interpolation:0}
execute if entity @s[tag=aj.assembler.bone.small_arm_base3] run data modify entity @s {} merge value {transformation:[0.8837656300886938f,0.4679298142605728f,1.2246467991473532e-16f,0.94530095255388f,0.4679298142605728f,-0.8837656300886938f,0f,0.9955365775860825f,1.0823007500845627e-16f,5.73048749259826e-17f,-1f,-1.2767499999999998f,0f,0f,0f,1f],start_interpolation:0}
execute if entity @s[tag=aj.assembler.bone.bone15] run data modify entity @s {} merge value {transformation:[-0.7705132427757888f,0.6374239897486902f,1.2246467991473532e-16f,2.6414183864572156e-16f,0.6374239897486902f,0.7705132427757888f,0f,0.5000000000000001f,-9.436065764660172e-17f,7.806192487454687e-17f,-1f,-1.7142499999999998f,0f,0f,0f,1f],start_interpolation:0}
execute if entity @s[tag=aj.assembler.bone.bone26] run data modify entity @s {} merge value {transformation:[0.3848231013736823f,-0.9229903469967281f,1.2246467991473532e-16f,-0.4724969522055037f,-0.9229903469967281f,-0.3848231013736823f,0f,0.27548068071099757f,4.712723793352374e-17f,-1.1303371740934478e-16f,-1f,-1.3704999999999998f,0f,0f,0f,1f],start_interpolation:0}
execute if entity @s[tag=aj.assembler.bone.arm5] run data modify entity @s {} merge value {transformation:[-0.8670467140343405f,-0.49822685162710045f,1.2246467991473532e-16f,-0.930510750684801f,-0.49822685162710045f,0.8670467140343405f,0f,0.012294431199334434f,-1.0618259830533854e-16f,-6.101519190943917e-17f,-1f,-1.3704999999999998f,0f,0f,0f,1f],start_interpolation:0}
execute if entity @s[tag=aj.assembler.bone.small_arm_base5] run data modify entity @s {} merge value {transformation:[-0.8837656300886936f,-0.46792981426057323f,1.2246467991473532e-16f,-0.9453009525538794f,-0.46792981426057323f,0.8837656300886936f,0f,0.004463422413917395f,-1.0823007500845623e-16f,-5.730487492598263e-17f,-1f,-1.2767499999999998f,0f,0f,0f,1f],start_interpolation:0}
execute if entity @s[tag=aj.assembler.bone.bone20] run data modify entity @s {} merge value {transformation:[0.770513242775789f,-0.6374239897486897f,1.2246467991473532e-16f,2.6414183864572156e-16f,-0.6374239897486897f,-0.770513242775789f,0f,0.5000000000000001f,9.436065764660175e-17f,-7.806192487454683e-17f,-1f,-1.7142499999999998f,0f,0f,0f,1f],start_interpolation:0}
execute if entity @s[tag=aj.assembler.bone.bone11] run data modify entity @s {} merge value {transformation:[0.9911507892279707f,0.13274077373878335f,1.2246467991473532e-16f,-0.14843829230515287f,0.13274077373878335f,-0.9911507892279707f,0f,1.0256140272740444f,1.2138096415004072e-16f,1.6256056367554406e-17f,-1f,-1.3704999999999998f,0f,0f,0f,1f],start_interpolation:0}
execute if entity @s[tag=aj.assembler.bone.arm2] run data modify entity @s {} merge value {transformation:[0.6422526531765841f,-0.7664930068093502f,1.2246467991473532e-16f,-0.48770556880066523f,-0.7664930068093502f,-0.6422526531765841f,0f,1.4305107506848016f,7.865326559565988e-17f,-9.386832073579011e-17f,-1f,-1.3704999999999998f,0f,0f,0f,1f],start_interpolation:0}
execute if entity @s[tag=aj.assembler.bone.small_arm_base2] run data modify entity @s {} merge value {transformation:[0.467929814260573f,-0.8837656300886937f,1.2246467991473532e-16f,-0.49553657758608227f,-0.8837656300886937f,-0.467929814260573f,0f,1.4453009525538798f,5.730487492598262e-17f,-1.0823007500845624e-16f,-1f,-1.2767499999999998f,0f,0f,0f,1f],start_interpolation:0}
execute if entity @s[tag=aj.assembler.bone.bone2] run data modify entity @s {} merge value {transformation:[0.63742398974869f,0.7705132427757889f,1.2246467991473532e-16f,2.6414183864572156e-16f,0.7705132427757889f,-0.63742398974869f,0f,0.5000000000000001f,7.806192487454685e-17f,9.436065764660174e-17f,-1f,-1.7142499999999998f,0f,0f,0f,1f],start_interpolation:0}
execute if entity @s[tag=aj.assembler.bone.ring] run data modify entity @s {} merge value {transformation:[1.1468845960557446f,1.3863453265147976f,2.2034447591230768e-16f,2.220446049250313e-16f,1.3863453265147976f,-1.1468845960557446f,0f,0.5000000000000001f,1.4045285495510728e-16f,1.697783366629239e-16f,-1.7992491881391441f,-1.3704999999999998f,0f,0f,0f,1f],start_interpolation:0}
execute if entity @s[tag=aj.assembler.bone.wheel] run data modify entity @s {} merge value {transformation:[-1f,7.198293278059972e-17f,-9.907600726170914e-17f,1.0625000000000002f,0f,-0.8090169943749472f,-0.5877852522924736f,-0.6249999999999999f,-1.2246467991473532e-16f,-0.5877852522924736f,0.8090169943749472f,-1.4954999999999996f,0f,0f,0f,1f],start_interpolation:0}
execute if entity @s[tag=aj.assembler.bone.wheel2] run data modify entity @s {} merge value {transformation:[-1f,7.198293278059972e-17f,-9.907600726170914e-17f,1.0625000000000002f,0f,-0.8090169943749472f,-0.5877852522924736f,-0.6249999999999999f,-1.2246467991473532e-16f,-0.5877852522924736f,0.8090169943749472f,-1.2454999999999996f,0f,0f,0f,1f],start_interpolation:0}
execute if entity @s[tag=aj.assembler.bone.rails] run data modify entity @s {} merge value {transformation:[-1.137300743709099f,0f,1.3927917154512523e-16f,-0.43749999999999983f,0f,1.137300743709099f,0f,-0.9999999999999999f,-1.3927917154512523e-16f,0f,-1.137300743709099f,-0.9329999999999998f,0f,0f,0f,1f],start_interpolation:0}
execute if entity @s[tag=aj.assembler.bone.wheel3] run data modify entity @s {} merge value {transformation:[-1f,7.198293278059972e-17f,-9.907600726170914e-17f,-1.0625f,0f,-0.8090169943749472f,-0.5877852522924736f,-0.6249999999999999f,-1.2246467991473532e-16f,-0.5877852522924736f,0.8090169943749472f,-1.2454999999999998f,0f,0f,0f,1f],start_interpolation:0}
execute if entity @s[tag=aj.assembler.bone.wheel4] run data modify entity @s {} merge value {transformation:[-1f,7.198293278059972e-17f,-9.907600726170914e-17f,-1.0625f,0f,-0.8090169943749472f,-0.5877852522924736f,-0.6249999999999999f,-1.2246467991473532e-16f,-0.5877852522924736f,0.8090169943749472f,-1.4954999999999998f,0f,0f,0f,1f],start_interpolation:0}
execute if entity @s[tag=aj.assembler.bone.rails2] run data modify entity @s {} merge value {transformation:[-1.2038220325092979f,0f,1.4742567988555726e-16f,0.4375000000000001f,0f,1.2038220325092979f,0f,-0.9999999999999999f,-1.4742567988555726e-16f,0f,-1.2038220325092979f,-0.9329999999999997f,0f,0f,0f,1f],start_interpolation:0}
execute if entity @s[tag=aj.assembler.bone.bone6] run data modify entity @s {} merge value {transformation:[-0.9628858301282511f,0.018592175979729564f,-0.2692679132956012f,0.521904763411724f,0f,0.9976247367768148f,0.06888312254094675f,0.6239609867758757f,0.26990901826028085f,0.06632658262966551f,-0.9605987228278213f,-1.0284425589169512f,0f,0f,0f,1f],start_interpolation:0}
execute if entity @s[tag=aj.assembler.bone.bone5] run data modify entity @s {} merge value {transformation:[-0.9628858301282511f,-0.11636581479029032f,-0.2435361888640382f,0.4893235382423942f,0f,0.9022899287832962f,-0.43112977676824227f,0.5700676530006142f,0.26990901826028085f,-0.41512875299649665f,-0.8688021870928647f,-1.1446743182185712f,0f,0f,0f,1f],start_interpolation:0}
execute if entity @s[tag=aj.assembler.bone.bone4] run data modify entity @s {} merge value {transformation:[-0.9628858301282511f,-0.11636581479029032f,-0.2435361888640382f,0.9710262710247625f,0f,0.9022899287832962f,-0.43112977676824227f,0.2766699913058748f,0.26990901826028085f,-0.41512875299649665f,-0.8688021870928647f,-0.12090439192537064f,0f,0f,0f,1f],start_interpolation:0}
execute if entity @s[tag=aj.assembler.bone.bone3] run data modify entity @s {} merge value {transformation:[-0.9628858301282511f,-0.13291415173159465f,-0.23491425330894516f,0.8725958685502403f,0f,0.8703460700316829f,-0.49244057345064995f,-0.234375f,0.26990901826028085f,-0.4741640503558611f,-0.838043898141318f,-0.24049002120364937f,0f,0f,0f,1f],start_interpolation:0}
execute if entity @s[tag=aj.assembler.bone.octagon] run data modify entity @s {} merge value {transformation:[-0.9628858301282511f,0f,-0.26990901826028085f,0.859375f,0f,1f,0f,-0.40625f,0.26990901826028085f,0f,-0.9628858301282511f,-0.1718749999999999f,0f,0f,0f,1f],start_interpolation:0}
execute if entity @s[tag=aj.assembler.bone.bone10] run data modify entity @s {} merge value {transformation:[-0.7952111093245787f,0.46833202588406253f,0.38510310974867834f,-0.5975673286008756f,0f,0.6351350285292421f,-0.7724011234683432f,0.6004186244993867f,-0.6063326575459819f,-0.614221954236812f,-0.5050664306076367f,-0.3606201836524302f,0f,0f,0f,1f],start_interpolation:0}
execute if entity @s[tag=aj.assembler.bone.bone9] run data modify entity @s {} merge value {transformation:[-0.7952111093245787f,0.09108668068299935f,0.5994518397744111f,-0.5180374203725552f,0f,0.9886517447379141f,-0.15022558912075706f,0.5839423108446594f,-0.6063326575459819f,-0.11946105737365556f,-0.7861868506687169f,-0.4649244228512375f,0f,0f,0f,1f],start_interpolation:0}
execute if entity @s[tag=aj.assembler.bone.bone8] run data modify entity @s {} merge value {transformation:[-0.7952111093245787f,0.09108668068299935f,0.5994518397744111f,-1.083671690961629f,0f,0.9886517447379141f,-0.15022558912075706f,0.19629732656631316f,-0.6063326575459819f,-0.11946105737365556f,-0.7861868506687169f,-0.03232582780154783f,0f,0f,0f,1f],start_interpolation:0}
execute if entity @s[tag=aj.assembler.bone.bone7] run data modify entity @s {} merge value {transformation:[-0.7952111093245787f,0.0979856743191864f,0.5983628491433832f,-0.8463295560697691f,0f,0.9868557164068072f,-0.16160382110336116f,-0.234375f,-0.6063326575459819f,-0.12850915385069459f,-0.7847586289871591f,-0.24052358988109812f,0f,0f,0f,1f],start_interpolation:0}
execute if entity @s[tag=aj.assembler.bone.octagon2] run data modify entity @s {} merge value {transformation:[-0.7952111093245787f,0f,0.6063326575459819f,-0.8593749999999999f,0f,1f,0f,-0.40625f,-0.6063326575459819f,0f,-0.7952111093245787f,-0.171875f,0f,0f,0f,1f],start_interpolation:0}