execute if entity @s[tag=aj.assembler.bone.bone21] run data modify entity @s {} merge value {transformation:[-0.24902053691708112f,0.9684982045381025f,1.2246467991473532e-16f,0.7747347776402972f,0.9684982045381025f,0.24902053691708112f,0f,0.5315201052200768f,-3.049622034574588e-17f,1.1860682261675462e-16f,-1f,-1.9375f,0f,0f,0f,1f],start_interpolation:0}
execute if entity @s[tag=aj.assembler.bone.arm4] run data modify entity @s {} merge value {transformation:[0.2334453638559053f,0.9723699203976766f,1.2246467991473532e-16f,0.8980513142309544f,0.9723699203976766f,-0.2334453638559053f,0f,1.045170446729488f,2.8588811762192365e-17f,1.1908097106021814e-16f,-1f,-1.9375f,0f,0f,0f,1f],start_interpolation:0}
execute if entity @s[tag=aj.assembler.bone.small_arm_base4] run data modify entity @s {} merge value {transformation:[0.8526401643540922f,0.5224985647159489f,1.2246467991473532e-16f,0.9123206179050694f,0.5224985647159489f,-0.8526401643540922f,0f,1.0539146872671936f,1.0441830481007122e-16f,6.39876194838473e-17f,-1f,-1.84375f,0f,0f,0f,1f],start_interpolation:0}
execute if entity @s[tag=aj.assembler.bone.bone25] run data modify entity @s {} merge value {transformation:[-0.8090169943749475f,0.587785252292473f,1.2246467991473532e-16f,2.6414183864572156e-16f,0.587785252292473f,0.8090169943749475f,0f,0.5000000000000001f,-9.907600726170916e-17f,7.198293278059965e-17f,-1f,-2.28125f,0f,0f,0f,1f],start_interpolation:0}
execute if entity @s[tag=aj.assembler.bone.bone16] run data modify entity @s {} merge value {transformation:[-0.49192922188918653f,-0.8706351937818155f,1.2246467991473532e-16f,-0.4538955364814993f,-0.8706351937818155f,0.49192922188918653f,0f,0.8777508891987702f,-6.024395469936402e-17f,-1.066220603289936e-16f,-1f,-1.9375f,0f,0f,0f,1f],start_interpolation:0}
execute if entity @s[tag=aj.assembler.bone.arm3] run data modify entity @s {} merge value {transformation:[-0.17278870476622715f,0.9849589146280213f,1.2246467991473532e-16f,-0.5451704467294876f,0.9849589146280213f,0.17278870476622715f,0f,1.3980513142309543f,-2.116051342207772e-17f,1.2062267820908573e-16f,-1f,-1.9375f,0f,0f,0f,1f],start_interpolation:0}
execute if entity @s[tag=aj.assembler.bone.small_arm_base3] run data modify entity @s {} merge value {transformation:[-0.5224985647159487f,0.8526401643540924f,1.2246467991473532e-16f,-0.5539146872671933f,0.8526401643540924f,0.5224985647159487f,0f,1.4123206179050694f,-6.398761948384729e-17f,1.0441830481007124e-16f,-1f,-1.84375f,0f,0f,0f,1f],start_interpolation:0}
execute if entity @s[tag=aj.assembler.bone.bone15] run data modify entity @s {} merge value {transformation:[-0.5877852522924732f,-0.8090169943749473f,1.2246467991473532e-16f,2.6414183864572156e-16f,-0.8090169943749473f,0.5877852522924732f,0f,0.5000000000000001f,-7.198293278059968e-17f,-9.907600726170915e-17f,-1f,-2.28125f,0f,0f,0f,1f],start_interpolation:0}
execute if entity @s[tag=aj.assembler.bone.bone26] run data modify entity @s {} merge value {transformation:[-0.09874083310368811f,0.9951131834510027f,1.2246467991473532e-16f,0.4173762177157475f,0.9951131834510027f,0.09874083310368811f,0f,0.11450334291327036f,-1.2092264520557445e-17f,1.2186621749026034e-16f,-1f,-1.9375f,0f,0f,0f,1f],start_interpolation:0}
execute if entity @s[tag=aj.assembler.bone.arm5] run data modify entity @s {} merge value {transformation:[0.2419218955996682f,-0.9702957262759963f,1.2246467991473532e-16f,0.5451704467294884f,-0.9702957262759963f,-0.2419218955996682f,0f,-0.39805131423095386f,2.962688750897936e-17f,-1.1882695554102552e-16f,-1f,-1.9375f,0f,0f,0f,1f],start_interpolation:0}
execute if entity @s[tag=aj.assembler.bone.small_arm_base5] run data modify entity @s {} merge value {transformation:[0.5224985647159491f,-0.852640164354092f,1.2246467991473532e-16f,0.5539146872671941f,-0.852640164354092f,-0.5224985647159491f,0f,-0.4123206179050688f,6.398761948384731e-17f,-1.044183048100712e-16f,-1f,-1.84375f,0f,0f,0f,1f],start_interpolation:0}
execute if entity @s[tag=aj.assembler.bone.bone20] run data modify entity @s {} merge value {transformation:[0.5877852522924728f,0.8090169943749476f,1.2246467991473532e-16f,2.6414183864572156e-16f,0.8090169943749476f,-0.5877852522924728f,0f,0.5000000000000001f,7.198293278059963e-17f,9.907600726170917e-17f,-1f,-2.28125f,0f,0f,0f,1f],start_interpolation:0}
execute if entity @s[tag=aj.assembler.bone.bone11] run data modify entity @s {} merge value {transformation:[-0.9258202496477448f,0.3779641058912697f,1.2246467991473532e-16f,-0.3846763741061938f,0.3779641058912697f,0.9258202496477448f,0f,0.07928762806418997f,-1.1338028053169144e-16f,4.628725324723349e-17f,-1f,-1.9375f,0f,0f,0f,1f],start_interpolation:0}
execute if entity @s[tag=aj.assembler.bone.arm2] run data modify entity @s {} merge value {transformation:[0.9718485695859869f,0.23560636195500168f,1.2246467991473532e-16f,-0.898051314230954f,0.23560636195500168f,-0.9718485695859869f,0f,-0.045170446729487834f,1.1901712399994127e-16f,2.885345770269456e-17f,-1f,-1.9375f,0f,0f,0f,1f],start_interpolation:0}
execute if entity @s[tag=aj.assembler.bone.small_arm_base2] run data modify entity @s {} merge value {transformation:[0.8526401643540922f,0.5224985647159489f,1.2246467991473532e-16f,-0.9123206179050689f,0.5224985647159489f,-0.8526401643540922f,0f,-0.053914687267193506f,1.0441830481007122e-16f,6.39876194838473e-17f,-1f,-1.84375f,0f,0f,0f,1f],start_interpolation:0}
execute if entity @s[tag=aj.assembler.bone.bone2] run data modify entity @s {} merge value {transformation:[-0.8090169943749475f,0.587785252292473f,1.2246467991473532e-16f,2.6414183864572156e-16f,0.587785252292473f,0.8090169943749475f,0f,0.5000000000000001f,-9.907600726170916e-17f,7.198293278059965e-17f,-1f,-2.28125f,0f,0f,0f,1f],start_interpolation:0}
execute if entity @s[tag=aj.assembler.bone.ring] run data modify entity @s {} merge value {transformation:[-1.4556231703198947f,1.0575721379873941f,2.2034447591230768e-16f,2.220446049250313e-16f,1.0575721379873941f,1.4556231703198947f,0f,0.5000000000000001f,-1.7826242562969815e-16f,1.295152333653685e-16f,-1.7992491881391441f,-1.9375f,0f,0f,0f,1f],start_interpolation:0}
execute if entity @s[tag=aj.assembler.bone.wheel] run data modify entity @s {} merge value {transformation:[-1f,-2.999519565323715e-32f,1.2246467991473532e-16f,1.0625000000000002f,0f,1f,2.4492935982947064e-16f,-0.6249999999999999f,-1.2246467991473532e-16f,2.4492935982947064e-16f,-1f,-2.0625f,0f,0f,0f,1f],start_interpolation:0}
execute if entity @s[tag=aj.assembler.bone.wheel2] run data modify entity @s {} merge value {transformation:[-1f,-2.999519565323715e-32f,1.2246467991473532e-16f,1.0625000000000002f,0f,1f,2.4492935982947064e-16f,-0.6249999999999999f,-1.2246467991473532e-16f,2.4492935982947064e-16f,-1f,-1.8124999999999998f,0f,0f,0f,1f],start_interpolation:0}
execute if entity @s[tag=aj.assembler.bone.rails] run data modify entity @s {} merge value {transformation:[-1.137300743709099f,0f,1.3927917154512523e-16f,-0.43749999999999983f,0f,1.137300743709099f,0f,-0.9999999999999999f,-1.3927917154512523e-16f,0f,-1.137300743709099f,-1.5f,0f,0f,0f,1f],start_interpolation:0}
execute if entity @s[tag=aj.assembler.bone.wheel3] run data modify entity @s {} merge value {transformation:[-1f,-2.999519565323715e-32f,1.2246467991473532e-16f,-1.0625f,0f,1f,2.4492935982947064e-16f,-0.6249999999999999f,-1.2246467991473532e-16f,2.4492935982947064e-16f,-1f,-1.8125000000000002f,0f,0f,0f,1f],start_interpolation:0}
execute if entity @s[tag=aj.assembler.bone.wheel4] run data modify entity @s {} merge value {transformation:[-1f,-2.999519565323715e-32f,1.2246467991473532e-16f,-1.0625f,0f,1f,2.4492935982947064e-16f,-0.6249999999999999f,-1.2246467991473532e-16f,2.4492935982947064e-16f,-1f,-2.0625f,0f,0f,0f,1f],start_interpolation:0}
execute if entity @s[tag=aj.assembler.bone.rails2] run data modify entity @s {} merge value {transformation:[-1.2038220325092979f,0f,1.4742567988555726e-16f,0.4375000000000001f,0f,1.2038220325092979f,0f,-0.9999999999999999f,-1.4742567988555726e-16f,0f,-1.2038220325092979f,-1.5f,0f,0f,0f,1f],start_interpolation:0}
execute if entity @s[tag=aj.assembler.bone.bone6] run data modify entity @s {} merge value {transformation:[0.6034863603024766f,0.20474197160587926f,-0.7706393047280984f,0.639633853485909f,0f,0.9664723969326334f,0.2567705317346403f,0.5561721706591279f,0.7973733209287037f,-0.15495751362946966f,0.5832529091576855f,0.11200806803999785f,0f,0f,0f,1f],start_interpolation:0}
execute if entity @s[tag=aj.assembler.bone.bone5] run data modify entity @s {} merge value {transformation:[0.6034863603024766f,-0.18678451253801473f,-0.7751875636288328f,0.5365532789845123f,0f,0.9721764489511248f,-0.2342497643644085f,0.5285356184982781f,0.7973733209287037f,0.14136653769798968f,0.5866952267493007f,0.19002387204417814f,0f,0f,0f,1f],start_interpolation:0}
execute if entity @s[tag=aj.assembler.bone.bone4] run data modify entity @s {} merge value {transformation:[0.6034863603024766f,-0.18678451253801473f,-0.7751875636288328f,0.9795941246623189f,0f,0.9721764489511248f,-0.2342497643644085f,0.2133607596117485f,0.7973733209287037f,0.14136653769798968f,0.5866952267493007f,-0.38043552944876746f,0f,0f,0f,1f],start_interpolation:0}
execute if entity @s[tag=aj.assembler.bone.bone3] run data modify entity @s {} merge value {transformation:[0.6034863603024766f,-0.17384099472191417f,-0.778192470718501f,0.7906802186825036f,0f,0.9759449561369037f,-0.21801706949442565f,-0.234375f,0.7973733209287037f,0.13157032775300304f,0.5889694694346201f,-0.1590750187601171f,0f,0f,0f,1f],start_interpolation:0}
execute if entity @s[tag=aj.assembler.bone.octagon] run data modify entity @s {} merge value {transformation:[0.6034863603024766f,0f,-0.7973733209287037f,0.859375f,0f,1f,0f,-0.40625f,0.7973733209287037f,0f,0.6034863603024766f,-0.1718749999999999f,0f,0f,0f,1f],start_interpolation:0}
execute if entity @s[tag=aj.assembler.bone.bone10] run data modify entity @s {} merge value {transformation:[-0.8870108331782216f,0.09077409974470396f,0.45273816344551243f,-0.40013635874904435f,0f,0.9804862439620686f,-0.1965877040945203f,0.662934512402772f,-0.461748613235034f,-0.17437542320147414f,-0.8697019201765794f,-0.8510316684013397f,0f,0f,0f,1f],start_interpolation:0}
execute if entity @s[tag=aj.assembler.bone.bone9] run data modify entity @s {} merge value {transformation:[-0.8870108331782216f,0.09077409974470396f,0.45273816344551243f,-0.3399960435766253f,0f,0.9804862439620686f,-0.1965877040945203f,0.6403034604806008f,-0.461748613235034f,-0.17437542320147414f,-0.8697019201765794f,-0.9665601389579696f,0f,0f,0f,1f],start_interpolation:0}
execute if entity @s[tag=aj.assembler.bone.bone8] run data modify entity @s {} merge value {transformation:[-0.8870108331782216f,0.09077409974470396f,0.45273816344551243f,-0.8408980194095259f,0f,0.9804862439620686f,-0.1965877040945203f,0.27199436629383755f,-0.461748613235034f,-0.17437542320147414f,-0.8697019201765794f,-0.41040150293096245f,0f,0f,0f,1f],start_interpolation:0}
execute if entity @s[tag=aj.assembler.bone.bone7] run data modify entity @s {} merge value {transformation:[-0.8870108331782216f,0.4087870807261668f,0.21472052639618644f,-0.8582348002096297f,0f,0.4650160720393801f,-0.8853022380775201f,-0.234375f,-0.461748613235034f,-0.7852726758116854f,-0.41247429350091447f,-0.24174282123723367f,0f,0f,0f,1f],start_interpolation:0}
execute if entity @s[tag=aj.assembler.bone.octagon2] run data modify entity @s {} merge value {transformation:[-0.8870108331782216f,0f,0.461748613235034f,-0.8593749999999999f,0f,1f,0f,-0.40625f,-0.461748613235034f,0f,-0.8870108331782216f,-0.171875f,0f,0f,0f,1f],start_interpolation:0}