execute if entity @s[tag=aj.assembler.bone.bone21] run data modify entity @s {} merge value {transformation:[-0.4060909687311502f,-0.9138326570630952f,1.2246467991473532e-16f,-0.599847677202996f,-0.9138326570630952f,0.4060909687311502f,0f,0.8316086231730523f,-4.973180050192509e-17f,-1.1191222384286404e-16f,-1f,-1.9311562500000004f,0f,0f,0f,1f],start_interpolation:0}
execute if entity @s[tag=aj.assembler.bone.arm4] run data modify entity @s {} merge value {transformation:[-0.8506349744163931f,-0.5257567311025346f,1.2246467991473532e-16f,-1.0491920429050283f,-0.5257567311025346f,0.8506349744163931f,0f,0.5538798300289345f,-1.0417273986618264e-16f,-6.438662978748948e-17f,-1f,-1.9311562500000004f,0f,0f,0f,1f],start_interpolation:0}
execute if entity @s[tag=aj.assembler.bone.small_arm_base4] run data modify entity @s {} merge value {transformation:[-0.9988898749619703f,0.04710645070964159f,1.2246467991473532e-16f,-1.0659088990404986f,0.04710645070964159f,0.9988898749619703f,0f,0.5546681769521583f,-1.2232872880728769e-16f,5.768876408075515e-18f,-1f,-1.8374062500000004f,0f,0f,0f,1f],start_interpolation:0}
execute if entity @s[tag=aj.assembler.bone.bone25] run data modify entity @s {} merge value {transformation:[0.3387379202452925f,-0.9408807689542252f,1.2246467991473532e-16f,2.6414183864572156e-16f,-0.9408807689542252f,-0.3387379202452925f,0f,0.5000000000000001f,4.1483430977822887e-17f,-1.1522466220790924e-16f,-1f,-2.2749062500000004f,0f,0f,0f,1f],start_interpolation:0}
execute if entity @s[tag=aj.assembler.bone.bone16] run data modify entity @s {} merge value {transformation:[0.9704801704847846f,-0.24118092523212487f,1.2246467991473532e-16f,-0.17057472745805713f,-0.24118092523212487f,-0.9704801704847846f,0f,-0.03399699009157564f,1.188495434420169e-16f,-2.9536144810091874e-17f,-1f,-1.9311562500000004f,0f,0f,0f,1f],start_interpolation:0}
execute if entity @s[tag=aj.assembler.bone.arm3] run data modify entity @s {} merge value {transformation:[0.22091021645294093f,-0.9752941485863202f,1.2246467991473532e-16f,-0.05387983002893443f,-0.9752941485863202f,-0.22091021645294093f,0f,-0.5491920429050284f,2.705369894780431e-17f,-1.1943908572933801e-16f,-1f,-1.9311562500000004f,0f,0f,0f,1f],start_interpolation:0}
execute if entity @s[tag=aj.assembler.bone.small_arm_base3] run data modify entity @s {} merge value {transformation:[-0.04710645070964181f,-0.9988898749619703f,1.2246467991473532e-16f,-0.05466817695215827f,-0.9988898749619703f,0.04710645070964181f,0f,-0.5659088990404987f,-5.7688764080755395e-18f,-1.2232872880728769e-16f,-1f,-1.8374062500000004f,0f,0f,0f,1f],start_interpolation:0}
execute if entity @s[tag=aj.assembler.bone.bone15] run data modify entity @s {} merge value {transformation:[0.9408807689542253f,0.33873792024529226f,1.2246467991473532e-16f,2.6414183864572156e-16f,0.33873792024529226f,-0.9408807689542253f,0f,0.5000000000000001f,1.1522466220790924e-16f,4.148343097782286e-17f,-1f,-2.2749062500000004f,0f,0f,0f,1f],start_interpolation:0}
execute if entity @s[tag=aj.assembler.bone.bone26] run data modify entity @s {} merge value {transformation:[-0.3674753565882322f,-0.930033258706565f,1.2246467991473532e-16f,0.26299442853372224f,-0.930033258706565f,0.3674753565882322f,0f,1.0640995504650492f,-4.50027519211311e-17f,-1.1389622533755772e-16f,-1f,-1.9311562500000004f,0f,0f,0f,1f],start_interpolation:0}
execute if entity @s[tag=aj.assembler.bone.arm5] run data modify entity @s {} merge value {transformation:[-0.39586607672559493f,0.9183082539637145f,1.2246467991473532e-16f,0.05387983002893438f,0.9183082539637145f,0.39586607672559493f,0f,1.5491920429050285f,-4.847961237530204e-17f,1.124603263847258e-16f,-1f,-1.9311562500000004f,0f,0f,0f,1f],start_interpolation:0}
execute if entity @s[tag=aj.assembler.bone.small_arm_base5] run data modify entity @s {} merge value {transformation:[0.04710645070964137f,0.9988898749619703f,1.2246467991473532e-16f,0.054668176952158185f,0.9988898749619703f,-0.04710645070964137f,0f,1.5659088990404988f,5.768876408075496e-18f,1.223287288072877e-16f,-1f,-1.8374062500000004f,0f,0f,0f,1f],start_interpolation:0}
execute if entity @s[tag=aj.assembler.bone.bone20] run data modify entity @s {} merge value {transformation:[-0.9408807689542251f,-0.3387379202452927f,1.2246467991473532e-16f,2.6414183864572156e-16f,-0.3387379202452927f,0.9408807689542251f,0f,0.5000000000000001f,-1.1522466220790924e-16f,-4.148343097782291e-17f,-1f,-2.2749062500000004f,0f,0f,0f,1f],start_interpolation:0}
execute if entity @s[tag=aj.assembler.bone.bone11] run data modify entity @s {} merge value {transformation:[0.8399962938305681f,-0.542592136278172f,1.2246467991473532e-16f,0.5414692818093907f,-0.542592136278172f,-0.8399962938305681f,0f,0.3003078268897219f,1.0286987725352447e-16f,-6.644837229355878e-17f,-1f,-1.9311562500000004f,0f,0f,0f,1f],start_interpolation:0}
execute if entity @s[tag=aj.assembler.bone.arm2] run data modify entity @s {} merge value {transformation:[-0.9611486665031421f,-0.2760312317098054f,1.2246467991473532e-16f,1.0491920429050288f,-0.2760312317098054f,0.9611486665031421f,0f,0.44612016997106574f,-1.1770676379378199e-16f,-3.380407643781145e-17f,-1f,-1.9311562500000004f,0f,0f,0f,1f],start_interpolation:0}
execute if entity @s[tag=aj.assembler.bone.small_arm_base2] run data modify entity @s {} merge value {transformation:[-0.9988898749619703f,0.04710645070964159f,1.2246467991473532e-16f,1.065908899040499f,0.04710645070964159f,0.9988898749619703f,0f,0.4453318230478419f,-1.2232872880728769e-16f,5.768876408075515e-18f,-1f,-1.8374062500000004f,0f,0f,0f,1f],start_interpolation:0}
execute if entity @s[tag=aj.assembler.bone.bone2] run data modify entity @s {} merge value {transformation:[0.3387379202452925f,-0.9408807689542252f,1.2246467991473532e-16f,2.6414183864572156e-16f,-0.9408807689542252f,-0.3387379202452925f,0f,0.5000000000000001f,4.1483430977822887e-17f,-1.1522466220790924e-16f,-1f,-2.2749062500000004f,0f,0f,0f,1f],start_interpolation:0}
execute if entity @s[tag=aj.assembler.bone.ring] run data modify entity @s {} merge value {transformation:[0.6094739279932847f,-1.6928789596766234f,2.2034447591230768e-16f,2.220446049250313e-16f,-1.6928789596766234f,-0.6094739279932847f,0f,0.5000000000000001f,7.463902950807405e-17f,-2.073178799311878e-16f,-1.7992491881391441f,-1.9311562500000004f,0f,0f,0f,1f],start_interpolation:0}
execute if entity @s[tag=aj.assembler.bone.wheel] run data modify entity @s {} merge value {transformation:[-1f,-3.7843667304341327e-17f,1.164708318489093e-16f,1.0625000000000002f,0f,0.9510565162951541f,0.309016994374946f,-0.6249999999999999f,-1.2246467991473532e-16f,0.309016994374946f,-0.9510565162951541f,-2.05615625f,0f,0f,0f,1f],start_interpolation:0}
execute if entity @s[tag=aj.assembler.bone.wheel2] run data modify entity @s {} merge value {transformation:[-1f,-3.7843667304341327e-17f,1.164708318489093e-16f,1.0625000000000002f,0f,0.9510565162951541f,0.309016994374946f,-0.6249999999999999f,-1.2246467991473532e-16f,0.309016994374946f,-0.9510565162951541f,-1.8061562500000001f,0f,0f,0f,1f],start_interpolation:0}
execute if entity @s[tag=aj.assembler.bone.rails] run data modify entity @s {} merge value {transformation:[-1.137300743709099f,0f,1.3927917154512523e-16f,-0.43749999999999983f,0f,1.137300743709099f,0f,-0.9999999999999999f,-1.3927917154512523e-16f,0f,-1.137300743709099f,-1.4936562500000004f,0f,0f,0f,1f],start_interpolation:0}
execute if entity @s[tag=aj.assembler.bone.wheel3] run data modify entity @s {} merge value {transformation:[-1f,-3.7843667304341327e-17f,1.164708318489093e-16f,-1.0625f,0f,0.9510565162951541f,0.309016994374946f,-0.6249999999999999f,-1.2246467991473532e-16f,0.309016994374946f,-0.9510565162951541f,-1.8061562500000006f,0f,0f,0f,1f],start_interpolation:0}
execute if entity @s[tag=aj.assembler.bone.wheel4] run data modify entity @s {} merge value {transformation:[-1f,-3.7843667304341327e-17f,1.164708318489093e-16f,-1.0625f,0f,0.9510565162951541f,0.309016994374946f,-0.6249999999999999f,-1.2246467991473532e-16f,0.309016994374946f,-0.9510565162951541f,-2.056156250000001f,0f,0f,0f,1f],start_interpolation:0}
execute if entity @s[tag=aj.assembler.bone.rails2] run data modify entity @s {} merge value {transformation:[-1.2038220325092979f,0f,1.4742567988555726e-16f,0.4375000000000001f,0f,1.2038220325092979f,0f,-0.9999999999999999f,-1.4742567988555726e-16f,0f,-1.2038220325092979f,-1.4936562500000004f,0f,0f,0f,1f],start_interpolation:0}
execute if entity @s[tag=aj.assembler.bone.bone6] run data modify entity @s {} merge value {transformation:[0.1550010042359461f,-0.02780810689048463f,-0.987522859419981f,0.32829614155549935f,0f,0.9996037581439094f,-0.028148298431210583f,0.18722540884594818f,0.9879143124207931f,0.004363014524370726f,0.15493958635033173f,0.006346688028731751f,0f,0f,0f,1f],start_interpolation:0}
execute if entity @s[tag=aj.assembler.bone.bone5] run data modify entity @s {} merge value {transformation:[0.1550010042359461f,-0.7859953631868111f,-0.5984864056389929f,0.2465206530624744f,0f,0.6058080120050666f,-0.7956108675668458f,0.08415261310249333f,0.9879143124207931f,0.1233204834538934f,0.09390085023496741f,0.01917703442511537f,0f,0f,0f,1f],start_interpolation:0}
execute if entity @s[tag=aj.assembler.bone.bone4] run data modify entity @s {} merge value {transformation:[0.1550010042359461f,-0.7859953631868111f,-0.5984864056389929f,0.9226437231377613f,0f,0.6058080120050666f,-0.7956108675668458f,0.2767980807021819f,0.9879143124207931f,0.1233204834538934f,0.09390085023496741f,-0.2766985806699902f,0f,0f,0f,1f],start_interpolation:0}
execute if entity @s[tag=aj.assembler.bone.bone3] run data modify entity @s {} merge value {transformation:[0.1550010042359461f,-0.4872673209849785f,-0.8593865524814606f,0.7927865740913271f,0f,0.8698998907866948f,-0.49322832441912373f,-0.234375f,0.9879143124207931f,0.07645088560257719f,0.13483535665667754f,-0.19305975949840304f,0f,0f,0f,1f],start_interpolation:0}
execute if entity @s[tag=aj.assembler.bone.octagon] run data modify entity @s {} merge value {transformation:[0.1550010042359461f,0f,-0.9879143124207931f,0.859375f,0f,1f,0f,-0.40625f,0.9879143124207931f,0f,0.1550010042359461f,-0.1718749999999999f,0f,0f,0f,1f],start_interpolation:0}
execute if entity @s[tag=aj.assembler.bone.bone10] run data modify entity @s {} merge value {transformation:[0.12397385004890506f,0.18474478806881345f,0.9749358172646345f,-0.5204402975687297f,0f,0.982515447041135f,-0.18618108476845513f,0.17887196831135904f,-0.9922854853841467f,0.023081585885026935f,0.12180622270221057f,-0.03505042483953215f,0f,0f,0f,1f],start_interpolation:0}
execute if entity @s[tag=aj.assembler.bone.bone9] run data modify entity @s {} merge value {transformation:[0.12397385004890506f,0.7099295562064558f,0.6932752048995812f,-0.42639803721973224f,0f,0.698665066768755f,-0.7154488971806521f,0.08670986180127921f,-0.9922854853841467f,0.08869695429672864f,0.08661619822199786f,-0.02330100266769297f,0f,0f,0f,1f],start_interpolation:0}
execute if entity @s[tag=aj.assembler.bone.bone8] run data modify entity @s {} merge value {transformation:[0.12397385004890506f,0.7099295562064558f,0.6932752048995812f,-1.101111165092553f,0f,0.698665066768755f,-0.7154488971806521f,0.19016601953907292f,-0.9922854853841467f,0.08869695429672864f,0.08661619822199786f,-0.2965558150526215f,0f,0f,0f,1f],start_interpolation:0}
execute if entity @s[tag=aj.assembler.bone.bone7] run data modify entity @s {} merge value {transformation:[0.12397385004890506f,0.14118578035688317f,0.9821899306799421f,-0.7934829743494625f,0f,0.9898259574961975f,-0.14228342794133028f,-0.234375f,-0.9922854853841467f,0.017639424360042667f,0.12271253482914746f,-0.19513555579019803f,0f,0f,0f,1f],start_interpolation:0}
execute if entity @s[tag=aj.assembler.bone.octagon2] run data modify entity @s {} merge value {transformation:[0.12397385004890506f,0f,0.9922854853841467f,-0.8593749999999999f,0f,1f,0f,-0.40625f,-0.9922854853841467f,0f,0.12397385004890506f,-0.171875f,0f,0f,0f,1f],start_interpolation:0}