execute if entity @s[tag=aj.assembler.bone.bone21] run data modify entity @s {} merge value {transformation:[-0.9475960694224393f,-0.3194709520678579f,1.2246467991473532e-16f,-0.8015420927436372f,-0.3194709520678579f,0.9475960694224393f,0f,0.6826117112835166f,-1.1604704933028033e-16f,-3.9123907887045963e-17f,-1f,-1.3705000000000007f,0f,0f,0f,1f],start_interpolation:0}
execute if entity @s[tag=aj.assembler.bone.arm4] run data modify entity @s {} merge value {transformation:[-0.38594468517087943f,-0.9225219238524095f,1.2246467991473532e-16f,-1.0054157576763088f,-0.9225219238524095f,0.38594468517087943f,0f,0.19529336535719038f,-4.7264592334245035e-17f,-1.1297635211891114e-16f,-1f,-1.3705000000000007f,0f,0f,0f,1f],start_interpolation:0}
execute if entity @s[tag=aj.assembler.bone.small_arm_base4] run data modify entity @s {} merge value {transformation:[-0.9557930147983302f,-0.2940403252323038f,1.2246467991473532e-16f,-1.0214113691287519f,-0.2940403252323038f,0.9557930147983302f,0f,0.190372472736147f,-1.1705088562201738e-16f,-3.600955431159876e-17f,-1f,-1.2767500000000007f,0f,0f,0f,1f],start_interpolation:0}
execute if entity @s[tag=aj.assembler.bone.bone25] run data modify entity @s {} merge value {transformation:[0.6374239897486895f,-0.7705132427757893f,1.2246467991473532e-16f,2.6414183864572156e-16f,-0.7705132427757893f,-0.6374239897486895f,0f,0.5000000000000001f,7.806192487454679e-17f,-9.436065764660177e-17f,-1f,-1.7142500000000005f,0f,0f,0f,1f],start_interpolation:0}
execute if entity @s[tag=aj.assembler.bone.bone16] run data modify entity @s {} merge value {transformation:[0.9643847587389069f,0.26450337826217f,1.2246467991473532e-16f,0.5081514944068785f,0.26450337826217f,-0.9643847587389069f,0f,-0.017918239154390614f,1.1810307079360945e-16f,3.239232155524281e-17f,-1f,-1.3705000000000005f,0f,0f,0f,1f],start_interpolation:0}
execute if entity @s[tag=aj.assembler.bone.arm3] run data modify entity @s {} merge value {transformation:[-0.385132932089133f,-0.9228611079791083f,1.2246467991473532e-16f,0.30470663464280967f,-0.9228611079791083f,0.385132932089133f,0f,-0.505415757676309f,-4.716518125291916e-17f,-1.1301789019441947e-16f,-1f,-1.3705000000000005f,0f,0f,0f,1f],start_interpolation:0}
execute if entity @s[tag=aj.assembler.bone.small_arm_base3] run data modify entity @s {} merge value {transformation:[0.29404032523230356f,-0.9557930147983302f,1.2246467991473532e-16f,0.30962752726385306f,-0.9557930147983302f,-0.29404032523230356f,0f,-0.521411369128752f,3.600955431159873e-17f,-1.1705088562201738e-16f,-1f,-1.2767500000000005f,0f,0f,0f,1f],start_interpolation:0}
execute if entity @s[tag=aj.assembler.bone.bone15] run data modify entity @s {} merge value {transformation:[0.7705132427757894f,0.6374239897486893f,1.2246467991473532e-16f,2.6414183864572156e-16f,0.6374239897486893f,-0.7705132427757894f,0f,0.5000000000000001f,9.436065764660179e-17f,7.806192487454676e-17f,-1f,-1.7142500000000005f,0f,0f,0f,1f],start_interpolation:0}
execute if entity @s[tag=aj.assembler.bone.bone26] run data modify entity @s {} merge value {transformation:[-0.8670292935491031f,-0.4982571666596911f,1.2246467991473532e-16f,-0.36117631311880416f,-0.4982571666596911f,0.8670292935491031f,0f,0.980196930003245f,-1.0618046491119001e-16f,-6.1018904430202e-17f,-1f,-1.3705000000000005f,0f,0f,0f,1f],start_interpolation:0}
execute if entity @s[tag=aj.assembler.bone.arm5] run data modify entity @s {} merge value {transformation:[0.10690038013647257f,0.9942697364028927f,1.2246467991473532e-16f,-0.3047066346428098f,0.9942697364028927f,-0.10690038013647257f,0f,1.505415757676309f,1.3091520836176651e-17f,1.2176292501748853e-16f,-1f,-1.3705000000000005f,0f,0f,0f,1f],start_interpolation:0}
execute if entity @s[tag=aj.assembler.bone.small_arm_base5] run data modify entity @s {} merge value {transformation:[-0.29404032523230406f,0.9557930147983301f,1.2246467991473532e-16f,-0.3096275272638532f,0.9557930147983301f,0.29404032523230406f,0f,1.521411369128752f,-3.6009554311598786e-17f,1.1705088562201738e-16f,-1f,-1.2767500000000005f,0f,0f,0f,1f],start_interpolation:0}
execute if entity @s[tag=aj.assembler.bone.bone20] run data modify entity @s {} merge value {transformation:[-0.7705132427757891f,-0.6374239897486897f,1.2246467991473532e-16f,2.6414183864572156e-16f,-0.6374239897486897f,0.7705132427757891f,0f,0.5000000000000001f,-9.436065764660176e-17f,-7.806192487454681e-17f,-1f,-1.7142500000000005f,0f,0f,0f,1f],start_interpolation:0}
execute if entity @s[tag=aj.assembler.bone.bone11] run data modify entity @s {} merge value {transformation:[0.06819547496299888f,-0.997671978755829f,1.2246467991473532e-16f,0.5113833879634153f,-0.997671978755829f,-0.06819547496299888f,0f,0.6176888301286076f,8.351537012977014e-18f,-1.221795795382332e-16f,-1f,-1.3705000000000003f,0f,0f,0f,1f],start_interpolation:0}
execute if entity @s[tag=aj.assembler.bone.arm2] run data modify entity @s {} merge value {transformation:[-0.9352319607146613f,-0.3540355627021251f,1.2246467991473532e-16f,1.0054157576763092f,-0.3540355627021251f,0.9352319607146613f,0f,0.8047066346428099f,-1.145328827149513e-16f,-4.3356851864748965e-17f,-1f,-1.3705000000000003f,0f,0f,0f,1f],start_interpolation:0}
execute if entity @s[tag=aj.assembler.bone.small_arm_base2] run data modify entity @s {} merge value {transformation:[-0.9557930147983302f,-0.2940403252323038f,1.2246467991473532e-16f,1.0214113691287523f,-0.2940403252323038f,0.9557930147983302f,0f,0.8096275272638532f,-1.1705088562201738e-16f,-3.600955431159876e-17f,-1f,-1.2767500000000003f,0f,0f,0f,1f],start_interpolation:0}
execute if entity @s[tag=aj.assembler.bone.bone2] run data modify entity @s {} merge value {transformation:[0.6374239897486895f,-0.7705132427757893f,1.2246467991473532e-16f,2.6414183864572156e-16f,-0.7705132427757893f,-0.6374239897486895f,0f,0.5000000000000001f,7.806192487454679e-17f,-9.436065764660177e-17f,-1f,-1.7142500000000005f,0f,0f,0f,1f],start_interpolation:0}
execute if entity @s[tag=aj.assembler.bone.ring] run data modify entity @s {} merge value {transformation:[1.1468845960557437f,-1.386345326514798f,2.2034447591230768e-16f,2.220446049250313e-16f,-1.386345326514798f,-1.1468845960557437f,0f,0.5000000000000001f,1.4045285495510718e-16f,-1.6977833666292396e-16f,-1.7992491881391441f,-1.3705000000000005f,0f,0f,0f,1f],start_interpolation:0}
execute if entity @s[tag=aj.assembler.bone.wheel] run data modify entity @s {} merge value {transformation:[-1f,7.19829327805995e-17f,-9.90760072617093e-17f,1.0625000000000002f,0f,-0.8090169943749486f,-0.5877852522924718f,-0.6249999999999999f,-1.2246467991473532e-16f,-0.5877852522924718f,0.8090169943749486f,-1.4955000000000003f,0f,0f,0f,1f],start_interpolation:0}
execute if entity @s[tag=aj.assembler.bone.wheel2] run data modify entity @s {} merge value {transformation:[-1f,7.19829327805995e-17f,-9.90760072617093e-17f,1.0625000000000002f,0f,-0.8090169943749486f,-0.5877852522924718f,-0.6249999999999999f,-1.2246467991473532e-16f,-0.5877852522924718f,0.8090169943749486f,-1.2455000000000003f,0f,0f,0f,1f],start_interpolation:0}
execute if entity @s[tag=aj.assembler.bone.rails] run data modify entity @s {} merge value {transformation:[-1.137300743709099f,0f,1.3927917154512523e-16f,-0.43749999999999983f,0f,1.137300743709099f,0f,-0.9999999999999999f,-1.3927917154512523e-16f,0f,-1.137300743709099f,-0.9330000000000005f,0f,0f,0f,1f],start_interpolation:0}
execute if entity @s[tag=aj.assembler.bone.wheel3] run data modify entity @s {} merge value {transformation:[-1f,7.19829327805995e-17f,-9.90760072617093e-17f,-1.0625f,0f,-0.8090169943749486f,-0.5877852522924718f,-0.6249999999999999f,-1.2246467991473532e-16f,-0.5877852522924718f,0.8090169943749486f,-1.2455000000000005f,0f,0f,0f,1f],start_interpolation:0}
execute if entity @s[tag=aj.assembler.bone.wheel4] run data modify entity @s {} merge value {transformation:[-1f,7.19829327805995e-17f,-9.90760072617093e-17f,-1.0625f,0f,-0.8090169943749486f,-0.5877852522924718f,-0.6249999999999999f,-1.2246467991473532e-16f,-0.5877852522924718f,0.8090169943749486f,-1.4955000000000007f,0f,0f,0f,1f],start_interpolation:0}
execute if entity @s[tag=aj.assembler.bone.rails2] run data modify entity @s {} merge value {transformation:[-1.2038220325092979f,0f,1.4742567988555726e-16f,0.4375000000000001f,0f,1.2038220325092979f,0f,-0.9999999999999999f,-1.4742567988555726e-16f,0f,-1.2038220325092979f,-0.9330000000000004f,0f,0f,0f,1f],start_interpolation:0}
execute if entity @s[tag=aj.assembler.bone.bone6] run data modify entity @s {} merge value {transformation:[0.08891911274609542f,-0.1469135655219282f,-0.985144555714582f,0.44240248722947173f,0f,0.9890623798232349f,-0.14749782648703347f,0.7003505381329957f,0.9960388503409128f,0.013115375863204543f,0.08794654926442366f,-0.040527888559228856f,0f,0f,0f,1f],start_interpolation:0}
execute if entity @s[tag=aj.assembler.bone.bone5] run data modify entity @s {} merge value {transformation:[0.08891911274609542f,-0.07457176559171774f,-0.9932433957318725f,0.3108885837680827f,0f,0.9971934281397925f,-0.07486833025257422f,0.6938620176090812f,0.9960388503409128f,0.006657225498840548f,0.08866955486642761f,-0.028787282652581903f,0f,0f,0f,1f],start_interpolation:0}
execute if entity @s[tag=aj.assembler.bone.bone4] run data modify entity @s {} merge value {transformation:[0.08891911274609542f,-0.07457176559171774f,-0.9932433957318725f,0.9191132093207022f,0f,0.9971934281397925f,-0.07486833025257422f,0.2795603650623357f,0.9960388503409128f,0.006657225498840548f,0.08866955486642761f,-0.27133082798897f,0f,0f,0f,1f],start_interpolation:0}
execute if entity @s[tag=aj.assembler.bone.bone3] run data modify entity @s {} merge value {transformation:[0.08891911274609542f,-0.5087637145056941f,-0.8563018592709091f,0.7943438495803775f,0f,0.8597072885036803f,-0.5107870183292151f,-0.234375f,0.9960388503409128f,0.045418728472057385f,0.07644440931509873f,-0.19744376952652246f,0f,0f,0f,1f],start_interpolation:0}
execute if entity @s[tag=aj.assembler.bone.octagon] run data modify entity @s {} merge value {transformation:[0.08891911274609542f,0f,-0.9960388503409128f,0.859375f,0f,1f,0f,-0.40625f,0.9960388503409128f,0f,0.08891911274609542f,-0.1718749999999999f,0f,0f,0f,1f],start_interpolation:0}
execute if entity @s[tag=aj.assembler.bone.bone10] run data modify entity @s {} merge value {transformation:[0.20438590383035649f,-0.3712879128389083f,0.9057437209802645f,-0.5147020468823637f,0f,0.9252759318872059f,0.37929467419179835f,0.2169637641006345f,-0.9788903934125863f,-0.0775224848027313f,0.18911335763124199f,-0.004137841525690508f,0f,0f,0f,1f],start_interpolation:0}
execute if entity @s[tag=aj.assembler.bone.bone9] run data modify entity @s {} merge value {transformation:[0.20438590383035649f,0.6681012832925105f,0.7154488644049612f,-0.41787233672735036f,0f,0.7308773987563398f,-0.6825087750257619f,0.1292647725539227f,-0.9788903934125863f,0.1394951728557898f,0.1493810377339944f,0.01607956786032888f,0f,0f,0f,1f],start_interpolation:0}
execute if entity @s[tag=aj.assembler.bone.bone8] run data modify entity @s {} merge value {transformation:[0.20438590383035649f,0.6681012832925105f,0.7154488644049612f,-1.0767967903639144f,0f,0.7308773987563398f,-0.6825087750257619f,0.20004597400467689f,-0.9788903934125863f,0.1394951728557898f,0.1493810377339944f,-0.31304294900213f,0f,0f,0f,1f],start_interpolation:0}
execute if entity @s[tag=aj.assembler.bone.bone7] run data modify entity @s {} merge value {transformation:[0.20438590383035649f,0.1699825329517601f,0.9640188487818855f,-0.7918072909170146f,0f,0.984807753012208f,-0.17364817766693033f,-0.234375f,-0.9788903934125863f,0.03549123974094988f,0.2012808226985426f,-0.18969120580474605f,0f,0f,0f,1f],start_interpolation:0}
execute if entity @s[tag=aj.assembler.bone.octagon2] run data modify entity @s {} merge value {transformation:[0.20438590383035649f,0f,0.9788903934125863f,-0.8593749999999999f,0f,1f,0f,-0.40625f,-0.9788903934125863f,0f,0.20438590383035649f,-0.171875f,0f,0f,0f,1f],start_interpolation:0}