execute if entity @s[tag=aj.assembler.bone.bone21] run data modify entity @s {} merge value {transformation:[-0.37531282628315393f,0.9268982049973726f,1.2246467991473532e-16f,0.7715395410867532f,0.9268982049973726f,0.37531282628315393f,0f,0.45941191298240963f,-4.5962565138661107e-17f,1.1351229198854598e-16f,-1f,-1.8843437500000002f,0f,0f,0f,1f],start_interpolation:0}
execute if entity @s[tag=aj.assembler.bone.arm4] run data modify entity @s {} merge value {transformation:[0.32907266987348655f,0.944304600191239f,1.2246467991473532e-16f,0.94537080192296f,0.944304600191239f,-0.32907266987348655f,0f,0.9582368665337977f,4.029977918474389e-17f,1.156439606044322e-16f,-1f,-1.8843437500000002f,0f,0f,0f,1f],start_interpolation:0}
execute if entity @s[tag=aj.assembler.bone.small_arm_base4] run data modify entity @s {} merge value {transformation:[0.8980275757606158f,0.4399391698559151f,1.2246467991473532e-16f,0.9603996836505346f,0.4399391698559151f,-0.8980275757606158f,0f,0.9655994397214772f,1.0997665962012954e-16f,5.387700961835902e-17f,-1f,-1.7905937500000002f,0f,0f,0f,1f],start_interpolation:0}
execute if entity @s[tag=aj.assembler.bone.bone25] run data modify entity @s {} merge value {transformation:[-0.7501110696304595f,0.6613118653236519f,1.2246467991473532e-16f,2.6414183864572156e-16f,0.6613118653236519f,0.7501110696304595f,0f,0.5000000000000001f,-9.186211204279396e-17f,8.098734591067759e-17f,-1f,-2.22809375f,0f,0f,0f,1f],start_interpolation:0}
execute if entity @s[tag=aj.assembler.bone.bone16] run data modify entity @s {} merge value {transformation:[-0.23911704570502634f,-0.9709907509617695f,1.2246467991473532e-16f,-0.11516865265796172f,-0.9709907509617695f,0.23911704570502634f,0f,1.0436895325594335f,-2.9283392464423184e-17f,-1.1891207151670156e-16f,-1f,-1.8843437500000002f,0f,0f,0f,1f],start_interpolation:0}
execute if entity @s[tag=aj.assembler.bone.arm3] run data modify entity @s {} merge value {transformation:[-0.6494480483301832f,0.7604059656000315f,1.2246467991473532e-16f,-0.4582368665337972f,0.7604059656000315f,0.6494480483301832f,0f,1.4453708019229599f,-7.953444736000545e-17f,9.312287318246309e-17f,-1f,-1.8843437500000002f,0f,0f,0f,1f],start_interpolation:0}
execute if entity @s[tag=aj.assembler.bone.small_arm_base3] run data modify entity @s {} merge value {transformation:[-0.4399391698559149f,0.898027575760616f,1.2246467991473532e-16f,-0.4655994397214767f,0.898027575760616f,0.4399391698559149f,0f,1.4603996836505346f,-5.3877009618358994e-17f,1.0997665962012955e-16f,-1f,-1.7905937500000002f,0f,0f,0f,1f],start_interpolation:0}
execute if entity @s[tag=aj.assembler.bone.bone15] run data modify entity @s {} merge value {transformation:[-0.6613118653236522f,-0.7501110696304594f,1.2246467991473532e-16f,2.6414183864572156e-16f,-0.7501110696304594f,0.6613118653236522f,0f,0.5000000000000001f,-8.098734591067762e-17f,-9.186211204279395e-17f,-1f,-2.22809375f,0f,0f,0f,1f],start_interpolation:0}
execute if entity @s[tag=aj.assembler.bone.bone26] run data modify entity @s {} merge value {transformation:[0.2753577244664932f,0.9613418349248278f,1.2246467991473532e-16f,0.4135750481276658f,0.9613418349248278f,-0.2753577244664932f,0f,0.0809836067278158f,3.3721595588838997e-17f,1.1773042010271338e-16f,-1f,-1.8843437500000002f,0f,0f,0f,1f],start_interpolation:0}
execute if entity @s[tag=aj.assembler.bone.arm5] run data modify entity @s {} merge value {transformation:[0.08454741542810901f,-0.9964194571285863f,1.2246467991473532e-16f,0.458236866533798f,-0.9964194571285863f,-0.08454741542810901f,0f,-0.4453708019229595f,1.0354072168021513e-17f,-1.2202618987806669e-16f,-1f,-1.8843437500000002f,0f,0f,0f,1f],start_interpolation:0}
execute if entity @s[tag=aj.assembler.bone.small_arm_base5] run data modify entity @s {} merge value {transformation:[0.4399391698559153f,-0.8980275757606155f,1.2246467991473532e-16f,0.46559943972147755f,-0.8980275757606155f,-0.4399391698559153f,0f,-0.4603996836505342f,5.3877009618359043e-17f,-1.0997665962012953e-16f,-1f,-1.7905937500000002f,0f,0f,0f,1f],start_interpolation:0}
execute if entity @s[tag=aj.assembler.bone.bone20] run data modify entity @s {} merge value {transformation:[0.6613118653236517f,0.7501110696304596f,1.2246467991473532e-16f,2.6414183864572156e-16f,0.7501110696304596f,-0.6613118653236517f,0f,0.5000000000000001f,8.098734591067757e-17f,9.186211204279397e-17f,-1f,-2.22809375f,0f,0f,0f,1f],start_interpolation:0}
execute if entity @s[tag=aj.assembler.bone.bone11] run data modify entity @s {} merge value {transformation:[-0.6852055713610983f,0.7283497271062243f,1.2246467991473532e-16f,-0.43698420224756007f,0.7283497271062243f,0.6852055713610983f,0f,0.18524381788028976f,-8.391348097253023e-17f,8.919711619604857e-17f,-1f,-1.8843437500000002f,0f,0f,0f,1f],start_interpolation:0}
execute if entity @s[tag=aj.assembler.bone.arm2] run data modify entity @s {} merge value {transformation:[0.9624053514788838f,0.27161726647031526f,1.2246467991473532e-16f,-0.9453708019229595f,0.27161726647031526f,-0.9624053514788838f,0f,0.041763133466202515f,1.1786066331708986e-16f,3.326352159760253e-17f,-1f,-1.8843437500000002f,0f,0f,0f,1f],start_interpolation:0}
execute if entity @s[tag=aj.assembler.bone.small_arm_base2] run data modify entity @s {} merge value {transformation:[0.8980275757606158f,0.4399391698559151f,1.2246467991473532e-16f,-0.9603996836505342f,0.4399391698559151f,-0.8980275757606158f,0f,0.03440056027852301f,1.0997665962012954e-16f,5.387700961835902e-17f,-1f,-1.7905937500000002f,0f,0f,0f,1f],start_interpolation:0}
execute if entity @s[tag=aj.assembler.bone.bone2] run data modify entity @s {} merge value {transformation:[-0.7501110696304595f,0.6613118653236519f,1.2246467991473532e-16f,2.6414183864572156e-16f,0.6613118653236519f,0.7501110696304595f,0f,0.5000000000000001f,-9.186211204279396e-17f,8.098734591067759e-17f,-1f,-2.22809375f,0f,0f,0f,1f],start_interpolation:0}
execute if entity @s[tag=aj.assembler.bone.ring] run data modify entity @s {} merge value {transformation:[-1.3496367330467893f,1.1898648367903637f,2.2034447591230768e-16f,2.220446049250313e-16f,1.1898648367903637f,1.3496367330467893f,0f,0.5000000000000001f,-1.6528283051374414e-16f,1.457164163793307e-16f,-1.7992491881391441f,-1.8843437500000002f,0f,0f,0f,1f],start_interpolation:0}
execute if entity @s[tag=aj.assembler.bone.wheel] run data modify entity @s {} merge value {transformation:[-1f,-9.907600726170916e-17f,7.198293278059965e-17f,1.0625000000000002f,0f,0.587785252292473f,0.8090169943749475f,-0.6249999999999999f,-1.2246467991473532e-16f,0.8090169943749475f,-0.587785252292473f,-2.00934375f,0f,0f,0f,1f],start_interpolation:0}
execute if entity @s[tag=aj.assembler.bone.wheel2] run data modify entity @s {} merge value {transformation:[-1f,-9.907600726170916e-17f,7.198293278059965e-17f,1.0625000000000002f,0f,0.587785252292473f,0.8090169943749475f,-0.6249999999999999f,-1.2246467991473532e-16f,0.8090169943749475f,-0.587785252292473f,-1.75934375f,0f,0f,0f,1f],start_interpolation:0}
execute if entity @s[tag=aj.assembler.bone.rails] run data modify entity @s {} merge value {transformation:[-1.137300743709099f,0f,1.3927917154512523e-16f,-0.43749999999999983f,0f,1.137300743709099f,0f,-0.9999999999999999f,-1.3927917154512523e-16f,0f,-1.137300743709099f,-1.4468437500000002f,0f,0f,0f,1f],start_interpolation:0}
execute if entity @s[tag=aj.assembler.bone.wheel3] run data modify entity @s {} merge value {transformation:[-1f,-9.907600726170916e-17f,7.198293278059965e-17f,-1.0625f,0f,0.587785252292473f,0.8090169943749475f,-0.6249999999999999f,-1.2246467991473532e-16f,0.8090169943749475f,-0.587785252292473f,-1.7593437500000004f,0f,0f,0f,1f],start_interpolation:0}
execute if entity @s[tag=aj.assembler.bone.wheel4] run data modify entity @s {} merge value {transformation:[-1f,-9.907600726170916e-17f,7.198293278059965e-17f,-1.0625f,0f,0.587785252292473f,0.8090169943749475f,-0.6249999999999999f,-1.2246467991473532e-16f,0.8090169943749475f,-0.587785252292473f,-2.00934375f,0f,0f,0f,1f],start_interpolation:0}
execute if entity @s[tag=aj.assembler.bone.rails2] run data modify entity @s {} merge value {transformation:[-1.2038220325092979f,0f,1.4742567988555726e-16f,0.4375000000000001f,0f,1.2038220325092979f,0f,-0.9999999999999999f,-1.4742567988555726e-16f,0f,-1.2038220325092979f,-1.4468437500000002f,0f,0f,0f,1f],start_interpolation:0}
execute if entity @s[tag=aj.assembler.bone.bone6] run data modify entity @s {} merge value {transformation:[0.21499101200982718f,0.65902617322295f,-0.7207380715364662f,0.5336850555082622f,0f,0.7379953342955203f,0.674805813962834f,0.7177856653109549f,0.9766160272875877f,-0.14507718485398485f,0.15866236377872464f,-0.004183290882188086f,0f,0f,0f,1f],start_interpolation:0}
execute if entity @s[tag=aj.assembler.bone.bone5] run data modify entity @s {} merge value {transformation:[0.21499101200982718f,-0.010583607044594101f,-0.9765586782251825f,0.40459459737306935f,0f,0.9999412777787762f,-0.010837019615568488f,0.7197684033075732f,0.9766160272875877f,0.0023298618143214184f,0.2149783872600588f,0.024234518635415425f,0f,0f,0f,1f],start_interpolation:0}
execute if entity @s[tag=aj.assembler.bone.bone4] run data modify entity @s {} merge value {transformation:[0.21499101200982718f,-0.010583607044594101f,-0.9765586782251825f,0.9500384805696525f,0f,0.9999412777787762f,-0.010837019615568488f,0.26590866156052506f,0.9766160272875877f,0.0023298618143214184f,0.2149783872600588f,-0.28782828181794834f,0f,0f,0f,1f],start_interpolation:0}
execute if entity @s[tag=aj.assembler.bone.bone3] run data modify entity @s {} merge value {transformation:[0.21499101200982718f,-0.4223035365587733f,-0.8805899089615682f,0.7916180291692186f,0f,0.9016746442379013f,-0.4324151199234989f,-0.234375f,0.9766160272875877f,0.09296536424070381f,0.1938519442683073f,-0.1889573126021228f,0f,0f,0f,1f],start_interpolation:0}
execute if entity @s[tag=aj.assembler.bone.octagon] run data modify entity @s {} merge value {transformation:[0.21499101200982718f,0f,-0.9766160272875877f,0.859375f,0f,1f,0f,-0.40625f,0.9766160272875877f,0f,0.21499101200982718f,-0.1718749999999999f,0f,0f,0f,1f],start_interpolation:0}
execute if entity @s[tag=aj.assembler.bone.bone10] run data modify entity @s {} merge value {transformation:[-0.8871259346573854f,0.07184434860613692f,0.45590126741611503f,-0.23045649356388453f,0f,0.9878096725042265f,-0.15566647329175426f,0.3833011512402171f,-0.4615274380340352f,-0.13809576561376652f,-0.8763115789839178f,-1.1776221768584967f,0f,0f,0f,1f],start_interpolation:0}
execute if entity @s[tag=aj.assembler.bone.bone9] run data modify entity @s {} merge value {transformation:[-0.8871259346573854f,0.2454821731054691f,0.39082742834360623f,-0.17796947472748736f,0f,0.8468129869123507f,-0.5318907455451567f,0.3159025824590351f,-0.4615274380340352f,-0.47185407477736074f,-0.7512297624946315f,-1.2785102103868193f,0f,0f,0f,1f],start_interpolation:0}
execute if entity @s[tag=aj.assembler.bone.bone8] run data modify entity @s {} merge value {transformation:[-0.8871259346573854f,0.2454821731054691f,0.39082742834360623f,-0.7738485466250979f,0f,0.8468129869123507f,-0.5318907455451567f,0.20086380585894137f,-0.4615274380340352f,-0.47185407477736074f,-0.7512297624946315f,-0.5393997036464002f,0f,0f,0f,1f],start_interpolation:0}
execute if entity @s[tag=aj.assembler.bone.bone7] run data modify entity @s {} merge value {transformation:[-0.8871259346573854f,0.45429826116396615f,0.0813674748388873f,-0.858252220580916f,0f,0.17630040628892552f,-0.9843364093349182f,-0.234375f,-0.4615274380340352f,-0.873230357148534f,-0.15640066270953984f,-0.24174310335465019f,0f,0f,0f,1f],start_interpolation:0}
execute if entity @s[tag=aj.assembler.bone.octagon2] run data modify entity @s {} merge value {transformation:[-0.8871259346573854f,0f,0.4615274380340352f,-0.8593749999999999f,0f,1f,0f,-0.40625f,-0.4615274380340352f,0f,-0.8871259346573854f,-0.171875f,0f,0f,0f,1f],start_interpolation:0}