execute if entity @s[tag=aj.assembler.bone.bone21] run data modify entity @s {} merge value {transformation:[-0.7977613028573525f,-0.6029733855348344f,1.2246467991473532e-16f,0.37422621792250077f,-0.6029733855348344f,0.7977613028573525f,0f,1.2747329641596812f,-9.769758260278787e-17f,-7.384294265662776e-17f,-1f,-1.8212890625f,0f,0f,0f,1f],start_interpolation:0}
execute if entity @s[tag=aj.assembler.bone.arm4] run data modify entity @s {} merge value {transformation:[-0.8561731387068704f,0.5166890327429319f,1.2246467991473532e-16f,-0.07804365989119322f,0.5166890327429319f,0.8561731387068704f,0f,1.5476717835896703f,-1.0485096938333115e-16f,6.327615701031735e-17f,-1f,-1.8212890625f,0f,0f,0f,1f],start_interpolation:0}
execute if entity @s[tag=aj.assembler.bone.small_arm_base4] run data modify entity @s {} merge value {transformation:[-0.07845909572784521f,0.9969173337331282f,1.2246467991473532e-16f,-0.07935670695341458f,0.9969173337331282f,0.07845909572784521f,0f,1.5643556283904876f,-9.608468044710134e-18f,1.220871621770789e-16f,-1f,-1.7275390625f,0f,0f,0f,1f],start_interpolation:0}
execute if entity @s[tag=aj.assembler.bone.bone25] run data modify entity @s {} merge value {transformation:[-0.8910065241883678f,-0.453990499739547f,1.2246467991473532e-16f,2.6414183864572156e-16f,-0.453990499739547f,0.8910065241883678f,0f,0.5000000000000001f,-1.0911682878666934e-16f,-5.559780123493435e-17f,-1f,-2.1650390625f,0f,0f,0f,1f],start_interpolation:0}
execute if entity @s[tag=aj.assembler.bone.bone16] run data modify entity @s {} merge value {transformation:[0.09872816892794262f,-0.995114439981722f,1.2246467991473532e-16f,-0.6026769969299661f,-0.995114439981722f,-0.09872816892794262f,0f,0.7066022277923185f,1.2090713606328422e-17f,-1.2186637137089265e-16f,-1f,-1.8212890625f,0f,0f,0f,1f],start_interpolation:0}
execute if entity @s[tag=aj.assembler.bone.arm3] run data modify entity @s {} merge value {transformation:[-0.8424009687410078f,-0.5388511926907207f,1.2246467991473532e-16f,-1.0476717835896703f,-0.5388511926907207f,0.8424009687410078f,0f,0.4219563401088069f,-1.0316436499673044e-16f,-6.599023883454246e-17f,-1f,-1.8212890625f,0f,0f,0f,1f],start_interpolation:0}
execute if entity @s[tag=aj.assembler.bone.small_arm_base3] run data modify entity @s {} merge value {transformation:[-0.9969173337331282f,-0.07845909572784493f,1.2246467991473532e-16f,-1.0643556283904876f,-0.07845909572784493f,0.9969173337331282f,0f,0.42064329304658554f,-1.220871621770789e-16f,-9.608468044710109e-18f,-1f,-1.7275390625f,0f,0f,0f,1f],start_interpolation:0}
execute if entity @s[tag=aj.assembler.bone.bone15] run data modify entity @s {} merge value {transformation:[0.4539904997395468f,-0.8910065241883679f,1.2246467991473532e-16f,2.6414183864572156e-16f,-0.8910065241883679f,-0.4539904997395468f,0f,0.5000000000000001f,5.559780123493433e-17f,-1.0911682878666935e-16f,-1f,-2.1650390625f,0f,0f,0f,1f],start_interpolation:0}
execute if entity @s[tag=aj.assembler.bone.bone26] run data modify entity @s {} merge value {transformation:[-0.32866060795079133f,0.9444480953347391f,1.2246467991473532e-16f,0.5218579070977205f,0.9444480953347391f,0.32866060795079133f,0f,0.6286737775876614f,-4.0249316153275984e-17f,1.1566153369125028e-16f,-1f,-1.8212890625f,0f,0f,0f,1f],start_interpolation:0}
execute if entity @s[tag=aj.assembler.bone.arm5] run data modify entity @s {} merge value {transformation:[0.995396198367179f,-0.09584575252022332f,1.2246467991473532e-16f,1.0476717835896705f,-0.09584575252022332f,-0.995396198367179f,0f,0.5780436598911938f,1.2190087682138098e-16f,-1.1737719403576093e-17f,-1f,-1.8212890625f,0f,0f,0f,1f],start_interpolation:0}
execute if entity @s[tag=aj.assembler.bone.small_arm_base5] run data modify entity @s {} merge value {transformation:[0.9969173337331281f,0.07845909572784543f,1.2246467991473532e-16f,1.0643556283904878f,0.07845909572784543f,-0.9969173337331281f,0f,0.5793567069534151f,1.220871621770789e-16f,9.608468044710158e-18f,-1f,-1.7275390625f,0f,0f,0f,1f],start_interpolation:0}
execute if entity @s[tag=aj.assembler.bone.bone20] run data modify entity @s {} merge value {transformation:[-0.45399049973954725f,0.8910065241883677f,1.2246467991473532e-16f,2.6414183864572156e-16f,0.8910065241883677f,0.45399049973954725f,0f,0.5000000000000001f,-5.559780123493438e-17f,1.0911682878666933e-16f,-1f,-2.1650390625f,0f,0f,0f,1f],start_interpolation:0}
execute if entity @s[tag=aj.assembler.bone.bone11] run data modify entity @s {} merge value {transformation:[-0.7452004131694646f,0.6668405688109114f,1.2246467991473532e-16f,0.13326038320666414f,0.6668405688109114f,0.7452004131694646f,0f,-0.022319753998318315f,-9.126073007112698e-17f,8.166441681358829e-17f,-1f,-1.8212890625f,0f,0f,0f,1f],start_interpolation:0}
execute if entity @s[tag=aj.assembler.bone.arm2] run data modify entity @s {} merge value {transformation:[0.10452846326765428f,0.9945218953682735f,1.2246467991473532e-16f,0.07804365989119365f,0.9945218953682735f,-0.10452846326765428f,0f,-0.5476717835896702f,1.2801044796052452e-17f,1.217938055844715e-16f,-1f,-1.8212890625f,0f,0f,0f,1f],start_interpolation:0}
execute if entity @s[tag=aj.assembler.bone.small_arm_base2] run data modify entity @s {} merge value {transformation:[-0.07845909572784521f,0.9969173337331282f,1.2246467991473532e-16f,0.079356706953415f,0.9969173337331282f,0.07845909572784521f,0f,-0.5643556283904875f,-9.608468044710134e-18f,1.220871621770789e-16f,-1f,-1.7275390625f,0f,0f,0f,1f],start_interpolation:0}
execute if entity @s[tag=aj.assembler.bone.bone2] run data modify entity @s {} merge value {transformation:[-0.8910065241883678f,-0.453990499739547f,1.2246467991473532e-16f,2.6414183864572156e-16f,-0.453990499739547f,0.8910065241883678f,0f,0.5000000000000001f,-1.0911682878666934e-16f,-5.559780123493435e-17f,-1f,-2.1650390625f,0f,0f,0f,1f],start_interpolation:0}
execute if entity @s[tag=aj.assembler.bone.ring] run data modify entity @s {} merge value {transformation:[-1.6031427652726014f,-0.8168420380792644f,2.2034447591230768e-16f,2.220446049250313e-16f,-0.8168420380792644f,1.6031427652726014f,0f,0.5000000000000001f,-1.963283656067328e-16f,-1.0003429873427714e-16f,-1.7992491881391441f,-1.8212890625f,0f,0f,0f,1f],start_interpolation:0}
execute if entity @s[tag=aj.assembler.bone.wheel] run data modify entity @s {} merge value {transformation:[-1f,-1.2246467991473532e-16f,-2.719262146893782e-32f,1.0625000000000002f,0f,-2.220446049250313e-16f,1f,-0.6249999999999999f,-1.2246467991473532e-16f,1f,2.220446049250313e-16f,-1.9462890624999998f,0f,0f,0f,1f],start_interpolation:0}
execute if entity @s[tag=aj.assembler.bone.wheel2] run data modify entity @s {} merge value {transformation:[-1f,-1.2246467991473532e-16f,-2.719262146893782e-32f,1.0625000000000002f,0f,-2.220446049250313e-16f,1f,-0.6249999999999999f,-1.2246467991473532e-16f,1f,2.220446049250313e-16f,-1.6962890624999998f,0f,0f,0f,1f],start_interpolation:0}
execute if entity @s[tag=aj.assembler.bone.rails] run data modify entity @s {} merge value {transformation:[-1.137300743709099f,0f,1.3927917154512523e-16f,-0.43749999999999983f,0f,1.137300743709099f,0f,-0.9999999999999999f,-1.3927917154512523e-16f,0f,-1.137300743709099f,-1.3837890625f,0f,0f,0f,1f],start_interpolation:0}
execute if entity @s[tag=aj.assembler.bone.wheel3] run data modify entity @s {} merge value {transformation:[-1f,-1.2246467991473532e-16f,-2.719262146893782e-32f,-1.0625f,0f,-2.220446049250313e-16f,1f,-0.6249999999999999f,-1.2246467991473532e-16f,1f,2.220446049250313e-16f,-1.6962890625000002f,0f,0f,0f,1f],start_interpolation:0}
execute if entity @s[tag=aj.assembler.bone.wheel4] run data modify entity @s {} merge value {transformation:[-1f,-1.2246467991473532e-16f,-2.719262146893782e-32f,-1.0625f,0f,-2.220446049250313e-16f,1f,-0.6249999999999999f,-1.2246467991473532e-16f,1f,2.220446049250313e-16f,-1.9462890625000002f,0f,0f,0f,1f],start_interpolation:0}
execute if entity @s[tag=aj.assembler.bone.rails2] run data modify entity @s {} merge value {transformation:[-1.2038220325092979f,0f,1.4742567988555726e-16f,0.4375000000000001f,0f,1.2038220325092979f,0f,-0.9999999999999999f,-1.4742567988555726e-16f,0f,-1.2038220325092979f,-1.3837890625f,0f,0f,0f,1f],start_interpolation:0}
execute if entity @s[tag=aj.assembler.bone.bone6] run data modify entity @s {} merge value {transformation:[-0.8459729049307876f,0.008075275410531657f,-0.533164734439562f,0.10152157493373448f,0f,0.9998853201419772f,0.015144192437223702f,0.7333813656666807f,0.5332258847083144f,0.012811576468949065f,-0.8458758888781588f,-1.1984070555743092f,0f,0f,0f,1f],start_interpolation:0}
execute if entity @s[tag=aj.assembler.bone.bone5] run data modify entity @s {} merge value {transformation:[-0.8459729049307876f,-0.15661241221031283f,-0.5097081483208128f,0.03362771192881109f,0f,0.9558953586801842f,-0.2937074450089442f,0.6978317529380196f,0.5332258847083144f,-0.248468540454016f,-0.8086615733925324f,-1.3061219474435717f,0f,0f,0f,1f],start_interpolation:0}
execute if entity @s[tag=aj.assembler.bone.bone4] run data modify entity @s {} merge value {transformation:[-0.8459729049307876f,-0.15661241221031283f,-0.5097081483208128f,0.7700181999830584f,0f,0.9558953586801842f,-0.2937074450089442f,0.23127347634060225f,0.5332258847083144f,-0.248468540454016f,-0.8086615733925324f,-0.4894579166250731f,0f,0f,0f,1f],start_interpolation:0}
execute if entity @s[tag=aj.assembler.bone.bone3] run data modify entity @s {} merge value {transformation:[-0.8459729049307876f,-0.5115146170929727f,-0.1506075715998173f,0.8524850354848175f,0f,0.28244610008421245f,-0.9592831701573936f,-0.234375f,0.5332258847083144f,-0.8115275701092652f,-0.23894174777461316f,-0.24141161545530893f,0f,0f,0f,1f],start_interpolation:0}
execute if entity @s[tag=aj.assembler.bone.octagon] run data modify entity @s {} merge value {transformation:[-0.8459729049307876f,0f,-0.5332258847083144f,0.859375f,0f,1f,0f,-0.40625f,0.5332258847083144f,0f,-0.8459729049307876f,-0.1718749999999999f,0f,0f,0f,1f],start_interpolation:0}
execute if entity @s[tag=aj.assembler.bone.bone10] run data modify entity @s {} merge value {transformation:[-0.9466718290611073f,-0.009592485795970274f,0.32205656689214074f,-0.32421454039349984f,0f,0.9995567189464655f,0.02977189293572713f,-0.08760249893979796f,-0.32219939177797624f,0.02818421234007623f,-0.9462521873753698f,-1.4532906130417929f,0f,0f,0f,1f],start_interpolation:0}
execute if entity @s[tag=aj.assembler.bone.bone9] run data modify entity @s {} merge value {transformation:[-0.9466718290611073f,0.27378083410447185f,0.1698720192944014f,-0.30083060859910493f,0f,0.5272263810214086f,-0.8497248632087143f,-0.19809493681427442f,-0.32219939177797624f,-0.8044105904524929f,-0.4991103624508052f,-1.5219962346144564f,0f,0f,0f,1f],start_interpolation:0}
execute if entity @s[tag=aj.assembler.bone.bone8] run data modify entity @s {} merge value {transformation:[-0.9466718290611073f,0.27378083410447185f,0.1698720192944014f,-0.8063243212647299f,0f,0.5272263810214086f,-0.8497248632087143f,0.13800303770992078f,-0.32219939177797624f,-0.8044105904524929f,-0.4991103624508052f,-0.6187150212575835f,0f,0f,0f,1f],start_interpolation:0}
execute if entity @s[tag=aj.assembler.bone.bone7] run data modify entity @s {} merge value {transformation:[-0.9466718290611073f,0.3221915706469843f,-0.002244964616016831f,-0.868821032672036f,0f,-0.006967625244816755f,-0.9999757258046056f,-0.234375f,-0.32219939177797624f,-0.9466488493641543f,0.006596054534723023f,-0.24111072030938097f,0f,0f,0f,1f],start_interpolation:0}
execute if entity @s[tag=aj.assembler.bone.octagon2] run data modify entity @s {} merge value {transformation:[-0.9466718290611073f,0f,0.32219939177797624f,-0.8593749999999999f,0f,1f,0f,-0.40625f,-0.32219939177797624f,0f,-0.9466718290611073f,-0.171875f,0f,0f,0f,1f],start_interpolation:0}