execute if entity @s[tag=aj.assembler.bone.bone21] run data modify entity @s {} merge value {transformation:[0.9916476145631614f,0.12897677516201106f,1.2246467991473532e-16f,0.3900946656016121f,0.12897677516201106f,-0.9916476145631614f,0f,0.04345189077668771f,1.2144180770568838e-16f,1.5795099486650473e-17f,-1f,-1.1535000000000002f,0f,0f,0f,1f],start_interpolation:0}
execute if entity @s[tag=aj.assembler.bone.arm4] run data modify entity @s {} merge value {transformation:[-0.04327288823326125f,-0.9990632898590317f,1.2246467991473532e-16f,0.3672359434704063f,-0.9990632898590317f,0.04327288823326125f,0f,-0.4842991114506677f,-5.299400406472456e-18f,-1.2234996600714876e-16f,-1f,-1.1535000000000002f,0f,0f,0f,1f],start_interpolation:0}
execute if entity @s[tag=aj.assembler.bone.small_arm_base4] run data modify entity @s {} merge value {transformation:[0.35347484377925736f,-0.9354440308298673f,1.2246467991473532e-16f,0.37315149858722096f,-0.9354440308298673f,-0.35347484377925736f,0f,-0.4999541738135359f,4.328818360133783e-17f,-1.145588538137295e-16f,-1f,-1.0597500000000002f,0f,0f,0f,1f],start_interpolation:0}
execute if entity @s[tag=aj.assembler.bone.bone25] run data modify entity @s {} merge value {transformation:[0.7289686274214113f,0.6845471059286888f,1.2246467991473532e-16f,1.531195361832059e-16f,0.6845471059286888f,-0.7289686274214113f,0f,0.5000000000000001f,8.927290962504709e-17f,8.38328422141153e-17f,-1f,-1.4972500000000002f,0f,0f,0f,1f],start_interpolation:0}
execute if entity @s[tag=aj.assembler.bone.bone16] run data modify entity @s {} merge value {transformation:[0.7481252362562146f,0.6635575565665602f,1.2246467991473532e-16f,0.8276677621154703f,0.6635575565665602f,-0.7481252362562146f,0f,0.3627458425418695f,9.161891759425306e-17f,8.126236376992767e-17f,-1f,-1.1535000000000002f,0f,0f,0f,1f],start_interpolation:0}
execute if entity @s[tag=aj.assembler.bone.arm3] run data modify entity @s {} merge value {transformation:[0.29651223872895294f,0.9550290531098753f,1.2246467991473532e-16f,0.984299111450668f,0.9550290531098753f,-0.29651223872895294f,0f,0.8672359434704062f,3.6312276406742806e-17f,1.1695732729837363e-16f,-1f,-1.1535000000000002f,0f,0f,0f,1f],start_interpolation:0}
execute if entity @s[tag=aj.assembler.bone.small_arm_base3] run data modify entity @s {} merge value {transformation:[0.9354440308298675f,0.3534748437792572f,1.2246467991473532e-16f,0.9999541738135361f,0.3534748437792572f,-0.9354440308298675f,0f,0.8731514985872209f,1.1455885381372952e-16f,4.328818360133779e-17f,-1f,-1.0597500000000002f,0f,0f,0f,1f],start_interpolation:0}
execute if entity @s[tag=aj.assembler.bone.bone15] run data modify entity @s {} merge value {transformation:[-0.6845471059286887f,0.7289686274214114f,1.2246467991473532e-16f,1.531195361832059e-16f,0.7289686274214114f,0.6845471059286887f,0f,0.5000000000000001f,-8.383284221411527e-17f,8.927290962504712e-17f,-1f,-1.4972500000000002f,0f,0f,0f,1f],start_interpolation:0}
execute if entity @s[tag=aj.assembler.bone.bone26] run data modify entity @s {} merge value {transformation:[-0.21964070977302225f,-0.9755808314078354f,1.2246467991473532e-16f,-0.5019555855471284f,-0.9755808314078354f,0.21964070977302225f,0f,0.34814363900757983f,-2.6898229218598442e-17f,-1.1947419424931196e-16f,-1f,-1.1535000000000002f,0f,0f,0f,1f],start_interpolation:0}
execute if entity @s[tag=aj.assembler.bone.arm5] run data modify entity @s {} merge value {transformation:[-0.9131043006978428f,-0.40772605514867927f,1.2246467991473532e-16f,-0.9842991114506676f,-0.40772605514867927f,0.9131043006978428f,0f,0.13276405652959378f,-1.1182302591372956e-16f,-4.993204083668074e-17f,-1f,-1.1535000000000002f,0f,0f,0f,1f],start_interpolation:0}
execute if entity @s[tag=aj.assembler.bone.small_arm_base5] run data modify entity @s {} merge value {transformation:[-0.9354440308298673f,-0.35347484377925753f,1.2246467991473532e-16f,-0.9999541738135359f,-0.35347484377925753f,0.9354440308298673f,0f,0.1268485014127791f,-1.145588538137295e-16f,-4.328818360133786e-17f,-1f,-1.0597500000000002f,0f,0f,0f,1f],start_interpolation:0}
execute if entity @s[tag=aj.assembler.bone.bone20] run data modify entity @s {} merge value {transformation:[0.684547105928689f,-0.7289686274214112f,1.2246467991473532e-16f,1.531195361832059e-16f,-0.7289686274214112f,-0.684547105928689f,0f,0.5000000000000001f,8.383284221411532e-17f,-8.927290962504707e-17f,-1f,-1.4972500000000002f,0f,0f,0f,1f],start_interpolation:0}
execute if entity @s[tag=aj.assembler.bone.bone11] run data modify entity @s {} merge value {transformation:[0.920036568412702f,0.3918325060320791f,1.2246467991473532e-16f,-0.17174745292384264f,0.3918325060320791f,-0.920036568412702f,0f,0.9935569270062534f,1.1267198386051306e-16f,4.7985642431407164e-17f,-1f,-1.1535000000000002f,0f,0f,0f,1f],start_interpolation:0}
execute if entity @s[tag=aj.assembler.bone.arm2] run data modify entity @s {} merge value {transformation:[0.3700710631921988f,-0.9290034489644242f,1.2246467991473532e-16f,-0.36723594347040606f,-0.9290034489644242f,-0.3700710631921988f,0f,1.484299111450668f,4.532063429953841e-17f,-1.1377011001711338e-16f,-1f,-1.1535000000000002f,0f,0f,0f,1f],start_interpolation:0}
execute if entity @s[tag=aj.assembler.bone.small_arm_base2] run data modify entity @s {} merge value {transformation:[0.35347484377925736f,-0.9354440308298673f,1.2246467991473532e-16f,-0.37315149858722074f,-0.9354440308298673f,-0.35347484377925736f,0f,1.4999541738135362f,4.328818360133783e-17f,-1.145588538137295e-16f,-1f,-1.0597500000000002f,0f,0f,0f,1f],start_interpolation:0}
execute if entity @s[tag=aj.assembler.bone.bone2] run data modify entity @s {} merge value {transformation:[0.7289686274214113f,0.6845471059286888f,1.2246467991473532e-16f,1.531195361832059e-16f,0.6845471059286888f,-0.7289686274214113f,0f,0.5000000000000001f,8.927290962504709e-17f,8.38328422141153e-17f,-1f,-1.4972500000000002f,0f,0f,0f,1f],start_interpolation:0}
execute if entity @s[tag=aj.assembler.bone.ring] run data modify entity @s {} merge value {transformation:[1.3115962110668806f,1.2316708245851942f,2.2034447591230768e-16f,1.1102230246251565e-16f,1.2316708245851942f,-1.3115962110668806f,0f,0.5000000000000001f,1.6062421016568516e-16f,1.5083617329314393e-16f,-1.7992491881391441f,-1.1535000000000002f,0f,0f,0f,1f],start_interpolation:0}
execute if entity @s[tag=aj.assembler.bone.wheel] run data modify entity @s {} merge value {transformation:[-1f,1.1647083184890928e-16f,3.784366730434141e-17f,1.0625f,0f,0.3090169943749467f,-0.9510565162951539f,-0.6249999999999999f,-1.2246467991473532e-16f,-0.9510565162951539f,-0.3090169943749467f,-1.2785f,0f,0f,0f,1f],start_interpolation:0}
execute if entity @s[tag=aj.assembler.bone.wheel2] run data modify entity @s {} merge value {transformation:[-1f,1.1647083184890928e-16f,3.784366730434141e-17f,1.0625f,0f,0.3090169943749467f,-0.9510565162951539f,-0.6249999999999999f,-1.2246467991473532e-16f,-0.9510565162951539f,-0.3090169943749467f,-1.0285f,0f,0f,0f,1f],start_interpolation:0}
execute if entity @s[tag=aj.assembler.bone.rails] run data modify entity @s {} merge value {transformation:[-1.137300743709099f,0f,1.3927917154512523e-16f,-0.43749999999999994f,0f,1.137300743709099f,0f,-0.9999999999999999f,-1.3927917154512523e-16f,0f,-1.137300743709099f,-0.7160000000000002f,0f,0f,0f,1f],start_interpolation:0}
execute if entity @s[tag=aj.assembler.bone.wheel3] run data modify entity @s {} merge value {transformation:[-1f,1.1647083184890928e-16f,3.784366730434141e-17f,-1.0625f,0f,0.3090169943749467f,-0.9510565162951539f,-0.6249999999999999f,-1.2246467991473532e-16f,-0.9510565162951539f,-0.3090169943749467f,-1.0285000000000002f,0f,0f,0f,1f],start_interpolation:0}
execute if entity @s[tag=aj.assembler.bone.wheel4] run data modify entity @s {} merge value {transformation:[-1f,1.1647083184890928e-16f,3.784366730434141e-17f,-1.0625f,0f,0.3090169943749467f,-0.9510565162951539f,-0.6249999999999999f,-1.2246467991473532e-16f,-0.9510565162951539f,-0.3090169943749467f,-1.2785000000000002f,0f,0f,0f,1f],start_interpolation:0}
execute if entity @s[tag=aj.assembler.bone.rails2] run data modify entity @s {} merge value {transformation:[-1.2038220325092979f,0f,1.4742567988555726e-16f,0.4375f,0f,1.2038220325092979f,0f,-0.9999999999999999f,-1.4742567988555726e-16f,0f,-1.2038220325092979f,-0.7160000000000001f,0f,0f,0f,1f],start_interpolation:0}
execute if entity @s[tag=aj.assembler.bone.bone6] run data modify entity @s {} merge value {transformation:[-0.9529614772731069f,-0.0129125196629227f,-0.3028162638786305f,0.5431726680406421f,0f,0.9990920920065595f,-0.04260271927889553f,0.5035958597465235f,0.303091443022494f,-0.04059875029986776f,-0.9520962759304498f,-0.8567463355651729f,0f,0f,0f,1f],start_interpolation:0}
execute if entity @s[tag=aj.assembler.bone.bone5] run data modify entity @s {} merge value {transformation:[-0.9529614772731069f,-0.1436872353937921f,-0.2668677597956462f,0.5074148212903155f,0f,0.880485958740315f,-0.47407222705105634f,0.4439531273146053f,0.303091443022494f,-0.4517725698247264f,-0.8390691999593984f,-0.9691739584748954f,0f,0f,0f,1f],start_interpolation:0}
execute if entity @s[tag=aj.assembler.bone.bone4] run data modify entity @s {} merge value {transformation:[-0.9529614772731069f,-0.1436872353937921f,-0.2668677597956462f,1.0126933853642608f,0f,0.880485958740315f,-0.47407222705105634f,0.21993866417391916f,0.303091443022494f,-0.4517725698247264f,-0.8390691999593984f,0.0008666468368191127f,0f,0f,0f,1f],start_interpolation:0}
execute if entity @s[tag=aj.assembler.bone.bone3] run data modify entity @s {} merge value {transformation:[-0.9529614772731069f,-0.07303616266732925f,-0.29416006149083046f,0.8702118309758787f,0f,0.9705323863894082f,-0.24097071807437614f,-0.234375f,0.303091443022494f,-0.22963581147571885f,-0.9248799766750442f,-0.240906699924022f,0f,0f,0f,1f],start_interpolation:0}
execute if entity @s[tag=aj.assembler.bone.octagon] run data modify entity @s {} merge value {transformation:[-0.9529614772731069f,0f,-0.303091443022494f,0.859375f,0f,1f,0f,-0.40625f,0.303091443022494f,0f,-0.9529614772731069f,-0.1718749999999999f,0f,0f,0f,1f],start_interpolation:0}
execute if entity @s[tag=aj.assembler.bone.bone10] run data modify entity @s {} merge value {transformation:[-0.8682715542974851f,0.10195675480094382f,0.4854990506152299f,-0.5952230398232325f,0f,0.9786527043120509f,-0.20552100705939938f,0.6431867242443605f,-0.49608921374872617f,-0.17844804424024913f,-0.8497363046904615f,-0.44522428733623826f,0f,0f,0f,1f],start_interpolation:0}
execute if entity @s[tag=aj.assembler.bone.bone9] run data modify entity @s {} merge value {transformation:[-0.8682715542974851f,0.07486768150435234f,0.4904073187300453f,-0.5301589869466273f,0f,0.9885466265719721f,-0.15091576157967734f,0.6266188438393332f,-0.49608921374872617f,-0.13103586287477514f,-0.8583269159491819f,-0.5591015190002151f,0f,0f,0f,1f],start_interpolation:0}
execute if entity @s[tag=aj.assembler.bone.bone8] run data modify entity @s {} merge value {transformation:[-0.8682715542974851f,0.07486768150435234f,0.4904073187300453f,-1.057648980180603f,0f,0.9885466265719721f,-0.15091576157967734f,0.20425071199290495f,-0.49608921374872617f,-0.13103586287477514f,-0.8583269159491819f,-0.01382750617185502f,0f,0f,0f,1f],start_interpolation:0}
execute if entity @s[tag=aj.assembler.bone.bone7] run data modify entity @s {} merge value {transformation:[-0.8682715542974851f,0.0929578490240348f,0.48730210988939304f,-0.8555029102125009f,0f,0.9822872507286887f,-0.18738131458572455f,-0.234375f,-0.49608921374872617f,-0.16269786526165309f,-0.8528920779568021f,-0.2416447600732405f,0f,0f,0f,1f],start_interpolation:0}
execute if entity @s[tag=aj.assembler.bone.octagon2] run data modify entity @s {} merge value {transformation:[-0.8682715542974851f,0f,0.49608921374872617f,-0.8593749999999999f,0f,1f,0f,-0.40625f,-0.49608921374872617f,0f,-0.8682715542974851f,-0.171875f,0f,0f,0f,1f],start_interpolation:0}