execute if entity @s[tag=aj.assembler.bone.bone21] run data modify entity @s {} merge value {transformation:[0.12234571730343796f,0.9924875442329275f,1.2246467991473532e-16f,0.7709051621506032f,0.9924875442329275f,-0.12234571730343796f,0f,0.8829357679754326f,1.4983029108504225e-17f,1.215446694238472e-16f,-1f,-1.3158125f,0f,0f,0f,1f],start_interpolation:0}
execute if entity @s[tag=aj.assembler.bone.arm4] run data modify entity @s {} merge value {transformation:[-0.36052595128270254f,0.932749183034594f,1.2246467991473532e-16f,0.580458837028134f,0.932749183034594f,0.36052595128270254f,0f,1.375656620768164f,-4.415169522479163e-17f,1.1422883014106243e-16f,-1f,-1.3158125f,0f,0f,0f,1f],start_interpolation:0}
execute if entity @s[tag=aj.assembler.bone.small_arm_base4] run data modify entity @s {} merge value {transformation:[0.5490228179981318f,0.8358073613682704f,1.2246467991473532e-16f,0.589646972470907f,0.8358073613682704f,-0.5490228179981318f,0f,1.3896442201694417f,6.72359036720272e-17f,1.0235688098034476e-16f,-1f,-1.2220625f,0f,0f,0f,1f],start_interpolation:0}
execute if entity @s[tag=aj.assembler.bone.bone25] run data modify entity @s {} merge value {transformation:[-0.9822872507286887f,0.1873813145857246f,1.2246467991473532e-16f,2.6414183864572156e-16f,0.1873813145857246f,0.9822872507286887f,0f,0.5000000000000001f,-1.2029549374481423e-16f,2.2947592712743088e-17f,-1f,-1.6595625f,0f,0f,0f,1f],start_interpolation:0}
execute if entity @s[tag=aj.assembler.bone.bone16] run data modify entity @s {} merge value {transformation:[-0.4273186271357785f,-0.9041010955102279f,1.2246467991473532e-16f,-0.3502659602228516f,-0.9041010955102279f,0.4273186271357785f,0f,1.025610907794564f,-5.2331438893787247e-17f,-1.1072045127222159e-16f,-1f,-1.3158125000000003f,0f,0f,0f,1f],start_interpolation:0}
execute if entity @s[tag=aj.assembler.bone.arm3] run data modify entity @s {} merge value {transformation:[-0.994595026007137f,0.10383031465744025f,1.2246467991473532e-16f,-0.8756566207681635f,0.10383031465744025f,0.994595026007137f,0f,1.080458837028134f,-1.2180276150475188e-16f,1.2715546249969679e-17f,-1f,-1.3158125000000003f,0f,0f,0f,1f],start_interpolation:0}
execute if entity @s[tag=aj.assembler.bone.small_arm_base3] run data modify entity @s {} merge value {transformation:[-0.8358073613682704f,0.549022817998132f,1.2246467991473532e-16f,-0.8896442201694412f,0.549022817998132f,0.8358073613682704f,0f,1.089646972470907f,-1.0235688098034474e-16f,6.723590367202722e-17f,-1f,-1.2220625000000003f,0f,0f,0f,1f],start_interpolation:0}
execute if entity @s[tag=aj.assembler.bone.bone15] run data modify entity @s {} merge value {transformation:[-0.18738131458572482f,-0.9822872507286887f,1.2246467991473532e-16f,2.6414183864572156e-16f,-0.9822872507286887f,0.18738131458572482f,0f,0.5000000000000001f,-2.2947592712743116e-17f,-1.2029549374481423e-16f,-1f,-1.6595625f,0f,0f,0f,1f],start_interpolation:0}
execute if entity @s[tag=aj.assembler.bone.bone26] run data modify entity @s {} merge value {transformation:[0.7749444887041798f,0.6320293026648508f,1.2246467991473532e-16f,0.3543542181336179f,0.6320293026648508f,-0.7749444887041798f,0f,0.004907705228766934f,9.49033287608456e-17f,7.740126624758435e-17f,-1f,-1.3158124999999998f,0f,0f,0f,1f],start_interpolation:0}
execute if entity @s[tag=aj.assembler.bone.arm5] run data modify entity @s {} merge value {transformation:[0.9868557164068074f,-0.1616038211033608f,1.2246467991473532e-16f,0.8756566207681642f,-0.1616038211033608f,-0.9868557164068074f,0f,-0.0804588370281334f,1.208549694317865e-16f,-1.9790760224421223e-17f,-1f,-1.3158124999999998f,0f,0f,0f,1f],start_interpolation:0}
execute if entity @s[tag=aj.assembler.bone.small_arm_base5] run data modify entity @s {} merge value {transformation:[0.8358073613682705f,-0.5490228179981316f,1.2246467991473532e-16f,0.8896442201694419f,-0.5490228179981316f,-0.8358073613682705f,0f,-0.08964697247090647f,1.0235688098034477e-16f,-6.723590367202717e-17f,-1f,-1.2220624999999998f,0f,0f,0f,1f],start_interpolation:0}
execute if entity @s[tag=aj.assembler.bone.bone20] run data modify entity @s {} merge value {transformation:[0.18738131458572438f,0.9822872507286887f,1.2246467991473532e-16f,2.6414183864572156e-16f,0.9822872507286887f,-0.18738131458572438f,0f,0.5000000000000001f,2.294759271274306e-17f,1.2029549374481423e-16f,-1f,-1.6595625f,0f,0f,0f,1f],start_interpolation:0}
execute if entity @s[tag=aj.assembler.bone.bone11] run data modify entity @s {} merge value {transformation:[-0.8156496481007788f,0.5785461533474024f,1.2246467991473532e-16f,-0.4953022657664543f,0.5785461533474024f,0.8156496481007788f,0f,0.14568012251817347f,-9.988827307722837e-17f,7.085146948559102e-17f,-1f,-1.3158125f,0f,0f,0f,1f],start_interpolation:0}
execute if entity @s[tag=aj.assembler.bone.arm2] run data modify entity @s {} merge value {transformation:[0.16120633381792643f,0.9869207252545584f,1.2246467991473532e-16f,-0.5804588370281335f,0.9869207252545584f,-0.16120633381792643f,0f,-0.3756566207681638f,1.9742082071240338e-17f,1.2086293071951793e-16f,-1f,-1.3158125f,0f,0f,0f,1f],start_interpolation:0}
execute if entity @s[tag=aj.assembler.bone.small_arm_base2] run data modify entity @s {} merge value {transformation:[0.5490228179981318f,0.8358073613682704f,1.2246467991473532e-16f,-0.5896469724709066f,0.8358073613682704f,-0.5490228179981318f,0f,-0.38964422016944145f,6.72359036720272e-17f,1.0235688098034476e-16f,-1f,-1.2220625f,0f,0f,0f,1f],start_interpolation:0}
execute if entity @s[tag=aj.assembler.bone.bone2] run data modify entity @s {} merge value {transformation:[-0.9822872507286887f,0.1873813145857246f,1.2246467991473532e-16f,2.6414183864572156e-16f,0.1873813145857246f,0.9822872507286887f,0f,0.5000000000000001f,-1.2029549374481423e-16f,2.2947592712743088e-17f,-1f,-1.6595625f,0f,0f,0f,1f],start_interpolation:0}
execute if entity @s[tag=aj.assembler.bone.ring] run data modify entity @s {} merge value {transformation:[-1.767379538393025f,0.33714567814081053f,2.2034447591230768e-16f,2.220446049250313e-16f,0.33714567814081053f,1.767379538393025f,0f,0.5000000000000001f,-2.164415694571545e-16f,4.128843755815074e-17f,-1.7992491881391441f,-1.3158125f,0f,0f,0f,1f],start_interpolation:0}
execute if entity @s[tag=aj.assembler.bone.wheel] run data modify entity @s {} merge value {transformation:[-1f,1.1647083184890926e-16f,-3.7843667304341506e-17f,1.0625000000000002f,0f,-0.30901699437494745f,-0.9510565162951536f,-0.6249999999999999f,-1.2246467991473532e-16f,-0.9510565162951536f,0.30901699437494745f,-1.4408124999999998f,0f,0f,0f,1f],start_interpolation:0}
execute if entity @s[tag=aj.assembler.bone.wheel2] run data modify entity @s {} merge value {transformation:[-1f,1.1647083184890926e-16f,-3.7843667304341506e-17f,1.0625000000000002f,0f,-0.30901699437494745f,-0.9510565162951536f,-0.6249999999999999f,-1.2246467991473532e-16f,-0.9510565162951536f,0.30901699437494745f,-1.1908124999999998f,0f,0f,0f,1f],start_interpolation:0}
execute if entity @s[tag=aj.assembler.bone.rails] run data modify entity @s {} merge value {transformation:[-1.137300743709099f,0f,1.3927917154512523e-16f,-0.43749999999999983f,0f,1.137300743709099f,0f,-0.9999999999999999f,-1.3927917154512523e-16f,0f,-1.137300743709099f,-0.8783125f,0f,0f,0f,1f],start_interpolation:0}
execute if entity @s[tag=aj.assembler.bone.wheel3] run data modify entity @s {} merge value {transformation:[-1f,1.1647083184890926e-16f,-3.7843667304341506e-17f,-1.0625f,0f,-0.30901699437494745f,-0.9510565162951536f,-0.6249999999999999f,-1.2246467991473532e-16f,-0.9510565162951536f,0.30901699437494745f,-1.1908125f,0f,0f,0f,1f],start_interpolation:0}
execute if entity @s[tag=aj.assembler.bone.wheel4] run data modify entity @s {} merge value {transformation:[-1f,1.1647083184890926e-16f,-3.7843667304341506e-17f,-1.0625f,0f,-0.30901699437494745f,-0.9510565162951536f,-0.6249999999999999f,-1.2246467991473532e-16f,-0.9510565162951536f,0.30901699437494745f,-1.4408125000000003f,0f,0f,0f,1f],start_interpolation:0}
execute if entity @s[tag=aj.assembler.bone.rails2] run data modify entity @s {} merge value {transformation:[-1.2038220325092979f,0f,1.4742567988555726e-16f,0.4375000000000001f,0f,1.2038220325092979f,0f,-0.9999999999999999f,-1.4742567988555726e-16f,0f,-1.2038220325092979f,-0.8783124999999999f,0f,0f,0f,1f],start_interpolation:0}
execute if entity @s[tag=aj.assembler.bone.bone6] run data modify entity @s {} merge value {transformation:[0.5097645550801401f,0.05279845032335484f,-0.8586922743494316f,0.7103267578125978f,0f,0.9981150148427809f,0.06137114261112614f,0.3319492218730442f,0.8603139533821053f,-0.031284833207920526f,0.5088036564601377f,0.025412874033531374f,0f,0f,0f,1f],start_interpolation:0}
execute if entity @s[tag=aj.assembler.bone.bone5] run data modify entity @s {} merge value {transformation:[0.5097645550801401f,-0.28508084400305905f,-0.8117074662502808f,0.6020843109797916f,0f,0.9435014543926197f,-0.3313683834631953f,0.291380309621379f,0.8603139533821053f,0.16891985656374103f,0.4809635991159189f,0.08955011432074544f,0f,0f,0f,1f],start_interpolation:0}
execute if entity @s[tag=aj.assembler.bone.bone4] run data modify entity @s {} merge value {transformation:[0.5097645550801401f,-0.28508084400305905f,-0.8117074662502808f,1.1492013233247333f,0f,0.9435014543926197f,-0.3313683834631953f,0.038177258712975726f,0.8603139533821053f,0.16891985656374103f,0.4809635991159189f,-0.45257855689429005f,0f,0f,0f,1f],start_interpolation:0}
execute if entity @s[tag=aj.assembler.bone.bone3] run data modify entity @s {} merge value {transformation:[0.5097645550801401f,0.2092078150043939f,-0.8344891781952805f,0.7896752355673641f,0f,0.9699821500217435f,0.24317612678714165f,-0.234375f,0.8603139533821053f,-0.12396257007775899f,0.49446251914151174f,-0.16689952635068192f,0f,0f,0f,1f],start_interpolation:0}
execute if entity @s[tag=aj.assembler.bone.octagon] run data modify entity @s {} merge value {transformation:[0.5097645550801401f,0f,-0.8603139533821053f,0.859375f,0f,1f,0f,-0.40625f,0.8603139533821053f,0f,0.5097645550801401f,-0.1718749999999999f,0f,0f,0f,1f],start_interpolation:0}
execute if entity @s[tag=aj.assembler.bone.bone10] run data modify entity @s {} merge value {transformation:[-0.03455064137447193f,0.43559074779306023f,0.8994814915370384f,0.0011878081597801043f,0f,0.9000188492715513f,-0.43585097333367584f,0.23376988535524856f,-0.9994029483549729f,-0.01505893067236636f,-0.03109622849144628f,-0.10781975267414856f,0f,0f,0f,1f],start_interpolation:0}
execute if entity @s[tag=aj.assembler.bone.bone9] run data modify entity @s {} merge value {transformation:[-0.03455064137447193f,0.7511617772554782f,0.6592133475370504f,0.09086953241284179f,0f,0.6596071670812279f,-0.751610527557376f,0.1366955565731659f,-0.9994029483549729f,-0.025968625790912553f,-0.022789850677854894f,-0.11092016487286388f,0f,0f,0f,1f],start_interpolation:0}
execute if entity @s[tag=aj.assembler.bone.bone8] run data modify entity @s {} merge value {transformation:[-0.03455064137447193f,0.7511617772554782f,0.6592133475370504f,-0.6783112884992496f,0f,0.6596071670812279f,-0.751610527557376f,0.28175215052095237f,-0.9994029483549729f,-0.025968625790912553f,-0.022789850677854894f,-0.27194061170006945f,0f,0f,0f,1f],start_interpolation:0}
execute if entity @s[tag=aj.assembler.bone.bone7] run data modify entity @s {} merge value {transformation:[-0.03455064137447193f,0.8502121944188159f,0.5253051281323591f,-0.7979920232707663f,0f,0.5256189497909892f,-0.8507201182648836f,-0.234375f,-0.9994029483549729f,-0.029392925716218342f,-0.018160471833855038f,-0.2052657572219974f,0f,0f,0f,1f],start_interpolation:0}
execute if entity @s[tag=aj.assembler.bone.octagon2] run data modify entity @s {} merge value {transformation:[-0.03455064137447193f,0f,0.9994029483549729f,-0.8593749999999999f,0f,1f,0f,-0.40625f,-0.9994029483549729f,0f,-0.03455064137447193f,-0.171875f,0f,0f,0f,1f],start_interpolation:0}