execute if entity @s[tag=aj.assembler.bone.bone21] run data modify entity @s {} merge value {transformation:[0.978803748083999f,0.2048004461340737f,1.2246467991473532e-16f,0.41361777814605327f,0.2048004461340737f,-0.978803748083999f,0f,0.06874340522638389f,1.1986888770845017e-16f,2.5080821082204323e-17f,-1f,-1.2514999999999996f,0f,0f,0f,1f],start_interpolation:0}
execute if entity @s[tag=aj.assembler.bone.arm4] run data modify entity @s {} merge value {transformation:[0.027824473431905195f,-0.999612824386641f,1.2246467991473532e-16f,0.42831593980326754f,-0.999612824386641f,-0.027824473431905195f,0f,-0.45929788631562063f,3.407515232634323e-18f,-1.2241726457717452e-16f,-1f,-1.2514999999999996f,0f,0f,0f,1f],start_interpolation:0}
execute if entity @s[tag=aj.assembler.bone.small_arm_base4] run data modify entity @s {} merge value {transformation:[0.4115143586051082f,-0.9114032766354456f,1.2246467991473532e-16f,0.4352028114223675f,-0.9114032766354456f,-0.4115143586051082f,0f,-0.4745506162098855f,5.039597420689219e-17f,-1.1161471054640083e-16f,-1f,-1.1577499999999996f,0f,0f,0f,1f],start_interpolation:0}
execute if entity @s[tag=aj.assembler.bone.bone25] run data modify entity @s {} merge value {transformation:[0.6845471059286892f,0.7289686274214111f,1.2246467991473532e-16f,2.6414183864572156e-16f,0.7289686274214111f,-0.6845471059286892f,0f,0.5000000000000001f,8.383284221411533e-17f,8.927290962504707e-17f,-1f,-1.5952499999999996f,0f,0f,0f,1f],start_interpolation:0}
execute if entity @s[tag=aj.assembler.bone.bone16] run data modify entity @s {} merge value {transformation:[0.728765008067013f,0.684763873913546f,1.2246467991473532e-16f,0.7632702572911063f,0.684763873913546f,-0.728765008067013f,0f,0.4377888659444667f,8.924797344598629e-17f,8.385938863599659e-17f,-1f,-1.2514999999999996f,0f,0f,0f,1f],start_interpolation:0}
execute if entity @s[tag=aj.assembler.bone.arm3] run data modify entity @s {} merge value {transformation:[0.3710916836347906f,0.9285962321359574f,1.2246467991473532e-16f,0.959297886315621f,0.9285962321359574f,-0.3710916836347906f,0f,0.9283159398032672f,4.544562425535488e-17f,1.137202403385593e-16f,-1f,-1.2514999999999996f,0f,0f,0f,1f],start_interpolation:0}
execute if entity @s[tag=aj.assembler.bone.small_arm_base3] run data modify entity @s {} merge value {transformation:[0.9114032766354457f,0.4115143586051081f,1.2246467991473532e-16f,0.9745506162098858f,0.4115143586051081f,-0.9114032766354457f,0f,0.9352028114223672f,1.1161471054640085e-16f,5.039597420689216e-17f,-1f,-1.1577499999999996f,0f,0f,0f,1f],start_interpolation:0}
execute if entity @s[tag=aj.assembler.bone.bone15] run data modify entity @s {} merge value {transformation:[-0.728968627421411f,0.6845471059286893f,1.2246467991473532e-16f,2.6414183864572156e-16f,0.6845471059286893f,0.728968627421411f,0f,0.5000000000000001f,-8.927290962504704e-17f,8.383284221411536e-17f,-1f,-1.5952499999999996f,0f,0f,0f,1f],start_interpolation:0}
execute if entity @s[tag=aj.assembler.bone.bone26] run data modify entity @s {} merge value {transformation:[0.08667609466500509f,-0.9962365455119699f,1.2246467991473532e-16f,-0.48851200745631446f,-0.9962365455119699f,-0.08667609466500509f,0f,0.31127600037027164f,1.061476018940919e-17f,-1.2200378966548503e-16f,-1f,-1.2514999999999996f,0f,0f,0f,1f],start_interpolation:0}
execute if entity @s[tag=aj.assembler.bone.arm5] run data modify entity @s {} merge value {transformation:[-0.8912250037750361f,-0.45356145410097104f,1.2246467991473532e-16f,-0.9592978863156205f,-0.45356145410097104f,0.8912250037750361f,0f,0.0716840601967327f,-1.0914358481931854e-16f,-5.554525829813737e-17f,-1f,-1.2514999999999996f,0f,0f,0f,1f],start_interpolation:0}
execute if entity @s[tag=aj.assembler.bone.small_arm_base5] run data modify entity @s {} merge value {transformation:[-0.9114032766354456f,-0.4115143586051084f,1.2246467991473532e-16f,-0.9745506162098854f,-0.4115143586051084f,0.9114032766354456f,0f,0.06479718857763272f,-1.116147105464008e-16f,-5.0395974206892226e-17f,-1f,-1.1577499999999996f,0f,0f,0f,1f],start_interpolation:0}
execute if entity @s[tag=aj.assembler.bone.bone20] run data modify entity @s {} merge value {transformation:[0.7289686274214112f,-0.6845471059286891f,1.2246467991473532e-16f,2.6414183864572156e-16f,-0.6845471059286891f,-0.7289686274214112f,0f,0.5000000000000001f,8.927290962504709e-17f,-8.383284221411531e-17f,-1f,-1.5952499999999996f,0f,0f,0f,1f],start_interpolation:0}
execute if entity @s[tag=aj.assembler.bone.bone11] run data modify entity @s {} merge value {transformation:[0.9851213266696319f,0.1718603262555506f,1.2246467991473532e-16f,-0.15751473339677813f,0.1718603262555506f,-0.9851213266696319f,0f,1.0057448594948972f,1.206425679477759e-16f,2.1046819844927976e-17f,-1f,-1.2514999999999996f,0f,0f,0f,1f],start_interpolation:0}
execute if entity @s[tag=aj.assembler.bone.arm2] run data modify entity @s {} merge value {transformation:[0.5126424071738845f,-0.8586022142802598f,1.2246467991473532e-16f,-0.4283159398032671f,-0.8586022142802598f,-0.5126424071738845f,0f,1.4592978863156207f,6.278058830526919e-17f,-1.0514844534591503e-16f,-1f,-1.2514999999999996f,0f,0f,0f,1f],start_interpolation:0}
execute if entity @s[tag=aj.assembler.bone.small_arm_base2] run data modify entity @s {} merge value {transformation:[0.4115143586051082f,-0.9114032766354456f,1.2246467991473532e-16f,-0.43520281142236705f,-0.9114032766354456f,-0.4115143586051082f,0f,1.4745506162098856f,5.039597420689219e-17f,-1.1161471054640083e-16f,-1f,-1.1577499999999996f,0f,0f,0f,1f],start_interpolation:0}
execute if entity @s[tag=aj.assembler.bone.bone2] run data modify entity @s {} merge value {transformation:[0.6845471059286892f,0.7289686274214111f,1.2246467991473532e-16f,2.6414183864572156e-16f,0.7289686274214111f,-0.6845471059286892f,0f,0.5000000000000001f,8.383284221411533e-17f,8.927290962504707e-17f,-1f,-1.5952499999999996f,0f,0f,0f,1f],start_interpolation:0}
execute if entity @s[tag=aj.assembler.bone.ring] run data modify entity @s {} merge value {transformation:[1.2316708245851946f,1.3115962110668802f,2.2034447591230768e-16f,2.220446049250313e-16f,1.3115962110668802f,-1.2316708245851946f,0f,0.5000000000000001f,1.5083617329314398e-16f,1.6062421016568511e-16f,-1.7992491881391441f,-1.2514999999999996f,0f,0f,0f,1f],start_interpolation:0}
execute if entity @s[tag=aj.assembler.bone.wheel] run data modify entity @s {} merge value {transformation:[-1f,1.1647083184890928e-16f,-3.784366730434137e-17f,1.0625000000000002f,0f,-0.30901699437494634f,-0.951056516295154f,-0.6249999999999999f,-1.2246467991473532e-16f,-0.951056516295154f,0.30901699437494634f,-1.3764999999999994f,0f,0f,0f,1f],start_interpolation:0}
execute if entity @s[tag=aj.assembler.bone.wheel2] run data modify entity @s {} merge value {transformation:[-1f,1.1647083184890928e-16f,-3.784366730434137e-17f,1.0625000000000002f,0f,-0.30901699437494634f,-0.951056516295154f,-0.6249999999999999f,-1.2246467991473532e-16f,-0.951056516295154f,0.30901699437494634f,-1.1264999999999994f,0f,0f,0f,1f],start_interpolation:0}
execute if entity @s[tag=aj.assembler.bone.rails] run data modify entity @s {} merge value {transformation:[-1.137300743709099f,0f,1.3927917154512523e-16f,-0.43749999999999983f,0f,1.137300743709099f,0f,-0.9999999999999999f,-1.3927917154512523e-16f,0f,-1.137300743709099f,-0.8139999999999996f,0f,0f,0f,1f],start_interpolation:0}
execute if entity @s[tag=aj.assembler.bone.wheel3] run data modify entity @s {} merge value {transformation:[-1f,1.1647083184890928e-16f,-3.784366730434137e-17f,-1.0625f,0f,-0.30901699437494634f,-0.951056516295154f,-0.6249999999999999f,-1.2246467991473532e-16f,-0.951056516295154f,0.30901699437494634f,-1.1264999999999996f,0f,0f,0f,1f],start_interpolation:0}
execute if entity @s[tag=aj.assembler.bone.wheel4] run data modify entity @s {} merge value {transformation:[-1f,1.1647083184890928e-16f,-3.784366730434137e-17f,-1.0625f,0f,-0.30901699437494634f,-0.951056516295154f,-0.6249999999999999f,-1.2246467991473532e-16f,-0.951056516295154f,0.30901699437494634f,-1.3764999999999996f,0f,0f,0f,1f],start_interpolation:0}
execute if entity @s[tag=aj.assembler.bone.rails2] run data modify entity @s {} merge value {transformation:[-1.2038220325092979f,0f,1.4742567988555726e-16f,0.4375000000000001f,0f,1.2038220325092979f,0f,-0.9999999999999999f,-1.4742567988555726e-16f,0f,-1.2038220325092979f,-0.8139999999999995f,0f,0f,0f,1f],start_interpolation:0}
execute if entity @s[tag=aj.assembler.bone.bone6] run data modify entity @s {} merge value {transformation:[-0.9596180105078209f,0.0035486439952186477f,-0.2812839864528494f,0.5370577634085721f,0f,0.9999204293300759f,0.012614872506556407f,0.5654545039925619f,0.2813063701891792f,0.012105458857551488f,-0.9595416530598537f,-0.9381264900934725f,0f,0f,0f,1f],start_interpolation:0}
execute if entity @s[tag=aj.assembler.bone.bone5] run data modify entity @s {} merge value {transformation:[-0.9596180105078209f,-0.12740329291628147f,-0.2508020631157163f,0.5034786436412717f,0f,0.8915619754613139f,-0.45289871264060755f,0.5086477221113469f,0.2813063701891792f,-0.43460976158573317f,-0.8555589291366088f,-1.0526746536634284f,0f,0f,0f,1f],start_interpolation:0}
execute if entity @s[tag=aj.assembler.bone.bone4] run data modify entity @s {} merge value {transformation:[-0.9596180105078209f,-0.12740329291628147f,-0.2508020631157163f,0.9920825861970615f,0f,0.8915619754613139f,-0.45289871264060755f,0.2506640526655078f,0.2813063701891792f,-0.43460976158573317f,-0.8555589291366088f,-0.05243728579849005f,0f,0f,0f,1f],start_interpolation:0}
execute if entity @s[tag=aj.assembler.bone.bone3] run data modify entity @s {} merge value {transformation:[-0.9596180105078209f,-0.10149270594207353f,-0.2623594948721455f,0.8717814146915457f,0f,0.9326468316224339f,-0.3607906421522536f,-0.234375f,0.2813063701891792f,-0.3462211982319848f,-0.8949846970679427f,-0.24064194972515054f,0f,0f,0f,1f],start_interpolation:0}
execute if entity @s[tag=aj.assembler.bone.octagon] run data modify entity @s {} merge value {transformation:[-0.9596180105078209f,0f,-0.2813063701891792f,0.859375f,0f,1f,0f,-0.40625f,0.2813063701891792f,0f,-0.9596180105078209f,-0.1718749999999999f,0f,0f,0f,1f],start_interpolation:0}
execute if entity @s[tag=aj.assembler.bone.bone10] run data modify entity @s {} merge value {transformation:[-0.836100459183797f,0.3240768065583235f,0.44261749355804125f,-0.6008649854539223f,0f,0.8068475535437996f,-0.5907597018588738f,0.623507217706369f,-0.5485763594547651f,-0.4939344579914875f,-0.674605610009294f,-0.39498038862307194f,0f,0f,0f,1f],start_interpolation:0}
execute if entity @s[tag=aj.assembler.bone.bone9] run data modify entity @s {} merge value {transformation:[-0.836100459183797f,0.07701070591023135f,0.5431439710867199f,-0.5288243527860865f,0f,0.990097297715409f,-0.14038283747183888f,0.6083365813670067f,-0.5485763594547651f,-0.11737415487172884f,-0.82782080525649f,-0.5047795168854255f,0f,0f,0f,1f],start_interpolation:0}
execute if entity @s[tag=aj.assembler.bone.bone8] run data modify entity @s {} merge value {transformation:[-0.836100459183797f,0.07701070591023135f,0.5431439710867199f,-1.0713802533149444f,0f,0.990097297715409f,-0.14038283747183888f,0.19871458609016335f,-0.5485763594547651f,-0.11737415487172884f,-0.82782080525649f,-0.01964880904820357f,0f,0f,0f,1f],start_interpolation:0}
execute if entity @s[tag=aj.assembler.bone.bone7] run data modify entity @s {} merge value {transformation:[-0.836100459183797f,0.09290113429696865f,0.5406527549166658f,-0.8512171168835707f,0f,0.9855560590580777f,-0.1693495038490246f,-0.234375f,-0.5485763594547651f,-0.14159319793071767f,-0.8240238735298322f,-0.24127428993194872f,0f,0f,0f,1f],start_interpolation:0}
execute if entity @s[tag=aj.assembler.bone.octagon2] run data modify entity @s {} merge value {transformation:[-0.836100459183797f,0f,0.5485763594547651f,-0.8593749999999999f,0f,1f,0f,-0.40625f,-0.5485763594547651f,0f,-0.836100459183797f,-0.171875f,0f,0f,0f,1f],start_interpolation:0}