execute if entity @s[tag=aj.assembler.bone.bone21] run data modify entity @s {} merge value {transformation:[-0.8567485605532509f,0.5157343347014356f,1.2246467991473532e-16f,0.015899243198243762f,0.5157343347014356f,0.8567485605532509f,0f,1.2710559456114126f,-1.0492143823556413e-16f,6.315924022025027e-17f,-1f,-1.6294999999999997f,0f,0f,0f,1f],start_interpolation:0}
execute if entity @s[tag=aj.assembler.bone.arm4] run data modify entity @s {} merge value {transformation:[-0.9533531497638352f,0.3018572043787829f,1.2246467991473532e-16f,-0.48770556880066607f,0.3018572043787829f,0.9533531497638352f,0f,1.4305107506848012f,-1.1675208833153282e-16f,3.6966845914204476e-17f,-1f,-1.6294999999999997f,0f,0f,0f,1f],start_interpolation:0}
execute if entity @s[tag=aj.assembler.bone.small_arm_base4] run data modify entity @s {} merge value {transformation:[-0.4679298142605738f,0.8837656300886932f,1.2246467991473532e-16f,-0.4955365775860831f,0.8837656300886932f,0.4679298142605738f,0f,1.4453009525538794f,-5.730487492598273e-17f,1.082300750084562e-16f,-1f,-1.5357499999999997f,0f,0f,0f,1f],start_interpolation:0}
execute if entity @s[tag=aj.assembler.bone.bone25] run data modify entity @s {} merge value {transformation:[-0.6374239897486893f,-0.7705132427757895f,1.2246467991473532e-16f,2.6414183864572156e-16f,-0.7705132427757895f,0.6374239897486893f,0f,0.5000000000000001f,-7.806192487454676e-17f,-9.436065764660181e-17f,-1f,-1.9732499999999997f,0f,0f,0f,1f],start_interpolation:0}
execute if entity @s[tag=aj.assembler.bone.bone16] run data modify entity @s {} merge value {transformation:[0.7277577952486043f,-0.6858342303026953f,1.2246467991473532e-16f,-0.40398222777696857f,-0.6858342303026953f,-0.7277577952486043f,0f,-0.03026559809983398f,8.912462545057382e-17f,-8.399046948858846e-17f,-1f,-1.6294999999999997f,0f,0f,0f,1f],start_interpolation:0}
execute if entity @s[tag=aj.assembler.bone.arm3] run data modify entity @s {} merge value {transformation:[-0.9967490655267373f,0.08056860661309712f,1.2246467991473532e-16f,-0.9305107506848008f,0.08056860661309712f,0.9967490655267373f,0f,0.012294431199333997f,-1.2206655526504344e-16f,9.86680862004917e-18f,-1f,-1.6294999999999997f,0f,0f,0f,1f],start_interpolation:0}
execute if entity @s[tag=aj.assembler.bone.small_arm_base3] run data modify entity @s {} merge value {transformation:[-0.8837656300886934f,-0.4679298142605736f,1.2246467991473532e-16f,-0.9453009525538791f,-0.4679298142605736f,0.8837656300886934f,0f,0.004463422413916951f,-1.0823007500845622e-16f,-5.730487492598271e-17f,-1f,-1.5357499999999997f,0f,0f,0f,1f],start_interpolation:0}
execute if entity @s[tag=aj.assembler.bone.bone15] run data modify entity @s {} merge value {transformation:[0.7705132427757894f,-0.6374239897486895f,1.2246467991473532e-16f,2.6414183864572156e-16f,-0.6374239897486895f,-0.7705132427757894f,0f,0.5000000000000001f,9.43606576466018e-17f,-7.806192487454679e-17f,-1f,-1.9732499999999997f,0f,0f,0f,1f],start_interpolation:0}
execute if entity @s[tag=aj.assembler.bone.bone26] run data modify entity @s {} merge value {transformation:[-0.9265286308718369f,0.3762242631393671f,1.2246467991473532e-16f,0.4278349888397457f,0.3762242631393671f,0.9265286308718369f,0f,0.825345721600249f,-1.1346703221155749e-16f,4.607418396151974e-17f,-1f,-1.6294999999999997f,0f,0f,0f,1f],start_interpolation:0}
execute if entity @s[tag=aj.assembler.bone.arm5] run data modify entity @s {} merge value {transformation:[0.9515944038794379f,0.30735661779980794f,1.2246467991473532e-16f,0.930510750684801f,0.30735661779980794f,-0.9515944038794379f,0f,0.9877055688006665f,1.1653670407974876e-16f,3.764032981852914e-17f,-1f,-1.6294999999999997f,0f,0f,0f,1f],start_interpolation:0}
execute if entity @s[tag=aj.assembler.bone.small_arm_base5] run data modify entity @s {} merge value {transformation:[0.8837656300886931f,0.467929814260574f,1.2246467991473532e-16f,0.9453009525538794f,0.467929814260574f,-0.8837656300886931f,0f,0.9955365775860836f,1.0823007500845619e-16f,5.730487492598276e-17f,-1f,-1.5357499999999997f,0f,0f,0f,1f],start_interpolation:0}
execute if entity @s[tag=aj.assembler.bone.bone20] run data modify entity @s {} merge value {transformation:[-0.7705132427757896f,0.6374239897486891f,1.2246467991473532e-16f,2.6414183864572156e-16f,0.6374239897486891f,0.7705132427757896f,0f,0.5000000000000001f,-9.436065764660182e-17f,7.806192487454674e-17f,-1f,-1.9732499999999997f,0f,0f,0f,1f],start_interpolation:0}
execute if entity @s[tag=aj.assembler.bone.bone11] run data modify entity @s {} merge value {transformation:[-0.38877586627244554f,0.921332364461441f,1.2246467991473532e-16f,0.2296623948695502f,0.921332364461441f,0.38877586627244554f,0f,0.03042022236540043f,-4.761131202162901e-17f,1.1283067310885666e-16f,-1f,-1.6294999999999997f,0f,0f,0f,1f],start_interpolation:0}
execute if entity @s[tag=aj.assembler.bone.arm2] run data modify entity @s {} merge value {transformation:[-0.48849071093232416f,0.8725690948760635f,1.2246467991473532e-16f,0.4877055688006665f,0.8725690948760635f,0.48849071093232416f,0f,-0.4305107506848009f,-5.982285855564859e-17f,1.0685889490748744e-16f,-1f,-1.6294999999999997f,0f,0f,0f,1f],start_interpolation:0}
execute if entity @s[tag=aj.assembler.bone.small_arm_base2] run data modify entity @s {} merge value {transformation:[-0.4679298142605738f,0.8837656300886932f,1.2246467991473532e-16f,0.49553657758608355f,0.8837656300886932f,0.4679298142605738f,0f,-0.44530095255387914f,-5.730487492598273e-17f,1.082300750084562e-16f,-1f,-1.5357499999999997f,0f,0f,0f,1f],start_interpolation:0}
execute if entity @s[tag=aj.assembler.bone.bone2] run data modify entity @s {} merge value {transformation:[-0.6374239897486893f,-0.7705132427757895f,1.2246467991473532e-16f,2.6414183864572156e-16f,-0.7705132427757895f,0.6374239897486893f,0f,0.5000000000000001f,-7.806192487454676e-17f,-9.436065764660181e-17f,-1f,-1.9732499999999997f,0f,0f,0f,1f],start_interpolation:0}
execute if entity @s[tag=aj.assembler.bone.ring] run data modify entity @s {} merge value {transformation:[-1.1468845960557434f,-1.3863453265147985f,2.2034447591230768e-16f,2.220446049250313e-16f,-1.3863453265147985f,1.1468845960557434f,0f,0.5000000000000001f,-1.4045285495510713e-16f,-1.6977833666292404e-16f,-1.7992491881391441f,-1.6294999999999997f,0f,0f,0f,1f],start_interpolation:0}
execute if entity @s[tag=aj.assembler.bone.wheel] run data modify entity @s {} merge value {transformation:[-1f,-7.198293278059944e-17f,-9.907600726170936e-17f,1.0625000000000002f,0f,-0.809016994374949f,0.5877852522924712f,-0.6249999999999999f,-1.2246467991473532e-16f,0.5877852522924712f,0.809016994374949f,-1.7544999999999995f,0f,0f,0f,1f],start_interpolation:0}
execute if entity @s[tag=aj.assembler.bone.wheel2] run data modify entity @s {} merge value {transformation:[-1f,-7.198293278059944e-17f,-9.907600726170936e-17f,1.0625000000000002f,0f,-0.809016994374949f,0.5877852522924712f,-0.6249999999999999f,-1.2246467991473532e-16f,0.5877852522924712f,0.809016994374949f,-1.5044999999999995f,0f,0f,0f,1f],start_interpolation:0}
execute if entity @s[tag=aj.assembler.bone.rails] run data modify entity @s {} merge value {transformation:[-1.137300743709099f,0f,1.3927917154512523e-16f,-0.43749999999999983f,0f,1.137300743709099f,0f,-0.9999999999999999f,-1.3927917154512523e-16f,0f,-1.137300743709099f,-1.1919999999999997f,0f,0f,0f,1f],start_interpolation:0}
execute if entity @s[tag=aj.assembler.bone.wheel3] run data modify entity @s {} merge value {transformation:[-1f,-7.198293278059944e-17f,-9.907600726170936e-17f,-1.0625f,0f,-0.809016994374949f,0.5877852522924712f,-0.6249999999999999f,-1.2246467991473532e-16f,0.5877852522924712f,0.809016994374949f,-1.5045f,0f,0f,0f,1f],start_interpolation:0}
execute if entity @s[tag=aj.assembler.bone.wheel4] run data modify entity @s {} merge value {transformation:[-1f,-7.198293278059944e-17f,-9.907600726170936e-17f,-1.0625f,0f,-0.809016994374949f,0.5877852522924712f,-0.6249999999999999f,-1.2246467991473532e-16f,0.5877852522924712f,0.809016994374949f,-1.7545f,0f,0f,0f,1f],start_interpolation:0}
execute if entity @s[tag=aj.assembler.bone.rails2] run data modify entity @s {} merge value {transformation:[-1.2038220325092979f,0f,1.4742567988555726e-16f,0.4375000000000001f,0f,1.2038220325092979f,0f,-0.9999999999999999f,-1.4742567988555726e-16f,0f,-1.2038220325092979f,-1.1919999999999997f,0f,0f,0f,1f],start_interpolation:0}
execute if entity @s[tag=aj.assembler.bone.bone6] run data modify entity @s {} merge value {transformation:[-0.939256711086918f,0.09916564036019036f,-0.3285772457887782f,0.5592958138007542f,0f,0.957349868511588f,0.2889311842997314f,1.00441119930342f,0.3432154289628976f,0.27138055389581395f,-0.8991972888576875f,-0.7199313332002092f,0f,0f,0f,1f],start_interpolation:0}
execute if entity @s[tag=aj.assembler.bone.bone5] run data modify entity @s {} merge value {transformation:[-0.939256711086918f,0.07750255423879114f,-0.3343503922005312f,0.5153753725580605f,0f,0.974170634492878f,0.22581314153906912f,1.0375797527090649f,0.3432154289628976f,0.21209650864219082f,-0.9149963061912367f,-0.840125723399253f,0f,0f,0f,1f],start_interpolation:0}
execute if entity @s[tag=aj.assembler.bone.bone4] run data modify entity @s {} merge value {transformation:[-0.939256711086918f,0.07750255423879114f,-0.3343503922005312f,0.8908294434589502f,0f,0.974170634492878f,0.22581314153906912f,0.2859724471264544f,0.3432154289628976f,0.21209650864219082f,-0.9149963061912367f,-0.3589476006744231f,0f,0f,0f,1f],start_interpolation:0}
execute if entity @s[tag=aj.assembler.bone.bone3] run data modify entity @s {} merge value {transformation:[-0.939256711086918f,-0.28498824156069597f,-0.19125515117331665f,0.8672758079112851f,0f,0.5572452023827629f,-0.8303479899544489f,-0.234375f,0.3432154289628976f,-0.779909922102249f,-0.5233962960589978f,-0.2413040265980228f,0f,0f,0f,1f],start_interpolation:0}
execute if entity @s[tag=aj.assembler.bone.octagon] run data modify entity @s {} merge value {transformation:[-0.939256711086918f,0f,-0.3432154289628976f,0.859375f,0f,1f,0f,-0.40625f,0.3432154289628976f,0f,-0.939256711086918f,-0.1718749999999999f,0f,0f,0f,1f],start_interpolation:0}
execute if entity @s[tag=aj.assembler.bone.bone10] run data modify entity @s {} merge value {transformation:[-0.9674917622706062f,-0.019539391754743674f,0.25214658853209077f,-0.45941404871762886f,0f,0.9970109354908746f,0.07726056245984192f,-0.08423645791646327f,-0.25290253051030714f,0.07474895772829065f,-0.964599866981132f,-1.331250214648789f,0f,0f,0f,1f],start_interpolation:0}
execute if entity @s[tag=aj.assembler.bone.bone9] run data modify entity @s {} merge value {transformation:[-0.9674917622706062f,0.2233823501150484f,0.11857493662488203f,-0.4429812504633039f,0f,0.4688562680081584f,-0.883274475997955f,-0.19936188699603097f,-0.25290253051030714f,-0.8545607793519078f,-0.4536145769868328f,-1.3941147376333318f,0f,0f,0f,1f],start_interpolation:0}
execute if entity @s[tag=aj.assembler.bone.bone8] run data modify entity @s {} merge value {transformation:[-0.9674917622706062f,0.2233823501150484f,0.11857493662488203f,-0.8477255888982165f,0f,0.4688562680081584f,-0.883274475997955f,0.1707712089840967f,-0.25290253051030714f,-0.8545607793519078f,-0.4536145769868328f,-0.5871365992586879f,0f,0f,0f,1f],start_interpolation:0}
execute if entity @s[tag=aj.assembler.bone.bone7] run data modify entity @s {} merge value {transformation:[-0.9674917622706062f,0.2520104761819925f,0.021222861094636284f,-0.8738027094140621f,0f,0.08391715595653693f,-0.996472734667721f,-0.234375f,-0.25290253051030714f,-0.9640791621182836f,-0.0811891571011272f,-0.24024643922036f,0f,0f,0f,1f],start_interpolation:0}
execute if entity @s[tag=aj.assembler.bone.octagon2] run data modify entity @s {} merge value {transformation:[-0.9674917622706062f,0f,0.25290253051030714f,-0.8593749999999999f,0f,1f,0f,-0.40625f,-0.25290253051030714f,0f,-0.9674917622706062f,-0.171875f,0f,0f,0f,1f],start_interpolation:0}