execute if entity @s[tag=aj.assembler.bone.bone21] run data modify entity @s {} merge value {transformation:[0.9963783204095112f,0.0850308333366316f,1.2246467991473532e-16f,0.37386247490403135f,0.0850308333366316f,-0.9963783204095112f,0f,0.03154841432298211f,1.220211520829324e-16f,1.0413273787453797e-17f,-1f,-1.1156562499999998f,0f,0f,0f,1f],start_interpolation:0}
execute if entity @s[tag=aj.assembler.bone.arm4] run data modify entity @s {} merge value {transformation:[-0.07141622583883539f,-0.9974466014213178f,1.2246467991473532e-16f,0.336137152450177f,-0.9974466014213178f,0.07141622583883539f,0f,-0.4953485790022813f,-8.745965238071423e-18f,-1.2215197877510228e-16f,-1f,-1.1156562499999998f,0f,0f,0f,1f],start_interpolation:0}
execute if entity @s[tag=aj.assembler.bone.small_arm_base4] run data modify entity @s {} merge value {transformation:[0.32391741819814934f,-0.9460853588275457f,1.2246467991473532e-16f,0.3415580512054052f,-0.9460853588275457f,-0.32391741819814934f,0f,-0.5111817286134904f,3.9668442938443834e-17f,-1.158620406408329e-16f,-1f,-1.0219062499999998f,0f,0f,0f,1f],start_interpolation:0}
execute if entity @s[tag=aj.assembler.bone.bone25] run data modify entity @s {} merge value {transformation:[0.7501110696304598f,0.6613118653236519f,1.2246467991473532e-16f,1.531195361832059e-16f,0.6613118653236519f,-0.7501110696304598f,0f,0.5000000000000001f,9.1862112042794e-17f,8.098734591067759e-17f,-1f,-1.4594062499999998f,0f,0f,0f,1f],start_interpolation:0}
execute if entity @s[tag=aj.assembler.bone.bone16] run data modify entity @s {} merge value {transformation:[0.7893910978243917f,0.6138906211008623f,1.2246467991473532e-16f,0.8497230737104088f,0.6138906211008623f,-0.7893910978243917f,0f,0.3283607708234446f,9.667252812260561e-17f,7.517991841577515e-17f,-1f,-1.1156562499999998f,0f,0f,0f,1f],start_interpolation:0}
execute if entity @s[tag=aj.assembler.bone.arm3] run data modify entity @s {} merge value {transformation:[0.2756775369260324f,0.9612501732818552f,1.2246467991473532e-16f,0.9953485790022817f,0.9612501732818552f,-0.2756775369260324f,0f,0.8361371524501767f,3.376076131932917e-17f,1.1771919478894625e-16f,-1f,-1.1156562499999998f,0f,0f,0f,1f],start_interpolation:0}
execute if entity @s[tag=aj.assembler.bone.small_arm_base3] run data modify entity @s {} merge value {transformation:[0.9460853588275457f,0.32391741819814907f,1.2246467991473532e-16f,1.0111817286134908f,0.32391741819814907f,-0.9460853588275457f,0f,0.8415580512054049f,1.1586204064083288e-16f,3.96684429384438e-17f,-1f,-1.0219062499999998f,0f,0f,0f,1f],start_interpolation:0}
execute if entity @s[tag=aj.assembler.bone.bone15] run data modify entity @s {} merge value {transformation:[-0.6613118653236517f,0.7501110696304599f,1.2246467991473532e-16f,1.531195361832059e-16f,0.7501110696304599f,0.6613118653236517f,0f,0.5000000000000001f,-8.098734591067757e-17f,9.186211204279401e-17f,-1f,-1.4594062499999998f,0f,0f,0f,1f],start_interpolation:0}
execute if entity @s[tag=aj.assembler.bone.bone26] run data modify entity @s {} merge value {transformation:[-0.3667951876054786f,-0.9303017200615415f,1.2246467991473532e-16f,-0.5076910834719943f,-0.9303017200615415f,0.3667951876054786f,0f,0.3669239432392198f,-4.491945524437023e-17f,-1.139291023714644e-16f,-1f,-1.1156562499999998f,0f,0f,0f,1f],start_interpolation:0}
execute if entity @s[tag=aj.assembler.bone.arm5] run data modify entity @s {} merge value {transformation:[-0.923163953744645f,-0.3844064444134046f,1.2246467991473532e-16f,-0.995348579002281f,-0.3844064444134046f,0.923163953744645f,0f,0.16386284754982294f,-1.1305497810415948e-16f,-4.707621217224909e-17f,-1f,-1.1156562499999998f,0f,0f,0f,1f],start_interpolation:0}
execute if entity @s[tag=aj.assembler.bone.small_arm_base5] run data modify entity @s {} merge value {transformation:[-0.9460853588275457f,-0.3239174181981496f,1.2246467991473532e-16f,-1.01118172861349f,-0.3239174181981496f,0.9460853588275457f,0f,0.15844194879459472f,-1.158620406408329e-16f,-3.966844293844386e-17f,-1f,-1.0219062499999998f,0f,0f,0f,1f],start_interpolation:0}
execute if entity @s[tag=aj.assembler.bone.bone20] run data modify entity @s {} merge value {transformation:[0.6613118653236522f,-0.7501110696304597f,1.2246467991473532e-16f,1.531195361832059e-16f,-0.7501110696304597f,-0.6613118653236522f,0f,0.5000000000000001f,8.098734591067762e-17f,-9.186211204279399e-17f,-1f,-1.4594062499999998f,0f,0f,0f,1f],start_interpolation:0}
execute if entity @s[tag=aj.assembler.bone.bone11] run data modify entity @s {} merge value {transformation:[0.8180780272470282f,0.5751072433343294f,1.2246467991473532e-16f,-0.180282942934231f,0.5751072433343294f,-0.8180780272470282f,0f,0.9906178518758167f,1.0018566375208543e-16f,7.043032447158445e-17f,-1f,-1.1156562499999998f,0f,0f,0f,1f],start_interpolation:0}
execute if entity @s[tag=aj.assembler.bone.arm2] run data modify entity @s {} merge value {transformation:[0.2950410679282811f,-0.9554845724739569f,1.2246467991473532e-16f,-0.3361371524501768f,-0.9554845724739569f,-0.2950410679282811f,0f,1.4953485790022814f,3.613210994553864e-17f,-1.1701311233149086e-16f,-1f,-1.1156562499999998f,0f,0f,0f,1f],start_interpolation:0}
execute if entity @s[tag=aj.assembler.bone.small_arm_base2] run data modify entity @s {} merge value {transformation:[0.32391741819814934f,-0.9460853588275457f,1.2246467991473532e-16f,-0.341558051205405f,-0.9460853588275457f,-0.32391741819814934f,0f,1.5111817286134905f,3.9668442938443834e-17f,-1.158620406408329e-16f,-1f,-1.0219062499999998f,0f,0f,0f,1f],start_interpolation:0}
execute if entity @s[tag=aj.assembler.bone.bone2] run data modify entity @s {} merge value {transformation:[0.7501110696304598f,0.6613118653236519f,1.2246467991473532e-16f,1.531195361832059e-16f,0.6613118653236519f,-0.7501110696304598f,0f,0.5000000000000001f,9.1862112042794e-17f,8.098734591067759e-17f,-1f,-1.4594062499999998f,0f,0f,0f,1f],start_interpolation:0}
execute if entity @s[tag=aj.assembler.bone.ring] run data modify entity @s {} merge value {transformation:[1.3496367330467898f,1.1898648367903637f,2.2034447591230768e-16f,1.1102230246251565e-16f,1.1898648367903637f,-1.3496367330467898f,0f,0.5000000000000001f,1.652828305137442e-16f,1.457164163793307e-16f,-1.7992491881391441f,-1.1156562499999998f,0f,0f,0f,1f],start_interpolation:0}
execute if entity @s[tag=aj.assembler.bone.wheel] run data modify entity @s {} merge value {transformation:[-1f,9.907600726170909e-17f,7.198293278059977e-17f,1.0625f,0f,0.587785252292474f,-0.8090169943749468f,-0.6249999999999999f,-1.2246467991473532e-16f,-0.8090169943749468f,-0.587785252292474f,-1.2406562499999996f,0f,0f,0f,1f],start_interpolation:0}
execute if entity @s[tag=aj.assembler.bone.wheel2] run data modify entity @s {} merge value {transformation:[-1f,9.907600726170909e-17f,7.198293278059977e-17f,1.0625f,0f,0.587785252292474f,-0.8090169943749468f,-0.6249999999999999f,-1.2246467991473532e-16f,-0.8090169943749468f,-0.587785252292474f,-0.9906562499999996f,0f,0f,0f,1f],start_interpolation:0}
execute if entity @s[tag=aj.assembler.bone.rails] run data modify entity @s {} merge value {transformation:[-1.137300743709099f,0f,1.3927917154512523e-16f,-0.43749999999999994f,0f,1.137300743709099f,0f,-0.9999999999999999f,-1.3927917154512523e-16f,0f,-1.137300743709099f,-0.6781562499999998f,0f,0f,0f,1f],start_interpolation:0}
execute if entity @s[tag=aj.assembler.bone.wheel3] run data modify entity @s {} merge value {transformation:[-1f,9.907600726170909e-17f,7.198293278059977e-17f,-1.0625f,0f,0.587785252292474f,-0.8090169943749468f,-0.6249999999999999f,-1.2246467991473532e-16f,-0.8090169943749468f,-0.587785252292474f,-0.9906562499999998f,0f,0f,0f,1f],start_interpolation:0}
execute if entity @s[tag=aj.assembler.bone.wheel4] run data modify entity @s {} merge value {transformation:[-1f,9.907600726170909e-17f,7.198293278059977e-17f,-1.0625f,0f,0.587785252292474f,-0.8090169943749468f,-0.6249999999999999f,-1.2246467991473532e-16f,-0.8090169943749468f,-0.587785252292474f,-1.2406562499999998f,0f,0f,0f,1f],start_interpolation:0}
execute if entity @s[tag=aj.assembler.bone.rails2] run data modify entity @s {} merge value {transformation:[-1.2038220325092979f,0f,1.4742567988555726e-16f,0.4375f,0f,1.2038220325092979f,0f,-0.9999999999999999f,-1.4742567988555726e-16f,0f,-1.2038220325092979f,-0.6781562499999997f,0f,0f,0f,1f],start_interpolation:0}
execute if entity @s[tag=aj.assembler.bone.bone6] run data modify entity @s {} merge value {transformation:[-0.9479937972522533f,-0.022017913657237334f,-0.3175263325291872f,0.5427059087539486f,0f,0.997604478289323f,-0.0691758982383881f,0.47405686843199013f,0.3182888002604765f,-0.06557832244934492f,-0.9457228575293484f,-0.8205008206817604f,0f,0f,0f,1f],start_interpolation:0}
execute if entity @s[tag=aj.assembler.bone.bone5] run data modify entity @s {} merge value {transformation:[-0.9479937972522533f,-0.15407159299688183f,-0.27851338316615365f,0.5053736046633813f,0f,0.8750335636636537f,-0.4840622506063519f,0.4130753127263027f,0.3182888002604765f,-0.45888801105878735f,-0.8295263907406785f,-0.9316916407358439f,0f,0f,0f,1f],start_interpolation:0}
execute if entity @s[tag=aj.assembler.bone.bone4] run data modify entity @s {} merge value {transformation:[-0.9479937972522533f,-0.15407159299688183f,-0.27851338316615365f,1.022918542843886f,0f,0.8750335636636537f,-0.4840622506063519f,0.20492473390285104f,0.3182888002604765f,-0.45888801105878735f,-0.8295263907406785f,0.020680516080069267f,0f,0f,0f,1f],start_interpolation:0}
execute if entity @s[tag=aj.assembler.bone.bone3] run data modify entity @s {} merge value {transformation:[-0.9479937972522533f,-0.0603493478545573f,-0.31251514616860276f,0.8691067561478532f,0f,0.9818603290874552f,-0.18960562798681413f,-0.234375f,0.3182888002604765f,-0.17974495925561804f,-0.9307975017429637f,-0.24107113733640562f,0f,0f,0f,1f],start_interpolation:0}
execute if entity @s[tag=aj.assembler.bone.octagon] run data modify entity @s {} merge value {transformation:[-0.9479937972522533f,0f,-0.3182888002604765f,0.859375f,0f,1f,0f,-0.40625f,0.3182888002604765f,0f,-0.9479937972522533f,-0.1718749999999999f,0f,0f,0f,1f],start_interpolation:0}
execute if entity @s[tag=aj.assembler.bone.bone10] run data modify entity @s {} merge value {transformation:[-0.8826412633831182f,-0.010094793159609428f,0.4699388208315178f,-0.5921154345172432f,0f,0.9997693614280221f,0.021476125111504762f,0.6558488407860602f,-0.47004723185383485f,0.018955714200992513f,-0.8824376922625629f,-0.47427933491825064f,0f,0f,0f,1f],start_interpolation:0}
execute if entity @s[tag=aj.assembler.bone.bone9] run data modify entity @s {} merge value {transformation:[-0.8826412633831182f,0.07323531117540567f,0.4643069990539602f,-0.5305061692766727f,0f,0.9877879659513461f,-0.15580415373699896f,0.6386323580384254f,-0.47004723185383485f,-0.1375191750947623f,-0.8718624182219368f,-0.5899674530964518f,0f,0f,0f,1f],start_interpolation:0}
execute if entity @s[tag=aj.assembler.bone.bone8] run data modify entity @s {} merge value {transformation:[-0.8826412633831182f,0.07323531117540567f,0.4643069990539602f,-1.0500650754595617f,0f,0.9877879659513461f,-0.15580415373699896f,0.2082345487947742f,-0.47004723185383485f,-0.1375191750947623f,-0.8718624182219368f,-0.013250665964063935f,0f,0f,0f,1f],start_interpolation:0}
execute if entity @s[tag=aj.assembler.bone.bone7] run data modify entity @s {} merge value {transformation:[-0.8826412633831182f,0.09430264559306578f,0.4604904029484234f,-0.8575795874898576f,0f,0.9796683646710993f,-0.20062376544829857f,-0.234375f,-0.47004723185383485f,-0.17707881379996462f,-0.8646957230897725f,-0.24172905495687724f,0f,0f,0f,1f],start_interpolation:0}
execute if entity @s[tag=aj.assembler.bone.octagon2] run data modify entity @s {} merge value {transformation:[-0.8826412633831182f,0f,0.47004723185383485f,-0.8593749999999999f,0f,1f,0f,-0.40625f,-0.47004723185383485f,0f,-0.8826412633831182f,-0.171875f,0f,0f,0f,1f],start_interpolation:0}