execute if entity @s[tag=aj.assembler.bone.bone21] run data modify entity @s {} merge value {transformation:[0.7485713673038077f,0.6630542270832066f,1.2246467991473532e-16f,-0.09378198022628892f,0.6630542270832066f,-0.7485713673038077f,0f,-0.06680476957878262f,9.167355289019657e-17f,8.120072368585715e-17f,-1f,-1.9130000000000003f,0f,0f,0f,1f],start_interpolation:0}
execute if entity @s[tag=aj.assembler.bone.arm4] run data modify entity @s {} merge value {transformation:[-0.7048818539423614f,-0.7093247295722743f,1.2246467991473532e-16f,-0.46613286995064984f,-0.7093247295722743f,0.7048818539423614f,0f,-0.44150258976316364f,-8.63231306207565e-17f,-8.686722596267478e-17f,-1f,-1.9130000000000003f,0f,0f,0f,1f],start_interpolation:0}
execute if entity @s[tag=aj.assembler.bone.small_arm_base4] run data modify entity @s {} merge value {transformation:[-0.43993916985591486f,-0.8980275757606161f,1.2246467991473532e-16f,-0.47349544313832936f,-0.8980275757606161f,0.43993916985591486f,0f,-0.45653147149073836f,-5.387700961835899e-17f,-1.0997665962012959e-16f,-1f,-1.8192500000000003f,0f,0f,0f,1f],start_interpolation:0}
execute if entity @s[tag=aj.assembler.bone.bone25] run data modify entity @s {} merge value {transformation:[0.9980267284282718f,-0.0627905195293129f,1.2246467991473532e-16f,2.6414183864572156e-16f,-0.0627905195293129f,-0.9980267284282718f,0f,0.5000000000000001f,1.2222302384331878e-16f,-7.689620875837241e-18f,-1f,-2.2567500000000003f,0f,0f,0f,1f],start_interpolation:0}
execute if entity @s[tag=aj.assembler.bone.bone16] run data modify entity @s {} merge value {transformation:[-0.8985362669198081f,0.43889927891238983f,1.2246467991473532e-16f,0.49810802129289483f,0.43889927891238983f,0.8985362669198081f,0f,0.32099932639889495f,-1.1003895632011551e-16f,5.374965970681397e-17f,-1f,-1.9130000000000003f,0f,0f,0f,1f],start_interpolation:0}
execute if entity @s[tag=aj.assembler.bone.arm3] run data modify entity @s {} merge value {transformation:[0.8393716627954353f,-0.5435579193572904f,1.2246467991473532e-16f,0.9415025897631639f,-0.5435579193572904f,-0.8393716627954353f,0f,0.03386713004934981f,1.0279338201374215e-16f,-6.656664660921008e-17f,-1f,-1.9130000000000003f,0f,0f,0f,1f],start_interpolation:0}
execute if entity @s[tag=aj.assembler.bone.small_arm_base3] run data modify entity @s {} merge value {transformation:[0.898027575760616f,-0.4399391698559151f,1.2246467991473532e-16f,0.9565314714907386f,-0.4399391698559151f,-0.898027575760616f,0f,0.026504556861670303f,1.0997665962012958e-16f,-5.387700961835901e-17f,-1f,-1.8192500000000003f,0f,0f,0f,1f],start_interpolation:0}
execute if entity @s[tag=aj.assembler.bone.bone15] run data modify entity @s {} merge value {transformation:[0.06279051952931312f,0.9980267284282718f,1.2246467991473532e-16f,2.6414183864572156e-16f,0.9980267284282718f,-0.06279051952931312f,0f,0.5000000000000001f,7.689620875837269e-18f,1.2222302384331878e-16f,-1f,-2.2567500000000003f,0f,0f,0f,1f],start_interpolation:0}
execute if entity @s[tag=aj.assembler.bone.bone26] run data modify entity @s {} merge value {transformation:[-0.7168230374275357f,0.6972551419768535f,1.2246467991473532e-16f,-0.42844436232501615f,0.6972551419768535f,0.7168230374275357f,0f,0.8403755767725763f,-8.778550383407152e-17f,8.53891277810987e-17f,-1f,-1.9130000000000003f,0f,0f,0f,1f],start_interpolation:0}
execute if entity @s[tag=aj.assembler.bone.arm5] run data modify entity @s {} merge value {transformation:[-0.9712490140810388f,0.23806585779277675f,1.2246467991473532e-16f,-0.9415025897631637f,0.23806585779277675f,0.9712490140810388f,0f,0.96613286995065f,-1.189436996269367e-16f,2.91546590732193e-17f,-1f,-1.9130000000000003f,0f,0f,0f,1f],start_interpolation:0}
execute if entity @s[tag=aj.assembler.bone.small_arm_base5] run data modify entity @s {} merge value {transformation:[-0.8980275757606162f,0.43993916985591464f,1.2246467991473532e-16f,-0.9565314714907384f,0.43993916985591464f,0.8980275757606162f,0f,0.9734954431383295f,-1.099766596201296e-16f,5.387700961835896e-17f,-1f,-1.8192500000000003f,0f,0f,0f,1f],start_interpolation:0}
execute if entity @s[tag=aj.assembler.bone.bone20] run data modify entity @s {} merge value {transformation:[-0.06279051952931268f,-0.9980267284282718f,1.2246467991473532e-16f,2.6414183864572156e-16f,-0.9980267284282718f,0.06279051952931268f,0f,0.5000000000000001f,-7.689620875837213e-18f,-1.2222302384331878e-16f,-1f,-2.2567500000000003f,0f,0f,0f,1f],start_interpolation:0}
execute if entity @s[tag=aj.assembler.bone.bone11] run data modify entity @s {} merge value {transformation:[0.9038853280126294f,-0.42777484007769967f,1.2246467991473532e-16f,0.04595526893621993f,-0.42777484007769967f,-0.9038853280126294f,0f,1.1213550844859743f,1.1069402737469224e-16f,-5.2387308865692575e-17f,-1f,-1.9130000000000003f,0f,0f,0f,1f],start_interpolation:0}
execute if entity @s[tag=aj.assembler.bone.arm2] run data modify entity @s {} merge value {transformation:[-0.7954205953619569f,-0.6060578161149566f,1.2246467991473532e-16f,0.4661328699506503f,-0.6060578161149566f,0.7954205953619569f,0f,1.4415025897631637f,-9.741092860859026e-17f,-7.42206764603417e-17f,-1f,-1.9130000000000003f,0f,0f,0f,1f],start_interpolation:0}
execute if entity @s[tag=aj.assembler.bone.small_arm_base2] run data modify entity @s {} merge value {transformation:[-0.43993916985591486f,-0.8980275757606161f,1.2246467991473532e-16f,0.4734954431383298f,-0.8980275757606161f,0.43993916985591486f,0f,1.4565314714907385f,-5.387700961835899e-17f,-1.0997665962012959e-16f,-1f,-1.8192500000000003f,0f,0f,0f,1f],start_interpolation:0}
execute if entity @s[tag=aj.assembler.bone.bone2] run data modify entity @s {} merge value {transformation:[0.9980267284282718f,-0.0627905195293129f,1.2246467991473532e-16f,2.6414183864572156e-16f,-0.0627905195293129f,-0.9980267284282718f,0f,0.5000000000000001f,1.2222302384331878e-16f,-7.689620875837241e-18f,-1f,-2.2567500000000003f,0f,0f,0f,1f],start_interpolation:0}
execute if entity @s[tag=aj.assembler.bone.ring] run data modify entity @s {} merge value {transformation:[1.795698780865734f,-0.11297579128595131f,2.2034447591230768e-16f,2.220446049250313e-16f,-0.11297579128595131f,-1.795698780865734f,0f,0.5000000000000001f,2.1990967642200258e-16f,-1.383554411794797e-17f,-1.7992491881391441f,-1.9130000000000003f,0f,0f,0f,1f],start_interpolation:0}
execute if entity @s[tag=aj.assembler.bone.wheel] run data modify entity @s {} merge value {transformation:[-1f,-7.198293278059952e-17f,9.907600726170927e-17f,1.0625000000000002f,0f,0.8090169943749483f,0.5877852522924719f,-0.6249999999999999f,-1.2246467991473532e-16f,0.5877852522924719f,-0.8090169943749483f,-2.0380000000000003f,0f,0f,0f,1f],start_interpolation:0}
execute if entity @s[tag=aj.assembler.bone.wheel2] run data modify entity @s {} merge value {transformation:[-1f,-7.198293278059952e-17f,9.907600726170927e-17f,1.0625000000000002f,0f,0.8090169943749483f,0.5877852522924719f,-0.6249999999999999f,-1.2246467991473532e-16f,0.5877852522924719f,-0.8090169943749483f,-1.788f,0f,0f,0f,1f],start_interpolation:0}
execute if entity @s[tag=aj.assembler.bone.rails] run data modify entity @s {} merge value {transformation:[-1.137300743709099f,0f,1.3927917154512523e-16f,-0.43749999999999983f,0f,1.137300743709099f,0f,-0.9999999999999999f,-1.3927917154512523e-16f,0f,-1.137300743709099f,-1.4755000000000003f,0f,0f,0f,1f],start_interpolation:0}
execute if entity @s[tag=aj.assembler.bone.wheel3] run data modify entity @s {} merge value {transformation:[-1f,-7.198293278059952e-17f,9.907600726170927e-17f,-1.0625f,0f,0.8090169943749483f,0.5877852522924719f,-0.6249999999999999f,-1.2246467991473532e-16f,0.5877852522924719f,-0.8090169943749483f,-1.7880000000000005f,0f,0f,0f,1f],start_interpolation:0}
execute if entity @s[tag=aj.assembler.bone.wheel4] run data modify entity @s {} merge value {transformation:[-1f,-7.198293278059952e-17f,9.907600726170927e-17f,-1.0625f,0f,0.8090169943749483f,0.5877852522924719f,-0.6249999999999999f,-1.2246467991473532e-16f,0.5877852522924719f,-0.8090169943749483f,-2.0380000000000003f,0f,0f,0f,1f],start_interpolation:0}
execute if entity @s[tag=aj.assembler.bone.rails2] run data modify entity @s {} merge value {transformation:[-1.2038220325092979f,0f,1.4742567988555726e-16f,0.4375000000000001f,0f,1.2038220325092979f,0f,-0.9999999999999999f,-1.4742567988555726e-16f,0f,-1.2038220325092979f,-1.4755000000000003f,0f,0f,0f,1f],start_interpolation:0}
execute if entity @s[tag=aj.assembler.bone.bone6] run data modify entity @s {} merge value {transformation:[-0.20708141419739567f,-0.9702163826659446f,-0.1256879417470761f,-0.266320098012078f,0f,0.12847275400328423f,-0.9917130388770794f,0.3779467683138984f,0.9783237132432224f,-0.20536533856866246f,-0.026604319584834238f,-0.314323282674684f,0f,0f,0f,1f],start_interpolation:0}
execute if entity @s[tag=aj.assembler.bone.bone5] run data modify entity @s {} merge value {transformation:[-0.20708141419739567f,-0.632601047455383f,-0.7462795740554334f,-0.3671029163468117f,0f,0.7628145612268318f,-0.646617309681945f,0.2950999783100441f,0.9783237132432224f,-0.1339024269334525f,-0.1579647181092182f,-0.33565594410877037f,0f,0f,0f,1f],start_interpolation:0}
execute if entity @s[tag=aj.assembler.bone.bone4] run data modify entity @s {} merge value {transformation:[-0.20708141419739567f,-0.632601047455383f,-0.7462795740554334f,0.9216238627373815f,0f,0.7628145612268318f,-0.646617309681945f,0.28519568764493386f,0.9783237132432224f,-0.1339024269334525f,-0.1579647181092182f,-0.25452598389990766f,0f,0f,0f,1f],start_interpolation:0}
execute if entity @s[tag=aj.assembler.bone.bone3] run data modify entity @s {} merge value {transformation:[-0.20708141419739567f,-0.5391041495933989f,-0.8163847155509375f,0.8047010621159673f,0f,0.8344729914033833f,-0.5510488423164404f,-0.234375f,0.9783237132432224f,-0.11411197355872617f,-0.1728038471693438f,-0.21539020442618784f,0f,0f,0f,1f],start_interpolation:0}
execute if entity @s[tag=aj.assembler.bone.octagon] run data modify entity @s {} merge value {transformation:[-0.20708141419739567f,0f,-0.9783237132432224f,0.859375f,0f,1f,0f,-0.40625f,0.9783237132432224f,0f,-0.20708141419739567f,-0.1718749999999999f,0f,0f,0f,1f],start_interpolation:0}
execute if entity @s[tag=aj.assembler.bone.bone10] run data modify entity @s {} merge value {transformation:[-0.9878399186940353f,0.008609786307764232f,0.15523584191254425f,-0.559278405274099f,0f,0.9984654882936196f,-0.05537751065716259f,0.797400413407325f,-0.1554744192288937f,-0.054704115625049565f,-0.9863240667747694f,-1.4756097027228583f,0f,0f,0f,1f],start_interpolation:0}
execute if entity @s[tag=aj.assembler.bone.bone9] run data modify entity @s {} merge value {transformation:[-0.9878399186940353f,0.045806409103756225f,0.14857344284757323f,-0.5394876753206358f,0f,0.9556134287843157f,-0.2946234456506878f,0.7617287864267384f,-0.1554744192288937f,-0.291040800596932f,-0.9439930917932267f,-1.6013543311002287f,0f,0f,0f,1f],start_interpolation:0}
execute if entity @s[tag=aj.assembler.bone.bone8] run data modify entity @s {} merge value {transformation:[-0.9878399186940353f,0.045806409103756225f,0.14857344284757323f,-0.9076903849213264f,0f,0.9556134287843157f,-0.2946234456506878f,0.247069073756094f,-0.1554744192288937f,-0.291040800596932f,-0.9439930917932267f,-0.46788597283978794f,0f,0f,0f,1f],start_interpolation:0}
execute if entity @s[tag=aj.assembler.bone.bone7] run data modify entity @s {} merge value {transformation:[-0.9878399186940353f,0.1459062586838065f,0.05369970867198385f,-0.8805278462573827f,0f,0.3453925664319457f,-0.9384582969176383f,-0.234375f,-0.1554744192288937f,-0.9270465677248626f,-0.34119256474165743f,-0.23847357051928014f,0f,0f,0f,1f],start_interpolation:0}
execute if entity @s[tag=aj.assembler.bone.octagon2] run data modify entity @s {} merge value {transformation:[-0.9878399186940353f,0f,0.1554744192288937f,-0.8593749999999999f,0f,1f,0f,-0.40625f,-0.1554744192288937f,0f,-0.9878399186940353f,-0.171875f,0f,0f,0f,1f],start_interpolation:0}