execute if entity @s[tag=aj.assembler.bone.bone21] run data modify entity @s {} merge value {transformation:[0.9441769966137779f,0.3294386119831527f,1.2246467991473532e-16f,0.37911290055493896f,0.3294386119831527f,-0.9441769966137779f,0f,0.1174343359529404f,1.1562833367316243e-16f,4.034459416807147e-17f,-1f,-1.8843437500000002f,0f,0f,0f,1f],start_interpolation:0}
execute if entity @s[tag=aj.assembler.bone.arm4] run data modify entity @s {} merge value {transformation:[0.9046526633593497f,-0.4261496904572799f,1.2246467991473532e-16f,0.8569918844008061f,-0.4261496904572799f,-0.9046526633593497f,0f,-0.10767745478199928f,1.1078799885231555e-16f,-5.2188285437614324e-17f,-1f,-1.8843437500000002f,0f,0f,0f,1f],start_interpolation:0}
execute if entity @s[tag=aj.assembler.bone.small_arm_base4] run data modify entity @s {} merge value {transformation:[0.8181497174250235f,-0.5750052520432786f,1.2246467991473532e-16f,0.8706839754573807f,-0.5750052520432786f,-0.8181497174250235f,0f,-0.11730041754945475f,1.0019444326678665e-16f,-7.041783414077183e-17f,-1f,-1.7905937500000002f,0f,0f,0f,1f],start_interpolation:0}
execute if entity @s[tag=aj.assembler.bone.bone25] run data modify entity @s {} merge value {transformation:[0.2181432413965425f,0.9759167619387473f,1.2246467991473532e-16f,2.6414183864572156e-16f,0.9759167619387473f,-0.2181432413965425f,0f,0.5000000000000001f,2.6714842233190418e-17f,1.1951533387425365e-16f,-1f,-2.22809375f,0f,0f,0f,1f],start_interpolation:0}
execute if entity @s[tag=aj.assembler.bone.bone16] run data modify entity @s {} merge value {transformation:[-0.7014672714046541f,0.7127016677040325f,1.2246467991473532e-16f,0.6248197923176825f,0.7127016677040325f,0.7014672714046541f,0f,0.8290242890000444f,-8.590496486323374e-17f,8.728078161007242e-17f,-1f,-1.8843437500000002f,0f,0f,0f,1f],start_interpolation:0}
execute if entity @s[tag=aj.assembler.bone.arm3] run data modify entity @s {} merge value {transformation:[-0.03245144028527108f,0.9994733133122723f,1.2246467991473532e-16f,0.6076774547819999f,0.9994733133122723f,0.03245144028527108f,0f,1.3569918844008062f,-3.974155247307854e-18f,1.224001793981074e-16f,-1f,-1.8843437500000002f,0f,0f,0f,1f],start_interpolation:0}
execute if entity @s[tag=aj.assembler.bone.small_arm_base3] run data modify entity @s {} merge value {transformation:[0.5750052520432788f,0.8181497174250234f,1.2246467991473532e-16f,0.6173004175494553f,0.8181497174250234f,-0.5750052520432788f,0f,1.3706839754573807f,7.041783414077185e-17f,1.0019444326678664e-16f,-1f,-1.7905937500000002f,0f,0f,0f,1f],start_interpolation:0}
execute if entity @s[tag=aj.assembler.bone.bone15] run data modify entity @s {} merge value {transformation:[-0.9759167619387473f,0.21814324139654273f,1.2246467991473532e-16f,2.6414183864572156e-16f,0.21814324139654273f,0.9759167619387473f,0f,0.5000000000000001f,-1.1951533387425365e-16f,2.6714842233190445e-17f,-1f,-2.22809375f,0f,0f,0f,1f],start_interpolation:0}
execute if entity @s[tag=aj.assembler.bone.bone26] run data modify entity @s {} merge value {transformation:[0.45410157476496477f,-0.8909499199146825f,1.2246467991473532e-16f,-0.3066331616069088f,-0.8909499199146825f,-0.45410157476496477f,0f,0.07707720580968141f,5.561140400236866e-17f,-1.0910989676241067e-16f,-1f,-1.8843437500000002f,0f,0f,0f,1f],start_interpolation:0}
execute if entity @s[tag=aj.assembler.bone.arm5] run data modify entity @s {} merge value {transformation:[-0.5698943264218074f,-0.8217179909873183f,1.2246467991473532e-16f,-0.607677454781999f,-0.8217179909873183f,0.5698943264218074f,0f,-0.35699188440080587f,-6.979192627047033e-17f,-1.006314307464413e-16f,-1f,-1.8843437500000002f,0f,0f,0f,1f],start_interpolation:0}
execute if entity @s[tag=aj.assembler.bone.small_arm_base5] run data modify entity @s {} merge value {transformation:[-0.5750052520432785f,-0.8181497174250236f,1.2246467991473532e-16f,-0.6173004175494544f,-0.8181497174250236f,0.5750052520432785f,0f,-0.3706839754573805f,-7.04178341407718e-17f,-1.0019444326678666e-16f,-1f,-1.7905937500000002f,0f,0f,0f,1f],start_interpolation:0}
execute if entity @s[tag=aj.assembler.bone.bone20] run data modify entity @s {} merge value {transformation:[0.9759167619387473f,-0.2181432413965423f,1.2246467991473532e-16f,2.6414183864572156e-16f,-0.2181432413965423f,-0.9759167619387473f,0f,0.5000000000000001f,1.1951533387425365e-16f,-2.671484223319039e-17f,-1f,-2.22809375f,0f,0f,0f,1f],start_interpolation:0}
execute if entity @s[tag=aj.assembler.bone.bone11] run data modify entity @s {} merge value {transformation:[0.9396747113649789f,-0.34206934504738035f,1.2246467991473532e-16f,-0.3335574540601348f,-0.34206934504738035f,-0.9396747113649789f,0f,1.178811403522296f,1.1507696275128343e-16f,-4.18914128498706e-17f,-1f,-1.8843437500000002f,0f,0f,0f,1f],start_interpolation:0}
execute if entity @s[tag=aj.assembler.bone.arm2] run data modify entity @s {} merge value {transformation:[0.9908917686457642f,0.13466069519376977f,1.2246467991473532e-16f,-0.8569918844008056f,0.13466069519376977f,-0.9908917686457642f,0f,1.1076774547819994f,1.2134924327734948e-16f,1.6491178934000735e-17f,-1f,-1.8843437500000002f,0f,0f,0f,1f],start_interpolation:0}
execute if entity @s[tag=aj.assembler.bone.small_arm_base2] run data modify entity @s {} merge value {transformation:[0.8181497174250235f,-0.5750052520432786f,1.2246467991473532e-16f,-0.8706839754573803f,-0.5750052520432786f,-0.8181497174250235f,0f,1.117300417549455f,1.0019444326678665e-16f,-7.041783414077183e-17f,-1f,-1.7905937500000002f,0f,0f,0f,1f],start_interpolation:0}
execute if entity @s[tag=aj.assembler.bone.bone2] run data modify entity @s {} merge value {transformation:[0.2181432413965425f,0.9759167619387473f,1.2246467991473532e-16f,2.6414183864572156e-16f,0.9759167619387473f,-0.2181432413965425f,0f,0.5000000000000001f,2.6714842233190418e-17f,1.1951533387425365e-16f,-1f,-2.22809375f,0f,0f,0f,1f],start_interpolation:0}
execute if entity @s[tag=aj.assembler.bone.ring] run data modify entity @s {} merge value {transformation:[0.3924940499807705f,1.7559174416096734f,2.2034447591230768e-16f,2.220446049250313e-16f,1.7559174416096734f,-0.3924940499807705f,0f,0.5000000000000001f,4.806665819933318e-17f,2.1503786744342963e-16f,-1.7992491881391441f,-1.8843437500000002f,0f,0f,0f,1f],start_interpolation:0}
execute if entity @s[tag=aj.assembler.bone.wheel] run data modify entity @s {} merge value {transformation:[-1f,-9.907600726170911e-17f,7.198293278059974e-17f,1.0625000000000002f,0f,0.5877852522924737f,0.809016994374947f,-0.6249999999999999f,-1.2246467991473532e-16f,0.809016994374947f,-0.5877852522924737f,-2.00934375f,0f,0f,0f,1f],start_interpolation:0}
execute if entity @s[tag=aj.assembler.bone.wheel2] run data modify entity @s {} merge value {transformation:[-1f,-9.907600726170911e-17f,7.198293278059974e-17f,1.0625000000000002f,0f,0.5877852522924737f,0.809016994374947f,-0.6249999999999999f,-1.2246467991473532e-16f,0.809016994374947f,-0.5877852522924737f,-1.75934375f,0f,0f,0f,1f],start_interpolation:0}
execute if entity @s[tag=aj.assembler.bone.rails] run data modify entity @s {} merge value {transformation:[-1.137300743709099f,0f,1.3927917154512523e-16f,-0.43749999999999983f,0f,1.137300743709099f,0f,-0.9999999999999999f,-1.3927917154512523e-16f,0f,-1.137300743709099f,-1.4468437500000002f,0f,0f,0f,1f],start_interpolation:0}
execute if entity @s[tag=aj.assembler.bone.wheel3] run data modify entity @s {} merge value {transformation:[-1f,-9.907600726170911e-17f,7.198293278059974e-17f,-1.0625f,0f,0.5877852522924737f,0.809016994374947f,-0.6249999999999999f,-1.2246467991473532e-16f,0.809016994374947f,-0.5877852522924737f,-1.7593437500000004f,0f,0f,0f,1f],start_interpolation:0}
execute if entity @s[tag=aj.assembler.bone.wheel4] run data modify entity @s {} merge value {transformation:[-1f,-9.907600726170911e-17f,7.198293278059974e-17f,-1.0625f,0f,0.5877852522924737f,0.809016994374947f,-0.6249999999999999f,-1.2246467991473532e-16f,0.809016994374947f,-0.5877852522924737f,-2.00934375f,0f,0f,0f,1f],start_interpolation:0}
execute if entity @s[tag=aj.assembler.bone.rails2] run data modify entity @s {} merge value {transformation:[-1.2038220325092979f,0f,1.4742567988555726e-16f,0.4375000000000001f,0f,1.2038220325092979f,0f,-0.9999999999999999f,-1.4742567988555726e-16f,0f,-1.2038220325092979f,-1.4468437500000002f,0f,0f,0f,1f],start_interpolation:0}
execute if entity @s[tag=aj.assembler.bone.bone6] run data modify entity @s {} merge value {transformation:[-0.9322645192591459f,0.10497602195548424f,-0.3462122195199287f,0.27003063428994023f,0f,0.9569758844012222f,0.29016746315618985f,0.5596293589503804f,0.3617773709486451f,0.27051283054395125f,-0.8921546628139013f,-1.4314198979628383f,0f,0f,0f,1f],start_interpolation:0}
execute if entity @s[tag=aj.assembler.bone.bone5] run data modify entity @s {} merge value {transformation:[-0.9322645192591459f,-0.1510594533634479f,-0.3287307525621081f,0.22607228429594817f,0f,0.9086548218870548f,-0.41754809862027287f,0.5075526095198176f,0.3617773709486451f,-0.38926527742779904f,-0.8471066506990399f,-1.5446962201305716f,0f,0f,0f,1f],start_interpolation:0}
execute if entity @s[tag=aj.assembler.bone.bone4] run data modify entity @s {} merge value {transformation:[-0.9322645192591459f,-0.1510594533634479f,-0.3287307525621081f,0.8094588771691211f,0f,0.9086548218870548f,-0.41754809862027287f,0.1907408403182741f,0.3617773709486451f,-0.38926527742779904f,-0.8471066506990399f,-0.5596411830709789f,0f,0f,0f,1f],start_interpolation:0}
execute if entity @s[tag=aj.assembler.bone.bone3] run data modify entity @s {} merge value {transformation:[-0.9322645192591459f,-0.358002835848137f,-0.05212327364244758f,0.865897180542558f,0f,0.14407554984926507f,-0.9895666909994658f,-0.234375f,0.3617773709486451f,-0.9225379154594807f,-0.1343165232172222f,-0.24144707529584167f,0f,0f,0f,1f],start_interpolation:0}
execute if entity @s[tag=aj.assembler.bone.octagon] run data modify entity @s {} merge value {transformation:[-0.9322645192591459f,0f,-0.3617773709486451f,0.859375f,0f,1f,0f,-0.40625f,0.3617773709486451f,0f,-0.9322645192591459f,-0.1718749999999999f,0f,0f,0f,1f],start_interpolation:0}
execute if entity @s[tag=aj.assembler.bone.bone10] run data modify entity @s {} merge value {transformation:[0.6982231300680003f,-0.5741279663999577f,0.42762312710550815f,-0.5787102179654565f,0f,0.5973389502224922f,0.8019888892915481f,0.4318714025258384f,-0.715880199920381f,-0.5599671925609037f,0.4170758715358819f,0.2328248962175987f,0f,0f,0f,1f],start_interpolation:0}
execute if entity @s[tag=aj.assembler.bone.bone9] run data modify entity @s {} merge value {transformation:[0.6982231300680003f,0.34666940181229744f,0.6263423875845769f,-0.4947538325721159f,0f,0.8749262623190832f,-0.48425616723420134f,0.3708638538817452f,-0.715880199920381f,0.3381188568409971f,0.6108937534551265f,0.31471051088476404f,0f,0f,0f,1f],start_interpolation:0}
execute if entity @s[tag=aj.assembler.bone.bone8] run data modify entity @s {} merge value {transformation:[0.6982231300680003f,0.34666940181229744f,0.6263423875845769f,-0.8870834186871703f,0f,0.8749262623190832f,-0.48425616723420134f,0.25972888874832045f,-0.715880199920381f,0.3381188568409971f,0.6108937534551265f,-0.3298576608384605f,0f,0f,0f,1f],start_interpolation:0}
execute if entity @s[tag=aj.assembler.bone.bone7] run data modify entity @s {} merge value {transformation:[0.6982231300680003f,0.2877464547100213f,0.6555047203795396f,-0.792813014690351f,0f,0.9156625933395611f,-0.40194777665596004f,-0.234375f,-0.715880199920381f,0.28064923474059794f,0.6393368020077308f,-0.15060731061826188f,0f,0f,0f,1f],start_interpolation:0}
execute if entity @s[tag=aj.assembler.bone.octagon2] run data modify entity @s {} merge value {transformation:[0.6982231300680003f,0f,0.715880199920381f,-0.8593749999999999f,0f,1f,0f,-0.40625f,-0.715880199920381f,0f,0.6982231300680003f,-0.171875f,0f,0f,0f,1f],start_interpolation:0}