execute if entity @s[tag=aj.assembler.bone.bone21] run data modify entity @s {} merge value {transformation:[0.10571494885185809f,-0.9943964750486849f,1.2246467991473532e-16f,-0.7068433927067418f,-0.9943964750486849f,-0.10571494885185809f,0f,0.5584822570426686f,1.2946347373345409e-17f,-1.2177844602517825e-16f,-1f,-1.19921875f,0f,0f,0f,1f],start_interpolation:0}
execute if entity @s[tag=aj.assembler.bone.arm4] run data modify entity @s {} merge value {transformation:[-0.3532707531399722f,0.9355211248154247f,1.2246467991473532e-16f,-0.8934571897701287f,0.9355211248154247f,0.3532707531399722f,0f,1.052667376481766f,-4.326318970652416e-17f,1.1456829510399412e-16f,-1f,-1.19921875f,0f,0f,0f,1f],start_interpolation:0}
execute if entity @s[tag=aj.assembler.bone.small_arm_base4] run data modify entity @s {} merge value {transformation:[-0.8526401643540926f,0.5224985647159488f,1.2246467991473532e-16f,-0.9077264934442436f,0.5224985647159488f,0.8526401643540926f,0f,1.0614116170194716f,-1.0441830481007126e-16f,6.398761948384729e-17f,-1f,-1.10546875f,0f,0f,0f,1f],start_interpolation:0}
execute if entity @s[tag=aj.assembler.bone.bone25] run data modify entity @s {} merge value {transformation:[-0.15643446504023062f,-0.9876883405951379f,1.2246467991473532e-16f,1.531195361832059e-16f,-0.9876883405951379f,0.15643446504023062f,0f,0.5000000000000001f,-1.9157696688784695e-17f,-1.2095693648649964e-16f,-1f,-1.54296875f,0f,0f,0f,1f],start_interpolation:0}
execute if entity @s[tag=aj.assembler.bone.bone16] run data modify entity @s {} merge value {transformation:[-0.3706967447732016f,-0.9287539627988417f,1.2246467991473532e-16f,-0.595154175295657f,-0.9287539627988417f,0.3706967447732016f,0f,0.1330772473334646f,-4.5397258194084453e-17f,-1.1373955677370213e-16f,-1f,-1.19921875f,0f,0f,0f,1f],start_interpolation:0}
execute if entity @s[tag=aj.assembler.bone.arm3] run data modify entity @s {} merge value {transformation:[0.08042997705250926f,-0.9967602614427069f,1.2246467991473532e-16f,-0.5526673764817658f,-0.9967602614427069f,-0.08042997705250926f,0f,-0.39345718977012867f,9.849831395285057e-18f,-1.2206792636930898e-16f,-1f,-1.19921875f,0f,0f,0f,1f],start_interpolation:0}
execute if entity @s[tag=aj.assembler.bone.small_arm_base3] run data modify entity @s {} merge value {transformation:[-0.522498564715949f,-0.8526401643540925f,1.2246467991473532e-16f,-0.5614116170194715f,-0.8526401643540925f,0.522498564715949f,0f,-0.4077264934442436f,-6.398761948384731e-17f,-1.0441830481007125e-16f,-1f,-1.10546875f,0f,0f,0f,1f],start_interpolation:0}
execute if entity @s[tag=aj.assembler.bone.bone15] run data modify entity @s {} merge value {transformation:[0.9876883405951379f,-0.15643446504023084f,1.2246467991473532e-16f,1.531195361832059e-16f,-0.15643446504023084f,-0.9876883405951379f,0f,0.5000000000000001f,1.2095693648649964e-16f,-1.9157696688784723e-17f,-1f,-1.54296875f,0f,0f,0f,1f],start_interpolation:0}
execute if entity @s[tag=aj.assembler.bone.bone26] run data modify entity @s {} merge value {transformation:[0.010454785086604856f,0.9999453472409348f,1.2246467991473532e-16f,0.5199257676586146f,0.9999453472409348f,-0.010454785086604856f,0f,0.8662270421295357f,1.2803419092084126e-18f,1.2245798688208995e-16f,-1f,-1.19921875f,0f,0f,0f,1f],start_interpolation:0}
execute if entity @s[tag=aj.assembler.bone.arm5] run data modify entity @s {} merge value {transformation:[0.061981766568096175f,0.9980772818840726f,1.2246467991473532e-16f,0.5526673764817657f,0.9980772818840726f,-0.061981766568096175f,0f,1.393457189770129f,7.590577203311741e-18f,1.2222921485610202e-16f,-1f,-1.19921875f,0f,0f,0f,1f],start_interpolation:0}
execute if entity @s[tag=aj.assembler.bone.small_arm_base5] run data modify entity @s {} merge value {transformation:[0.5224985647159486f,0.8526401643540926f,1.2246467991473532e-16f,0.5614116170194713f,0.8526401643540926f,-0.5224985647159486f,0f,1.407726493444244f,6.398761948384726e-17f,1.0441830481007127e-16f,-1f,-1.10546875f,0f,0f,0f,1f],start_interpolation:0}
execute if entity @s[tag=aj.assembler.bone.bone20] run data modify entity @s {} merge value {transformation:[-0.9876883405951379f,0.1564344650402304f,1.2246467991473532e-16f,1.531195361832059e-16f,0.1564344650402304f,0.9876883405951379f,0f,0.5000000000000001f,-1.2095693648649964e-16f,1.9157696688784667e-17f,-1f,-1.54296875f,0f,0f,0f,1f],start_interpolation:0}
execute if entity @s[tag=aj.assembler.bone.bone11] run data modify entity @s {} merge value {transformation:[-0.9992137321618735f,0.039647414280633175f,1.2246467991473532e-16f,0.37196435518911775f,0.039647414280633175f,0.9992137321618735f,0f,-0.1368627742782726f,-1.223683898756119e-16f,4.855407899324658e-18f,-1f,-1.19921875f,0f,0f,0f,1f],start_interpolation:0}
execute if entity @s[tag=aj.assembler.bone.arm2] run data modify entity @s {} merge value {transformation:[-0.9872162151384564f,-0.1593867766400388f,1.2246467991473532e-16f,0.8934571897701289f,-0.1593867766400388f,0.9872162151384564f,0f,-0.052667376481765615f,-1.2089911779356752e-16f,-1.951925058386375e-17f,-1f,-1.19921875f,0f,0f,0f,1f],start_interpolation:0}
execute if entity @s[tag=aj.assembler.bone.small_arm_base2] run data modify entity @s {} merge value {transformation:[-0.8526401643540926f,0.5224985647159488f,1.2246467991473532e-16f,0.9077264934442438f,0.5224985647159488f,0.8526401643540926f,0f,-0.06141161701947129f,-1.0441830481007126e-16f,6.398761948384729e-17f,-1f,-1.10546875f,0f,0f,0f,1f],start_interpolation:0}
execute if entity @s[tag=aj.assembler.bone.bone2] run data modify entity @s {} merge value {transformation:[-0.15643446504023062f,-0.9876883405951379f,1.2246467991473532e-16f,1.531195361832059e-16f,-0.9876883405951379f,0.15643446504023062f,0f,0.5000000000000001f,-1.9157696688784695e-17f,-1.2095693648649964e-16f,-1f,-1.54296875f,0f,0f,0f,1f],start_interpolation:0}
execute if entity @s[tag=aj.assembler.bone.ring] run data modify entity @s {} merge value {transformation:[-0.28146458422061627f,-1.7770974449503003f,2.2034447591230768e-16f,1.1102230246251565e-16f,-1.7770974449503003f,0.28146458422061627f,0f,0.5000000000000001f,-3.446947021391183e-17f,-2.176316697731325e-16f,-1.7992491881391441f,-1.19921875f,0f,0f,0f,1f],start_interpolation:0}
execute if entity @s[tag=aj.assembler.bone.wheel] run data modify entity @s {} merge value {transformation:[-1f,1.2246467991473532e-16f,2.719262146893782e-32f,1.0625f,0f,2.220446049250313e-16f,-1f,-0.6249999999999999f,-1.2246467991473532e-16f,-1f,-2.220446049250313e-16f,-1.3242187499999998f,0f,0f,0f,1f],start_interpolation:0}
execute if entity @s[tag=aj.assembler.bone.wheel2] run data modify entity @s {} merge value {transformation:[-1f,1.2246467991473532e-16f,2.719262146893782e-32f,1.0625f,0f,2.220446049250313e-16f,-1f,-0.6249999999999999f,-1.2246467991473532e-16f,-1f,-2.220446049250313e-16f,-1.0742187499999998f,0f,0f,0f,1f],start_interpolation:0}
execute if entity @s[tag=aj.assembler.bone.rails] run data modify entity @s {} merge value {transformation:[-1.137300743709099f,0f,1.3927917154512523e-16f,-0.43749999999999994f,0f,1.137300743709099f,0f,-0.9999999999999999f,-1.3927917154512523e-16f,0f,-1.137300743709099f,-0.76171875f,0f,0f,0f,1f],start_interpolation:0}
execute if entity @s[tag=aj.assembler.bone.wheel3] run data modify entity @s {} merge value {transformation:[-1f,1.2246467991473532e-16f,2.719262146893782e-32f,-1.0625f,0f,2.220446049250313e-16f,-1f,-0.6249999999999999f,-1.2246467991473532e-16f,-1f,-2.220446049250313e-16f,-1.07421875f,0f,0f,0f,1f],start_interpolation:0}
execute if entity @s[tag=aj.assembler.bone.wheel4] run data modify entity @s {} merge value {transformation:[-1f,1.2246467991473532e-16f,2.719262146893782e-32f,-1.0625f,0f,2.220446049250313e-16f,-1f,-0.6249999999999999f,-1.2246467991473532e-16f,-1f,-2.220446049250313e-16f,-1.32421875f,0f,0f,0f,1f],start_interpolation:0}
execute if entity @s[tag=aj.assembler.bone.rails2] run data modify entity @s {} merge value {transformation:[-1.2038220325092979f,0f,1.4742567988555726e-16f,0.4375f,0f,1.2038220325092979f,0f,-0.9999999999999999f,-1.4742567988555726e-16f,0f,-1.2038220325092979f,-0.7617187499999999f,0f,0f,0f,1f],start_interpolation:0}
execute if entity @s[tag=aj.assembler.bone.bone6] run data modify entity @s {} merge value {transformation:[0.08715574274765824f,-0.16530966336857597f,-0.9823831185963408f,0.4669011228045603f,0f,0.9861356625147057f,-0.16594111942698941f,0.7262450429932772f,0.9961946980917455f,0.014462721516037122f,0.0859473861164232f,-0.04342987524564436f,0f,0f,0f,1f],start_interpolation:0}
execute if entity @s[tag=aj.assembler.bone.bone5] run data modify entity @s {} merge value {transformation:[0.08715574274765824f,-0.026133190988577804f,-0.9958518628967155f,0.3352079261459804f,0f,0.9996558552302208f,-0.026233015532643456f,0.7261921925190531f,0.9961946980917455f,0.0022863579532583986f,0.0871257485546354f,-0.03190821347452852f,0f,0f,0f,1f],start_interpolation:0}
execute if entity @s[tag=aj.assembler.bone.bone4] run data modify entity @s {} merge value {transformation:[0.08715574274765824f,-0.026133190988577804f,-0.9958518628967155f,0.9277755675912349f,0f,0.9996558552302208f,-0.026233015532643456f,0.27731602093866314f,0.9961946980917455f,0.0022863579532583986f,0.0871257485546354f,-0.27196738401266046f,0f,0f,0f,1f],start_interpolation:0}
execute if entity @s[tag=aj.assembler.bone.bone3] run data modify entity @s {} merge value {transformation:[0.08715574274765824f,-0.4945470600209155f,-0.8647699589664138f,0.7943892144084016f,0f,0.8680732397220328f,-0.49643614944773545f,-0.234375f,0.9961946980917455f,0.04326726133190485f,0.07565756796733974f,-0.1975588503936383f,0f,0f,0f,1f],start_interpolation:0}
execute if entity @s[tag=aj.assembler.bone.octagon] run data modify entity @s {} merge value {transformation:[0.08715574274765824f,0f,-0.9961946980917455f,0.859375f,0f,1f,0f,-0.40625f,0.9961946980917455f,0f,0.08715574274765824f,-0.1718749999999999f,0f,0f,0f,1f],start_interpolation:0}
execute if entity @s[tag=aj.assembler.bone.bone10] run data modify entity @s {} merge value {transformation:[-0.7855912181270707f,-0.25990883321993763f,0.5615103172835525f,-0.48165505677876314f,0f,0.9074974953555244f,0.42005749121215497f,0.15006109665285303f,-0.6187458589773553f,0.3299934762047581f,-0.712922062823612f,-0.4999312889609385f,0f,0f,0f,1f],start_interpolation:0}
execute if entity @s[tag=aj.assembler.bone.bone9] run data modify entity @s {} merge value {transformation:[-0.7855912181270707f,0.5039409645219299f,0.35901245421061956f,-0.43248979884943384f,0f,0.5802260314177854f,-0.8144554944655766f,0.04441057887828315f,-0.6187458589773553f,-0.639829084007498f,-0.45582047481053406f,-0.5623540014621093f,0f,0f,0f,1f],start_interpolation:0}
execute if entity @s[tag=aj.assembler.bone.bone8] run data modify entity @s {} merge value {transformation:[-0.7855912181270707f,0.5039409645219299f,0.35901245421061956f,-1.0148202558109132f,0f,0.5802260314177854f,-0.8144554944655766f,0.2589233340252414f,-0.6187458589773553f,-0.639829084007498f,-0.45582047481053406f,-0.12602996127690835f,0f,0f,0f,1f],start_interpolation:0}
execute if entity @s[tag=aj.assembler.bone.bone7] run data modify entity @s {} merge value {transformation:[-0.7855912181270707f,0.24634480816128168f,0.5675919956215085f,-0.8452531093803861f,0f,0.9173265362286346f,-0.3981356878386758f,-0.234375f,-0.6187458589773553f,-0.3127718999890445f,-0.7206436710161395f,-0.24031025922598426f,0f,0f,0f,1f],start_interpolation:0}
execute if entity @s[tag=aj.assembler.bone.octagon2] run data modify entity @s {} merge value {transformation:[-0.7855912181270707f,0f,0.6187458589773553f,-0.8593749999999999f,0f,1f,0f,-0.40625f,-0.6187458589773553f,0f,-0.7855912181270707f,-0.171875f,0f,0f,0f,1f],start_interpolation:0}