execute if entity @s[tag=aj.assembler.bone.bone21] run data modify entity @s {} merge value {transformation:[-0.1589887256208788f,-0.9872803984306833f,1.2246467991473532e-16f,-0.5182131938417784f,-0.9872803984306833f,0.1589887256208788f,0f,0.7982515686234728f,-1.9470503393212604e-17f,-1.20906977979906e-16f,-1f,-1.8843437499999998f,0f,0f,0f,1f],start_interpolation:0}
execute if entity @s[tag=aj.assembler.bone.arm4] run data modify entity @s {} merge value {transformation:[-0.9767284624406858f,-0.21447962760657205f,1.2246467991473532e-16f,-1.034165916946827f,-0.21447962760657205f,0.9767284624406858f,0f,0.684953602843257f,-1.1961473851641017e-16f,-2.6266178943070475e-17f,-1f,-1.8843437499999998f,0f,0f,0f,1f],start_interpolation:0}
execute if entity @s[tag=aj.assembler.bone.small_arm_base4] run data modify entity @s {} merge value {transformation:[-0.985109326154774f,0.1719291002794089f,1.2246467991473532e-16f,-1.050652149609528f,0.1719291002794089f,0.985109326154774f,0f,0.6878309110500112f,-1.20641098308565e-16f,2.1055242233746244e-17f,-1f,-1.7905937499999998f,0f,0f,0f,1f],start_interpolation:0}
execute if entity @s[tag=aj.assembler.bone.bone25] run data modify entity @s {} merge value {transformation:[0.21814324139654317f,-0.9759167619387471f,1.2246467991473532e-16f,2.6414183864572156e-16f,-0.9759167619387471f,-0.21814324139654317f,0f,0.5000000000000001f,2.67148422331905e-17f,-1.1951533387425362e-16f,-1f,-2.2280937499999998f,0f,0f,0f,1f],start_interpolation:0}
execute if entity @s[tag=aj.assembler.bone.bone16] run data modify entity @s {} merge value {transformation:[-0.1603953373232962f,-0.9870528535822922f,1.2246467991473532e-16f,-0.3244670995403396f,-0.9870528535822922f,0.1603953373232962f,0f,-0.02467634318814571f,-1.9642763645113466e-17f,-1.2087911177288153e-16f,-1f,-1.8843437499999998f,0f,0f,0f,1f],start_interpolation:0}
execute if entity @s[tag=aj.assembler.bone.arm3] run data modify entity @s {} merge value {transformation:[0.26410714977643635f,-0.9644933454601784f,1.2246467991473532e-16f,-0.18495360284325693f,-0.9644933454601784f,-0.26410714977643635f,0f,-0.5341659169468271f,3.234379756056434e-17f,-1.1811636883167299e-16f,-1f,-1.8843437499999998f,0f,0f,0f,1f],start_interpolation:0}
execute if entity @s[tag=aj.assembler.bone.small_arm_base3] run data modify entity @s {} merge value {transformation:[-0.1719291002794091f,-0.985109326154774f,1.2246467991473532e-16f,-0.1878309110500111f,-0.985109326154774f,0.1719291002794091f,0f,-0.5506521496095281f,-2.1055242233746268e-17f,-1.20641098308565e-16f,-1f,-1.7905937499999998f,0f,0f,0f,1f],start_interpolation:0}
execute if entity @s[tag=aj.assembler.bone.bone15] run data modify entity @s {} merge value {transformation:[0.9759167619387471f,0.21814324139654295f,1.2246467991473532e-16f,2.6414183864572156e-16f,0.21814324139654295f,-0.9759167619387471f,0f,0.5000000000000001f,1.1951533387425362e-16f,2.6714842233190473e-17f,-1f,-2.2280937499999998f,0f,0f,0f,1f],start_interpolation:0}
execute if entity @s[tag=aj.assembler.bone.bone26] run data modify entity @s {} merge value {transformation:[-0.7024512441593822f,-0.7117318663506196f,1.2246467991473532e-16f,0.5050937745891051f,-0.7117318663506196f,0.7024512441593822f,0f,1.113982728368335f,-8.602546677168633e-17f,-8.716201519774581e-17f,-1f,-1.8843437499999998f,0f,0f,0f,1f],start_interpolation:0}
execute if entity @s[tag=aj.assembler.bone.arm5] run data modify entity @s {} merge value {transformation:[-0.6060439333143228f,0.7954311729451549f,1.2246467991473532e-16f,0.18495360284325696f,0.7954311729451549f,0.6060439333143228f,0f,1.5341659169468271f,-7.421897630760575e-17f,9.741222398893086e-17f,-1f,-1.8843437499999998f,0f,0f,0f,1f],start_interpolation:0}
execute if entity @s[tag=aj.assembler.bone.small_arm_base5] run data modify entity @s {} merge value {transformation:[0.1719291002794087f,0.9851093261547741f,1.2246467991473532e-16f,0.1878309110500111f,0.9851093261547741f,-0.1719291002794087f,0f,1.5506521496095282f,2.1055242233746216e-17f,1.2064109830856502e-16f,-1f,-1.7905937499999998f,0f,0f,0f,1f],start_interpolation:0}
execute if entity @s[tag=aj.assembler.bone.bone20] run data modify entity @s {} merge value {transformation:[-0.9759167619387471f,-0.2181432413965434f,1.2246467991473532e-16f,2.6414183864572156e-16f,-0.2181432413965434f,0.9759167619387471f,0f,0.5000000000000001f,-1.1951533387425362e-16f,-2.671484223319053e-17f,-1f,-2.2280937499999998f,0f,0f,0f,1f],start_interpolation:0}
execute if entity @s[tag=aj.assembler.bone.bone11] run data modify entity @s {} merge value {transformation:[0.9656051989478438f,-0.26001269154580764f,1.2246467991473532e-16f,0.5223111827208708f,-0.26001269154580764f,-0.9656051989478438f,0f,0.18447698044699037f,1.18252531613152e-16f,-3.1842371043926145e-17f,-1f,-1.8843437499999998f,0f,0f,0f,1f],start_interpolation:0}
execute if entity @s[tag=aj.assembler.bone.arm2] run data modify entity @s {} merge value {transformation:[-0.9689707315523084f,-0.2471754870430805f,1.2246467991473532e-16f,1.0341659169468274f,-0.2471754870430805f,0.9689707315523084f,0f,0.31504639715674315f,-1.186646904863004e-16f,-3.027026690349966e-17f,-1f,-1.8843437499999998f,0f,0f,0f,1f],start_interpolation:0}
execute if entity @s[tag=aj.assembler.bone.small_arm_base2] run data modify entity @s {} merge value {transformation:[-0.985109326154774f,0.1719291002794089f,1.2246467991473532e-16f,1.0506521496095285f,0.1719291002794089f,0.985109326154774f,0f,0.312169088949989f,-1.20641098308565e-16f,2.1055242233746244e-17f,-1f,-1.7905937499999998f,0f,0f,0f,1f],start_interpolation:0}
execute if entity @s[tag=aj.assembler.bone.bone2] run data modify entity @s {} merge value {transformation:[0.21814324139654317f,-0.9759167619387471f,1.2246467991473532e-16f,2.6414183864572156e-16f,-0.9759167619387471f,-0.21814324139654317f,0f,0.5000000000000001f,2.67148422331905e-17f,-1.1951533387425362e-16f,-1f,-2.2280937499999998f,0f,0f,0f,1f],start_interpolation:0}
execute if entity @s[tag=aj.assembler.bone.ring] run data modify entity @s {} merge value {transformation:[0.39249404998077164f,-1.7559174416096732f,2.2034447591230768e-16f,2.220446049250313e-16f,-1.7559174416096732f,-0.39249404998077164f,0f,0.5000000000000001f,4.806665819933333e-17f,-2.1503786744342958e-16f,-1.7992491881391441f,-1.8843437499999998f,0f,0f,0f,1f],start_interpolation:0}
execute if entity @s[tag=aj.assembler.bone.wheel] run data modify entity @s {} merge value {transformation:[-1f,-9.907600726170932e-17f,7.198293278059947e-17f,1.0625000000000002f,0f,0.5877852522924715f,0.8090169943749487f,-0.6249999999999999f,-1.2246467991473532e-16f,0.8090169943749487f,-0.5877852522924715f,-2.0093437499999993f,0f,0f,0f,1f],start_interpolation:0}
execute if entity @s[tag=aj.assembler.bone.wheel2] run data modify entity @s {} merge value {transformation:[-1f,-9.907600726170932e-17f,7.198293278059947e-17f,1.0625000000000002f,0f,0.5877852522924715f,0.8090169943749487f,-0.6249999999999999f,-1.2246467991473532e-16f,0.8090169943749487f,-0.5877852522924715f,-1.7593437499999995f,0f,0f,0f,1f],start_interpolation:0}
execute if entity @s[tag=aj.assembler.bone.rails] run data modify entity @s {} merge value {transformation:[-1.137300743709099f,0f,1.3927917154512523e-16f,-0.43749999999999983f,0f,1.137300743709099f,0f,-0.9999999999999999f,-1.3927917154512523e-16f,0f,-1.137300743709099f,-1.4468437499999998f,0f,0f,0f,1f],start_interpolation:0}
execute if entity @s[tag=aj.assembler.bone.wheel3] run data modify entity @s {} merge value {transformation:[-1f,-9.907600726170932e-17f,7.198293278059947e-17f,-1.0625f,0f,0.5877852522924715f,0.8090169943749487f,-0.6249999999999999f,-1.2246467991473532e-16f,0.8090169943749487f,-0.5877852522924715f,-1.75934375f,0f,0f,0f,1f],start_interpolation:0}
execute if entity @s[tag=aj.assembler.bone.wheel4] run data modify entity @s {} merge value {transformation:[-1f,-9.907600726170932e-17f,7.198293278059947e-17f,-1.0625f,0f,0.5877852522924715f,0.8090169943749487f,-0.6249999999999999f,-1.2246467991473532e-16f,0.8090169943749487f,-0.5877852522924715f,-2.00934375f,0f,0f,0f,1f],start_interpolation:0}
execute if entity @s[tag=aj.assembler.bone.rails2] run data modify entity @s {} merge value {transformation:[-1.2038220325092979f,0f,1.4742567988555726e-16f,0.4375000000000001f,0f,1.2038220325092979f,0f,-0.9999999999999999f,-1.4742567988555726e-16f,0f,-1.2038220325092979f,-1.4468437499999998f,0f,0f,0f,1f],start_interpolation:0}
execute if entity @s[tag=aj.assembler.bone.bone6] run data modify entity @s {} merge value {transformation:[0.17177537807061516f,0.03514755949980963f,-0.9845089479278005f,0.42443449031182423f,0f,0.9993633421196796f,0.03567787027534047f,0.6188293209639694f,0.9851361426161854f,-0.0061285796553009544f,0.1716660159225215f,-0.0008711527119136912f,0f,0f,0f,1f],start_interpolation:0}
execute if entity @s[tag=aj.assembler.bone.bone5] run data modify entity @s {} merge value {transformation:[0.17177537807061516f,-0.2077488243975777f,-0.9629816433609323f,0.2964649325502423f,0f,0.9775112308879274f,-0.21088336465441998f,0.5942989070875022f,0.9851361426161854f,0.03622456969231641f,0.1679123612540461f,0.021442533909763195f,0f,0f,0f,1f],start_interpolation:0}
execute if entity @s[tag=aj.assembler.bone.bone4] run data modify entity @s {} merge value {transformation:[0.17177537807061516f,-0.2077488243975777f,-0.9629816433609323f,0.9227749517730635f,0f,0.9775112308879274f,-0.21088336465441998f,0.27625477740347026f,0.9851361426161854f,0.03622456969231641f,0.1679123612540461f,-0.2780943804072471f,0f,0f,0f,1f],start_interpolation:0}
execute if entity @s[tag=aj.assembler.bone.bone3] run data modify entity @s {} merge value {transformation:[0.17177537807061516f,-0.4826199291140278f,-0.8588196687958818f,0.7924360105217817f,0f,0.8717776474174928f,-0.48990175899176125f,-0.234375f,0.9851361426161854f,0.08415305986826918f,0.14974993497865124f,-0.19192454332734224f,0f,0f,0f,1f],start_interpolation:0}
execute if entity @s[tag=aj.assembler.bone.octagon] run data modify entity @s {} merge value {transformation:[0.17177537807061516f,0f,-0.9851361426161854f,0.859375f,0f,1f,0f,-0.40625f,0.9851361426161854f,0f,0.17177537807061516f,-0.1718749999999999f,0f,0f,0f,1f],start_interpolation:0}
execute if entity @s[tag=aj.assembler.bone.bone10] run data modify entity @s {} merge value {transformation:[0.04361938736533623f,0.3768934443744949f,0.9252289882150267f,-0.8795515297474689f,0f,0.9261104401447728f,-0.37725250516710307f,0.5954232290150263f,-0.9990482215818577f,0.016455523157427373f,0.04039637003175688f,-0.07891661207933488f,0f,0f,0f,1f],start_interpolation:0}
execute if entity @s[tag=aj.assembler.bone.bone9] run data modify entity @s {} merge value {transformation:[0.04361938736533623f,-0.19689486656549873f,0.9794538072650629f,-0.7507870284312468f,0f,0.9803869183754017f,0.19708244538360956f,0.6248161886503814f,-0.9990482215818577f,-0.008596615528095387f,0.04276387676052491f,-0.07329463253872426f,0f,0f,0f,1f],start_interpolation:0}
execute if entity @s[tag=aj.assembler.bone.bone8] run data modify entity @s {} merge value {transformation:[0.04361938736533623f,-0.19689486656549873f,0.9794538072650629f,-1.21318386324536f,0f,0.9803869183754017f,0.19708244538360956f,0.08846950093265954f,-0.9990482215818577f,-0.008596615528095387f,0.04276387676052491f,-0.28116194281274254f,0f,0f,0f,1f],start_interpolation:0}
execute if entity @s[tag=aj.assembler.bone.bone7] run data modify entity @s {} merge value {transformation:[0.04361938736533623f,-0.13040196020729422f,0.9905012255519767f,-0.795571380295967f,0f,0.9914448613738104f,0.13052619222005157f,-0.234375f,-0.9990482215818577f,-0.005693472539768766f,0.04324621745963631f,-0.20036904521409954f,0f,0f,0f,1f],start_interpolation:0}
execute if entity @s[tag=aj.assembler.bone.octagon2] run data modify entity @s {} merge value {transformation:[0.04361938736533623f,0f,0.9990482215818577f,-0.8593749999999999f,0f,1f,0f,-0.40625f,-0.9990482215818577f,0f,0.04361938736533623f,-0.171875f,0f,0f,0f,1f],start_interpolation:0}