execute if entity @s[tag=aj.assembler.bone.bone21] run data modify entity @s {} merge value {transformation:[-0.14107677131507165f,0.9899986588856143f,1.2246467991473532e-16f,0.7828527574970936f,0.9899986588856143f,0.14107677131507165f,0f,0.6024272854559619f,-1.7276921642504563e-17f,1.2123986887644402e-16f,-1f,-1.8927109375f,0f,0f,0f,1f],start_interpolation:0}
execute if entity @s[tag=aj.assembler.bone.arm4] run data modify entity @s {} merge value {transformation:[0.11340913690037524f,0.9935483720823621f,1.2246467991473532e-16f,0.8427606594973337f,0.9935483720823621f,-0.11340913690037524f,0f,1.127265055445298f,1.3888613649910862e-17f,1.2167458336687287e-16f,-1f,-1.8927109375f,0f,0f,0f,1f],start_interpolation:0}
execute if entity @s[tag=aj.assembler.bone.small_arm_base4] run data modify entity @s {} merge value {transformation:[0.7996846584870905f,0.6004202253258841f,1.2246467991473532e-16f,0.8561437297683987f,0.6004202253258841f,-0.7996846584870905f,0f,1.137313348834979f,9.793312573434598e-17f,7.353027070886766e-17f,-1f,-1.7989609375f,0f,0f,0f,1f],start_interpolation:0}
execute if entity @s[tag=aj.assembler.bone.bone25] run data modify entity @s {} merge value {transformation:[-0.8607420270039436f,0.5090414157503712f,1.2246467991473532e-16f,2.6414183864572156e-16f,0.5090414157503712f,0.8607420270039436f,0f,0.5000000000000001f,-1.0541049682619842e-16f,6.233959404321292e-17f,-1f,-2.2364609375f,0f,0f,0f,1f],start_interpolation:0}
execute if entity @s[tag=aj.assembler.bone.bone16] run data modify entity @s {} merge value {transformation:[-0.4948058988646051f,-0.8690035226906679f,1.2246467991473532e-16f,-0.6327967315848916f,-0.8690035226906679f,0.4948058988646051f,0f,0.8145438081109582f,-6.059624602437677e-17f,-1.0642223825109006e-16f,-1f,-1.8927109375f,0f,0f,0f,1f],start_interpolation:0}
execute if entity @s[tag=aj.assembler.bone.arm3] run data modify entity @s {} merge value {transformation:[0.010471784116246108f,0.9999451693655123f,1.2246467991473532e-16f,-0.6272650554452976f,0.9999451693655123f,-0.010471784116246108f,0f,1.3427606594973338f,1.2824236899322979e-18f,1.2245796509863324e-16f,-1f,-1.8927109375f,0f,0f,0f,1f],start_interpolation:0}
execute if entity @s[tag=aj.assembler.bone.small_arm_base3] run data modify entity @s {} merge value {transformation:[-0.600420225325884f,0.7996846584870907f,1.2246467991473532e-16f,-0.6373133488349785f,0.7996846584870907f,0.600420225325884f,0f,1.3561437297683987f,-7.353027070886763e-17f,9.793312573434598e-17f,-1f,-1.7989609375f,0f,0f,0f,1f],start_interpolation:0}
execute if entity @s[tag=aj.assembler.bone.bone15] run data modify entity @s {} merge value {transformation:[-0.5090414157503714f,-0.8607420270039435f,1.2246467991473532e-16f,2.6414183864572156e-16f,-0.8607420270039435f,0.5090414157503714f,0f,0.5000000000000001f,-6.233959404321295e-17f,-1.0541049682619841e-16f,-1f,-2.2364609375f,0f,0f,0f,1f],start_interpolation:0}
execute if entity @s[tag=aj.assembler.bone.bone26] run data modify entity @s {} merge value {transformation:[-0.45890802335113196f,0.8884837793139254f,1.2246467991473532e-16f,0.4195906736911723f,0.8884837793139254f,0.45890802335113196f,0f,0.14295015229553926f,-5.620002419000026e-17f,1.0880788164311422e-16f,-1f,-1.8927109375f,0f,0f,0f,1f],start_interpolation:0}
execute if entity @s[tag=aj.assembler.bone.arm5] run data modify entity @s {} merge value {transformation:[0.39313966279373413f,-0.9194787684000261f,1.2246467991473532e-16f,0.6272650554452984f,-0.9194787684000261f,-0.39313966279373413f,0f,-0.3427606594973332f,4.8145722965821634e-17f,-1.1260367306050426e-16f,-1f,-1.8927109375f,0f,0f,0f,1f],start_interpolation:0}
execute if entity @s[tag=aj.assembler.bone.small_arm_base5] run data modify entity @s {} merge value {transformation:[0.6004202253258842f,-0.7996846584870904f,1.2246467991473532e-16f,0.6373133488349793f,-0.7996846584870904f,-0.6004202253258842f,0f,-0.35614372976839814f,7.353027070886767e-17f,-9.793312573434596e-17f,-1f,-1.7989609375f,0f,0f,0f,1f],start_interpolation:0}
execute if entity @s[tag=aj.assembler.bone.bone20] run data modify entity @s {} merge value {transformation:[0.509041415750371f,0.8607420270039438f,1.2246467991473532e-16f,2.6414183864572156e-16f,0.8607420270039438f,-0.509041415750371f,0f,0.5000000000000001f,6.23395940432129e-17f,1.0541049682619843e-16f,-1f,-2.2364609375f,0f,0f,0f,1f],start_interpolation:0}
execute if entity @s[tag=aj.assembler.bone.bone11] run data modify entity @s {} merge value {transformation:[-0.99917114317686f,-0.04070659212765837f,1.2246467991473532e-16f,-0.3251088958561559f,-0.04070659212765837f,0.99917114317686f,0f,-0.022002084137109662f,-1.2236317422919435e-16f,-4.98511977533335e-18f,-1f,-1.8927109375f,0f,0f,0f,1f],start_interpolation:0}
execute if entity @s[tag=aj.assembler.bone.arm2] run data modify entity @s {} merge value {transformation:[0.9799448448264412f,0.19926891653763368f,1.2246467991473532e-16f,-0.8427606594973333f,0.19926891653763368f,-0.9799448448264412f,0f,-0.1272650554452979f,1.200086317557651e-16f,2.44034040807374e-17f,-1f,-1.8927109375f,0f,0f,0f,1f],start_interpolation:0}
execute if entity @s[tag=aj.assembler.bone.small_arm_base2] run data modify entity @s {} merge value {transformation:[0.7996846584870905f,0.6004202253258841f,1.2246467991473532e-16f,-0.8561437297683983f,0.6004202253258841f,-0.7996846584870905f,0f,-0.1373133488349787f,9.793312573434598e-17f,7.353027070886766e-17f,-1f,-1.7989609375f,0f,0f,0f,1f],start_interpolation:0}
execute if entity @s[tag=aj.assembler.bone.bone2] run data modify entity @s {} merge value {transformation:[-0.8607420270039436f,0.5090414157503712f,1.2246467991473532e-16f,2.6414183864572156e-16f,0.5090414157503712f,0.8607420270039436f,0f,0.5000000000000001f,-1.0541049682619842e-16f,6.233959404321292e-17f,-1f,-2.2364609375f,0f,0f,0f,1f],start_interpolation:0}
execute if entity @s[tag=aj.assembler.bone.ring] run data modify entity @s {} merge value {transformation:[-1.5486893932840868f,0.9158923540180559f,2.2034447591230768e-16f,2.220446049250313e-16f,0.9158923540180559f,1.5486893932840868f,0f,0.5000000000000001f,-1.8965975083588133e-16f,1.1216446397117467e-16f,-1.7992491881391441f,-1.8927109375f,0f,0f,0f,1f],start_interpolation:0}
execute if entity @s[tag=aj.assembler.bone.wheel] run data modify entity @s {} merge value {transformation:[-1f,-9.907600726170916e-17f,7.198293278059965e-17f,1.0625000000000002f,0f,0.587785252292473f,0.8090169943749475f,-0.6249999999999999f,-1.2246467991473532e-16f,0.8090169943749475f,-0.587785252292473f,-2.0177109374999995f,0f,0f,0f,1f],start_interpolation:0}
execute if entity @s[tag=aj.assembler.bone.wheel2] run data modify entity @s {} merge value {transformation:[-1f,-9.907600726170916e-17f,7.198293278059965e-17f,1.0625000000000002f,0f,0.587785252292473f,0.8090169943749475f,-0.6249999999999999f,-1.2246467991473532e-16f,0.8090169943749475f,-0.587785252292473f,-1.7677109374999997f,0f,0f,0f,1f],start_interpolation:0}
execute if entity @s[tag=aj.assembler.bone.rails] run data modify entity @s {} merge value {transformation:[-1.137300743709099f,0f,1.3927917154512523e-16f,-0.43749999999999983f,0f,1.137300743709099f,0f,-0.9999999999999999f,-1.3927917154512523e-16f,0f,-1.137300743709099f,-1.4552109375f,0f,0f,0f,1f],start_interpolation:0}
execute if entity @s[tag=aj.assembler.bone.wheel3] run data modify entity @s {} merge value {transformation:[-1f,-9.907600726170916e-17f,7.198293278059965e-17f,-1.0625f,0f,0.587785252292473f,0.8090169943749475f,-0.6249999999999999f,-1.2246467991473532e-16f,0.8090169943749475f,-0.587785252292473f,-1.7677109375000002f,0f,0f,0f,1f],start_interpolation:0}
execute if entity @s[tag=aj.assembler.bone.wheel4] run data modify entity @s {} merge value {transformation:[-1f,-9.907600726170916e-17f,7.198293278059965e-17f,-1.0625f,0f,0.587785252292473f,0.8090169943749475f,-0.6249999999999999f,-1.2246467991473532e-16f,0.8090169943749475f,-0.587785252292473f,-2.0177109375000004f,0f,0f,0f,1f],start_interpolation:0}
execute if entity @s[tag=aj.assembler.bone.rails2] run data modify entity @s {} merge value {transformation:[-1.2038220325092979f,0f,1.4742567988555726e-16f,0.4375000000000001f,0f,1.2038220325092979f,0f,-0.9999999999999999f,-1.4742567988555726e-16f,0f,-1.2038220325092979f,-1.4552109375f,0f,0f,0f,1f],start_interpolation:0}
execute if entity @s[tag=aj.assembler.bone.bone6] run data modify entity @s {} merge value {transformation:[0.8497086989392982f,0.05940982385623442f,-0.5238946456838969f,0.808051437490383f,0f,0.9936315396284019f,0.11267814098436163f,0.2598504411463583f,0.5272524319022954f,-0.09574359657472081f,0.8442973627627011f,0.08864551961029268f,0f,0f,0f,1f],start_interpolation:0}
execute if entity @s[tag=aj.assembler.bone.bone5] run data modify entity @s {} merge value {transformation:[0.8497086989392982f,-0.22610475465263188f,-0.47631057816340566f,0.7443338132083064f,0f,0.90338242053224f,-0.42883586868790613f,0.20626398316150502f,0.5272524319022954f,0.3643855680413044f,0.7676119011950837f,0.19133147486115298f,0f,0f,0f,1f],start_interpolation:0}
execute if entity @s[tag=aj.assembler.bone.bone4] run data modify entity @s {} merge value {transformation:[0.8497086989392982f,-0.22610475465263188f,-0.47631057816340566f,0.987536327992351f,0f,0.90338242053224f,-0.42883586868790613f,0.035276931455652416f,0.5272524319022954f,0.3643855680413044f,0.7676119011950837f,-0.5562256127256062f,0f,0f,0f,1f],start_interpolation:0}
execute if entity @s[tag=aj.assembler.bone.bone3] run data modify entity @s {} merge value {transformation:[0.8497086989392982f,0.13146687851287994f,-0.5105992428519301f,0.7998683261642534f,0f,0.968415149854726f,0.2493433326396528f,-0.234375f,0.5272524319022954f,-0.21186919876642804f,0.8228707770161647f,-0.13524484481324048f,0f,0f,0f,1f],start_interpolation:0}
execute if entity @s[tag=aj.assembler.bone.octagon] run data modify entity @s {} merge value {transformation:[0.8497086989392982f,0f,-0.5272524319022954f,0.859375f,0f,1f,0f,-0.40625f,0.5272524319022954f,0f,0.8497086989392982f,-0.1718749999999999f,0f,0f,0f,1f],start_interpolation:0}
execute if entity @s[tag=aj.assembler.bone.bone10] run data modify entity @s {} merge value {transformation:[-0.6508755876142335f,0.1024602467046075f,0.7522385707294312f,-0.45267091943908766f,0f,0.9908509186024944f,-0.13496094659045973f,0.8165434980514026f,-0.7591844106986302f,-0.0878427854170387f,-0.6449206738835016f,-0.39706897792015117f,0f,0f,0f,1f],start_interpolation:0}
execute if entity @s[tag=aj.assembler.bone.bone9] run data modify entity @s {} merge value {transformation:[-0.6508755876142335f,-0.08223179638820777f,0.7547177625514023f,-0.3532141834072764f,0f,0.9941165175624225f,0.10831597070405458f,0.8342526661310768f,-0.7591844106986302f,0.07050022108000759f,-0.6470461725254573f,-0.4823367476407231f,0f,0f,0f,1f],start_interpolation:0}
execute if entity @s[tag=aj.assembler.bone.bone8] run data modify entity @s {} merge value {transformation:[-0.6508755876142335f,-0.08223179638820777f,0.7547177625514023f,-0.8968024712210656f,0f,0.9941165175624225f,0.10831597070405458f,0.29502325029884235f,-0.7591844106986302f,0.07050022108000759f,-0.6470461725254573f,-0.2632748913810933f,0f,0f,0f,1f],start_interpolation:0}
execute if entity @s[tag=aj.assembler.bone.bone7] run data modify entity @s {} merge value {transformation:[-0.6508755876142335f,0.5040719841694893f,0.5676904123052111f,-0.8322658364442803f,0f,0.747763526628268f,-0.6639651408353119f,-0.234375f,-0.7591844106986302f,-0.4321587011965509f,-0.4867010247906654f,-0.2362792370602218f,0f,0f,0f,1f],start_interpolation:0}
execute if entity @s[tag=aj.assembler.bone.octagon2] run data modify entity @s {} merge value {transformation:[-0.6508755876142335f,0f,0.7591844106986302f,-0.8593749999999999f,0f,1f,0f,-0.40625f,-0.7591844106986302f,0f,-0.6508755876142335f,-0.171875f,0f,0f,0f,1f],start_interpolation:0}