execute if entity @s[tag=aj.assembler.bone.bone21] run data modify entity @s {} merge value {transformation:[-0.8751616493224738f,0.4838306393307139f,1.2246467991473532e-16f,0.18445616617478955f,0.4838306393307139f,0.8751616493224738f,0f,1.3060081454200771f,-1.071763912579286e-16f,5.925216437857765e-17f,-1f,-1.9130000000000003f,0f,0f,0f,1f],start_interpolation:0}
execute if entity @s[tag=aj.assembler.bone.arm4] run data modify entity @s {} merge value {transformation:[-0.9260135840556009f,0.37749018814334845f,1.2246467991473532e-16f,-0.30470663464280945f,0.37749018814334845f,0.9260135840556009f,0f,1.505415757676309f,-1.1340395716806602e-16f,4.6229215061928405e-17f,-1f,-1.9130000000000003f,0f,0f,0f,1f],start_interpolation:0}
execute if entity @s[tag=aj.assembler.bone.small_arm_base4] run data modify entity @s {} merge value {transformation:[-0.2940403252323038f,0.9557930147983302f,1.2246467991473532e-16f,-0.30962752726385284f,0.9557930147983302f,0.2940403252323038f,0f,1.521411369128752f,-3.6009554311598755e-17f,1.170508856220174e-16f,-1f,-1.8192500000000003f,0f,0f,0f,1f],start_interpolation:0}
execute if entity @s[tag=aj.assembler.bone.bone25] run data modify entity @s {} merge value {transformation:[-0.7705132427757894f,-0.6374239897486895f,1.2246467991473532e-16f,2.6414183864572156e-16f,-0.6374239897486895f,0.7705132427757894f,0f,0.5000000000000001f,-9.436065764660179e-17f,-7.806192487454679e-17f,-1f,-2.2567500000000003f,0f,0f,0f,1f],start_interpolation:0}
execute if entity @s[tag=aj.assembler.bone.bone16] run data modify entity @s {} merge value {transformation:[0.7722902597301369f,-0.6352698282824063f,1.2246467991473532e-16f,-0.4817374221628993f,-0.6352698282824063f,-0.7722902597301369f,0f,0.26460889351181643f,9.457827945911901e-17f,-7.779811618009376e-17f,-1f,-1.9130000000000003f,0f,0f,0f,1f],start_interpolation:0}
execute if entity @s[tag=aj.assembler.bone.arm3] run data modify entity @s {} merge value {transformation:[-0.9913534952995487f,-0.1312183194427048f,1.2246467991473532e-16f,-1.0054157576763088f,-0.1312183194427048f,0.9913534952995487f,0f,0.1952933653571907f,-1.214057884842133e-16f,-1.6069609489500333e-17f,-1f,-1.9130000000000003f,0f,0f,0f,1f],start_interpolation:0}
execute if entity @s[tag=aj.assembler.bone.small_arm_base3] run data modify entity @s {} merge value {transformation:[-0.9557930147983303f,-0.2940403252323035f,1.2246467991473532e-16f,-1.0214113691287519f,-0.2940403252323035f,0.9557930147983303f,0f,0.19037247273614732f,-1.170508856220174e-16f,-3.6009554311598724e-17f,-1f,-1.8192500000000003f,0f,0f,0f,1f],start_interpolation:0}
execute if entity @s[tag=aj.assembler.bone.bone15] run data modify entity @s {} merge value {transformation:[0.6374239897486893f,-0.7705132427757895f,1.2246467991473532e-16f,2.6414183864572156e-16f,-0.7705132427757895f,-0.6374239897486893f,0f,0.5000000000000001f,7.806192487454676e-17f,-9.43606576466018e-17f,-1f,-2.2567500000000003f,0f,0f,0f,1f],start_interpolation:0}
execute if entity @s[tag=aj.assembler.bone.bone26] run data modify entity @s {} merge value {transformation:[-0.9601312127276398f,0.27954973501356095f,1.2246467991473532e-16f,0.48122056396122903f,0.27954973501356095f,0.9601312127276398f,0f,0.7394146717724894f,-1.1758216164283709e-16f,3.423496881868483e-17f,-1f,-1.9130000000000003f,0f,0f,0f,1f],start_interpolation:0}
execute if entity @s[tag=aj.assembler.bone.arm5] run data modify entity @s {} merge value {transformation:[0.9923319378854888f,0.12360147674049299f,1.2246467991473532e-16f,1.0054157576763092f,0.12360147674049299f,-0.9923319378854888f,0f,0.8047066346428101f,1.2152561314231542e-16f,1.5136815286013072e-17f,-1f,-1.9130000000000003f,0f,0f,0f,1f],start_interpolation:0}
execute if entity @s[tag=aj.assembler.bone.small_arm_base5] run data modify entity @s {} merge value {transformation:[0.9557930147983302f,0.294040325232304f,1.2246467991473532e-16f,1.0214113691287523f,0.294040325232304f,-0.9557930147983302f,0f,0.8096275272638535f,1.170508856220174e-16f,3.6009554311598786e-17f,-1f,-1.8192500000000003f,0f,0f,0f,1f],start_interpolation:0}
execute if entity @s[tag=aj.assembler.bone.bone20] run data modify entity @s {} merge value {transformation:[-0.6374239897486897f,0.7705132427757893f,1.2246467991473532e-16f,2.6414183864572156e-16f,0.7705132427757893f,0.6374239897486897f,0f,0.5000000000000001f,-7.806192487454681e-17f,9.436065764660177e-17f,-1f,-2.2567500000000003f,0f,0f,0f,1f],start_interpolation:0}
execute if entity @s[tag=aj.assembler.bone.bone11] run data modify entity @s {} merge value {transformation:[-0.736326827934078f,0.6766260432946243f,1.2246467991473532e-16f,0.34755711623183394f,0.6766260432946243f,0.736326827934078f,0f,0.02108920693184979f,-9.017402929557927e-17f,8.286279181405001e-17f,-1f,-1.9130000000000003f,0f,0f,0f,1f],start_interpolation:0}
execute if entity @s[tag=aj.assembler.bone.arm2] run data modify entity @s {} merge value {transformation:[0.0811184496622358f,0.996704468297597f,1.2246467991473532e-16f,0.3047066346428099f,0.996704468297597f,-0.0811184496622358f,0f,-0.505415757676309f,9.934144973065282e-18f,1.2206109367965168e-16f,-1f,-1.9130000000000003f,0f,0f,0f,1f],start_interpolation:0}
execute if entity @s[tag=aj.assembler.bone.small_arm_base2] run data modify entity @s {} merge value {transformation:[-0.2940403252323038f,0.9557930147983302f,1.2246467991473532e-16f,0.3096275272638533f,0.9557930147983302f,0.2940403252323038f,0f,-0.521411369128752f,-3.6009554311598755e-17f,1.170508856220174e-16f,-1f,-1.8192500000000003f,0f,0f,0f,1f],start_interpolation:0}
execute if entity @s[tag=aj.assembler.bone.bone2] run data modify entity @s {} merge value {transformation:[-0.7705132427757894f,-0.6374239897486895f,1.2246467991473532e-16f,2.6414183864572156e-16f,-0.6374239897486895f,0.7705132427757894f,0f,0.5000000000000001f,-9.436065764660179e-17f,-7.806192487454679e-17f,-1f,-2.2567500000000003f,0f,0f,0f,1f],start_interpolation:0}
execute if entity @s[tag=aj.assembler.bone.ring] run data modify entity @s {} merge value {transformation:[-1.3863453265147982f,-1.1468845960557437f,2.2034447591230768e-16f,2.220446049250313e-16f,-1.1468845960557437f,1.3863453265147982f,0f,0.5000000000000001f,-1.69778336662924e-16f,-1.4045285495510718e-16f,-1.7992491881391441f,-1.9130000000000003f,0f,0f,0f,1f],start_interpolation:0}
execute if entity @s[tag=aj.assembler.bone.wheel] run data modify entity @s {} merge value {transformation:[-1f,-7.198293278059952e-17f,9.907600726170927e-17f,1.0625000000000002f,0f,0.8090169943749483f,0.5877852522924719f,-0.6249999999999999f,-1.2246467991473532e-16f,0.5877852522924719f,-0.8090169943749483f,-2.0380000000000003f,0f,0f,0f,1f],start_interpolation:0}
execute if entity @s[tag=aj.assembler.bone.wheel2] run data modify entity @s {} merge value {transformation:[-1f,-7.198293278059952e-17f,9.907600726170927e-17f,1.0625000000000002f,0f,0.8090169943749483f,0.5877852522924719f,-0.6249999999999999f,-1.2246467991473532e-16f,0.5877852522924719f,-0.8090169943749483f,-1.788f,0f,0f,0f,1f],start_interpolation:0}
execute if entity @s[tag=aj.assembler.bone.rails] run data modify entity @s {} merge value {transformation:[-1.137300743709099f,0f,1.3927917154512523e-16f,-0.43749999999999983f,0f,1.137300743709099f,0f,-0.9999999999999999f,-1.3927917154512523e-16f,0f,-1.137300743709099f,-1.4755000000000003f,0f,0f,0f,1f],start_interpolation:0}
execute if entity @s[tag=aj.assembler.bone.wheel3] run data modify entity @s {} merge value {transformation:[-1f,-7.198293278059952e-17f,9.907600726170927e-17f,-1.0625f,0f,0.8090169943749483f,0.5877852522924719f,-0.6249999999999999f,-1.2246467991473532e-16f,0.5877852522924719f,-0.8090169943749483f,-1.7880000000000005f,0f,0f,0f,1f],start_interpolation:0}
execute if entity @s[tag=aj.assembler.bone.wheel4] run data modify entity @s {} merge value {transformation:[-1f,-7.198293278059952e-17f,9.907600726170927e-17f,-1.0625f,0f,0.8090169943749483f,0.5877852522924719f,-0.6249999999999999f,-1.2246467991473532e-16f,0.5877852522924719f,-0.8090169943749483f,-2.0380000000000003f,0f,0f,0f,1f],start_interpolation:0}
execute if entity @s[tag=aj.assembler.bone.rails2] run data modify entity @s {} merge value {transformation:[-1.2038220325092979f,0f,1.4742567988555726e-16f,0.4375000000000001f,0f,1.2038220325092979f,0f,-0.9999999999999999f,-1.4742567988555726e-16f,0f,-1.2038220325092979f,-1.4755000000000003f,0f,0f,0f,1f],start_interpolation:0}
execute if entity @s[tag=aj.assembler.bone.bone6] run data modify entity @s {} merge value {transformation:[-0.9081221327206188f,0.015234158400716964f,-0.4184281449434018f,0.2602171682718063f,0f,0.9993378846383779f,0.03638395699332733f,0.7581402491414602f,0.4187053762049809f,0.033041076621595694f,-0.9075208511063155f,-1.2474725766711723f,0f,0f,0f,1f],start_interpolation:0}
execute if entity @s[tag=aj.assembler.bone.bone5] run data modify entity @s {} merge value {transformation:[-0.9081221327206188f,-0.06307536942223713f,-0.4139271552280702f,0.20530040390772997f,0f,0.9885881069399705f,-0.15064380112319842f,0.7416084505499263f,0.4187053762049809f,-0.1368029699571397f,-0.8977587400565652f,-1.3665805031765292f,0f,0f,0f,1f],start_interpolation:0}
execute if entity @s[tag=aj.assembler.bone.bone4] run data modify entity @s {} merge value {transformation:[-0.9081221327206188f,-0.06307536942223713f,-0.4139271552280702f,0.7716831024960231f,0f,0.9885881069399705f,-0.15064380112319842f,0.16382350481218405f,0.4187053762049809f,-0.1368029699571397f,-0.8977587400565652f,-0.585972747096391f,0f,0f,0f,1f],start_interpolation:0}
execute if entity @s[tag=aj.assembler.bone.bone3] run data modify entity @s {} merge value {transformation:[-0.9081221327206188f,-0.41784948826049345f,-0.02675812443723033f,0.8615847306347081f,0f,0.06390680883956612f,-0.9979558706595913f,-0.234375f,0.4187053762049809f,-0.9062658136244501f,-0.05803518753875568f,-0.24171717630144424f,0f,0f,0f,1f],start_interpolation:0}
execute if entity @s[tag=aj.assembler.bone.octagon] run data modify entity @s {} merge value {transformation:[-0.9081221327206188f,0f,-0.4187053762049809f,0.859375f,0f,1f,0f,-0.40625f,0.4187053762049809f,0f,-0.9081221327206188f,-0.1718749999999999f,0f,0f,0f,1f],start_interpolation:0}
execute if entity @s[tag=aj.assembler.bone.bone10] run data modify entity @s {} merge value {transformation:[-0.9604096645455465f,-0.03985074566317248f,0.27572666595307727f,-0.3557820965134795f,0f,0.9897163873257018f,0.1430436040477217f,-0.13176868323611568f,-0.2785915940000896f,0.13738045977885843f,-0.9505331835467073f,-1.5714344264229003f,0f,0f,0f,1f],start_interpolation:0}
execute if entity @s[tag=aj.assembler.bone.bone9] run data modify entity @s {} merge value {transformation:[-0.9604096645455465f,0.23047665822971197f,0.15650490809803788f,-0.334312543960433f,0f,0.5617718246659931f,-0.8272922198422034f,-0.23917862415464203f,-0.2785915940000896f,-0.794539443339791f,-0.5395310896786061f,-1.6454480227032235f,0f,0f,0f,1f],start_interpolation:0}
execute if entity @s[tag=aj.assembler.bone.bone8] run data modify entity @s {} merge value {transformation:[-0.9604096645455465f,0.23047665822971197f,0.15650490809803788f,-0.8090771404365579f,0f,0.5617718246659931f,-0.8272922198422034f,0.059839037123785854f,-0.2785915940000896f,-0.794539443339791f,-0.5395310896786061f,-0.6817846795814975f,0f,0f,0f,1f],start_interpolation:0}
execute if entity @s[tag=aj.assembler.bone.bone7] run data modify entity @s {} merge value {transformation:[-0.9604096645455465f,0.2731864647587979f,-0.054611644546752415f,-0.8719758273920426f,0f,-0.1960276107495722f,-0.9805983764130012f,-0.234375f,-0.2785915940000896f,-0.941776157744718f,0.1882668118816616f,-0.24060659134659945f,0f,0f,0f,1f],start_interpolation:0}
execute if entity @s[tag=aj.assembler.bone.octagon2] run data modify entity @s {} merge value {transformation:[-0.9604096645455465f,0f,0.2785915940000896f,-0.8593749999999999f,0f,1f,0f,-0.40625f,-0.2785915940000896f,0f,-0.9604096645455465f,-0.171875f,0f,0f,0f,1f],start_interpolation:0}