execute if entity @s[tag=aj.assembler.bone.bone21] run data modify entity @s {} merge value {transformation:[-0.9110475335991077f,-0.4123013358248824f,1.2246467991473532e-16f,-0.8140057387186816f,-0.4123013358248824f,0.9110475335991077f,0f,0.6600063911008061f,-1.115711445893238e-16f,-5.0492351120212004e-17f,-1f,-1.3090312499999999f,0f,0f,0f,1f],start_interpolation:0}
execute if entity @s[tag=aj.assembler.bone.arm4] run data modify entity @s {} merge value {transformation:[-0.3432925259099058f,-0.9392285353705969f,1.2246467991473532e-16f,-0.9953485790022804f,-0.9392285353705969f,0.3432925259099058f,0f,0.16386284754982228f,-4.2041209302677595e-17f,-1.150223219509458e-16f,-1f,-1.3090312499999999f,0f,0f,0f,1f],start_interpolation:0}
execute if entity @s[tag=aj.assembler.bone.small_arm_base4] run data modify entity @s {} merge value {transformation:[-0.946085358827545f,-0.3239174181981503f,1.2246467991473532e-16f,-1.0111817286134894f,-0.3239174181981503f,0.946085358827545f,0f,0.15844194879459406f,-1.158620406408328e-16f,-3.9668442938443926e-17f,-1f,-1.2152812499999999f,0f,0f,0f,1f],start_interpolation:0}
execute if entity @s[tag=aj.assembler.bone.bone25] run data modify entity @s {} merge value {transformation:[0.6613118653236525f,-0.7501110696304588f,1.2246467991473532e-16f,2.6414183864572156e-16f,-0.7501110696304588f,-0.6613118653236525f,0f,0.5000000000000001f,8.098734591067765e-17f,-9.186211204279387e-17f,-1f,-1.6527812499999996f,0f,0f,0f,1f],start_interpolation:0}
execute if entity @s[tag=aj.assembler.bone.bone16] run data modify entity @s {} merge value {transformation:[0.9840739785730539f,0.17775940114491917f,1.2246467991473532e-16f,0.5171362238255637f,0.17775940114491917f,-0.9840739785730539f,0f,0.0009204787584242147f,1.2051430479836915e-16f,2.176924816304757e-17f,-1f,-1.3090312499999996f,0f,0f,0f,1f],start_interpolation:0}
execute if entity @s[tag=aj.assembler.bone.arm3] run data modify entity @s {} merge value {transformation:[-0.3426417514065113f,-0.9394661410572912f,1.2246467991473532e-16f,0.3361371524501778f,-0.9394661410572912f,0.3426417514065113f,0f,-0.49534857900228046f,-4.1961512411422717e-17f,-1.1505142025531277e-16f,-1f,-1.3090312499999996f,0f,0f,0f,1f],start_interpolation:0}
execute if entity @s[tag=aj.assembler.bone.small_arm_base3] run data modify entity @s {} merge value {transformation:[0.32391741819815f,-0.946085358827545f,1.2246467991473532e-16f,0.341558051205406f,-0.946085358827545f,-0.32391741819815f,0f,-0.5111817286134895f,3.9668442938443914e-17f,-1.158620406408328e-16f,-1f,-1.2152812499999996f,0f,0f,0f,1f],start_interpolation:0}
execute if entity @s[tag=aj.assembler.bone.bone15] run data modify entity @s {} merge value {transformation:[0.7501110696304589f,0.6613118653236523f,1.2246467991473532e-16f,2.6414183864572156e-16f,0.6613118653236523f,-0.7501110696304589f,0f,0.5000000000000001f,9.186211204279389e-17f,8.098734591067763e-17f,-1f,-1.6527812499999996f,0f,0f,0f,1f],start_interpolation:0}
execute if entity @s[tag=aj.assembler.bone.bone26] run data modify entity @s {} merge value {transformation:[-0.8976176727894735f,-0.4407749011638596f,1.2246467991473532e-16f,-0.341976131743673f,-0.4407749011638596f,0.8976176727894735f,0f,0.9671350352055883f,-1.0992646098397245e-16f,-5.397935718548114e-17f,-1f,-1.3090312499999996f,0f,0f,0f,1f],start_interpolation:0}
execute if entity @s[tag=aj.assembler.bone.arm5] run data modify entity @s {} merge value {transformation:[0.011053526829428784f,0.9999389079061938f,1.2246467991473532e-16f,-0.33613715245017783f,0.9999389079061938f,-0.011053526829428784f,0f,1.4953485790022805f,1.3536666250949348e-18f,1.2245719829102197e-16f,-1f,-1.3090312499999996f,0f,0f,0f,1f],start_interpolation:0}
execute if entity @s[tag=aj.assembler.bone.small_arm_base5] run data modify entity @s {} merge value {transformation:[-0.32391741819815056f,0.9460853588275451f,1.2246467991473532e-16f,-0.3415580512054061f,0.9460853588275451f,0.32391741819815056f,0f,1.5111817286134896f,-3.9668442938443957e-17f,1.1586204064083278e-16f,-1f,-1.2152812499999996f,0f,0f,0f,1f],start_interpolation:0}
execute if entity @s[tag=aj.assembler.bone.bone20] run data modify entity @s {} merge value {transformation:[-0.7501110696304587f,-0.6613118653236527f,1.2246467991473532e-16f,2.6414183864572156e-16f,-0.6613118653236527f,0.7501110696304587f,0f,0.5000000000000001f,-9.186211204279386e-17f,-8.098734591067768e-17f,-1f,-1.6527812499999996f,0f,0f,0f,1f],start_interpolation:0}
execute if entity @s[tag=aj.assembler.bone.bone11] run data modify entity @s {} merge value {transformation:[-0.0844672662491448f,-0.9964262546382427f,1.2246467991473532e-16f,0.5027278729941725f,-0.9964262546382427f,0.0844672662491448f,0f,0.6454319308606191f,-1.0344256724474255e-17f,-1.2202702233291095e-16f,-1f,-1.3090312499999994f,0f,0f,0f,1f],start_interpolation:0}
execute if entity @s[tag=aj.assembler.bone.arm2] run data modify entity @s {} merge value {transformation:[-0.9325595993565107f,-0.3610160573271281f,1.2246467991473532e-16f,0.9953485790022808f,-0.3610160573271281f,0.9325595993565107f,0f,0.836137152450178f,-1.142056128366089e-16f,-4.421171590464647e-17f,-1f,-1.3090312499999994f,0f,0f,0f,1f],start_interpolation:0}
execute if entity @s[tag=aj.assembler.bone.small_arm_base2] run data modify entity @s {} merge value {transformation:[-0.946085358827545f,-0.3239174181981503f,1.2246467991473532e-16f,1.0111817286134899f,-0.3239174181981503f,0.946085358827545f,0f,0.8415580512054062f,-1.158620406408328e-16f,-3.9668442938443926e-17f,-1f,-1.2152812499999994f,0f,0f,0f,1f],start_interpolation:0}
execute if entity @s[tag=aj.assembler.bone.bone2] run data modify entity @s {} merge value {transformation:[0.6613118653236525f,-0.7501110696304588f,1.2246467991473532e-16f,2.6414183864572156e-16f,-0.7501110696304588f,-0.6613118653236525f,0f,0.5000000000000001f,8.098734591067765e-17f,-9.186211204279387e-17f,-1f,-1.6527812499999996f,0f,0f,0f,1f],start_interpolation:0}
execute if entity @s[tag=aj.assembler.bone.ring] run data modify entity @s {} merge value {transformation:[1.1898648367903648f,-1.349636733046788f,2.2034447591230768e-16f,2.220446049250313e-16f,-1.349636733046788f,-1.1898648367903648f,0f,0.5000000000000001f,1.457164163793308e-16f,-1.6528283051374397e-16f,-1.7992491881391441f,-1.3090312499999996f,0f,0f,0f,1f],start_interpolation:0}
execute if entity @s[tag=aj.assembler.bone.wheel] run data modify entity @s {} merge value {transformation:[-1f,9.907600726170933e-17f,-7.198293278059945e-17f,1.0625000000000002f,0f,-0.5877852522924714f,-0.8090169943749488f,-0.6249999999999999f,-1.2246467991473532e-16f,-0.8090169943749488f,0.5877852522924714f,-1.4340312499999994f,0f,0f,0f,1f],start_interpolation:0}
execute if entity @s[tag=aj.assembler.bone.wheel2] run data modify entity @s {} merge value {transformation:[-1f,9.907600726170933e-17f,-7.198293278059945e-17f,1.0625000000000002f,0f,-0.5877852522924714f,-0.8090169943749488f,-0.6249999999999999f,-1.2246467991473532e-16f,-0.8090169943749488f,0.5877852522924714f,-1.1840312499999994f,0f,0f,0f,1f],start_interpolation:0}
execute if entity @s[tag=aj.assembler.bone.rails] run data modify entity @s {} merge value {transformation:[-1.137300743709099f,0f,1.3927917154512523e-16f,-0.43749999999999983f,0f,1.137300743709099f,0f,-0.9999999999999999f,-1.3927917154512523e-16f,0f,-1.137300743709099f,-0.8715312499999996f,0f,0f,0f,1f],start_interpolation:0}
execute if entity @s[tag=aj.assembler.bone.wheel3] run data modify entity @s {} merge value {transformation:[-1f,9.907600726170933e-17f,-7.198293278059945e-17f,-1.0625f,0f,-0.5877852522924714f,-0.8090169943749488f,-0.6249999999999999f,-1.2246467991473532e-16f,-0.8090169943749488f,0.5877852522924714f,-1.1840312499999996f,0f,0f,0f,1f],start_interpolation:0}
execute if entity @s[tag=aj.assembler.bone.wheel4] run data modify entity @s {} merge value {transformation:[-1f,9.907600726170933e-17f,-7.198293278059945e-17f,-1.0625f,0f,-0.5877852522924714f,-0.8090169943749488f,-0.6249999999999999f,-1.2246467991473532e-16f,-0.8090169943749488f,0.5877852522924714f,-1.4340312499999999f,0f,0f,0f,1f],start_interpolation:0}
execute if entity @s[tag=aj.assembler.bone.rails2] run data modify entity @s {} merge value {transformation:[-1.2038220325092979f,0f,1.4742567988555726e-16f,0.4375000000000001f,0f,1.2038220325092979f,0f,-0.9999999999999999f,-1.4742567988555726e-16f,0f,-1.2038220325092979f,-0.8715312499999995f,0f,0f,0f,1f],start_interpolation:0}
execute if entity @s[tag=aj.assembler.bone.bone6] run data modify entity @s {} merge value {transformation:[0.08563162254022881f,-0.18696387139067475f,-0.9786274756084354f,0.4343911039371898f,0f,0.9822353570497925f,-0.18765314641984274f,0.696589019540449f,0.9963268666562834f,0.01606904340271026f,0.08411040734055468f,-0.041253147946477754f,0f,0f,0f,1f],start_interpolation:0}
execute if entity @s[tag=aj.assembler.bone.bone5] run data modify entity @s {} merge value {transformation:[0.08563162254022881f,-0.08566988034144346f,-0.9926368403517021f,0.30291945718321867f,0f,0.9962963697677197f,-0.08598571734691374f,0.6886282490552036f,0.9963268666562834f,0.0073630964917017205f,0.08531447467414958f,-0.0299535124489817f,0f,0f,0f,1f],start_interpolation:0}
execute if entity @s[tag=aj.assembler.bone.bone4] run data modify entity @s {} merge value {transformation:[0.08563162254022881f,-0.08566988034144346f,-0.9926368403517021f,0.9182743387187778f,0f,0.9962963697677197f,-0.08598571734691374f,0.27985709029523365f,0.9963268666562834f,0.0073630964917017205f,0.08531447467414958f,-0.2710328660049499f,0f,0f,0f,1f],start_interpolation:0}
execute if entity @s[tag=aj.assembler.bone.bone3] run data modify entity @s {} merge value {transformation:[0.08563162254022881f,-0.5108606863466922f,-0.855387973007871f,0.7944285826296001f,0f,0.858541510456895f,-0.5127440636637282f,-0.234375f,0.9963268666562834f,0.04390710611939542f,0.07351830255856273f,-0.19765823817424444f,0f,0f,0f,1f],start_interpolation:0}
execute if entity @s[tag=aj.assembler.bone.octagon] run data modify entity @s {} merge value {transformation:[0.08563162254022881f,0f,-0.9963268666562834f,0.859375f,0f,1f,0f,-0.40625f,0.9963268666562834f,0f,0.08563162254022881f,-0.1718749999999999f,0f,0f,0f,1f],start_interpolation:0}
execute if entity @s[tag=aj.assembler.bone.bone10] run data modify entity @s {} merge value {transformation:[0.20123835036592352f,-0.7223098310805813f,0.6616431321084987f,-0.5427633454664231f,0f,0.6754615181562074f,0.737395238315323f,0.34048039164477617f,-0.9795423045188002f,-0.14839220132626266f,0.13592876164941745f,-0.011121956115573779f,0f,0f,0f,1f],start_interpolation:0}
execute if entity @s[tag=aj.assembler.bone.bone9] run data modify entity @s {} merge value {transformation:[0.20123835036592352f,0.49803886197995434f,0.8434811309683898f,-0.4295946736511804f,0f,0.8610971951668281f,-0.50844038045362f,0.2762296203039157f,-0.9795423045188002f,0.10231770342190902f,0.17328577906009618f,0.012127552072221826f,0f,0f,0f,1f],start_interpolation:0}
execute if entity @s[tag=aj.assembler.bone.bone8] run data modify entity @s {} merge value {transformation:[0.20123835036592352f,0.49803886197995434f,0.8434811309683898f,-1.0894514204885546f,0f,0.8610971951668281f,-0.50844038045362f,0.19105190751893963f,-0.9795423045188002f,0.10231770342190902f,0.17328577906009618f,-0.314850141217625f,0f,0f,0f,1f],start_interpolation:0}
execute if entity @s[tag=aj.assembler.bone.bone7] run data modify entity @s {} merge value {transformation:[0.20123835036592352f,0.14207965803683165f,0.9691834176842581f,-0.7918649075186398f,0f,0.9894247682956062f,-0.14504698508823285f,-0.234375f,-0.9795423045188002f,0.029189016004706688f,0.1991102081829939f,-0.18990830011834228f,0f,0f,0f,1f],start_interpolation:0}
execute if entity @s[tag=aj.assembler.bone.octagon2] run data modify entity @s {} merge value {transformation:[0.20123835036592352f,0f,0.9795423045188002f,-0.8593749999999999f,0f,1f,0f,-0.40625f,-0.9795423045188002f,0f,0.20123835036592352f,-0.171875f,0f,0f,0f,1f],start_interpolation:0}