execute if entity @s[tag=aj.assembler.bone.bone21] run data modify entity @s {} merge value {transformation:[0.527792709764436f,-0.8493732133282246f,1.2246467991473532e-16f,-0.5827672850809305f,-0.8493732133282246f,-0.527792709764436f,0f,0.7495934355195879f,6.463596526263247e-17f,-1.0401821869839123e-16f,-1f,-1.1156562500000002f,0f,0f,0f,1f],start_interpolation:0}
execute if entity @s[tag=aj.assembler.bone.arm4] run data modify entity @s {} merge value {transformation:[-0.27482946836400546f,0.9614929866196416f,1.2246467991473532e-16f,-0.7279448017037067f,0.9614929866196416f,0.27482946836400546f,0f,1.2574980822759385f,-3.365690287433481e-17f,1.1774893084663729e-16f,-1f,-1.1156562500000002f,0f,0f,0f,1f],start_interpolation:0}
execute if entity @s[tag=aj.assembler.bone.small_arm_base4] run data modify entity @s {} merge value {transformation:[-0.6959127965923136f,0.7181262977631896f,1.2246467991473532e-16f,-0.739591204770821f,0.7181262977631896f,0.6959127965923136f,0f,1.2695162379382552f,-8.5224737883246e-17f,8.794510719392292e-17f,-1f,-1.0219062500000002f,0f,0f,0f,1f],start_interpolation:0}
execute if entity @s[tag=aj.assembler.bone.bone25] run data modify entity @s {} merge value {transformation:[-0.3971478906347815f,-0.9177546256839807f,1.2246467991473532e-16f,1.531195361832059e-16f,-0.9177546256839807f,0.3971478906347815f,0f,0.5000000000000001f,-4.863658930540083e-17f,-1.1239252647465642e-16f,-1f,-1.4594062500000002f,0f,0f,0f,1f],start_interpolation:0}
execute if entity @s[tag=aj.assembler.bone.bone16] run data modify entity @s {} merge value {transformation:[-0.377709487162324f,-0.9259241563473621f,1.2246467991473532e-16f,-0.47371069239013336f,-0.9259241563473621f,0.377709487162324f,0f,0.21759796714262078f,-4.625607144609284e-17f,-1.1339300543240105e-16f,-1f,-1.1156562500000002f,0f,0f,0f,1f],start_interpolation:0}
execute if entity @s[tag=aj.assembler.bone.arm3] run data modify entity @s {} merge value {transformation:[-0.537226006512971f,-0.8434383308376051f,1.2246467991473532e-16f,-0.7574980822759385f,-0.8434383308376051f,0.537226006512971f,0f,-0.22794480170370648f,-6.579121092948251e-17f,-1.0329140521384593e-16f,-1f,-1.1156562500000002f,0f,0f,0f,1f],start_interpolation:0}
execute if entity @s[tag=aj.assembler.bone.small_arm_base3] run data modify entity @s {} merge value {transformation:[-0.7181262977631897f,-0.6959127965923135f,1.2246467991473532e-16f,-0.7695162379382553f,-0.6959127965923135f,0.7181262977631897f,0f,-0.23959120477082074f,-8.794510719392294e-17f,-8.522473788324599e-17f,-1f,-1.0219062500000002f,0f,0f,0f,1f],start_interpolation:0}
execute if entity @s[tag=aj.assembler.bone.bone15] run data modify entity @s {} merge value {transformation:[0.9177546256839806f,-0.39714789063478173f,1.2246467991473532e-16f,1.531195361832059e-16f,-0.39714789063478173f,-0.9177546256839806f,0f,0.5000000000000001f,1.1239252647465642e-16f,-4.863658930540085e-17f,-1f,-1.4594062500000002f,0f,0f,0f,1f],start_interpolation:0}
execute if entity @s[tag=aj.assembler.bone.bone26] run data modify entity @s {} merge value {transformation:[0.39571724471776754f,0.9183723984490053f,1.2246467991473532e-16f,0.4484165253653941f,0.9183723984490053f,-0.39571724471776754f,0f,0.7995615238937492f,4.846138571110242e-17f,1.124681818185852e-16f,-1f,-1.1156562500000002f,0f,0f,0f,1f],start_interpolation:0}
execute if entity @s[tag=aj.assembler.bone.arm5] run data modify entity @s {} merge value {transformation:[0.5851093333381716f,0.8109544179795559f,1.2246467991473532e-16f,0.7574980822759383f,0.8109544179795559f,-0.5851093333381716f,0f,1.2279448017037073f,7.165522722238338e-17f,9.931327322330679e-17f,-1f,-1.1156562500000002f,0f,0f,0f,1f],start_interpolation:0}
execute if entity @s[tag=aj.assembler.bone.small_arm_base5] run data modify entity @s {} merge value {transformation:[0.7181262977631894f,0.6959127965923139f,1.2246467991473532e-16f,0.7695162379382551f,0.6959127965923139f,-0.7181262977631894f,0f,1.2395912047708215f,8.79451071939229e-17f,8.522473788324601e-17f,-1f,-1.0219062500000002f,0f,0f,0f,1f],start_interpolation:0}
execute if entity @s[tag=aj.assembler.bone.bone20] run data modify entity @s {} merge value {transformation:[-0.9177546256839808f,0.3971478906347813f,1.2246467991473532e-16f,1.531195361832059e-16f,0.3971478906347813f,0.9177546256839808f,0f,0.5000000000000001f,-1.1239252647465642e-16f,4.8636589305400803e-17f,-1f,-1.4594062500000002f,0f,0f,0f,1f],start_interpolation:0}
execute if entity @s[tag=aj.assembler.bone.bone11] run data modify entity @s {} merge value {transformation:[-0.7407139522569027f,0.6718205422074848f,1.2246467991473532e-16f,0.20759211923190402f,0.6718205422074848f,0.7407139522569027f,0f,-0.166521561272721f,-9.071129707152014e-17f,8.227428766158355e-17f,-1f,-1.1156562500000002f,0f,0f,0f,1f],start_interpolation:0}
execute if entity @s[tag=aj.assembler.bone.arm2] run data modify entity @s {} merge value {transformation:[-0.9850578409954271f,0.17222383660059365f,1.2246467991473532e-16f,0.7279448017037069f,0.17222383660059365f,0.9850578409954271f,0f,-0.2574980822759383f,-1.2063479319500522e-16f,2.109133702297938e-17f,-1f,-1.1156562500000002f,0f,0f,0f,1f],start_interpolation:0}
execute if entity @s[tag=aj.assembler.bone.small_arm_base2] run data modify entity @s {} merge value {transformation:[-0.6959127965923136f,0.7181262977631896f,1.2246467991473532e-16f,0.7395912047708212f,0.7181262977631896f,0.6959127965923136f,0f,-0.2695162379382551f,-8.5224737883246e-17f,8.794510719392292e-17f,-1f,-1.0219062500000002f,0f,0f,0f,1f],start_interpolation:0}
execute if entity @s[tag=aj.assembler.bone.bone2] run data modify entity @s {} merge value {transformation:[-0.3971478906347815f,-0.9177546256839807f,1.2246467991473532e-16f,1.531195361832059e-16f,-0.9177546256839807f,0.3971478906347815f,0f,0.5000000000000001f,-4.863658930540083e-17f,-1.1239252647465642e-16f,-1f,-1.4594062500000002f,0f,0f,0f,1f],start_interpolation:0}
execute if entity @s[tag=aj.assembler.bone.ring] run data modify entity @s {} merge value {transformation:[-0.7145680197958042f,-1.6512692651728464f,2.2034447591230768e-16f,1.1102230246251565e-16f,-1.6512692651728464f,0.7145680197958042f,0f,0.5000000000000001f,-8.750934382159942e-17f,-2.0222216201243282e-16f,-1.7992491881391441f,-1.1156562500000002f,0f,0f,0f,1f],start_interpolation:0}
execute if entity @s[tag=aj.assembler.bone.wheel] run data modify entity @s {} merge value {transformation:[-1f,9.907600726170932e-17f,7.198293278059945e-17f,1.0625f,0f,0.5877852522924714f,-0.8090169943749487f,-0.6249999999999999f,-1.2246467991473532e-16f,-0.8090169943749487f,-0.5877852522924714f,-1.24065625f,0f,0f,0f,1f],start_interpolation:0}
execute if entity @s[tag=aj.assembler.bone.wheel2] run data modify entity @s {} merge value {transformation:[-1f,9.907600726170932e-17f,7.198293278059945e-17f,1.0625f,0f,0.5877852522924714f,-0.8090169943749487f,-0.6249999999999999f,-1.2246467991473532e-16f,-0.8090169943749487f,-0.5877852522924714f,-0.99065625f,0f,0f,0f,1f],start_interpolation:0}
execute if entity @s[tag=aj.assembler.bone.rails] run data modify entity @s {} merge value {transformation:[-1.137300743709099f,0f,1.3927917154512523e-16f,-0.43749999999999994f,0f,1.137300743709099f,0f,-0.9999999999999999f,-1.3927917154512523e-16f,0f,-1.137300743709099f,-0.6781562500000002f,0f,0f,0f,1f],start_interpolation:0}
execute if entity @s[tag=aj.assembler.bone.wheel3] run data modify entity @s {} merge value {transformation:[-1f,9.907600726170932e-17f,7.198293278059945e-17f,-1.0625f,0f,0.5877852522924714f,-0.8090169943749487f,-0.6249999999999999f,-1.2246467991473532e-16f,-0.8090169943749487f,-0.5877852522924714f,-0.9906562500000002f,0f,0f,0f,1f],start_interpolation:0}
execute if entity @s[tag=aj.assembler.bone.wheel4] run data modify entity @s {} merge value {transformation:[-1f,9.907600726170932e-17f,7.198293278059945e-17f,-1.0625f,0f,0.5877852522924714f,-0.8090169943749487f,-0.6249999999999999f,-1.2246467991473532e-16f,-0.8090169943749487f,-0.5877852522924714f,-1.2406562500000002f,0f,0f,0f,1f],start_interpolation:0}
execute if entity @s[tag=aj.assembler.bone.rails2] run data modify entity @s {} merge value {transformation:[-1.2038220325092979f,0f,1.4742567988555726e-16f,0.4375f,0f,1.2038220325092979f,0f,-0.9999999999999999f,-1.4742567988555726e-16f,0f,-1.2038220325092979f,-0.6781562500000001f,0f,0f,0f,1f],start_interpolation:0}
execute if entity @s[tag=aj.assembler.bone.bone6] run data modify entity @s {} merge value {transformation:[-0.9431131835804506f,0.0443793672600363f,-0.3294965777035415f,0.673403862429604f,0f,0.9910510912567885f,0.13348308701378062f,0.8598134361738152f,0.33247183784005996f,0.12588965914771294f,-0.9346733497660695f,-0.41743514169046403f,0f,0f,0f,1f],start_interpolation:0}
execute if entity @s[tag=aj.assembler.bone.bone5] run data modify entity @s {} merge value {transformation:[-0.9431131835804506f,0.07877465620857836f,-0.3230047623425503f,0.6309871147183386f,0f,0.9715251807220318f,0.23693632736037612f,0.8944429079144741f,0.33247183784005996f,0.22345777400270417f,-0.9162582061193281f,-0.5377574950993704f,0f,0f,0f,1f],start_interpolation:0}
execute if entity @s[tag=aj.assembler.bone.bone4] run data modify entity @s {} merge value {transformation:[-0.9431131835804506f,0.07877465620857836f,-0.3230047623425503f,0.9688359252558904f,0f,0.9715251807220318f,0.23693632736037612f,0.28081954746816196f,0.33247183784005996f,0.22345777400270417f,-0.9162582061193281f,-0.14334915023973543f,0f,0f,0f,1f],start_interpolation:0}
execute if entity @s[tag=aj.assembler.bone.bone3] run data modify entity @s {} merge value {transformation:[-0.9431131835804506f,-0.17261883184225454f,-0.28414830960285964f,0.8680677971218853f,0f,0.8546537699218693f,-0.519198356659896f,-0.234375f,0.33247183784005996f,-0.48966281505925274f,-0.806035237810048f,-0.24120931890627992f,0f,0f,0f,1f],start_interpolation:0}
execute if entity @s[tag=aj.assembler.bone.octagon] run data modify entity @s {} merge value {transformation:[-0.9431131835804506f,0f,-0.33247183784005996f,0.859375f,0f,1f,0f,-0.40625f,0.33247183784005996f,0f,-0.9431131835804506f,-0.1718749999999999f,0f,0f,0f,1f],start_interpolation:0}
execute if entity @s[tag=aj.assembler.bone.bone10] run data modify entity @s {} merge value {transformation:[-0.9556350954677437f,0.00552371627385935f,0.29450136310190883f,-0.567014853653203f,0f,0.9998241495258973f,-0.018752867109218474f,0.007741453917448848f,-0.2945531604148162f,-0.017920897950211845f,-0.9554670465831365f,-0.802116468479409f,0f,0f,0f,1f],start_interpolation:0}
execute if entity @s[tag=aj.assembler.bone.bone9] run data modify entity @s {} merge value {transformation:[-0.9556350954677437f,0.27778271293893214f,0.09797106053648331f,-0.5531191203596839f,0f,0.3326090964310539f,-0.9430647851400866f,-0.11575068631928781f,-0.2945531604148162f,-0.9012258059796139f,-0.3178529256213302f,-0.8471991638877535f,0f,0f,0f,1f],start_interpolation:0}
execute if entity @s[tag=aj.assembler.bone.bone8] run data modify entity @s {} merge value {transformation:[-0.9556350954677437f,0.27778271293893214f,0.09797106053648331f,-0.9200895021492015f,0f,0.3326090964310539f,-0.9430647851400866f,0.2947632801475992f,-0.2945531604148162f,-0.9012258059796139f,-0.3178529256213302f,-0.2931742958284824f,0f,0f,0f,1f],start_interpolation:0}
execute if entity @s[tag=aj.assembler.bone.bone7] run data modify entity @s {} merge value {transformation:[-0.9556350954677437f,0.2217680909852122f,0.19385684958528318f,-0.8708290242074409f,0f,0.6581387526525825f,-0.7528966610743488f,-0.234375f,-0.2945531604148162f,-0.7194944725831308f,-0.6289404897221724f,-0.240806979729697f,0f,0f,0f,1f],start_interpolation:0}
execute if entity @s[tag=aj.assembler.bone.octagon2] run data modify entity @s {} merge value {transformation:[-0.9556350954677437f,0f,0.2945531604148162f,-0.8593749999999999f,0f,1f,0f,-0.40625f,-0.2945531604148162f,0f,-0.9556350954677437f,-0.171875f,0f,0f,0f,1f],start_interpolation:0}