execute if entity @s[tag=aj.assembler.bone.bone21] run data modify entity @s {} merge value {transformation:[0.8734163259976221f,0.4869742513530011f,1.2246467991473532e-16f,0.40618172109665407f,0.4869742513530011f,-0.8734163259976221f,0f,0.16878296957250358f,1.0696265079560289e-16f,5.963714581866315e-17f,-1f,-1.93115625f,0f,0f,0f,1f],start_interpolation:0}
execute if entity @s[tag=aj.assembler.bone.arm4] run data modify entity @s {} merge value {transformation:[0.6964377855913043f,-0.7176171756589169f,1.2246467991473532e-16f,0.7740720670492831f,-0.7176171756589169f,-0.6964377855913043f,0f,-0.2102953005569049f,8.528903049296615e-17f,-8.788275771838565e-17f,-1f,-1.93115625f,0f,0f,0f,1f],start_interpolation:0}
execute if entity @s[tag=aj.assembler.bone.small_arm_base4] run data modify entity @s {} merge value {transformation:[0.7396310949786098f,-0.6730125135097734f,1.2246467991473532e-16f,0.7864501148381332f,-0.6730125135097734f,-0.7396310949786098f,0f,-0.22155845743507674f,9.057868530154065e-17f,-8.242026204558589e-17f,-1f,-1.83740625f,0f,0f,0f,1f],start_interpolation:0}
execute if entity @s[tag=aj.assembler.bone.bone25] run data modify entity @s {} merge value {transformation:[0.33873792024529137f,0.9408807689542255f,1.2246467991473532e-16f,2.6414183864572156e-16f,0.9408807689542255f,-0.33873792024529137f,0f,0.5000000000000001f,4.148343097782275e-17f,1.1522466220790926e-16f,-1f,-2.27490625f,0f,0f,0f,1f],start_interpolation:0}
execute if entity @s[tag=aj.assembler.bone.bone16] run data modify entity @s {} merge value {transformation:[0.04891484511782324f,0.9988029525021936f,1.2246467991473532e-16f,0.685435247812254f,0.9988029525021936f,-0.04891484511782324f,0f,0.7464115518437363f,5.99034085043308e-18f,1.2231808387607376e-16f,-1f,-1.93115625f,0f,0f,0f,1f],start_interpolation:0}
execute if entity @s[tag=aj.assembler.bone.arm3] run data modify entity @s {} merge value {transformation:[0.04706152328715174f,0.9988919926728279f,1.2246467991473532e-16f,0.7102953005569053f,0.9988919926728279f,-0.04706152328715174f,0f,1.2740720670492829f,5.763374385660903e-18f,1.2232898815207003e-16f,-1f,-1.93115625f,0f,0f,0f,1f],start_interpolation:0}
execute if entity @s[tag=aj.assembler.bone.small_arm_base3] run data modify entity @s {} merge value {transformation:[0.6730125135097735f,0.7396310949786096f,1.2246467991473532e-16f,0.7215584574350771f,0.7396310949786096f,-0.6730125135097735f,0f,1.2864501148381329f,8.242026204558591e-17f,9.057868530154064e-17f,-1f,-1.83740625f,0f,0f,0f,1f],start_interpolation:0}
execute if entity @s[tag=aj.assembler.bone.bone15] run data modify entity @s {} merge value {transformation:[-0.9408807689542253f,0.3387379202452916f,1.2246467991473532e-16f,2.6414183864572156e-16f,0.3387379202452916f,0.9408807689542253f,0f,0.5000000000000001f,-1.1522466220790926e-16f,4.1483430977822776e-17f,-1f,-2.27490625f,0f,0f,0f,1f],start_interpolation:0}
execute if entity @s[tag=aj.assembler.bone.bone26] run data modify entity @s {} merge value {transformation:[0.47929940695600415f,-0.8776514561553594f,1.2246467991473532e-16f,-0.3426137922054174f,-0.8776514561553594f,-0.47929940695600415f,0f,0.1052087655086319f,5.869724845618952e-17f,-1.0748130465476746e-16f,-1f,-1.93115625f,0f,0f,0f,1f],start_interpolation:0}
execute if entity @s[tag=aj.assembler.bone.arm5] run data modify entity @s {} merge value {transformation:[-0.69604244388667f,-0.718000638097399f,1.2246467991473532e-16f,-0.7102953005569046f,-0.718000638097399f,0.69604244388667f,0f,-0.274072067049283f,-8.524061509765116e-17f,-8.792971832317369e-17f,-1f,-1.93115625f,0f,0f,0f,1f],start_interpolation:0}
execute if entity @s[tag=aj.assembler.bone.small_arm_base5] run data modify entity @s {} merge value {transformation:[-0.6730125135097733f,-0.7396310949786099f,1.2246467991473532e-16f,-0.7215584574350764f,-0.7396310949786099f,0.6730125135097733f,0f,-0.2864501148381331f,-8.242026204558586e-17f,-9.057868530154066e-17f,-1f,-1.83740625f,0f,0f,0f,1f],start_interpolation:0}
execute if entity @s[tag=aj.assembler.bone.bone20] run data modify entity @s {} merge value {transformation:[0.9408807689542256f,-0.33873792024529115f,1.2246467991473532e-16f,2.6414183864572156e-16f,-0.33873792024529115f,-0.9408807689542256f,0f,0.5000000000000001f,1.1522466220790926e-16f,-4.1483430977822727e-17f,-1f,-2.27490625f,0f,0f,0f,1f],start_interpolation:0}
execute if entity @s[tag=aj.assembler.bone.bone11] run data modify entity @s {} merge value {transformation:[0.9774195824507164f,-0.2113077372976862f,1.2246467991473532e-16f,-0.25002984692197483f,-0.2113077372976862f,-0.9774195824507164f,0f,1.1437867067250387f,1.196993763072212e-16f,-2.5877734411668124e-17f,-1f,-1.93115625f,0f,0f,0f,1f],start_interpolation:0}
execute if entity @s[tag=aj.assembler.bone.arm2] run data modify entity @s {} merge value {transformation:[0.9920423500017777f,-0.12590462979156486f,1.2246467991473532e-16f,-0.7740720670492827f,-0.12590462979156486f,-0.9920423500017777f,0f,1.210295300556905f,1.214901488548295e-16f,-1.541887018720725e-17f,-1f,-1.93115625f,0f,0f,0f,1f],start_interpolation:0}
execute if entity @s[tag=aj.assembler.bone.small_arm_base2] run data modify entity @s {} merge value {transformation:[0.7396310949786098f,-0.6730125135097734f,1.2246467991473532e-16f,-0.7864501148381328f,-0.6730125135097734f,-0.7396310949786098f,0f,1.2215584574350768f,9.057868530154065e-17f,-8.242026204558589e-17f,-1f,-1.83740625f,0f,0f,0f,1f],start_interpolation:0}
execute if entity @s[tag=aj.assembler.bone.bone2] run data modify entity @s {} merge value {transformation:[0.33873792024529137f,0.9408807689542255f,1.2246467991473532e-16f,2.6414183864572156e-16f,0.9408807689542255f,-0.33873792024529137f,0f,0.5000000000000001f,4.148343097782275e-17f,1.1522466220790926e-16f,-1f,-2.27490625f,0f,0f,0f,1f],start_interpolation:0}
execute if entity @s[tag=aj.assembler.bone.ring] run data modify entity @s {} merge value {transformation:[0.6094739279932827f,1.6928789596766238f,2.2034447591230768e-16f,2.220446049250313e-16f,1.6928789596766238f,-0.6094739279932827f,0f,0.5000000000000001f,7.46390295080738e-17f,2.0731787993118786e-16f,-1.7992491881391441f,-1.93115625f,0f,0f,0f,1f],start_interpolation:0}
execute if entity @s[tag=aj.assembler.bone.wheel] run data modify entity @s {} merge value {transformation:[-1f,-3.7843667304341327e-17f,1.164708318489093e-16f,1.0625000000000002f,0f,0.9510565162951541f,0.309016994374946f,-0.6249999999999999f,-1.2246467991473532e-16f,0.309016994374946f,-0.9510565162951541f,-2.05615625f,0f,0f,0f,1f],start_interpolation:0}
execute if entity @s[tag=aj.assembler.bone.wheel2] run data modify entity @s {} merge value {transformation:[-1f,-3.7843667304341327e-17f,1.164708318489093e-16f,1.0625000000000002f,0f,0.9510565162951541f,0.309016994374946f,-0.6249999999999999f,-1.2246467991473532e-16f,0.309016994374946f,-0.9510565162951541f,-1.8061562499999997f,0f,0f,0f,1f],start_interpolation:0}
execute if entity @s[tag=aj.assembler.bone.rails] run data modify entity @s {} merge value {transformation:[-1.137300743709099f,0f,1.3927917154512523e-16f,-0.43749999999999983f,0f,1.137300743709099f,0f,-0.9999999999999999f,-1.3927917154512523e-16f,0f,-1.137300743709099f,-1.49365625f,0f,0f,0f,1f],start_interpolation:0}
execute if entity @s[tag=aj.assembler.bone.wheel3] run data modify entity @s {} merge value {transformation:[-1f,-3.7843667304341327e-17f,1.164708318489093e-16f,-1.0625f,0f,0.9510565162951541f,0.309016994374946f,-0.6249999999999999f,-1.2246467991473532e-16f,0.309016994374946f,-0.9510565162951541f,-1.8061562500000001f,0f,0f,0f,1f],start_interpolation:0}
execute if entity @s[tag=aj.assembler.bone.wheel4] run data modify entity @s {} merge value {transformation:[-1f,-3.7843667304341327e-17f,1.164708318489093e-16f,-1.0625f,0f,0.9510565162951541f,0.309016994374946f,-0.6249999999999999f,-1.2246467991473532e-16f,0.309016994374946f,-0.9510565162951541f,-2.05615625f,0f,0f,0f,1f],start_interpolation:0}
execute if entity @s[tag=aj.assembler.bone.rails2] run data modify entity @s {} merge value {transformation:[-1.2038220325092979f,0f,1.4742567988555726e-16f,0.4375000000000001f,0f,1.2038220325092979f,0f,-0.9999999999999999f,-1.4742567988555726e-16f,0f,-1.2038220325092979f,-1.49365625f,0f,0f,0f,1f],start_interpolation:0}
execute if entity @s[tag=aj.assembler.bone.bone6] run data modify entity @s {} merge value {transformation:[-0.9455711795430306f,0.10044443831557902f,-0.3095255388963397f,0.3299668377942059f,0f,0.9511707025427327f,0.30866534406111107f,0.6909121074298604f,0.3254153413986527f,0.2918650534679201f,-0.8993996031501049f,-1.422102167065963f,0f,0f,0f,1f],start_interpolation:0}
execute if entity @s[tag=aj.assembler.bone.bone5] run data modify entity @s {} merge value {transformation:[-0.9455711795430306f,-0.11665385739140686f,-0.303787791020816f,0.28942225107250874f,0f,0.9335386270208396f,-0.35847682192862285f,0.6467267333660256f,0.3254153413986527f,-0.33896535134988487f,-0.8827272207010766f,-1.5399140456508569f,0f,0f,0f,1f],start_interpolation:0}
execute if entity @s[tag=aj.assembler.bone.bone4] run data modify entity @s {} merge value {transformation:[-0.9455711795430306f,-0.11665385739140686f,-0.303787791020816f,0.8457573781410045f,0f,0.9335386270208396f,-0.35847682192862285f,0.23238732201176376f,0.3254153413986527f,-0.33896535134988487f,-0.8827272207010766f,-0.4995375813199068f,0f,0f,0f,1f],start_interpolation:0}
execute if entity @s[tag=aj.assembler.bone.bone3] run data modify entity @s {} merge value {transformation:[-0.9455711795430306f,-0.3117574419642997f,-0.0932868790209962f,0.8685856405233039f,0f,0.28667019391293647f,-0.9580293314517668f,-0.234375f,0.3254153413986527f,-0.9058849249776681f,-0.27106707339808467f,-0.2411424281401472f,0f,0f,0f,1f],start_interpolation:0}
execute if entity @s[tag=aj.assembler.bone.octagon] run data modify entity @s {} merge value {transformation:[-0.9455711795430306f,0f,-0.3254153413986527f,0.859375f,0f,1f,0f,-0.40625f,0.3254153413986527f,0f,-0.9455711795430306f,-0.1718749999999999f,0f,0f,0f,1f],start_interpolation:0}
execute if entity @s[tag=aj.assembler.bone.bone10] run data modify entity @s {} merge value {transformation:[-0.0205731441660033f,0.37172619758268166f,0.9281144217012502f,-0.44119448437169717f,0f,0.9283108982648899f,-0.37180488991221355f,0.08165755321782577f,-0.999788350471801f,-0.0076491956017889565f,-0.019098273940875606f,-0.0867102629590208f,0f,0f,0f,1f],start_interpolation:0}
execute if entity @s[tag=aj.assembler.bone.bone9] run data modify entity @s {} merge value {transformation:[-0.0205731441660033f,0.8404802579311603f,0.5414514583663944f,-0.3667702159961348f,0f,0.541566080571836f,-0.8406581828389347f,-0.027587732355424055f,-0.999788350471801f,-0.017294981989875766f,-0.011141717051021741f,-0.08824172829567653f,0f,0f,0f,1f],start_interpolation:0}
execute if entity @s[tag=aj.assembler.bone.bone8] run data modify entity @s {} merge value {transformation:[-0.0205731441660033f,0.8404802579311603f,0.5414514583663944f,-1.070323643055795f,0f,0.541566080571836f,-0.8406581828389347f,0.22114987032100997f,-0.999788350471801f,-0.017294981989875766f,-0.011141717051021741f,-0.2613040507711934f,0f,0f,0f,1f],start_interpolation:0}
execute if entity @s[tag=aj.assembler.bone.bone7] run data modify entity @s {} merge value {transformation:[-0.0205731441660033f,0.24522903466987175f,0.9692468551891246f,-0.7975311388506999f,0f,0.9694520392558446f,-0.24528094826684863f,-0.234375f,-0.999788350471801f,-0.005046200309867874f,-0.01994467656563638f,-0.204404207462619f,0f,0f,0f,1f],start_interpolation:0}
execute if entity @s[tag=aj.assembler.bone.octagon2] run data modify entity @s {} merge value {transformation:[-0.0205731441660033f,0f,0.999788350471801f,-0.8593749999999999f,0f,1f,0f,-0.40625f,-0.999788350471801f,0f,-0.0205731441660033f,-0.171875f,0f,0f,0f,1f],start_interpolation:0}