execute if entity @s[tag=aj.assembler.bone.bone21] run data modify entity @s {} merge value {transformation:[0.761074376042657f,0.6486646237704661f,1.2246467991473532e-16f,0.48815374436836056f,0.6486646237704661f,-0.761074376042657f,0f,-0.0650862551229951f,9.320472985337093e-17f,7.943850552206234e-17f,-1f,-1.4345937500000003f,0f,0f,0f,1f],start_interpolation:0}
execute if entity @s[tag=aj.assembler.bone.arm4] run data modify entity @s {} merge value {transformation:[0.9333484285875788f,0.3589717410230188f,1.2246467991473532e-16f,0.981191146116877f,0.3589717410230188f,-0.9333484285875788f,0f,0.12453906493348299f,1.1430221655589906e-16f,4.3961359362819266e-17f,-1f,-1.4345937500000003f,0f,0f,0f,1f],start_interpolation:0}
execute if entity @s[tag=aj.assembler.bone.small_arm_base4] run data modify entity @s {} merge value {transformation:[0.9354440308298674f,-0.35347484377925714f,1.2246467991473532e-16f,0.9968462084797451f,-0.35347484377925714f,-0.9354440308298674f,0f,0.1186235098166683f,1.1455885381372952e-16f,-4.32881836013378e-17f,-1f,-1.3408437500000003f,0f,0f,0f,1f],start_interpolation:0}
execute if entity @s[tag=aj.assembler.bone.bone25] run data modify entity @s {} merge value {transformation:[-0.03141075907812829f,0.9995065603657315f,1.2246467991473532e-16f,2.6414183864572156e-16f,0.9995065603657315f,0.03141075907812829f,0f,0.5000000000000001f,-3.846708556381848e-18f,1.224042509878674e-16f,-1f,-1.7783437500000003f,0f,0f,0f,1f],start_interpolation:0}
execute if entity @s[tag=aj.assembler.bone.bone16] run data modify entity @s {} merge value {transformation:[-0.7578449548652793f,0.6524346897469837f,1.2246467991473532e-16f,0.40060919434591347f,0.6524346897469837f,0.7578449548652793f,0f,0.9535442882804389f,-9.280923982257347e-17f,7.990020544513402e-17f,-1f,-1.4345937500000003f,0f,0f,0f,1f],start_interpolation:0}
execute if entity @s[tag=aj.assembler.bone.arm3] run data modify entity @s {} merge value {transformation:[-0.04760711499146986f,0.9988661384801214f,1.2246467991473532e-16f,0.37546093506651756f,0.9988661384801214f,0.04760711499146986f,0f,1.4811911461168767f,-5.83019009909435e-18f,1.2232582192663577e-16f,-1f,-1.4345937500000003f,0f,0f,0f,1f],start_interpolation:0}
execute if entity @s[tag=aj.assembler.bone.small_arm_base3] run data modify entity @s {} merge value {transformation:[0.35347484377925736f,0.9354440308298673f,1.2246467991473532e-16f,0.38137649018333225f,0.9354440308298673f,-0.35347484377925736f,0f,1.496846208479745f,4.328818360133783e-17f,1.145588538137295e-16f,-1f,-1.3408437500000003f,0f,0f,0f,1f],start_interpolation:0}
execute if entity @s[tag=aj.assembler.bone.bone15] run data modify entity @s {} merge value {transformation:[-0.9995065603657315f,-0.03141075907812807f,1.2246467991473532e-16f,2.6414183864572156e-16f,-0.03141075907812807f,0.9995065603657315f,0f,0.5000000000000001f,-1.224042509878674e-16f,-3.846708556381821e-18f,-1f,-1.7783437500000003f,0f,0f,0f,1f],start_interpolation:0}
execute if entity @s[tag=aj.assembler.bone.bone26] run data modify entity @s {} merge value {transformation:[0.7697975698906896f,-0.638288102184577f,1.2246467991473532e-16f,-0.2936057002522544f,-0.638288102184577f,-0.7697975698906896f,0f,0.04067412582881619f,9.42730129958044e-17f,-7.816774812741809e-17f,-1f,-1.4345937500000003f,0f,0f,0f,1f],start_interpolation:0}
execute if entity @s[tag=aj.assembler.bone.arm5] run data modify entity @s {} merge value {transformation:[-0.15495671223849272f,-0.9879212606945137f,1.2246467991473532e-16f,-0.3754609350665167f,-0.9879212606945137f,0.15495671223849272f,0f,-0.4811911461168766f,-1.8976724164926757e-17f,-1.209854609719154e-16f,-1f,-1.4345937500000003f,0f,0f,0f,1f],start_interpolation:0}
execute if entity @s[tag=aj.assembler.bone.small_arm_base5] run data modify entity @s {} merge value {transformation:[-0.353474843779257f,-0.9354440308298675f,1.2246467991473532e-16f,-0.38137649018333136f,-0.9354440308298675f,0.353474843779257f,0f,-0.4968462084797448f,-4.328818360133777e-17f,-1.1455885381372952e-16f,-1f,-1.3408437500000003f,0f,0f,0f,1f],start_interpolation:0}
execute if entity @s[tag=aj.assembler.bone.bone20] run data modify entity @s {} merge value {transformation:[0.9995065603657315f,0.031410759078128514f,1.2246467991473532e-16f,2.6414183864572156e-16f,0.031410759078128514f,-0.9995065603657315f,0f,0.5000000000000001f,1.224042509878674e-16f,3.846708556381875e-18f,-1f,-1.7783437500000003f,0f,0f,0f,1f],start_interpolation:0}
execute if entity @s[tag=aj.assembler.bone.bone11] run data modify entity @s {} merge value {transformation:[0.980227653768463f,0.19787305725533844f,1.2246467991473532e-16f,-0.5263201560832225f,0.19787305725533844f,-0.980227653768463f,0f,1.1440424384416628f,1.2004326586232683e-16f,2.4232460620525115e-17f,-1f,-1.4345937500000003f,0f,0f,0f,1f],start_interpolation:0}
execute if entity @s[tag=aj.assembler.bone.arm2] run data modify entity @s {} merge value {transformation:[0.8610971951668261f,0.5084403804536232f,1.2246467991473532e-16f,-0.9811911461168764f,0.5084403804536232f,-0.8610971951668261f,0f,0.8754609350665172f,1.0545399238158175e-16f,6.226598844797921e-17f,-1f,-1.4345937500000003f,0f,0f,0f,1f],start_interpolation:0}
execute if entity @s[tag=aj.assembler.bone.small_arm_base2] run data modify entity @s {} merge value {transformation:[0.9354440308298674f,-0.35347484377925714f,1.2246467991473532e-16f,-0.9968462084797447f,-0.35347484377925714f,-0.9354440308298674f,0f,0.8813764901833319f,1.1455885381372952e-16f,-4.32881836013378e-17f,-1f,-1.3408437500000003f,0f,0f,0f,1f],start_interpolation:0}
execute if entity @s[tag=aj.assembler.bone.bone2] run data modify entity @s {} merge value {transformation:[-0.03141075907812829f,0.9995065603657315f,1.2246467991473532e-16f,2.6414183864572156e-16f,0.9995065603657315f,0.03141075907812829f,0f,0.5000000000000001f,-3.846708556381848e-18f,1.224042509878674e-16f,-1f,-1.7783437500000003f,0f,0f,0f,1f],start_interpolation:0}
execute if entity @s[tag=aj.assembler.bone.ring] run data modify entity @s {} merge value {transformation:[-0.05651578277015658f,1.798361367277791f,2.2034447591230768e-16f,2.220446049250313e-16f,1.798361367277791f,0.05651578277015658f,0f,0.5000000000000001f,-6.921187247077939e-18f,2.2023574921470044e-16f,-1.7992491881391441f,-1.4345937500000003f,0f,0f,0f,1f],start_interpolation:0}
execute if entity @s[tag=aj.assembler.bone.wheel] run data modify entity @s {} merge value {transformation:[-1f,3.784366730434141e-17f,-1.1647083184890926e-16f,1.0625000000000002f,0f,-0.9510565162951536f,-0.3090169943749467f,-0.6249999999999999f,-1.2246467991473532e-16f,-0.3090169943749467f,0.9510565162951536f,-1.5595937500000001f,0f,0f,0f,1f],start_interpolation:0}
execute if entity @s[tag=aj.assembler.bone.wheel2] run data modify entity @s {} merge value {transformation:[-1f,3.784366730434141e-17f,-1.1647083184890926e-16f,1.0625000000000002f,0f,-0.9510565162951536f,-0.3090169943749467f,-0.6249999999999999f,-1.2246467991473532e-16f,-0.3090169943749467f,0.9510565162951536f,-1.3095937500000001f,0f,0f,0f,1f],start_interpolation:0}
execute if entity @s[tag=aj.assembler.bone.rails] run data modify entity @s {} merge value {transformation:[-1.137300743709099f,0f,1.3927917154512523e-16f,-0.43749999999999983f,0f,1.137300743709099f,0f,-0.9999999999999999f,-1.3927917154512523e-16f,0f,-1.137300743709099f,-0.9970937500000003f,0f,0f,0f,1f],start_interpolation:0}
execute if entity @s[tag=aj.assembler.bone.wheel3] run data modify entity @s {} merge value {transformation:[-1f,3.784366730434141e-17f,-1.1647083184890926e-16f,-1.0625f,0f,-0.9510565162951536f,-0.3090169943749467f,-0.6249999999999999f,-1.2246467991473532e-16f,-0.3090169943749467f,0.9510565162951536f,-1.3095937500000003f,0f,0f,0f,1f],start_interpolation:0}
execute if entity @s[tag=aj.assembler.bone.wheel4] run data modify entity @s {} merge value {transformation:[-1f,3.784366730434141e-17f,-1.1647083184890926e-16f,-1.0625f,0f,-0.9510565162951536f,-0.3090169943749467f,-0.6249999999999999f,-1.2246467991473532e-16f,-0.3090169943749467f,0.9510565162951536f,-1.5595937500000003f,0f,0f,0f,1f],start_interpolation:0}
execute if entity @s[tag=aj.assembler.bone.rails2] run data modify entity @s {} merge value {transformation:[-1.2038220325092979f,0f,1.4742567988555726e-16f,0.4375000000000001f,0f,1.2038220325092979f,0f,-0.9999999999999999f,-1.4742567988555726e-16f,0f,-1.2038220325092979f,-0.9970937500000002f,0f,0f,0f,1f],start_interpolation:0}
execute if entity @s[tag=aj.assembler.bone.bone6] run data modify entity @s {} merge value {transformation:[-0.8962459087770014f,0.06981022939859036f,-0.438029454342745f,0.3211582888133104f,0f,0.9875369877152596f,0.1573870957044169f,0.3307752675956865f,0.44355751712769653f,0.14105754061937803f,-0.8850759850057652f,-1.0480286225404603f,0f,0f,0f,1f],start_interpolation:0}
execute if entity @s[tag=aj.assembler.bone.bone5] run data modify entity @s {} merge value {transformation:[-0.8962459087770014f,-0.2532236319289144f,-0.36417174963637206f,0.27216743717613234f,0f,0.8210248627835339f,-0.5708924370591006f,0.2581344736625962f,0.44355751712769653f,-0.5116600110659507f,-0.7358401742739412f,-1.1470188293385588f,0f,0f,0f,1f],start_interpolation:0}
execute if entity @s[tag=aj.assembler.bone.bone4] run data modify entity @s {} merge value {transformation:[-0.8962459087770014f,-0.2532236319289144f,-0.36417174963637206f,0.7895219232445497f,0f,0.8210248627835339f,-0.5708924370591006f,0.2132396889233028f,0.44355751712769653f,-0.5116600110659507f,-0.7358401742739412f,-0.5243784030987793f,0f,0f,0f,1f],start_interpolation:0}
execute if entity @s[tag=aj.assembler.bone.bone3] run data modify entity @s {} merge value {transformation:[-0.8962459087770014f,-0.4329288612420261f,-0.09651876555452438f,0.8596603398288003f,0f,0.21760146503556477f,-0.9760377054265761f,-0.234375f,0.44355751712769653f,-0.8747698003006609f,-0.19502442278200663f,-0.24175154170880297f,0f,0f,0f,1f],start_interpolation:0}
execute if entity @s[tag=aj.assembler.bone.octagon] run data modify entity @s {} merge value {transformation:[-0.8962459087770014f,0f,-0.44355751712769653f,0.859375f,0f,1f,0f,-0.40625f,0.44355751712769653f,0f,-0.8962459087770014f,-0.1718749999999999f,0f,0f,0f,1f],start_interpolation:0}
execute if entity @s[tag=aj.assembler.bone.bone10] run data modify entity @s {} merge value {transformation:[-0.08294400115200674f,0.9602832996297301f,0.2664137329890001f,-0.9667904667972655f,0f,-0.2673349130658374f,0.9636036759249527f,0.9436824814254031f,0.9965542096007101f,0.07992514440599721f,0.02217382733730443f,-0.27488943475203265f,0f,0f,0f,1f],start_interpolation:0}
execute if entity @s[tag=aj.assembler.bone.bone9] run data modify entity @s {} merge value {transformation:[-0.08294400115200674f,0.6808234023850985f,-0.7277360699028698f,-1.060637280017292f,0f,0.7302523664964017f,0.6831774888170753f,1.0364597109322111f,0.9965542096007101f,0.056665474419468564f,-0.0605700531279332f,-0.2827003798153753f,0f,0f,0f,1f],start_interpolation:0}
execute if entity @s[tag=aj.assembler.bone.bone8] run data modify entity @s {} merge value {transformation:[-0.08294400115200674f,0.6808234023850985f,-0.7277360699028698f,-0.9567619166472667f,0f,0.7302523664964017f,0.6831774888170753f,0.29524571491415985f,0.9965542096007101f,0.056665474419468564f,-0.0605700531279332f,-0.08590643085638554f,0f,0f,0f,1f],start_interpolation:0}
execute if entity @s[tag=aj.assembler.bone.bone7] run data modify entity @s {} merge value {transformation:[-0.08294400115200674f,-0.7401627085048872f,-0.6672926326669623f,-0.9242516381360445f,0f,0.6695999336898358f,-0.7427219727479236f,-0.234375f,0.9965542096007101f,-0.0616043321632245f,-0.055539297671353384f,-0.14591668102197825f,0f,0f,0f,1f],start_interpolation:0}
execute if entity @s[tag=aj.assembler.bone.octagon2] run data modify entity @s {} merge value {transformation:[-0.08294400115200674f,0f,-0.9965542096007101f,-0.8593749999999999f,0f,1f,0f,-0.40625f,0.9965542096007101f,0f,-0.08294400115200674f,-0.171875f,0f,0f,0f,1f],start_interpolation:0}