execute if entity @s[tag=aj.assembler.bone.bone21] run data modify entity @s {} merge value {transformation:[0.8414228037010858f,-0.5403773361381877f,1.2246467991473532e-16f,0.031199312676867347f,-0.5403773361381877f,-0.8414228037010858f,0f,-0.02774871379848154f,1.0304457432821266e-16f,-6.617713750334051e-17f,-1f,-1.0869999999999997f,0f,0f,0f,1f],start_interpolation:0}
execute if entity @s[tag=aj.assembler.bone.arm4] run data modify entity @s {} merge value {transformation:[0.27466873738223996f,-0.9615389148156439f,1.2246467991473532e-16f,0.1762919238311145f,-0.9615389148156439f,-0.27466873738223996f,0f,-0.535677621932181f,3.363721900610051e-17f,-1.177545554284598e-16f,-1f,-1.0869999999999997f,0f,0f,0f,1f],start_interpolation:0}
execute if entity @s[tag=aj.assembler.bone.small_arm_base4] run data modify entity @s {} merge value {transformation:[0.1719291002794096f,-0.985109326154774f,1.2246467991473532e-16f,0.17916923203786866f,-0.985109326154774f,-0.1719291002794096f,0f,-0.552163854594882f,2.1055242233746327e-17f,-1.20641098308565e-16f,-1f,-0.9932499999999997f,0f,0f,0f,1f],start_interpolation:0}
execute if entity @s[tag=aj.assembler.bone.bone25] run data modify entity @s {} merge value {transformation:[0.8443279255020151f,0.5358267949789967f,1.2246467991473532e-16f,1.531195361832059e-16f,0.5358267949789967f,-0.8443279255020151f,0f,0.5000000000000001f,1.0340034913967676e-16f,6.561985693684133e-17f,-1f,-1.4307499999999997f,0f,0f,0f,1f],start_interpolation:0}
execute if entity @s[tag=aj.assembler.bone.bone16] run data modify entity @s {} merge value {transformation:[0.9978361014220112f,0.06575039694878004f,1.2246467991473532e-16f,0.7258537512576368f,0.06575039694878004f,-0.9978361014220112f,0f,0.2484452098204854f,1.2219967876801396e-16f,8.052101316599138e-18f,-1f,-1.0869999999999997f,0f,0f,0f,1f],start_interpolation:0}
execute if entity @s[tag=aj.assembler.bone.arm3] run data modify entity @s {} merge value {transformation:[0.5865145763941582f,0.8099386715530883f,1.2246467991473532e-16f,1.0356776219321815f,0.8099386715530883f,-0.5865145763941582f,0f,0.6762919238311143f,7.182731986343715e-17f,9.918888016231489e-17f,-1f,-1.0869999999999997f,0f,0f,0f,1f],start_interpolation:0}
execute if entity @s[tag=aj.assembler.bone.small_arm_base3] run data modify entity @s {} merge value {transformation:[0.9851093261547741f,0.17192910027940933f,1.2246467991473532e-16f,1.0521638545948826f,0.17192910027940933f,-0.9851093261547741f,0f,0.6791692320378684f,1.20641098308565e-16f,2.1055242233746296e-17f,-1f,-0.9932499999999996f,0f,0f,0f,1f],start_interpolation:0}
execute if entity @s[tag=aj.assembler.bone.bone15] run data modify entity @s {} merge value {transformation:[-0.5358267949789964f,0.8443279255020152f,1.2246467991473532e-16f,1.531195361832059e-16f,0.8443279255020152f,0.5358267949789964f,0f,0.5000000000000001f,-6.56198569368413e-17f,1.0340034913967678e-16f,-1f,-1.4307499999999997f,0f,0f,0f,1f],start_interpolation:0}
execute if entity @s[tag=aj.assembler.bone.bone26] run data modify entity @s {} merge value {transformation:[-0.9111802445888929f,-0.41200796335862905f,1.2246467991473532e-16f,-0.5262297776694602f,-0.41200796335862905f,0.9111802445888929f,0f,0.4633738755097283f,-1.1158739699820903e-16f,-5.04564233550365e-17f,-1f,-1.0869999999999997f,0f,0f,0f,1f],start_interpolation:0}
execute if entity @s[tag=aj.assembler.bone.arm5] run data modify entity @s {} merge value {transformation:[-0.9644143491013979f,-0.2643954675241756f,1.2246467991473532e-16f,-1.0356776219321808f,-0.2643954675241756f,0.9644143491013979f,0f,0.3237080761688855f,-1.181066945678805e-16f,-3.237910630125496e-17f,-1f,-1.0869999999999997f,0f,0f,0f,1f],start_interpolation:0}
execute if entity @s[tag=aj.assembler.bone.small_arm_base5] run data modify entity @s {} merge value {transformation:[-0.985109326154774f,-0.17192910027940977f,1.2246467991473532e-16f,-1.052163854594882f,-0.17192910027940977f,0.985109326154774f,0f,0.3208307679621313f,-1.20641098308565e-16f,-2.1055242233746345e-17f,-1f,-0.9932499999999999f,0f,0f,0f,1f],start_interpolation:0}
execute if entity @s[tag=aj.assembler.bone.bone20] run data modify entity @s {} merge value {transformation:[0.5358267949789969f,-0.844327925502015f,1.2246467991473532e-16f,1.531195361832059e-16f,-0.844327925502015f,-0.5358267949789969f,0f,0.5000000000000001f,6.561985693684135e-17f,-1.0340034913967675e-16f,-1f,-1.4307499999999997f,0f,0f,0f,1f],start_interpolation:0}
execute if entity @s[tag=aj.assembler.bone.bone11] run data modify entity @s {} merge value {transformation:[-0.09237058744656143f,0.9957246981845822f,1.2246467991473532e-16f,-0.22820669478121794f,0.9957246981845822f,0.09237058744656143f,0f,1.0099890277182224f,-1.1312134425179211e-17f,1.219411064463713e-16f,-1f,-1.0869999999999997f,0f,0f,0f,1f],start_interpolation:0}
execute if entity @s[tag=aj.assembler.bone.arm2] run data modify entity @s {} merge value {transformation:[-0.09827767571977955f,-0.9951590317407152f,1.2246467991473532e-16f,-0.17629192383111425f,-0.9951590317407152f,0.09827767571977955f,0f,1.535677621932181f,-1.203554409978696e-17f,-1.2187183228638461e-16f,-1f,-1.0869999999999997f,0f,0f,0f,1f],start_interpolation:0}
execute if entity @s[tag=aj.assembler.bone.small_arm_base2] run data modify entity @s {} merge value {transformation:[0.1719291002794096f,-0.985109326154774f,1.2246467991473532e-16f,-0.17916923203786844f,-0.985109326154774f,-0.1719291002794096f,0f,1.5521638545948822f,2.1055242233746327e-17f,-1.20641098308565e-16f,-1f,-0.9932499999999997f,0f,0f,0f,1f],start_interpolation:0}
execute if entity @s[tag=aj.assembler.bone.bone2] run data modify entity @s {} merge value {transformation:[0.8443279255020151f,0.5358267949789967f,1.2246467991473532e-16f,1.531195361832059e-16f,0.5358267949789967f,-0.8443279255020151f,0f,0.5000000000000001f,1.0340034913967676e-16f,6.561985693684133e-17f,-1f,-1.4307499999999997f,0f,0f,0f,1f],start_interpolation:0}
execute if entity @s[tag=aj.assembler.bone.ring] run data modify entity @s {} merge value {transformation:[1.5191563344827084f,0.9640859258491594f,2.2034447591230768e-16f,1.1102230246251565e-16f,0.9640859258491594f,-1.5191563344827084f,0f,0.5000000000000001f,1.8604299424286746e-16f,1.1806647431941854e-16f,-1.7992491881391441f,-1.0869999999999997f,0f,0f,0f,1f],start_interpolation:0}
execute if entity @s[tag=aj.assembler.bone.wheel] run data modify entity @s {} merge value {transformation:[-1f,7.198293278059944e-17f,9.907600726170933e-17f,1.0625f,0f,0.8090169943749488f,-0.5877852522924712f,-0.6249999999999999f,-1.2246467991473532e-16f,-0.5877852522924712f,-0.8090169943749488f,-1.2119999999999995f,0f,0f,0f,1f],start_interpolation:0}
execute if entity @s[tag=aj.assembler.bone.wheel2] run data modify entity @s {} merge value {transformation:[-1f,7.198293278059944e-17f,9.907600726170933e-17f,1.0625f,0f,0.8090169943749488f,-0.5877852522924712f,-0.6249999999999999f,-1.2246467991473532e-16f,-0.5877852522924712f,-0.8090169943749488f,-0.9619999999999995f,0f,0f,0f,1f],start_interpolation:0}
execute if entity @s[tag=aj.assembler.bone.rails] run data modify entity @s {} merge value {transformation:[-1.137300743709099f,0f,1.3927917154512523e-16f,-0.43749999999999994f,0f,1.137300743709099f,0f,-0.9999999999999999f,-1.3927917154512523e-16f,0f,-1.137300743709099f,-0.6494999999999997f,0f,0f,0f,1f],start_interpolation:0}
execute if entity @s[tag=aj.assembler.bone.wheel3] run data modify entity @s {} merge value {transformation:[-1f,7.198293278059944e-17f,9.907600726170933e-17f,-1.0625f,0f,0.8090169943749488f,-0.5877852522924712f,-0.6249999999999999f,-1.2246467991473532e-16f,-0.5877852522924712f,-0.8090169943749488f,-0.9619999999999997f,0f,0f,0f,1f],start_interpolation:0}
execute if entity @s[tag=aj.assembler.bone.wheel4] run data modify entity @s {} merge value {transformation:[-1f,7.198293278059944e-17f,9.907600726170933e-17f,-1.0625f,0f,0.8090169943749488f,-0.5877852522924712f,-0.6249999999999999f,-1.2246467991473532e-16f,-0.5877852522924712f,-0.8090169943749488f,-1.2119999999999997f,0f,0f,0f,1f],start_interpolation:0}
execute if entity @s[tag=aj.assembler.bone.rails2] run data modify entity @s {} merge value {transformation:[-1.2038220325092979f,0f,1.4742567988555726e-16f,0.4375f,0f,1.2038220325092979f,0f,-0.9999999999999999f,-1.4742567988555726e-16f,0f,-1.2038220325092979f,-0.6494999999999996f,0f,0f,0f,1f],start_interpolation:0}
execute if entity @s[tag=aj.assembler.bone.bone6] run data modify entity @s {} merge value {transformation:[-0.7620859519218804f,-0.2282089090906787f,-0.6059254869164723f,0.4093748303039822f,0f,0.9358271330924479f,-0.3524593266860304f,0.348323527402724f,0.6474758697305417f,-0.26860430149126857f,-0.7131807115570824f,-0.5567369220226717f,0f,0f,0f,1f],start_interpolation:0}
execute if entity @s[tag=aj.assembler.bone.bone5] run data modify entity @s {} merge value {transformation:[-0.7620859519218804f,-0.356058073893049f,-0.5407842914683207f,0.3366930669756143f,0f,0.8352192209006606f,-0.5499171328828496f,0.2785031394807525f,0.6474758697305417f,-0.4190841216911777f,-0.6365088350235312f,-0.6422841267648522f,0f,0f,0f,1f],start_interpolation:0}
execute if entity @s[tag=aj.assembler.bone.bone4] run data modify entity @s {} merge value {transformation:[-0.7620859519218804f,-0.356058073893049f,-0.5407842914683207f,1.1081315126213271f,0f,0.8352192209006606f,-0.5499171328828496f,0.17564817247099707f,0.6474758697305417f,-0.4190841216911777f,-0.6365088350235312f,-0.023878992430374002f,0f,0f,0f,1f],start_interpolation:0}
execute if entity @s[tag=aj.assembler.bone.bone3] run data modify entity @s {} merge value {transformation:[-0.7620859519218804f,-0.06360255162470005f,-0.6443444089228593f,0.8427229441393999f,0f,0.9951635868546179f,-0.09823153973470757f,-0.234375f,0.6474758697305417f,-0.07486087646747663f,-0.7584001894060944f,-0.23973899292419684f,0f,0f,0f,1f],start_interpolation:0}
execute if entity @s[tag=aj.assembler.bone.octagon] run data modify entity @s {} merge value {transformation:[-0.7620859519218804f,0f,-0.6474758697305417f,0.859375f,0f,1f,0f,-0.40625f,0.6474758697305417f,0f,-0.7620859519218804f,-0.1718749999999999f,0f,0f,0f,1f],start_interpolation:0}
execute if entity @s[tag=aj.assembler.bone.bone10] run data modify entity @s {} merge value {transformation:[-0.9400198030913679f,-0.18142078789300978f,0.2888758686985563f,-0.5884941344978027f,0f,0.8468456077482833f,0.531838807005883f,0.7732225377889199f,-0.3411198759909278f,0.49993901063801816f,-0.7960516414443309f,-0.6435079629964846f,0f,0f,0f,1f],start_interpolation:0}
execute if entity @s[tag=aj.assembler.bone.bone9] run data modify entity @s {} merge value {transformation:[-0.9400198030913679f,0.04617730480631653f,0.3379799199906564f,-0.5436716675600566f,0f,0.9907951537823763f,-0.13536972793559712f,0.758716777808029f,-0.3411198759909278f,-0.12725022499855201f,-0.9313670653623908f,-0.7670246781175056f,0f,0f,0f,1f],start_interpolation:0}
execute if entity @s[tag=aj.assembler.bone.bone8] run data modify entity @s {} merge value {transformation:[-0.9400198030913679f,0.04617730480631653f,0.3379799199906564f,-1.005468156241253f,0f,0.9907951537823763f,-0.13536972793559712f,0.24230788072283777f,-0.3411198759909278f,-0.12725022499855201f,-0.9313670653623908f,-0.04411797664772149f,0f,0f,0f,1f],start_interpolation:0}
execute if entity @s[tag=aj.assembler.bone.bone7] run data modify entity @s {} merge value {transformation:[-0.9400198030913679f,0.1110929509444029f,0.3225230628133908f,-0.8674306265971722f,0f,0.9454830559975006f,-0.3256712925967335f,-0.234375f,-0.3411198759909278f,-0.3061374643392927f,-0.8887727961249953f,-0.241286233817927f,0f,0f,0f,1f],start_interpolation:0}
execute if entity @s[tag=aj.assembler.bone.octagon2] run data modify entity @s {} merge value {transformation:[-0.9400198030913679f,0f,0.3411198759909278f,-0.8593749999999999f,0f,1f,0f,-0.40625f,-0.3411198759909278f,0f,-0.9400198030913679f,-0.171875f,0f,0f,0f,1f],start_interpolation:0}