execute if entity @s[tag=aj.assembler.bone.bone21] run data modify entity @s {} merge value {transformation:[0.8832393283629847f,0.4689224763571306f,1.2246467991473532e-16f,0.40836096466886185f,0.4689224763571306f,-0.8832393283629847f,0f,0.16746495035263648f,1.0816562163607872e-16f,5.742644097190104e-17f,-1f,-1.9129999999999998f,0f,0f,0f,1f],start_interpolation:0}
execute if entity @s[tag=aj.assembler.bone.arm4] run data modify entity @s {} merge value {transformation:[0.6493534259181636f,-0.7604867705939032f,1.2246467991473532e-16f,0.7513791946515012f,-0.7604867705939032f,-0.6493534259181636f,0f,-0.23425900391076926f,7.95228594566047e-17f,-9.31327689401731e-17f,-1f,-1.9129999999999998f,0f,0f,0f,1f],start_interpolation:0}
execute if entity @s[tag=aj.assembler.bone.small_arm_base4] run data modify entity @s {} merge value {transformation:[0.7181262977631888f,-0.6959127965923144f,1.2246467991473532e-16f,0.763397350313818f,-0.6959127965923144f,-0.7181262977631888f,0f,-0.24590540697788354f,8.794510719392283e-17f,-8.522473788324609e-17f,-1f,-1.8192499999999998f,0f,0f,0f,1f],start_interpolation:0}
execute if entity @s[tag=aj.assembler.bone.bone25] run data modify entity @s {} merge value {transformation:[0.3681245526846779f,0.9297764858882513f,1.2246467991473532e-16f,2.6414183864572156e-16f,0.9297764858882513f,-0.3681245526846779f,0f,0.5000000000000001f,4.50822555132842e-17f,1.1386477973655213e-16f,-1f,-2.25675f,0f,0f,0f,1f],start_interpolation:0}
execute if entity @s[tag=aj.assembler.bone.bone16] run data modify entity @s {} merge value {transformation:[0.2441534733251999f,0.9697366041679777f,1.2246467991473532e-16f,0.6844460679850866f,0.9697366041679777f,-0.2441534733251999f,0f,0.7254872732989158f,2.990017696084146e-17f,1.187584828310338e-16f,-1f,-1.9129999999999998f,0f,0f,0f,1f],start_interpolation:0}
execute if entity @s[tag=aj.assembler.bone.arm3] run data modify entity @s {} merge value {transformation:[0.09429877998035685f,0.9955439418198557f,1.2246467991473532e-16f,0.7342590039107697f,0.9955439418198557f,-0.09429877998035685f,0f,1.251379194651501f,1.1548269906644439e-17f,1.2191897017602253e-16f,-1f,-1.9129999999999998f,0f,0f,0f,1f],start_interpolation:0}
execute if entity @s[tag=aj.assembler.bone.small_arm_base3] run data modify entity @s {} merge value {transformation:[0.6959127965923145f,0.7181262977631887f,1.2246467991473532e-16f,0.745905406977884f,0.7181262977631887f,-0.6959127965923145f,0f,1.2633973503138176f,8.522473788324611e-17f,8.794510719392283e-17f,-1f,-1.8192499999999998f,0f,0f,0f,1f],start_interpolation:0}
execute if entity @s[tag=aj.assembler.bone.bone15] run data modify entity @s {} merge value {transformation:[-0.9297764858882512f,0.36812455268467814f,1.2246467991473532e-16f,2.6414183864572156e-16f,0.36812455268467814f,0.9297764858882512f,0f,0.5000000000000001f,-1.1386477973655213e-16f,4.508225551328422e-17f,-1f,-2.25675f,0f,0f,0f,1f],start_interpolation:0}
execute if entity @s[tag=aj.assembler.bone.bone26] run data modify entity @s {} merge value {transformation:[0.49900938056626665f,-0.8665965832536331f,1.2246467991473532e-16f,-0.3570643047197508f,-0.8665965832536331f,-0.49900938056626665f,0f,0.11844211413376521f,6.111102406549819e-17f,-1.0612747318335943e-16f,-1f,-1.9129999999999998f,0f,0f,0f,1f],start_interpolation:0}
execute if entity @s[tag=aj.assembler.bone.arm5] run data modify entity @s {} merge value {transformation:[-0.7140514665073492f,-0.700093210350382f,1.2246467991473532e-16f,-0.7342590039107689f,-0.700093210350382f,0.7140514665073492f,0f,-0.25137919465150094f,-8.744608428846986e-17f,-8.5736690916039e-17f,-1f,-1.9129999999999998f,0f,0f,0f,1f],start_interpolation:0}
execute if entity @s[tag=aj.assembler.bone.small_arm_base5] run data modify entity @s {} merge value {transformation:[-0.6959127965923142f,-0.718126297763189f,1.2246467991473532e-16f,-0.7459054069778832f,-0.718126297763189f,0.6959127965923142f,0f,-0.2633973503138177f,-8.522473788324606e-17f,-8.794510719392284e-17f,-1f,-1.8192499999999998f,0f,0f,0f,1f],start_interpolation:0}
execute if entity @s[tag=aj.assembler.bone.bone20] run data modify entity @s {} merge value {transformation:[0.9297764858882515f,-0.3681245526846777f,1.2246467991473532e-16f,2.6414183864572156e-16f,-0.3681245526846777f,-0.9297764858882515f,0f,0.5000000000000001f,1.1386477973655213e-16f,-4.508225551328417e-17f,-1f,-2.25675f,0f,0f,0f,1f],start_interpolation:0}
execute if entity @s[tag=aj.assembler.bone.bone11] run data modify entity @s {} merge value {transformation:[0.9840469084482802f,-0.177909195865144f,1.2246467991473532e-16f,-0.23279656765186307f,-0.177909195865144f,-0.9840469084482802f,0f,1.1336821651077704f,1.2051098966420349e-16f,-2.1787592725512808e-17f,-1f,-1.9129999999999998f,0f,0f,0f,1f],start_interpolation:0}
execute if entity @s[tag=aj.assembler.bone.arm2] run data modify entity @s {} merge value {transformation:[0.9817070232124367f,-0.19039779561585357f,1.2246467991473532e-16f,-0.7513791946515007f,-0.19039779561585357f,-0.9817070232124367f,0f,1.2342590039107697f,1.202244363677587e-16f,-2.33170050965667e-17f,-1f,-1.9129999999999998f,0f,0f,0f,1f],start_interpolation:0}
execute if entity @s[tag=aj.assembler.bone.small_arm_base2] run data modify entity @s {} merge value {transformation:[0.7181262977631888f,-0.6959127965923144f,1.2246467991473532e-16f,-0.7633973503138175f,-0.6959127965923144f,-0.7181262977631888f,0f,1.2459054069778839f,8.794510719392283e-17f,-8.522473788324609e-17f,-1f,-1.8192499999999998f,0f,0f,0f,1f],start_interpolation:0}
execute if entity @s[tag=aj.assembler.bone.bone2] run data modify entity @s {} merge value {transformation:[0.3681245526846779f,0.9297764858882513f,1.2246467991473532e-16f,2.6414183864572156e-16f,0.9297764858882513f,-0.3681245526846779f,0f,0.5000000000000001f,4.50822555132842e-17f,1.1386477973655213e-16f,-1f,-2.25675f,0f,0f,0f,1f],start_interpolation:0}
execute if entity @s[tag=aj.assembler.bone.ring] run data modify entity @s {} merge value {transformation:[0.6623478025519923f,1.6728995873853028f,2.2034447591230768e-16f,2.220446049250313e-16f,1.6728995873853028f,-0.6623478025519923f,0f,0.5000000000000001f,8.111421163175805e-17f,2.0487111249863388e-16f,-1.7992491881391441f,-1.9129999999999998f,0f,0f,0f,1f],start_interpolation:0}
execute if entity @s[tag=aj.assembler.bone.wheel] run data modify entity @s {} merge value {transformation:[-1f,-7.198293278059968e-17f,9.907600726170915e-17f,1.0625000000000002f,0f,0.8090169943749473f,0.5877852522924732f,-0.6249999999999999f,-1.2246467991473532e-16f,0.5877852522924732f,-0.8090169943749473f,-2.0379999999999994f,0f,0f,0f,1f],start_interpolation:0}
execute if entity @s[tag=aj.assembler.bone.wheel2] run data modify entity @s {} merge value {transformation:[-1f,-7.198293278059968e-17f,9.907600726170915e-17f,1.0625000000000002f,0f,0.8090169943749473f,0.5877852522924732f,-0.6249999999999999f,-1.2246467991473532e-16f,0.5877852522924732f,-0.8090169943749473f,-1.7879999999999996f,0f,0f,0f,1f],start_interpolation:0}
execute if entity @s[tag=aj.assembler.bone.rails] run data modify entity @s {} merge value {transformation:[-1.137300743709099f,0f,1.3927917154512523e-16f,-0.43749999999999983f,0f,1.137300743709099f,0f,-0.9999999999999999f,-1.3927917154512523e-16f,0f,-1.137300743709099f,-1.4754999999999998f,0f,0f,0f,1f],start_interpolation:0}
execute if entity @s[tag=aj.assembler.bone.wheel3] run data modify entity @s {} merge value {transformation:[-1f,-7.198293278059968e-17f,9.907600726170915e-17f,-1.0625f,0f,0.8090169943749473f,0.5877852522924732f,-0.6249999999999999f,-1.2246467991473532e-16f,0.5877852522924732f,-0.8090169943749473f,-1.788f,0f,0f,0f,1f],start_interpolation:0}
execute if entity @s[tag=aj.assembler.bone.wheel4] run data modify entity @s {} merge value {transformation:[-1f,-7.198293278059968e-17f,9.907600726170915e-17f,-1.0625f,0f,0.8090169943749473f,0.5877852522924732f,-0.6249999999999999f,-1.2246467991473532e-16f,0.5877852522924732f,-0.8090169943749473f,-2.0380000000000003f,0f,0f,0f,1f],start_interpolation:0}
execute if entity @s[tag=aj.assembler.bone.rails2] run data modify entity @s {} merge value {transformation:[-1.2038220325092979f,0f,1.4742567988555726e-16f,0.4375000000000001f,0f,1.2038220325092979f,0f,-0.9999999999999999f,-1.4742567988555726e-16f,0f,-1.2038220325092979f,-1.4754999999999998f,0f,0f,0f,1f],start_interpolation:0}
execute if entity @s[tag=aj.assembler.bone.bone6] run data modify entity @s {} merge value {transformation:[-0.948743779944367f,0.0936377479059042f,-0.30185627736388865f,0.3489691505967081f,0f,0.9551015570043717f,0.2962786117961016f,0.7019140246916541f,0.3160462624630681f,0.2810924900721033f,-0.9061466614230779f,-1.4074358062734988f,0f,0f,0f,1f],start_interpolation:0}
execute if entity @s[tag=aj.assembler.bone.bone5] run data modify entity @s {} merge value {transformation:[-0.948743779944367f,-0.11328765462779926f,-0.2950443141729849f,0.3095915288391945f,0f,0.9335478669280659f,-0.3584527586085205f,0.6577318622019126f,0.3160462624630681f,-0.34007982513373336f,-0.8856977320283341f,-1.52564405028274f,0f,0f,0f,1f],start_interpolation:0}
execute if entity @s[tag=aj.assembler.bone.bone4] run data modify entity @s {} merge value {transformation:[-0.948743779944367f,-0.11328765462779926f,-0.2950443141729849f,0.855704339636013f,0f,0.9335478669280659f,-0.3584527586085205f,0.24322270512901112f,0.3160462624630681f,-0.34007982513373336f,-0.8856977320283341f,-0.4795277956092602f,0f,0f,0f,1f],start_interpolation:0}
execute if entity @s[tag=aj.assembler.bone.bone3] run data modify entity @s {} merge value {transformation:[-0.948743779944367f,-0.29840729066238936f,-0.10410729511617715f,0.8692703517193197f,0f,0.32940524056456044f,-0.9441886397794691f,-0.234375f,0.3160462624630681f,-0.8957930990849038f,-0.3125211730667046f,-0.24104793194849372f,0f,0f,0f,1f],start_interpolation:0}
execute if entity @s[tag=aj.assembler.bone.octagon] run data modify entity @s {} merge value {transformation:[-0.948743779944367f,0f,-0.3160462624630681f,0.859375f,0f,1f,0f,-0.40625f,0.3160462624630681f,0f,-0.948743779944367f,-0.1718749999999999f,0f,0f,0f,1f],start_interpolation:0}
execute if entity @s[tag=aj.assembler.bone.bone10] run data modify entity @s {} merge value {transformation:[-0.1565585803821411f,0.5561519652483777f,0.8162012021916507f,-0.4357233899236238f,0f,0.8263917071895732f,-0.5630956812907578f,0.08680806989167683f,-0.9876686746620694f,-0.08815746048219561f,-0.1293787125171736f,-0.1441089018606445f,0f,0f,0f,1f],start_interpolation:0}
execute if entity @s[tag=aj.assembler.bone.bone9] run data modify entity @s {} merge value {transformation:[-0.1565585803821411f,0.8223161853573646f,0.5470699244228666f,-0.36061866091161376f,0f,0.5539002485930278f,-0.8325830376656624f,-0.021327945911763957f,-0.9876686746620694f,-0.13034801842718682f,-0.08671783659303947f,-0.1560139972187906f,0f,0f,0f,1f],start_interpolation:0}
execute if entity @s[tag=aj.assembler.bone.bone8] run data modify entity @s {} merge value {transformation:[-0.1565585803821411f,0.8223161853573646f,0.5470699244228666f,-1.0865871833868679f,0f,0.5539002485930278f,-0.8325830376656624f,0.21744262555550087f,-0.9876686746620694f,-0.13034801842718682f,-0.08671783659303947f,-0.2307793518499064f,0f,0f,0f,1f],start_interpolation:0}
execute if entity @s[tag=aj.assembler.bone.bone7] run data modify entity @s {} merge value {transformation:[-0.1565585803821411f,0.22930934237192413f,0.960680298751715f,-0.8025381634705625f,0f,0.972674666512443f,-0.23217233496889253f,-0.234375f,-0.9876686746620694f,-0.03634857116673675f,-0.1522805649628606f,-0.21252455735707348f,0f,0f,0f,1f],start_interpolation:0}
execute if entity @s[tag=aj.assembler.bone.octagon2] run data modify entity @s {} merge value {transformation:[-0.1565585803821411f,0f,0.9876686746620694f,-0.8593749999999999f,0f,1f,0f,-0.40625f,-0.9876686746620694f,0f,-0.1565585803821411f,-0.171875f,0f,0f,0f,1f],start_interpolation:0}