execute if entity @s[tag=aj.assembler.bone.bone21] run data modify entity @s {} merge value {transformation:[0.23234523882766456f,-0.972633379025271f,1.2246467991473532e-16f,-0.7775655106776959f,-0.972633379025271f,-0.23234523882766456f,0f,0.6577065991348214f,2.845408530274267e-17f,-1.1911323543671725e-16f,-1f,-1.0625f,0f,0f,0f,1f],start_interpolation:0}
execute if entity @s[tag=aj.assembler.bone.arm4] run data modify entity @s {} merge value {transformation:[-0.03489949670250142f,0.9993908270190959f,1.2246467991473532e-16f,-0.7960010237717404f,0.9993908270190959f,0.03489949670250142f,0f,1.1856306214963817f,-4.273955692857195e-18f,1.223900777406162e-16f,-1f,-1.0625f,0f,0f,0f,1f],start_interpolation:0}
execute if entity @s[tag=aj.assembler.bone.small_arm_base4] run data modify entity @s {} merge value {transformation:[-0.7604059656000312f,0.6494480483301834f,1.2246467991473532e-16f,-0.8087267480483761f,0.6494480483301834f,0.7604059656000312f,0f,1.1964994168095897f,-9.312287318246307e-17f,7.953444736000549e-17f,-1f,-0.9687500000000001f,0f,0f,0f,1f],start_interpolation:0}
execute if entity @s[tag=aj.assembler.bone.bone25] run data modify entity @s {} merge value {transformation:[-0.3090169943749471f,-0.9510565162951536f,1.2246467991473532e-16f,1.531195361832059e-16f,-0.9510565162951536f,0.3090169943749471f,0f,0.5000000000000001f,-3.784366730434146e-17f,-1.1647083184890926e-16f,-1f,-1.40625f,0f,0f,0f,1f],start_interpolation:0}
execute if entity @s[tag=aj.assembler.bone.bone16] run data modify entity @s {} merge value {transformation:[-0.21132479645538726f,-0.9774158942860964f,1.2246467991473532e-16f,-0.6121130132924738f,-0.9774158942860964f,0.21132479645538726f,0f,0.22710393970445025f,-2.5879823555955583e-17f,-1.196989246373216e-16f,-1f,-1.0625f,0f,0f,0f,1f],start_interpolation:0}
execute if entity @s[tag=aj.assembler.bone.arm3] run data modify entity @s {} merge value {transformation:[-0.13917310096006535f,-0.9902680687415706f,1.2246467991473532e-16f,-0.6856306214963815f,-0.9902680687415706f,0.13917310096006535f,0f,-0.29600102377174026f,-1.7043789261815535e-17f,-1.2127286206821957e-16f,-1f,-1.0625f,0f,0f,0f,1f],start_interpolation:0}
execute if entity @s[tag=aj.assembler.bone.small_arm_base3] run data modify entity @s {} merge value {transformation:[-0.6494480483301837f,-0.760405965600031f,1.2246467991473532e-16f,-0.6964994168095896f,-0.760405965600031f,0.6494480483301837f,0f,-0.30872674804837585f,-7.95344473600055e-17f,-9.312287318246305e-17f,-1f,-0.9687500000000001f,0f,0f,0f,1f],start_interpolation:0}
execute if entity @s[tag=aj.assembler.bone.bone15] run data modify entity @s {} merge value {transformation:[0.9510565162951535f,-0.30901699437494734f,1.2246467991473532e-16f,1.531195361832059e-16f,-0.30901699437494734f,-0.9510565162951535f,0f,0.5000000000000001f,1.1647083184890926e-16f,-3.784366730434149e-17f,-1f,-1.40625f,0f,0f,0f,1f],start_interpolation:0}
execute if entity @s[tag=aj.assembler.bone.bone26] run data modify entity @s {} merge value {transformation:[0.8060758654700622f,0.5918122160843682f,1.2246467991473532e-16f,0.47318279606570784f,0.5918122160843682f,-0.8060758654700622f,0f,0.81235904565236f,9.87158228517844e-17f,7.247609361240228e-17f,-1f,-1.0625f,0f,0f,0f,1f],start_interpolation:0}
execute if entity @s[tag=aj.assembler.bone.arm5] run data modify entity @s {} merge value {transformation:[0.4021760688324172f,0.9155623461340594f,1.2246467991473532e-16f,0.6856306214963814f,0.9155623461340594f,-0.4021760688324172f,0f,1.296001023771741f,4.925236353892855e-17f,1.1212404966129167e-16f,-1f,-1.0625f,0f,0f,0f,1f],start_interpolation:0}
execute if entity @s[tag=aj.assembler.bone.small_arm_base5] run data modify entity @s {} merge value {transformation:[0.6494480483301833f,0.7604059656000314f,1.2246467991473532e-16f,0.6964994168095895f,0.7604059656000314f,-0.6494480483301833f,0f,1.3087267480483766f,7.953444736000546e-17f,9.312287318246307e-17f,-1f,-0.9687499999999999f,0f,0f,0f,1f],start_interpolation:0}
execute if entity @s[tag=aj.assembler.bone.bone20] run data modify entity @s {} merge value {transformation:[-0.9510565162951538f,0.3090169943749469f,1.2246467991473532e-16f,1.531195361832059e-16f,0.3090169943749469f,0.9510565162951538f,0f,0.5000000000000001f,-1.1647083184890926e-16f,3.784366730434144e-17f,-1f,-1.40625f,0f,0f,0f,1f],start_interpolation:0}
execute if entity @s[tag=aj.assembler.bone.bone11] run data modify entity @s {} merge value {transformation:[-0.9540159399583141f,0.29975587784971663f,1.2246467991473532e-16f,0.27172645210907276f,0.29975587784971663f,0.9540159399583141f,0f,-0.2502821105540656f,-1.1683325672055033e-16f,3.670950763342605e-17f,-1f,-1.0625f,0f,0f,0f,1f],start_interpolation:0}
execute if entity @s[tag=aj.assembler.bone.arm2] run data modify entity @s {} merge value {transformation:[-0.9924822049491694f,-0.12238902262553991f,1.2246467991473532e-16f,0.7960010237717406f,-0.12238902262553991f,0.9924822049491694f,0f,-0.18563062149638135f,-1.215440155501708e-16f,-1.498833248091405e-17f,-1f,-1.0625f,0f,0f,0f,1f],start_interpolation:0}
execute if entity @s[tag=aj.assembler.bone.small_arm_base2] run data modify entity @s {} merge value {transformation:[-0.7604059656000312f,0.6494480483301834f,1.2246467991473532e-16f,0.8087267480483763f,0.6494480483301834f,0.7604059656000312f,0f,-0.19649941680958938f,-9.312287318246307e-17f,7.953444736000549e-17f,-1f,-0.9687499999999999f,0f,0f,0f,1f],start_interpolation:0}
execute if entity @s[tag=aj.assembler.bone.bone2] run data modify entity @s {} merge value {transformation:[-0.3090169943749471f,-0.9510565162951536f,1.2246467991473532e-16f,1.531195361832059e-16f,-0.9510565162951536f,0.3090169943749471f,0f,0.5000000000000001f,-3.784366730434146e-17f,-1.1647083184890926e-16f,-1f,-1.40625f,0f,0f,0f,1f],start_interpolation:0}
execute if entity @s[tag=aj.assembler.bone.ring] run data modify entity @s {} merge value {transformation:[-0.5559985762503221f,-1.7111876648184978f,2.2034447591230768e-16f,1.1102230246251565e-16f,-1.7111876648184978f,0.5559985762503221f,0f,0.5000000000000001f,-6.809018767354425e-17f,-2.0956004964604076e-16f,-1.7992491881391441f,-1.0625f,0f,0f,0f,1f],start_interpolation:0}
execute if entity @s[tag=aj.assembler.bone.wheel] run data modify entity @s {} merge value {transformation:[-1f,0f,1.2246467991473532e-16f,1.0625f,0f,1f,0f,-0.6249999999999999f,-1.2246467991473532e-16f,0f,-1f,-1.1874999999999998f,0f,0f,0f,1f],start_interpolation:0}
execute if entity @s[tag=aj.assembler.bone.wheel2] run data modify entity @s {} merge value {transformation:[-1f,0f,1.2246467991473532e-16f,1.0625f,0f,1f,0f,-0.6249999999999999f,-1.2246467991473532e-16f,0f,-1f,-0.9374999999999998f,0f,0f,0f,1f],start_interpolation:0}
execute if entity @s[tag=aj.assembler.bone.rails] run data modify entity @s {} merge value {transformation:[-1.137300743709099f,0f,1.3927917154512523e-16f,-0.43749999999999994f,0f,1.137300743709099f,0f,-0.9999999999999999f,-1.3927917154512523e-16f,0f,-1.137300743709099f,-0.625f,0f,0f,0f,1f],start_interpolation:0}
execute if entity @s[tag=aj.assembler.bone.wheel3] run data modify entity @s {} merge value {transformation:[-1f,0f,1.2246467991473532e-16f,-1.0625f,0f,1f,0f,-0.6249999999999999f,-1.2246467991473532e-16f,0f,-1f,-0.9375f,0f,0f,0f,1f],start_interpolation:0}
execute if entity @s[tag=aj.assembler.bone.wheel4] run data modify entity @s {} merge value {transformation:[-1f,0f,1.2246467991473532e-16f,-1.0625f,0f,1f,0f,-0.6249999999999999f,-1.2246467991473532e-16f,0f,-1f,-1.1875f,0f,0f,0f,1f],start_interpolation:0}
execute if entity @s[tag=aj.assembler.bone.rails2] run data modify entity @s {} merge value {transformation:[-1.2038220325092979f,0f,1.4742567988555726e-16f,0.4375f,0f,1.2038220325092979f,0f,-0.9999999999999999f,-1.4742567988555726e-16f,0f,-1.2038220325092979f,-0.6249999999999999f,0f,0f,0f,1f],start_interpolation:0}
execute if entity @s[tag=aj.assembler.bone.bone6] run data modify entity @s {} merge value {transformation:[-0.805654066206075f,0.013084385580075353f,-0.5922417787184633f,0.5884487939009477f,0f,0.9997560394287227f,0.022087589859331513f,0.817459613980334f,0.592386297618047f,0.01779495658286255f,-0.8054575183798316f,-0.38208040158708245f,0f,0f,0f,1f],start_interpolation:0}
execute if entity @s[tag=aj.assembler.bone.bone5] run data modify entity @s {} merge value {transformation:[-0.805654066206075f,0.09027551109735069f,-0.5854672131739995f,0.5113863492084237f,0f,0.9883199789193831f,0.15239297644179745f,0.8409738568678197f,0.592386297618047f,0.12277602113158076f,-0.7962440097291033f,-0.4868864583239716f,0f,0f,0f,1f],start_interpolation:0}
execute if entity @s[tag=aj.assembler.bone.bone4] run data modify entity @s {} merge value {transformation:[-0.805654066206075f,0.09027551109735069f,-0.5854672131739995f,0.9761455110321355f,0f,0.9883199789193831f,0.15239297644179745f,0.27923474580746543f,0.592386297618047f,0.12277602113158076f,-0.7962440097291033f,-0.17132360806653568f,0f,0f,0f,1f],start_interpolation:0}
execute if entity @s[tag=aj.assembler.bone.bone3] run data modify entity @s {} merge value {transformation:[-0.805654066206075f,-0.3013210530839823f,-0.5100266155544995f,0.8475275459678119f,0f,0.8609696368827042f,-0.5086563519372036f,-0.234375f,0.592386297618047f,-0.40980105823975643f,-0.6936436888345185f,-0.24074045093844354f,0f,0f,0f,1f],start_interpolation:0}
execute if entity @s[tag=aj.assembler.bone.octagon] run data modify entity @s {} merge value {transformation:[-0.805654066206075f,0f,-0.592386297618047f,0.859375f,0f,1f,0f,-0.40625f,0.592386297618047f,0f,-0.805654066206075f,-0.1718749999999999f,0f,0f,0f,1f],start_interpolation:0}
execute if entity @s[tag=aj.assembler.bone.bone10] run data modify entity @s {} merge value {transformation:[-0.9396926207859081f,-0.0034024891124109224f,0.3420032185643162f,-0.5657729921196873f,0f,0.9999505153082835f,0.009948212638374032f,0.016851759612739922f,-0.3420201433256695f,0.009348262006289187f,-0.9396461203862603f,-0.7044332244424063f,0f,0f,0f,1f],start_interpolation:0}
execute if entity @s[tag=aj.assembler.bone.bone9] run data modify entity @s {} merge value {transformation:[-0.9396926207859081f,0.3213938048432704f,0.1169777784405113f,-0.5492165453766236f,0f,0.3420201433256689f,-0.9396926207859084f,-0.10616260248498688f,-0.3420201433256695f,-0.8830222215594888f,-0.32139380484326974f,-0.7499216880153768f,0f,0f,0f,1f],start_interpolation:0}
execute if entity @s[tag=aj.assembler.bone.bone8] run data modify entity @s {} merge value {transformation:[-0.9396926207859081f,0.3213938048432704f,0.1169777784405113f,-0.9419035441794861f,0f,0.3420201433256689f,-0.9396926207859084f,0.2939370198020691f,-0.3420201433256695f,-0.8830222215594888f,-0.32139380484326974f,-0.21923635092168803f,0f,0f,0f,1f],start_interpolation:0}
execute if entity @s[tag=aj.assembler.bone.bone7] run data modify entity @s {} merge value {transformation:[-0.9396926207859081f,0.21984631039295469f,0.2620026302293856f,-0.8673641354417052f,0f,0.7660444431189781f,-0.6427876096865394f,-0.234375f,-0.3420201433256695f,-0.6040227735550535f,-0.7198463103929541f,-0.24129391827804642f,0f,0f,0f,1f],start_interpolation:0}
execute if entity @s[tag=aj.assembler.bone.octagon2] run data modify entity @s {} merge value {transformation:[-0.9396926207859081f,0f,0.3420201433256695f,-0.8593749999999999f,0f,1f,0f,-0.40625f,-0.3420201433256695f,0f,-0.9396926207859081f,-0.171875f,0f,0f,0f,1f],start_interpolation:0}