execute if entity @s[tag=aj.assembler.bone.bone21] run data modify entity @s {} merge value {transformation:[-0.9757426959049611f,-0.21892051385861216f,1.2246467991473532e-16f,-0.6998662463853305f,-0.21892051385861216f,0.9757426959049611f,0f,0.7892503654358987f,-1.19494016933142e-16f,-2.6810030656464314e-17f,-1f,-1.7485000000000004f,0f,0f,0f,1f],start_interpolation:0}
execute if entity @s[tag=aj.assembler.bone.arm4] run data modify entity @s {} merge value {transformation:[-0.6527967732924183f,-0.7575330836201197f,1.2246467991473532e-16f,-1.0447034102095247f,-0.7575330836201197f,0.6527967732924183f,0f,0.3890866839565125f,-7.994454789062805e-17f,-9.277104661036039e-17f,-1f,-1.7485000000000004f,0f,0f,0f,1f],start_interpolation:0}
execute if entity @s[tag=aj.assembler.bone.small_arm_base4] run data modify entity @s {} merge value {transformation:[-0.9939609554551798f,-0.1097343110910452f,1.2246467991473532e-16f,-1.0613377787351357f,-0.1097343110910452f,0.9939609554551798f,0f,0.387250232574218f,-1.2172511025756309e-16f,-1.3438577283428838e-17f,-1f,-1.6547500000000004f,0f,0f,0f,1f],start_interpolation:0}
execute if entity @s[tag=aj.assembler.bone.bone25] run data modify entity @s {} merge value {transformation:[0.4817536741017152f,-0.8763066800438636f,1.2246467991473532e-16f,2.6414183864572156e-16f,-0.8763066800438636f,-0.4817536741017152f,0f,0.5000000000000001f,5.899780949661427e-17f,-1.0731661707871613e-16f,-1f,-2.0922500000000004f,0f,0f,0f,1f],start_interpolation:0}
execute if entity @s[tag=aj.assembler.bone.bone16] run data modify entity @s {} merge value {transformation:[0.7046342099635947f,0.709570736536521f,1.2246467991473532e-16f,0.24585146874486608f,0.709570736536521f,-0.7046342099635947f,0f,-0.033983000910083216f,8.629280298016403e-17f,8.689735312680802e-17f,-1f,-1.7485000000000004f,0f,0f,0f,1f],start_interpolation:0}
execute if entity @s[tag=aj.assembler.bone.arm3] run data modify entity @s {} merge value {transformation:[-0.2554457579357901f,-0.9668233886044597f,1.2246467991473532e-16f,0.11091331604348753f,-0.9668233886044597f,0.2554457579357901f,0f,-0.544703410209525f,-3.128308298118351e-17f,-1.184017168195249e-16f,-1f,-1.7485000000000004f,0f,0f,0f,1f],start_interpolation:0}
execute if entity @s[tag=aj.assembler.bone.small_arm_base3] run data modify entity @s {} merge value {transformation:[0.10973431109104498f,-0.9939609554551798f,1.2246467991473532e-16f,0.11274976742578206f,-0.9939609554551798f,-0.10973431109104498f,0f,-0.5613377787351358f,1.3438577283428808e-17f,-1.2172511025756309e-16f,-1f,-1.6547500000000004f,0f,0f,0f,1f],start_interpolation:0}
execute if entity @s[tag=aj.assembler.bone.bone15] run data modify entity @s {} merge value {transformation:[0.8763066800438637f,0.481753674101715f,1.2246467991473532e-16f,2.6414183864572156e-16f,0.481753674101715f,-0.8763066800438637f,0f,0.5000000000000001f,1.0731661707871615e-16f,5.899780949661425e-17f,-1f,-2.0922500000000004f,0f,0f,0f,1f],start_interpolation:0}
execute if entity @s[tag=aj.assembler.bone.bone26] run data modify entity @s {} merge value {transformation:[0.12654523649167676f,-0.9919608374937317f,1.2246467991473532e-16f,-0.057163865740574235f,-0.9919608374937317f,-0.12654523649167676f,0f,1.019199235039066f,1.5497321881687683e-17f,-1.2148016645162264e-16f,-1f,-1.7485000000000004f,0f,0f,0f,1f],start_interpolation:0}
execute if entity @s[tag=aj.assembler.bone.arm5] run data modify entity @s {} merge value {transformation:[-0.10175083026106618f,0.9948099157835048f,1.2246467991473532e-16f,-0.11091331604348764f,0.9948099157835048f,0.10175083026106618f,0f,1.544703410209525f,-1.2460882858980037e-17f,1.218290779124317e-16f,-1f,-1.7485000000000004f,0f,0f,0f,1f],start_interpolation:0}
execute if entity @s[tag=aj.assembler.bone.small_arm_base5] run data modify entity @s {} merge value {transformation:[-0.10973431109104542f,0.9939609554551797f,1.2246467991473532e-16f,-0.1127497674257822f,0.9939609554551797f,0.10973431109104542f,0f,1.561337778735136f,-1.343857728342887e-17f,1.2172511025756309e-16f,-1f,-1.6547500000000004f,0f,0f,0f,1f],start_interpolation:0}
execute if entity @s[tag=aj.assembler.bone.bone20] run data modify entity @s {} merge value {transformation:[-0.8763066800438635f,-0.48175367410171543f,1.2246467991473532e-16f,2.6414183864572156e-16f,-0.48175367410171543f,0.8763066800438635f,0f,0.5000000000000001f,-1.0731661707871612e-16f,-5.89978094966143e-17f,-1f,-2.0922500000000004f,0f,0f,0f,1f],start_interpolation:0}
execute if entity @s[tag=aj.assembler.bone.bone11] run data modify entity @s {} merge value {transformation:[0.5721874932390556f,-0.8201228399336322f,1.2246467991473532e-16f,0.5427833315862686f,-0.8201228399336322f,-0.5721874932390556f,0f,0.44623218110607665f,7.007275821073571e-17f,-1.00436081083236e-16f,-1f,-1.7485000000000004f,0f,0f,0f,1f],start_interpolation:0}
execute if entity @s[tag=aj.assembler.bone.arm2] run data modify entity @s {} merge value {transformation:[-0.9501638516635724f,-0.31175095026614597f,1.2246467991473532e-16f,1.0447034102095252f,-0.31175095026614597f,0.9501638516635724f,0f,0.6109133160434876f,-1.1636151196053146e-16f,-3.817848033745813e-17f,-1f,-1.7485000000000004f,0f,0f,0f,1f],start_interpolation:0}
execute if entity @s[tag=aj.assembler.bone.small_arm_base2] run data modify entity @s {} merge value {transformation:[-0.9939609554551798f,-0.1097343110910452f,1.2246467991473532e-16f,1.0613377787351361f,-0.1097343110910452f,0.9939609554551798f,0f,0.6127497674257822f,-1.2172511025756309e-16f,-1.3438577283428838e-17f,-1f,-1.6547500000000004f,0f,0f,0f,1f],start_interpolation:0}
execute if entity @s[tag=aj.assembler.bone.bone2] run data modify entity @s {} merge value {transformation:[0.4817536741017152f,-0.8763066800438636f,1.2246467991473532e-16f,2.6414183864572156e-16f,-0.8763066800438636f,-0.4817536741017152f,0f,0.5000000000000001f,5.899780949661427e-17f,-1.0731661707871613e-16f,-1f,-2.0922500000000004f,0f,0f,0f,1f],start_interpolation:0}
execute if entity @s[tag=aj.assembler.bone.ring] run data modify entity @s {} merge value {transformation:[0.8667949070105609f,-1.5766940826298304f,2.2034447591230768e-16f,2.220446049250313e-16f,-1.5766940826298304f,-0.8667949070105609f,0f,0.5000000000000001f,1.0615176083877111e-16f,-1.9308933615271942e-16f,-1.7992491881391441f,-1.7485000000000004f,0f,0f,0f,1f],start_interpolation:0}
execute if entity @s[tag=aj.assembler.bone.wheel] run data modify entity @s {} merge value {transformation:[-1f,-1.1647083184890928e-16f,-3.7843667304341425e-17f,1.0625000000000002f,0f,-0.3090169943749468f,0.9510565162951539f,-0.6249999999999999f,-1.2246467991473532e-16f,0.9510565162951539f,0.3090169943749468f,-1.8735000000000002f,0f,0f,0f,1f],start_interpolation:0}
execute if entity @s[tag=aj.assembler.bone.wheel2] run data modify entity @s {} merge value {transformation:[-1f,-1.1647083184890928e-16f,-3.7843667304341425e-17f,1.0625000000000002f,0f,-0.3090169943749468f,0.9510565162951539f,-0.6249999999999999f,-1.2246467991473532e-16f,0.9510565162951539f,0.3090169943749468f,-1.6235000000000002f,0f,0f,0f,1f],start_interpolation:0}
execute if entity @s[tag=aj.assembler.bone.rails] run data modify entity @s {} merge value {transformation:[-1.137300743709099f,0f,1.3927917154512523e-16f,-0.43749999999999983f,0f,1.137300743709099f,0f,-0.9999999999999999f,-1.3927917154512523e-16f,0f,-1.137300743709099f,-1.3110000000000004f,0f,0f,0f,1f],start_interpolation:0}
execute if entity @s[tag=aj.assembler.bone.wheel3] run data modify entity @s {} merge value {transformation:[-1f,-1.1647083184890928e-16f,-3.7843667304341425e-17f,-1.0625f,0f,-0.3090169943749468f,0.9510565162951539f,-0.6249999999999999f,-1.2246467991473532e-16f,0.9510565162951539f,0.3090169943749468f,-1.6235000000000006f,0f,0f,0f,1f],start_interpolation:0}
execute if entity @s[tag=aj.assembler.bone.wheel4] run data modify entity @s {} merge value {transformation:[-1f,-1.1647083184890928e-16f,-3.7843667304341425e-17f,-1.0625f,0f,-0.3090169943749468f,0.9510565162951539f,-0.6249999999999999f,-1.2246467991473532e-16f,0.9510565162951539f,0.3090169943749468f,-1.8735000000000006f,0f,0f,0f,1f],start_interpolation:0}
execute if entity @s[tag=aj.assembler.bone.rails2] run data modify entity @s {} merge value {transformation:[-1.2038220325092979f,0f,1.4742567988555726e-16f,0.4375000000000001f,0f,1.2038220325092979f,0f,-0.9999999999999999f,-1.4742567988555726e-16f,0f,-1.2038220325092979f,-1.3110000000000004f,0f,0f,0f,1f],start_interpolation:0}
execute if entity @s[tag=aj.assembler.bone.bone6] run data modify entity @s {} merge value {transformation:[0.12275432675969654f,0.5173160522646725f,-0.8469447900135334f,0.4454075104669908f,0f,0.8533989706311293f,0.5212582823569604f,0.6733953819921101f,0.9924370888181143f,-0.06398670951864448f,0.10475841609724232f,-0.02620702556930911f,0f,0f,0f,1f],start_interpolation:0}
execute if entity @s[tag=aj.assembler.bone.bone5] run data modify entity @s {} merge value {transformation:[0.12275432675969654f,-0.1120597861346605f,-0.9860902492131376f,0.31471088623301346f,0f,0.9936047940202082f,-0.11291374274223437f,0.6618668235281421f,0.9924370888181143f,0.013860650472240547f,0.12196928755515762f,-0.010041188662998912f,0f,0f,0f,1f],start_interpolation:0}
execute if entity @s[tag=aj.assembler.bone.bone4] run data modify entity @s {} merge value {transformation:[0.12275432675969654f,-0.1120597861346605f,-0.9860902492131376f,0.9220407523902882f,0f,0.9936047940202082f,-0.11291374274223437f,0.27788996799242904f,0.9924370888181143f,0.013860650472240547f,0.12196928755515762f,-0.2740905392906231f,0f,0f,0f,1f],start_interpolation:0}
execute if entity @s[tag=aj.assembler.bone.bone3] run data modify entity @s {} merge value {transformation:[0.12275432675969654f,-0.4962526199503586f,-0.859456056150737f,0.7935116092376273f,0f,0.866005579430991f,-0.5000343352154866f,-0.234375f,0.9924370888181143f,0.061381378176109475f,0.1063059318731922f,-0.19521651360308492f,0f,0f,0f,1f],start_interpolation:0}
execute if entity @s[tag=aj.assembler.bone.octagon] run data modify entity @s {} merge value {transformation:[0.12275432675969654f,0f,-0.9924370888181143f,0.859375f,0f,1f,0f,-0.40625f,0.9924370888181143f,0f,0.12275432675969654f,-0.1718749999999999f,0f,0f,0f,1f],start_interpolation:0}
execute if entity @s[tag=aj.assembler.bone.bone10] run data modify entity @s {} merge value {transformation:[0.18636526510918305f,-0.24383467421263288f,0.9517418975816938f,-0.9222969331775769f,0f,0.9687132420718193f,0.24818270414093066f,0.6302074884755934f,-0.9824805280313622f,-0.04625263545273848f,0.1805345001734908f,-0.08838882912745091f,0f,0f,0f,1f],start_interpolation:0}
execute if entity @s[tag=aj.assembler.bone.bone9] run data modify entity @s {} merge value {transformation:[0.18636526510918305f,-0.2655294973370031f,0.9459186402670912f,-0.7981985681101296f,0f,0.9627861451488188f,0.270264386683628f,0.6692114899615522f,-0.9824805280313622f,-0.05036789407386509f,0.17942989518410798f,-0.06484879546209898f,0f,0f,0f,1f],start_interpolation:0}
execute if entity @s[tag=aj.assembler.bone.bone8] run data modify entity @s {} merge value {transformation:[0.18636526510918305f,-0.2655294973370031f,0.9459186402670912f,-1.1835839172105056f,0f,0.9627861451488188f,0.270264386683628f,0.10166916550879174f,-0.9824805280313622f,-0.05036789407386509f,0.17942989518410798f,-0.3287954441289199f,0f,0f,0f,1f],start_interpolation:0}
execute if entity @s[tag=aj.assembler.bone.bone7] run data modify entity @s {} merge value {transformation:[0.18636526510918305f,-0.0972384595273541f,0.9776567239831838f,-0.7921460524633778f,0f,0.9950901784711764f,0.09897240378106517f,-0.234375f,-0.9824805280313622f,-0.018445018269151323f,0.18545024491832507f,-0.19092968743165611f,0f,0f,0f,1f],start_interpolation:0}
execute if entity @s[tag=aj.assembler.bone.octagon2] run data modify entity @s {} merge value {transformation:[0.18636526510918305f,0f,0.9824805280313622f,-0.8593749999999999f,0f,1f,0f,-0.40625f,-0.9824805280313622f,0f,0.18636526510918305f,-0.171875f,0f,0f,0f,1f],start_interpolation:0}