execute if entity @s[tag=aj.assembler.bone.bone21] run data modify entity @s {} merge value {transformation:[-0.17509147588980853f,0.9845521698065212f,1.2246467991473532e-16f,0.7803453369884368f,0.9845521698065212f,0.17509147588980853f,0f,0.578594555620794f,-2.144252155064401e-17f,1.2057286633471376e-16f,-1f,-1.9169375f,0f,0f,0f,1f],start_interpolation:0}
execute if entity @s[tag=aj.assembler.bone.arm4] run data modify entity @s {} merge value {transformation:[0.15466727827087068f,0.9879666153429889f,1.2246467991473532e-16f,0.8620476795204567f,0.9879666153429889f,-0.15466727827087068f,0f,1.1004837859697545f,1.8941278726725464e-17f,1.2099101531442357e-16f,-1f,-1.9169375f,0f,0f,0f,1f],start_interpolation:0}
execute if entity @s[tag=aj.assembler.bone.small_arm_base4] run data modify entity @s {} merge value {transformation:[0.8181497174250236f,0.5750052520432786f,1.2246467991473532e-16f,0.8757397705770313f,0.5750052520432786f,-0.8181497174250236f,0f,1.11010674873721f,1.0019444326678666e-16f,7.041783414077183e-17f,-1f,-1.8231875f,0f,0f,0f,1f],start_interpolation:0}
execute if entity @s[tag=aj.assembler.bone.bone25] run data modify entity @s {} merge value {transformation:[-0.8443279255020151f,0.5358267949789967f,1.2246467991473532e-16f,2.6414183864572156e-16f,0.5358267949789967f,0.8443279255020151f,0f,0.5000000000000001f,-1.0340034913967676e-16f,6.561985693684133e-17f,-1f,-2.2606875f,0f,0f,0f,1f],start_interpolation:0}
execute if entity @s[tag=aj.assembler.bone.bone16] run data modify entity @s {} merge value {transformation:[-0.5436659107527475f,-0.8393017201730173f,1.2246467991473532e-16f,-0.6099305562590889f,-0.8393017201730173f,0.5436659107527475f,0f,0.8338863404766469f,-6.657987174088827e-17f,-1.0278481651287532e-16f,-1f,-1.9169375f,0f,0f,0f,1f],start_interpolation:0}
execute if entity @s[tag=aj.assembler.bone.arm3] run data modify entity @s {} merge value {transformation:[0.01788328466260225f,0.9998400812778394f,1.2246467991473532e-16f,-0.600483785969754f,0.9998400812778394f,-0.01788328466260225f,0f,1.3620476795204568f,2.1900707320296565e-18f,1.2244509551961355e-16f,-1f,-1.9169375f,0f,0f,0f,1f],start_interpolation:0}
execute if entity @s[tag=aj.assembler.bone.small_arm_base3] run data modify entity @s {} merge value {transformation:[-0.5750052520432783f,0.8181497174250237f,1.2246467991473532e-16f,-0.6101067487372095f,0.8181497174250237f,0.5750052520432783f,0f,1.3757397705770313f,-7.04178341407718e-17f,1.0019444326678667e-16f,-1f,-1.8231875f,0f,0f,0f,1f],start_interpolation:0}
execute if entity @s[tag=aj.assembler.bone.bone15] run data modify entity @s {} merge value {transformation:[-0.5358267949789969f,-0.844327925502015f,1.2246467991473532e-16f,2.6414183864572156e-16f,-0.844327925502015f,0.5358267949789969f,0f,0.5000000000000001f,-6.561985693684135e-17f,-1.0340034913967675e-16f,-1f,-2.2606875f,0f,0f,0f,1f],start_interpolation:0}
execute if entity @s[tag=aj.assembler.bone.bone26] run data modify entity @s {} merge value {transformation:[-0.34365969458561635f,0.9390942520947091f,1.2246467991473532e-16f,0.41894699036965166f,0.9390942520947091f,0.34365969458561635f,0f,0.13402492945195632f,-4.208617449702321e-17f,1.150058769925463e-16f,-1f,-1.9169375f,0f,0f,0f,1f],start_interpolation:0}
execute if entity @s[tag=aj.assembler.bone.arm5] run data modify entity @s {} merge value {transformation:[0.34365969458561607f,-0.9390942520947092f,1.2246467991473532e-16f,0.6004837859697549f,-0.9390942520947092f,-0.34365969458561607f,0f,-0.36204767952045624f,4.2086174497023176e-17f,-1.1500587699254634e-16f,-1f,-1.9169375f,0f,0f,0f,1f],start_interpolation:0}
execute if entity @s[tag=aj.assembler.bone.small_arm_base5] run data modify entity @s {} merge value {transformation:[0.5750052520432787f,-0.8181497174250234f,1.2246467991473532e-16f,0.6101067487372104f,-0.8181497174250234f,-0.5750052520432787f,0f,-0.3757397705770309f,7.041783414077184e-17f,-1.0019444326678665e-16f,-1f,-1.8231875f,0f,0f,0f,1f],start_interpolation:0}
execute if entity @s[tag=aj.assembler.bone.bone20] run data modify entity @s {} merge value {transformation:[0.5358267949789964f,0.8443279255020152f,1.2246467991473532e-16f,2.6414183864572156e-16f,0.8443279255020152f,-0.5358267949789964f,0f,0.5000000000000001f,6.56198569368413e-17f,1.0340034913967678e-16f,-1f,-2.2606875f,0f,0f,0f,1f],start_interpolation:0}
execute if entity @s[tag=aj.assembler.bone.bone11] run data modify entity @s {} merge value {transformation:[-0.9947970560343952f,0.10187648062875518f,1.2246467991473532e-16f,-0.3457420799989098f,0.10187648062875518f,0.9947970560343952f,0f,0.011195081467851462f,-1.218275030473732e-16f,1.2476270591040211e-17f,-1f,-1.9169375f,0f,0f,0f,1f],start_interpolation:0}
execute if entity @s[tag=aj.assembler.bone.arm2] run data modify entity @s {} merge value {transformation:[0.9773964779860703f,0.21141458043480688f,1.2246467991473532e-16f,-0.8620476795204562f,0.21141458043480688f,-0.9773964779860703f,0f,-0.10048378596975435f,1.1969654682635374e-16f,2.589081892225671e-17f,-1f,-1.9169375f,0f,0f,0f,1f],start_interpolation:0}
execute if entity @s[tag=aj.assembler.bone.small_arm_base2] run data modify entity @s {} merge value {transformation:[0.8181497174250236f,0.5750052520432786f,1.2246467991473532e-16f,-0.8757397705770309f,0.5750052520432786f,-0.8181497174250236f,0f,-0.11010674873720983f,1.0019444326678666e-16f,7.041783414077183e-17f,-1f,-1.8231875f,0f,0f,0f,1f],start_interpolation:0}
execute if entity @s[tag=aj.assembler.bone.bone2] run data modify entity @s {} merge value {transformation:[-0.8443279255020151f,0.5358267949789967f,1.2246467991473532e-16f,2.6414183864572156e-16f,0.5358267949789967f,0.8443279255020151f,0f,0.5000000000000001f,-1.0340034913967676e-16f,6.561985693684133e-17f,-1f,-2.2606875f,0f,0f,0f,1f],start_interpolation:0}
execute if entity @s[tag=aj.assembler.bone.ring] run data modify entity @s {} merge value {transformation:[-1.5191563344827084f,0.9640859258491594f,2.2034447591230768e-16f,2.220446049250313e-16f,0.9640859258491594f,1.5191563344827084f,0f,0.5000000000000001f,-1.8604299424286746e-16f,1.1806647431941854e-16f,-1.7992491881391441f,-1.9169375f,0f,0f,0f,1f],start_interpolation:0}
execute if entity @s[tag=aj.assembler.bone.wheel] run data modify entity @s {} merge value {transformation:[-1f,-7.198293278059968e-17f,9.907600726170915e-17f,1.0625000000000002f,0f,0.8090169943749473f,0.5877852522924732f,-0.6249999999999999f,-1.2246467991473532e-16f,0.5877852522924732f,-0.8090169943749473f,-2.0419374999999995f,0f,0f,0f,1f],start_interpolation:0}
execute if entity @s[tag=aj.assembler.bone.wheel2] run data modify entity @s {} merge value {transformation:[-1f,-7.198293278059968e-17f,9.907600726170915e-17f,1.0625000000000002f,0f,0.8090169943749473f,0.5877852522924732f,-0.6249999999999999f,-1.2246467991473532e-16f,0.5877852522924732f,-0.8090169943749473f,-1.7919374999999997f,0f,0f,0f,1f],start_interpolation:0}
execute if entity @s[tag=aj.assembler.bone.rails] run data modify entity @s {} merge value {transformation:[-1.137300743709099f,0f,1.3927917154512523e-16f,-0.43749999999999983f,0f,1.137300743709099f,0f,-0.9999999999999999f,-1.3927917154512523e-16f,0f,-1.137300743709099f,-1.4794375f,0f,0f,0f,1f],start_interpolation:0}
execute if entity @s[tag=aj.assembler.bone.wheel3] run data modify entity @s {} merge value {transformation:[-1f,-7.198293278059968e-17f,9.907600726170915e-17f,-1.0625f,0f,0.8090169943749473f,0.5877852522924732f,-0.6249999999999999f,-1.2246467991473532e-16f,0.5877852522924732f,-0.8090169943749473f,-1.7919375000000002f,0f,0f,0f,1f],start_interpolation:0}
execute if entity @s[tag=aj.assembler.bone.wheel4] run data modify entity @s {} merge value {transformation:[-1f,-7.198293278059968e-17f,9.907600726170915e-17f,-1.0625f,0f,0.8090169943749473f,0.5877852522924732f,-0.6249999999999999f,-1.2246467991473532e-16f,0.5877852522924732f,-0.8090169943749473f,-2.0419375000000004f,0f,0f,0f,1f],start_interpolation:0}
execute if entity @s[tag=aj.assembler.bone.rails2] run data modify entity @s {} merge value {transformation:[-1.2038220325092979f,0f,1.4742567988555726e-16f,0.4375000000000001f,0f,1.2038220325092979f,0f,-0.9999999999999999f,-1.4742567988555726e-16f,0f,-1.2038220325092979f,-1.4794375f,0f,0f,0f,1f],start_interpolation:0}
execute if entity @s[tag=aj.assembler.bone.bone6] run data modify entity @s {} merge value {transformation:[0.7905827096287533f,0.08854424810892128f,-0.6059198753654516f,0.7666815318405202f,0f,0.9894907466279582f,0.1445962044372036f,0.35612469544954495f,0.6123552720733763f,-0.1143152591059976f,0.7822742756217095f,0.10089451932961126f,0f,0f,0f,1f],start_interpolation:0}
execute if entity @s[tag=aj.assembler.bone.bone5] run data modify entity @s {} merge value {transformation:[0.7905827096287533f,-0.23086869650967046f,-0.5671671924644305f,0.6909407427814117f,0f,0.9262061067002114f,-0.3770175697646419f,0.309464080875466f,0.6123552720733763f,0.29806357188217814f,0.7322425335097513f,0.1986798426126526f,0f,0f,0f,1f],start_interpolation:0}
execute if entity @s[tag=aj.assembler.bone.bone4] run data modify entity @s {} merge value {transformation:[0.7905827096287533f,-0.23086869650967046f,-0.5671671924644305f,1.0000891544713992f,0f,0.9262061067002114f,-0.3770175697646419f,0.09790513552791436f,0.6123552720733763f,0.29806357188217814f,0.7322425335097513f,-0.5066417389733093f,0f,0f,0f,1f],start_interpolation:0}
execute if entity @s[tag=aj.assembler.bone.bone3] run data modify entity @s {} merge value {transformation:[0.7905827096287533f,0.0661733269438755f,-0.6087693077326071f,0.7963970858195154f,0f,0.9941439806198982f,0.10806361921212657f,-0.234375f,0.6123552720733763f,-0.08543322888901282f,0.7859530419595939f,-0.14159968290049582f,0f,0f,0f,1f],start_interpolation:0}
execute if entity @s[tag=aj.assembler.bone.octagon] run data modify entity @s {} merge value {transformation:[0.7905827096287533f,0f,-0.6123552720733763f,0.859375f,0f,1f,0f,-0.40625f,0.6123552720733763f,0f,0.7905827096287533f,-0.1718749999999999f,0f,0f,0f,1f],start_interpolation:0}
execute if entity @s[tag=aj.assembler.bone.bone10] run data modify entity @s {} merge value {transformation:[-0.7632730654428962f,0.08228548435888913f,0.6408145805404456f,-0.4244253354629201f,0f,0.9918563105130339f,-0.12736192247085498f,0.7846748558653829f,-0.6460760230571975f,-0.09721192498503003f,-0.7570572066041644f,-0.5406169982516287f,0f,0f,0f,1f],start_interpolation:0}
execute if entity @s[tag=aj.assembler.bone.bone9] run data modify entity @s {} merge value {transformation:[-0.7632730654428962f,-0.016840037808179276f,0.6458565171119847f,-0.33913152775830346f,0f,0.9996602474981596f,0.02606510256872424f,0.791533328357636f,-0.6460760230571975f,0.019894790738713586f,-0.7630137415093246f,-0.6413829510909528f,0f,0f,0f,1f],start_interpolation:0}
execute if entity @s[tag=aj.assembler.bone.bone8] run data modify entity @s {} merge value {transformation:[-0.7632730654428962f,-0.016840037808179276f,0.6458565171119847f,-0.871377240406141f,0f,0.9996602474981596f,0.02606510256872424f,0.2951239706524257f,-0.6460760230571975f,0.019894790738713586f,-0.7630137415093246f,-0.3028023369606744f,0f,0f,0f,1f],start_interpolation:0}
execute if entity @s[tag=aj.assembler.bone.bone7] run data modify entity @s {} merge value {transformation:[-0.7632730654428962f,0.4816952629467393f,0.43056230817859104f,-0.8428475318540155f,0f,0.666426694092737f,-0.7455705609803981f,-0.234375f,-0.6460760230571975f,-0.5690739275834882f,-0.5086655456931386f,-0.23976944231071845f,0f,0f,0f,1f],start_interpolation:0}
execute if entity @s[tag=aj.assembler.bone.octagon2] run data modify entity @s {} merge value {transformation:[-0.7632730654428962f,0f,0.6460760230571975f,-0.8593749999999999f,0f,1f,0f,-0.40625f,-0.6460760230571975f,0f,-0.7632730654428962f,-0.171875f,0f,0f,0f,1f],start_interpolation:0}