execute if entity @s[tag=aj.assembler.bone.bone21] run data modify entity @s {} merge value {transformation:[0.25974626354173586f,-0.9656769017513607f,1.2246467991473532e-16f,-0.17473664154345492f,-0.9656769017513607f,-0.25974626354173586f,0f,1.0702507034573168f,3.180974302368718e-17f,-1.182613126740337e-16f,-1f,-1.3090312499999996f,0f,0f,0f,1f],start_interpolation:0}
execute if entity @s[tag=aj.assembler.bone.arm4] run data modify entity @s {} merge value {transformation:[-0.8566625625330375f,0.5158771694447524f,1.2246467991473532e-16f,-0.6272650554452981f,0.5158771694447524f,0.8566625625330375f,0f,1.3427606594973336f,-1.0491090651554538e-16f,6.317673243137127e-17f,-1f,-1.3090312499999996f,0f,0f,0f,1f],start_interpolation:0}
execute if entity @s[tag=aj.assembler.bone.small_arm_base4] run data modify entity @s {} merge value {transformation:[-0.6004202253258845f,0.7996846584870904f,1.2246467991473532e-16f,-0.6373133488349789f,0.7996846584870904f,0.6004202253258845f,0f,1.3561437297683985f,-7.353027070886771e-17f,9.793312573434595e-17f,-1f,-1.2152812499999996f,0f,0f,0f,1f],start_interpolation:0}
execute if entity @s[tag=aj.assembler.bone.bone25] run data modify entity @s {} merge value {transformation:[-0.5090414157503709f,-0.8607420270039439f,1.2246467991473532e-16f,2.6414183864572156e-16f,-0.8607420270039439f,0.5090414157503709f,0f,0.5000000000000001f,-6.233959404321287e-17f,-1.0541049682619846e-16f,-1f,-1.6527812499999996f,0f,0f,0f,1f],start_interpolation:0}
execute if entity @s[tag=aj.assembler.bone.bone16] run data modify entity @s {} merge value {transformation:[-0.29931141805363165f,-0.9541554773844376f,1.2246467991473532e-16f,-0.3294240430515145f,-0.9541554773844376f,0.29931141805363165f,0f,-0.0026490061361970213f,-3.6655077006763535e-17f,-1.1685034512677666e-16f,-1f,-1.3090312499999999f,0f,0f,0f,1f],start_interpolation:0}
execute if entity @s[tag=aj.assembler.bone.arm3] run data modify entity @s {} merge value {transformation:[-0.9717760206365746f,-0.23590541688512323f,1.2246467991473532e-16f,-0.8427606594973331f,-0.23590541688512323f,0.9717760206365746f,0f,-0.12726505544529812f,-1.1900823931607335e-16f,-2.889008136898882e-17f,-1f,-1.3090312499999999f,0f,0f,0f,1f],start_interpolation:0}
execute if entity @s[tag=aj.assembler.bone.small_arm_base3] run data modify entity @s {} merge value {transformation:[-0.7996846584870905f,-0.6004202253258842f,1.2246467991473532e-16f,-0.8561437297683981f,-0.6004202253258842f,0.7996846584870905f,0f,-0.13731334883497892f,-9.793312573434597e-17f,-7.353027070886768e-17f,-1f,-1.2152812499999999f,0f,0f,0f,1f],start_interpolation:0}
execute if entity @s[tag=aj.assembler.bone.bone15] run data modify entity @s {} merge value {transformation:[0.8607420270039438f,-0.5090414157503711f,1.2246467991473532e-16f,2.6414183864572156e-16f,-0.5090414157503711f,-0.8607420270039438f,0f,0.5000000000000001f,1.0541049682619844e-16f,-6.23395940432129e-17f,-1f,-1.6527812499999996f,0f,0f,0f,1f],start_interpolation:0}
execute if entity @s[tag=aj.assembler.bone.bone26] run data modify entity @s {} merge value {transformation:[-0.2961645321077739f,0.9551369377850403f,1.2246467991473532e-16f,0.42684213464848086f,0.9551369377850403f,0.2961645321077739f,0f,0.8016035406527087f,-3.626969462667591e-17f,1.169705393605854e-16f,-1f,-1.3090312499999994f,0f,0f,0f,1f],start_interpolation:0}
execute if entity @s[tag=aj.assembler.bone.arm5] run data modify entity @s {} merge value {transformation:[0.7873579168871004f,0.6164961562858329f,1.2246467991473532e-16f,0.8427606594973334f,0.6164961562858329f,-0.7873579168871004f,0f,1.1272650554452985f,9.642353526991152e-17f,7.549900444820919e-17f,-1f,-1.3090312499999994f,0f,0f,0f,1f],start_interpolation:0}
execute if entity @s[tag=aj.assembler.bone.small_arm_base5] run data modify entity @s {} merge value {transformation:[0.7996846584870902f,0.6004202253258846f,1.2246467991473532e-16f,0.8561437297683984f,0.6004202253258846f,-0.7996846584870902f,0f,1.1373133488349794f,9.793312573434593e-17f,7.353027070886773e-17f,-1f,-1.2152812499999994f,0f,0f,0f,1f],start_interpolation:0}
execute if entity @s[tag=aj.assembler.bone.bone20] run data modify entity @s {} merge value {transformation:[-0.860742027003944f,0.5090414157503707f,1.2246467991473532e-16f,2.6414183864572156e-16f,0.5090414157503707f,0.860742027003944f,0f,0.5000000000000001f,-1.0541049682619847e-16f,6.233959404321285e-17f,-1f,-1.6527812499999996f,0f,0f,0f,1f],start_interpolation:0}
execute if entity @s[tag=aj.assembler.bone.bone11] run data modify entity @s {} merge value {transformation:[-0.25498251389042464f,0.966945664249093f,1.2246467991473532e-16f,0.18181311485196977f,0.966945664249093f,0.25498251389042464f,0f,-0.05883072069008566f,-3.122635194744542e-17f,1.184166912672063e-16f,-1f,-1.3090312499999996f,0f,0f,0f,1f],start_interpolation:0}
execute if entity @s[tag=aj.assembler.bone.arm2] run data modify entity @s {} merge value {transformation:[-0.8432663876809463f,0.5374958598980353f,1.2246467991473532e-16f,0.6272650554452985f,0.5374958598980353f,0.8432663876809463f,0f,-0.3427606594973332f,-1.032703482502022e-16f,6.582425843790831e-17f,-1f,-1.3090312499999996f,0f,0f,0f,1f],start_interpolation:0}
execute if entity @s[tag=aj.assembler.bone.small_arm_base2] run data modify entity @s {} merge value {transformation:[-0.6004202253258845f,0.7996846584870904f,1.2246467991473532e-16f,0.6373133488349794f,0.7996846584870904f,0.6004202253258845f,0f,-0.35614372976839814f,-7.353027070886771e-17f,9.793312573434595e-17f,-1f,-1.2152812499999996f,0f,0f,0f,1f],start_interpolation:0}
execute if entity @s[tag=aj.assembler.bone.bone2] run data modify entity @s {} merge value {transformation:[-0.5090414157503709f,-0.8607420270039439f,1.2246467991473532e-16f,2.6414183864572156e-16f,-0.8607420270039439f,0.5090414157503709f,0f,0.5000000000000001f,-6.233959404321287e-17f,-1.0541049682619846e-16f,-1f,-1.6527812499999996f,0f,0f,0f,1f],start_interpolation:0}
execute if entity @s[tag=aj.assembler.bone.ring] run data modify entity @s {} merge value {transformation:[-0.9158923540180554f,-1.5486893932840873f,2.2034447591230768e-16f,2.220446049250313e-16f,-1.5486893932840873f,0.9158923540180554f,0f,0.5000000000000001f,-1.121644639711746e-16f,-1.896597508358814e-16f,-1.7992491881391441f,-1.3090312499999996f,0f,0f,0f,1f],start_interpolation:0}
execute if entity @s[tag=aj.assembler.bone.wheel] run data modify entity @s {} merge value {transformation:[-1f,9.907600726170933e-17f,-7.198293278059945e-17f,1.0625000000000002f,0f,-0.5877852522924714f,-0.8090169943749488f,-0.6249999999999999f,-1.2246467991473532e-16f,-0.8090169943749488f,0.5877852522924714f,-1.4340312499999994f,0f,0f,0f,1f],start_interpolation:0}
execute if entity @s[tag=aj.assembler.bone.wheel2] run data modify entity @s {} merge value {transformation:[-1f,9.907600726170933e-17f,-7.198293278059945e-17f,1.0625000000000002f,0f,-0.5877852522924714f,-0.8090169943749488f,-0.6249999999999999f,-1.2246467991473532e-16f,-0.8090169943749488f,0.5877852522924714f,-1.1840312499999994f,0f,0f,0f,1f],start_interpolation:0}
execute if entity @s[tag=aj.assembler.bone.rails] run data modify entity @s {} merge value {transformation:[-1.137300743709099f,0f,1.3927917154512523e-16f,-0.43749999999999983f,0f,1.137300743709099f,0f,-0.9999999999999999f,-1.3927917154512523e-16f,0f,-1.137300743709099f,-0.8715312499999996f,0f,0f,0f,1f],start_interpolation:0}
execute if entity @s[tag=aj.assembler.bone.wheel3] run data modify entity @s {} merge value {transformation:[-1f,9.907600726170933e-17f,-7.198293278059945e-17f,-1.0625f,0f,-0.5877852522924714f,-0.8090169943749488f,-0.6249999999999999f,-1.2246467991473532e-16f,-0.8090169943749488f,0.5877852522924714f,-1.1840312499999996f,0f,0f,0f,1f],start_interpolation:0}
execute if entity @s[tag=aj.assembler.bone.wheel4] run data modify entity @s {} merge value {transformation:[-1f,9.907600726170933e-17f,-7.198293278059945e-17f,-1.0625f,0f,-0.5877852522924714f,-0.8090169943749488f,-0.6249999999999999f,-1.2246467991473532e-16f,-0.8090169943749488f,0.5877852522924714f,-1.4340312499999999f,0f,0f,0f,1f],start_interpolation:0}
execute if entity @s[tag=aj.assembler.bone.rails2] run data modify entity @s {} merge value {transformation:[-1.2038220325092979f,0f,1.4742567988555726e-16f,0.4375000000000001f,0f,1.2038220325092979f,0f,-0.9999999999999999f,-1.4742567988555726e-16f,0f,-1.2038220325092979f,-0.8715312499999995f,0f,0f,0f,1f],start_interpolation:0}
execute if entity @s[tag=aj.assembler.bone.bone6] run data modify entity @s {} merge value {transformation:[-0.9482357627809513f,0.11245066582542244f,-0.29699122198921396f,0.700598642798254f,0f,0.9352074295125581f,0.3541003583512927f,0.9491940451140058f,0.31756721836994983f,0.3357706234022463f,-0.8867971302822532f,-0.35075813685010343f,0f,0f,0f,1f],start_interpolation:0}
execute if entity @s[tag=aj.assembler.bone.bone5] run data modify entity @s {} merge value {transformation:[-0.9482357627809513f,0.12448440822638906f,-0.2921516220933115f,0.6624153056214444f,0f,0.9199678215935048f,0.39199388672848157f,1.0041386321946415f,0.31756721836994983f,0.3717026221874516f,-0.872346389042647f,-0.4647711827785257f,0f,0f,0f,1f],start_interpolation:0}
execute if entity @s[tag=aj.assembler.bone.bone4] run data modify entity @s {} merge value {transformation:[-0.9482357627809513f,0.12448440822638906f,-0.2921516220933115f,0.9648759266337839f,0f,0.9199678215935048f,0.39199388672848157f,0.2833841453098911f,0.31756721836994983f,0.3717026221874516f,-0.872346389042647f,-0.15206895177824684f,0f,0f,0f,1f],start_interpolation:0}
execute if entity @s[tag=aj.assembler.bone.bone3] run data modify entity @s {} merge value {transformation:[-0.9482357627809513f,-0.17062874205396433f,-0.26783347544380837f,0.8691594164387829f,0f,0.8433914458128857f,-0.5372996083468239f,-0.234375f,0.31756721836994983f,-0.5094867039626569f,-0.7997339309433111f,-0.24106371074787028f,0f,0f,0f,1f],start_interpolation:0}
execute if entity @s[tag=aj.assembler.bone.octagon] run data modify entity @s {} merge value {transformation:[-0.9482357627809513f,0f,-0.31756721836994983f,0.859375f,0f,1f,0f,-0.40625f,0.31756721836994983f,0f,-0.9482357627809513f,-0.1718749999999999f,0f,0f,0f,1f],start_interpolation:0}
execute if entity @s[tag=aj.assembler.bone.bone10] run data modify entity @s {} merge value {transformation:[-0.9656557385946328f,-0.0008183232400289925f,0.2598236418541027f,-0.5360702517011892f,0f,0.9999950402565569f,0.003149517786434408f,-0.017257989070861512f,-0.25982493051909816f,0.003041349924276293f,-0.9656509491899152f,-1.0126376053173636f,0f,0f,0f,1f],start_interpolation:0}
execute if entity @s[tag=aj.assembler.bone.bone9] run data modify entity @s {} merge value {transformation:[-0.9656557385946328f,0.24088220273288585f,0.09738972700345284f,-0.5223773608414859f,0f,0.37482826151008747f,-0.9270942640170553f,-0.13849540927797188f,-0.25982493051909816f,-0.8952538962662371f,-0.36195506171466574f,-1.0635280976585153f,0f,0f,0f,1f],start_interpolation:0}
execute if entity @s[tag=aj.assembler.bone.bone8] run data modify entity @s {} merge value {transformation:[-0.9656557385946328f,0.24088220273288585f,0.09738972700345284f,-0.8874778429210598f,0f,0.37482826151008747f,-0.9270942640170553f,0.2652737347584677f,-0.25982493051909816f,-0.8952538962662371f,-0.36195506171466574f,-0.42824889117884796f,0f,0f,0f,1f],start_interpolation:0}
execute if entity @s[tag=aj.assembler.bone.bone7] run data modify entity @s {} merge value {transformation:[-0.9656557385946328f,0.23467936294309003f,0.11151049783710777f,-0.8733126836736386f,0f,0.429175512966841f,-0.9032211130557395f,-0.234375f,-0.25982493051909816f,-0.8722006510421064f,-0.41443579696072524f,-0.24034801274088635f,0f,0f,0f,1f],start_interpolation:0}
execute if entity @s[tag=aj.assembler.bone.octagon2] run data modify entity @s {} merge value {transformation:[-0.9656557385946328f,0f,0.25982493051909816f,-0.8593749999999999f,0f,1f,0f,-0.40625f,-0.25982493051909816f,0f,-0.9656557385946328f,-0.171875f,0f,0f,0f,1f],start_interpolation:0}