execute if entity @s[tag=aj.assembler.bone.bone21] run data modify entity @s {} merge value {transformation:[-0.8635601706140762f,-0.5042458048699939f,1.2246467991473532e-16f,-0.659948286014868f,-0.5042458048699939f,0.8635601706140762f,0f,0.8115685835469313f,-1.0575561988136705e-16f,-6.175230109175191e-17f,-1f,-1.8464999999999998f,0f,0f,0f,1f],start_interpolation:0}
execute if entity @s[tag=aj.assembler.bone.arm4] run data modify entity @s {} merge value {transformation:[-0.7376451152144425f,-0.6751886284589457f,1.2246467991473532e-16f,-1.0496062314063601f,-0.6751886284589457f,0.7376451152144425f,0f,0.4549030159310892f,-9.033547292540475e-17f,-8.268675926629394e-17f,-1f,-1.8464999999999998f,0f,0f,0f,1f],start_interpolation:0}
execute if entity @s[tag=aj.assembler.bone.small_arm_base4] run data modify entity @s {} merge value {transformation:[-0.9988898749619701f,-0.047106450709642145f,1.2246467991473532e-16f,-1.0663230875418304f,-0.047106450709642145f,0.9988898749619701f,0f,0.4541146690078654f,-1.2232872880728766e-16f,-5.7688764080755765e-18f,-1f,-1.7527499999999998f,0f,0f,0f,1f],start_interpolation:0}
execute if entity @s[tag=aj.assembler.bone.bone25] run data modify entity @s {} merge value {transformation:[0.4257792915650722f,-0.9048270524660198f,1.2246467991473532e-16f,2.6414183864572156e-16f,-0.9048270524660198f,-0.4257792915650722f,0f,0.5000000000000001f,5.214292465583933e-17f,-1.1080935535844454e-16f,-1f,-2.19025f,0f,0f,0f,1f],start_interpolation:0}
execute if entity @s[tag=aj.assembler.bone.bone16] run data modify entity @s {} merge value {transformation:[0.7944146205354179f,0.6073758397232871f,1.2246467991473532e-16f,0.07090167054863207f,0.6073758397232871f,-0.7944146205354179f,0f,-0.021991068920355517f,9.728773222345587e-17f,7.438208779965592e-17f,-1f,-1.8464999999999998f,0f,0f,0f,1f],start_interpolation:0}
execute if entity @s[tag=aj.assembler.bone.arm3] run data modify entity @s {} merge value {transformation:[-0.04884976979561447f,-0.9988061373414341f,1.2246467991473532e-16f,0.04509698406891088f,-0.9988061373414341f,0.04884976979561447f,0f,-0.5496062314063602f,-5.982371421928436e-18f,-1.2231847390639188e-16f,-1f,-1.8464999999999998f,0f,0f,0f,1f],start_interpolation:0}
execute if entity @s[tag=aj.assembler.bone.small_arm_base3] run data modify entity @s {} merge value {transformation:[0.04710645070964192f,-0.9988898749619701f,1.2246467991473532e-16f,0.045885330992134696f,-0.9988898749619701f,-0.04710645070964192f,0f,-0.5663230875418305f,5.768876408075552e-18f,-1.2232872880728766e-16f,-1f,-1.7527499999999998f,0f,0f,0f,1f],start_interpolation:0}
execute if entity @s[tag=aj.assembler.bone.bone15] run data modify entity @s {} merge value {transformation:[0.9048270524660199f,0.425779291565072f,1.2246467991473532e-16f,2.6414183864572156e-16f,0.425779291565072f,-0.9048270524660199f,0f,0.5000000000000001f,1.1080935535844455e-16f,5.2142924655839307e-17f,-1f,-2.19025f,0f,0f,0f,1f],start_interpolation:0}
execute if entity @s[tag=aj.assembler.bone.bone26] run data modify entity @s {} merge value {transformation:[-0.07431735215884461f,-0.9972346419815644f,1.2246467991473532e-16f,0.07222276092812949f,-0.9972346419815644f,0.07431735215884461f,0f,1.0345531089390958f,-9.101250744243573e-18f,-1.2212602123015796e-16f,-1f,-1.8464999999999998f,0f,0f,0f,1f],start_interpolation:0}
execute if entity @s[tag=aj.assembler.bone.arm5] run data modify entity @s {} merge value {transformation:[-0.22209308917933956f,0.9750254662001288f,1.2246467991473532e-16f,-0.04509698406891093f,0.9750254662001288f,0.22209308917933956f,0f,1.5496062314063606f,-2.7198559077622578e-17f,1.1940618162691434e-16f,-1f,-1.8464999999999998f,0f,0f,0f,1f],start_interpolation:0}
execute if entity @s[tag=aj.assembler.bone.small_arm_base5] run data modify entity @s {} merge value {transformation:[-0.04710645070964237f,0.9988898749619702f,1.2246467991473532e-16f,-0.04588533099213478f,0.9988898749619702f,0.04710645070964237f,0f,1.5663230875418308f,-5.768876408075607e-18f,1.2232872880728766e-16f,-1f,-1.7527499999999998f,0f,0f,0f,1f],start_interpolation:0}
execute if entity @s[tag=aj.assembler.bone.bone20] run data modify entity @s {} merge value {transformation:[-0.9048270524660197f,-0.42577929156507244f,1.2246467991473532e-16f,2.6414183864572156e-16f,-0.42577929156507244f,0.9048270524660197f,0f,0.5000000000000001f,-1.1080935535844453e-16f,-5.2142924655839356e-17f,-1f,-2.19025f,0f,0f,0f,1f],start_interpolation:0}
execute if entity @s[tag=aj.assembler.bone.bone11] run data modify entity @s {} merge value {transformation:[0.6921133921117043f,-0.7217887865987047f,1.2246467991473532e-16f,0.5452804882751812f,-0.7217887865987047f,-0.6921133921117043f,0f,0.3879372362177721f,8.475944502966156e-17f,-8.839363271685557e-17f,-1f,-1.8464999999999998f,0f,0f,0f,1f],start_interpolation:0}
execute if entity @s[tag=aj.assembler.bone.arm2] run data modify entity @s {} merge value {transformation:[-0.9547179142564219f,-0.2975125277998687f,1.2246467991473532e-16f,1.0496062314063606f,-0.2975125277998687f,0.9547179142564219f,0f,0.5450969840689109f,-1.1691922377827645e-16f,-3.6434776487634707e-17f,-1f,-1.8464999999999998f,0f,0f,0f,1f],start_interpolation:0}
execute if entity @s[tag=aj.assembler.bone.small_arm_base2] run data modify entity @s {} merge value {transformation:[-0.9988898749619701f,-0.047106450709642145f,1.2246467991473532e-16f,1.0663230875418308f,-0.047106450709642145f,0.9988898749619701f,0f,0.5458853309921348f,-1.2232872880728766e-16f,-5.7688764080755765e-18f,-1f,-1.7527499999999998f,0f,0f,0f,1f],start_interpolation:0}
execute if entity @s[tag=aj.assembler.bone.bone2] run data modify entity @s {} merge value {transformation:[0.4257792915650722f,-0.9048270524660198f,1.2246467991473532e-16f,2.6414183864572156e-16f,-0.9048270524660198f,-0.4257792915650722f,0f,0.5000000000000001f,5.214292465583933e-17f,-1.1080935535844454e-16f,-1f,-2.19025f,0f,0f,0f,1f],start_interpolation:0}
execute if entity @s[tag=aj.assembler.bone.ring] run data modify entity @s {} merge value {transformation:[0.7660830446749162f,-1.6280093395558208f,2.2034447591230768e-16f,2.220446049250313e-16f,-1.6280093395558208f,-0.7660830446749162f,0f,0.5000000000000001f,9.381811485421947e-17f,-1.9937364266690325e-16f,-1.7992491881391441f,-1.8464999999999998f,0f,0f,0f,1f],start_interpolation:0}
execute if entity @s[tag=aj.assembler.bone.wheel] run data modify entity @s {} merge value {transformation:[-1f,-1.1647083184890928e-16f,3.784366730434137e-17f,1.0625000000000002f,0f,0.30901699437494634f,0.951056516295154f,-0.6249999999999999f,-1.2246467991473532e-16f,0.951056516295154f,-0.30901699437494634f,-1.9714999999999996f,0f,0f,0f,1f],start_interpolation:0}
execute if entity @s[tag=aj.assembler.bone.wheel2] run data modify entity @s {} merge value {transformation:[-1f,-1.1647083184890928e-16f,3.784366730434137e-17f,1.0625000000000002f,0f,0.30901699437494634f,0.951056516295154f,-0.6249999999999999f,-1.2246467991473532e-16f,0.951056516295154f,-0.30901699437494634f,-1.7214999999999996f,0f,0f,0f,1f],start_interpolation:0}
execute if entity @s[tag=aj.assembler.bone.rails] run data modify entity @s {} merge value {transformation:[-1.137300743709099f,0f,1.3927917154512523e-16f,-0.43749999999999983f,0f,1.137300743709099f,0f,-0.9999999999999999f,-1.3927917154512523e-16f,0f,-1.137300743709099f,-1.4089999999999998f,0f,0f,0f,1f],start_interpolation:0}
execute if entity @s[tag=aj.assembler.bone.wheel3] run data modify entity @s {} merge value {transformation:[-1f,-1.1647083184890928e-16f,3.784366730434137e-17f,-1.0625f,0f,0.30901699437494634f,0.951056516295154f,-0.6249999999999999f,-1.2246467991473532e-16f,0.951056516295154f,-0.30901699437494634f,-1.7215f,0f,0f,0f,1f],start_interpolation:0}
execute if entity @s[tag=aj.assembler.bone.wheel4] run data modify entity @s {} merge value {transformation:[-1f,-1.1647083184890928e-16f,3.784366730434137e-17f,-1.0625f,0f,0.30901699437494634f,0.951056516295154f,-0.6249999999999999f,-1.2246467991473532e-16f,0.951056516295154f,-0.30901699437494634f,-1.9715f,0f,0f,0f,1f],start_interpolation:0}
execute if entity @s[tag=aj.assembler.bone.rails2] run data modify entity @s {} merge value {transformation:[-1.2038220325092979f,0f,1.4742567988555726e-16f,0.4375000000000001f,0f,1.2038220325092979f,0f,-0.9999999999999999f,-1.4742567988555726e-16f,0f,-1.2038220325092979f,-1.4089999999999998f,0f,0f,0f,1f],start_interpolation:0}
execute if entity @s[tag=aj.assembler.bone.bone6] run data modify entity @s {} merge value {transformation:[0.1362551364922583f,0.7967920732447866f,-0.5886908609735253f,0.38173016134999394f,0f,0.5942328070431794f,0.8042930877693675f,0.5620885770885252f,0.9906737796971696f,-0.10958906445379506f,0.08096727223184619f,-0.011548194203614432f,0f,0f,0f,1f],start_interpolation:0}
execute if entity @s[tag=aj.assembler.bone.bone5] run data modify entity @s {} merge value {transformation:[0.1362551364922583f,-0.30873140188972253f,-0.9413391839643577f,0.25627583784916763f,0f,0.9502009675194062f,-0.3116378047111492f,0.52414998227672f,0.9906737796971696f,0.04246225161706536f,0.1294697625244326f,0.005706523063026325f,0f,0f,0f,1f],start_interpolation:0}
execute if entity @s[tag=aj.assembler.bone.bone4] run data modify entity @s {} merge value {transformation:[0.1362551364922583f,-0.30873140188972253f,-0.9413391839643577f,0.9224105709478877f,0f,0.9502009675194062f,-0.3116378047111492f,0.2774087047684314f,0.9906737796971696f,0.04246225161706536f,0.1294697625244326f,-0.2751773407106372f,0f,0f,0f,1f],start_interpolation:0}
execute if entity @s[tag=aj.assembler.bone.bone3] run data modify entity @s {} merge value {transformation:[0.1362551364922583f,-0.4923787946203363f,-0.8596497312206297f,0.7931999157535439f,0f,0.867742488837656f,-0.4970140572114942f,-0.234375f,0.9906737796971696f,0.06772071820392321f,0.11823437125670674f,-0.1943176095847703f,0f,0f,0f,1f],start_interpolation:0}
execute if entity @s[tag=aj.assembler.bone.octagon] run data modify entity @s {} merge value {transformation:[0.1362551364922583f,0f,-0.9906737796971696f,0.859375f,0f,1f,0f,-0.40625f,0.9906737796971696f,0f,0.1362551364922583f,-0.1718749999999999f,0f,0f,0f,1f],start_interpolation:0}
execute if entity @s[tag=aj.assembler.bone.bone10] run data modify entity @s {} merge value {transformation:[0.16652892087242488f,-0.8054370379600843f,0.5688051480033839f,-0.6607522607806228f,0f,0.5768600932024002f,0.8168429670815062f,0.5054463945183258f,-0.9860365705758918f,-0.13602797783031287f,0.09606388881536211f,-0.04325255920264158f,0f,0f,0f,1f],start_interpolation:0}
execute if entity @s[tag=aj.assembler.bone.bone9] run data modify entity @s {} merge value {transformation:[0.16652892087242488f,0.18070607839815855f,0.9693365936262924f,-0.5320352357471001f,0f,0.983063531873016f,-0.18326508751355713f,0.4845847564503385f,-0.9860365705758918f,0.030518937257223176f,0.16370850911184798f,-0.02151390577295964f,0f,0f,0f,1f],start_interpolation:0}
execute if entity @s[tag=aj.assembler.bone.bone8] run data modify entity @s {} merge value {transformation:[0.16652892087242488f,0.18070607839815855f,0.9693365936262924f,-1.1263059528279986f,0f,0.983063531873016f,-0.18326508751355713f,0.1648970393459364f,-0.9860365705758918f,0.030518937257223176f,0.16370850911184798f,-0.3120338213317265f,0f,0f,0f,1f],start_interpolation:0}
execute if entity @s[tag=aj.assembler.bone.bone7] run data modify entity @s {} merge value {transformation:[0.16652892087242488f,0.06603534344363711f,0.9838228762990554f,-0.7925436855617434f,0f,0.9977549572268466f,-0.06697048102898391f,-0.234375f,-0.9860365705758918f,0.011152521936063893f,0.1661550563220992f,-0.19228058527597006f,0f,0f,0f,1f],start_interpolation:0}
execute if entity @s[tag=aj.assembler.bone.octagon2] run data modify entity @s {} merge value {transformation:[0.16652892087242488f,0f,0.9860365705758918f,-0.8593749999999999f,0f,1f,0f,-0.40625f,-0.9860365705758918f,0f,0.16652892087242488f,-0.171875f,0f,0f,0f,1f],start_interpolation:0}