execute if entity @s[tag=aj.assembler.bone.bone21] run data modify entity @s {} merge value {transformation:[-0.19259813455992858f,-0.9812777173481704f,1.2246467991473532e-16f,-0.5589797207871234f,-0.9812777173481704f,0.19259813455992858f,0f,0.8295397215112686f,-2.358646890105675e-17f,-1.2017186156250582e-16f,-1f,-1.93115625f,0f,0f,0f,1f],start_interpolation:0}
execute if entity @s[tag=aj.assembler.bone.arm4] run data modify entity @s {} merge value {transformation:[-0.9176766281873447f,-0.39732808367733813f,1.2246467991473532e-16f,-1.0437385595538116f,-0.39732808367733813f,0.9176766281873447f,0f,0.6196528239520789f,-1.1238297453619675e-16f,-4.86586565886804e-17f,-1f,-1.93115625f,0f,0f,0f,1f],start_interpolation:0}
execute if entity @s[tag=aj.assembler.bone.small_arm_base4] run data modify entity @s {} merge value {transformation:[-0.9939609554551796f,0.10973431109104587f,1.2246467991473532e-16f,-1.0603729280794225f,0.10973431109104587f,0.9939609554551796f,0f,0.6214892753343735f,-1.2172511025756306e-16f,1.3438577283428912e-17f,-1f,-1.83740625f,0f,0f,0f,1f],start_interpolation:0}
execute if entity @s[tag=aj.assembler.bone.bone25] run data modify entity @s {} merge value {transformation:[0.2789911060392287f,-0.9602936856769432f,1.2246467991473532e-16f,2.6414183864572156e-16f,-0.9602936856769432f,-0.2789911060392287f,0f,0.5000000000000001f,3.4166556500152125e-17f,-1.1760205884056828e-16f,-1f,-2.27490625f,0f,0f,0f,1f],start_interpolation:0}
execute if entity @s[tag=aj.assembler.bone.bone16] run data modify entity @s {} merge value {transformation:[0.4853509575592263f,-0.8743194198897463f,1.2246467991473532e-16f,-0.2607468031322625f,-0.8743194198897463f,-0.4853509575592263f,0f,-0.034684406669708845f,5.943834966380093e-17f,-1.0707324790003484e-16f,-1f,-1.93115625f,0f,0f,0f,1f],start_interpolation:0}
execute if entity @s[tag=aj.assembler.bone.arm3] run data modify entity @s {} merge value {transformation:[0.26709909488401046f,-0.9636690684628944f,1.2246467991473532e-16f,-0.11965282395207887f,-0.9636690684628944f,-0.26709909488401046f,0f,-0.5437385595538118f,3.271020516048586e-17f,-1.180154240130395e-16f,-1f,-1.93115625f,0f,0f,0f,1f],start_interpolation:0}
execute if entity @s[tag=aj.assembler.bone.small_arm_base3] run data modify entity @s {} merge value {transformation:[-0.10973431109104609f,-0.9939609554551797f,1.2246467991473532e-16f,-0.12148927533437344f,-0.9939609554551797f,0.10973431109104609f,0f,-0.5603729280794226f,-1.3438577283428937e-17f,-1.2172511025756306e-16f,-1f,-1.83740625f,0f,0f,0f,1f],start_interpolation:0}
execute if entity @s[tag=aj.assembler.bone.bone15] run data modify entity @s {} merge value {transformation:[0.9602936856769433f,0.2789911060392285f,1.2246467991473532e-16f,2.6414183864572156e-16f,0.2789911060392285f,-0.9602936856769433f,0f,0.5000000000000001f,1.1760205884056828e-16f,3.41665565001521e-17f,-1f,-2.27490625f,0f,0f,0f,1f],start_interpolation:0}
execute if entity @s[tag=aj.assembler.bone.bone26] run data modify entity @s {} merge value {transformation:[-0.5459849880930543f,-0.8377949586724829f,1.2246467991473532e-16f,0.38626294639721115f,-0.8377949586724829f,0.5459849880930543f,0f,1.0877093015678343f,-6.68638768050665e-17f,-1.0260029144800453e-16f,-1f,-1.93115625f,0f,0f,0f,1f],start_interpolation:0}
execute if entity @s[tag=aj.assembler.bone.arm5] run data modify entity @s {} merge value {transformation:[-0.5047084418894292f,0.8632898636527273f,1.2246467991473532e-16f,0.11965282395207875f,0.8632898636527273f,0.5047084418894292f,0f,1.5437385595538118f,-6.180895778625375e-17f,1.0572251682586677e-16f,-1f,-1.93115625f,0f,0f,0f,1f],start_interpolation:0}
execute if entity @s[tag=aj.assembler.bone.small_arm_base5] run data modify entity @s {} merge value {transformation:[0.10973431109104559f,0.9939609554551796f,1.2246467991473532e-16f,0.1214892753343733f,0.9939609554551796f,-0.10973431109104559f,0f,1.5603729280794227f,1.3438577283428888e-17f,1.2172511025756309e-16f,-1f,-1.83740625f,0f,0f,0f,1f],start_interpolation:0}
execute if entity @s[tag=aj.assembler.bone.bone20] run data modify entity @s {} merge value {transformation:[-0.9602936856769431f,-0.27899110603922894f,1.2246467991473532e-16f,2.6414183864572156e-16f,-0.27899110603922894f,0.9602936856769431f,0f,0.5000000000000001f,-1.1760205884056828e-16f,-3.416655650015215e-17f,-1f,-2.27490625f,0f,0f,0f,1f],start_interpolation:0}
execute if entity @s[tag=aj.assembler.bone.bone11] run data modify entity @s {} merge value {transformation:[0.9137898956145324f,-0.4061871818174252f,1.2246467991473532e-16f,0.5338928437312146f,-0.4061871818174252f,-0.9137898956145324f,0f,0.24214085351963385f,1.119069870757531e-16f,-4.974358320673936e-17f,-1f,-1.93115625f,0f,0f,0f,1f],start_interpolation:0}
execute if entity @s[tag=aj.assembler.bone.arm2] run data modify entity @s {} merge value {transformation:[-0.9651675430657375f,-0.26163259317685894f,1.2246467991473532e-16f,1.043738559553812f,-0.26163259317685894f,0.9651675430657375f,0f,0.3803471760479213f,-1.1819893422563705e-16f,-3.2040751778666204e-17f,-1f,-1.93115625f,0f,0f,0f,1f],start_interpolation:0}
execute if entity @s[tag=aj.assembler.bone.small_arm_base2] run data modify entity @s {} merge value {transformation:[-0.9939609554551796f,0.10973431109104587f,1.2246467991473532e-16f,1.060372928079423f,0.10973431109104587f,0.9939609554551796f,0f,0.37851072466562674f,-1.2172511025756306e-16f,1.3438577283428912e-17f,-1f,-1.83740625f,0f,0f,0f,1f],start_interpolation:0}
execute if entity @s[tag=aj.assembler.bone.bone2] run data modify entity @s {} merge value {transformation:[0.2789911060392287f,-0.9602936856769432f,1.2246467991473532e-16f,2.6414183864572156e-16f,-0.9602936856769432f,-0.2789911060392287f,0f,0.5000000000000001f,3.4166556500152125e-17f,-1.1760205884056828e-16f,-1f,-2.27490625f,0f,0f,0f,1f],start_interpolation:0}
execute if entity @s[tag=aj.assembler.bone.ring] run data modify entity @s {} merge value {transformation:[0.5019745210391241f,-1.7278076343293864f,2.2034447591230768e-16f,2.220446049250313e-16f,-1.7278076343293864f,-0.5019745210391241f,0f,0.5000000000000001f,6.147414904440891e-17f,-2.1159540889238435e-16f,-1.7992491881391441f,-1.93115625f,0f,0f,0f,1f],start_interpolation:0}
execute if entity @s[tag=aj.assembler.bone.wheel] run data modify entity @s {} merge value {transformation:[-1f,-3.7843667304341327e-17f,1.164708318489093e-16f,1.0625000000000002f,0f,0.9510565162951541f,0.309016994374946f,-0.6249999999999999f,-1.2246467991473532e-16f,0.309016994374946f,-0.9510565162951541f,-2.05615625f,0f,0f,0f,1f],start_interpolation:0}
execute if entity @s[tag=aj.assembler.bone.wheel2] run data modify entity @s {} merge value {transformation:[-1f,-3.7843667304341327e-17f,1.164708318489093e-16f,1.0625000000000002f,0f,0.9510565162951541f,0.309016994374946f,-0.6249999999999999f,-1.2246467991473532e-16f,0.309016994374946f,-0.9510565162951541f,-1.8061562499999997f,0f,0f,0f,1f],start_interpolation:0}
execute if entity @s[tag=aj.assembler.bone.rails] run data modify entity @s {} merge value {transformation:[-1.137300743709099f,0f,1.3927917154512523e-16f,-0.43749999999999983f,0f,1.137300743709099f,0f,-0.9999999999999999f,-1.3927917154512523e-16f,0f,-1.137300743709099f,-1.49365625f,0f,0f,0f,1f],start_interpolation:0}
execute if entity @s[tag=aj.assembler.bone.wheel3] run data modify entity @s {} merge value {transformation:[-1f,-3.7843667304341327e-17f,1.164708318489093e-16f,-1.0625f,0f,0.9510565162951541f,0.309016994374946f,-0.6249999999999999f,-1.2246467991473532e-16f,0.309016994374946f,-0.9510565162951541f,-1.8061562500000001f,0f,0f,0f,1f],start_interpolation:0}
execute if entity @s[tag=aj.assembler.bone.wheel4] run data modify entity @s {} merge value {transformation:[-1f,-3.7843667304341327e-17f,1.164708318489093e-16f,-1.0625f,0f,0.9510565162951541f,0.309016994374946f,-0.6249999999999999f,-1.2246467991473532e-16f,0.309016994374946f,-0.9510565162951541f,-2.05615625f,0f,0f,0f,1f],start_interpolation:0}
execute if entity @s[tag=aj.assembler.bone.rails2] run data modify entity @s {} merge value {transformation:[-1.2038220325092979f,0f,1.4742567988555726e-16f,0.4375000000000001f,0f,1.2038220325092979f,0f,-0.9999999999999999f,-1.4742567988555726e-16f,0f,-1.2038220325092979f,-1.49365625f,0f,0f,0f,1f],start_interpolation:0}
execute if entity @s[tag=aj.assembler.bone.bone6] run data modify entity @s {} merge value {transformation:[0.16498940670784978f,-0.43924453832319776f,-0.8830870462346465f,0.33084798169416363f,0f,0.8953576189022183f,-0.4453478800597911f,0.3639740792971465f,0.986295338970124f,0.07347768250966358f,0.14772452233403005f,0.01159069433076286f,0f,0f,0f,1f],start_interpolation:0}
execute if entity @s[tag=aj.assembler.bone.bone5] run data modify entity @s {} merge value {transformation:[0.16498940670784978f,-0.5900640492575286f,-0.790318235553249f,0.22439062720624925f,0f,0.8012997773856342f,-0.598263041447266f,0.2876488389336759f,0.986295338970124f,0.09870706426361818f,0.1322059748659879f,0.029399088087331438f,0f,0f,0f,1f],start_interpolation:0}
execute if entity @s[tag=aj.assembler.bone.bone4] run data modify entity @s {} merge value {transformation:[0.16498940670784978f,-0.5900640492575286f,-0.790318235553249f,0.9227004530894722f,0f,0.8012997773856342f,-0.598263041447266f,0.2764827528210807f,0.986295338970124f,0.09870706426361818f,0.1322059748659879f,-0.27752086976913004f,0f,0f,0f,1f],start_interpolation:0}
execute if entity @s[tag=aj.assembler.bone.bone3] run data modify entity @s {} merge value {transformation:[0.16498940670784978f,-0.4845599357736238f,-0.8590577188508659f,0.792575622354747f,0f,0.8709944018876559f,-0.4912929389685594f,-0.234375f,0.986295338970124f,0.08105813052017848f,0.14370484961330282f,-0.19238489142357565f,0f,0f,0f,1f],start_interpolation:0}
execute if entity @s[tag=aj.assembler.bone.octagon] run data modify entity @s {} merge value {transformation:[0.16498940670784978f,0f,-0.986295338970124f,0.859375f,0f,1f,0f,-0.40625f,0.986295338970124f,0f,0.16498940670784978f,-0.1718749999999999f,0f,0f,0f,1f],start_interpolation:0}
execute if entity @s[tag=aj.assembler.bone.bone10] run data modify entity @s {} merge value {transformation:[0.08713807583615164f,0.7852830287839256f,0.6129743228256119f,-0.6336890429965836f,0f,0.6153148305575178f,-0.7882814594394397f,0.3825527179231916f,-0.9961962435883671f,0.0686893295928662f,0.053617350368229795f,-0.05802610650489254f,0f,0f,0f,1f],start_interpolation:0}
execute if entity @s[tag=aj.assembler.bone.bone9] run data modify entity @s {} merge value {transformation:[0.08713807583615164f,0.3461899334867116f,0.9341089260316698f,-0.5090622898680874f,0f,0.9376756156667941f,-0.34751178366193364f,0.33983052519888807f,-0.9961962435883671f,0.030281508158689897f,0.0817072489076833f,-0.04712490552645204f,0f,0f,0f,1f],start_interpolation:0}
execute if entity @s[tag=aj.assembler.bone.bone8] run data modify entity @s {} merge value {transformation:[0.08713807583615164f,0.3461899334867116f,0.9341089260316698f,-1.171151092233362f,0f,0.9376756156667941f,-0.34751178366193364f,0.13175296760643151f,-0.9961962435883671f,0.030281508158689897f,0.0817072489076833f,-0.2932542659299501f,0f,0f,0f,1f],start_interpolation:0}
execute if entity @s[tag=aj.assembler.bone.bone7] run data modify entity @s {} merge value {transformation:[0.08713807583615164f,-0.02329632808680503f,0.9959238107592595f,-0.7943896699058473f,0f,0.9997265269460098f,0.02338527999552584f,-0.234375f,-0.9961962435883671f,-0.002037748301699771f,0.0871142459204339f,-0.197560002872377f,0f,0f,0f,1f],start_interpolation:0}
execute if entity @s[tag=aj.assembler.bone.octagon2] run data modify entity @s {} merge value {transformation:[0.08713807583615164f,0f,0.9961962435883671f,-0.8593749999999999f,0f,1f,0f,-0.40625f,-0.9961962435883671f,0f,0.08713807583615164f,-0.171875f,0f,0f,0f,1f],start_interpolation:0}