execute if entity @s[tag=aj.assembler.bone.bone21] run data modify entity @s {} merge value {transformation:[0.8031256963375241f,0.5958096305720202f,1.2246467991473532e-16f,-0.1569242080349793f,0.5958096305720202f,-0.8031256963375241f,0f,-0.05996363767686763f,9.835453133327379e-17f,7.296563569811916e-17f,-1f,-1.7485f,0f,0f,0f,1f],start_interpolation:0}
execute if entity @s[tag=aj.assembler.bone.arm4] run data modify entity @s {} merge value {transformation:[-0.8017756442437535f,-0.5976251469755217f,1.2246467991473532e-16f,-0.5804588370281328f,-0.5976251469755217f,0.8017756442437535f,0f,-0.3756566207681639f,-9.818919763574197e-17f,-7.318797233335392e-17f,-1f,-1.7485f,0f,0f,0f,1f],start_interpolation:0}
execute if entity @s[tag=aj.assembler.bone.small_arm_base4] run data modify entity @s {} merge value {transformation:[-0.5490228179981311f,-0.8358073613682706f,1.2246467991473532e-16f,-0.5896469724709059f,-0.8358073613682706f,0.5490228179981311f,0f,-0.38964422016944156f,-6.723590367202711e-17f,-1.0235688098034477e-16f,-1f,-1.65475f,0f,0f,0f,1f],start_interpolation:0}
execute if entity @s[tag=aj.assembler.bone.bone25] run data modify entity @s {} merge value {transformation:[0.9822872507286886f,-0.1873813145857239f,1.2246467991473532e-16f,2.6414183864572156e-16f,-0.1873813145857239f,-0.9822872507286886f,0f,0.5000000000000001f,1.202954937448142e-16f,-2.2947592712743002e-17f,-1f,-2.09225f,0f,0f,0f,1f],start_interpolation:0}
execute if entity @s[tag=aj.assembler.bone.bone16] run data modify entity @s {} merge value {transformation:[0.29271723458633614f,0.9561990486170374f,1.2246467991473532e-16f,0.4232571450246408f,0.9561990486170374f,-0.29271723458633614f,0f,0.19226511842212599f,3.5847522439142144e-17f,1.1710061042365993e-16f,-1f,-1.7485f,0f,0f,0f,1f],start_interpolation:0}
execute if entity @s[tag=aj.assembler.bone.arm3] run data modify entity @s {} merge value {transformation:[0.8564184751128419f,-0.5162822827537226f,1.2246467991473532e-16f,0.8756566207681642f,-0.5162822827537226f,-0.8564184751128419f,0f,-0.0804588370281332f,1.0488101442775989e-16f,-6.32263445030835e-17f,-1f,-1.7485f,0f,0f,0f,1f],start_interpolation:0}
execute if entity @s[tag=aj.assembler.bone.small_arm_base3] run data modify entity @s {} merge value {transformation:[0.8358073613682705f,-0.5490228179981314f,1.2246467991473532e-16f,0.8896442201694419f,-0.5490228179981314f,-0.8358073613682705f,0f,-0.08964697247090625f,1.0235688098034476e-16f,-6.723590367202713e-17f,-1f,-1.65475f,0f,0f,0f,1f],start_interpolation:0}
execute if entity @s[tag=aj.assembler.bone.bone15] run data modify entity @s {} merge value {transformation:[0.18738131458572413f,0.9822872507286886f,1.2246467991473532e-16f,2.6414183864572156e-16f,0.9822872507286886f,-0.18738131458572413f,0f,0.5000000000000001f,2.294759271274303e-17f,1.202954937448142e-16f,-1f,-2.09225f,0f,0f,0f,1f],start_interpolation:0}
execute if entity @s[tag=aj.assembler.bone.bone26] run data modify entity @s {} merge value {transformation:[-0.7253005173320295f,0.6884323928737592f,1.2246467991473532e-16f,-0.37799738780058867f,0.6884323928737592f,0.7253005173320295f,0f,0.9033178497564847f,-8.882369569705895e-17f,8.430865263622025e-17f,-1f,-1.7485f,0f,0f,0f,1f],start_interpolation:0}
execute if entity @s[tag=aj.assembler.bone.arm5] run data modify entity @s {} merge value {transformation:[-0.9420978234412087f,0.33533817418739653f,1.2246467991473532e-16f,-0.8756566207681639f,0.33533817418739653f,0.9420978234412087f,0f,1.0804588370281332f,-1.1537370839609647e-16f,4.106708216505127e-17f,-1f,-1.7485f,0f,0f,0f,1f],start_interpolation:0}
execute if entity @s[tag=aj.assembler.bone.small_arm_base5] run data modify entity @s {} merge value {transformation:[-0.8358073613682706f,0.5490228179981309f,1.2246467991473532e-16f,-0.8896442201694416f,0.5490228179981309f,0.8358073613682706f,0f,1.0896469724709061f,-1.0235688098034478e-16f,6.723590367202708e-17f,-1f,-1.65475f,0f,0f,0f,1f],start_interpolation:0}
execute if entity @s[tag=aj.assembler.bone.bone20] run data modify entity @s {} merge value {transformation:[-0.18738131458572369f,-0.9822872507286886f,1.2246467991473532e-16f,2.6414183864572156e-16f,-0.9822872507286886f,0.18738131458572369f,0f,0.5000000000000001f,-2.2947592712742974e-17f,-1.202954937448142e-16f,-1f,-2.09225f,0f,0f,0f,1f],start_interpolation:0}
execute if entity @s[tag=aj.assembler.bone.bone11] run data modify entity @s {} merge value {transformation:[0.7245843991267686f,-0.6891860768632079f,1.2246467991473532e-16f,0.14139221840309024f,-0.6891860768632079f,-0.7245843991267686f,0f,1.0819490349985408f,8.873599651027054e-17f,-8.440095230474492e-17f,-1f,-1.7485f,0f,0f,0f,1f],start_interpolation:0}
execute if entity @s[tag=aj.assembler.bone.arm2] run data modify entity @s {} merge value {transformation:[-0.8311786024460137f,-0.5560055133142939f,1.2246467991473532e-16f,0.5804588370281333f,-0.5560055133142939f,0.8311786024460137f,0f,1.3756566207681642f,-1.017900215005281e-16f,-6.809103721886311e-17f,-1f,-1.7485f,0f,0f,0f,1f],start_interpolation:0}
execute if entity @s[tag=aj.assembler.bone.small_arm_base2] run data modify entity @s {} merge value {transformation:[-0.5490228179981311f,-0.8358073613682706f,1.2246467991473532e-16f,0.5896469724709064f,-0.8358073613682706f,0.5490228179981311f,0f,1.389644220169442f,-6.723590367202711e-17f,-1.0235688098034477e-16f,-1f,-1.65475f,0f,0f,0f,1f],start_interpolation:0}
execute if entity @s[tag=aj.assembler.bone.bone2] run data modify entity @s {} merge value {transformation:[0.9822872507286886f,-0.1873813145857239f,1.2246467991473532e-16f,2.6414183864572156e-16f,-0.1873813145857239f,-0.9822872507286886f,0f,0.5000000000000001f,1.202954937448142e-16f,-2.2947592712743002e-17f,-1f,-2.09225f,0f,0f,0f,1f],start_interpolation:0}
execute if entity @s[tag=aj.assembler.bone.ring] run data modify entity @s {} merge value {transformation:[1.7673795383930249f,-0.3371456781408093f,2.2034447591230768e-16f,2.220446049250313e-16f,-0.3371456781408093f,-1.7673795383930249f,0f,0.5000000000000001f,2.1644156945715445e-16f,-4.1288437558150585e-17f,-1.7992491881391441f,-1.7485000000000002f,0f,0f,0f,1f],start_interpolation:0}
execute if entity @s[tag=aj.assembler.bone.wheel] run data modify entity @s {} merge value {transformation:[-1f,-1.1647083184890928e-16f,-3.7843667304341425e-17f,1.0625000000000002f,0f,-0.3090169943749468f,0.9510565162951539f,-0.6249999999999999f,-1.2246467991473532e-16f,0.9510565162951539f,0.3090169943749468f,-1.8735f,0f,0f,0f,1f],start_interpolation:0}
execute if entity @s[tag=aj.assembler.bone.wheel2] run data modify entity @s {} merge value {transformation:[-1f,-1.1647083184890928e-16f,-3.7843667304341425e-17f,1.0625000000000002f,0f,-0.3090169943749468f,0.9510565162951539f,-0.6249999999999999f,-1.2246467991473532e-16f,0.9510565162951539f,0.3090169943749468f,-1.6235f,0f,0f,0f,1f],start_interpolation:0}
execute if entity @s[tag=aj.assembler.bone.rails] run data modify entity @s {} merge value {transformation:[-1.137300743709099f,0f,1.3927917154512523e-16f,-0.43749999999999983f,0f,1.137300743709099f,0f,-0.9999999999999999f,-1.3927917154512523e-16f,0f,-1.137300743709099f,-1.3110000000000002f,0f,0f,0f,1f],start_interpolation:0}
execute if entity @s[tag=aj.assembler.bone.wheel3] run data modify entity @s {} merge value {transformation:[-1f,-1.1647083184890928e-16f,-3.7843667304341425e-17f,-1.0625f,0f,-0.3090169943749468f,0.9510565162951539f,-0.6249999999999999f,-1.2246467991473532e-16f,0.9510565162951539f,0.3090169943749468f,-1.6235000000000002f,0f,0f,0f,1f],start_interpolation:0}
execute if entity @s[tag=aj.assembler.bone.wheel4] run data modify entity @s {} merge value {transformation:[-1f,-1.1647083184890928e-16f,-3.7843667304341425e-17f,-1.0625f,0f,-0.3090169943749468f,0.9510565162951539f,-0.6249999999999999f,-1.2246467991473532e-16f,0.9510565162951539f,0.3090169943749468f,-1.8735000000000002f,0f,0f,0f,1f],start_interpolation:0}
execute if entity @s[tag=aj.assembler.bone.rails2] run data modify entity @s {} merge value {transformation:[-1.2038220325092979f,0f,1.4742567988555726e-16f,0.4375000000000001f,0f,1.2038220325092979f,0f,-0.9999999999999999f,-1.4742567988555726e-16f,0f,-1.2038220325092979f,-1.311f,0f,0f,0f,1f],start_interpolation:0}
execute if entity @s[tag=aj.assembler.bone.bone6] run data modify entity @s {} merge value {transformation:[-0.2618031992521186f,-0.9574534022600236f,-0.12141691546922567f,-0.2111378671606194f,0f,0.12580482681446586f,-0.9920550113527891f,0.28739258461880096f,0.9651212798717868f,-0.259723175806257f,-0.03293610614138584f,-0.365129150906284f,0f,0f,0f,1f],start_interpolation:0}
execute if entity @s[tag=aj.assembler.bone.bone5] run data modify entity @s {} merge value {transformation:[-0.2618031992521186f,-0.6784483933946701f,-0.6864159543320266f,-0.30416615240737044f,0f,0.7112224843112098f,-0.7029669820199175f,0.19692287435467315f,0.9651212798717868f,-0.18403900486142094f,-0.18620032177271442f,-0.3903644277636895f,0f,0f,0f,1f],start_interpolation:0}
execute if entity @s[tag=aj.assembler.bone.bone4] run data modify entity @s {} merge value {transformation:[-0.2618031992521186f,-0.6784483933946701f,-0.6864159543320266f,0.9276936551637303f,0f,0.7112224843112098f,-0.7029669820199175f,0.28487152825188355f,0.9651212798717868f,-0.18403900486142094f,-0.18620032177271442f,-0.25048062096362783f,0f,0f,0f,1f],start_interpolation:0}
execute if entity @s[tag=aj.assembler.bone.bone3] run data modify entity @s {} merge value {transformation:[-0.2618031992521186f,-0.5293882515861451f,-0.8069740788550275f,0.807236269984642f,0f,0.8361374841535266f,-0.5485199245181628f,-0.234375f,0.9651212798717868f,-0.14360427109238563f,-0.21890346836601088f,-0.21839773994925063f,0f,0f,0f,1f],start_interpolation:0}
execute if entity @s[tag=aj.assembler.bone.octagon] run data modify entity @s {} merge value {transformation:[-0.2618031992521186f,0f,-0.9651212798717868f,0.859375f,0f,1f,0f,-0.40625f,0.9651212798717868f,0f,-0.2618031992521186f,-0.1718749999999999f,0f,0f,0f,1f],start_interpolation:0}
execute if entity @s[tag=aj.assembler.bone.bone10] run data modify entity @s {} merge value {transformation:[-0.9827700238731089f,0.005948355865461649f,0.18473683238311428f,-0.5522592398383745f,0f,0.9994820123997187f,-0.03218240030527181f,0.8641788822778759f,-0.18483257336424505f,-0.0316278983163058f,-0.9822609611868145f,-1.297619013398557f,0f,0f,0f,1f],start_interpolation:0}
execute if entity @s[tag=aj.assembler.bone.bone9] run data modify entity @s {} merge value {transformation:[-0.9827700238731089f,0.04749763379459718f,0.17862546000042484f,-0.5284912959982322f,0f,0.9664176435417149f,-0.2569765324913524f,0.8335192724405335f,-0.18483257336424505f,-0.252548832971355f,-0.9497662906148848f,-1.4239951294155078f,0f,0f,0f,1f],start_interpolation:0}
execute if entity @s[tag=aj.assembler.bone.bone8] run data modify entity @s {} merge value {transformation:[-0.9827700238731089f,0.04749763379459718f,0.17862546000042484f,-0.9220010680691003f,0f,0.9664176435417149f,-0.2569765324913524f,0.286980704848367f,-0.18483257336424505f,-0.252548832971355f,-0.9497662906148848f,-0.3461028268516536f,0f,0f,0f,1f],start_interpolation:0}
execute if entity @s[tag=aj.assembler.bone.bone7] run data modify entity @s {} merge value {transformation:[-0.9827700238731089f,0.15242680319865562f,0.10454257430868699f,-0.8785345274107692f,0f,0.5656068754865382f,-0.8246750041091071f,-0.234375f,-0.18483257336424505f,-0.8104658734758633f,-0.5558614825246997f,-0.23907414440970196f,0f,0f,0f,1f],start_interpolation:0}
execute if entity @s[tag=aj.assembler.bone.octagon2] run data modify entity @s {} merge value {transformation:[-0.9827700238731089f,0f,0.18483257336424505f,-0.8593749999999999f,0f,1f,0f,-0.40625f,-0.18483257336424505f,0f,-0.9827700238731089f,-0.171875f,0f,0f,0f,1f],start_interpolation:0}