execute if entity @s[tag=aj.assembler.bone.bone21] run data modify entity @s {} merge value {transformation:[0.13082099494539992f,-0.9914060052680214f,1.2246467991473532e-16f,-0.7346667617771699f,-0.9914060052680214f,-0.13082099494539992f,0f,0.5713758367313758f,1.6020951272115615e-17f,-1.2141221910069463e-16f,-1f,-1.1535000000000002f,0f,0f,0f,1f],start_interpolation:0}
execute if entity @s[tag=aj.assembler.bone.arm4] run data modify entity @s {} merge value {transformation:[-0.2669019893203752f,0.9637236782900099f,1.2246467991473532e-16f,-0.8756566207681634f,0.9637236782900099f,0.2669019893203752f,0f,1.0804588370281345f,-3.268606669072585e-17f,1.180221117880374e-16f,-1f,-1.1535000000000002f,0f,0f,0f,1f],start_interpolation:0}
execute if entity @s[tag=aj.assembler.bone.small_arm_base4] run data modify entity @s {} merge value {transformation:[-0.83580736136827f,0.5490228179981322f,1.2246467991473532e-16f,-0.8896442201694411f,0.5490228179981322f,0.83580736136827f,0f,1.0896469724709075f,-1.0235688098034471e-16f,6.723590367202724e-17f,-1f,-1.0597500000000002f,0f,0f,0f,1f],start_interpolation:0}
execute if entity @s[tag=aj.assembler.bone.bone25] run data modify entity @s {} merge value {transformation:[-0.18738131458572516f,-0.9822872507286886f,1.2246467991473532e-16f,1.531195361832059e-16f,-0.9822872507286886f,0.18738131458572516f,0f,0.5000000000000001f,-2.2947592712743156e-17f,-1.202954937448142e-16f,-1f,-1.4972500000000002f,0f,0f,0f,1f],start_interpolation:0}
execute if entity @s[tag=aj.assembler.bone.bone16] run data modify entity @s {} merge value {transformation:[-0.33906632894726707f,-0.9407624697947f,1.2246467991473532e-16f,-0.6042374414715924f,-0.9407624697947f,0.33906632894726707f,0f,0.15205373491966218f,-4.152364944439141e-17f,-1.152101747392038e-16f,-1f,-1.1535000000000002f,0f,0f,0f,1f],start_interpolation:0}
execute if entity @s[tag=aj.assembler.bone.arm3] run data modify entity @s {} merge value {transformation:[0.045014278861195856f,-0.9989863435996544f,1.2246467991473532e-16f,-0.5804588370281344f,-0.9989863435996544f,-0.045014278861195856f,0f,-0.37565662076816336f,5.51265925232899e-18f,-1.2234054280812346e-16f,-1f,-1.1535000000000002f,0f,0f,0f,1f],start_interpolation:0}
execute if entity @s[tag=aj.assembler.bone.small_arm_base3] run data modify entity @s {} merge value {transformation:[-0.5490228179981325f,-0.83580736136827f,1.2246467991473532e-16f,-0.5896469724709075f,-0.83580736136827f,0.5490228179981325f,0f,-0.389644220169441f,-6.723590367202727e-17f,-1.023568809803447e-16f,-1f,-1.0597500000000002f,0f,0f,0f,1f],start_interpolation:0}
execute if entity @s[tag=aj.assembler.bone.bone15] run data modify entity @s {} merge value {transformation:[0.9822872507286886f,-0.18738131458572538f,1.2246467991473532e-16f,1.531195361832059e-16f,-0.18738131458572538f,-0.9822872507286886f,0f,0.5000000000000001f,1.202954937448142e-16f,-2.2947592712743184e-17f,-1f,-1.4972500000000002f,0f,0f,0f,1f],start_interpolation:0}
execute if entity @s[tag=aj.assembler.bone.bone26] run data modify entity @s {} merge value {transformation:[0.19461233062650135f,0.9808802377294189f,1.2246467991473532e-16f,0.5107255064696566f,0.9808802377294189f,-0.19461233062650135f,0f,0.8520337563526841f,2.383313677763512e-17f,1.2012318434822274e-16f,-1f,-1.1535000000000002f,0f,0f,0f,1f],start_interpolation:0}
execute if entity @s[tag=aj.assembler.bone.arm5] run data modify entity @s {} merge value {transformation:[0.13200924365192762f,0.9912484852903666f,1.2246467991473532e-16f,0.5804588370281342f,0.9912484852903666f,-0.13200924365192762f,0f,1.3756566207681638f,1.6166469769619613e-17f,1.2139292846705095e-16f,-1f,-1.1535000000000002f,0f,0f,0f,1f],start_interpolation:0}
execute if entity @s[tag=aj.assembler.bone.small_arm_base5] run data modify entity @s {} merge value {transformation:[0.549022817998132f,0.8358073613682702f,1.2246467991473532e-16f,0.5896469724709072f,0.8358073613682702f,-0.549022817998132f,0f,1.3896442201694414f,6.723590367202722e-17f,1.0235688098034472e-16f,-1f,-1.0597500000000002f,0f,0f,0f,1f],start_interpolation:0}
execute if entity @s[tag=aj.assembler.bone.bone20] run data modify entity @s {} merge value {transformation:[-0.9822872507286886f,0.18738131458572493f,1.2246467991473532e-16f,1.531195361832059e-16f,0.18738131458572493f,0.9822872507286886f,0f,0.5000000000000001f,-1.202954937448142e-16f,2.2947592712743128e-17f,-1f,-1.4972500000000002f,0f,0f,0f,1f],start_interpolation:0}
execute if entity @s[tag=aj.assembler.bone.bone11] run data modify entity @s {} merge value {transformation:[-0.9957144252681397f,0.09248125925255524f,1.2246467991473532e-16f,0.3535490359014355f,0.09248125925255524f,0.9957144252681397f,0f,-0.16075398852610454f,-1.2193984837694735e-16f,1.1325687812475823e-17f,-1f,-1.1535000000000002f,0f,0f,0f,1f],start_interpolation:0}
execute if entity @s[tag=aj.assembler.bone.arm2] run data modify entity @s {} merge value {transformation:[-0.9883799731233738f,-0.15200338393811869f,1.2246467991473532e-16f,0.8756566207681636f,-0.15200338393811869f,0.9883799731233738f,0f,-0.08045883702813418f,-1.2104163704268865e-16f,-1.861504575993833e-17f,-1f,-1.1535000000000002f,0f,0f,0f,1f],start_interpolation:0}
execute if entity @s[tag=aj.assembler.bone.small_arm_base2] run data modify entity @s {} merge value {transformation:[-0.83580736136827f,0.5490228179981322f,1.2246467991473532e-16f,0.8896442201694413f,0.5490228179981322f,0.83580736136827f,0f,-0.08964697247090725f,-1.0235688098034471e-16f,6.723590367202724e-17f,-1f,-1.0597500000000002f,0f,0f,0f,1f],start_interpolation:0}
execute if entity @s[tag=aj.assembler.bone.bone2] run data modify entity @s {} merge value {transformation:[-0.18738131458572516f,-0.9822872507286886f,1.2246467991473532e-16f,1.531195361832059e-16f,-0.9822872507286886f,0.18738131458572516f,0f,0.5000000000000001f,-2.2947592712743156e-17f,-1.202954937448142e-16f,-1f,-1.4972500000000002f,0f,0f,0f,1f],start_interpolation:0}
execute if entity @s[tag=aj.assembler.bone.ring] run data modify entity @s {} merge value {transformation:[-0.33714567814081153f,-1.7673795383930249f,2.2034447591230768e-16f,1.1102230246251565e-16f,-1.7673795383930249f,0.33714567814081153f,0f,0.5000000000000001f,-4.128843755815086e-17f,-2.1644156945715445e-16f,-1.7992491881391441f,-1.1535000000000002f,0f,0f,0f,1f],start_interpolation:0}
execute if entity @s[tag=aj.assembler.bone.wheel] run data modify entity @s {} merge value {transformation:[-1f,1.1647083184890928e-16f,3.784366730434141e-17f,1.0625f,0f,0.3090169943749467f,-0.9510565162951539f,-0.6249999999999999f,-1.2246467991473532e-16f,-0.9510565162951539f,-0.3090169943749467f,-1.2785f,0f,0f,0f,1f],start_interpolation:0}
execute if entity @s[tag=aj.assembler.bone.wheel2] run data modify entity @s {} merge value {transformation:[-1f,1.1647083184890928e-16f,3.784366730434141e-17f,1.0625f,0f,0.3090169943749467f,-0.9510565162951539f,-0.6249999999999999f,-1.2246467991473532e-16f,-0.9510565162951539f,-0.3090169943749467f,-1.0285f,0f,0f,0f,1f],start_interpolation:0}
execute if entity @s[tag=aj.assembler.bone.rails] run data modify entity @s {} merge value {transformation:[-1.137300743709099f,0f,1.3927917154512523e-16f,-0.43749999999999994f,0f,1.137300743709099f,0f,-0.9999999999999999f,-1.3927917154512523e-16f,0f,-1.137300743709099f,-0.7160000000000002f,0f,0f,0f,1f],start_interpolation:0}
execute if entity @s[tag=aj.assembler.bone.wheel3] run data modify entity @s {} merge value {transformation:[-1f,1.1647083184890928e-16f,3.784366730434141e-17f,-1.0625f,0f,0.3090169943749467f,-0.9510565162951539f,-0.6249999999999999f,-1.2246467991473532e-16f,-0.9510565162951539f,-0.3090169943749467f,-1.0285000000000002f,0f,0f,0f,1f],start_interpolation:0}
execute if entity @s[tag=aj.assembler.bone.wheel4] run data modify entity @s {} merge value {transformation:[-1f,1.1647083184890928e-16f,3.784366730434141e-17f,-1.0625f,0f,0.3090169943749467f,-0.9510565162951539f,-0.6249999999999999f,-1.2246467991473532e-16f,-0.9510565162951539f,-0.3090169943749467f,-1.2785000000000002f,0f,0f,0f,1f],start_interpolation:0}
execute if entity @s[tag=aj.assembler.bone.rails2] run data modify entity @s {} merge value {transformation:[-1.2038220325092979f,0f,1.4742567988555726e-16f,0.4375f,0f,1.2038220325092979f,0f,-0.9999999999999999f,-1.4742567988555726e-16f,0f,-1.2038220325092979f,-0.7160000000000001f,0f,0f,0f,1f],start_interpolation:0}
execute if entity @s[tag=aj.assembler.bone.bone6] run data modify entity @s {} merge value {transformation:[-0.0462881082685689f,-0.1451935633912029f,-0.9883199078146114f,0.4649345485533029f,0f,0.9893803939238044f,-0.14534935885368747f,0.7433507415006189f,0.9989281310649517f,-0.006727946859386555f,-0.04579654679274439f,-0.09630189786156033f,0f,0f,0f,1f],start_interpolation:0}
execute if entity @s[tag=aj.assembler.bone.bone5] run data modify entity @s {} merge value {transformation:[-0.0462881082685689f,0.005617182899181006f,-0.9989123376398925f,0.3329453334936743f,0f,0.9999841896282946f,0.00562321024355622f,0.747508880563783f,0.9989281310649517f,0.0002602877645706582f,-0.046287376436371624f,-0.10241798458188342f,0f,0f,0f,1f],start_interpolation:0}
execute if entity @s[tag=aj.assembler.bone.bone4] run data modify entity @s {} merge value {transformation:[-0.0462881082685689f,0.005617182899181006f,-0.9989123376398925f,0.9393542154665797f,0f,0.9999841896282946f,0.00562321024355622f,0.27762596836270137f,0.9989281310649517f,0.0002602877645706582f,-0.046287376436371624f,-0.2620195365436331f,0f,0f,0f,1f],start_interpolation:0}
execute if entity @s[tag=aj.assembler.bone.bone3] run data modify entity @s {} merge value {transformation:[-0.0462881082685689f,-0.4978392758960506f,-0.8660331785839464f,0.7983884951918333f,0f,0.8669624487005618f,-0.49837346693330875f,-0.234375f,0.9989281310649517f,-0.023068764995591035f,-0.040130051690235216f,-0.2059845108625652f,0f,0f,0f,1f],start_interpolation:0}
execute if entity @s[tag=aj.assembler.bone.octagon] run data modify entity @s {} merge value {transformation:[-0.0462881082685689f,0f,-0.9989281310649517f,0.859375f,0f,1f,0f,-0.40625f,0.9989281310649517f,0f,-0.0462881082685689f,-0.1718749999999999f,0f,0f,0f,1f],start_interpolation:0}
execute if entity @s[tag=aj.assembler.bone.bone10] run data modify entity @s {} merge value {transformation:[-0.832865797933138f,-0.17281079901185953f,0.5258050878206486f,-0.500547504026997f,0f,0.950006954190302f,0.3122287414541868f,0.11045846767806292f,-0.553474988263424f,0.26004463988890053f,-0.7912282999437359f,-0.5424520867757552f,0f,0f,0f,1f],start_interpolation:0}
execute if entity @s[tag=aj.assembler.bone.bone9] run data modify entity @s {} merge value {transformation:[-0.832865797933138f,0.47414406918582647f,0.2855205146554334f,-0.46119612141646016f,0f,0.5158688661817925f,-0.8566675626544475f,-0.000990249502783258f,-0.553474988263424f,-0.713489113133633f,-0.4296495348613617f,-0.6016678081230369f,0f,0f,0f,1f],start_interpolation:0}
execute if entity @s[tag=aj.assembler.bone.bone8] run data modify entity @s {} merge value {transformation:[-0.832865797933138f,0.47414406918582647f,0.2855205146554334f,-0.9975923701691073f,0f,0.5158688661817925f,-0.8566675626544475f,0.2675781550817583f,-0.553474988263424f,-0.713489113133633f,-0.4296495348613617f,-0.1332706895122707f,0f,0f,0f,1f],start_interpolation:0}
execute if entity @s[tag=aj.assembler.bone.bone7] run data modify entity @s {} merge value {transformation:[-0.832865797933138f,0.24412017098443348f,0.4967292066626728f,-0.8508098694189464f,0f,0.8974736296959036f,-0.4410681171887853f,-0.234375f,-0.553474988263424f,-0.3673505493653045f,-0.7474750907206283f,-0.24122520575405312f,0f,0f,0f,1f],start_interpolation:0}
execute if entity @s[tag=aj.assembler.bone.octagon2] run data modify entity @s {} merge value {transformation:[-0.832865797933138f,0f,0.553474988263424f,-0.8593749999999999f,0f,1f,0f,-0.40625f,-0.553474988263424f,0f,-0.832865797933138f,-0.171875f,0f,0f,0f,1f],start_interpolation:0}