execute if entity @s[tag=aj.assembler.bone.bone21] run data modify entity @s {} merge value {transformation:[0.805561030210739f,0.592512807123874f,1.2246467991473532e-16f,-0.19835863891937555f,0.592512807123874f,-0.805561030210739f,0f,-0.023073109082212606f,9.86527737165426e-17f,7.25618912698065e-17f,-1f,-1.6909687500000006f,0f,0f,0f,1f],start_interpolation:0}
execute if entity @s[tag=aj.assembler.bone.arm4] run data modify entity @s {} merge value {transformation:[-0.7748642845793149f,-0.6321276299003126f,1.2246467991473532e-16f,-0.6076774547819993f,-0.6321276299003126f,0.7748642845793149f,0f,-0.356991884400806f,-9.489350658836619e-17f,-7.741330786100203e-17f,-1f,-1.6909687500000006f,0f,0f,0f,1f],start_interpolation:0}
execute if entity @s[tag=aj.assembler.bone.small_arm_base4] run data modify entity @s {} merge value {transformation:[-0.5750052520432786f,-0.8181497174250235f,1.2246467991473532e-16f,-0.6173004175494547f,-0.8181497174250235f,0.5750052520432786f,0f,-0.37068397545738063f,-7.041783414077183e-17f,-1.0019444326678665e-16f,-1f,-1.5972187500000006f,0f,0f,0f,1f],start_interpolation:0}
execute if entity @s[tag=aj.assembler.bone.bone25] run data modify entity @s {} merge value {transformation:[0.9759167619387474f,-0.2181432413965425f,1.2246467991473532e-16f,2.6414183864572156e-16f,-0.2181432413965425f,-0.9759167619387474f,0f,0.5000000000000001f,1.1951533387425365e-16f,-2.6714842233190418e-17f,-1f,-2.0347187500000006f,0f,0f,0f,1f],start_interpolation:0}
execute if entity @s[tag=aj.assembler.bone.bone16] run data modify entity @s {} merge value {transformation:[0.7171539204983448f,0.6969148113750017f,1.2246467991473532e-16f,0.41196993097471846f,0.6969148113750017f,-0.7171539204983448f,0f,0.17692595787898524f,8.782602532342733e-17f,8.534744930287769e-17f,-1f,-1.6909687500000006f,0f,0f,0f,1f],start_interpolation:0}
execute if entity @s[tag=aj.assembler.bone.arm3] run data modify entity @s {} merge value {transformation:[0.8424523970071476f,-0.5387707850068633f,1.2246467991473532e-16f,0.8569918844008062f,-0.5387707850068633f,-0.8424523970071476f,0f,-0.1076774547819996f,1.0317066314288184e-16f,-6.59803917332762e-17f,-1f,-1.6909687500000006f,0f,0f,0f,1f],start_interpolation:0}
execute if entity @s[tag=aj.assembler.bone.small_arm_base3] run data modify entity @s {} merge value {transformation:[0.8181497174250234f,-0.5750052520432788f,1.2246467991473532e-16f,0.8706839754573809f,-0.5750052520432788f,-0.8181497174250234f,0f,-0.11730041754945508f,1.0019444326678664e-16f,-7.041783414077185e-17f,-1f,-1.5972187500000006f,0f,0f,0f,1f],start_interpolation:0}
execute if entity @s[tag=aj.assembler.bone.bone15] run data modify entity @s {} merge value {transformation:[0.21814324139654273f,0.9759167619387474f,1.2246467991473532e-16f,2.6414183864572156e-16f,0.9759167619387474f,-0.21814324139654273f,0f,0.5000000000000001f,2.6714842233190445e-17f,1.1951533387425365e-16f,-1f,-2.0347187500000006f,0f,0f,0f,1f],start_interpolation:0}
execute if entity @s[tag=aj.assembler.bone.bone26] run data modify entity @s {} merge value {transformation:[-0.7274029703253173f,0.6862105498765707f,1.2246467991473532e-16f,-0.3639916101497811f,0.6862105498765707f,0.7274029703253173f,0f,0.9179556291586299f,-8.90811719299177e-17f,8.403655534474874e-17f,-1f,-1.6909687500000006f,0f,0f,0f,1f],start_interpolation:0}
execute if entity @s[tag=aj.assembler.bone.arm5] run data modify entity @s {} merge value {transformation:[-0.9332781440791048f,0.35915443166451666f,1.2246467991473532e-16f,-0.8569918844008059f,0.35915443166451666f,0.9332781440791048f,0f,1.1076774547819992f,-1.1429360918606579e-16f,4.398373251375371e-17f,-1f,-1.6909687500000006f,0f,0f,0f,1f],start_interpolation:0}
execute if entity @s[tag=aj.assembler.bone.small_arm_base5] run data modify entity @s {} merge value {transformation:[-0.8181497174250236f,0.5750052520432785f,1.2246467991473532e-16f,-0.8706839754573805f,0.5750052520432785f,0.8181497174250236f,0f,1.1173004175494547f,-1.0019444326678666e-16f,7.04178341407718e-17f,-1f,-1.5972187500000006f,0f,0f,0f,1f],start_interpolation:0}
execute if entity @s[tag=aj.assembler.bone.bone20] run data modify entity @s {} merge value {transformation:[-0.2181432413965423f,-0.9759167619387474f,1.2246467991473532e-16f,2.6414183864572156e-16f,-0.9759167619387474f,0.2181432413965423f,0f,0.5000000000000001f,-2.671484223319039e-17f,-1.1951533387425365e-16f,-1f,-2.0347187500000006f,0f,0f,0f,1f],start_interpolation:0}
execute if entity @s[tag=aj.assembler.bone.bone11] run data modify entity @s {} merge value {transformation:[0.6675007626800944f,-0.7446091134424102f,1.2246467991473532e-16f,0.16414551505382102f,-0.7446091134424102f,-0.6675007626800944f,0f,1.0700719304582318f,8.174526724445945e-17f,-9.118831673931964e-17f,-1f,-1.6909687500000006f,0f,0f,0f,1f],start_interpolation:0}
execute if entity @s[tag=aj.assembler.bone.arm2] run data modify entity @s {} merge value {transformation:[-0.8396317145628029f,-0.5431561321575298f,1.2246467991473532e-16f,0.6076774547819997f,-0.5431561321575298f,0.8396317145628029f,0f,1.3569918844008062f,-1.0282522917019409e-16f,-6.651744186839754e-17f,-1f,-1.6909687500000006f,0f,0f,0f,1f],start_interpolation:0}
execute if entity @s[tag=aj.assembler.bone.small_arm_base2] run data modify entity @s {} merge value {transformation:[-0.5750052520432786f,-0.8181497174250235f,1.2246467991473532e-16f,0.6173004175494552f,-0.8181497174250235f,0.5750052520432786f,0f,1.3706839754573807f,-7.041783414077183e-17f,-1.0019444326678665e-16f,-1f,-1.5972187500000006f,0f,0f,0f,1f],start_interpolation:0}
execute if entity @s[tag=aj.assembler.bone.bone2] run data modify entity @s {} merge value {transformation:[0.9759167619387474f,-0.2181432413965425f,1.2246467991473532e-16f,2.6414183864572156e-16f,-0.2181432413965425f,-0.9759167619387474f,0f,0.5000000000000001f,1.1951533387425365e-16f,-2.6714842233190418e-17f,-1f,-2.0347187500000006f,0f,0f,0f,1f],start_interpolation:0}
execute if entity @s[tag=aj.assembler.bone.ring] run data modify entity @s {} merge value {transformation:[1.7559174416096737f,-0.3924940499807705f,2.2034447591230768e-16f,2.220446049250313e-16f,-0.3924940499807705f,-1.7559174416096737f,0f,0.5000000000000001f,2.1503786744342963e-16f,-4.806665819933318e-17f,-1.7992491881391441f,-1.6909687500000004f,0f,0f,0f,1f],start_interpolation:0}
execute if entity @s[tag=aj.assembler.bone.wheel] run data modify entity @s {} merge value {transformation:[-1f,-9.907600726170927e-17f,-7.198293278059948e-17f,1.0625000000000002f,0f,-0.5877852522924716f,0.8090169943749483f,-0.6249999999999999f,-1.2246467991473532e-16f,0.8090169943749483f,0.5877852522924716f,-1.8159687500000001f,0f,0f,0f,1f],start_interpolation:0}
execute if entity @s[tag=aj.assembler.bone.wheel2] run data modify entity @s {} merge value {transformation:[-1f,-9.907600726170927e-17f,-7.198293278059948e-17f,1.0625000000000002f,0f,-0.5877852522924716f,0.8090169943749483f,-0.6249999999999999f,-1.2246467991473532e-16f,0.8090169943749483f,0.5877852522924716f,-1.5659687500000001f,0f,0f,0f,1f],start_interpolation:0}
execute if entity @s[tag=aj.assembler.bone.rails] run data modify entity @s {} merge value {transformation:[-1.137300743709099f,0f,1.3927917154512523e-16f,-0.43749999999999983f,0f,1.137300743709099f,0f,-0.9999999999999999f,-1.3927917154512523e-16f,0f,-1.137300743709099f,-1.2534687500000004f,0f,0f,0f,1f],start_interpolation:0}
execute if entity @s[tag=aj.assembler.bone.wheel3] run data modify entity @s {} merge value {transformation:[-1f,-9.907600726170927e-17f,-7.198293278059948e-17f,-1.0625f,0f,-0.5877852522924716f,0.8090169943749483f,-0.6249999999999999f,-1.2246467991473532e-16f,0.8090169943749483f,0.5877852522924716f,-1.5659687500000004f,0f,0f,0f,1f],start_interpolation:0}
execute if entity @s[tag=aj.assembler.bone.wheel4] run data modify entity @s {} merge value {transformation:[-1f,-9.907600726170927e-17f,-7.198293278059948e-17f,-1.0625f,0f,-0.5877852522924716f,0.8090169943749483f,-0.6249999999999999f,-1.2246467991473532e-16f,0.8090169943749483f,0.5877852522924716f,-1.8159687500000004f,0f,0f,0f,1f],start_interpolation:0}
execute if entity @s[tag=aj.assembler.bone.rails2] run data modify entity @s {} merge value {transformation:[-1.2038220325092979f,0f,1.4742567988555726e-16f,0.4375000000000001f,0f,1.2038220325092979f,0f,-0.9999999999999999f,-1.4742567988555726e-16f,0f,-1.2038220325092979f,-1.2534687500000001f,0f,0f,0f,1f],start_interpolation:0}
execute if entity @s[tag=aj.assembler.bone.bone6] run data modify entity @s {} merge value {transformation:[-0.2690157559453106f,-0.9508249736810941f,-0.1535004640954548f,-0.18466130120250301f,0f,0.15937572657666021f,-0.9872179991157788f,0.30149457492929255f,0.9631357760218303f,-0.26557719631494814f,-0.042874581564353365f,-0.36614897409656194f,0f,0f,0f,1f],start_interpolation:0}
execute if entity @s[tag=aj.assembler.bone.bone5] run data modify entity @s {} merge value {transformation:[-0.2690157559453106f,-0.6680755048700401f,-0.6937619496958697f,-0.27862495124069553f,0f,0.7203158339329978f,-0.6936462350401753f,0.21228767573906748f,0.9631357760218303f,-0.18660176627795133f,-0.19377630858486217f,-0.3923941858057696f,0f,0f,0f,1f],start_interpolation:0}
execute if entity @s[tag=aj.assembler.bone.bone4] run data modify entity @s {} merge value {transformation:[-0.2690157559453106f,-0.6680755048700401f,-0.6937619496958697f,0.9288566176819255f,0f,0.7203158339329978f,-0.6936462350401753f,0.2847467617546162f,0.9631357760218303f,-0.18660176627795133f,-0.19377630858486217f,-0.24980622419874932f,0f,0f,0f,1f],start_interpolation:0}
execute if entity @s[tag=aj.assembler.bone.bone3] run data modify entity @s {} merge value {transformation:[-0.2690157559453106f,-0.5273698190585799f,-0.8059228232276922f,0.8075857563719265f,0f,0.8367696884405063f,-0.5475550095718038f,-0.234375f,0.9631357760218303f,-0.14730092482160057f,-0.2251042302879448f,-0.218786477747264f,0f,0f,0f,1f],start_interpolation:0}
execute if entity @s[tag=aj.assembler.bone.octagon] run data modify entity @s {} merge value {transformation:[-0.2690157559453106f,0f,-0.9631357760218303f,0.859375f,0f,1f,0f,-0.40625f,0.9631357760218303f,0f,-0.2690157559453106f,-0.1718749999999999f,0f,0f,0f,1f],start_interpolation:0}
execute if entity @s[tag=aj.assembler.bone.bone10] run data modify entity @s {} merge value {transformation:[-0.9805518489509352f,0.004018906843031765f,0.19621906101775521f,-0.5515702916846892f,0f,0.9997903152322133f,-0.020477440461913243f,0.8773609828074401f,-0.1962602137951106f,-0.020079192106711802f,-0.9803462421641852f,-1.2320413568531419f,0f,0f,0f,1f],start_interpolation:0}
execute if entity @s[tag=aj.assembler.bone.bone9] run data modify entity @s {} merge value {transformation:[-0.9805518489509352f,0.0478604463939606f,0.19033509710474666f,-0.5262536552686596f,0f,0.9698098938353874f,-0.2438621943208793f,0.8484460455443443f,-0.1962602137951106f,-0.23911952553057053f,-0.9509488845311993f,-1.358527893104815f,0f,0f,0f,1f],start_interpolation:0}
execute if entity @s[tag=aj.assembler.bone.bone8] run data modify entity @s {} merge value {transformation:[-0.9805518489509352f,0.0478604463939606f,0.19033509710474666f,-0.928622040232066f,0f,0.9698098938353874f,-0.2438621943208793f,0.2932941285576254f,-0.1962602137951106f,-0.23911952553057053f,-0.9509488845311993f,-0.303586293726879f,0f,0f,0f,1f],start_interpolation:0}
execute if entity @s[tag=aj.assembler.bone.bone7] run data modify entity @s {} merge value {transformation:[-0.9805518489509352f,0.15196518430491868f,0.12419603165187935f,-0.8777509819175222f,0f,0.6328130865155178f,-0.7743045896381499f,-0.234375f,-0.1962602137951106f,-0.7592457970208829f,-0.6205060420231391f,-0.23929262224053066f,0f,0f,0f,1f],start_interpolation:0}
execute if entity @s[tag=aj.assembler.bone.octagon2] run data modify entity @s {} merge value {transformation:[-0.9805518489509352f,0f,0.1962602137951106f,-0.8593749999999999f,0f,1f,0f,-0.40625f,-0.1962602137951106f,0f,-0.9805518489509352f,-0.171875f,0f,0f,0f,1f],start_interpolation:0}