execute if entity @s[tag=aj.assembler.bone.bone21] run data modify entity @s {} merge value {transformation:[0.4469630049212242f,0.8945524424156415f,1.2246467991473532e-16f,-0.14743879537149226f,0.8945524424156415f,-0.4469630049212242f,0f,-0.002224174842512028f,5.473718133140599e-17f,1.0955107852737623e-16f,-1f,-1.80078125f,0f,0f,0f,1f],start_interpolation:0}
execute if entity @s[tag=aj.assembler.bone.arm4] run data modify entity @s {} merge value {transformation:[-0.19325407983559875f,-0.9811487454137096f,1.2246467991473532e-16f,-0.24952445436127801f,-0.9811487454137096f,0.19325407983559875f,0f,-0.5205118939311192f,-2.3666799029283306e-17f,-1.2015606705583407e-16f,-1f,-1.80078125f,0f,0f,0f,1f],start_interpolation:0}
execute if entity @s[tag=aj.assembler.bone.small_arm_base4] run data modify entity @s {} merge value {transformation:[-0.23344536385590536f,-0.9723699203976768f,1.2246467991473532e-16f,-0.25343126397151683f,-0.9723699203976768f,0.23344536385590536f,0f,-0.536784927102434f,-2.858881176219237e-17f,-1.1908097106021814e-16f,-1f,-1.70703125f,0f,0f,0f,1f],start_interpolation:0}
execute if entity @s[tag=aj.assembler.bone.bone25] run data modify entity @s {} merge value {transformation:[0.9876883405951378f,0.15643446504023098f,1.2246467991473532e-16f,2.6414183864572156e-16f,0.15643446504023098f,-0.9876883405951378f,0f,0.5000000000000001f,1.2095693648649962e-16f,1.915769668878474e-17f,-1f,-2.14453125f,0f,0f,0f,1f],start_interpolation:0}
execute if entity @s[tag=aj.assembler.bone.bone16] run data modify entity @s {} merge value {transformation:[0.06488396378719585f,0.9978928155083902f,1.2246467991473532e-16f,0.6408239922329096f,0.9978928155083902f,-0.06488396378719585f,0f,0.6177366773059052f,7.945993856798188e-18f,1.22206624240449e-16f,-1f,-1.80078125f,0f,0f,0f,1f],start_interpolation:0}
execute if entity @s[tag=aj.assembler.bone.arm3] run data modify entity @s {} merge value {transformation:[0.7187712436155066f,-0.6952466464150822f,1.2246467991473532e-16f,1.0205118939311195f,-0.6952466464150822f,-0.7187712436155066f,0f,0.25047554563872165f,8.802409028128926e-17f,-8.514315801501619e-17f,-1f,-1.80078125f,0f,0f,0f,1f],start_interpolation:0}
execute if entity @s[tag=aj.assembler.bone.small_arm_base3] run data modify entity @s {} merge value {transformation:[0.9723699203976768f,-0.23344536385590559f,1.2246467991473532e-16f,1.0367849271024343f,-0.23344536385590559f,-0.9723699203976768f,0f,0.24656873602848284f,1.1908097106021814e-16f,-2.8588811762192395e-17f,-1f,-1.70703125f,0f,0f,0f,1f],start_interpolation:0}
execute if entity @s[tag=aj.assembler.bone.bone15] run data modify entity @s {} merge value {transformation:[-0.15643446504023076f,0.9876883405951378f,1.2246467991473532e-16f,2.6414183864572156e-16f,0.9876883405951378f,0.15643446504023076f,0f,0.5000000000000001f,-1.9157696688784713e-17f,1.2095693648649962e-16f,-1f,-2.14453125f,0f,0f,0f,1f],start_interpolation:0}
execute if entity @s[tag=aj.assembler.bone.bone26] run data modify entity @s {} merge value {transformation:[-0.7017299944988228f,0.7124429905758652f,1.2246467991473532e-16f,-0.49330048131830295f,0.7124429905758652f,0.7017299944988228f,0f,0.7164825424878887f,-8.59371391628673e-17f,8.724910279837012e-17f,-1f,-1.80078125f,0f,0f,0f,1f],start_interpolation:0}
execute if entity @s[tag=aj.assembler.bone.arm5] run data modify entity @s {} merge value {transformation:[-0.9980418153886846f,0.06255025767860045f,1.2246467991473532e-16f,-1.020511893931119f,0.06255025767860045f,0.9980418153886846f,0f,0.7495244543612781f,-1.222248714630966e-16f,7.660197285194019e-18f,-1f,-1.80078125f,0f,0f,0f,1f],start_interpolation:0}
execute if entity @s[tag=aj.assembler.bone.small_arm_base5] run data modify entity @s {} merge value {transformation:[-0.9723699203976769f,0.23344536385590517f,1.2246467991473532e-16f,-1.0367849271024339f,0.23344536385590517f,0.9723699203976769f,0f,0.7534312639715169f,-1.1908097106021816e-16f,2.8588811762192346e-17f,-1f,-1.70703125f,0f,0f,0f,1f],start_interpolation:0}
execute if entity @s[tag=aj.assembler.bone.bone20] run data modify entity @s {} merge value {transformation:[0.1564344650402312f,-0.9876883405951378f,1.2246467991473532e-16f,2.6414183864572156e-16f,-0.9876883405951378f,-0.1564344650402312f,0f,0.5000000000000001f,1.915769668878477e-17f,-1.2095693648649962e-16f,-1f,-2.14453125f,0f,0f,0f,1f],start_interpolation:0}
execute if entity @s[tag=aj.assembler.bone.bone11] run data modify entity @s {} merge value {transformation:[0.9933881601374381f,0.11480402126561545f,1.2246467991473532e-16f,-0.13381807384062377f,0.11480402126561545f,-0.9933881601374381f,0f,1.1570670596010335f,1.216549630623192e-16f,1.4059437717218055e-17f,-1f,-1.80078125f,0f,0f,0f,1f],start_interpolation:0}
execute if entity @s[tag=aj.assembler.bone.arm2] run data modify entity @s {} merge value {transformation:[-0.7256896637844407f,-0.6880221739714686f,1.2246467991473532e-16f,0.24952445436127846f,-0.6880221739714686f,0.7256896637844407f,0f,1.5205118939311195f,-8.887135239279341e-17f,-8.425841530965623e-17f,-1f,-1.80078125f,0f,0f,0f,1f],start_interpolation:0}
execute if entity @s[tag=aj.assembler.bone.small_arm_base2] run data modify entity @s {} merge value {transformation:[-0.23344536385590536f,-0.9723699203976768f,1.2246467991473532e-16f,0.2534312639715173f,-0.9723699203976768f,0.23344536385590536f,0f,1.5367849271024343f,-2.858881176219237e-17f,-1.1908097106021814e-16f,-1f,-1.70703125f,0f,0f,0f,1f],start_interpolation:0}
execute if entity @s[tag=aj.assembler.bone.bone2] run data modify entity @s {} merge value {transformation:[0.9876883405951378f,0.15643446504023098f,1.2246467991473532e-16f,2.6414183864572156e-16f,0.15643446504023098f,-0.9876883405951378f,0f,0.5000000000000001f,1.2095693648649962e-16f,1.915769668878474e-17f,-1f,-2.14453125f,0f,0f,0f,1f],start_interpolation:0}
execute if entity @s[tag=aj.assembler.bone.ring] run data modify entity @s {} merge value {transformation:[1.7770974449503f,0.28146458422061693f,2.2034447591230768e-16f,2.220446049250313e-16f,0.28146458422061693f,-1.7770974449503f,0f,0.5000000000000001f,2.1763166977313247e-16f,3.4469470213911916e-17f,-1.7992491881391441f,-1.80078125f,0f,0f,0f,1f],start_interpolation:0}
execute if entity @s[tag=aj.assembler.bone.wheel] run data modify entity @s {} merge value {transformation:[-1f,-1.2246467991473532e-16f,-2.719262146893782e-32f,1.0625000000000002f,0f,-2.220446049250313e-16f,1f,-0.6249999999999999f,-1.2246467991473532e-16f,1f,2.220446049250313e-16f,-1.9257812499999998f,0f,0f,0f,1f],start_interpolation:0}
execute if entity @s[tag=aj.assembler.bone.wheel2] run data modify entity @s {} merge value {transformation:[-1f,-1.2246467991473532e-16f,-2.719262146893782e-32f,1.0625000000000002f,0f,-2.220446049250313e-16f,1f,-0.6249999999999999f,-1.2246467991473532e-16f,1f,2.220446049250313e-16f,-1.6757812499999998f,0f,0f,0f,1f],start_interpolation:0}
execute if entity @s[tag=aj.assembler.bone.rails] run data modify entity @s {} merge value {transformation:[-1.137300743709099f,0f,1.3927917154512523e-16f,-0.43749999999999983f,0f,1.137300743709099f,0f,-0.9999999999999999f,-1.3927917154512523e-16f,0f,-1.137300743709099f,-1.36328125f,0f,0f,0f,1f],start_interpolation:0}
execute if entity @s[tag=aj.assembler.bone.wheel3] run data modify entity @s {} merge value {transformation:[-1f,-1.2246467991473532e-16f,-2.719262146893782e-32f,-1.0625f,0f,-2.220446049250313e-16f,1f,-0.6249999999999999f,-1.2246467991473532e-16f,1f,2.220446049250313e-16f,-1.6757812500000002f,0f,0f,0f,1f],start_interpolation:0}
execute if entity @s[tag=aj.assembler.bone.wheel4] run data modify entity @s {} merge value {transformation:[-1f,-1.2246467991473532e-16f,-2.719262146893782e-32f,-1.0625f,0f,-2.220446049250313e-16f,1f,-0.6249999999999999f,-1.2246467991473532e-16f,1f,2.220446049250313e-16f,-1.9257812500000002f,0f,0f,0f,1f],start_interpolation:0}
execute if entity @s[tag=aj.assembler.bone.rails2] run data modify entity @s {} merge value {transformation:[-1.2038220325092979f,0f,1.4742567988555726e-16f,0.4375000000000001f,0f,1.2038220325092979f,0f,-0.9999999999999999f,-1.4742567988555726e-16f,0f,-1.2038220325092979f,-1.36328125f,0f,0f,0f,1f],start_interpolation:0}
execute if entity @s[tag=aj.assembler.bone.bone6] run data modify entity @s {} merge value {transformation:[0.037042943326834984f,-0.9944489016328562f,-0.09848452868796637f,-0.22748990563423444f,0f,0.09855216753849039f,-0.995131885869137f,0.4361458181711221f,0.9993136746536019f,0.036862614050976864f,0.003650662356865047f,-0.03777228680557899f,0f,0f,0f,1f],start_interpolation:0}
execute if entity @s[tag=aj.assembler.bone.bone5] run data modify entity @s {} merge value {transformation:[0.037042943326834984f,-0.6044060084761824f,-0.7958148008598318f,-0.3347226218123087f,0f,0.7963613638487332f,-0.6048211125357525f,0.3589370496646842f,0.9993136746536019f,0.022404354194535164f,0.02949956886872964f,-0.03379734327291503f,0f,0f,0f,1f],start_interpolation:0}
execute if entity @s[tag=aj.assembler.bone.bone4] run data modify entity @s {} merge value {transformation:[0.037042943326834984f,-0.6044060084761824f,-0.7958148008598318f,0.9007775671390681f,0f,0.7963613638487332f,-0.6048211125357525f,0.28496488493293626f,0.9993136746536019f,0.022404354194535164f,0.02949956886872964f,-0.26722411346144304f,0f,0f,0f,1f],start_interpolation:0}
execute if entity @s[tag=aj.assembler.bone.bone3] run data modify entity @s {} merge value {transformation:[0.037042943326834984f,-0.5488680014196032f,-0.8350878620644269f,0.7957603033551863f,0f,0.8356613976626492f,-0.5492449621585141f,-0.234375f,0.9993136746536019f,0.020345650005787464f,0.030955357794041228f,-0.20078836837499775f,0f,0f,0f,1f],start_interpolation:0}
execute if entity @s[tag=aj.assembler.bone.octagon] run data modify entity @s {} merge value {transformation:[0.037042943326834984f,0f,-0.9993136746536019f,0.859375f,0f,1f,0f,-0.40625f,0.9993136746536019f,0f,0.037042943326834984f,-0.1718749999999999f,0f,0f,0f,1f],start_interpolation:0}
execute if entity @s[tag=aj.assembler.bone.bone10] run data modify entity @s {} merge value {transformation:[-0.9866152241463952f,-0.01902322055105512f,0.16195220456179082f,-0.5624537151246957f,0f,0.993171922159711f,0.11665990328122405f,0.8130814035593672f,-0.16306562937222005f,0.11509843662470165f,-0.9798785385975095f,-1.393451004691883f,0f,0f,0f,1f],start_interpolation:0}
execute if entity @s[tag=aj.assembler.bone.bone9] run data modify entity @s {} merge value {transformation:[-0.9866152241463952f,0.044775965842774205f,0.1567976797194555f,-0.5415796537491995f,0f,0.9615617976829618f,-0.2745886181849323f,0.7800777359227591f,-0.16306562937222005f,-0.27091331107857586f,-0.9486915085515861f,-1.5197478020127984f,0f,0f,0f,1f],start_interpolation:0}
execute if entity @s[tag=aj.assembler.bone.bone8] run data modify entity @s {} merge value {transformation:[-0.9866152241463952f,0.044775965842774205f,0.1567976797194555f,-0.9108030344482073f,0f,0.9615617976829618f,-0.2745886181849323f,0.26100238248501634f,-0.16306562937222005f,-0.27091331107857586f,-0.9486915085515861f,-0.4356357841153098f,0f,0f,0f,1f],start_interpolation:0}
execute if entity @s[tag=aj.assembler.bone.bone7] run data modify entity @s {} merge value {transformation:[-0.9866152241463952f,0.14887275417524734f,0.06653797822923843f,-0.880015123918811f,0f,0.4080441628649788f,-0.9129621904283981f,-0.234375f,-0.16306562937222005f,-0.9007423961466979f,-0.40258258320665924f,-0.23863425242703157f,0f,0f,0f,1f],start_interpolation:0}
execute if entity @s[tag=aj.assembler.bone.octagon2] run data modify entity @s {} merge value {transformation:[-0.9866152241463952f,0f,0.16306562937222005f,-0.8593749999999999f,0f,1f,0f,-0.40625f,-0.16306562937222005f,0f,-0.9866152241463952f,-0.171875f,0f,0f,0f,1f],start_interpolation:0}