execute if entity @s[tag=aj.assembler.bone.bone21] run data modify entity @s {} merge value {transformation:[0.9707130163777897f,-0.24024204426938542f,1.2246467991473532e-16f,-0.8063211209924835f,-0.24024204426938542f,-0.9707130163777897f,0f,0.34928103066543204f,1.1887805883977326e-16f,-2.9421165053511965e-17f,-1f,-1.19921875f,0f,0f,0f,1f],start_interpolation:0}
execute if entity @s[tag=aj.assembler.bone.arm4] run data modify entity @s {} merge value {transformation:[0.008726535498373877f,-0.9999619230641715f,1.2246467991473532e-16f,-0.8017113651321824f,-0.9999619230641715f,-0.008726535498373877f,0f,-0.1789446707921535f,1.068692376572924e-18f,-1.2246001683497696e-16f,-1f,-1.19921875f,0f,0f,0f,1f],start_interpolation:0}
execute if entity @s[tag=aj.assembler.bone.small_arm_base4] run data modify entity @s {} merge value {transformation:[-0.760405965600031f,-0.6494480483301839f,1.2246467991473532e-16f,-0.8144370894088181f,-0.6494480483301839f,0.760405965600031f,0f,-0.18981346610536154f,-9.312287318246304e-17f,-7.953444736000552e-17f,-1f,-1.10546875f,0f,0f,0f,1f],start_interpolation:0}
execute if entity @s[tag=aj.assembler.bone.bone25] run data modify entity @s {} merge value {transformation:[0.891006524188368f,-0.4539904997395467f,1.2246467991473532e-16f,1.531195361832059e-16f,-0.4539904997395467f,-0.891006524188368f,0f,0.5000000000000001f,1.0911682878666936e-16f,-5.559780123493432e-17f,-1f,-1.54296875f,0f,0f,0f,1f],start_interpolation:0}
execute if entity @s[tag=aj.assembler.bone.bone16] run data modify entity @s {} merge value {transformation:[0.7312896189831531f,-0.6820670738039443f,1.2246467991473532e-16f,0.41556956895566666f,-0.6820670738039443f,-0.7312896189831531f,0f,0.15619386224797088f,8.955714911374057e-17f,-8.352912587378019e-17f,-1f,-1.19921875f,0f,0f,0f,1f],start_interpolation:0}
execute if entity @s[tag=aj.assembler.bone.arm3] run data modify entity @s {} merge value {transformation:[0.4985843600432656f,-0.8668411826397312f,1.2246467991473532e-16f,0.6789446707921535f,-0.8668411826397312f,-0.4985843600432656f,0f,-0.3017113651321826f,6.105897406319166e-17f,-1.0615742796888529e-16f,-1f,-1.19921875f,0f,0f,0f,1f],start_interpolation:0}
execute if entity @s[tag=aj.assembler.bone.small_arm_base3] run data modify entity @s {} merge value {transformation:[0.6494480483301838f,-0.7604059656000312f,1.2246467991473532e-16f,0.6898134661053615f,-0.7604059656000312f,-0.6494480483301838f,0f,-0.3144370894088182f,7.95344473600055e-17f,-9.312287318246305e-17f,-1f,-1.10546875f,0f,0f,0f,1f],start_interpolation:0}
execute if entity @s[tag=aj.assembler.bone.bone15] run data modify entity @s {} merge value {transformation:[0.4539904997395469f,0.8910065241883679f,1.2246467991473532e-16f,1.531195361832059e-16f,0.8910065241883679f,-0.4539904997395469f,0f,0.5000000000000001f,5.559780123493434e-17f,1.0911682878666935e-16f,-1f,-1.54296875f,0f,0f,0f,1f],start_interpolation:0}
execute if entity @s[tag=aj.assembler.bone.bone26] run data modify entity @s {} merge value {transformation:[-0.8932134611077326f,0.44963286456390783f,1.2246467991473532e-16f,-0.23436860315367014f,0.44963286456390783f,0.8932134611077326f,0f,1.0164119406452894f,-1.0938710061009136e-16f,5.5064144837964513e-17f,-1f,-1.19921875f,0f,0f,0f,1f],start_interpolation:0}
execute if entity @s[tag=aj.assembler.bone.arm5] run data modify entity @s {} merge value {transformation:[-0.8416083093218848f,0.5400883758056259f,1.2246467991473532e-16f,-0.6789446707921537f,0.5400883758056259f,0.8416083093218848f,0f,1.3017113651321823f,-1.0306729221468618e-16f,6.614175006870526e-17f,-1f,-1.19921875f,0f,0f,0f,1f],start_interpolation:0}
execute if entity @s[tag=aj.assembler.bone.small_arm_base5] run data modify entity @s {} merge value {transformation:[-0.649448048330184f,0.7604059656000308f,1.2246467991473532e-16f,-0.6898134661053618f,0.7604059656000308f,0.649448048330184f,0f,1.314437089408818f,-7.953444736000555e-17f,9.312287318246302e-17f,-1f,-1.10546875f,0f,0f,0f,1f],start_interpolation:0}
execute if entity @s[tag=aj.assembler.bone.bone20] run data modify entity @s {} merge value {transformation:[-0.45399049973954647f,-0.8910065241883681f,1.2246467991473532e-16f,1.531195361832059e-16f,-0.8910065241883681f,0.45399049973954647f,0f,0.5000000000000001f,-5.559780123493429e-17f,-1.0911682878666938e-16f,-1f,-1.54296875f,0f,0f,0f,1f],start_interpolation:0}
execute if entity @s[tag=aj.assembler.bone.bone11] run data modify entity @s {} merge value {transformation:[0.10190504439872583f,-0.9947941304240262f,1.2246467991473532e-16f,0.328153264166047f,-0.9947941304240262f,-0.10190504439872583f,0f,0.9448797940190737f,1.2479768643986832e-17f,-1.2182714476343582e-16f,-1f,-1.19921875f,0f,0f,0f,1f],start_interpolation:0}
execute if entity @s[tag=aj.assembler.bone.arm2] run data modify entity @s {} merge value {transformation:[-0.8964729811859363f,-0.44309840216773555f,1.2246467991473532e-16f,0.8017113651321827f,-0.44309840216773555f,0.8964729811859363f,0f,1.1789446707921538f,-1.0978627669314424e-16f,-5.426390399220239e-17f,-1f,-1.19921875f,0f,0f,0f,1f],start_interpolation:0}
execute if entity @s[tag=aj.assembler.bone.small_arm_base2] run data modify entity @s {} merge value {transformation:[-0.760405965600031f,-0.6494480483301839f,1.2246467991473532e-16f,0.8144370894088183f,-0.6494480483301839f,0.760405965600031f,0f,1.1898134661053619f,-9.312287318246304e-17f,-7.953444736000552e-17f,-1f,-1.10546875f,0f,0f,0f,1f],start_interpolation:0}
execute if entity @s[tag=aj.assembler.bone.bone2] run data modify entity @s {} merge value {transformation:[0.891006524188368f,-0.4539904997395467f,1.2246467991473532e-16f,1.531195361832059e-16f,-0.4539904997395467f,-0.891006524188368f,0f,0.5000000000000001f,1.0911682878666936e-16f,-5.559780123493432e-17f,-1f,-1.54296875f,0f,0f,0f,1f],start_interpolation:0}
execute if entity @s[tag=aj.assembler.bone.ring] run data modify entity @s {} merge value {transformation:[1.6031427652726018f,-0.8168420380792637f,2.2034447591230768e-16f,1.1102230246251565e-16f,-0.8168420380792637f,-1.6031427652726018f,0f,0.5000000000000001f,1.9632836560673284e-16f,-1.0003429873427708e-16f,-1.7992491881391441f,-1.19921875f,0f,0f,0f,1f],start_interpolation:0}
execute if entity @s[tag=aj.assembler.bone.wheel] run data modify entity @s {} merge value {transformation:[-1f,1.2246467991473532e-16f,2.719262146893782e-32f,1.0625f,0f,2.220446049250313e-16f,-1f,-0.6249999999999999f,-1.2246467991473532e-16f,-1f,-2.220446049250313e-16f,-1.3242187499999998f,0f,0f,0f,1f],start_interpolation:0}
execute if entity @s[tag=aj.assembler.bone.wheel2] run data modify entity @s {} merge value {transformation:[-1f,1.2246467991473532e-16f,2.719262146893782e-32f,1.0625f,0f,2.220446049250313e-16f,-1f,-0.6249999999999999f,-1.2246467991473532e-16f,-1f,-2.220446049250313e-16f,-1.0742187499999998f,0f,0f,0f,1f],start_interpolation:0}
execute if entity @s[tag=aj.assembler.bone.rails] run data modify entity @s {} merge value {transformation:[-1.137300743709099f,0f,1.3927917154512523e-16f,-0.43749999999999994f,0f,1.137300743709099f,0f,-0.9999999999999999f,-1.3927917154512523e-16f,0f,-1.137300743709099f,-0.76171875f,0f,0f,0f,1f],start_interpolation:0}
execute if entity @s[tag=aj.assembler.bone.wheel3] run data modify entity @s {} merge value {transformation:[-1f,1.2246467991473532e-16f,2.719262146893782e-32f,-1.0625f,0f,2.220446049250313e-16f,-1f,-0.6249999999999999f,-1.2246467991473532e-16f,-1f,-2.220446049250313e-16f,-1.07421875f,0f,0f,0f,1f],start_interpolation:0}
execute if entity @s[tag=aj.assembler.bone.wheel4] run data modify entity @s {} merge value {transformation:[-1f,1.2246467991473532e-16f,2.719262146893782e-32f,-1.0625f,0f,2.220446049250313e-16f,-1f,-0.6249999999999999f,-1.2246467991473532e-16f,-1f,-2.220446049250313e-16f,-1.32421875f,0f,0f,0f,1f],start_interpolation:0}
execute if entity @s[tag=aj.assembler.bone.rails2] run data modify entity @s {} merge value {transformation:[-1.2038220325092979f,0f,1.4742567988555726e-16f,0.4375f,0f,1.2038220325092979f,0f,-0.9999999999999999f,-1.4742567988555726e-16f,0f,-1.2038220325092979f,-0.7617187499999999f,0f,0f,0f,1f],start_interpolation:0}
execute if entity @s[tag=aj.assembler.bone.bone6] run data modify entity @s {} merge value {transformation:[0.13713751075014702f,-0.8970537461349457f,-0.4201046056525847f,0.18856386752715393f,0f,0.42411160385637725f,-0.9056099311924376f,0.3548649143320563f,0.990552019403955f,0.1241930916743428f,0.05816160963311601f,0.015640007038782995f,0f,0f,0f,1f],start_interpolation:0}
execute if entity @s[tag=aj.assembler.bone.bone5] run data modify entity @s {} merge value {transformation:[0.13713751075014702f,-0.6258125578998228f,-0.7678228607694187f,0.08495724104996183f,0f,0.7751464291915138f,-0.6317816183711312f,0.2740208068493756f,0.990552019403955f,0.08664095848111629f,0.10630165176618928f,0.02998388254857398f,0f,0f,0f,1f],start_interpolation:0}
execute if entity @s[tag=aj.assembler.bone.bone4] run data modify entity @s {} merge value {transformation:[0.13713751075014702f,-0.6258125578998228f,-0.7678228607694187f,0.8990096811035476f,0f,0.7751464291915138f,-0.6317816183711312f,0.2832267776620636f,0.990552019403955f,0.08664095848111629f,0.10630165176618928f,-0.27200644142152086f,0f,0f,0f,1f],start_interpolation:0}
execute if entity @s[tag=aj.assembler.bone.bone3] run data modify entity @s {} merge value {transformation:[0.13713751075014702f,-0.5310808828814839f,-0.8361497467458068f,0.7931799515763107f,0f,0.8441250235893146f,-0.5361463835095216f,-0.234375f,0.990552019403955f,0.07352578043218946f,0.11576120449694774f,-0.1942586561844893f,0f,0f,0f,1f],start_interpolation:0}
execute if entity @s[tag=aj.assembler.bone.octagon] run data modify entity @s {} merge value {transformation:[0.13713751075014702f,0f,-0.990552019403955f,0.859375f,0f,1f,0f,-0.40625f,0.990552019403955f,0f,0.13713751075014702f,-0.1718749999999999f,0f,0f,0f,1f],start_interpolation:0}
execute if entity @s[tag=aj.assembler.bone.bone10] run data modify entity @s {} merge value {transformation:[-0.16332596224162066f,0.1085970273695226f,0.9805770320093938f,-0.5748391423989938f,0f,0.9939232730955931f,-0.11007509799651681f,0.589952124669528f,-0.9865721616069697f,-0.0179781212991218f,-0.16233347497267886f,-0.12395361208240185f,0f,0f,0f,1f],start_interpolation:0}
execute if entity @s[tag=aj.assembler.bone.bone9] run data modify entity @s {} merge value {transformation:[-0.16332596224162066f,0.12864707196229574f,0.9781485372546321f,-0.44513538555081233f,0f,0.991461725071771f,-0.13039803571261332f,0.5761056608209083f,-0.9865721616069697f,-0.021297384657179785f,-0.16193144027308415f,-0.14542592978805965f,0f,0f,0f,1f],start_interpolation:0}
execute if entity @s[tag=aj.assembler.bone.bone8] run data modify entity @s {} merge value {transformation:[-0.16332596224162066f,0.12864707196229574f,0.9781485372546321f,-1.1144236222660908f,0f,0.991461725071771f,-0.13039803571261332f,0.19912227503891694f,-0.9865721616069697f,-0.021297384657179785f,-0.16193144027308415f,-0.2246779680719333f,0f,0f,0f,1f],start_interpolation:0}
execute if entity @s[tag=aj.assembler.bone.bone7] run data modify entity @s {} merge value {transformation:[-0.16332596224162066f,0.1683716937060009f,0.972098556123f,-0.8028181762196149f,0f,0.9853294000710556f,-0.17066333336605616f,-0.234375f,-0.9865721616069697f,-0.02787375314137361f,-0.16092987239156398f,-0.21291325269031908f,0f,0f,0f,1f],start_interpolation:0}
execute if entity @s[tag=aj.assembler.bone.octagon2] run data modify entity @s {} merge value {transformation:[-0.16332596224162066f,0f,0.9865721616069697f,-0.8593749999999999f,0f,1f,0f,-0.40625f,-0.9865721616069697f,0f,-0.16332596224162066f,-0.171875f,0f,0f,0f,1f],start_interpolation:0}