execute if entity @s[tag=aj.assembler.bone.bone21] run data modify entity @s {} merge value {transformation:[-0.909531854875327f,-0.41563422015884083f,1.2246467991473532e-16f,0.5663114258642854f,-0.41563422015884083f,0.909531854875327f,0f,1.1686391021300322f,-1.113855274795624e-16f,-5.090051173336305e-17f,-1f,-1.3737265624999995f,0f,0f,0f,1f],start_interpolation:0}
execute if entity @s[tag=aj.assembler.bone.arm4] run data modify entity @s {} merge value {transformation:[-0.7219325016397254f,0.6919634839181965f,1.2246467991473532e-16f,0.18495360284325713f,0.6919634839181965f,0.7219325016397254f,0f,1.5341659169468276f,-8.841123273335308e-17f,8.474108657072703e-17f,-1f,-1.3737265624999995f,0f,0f,0f,1f],start_interpolation:0}
execute if entity @s[tag=aj.assembler.bone.small_arm_base4] run data modify entity @s {} merge value {transformation:[0.17192910027940886f,0.9851093261547742f,1.2246467991473532e-16f,0.18783091105001126f,0.9851093261547742f,-0.17192910027940886f,0f,1.5506521496095287f,2.105524223374623e-17f,1.20641098308565e-16f,-1f,-1.2799765624999995f,0f,0f,0f,1f],start_interpolation:0}
execute if entity @s[tag=aj.assembler.bone.bone25] run data modify entity @s {} merge value {transformation:[-0.9759167619387472f,-0.21814324139654329f,1.2246467991473532e-16f,2.6414183864572156e-16f,-0.21814324139654329f,0.9759167619387472f,0f,0.5000000000000001f,-1.1951533387425362e-16f,-2.6714842233190513e-17f,-1f,-1.7174765624999995f,0f,0f,0f,1f],start_interpolation:0}
execute if entity @s[tag=aj.assembler.bone.bone16] run data modify entity @s {} merge value {transformation:[-0.8573652786630969f,-0.5147084407146925f,1.2246467991473532e-16f,-0.6775176917601806f,-0.5147084407146925f,0.8573652786630969f,0f,1.0746274215694642f,-1.0499696442148401e-16f,-6.303360444153734e-17f,-1f,-1.3737265624999995f,0f,0f,0f,1f],start_interpolation:0}
execute if entity @s[tag=aj.assembler.bone.arm3] run data modify entity @s {} merge value {transformation:[-0.6751557982335302f,-0.7376751643587065f,1.2246467991473532e-16f,-1.034165916946827f,-0.7376751643587065f,0.6751557982335302f,0f,0.6849536028432572f,-8.268273872324689e-17f,-9.033915288423876e-17f,-1f,-1.3737265624999995f,0f,0f,0f,1f],start_interpolation:0}
execute if entity @s[tag=aj.assembler.bone.small_arm_base3] run data modify entity @s {} merge value {transformation:[-0.9851093261547741f,0.17192910027940905f,1.2246467991473532e-16f,-1.050652149609528f,0.17192910027940905f,0.9851093261547741f,0f,0.6878309110500114f,-1.20641098308565e-16f,2.1055242233746256e-17f,-1f,-1.2799765624999995f,0f,0f,0f,1f],start_interpolation:0}
execute if entity @s[tag=aj.assembler.bone.bone15] run data modify entity @s {} merge value {transformation:[0.21814324139654306f,-0.9759167619387472f,1.2246467991473532e-16f,2.6414183864572156e-16f,-0.9759167619387472f,-0.21814324139654306f,0f,0.5000000000000001f,2.6714842233190485e-17f,-1.1951533387425362e-16f,-1f,-1.7174765624999995f,0f,0f,0f,1f],start_interpolation:0}
execute if entity @s[tag=aj.assembler.bone.bone26] run data modify entity @s {} merge value {transformation:[-0.9512279766726828f,0.30848879460232376f,1.2246467991473532e-16f,0.5114288875463943f,0.30848879460232376f,0.9512279766726828f,0f,0.23895671570741456f,-1.164918296891614e-16f,3.7778981488256115e-17f,-1f,-1.3737265624999995f,0f,0f,0f,1f],start_interpolation:0}
execute if entity @s[tag=aj.assembler.bone.arm5] run data modify entity @s {} merge value {transformation:[0.9895715481729203f,0.1440421849551381f,1.2246467991473532e-16f,1.0341659169468276f,0.1440421849551381f,-0.9895715481729203f,0f,0.31504639715674343f,1.2118756289972575e-16f,1.7640080074750083e-17f,-1f,-1.3737265624999995f,0f,0f,0f,1f],start_interpolation:0}
execute if entity @s[tag=aj.assembler.bone.small_arm_base5] run data modify entity @s {} merge value {transformation:[0.9851093261547743f,-0.17192910027940864f,1.2246467991473532e-16f,1.0506521496095287f,-0.17192910027940864f,-0.9851093261547743f,0f,0.3121690889499893f,1.2064109830856502e-16f,-2.1055242233746207e-17f,-1f,-1.2799765624999995f,0f,0f,0f,1f],start_interpolation:0}
execute if entity @s[tag=aj.assembler.bone.bone20] run data modify entity @s {} merge value {transformation:[-0.2181432413965435f,0.9759167619387472f,1.2246467991473532e-16f,2.6414183864572156e-16f,0.9759167619387472f,0.2181432413965435f,0f,0.5000000000000001f,-2.671484223319054e-17f,1.1951533387425362e-16f,-1f,-1.7174765624999995f,0f,0f,0f,1f],start_interpolation:0}
execute if entity @s[tag=aj.assembler.bone.bone11] run data modify entity @s {} merge value {transformation:[-0.4249728887073011f,0.9052060781191056f,1.2246467991473532e-16f,-0.40986973191334486f,0.9052060781191056f,0.4249728887073011f,0f,-0.05619481278510374f,-5.204416878798005e-17f,1.1085577261372912e-16f,-1f,-1.3737265624999995f,0f,0f,0f,1f],start_interpolation:0}
execute if entity @s[tag=aj.assembler.bone.arm2] run data modify entity @s {} merge value {transformation:[-0.42577929156507355f,0.9048270524660192f,1.2246467991473532e-16f,-0.18495360284325665f,0.9048270524660192f,0.42577929156507355f,0f,-0.5341659169468274f,-5.214292465583948e-17f,1.1080935535844444e-16f,-1f,-1.3737265624999995f,0f,0f,0f,1f],start_interpolation:0}
execute if entity @s[tag=aj.assembler.bone.small_arm_base2] run data modify entity @s {} merge value {transformation:[0.17192910027940886f,0.9851093261547742f,1.2246467991473532e-16f,-0.18783091105001082f,0.9851093261547742f,-0.17192910027940886f,0f,-0.5506521496095284f,2.105524223374623e-17f,1.20641098308565e-16f,-1f,-1.2799765624999995f,0f,0f,0f,1f],start_interpolation:0}
execute if entity @s[tag=aj.assembler.bone.bone2] run data modify entity @s {} merge value {transformation:[-0.9759167619387472f,-0.21814324139654329f,1.2246467991473532e-16f,2.6414183864572156e-16f,-0.21814324139654329f,0.9759167619387472f,0f,0.5000000000000001f,-1.1951533387425362e-16f,-2.6714842233190513e-17f,-1f,-1.7174765624999995f,0f,0f,0f,1f],start_interpolation:0}
execute if entity @s[tag=aj.assembler.bone.ring] run data modify entity @s {} merge value {transformation:[-1.7559174416096732f,-0.39249404998077186f,2.2034447591230768e-16f,2.220446049250313e-16f,-0.39249404998077186f,1.7559174416096732f,0f,0.5000000000000001f,-2.1503786744342958e-16f,-4.8066658199333354e-17f,-1.7992491881391441f,-1.3737265624999995f,0f,0f,0f,1f],start_interpolation:0}
execute if entity @s[tag=aj.assembler.bone.wheel] run data modify entity @s {} merge value {transformation:[-1f,9.907600726170933e-17f,-7.198293278059945e-17f,1.0625000000000002f,0f,-0.5877852522924714f,-0.8090169943749488f,-0.6249999999999999f,-1.2246467991473532e-16f,-0.8090169943749488f,0.5877852522924714f,-1.4987265624999992f,0f,0f,0f,1f],start_interpolation:0}
execute if entity @s[tag=aj.assembler.bone.wheel2] run data modify entity @s {} merge value {transformation:[-1f,9.907600726170933e-17f,-7.198293278059945e-17f,1.0625000000000002f,0f,-0.5877852522924714f,-0.8090169943749488f,-0.6249999999999999f,-1.2246467991473532e-16f,-0.8090169943749488f,0.5877852522924714f,-1.2487265624999992f,0f,0f,0f,1f],start_interpolation:0}
execute if entity @s[tag=aj.assembler.bone.rails] run data modify entity @s {} merge value {transformation:[-1.137300743709099f,0f,1.3927917154512523e-16f,-0.43749999999999983f,0f,1.137300743709099f,0f,-0.9999999999999999f,-1.3927917154512523e-16f,0f,-1.137300743709099f,-0.9362265624999995f,0f,0f,0f,1f],start_interpolation:0}
execute if entity @s[tag=aj.assembler.bone.wheel3] run data modify entity @s {} merge value {transformation:[-1f,9.907600726170933e-17f,-7.198293278059945e-17f,-1.0625f,0f,-0.5877852522924714f,-0.8090169943749488f,-0.6249999999999999f,-1.2246467991473532e-16f,-0.8090169943749488f,0.5877852522924714f,-1.2487265624999995f,0f,0f,0f,1f],start_interpolation:0}
execute if entity @s[tag=aj.assembler.bone.wheel4] run data modify entity @s {} merge value {transformation:[-1f,9.907600726170933e-17f,-7.198293278059945e-17f,-1.0625f,0f,-0.5877852522924714f,-0.8090169943749488f,-0.6249999999999999f,-1.2246467991473532e-16f,-0.8090169943749488f,0.5877852522924714f,-1.4987265624999995f,0f,0f,0f,1f],start_interpolation:0}
execute if entity @s[tag=aj.assembler.bone.rails2] run data modify entity @s {} merge value {transformation:[-1.2038220325092979f,0f,1.4742567988555726e-16f,0.4375000000000001f,0f,1.2038220325092979f,0f,-0.9999999999999999f,-1.4742567988555726e-16f,0f,-1.2038220325092979f,-0.9362265624999994f,0f,0f,0f,1f],start_interpolation:0}
execute if entity @s[tag=aj.assembler.bone.bone6] run data modify entity @s {} merge value {transformation:[-0.7599179318766763f,-0.0018005750488877537f,-0.6500165342064529f,0.19489176077296427f,0f,0.9999961634474348f,-0.002770034370102814f,0.6622741728163128f,0.6500190280386222f,-0.002104998789755841f,-0.7599150164115853f,-0.804476064250216f,0f,0f,0f,1f],start_interpolation:0}
execute if entity @s[tag=aj.assembler.bone.bone5] run data modify entity @s {} merge value {transformation:[-0.7599179318766763f,-0.2593918245784845f,-0.596020652456037f,0.11524051678433156f,0f,0.9169280078684452f,-0.3990526636753658f,0.612669888143357f,0.6500190280386222f,-0.3032472748900628f,-0.6967900354191896f,-0.8975939669459043f,0f,0f,0f,1f],start_interpolation:0}
execute if entity @s[tag=aj.assembler.bone.bone4] run data modify entity @s {} merge value {transformation:[-0.7599179318766763f,-0.2593918245784845f,-0.596020652456037f,0.9802072521883625f,0f,0.9169280078684452f,-0.3990526636753658f,0.2774719871752166f,0.6500190280386222f,-0.3032472748900628f,-0.6967900354191896f,-0.1748401513723133f,0f,0f,0f,1f],start_interpolation:0}
execute if entity @s[tag=aj.assembler.bone.bone3] run data modify entity @s {} merge value {transformation:[-0.7599179318766763f,-0.32332552770772455f,-0.5639018885806258f,0.8424962461187322f,0f,0.8675159714664853f,-0.4974093276674256f,-0.234375f,0.6500190280386222f,-0.3779902675771981f,-0.6592409429067972f,-0.2396829653684991f,0f,0f,0f,1f],start_interpolation:0}
execute if entity @s[tag=aj.assembler.bone.octagon] run data modify entity @s {} merge value {transformation:[-0.7599179318766763f,0f,-0.6500190280386222f,0.859375f,0f,1f,0f,-0.40625f,0.6500190280386222f,0f,-0.7599179318766763f,-0.1718749999999999f,0f,0f,0f,1f],start_interpolation:0}
execute if entity @s[tag=aj.assembler.bone.bone10] run data modify entity @s {} merge value {transformation:[-0.9424460413026154f,0.06795538627566125f,0.3273797866532914f,-0.4865662234103177f,0f,0.9791286966317786f,-0.20324122473591433f,0.00847230988150234f,-0.3343582797434945f,-0.1915438876818577f,-0.9227759640664093f,-0.9423124955435186f,0f,0f,0f,1f],start_interpolation:0}
execute if entity @s[tag=aj.assembler.bone.bone9] run data modify entity @s {} merge value {transformation:[-0.9424460413026154f,0.3043895561156758f,0.1383562696834906f,-0.4672426341698078f,0f,0.41379645148800154f,-0.9103694287133867f,-0.11042180838645493f,-0.3343582797434945f,-0.8579740642138548f,-0.3899808276099368f,-0.9967793393059862f,0f,0f,0f,1f],start_interpolation:0}
execute if entity @s[tag=aj.assembler.bone.bone8] run data modify entity @s {} merge value {transformation:[-0.9424460413026154f,0.3043895561156758f,0.1383562696834906f,-0.9145914890350539f,0f,0.41379645148800154f,-0.9103694287133867f,0.29469002460476346f,-0.3343582797434945f,-0.8579740642138548f,-0.3899808276099368f,-0.29662572705327717f,0f,0f,0f,1f],start_interpolation:0}
execute if entity @s[tag=aj.assembler.bone.bone7] run data modify entity @s {} merge value {transformation:[-0.9424460413026154f,0.25218360846986126f,0.2195424488616009f,-0.8679290463067382f,0f,0.6566083813746875f,-0.7542316842380151f,-0.234375f,-0.3343582797434945f,-0.7108226650351216f,-0.6188179697126922f,-0.24122657382339768f,0f,0f,0f,1f],start_interpolation:0}
execute if entity @s[tag=aj.assembler.bone.octagon2] run data modify entity @s {} merge value {transformation:[-0.9424460413026154f,0f,0.3343582797434945f,-0.8593749999999999f,0f,1f,0f,-0.40625f,-0.3343582797434945f,0f,-0.9424460413026154f,-0.171875f,0f,0f,0f,1f],start_interpolation:0}