execute if entity @s[tag=aj.assembler.bone.bone21] run data modify entity @s {} merge value {transformation:[-0.05887204059152923f,0.998265537237758f,1.2246467991473532e-16f,0.6899334445395526f,0.998265537237758f,0.05887204059152923f,0f,1.056749533742241f,-7.209745606968939e-18f,1.2225226948773333e-16f,-1f,-1.0885859375000004f,0f,0f,0f,1f],start_interpolation:0}
execute if entity @s[tag=aj.assembler.bone.arm4] run data modify entity @s {} merge value {transformation:[-0.5953147195521747f,0.8034926164467946f,1.2246467991473532e-16f,0.37546093506651634f,0.8034926164467946f,0.5953147195521747f,0f,1.4811911461168772f,-7.29050265784875e-17f,9.83994660870099e-17f,-1f,-1.0885859375000004f,0f,0f,0f,1f],start_interpolation:0}
execute if entity @s[tag=aj.assembler.bone.small_arm_base4] run data modify entity @s {} merge value {transformation:[0.35347484377925625f,0.9354440308298677f,1.2246467991473532e-16f,0.381376490183331f,0.9354440308298677f,-0.35347484377925625f,0f,1.4968462084797454f,4.328818360133769e-17f,1.1455885381372955e-16f,-1f,-0.9948359375000004f,0f,0f,0f,1f],start_interpolation:0}
execute if entity @s[tag=aj.assembler.bone.bone25] run data modify entity @s {} merge value {transformation:[-0.9995065603657315f,-0.03141075907812925f,1.2246467991473532e-16f,1.531195361832059e-16f,-0.03141075907812925f,0.9995065603657315f,0f,0.5000000000000001f,-1.224042509878674e-16f,-3.846708556381965e-18f,-1f,-1.4323359375000004f,0f,0f,0f,1f],start_interpolation:0}
execute if entity @s[tag=aj.assembler.bone.bone16] run data modify entity @s {} merge value {transformation:[-0.9599453254936857f,0.2801873874085377f,1.2246467991473532e-16f,-0.5837994464926827f,0.2801873874085377f,0.9599453254936857f,0f,1.2234889204344235f,-1.1755939702223062e-16f,3.4313058715132515e-17f,-1f,-1.0885859375000004f,0f,0f,0f,1f],start_interpolation:0}
execute if entity @s[tag=aj.assembler.bone.arm3] run data modify entity @s {} merge value {transformation:[-0.752285561019519f,-0.6588371837423475f,1.2246467991473532e-16f,-0.9811911461168767f,-0.6588371837423475f,0.752285561019519f,0f,0.8754609350665166f,-9.212841043473249e-17f,-8.068428482293224e-17f,-1f,-1.0885859375000004f,0f,0f,0f,1f],start_interpolation:0}
execute if entity @s[tag=aj.assembler.bone.small_arm_base3] run data modify entity @s {} merge value {transformation:[-0.9354440308298677f,0.3534748437792565f,1.2246467991473532e-16f,-0.996846208479745f,0.3534748437792565f,0.9354440308298677f,0f,0.8813764901833312f,-1.1455885381372955e-16f,4.328818360133772e-17f,-1f,-0.9948359375000005f,0f,0f,0f,1f],start_interpolation:0}
execute if entity @s[tag=aj.assembler.bone.bone15] run data modify entity @s {} merge value {transformation:[0.03141075907812903f,-0.9995065603657315f,1.2246467991473532e-16f,1.531195361832059e-16f,-0.9995065603657315f,-0.03141075907812903f,0f,0.5000000000000001f,3.846708556381938e-18f,-1.224042509878674e-16f,-1f,-1.4323359375000004f,0f,0f,0f,1f],start_interpolation:0}
execute if entity @s[tag=aj.assembler.bone.bone26] run data modify entity @s {} merge value {transformation:[0.9335519931018548f,0.3584420122914649f,1.2246467991473532e-16f,0.5750804640953711f,0.3584420122914649f,-0.9335519931018548f,0f,-0.21327413119342398f,1.1432714601898186e-16f,4.3896486303267863e-17f,-1f,-1.0885859375000004f,0f,0f,0f,1f],start_interpolation:0}
execute if entity @s[tag=aj.assembler.bone.arm5] run data modify entity @s {} merge value {transformation:[0.7687911009451998f,0.6394999946109992f,1.2246467991473532e-16f,0.9811911461168773f,0.6394999946109992f,-0.7687911009451998f,0f,0.12453906493348414f,9.414975609855087e-17f,7.831616214551098e-17f,-1f,-1.0885859375000004f,0f,0f,0f,1f],start_interpolation:0}
execute if entity @s[tag=aj.assembler.bone.small_arm_base5] run data modify entity @s {} merge value {transformation:[0.9354440308298678f,-0.3534748437792561f,1.2246467991473532e-16f,0.9968462084797455f,-0.3534748437792561f,-0.9354440308298678f,0f,0.11862350981666947f,1.1455885381372957e-16f,-4.328818360133767e-17f,-1f,-0.9948359375000003f,0f,0f,0f,1f],start_interpolation:0}
execute if entity @s[tag=aj.assembler.bone.bone20] run data modify entity @s {} merge value {transformation:[-0.03141075907812947f,0.9995065603657315f,1.2246467991473532e-16f,1.531195361832059e-16f,0.9995065603657315f,0.03141075907812947f,0f,0.5000000000000001f,-3.846708556381992e-18f,1.224042509878674e-16f,-1f,-1.4323359375000004f,0f,0f,0f,1f],start_interpolation:0}
execute if entity @s[tag=aj.assembler.bone.bone11] run data modify entity @s {} merge value {transformation:[-0.13707148697822275f,0.9905611578583017f,1.2246467991473532e-16f,-0.7717039687137299f,0.9905611578583017f,0.13707148697822275f,0f,-0.13185592055910011f,-1.6786415778224856e-17f,1.2130875513308652e-16f,-1f,-1.0885859375000004f,0f,0f,0f,1f],start_interpolation:0}
execute if entity @s[tag=aj.assembler.bone.arm2] run data modify entity @s {} merge value {transformation:[-0.7501110696304593f,0.6613118653236524f,1.2246467991473532e-16f,-0.37546093506651607f,0.6613118653236524f,0.7501110696304593f,0f,-0.4811911461168769f,-9.186211204279392e-17f,8.098734591067764e-17f,-1f,-1.0885859375000004f,0f,0f,0f,1f],start_interpolation:0}
execute if entity @s[tag=aj.assembler.bone.small_arm_base2] run data modify entity @s {} merge value {transformation:[0.35347484377925625f,0.9354440308298677f,1.2246467991473532e-16f,-0.38137649018333075f,0.9354440308298677f,-0.35347484377925625f,0f,-0.49684620847974514f,4.328818360133769e-17f,1.1455885381372955e-16f,-1f,-0.9948359375000004f,0f,0f,0f,1f],start_interpolation:0}
execute if entity @s[tag=aj.assembler.bone.bone2] run data modify entity @s {} merge value {transformation:[-0.9995065603657315f,-0.03141075907812925f,1.2246467991473532e-16f,1.531195361832059e-16f,-0.03141075907812925f,0.9995065603657315f,0f,0.5000000000000001f,-1.224042509878674e-16f,-3.846708556381965e-18f,-1f,-1.4323359375000004f,0f,0f,0f,1f],start_interpolation:0}
execute if entity @s[tag=aj.assembler.bone.ring] run data modify entity @s {} merge value {transformation:[-1.798361367277791f,-0.056515782770158306f,2.2034447591230768e-16f,1.1102230246251565e-16f,-0.056515782770158306f,1.798361367277791f,0f,0.5000000000000001f,-2.2023574921470044e-16f,-6.92118724707815e-18f,-1.7992491881391441f,-1.0885859375000004f,0f,0f,0f,1f],start_interpolation:0}
execute if entity @s[tag=aj.assembler.bone.wheel] run data modify entity @s {} merge value {transformation:[-1f,3.784366730434196e-17f,1.1647083184890909e-16f,1.0625f,0f,0.9510565162951523f,-0.30901699437495117f,-0.6249999999999999f,-1.2246467991473532e-16f,-0.30901699437495117f,-0.9510565162951523f,-1.2135859375000002f,0f,0f,0f,1f],start_interpolation:0}
execute if entity @s[tag=aj.assembler.bone.wheel2] run data modify entity @s {} merge value {transformation:[-1f,3.784366730434196e-17f,1.1647083184890909e-16f,1.0625f,0f,0.9510565162951523f,-0.30901699437495117f,-0.6249999999999999f,-1.2246467991473532e-16f,-0.30901699437495117f,-0.9510565162951523f,-0.9635859375000002f,0f,0f,0f,1f],start_interpolation:0}
execute if entity @s[tag=aj.assembler.bone.rails] run data modify entity @s {} merge value {transformation:[-1.137300743709099f,0f,1.3927917154512523e-16f,-0.43749999999999994f,0f,1.137300743709099f,0f,-0.9999999999999999f,-1.3927917154512523e-16f,0f,-1.137300743709099f,-0.6510859375000004f,0f,0f,0f,1f],start_interpolation:0}
execute if entity @s[tag=aj.assembler.bone.wheel3] run data modify entity @s {} merge value {transformation:[-1f,3.784366730434196e-17f,1.1647083184890909e-16f,-1.0625f,0f,0.9510565162951523f,-0.30901699437495117f,-0.6249999999999999f,-1.2246467991473532e-16f,-0.30901699437495117f,-0.9510565162951523f,-0.9635859375000004f,0f,0f,0f,1f],start_interpolation:0}
execute if entity @s[tag=aj.assembler.bone.wheel4] run data modify entity @s {} merge value {transformation:[-1f,3.784366730434196e-17f,1.1647083184890909e-16f,-1.0625f,0f,0.9510565162951523f,-0.30901699437495117f,-0.6249999999999999f,-1.2246467991473532e-16f,-0.30901699437495117f,-0.9510565162951523f,-1.2135859375000004f,0f,0f,0f,1f],start_interpolation:0}
execute if entity @s[tag=aj.assembler.bone.rails2] run data modify entity @s {} merge value {transformation:[-1.2038220325092979f,0f,1.4742567988555726e-16f,0.4375f,0f,1.2038220325092979f,0f,-0.9999999999999999f,-1.4742567988555726e-16f,0f,-1.2038220325092979f,-0.6510859375000003f,0f,0f,0f,1f],start_interpolation:0}
execute if entity @s[tag=aj.assembler.bone.bone6] run data modify entity @s {} merge value {transformation:[-0.7117778084275395f,-0.0037199368823974746f,-0.7023948415952952f,0.6056085818923526f,0f,0.9999859760813504f,-0.0052960023252115185f,0.6403807387568403f,0.7024046920615558f,-0.0037695769284662034f,-0.7117678265134576f,-0.29555769448512526f,0f,0f,0f,1f],start_interpolation:0}
execute if entity @s[tag=aj.assembler.bone.bone5] run data modify entity @s {} merge value {transformation:[-0.7117778084275395f,-0.04861962313194644f,-0.7007199752230533f,0.5128409014875901f,0f,0.9976015011608794f,-0.06921881883967487f,0.634640206827659f,0.7024046920615558f,-0.04926841917564666f,-0.7100706101803143f,-0.3895632969500098f,0f,0f,0f,1f],start_interpolation:0}
execute if entity @s[tag=aj.assembler.bone.bone4] run data modify entity @s {} merge value {transformation:[-0.7117778084275395f,-0.04861962313194644f,-0.7007199752230533f,1.133529787935298f,0f,0.9976015011608794f,-0.06921881883967487f,0.15706279013461544f,0.7024046920615558f,-0.04926841917564666f,-0.7100706101803143f,-0.027531866657693f,0f,0f,0f,1f],start_interpolation:0}
execute if entity @s[tag=aj.assembler.bone.bone3] run data modify entity @s {} merge value {transformation:[-0.7117778084275395f,-0.031495771722262866f,-0.7016982027864316f,0.8377177632595134f,0f,0.9989941848579476f,-0.04483992216769348f,-0.234375f,0.7024046920615558f,-0.03191606153058231f,-0.7110618915300462f,-0.23831125965364472f,0f,0f,0f,1f],start_interpolation:0}
execute if entity @s[tag=aj.assembler.bone.octagon] run data modify entity @s {} merge value {transformation:[-0.7117778084275395f,0f,-0.7024046920615558f,0.859375f,0f,1f,0f,-0.40625f,0.7024046920615558f,0f,-0.7117778084275395f,-0.1718749999999999f,0f,0f,0f,1f],start_interpolation:0}
execute if entity @s[tag=aj.assembler.bone.bone10] run data modify entity @s {} merge value {transformation:[-0.7625122071582003f,-0.3928047730608828f,0.5140812622487985f,-0.5802071840798779f,0f,0.7945935988630313f,0.6071416742786614f,0.543153017465891f,-0.6469738278591567f,0.46295293811194727f,-0.6058873188628277f,-0.35599198024779766f,0f,0f,0f,1f],start_interpolation:0}
execute if entity @s[tag=aj.assembler.bone.bone9] run data modify entity @s {} merge value {transformation:[-0.7625122071582003f,0.14534059754135675f,0.6304373439454954f,-0.49639719418858863f,0f,0.974440258320216f,-0.22464679602618606f,0.5167932491499254f,-0.6469738278591567f,-0.1712959242689452f,-0.7430225921155548f,-0.45476899041740454f,0f,0f,0f,1f],start_interpolation:0}
execute if entity @s[tag=aj.assembler.bone.bone8] run data modify entity @s {} merge value {transformation:[-0.7625122071582003f,0.14534059754135675f,0.6304373439454954f,-1.1068838829328254f,0f,0.974440258320216f,-0.22464679602618606f,0.17710000533664516f,-0.6469738278591567f,-0.1712959242689452f,-0.7430225921155548f,-0.025070692736668343f,0f,0f,0f,1f],start_interpolation:0}
execute if entity @s[tag=aj.assembler.bone.bone7] run data modify entity @s {} merge value {transformation:[-0.7625122071582003f,0.0663391086907662f,0.6435637160319437f,-0.8427676422324963f,0f,0.9947291348113771f,-0.10253754608634329f,-0.234375f,-0.6469738278591567f,-0.0781861305828833f,-0.7584931081095903f,-0.23974994506798616f,0f,0f,0f,1f],start_interpolation:0}
execute if entity @s[tag=aj.assembler.bone.octagon2] run data modify entity @s {} merge value {transformation:[-0.7625122071582003f,0f,0.6469738278591567f,-0.8593749999999999f,0f,1f,0f,-0.40625f,-0.6469738278591567f,0f,-0.7625122071582003f,-0.171875f,0f,0f,0f,1f],start_interpolation:0}