execute if entity @s[tag=aj.assembler.bone.bone21] run data modify entity @s {} merge value {transformation:[0.9008857803565722f,0.4340562299418478f,1.2246467991473532e-16f,0.4148203285495556f,0.4340562299418478f,-0.9008857803565722f,0f,0.16220832465918694f,1.1032668873110416e-16f,5.315655726482515e-17f,-1f,-1.8464999999999998f,0f,0f,0f,1f],start_interpolation:0}
execute if entity @s[tag=aj.assembler.bone.arm4] run data modify entity @s {} merge value {transformation:[0.5470401811558854f,-0.8371063493970979f,1.2246467991473532e-16f,0.7037920151224737f,-0.8371063493970979f,-0.5470401811558854f,0f,-0.2799896014877512f,6.699310068575433e-17f,-1.0251596113350818e-16f,-1f,-1.8464999999999998f,0f,0f,0f,1f],start_interpolation:0}
execute if entity @s[tag=aj.assembler.bone.small_arm_base4] run data modify entity @s {} merge value {transformation:[0.6730125135097733f,-0.7396310949786098f,1.2246467991473532e-16f,0.7150551720006455f,-0.7396310949786098f,-0.6730125135097733f,0f,-0.2923676492766013f,8.242026204558586e-17f,-9.057868530154064e-17f,-1f,-1.7527499999999998f,0f,0f,0f,1f],start_interpolation:0}
execute if entity @s[tag=aj.assembler.bone.bone25] run data modify entity @s {} merge value {transformation:[0.42577929156507266f,0.9048270524660194f,1.2246467991473532e-16f,2.6414183864572156e-16f,0.9048270524660194f,-0.42577929156507266f,0f,0.5000000000000001f,5.2142924655839387e-17f,1.1080935535844448e-16f,-1f,-2.19025f,0f,0f,0f,1f],start_interpolation:0}
execute if entity @s[tag=aj.assembler.bone.bone16] run data modify entity @s {} merge value {transformation:[0.5007419387193187f,0.8655966213009485f,1.2246467991473532e-16f,0.6736472012060638f,0.8655966213009485f,-0.5007419387193187f,0f,0.6863609226746201f,6.132320124514538e-17f,1.0600501316289702e-16f,-1f,-1.8464999999999998f,0f,0f,0f,1f],start_interpolation:0}
execute if entity @s[tag=aj.assembler.bone.arm3] run data modify entity @s {} merge value {transformation:[0.20131233825901818f,0.9795271014447158f,1.2246467991473532e-16f,0.7799896014877518f,0.9795271014447158f,-0.20131233825901818f,0f,1.2037920151224735f,2.4653651067777592e-17f,1.1995747294623558e-16f,-1f,-1.8464999999999998f,0f,0f,0f,1f],start_interpolation:0}
execute if entity @s[tag=aj.assembler.bone.small_arm_base3] run data modify entity @s {} merge value {transformation:[0.7396310949786099f,0.6730125135097731f,1.2246467991473532e-16f,0.7923676492766019f,0.6730125135097731f,-0.7396310949786099f,0f,1.2150551720006453f,9.057868530154065e-17f,8.242026204558584e-17f,-1f,-1.7527499999999998f,0f,0f,0f,1f],start_interpolation:0}
execute if entity @s[tag=aj.assembler.bone.bone15] run data modify entity @s {} merge value {transformation:[-0.9048270524660192f,0.4257792915650729f,1.2246467991473532e-16f,2.6414183864572156e-16f,0.4257792915650729f,0.9048270524660192f,0f,0.5000000000000001f,-1.1080935535844447e-16f,5.214292465583941e-17f,-1f,-2.19025f,0f,0f,0f,1f],start_interpolation:0}
execute if entity @s[tag=aj.assembler.bone.bone26] run data modify entity @s {} merge value {transformation:[0.5376548699774377f,-0.843165013973863f,1.2246467991473532e-16f,-0.38450437243206437f,-0.843165013973863f,-0.5376548699774377f,0f,0.14640089618245392f,6.584373155638553e-17f,-1.0325793355161248e-16f,-1f,-1.8464999999999998f,0f,0f,0f,1f],start_interpolation:0}
execute if entity @s[tag=aj.assembler.bone.arm5] run data modify entity @s {} merge value {transformation:[-0.7486765015385255f,-0.6629355142425499f,1.2246467991473532e-16f,-0.779989601487751f,-0.6629355142425499f,0.7486765015385255f,0f,-0.20379201512247355f,-9.168642812059938e-17f,-8.118618555582433e-17f,-1f,-1.8464999999999998f,0f,0f,0f,1f],start_interpolation:0}
execute if entity @s[tag=aj.assembler.bone.small_arm_base5] run data modify entity @s {} merge value {transformation:[-0.7396310949786096f,-0.6730125135097734f,1.2246467991473532e-16f,-0.7923676492766011f,-0.6730125135097734f,0.7396310949786096f,0f,-0.2150551720006454f,-9.057868530154063e-17f,-8.242026204558588e-17f,-1f,-1.7527499999999998f,0f,0f,0f,1f],start_interpolation:0}
execute if entity @s[tag=aj.assembler.bone.bone20] run data modify entity @s {} merge value {transformation:[0.9048270524660195f,-0.42577929156507244f,1.2246467991473532e-16f,2.6414183864572156e-16f,-0.42577929156507244f,-0.9048270524660195f,0f,0.5000000000000001f,1.1080935535844449e-16f,-5.214292465583936e-17f,-1f,-2.19025f,0f,0f,0f,1f],start_interpolation:0}
execute if entity @s[tag=aj.assembler.bone.bone11] run data modify entity @s {} merge value {transformation:[0.9938725347743028f,-0.11053227863978327f,1.2246467991473532e-16f,-0.20273295637802913f,-0.11053227863978327f,-0.9938725347743028f,0f,1.1127070226590476f,1.217142818471816e-16f,-1.3536300123867406e-17f,-1f,-1.8464999999999998f,0f,0f,0f,1f],start_interpolation:0}
execute if entity @s[tag=aj.assembler.bone.arm2] run data modify entity @s {} merge value {transformation:[0.9485338910398505f,-0.31667563459919257f,1.2246467991473532e-16f,-0.7037920151224732f,-0.31667563459919257f,-0.9485338910398505f,0f,1.2799896014877514f,1.161618993544737e-16f,-3.8781580227985804e-17f,-1f,-1.8464999999999998f,0f,0f,0f,1f],start_interpolation:0}
execute if entity @s[tag=aj.assembler.bone.small_arm_base2] run data modify entity @s {} merge value {transformation:[0.6730125135097733f,-0.7396310949786098f,1.2246467991473532e-16f,-0.7150551720006451f,-0.7396310949786098f,-0.6730125135097733f,0f,1.2923676492766014f,8.242026204558586e-17f,-9.057868530154064e-17f,-1f,-1.7527499999999998f,0f,0f,0f,1f],start_interpolation:0}
execute if entity @s[tag=aj.assembler.bone.bone2] run data modify entity @s {} merge value {transformation:[0.42577929156507266f,0.9048270524660194f,1.2246467991473532e-16f,2.6414183864572156e-16f,0.9048270524660194f,-0.42577929156507266f,0f,0.5000000000000001f,5.2142924655839387e-17f,1.1080935535844448e-16f,-1f,-2.19025f,0f,0f,0f,1f],start_interpolation:0}
execute if entity @s[tag=aj.assembler.bone.ring] run data modify entity @s {} merge value {transformation:[0.766083044674917f,1.6280093395558202f,2.2034447591230768e-16f,2.220446049250313e-16f,1.6280093395558202f,-0.766083044674917f,0f,0.5000000000000001f,9.381811485421957e-17f,1.9937364266690316e-16f,-1.7992491881391441f,-1.8464999999999998f,0f,0f,0f,1f],start_interpolation:0}
execute if entity @s[tag=aj.assembler.bone.wheel] run data modify entity @s {} merge value {transformation:[-1f,-1.1647083184890928e-16f,3.784366730434137e-17f,1.0625000000000002f,0f,0.30901699437494634f,0.951056516295154f,-0.6249999999999999f,-1.2246467991473532e-16f,0.951056516295154f,-0.30901699437494634f,-1.9714999999999996f,0f,0f,0f,1f],start_interpolation:0}
execute if entity @s[tag=aj.assembler.bone.wheel2] run data modify entity @s {} merge value {transformation:[-1f,-1.1647083184890928e-16f,3.784366730434137e-17f,1.0625000000000002f,0f,0.30901699437494634f,0.951056516295154f,-0.6249999999999999f,-1.2246467991473532e-16f,0.951056516295154f,-0.30901699437494634f,-1.7214999999999996f,0f,0f,0f,1f],start_interpolation:0}
execute if entity @s[tag=aj.assembler.bone.rails] run data modify entity @s {} merge value {transformation:[-1.137300743709099f,0f,1.3927917154512523e-16f,-0.43749999999999983f,0f,1.137300743709099f,0f,-0.9999999999999999f,-1.3927917154512523e-16f,0f,-1.137300743709099f,-1.4089999999999998f,0f,0f,0f,1f],start_interpolation:0}
execute if entity @s[tag=aj.assembler.bone.wheel3] run data modify entity @s {} merge value {transformation:[-1f,-1.1647083184890928e-16f,3.784366730434137e-17f,-1.0625f,0f,0.30901699437494634f,0.951056516295154f,-0.6249999999999999f,-1.2246467991473532e-16f,0.951056516295154f,-0.30901699437494634f,-1.7215f,0f,0f,0f,1f],start_interpolation:0}
execute if entity @s[tag=aj.assembler.bone.wheel4] run data modify entity @s {} merge value {transformation:[-1f,-1.1647083184890928e-16f,3.784366730434137e-17f,-1.0625f,0f,0.30901699437494634f,0.951056516295154f,-0.6249999999999999f,-1.2246467991473532e-16f,0.951056516295154f,-0.30901699437494634f,-1.9715f,0f,0f,0f,1f],start_interpolation:0}
execute if entity @s[tag=aj.assembler.bone.rails2] run data modify entity @s {} merge value {transformation:[-1.2038220325092979f,0f,1.4742567988555726e-16f,0.4375000000000001f,0f,1.2038220325092979f,0f,-0.9999999999999999f,-1.4742567988555726e-16f,0f,-1.2038220325092979f,-1.4089999999999998f,0f,0f,0f,1f],start_interpolation:0}
execute if entity @s[tag=aj.assembler.bone.bone6] run data modify entity @s {} merge value {transformation:[-0.9544664520142614f,0.07881015338181145f,-0.28771991885033416f,0.3893575534298544f,0f,0.9644729972441284f,0.2641814482262666f,0.7168910009440069f,0.2983182729557603f,0.252152329576514f,-0.9205571197431637f,-1.361429636048845f,0f,0f,0f,1f],start_interpolation:0}
execute if entity @s[tag=aj.assembler.bone.bone5] run data modify entity @s {} merge value {transformation:[-0.9544664520142614f,-0.10850339816581024f,-0.2778863159023473f,0.35226373636608765f,0f,0.9315095356011163f,-0.3637169023900221f,0.6720062095623476f,0.2983182729557603f,-0.34715558136182184f,-0.8890946014626497f,-1.480110947836172f,0f,0f,0f,1f],start_interpolation:0}
execute if entity @s[tag=aj.assembler.bone.bone4] run data modify entity @s {} merge value {transformation:[-0.9544664520142614f,-0.10850339816581024f,-0.2778863159023473f,0.8780087513982913f,0f,0.9315095356011163f,-0.3637169023900221f,0.2662532555563717f,0.2983182729557603f,-0.34715558136182184f,-0.8890946014626497f,-0.42651816571188517f,0f,0f,0f,1f],start_interpolation:0}
execute if entity @s[tag=aj.assembler.bone.bone3] run data modify entity @s {} merge value {transformation:[-0.9544664520142614f,-0.26873219067832327f,-0.12952529356282816f,0.8705571845657106f,0f,0.4341849135806588f,-0.9008237679029989f,-0.234375f,0.2983182729557603f,-0.8598060656404939f,-0.4144149339834501f,-0.24085159928075872f,0f,0f,0f,1f],start_interpolation:0}
execute if entity @s[tag=aj.assembler.bone.octagon] run data modify entity @s {} merge value {transformation:[-0.9544664520142614f,0f,-0.2983182729557603f,0.859375f,0f,1f,0f,-0.40625f,0.2983182729557603f,0f,-0.9544664520142614f,-0.1718749999999999f,0f,0f,0f,1f],start_interpolation:0}
execute if entity @s[tag=aj.assembler.bone.bone10] run data modify entity @s {} merge value {transformation:[-0.3799986655670601f,0.6803336259698136f,0.6266954376266188f,-0.4348557224619406f,0f,0.6775180777551103f,-0.7355061211948003f,0.17333131810084784f,-0.924987034594136f,-0.27949134457042846f,-0.25745596544450156f,-0.24492116869749084f,0f,0f,0f,1f],start_interpolation:0}
execute if entity @s[tag=aj.assembler.bone.bone9] run data modify entity @s {} merge value {transformation:[-0.3799986655670601f,0.6865344593430767f,0.6198963222199039f,-0.35059053410990715f,0f,0.6701675796914286f,-0.7422098188049877f,0.07753537764004598f,-0.924987034594136f,-0.2820387407166648f,-0.25466278598904923f,-0.2795385827043581f,0f,0f,0f,1f],start_interpolation:0}
execute if entity @s[tag=aj.assembler.bone.bone8] run data modify entity @s {} merge value {transformation:[-0.3799986655670601f,0.6865344593430767f,0.6198963222199039f,-1.1043600215789633f,0f,0.6701675796914286f,-0.7422098188049877f,0.21039723433183688f,-0.924987034594136f,-0.2820387407166648f,-0.25466278598904923f,-0.17258421936366855f,0f,0f,0f,1f],start_interpolation:0}
execute if entity @s[tag=aj.assembler.bone.bone7] run data modify entity @s {} merge value {transformation:[-0.3799986655670601f,0.192315618346972f,0.9047738485981318f,-0.813438268636837f,0f,0.9781476007338057f,-0.20791169081775926f,-0.234375f,-0.924987034594136f,-0.0790061650665397f,-0.37169478300646763f,-0.22453076142900802f,0f,0f,0f,1f],start_interpolation:0}
execute if entity @s[tag=aj.assembler.bone.octagon2] run data modify entity @s {} merge value {transformation:[-0.3799986655670601f,0f,0.924987034594136f,-0.8593749999999999f,0f,1f,0f,-0.40625f,-0.924987034594136f,0f,-0.3799986655670601f,-0.171875f,0f,0f,0f,1f],start_interpolation:0}