execute if entity @s[tag=aj.assembler.bone.bone21] run data modify entity @s {} merge value {transformation:[0.9343427652222538f,0.35637564040887093f,1.2246467991473532e-16f,0.3922020673821701f,0.35637564040887093f,-0.9343427652222538f,0f,0.14990418948527787f,1.1442398767359196e-16f,4.364342873208118e-17f,-1f,-1.9130000000000003f,0f,0f,0f,1f],start_interpolation:0}
execute if entity @s[tag=aj.assembler.bone.arm4] run data modify entity @s {} merge value {transformation:[0.842939631725622f,-0.538008157248822f,1.2246467991473532e-16f,0.8374814005094289f,-0.538008157248822f,-0.842939631725622f,0f,-0.13429636825378358f,1.0323033218672315e-16f,-6.588699676899356e-17f,-1f,-1.9130000000000003f,0f,0f,0f,1f],start_interpolation:0}
execute if entity @s[tag=aj.assembler.bone.small_arm_base4] run data modify entity @s {} merge value {transformation:[0.7996846584870907f,-0.6004202253258842f,1.2246467991473532e-16f,0.8508644707804939f,-0.6004202253258842f,-0.7996846584870907f,0f,-0.14434466164346438f,9.793312573434597e-17f,-7.353027070886766e-17f,-1f,-1.8192500000000003f,0f,0f,0f,1f],start_interpolation:0}
execute if entity @s[tag=aj.assembler.bone.bone25] run data modify entity @s {} merge value {transformation:[0.24868988716485485f,0.9685831611286312f,1.2246467991473532e-16f,2.6414183864572156e-16f,0.9685831611286312f,-0.24868988716485485f,0f,0.5000000000000001f,3.0455727429675594e-17f,1.1861722679842032e-16f,-1f,-2.2567500000000003f,0f,0f,0f,1f],start_interpolation:0}
execute if entity @s[tag=aj.assembler.bone.bone16] run data modify entity @s {} merge value {transformation:[-0.5632317170918071f,0.8262989972533037f,1.2246467991473532e-16f,0.6531024595507691f,0.8262989972533037f,0.5632317170918071f,0f,0.8095704492500528f,-6.89759919514749e-17f,1.0119244221249258e-16f,-1f,-1.9130000000000003f,0f,0f,0f,1f],start_interpolation:0}
execute if entity @s[tag=aj.assembler.bone.arm3] run data modify entity @s {} merge value {transformation:[-0.035601022757434875f,0.999366082663718f,1.2246467991473532e-16f,0.6342963682537841f,0.999366082663718f,0.035601022757434875f,0f,1.3374814005094289f,-4.359867856626461e-18f,1.2238704743105513e-16f,-1f,-1.9130000000000003f,0f,0f,0f,1f],start_interpolation:0}
execute if entity @s[tag=aj.assembler.bone.small_arm_base3] run data modify entity @s {} merge value {transformation:[0.6004202253258843f,0.7996846584870906f,1.2246467991473532e-16f,0.6443446616434649f,0.7996846584870906f,-0.6004202253258843f,0f,1.3508644707804938f,7.353027070886768e-17f,9.793312573434596e-17f,-1f,-1.8192500000000003f,0f,0f,0f,1f],start_interpolation:0}
execute if entity @s[tag=aj.assembler.bone.bone15] run data modify entity @s {} merge value {transformation:[-0.9685831611286312f,0.24868988716485507f,1.2246467991473532e-16f,2.6414183864572156e-16f,0.24868988716485507f,0.9685831611286312f,0f,0.5000000000000001f,-1.1861722679842032e-16f,3.045572742967562e-17f,-1f,-2.2567500000000003f,0f,0f,0f,1f],start_interpolation:0}
execute if entity @s[tag=aj.assembler.bone.bone26] run data modify entity @s {} merge value {transformation:[0.4466440305053212f,-0.8947117468849741f,1.2246467991473532e-16f,-0.3092833868011995f,-0.8947117468849741f,-0.4466440305053212f,0f,0.07894410713479849f,5.469811823166143e-17f,-1.0957058769822203e-16f,-1f,-1.9130000000000003f,0f,0f,0f,1f],start_interpolation:0}
execute if entity @s[tag=aj.assembler.bone.arm5] run data modify entity @s {} merge value {transformation:[-0.6152684450176111f,-0.7883176647555293f,1.2246467991473532e-16f,-0.6342963682537832f,-0.7883176647555293f,0.6152684450176111f,0f,-0.33748140050942865f,-7.534865318071867e-17f,-9.654107048541751e-17f,-1f,-1.9130000000000003f,0f,0f,0f,1f],start_interpolation:0}
execute if entity @s[tag=aj.assembler.bone.small_arm_base5] run data modify entity @s {} merge value {transformation:[-0.600420225325884f,-0.7996846584870908f,1.2246467991473532e-16f,-0.644344661643464f,-0.7996846584870908f,0.600420225325884f,0f,-0.35086447078049365f,-7.353027070886763e-17f,-9.793312573434598e-17f,-1f,-1.8192500000000003f,0f,0f,0f,1f],start_interpolation:0}
execute if entity @s[tag=aj.assembler.bone.bone20] run data modify entity @s {} merge value {transformation:[0.9685831611286312f,-0.24868988716485463f,1.2246467991473532e-16f,2.6414183864572156e-16f,-0.24868988716485463f,-0.9685831611286312f,0f,0.5000000000000001f,1.1861722679842032e-16f,-3.045572742967557e-17f,-1f,-2.2567500000000003f,0f,0f,0f,1f],start_interpolation:0}
execute if entity @s[tag=aj.assembler.bone.bone11] run data modify entity @s {} merge value {transformation:[0.9507756697201333f,-0.30988001850431146f,1.2246467991473532e-16f,-0.3105197940957046f,-0.30988001850431146f,-0.9507756697201333f,0f,1.1711081448384244f,1.164364380629942e-16f,-3.7949357278102756e-17f,-1f,-1.9130000000000003f,0f,0f,0f,1f],start_interpolation:0}
execute if entity @s[tag=aj.assembler.bone.arm2] run data modify entity @s {} merge value {transformation:[0.997568917749383f,0.06968683046548335f,1.2246467991473532e-16f,-0.8374814005094284f,0.06968683046548335f,-0.997568917749383f,0f,1.1342963682537839f,1.221669582050671e-16f,8.534175387227832e-18f,-1f,-1.9130000000000003f,0f,0f,0f,1f],start_interpolation:0}
execute if entity @s[tag=aj.assembler.bone.small_arm_base2] run data modify entity @s {} merge value {transformation:[0.7996846584870907f,-0.6004202253258842f,1.2246467991473532e-16f,-0.8508644707804934f,-0.6004202253258842f,-0.7996846584870907f,0f,1.1443446616434647f,9.793312573434597e-17f,-7.353027070886766e-17f,-1f,-1.8192500000000003f,0f,0f,0f,1f],start_interpolation:0}
execute if entity @s[tag=aj.assembler.bone.bone2] run data modify entity @s {} merge value {transformation:[0.24868988716485485f,0.9685831611286312f,1.2246467991473532e-16f,2.6414183864572156e-16f,0.9685831611286312f,-0.24868988716485485f,0f,0.5000000000000001f,3.0455727429675594e-17f,1.1861722679842032e-16f,-1f,-2.2567500000000003f,0f,0f,0f,1f],start_interpolation:0}
execute if entity @s[tag=aj.assembler.bone.ring] run data modify entity @s {} merge value {transformation:[0.4474550775797804f,1.7427224663059355f,2.2034447591230768e-16f,2.220446049250313e-16f,1.7427224663059355f,-0.4474550775797804f,0f,0.5000000000000001f,5.4797442852030876e-17f,2.1342194901637448e-16f,-1.7992491881391441f,-1.9130000000000003f,0f,0f,0f,1f],start_interpolation:0}
execute if entity @s[tag=aj.assembler.bone.wheel] run data modify entity @s {} merge value {transformation:[-1f,-7.198293278059987e-17f,9.907600726170901e-17f,1.0625000000000002f,0f,0.8090169943749462f,0.5877852522924748f,-0.6249999999999999f,-1.2246467991473532e-16f,0.5877852522924748f,-0.8090169943749462f,-2.0380000000000003f,0f,0f,0f,1f],start_interpolation:0}
execute if entity @s[tag=aj.assembler.bone.wheel2] run data modify entity @s {} merge value {transformation:[-1f,-7.198293278059987e-17f,9.907600726170901e-17f,1.0625000000000002f,0f,0.8090169943749462f,0.5877852522924748f,-0.6249999999999999f,-1.2246467991473532e-16f,0.5877852522924748f,-0.8090169943749462f,-1.788f,0f,0f,0f,1f],start_interpolation:0}
execute if entity @s[tag=aj.assembler.bone.rails] run data modify entity @s {} merge value {transformation:[-1.137300743709099f,0f,1.3927917154512523e-16f,-0.43749999999999983f,0f,1.137300743709099f,0f,-0.9999999999999999f,-1.3927917154512523e-16f,0f,-1.137300743709099f,-1.4755000000000003f,0f,0f,0f,1f],start_interpolation:0}
execute if entity @s[tag=aj.assembler.bone.wheel3] run data modify entity @s {} merge value {transformation:[-1f,-7.198293278059987e-17f,9.907600726170901e-17f,-1.0625f,0f,0.8090169943749462f,0.5877852522924748f,-0.6249999999999999f,-1.2246467991473532e-16f,0.5877852522924748f,-0.8090169943749462f,-1.7880000000000005f,0f,0f,0f,1f],start_interpolation:0}
execute if entity @s[tag=aj.assembler.bone.wheel4] run data modify entity @s {} merge value {transformation:[-1f,-7.198293278059987e-17f,9.907600726170901e-17f,-1.0625f,0f,0.8090169943749462f,0.5877852522924748f,-0.6249999999999999f,-1.2246467991473532e-16f,0.5877852522924748f,-0.8090169943749462f,-2.0380000000000003f,0f,0f,0f,1f],start_interpolation:0}
execute if entity @s[tag=aj.assembler.bone.rails2] run data modify entity @s {} merge value {transformation:[-1.2038220325092979f,0f,1.4742567988555726e-16f,0.4375000000000001f,0f,1.2038220325092979f,0f,-0.9999999999999999f,-1.4742567988555726e-16f,0f,-1.2038220325092979f,-1.4755000000000003f,0f,0f,0f,1f],start_interpolation:0}
execute if entity @s[tag=aj.assembler.bone.bone6] run data modify entity @s {} merge value {transformation:[-0.9355363839331714f,0.10772418195350222f,-0.33640329213563647f,0.27781729874041655f,0f,0.9523623889811919f,0.3049686542155392f,0.6066551346259303f,0.35323034175626195f,0.28530927197777134f,-0.8909696655814207f,-1.4467326089072485f,0f,0f,0f,1f],start_interpolation:0}
execute if entity @s[tag=aj.assembler.bone.bone5] run data modify entity @s {} merge value {transformation:[-0.9355363839331714f,-0.13927564191012992f,-0.32461357012264114f,0.2344432857821801f,0f,0.918985522332713f,-0.39429127525583224f,0.5576871041622268f,0.35323034175626195f,-0.36887383386924005f,-0.8597443924500832f,-1.5616093973446894f,0f,0f,0f,1f],start_interpolation:0}
execute if entity @s[tag=aj.assembler.bone.bone4] run data modify entity @s {} merge value {transformation:[-0.9355363839331714f,-0.13927564191012992f,-0.32461357012264114f,0.8172079471961105f,0f,0.918985522332713f,-0.39429127525583224f,0.19935172384995292f,0.35323034175626195f,-0.36887383386924005f,-0.8597443924500832f,-0.5489626857265577f,0f,0f,0f,1f],start_interpolation:0}
execute if entity @s[tag=aj.assembler.bone.bone3] run data modify entity @s {} merge value {transformation:[-0.9355363839331714f,-0.34800284177626756f,-0.06054499527531298f,0.8665336156381452f,0f,0.1714037219291048f,-0.9852008750041029f,-0.234375f,0.35323034175626195f,-0.9216912640491348f,-0.16035441820624155f,-0.2413844721757063f,0f,0f,0f,1f],start_interpolation:0}
execute if entity @s[tag=aj.assembler.bone.octagon] run data modify entity @s {} merge value {transformation:[-0.9355363839331714f,0f,-0.35323034175626195f,0.859375f,0f,1f,0f,-0.40625f,0.35323034175626195f,0f,-0.9355363839331714f,-0.1718749999999999f,0f,0f,0f,1f],start_interpolation:0}
execute if entity @s[tag=aj.assembler.bone.bone10] run data modify entity @s {} merge value {transformation:[0.5059982089464249f,-0.46718074142079113f,0.7250572166308877f,-0.49687937242397007f,0f,0.8406123961711989f,0.5416371473628037f,0.29062423992497544f,-0.8625345283193074f,-0.27406742646442944f,0.42534836688078914f,0.14947113653608216f,0f,0f,0f,1f],start_interpolation:0}
execute if entity @s[tag=aj.assembler.bone.bone9] run data modify entity @s {} merge value {transformation:[0.5059982089464249f,0.56222909479501f,0.6541133368988846f,-0.4085168445226376f,0f,0.7583619152887222f,-0.6518337253008784f,0.20707288334517399f,-0.8625345283193074f,0.3298266975331203f,0.38372977086927385f,0.2013082275603394f,0f,0f,0f,1f],start_interpolation:0}
execute if entity @s[tag=aj.assembler.bone.bone8] run data modify entity @s {} merge value {transformation:[0.5059982089464249f,0.56222909479501f,0.6541133368988846f,-0.9506228343436112f,0f,0.7583619152887222f,-0.6518337253008784f,0.24665773000512198f,-0.8625345283193074f,0.3298266975331203f,0.38372977086927385f,-0.3340960313374365f,0f,0f,0f,1f],start_interpolation:0}
execute if entity @s[tag=aj.assembler.bone.bone7] run data modify entity @s {} merge value {transformation:[0.5059982089464249f,0.2964183525717617f,0.8100012177778827f,-0.7896541479504674f,0f,0.9390942520947091f,-0.3436596945856162f,-0.234375f,-0.8625345283193074f,0.1738911899473972f,0.47518000959180523f,-0.1672043159508268f,0f,0f,0f,1f],start_interpolation:0}
execute if entity @s[tag=aj.assembler.bone.octagon2] run data modify entity @s {} merge value {transformation:[0.5059982089464249f,0f,0.8625345283193074f,-0.8593749999999999f,0f,1f,0f,-0.40625f,-0.8625345283193074f,0f,0.5059982089464249f,-0.171875f,0f,0f,0f,1f],start_interpolation:0}