execute if entity @s[tag=aj.assembler.bone.bone21] run data modify entity @s {} merge value {transformation:[0.7683900609357787f,0.6399818077532448f,1.2246467991473532e-16f,-0.09879142011206737f,0.6399818077532448f,-0.7683900609357787f,0f,-0.07756287332401157f,9.41006428621641e-17f,7.83751672377548e-17f,-1f,-1.8843437499999998f,0f,0f,0f,1f],start_interpolation:0}
execute if entity @s[tag=aj.assembler.bone.arm4] run data modify entity @s {} merge value {transformation:[-0.7509472689226712f,-0.660362172824566f,1.2246467991473532e-16f,-0.4954761725362657f,-0.660362172824566f,0.7509472689226712f,0f,-0.42639642779319165f,-9.196451692145959e-17f,-8.087104212275961e-17f,-1f,-1.8843437499999998f,0f,0f,0f,1f],start_interpolation:0}
execute if entity @s[tag=aj.assembler.bone.small_arm_base4] run data modify entity @s {} merge value {transformation:[-0.46792981426057334f,-0.8837656300886938f,1.2246467991473532e-16f,-0.5033071813216827f,-0.8837656300886938f,0.46792981426057334f,0f,-0.44118662966226996f,-5.730487492598266e-17f,-1.0823007500845627e-16f,-1f,-1.7905937499999998f,0f,0f,0f,1f],start_interpolation:0}
execute if entity @s[tag=aj.assembler.bone.bone25] run data modify entity @s {} merge value {transformation:[0.9955619646030802f,-0.0941083133185141f,1.2246467991473532e-16f,2.6414183864572156e-16f,-0.0941083133185141f,-0.9955619646030802f,0f,0.5000000000000001f,1.2192117733040127e-16f,-1.1524944467867452e-17f,-1f,-2.2280937499999998f,0f,0f,0f,1f],start_interpolation:0}
execute if entity @s[tag=aj.assembler.bone.bone16] run data modify entity @s {} merge value {transformation:[-0.798300582517456f,0.6022592298606063f,1.2246467991473532e-16f,0.47633942252230743f,0.6022592298606063f,0.798300582517456f,0f,0.28109630175583156f,-9.776362531374699e-17f,7.375548381057414e-17f,-1f,-1.8843437499999998f,0f,0f,0f,1f],start_interpolation:0}
execute if entity @s[tag=aj.assembler.bone.arm3] run data modify entity @s {} merge value {transformation:[0.8519840424980003f,-0.5235677523766777f,1.2246467991473532e-16f,0.9263964277931919f,-0.5235677523766777f,-0.8519840424980003f,0f,0.004523827463733985f,1.0433795305697986e-16f,-6.411855720848723e-17f,-1f,-1.8843437499999998f,0f,0f,0f,1f],start_interpolation:0}
execute if entity @s[tag=aj.assembler.bone.small_arm_base3] run data modify entity @s {} merge value {transformation:[0.8837656300886937f,-0.46792981426057356f,1.2246467991473532e-16f,0.9411866296622702f,-0.46792981426057356f,-0.8837656300886937f,0f,-0.0033071813216830614f,1.0823007500845625e-16f,-5.730487492598268e-17f,-1f,-1.7905937499999998f,0f,0f,0f,1f],start_interpolation:0}
execute if entity @s[tag=aj.assembler.bone.bone15] run data modify entity @s {} merge value {transformation:[0.09410831331851433f,0.9955619646030802f,1.2246467991473532e-16f,2.6414183864572156e-16f,0.9955619646030802f,-0.09410831331851433f,0f,0.5000000000000001f,1.152494446786748e-17f,1.2192117733040127e-16f,-1f,-2.2280937499999998f,0f,0f,0f,1f],start_interpolation:0}
execute if entity @s[tag=aj.assembler.bone.bone26] run data modify entity @s {} merge value {transformation:[-0.7189525179949732f,0.695059189471435f,1.2246467991473532e-16f,-0.41669724561691224f,0.695059189471435f,0.7189525179949732f,0f,0.8567304150577693f,-8.804628999014741e-17f,8.512020116041465e-17f,-1f,-1.8843437499999998f,0f,0f,0f,1f],start_interpolation:0}
execute if entity @s[tag=aj.assembler.bone.arm5] run data modify entity @s {} merge value {transformation:[-0.9648901463651198f,0.26265377485864916f,1.2246467991473532e-16f,-0.9263964277931916f,0.26265377485864916f,0.9648901463651198f,0f,0.995476172536266f,-1.1816496292748653e-16f,3.216581046646142e-17f,-1f,-1.8843437499999998f,0f,0f,0f,1f],start_interpolation:0}
execute if entity @s[tag=aj.assembler.bone.small_arm_base5] run data modify entity @s {} merge value {transformation:[-0.8837656300886938f,0.4679298142605731f,1.2246467991473532e-16f,-0.94118662966227f,0.4679298142605731f,0.8837656300886938f,0f,1.003307181321683f,-1.0823007500845628e-16f,5.730487492598263e-17f,-1f,-1.7905937499999998f,0f,0f,0f,1f],start_interpolation:0}
execute if entity @s[tag=aj.assembler.bone.bone20] run data modify entity @s {} merge value {transformation:[-0.09410831331851388f,-0.9955619646030802f,1.2246467991473532e-16f,2.6414183864572156e-16f,-0.9955619646030802f,0.09410831331851388f,0f,0.5000000000000001f,-1.1524944467867424e-17f,-1.2192117733040127e-16f,-1f,-2.2280937499999998f,0f,0f,0f,1f],start_interpolation:0}
execute if entity @s[tag=aj.assembler.bone.bone11] run data modify entity @s {} merge value {transformation:[0.8670163524410812f,-0.4982796851164648f,1.2246467991473532e-16f,0.07042436740231034f,-0.4982796851164648f,-0.8670163524410812f,0f,1.1127491665556426f,1.0617888008253838e-16f,-6.102166214580296e-17f,-1f,-1.8843437499999998f,0f,0f,0f,1f],start_interpolation:0}
execute if entity @s[tag=aj.assembler.bone.arm2] run data modify entity @s {} merge value {transformation:[-0.8046477467696195f,-0.5937524767262659f,1.2246467991473532e-16f,0.49547617253626614f,-0.5937524767262659f,0.8046477467696195f,0f,1.426396427793192f,-9.854092875225444e-17f,-7.271370701086349e-17f,-1f,-1.8843437499999998f,0f,0f,0f,1f],start_interpolation:0}
execute if entity @s[tag=aj.assembler.bone.small_arm_base2] run data modify entity @s {} merge value {transformation:[-0.46792981426057334f,-0.8837656300886938f,1.2246467991473532e-16f,0.5033071813216832f,-0.8837656300886938f,0.46792981426057334f,0f,1.4411866296622702f,-5.730487492598266e-17f,-1.0823007500845627e-16f,-1f,-1.7905937499999998f,0f,0f,0f,1f],start_interpolation:0}
execute if entity @s[tag=aj.assembler.bone.bone2] run data modify entity @s {} merge value {transformation:[0.9955619646030802f,-0.0941083133185141f,1.2246467991473532e-16f,2.6414183864572156e-16f,-0.0941083133185141f,-0.9955619646030802f,0f,0.5000000000000001f,1.2192117733040127e-16f,-1.1524944467867452e-17f,-1f,-2.2280937499999998f,0f,0f,0f,1f],start_interpolation:0}
execute if entity @s[tag=aj.assembler.bone.ring] run data modify entity @s {} merge value {transformation:[1.7912640565543034f,-0.1693243063354807f,2.2034447591230768e-16f,2.220446049250313e-16f,-0.1693243063354807f,-1.7912640565543034f,0f,0.5000000000000001f,2.193665793286931e-16f,-2.0736246977159234e-17f,-1.7992491881391441f,-1.8843437499999998f,0f,0f,0f,1f],start_interpolation:0}
execute if entity @s[tag=aj.assembler.bone.wheel] run data modify entity @s {} merge value {transformation:[-1f,-9.907600726170932e-17f,7.198293278059947e-17f,1.0625000000000002f,0f,0.5877852522924715f,0.8090169943749487f,-0.6249999999999999f,-1.2246467991473532e-16f,0.8090169943749487f,-0.5877852522924715f,-2.0093437499999993f,0f,0f,0f,1f],start_interpolation:0}
execute if entity @s[tag=aj.assembler.bone.wheel2] run data modify entity @s {} merge value {transformation:[-1f,-9.907600726170932e-17f,7.198293278059947e-17f,1.0625000000000002f,0f,0.5877852522924715f,0.8090169943749487f,-0.6249999999999999f,-1.2246467991473532e-16f,0.8090169943749487f,-0.5877852522924715f,-1.7593437499999995f,0f,0f,0f,1f],start_interpolation:0}
execute if entity @s[tag=aj.assembler.bone.rails] run data modify entity @s {} merge value {transformation:[-1.137300743709099f,0f,1.3927917154512523e-16f,-0.43749999999999983f,0f,1.137300743709099f,0f,-0.9999999999999999f,-1.3927917154512523e-16f,0f,-1.137300743709099f,-1.4468437499999998f,0f,0f,0f,1f],start_interpolation:0}
execute if entity @s[tag=aj.assembler.bone.wheel3] run data modify entity @s {} merge value {transformation:[-1f,-9.907600726170932e-17f,7.198293278059947e-17f,-1.0625f,0f,0.5877852522924715f,0.8090169943749487f,-0.6249999999999999f,-1.2246467991473532e-16f,0.8090169943749487f,-0.5877852522924715f,-1.75934375f,0f,0f,0f,1f],start_interpolation:0}
execute if entity @s[tag=aj.assembler.bone.wheel4] run data modify entity @s {} merge value {transformation:[-1f,-9.907600726170932e-17f,7.198293278059947e-17f,-1.0625f,0f,0.5877852522924715f,0.8090169943749487f,-0.6249999999999999f,-1.2246467991473532e-16f,0.8090169943749487f,-0.5877852522924715f,-2.00934375f,0f,0f,0f,1f],start_interpolation:0}
execute if entity @s[tag=aj.assembler.bone.rails2] run data modify entity @s {} merge value {transformation:[-1.2038220325092979f,0f,1.4742567988555726e-16f,0.4375000000000001f,0f,1.2038220325092979f,0f,-0.9999999999999999f,-1.4742567988555726e-16f,0f,-1.2038220325092979f,-1.4468437499999998f,0f,0f,0f,1f],start_interpolation:0}
execute if entity @s[tag=aj.assembler.bone.bone6] run data modify entity @s {} merge value {transformation:[-0.22384217451863353f,-0.9692345852321913f,-0.10236698538372496f,-0.2587037922917389f,0f,0.10503213318014532f,-0.9944688285711263f,0.3299859658886537f,0.9746254054285521f,-0.2226040650783591f,-0.023510621085374467f,-0.33247330502871564f,0f,0f,0f,1f],start_interpolation:0}
execute if entity @s[tag=aj.assembler.bone.bone5] run data modify entity @s {} merge value {transformation:[-0.22384217451863353f,-0.6597663537278387f,-0.7173583758453247f,-0.3557573840607875f,0f,0.7360349646640857f,-0.6769435211241319f,0.24304004799546852f,0.9746254054285521f,-0.1515285097947262f,-0.16475566701215455f,-0.3547635992334671f,0f,0f,0f,1f],start_interpolation:0}
execute if entity @s[tag=aj.assembler.bone.bone4] run data modify entity @s {} merge value {transformation:[-0.22384217451863353f,-0.6597663537278387f,-0.7173583758453247f,0.923287118166429f,0f,0.7360349646640857f,-0.6769435211241319f,0.285142337453521f,0.9746254054285521f,-0.1515285097947262f,-0.16475566701215455f,-0.2533871092155425f,0f,0f,0f,1f],start_interpolation:0}
execute if entity @s[tag=aj.assembler.bone.bone3] run data modify entity @s {} merge value {transformation:[-0.22384217451863353f,-0.5366583913309442f,-0.8135677303831887f,0.8054559801144228f,0f,0.8347491516758228f,-0.5506304148668999f,-0.234375f,0.9746254054285521f,-0.12325430941990419f,-0.1868520652887008f,-0.21632217982705673f,0f,0f,0f,1f],start_interpolation:0}
execute if entity @s[tag=aj.assembler.bone.octagon] run data modify entity @s {} merge value {transformation:[-0.22384217451863353f,0f,-0.9746254054285521f,0.859375f,0f,1f,0f,-0.40625f,0.9746254054285521f,0f,-0.22384217451863353f,-0.1718749999999999f,0f,0f,0f,1f],start_interpolation:0}
execute if entity @s[tag=aj.assembler.bone.bone10] run data modify entity @s {} merge value {transformation:[-0.9870510939704068f,0.00895901333878265f,0.1601557803259648f,-0.5573996404139613f,0f,0.9984390559231096f,-0.055852051057856844f,0.8127357338841206f,-0.16040616537971095f,-0.05512882809714867f,-0.9855103624116857f,-1.4456110097590684f,0f,0f,0f,1f],start_interpolation:0}
execute if entity @s[tag=aj.assembler.bone.bone9] run data modify entity @s {} merge value {transformation:[-0.9870510939704068f,0.04619457541937644f,0.15361054356276044f,-0.5369419212298678f,0f,0.9576349088523871f,-0.28798503667253283f,0.777948290327031f,-0.16040616537971095f,-0.2842559454947314f,-0.9452345844069996f,-1.5714965332549935f,0f,0f,0f,1f],start_interpolation:0}
execute if entity @s[tag=aj.assembler.bone.bone8] run data modify entity @s {} merge value {transformation:[-0.9870510939704068f,0.04619457541937644f,0.15361054356276044f,-0.9097605972618434f,0f,0.9576349088523871f,-0.28798503667253283f,0.2566857312874858f,-0.16040616537971095f,-0.2842559454947314f,-0.9452345844069996f,-0.44628366127651f,0f,0f,0f,1f],start_interpolation:0}
execute if entity @s[tag=aj.assembler.bone.bone7] run data modify entity @s {} merge value {transformation:[-0.9870510939704068f,0.14785896844804314f,0.06219214855030952f,-0.8801949613503431f,0f,0.3877166965689208f,-0.9217785868643746f,-0.234375f,-0.16040616537971095f,-0.9098425625629767f,-0.38269618949894557f,-0.2385783860412664f,0f,0f,0f,1f],start_interpolation:0}
execute if entity @s[tag=aj.assembler.bone.octagon2] run data modify entity @s {} merge value {transformation:[-0.9870510939704068f,0f,0.16040616537971095f,-0.8593749999999999f,0f,1f,0f,-0.40625f,-0.16040616537971095f,0f,-0.9870510939704068f,-0.171875f,0f,0f,0f,1f],start_interpolation:0}