execute if entity @s[tag=aj.assembler.bone.bone21] run data modify entity @s {} merge value {transformation:[0.9993283937786565f,0.036643708706555755f,1.2246467991473532e-16f,0.35441895735139434f,0.036643708706555755f,-0.9993283937786565f,0f,0.020485684136097082f,1.2238243187380972e-16f,4.4875600576371515e-18f,-1f,-1.0869999999999997f,0f,0f,0f,1f],start_interpolation:0}
execute if entity @s[tag=aj.assembler.bone.arm4] run data modify entity @s {} merge value {transformation:[-0.09410831331851444f,-0.9955619646030803f,1.2246467991473532e-16f,0.30470663464281017f,-0.9955619646030803f,0.09410831331851444f,0f,-0.505415757676309f,-1.1524944467867489e-17f,-1.2192117733040127e-16f,-1f,-1.0869999999999997f,0f,0f,0f,1f],start_interpolation:0}
execute if entity @s[tag=aj.assembler.bone.small_arm_base4] run data modify entity @s {} merge value {transformation:[0.2940403252323041f,-0.9557930147983303f,1.2246467991473532e-16f,0.30962752726385356f,-0.9557930147983303f,-0.2940403252323041f,0f,-0.521411369128752f,3.60095543115988e-17f,-1.170508856220174e-16f,-1f,-0.9932499999999997f,0f,0f,0f,1f],start_interpolation:0}
execute if entity @s[tag=aj.assembler.bone.bone25] run data modify entity @s {} merge value {transformation:[0.7705132427757893f,0.6374239897486899f,1.2246467991473532e-16f,1.531195361832059e-16f,0.6374239897486899f,-0.7705132427757893f,0f,0.5000000000000001f,9.436065764660177e-17f,7.806192487454684e-17f,-1f,-1.4307499999999997f,0f,0f,0f,1f],start_interpolation:0}
execute if entity @s[tag=aj.assembler.bone.bone16] run data modify entity @s {} merge value {transformation:[0.8419788968974407f,0.5395104606765005f,1.2246467991473532e-16f,0.859725691198298f,0.5395104606765005f,-0.8419788968974407f,0f,0.2969487730009812f,1.0311267610350698e-16f,6.607097587739903e-17f,-1f,-1.0869999999999997f,0f,0f,0f,1f],start_interpolation:0}
execute if entity @s[tag=aj.assembler.bone.arm3] run data modify entity @s {} merge value {transformation:[0.2757997549999882f,0.9612151138751133f,1.2246467991473532e-16f,1.0054157576763092f,0.9612151138751133f,-0.2757997549999882f,0f,0.80470663464281f,3.377572871663597e-17f,1.177149012499216e-16f,-1f,-1.0869999999999997f,0f,0f,0f,1f],start_interpolation:0}
execute if entity @s[tag=aj.assembler.bone.small_arm_base3] run data modify entity @s {} merge value {transformation:[0.9557930147983303f,0.2940403252323039f,1.2246467991473532e-16f,1.0214113691287523f,0.2940403252323039f,-0.9557930147983303f,0f,0.8096275272638533f,1.170508856220174e-16f,3.600955431159878e-17f,-1f,-0.9932499999999996f,0f,0f,0f,1f],start_interpolation:0}
execute if entity @s[tag=aj.assembler.bone.bone15] run data modify entity @s {} merge value {transformation:[-0.6374239897486896f,0.7705132427757894f,1.2246467991473532e-16f,1.531195361832059e-16f,0.7705132427757894f,0.6374239897486896f,0f,0.5000000000000001f,-7.806192487454681e-17f,9.436065764660179e-17f,-1f,-1.4307499999999997f,0f,0f,0f,1f],start_interpolation:0}
execute if entity @s[tag=aj.assembler.bone.bone26] run data modify entity @s {} merge value {transformation:[-0.5052549181964028f,-0.8629701429588088f,1.2246467991473532e-16f,-0.512758832025358f,-0.8629701429588088f,0.5052549181964028f,0f,0.38590499967577874f,-6.187588183226824e-17f,-1.056833623334239e-16f,-1f,-1.0869999999999997f,0f,0f,0f,1f],start_interpolation:0}
execute if entity @s[tag=aj.assembler.bone.arm5] run data modify entity @s {} merge value {transformation:[-0.9326281652434214f,-0.3608388911892536f,1.2246467991473532e-16f,-1.0054157576763088f,-0.3608388911892536f,0.9326281652434214f,0f,0.19529336535718977f,-1.1421400973600248e-16f,-4.419001931027996e-17f,-1f,-1.0869999999999997f,0f,0f,0f,1f],start_interpolation:0}
execute if entity @s[tag=aj.assembler.bone.small_arm_base5] run data modify entity @s {} merge value {transformation:[-0.9557930147983302f,-0.2940403252323043f,1.2246467991473532e-16f,-1.0214113691287519f,-0.2940403252323043f,0.9557930147983302f,0f,0.19037247273614638f,-1.170508856220174e-16f,-3.600955431159882e-17f,-1f,-0.9932499999999999f,0f,0f,0f,1f],start_interpolation:0}
execute if entity @s[tag=aj.assembler.bone.bone20] run data modify entity @s {} merge value {transformation:[0.6374239897486901f,-0.7705132427757891f,1.2246467991473532e-16f,1.531195361832059e-16f,-0.7705132427757891f,-0.6374239897486901f,0f,0.5000000000000001f,7.806192487454686e-17f,-9.436065764660176e-17f,-1f,-1.4307499999999997f,0f,0f,0f,1f],start_interpolation:0}
execute if entity @s[tag=aj.assembler.bone.bone11] run data modify entity @s {} merge value {transformation:[0.68013618215739f,0.7330857887862581f,1.2246467991473532e-16f,-0.1894733802086554f,0.7330857887862581f,-0.68013618215739f,0f,0.9898918119647996f,8.329265984633488e-17f,8.977711647375035e-17f,-1f,-1.0869999999999997f,0f,0f,0f,1f],start_interpolation:0}
execute if entity @s[tag=aj.assembler.bone.arm2] run data modify entity @s {} merge value {transformation:[0.21814324139654268f,-0.9759167619387477f,1.2246467991473532e-16f,-0.30470663464280995f,-0.9759167619387477f,-0.21814324139654268f,0f,1.505415757676309f,2.671484223319044e-17f,-1.1951533387425367e-16f,-1f,-1.0869999999999997f,0f,0f,0f,1f],start_interpolation:0}
execute if entity @s[tag=aj.assembler.bone.small_arm_base2] run data modify entity @s {} merge value {transformation:[0.2940403252323041f,-0.9557930147983303f,1.2246467991473532e-16f,-0.30962752726385334f,-0.9557930147983303f,-0.2940403252323041f,0f,1.521411369128752f,3.60095543115988e-17f,-1.170508856220174e-16f,-1f,-0.9932499999999997f,0f,0f,0f,1f],start_interpolation:0}
execute if entity @s[tag=aj.assembler.bone.bone2] run data modify entity @s {} merge value {transformation:[0.7705132427757893f,0.6374239897486899f,1.2246467991473532e-16f,1.531195361832059e-16f,0.6374239897486899f,-0.7705132427757893f,0f,0.5000000000000001f,9.436065764660177e-17f,7.806192487454684e-17f,-1f,-1.4307499999999997f,0f,0f,0f,1f],start_interpolation:0}
execute if entity @s[tag=aj.assembler.bone.ring] run data modify entity @s {} merge value {transformation:[1.386345326514798f,1.1468845960557443f,2.2034447591230768e-16f,1.1102230246251565e-16f,1.1468845960557443f,-1.386345326514798f,0f,0.5000000000000001f,1.6977833666292396e-16f,1.4045285495510726e-16f,-1.7992491881391441f,-1.0869999999999997f,0f,0f,0f,1f],start_interpolation:0}
execute if entity @s[tag=aj.assembler.bone.wheel] run data modify entity @s {} merge value {transformation:[-1f,7.198293278059976e-17f,9.907600726170909e-17f,1.0625f,0f,0.8090169943749468f,-0.5877852522924739f,-0.6249999999999999f,-1.2246467991473532e-16f,-0.5877852522924739f,-0.8090169943749468f,-1.2119999999999995f,0f,0f,0f,1f],start_interpolation:0}
execute if entity @s[tag=aj.assembler.bone.wheel2] run data modify entity @s {} merge value {transformation:[-1f,7.198293278059976e-17f,9.907600726170909e-17f,1.0625f,0f,0.8090169943749468f,-0.5877852522924739f,-0.6249999999999999f,-1.2246467991473532e-16f,-0.5877852522924739f,-0.8090169943749468f,-0.9619999999999995f,0f,0f,0f,1f],start_interpolation:0}
execute if entity @s[tag=aj.assembler.bone.rails] run data modify entity @s {} merge value {transformation:[-1.137300743709099f,0f,1.3927917154512523e-16f,-0.43749999999999994f,0f,1.137300743709099f,0f,-0.9999999999999999f,-1.3927917154512523e-16f,0f,-1.137300743709099f,-0.6494999999999997f,0f,0f,0f,1f],start_interpolation:0}
execute if entity @s[tag=aj.assembler.bone.wheel3] run data modify entity @s {} merge value {transformation:[-1f,7.198293278059976e-17f,9.907600726170909e-17f,-1.0625f,0f,0.8090169943749468f,-0.5877852522924739f,-0.6249999999999999f,-1.2246467991473532e-16f,-0.5877852522924739f,-0.8090169943749468f,-0.9619999999999997f,0f,0f,0f,1f],start_interpolation:0}
execute if entity @s[tag=aj.assembler.bone.wheel4] run data modify entity @s {} merge value {transformation:[-1f,7.198293278059976e-17f,9.907600726170909e-17f,-1.0625f,0f,0.8090169943749468f,-0.5877852522924739f,-0.6249999999999999f,-1.2246467991473532e-16f,-0.5877852522924739f,-0.8090169943749468f,-1.2119999999999997f,0f,0f,0f,1f],start_interpolation:0}
execute if entity @s[tag=aj.assembler.bone.rails2] run data modify entity @s {} merge value {transformation:[-1.2038220325092979f,0f,1.4742567988555726e-16f,0.4375f,0f,1.2038220325092979f,0f,-0.9999999999999999f,-1.4742567988555726e-16f,0f,-1.2038220325092979f,-0.6494999999999996f,0f,0f,0f,1f],start_interpolation:0}
execute if entity @s[tag=aj.assembler.bone.bone6] run data modify entity @s {} merge value {transformation:[-0.9416669451421935f,-0.03187868974707379f,-0.3350330036975146f,0.5397724538141719f,0f,0.995503662120853f,-0.09472306321044954f,0.44689580451507044f,0.3365462292562034f,-0.08919757756789487f,-0.93743289238721f,-0.7875679875114808f,0f,0f,0f,1f],start_interpolation:0}
execute if entity @s[tag=aj.assembler.bone.bone5] run data modify entity @s {} merge value {transformation:[-0.9416669451421935f,-0.16607308744008645f,-0.2927167471373758f,0.500522158860376f,0f,0.8697668305014306f,-0.49346292723921614f,0.38465394303884526f,0.3365462292562034f,-0.46467772723427714f,-0.81903067426429f,-0.8973915485323767f,0f,0f,0f,1f],start_interpolation:0}
execute if entity @s[tag=aj.assembler.bone.bone4] run data modify entity @s {} merge value {transformation:[-0.9416669451421935f,-0.16607308744008645f,-0.2927167471373758f,1.0330560101194408f,0f,0.8697668305014306f,-0.49346292723921614f,0.19134065264376254f,0.3365462292562034f,-0.46467772723427714f,-0.81903067426429f,0.03552493546398544f,0f,0f,0f,1f],start_interpolation:0}
execute if entity @s[tag=aj.assembler.bone.bone3] run data modify entity @s {} merge value {transformation:[-0.9416669451421935f,-0.04911883238897217f,-0.33294249463129977f,0.8677679527071809f,0f,0.9892920071252375f,-0.14594973325812943f,-0.234375f,0.3365462292562034f,-0.13743603946150074f,-0.9315835822032115f,-0.24124625373564335f,0f,0f,0f,1f],start_interpolation:0}
execute if entity @s[tag=aj.assembler.bone.octagon] run data modify entity @s {} merge value {transformation:[-0.9416669451421935f,0f,-0.3365462292562034f,0.859375f,0f,1f,0f,-0.40625f,0.3365462292562034f,0f,-0.9416669451421935f,-0.1718749999999999f,0f,0f,0f,1f],start_interpolation:0}
execute if entity @s[tag=aj.assembler.bone.bone10] run data modify entity @s {} merge value {transformation:[-0.8964926167369335f,-0.1028354102717303f,0.43095923998727614f,-0.5904164461839843f,0f,0.972691126014867f,0.23210336785994756f,0.6729492338289813f,-0.44305867346906297f,0.20807895560621945f,-0.8720104128378625f,-0.5044931531453338f,0f,0f,0f,1f],start_interpolation:0}
execute if entity @s[tag=aj.assembler.bone.bone9] run data modify entity @s {} merge value {transformation:[-0.8964926167369335f,0.06919507976222235f,0.4376220162113253f,-0.5323474560885415f,0f,0.9877292611943025f,-0.15617588347935582f,0.6556834257211511f,-0.44305867346906297f,-0.14001052645161013f,-0.8854919899957183f,-0.6219909564821409f,0f,0f,0f,1f],start_interpolation:0}
execute if entity @s[tag=aj.assembler.bone.bone8] run data modify entity @s {} merge value {transformation:[-0.8964926167369335f,0.06919507976222235f,0.4376220162113253f,-1.0418913980746762f,0f,0.9877292611943025f,-0.15617588347935582f,0.21302514652690752f,-0.44305867346906297f,-0.14001052645161013f,-0.8854919899957183f,-0.014165406459573732f,0f,0f,0f,1f],start_interpolation:0}
execute if entity @s[tag=aj.assembler.bone.bone7] run data modify entity @s {} merge value {transformation:[-0.8964926167369335f,0.09608417744356107f,0.432514530369975f,-0.8596992271812126f,0f,0.9762014745890666f,-0.21686558281602006f,-0.234375f,-0.44305867346906297f,-0.194418393818914f,-0.8751574144168054f,-0.24175137209196657f,0f,0f,0f,1f],start_interpolation:0}
execute if entity @s[tag=aj.assembler.bone.octagon2] run data modify entity @s {} merge value {transformation:[-0.8964926167369335f,0f,0.44305867346906297f,-0.8593749999999999f,0f,1f,0f,-0.40625f,-0.44305867346906297f,0f,-0.8964926167369335f,-0.171875f,0f,0f,0f,1f],start_interpolation:0}