execute if entity @s[tag=aj.assembler.bone.bone21] run data modify entity @s {} merge value {transformation:[0.40213383353271714f,0.9155808975335172f,1.2246467991473532e-16f,0.52214869068705f,0.9155808975335172f,-0.40213383353271714f,0f,0.48451911186966634f,4.924719120646966e-17f,1.1212632155248825e-16f,-1f,-1.0869999999999997f,0f,0f,0f,1f],start_interpolation:0}
execute if entity @s[tag=aj.assembler.bone.arm4] run data modify entity @s {} merge value {transformation:[0.9999474301574555f,-0.010253629674455925f,1.2246467991473532e-16f,1.0503667363273093f,-0.010253629674455925f,-0.9999474301574555f,0f,0.47910267490106767f,1.2245824196579493e-16f,-1.2557074760464743e-18f,-1f,-1.0869999999999997f,0f,0f,0f,1f],start_interpolation:0}
execute if entity @s[tag=aj.assembler.bone.small_arm_base4] run data modify entity @s {} merge value {transformation:[0.9998766324816606f,-0.015707317311820623f,1.2246467991473532e-16f,1.0671001062786774f,-0.015707317311820623f,-0.9998766324816606f,0f,0.4788398061200763f,1.2244957175109002e-16f,-1.923591586911291e-18f,-1f,-0.9932499999999996f,0f,0f,0f,1f],start_interpolation:0}
execute if entity @s[tag=aj.assembler.bone.bone25] run data modify entity @s {} merge value {transformation:[-0.36812455268467803f,0.9297764858882513f,1.2246467991473532e-16f,1.531195361832059e-16f,0.9297764858882513f,0.36812455268467803f,0f,0.5000000000000001f,-4.5082255513284216e-17f,1.1386477973655213e-16f,-1f,-1.4307499999999997f,0f,0f,0f,1f],start_interpolation:0}
execute if entity @s[tag=aj.assembler.bone.bone16] run data modify entity @s {} merge value {transformation:[-0.9992193072998661f,0.039506656643859994f,1.2246467991473532e-16f,0.43113116592702616f,0.039506656643859994f,0.9992193072998661f,0f,1.2175727499500306f,-1.2236907263310164e-16f,4.8381700603916705e-18f,-1f,-1.0869999999999997f,0f,0f,0f,1f],start_interpolation:0}
execute if entity @s[tag=aj.assembler.bone.arm3] run data modify entity @s {} merge value {transformation:[-0.7765964799677595f,0.6299983391261325f,1.2246467991473532e-16f,0.020897325098932797f,0.6299983391261325f,0.7765964799677595f,0f,1.5503667363273093f,-9.510563934216182e-17f,7.715254494789669e-17f,-1f,-1.0869999999999997f,0f,0f,0f,1f],start_interpolation:0}
execute if entity @s[tag=aj.assembler.bone.small_arm_base3] run data modify entity @s {} merge value {transformation:[0.015707317311820845f,0.9998766324816607f,1.2246467991473532e-16f,0.021160193879924172f,0.9998766324816607f,-0.015707317311820845f,0f,1.5671001062786774f,1.9235915869113156e-18f,1.2244957175109002e-16f,-1f,-0.9932499999999997f,0f,0f,0f,1f],start_interpolation:0}
execute if entity @s[tag=aj.assembler.bone.bone15] run data modify entity @s {} merge value {transformation:[-0.9297764858882515f,-0.3681245526846778f,1.2246467991473532e-16f,1.531195361832059e-16f,-0.3681245526846778f,0.9297764858882515f,0f,0.5000000000000001f,-1.1386477973655213e-16f,-4.508225551328419e-17f,-1f,-1.4307499999999997f,0f,0f,0f,1f],start_interpolation:0}
execute if entity @s[tag=aj.assembler.bone.bone26] run data modify entity @s {} merge value {transformation:[-0.12909515096964f,0.991632211052125f,1.2246467991473532e-16f,0.12211450116692585f,0.991632211052125f,0.12909515096964f,0f,-0.04184804534579367f,-1.580959634204139e-17f,1.2143992131963977e-16f,-1f,-1.0869999999999997f,0f,0f,0f,1f],start_interpolation:0}
execute if entity @s[tag=aj.assembler.bone.arm5] run data modify entity @s {} merge value {transformation:[-0.2707296907725519f,-0.9626554079909376f,1.2246467991473532e-16f,-0.020897325098932027f,-0.9626554079909376f,0.2707296907725519f,0f,-0.550366736327309f,-3.3154824923875854e-17f,-1.1789128640779914e-16f,-1f,-1.0869999999999997f,0f,0f,0f,1f],start_interpolation:0}
execute if entity @s[tag=aj.assembler.bone.small_arm_base5] run data modify entity @s {} merge value {transformation:[-0.0157073173118204f,-0.9998766324816607f,1.2246467991473532e-16f,-0.021160193879923416f,-0.9998766324816607f,0.0157073173118204f,0f,-0.567100106278677f,-1.9235915869112663e-18f,-1.2244957175109004e-16f,-1f,-0.9932499999999997f,0f,0f,0f,1f],start_interpolation:0}
execute if entity @s[tag=aj.assembler.bone.bone20] run data modify entity @s {} merge value {transformation:[0.9297764858882512f,0.36812455268467825f,1.2246467991473532e-16f,1.531195361832059e-16f,0.36812455268467825f,-0.9297764858882512f,0f,0.5000000000000001f,1.1386477973655213e-16f,4.508225551328424e-17f,-1f,-1.4307499999999997f,0f,0f,0f,1f],start_interpolation:0}
execute if entity @s[tag=aj.assembler.bone.bone11] run data modify entity @s {} merge value {transformation:[0.9517232652869569f,0.3069573688829321f,1.2246467991473532e-16f,-0.5221330687782029f,0.3069573688829321f,-0.9517232652869569f,0f,0.5244797819472931f,1.1655248505077393e-16f,3.7591435927717624e-17f,-1f,-1.0869999999999997f,0f,0f,0f,1f],start_interpolation:0}
execute if entity @s[tag=aj.assembler.bone.arm2] run data modify entity @s {} merge value {transformation:[0.9999770033379523f,0.006781798821026523f,1.2246467991473532e-16f,-1.0503667363273088f,0.006781798821026523f,-0.9999770033379523f,0f,0.5208973250989326f,1.2246186363587856e-16f,8.305308218631449e-19f,-1f,-1.0869999999999997f,0f,0f,0f,1f],start_interpolation:0}
execute if entity @s[tag=aj.assembler.bone.small_arm_base2] run data modify entity @s {} merge value {transformation:[0.9998766324816606f,-0.015707317311820623f,1.2246467991473532e-16f,-1.067100106278677f,-0.015707317311820623f,-0.9998766324816606f,0f,0.521160193879924f,1.2244957175109002e-16f,-1.923591586911291e-18f,-1f,-0.9932499999999999f,0f,0f,0f,1f],start_interpolation:0}
execute if entity @s[tag=aj.assembler.bone.bone2] run data modify entity @s {} merge value {transformation:[-0.36812455268467803f,0.9297764858882513f,1.2246467991473532e-16f,1.531195361832059e-16f,0.9297764858882513f,0.36812455268467803f,0f,0.5000000000000001f,-4.5082255513284216e-17f,1.1386477973655213e-16f,-1f,-1.4307499999999997f,0f,0f,0f,1f],start_interpolation:0}
execute if entity @s[tag=aj.assembler.bone.ring] run data modify entity @s {} merge value {transformation:[-0.6623478025519925f,1.6728995873853028f,2.2034447591230768e-16f,1.1102230246251565e-16f,1.6728995873853028f,0.6623478025519925f,0f,0.5000000000000001f,-8.111421163175809e-17f,2.0487111249863388e-16f,-1.7992491881391441f,-1.0869999999999997f,0f,0f,0f,1f],start_interpolation:0}
execute if entity @s[tag=aj.assembler.bone.wheel] run data modify entity @s {} merge value {transformation:[-1f,7.198293278059976e-17f,9.907600726170909e-17f,1.0625f,0f,0.8090169943749468f,-0.5877852522924739f,-0.6249999999999999f,-1.2246467991473532e-16f,-0.5877852522924739f,-0.8090169943749468f,-1.2119999999999995f,0f,0f,0f,1f],start_interpolation:0}
execute if entity @s[tag=aj.assembler.bone.wheel2] run data modify entity @s {} merge value {transformation:[-1f,7.198293278059976e-17f,9.907600726170909e-17f,1.0625f,0f,0.8090169943749468f,-0.5877852522924739f,-0.6249999999999999f,-1.2246467991473532e-16f,-0.5877852522924739f,-0.8090169943749468f,-0.9619999999999995f,0f,0f,0f,1f],start_interpolation:0}
execute if entity @s[tag=aj.assembler.bone.rails] run data modify entity @s {} merge value {transformation:[-1.137300743709099f,0f,1.3927917154512523e-16f,-0.43749999999999994f,0f,1.137300743709099f,0f,-0.9999999999999999f,-1.3927917154512523e-16f,0f,-1.137300743709099f,-0.6494999999999997f,0f,0f,0f,1f],start_interpolation:0}
execute if entity @s[tag=aj.assembler.bone.wheel3] run data modify entity @s {} merge value {transformation:[-1f,7.198293278059976e-17f,9.907600726170909e-17f,-1.0625f,0f,0.8090169943749468f,-0.5877852522924739f,-0.6249999999999999f,-1.2246467991473532e-16f,-0.5877852522924739f,-0.8090169943749468f,-0.9619999999999997f,0f,0f,0f,1f],start_interpolation:0}
execute if entity @s[tag=aj.assembler.bone.wheel4] run data modify entity @s {} merge value {transformation:[-1f,7.198293278059976e-17f,9.907600726170909e-17f,-1.0625f,0f,0.8090169943749468f,-0.5877852522924739f,-0.6249999999999999f,-1.2246467991473532e-16f,-0.5877852522924739f,-0.8090169943749468f,-1.2119999999999997f,0f,0f,0f,1f],start_interpolation:0}
execute if entity @s[tag=aj.assembler.bone.rails2] run data modify entity @s {} merge value {transformation:[-1.2038220325092979f,0f,1.4742567988555726e-16f,0.4375f,0f,1.2038220325092979f,0f,-0.9999999999999999f,-1.4742567988555726e-16f,0f,-1.2038220325092979f,-0.6494999999999996f,0f,0f,0f,1f],start_interpolation:0}
execute if entity @s[tag=aj.assembler.bone.bone6] run data modify entity @s {} merge value {transformation:[-0.44473288353538154f,-0.11759002888349157f,-0.8879106077806956f,0.5671527764838422f,0f,0.9913442413407108f,-0.13128821409635563f,0.5823315589739411f,0.8956632527363757f,-0.05838818602928278f,-0.44088338302764946f,-0.21230406972774918f,0f,0f,0f,1f],start_interpolation:0}
execute if entity @s[tag=aj.assembler.bone.bone5] run data modify entity @s {} merge value {transformation:[-0.44473288353538154f,-0.1302739272097869f,-0.8861384576868583f,0.449602792266545f,0f,0.9893656516325552f,-0.14544967297897055f,0.5664888308789479f,0.8956632527363757f,-0.06468625247321584f,-0.440003439121408f,-0.27067237196721206f,0f,0f,0f,1f],start_interpolation:0}
execute if entity @s[tag=aj.assembler.bone.bone4] run data modify entity @s {} merge value {transformation:[-0.44473288353538154f,-0.1302739272097869f,-0.8861384576868583f,1.1113078747380938f,0f,0.9893656516325552f,-0.14544967297897055f,0.20483365173770585f,0.8956632527363757f,-0.06468625247321584f,-0.440003439121408f,-0.15145121485112464f,0f,0f,0f,1f],start_interpolation:0}
execute if entity @s[tag=aj.assembler.bone.bone3] run data modify entity @s {} merge value {transformation:[-0.44473288353538154f,-0.16955323925690197f,-0.8794682264640358f,0.8172939493144572f,0f,0.9819183982117589f,-0.18930467308879007f,-0.234375f,0.8956632527363757f,-0.08419001312950035f,-0.43669140063315853f,-0.22766028186897297f,0f,0f,0f,1f],start_interpolation:0}
execute if entity @s[tag=aj.assembler.bone.octagon] run data modify entity @s {} merge value {transformation:[-0.44473288353538154f,0f,-0.8956632527363757f,0.859375f,0f,1f,0f,-0.40625f,0.8956632527363757f,0f,-0.44473288353538154f,-0.1718749999999999f,0f,0f,0f,1f],start_interpolation:0}
execute if entity @s[tag=aj.assembler.bone.bone10] run data modify entity @s {} merge value {transformation:[-0.8877006146632398f,0.04954623087934634f,0.4577475174505665f,-0.4275485162116326f,0f,0.9941931108441209f,-0.1076106795354887f,0.14875830202411877f,-0.4604211319287009f,-0.09552606636798217f,-0.8825458355902847f,-0.8008266596984583f,0f,0f,0f,1f],start_interpolation:0}
execute if entity @s[tag=aj.assembler.bone.bone9] run data modify entity @s {} merge value {transformation:[-0.8877006146632398f,0.38214360208141684f,0.25681488686356546f,-0.3923048319883198f,0f,0.5577825800214028f,-0.8299871043725122f,0.04097860279624399f,-0.4604211319287009f,-0.7367800627140416f,-0.495143939133447f,-0.868777146716671f,0f,0f,0f,1f],start_interpolation:0}
execute if entity @s[tag=aj.assembler.bone.bone8] run data modify entity @s {} merge value {transformation:[-0.8877006146632398f,0.38214360208141684f,0.25681488686356546f,-0.9277504940345785f,0f,0.5577825800214028f,-0.8299871043725122f,0.29509138788149003f,-0.4604211319287009f,-0.7367800627140416f,-0.495143939133447f,-0.24366369436149238f,0f,0f,0f,1f],start_interpolation:0}
execute if entity @s[tag=aj.assembler.bone.bone7] run data modify entity @s {} merge value {transformation:[-0.8877006146632398f,0.3064635086282034f,0.34360986104271996f,-0.8583393234626824f,0f,0.7462947228406756f,-0.6656156448432979f,-0.234375f,-0.4604211319287009f,-0.5908674170568643f,-0.6624862841855998f,-0.2417444487892244f,0f,0f,0f,1f],start_interpolation:0}
execute if entity @s[tag=aj.assembler.bone.octagon2] run data modify entity @s {} merge value {transformation:[-0.8877006146632398f,0f,0.4604211319287009f,-0.8593749999999999f,0f,1f,0f,-0.40625f,-0.4604211319287009f,0f,-0.8877006146632398f,-0.171875f,0f,0f,0f,1f],start_interpolation:0}