execute if entity @s[tag=aj.assembler.bone.bone21] run data modify entity @s {} merge value {transformation:[0.14366534655625413f,0.9896263275594844f,1.2246467991473532e-16f,0.7557324788069952f,0.9896263275594844f,-0.14366534655625413f,0f,0.9355110270373015f,1.7593930680851193e-17f,1.2119427143976727e-16f,-1f,-1.2095f,0f,0f,0f,1f],start_interpolation:0}
execute if entity @s[tag=aj.assembler.bone.arm4] run data modify entity @s {} merge value {transformation:[-0.4380573817802467f,0.8989470119355398f,1.2246467991473532e-16f,0.5243304999591518f,0.8989470119355398f,0.4380573817802467f,0f,1.410376024394184f,-5.3646557044004905e-17f,1.1008925807699364e-16f,-1f,-1.2095f,0f,0f,0f,1f],start_interpolation:0}
execute if entity @s[tag=aj.assembler.bone.small_arm_base4] run data modify entity @s {} merge value {transformation:[0.4954586684324076f,0.8686315144381914f,1.2246467991473532e-16f,0.5326222160820844f,0.8686315144381914f,-0.4954586684324076f,0f,1.424912950261164f,6.067618724055578e-17f,1.063766803795249e-16f,-1f,-1.11575f,0f,0f,0f,1f],start_interpolation:0}
execute if entity @s[tag=aj.assembler.bone.bone25] run data modify entity @s {} merge value {transformation:[-0.9921147013144779f,0.12533323356430423f,1.2246467991473532e-16f,2.6414183864572156e-16f,0.12533323356430423f,0.9921147013144779f,0f,0.5000000000000001f,-1.2149900933518077e-16f,1.534889433113128e-17f,-1f,-1.55325f,0f,0f,0f,1f],start_interpolation:0}
execute if entity @s[tag=aj.assembler.bone.bone16] run data modify entity @s {} merge value {transformation:[-0.6589890433733343f,-0.7521525381954766f,1.2246467991473532e-16f,-0.3943344683958633f,-0.7521525381954766f,0.6589890433733343f,0f,1.1372231658515048f,-8.070288226403303e-17f,-9.211211983716476e-17f,-1f,-1.2095000000000002f,0f,0f,0f,1f],start_interpolation:0}
execute if entity @s[tag=aj.assembler.bone.arm3] run data modify entity @s {} merge value {transformation:[-0.9768966282655259f,-0.21371237138604593f,1.2246467991473532e-16f,-0.9103760243941835f,-0.21371237138604593f,0.9768966282655259f,0f,1.024330499959152f,-1.196353328903218e-16f,-2.6172217155611145e-17f,-1f,-1.2095000000000002f,0f,0f,0f,1f],start_interpolation:0}
execute if entity @s[tag=aj.assembler.bone.small_arm_base3] run data modify entity @s {} merge value {transformation:[-0.8686315144381913f,0.4954586684324078f,1.2246467991473532e-16f,-0.9249129502611634f,0.4954586684324078f,0.8686315144381913f,0f,1.0326222160820846f,-1.0637668037952489e-16f,6.06761872405558e-17f,-1f,-1.1157500000000002f,0f,0f,0f,1f],start_interpolation:0}
execute if entity @s[tag=aj.assembler.bone.bone15] run data modify entity @s {} merge value {transformation:[-0.12533323356430445f,-0.9921147013144779f,1.2246467991473532e-16f,2.6414183864572156e-16f,-0.9921147013144779f,0.12533323356430445f,0f,0.5000000000000001f,-1.5348894331131307e-17f,-1.2149900933518077e-16f,-1f,-1.55325f,0f,0f,0f,1f],start_interpolation:0}
execute if entity @s[tag=aj.assembler.bone.bone26] run data modify entity @s {} merge value {transformation:[0.9040825496607784f,0.4273578633871925f,1.2246467991473532e-16f,0.3883485171963922f,0.4273578633871925f,-0.9040825496607784f,0f,-0.10514462779772249f,1.1071818006070503e-16f,5.233624394875771e-17f,-1f,-1.2094999999999998f,0f,0f,0f,1f],start_interpolation:0}
execute if entity @s[tag=aj.assembler.bone.arm5] run data modify entity @s {} merge value {transformation:[0.9882283814465528f,0.15298583628403822f,1.2246467991473532e-16f,0.9103760243941842f,0.15298583628403822f,-0.9882283814465528f,0f,-0.024330499959151312f,1.2102307241650906e-16f,1.873536147201283e-17f,-1f,-1.2094999999999998f,0f,0f,0f,1f],start_interpolation:0}
execute if entity @s[tag=aj.assembler.bone.small_arm_base5] run data modify entity @s {} merge value {transformation:[0.8686315144381914f,-0.4954586684324074f,1.2246467991473532e-16f,0.9249129502611639f,-0.4954586684324074f,-0.8686315144381914f,0f,-0.03262221608208382f,1.0637668037952491e-16f,-6.067618724055576e-17f,-1f,-1.1157499999999998f,0f,0f,0f,1f],start_interpolation:0}
execute if entity @s[tag=aj.assembler.bone.bone20] run data modify entity @s {} merge value {transformation:[0.125333233564304f,0.9921147013144779f,1.2246467991473532e-16f,2.6414183864572156e-16f,0.9921147013144779f,-0.125333233564304f,0f,0.5000000000000001f,1.5348894331131252e-17f,1.2149900933518077e-16f,-1f,-1.55325f,0f,0f,0f,1f],start_interpolation:0}
execute if entity @s[tag=aj.assembler.bone.bone11] run data modify entity @s {} merge value {transformation:[-0.6170509680021302f,0.7869231874126181f,1.2246467991473532e-16f,-0.6279773177904635f,0.7869231874126181f,0.6170509680021302f,0f,0.10760175378060693f,-7.556694928745845e-17f,9.637029626396954e-17f,-1f,-1.2095f,0f,0f,0f,1f],start_interpolation:0}
execute if entity @s[tag=aj.assembler.bone.arm2] run data modify entity @s {} merge value {transformation:[-0.19620944416768937f,0.9805620092678519f,1.2246467991473532e-16f,-0.5243304999591514f,0.9805620092678519f,0.19620944416768937f,0f,-0.4103760243941838f,-2.40287267762442e-17f,1.200842126015372e-16f,-1f,-1.2095f,0f,0f,0f,1f],start_interpolation:0}
execute if entity @s[tag=aj.assembler.bone.small_arm_base2] run data modify entity @s {} merge value {transformation:[0.4954586684324076f,0.8686315144381914f,1.2246467991473532e-16f,-0.5326222160820839f,0.8686315144381914f,-0.4954586684324076f,0f,-0.4249129502611636f,6.067618724055578e-17f,1.063766803795249e-16f,-1f,-1.11575f,0f,0f,0f,1f],start_interpolation:0}
execute if entity @s[tag=aj.assembler.bone.bone2] run data modify entity @s {} merge value {transformation:[-0.9921147013144779f,0.12533323356430423f,1.2246467991473532e-16f,2.6414183864572156e-16f,0.12533323356430423f,0.9921147013144779f,0f,0.5000000000000001f,-1.2149900933518077e-16f,1.534889433113128e-17f,-1f,-1.55325f,0f,0f,0f,1f],start_interpolation:0}
execute if entity @s[tag=aj.assembler.bone.ring] run data modify entity @s {} merge value {transformation:[-1.7850615708809838f,0.2255057187374281f,2.2034447591230768e-16f,2.220446049250313e-16f,0.2255057187374281f,1.7850615708809838f,0f,0.5000000000000001f,-2.186069939060343e-16f,2.7616485664121468e-17f,-1.7992491881391441f,-1.2095f,0f,0f,0f,1f],start_interpolation:0}
execute if entity @s[tag=aj.assembler.bone.wheel] run data modify entity @s {} merge value {transformation:[-1f,1.1647083184890926e-16f,3.7843667304341506e-17f,1.0625000000000002f,0f,0.30901699437494745f,-0.9510565162951536f,-0.6249999999999999f,-1.2246467991473532e-16f,-0.9510565162951536f,-0.30901699437494745f,-1.3344999999999998f,0f,0f,0f,1f],start_interpolation:0}
execute if entity @s[tag=aj.assembler.bone.wheel2] run data modify entity @s {} merge value {transformation:[-1f,1.1647083184890926e-16f,3.7843667304341506e-17f,1.0625000000000002f,0f,0.30901699437494745f,-0.9510565162951536f,-0.6249999999999999f,-1.2246467991473532e-16f,-0.9510565162951536f,-0.30901699437494745f,-1.0844999999999998f,0f,0f,0f,1f],start_interpolation:0}
execute if entity @s[tag=aj.assembler.bone.rails] run data modify entity @s {} merge value {transformation:[-1.137300743709099f,0f,1.3927917154512523e-16f,-0.43749999999999983f,0f,1.137300743709099f,0f,-0.9999999999999999f,-1.3927917154512523e-16f,0f,-1.137300743709099f,-0.772f,0f,0f,0f,1f],start_interpolation:0}
execute if entity @s[tag=aj.assembler.bone.wheel3] run data modify entity @s {} merge value {transformation:[-1f,1.1647083184890926e-16f,3.7843667304341506e-17f,-1.0625f,0f,0.30901699437494745f,-0.9510565162951536f,-0.6249999999999999f,-1.2246467991473532e-16f,-0.9510565162951536f,-0.30901699437494745f,-1.0845f,0f,0f,0f,1f],start_interpolation:0}
execute if entity @s[tag=aj.assembler.bone.wheel4] run data modify entity @s {} merge value {transformation:[-1f,1.1647083184890926e-16f,3.7843667304341506e-17f,-1.0625f,0f,0.30901699437494745f,-0.9510565162951536f,-0.6249999999999999f,-1.2246467991473532e-16f,-0.9510565162951536f,-0.30901699437494745f,-1.3345000000000002f,0f,0f,0f,1f],start_interpolation:0}
execute if entity @s[tag=aj.assembler.bone.rails2] run data modify entity @s {} merge value {transformation:[-1.2038220325092979f,0f,1.4742567988555726e-16f,0.4375000000000001f,0f,1.2038220325092979f,0f,-0.9999999999999999f,-1.4742567988555726e-16f,0f,-1.2038220325092979f,-0.7719999999999999f,0f,0f,0f,1f],start_interpolation:0}
execute if entity @s[tag=aj.assembler.bone.bone6] run data modify entity @s {} merge value {transformation:[0.022742384622680956f,0.037569453664064695f,-0.9990351946218202f,0.6484727066815285f,0f,0.9992936534081641f,0.03757917319691989f,0.45263956943452155f,0.9997413585231303f,-0.0008546400106466947f,0.0227263206168125f,-0.07330308414165025f,0f,0f,0f,1f],start_interpolation:0}
execute if entity @s[tag=aj.assembler.bone.bone5] run data modify entity @s {} merge value {transformation:[0.022742384622680956f,-0.20521158222431454f,-0.9784533665242651f,0.5184671925402153f,0f,0.9787065006190071f,-0.20526467218227692f,0.4288557596988398f,0.9997413585231303f,0.004668208124217862f,0.022258119669795594f,-0.07034568382959472f,0f,0f,0f,1f],start_interpolation:0}
execute if entity @s[tag=aj.assembler.bone.bone4] run data modify entity @s {} merge value {transformation:[0.022742384622680956f,-0.20521158222431454f,-0.9784533665242651f,1.2215878915310434f,0f,0.9787065006190071f,-0.20526467218227692f,0.08022455101169146f,0.9997413585231303f,0.004668208124217862f,0.022258119669795594f,-0.2738889699383385f,0f,0f,0f,1f],start_interpolation:0}
execute if entity @s[tag=aj.assembler.bone.bone3] run data modify entity @s {} merge value {transformation:[0.022742384622680956f,0.14974752330389338f,-0.988462676688414f,0.7961804655728456f,0f,0.9887184002756696f,0.14978626424449237f,-0.234375f,0.9997413585231303f,-0.0034064968326427696f,0.022485814142591102f,-0.20169551841493016f,0f,0f,0f,1f],start_interpolation:0}
execute if entity @s[tag=aj.assembler.bone.octagon] run data modify entity @s {} merge value {transformation:[0.022742384622680956f,0f,-0.9997413585231303f,0.859375f,0f,1f,0f,-0.40625f,0.9997413585231303f,0f,0.022742384622680956f,-0.1718749999999999f,0f,0f,0f,1f],start_interpolation:0}
execute if entity @s[tag=aj.assembler.bone.bone10] run data modify entity @s {} merge value {transformation:[-0.32094360980720926f,-0.8927189666140439f,0.3163037242453385f,-0.1754299760770625f,0f,0.33397137612562167f,0.9425832164476292f,0.6486905867435525f,-0.9470983049947443f,0.3025160600303922f,-0.1071859790260382f,-0.3046571876824111f,0f,0f,0f,1f],start_interpolation:0}
execute if entity @s[tag=aj.assembler.bone.bone9] run data modify entity @s {} merge value {transformation:[-0.32094360980720926f,0.21723619787305704f,0.9218479449765974f,-0.052863924299010434f,0f,0.973339240620553f,-0.229370274159938f,0.6217028406505982f,-0.9470983049947443f,-0.07361492377135971f,-0.3123870094517681f,-0.3461911983442543f,0f,0f,0f,1f],start_interpolation:0}
execute if entity @s[tag=aj.assembler.bone.bone8] run data modify entity @s {} merge value {transformation:[-0.32094360980720926f,0.21723619787305704f,0.9218479449765974f,-0.7861443837306767f,0f,0.973339240620553f,-0.229370274159938f,0.29390462249472527f,-0.9470983049947443f,-0.07361492377135971f,-0.3123870094517681f,-0.29567724704819187f,0f,0f,0f,1f],start_interpolation:0}
execute if entity @s[tag=aj.assembler.bone.bone7] run data modify entity @s {} merge value {transformation:[-0.32094360980720926f,0.7259442275394603f,0.6082763992019204f,-0.8102108437443036f,0f,0.6422526531765843f,-0.7664930068093498f,-0.234375f,-0.9470983049947443f,-0.24600103249737457f,-0.20612688491875059f,-0.22153079764403633f,0f,0f,0f,1f],start_interpolation:0}
execute if entity @s[tag=aj.assembler.bone.octagon2] run data modify entity @s {} merge value {transformation:[-0.32094360980720926f,0f,0.9470983049947443f,-0.8593749999999999f,0f,1f,0f,-0.40625f,-0.9470983049947443f,0f,-0.32094360980720926f,-0.171875f,0f,0f,0f,1f],start_interpolation:0}