execute if entity @s[tag=aj.assembler.bone.bone21] run data modify entity @s {} merge value {transformation:[-0.040045958664286466f,0.9991978388660868f,1.2246467991473532e-16f,0.7889932360120049f,0.9991978388660868f,0.040045958664286466f,0f,0.7006387266196146f,-4.904215509700573e-18f,1.2236644350823058e-16f,-1f,-1.7258046875000002f,0f,0f,0f,1f],start_interpolation:0}
execute if entity @s[tag=aj.assembler.bone.arm4] run data modify entity @s {} merge value {transformation:[-0.059622154715711195f,0.9982210169431698f,1.2246467991473532e-16f,0.757498082275938f,0.9982210169431698f,0.059622154715711195f,0f,1.2279448017037078f,-7.301608093086407e-18f,1.2224681732410684e-16f,-1f,-1.7258046875000002f,0f,0f,0f,1f],start_interpolation:0}
execute if entity @s[tag=aj.assembler.bone.small_arm_base4] run data modify entity @s {} merge value {transformation:[0.7181262977631889f,0.6959127965923143f,1.2246467991473532e-16f,0.7695162379382547f,0.6959127965923143f,-0.7181262977631889f,0f,1.239591204770822f,8.794510719392283e-17f,8.522473788324607e-17f,-1f,-1.6320546875000002f,0f,0f,0f,1f],start_interpolation:0}
execute if entity @s[tag=aj.assembler.bone.bone25] run data modify entity @s {} merge value {transformation:[-0.9177546256839811f,0.3971478906347806f,1.2246467991473532e-16f,2.6414183864572156e-16f,0.3971478906347806f,0.9177546256839811f,0f,0.5000000000000001f,-1.1239252647465647e-16f,4.8636589305400717e-17f,-1f,-2.0695546875f,0f,0f,0f,1f],start_interpolation:0}
execute if entity @s[tag=aj.assembler.bone.bone16] run data modify entity @s {} merge value {transformation:[-0.08954145278942871f,-0.9959830963587479f,1.2246467991473532e-16f,-0.5484634980516256f,-0.9959830963587479f,0.08954145278942871f,0f,0.7606780915662252f,-1.0965665354957764e-17f,-1.2197275109606105e-16f,-1f,-1.7258046875000002f,0f,0f,0f,1f],start_interpolation:0}
execute if entity @s[tag=aj.assembler.bone.arm3] run data modify entity @s {} merge value {transformation:[-0.33976852898061977f,0.9405090891184125f,1.2246467991473532e-16f,-0.7279448017037071f,0.9405090891184125f,0.33976852898061977f,0f,1.257498082275938f,-4.160964414671208e-17f,1.1517914455578566e-16f,-1f,-1.7258046875000002f,0f,0f,0f,1f],start_interpolation:0}
execute if entity @s[tag=aj.assembler.bone.small_arm_base3] run data modify entity @s {} merge value {transformation:[-0.6959127965923142f,0.718126297763189f,1.2246467991473532e-16f,-0.7395912047708214f,0.718126297763189f,0.6959127965923142f,0f,1.2695162379382547f,-8.522473788324607e-17f,8.794510719392285e-17f,-1f,-1.6320546875000002f,0f,0f,0f,1f],start_interpolation:0}
execute if entity @s[tag=aj.assembler.bone.bone15] run data modify entity @s {} merge value {transformation:[-0.39714789063478084f,-0.917754625683981f,1.2246467991473532e-16f,2.6414183864572156e-16f,-0.917754625683981f,0.39714789063478084f,0f,0.5000000000000001f,-4.863658930540074e-17f,-1.1239252647465647e-16f,-1f,-2.0695546875f,0f,0f,0f,1f],start_interpolation:0}
execute if entity @s[tag=aj.assembler.bone.bone26] run data modify entity @s {} merge value {transformation:[-0.2731198368628219f,0.9619800178340641f,1.2246467991473532e-16f,0.42231782170287635f,0.9619800178340641f,0.2731198368628219f,0f,0.17335663874382934f,-3.344753339977019e-17f,1.1780857496842e-16f,-1f,-1.7258046875000002f,0f,0f,0f,1f],start_interpolation:0}
execute if entity @s[tag=aj.assembler.bone.arm5] run data modify entity @s {} merge value {transformation:[0.5785696186660588f,-0.8156330034743637f,1.2246467991473532e-16f,0.727944801703708f,-0.8156330034743637f,-0.5785696186660588f,0f,-0.2574980822759374f,7.085434315832934e-17f,-9.988623469838213e-17f,-1f,-1.7258046875000002f,0f,0f,0f,1f],start_interpolation:0}
execute if entity @s[tag=aj.assembler.bone.small_arm_base5] run data modify entity @s {} merge value {transformation:[0.6959127965923145f,-0.7181262977631888f,1.2246467991473532e-16f,0.7395912047708223f,-0.7181262977631888f,-0.6959127965923145f,0f,-0.2695162379382542f,8.522473788324609e-17f,-8.79451071939228e-17f,-1f,-1.6320546875000002f,0f,0f,0f,1f],start_interpolation:0}
execute if entity @s[tag=aj.assembler.bone.bone20] run data modify entity @s {} merge value {transformation:[0.3971478906347804f,0.9177546256839813f,1.2246467991473532e-16f,2.6414183864572156e-16f,0.9177546256839813f,-0.3971478906347804f,0f,0.5000000000000001f,4.863658930540069e-17f,1.1239252647465647e-16f,-1f,-2.0695546875f,0f,0f,0f,1f],start_interpolation:0}
execute if entity @s[tag=aj.assembler.bone.bone11] run data modify entity @s {} merge value {transformation:[-0.9133323656171923f,0.4072149185824405f,1.2246467991473532e-16f,-0.23526079338693096f,0.4072149185824405f,0.9133323656171923f,0f,-0.1484976140674535f,-1.1185095581107743e-16f,4.986944466070358e-17f,-1f,-1.7258046875000002f,0f,0f,0f,1f],start_interpolation:0}
execute if entity @s[tag=aj.assembler.bone.arm2] run data modify entity @s {} merge value {transformation:[0.9886255103685111f,0.15039813911282707f,1.2246467991473532e-16f,-0.7574980822759375f,0.15039813911282707f,-0.9886255103685111f,0f,-0.22794480170370746f,1.2107170668282153e-16f,1.8418459966224204e-17f,-1f,-1.7258046875000002f,0f,0f,0f,1f],start_interpolation:0}
execute if entity @s[tag=aj.assembler.bone.small_arm_base2] run data modify entity @s {} merge value {transformation:[0.7181262977631889f,0.6959127965923143f,1.2246467991473532e-16f,-0.7695162379382543f,0.6959127965923143f,-0.7181262977631889f,0f,-0.23959120477082174f,8.794510719392283e-17f,8.522473788324607e-17f,-1f,-1.6320546875000002f,0f,0f,0f,1f],start_interpolation:0}
execute if entity @s[tag=aj.assembler.bone.bone2] run data modify entity @s {} merge value {transformation:[-0.9177546256839811f,0.3971478906347806f,1.2246467991473532e-16f,2.6414183864572156e-16f,0.3971478906347806f,0.9177546256839811f,0f,0.5000000000000001f,-1.1239252647465647e-16f,4.8636589305400717e-17f,-1f,-2.0695546875f,0f,0f,0f,1f],start_interpolation:0}
execute if entity @s[tag=aj.assembler.bone.ring] run data modify entity @s {} merge value {transformation:[-1.6512692651728471f,0.7145680197958026f,2.2034447591230768e-16f,2.220446049250313e-16f,0.7145680197958026f,1.6512692651728471f,0f,0.5000000000000001f,-2.0222216201243292e-16f,8.750934382159922e-17f,-1.7992491881391441f,-1.7258046875000002f,0f,0f,0f,1f],start_interpolation:0}
execute if entity @s[tag=aj.assembler.bone.wheel] run data modify entity @s {} merge value {transformation:[-1f,-9.907600726170914e-17f,-7.19829327805997e-17f,1.0625000000000002f,0f,-0.5877852522924734f,0.8090169943749472f,-0.6249999999999999f,-1.2246467991473532e-16f,0.8090169943749472f,0.5877852522924734f,-1.8508046875f,0f,0f,0f,1f],start_interpolation:0}
execute if entity @s[tag=aj.assembler.bone.wheel2] run data modify entity @s {} merge value {transformation:[-1f,-9.907600726170914e-17f,-7.19829327805997e-17f,1.0625000000000002f,0f,-0.5877852522924734f,0.8090169943749472f,-0.6249999999999999f,-1.2246467991473532e-16f,0.8090169943749472f,0.5877852522924734f,-1.6008046875f,0f,0f,0f,1f],start_interpolation:0}
execute if entity @s[tag=aj.assembler.bone.rails] run data modify entity @s {} merge value {transformation:[-1.137300743709099f,0f,1.3927917154512523e-16f,-0.43749999999999983f,0f,1.137300743709099f,0f,-0.9999999999999999f,-1.3927917154512523e-16f,0f,-1.137300743709099f,-1.2883046875000002f,0f,0f,0f,1f],start_interpolation:0}
execute if entity @s[tag=aj.assembler.bone.wheel3] run data modify entity @s {} merge value {transformation:[-1f,-9.907600726170914e-17f,-7.19829327805997e-17f,-1.0625f,0f,-0.5877852522924734f,0.8090169943749472f,-0.6249999999999999f,-1.2246467991473532e-16f,0.8090169943749472f,0.5877852522924734f,-1.6008046875000004f,0f,0f,0f,1f],start_interpolation:0}
execute if entity @s[tag=aj.assembler.bone.wheel4] run data modify entity @s {} merge value {transformation:[-1f,-9.907600726170914e-17f,-7.19829327805997e-17f,-1.0625f,0f,-0.5877852522924734f,0.8090169943749472f,-0.6249999999999999f,-1.2246467991473532e-16f,0.8090169943749472f,0.5877852522924734f,-1.8508046875000004f,0f,0f,0f,1f],start_interpolation:0}
execute if entity @s[tag=aj.assembler.bone.rails2] run data modify entity @s {} merge value {transformation:[-1.2038220325092979f,0f,1.4742567988555726e-16f,0.4375000000000001f,0f,1.2038220325092979f,0f,-0.9999999999999999f,-1.4742567988555726e-16f,0f,-1.2038220325092979f,-1.2883046875000002f,0f,0f,0f,1f],start_interpolation:0}
execute if entity @s[tag=aj.assembler.bone.bone6] run data modify entity @s {} merge value {transformation:[0.9556102940329678f,0.017156365696185782f,-0.29413368568445786f,0.7537157584622091f,0f,0.9983032235893665f,0.05822949227907931f,0.22571192693967468f,0.2946336130488589f,-0.05564470223820139f,0.9539888370282942f,0.4890104192102607f,0f,0f,0f,1f],start_interpolation:0}
execute if entity @s[tag=aj.assembler.bone.bone5] run data modify entity @s {} merge value {transformation:[0.9556102940329678f,-0.15116240997929611f,-0.25290095244477806f,0.7197781268502234f,0f,0.8583574352829855f,-0.5130521545558653f,0.16084234332255726f,0.2946336130488589f,0.4902779202693781f,0.8202552011161579f,0.5990832306180147f,0f,0f,0f,1f],start_interpolation:0}
execute if entity @s[tag=aj.assembler.bone.bone4] run data modify entity @s {} merge value {transformation:[0.9556102940329678f,-0.15116240997929611f,-0.25290095244477806f,0.8974396212269646f,0f,0.8583574352829855f,-0.5130521545558653f,-0.04603595820410994f,0.2946336130488589f,0.4902779202693781f,0.8202552011161579f,-0.6135250294600625f,0f,0f,0f,1f],start_interpolation:0}
execute if entity @s[tag=aj.assembler.bone.bone3] run data modify entity @s {} merge value {transformation:[0.9556102940329678f,0.12076889966083455f,-0.2687449326274562f,0.811097577495916f,0f,0.9121326309191017f,0.4098951861300616f,-0.234375f,0.2946336130488589f,-0.3917000593404462f,0.8716433316296672f,-0.12135665703071624f,0f,0f,0f,1f],start_interpolation:0}
execute if entity @s[tag=aj.assembler.bone.octagon] run data modify entity @s {} merge value {transformation:[0.9556102940329678f,0f,-0.2946336130488589f,0.859375f,0f,1f,0f,-0.40625f,0.2946336130488589f,0f,0.9556102940329678f,-0.1718749999999999f,0f,0f,0f,1f],start_interpolation:0}
execute if entity @s[tag=aj.assembler.bone.bone10] run data modify entity @s {} merge value {transformation:[-0.010155023705994292f,0.5696615241472095f,0.8218166604540266f,-0.4942134405507196f,0f,0.821859038450471f,-0.5696908994509804f,0.7223261113674609f,-0.9999484364173639f,-0.005785224589013916f,-0.008345998018450207f,-0.0818285811767672f,0f,0f,0f,1f],start_interpolation:0}
execute if entity @s[tag=aj.assembler.bone.bone9] run data modify entity @s {} merge value {transformation:[-0.010155023705994292f,0.01687109546001414f,0.999806102017541f,-0.36202931348972867f,0f,0.9998576582605272f,-0.016871965438998215f,0.7235110328217325f,-0.9999484364173639f,-0.00017133520899974318f,-0.010153578222255592f,-0.08317098333969258f,0f,0f,0f,1f],start_interpolation:0}
execute if entity @s[tag=aj.assembler.bone.bone8] run data modify entity @s {} merge value {transformation:[-0.010155023705994292f,0.01687109546001414f,0.999806102017541f,-0.9741719446382381f,0f,0.9998576582605272f,-0.016871965438998215f,0.2657753791728519f,-0.9999484364173639f,-0.00017133520899974318f,-0.010153578222255592f,-0.26446400852681534f,0f,0f,0f,1f],start_interpolation:0}
execute if entity @s[tag=aj.assembler.bone.bone7] run data modify entity @s {} merge value {transformation:[-0.010155023705994292f,0.43171053491407785f,0.9019550374257752f,-0.797195567214727f,0f,0.902001547857126f,-0.43173279660381225f,-0.234375f,-0.9999484364173639f,-0.004384256784166925f,-0.00915984710133266f,-0.20375807761966727f,0f,0f,0f,1f],start_interpolation:0}
execute if entity @s[tag=aj.assembler.bone.octagon2] run data modify entity @s {} merge value {transformation:[-0.010155023705994292f,0f,0.9999484364173639f,-0.8593749999999999f,0f,1f,0f,-0.40625f,-0.9999484364173639f,0f,-0.010155023705994292f,-0.171875f,0f,0f,0f,1f],start_interpolation:0}