execute if entity @s[tag=aj.assembler.bone.bone21] run data modify entity @s {} merge value {transformation:[-0.15415451261801566f,-0.9880467530635897f,1.2246467991473532e-16f,-0.1123375313566613f,-0.9880467530635897f,0.15415451261801566f,0f,1.160164357681678f,-1.8878483045177313e-17f,-1.2100082935472605e-16f,-1f,-1.3705000000000005f,0f,0f,0f,1f],start_interpolation:0}
execute if entity @s[tag=aj.assembler.bone.arm4] run data modify entity @s {} merge value {transformation:[-0.9240892030670624f,0.38217685012946767f,1.2246467991473532e-16f,-0.6004837859697534f,0.38217685012946767f,0.9240892030670624f,0f,1.3620476795204572f,-1.1316828846627065e-16f,4.680316562192703e-17f,-1f,-1.3705000000000005f,0f,0f,0f,1f],start_interpolation:0}
execute if entity @s[tag=aj.assembler.bone.small_arm_base4] run data modify entity @s {} merge value {transformation:[-0.5750052520432778f,0.8181497174250241f,1.2246467991473532e-16f,-0.6101067487372088f,0.8181497174250241f,0.5750052520432778f,0f,1.3757397705770318f,-7.041783414077173e-17f,1.0019444326678672e-16f,-1f,-1.2767500000000005f,0f,0f,0f,1f],start_interpolation:0}
execute if entity @s[tag=aj.assembler.bone.bone25] run data modify entity @s {} merge value {transformation:[-0.5358267949789974f,-0.8443279255020145f,1.2246467991473532e-16f,2.6414183864572156e-16f,-0.8443279255020145f,0.5358267949789974f,0f,0.5000000000000001f,-6.561985693684143e-17f,-1.034003491396767e-16f,-1f,-1.7142500000000005f,0f,0f,0f,1f],start_interpolation:0}
execute if entity @s[tag=aj.assembler.bone.bone16] run data modify entity @s {} merge value {transformation:[-0.1232550800255138f,-0.9923750224828841f,1.2246467991473532e-16f,-0.336043273969468f,-0.9923750224828841f,0.1232550800255138f,0f,-0.051873016891281584f,-1.5094393923189626e-17f,-1.2153088948374469e-16f,-1f,-1.3705000000000007f,0f,0f,0f,1f],start_interpolation:0}
execute if entity @s[tag=aj.assembler.bone.arm3] run data modify entity @s {} merge value {transformation:[-0.9957568809385695f,-0.0920230083375449f,1.2246467991473532e-16f,-0.862047679520457f,-0.0920230083375449f,0.9957568809385695f,0f,-0.10048378596975326f,-1.2194504769703713e-16f,-1.1269568260848467e-17f,-1f,-1.3705000000000007f,0f,0f,0f,1f],start_interpolation:0}
execute if entity @s[tag=aj.assembler.bone.small_arm_base3] run data modify entity @s {} merge value {transformation:[-0.8181497174250243f,-0.5750052520432776f,1.2246467991473532e-16f,-0.8757397705770317f,-0.5750052520432776f,0.8181497174250243f,0f,-0.11010674873720872f,-1.0019444326678675e-16f,-7.04178341407717e-17f,-1f,-1.2767500000000007f,0f,0f,0f,1f],start_interpolation:0}
execute if entity @s[tag=aj.assembler.bone.bone15] run data modify entity @s {} merge value {transformation:[0.8443279255020144f,-0.5358267949789977f,1.2246467991473532e-16f,2.6414183864572156e-16f,-0.5358267949789977f,-0.8443279255020144f,0f,0.5000000000000001f,1.0340034913967669e-16f,-6.561985693684145e-17f,-1f,-1.7142500000000005f,0f,0f,0f,1f],start_interpolation:0}
execute if entity @s[tag=aj.assembler.bone.bone26] run data modify entity @s {} merge value {transformation:[-0.4596093859013098f,0.8881211698813517f,1.2246467991473532e-16f,0.4242594068761803f,0.8881211698813517f,0.4596093859013098f,0f,0.8048741280345131f,-5.628591633021198e-17f,1.0876347479502e-16f,-1f,-1.3705000000000003f,0f,0f,0f,1f],start_interpolation:0}
execute if entity @s[tag=aj.assembler.bone.arm5] run data modify entity @s {} merge value {transformation:[0.8287586192802173f,0.5596062463632333f,1.2246467991473532e-16f,0.8620476795204571f,0.5596062463632333f,-0.8287586192802173f,0f,1.1004837859697538f,1.014936590367298e-16f,6.853199983915989e-17f,-1f,-1.3705000000000003f,0f,0f,0f,1f],start_interpolation:0}
execute if entity @s[tag=aj.assembler.bone.small_arm_base5] run data modify entity @s {} merge value {transformation:[0.8181497174250238f,0.575005252043278f,1.2246467991473532e-16f,0.8757397705770318f,0.575005252043278f,-0.8181497174250238f,0f,1.1101067487372094f,1.001944432667867e-16f,7.041783414077174e-17f,-1f,-1.2767500000000003f,0f,0f,0f,1f],start_interpolation:0}
execute if entity @s[tag=aj.assembler.bone.bone20] run data modify entity @s {} merge value {transformation:[-0.8443279255020146f,0.5358267949789972f,1.2246467991473532e-16f,2.6414183864572156e-16f,0.5358267949789972f,0.8443279255020146f,0f,0.5000000000000001f,-1.0340034913967672e-16f,6.56198569368414e-17f,-1f,-1.7142500000000005f,0f,0f,0f,1f],start_interpolation:0}
execute if entity @s[tag=aj.assembler.bone.bone11] run data modify entity @s {} merge value {transformation:[-0.11350874208153022f,0.9935369975351038f,1.2246467991473532e-16f,0.18514377526708609f,0.9935369975351038f,0.11350874208153022f,0f,-0.03564866445001036f,-1.3900811766538852e-17f,1.2167319038658368e-16f,-1f,-1.3705000000000005f,0f,0f,0f,1f],start_interpolation:0}
execute if entity @s[tag=aj.assembler.bone.arm2] run data modify entity @s {} merge value {transformation:[-0.7862627560182853f,0.6178922871330654f,1.2246467991473532e-16f,0.6004837859697538f,0.6178922871330654f,0.7862627560182853f,0f,-0.362047679520457f,-9.628941674465695e-17f,7.566998116553459e-17f,-1f,-1.3705000000000005f,0f,0f,0f,1f],start_interpolation:0}
execute if entity @s[tag=aj.assembler.bone.small_arm_base2] run data modify entity @s {} merge value {transformation:[-0.5750052520432778f,0.8181497174250241f,1.2246467991473532e-16f,0.6101067487372093f,0.8181497174250241f,0.5750052520432778f,0f,-0.3757397705770317f,-7.041783414077173e-17f,1.0019444326678672e-16f,-1f,-1.2767500000000005f,0f,0f,0f,1f],start_interpolation:0}
execute if entity @s[tag=aj.assembler.bone.bone2] run data modify entity @s {} merge value {transformation:[-0.5358267949789974f,-0.8443279255020145f,1.2246467991473532e-16f,2.6414183864572156e-16f,-0.8443279255020145f,0.5358267949789974f,0f,0.5000000000000001f,-6.561985693684143e-17f,-1.034003491396767e-16f,-1f,-1.7142500000000005f,0f,0f,0f,1f],start_interpolation:0}
execute if entity @s[tag=aj.assembler.bone.ring] run data modify entity @s {} merge value {transformation:[-0.9640859258491608f,-1.5191563344827075f,2.2034447591230768e-16f,2.220446049250313e-16f,-1.5191563344827075f,0.9640859258491608f,0f,0.5000000000000001f,-1.1806647431941872e-16f,-1.8604299424286737e-16f,-1.7992491881391441f,-1.3705000000000005f,0f,0f,0f,1f],start_interpolation:0}
execute if entity @s[tag=aj.assembler.bone.wheel] run data modify entity @s {} merge value {transformation:[-1f,7.19829327805995e-17f,-9.90760072617093e-17f,1.0625000000000002f,0f,-0.8090169943749486f,-0.5877852522924718f,-0.6249999999999999f,-1.2246467991473532e-16f,-0.5877852522924718f,0.8090169943749486f,-1.4955000000000003f,0f,0f,0f,1f],start_interpolation:0}
execute if entity @s[tag=aj.assembler.bone.wheel2] run data modify entity @s {} merge value {transformation:[-1f,7.19829327805995e-17f,-9.90760072617093e-17f,1.0625000000000002f,0f,-0.8090169943749486f,-0.5877852522924718f,-0.6249999999999999f,-1.2246467991473532e-16f,-0.5877852522924718f,0.8090169943749486f,-1.2455000000000003f,0f,0f,0f,1f],start_interpolation:0}
execute if entity @s[tag=aj.assembler.bone.rails] run data modify entity @s {} merge value {transformation:[-1.137300743709099f,0f,1.3927917154512523e-16f,-0.43749999999999983f,0f,1.137300743709099f,0f,-0.9999999999999999f,-1.3927917154512523e-16f,0f,-1.137300743709099f,-0.9330000000000005f,0f,0f,0f,1f],start_interpolation:0}
execute if entity @s[tag=aj.assembler.bone.wheel3] run data modify entity @s {} merge value {transformation:[-1f,7.19829327805995e-17f,-9.90760072617093e-17f,-1.0625f,0f,-0.8090169943749486f,-0.5877852522924718f,-0.6249999999999999f,-1.2246467991473532e-16f,-0.5877852522924718f,0.8090169943749486f,-1.2455000000000005f,0f,0f,0f,1f],start_interpolation:0}
execute if entity @s[tag=aj.assembler.bone.wheel4] run data modify entity @s {} merge value {transformation:[-1f,7.19829327805995e-17f,-9.90760072617093e-17f,-1.0625f,0f,-0.8090169943749486f,-0.5877852522924718f,-0.6249999999999999f,-1.2246467991473532e-16f,-0.5877852522924718f,0.8090169943749486f,-1.4955000000000007f,0f,0f,0f,1f],start_interpolation:0}
execute if entity @s[tag=aj.assembler.bone.rails2] run data modify entity @s {} merge value {transformation:[-1.2038220325092979f,0f,1.4742567988555726e-16f,0.4375000000000001f,0f,1.2038220325092979f,0f,-0.9999999999999999f,-1.4742567988555726e-16f,0f,-1.2038220325092979f,-0.9330000000000004f,0f,0f,0f,1f],start_interpolation:0}
execute if entity @s[tag=aj.assembler.bone.bone6] run data modify entity @s {} merge value {transformation:[-0.9477054099506811f,0.1191144267172202f,-0.29608480085617284f,0.6897185489842308f,0f,0.9277396058281793f,0.37322811225546065f,0.9744289009260956f,0.3191464490640802f,0.35371030113018015f,-0.8792238434688778f,-0.38191755775760683f,0f,0f,0f,1f],start_interpolation:0}
execute if entity @s[tag=aj.assembler.bone.bone5] run data modify entity @s {} merge value {transformation:[-0.9477054099506811f,0.12531198575772406f,-0.29351552288706556f,0.6513577956438795f,0f,0.9196891387882298f,0.39264728191465215f,1.0294588838532681f,0.3191464490640802f,0.37211395327294605f,-0.8715943723024882f,-0.49582981834219825f,0f,0f,0f,1f],start_interpolation:0}
execute if entity @s[tag=aj.assembler.bone.bone4] run data modify entity @s {} merge value {transformation:[-0.9477054099506811f,0.12531198575772406f,-0.29351552288706556f,0.9567421612835244f,0f,0.9196891387882298f,0.39264728191465215f,0.28840043931022574f,0.3191464490640802f,0.37211395327294605f,-0.8715943723024882f,-0.17649549477406945f,0f,0f,0f,1f],start_interpolation:0}
execute if entity @s[tag=aj.assembler.bone.bone3] run data modify entity @s {} merge value {transformation:[-0.9477054099506811f,-0.18450065726216006f,-0.26041114304123486f,0.8690441409944538f,0f,0.8159612735937034f,-0.5781065645668985f,-0.234375f,0.3191464490640802f,-0.5478747187680524f,-0.7732909132950005f,-0.24107991465516998f,0f,0f,0f,1f],start_interpolation:0}
execute if entity @s[tag=aj.assembler.bone.octagon] run data modify entity @s {} merge value {transformation:[-0.9477054099506811f,0f,-0.3191464490640802f,0.859375f,0f,1f,0f,-0.40625f,0.3191464490640802f,0f,-0.9477054099506811f,-0.1718749999999999f,0f,0f,0f,1f],start_interpolation:0}
execute if entity @s[tag=aj.assembler.bone.bone10] run data modify entity @s {} merge value {transformation:[-0.9667889711756649f,-0.004005849748400556f,0.25554459176608046f,-0.523155673866494f,0f,0.9998771582775141f,0.01567381111545435f,-0.02920743042485463f,-0.2555759871605693f,0.01515326772271186f,-0.9666702091531653f,-1.0769018727189463f,0f,0f,0f,1f],start_interpolation:0}
execute if entity @s[tag=aj.assembler.bone.bone9] run data modify entity @s {} merge value {transformation:[-0.9667889711756649f,0.23515297490902917f,0.1001107566874458f,-0.5091227588604316f,0f,0.39170642672525324f,-0.920090253867594f,-0.1494616155566444f,-0.2555759871605693f,-0.8895331099254076f,-0.37869745329660354f,-1.1299853709459649f,0f,0f,0f,1f],start_interpolation:0}
execute if entity @s[tag=aj.assembler.bone.bone8] run data modify entity @s {} merge value {transformation:[-0.9667889711756649f,0.23515297490902917f,0.1001107566874458f,-0.8792892965712304f,0f,0.39170642672525324f,-0.920090253867594f,0.2507653532401659f,-0.2555759871605693f,-0.8895331099254076f,-0.37869745329660354f,-0.46336199975248105f,0f,0f,0f,1f],start_interpolation:0}
execute if entity @s[tag=aj.assembler.bone.bone7] run data modify entity @s {} merge value {transformation:[-0.9667889711756649f,0.2383185266263135f,0.09232207254910697f,-0.8736136561517038f,0f,0.36123140352424543f,-0.9324762051161969f,-0.234375f,-0.2555759871605693f,-0.9015077109900762f,-0.3492345369695467f,-0.24028606029724686f,0f,0f,0f,1f],start_interpolation:0}
execute if entity @s[tag=aj.assembler.bone.octagon2] run data modify entity @s {} merge value {transformation:[-0.9667889711756649f,0f,0.2555759871605693f,-0.8593749999999999f,0f,1f,0f,-0.40625f,-0.2555759871605693f,0f,-0.9667889711756649f,-0.171875f,0f,0f,0f,1f],start_interpolation:0}