execute if entity @s[tag=aj.assembler.bone.bone21] run data modify entity @s {} merge value {transformation:[-0.9885972690060106f,-0.15058366350257846f,1.2246467991473532e-16f,0.29471568411715254f,-0.15058366350257846f,0.9885972690060106f,0f,1.2965218676959471f,-1.210682481134026e-16f,-1.8441180151231477e-17f,-1f,-1.9169375000000004f,0f,0f,0f,1f],start_interpolation:0}
execute if entity @s[tag=aj.assembler.bone.arm4] run data modify entity @s {} merge value {transformation:[-0.8916447498146252f,0.4527357287955247f,1.2246467991473532e-16f,-0.17629192383111375f,0.4527357287955247f,0.8916447498146252f,0f,1.5356776219321815f,-1.0919498888370233e-16f,5.544413611290835e-17f,-1f,-1.9169375000000004f,0f,0f,0f,1f],start_interpolation:0}
execute if entity @s[tag=aj.assembler.bone.small_arm_base4] run data modify entity @s {} merge value {transformation:[-0.17192910027940916f,0.9851093261547741f,1.2246467991473532e-16f,-0.17916923203786794f,0.9851093261547741f,0.17192910027940916f,0f,1.5521638545948826f,-2.1055242233746278e-17f,1.2064109830856502e-16f,-1f,-1.8231875000000004f,0f,0f,0f,1f],start_interpolation:0}
execute if entity @s[tag=aj.assembler.bone.bone25] run data modify entity @s {} merge value {transformation:[-0.8443279255020153f,-0.5358267949789963f,1.2246467991473532e-16f,2.6414183864572156e-16f,-0.5358267949789963f,0.8443279255020153f,0f,0.5000000000000001f,-1.0340034913967679e-16f,-6.561985693684129e-17f,-1f,-2.2606875000000004f,0f,0f,0f,1f],start_interpolation:0}
execute if entity @s[tag=aj.assembler.bone.bone16] run data modify entity @s {} merge value {transformation:[0.4805296499516378f,-0.8769784806466785f,1.2246467991473532e-16f,-0.5461041231515709f,-0.8769784806466785f,-0.4805296499516378f,0f,0.5221052304356791f,5.884790977086716e-17f,-1.0739888892450638e-16f,-1f,-1.9169375000000004f,0f,0f,0f,1f],start_interpolation:0}
execute if entity @s[tag=aj.assembler.bone.arm3] run data modify entity @s {} merge value {transformation:[-0.9267910591458095f,-0.3755773324994318f,1.2246467991473532e-16f,-1.035677621932181f,-0.3755773324994318f,0.9267910591458095f,0f,0.32370807616888636f,-1.134991704061301e-16f,-4.599495780777305e-17f,-1f,-1.9169375000000004f,0f,0f,0f,1f],start_interpolation:0}
execute if entity @s[tag=aj.assembler.bone.small_arm_base3] run data modify entity @s {} merge value {transformation:[-0.9851093261547741f,-0.17192910027940894f,1.2246467991473532e-16f,-1.0521638545948822f,-0.17192910027940894f,0.9851093261547741f,0f,0.3208307679621322f,-1.2064109830856502e-16f,-2.1055242233746253e-17f,-1f,-1.8231875000000004f,0f,0f,0f,1f],start_interpolation:0}
execute if entity @s[tag=aj.assembler.bone.bone15] run data modify entity @s {} merge value {transformation:[0.5358267949789961f,-0.8443279255020154f,1.2246467991473532e-16f,2.6414183864572156e-16f,-0.8443279255020154f,-0.5358267949789961f,0f,0.5000000000000001f,6.561985693684127e-17f,-1.034003491396768e-16f,-1f,-2.2606875000000004f,0f,0f,0f,1f],start_interpolation:0}
execute if entity @s[tag=aj.assembler.bone.bone26] run data modify entity @s {} merge value {transformation:[-0.5317270965787813f,0.8469157542305489f,1.2246467991473532e-16f,0.5074326110567621f,0.8469157542305489f,0.5317270965787813f,0f,0.6772138862369681f,-6.511778868451201e-17f,1.037172667565908e-16f,-1f,-1.9169375000000004f,0f,0f,0f,1f],start_interpolation:0}
execute if entity @s[tag=aj.assembler.bone.arm5] run data modify entity @s {} merge value {transformation:[0.9999984769132878f,-0.0017453283658982188f,1.2246467991473532e-16f,1.0356776219321815f,-0.0017453283658982188f,-0.9999984769132878f,0f,0.6762919238311144f,1.2246449339040863e-16f,-2.137410796758303e-19f,-1f,-1.9169375000000004f,0f,0f,0f,1f],start_interpolation:0}
execute if entity @s[tag=aj.assembler.bone.small_arm_base5] run data modify entity @s {} merge value {transformation:[0.9851093261547741f,0.17192910027940944f,1.2246467991473532e-16f,1.0521638545948826f,0.17192910027940944f,-0.9851093261547741f,0f,0.6791692320378685f,1.20641098308565e-16f,2.1055242233746308e-17f,-1f,-1.8231875000000004f,0f,0f,0f,1f],start_interpolation:0}
execute if entity @s[tag=aj.assembler.bone.bone20] run data modify entity @s {} merge value {transformation:[-0.5358267949789965f,0.8443279255020152f,1.2246467991473532e-16f,2.6414183864572156e-16f,0.8443279255020152f,0.5358267949789965f,0f,0.5000000000000001f,-6.561985693684132e-17f,1.0340034913967678e-16f,-1f,-2.2606875000000004f,0f,0f,0f,1f],start_interpolation:0}
execute if entity @s[tag=aj.assembler.bone.bone11] run data modify entity @s {} merge value {transformation:[-0.836874953836716f,0.5473941099799986f,1.2246467991473532e-16f,0.336896116020299f,0.5473941099799986f,0.836874953836716f,0f,-0.03243818092948203f,-1.024876233502723e-16f,6.703644446591195e-17f,-1f,-1.9169375000000004f,0f,0f,0f,1f],start_interpolation:0}
execute if entity @s[tag=aj.assembler.bone.arm2] run data modify entity @s {} merge value {transformation:[0.3040330609254923f,0.9526614812535857f,1.2246467991473532e-16f,0.17629192383111422f,0.9526614812535857f,-0.3040330609254923f,0f,-0.5356776219321813f,3.7233311489737644e-17f,1.16667383368818e-16f,-1f,-1.9169375000000004f,0f,0f,0f,1f],start_interpolation:0}
execute if entity @s[tag=aj.assembler.bone.small_arm_base2] run data modify entity @s {} merge value {transformation:[-0.17192910027940916f,0.9851093261547741f,1.2246467991473532e-16f,0.1791692320378684f,0.9851093261547741f,0.17192910027940916f,0f,-0.5521638545948823f,-2.1055242233746278e-17f,1.2064109830856502e-16f,-1f,-1.8231875000000004f,0f,0f,0f,1f],start_interpolation:0}
execute if entity @s[tag=aj.assembler.bone.bone2] run data modify entity @s {} merge value {transformation:[-0.8443279255020153f,-0.5358267949789963f,1.2246467991473532e-16f,2.6414183864572156e-16f,-0.5358267949789963f,0.8443279255020153f,0f,0.5000000000000001f,-1.0340034913967679e-16f,-6.561985693684129e-17f,-1f,-2.2606875000000004f,0f,0f,0f,1f],start_interpolation:0}
execute if entity @s[tag=aj.assembler.bone.ring] run data modify entity @s {} merge value {transformation:[-1.5191563344827088f,-0.9640859258491588f,2.2034447591230768e-16f,2.220446049250313e-16f,-0.9640859258491588f,1.5191563344827088f,0f,0.5000000000000001f,-1.8604299424286751e-16f,-1.1806647431941847e-16f,-1.7992491881391441f,-1.9169375000000004f,0f,0f,0f,1f],start_interpolation:0}
execute if entity @s[tag=aj.assembler.bone.wheel] run data modify entity @s {} merge value {transformation:[-1f,-7.198293278059952e-17f,9.907600726170927e-17f,1.0625000000000002f,0f,0.8090169943749483f,0.5877852522924719f,-0.6249999999999999f,-1.2246467991473532e-16f,0.5877852522924719f,-0.8090169943749483f,-2.0419375000000004f,0f,0f,0f,1f],start_interpolation:0}
execute if entity @s[tag=aj.assembler.bone.wheel2] run data modify entity @s {} merge value {transformation:[-1f,-7.198293278059952e-17f,9.907600726170927e-17f,1.0625000000000002f,0f,0.8090169943749483f,0.5877852522924719f,-0.6249999999999999f,-1.2246467991473532e-16f,0.5877852522924719f,-0.8090169943749483f,-1.7919375000000002f,0f,0f,0f,1f],start_interpolation:0}
execute if entity @s[tag=aj.assembler.bone.rails] run data modify entity @s {} merge value {transformation:[-1.137300743709099f,0f,1.3927917154512523e-16f,-0.43749999999999983f,0f,1.137300743709099f,0f,-0.9999999999999999f,-1.3927917154512523e-16f,0f,-1.137300743709099f,-1.4794375000000004f,0f,0f,0f,1f],start_interpolation:0}
execute if entity @s[tag=aj.assembler.bone.wheel3] run data modify entity @s {} merge value {transformation:[-1f,-7.198293278059952e-17f,9.907600726170927e-17f,-1.0625f,0f,0.8090169943749483f,0.5877852522924719f,-0.6249999999999999f,-1.2246467991473532e-16f,0.5877852522924719f,-0.8090169943749483f,-1.7919375000000006f,0f,0f,0f,1f],start_interpolation:0}
execute if entity @s[tag=aj.assembler.bone.wheel4] run data modify entity @s {} merge value {transformation:[-1f,-7.198293278059952e-17f,9.907600726170927e-17f,-1.0625f,0f,0.8090169943749483f,0.5877852522924719f,-0.6249999999999999f,-1.2246467991473532e-16f,0.5877852522924719f,-0.8090169943749483f,-2.0419375000000004f,0f,0f,0f,1f],start_interpolation:0}
execute if entity @s[tag=aj.assembler.bone.rails2] run data modify entity @s {} merge value {transformation:[-1.2038220325092979f,0f,1.4742567988555726e-16f,0.4375000000000001f,0f,1.2038220325092979f,0f,-0.9999999999999999f,-1.4742567988555726e-16f,0f,-1.2038220325092979f,-1.4794375000000004f,0f,0f,0f,1f],start_interpolation:0}
execute if entity @s[tag=aj.assembler.bone.bone6] run data modify entity @s {} merge value {transformation:[-0.8755199830490827f,0.018007232796269868f,-0.4828462476283262f,0.15190572016507473f,0f,0.9993053060684829f,0.03726801931113777f,0.7437696165010292f,0.48318191116983467f,0.03262889563556026f,-0.8749117646299365f,-1.2597747738474059f,0f,0f,0f,1f],start_interpolation:0}
execute if entity @s[tag=aj.assembler.bone.bone5] run data modify entity @s {} merge value {transformation:[-0.8755199830490827f,-0.10457122303598937f,-0.47173045120544355f,0.0892084154210595f,0f,0.9762998992725825f,-0.2164220568249572f,0.7185031158419187f,0.48318191116983467f,-0.1894818355228341f,-0.8547700712619526f,-1.37338155820281f,0f,0f,0f,1f],start_interpolation:0}
execute if entity @s[tag=aj.assembler.bone.bone4] run data modify entity @s {} merge value {transformation:[-0.8755199830490827f,-0.10457122303598937f,-0.47173045120544355f,0.7495526095596402f,0f,0.9762998992725825f,-0.2164220568249572f,0.17702517798914297f,0.48318191116983467f,-0.1894818355228341f,-0.8547700712619526f,-0.5648981927701544f,0f,0f,0f,1f],start_interpolation:0}
execute if entity @s[tag=aj.assembler.bone.bone3] run data modify entity @s {} merge value {transformation:[-0.8755199830490827f,-0.48064619154600124f,-0.0494368064710768f,0.8565361300221692f,0f,0.10231510188654425f,-0.9947520394178371f,-0.234375f,0.48318191116983467f,-0.8709252886891452f,-0.0895789162693724f,-0.2416944336646249f,0f,0f,0f,1f],start_interpolation:0}
execute if entity @s[tag=aj.assembler.bone.octagon] run data modify entity @s {} merge value {transformation:[-0.8755199830490827f,0f,-0.48318191116983467f,0.859375f,0f,1f,0f,-0.40625f,0.48318191116983467f,0f,-0.8755199830490827f,-0.1718749999999999f,0f,0f,0f,1f],start_interpolation:0}
execute if entity @s[tag=aj.assembler.bone.bone10] run data modify entity @s {} merge value {transformation:[-0.9526340718141549f,-0.03466936124416459f,0.302136327855002f,-0.31767055800245153f,0f,0.9934808240491633f,0.11399935195691024f,-0.1172101482622542f,-0.30411893268717033f,0.10859966683888639f,-0.9464236826832364f,-1.5604636832778376f,0f,0f,0f,1f],start_interpolation:0}
execute if entity @s[tag=aj.assembler.bone.bone9] run data modify entity @s {} merge value {transformation:[-0.9526340718141549f,0.25028268946982246f,0.17276255546424424f,-0.29398488358024677f,0f,0.5680756338900977f,-0.8229763509241098f,-0.2240282099147986f,-0.30411893268717033f,-0.7839953121875897f,-0.541168204211131f,-1.634657618752744f,0f,0f,0f,1f],start_interpolation:0}
execute if entity @s[tag=aj.assembler.bone.bone8] run data modify entity @s {} merge value {transformation:[-0.9526340718141549f,0.25028268946982246f,0.17276255546424424f,-0.7972319792972048f,0f,0.5680756338900977f,-0.8229763509241098f,0.06825713437510428f,-0.30411893268717033f,-0.7839953121875897f,-0.541168204211131f,-0.6748017908297752f,0f,0f,0f,1f],start_interpolation:0}
execute if entity @s[tag=aj.assembler.bone.bone7] run data modify entity @s {} merge value {transformation:[-0.9526340718141549f,0.29930825779389464f,-0.05387849325256924f,-0.8701373814512441f,0f,-0.17716257510344136f,-0.9841816001037195f,-0.234375f,-0.30411893268717033f,-0.9375649251113766f,0.16877110529387238f,-0.24091834613485874f,0f,0f,0f,1f],start_interpolation:0}
execute if entity @s[tag=aj.assembler.bone.octagon2] run data modify entity @s {} merge value {transformation:[-0.9526340718141549f,0f,0.30411893268717033f,-0.8593749999999999f,0f,1f,0f,-0.40625f,-0.30411893268717033f,0f,-0.9526340718141549f,-0.171875f,0f,0f,0f,1f],start_interpolation:0}