execute if entity @s[tag=aj.assembler.bone.bone21] run data modify entity @s {} merge value {transformation:[-0.715402597391432f,0.6987124756619083f,1.2246467991473532e-16f,0.10014968462989021f,0.6987124756619083f,0.715402597391432f,0f,1.2964427879194833f,-8.761155009971199e-17f,8.55675996843679e-17f,-1f,-1.80078125f,0f,0f,0f,1f],start_interpolation:0}
execute if entity @s[tag=aj.assembler.bone.arm4] run data modify entity @s {} merge value {transformation:[-0.9429738712964904f,0.33286675720490644f,1.2246467991473532e-16f,-0.39797231695136237f,0.33286675720490644f,0.9429738712964904f,0f,1.472278259511925f,-1.1548099331628353e-16f,4.0764420875354796e-17f,-1f,-1.80078125f,0f,0f,0f,1f],start_interpolation:0}
execute if entity @s[tag=aj.assembler.bone.small_arm_base4] run data modify entity @s {} merge value {transformation:[-0.38268343236509006f,0.9238795325112867f,1.2246467991473532e-16f,-0.40437669049105684f,0.9238795325112867f,0.38268343236509006f,0f,1.4877397849699587f,-4.686520405326301e-17f,1.1314261122877005e-16f,-1f,-1.70703125f,0f,0f,0f,1f],start_interpolation:0}
execute if entity @s[tag=aj.assembler.bone.bone25] run data modify entity @s {} merge value {transformation:[-0.7071067811865474f,-0.7071067811865477f,1.2246467991473532e-16f,2.6414183864572156e-16f,-0.7071067811865477f,0.7071067811865474f,0f,0.5000000000000001f,-8.65956056235493e-17f,-8.659560562354935e-17f,-1f,-2.14453125f,0f,0f,0f,1f],start_interpolation:0}
execute if entity @s[tag=aj.assembler.bone.bone16] run data modify entity @s {} merge value {transformation:[0.841631569612149f,-0.5400521280693102f,1.2246467991473532e-16f,-0.4440891920015141f,-0.5400521280693102f,-0.841631569612149f,0f,0.0942849127477121f,1.030701407786881e-16f,-6.613731100127974e-17f,-1f,-1.80078125f,0f,0f,0f,1f],start_interpolation:0}
execute if entity @s[tag=aj.assembler.bone.arm3] run data modify entity @s {} merge value {transformation:[-0.9998925728751036f,0.014657513745721051f,1.2246467991473532e-16f,-0.9722782595119246f,0.014657513745721051f,0.9998925728751036f,0f,0.10202768304863769f,-1.224515238862707e-16f,1.7950277292155736e-18f,-1f,-1.80078125f,0f,0f,0f,1f],start_interpolation:0}
execute if entity @s[tag=aj.assembler.bone.small_arm_base3] run data modify entity @s {} merge value {transformation:[-0.9238795325112868f,-0.3826834323650899f,1.2246467991473532e-16f,-0.9877397849699584f,-0.3826834323650899f,0.9238795325112868f,0f,0.09562330950894321f,-1.1314261122877005e-16f,-4.6865204053262986e-17f,-1f,-1.70703125f,0f,0f,0f,1f],start_interpolation:0}
execute if entity @s[tag=aj.assembler.bone.bone15] run data modify entity @s {} merge value {transformation:[0.7071067811865476f,-0.7071067811865475f,1.2246467991473532e-16f,2.6414183864572156e-16f,-0.7071067811865475f,-0.7071067811865476f,0f,0.5000000000000001f,8.659560562354933e-17f,-8.659560562354933e-17f,-1f,-2.14453125f,0f,0f,0f,1f],start_interpolation:0}
execute if entity @s[tag=aj.assembler.bone.bone26] run data modify entity @s {} merge value {transformation:[-0.9659258262890684f,-0.25881904510252124f,1.2246467991473532e-16f,0.4565539791204285f,-0.25881904510252124f,0.9659258262890684f,0f,0.7836389965931968f,-1.18291797137867e-16f,-3.1696191514317723e-17f,-1f,-1.80078125f,0f,0f,0f,1f],start_interpolation:0}
execute if entity @s[tag=aj.assembler.bone.arm5] run data modify entity @s {} merge value {transformation:[0.9762960071199334f,0.2164396139381035f,1.2246467991473532e-16f,0.9722782595119249f,0.2164396139381035f,-0.9762960071199334f,0f,0.8979723169513628f,1.195617780139768e-16f,2.6506208041798745e-17f,-1f,-1.80078125f,0f,0f,0f,1f],start_interpolation:0}
execute if entity @s[tag=aj.assembler.bone.small_arm_base5] run data modify entity @s {} merge value {transformation:[0.9238795325112867f,0.38268343236509017f,1.2246467991473532e-16f,0.9877397849699587f,0.38268343236509017f,-0.9238795325112867f,0f,0.9043766904910573f,1.1314261122877003e-16f,4.686520405326305e-17f,-1f,-1.70703125f,0f,0f,0f,1f],start_interpolation:0}
execute if entity @s[tag=aj.assembler.bone.bone20] run data modify entity @s {} merge value {transformation:[-0.7071067811865478f,0.7071067811865472f,1.2246467991473532e-16f,2.6414183864572156e-16f,0.7071067811865472f,0.7071067811865478f,0f,0.5000000000000001f,-8.659560562354938e-17f,8.659560562354928e-17f,-1f,-2.14453125f,0f,0f,0f,1f],start_interpolation:0}
execute if entity @s[tag=aj.assembler.bone.bone11] run data modify entity @s {} merge value {transformation:[-0.5757033211928209f,0.8176586610362271f,1.2246467991473532e-16f,0.28549138167088783f,0.8176586610362271f,0.5757033211928209f,0f,0.04385319731654602f,-7.050332295572887e-17f,1.0013430620331265e-16f,-1f,-1.80078125f,0f,0f,0f,1f],start_interpolation:0}
execute if entity @s[tag=aj.assembler.bone.arm2] run data modify entity @s {} merge value {transformation:[-0.2129329414315744f,0.9770668157568846f,1.2246467991473532e-16f,0.3979723169513628f,0.9770668157568846f,0.2129329414315744f,0f,-0.4722782595119246f,-2.6076764515720832e-17f,1.1965617484697657e-16f,-1f,-1.80078125f,0f,0f,0f,1f],start_interpolation:0}
execute if entity @s[tag=aj.assembler.bone.small_arm_base2] run data modify entity @s {} merge value {transformation:[-0.38268343236509006f,0.9238795325112867f,1.2246467991473532e-16f,0.4043766904910573f,0.9238795325112867f,0.38268343236509006f,0f,-0.4877397849699584f,-4.686520405326301e-17f,1.1314261122877005e-16f,-1f,-1.70703125f,0f,0f,0f,1f],start_interpolation:0}
execute if entity @s[tag=aj.assembler.bone.bone2] run data modify entity @s {} merge value {transformation:[-0.7071067811865474f,-0.7071067811865477f,1.2246467991473532e-16f,2.6414183864572156e-16f,-0.7071067811865477f,0.7071067811865474f,0f,0.5000000000000001f,-8.65956056235493e-17f,-8.659560562354935e-17f,-1f,-2.14453125f,0f,0f,0f,1f],start_interpolation:0}
execute if entity @s[tag=aj.assembler.bone.ring] run data modify entity @s {} merge value {transformation:[-1.2722613019775788f,-1.2722613019775793f,2.2034447591230768e-16f,2.220446049250313e-16f,-1.2722613019775793f,1.2722613019775788f,0f,0.5000000000000001f,-1.5580707311458859e-16f,-1.5580707311458868e-16f,-1.7992491881391441f,-1.80078125f,0f,0f,0f,1f],start_interpolation:0}
execute if entity @s[tag=aj.assembler.bone.wheel] run data modify entity @s {} merge value {transformation:[-1f,-1.2246467991473532e-16f,-2.719262146893782e-32f,1.0625000000000002f,0f,-2.220446049250313e-16f,1f,-0.6249999999999999f,-1.2246467991473532e-16f,1f,2.220446049250313e-16f,-1.9257812499999998f,0f,0f,0f,1f],start_interpolation:0}
execute if entity @s[tag=aj.assembler.bone.wheel2] run data modify entity @s {} merge value {transformation:[-1f,-1.2246467991473532e-16f,-2.719262146893782e-32f,1.0625000000000002f,0f,-2.220446049250313e-16f,1f,-0.6249999999999999f,-1.2246467991473532e-16f,1f,2.220446049250313e-16f,-1.6757812499999998f,0f,0f,0f,1f],start_interpolation:0}
execute if entity @s[tag=aj.assembler.bone.rails] run data modify entity @s {} merge value {transformation:[-1.137300743709099f,0f,1.3927917154512523e-16f,-0.43749999999999983f,0f,1.137300743709099f,0f,-0.9999999999999999f,-1.3927917154512523e-16f,0f,-1.137300743709099f,-1.36328125f,0f,0f,0f,1f],start_interpolation:0}
execute if entity @s[tag=aj.assembler.bone.wheel3] run data modify entity @s {} merge value {transformation:[-1f,-1.2246467991473532e-16f,-2.719262146893782e-32f,-1.0625f,0f,-2.220446049250313e-16f,1f,-0.6249999999999999f,-1.2246467991473532e-16f,1f,2.220446049250313e-16f,-1.6757812500000002f,0f,0f,0f,1f],start_interpolation:0}
execute if entity @s[tag=aj.assembler.bone.wheel4] run data modify entity @s {} merge value {transformation:[-1f,-1.2246467991473532e-16f,-2.719262146893782e-32f,-1.0625f,0f,-2.220446049250313e-16f,1f,-0.6249999999999999f,-1.2246467991473532e-16f,1f,2.220446049250313e-16f,-1.9257812500000002f,0f,0f,0f,1f],start_interpolation:0}
execute if entity @s[tag=aj.assembler.bone.rails2] run data modify entity @s {} merge value {transformation:[-1.2038220325092979f,0f,1.4742567988555726e-16f,0.4375000000000001f,0f,1.2038220325092979f,0f,-0.9999999999999999f,-1.4742567988555726e-16f,0f,-1.2038220325092979f,-1.36328125f,0f,0f,0f,1f],start_interpolation:0}
execute if entity @s[tag=aj.assembler.bone.bone6] run data modify entity @s {} merge value {transformation:[-0.9264530665946463f,0.05466484163823286f,-0.3724197503973743f,0.40520610812319496f,0f,0.9893983998047199f,0.14522674155905177f,0.897629040602267f,0.37641030192779745f,0.1345457600689316f,-0.9166311815829187f,-1.0406508038404758f,0f,0f,0f,1f],start_interpolation:0}
execute if entity @s[tag=aj.assembler.bone.bone5] run data modify entity @s {} merge value {transformation:[-0.9264530665946463f,0.00582219907293087f,-0.37636527123969715f,0.3554885172071808f,0f,0.9998803680774153f,0.015467693214325728f,0.9030877945502903f,0.37641030192779745f,0.0143300918115572f,-0.9263422332331052f,-1.163019969434341f,0f,0f,0f,1f],start_interpolation:0}
execute if entity @s[tag=aj.assembler.bone.bone4] run data modify entity @s {} merge value {transformation:[-0.9264530665946463f,0.00582219907293087f,-0.37636527123969715f,0.8252545270961935f,0f,0.9998803680774153f,0.015467693214325728f,0.22846911364253253f,0.37641030192779745f,0.0143300918115572f,-0.9263422332331052f,-0.5049185328505903f,0f,0f,0f,1f],start_interpolation:0}
execute if entity @s[tag=aj.assembler.bone.bone3] run data modify entity @s {} merge value {transformation:[-0.9264530665946463f,-0.3622254621176756f,-0.10235931804682961f,0.8648010144605953f,0f,0.27193548508792953f,-0.9623154846254904f,-0.234375f,0.37641030192779745f,-0.8915401317627989f,-0.251935464075615f,-0.24154113859740894f,0f,0f,0f,1f],start_interpolation:0}
execute if entity @s[tag=aj.assembler.bone.octagon] run data modify entity @s {} merge value {transformation:[-0.9264530665946463f,0f,-0.37641030192779745f,0.859375f,0f,1f,0f,-0.40625f,0.37641030192779745f,0f,-0.9264530665946463f,-0.1718749999999999f,0f,0f,0f,1f],start_interpolation:0}
execute if entity @s[tag=aj.assembler.bone.bone10] run data modify entity @s {} merge value {transformation:[-0.9649115353609165f,-0.03148630483251816f,0.2606805353980857f,-0.4055043894068062f,0f,0.9927843456520494f,0.11991348142820352f,-0.11736484359506476f,-0.2625751871891914f,0.11570590147536053f,-0.9579490672454017f,-1.4827185393580238f,0f,0f,0f,1f],start_interpolation:0}
execute if entity @s[tag=aj.assembler.bone.bone9] run data modify entity @s {} merge value {transformation:[-0.9649115353609165f,0.22376121613514444f,0.13739231085166326f,-0.3865835411168204f,0f,0.5232494064744548f,-0.8521795929404381f,-0.22819526090622333f,-0.2625751871891914f,-0.8222779194273989f,-0.5048893881779544f,-1.5522488897664446f,0f,0f,0f,1f],start_interpolation:0}
execute if entity @s[tag=aj.assembler.bone.bone8] run data modify entity @s {} merge value {transformation:[-0.9649115353609165f,0.22376121613514444f,0.13739231085166326f,-0.8265288786521333f,0f,0.5232494064744548f,-0.8521795929404381f,0.10550093661130683f,-0.2625751871891914f,-0.8222779194273989f,-0.5048893881779544f,-0.6496185473750077f,0f,0f,0f,1f],start_interpolation:0}
execute if entity @s[tag=aj.assembler.bone.bone7] run data modify entity @s {} merge value {transformation:[-0.9649115353609165f,0.2615181550205916f,-0.02353685454908326f,-0.8731175362807041f,0f,-0.08963853287525003f,-0.9959743638387348f,-0.234375f,-0.2625751871891914f,-0.9610271525917456f,0.08649325438415749f,-0.24038744555971953f,0f,0f,0f,1f],start_interpolation:0}
execute if entity @s[tag=aj.assembler.bone.octagon2] run data modify entity @s {} merge value {transformation:[-0.9649115353609165f,0f,0.2625751871891914f,-0.8593749999999999f,0f,1f,0f,-0.40625f,-0.2625751871891914f,0f,-0.9649115353609165f,-0.171875f,0f,0f,0f,1f],start_interpolation:0}