execute if entity @s[tag=aj.assembler.bone.bone21] run data modify entity @s {} merge value {transformation:[-0.7531780352474339f,0.6578167276839466f,1.2246467991473532e-16f,0.1283086923179001f,0.6578167276839466f,0.7531780352474339f,0f,1.3013260110482165f,-9.223770700538624e-17f,8.055931499837312e-17f,-1f,-1.8465000000000007f,0f,0f,0f,1f],start_interpolation:0}
execute if entity @s[tag=aj.assembler.bone.arm4] run data modify entity @s {} merge value {transformation:[-0.938094768201651f,0.34637870297218154f,1.2246467991473532e-16f,-0.3672359434704052f,0.34637870297218154f,0.938094768201651f,0f,1.484299111450668f,-1.1488347551750303e-16f,4.2419156988769376e-17f,-1f,-1.8465000000000007f,0f,0f,0f,1f],start_interpolation:0}
execute if entity @s[tag=aj.assembler.bone.small_arm_base4] run data modify entity @s {} merge value {transformation:[-0.35347484377925664f,0.9354440308298676f,1.2246467991473532e-16f,-0.3731514985872199f,0.9354440308298676f,0.35347484377925664f,0f,1.4999541738135362f,-4.328818360133775e-17f,1.1455885381372952e-16f,-1f,-1.7527500000000007f,0f,0f,0f,1f],start_interpolation:0}
execute if entity @s[tag=aj.assembler.bone.bone25] run data modify entity @s {} merge value {transformation:[-0.7289686274214118f,-0.6845471059286883f,1.2246467991473532e-16f,2.6414183864572156e-16f,-0.6845471059286883f,0.7289686274214118f,0f,0.5000000000000001f,-8.927290962504714e-17f,-8.383284221411522e-17f,-1f,-2.1902500000000007f,0f,0f,0f,1f],start_interpolation:0}
execute if entity @s[tag=aj.assembler.bone.bone16] run data modify entity @s {} merge value {transformation:[0.8304743880171609f,-0.557056811149026f,1.2246467991473532e-16f,-0.4562468926729969f,-0.557056811149026f,-0.8304743880171609f,0f,0.147064258396301f,1.0170378010590733e-16f,-6.821978407168866e-17f,-1f,-1.8465000000000007f,0f,0f,0f,1f],start_interpolation:0}
execute if entity @s[tag=aj.assembler.bone.arm3] run data modify entity @s {} merge value {transformation:[-0.999633510278222f,-0.027071112441857503f,1.2246467991473532e-16f,-0.9842991114506677f,-0.027071112441857503f,0.999633510278222f,0f,0.13276405652959483f,-1.2241979786826575e-16f,-3.315255120127882e-18f,-1f,-1.8465000000000007f,0f,0f,0f,1f],start_interpolation:0}
execute if entity @s[tag=aj.assembler.bone.small_arm_base3] run data modify entity @s {} merge value {transformation:[-0.9354440308298675f,-0.3534748437792565f,1.2246467991473532e-16f,-0.999954173813536f,-0.3534748437792565f,0.9354440308298675f,0f,0.12684850141278015f,-1.1455885381372952e-16f,-4.328818360133771e-17f,-1f,-1.7527500000000007f,0f,0f,0f,1f],start_interpolation:0}
execute if entity @s[tag=aj.assembler.bone.bone15] run data modify entity @s {} merge value {transformation:[0.6845471059286882f,-0.7289686274214119f,1.2246467991473532e-16f,2.6414183864572156e-16f,-0.7289686274214119f,-0.6845471059286882f,0f,0.5000000000000001f,8.38328422141152e-17f,-8.927290962504716e-17f,-1f,-2.1902500000000007f,0f,0f,0f,1f],start_interpolation:0}
execute if entity @s[tag=aj.assembler.bone.bone26] run data modify entity @s {} merge value {transformation:[-0.9967944123274642f,-0.08000562200711724f,1.2246467991473532e-16f,0.46523801347909877f,-0.08000562200711724f,0.9967944123274642f,0f,0.7691583308261407f,-1.220721086464796e-16f,-9.797862890480936e-18f,-1f,-1.8465000000000007f,0f,0f,0f,1f],start_interpolation:0}
execute if entity @s[tag=aj.assembler.bone.arm5] run data modify entity @s {} merge value {transformation:[0.9826127965436153f,0.18566661538557708f,1.2246467991473532e-16f,0.9842991114506683f,0.18566661538557708f,-0.9826127965436153f,0f,0.8672359434704058f,1.2033536160883677e-16f,2.2737602624046985e-17f,-1f,-1.8465000000000007f,0f,0f,0f,1f],start_interpolation:0}
execute if entity @s[tag=aj.assembler.bone.small_arm_base5] run data modify entity @s {} merge value {transformation:[0.9354440308298675f,0.3534748437792568f,1.2246467991473532e-16f,0.9999541738135365f,0.3534748437792568f,-0.9354440308298675f,0f,0.8731514985872204f,1.145588538137295e-16f,4.3288183601337767e-17f,-1f,-1.7527500000000007f,0f,0f,0f,1f],start_interpolation:0}
execute if entity @s[tag=aj.assembler.bone.bone20] run data modify entity @s {} merge value {transformation:[-0.6845471059286884f,0.7289686274214117f,1.2246467991473532e-16f,2.6414183864572156e-16f,0.7289686274214117f,0.6845471059286884f,0f,0.5000000000000001f,-8.383284221411525e-17f,8.927290962504712e-17f,-1f,-2.1902500000000007f,0f,0f,0f,1f],start_interpolation:0}
execute if entity @s[tag=aj.assembler.bone.bone11] run data modify entity @s {} merge value {transformation:[-0.6325577830516814f,0.7745131703855928f,1.2246467991473532e-16f,0.30610657928541657f,0.7745131703855928f,0.6325577830516814f,0f,0.04039779378490599f,-7.746598642899876e-17f,9.485050750101844e-17f,-1f,-1.8465000000000007f,0f,0f,0f,1f],start_interpolation:0}
execute if entity @s[tag=aj.assembler.bone.arm2] run data modify entity @s {} merge value {transformation:[-0.11572143573748478f,0.9932817069245036f,1.2246467991473532e-16f,0.36723594347040567f,0.9932817069245036f,0.11572143573748478f,0f,-0.4842991114506679f,-1.4171788586864707e-17f,1.2164192630367125e-16f,-1f,-1.8465000000000007f,0f,0f,0f,1f],start_interpolation:0}
execute if entity @s[tag=aj.assembler.bone.small_arm_base2] run data modify entity @s {} merge value {transformation:[-0.35347484377925664f,0.9354440308298676f,1.2246467991473532e-16f,0.37315149858722035f,0.9354440308298676f,0.35347484377925664f,0f,-0.49995417381353613f,-4.328818360133775e-17f,1.1455885381372952e-16f,-1f,-1.7527500000000007f,0f,0f,0f,1f],start_interpolation:0}
execute if entity @s[tag=aj.assembler.bone.bone2] run data modify entity @s {} merge value {transformation:[-0.7289686274214118f,-0.6845471059286883f,1.2246467991473532e-16f,2.6414183864572156e-16f,-0.6845471059286883f,0.7289686274214118f,0f,0.5000000000000001f,-8.927290962504714e-17f,-8.383284221411522e-17f,-1f,-2.1902500000000007f,0f,0f,0f,1f],start_interpolation:0}
execute if entity @s[tag=aj.assembler.bone.ring] run data modify entity @s {} merge value {transformation:[-1.3115962110668813f,-1.231670824585193f,2.2034447591230768e-16f,2.220446049250313e-16f,-1.231670824585193f,1.3115962110668813f,0f,0.5000000000000001f,-1.6062421016568526e-16f,-1.5083617329314378e-16f,-1.7992491881391441f,-1.8465000000000007f,0f,0f,0f,1f],start_interpolation:0}
execute if entity @s[tag=aj.assembler.bone.wheel] run data modify entity @s {} merge value {transformation:[-1f,-1.1647083184890914e-16f,3.784366730434189e-17f,1.0625000000000002f,0f,0.30901699437495056f,0.9510565162951526f,-0.6249999999999999f,-1.2246467991473532e-16f,0.9510565162951526f,-0.30901699437495056f,-1.9715000000000005f,0f,0f,0f,1f],start_interpolation:0}
execute if entity @s[tag=aj.assembler.bone.wheel2] run data modify entity @s {} merge value {transformation:[-1f,-1.1647083184890914e-16f,3.784366730434189e-17f,1.0625000000000002f,0f,0.30901699437495056f,0.9510565162951526f,-0.6249999999999999f,-1.2246467991473532e-16f,0.9510565162951526f,-0.30901699437495056f,-1.7215000000000005f,0f,0f,0f,1f],start_interpolation:0}
execute if entity @s[tag=aj.assembler.bone.rails] run data modify entity @s {} merge value {transformation:[-1.137300743709099f,0f,1.3927917154512523e-16f,-0.43749999999999983f,0f,1.137300743709099f,0f,-0.9999999999999999f,-1.3927917154512523e-16f,0f,-1.137300743709099f,-1.4090000000000007f,0f,0f,0f,1f],start_interpolation:0}
execute if entity @s[tag=aj.assembler.bone.wheel3] run data modify entity @s {} merge value {transformation:[-1f,-1.1647083184890914e-16f,3.784366730434189e-17f,-1.0625f,0f,0.30901699437495056f,0.9510565162951526f,-0.6249999999999999f,-1.2246467991473532e-16f,0.9510565162951526f,-0.30901699437495056f,-1.721500000000001f,0f,0f,0f,1f],start_interpolation:0}
execute if entity @s[tag=aj.assembler.bone.wheel4] run data modify entity @s {} merge value {transformation:[-1f,-1.1647083184890914e-16f,3.784366730434189e-17f,-1.0625f,0f,0.30901699437495056f,0.9510565162951526f,-0.6249999999999999f,-1.2246467991473532e-16f,0.9510565162951526f,-0.30901699437495056f,-1.971500000000001f,0f,0f,0f,1f],start_interpolation:0}
execute if entity @s[tag=aj.assembler.bone.rails2] run data modify entity @s {} merge value {transformation:[-1.2038220325092979f,0f,1.4742567988555726e-16f,0.4375000000000001f,0f,1.2038220325092979f,0f,-0.9999999999999999f,-1.4742567988555726e-16f,0f,-1.2038220325092979f,-1.4090000000000007f,0f,0f,0f,1f],start_interpolation:0}
execute if entity @s[tag=aj.assembler.bone.bone6] run data modify entity @s {} merge value {transformation:[-0.9209536444504971f,0.03902550597510641f,-0.3877130313217937f,0.35299577834305035f,0f,0.9949723914179176f,0.1001495896951638f,0.8464016099864182f,0.3896721503691883f,0.0922331296199831f,-0.9163234500039579f,-1.1280680184283338f,0f,0f,0f,1f],start_interpolation:0}
execute if entity @s[tag=aj.assembler.bone.bone5] run data modify entity @s {} merge value {transformation:[-0.9209536444504971f,-0.019575927567636695f,-0.3891801226080462f,0.30149794098097504f,0f,0.9987373289041162f,-0.05023691723693838f,0.8431734558170669f,0.3896721503691883f,-0.04626587201531637f,-0.9197907829030006f,-1.2497783355628487f,0f,0f,0f,1f],start_interpolation:0}
execute if entity @s[tag=aj.assembler.bone.bone4] run data modify entity @s {} merge value {transformation:[-0.9209536444504971f,-0.019575927567636695f,-0.3891801226080462f,0.804958206613176f,0f,0.9987373289041162f,-0.05023691723693838f,0.20382377400718787f,0.3896721503691883f,-0.04626587201531637f,-0.9197907829030006f,-0.5410708587561426f,0f,0f,0f,1f],start_interpolation:0}
execute if entity @s[tag=aj.assembler.bone.bone3] run data modify entity @s {} merge value {transformation:[-0.9209536444504971f,-0.3828740622833422f,-0.07246956053405211f,0.8638002919910037f,0f,0.18597572463259704f,-0.9825543393865707f,-0.234375f,0.3896721503691883f,-0.9048869997287129f,-0.17127502137971232f,-0.2416118574771931f,0f,0f,0f,1f],start_interpolation:0}
execute if entity @s[tag=aj.assembler.bone.octagon] run data modify entity @s {} merge value {transformation:[-0.9209536444504971f,0f,-0.3896721503691883f,0.859375f,0f,1f,0f,-0.40625f,0.3896721503691883f,0f,-0.9209536444504971f,-0.1718749999999999f,0f,0f,0f,1f],start_interpolation:0}
execute if entity @s[tag=aj.assembler.bone.bone10] run data modify entity @s {} merge value {transformation:[-0.9635931973420816f,-0.034896546926649466f,0.2650856107914205f,-0.38794255216546136f,0f,0.9914461370690711f,0.13051650198659498f,-0.12451374055650509f,-0.26737268004802645f,0.1257648134551671f,-0.955350753210842f,-1.5202517289721946f,0f,0f,0f,1f],start_interpolation:0}
execute if entity @s[tag=aj.assembler.bone.bone9] run data modify entity @s {} merge value {transformation:[-0.9635931973420816f,0.2253167138647931f,0.1439462694523039f,-0.36815027211375656f,0f,0.5383731405409399f,-0.8427065690642772f,-0.2340406288687546f,-0.26737268004802645f,-0.8120263173058226f,-0.5187726958569421f,-1.591581778154057f,0f,0f,0f,1f],start_interpolation:0}
execute if entity @s[tag=aj.assembler.bone.bone8] run data modify entity @s {} merge value {transformation:[-0.9635931973420816f,0.2253167138647931f,0.1439462694523039f,-0.820207969632485f,0f,0.5383731405409399f,-0.8427065690642772f,0.0870071267561f,-0.26737268004802645f,-0.8120263173058226f,-0.5187726958569421f,-0.6636645276309052f,0f,0f,0f,1f],start_interpolation:0}
execute if entity @s[tag=aj.assembler.bone.bone7] run data modify entity @s {} merge value {transformation:[-0.9635931973420816f,0.26496253422086186f,-0.03581906608669384f,-0.8727764949139383f,0f,-0.13396681396266774f,-0.990985818645601f,-0.234375f,-0.26737268004802645f,-0.9549071935093749f,0.12908951060401883f,-0.24045497108538094f,0f,0f,0f,1f],start_interpolation:0}
execute if entity @s[tag=aj.assembler.bone.octagon2] run data modify entity @s {} merge value {transformation:[-0.9635931973420816f,0f,0.26737268004802645f,-0.8593749999999999f,0f,1f,0f,-0.40625f,-0.26737268004802645f,0f,-0.9635931973420816f,-0.171875f,0f,0f,0f,1f],start_interpolation:0}