execute if entity @s[tag=aj.assembler.bone.bone21] run data modify entity @s {} merge value {transformation:[-0.9847065619423454f,-0.1742210861741081f,1.2246467991473532e-16f,-0.7721293746587745f,-0.1742210861741081f,0.9847065619423454f,0f,0.7241336896450511f,-1.2059177391820884e-16f,-2.133592955270969e-17f,-1f,-1.5f,0f,0f,0f,1f],start_interpolation:0}
execute if entity @s[tag=aj.assembler.bone.arm4] run data modify entity @s {} merge value {transformation:[-0.47408820904711624f,-0.8804773535091621f,1.2246467991473532e-16f,-1.0225644872371689f,-0.8804773535091621f,0.47408820904711624f,0f,0.2590252120645013f,-5.80590607723052e-17f,-1.078273772696728e-16f,-1f,-1.5f,0f,0f,0f,1f],start_interpolation:0}
execute if entity @s[tag=aj.assembler.bone.small_arm_base4] run data modify entity @s {} merge value {transformation:[-0.9723699203976767f,-0.2334453638559057f,1.2246467991473532e-16f,-1.0388375204084837f,-0.2334453638559057f,0.9723699203976767f,0f,0.2551184024542625f,-1.1908097106021814e-16f,-2.858881176219242e-17f,-1f,-1.40625f,0f,0f,0f,1f],start_interpolation:0}
execute if entity @s[tag=aj.assembler.bone.bone25] run data modify entity @s {} merge value {transformation:[0.5877852522924734f,-0.8090169943749472f,1.2246467991473532e-16f,2.6414183864572156e-16f,-0.8090169943749472f,-0.5877852522924734f,0f,0.5000000000000001f,7.19829327805997e-17f,-9.907600726170914e-17f,-1f,-1.84375f,0f,0f,0f,1f],start_interpolation:0}
execute if entity @s[tag=aj.assembler.bone.bone16] run data modify entity @s {} merge value {transformation:[0.9128957867939747f,0.40819270259744944f,1.2246467991473532e-16f,0.4766769155690568f,0.40819270259744944f,-0.9128957867939747f,0f,-0.049819155627787826f,1.1179749032523458e-16f,4.998918866712741e-17f,-1f,-1.5f,0f,0f,0f,1f],start_interpolation:0}
execute if entity @s[tag=aj.assembler.bone.arm3] run data modify entity @s {} merge value {transformation:[-0.44619781310980866f,-0.8949343616020251f,1.2246467991473532e-16f,0.24097478793549887f,-0.8949343616020251f,0.44619781310980866f,0f,-0.522564487237169f,-5.4643472361147615e-17f,-1.0959785013829002e-16f,-1f,-1.5f,0f,0f,0f,1f],start_interpolation:0}
execute if entity @s[tag=aj.assembler.bone.small_arm_base3] run data modify entity @s {} merge value {transformation:[0.23344536385590542f,-0.9723699203976766f,1.2246467991473532e-16f,0.24488159754573768f,-0.9723699203976766f,-0.23344536385590542f,0f,-0.5388375204084838f,2.858881176219239e-17f,-1.1908097106021814e-16f,-1f,-1.40625f,0f,0f,0f,1f],start_interpolation:0}
execute if entity @s[tag=aj.assembler.bone.bone15] run data modify entity @s {} merge value {transformation:[0.8090169943749473f,0.5877852522924731f,1.2246467991473532e-16f,2.6414183864572156e-16f,0.5877852522924731f,-0.8090169943749473f,0f,0.5000000000000001f,9.907600726170915e-17f,7.198293278059968e-17f,-1f,-1.84375f,0f,0f,0f,1f],start_interpolation:0}
execute if entity @s[tag=aj.assembler.bone.bone26] run data modify entity @s {} merge value {transformation:[-0.6902897266484834f,-0.7235330630203172f,1.2246467991473532e-16f,-0.3158068687350054f,-0.7235330630203172f,0.6902897266484834f,0f,0.9996459455763613f,-8.453611042243667e-17f,-8.860724497051119e-17f,-1f,-1.5f,0f,0f,0f,1f],start_interpolation:0}
execute if entity @s[tag=aj.assembler.bone.arm5] run data modify entity @s {} merge value {transformation:[0.1416614739053484f,0.9899151614208991f,1.2246467991473532e-16f,-0.24097478793549879f,0.9899151614208991f,-0.1416614739053484f,0f,1.522564487237169f,1.7348527058068116e-17f,1.2122964338615397e-16f,-1f,-1.5f,0f,0f,0f,1f],start_interpolation:0}
execute if entity @s[tag=aj.assembler.bone.small_arm_base5] run data modify entity @s {} merge value {transformation:[-0.23344536385590597f,0.9723699203976767f,1.2246467991473532e-16f,-0.24488159754573763f,0.9723699203976767f,0.23344536385590597f,0f,1.5388375204084839f,-2.858881176219245e-17f,1.1908097106021814e-16f,-1f,-1.40625f,0f,0f,0f,1f],start_interpolation:0}
execute if entity @s[tag=aj.assembler.bone.bone20] run data modify entity @s {} merge value {transformation:[-0.8090169943749471f,-0.5877852522924736f,1.2246467991473532e-16f,2.6414183864572156e-16f,-0.5877852522924736f,0.8090169943749471f,0f,0.5000000000000001f,-9.907600726170912e-17f,-7.198293278059972e-17f,-1f,-1.84375f,0f,0f,0f,1f],start_interpolation:0}
execute if entity @s[tag=aj.assembler.bone.bone11] run data modify entity @s {} merge value {transformation:[0.2942647045963228f,-0.955723957860657f,1.2246467991473532e-16f,0.5257916704579177f,-0.955723957860657f,-0.2942647045963228f,0f,0.56136295636904f,3.603703285859283e-17f,-1.1704242858624934e-16f,-1f,-1.5f,0f,0f,0f,1f],start_interpolation:0}
execute if entity @s[tag=aj.assembler.bone.arm2] run data modify entity @s {} merge value {transformation:[-0.9404197861290039f,-0.34001562590133805f,1.2246467991473532e-16f,1.0225644872371693f,-0.34001562590133805f,0.9404197861290039f,0f,0.7409747879354989f,-1.151682080937723e-16f,-4.1639904792015764e-17f,-1f,-1.5f,0f,0f,0f,1f],start_interpolation:0}
execute if entity @s[tag=aj.assembler.bone.small_arm_base2] run data modify entity @s {} merge value {transformation:[-0.9723699203976767f,-0.2334453638559057f,1.2246467991473532e-16f,1.038837520408484f,-0.2334453638559057f,0.9723699203976767f,0f,0.7448815975457377f,-1.1908097106021814e-16f,-2.858881176219242e-17f,-1f,-1.40625f,0f,0f,0f,1f],start_interpolation:0}
execute if entity @s[tag=aj.assembler.bone.bone2] run data modify entity @s {} merge value {transformation:[0.5877852522924734f,-0.8090169943749472f,1.2246467991473532e-16f,2.6414183864572156e-16f,-0.8090169943749472f,-0.5877852522924734f,0f,0.5000000000000001f,7.19829327805997e-17f,-9.907600726170914e-17f,-1f,-1.84375f,0f,0f,0f,1f],start_interpolation:0}
execute if entity @s[tag=aj.assembler.bone.ring] run data modify entity @s {} merge value {transformation:[1.0575721379873948f,-1.4556231703198943f,2.2034447591230768e-16f,2.220446049250313e-16f,-1.4556231703198943f,-1.0575721379873948f,0f,0.5000000000000001f,1.295152333653686e-16f,-1.782624256296981e-16f,-1.7992491881391441f,-1.5f,0f,0f,0f,1f],start_interpolation:0}
execute if entity @s[tag=aj.assembler.bone.wheel] run data modify entity @s {} merge value {transformation:[-1f,1.4997597826618576e-32f,-1.2246467991473532e-16f,1.0625000000000002f,0f,-1f,-1.2246467991473532e-16f,-0.6249999999999999f,-1.2246467991473532e-16f,-1.2246467991473532e-16f,1f,-1.6249999999999998f,0f,0f,0f,1f],start_interpolation:0}
execute if entity @s[tag=aj.assembler.bone.wheel2] run data modify entity @s {} merge value {transformation:[-1f,1.4997597826618576e-32f,-1.2246467991473532e-16f,1.0625000000000002f,0f,-1f,-1.2246467991473532e-16f,-0.6249999999999999f,-1.2246467991473532e-16f,-1.2246467991473532e-16f,1f,-1.3749999999999998f,0f,0f,0f,1f],start_interpolation:0}
execute if entity @s[tag=aj.assembler.bone.rails] run data modify entity @s {} merge value {transformation:[-1.137300743709099f,0f,1.3927917154512523e-16f,-0.43749999999999983f,0f,1.137300743709099f,0f,-0.9999999999999999f,-1.3927917154512523e-16f,0f,-1.137300743709099f,-1.0625f,0f,0f,0f,1f],start_interpolation:0}
execute if entity @s[tag=aj.assembler.bone.wheel3] run data modify entity @s {} merge value {transformation:[-1f,1.4997597826618576e-32f,-1.2246467991473532e-16f,-1.0625f,0f,-1f,-1.2246467991473532e-16f,-0.6249999999999999f,-1.2246467991473532e-16f,-1.2246467991473532e-16f,1f,-1.3750000000000002f,0f,0f,0f,1f],start_interpolation:0}
execute if entity @s[tag=aj.assembler.bone.wheel4] run data modify entity @s {} merge value {transformation:[-1f,1.4997597826618576e-32f,-1.2246467991473532e-16f,-1.0625f,0f,-1f,-1.2246467991473532e-16f,-0.6249999999999999f,-1.2246467991473532e-16f,-1.2246467991473532e-16f,1f,-1.6250000000000002f,0f,0f,0f,1f],start_interpolation:0}
execute if entity @s[tag=aj.assembler.bone.rails2] run data modify entity @s {} merge value {transformation:[-1.2038220325092979f,0f,1.4742567988555726e-16f,0.4375000000000001f,0f,1.2038220325092979f,0f,-0.9999999999999999f,-1.4742567988555726e-16f,0f,-1.2038220325092979f,-1.0625f,0f,0f,0f,1f],start_interpolation:0}
execute if entity @s[tag=aj.assembler.bone.bone6] run data modify entity @s {} merge value {transformation:[0.09803617123309714f,-0.07994693223617129f,-0.9919664294500999f,0.4526176584294219f,0f,0.9967680083603151f,-0.08033391257377649f,0.701474023258715f,0.995182852108071f,0.007875629208907407f,0.09771931914728506f,-0.03760125110503658f,0f,0f,0f,1f],start_interpolation:0}
execute if entity @s[tag=aj.assembler.bone.bone5] run data modify entity @s {} merge value {transformation:[0.09803617123309714f,-0.06573462004239133f,-0.9930095008900154f,0.32116484417514735f,0f,0.9978161287511618f,-0.06605280617842979f,0.6961526196313987f,0.995182852108071f,0.006475564216935119f,0.097822072857395f,-0.024651740791423266f,0f,0f,0f,1f],start_interpolation:0}
execute if entity @s[tag=aj.assembler.bone.bone4] run data modify entity @s {} merge value {transformation:[0.09803617123309714f,-0.06573462004239133f,-0.9930095008900154f,0.9204586612129587f,0f,0.9978161287511618f,-0.06605280617842979f,0.27897719194403714f,0.995182852108071f,0.006475564216935119f,0.097822072857395f,-0.2720961885574039f,0f,0f,0f,1f],start_interpolation:0}
execute if entity @s[tag=aj.assembler.bone.bone3] run data modify entity @s {} merge value {transformation:[0.09803617123309714f,-0.5045410906559744f,-0.8578037053834838f,0.7941124413922113f,0f,0.8619558743063344f,-0.506983304211098f,-0.234375f,0.995182852108071f,0.04970270202396059f,0.08450285368886976f,-0.19684720342630854f,0f,0f,0f,1f],start_interpolation:0}
execute if entity @s[tag=aj.assembler.bone.octagon] run data modify entity @s {} merge value {transformation:[0.09803617123309714f,0f,-0.995182852108071f,0.859375f,0f,1f,0f,-0.40625f,0.995182852108071f,0f,0.09803617123309714f,-0.1718749999999999f,0f,0f,0f,1f],start_interpolation:0}
execute if entity @s[tag=aj.assembler.bone.bone10] run data modify entity @s {} merge value {transformation:[0.2053601333605043f,0.5986283852607394f,0.7742553015551626f,-0.5670196738720813f,0f,0.7911167893138425f,-0.6116651254287407f,0.25226875896343587f,-0.978686474631256f,0.12561163173001577f,0.16246384935722463f,-0.014737721874003101f,0f,0f,0f,1f],start_interpolation:0}
execute if entity @s[tag=aj.assembler.bone.bone9] run data modify entity @s {} merge value {transformation:[0.2053601333605043f,0.5807710381097826f,0.7877386729868234f,-0.46093495040388666f,0f,0.8048937973559134f,-0.5934188866037023f,0.17659595784858778f,-0.978686474631256f,0.12186458169157828f,0.16529309756605307f,0.00752229042171082f,0f,0f,0f,1f],start_interpolation:0}
execute if entity @s[tag=aj.assembler.bone.bone8] run data modify entity @s {} merge value {transformation:[0.2053601333605043f,0.5807710381097826f,0.7877386729868234f,-1.1205593994523433f,0f,0.8048937973559134f,-0.5934188866037023f,0.16489703934593697f,-0.978686474631256f,0.12186458169157828f,0.16529309756605307f,-0.32247160772235367f,0f,0f,0f,1f],start_interpolation:0}
execute if entity @s[tag=aj.assembler.bone.bone7] run data modify entity @s {} merge value {transformation:[0.2053601333605043f,0.06554310398261727f,0.976489281634202f,-0.7917895911680306f,0f,0.9977549572268465f,-0.06697048102898553f,-0.234375f,-0.978686474631256f,0.013753066915329593f,0.20489909107720944f,-0.18962394399719523f,0f,0f,0f,1f],start_interpolation:0}
execute if entity @s[tag=aj.assembler.bone.octagon2] run data modify entity @s {} merge value {transformation:[0.2053601333605043f,0f,0.978686474631256f,-0.8593749999999999f,0f,1f,0f,-0.40625f,-0.978686474631256f,0f,0.2053601333605043f,-0.171875f,0f,0f,0f,1f],start_interpolation:0}