execute if entity @s[tag=aj.assembler.bone.bone21] run data modify entity @s {} merge value {transformation:[0.9748202316068073f,-0.22299218831620668f,1.2246467991473532e-16f,0.22638113940407115f,-0.22299218831620668f,-0.9748202316068073f,0f,0.005479703102986955f,1.193810476381358e-16f,-2.7308666965630633e-17f,-1f,-1.0625f,0f,0f,0f,1f],start_interpolation:0}
execute if entity @s[tag=aj.assembler.bone.arm4] run data modify entity @s {} merge value {transformation:[0.02762662401647792f,-0.9996183119798536f,1.2246467991473532e-16f,0.2409747879354988f,-0.9996183119798536f,-0.02762662401647792f,0f,-0.522564487237169f,3.383285667302705e-18f,-1.2241793661352081e-16f,-1f,-1.0625f,0f,0f,0f,1f],start_interpolation:0}
execute if entity @s[tag=aj.assembler.bone.small_arm_base4] run data modify entity @s {} merge value {transformation:[0.23344536385590547f,-0.9723699203976766f,1.2246467991473532e-16f,0.24488159754573763f,-0.9723699203976766f,-0.23344536385590547f,0f,-0.5388375204084838f,2.858881176219238e-17f,-1.1908097106021811e-16f,-1f,-0.96875f,0f,0f,0f,1f],start_interpolation:0}
execute if entity @s[tag=aj.assembler.bone.bone25] run data modify entity @s {} merge value {transformation:[0.8090169943749472f,0.5877852522924731f,1.2246467991473532e-16f,1.531195361832059e-16f,0.5877852522924731f,-0.8090169943749472f,0f,0.5000000000000001f,9.907600726170914e-17f,7.198293278059966e-17f,-1f,-1.40625f,0f,0f,0f,1f],start_interpolation:0}
execute if entity @s[tag=aj.assembler.bone.bone16] run data modify entity @s {} merge value {transformation:[0.9464240455433773f,0.32292650250065735f,1.2246467991473532e-16f,0.8289617478665784f,0.32292650250065735f,-0.9464240455433773f,0f,0.24948560103750306f,1.1590351780107855e-16f,3.954709076472798e-17f,-1f,-1.0625f,0f,0f,0f,1f],start_interpolation:0}
execute if entity @s[tag=aj.assembler.bone.arm3] run data modify entity @s {} merge value {transformation:[0.3665012267242975f,0.9304175679820244f,1.2246467991473532e-16f,1.0225644872371693f,0.9304175679820244f,-0.3665012267242975f,0f,0.7409747879354985f,4.4883455419148924e-17f,1.139432896499651e-16f,-1f,-1.0625f,0f,0f,0f,1f],start_interpolation:0}
execute if entity @s[tag=aj.assembler.bone.small_arm_base3] run data modify entity @s {} merge value {transformation:[0.9723699203976766f,0.2334453638559052f,1.2246467991473532e-16f,1.038837520408484f,0.2334453638559052f,-0.9723699203976766f,0f,0.7448815975457374f,1.1908097106021811e-16f,2.858881176219235e-17f,-1f,-0.9687499999999999f,0f,0f,0f,1f],start_interpolation:0}
execute if entity @s[tag=aj.assembler.bone.bone15] run data modify entity @s {} merge value {transformation:[-0.5877852522924729f,0.8090169943749473f,1.2246467991473532e-16f,1.531195361832059e-16f,0.8090169943749473f,0.5877852522924729f,0f,0.5000000000000001f,-7.198293278059964e-17f,9.907600726170915e-17f,-1f,-1.40625f,0f,0f,0f,1f],start_interpolation:0}
execute if entity @s[tag=aj.assembler.bone.bone26] run data modify entity @s {} merge value {transformation:[-0.7432454940671273f,-0.6690187856472432f,1.2246467991473532e-16f,-0.5208650134519875f,-0.6690187856472432f,0.7432454940671273f,0f,0.4243771988476116f,-9.102132152900004e-17f,-8.193117144123454e-17f,-1f,-1.0625f,0f,0f,0f,1f],start_interpolation:0}
execute if entity @s[tag=aj.assembler.bone.arm5] run data modify entity @s {} merge value {transformation:[-0.9497462338961858f,-0.31302091176151725f,1.2246467991473532e-16f,-1.0225644872371689f,-0.31302091176151725f,0.9497462338961858f,0f,0.2590252120645013f,-1.1631036853432172e-16f,-3.833400576549281e-17f,-1f,-1.0625f,0f,0f,0f,1f],start_interpolation:0}
execute if entity @s[tag=aj.assembler.bone.small_arm_base5] run data modify entity @s {} merge value {transformation:[-0.9723699203976766f,-0.23344536385590575f,1.2246467991473532e-16f,-1.0388375204084837f,-0.23344536385590575f,0.9723699203976766f,0f,0.2551184024542625f,-1.1908097106021811e-16f,-2.8588811762192414e-17f,-1f,-0.9687500000000001f,0f,0f,0f,1f],start_interpolation:0}
execute if entity @s[tag=aj.assembler.bone.bone20] run data modify entity @s {} merge value {transformation:[0.5877852522924734f,-0.8090169943749471f,1.2246467991473532e-16f,1.531195361832059e-16f,-0.8090169943749471f,-0.5877852522924734f,0f,0.5000000000000001f,7.198293278059969e-17f,-9.907600726170912e-17f,-1f,-1.40625f,0f,0f,0f,1f],start_interpolation:0}
execute if entity @s[tag=aj.assembler.bone.bone11] run data modify entity @s {} merge value {transformation:[0.32188802053498067f,0.9467777470114472f,1.2246467991473532e-16f,-0.2089102029939376f,0.9467777470114472f,-0.32188802053498067f,0f,0.9952927319515525f,3.941991340320416e-17f,1.1594683373815113e-16f,-1f,-1.0625f,0f,0f,0f,1f],start_interpolation:0}
execute if entity @s[tag=aj.assembler.bone.arm2] run data modify entity @s {} merge value {transformation:[0.06070012105041875f,-0.9981560475719538f,1.2246467991473532e-16f,-0.24097478793549856f,-0.9981560475719538f,-0.06070012105041875f,0f,1.522564487237169f,7.433620895225218e-18f,-1.2223886087085663e-16f,-1f,-1.0625f,0f,0f,0f,1f],start_interpolation:0}
execute if entity @s[tag=aj.assembler.bone.small_arm_base2] run data modify entity @s {} merge value {transformation:[0.23344536385590547f,-0.9723699203976766f,1.2246467991473532e-16f,-0.2448815975457374f,-0.9723699203976766f,-0.23344536385590547f,0f,1.5388375204084839f,2.858881176219238e-17f,-1.1908097106021811e-16f,-1f,-0.96875f,0f,0f,0f,1f],start_interpolation:0}
execute if entity @s[tag=aj.assembler.bone.bone2] run data modify entity @s {} merge value {transformation:[0.8090169943749472f,0.5877852522924731f,1.2246467991473532e-16f,1.531195361832059e-16f,0.5877852522924731f,-0.8090169943749472f,0f,0.5000000000000001f,9.907600726170914e-17f,7.198293278059966e-17f,-1f,-1.40625f,0f,0f,0f,1f],start_interpolation:0}
execute if entity @s[tag=aj.assembler.bone.ring] run data modify entity @s {} merge value {transformation:[1.4556231703198943f,1.0575721379873944f,2.2034447591230768e-16f,1.1102230246251565e-16f,1.0575721379873944f,-1.4556231703198943f,0f,0.5000000000000001f,1.782624256296981e-16f,1.2951523336536853e-16f,-1.7992491881391441f,-1.0625f,0f,0f,0f,1f],start_interpolation:0}
execute if entity @s[tag=aj.assembler.bone.wheel] run data modify entity @s {} merge value {transformation:[-1f,0f,1.2246467991473532e-16f,1.0625f,0f,1f,0f,-0.6249999999999999f,-1.2246467991473532e-16f,0f,-1f,-1.1874999999999998f,0f,0f,0f,1f],start_interpolation:0}
execute if entity @s[tag=aj.assembler.bone.wheel2] run data modify entity @s {} merge value {transformation:[-1f,0f,1.2246467991473532e-16f,1.0625f,0f,1f,0f,-0.6249999999999999f,-1.2246467991473532e-16f,0f,-1f,-0.9374999999999998f,0f,0f,0f,1f],start_interpolation:0}
execute if entity @s[tag=aj.assembler.bone.rails] run data modify entity @s {} merge value {transformation:[-1.137300743709099f,0f,1.3927917154512523e-16f,-0.43749999999999994f,0f,1.137300743709099f,0f,-0.9999999999999999f,-1.3927917154512523e-16f,0f,-1.137300743709099f,-0.625f,0f,0f,0f,1f],start_interpolation:0}
execute if entity @s[tag=aj.assembler.bone.wheel3] run data modify entity @s {} merge value {transformation:[-1f,0f,1.2246467991473532e-16f,-1.0625f,0f,1f,0f,-0.6249999999999999f,-1.2246467991473532e-16f,0f,-1f,-0.9375f,0f,0f,0f,1f],start_interpolation:0}
execute if entity @s[tag=aj.assembler.bone.wheel4] run data modify entity @s {} merge value {transformation:[-1f,0f,1.2246467991473532e-16f,-1.0625f,0f,1f,0f,-0.6249999999999999f,-1.2246467991473532e-16f,0f,-1f,-1.1875f,0f,0f,0f,1f],start_interpolation:0}
execute if entity @s[tag=aj.assembler.bone.rails2] run data modify entity @s {} merge value {transformation:[-1.2038220325092979f,0f,1.4742567988555726e-16f,0.4375f,0f,1.2038220325092979f,0f,-0.9999999999999999f,-1.4742567988555726e-16f,0f,-1.2038220325092979f,-0.6249999999999999f,0f,0f,0f,1f],start_interpolation:0}
execute if entity @s[tag=aj.assembler.bone.bone6] run data modify entity @s {} merge value {transformation:[-0.9238795325112867f,-0.05425116914098352f,-0.37881845263075886f,0.5258191099005549f,0f,0.9899003212382513f,-0.14176513680170644f,0.40381034740487953f,0.3826834323650896f,-0.1309739083147592f,-0.9145486460183683f,-0.7321695977731896f,0f,0f,0f,1f],start_interpolation:0}
execute if entity @s[tag=aj.assembler.bone.bone5] run data modify entity @s {} merge value {transformation:[-0.9238795325112867f,-0.1951465475158346f,-0.3291875368226692f,0.48164983421035346f,0f,0.8602084882227565f,-0.5099425034153553f,0.33935803230769174f,0.3826834323650896f,-0.47112544166301373f,-0.794729015961481f,-0.8388036621846703f,0f,0f,0f,1f],start_interpolation:0}
execute if entity @s[tag=aj.assembler.bone.bone4] run data modify entity @s {} merge value {transformation:[-0.9238795325112867f,-0.1951465475158346f,-0.3291875368226692f,1.052523796994359f,0f,0.8602084882227565f,-0.5099425034153553f,0.1718814153147764f,0.3826834323650896f,-0.47112544166301373f,-0.794729015961481f,0.049446889345509004f,0f,0f,0f,1f],start_interpolation:0}
execute if entity @s[tag=aj.assembler.bone.bone3] run data modify entity @s {} merge value {transformation:[-0.9238795325112867f,-0.033353058785002596f,-0.38122720636965335f,0.8643285208681596f,0f,0.9961946980917455f,-0.08715574274765818f,-0.234375f,0.3826834323650896f,-0.08052140686538041f,-0.9203638919632243f,-0.24157632804336437f,0f,0f,0f,1f],start_interpolation:0}
execute if entity @s[tag=aj.assembler.bone.octagon] run data modify entity @s {} merge value {transformation:[-0.9238795325112867f,0f,-0.3826834323650896f,0.859375f,0f,1f,0f,-0.40625f,0.3826834323650896f,0f,-0.9238795325112867f,-0.1718749999999999f,0f,0f,0f,1f],start_interpolation:0}
execute if entity @s[tag=aj.assembler.bone.bone10] run data modify entity @s {} merge value {transformation:[-0.9238795325112868f,-0.19462922040245673f,0.32949366605787445f,-0.5961827434956474f,0f,0.8610084424651265f,0.5085906625212235f,0.729345748418933f,-0.38268343236508967f,0.4698765035297136f,-0.7954680773129523f,-0.5622967592500658f,0f,0f,0f,1f],start_interpolation:0}
execute if entity @s[tag=aj.assembler.bone.bone9] run data modify entity @s {} merge value {transformation:[-0.9238795325112868f,0.04995021125231481f,0.37940952255126026f,-0.5458723813709367f,0f,0.9914448613738105f,-0.13052619222005157f,0.7154822908234605f,-0.38268343236508967f,-0.1205904774487396f,-0.9159756150367536f,-0.6837567178194439f,0f,0f,0f,1f],start_interpolation:0}
execute if entity @s[tag=aj.assembler.bone.bone8] run data modify entity @s {} merge value {transformation:[-0.9238795325112868f,0.04995021125231481f,0.37940952255126026f,-1.0235452604275268f,0f,0.9914448613738105f,-0.13052619222005157f,0.2249043267718459f,-0.38268343236508967f,-0.1205904774487396f,-0.9159756150367536f,-0.020513486651861923f,0f,0f,0f,1f],start_interpolation:0}
execute if entity @s[tag=aj.assembler.bone.bone7] run data modify entity @s {} merge value {transformation:[-0.9238795325112868f,0.0990457605412876f,0.369643810614386f,-0.8643285208681595f,0f,0.9659258262890683f,-0.25881904510252074f,-0.234375f,-0.38268343236508967f,-0.2391176183943345f,-0.8923991008325229f,-0.24157632804336449f,0f,0f,0f,1f],start_interpolation:0}
execute if entity @s[tag=aj.assembler.bone.octagon2] run data modify entity @s {} merge value {transformation:[-0.9238795325112868f,0f,0.38268343236508967f,-0.8593749999999999f,0f,1f,0f,-0.40625f,-0.38268343236508967f,0f,-0.9238795325112868f,-0.171875f,0f,0f,0f,1f],start_interpolation:0}