execute if entity @s[tag=aj.assembler.bone.bone21] run data modify entity @s {} merge value {transformation:[-0.4313342788103304f,-0.9021921856917031f,1.2246467991473532e-16f,-0.8489168032704573f,-0.9021921856917031f,0.4313342788103304f,0f,0.5342006193929549f,-5.2823214390760296e-17f,-1.1048667724230985e-16f,-1f,-1.0869999999999997f,0f,0f,0f,1f],start_interpolation:0}
execute if entity @s[tag=aj.assembler.bone.arm4] run data modify entity @s {} merge value {transformation:[-0.15446208001939782f,-0.987998717527549f,1.2246467991473532e-16f,-0.930510750684801f,-0.987998717527549f,0.15446208001939782f,0f,0.012294431199334162f,-1.8916149188539768e-17f,-1.2099494669818027e-16f,-1f,-1.0869999999999997f,0f,0f,0f,1f],start_interpolation:0}
execute if entity @s[tag=aj.assembler.bone.small_arm_base4] run data modify entity @s {} merge value {transformation:[-0.8837656300886936f,-0.46792981426057345f,1.2246467991473532e-16f,-0.9453009525538794f,-0.46792981426057345f,0.8837656300886936f,0f,0.0044634224139171175f,-1.0823007500845622e-16f,-5.730487492598268e-17f,-1f,-0.9932499999999999f,0f,0f,0f,1f],start_interpolation:0}
execute if entity @s[tag=aj.assembler.bone.bone25] run data modify entity @s {} merge value {transformation:[0.7705132427757893f,-0.6374239897486896f,1.2246467991473532e-16f,1.531195361832059e-16f,-0.6374239897486896f,-0.7705132427757893f,0f,0.5000000000000001f,9.436065764660177e-17f,-7.80619248745468e-17f,-1f,-1.4307499999999997f,0f,0f,0f,1f],start_interpolation:0}
execute if entity @s[tag=aj.assembler.bone.bone16] run data modify entity @s {} merge value {transformation:[0.9521104910053545f,-0.305754170727961f,1.2246467991473532e-16f,0.5046845074540338f,-0.305754170727961f,-0.9521104910053545f,0f,0.09746212472799409f,1.1659990652443224e-16f,-3.7444086650795077e-17f,-1f,-1.0869999999999997f,0f,0f,0f,1f],start_interpolation:0}
execute if entity @s[tag=aj.assembler.bone.arm3] run data modify entity @s {} merge value {transformation:[-0.032142116713671065f,-0.9994833086816233f,1.2246467991473532e-16f,0.48770556880066585f,-0.9994833086816233f,0.032142116713671065f,0f,-0.43051075068480116f,-3.936274035121782e-18f,-1.224014034778156e-16f,-1f,-1.0869999999999997f,0f,0f,0f,1f],start_interpolation:0}
execute if entity @s[tag=aj.assembler.bone.small_arm_base3] run data modify entity @s {} merge value {transformation:[0.46792981426057323f,-0.8837656300886937f,1.2246467991473532e-16f,0.4955365775860829f,-0.8837656300886937f,-0.46792981426057323f,0f,-0.44530095255387947f,5.730487492598266e-17f,-1.0823007500845624e-16f,-1f,-0.9932499999999997f,0f,0f,0f,1f],start_interpolation:0}
execute if entity @s[tag=aj.assembler.bone.bone15] run data modify entity @s {} merge value {transformation:[0.6374239897486899f,0.7705132427757891f,1.2246467991473532e-16f,1.531195361832059e-16f,0.7705132427757891f,-0.6374239897486899f,0f,0.5000000000000001f,7.806192487454683e-17f,9.436065764660176e-17f,-1f,-1.4307499999999997f,0f,0f,0f,1f],start_interpolation:0}
execute if entity @s[tag=aj.assembler.bone.bone26] run data modify entity @s {} merge value {transformation:[-0.9914535377035358f,-0.13046027201850902f,1.2246467991473532e-16f,-0.24884587099217925f,-0.13046027201850902f,0.9914535377035358f,0f,0.9593529360491018f,-1.2141804014519549e-16f,-1.5976775454336005e-17f,-1f,-1.0869999999999997f,0f,0f,0f,1f],start_interpolation:0}
execute if entity @s[tag=aj.assembler.bone.arm5] run data modify entity @s {} merge value {transformation:[-0.4521752767879661f,0.8919290997953404f,1.2246467991473532e-16f,-0.487705568800666f,0.8919290997953404f,0.4521752767879661f,0f,1.4305107506848012f,-5.5375500537195106e-17f,1.0922981171307438e-16f,-1f,-1.0869999999999997f,0f,0f,0f,1f],start_interpolation:0}
execute if entity @s[tag=aj.assembler.bone.small_arm_base5] run data modify entity @s {} merge value {transformation:[-0.4679298142605737f,0.8837656300886934f,1.2246467991473532e-16f,-0.49553657758608305f,0.8837656300886934f,0.4679298142605737f,0f,1.4453009525538794f,-5.73048749259827e-17f,1.082300750084562e-16f,-1f,-0.9932499999999997f,0f,0f,0f,1f],start_interpolation:0}
execute if entity @s[tag=aj.assembler.bone.bone20] run data modify entity @s {} merge value {transformation:[-0.6374239897486894f,-0.7705132427757894f,1.2246467991473532e-16f,1.531195361832059e-16f,-0.7705132427757894f,0.6374239897486894f,0f,0.5000000000000001f,-7.806192487454678e-17f,-9.436065764660179e-17f,-1f,-1.4307499999999997f,0f,0f,0f,1f],start_interpolation:0}
execute if entity @s[tag=aj.assembler.bone.bone11] run data modify entity @s {} merge value {transformation:[-0.38910697360133817f,-0.9211925765521604f,1.2246467991473532e-16f,0.4453595641853269f,-0.9211925765521604f,0.38910697360133817f,0f,0.7787271781292809f,-4.7651860974679236e-17f,-1.1281355402729063e-16f,-1f,-1.0869999999999997f,0f,0f,0f,1f],start_interpolation:0}
execute if entity @s[tag=aj.assembler.bone.arm2] run data modify entity @s {} merge value {transformation:[-0.9184193652262738f,-0.3956082273883705f,1.2246467991473532e-16f,0.9305107506848013f,-0.3956082273883705f,0.9184193652262738f,0f,0.9877055688006661f,-1.1247393358993e-16f,-4.8448034938752623e-17f,-1f,-1.0869999999999997f,0f,0f,0f,1f],start_interpolation:0}
execute if entity @s[tag=aj.assembler.bone.small_arm_base2] run data modify entity @s {} merge value {transformation:[-0.8837656300886936f,-0.46792981426057345f,1.2246467991473532e-16f,0.9453009525538796f,-0.46792981426057345f,0.8837656300886936f,0f,0.9955365775860832f,-1.0823007500845622e-16f,-5.730487492598268e-17f,-1f,-0.9932499999999996f,0f,0f,0f,1f],start_interpolation:0}
execute if entity @s[tag=aj.assembler.bone.bone2] run data modify entity @s {} merge value {transformation:[0.7705132427757893f,-0.6374239897486896f,1.2246467991473532e-16f,1.531195361832059e-16f,-0.6374239897486896f,-0.7705132427757893f,0f,0.5000000000000001f,9.436065764660177e-17f,-7.80619248745468e-17f,-1f,-1.4307499999999997f,0f,0f,0f,1f],start_interpolation:0}
execute if entity @s[tag=aj.assembler.bone.ring] run data modify entity @s {} merge value {transformation:[1.386345326514798f,-1.1468845960557439f,2.2034447591230768e-16f,1.1102230246251565e-16f,-1.1468845960557439f,-1.386345326514798f,0f,0.5000000000000001f,1.6977833666292396e-16f,-1.4045285495510718e-16f,-1.7992491881391441f,-1.0869999999999997f,0f,0f,0f,1f],start_interpolation:0}
execute if entity @s[tag=aj.assembler.bone.wheel] run data modify entity @s {} merge value {transformation:[-1f,7.198293278059944e-17f,9.907600726170933e-17f,1.0625f,0f,0.8090169943749488f,-0.5877852522924712f,-0.6249999999999999f,-1.2246467991473532e-16f,-0.5877852522924712f,-0.8090169943749488f,-1.2119999999999995f,0f,0f,0f,1f],start_interpolation:0}
execute if entity @s[tag=aj.assembler.bone.wheel2] run data modify entity @s {} merge value {transformation:[-1f,7.198293278059944e-17f,9.907600726170933e-17f,1.0625f,0f,0.8090169943749488f,-0.5877852522924712f,-0.6249999999999999f,-1.2246467991473532e-16f,-0.5877852522924712f,-0.8090169943749488f,-0.9619999999999995f,0f,0f,0f,1f],start_interpolation:0}
execute if entity @s[tag=aj.assembler.bone.rails] run data modify entity @s {} merge value {transformation:[-1.137300743709099f,0f,1.3927917154512523e-16f,-0.43749999999999994f,0f,1.137300743709099f,0f,-0.9999999999999999f,-1.3927917154512523e-16f,0f,-1.137300743709099f,-0.6494999999999997f,0f,0f,0f,1f],start_interpolation:0}
execute if entity @s[tag=aj.assembler.bone.wheel3] run data modify entity @s {} merge value {transformation:[-1f,7.198293278059944e-17f,9.907600726170933e-17f,-1.0625f,0f,0.8090169943749488f,-0.5877852522924712f,-0.6249999999999999f,-1.2246467991473532e-16f,-0.5877852522924712f,-0.8090169943749488f,-0.9619999999999997f,0f,0f,0f,1f],start_interpolation:0}
execute if entity @s[tag=aj.assembler.bone.wheel4] run data modify entity @s {} merge value {transformation:[-1f,7.198293278059944e-17f,9.907600726170933e-17f,-1.0625f,0f,0.8090169943749488f,-0.5877852522924712f,-0.6249999999999999f,-1.2246467991473532e-16f,-0.5877852522924712f,-0.8090169943749488f,-1.2119999999999997f,0f,0f,0f,1f],start_interpolation:0}
execute if entity @s[tag=aj.assembler.bone.rails2] run data modify entity @s {} merge value {transformation:[-1.2038220325092979f,0f,1.4742567988555726e-16f,0.4375f,0f,1.2038220325092979f,0f,-0.9999999999999999f,-1.4742567988555726e-16f,0f,-1.2038220325092979f,-0.6494999999999996f,0f,0f,0f,1f],start_interpolation:0}
execute if entity @s[tag=aj.assembler.bone.bone6] run data modify entity @s {} merge value {transformation:[0.08715574274765824f,-0.4695519269332862f,-0.878592547441271f,0.3582133067653842f,0f,0.8819486282392923f,-0.471345539012337f,0.6237361322936805f,0.9961946980917455f,0.04108047054341555f,0.07686688775947381f,-0.03392092347882543f,0f,0f,0f,1f],start_interpolation:0}
execute if entity @s[tag=aj.assembler.bone.bone5] run data modify entity @s {} merge value {transformation:[0.08715574274765824f,-0.23702225441872182f,-0.967586857815034f,0.22953518915689297f,0f,0.9712828824209653f,-0.23792764092475926f,0.5956104892972433f,0.9961946980917455f,0.02073676026499552f,0.08465288103548563f,-0.022663046944226856f,0f,0f,0f,1f],start_interpolation:0}
execute if entity @s[tag=aj.assembler.bone.bone4] run data modify entity @s {} merge value {transformation:[0.08715574274765824f,-0.23702225441872182f,-0.967586857815034f,0.9121070891793641f,0f,0.9712828824209653f,-0.23792764092475926f,0.2813422127306755f,0.9961946980917455f,0.02073676026499552f,0.08465288103548563f,-0.27059656977692115f,0f,0f,0f,1f],start_interpolation:0}
execute if entity @s[tag=aj.assembler.bone.bone3] run data modify entity @s {} merge value {transformation:[0.08715574274765824f,-0.5207861924590141f,-0.8492264823061907f,0.7943892144084016f,0f,0.8524703895061087f,-0.522775511109026f,-0.234375f,0.9961946980917455f,0.045562887960993816f,0.07429768996779042f,-0.1975588503936383f,0f,0f,0f,1f],start_interpolation:0}
execute if entity @s[tag=aj.assembler.bone.octagon] run data modify entity @s {} merge value {transformation:[0.08715574274765824f,0f,-0.9961946980917455f,0.859375f,0f,1f,0f,-0.40625f,0.9961946980917455f,0f,0.08715574274765824f,-0.1718749999999999f,0f,0f,0f,1f],start_interpolation:0}
execute if entity @s[tag=aj.assembler.bone.bone10] run data modify entity @s {} merge value {transformation:[0.1581840712931991f,0.5225164474970768f,0.8378271669527927f,-0.899007907487654f,0f,0.8485102149815031f,-0.5291790009741915f,0.6048981022197059f,-0.9874096412275445f,0.08370768881696539f,0.13422080033964182f,-0.08327883718791682f,0f,0f,0f,1f],start_interpolation:0}
execute if entity @s[tag=aj.assembler.bone.bone9] run data modify entity @s {} merge value {transformation:[0.1581840712931991f,-0.213378047625141f,0.9640786318453444f,-0.7723315597100842f,0f,0.976371499316945f,0.21609880916280105f,0.6367904019770098f,-0.9874096412275445f,-0.03418338943498395f,0.15444641885659935f,-0.06298515198235433f,0f,0f,0f,1f],start_interpolation:0}
execute if entity @s[tag=aj.assembler.bone.bone8] run data modify entity @s {} merge value {transformation:[0.1581840712931991f,-0.213378047625141f,0.9640786318453444f,-1.2045340630998806f,0f,0.976371499316945f,0.21609880916280105f,0.08003480835643373f,-0.9874096412275445f,-0.03418338943498395f,0.15444641885659935f,-0.3221152444242481f,0f,0f,0f,1f],start_interpolation:0}
execute if entity @s[tag=aj.assembler.bone.bone7] run data modify entity @s {} merge value {transformation:[0.1581840712931991f,-0.14833419505692355f,0.9762042645706495f,-0.7927186451953658f,0f,0.988651744737914f,0.15022558912075737f,-0.234375f,-0.9874096412275445f,-0.023763295299540722f,0.15638895807376788f,-0.1928450468325358f,0f,0f,0f,1f],start_interpolation:0}
execute if entity @s[tag=aj.assembler.bone.octagon2] run data modify entity @s {} merge value {transformation:[0.1581840712931991f,0f,0.9874096412275445f,-0.8593749999999999f,0f,1f,0f,-0.40625f,-0.9874096412275445f,0f,0.1581840712931991f,-0.171875f,0f,0f,0f,1f],start_interpolation:0}