execute if entity @s[tag=aj.assembler.bone.bone21] run data modify entity @s {} merge value {transformation:[-0.7302912407013888f,0.6831359335848366f,1.2246467991473532e-16f,0.043900060891446435f,0.6831359335848366f,0.7302912407013888f,0f,1.281352060172557f,-8.943488303703054e-17f,8.366002344472092e-17f,-1f,-1.6909687500000006f,0f,0f,0f,1f],start_interpolation:0}
execute if entity @s[tag=aj.assembler.bone.arm4] run data modify entity @s {} merge value {transformation:[-0.9505743590365587f,0.31049700150280946f,1.2246467991473532e-16f,-0.4582368665337973f,0.31049700150280946f,0.9505743590365587f,0f,1.4453708019229599f,-1.1641178461456688e-16f,3.802491590352666e-17f,-1f,-1.6909687500000006f,0f,0f,0f,1f],start_interpolation:0}
execute if entity @s[tag=aj.assembler.bone.small_arm_base4] run data modify entity @s {} merge value {transformation:[-0.439939169855915f,0.8980275757606159f,1.2246467991473532e-16f,-0.4655994397214768f,0.8980275757606159f,0.439939169855915f,0f,1.4603996836505346f,-5.387700961835901e-17f,1.0997665962012955e-16f,-1f,-1.5972187500000006f,0f,0f,0f,1f],start_interpolation:0}
execute if entity @s[tag=aj.assembler.bone.bone25] run data modify entity @s {} merge value {transformation:[-0.661311865323652f,-0.7501110696304595f,1.2246467991473532e-16f,2.6414183864572156e-16f,-0.7501110696304595f,0.661311865323652f,0f,0.5000000000000001f,-8.09873459106776e-17f,-9.186211204279396e-17f,-1f,-2.0347187500000006f,0f,0f,0f,1f],start_interpolation:0}
execute if entity @s[tag=aj.assembler.bone.bone16] run data modify entity @s {} merge value {transformation:[0.8147595507712901f,-0.5797989948481854f,1.2246467991473532e-16f,-0.4184166953997317f,-0.5797989948481854f,-0.8147595507712901f,0f,0.004844152605996972f,9.97792675926796e-17f,-7.100489831896831e-17f,-1f,-1.6909687500000006f,0f,0f,0f,1f],start_interpolation:0}
execute if entity @s[tag=aj.assembler.bone.arm3] run data modify entity @s {} merge value {transformation:[-0.9975547200212109f,0.06988977438369692f,1.2246467991473532e-16f,-0.9453708019229599f,0.06988977438369692f,0.9975547200212109f,0f,0.04176313346620274f,-1.2216521948483103e-16f,8.559028849212509e-18f,-1f,-1.6909687500000006f,0f,0f,0f,1f],start_interpolation:0}
execute if entity @s[tag=aj.assembler.bone.small_arm_base3] run data modify entity @s {} merge value {transformation:[-0.898027575760616f,-0.43993916985591486f,1.2246467991473532e-16f,-0.9603996836505345f,-0.43993916985591486f,0.898027575760616f,0f,0.03440056027852323f,-1.0997665962012958e-16f,-5.3877009618358994e-17f,-1f,-1.5972187500000006f,0f,0f,0f,1f],start_interpolation:0}
execute if entity @s[tag=aj.assembler.bone.bone15] run data modify entity @s {} merge value {transformation:[0.7501110696304594f,-0.6613118653236523f,1.2246467991473532e-16f,2.6414183864572156e-16f,-0.6613118653236523f,-0.7501110696304594f,0f,0.5000000000000001f,9.186211204279395e-17f,-8.098734591067763e-17f,-1f,-2.0347187500000006f,0f,0f,0f,1f],start_interpolation:0}
execute if entity @s[tag=aj.assembler.bone.bone26] run data modify entity @s {} merge value {transformation:[-0.9856052791343161f,0.16906281005167229f,1.2246467991473532e-16f,0.43784323417761084f,0.16906281005167229f,0.9856052791343161f,0f,0.8117465613667326f,-1.2070183503145737e-16f,2.0704222918463747e-17f,-1f,-1.6909687500000006f,0f,0f,0f,1f],start_interpolation:0}
execute if entity @s[tag=aj.assembler.bone.arm5] run data modify entity @s {} merge value {transformation:[0.9607791541575942f,0.27731465330237814f,1.2246467991473532e-16f,0.94537080192296f,0.27731465330237814f,-0.9607791541575942f,0f,0.9582368665337978f,1.1766151158265993e-16f,3.396125025234154e-17f,-1f,-1.6909687500000006f,0f,0f,0f,1f],start_interpolation:0}
execute if entity @s[tag=aj.assembler.bone.small_arm_base5] run data modify entity @s {} merge value {transformation:[0.8980275757606156f,0.43993916985591525f,1.2246467991473532e-16f,0.9603996836505346f,0.43993916985591525f,-0.8980275757606156f,0f,0.9655994397214773f,1.0997665962012953e-16f,5.387700961835904e-17f,-1f,-1.5972187500000006f,0f,0f,0f,1f],start_interpolation:0}
execute if entity @s[tag=aj.assembler.bone.bone20] run data modify entity @s {} merge value {transformation:[-0.7501110696304596f,0.6613118653236518f,1.2246467991473532e-16f,2.6414183864572156e-16f,0.6613118653236518f,0.7501110696304596f,0f,0.5000000000000001f,-9.186211204279397e-17f,8.098734591067758e-17f,-1f,-2.0347187500000006f,0f,0f,0f,1f],start_interpolation:0}
execute if entity @s[tag=aj.assembler.bone.bone11] run data modify entity @s {} merge value {transformation:[-0.45350111603538734f,0.89125570839948f,1.2246467991473532e-16f,0.24681853694782394f,0.89125570839948f,0.45350111603538734f,0f,0.03872209354703826f,-5.553786901624895e-17f,1.0914734505132299e-16f,-1f,-1.6909687500000006f,0f,0f,0f,1f],start_interpolation:0}
execute if entity @s[tag=aj.assembler.bone.arm2] run data modify entity @s {} merge value {transformation:[-0.40022717342310277f,0.9164159588602515f,1.2246467991473532e-16f,0.45823686653379775f,0.9164159588602515f,0.40022717342310277f,0f,-0.4453708019229598f,-4.901369268643954e-17f,1.1222858707057596e-16f,-1f,-1.6909687500000006f,0f,0f,0f,1f],start_interpolation:0}
execute if entity @s[tag=aj.assembler.bone.small_arm_base2] run data modify entity @s {} merge value {transformation:[-0.439939169855915f,0.8980275757606159f,1.2246467991473532e-16f,0.46559943972147727f,0.8980275757606159f,0.439939169855915f,0f,-0.4603996836505345f,-5.387700961835901e-17f,1.0997665962012955e-16f,-1f,-1.5972187500000006f,0f,0f,0f,1f],start_interpolation:0}
execute if entity @s[tag=aj.assembler.bone.bone2] run data modify entity @s {} merge value {transformation:[-0.661311865323652f,-0.7501110696304595f,1.2246467991473532e-16f,2.6414183864572156e-16f,-0.7501110696304595f,0.661311865323652f,0f,0.5000000000000001f,-8.09873459106776e-17f,-9.186211204279396e-17f,-1f,-2.0347187500000006f,0f,0f,0f,1f],start_interpolation:0}
execute if entity @s[tag=aj.assembler.bone.ring] run data modify entity @s {} merge value {transformation:[-1.189864836790364f,-1.3496367330467893f,2.2034447591230768e-16f,2.220446049250313e-16f,-1.3496367330467893f,1.189864836790364f,0f,0.5000000000000001f,-1.4571641637933072e-16f,-1.6528283051374414e-16f,-1.7992491881391441f,-1.6909687500000004f,0f,0f,0f,1f],start_interpolation:0}
execute if entity @s[tag=aj.assembler.bone.wheel] run data modify entity @s {} merge value {transformation:[-1f,-9.907600726170927e-17f,-7.198293278059948e-17f,1.0625000000000002f,0f,-0.5877852522924716f,0.8090169943749483f,-0.6249999999999999f,-1.2246467991473532e-16f,0.8090169943749483f,0.5877852522924716f,-1.8159687500000001f,0f,0f,0f,1f],start_interpolation:0}
execute if entity @s[tag=aj.assembler.bone.wheel2] run data modify entity @s {} merge value {transformation:[-1f,-9.907600726170927e-17f,-7.198293278059948e-17f,1.0625000000000002f,0f,-0.5877852522924716f,0.8090169943749483f,-0.6249999999999999f,-1.2246467991473532e-16f,0.8090169943749483f,0.5877852522924716f,-1.5659687500000001f,0f,0f,0f,1f],start_interpolation:0}
execute if entity @s[tag=aj.assembler.bone.rails] run data modify entity @s {} merge value {transformation:[-1.137300743709099f,0f,1.3927917154512523e-16f,-0.43749999999999983f,0f,1.137300743709099f,0f,-0.9999999999999999f,-1.3927917154512523e-16f,0f,-1.137300743709099f,-1.2534687500000004f,0f,0f,0f,1f],start_interpolation:0}
execute if entity @s[tag=aj.assembler.bone.wheel3] run data modify entity @s {} merge value {transformation:[-1f,-9.907600726170927e-17f,-7.198293278059948e-17f,-1.0625f,0f,-0.5877852522924716f,0.8090169943749483f,-0.6249999999999999f,-1.2246467991473532e-16f,0.8090169943749483f,0.5877852522924716f,-1.5659687500000004f,0f,0f,0f,1f],start_interpolation:0}
execute if entity @s[tag=aj.assembler.bone.wheel4] run data modify entity @s {} merge value {transformation:[-1f,-9.907600726170927e-17f,-7.198293278059948e-17f,-1.0625f,0f,-0.5877852522924716f,0.8090169943749483f,-0.6249999999999999f,-1.2246467991473532e-16f,0.8090169943749483f,0.5877852522924716f,-1.8159687500000004f,0f,0f,0f,1f],start_interpolation:0}
execute if entity @s[tag=aj.assembler.bone.rails2] run data modify entity @s {} merge value {transformation:[-1.2038220325092979f,0f,1.4742567988555726e-16f,0.4375000000000001f,0f,1.2038220325092979f,0f,-0.9999999999999999f,-1.4742567988555726e-16f,0f,-1.2038220325092979f,-1.2534687500000001f,0f,0f,0f,1f],start_interpolation:0}
execute if entity @s[tag=aj.assembler.bone.bone6] run data modify entity @s {} merge value {transformation:[-0.9356039127263145f,0.08587491906332011f,-0.34244826874592166f,0.5104807119993527f,0f,0.9699670672291195f,0.2432362811978112f,0.9808584559136536f,0.35305143887429596f,0.2275728164056703f,-0.9075049833152323f,-0.830920213703581f,0f,0f,0f,1f],start_interpolation:0}
execute if entity @s[tag=aj.assembler.bone.bone5] run data modify entity @s {} merge value {transformation:[-0.9356039127263145f,0.05565743627582591f,-0.34863672824074793f,0.46459769825641417f,0f,0.9874955597189341f,0.15764681898277932f,1.0050641898577575f,0.35305143887429596f,0.1474949806691454f,-0.9239047094728966f,-0.952512487402976f,0f,0f,0f,1f],start_interpolation:0}
execute if entity @s[tag=aj.assembler.bone.bone4] run data modify entity @s {} merge value {transformation:[-0.9356039127263145f,0.05565743627582591f,-0.34863672824074793f,0.8691030057734318f,0f,0.9874955597189341f,0.15764681898277932f,0.2717506861872714f,0.35305143887429596f,0.1474949806691454f,-0.9239047094728966f,-0.41163734172916683f,0f,0f,0f,1f],start_interpolation:0}
execute if entity @s[tag=aj.assembler.bone.bone3] run data modify entity @s {} merge value {transformation:[-0.9356039127263145f,-0.3128100638328977f,-0.16369234085951978f,0.8665469073430538f,0f,0.46365011676896883f,-0.8860183797304216f,-0.234375f,0.35305143887429596f,-0.828962262823212f,-0.43379286338505985f,-0.2413831020102163f,0f,0f,0f,1f],start_interpolation:0}
execute if entity @s[tag=aj.assembler.bone.octagon] run data modify entity @s {} merge value {transformation:[-0.9356039127263145f,0f,-0.35305143887429596f,0.859375f,0f,1f,0f,-0.40625f,0.35305143887429596f,0f,-0.9356039127263145f,-0.1718749999999999f,0f,0f,0f,1f],start_interpolation:0}
execute if entity @s[tag=aj.assembler.bone.bone10] run data modify entity @s {} merge value {transformation:[-0.9668836920248137f,-0.023668534793273258f,0.25411754476463233f,-0.4415773152685596f,0f,0.9956904793155272f,0.09273871575785209f,-0.09689590521644466f,-0.2552174094697799f,0.08966755188559172f,-0.9627168867545536f,-1.38735543519847f,0f,0f,0f,1f],start_interpolation:0}
execute if entity @s[tag=aj.assembler.bone.bone9] run data modify entity @s {} merge value {transformation:[-0.9668836920248137f,0.22275371733476096f,0.1245660768829568f,-0.42435492186505275f,0f,0.48807829035544925f,-0.872799852476902f,-0.2105714458085554f,-0.2552174094697799f,-0.8438959437615798f,-0.4719149393760358f,-1.4526019689442733f,0f,0f,0f,1f],start_interpolation:0}
execute if entity @s[tag=aj.assembler.bone.bone8] run data modify entity @s {} merge value {transformation:[-0.9668836920248137f,0.22275371733476096f,0.1245660768829568f,-0.8403434738274393f,0f,0.48807829035544925f,-0.872799852476902f,0.148228610432514f,-0.2552174094697799f,-0.8438959437615798f,-0.4719149393760358f,-0.6113092553808892f,0f,0f,0f,1f],start_interpolation:0}
execute if entity @s[tag=aj.assembler.bone.bone7] run data modify entity @s {} merge value {transformation:[-0.9668836920248137f,0.25516384868852887f,0.005228424133794012f,-0.8736390272839141f,0f,0.02048615783953056f,-0.9997901366471735f,-0.234375f,-0.2552174094697799f,-0.9666807785714122f,-0.01980773192728839f,-0.24028077479748147f,0f,0f,0f,1f],start_interpolation:0}
execute if entity @s[tag=aj.assembler.bone.octagon2] run data modify entity @s {} merge value {transformation:[-0.9668836920248137f,0f,0.2552174094697799f,-0.8593749999999999f,0f,1f,0f,-0.40625f,-0.2552174094697799f,0f,-0.9668836920248137f,-0.171875f,0f,0f,0f,1f],start_interpolation:0}