execute if entity @s[tag=aj.assembler.bone.bone21] run data modify entity @s {} merge value {transformation:[-0.9471390037268332f,-0.3208234835845745f,1.2246467991473532e-16f,0.32158928250703134f,-0.3208234835845745f,0.9471390037268332f,0f,1.290555741512752f,-1.1599107492616794e-16f,-3.9289545226315265e-17f,-1f,-1.8927109375f,0f,0f,0f,1f],start_interpolation:0}
execute if entity @s[tag=aj.assembler.bone.arm4] run data modify entity @s {} merge value {transformation:[-0.8807694884689566f,0.4735452546295152f,1.2246467991473532e-16f,-0.14367351414357352f,0.4735452546295152f,0.8807694884689566f,0f,1.540704040692074f,-1.0786315348401594e-16f,5.799256803334541e-17f,-1f,-1.8927109375f,0f,0f,0f,1f],start_interpolation:0}
execute if entity @s[tag=aj.assembler.bone.small_arm_base4] run data modify entity @s {} merge value {transformation:[-0.14090123193758242f,0.9900236577165576f,1.2246467991473532e-16f,-0.1460315574901444f,0.9900236577165576f,0.14090123193758242f,0f,1.5572725168290353f,-1.7255424268827913e-17f,1.212429303502737e-16f,-1f,-1.7989609375f,0f,0f,0f,1f],start_interpolation:0}
execute if entity @s[tag=aj.assembler.bone.bone25] run data modify entity @s {} merge value {transformation:[-0.8607420270039438f,-0.5090414157503711f,1.2246467991473532e-16f,2.6414183864572156e-16f,-0.5090414157503711f,0.8607420270039438f,0f,0.5000000000000001f,-1.0541049682619843e-16f,-6.23395940432129e-17f,-1f,-2.2364609375f,0f,0f,0f,1f],start_interpolation:0}
execute if entity @s[tag=aj.assembler.bone.bone16] run data modify entity @s {} merge value {transformation:[0.3669934155500443f,-0.9302235392328624f,1.2246467991473532e-16f,-0.5648895594347361f,-0.9302235392328624f,-0.3669934155500443f,0f,0.5857697706900873f,4.494373116615162e-17f,-1.1391952798130472e-16f,-1f,-1.8927109375f,0f,0f,0f,1f],start_interpolation:0}
execute if entity @s[tag=aj.assembler.bone.arm3] run data modify entity @s {} merge value {transformation:[-0.9007444400886904f,-0.4343494602843563f,1.2246467991473532e-16f,-1.0407040406920738f,-0.4343494602843563f,0.9007444400886904f,0f,0.3563264858564266f,-1.1030937954043895e-16f,-5.3192467624861724e-17f,-1f,-1.8927109375f,0f,0f,0f,1f],start_interpolation:0}
execute if entity @s[tag=aj.assembler.bone.small_arm_base3] run data modify entity @s {} merge value {transformation:[-0.9900236577165576f,-0.1409012319375822f,1.2246467991473532e-16f,-1.0572725168290351f,-0.1409012319375822f,0.9900236577165576f,0f,0.35396844250985576f,-1.212429303502737e-16f,-1.7255424268827883e-17f,-1f,-1.7989609375f,0f,0f,0f,1f],start_interpolation:0}
execute if entity @s[tag=aj.assembler.bone.bone15] run data modify entity @s {} merge value {transformation:[0.5090414157503709f,-0.8607420270039439f,1.2246467991473532e-16f,2.6414183864572156e-16f,-0.8607420270039439f,-0.5090414157503709f,0f,0.5000000000000001f,6.233959404321287e-17f,-1.0541049682619844e-16f,-1f,-2.2364609375f,0f,0f,0f,1f],start_interpolation:0}
execute if entity @s[tag=aj.assembler.bone.bone26] run data modify entity @s {} merge value {transformation:[-0.3699269327930455f,0.9290608507489325f,1.2246467991473532e-16f,0.5127486463806346f,0.9290608507489325f,0.3699269327930455f,0f,0.6611875983874665f,-4.5302983416340116e-17f,1.1377713970827968e-16f,-1f,-1.8927109375f,0f,0f,0f,1f],start_interpolation:0}
execute if entity @s[tag=aj.assembler.bone.arm5] run data modify entity @s {} merge value {transformation:[0.9994502159417574f,-0.03315517838852608f,1.2246467991473532e-16f,1.0407040406920742f,-0.03315517838852608f,-0.9994502159417574f,0f,0.6436735141435741f,1.2239735078602038e-16f,-4.060338308866793e-18f,-1f,-1.8927109375f,0f,0f,0f,1f],start_interpolation:0}
execute if entity @s[tag=aj.assembler.bone.small_arm_base5] run data modify entity @s {} merge value {transformation:[0.9900236577165578f,0.1409012319375827f,1.2246467991473532e-16f,1.0572725168290356f,0.1409012319375827f,-0.9900236577165578f,0f,0.646031557490145f,1.212429303502737e-16f,1.7255424268827944e-17f,-1f,-1.7989609375f,0f,0f,0f,1f],start_interpolation:0}
execute if entity @s[tag=aj.assembler.bone.bone20] run data modify entity @s {} merge value {transformation:[-0.5090414157503713f,0.8607420270039436f,1.2246467991473532e-16f,2.6414183864572156e-16f,0.8607420270039436f,0.5090414157503713f,0f,0.5000000000000001f,-6.233959404321292e-17f,1.0541049682619842e-16f,-1f,-2.2364609375f,0f,0f,0f,1f],start_interpolation:0}
execute if entity @s[tag=aj.assembler.bone.bone11] run data modify entity @s {} merge value {transformation:[-0.8083307250146438f,0.5887286633053469f,1.2246467991473532e-16f,0.26967781495179954f,0.5887286633053469f,0.8083307250146438f,0f,-0.02770642109985788f,-9.899196350416429e-17f,7.209846730831928e-17f,-1f,-1.8927109375f,0f,0f,0f,1f],start_interpolation:0}
execute if entity @s[tag=aj.assembler.bone.arm2] run data modify entity @s {} merge value {transformation:[0.23853345757858177f,0.971134279909636f,1.2246467991473532e-16f,0.143673514143574f,0.971134279909636f,-0.23853345757858177f,0f,-0.5407040406920739f,2.9211923531316106e-17f,1.1892964874336053e-16f,-1f,-1.8927109375f,0f,0f,0f,1f],start_interpolation:0}
execute if entity @s[tag=aj.assembler.bone.small_arm_base2] run data modify entity @s {} merge value {transformation:[-0.14090123193758242f,0.9900236577165576f,1.2246467991473532e-16f,0.14603155749014485f,0.9900236577165576f,0.14090123193758242f,0f,-0.5572725168290352f,-1.7255424268827913e-17f,1.212429303502737e-16f,-1f,-1.7989609375f,0f,0f,0f,1f],start_interpolation:0}
execute if entity @s[tag=aj.assembler.bone.bone2] run data modify entity @s {} merge value {transformation:[-0.8607420270039438f,-0.5090414157503711f,1.2246467991473532e-16f,2.6414183864572156e-16f,-0.5090414157503711f,0.8607420270039438f,0f,0.5000000000000001f,-1.0541049682619843e-16f,-6.23395940432129e-17f,-1f,-2.2364609375f,0f,0f,0f,1f],start_interpolation:0}
execute if entity @s[tag=aj.assembler.bone.ring] run data modify entity @s {} merge value {transformation:[-1.548689393284087f,-0.9158923540180557f,2.2034447591230768e-16f,2.220446049250313e-16f,-0.9158923540180557f,1.548689393284087f,0f,0.5000000000000001f,-1.8965975083588136e-16f,-1.1216446397117463e-16f,-1.7992491881391441f,-1.8927109375f,0f,0f,0f,1f],start_interpolation:0}
execute if entity @s[tag=aj.assembler.bone.wheel] run data modify entity @s {} merge value {transformation:[-1f,-9.907600726170932e-17f,7.198293278059947e-17f,1.0625000000000002f,0f,0.5877852522924715f,0.8090169943749487f,-0.6249999999999999f,-1.2246467991473532e-16f,0.8090169943749487f,-0.5877852522924715f,-2.0177109374999995f,0f,0f,0f,1f],start_interpolation:0}
execute if entity @s[tag=aj.assembler.bone.wheel2] run data modify entity @s {} merge value {transformation:[-1f,-9.907600726170932e-17f,7.198293278059947e-17f,1.0625000000000002f,0f,0.5877852522924715f,0.8090169943749487f,-0.6249999999999999f,-1.2246467991473532e-16f,0.8090169943749487f,-0.5877852522924715f,-1.7677109374999997f,0f,0f,0f,1f],start_interpolation:0}
execute if entity @s[tag=aj.assembler.bone.rails] run data modify entity @s {} merge value {transformation:[-1.137300743709099f,0f,1.3927917154512523e-16f,-0.43749999999999983f,0f,1.137300743709099f,0f,-0.9999999999999999f,-1.3927917154512523e-16f,0f,-1.137300743709099f,-1.4552109375f,0f,0f,0f,1f],start_interpolation:0}
execute if entity @s[tag=aj.assembler.bone.wheel3] run data modify entity @s {} merge value {transformation:[-1f,-9.907600726170932e-17f,7.198293278059947e-17f,-1.0625f,0f,0.5877852522924715f,0.8090169943749487f,-0.6249999999999999f,-1.2246467991473532e-16f,0.8090169943749487f,-0.5877852522924715f,-1.7677109375000002f,0f,0f,0f,1f],start_interpolation:0}
execute if entity @s[tag=aj.assembler.bone.wheel4] run data modify entity @s {} merge value {transformation:[-1f,-9.907600726170932e-17f,7.198293278059947e-17f,-1.0625f,0f,0.5877852522924715f,0.8090169943749487f,-0.6249999999999999f,-1.2246467991473532e-16f,0.8090169943749487f,-0.5877852522924715f,-2.0177109375000004f,0f,0f,0f,1f],start_interpolation:0}
execute if entity @s[tag=aj.assembler.bone.rails2] run data modify entity @s {} merge value {transformation:[-1.2038220325092979f,0f,1.4742567988555726e-16f,0.4375000000000001f,0f,1.2038220325092979f,0f,-0.9999999999999999f,-1.4742567988555726e-16f,0f,-1.2038220325092979f,-1.4552109375f,0f,0f,0f,1f],start_interpolation:0}
execute if entity @s[tag=aj.assembler.bone.bone6] run data modify entity @s {} merge value {transformation:[-0.8660822537043639f,0.016367829973153974f,-0.4996334896304889f,0.1316385893616422f,0f,0.9994638334175703f,0.032742108824198424f,0.7424404620036245f,0.49990152012008326f,0.02835735940149528f,-0.865617889342292f,-1.2451455723709572f,0f,0f,0f,1f],start_interpolation:0}
execute if entity @s[tag=aj.assembler.bone.bone5] run data modify entity @s {} merge value {transformation:[-0.8660822537043639f,-0.11983084308823763f,-0.48532679594591943f,0.0670923859023016f,0f,0.970844809252305f,-0.23970889918368846f,0.7140779258729735f,0.49990152012008326f,-0.20760762363800106f,-0.8408314603944195f,-1.3569722404448963f,0f,0f,0f,1f],start_interpolation:0}
execute if entity @s[tag=aj.assembler.bone.bone4] run data modify entity @s {} merge value {transformation:[-0.8660822537043639f,-0.11983084308823763f,-0.48532679594591943f,0.7525252876693143f,0f,0.970844809252305f,-0.23970889918368846f,0.1932520980756926f,0.49990152012008326f,-0.20760762363800106f,-0.8408314603944195f,-0.5445296773017887f,0f,0f,0f,1f],start_interpolation:0}
execute if entity @s[tag=aj.assembler.bone.bone3] run data modify entity @s {} merge value {transformation:[-0.8660822537043639f,-0.4940966866407244f,-0.07596047701948536f,0.8551962254207561f,0f,0.15195088224824482f,-0.9883880459536022f,-0.234375f,0.49990152012008326f,-0.8560253463739481f,-0.1316019625499263f,-0.24162706336027523f,0f,0f,0f,1f],start_interpolation:0}
execute if entity @s[tag=aj.assembler.bone.octagon] run data modify entity @s {} merge value {transformation:[-0.8660822537043639f,0f,-0.49990152012008326f,0.859375f,0f,1f,0f,-0.40625f,0.49990152012008326f,0f,-0.8660822537043639f,-0.1718749999999999f,0f,0f,0f,1f],start_interpolation:0}
execute if entity @s[tag=aj.assembler.bone.bone10] run data modify entity @s {} merge value {transformation:[-0.9505917442287172f,-0.028121794534382016f,0.3091674311378402f,-0.31611108376468594f,0f,0.9958886557013482f,0.09058579052678045f,-0.1087389783132567f,-0.31044377237143145f,0.08611010461918961f,-0.9466835342807369f,-1.5333846559416346f,0f,0f,0f,1f],start_interpolation:0}
execute if entity @s[tag=aj.assembler.bone.bone9] run data modify entity @s {} merge value {transformation:[-0.9505917442287172f,0.25763900208519913f,0.17319780717072572f,-0.29234276754957866f,0f,0.5579039510043792f,-0.8299055256194546f,-0.2165074822438735f,-0.31044377237143145f,-0.7889013411436476f,-0.5303388898973457f,-1.6061642288598053f,0f,0f,0f,1f],start_interpolation:0}
execute if entity @s[tag=aj.assembler.bone.bone8] run data modify entity @s {} merge value {transformation:[-0.9505917442287172f,0.25763900208519913f,0.17319780717072572f,-0.7981796364797209f,0f,0.5579039510043792f,-0.8299055256194546f,0.08722834841712601f,-0.31044377237143145f,-0.7889013411436476f,-0.5303388898973457f,-0.6612448017742326f,0f,0f,0f,1f],start_interpolation:0}
execute if entity @s[tag=aj.assembler.bone.bone7] run data modify entity @s {} merge value {transformation:[-0.9505917442287172f,0.3076671472778709f,-0.04142779610481377f,-0.8696782562339328f,0f,-0.13344701936957315f,-0.9910559484819093f,-0.234375f,-0.31044377237143145f,-0.9420896026956638f,0.12685363490464593f,-0.24098835190090206f,0f,0f,0f,1f],start_interpolation:0}
execute if entity @s[tag=aj.assembler.bone.octagon2] run data modify entity @s {} merge value {transformation:[-0.9505917442287172f,0f,0.31044377237143145f,-0.8593749999999999f,0f,1f,0f,-0.40625f,-0.31044377237143145f,0f,-0.9505917442287172f,-0.171875f,0f,0f,0f,1f],start_interpolation:0}