execute if entity @s[tag=aj.assembler.bone.bone21] run data modify entity @s {} merge value {transformation:[-0.574841235417574f,-0.8182649656826311f,1.2246467991473532e-16f,0.44994463545215857f,-0.8182649656826311f,0.574841235417574f,0f,1.2422076102120625f,-7.039774789720422e-17f,-1.0020855710776529e-16f,-1f,-1.6714999999999995f,0f,0f,0f,1f],start_interpolation:0}
execute if entity @s[tag=aj.assembler.bone.arm4] run data modify entity @s {} merge value {transformation:[-0.8122114701394769f,0.5833631182838607f,1.2246467991473532e-16f,0.020897325098932856f,0.5833631182838607f,0.8122114701394769f,0f,1.5503667363273093f,-9.946721771370765e-17f,7.144137755469488e-17f,-1f,-1.6714999999999995f,0f,0f,0f,1f],start_interpolation:0}
execute if entity @s[tag=aj.assembler.bone.small_arm_base4] run data modify entity @s {} merge value {transformation:[0.01570731731182079f,0.9998766324816607f,1.2246467991473532e-16f,0.021160193879924228f,0.9998766324816607f,-0.01570731731182079f,0f,1.5671001062786774f,1.9235915869113156e-18f,1.2244957175109002e-16f,-1f,-1.5777499999999995f,0f,0f,0f,1f],start_interpolation:0}
execute if entity @s[tag=aj.assembler.bone.bone25] run data modify entity @s {} merge value {transformation:[-0.9297764858882515f,-0.36812455268467786f,1.2246467991473532e-16f,2.6414183864572156e-16f,-0.36812455268467786f,0.9297764858882515f,0f,0.5000000000000001f,-1.1386477973655213e-16f,-4.508225551328419e-17f,-1f,-2.0152499999999995f,0f,0f,0f,1f],start_interpolation:0}
execute if entity @s[tag=aj.assembler.bone.bone16] run data modify entity @s {} merge value {transformation:[-0.3514740315648513f,-0.936197631451581f,1.2246467991473532e-16f,-0.6481396017324834f,-0.936197631451581f,0.3514740315648513f,0f,0.8633253813751179f,-4.3043154773931075e-17f,-1.1465114327265118e-16f,-1f,-1.6714999999999995f,0f,0f,0f,1f],start_interpolation:0}
execute if entity @s[tag=aj.assembler.bone.arm3] run data modify entity @s {} merge value {transformation:[-0.761439320177284f,-0.6482361928247726f,1.2246467991473532e-16f,-1.0503667363273088f,-0.6482361928247726f,0.761439320177284f,0f,0.520897325098933f,-9.324942262000472e-17f,-7.93860378634324e-17f,-1f,-1.6714999999999995f,0f,0f,0f,1f],start_interpolation:0}
execute if entity @s[tag=aj.assembler.bone.small_arm_base3] run data modify entity @s {} merge value {transformation:[-0.9998766324816607f,0.015707317311821067f,1.2246467991473532e-16f,-1.067100106278677f,0.015707317311821067f,0.9998766324816607f,0f,0.5211601938799244f,-1.2244957175109e-16f,1.9235915869113403e-18f,-1f,-1.5777499999999995f,0f,0f,0f,1f],start_interpolation:0}
execute if entity @s[tag=aj.assembler.bone.bone15] run data modify entity @s {} merge value {transformation:[0.36812455268467764f,-0.9297764858882516f,1.2246467991473532e-16f,2.6414183864572156e-16f,-0.9297764858882516f,-0.36812455268467764f,0f,0.5000000000000001f,4.5082255513284167e-17f,-1.1386477973655213e-16f,-1f,-2.0152499999999995f,0f,0f,0f,1f],start_interpolation:0}
execute if entity @s[tag=aj.assembler.bone.bone26] run data modify entity @s {} merge value {transformation:[-0.680081345565984f,0.7331366608028552f,1.2246467991473532e-16f,0.5316511554109548f,0.7331366608028552f,0.680081345565984f,0f,0.5789915513791755f,-8.328594430072073e-17f,8.978334649897953e-17f,-1f,-1.6714999999999995f,0f,0f,0f,1f],start_interpolation:0}
execute if entity @s[tag=aj.assembler.bone.arm5] run data modify entity @s {} merge value {transformation:[0.9819587126964439f,-0.189095442989891f,1.2246467991473532e-16f,1.0503667363273093f,-0.189095442989891f,-0.9819587126964439f,0f,0.4791026749010677f,1.2025525943985553e-16f,-2.3157512899092085e-17f,-1f,-1.6714999999999995f,0f,0f,0f,1f],start_interpolation:0}
execute if entity @s[tag=aj.assembler.bone.small_arm_base5] run data modify entity @s {} merge value {transformation:[0.9998766324816607f,-0.015707317311820568f,1.2246467991473532e-16f,1.0671001062786774f,-0.015707317311820568f,-0.9998766324816607f,0f,0.47883980612007637f,1.2244957175109002e-16f,-1.923591586911291e-18f,-1f,-1.5777499999999995f,0f,0f,0f,1f],start_interpolation:0}
execute if entity @s[tag=aj.assembler.bone.bone20] run data modify entity @s {} merge value {transformation:[-0.3681245526846781f,0.9297764858882513f,1.2246467991473532e-16f,2.6414183864572156e-16f,0.9297764858882513f,0.3681245526846781f,0f,0.5000000000000001f,-4.5082255513284216e-17f,1.1386477973655213e-16f,-1f,-2.0152499999999995f,0f,0f,0f,1f],start_interpolation:0}
execute if entity @s[tag=aj.assembler.bone.bone11] run data modify entity @s {} merge value {transformation:[-0.6366309287387015f,0.7711686330325545f,1.2246467991473532e-16f,-0.07336256729151808f,0.7711686330325545f,0.6366309287387015f,0f,-0.024732795365423277f,-7.796480291180575e-17f,9.444091980461575e-17f,-1f,-1.6714999999999995f,0f,0f,0f,1f],start_interpolation:0}
execute if entity @s[tag=aj.assembler.bone.arm2] run data modify entity @s {} merge value {transformation:[-0.09931974974363884f,0.9950555699612265f,1.2246467991473532e-16f,-0.02089732509893241f,0.9950555699612265f,0.09931974974363884f,0f,-0.550366736327309f,-1.2163161361566343e-17f,1.2185916187267611e-16f,-1f,-1.6714999999999995f,0f,0f,0f,1f],start_interpolation:0}
execute if entity @s[tag=aj.assembler.bone.small_arm_base2] run data modify entity @s {} merge value {transformation:[0.01570731731182079f,0.9998766324816607f,1.2246467991473532e-16f,-0.021160193879923805f,0.9998766324816607f,-0.01570731731182079f,0f,-0.567100106278677f,1.9235915869113156e-18f,1.2244957175109002e-16f,-1f,-1.5777499999999995f,0f,0f,0f,1f],start_interpolation:0}
execute if entity @s[tag=aj.assembler.bone.bone2] run data modify entity @s {} merge value {transformation:[-0.9297764858882515f,-0.36812455268467786f,1.2246467991473532e-16f,2.6414183864572156e-16f,-0.36812455268467786f,0.9297764858882515f,0f,0.5000000000000001f,-1.1386477973655213e-16f,-4.508225551328419e-17f,-1f,-2.0152499999999995f,0f,0f,0f,1f],start_interpolation:0}
execute if entity @s[tag=aj.assembler.bone.ring] run data modify entity @s {} merge value {transformation:[-1.6728995873853028f,-0.6623478025519922f,2.2034447591230768e-16f,2.220446049250313e-16f,-0.6623478025519922f,1.6728995873853028f,0f,0.5000000000000001f,-2.0487111249863388e-16f,-8.111421163175804e-17f,-1.7992491881391441f,-1.6714999999999995f,0f,0f,0f,1f],start_interpolation:0}
execute if entity @s[tag=aj.assembler.bone.wheel] run data modify entity @s {} merge value {transformation:[-1f,-7.198293278059944e-17f,-9.907600726170936e-17f,1.0625000000000002f,0f,-0.809016994374949f,0.5877852522924712f,-0.6249999999999999f,-1.2246467991473532e-16f,0.5877852522924712f,0.809016994374949f,-1.7964999999999993f,0f,0f,0f,1f],start_interpolation:0}
execute if entity @s[tag=aj.assembler.bone.wheel2] run data modify entity @s {} merge value {transformation:[-1f,-7.198293278059944e-17f,-9.907600726170936e-17f,1.0625000000000002f,0f,-0.809016994374949f,0.5877852522924712f,-0.6249999999999999f,-1.2246467991473532e-16f,0.5877852522924712f,0.809016994374949f,-1.5464999999999993f,0f,0f,0f,1f],start_interpolation:0}
execute if entity @s[tag=aj.assembler.bone.rails] run data modify entity @s {} merge value {transformation:[-1.137300743709099f,0f,1.3927917154512523e-16f,-0.43749999999999983f,0f,1.137300743709099f,0f,-0.9999999999999999f,-1.3927917154512523e-16f,0f,-1.137300743709099f,-1.2339999999999995f,0f,0f,0f,1f],start_interpolation:0}
execute if entity @s[tag=aj.assembler.bone.wheel3] run data modify entity @s {} merge value {transformation:[-1f,-7.198293278059944e-17f,-9.907600726170936e-17f,-1.0625f,0f,-0.809016994374949f,0.5877852522924712f,-0.6249999999999999f,-1.2246467991473532e-16f,0.5877852522924712f,0.809016994374949f,-1.5464999999999998f,0f,0f,0f,1f],start_interpolation:0}
execute if entity @s[tag=aj.assembler.bone.wheel4] run data modify entity @s {} merge value {transformation:[-1f,-7.198293278059944e-17f,-9.907600726170936e-17f,-1.0625f,0f,-0.809016994374949f,0.5877852522924712f,-0.6249999999999999f,-1.2246467991473532e-16f,0.5877852522924712f,0.809016994374949f,-1.7964999999999998f,0f,0f,0f,1f],start_interpolation:0}
execute if entity @s[tag=aj.assembler.bone.rails2] run data modify entity @s {} merge value {transformation:[-1.2038220325092979f,0f,1.4742567988555726e-16f,0.4375000000000001f,0f,1.2038220325092979f,0f,-0.9999999999999999f,-1.4742567988555726e-16f,0f,-1.2038220325092979f,-1.2339999999999995f,0f,0f,0f,1f],start_interpolation:0}
execute if entity @s[tag=aj.assembler.bone.bone6] run data modify entity @s {} merge value {transformation:[-0.8136934354341361f,-0.009069016231400634f,-0.5812234906436491f,0.0940966151502752f,0f,0.9998782904228296f,-0.015601421124992576f,0.7051854117312167f,0.581294239719777f,-0.012694773952850014f,-0.8135944011501632f,-1.081830684898667f,0f,0f,0f,1f],start_interpolation:0}
execute if entity @s[tag=aj.assembler.bone.bone5] run data modify entity @s {} merge value {transformation:[-0.8136934354341361f,-0.21563962280011625f,-0.5398171414562686f,0.022022202136698255f,0f,0.9286469821488286f,-0.37096466482115686f,0.659333037238552f,0.581294239719777f,-0.301851512543f,-0.7556339532102232f,-1.1827201703341115f,0f,0f,0f,1f],start_interpolation:0}
execute if entity @s[tag=aj.assembler.bone.bone4] run data modify entity @s {} merge value {transformation:[-0.8136934354341361f,-0.21563962280011625f,-0.5398171414562686f,0.8270479722709174f,0f,0.9286469821488286f,-0.37096466482115686f,0.2811720943704107f,0.581294239719777f,-0.301851512543f,-0.7556339532102232f,-0.37840429626160765f,0f,0f,0f,1f],start_interpolation:0}
execute if entity @s[tag=aj.assembler.bone.bone3] run data modify entity @s {} merge value {transformation:[-0.8136934354341361f,-0.4959526047737798f,-0.3032062119243215f,0.8484720298748307f,0f,0.5216053956951084f,-0.85318685595932f,-0.234375f,0.581294239719777f,-0.6942325438927885f,-0.4244268863641347f,-0.24089628470587643f,0f,0f,0f,1f],start_interpolation:0}
execute if entity @s[tag=aj.assembler.bone.octagon] run data modify entity @s {} merge value {transformation:[-0.8136934354341361f,0f,-0.581294239719777f,0.859375f,0f,1f,0f,-0.40625f,0.581294239719777f,0f,-0.8136934354341361f,-0.1718749999999999f,0f,0f,0f,1f],start_interpolation:0}
execute if entity @s[tag=aj.assembler.bone.bone10] run data modify entity @s {} merge value {transformation:[-0.9419105726878281f,0.025642620047098635f,0.33488345599030117f,-0.3651879601069265f,0f,0.9970812106839573f,-0.07634827634605601f,-0.05018744300242457f,-0.3358637715784301f,-0.07191324869684218f,-0.9391613341715991f,-1.2786630170987174f,0f,0f,0f,1f],start_interpolation:0}
execute if entity @s[tag=aj.assembler.bone.bone9] run data modify entity @s {} merge value {transformation:[-0.9419105726878281f,0.2965346271650732f,0.1577076027050026f,-0.3433338760536202f,0f,0.4695582437005269f,-0.8829014983410531f,-0.16526118498949682f,-0.3358637715784301f,-0.8316142559293628f,-0.44228187423425397f,-1.3399515351472049f,0f,0f,0f,1f],start_interpolation:0}
execute if entity @s[tag=aj.assembler.bone.bone8] run data modify entity @s {} merge value {transformation:[-0.9419105726878281f,0.2965346271650732f,0.1577076027050026f,-0.8356635484091589f,0f,0.4695582437005269f,-0.8829014983410531f,0.22147687407433042f,-0.3358637715784301f,-0.8316142559293628f,-0.44228187423425397f,-0.5175034266732266f,0f,0f,0f,1f],start_interpolation:0}
execute if entity @s[tag=aj.assembler.bone.bone7] run data modify entity @s {} merge value {transformation:[-0.9419105726878281f,0.32550428235249756f,0.0827733968680363f,-0.8678182196728427f,0f,0.24644931627794586f,-0.9691556812536019f,-0.234375f,-0.3358637715784301f,-0.9128579827532423f,-0.23213321663388364f,-0.24124015365481521f,0f,0f,0f,1f],start_interpolation:0}
execute if entity @s[tag=aj.assembler.bone.octagon2] run data modify entity @s {} merge value {transformation:[-0.9419105726878281f,0f,0.3358637715784301f,-0.8593749999999999f,0f,1f,0f,-0.40625f,-0.3358637715784301f,0f,-0.9419105726878281f,-0.171875f,0f,0f,0f,1f],start_interpolation:0}