execute if entity @s[tag=aj.assembler.bone.bone21] run data modify entity @s {} merge value {transformation:[0.9559259048853244f,0.29360801141858184f,1.2246467991473532e-16f,0.42961093127679356f,0.29360801141858184f,-0.9559259048853244f,0f,0.10628618261485928f,1.1706715996398497e-16f,3.5956611138778565e-17f,-1f,-1.4345937500000001f,0f,0f,0f,1f],start_interpolation:0}
execute if entity @s[tag=aj.assembler.bone.arm4] run data modify entity @s {} merge value {transformation:[0.16485134520805023f,-0.9863184242338254f,1.2246467991473532e-16f,0.5166929645525353f,-0.9863184242338254f,-0.16485134520805023f,0f,-0.41473239767764086f,2.0188467224417402e-17f,-1.2078917011780155e-16f,-1f,-1.4345937500000001f,0f,0f,0f,1f],start_interpolation:0}
execute if entity @s[tag=aj.assembler.bone.small_arm_base4] run data modify entity @s {} merge value {transformation:[0.4954586684324079f,-0.8686315144381911f,1.2246467991473532e-16f,0.5249846806754679f,-0.8686315144381911f,-0.4954586684324079f,0f,-0.42926932354462066f,6.06761872405558e-17f,-1.0637668037952487e-16f,-1f,-1.3408437500000001f,0f,0f,0f,1f],start_interpolation:0}
execute if entity @s[tag=aj.assembler.bone.bone25] run data modify entity @s {} merge value {transformation:[0.6129070536529762f,0.7901550123756905f,1.2246467991473532e-16f,2.6414183864572156e-16f,0.7901550123756905f,-0.6129070536529762f,0f,0.5000000000000001f,7.505946614309524e-17f,9.676608067361266e-17f,-1f,-1.7783437500000001f,0f,0f,0f,1f],start_interpolation:0}
execute if entity @s[tag=aj.assembler.bone.bone16] run data modify entity @s {} merge value {transformation:[0.779057608064621f,0.6269523453314707f,1.2246467991473532e-16f,0.6728110689681582f,0.6269523453314707f,-0.779057608064621f,0f,0.5470998297593525f,9.540704060677312e-17f,7.677951829281116e-17f,-1f,-1.43459375f,0f,0f,0f,1f],start_interpolation:0}
execute if entity @s[tag=aj.assembler.bone.arm3] run data modify entity @s {} merge value {transformation:[0.4579711218500772f,0.8889670700039356f,1.2246467991473532e-16f,0.9147323976776415f,0.8889670700039356f,-0.4579711218500772f,0f,1.0166929645525349f,5.608528684756195e-17f,1.0886706768277208e-16f,-1f,-1.43459375f,0f,0f,0f,1f],start_interpolation:0}
execute if entity @s[tag=aj.assembler.bone.small_arm_base3] run data modify entity @s {} merge value {transformation:[0.8686315144381913f,0.4954586684324077f,1.2246467991473532e-16f,0.9292693235446212f,0.4954586684324077f,-0.8686315144381913f,0f,1.0249846806754674f,1.0637668037952489e-16f,6.067618724055578e-17f,-1f,-1.34084375f,0f,0f,0f,1f],start_interpolation:0}
execute if entity @s[tag=aj.assembler.bone.bone15] run data modify entity @s {} merge value {transformation:[-0.7901550123756904f,0.6129070536529764f,1.2246467991473532e-16f,2.6414183864572156e-16f,0.6129070536529764f,0.7901550123756904f,0f,0.5000000000000001f,-9.676608067361265e-17f,7.505946614309526e-17f,-1f,-1.7783437500000001f,0f,0f,0f,1f],start_interpolation:0}
execute if entity @s[tag=aj.assembler.bone.bone26] run data modify entity @s {} merge value {transformation:[0.5219468181059732f,-0.8529780296520245f,1.2246467991473532e-16f,-0.46354987614906384f,-0.8529780296520245f,-0.5219468181059732f,0f,0.25803958502352986f,6.392005001186258e-17f,-1.0445968137563682e-16f,-1f,-1.4345937500000003f,0f,0f,0f,1f],start_interpolation:0}
execute if entity @s[tag=aj.assembler.bone.arm5] run data modify entity @s {} merge value {transformation:[-0.854114710124313f,-0.5200846680582506f,1.2246467991473532e-16f,-0.9147323976776406f,-0.5200846680582506f,0.854114710124313f,0f,-0.01669296455253525f,-1.0459888458584094e-16f,-6.369200240231504e-17f,-1f,-1.4345937500000003f,0f,0f,0f,1f],start_interpolation:0}
execute if entity @s[tag=aj.assembler.bone.small_arm_base5] run data modify entity @s {} merge value {transformation:[-0.8686315144381909f,-0.49545866843240804f,1.2246467991473532e-16f,-0.9292693235446204f,-0.49545866843240804f,0.8686315144381909f,0f,-0.024984680675467774f,-1.0637668037952485e-16f,-6.067618724055583e-17f,-1f,-1.3408437500000003f,0f,0f,0f,1f],start_interpolation:0}
execute if entity @s[tag=aj.assembler.bone.bone20] run data modify entity @s {} merge value {transformation:[0.7901550123756906f,-0.6129070536529759f,1.2246467991473532e-16f,2.6414183864572156e-16f,-0.6129070536529759f,-0.7901550123756906f,0f,0.5000000000000001f,9.676608067361267e-17f,-7.505946614309521e-17f,-1f,-1.7783437500000001f,0f,0f,0f,1f],start_interpolation:0}
execute if entity @s[tag=aj.assembler.bone.bone11] run data modify entity @s {} merge value {transformation:[0.993583704841523f,0.11309916654597063f,1.2246467991473532e-16f,-0.1463090831562377f,0.11309916654597063f,-0.993583704841523f,0f,1.0380900979670757f,1.2167891038191398e-16f,1.3850653229675623e-17f,-1f,-1.4345937500000001f,0f,0f,0f,1f],start_interpolation:0}
execute if entity @s[tag=aj.assembler.bone.arm2] run data modify entity @s {} merge value {transformation:[0.7011581929675427f,-0.7130057422170527f,1.2246467991473532e-16f,-0.5166929645525349f,-0.7130057422170527f,-0.7011581929675427f,0f,1.4147323976776411f,8.586711367136433e-17f,-8.731801999797966e-17f,-1f,-1.4345937500000001f,0f,0f,0f,1f],start_interpolation:0}
execute if entity @s[tag=aj.assembler.bone.small_arm_base2] run data modify entity @s {} merge value {transformation:[0.4954586684324079f,-0.8686315144381911f,1.2246467991473532e-16f,-0.5249846806754674f,-0.8686315144381911f,-0.4954586684324079f,0f,1.429269323544621f,6.06761872405558e-17f,-1.0637668037952487e-16f,-1f,-1.3408437500000001f,0f,0f,0f,1f],start_interpolation:0}
execute if entity @s[tag=aj.assembler.bone.bone2] run data modify entity @s {} merge value {transformation:[0.6129070536529762f,0.7901550123756905f,1.2246467991473532e-16f,2.6414183864572156e-16f,0.7901550123756905f,-0.6129070536529762f,0f,0.5000000000000001f,7.505946614309524e-17f,9.676608067361266e-17f,-1f,-1.7783437500000001f,0f,0f,0f,1f],start_interpolation:0}
execute if entity @s[tag=aj.assembler.bone.ring] run data modify entity @s {} merge value {transformation:[1.1027725186898722f,1.4216857645210366f,2.2034447591230768e-16f,2.220446049250313e-16f,1.4216857645210366f,-1.1027725186898722f,0f,0.5000000000000001f,1.350506835201217e-16f,1.741062920914045e-16f,-1.7992491881391441f,-1.4345937500000001f,0f,0f,0f,1f],start_interpolation:0}
execute if entity @s[tag=aj.assembler.bone.wheel] run data modify entity @s {} merge value {transformation:[-1f,3.784366730434141e-17f,-1.1647083184890926e-16f,1.0625000000000002f,0f,-0.9510565162951536f,-0.3090169943749467f,-0.6249999999999999f,-1.2246467991473532e-16f,-0.3090169943749467f,0.9510565162951536f,-1.55959375f,0f,0f,0f,1f],start_interpolation:0}
execute if entity @s[tag=aj.assembler.bone.wheel2] run data modify entity @s {} merge value {transformation:[-1f,3.784366730434141e-17f,-1.1647083184890926e-16f,1.0625000000000002f,0f,-0.9510565162951536f,-0.3090169943749467f,-0.6249999999999999f,-1.2246467991473532e-16f,-0.3090169943749467f,0.9510565162951536f,-1.30959375f,0f,0f,0f,1f],start_interpolation:0}
execute if entity @s[tag=aj.assembler.bone.rails] run data modify entity @s {} merge value {transformation:[-1.137300743709099f,0f,1.3927917154512523e-16f,-0.43749999999999983f,0f,1.137300743709099f,0f,-0.9999999999999999f,-1.3927917154512523e-16f,0f,-1.137300743709099f,-0.9970937500000001f,0f,0f,0f,1f],start_interpolation:0}
execute if entity @s[tag=aj.assembler.bone.wheel3] run data modify entity @s {} merge value {transformation:[-1f,3.784366730434141e-17f,-1.1647083184890926e-16f,-1.0625f,0f,-0.9510565162951536f,-0.3090169943749467f,-0.6249999999999999f,-1.2246467991473532e-16f,-0.3090169943749467f,0.9510565162951536f,-1.3095937500000001f,0f,0f,0f,1f],start_interpolation:0}
execute if entity @s[tag=aj.assembler.bone.wheel4] run data modify entity @s {} merge value {transformation:[-1f,3.784366730434141e-17f,-1.1647083184890926e-16f,-1.0625f,0f,-0.9510565162951536f,-0.3090169943749467f,-0.6249999999999999f,-1.2246467991473532e-16f,-0.3090169943749467f,0.9510565162951536f,-1.5595937500000003f,0f,0f,0f,1f],start_interpolation:0}
execute if entity @s[tag=aj.assembler.bone.rails2] run data modify entity @s {} merge value {transformation:[-1.2038220325092979f,0f,1.4742567988555726e-16f,0.4375000000000001f,0f,1.2038220325092979f,0f,-0.9999999999999999f,-1.4742567988555726e-16f,0f,-1.2038220325092979f,-0.99709375f,0f,0f,0f,1f],start_interpolation:0}
execute if entity @s[tag=aj.assembler.bone.bone6] run data modify entity @s {} merge value {transformation:[-0.9635133979251885f,0.025900459752415783f,-0.2664040131140497f,0.5110786652913747f,0f,0.9953071367266932f,0.09676623161470815f,0.649594403722425f,0.267660105392375f,0.09323556062750321f,-0.9589917612867265f,-1.0754021976205597f,0f,0f,0f,1f],start_interpolation:0}
execute if entity @s[tag=aj.assembler.bone.bone5] run data modify entity @s {} merge value {transformation:[-0.9635133979251885f,-0.11252688071677835f,-0.24285722788257555f,0.47860027650860604f,0f,0.9073344252276976f,-0.4204096107330607f,0.5971349901046064f,0.267660105392375f,-0.4050702925578171f,-0.8742288751056367f,-1.1923167549444702f,0f,0f,0f,1f],start_interpolation:0}
execute if entity @s[tag=aj.assembler.bone.bone4] run data modify entity @s {} merge value {transformation:[-0.9635133979251885f,-0.11252688071677835f,-0.24285722788257555f,0.9601834462121497f,0f,0.9073344252276976f,-0.4204096107330607f,0.2861220190448489f,0.267660105392375f,-0.4050702925578171f,-0.8742288751056367f,-0.159245966082257f,0f,0f,0f,1f],start_interpolation:0}
execute if entity @s[tag=aj.assembler.bone.bone3] run data modify entity @s {} merge value {transformation:[-0.9635133979251885f,-0.14947795364036612f,-0.22203214495686396f,0.8727560370981386f,0f,0.8295302156867085f,-0.5584618350995553f,-0.234375f,0.267660105392375f,-0.5380854603483088f,-0.799263476797915f,-0.2404589656638359f,0f,0f,0f,1f],start_interpolation:0}
execute if entity @s[tag=aj.assembler.bone.octagon] run data modify entity @s {} merge value {transformation:[-0.9635133979251885f,0f,-0.267660105392375f,0.859375f,0f,1f,0f,-0.40625f,0.267660105392375f,0f,-0.9635133979251885f,-0.1718749999999999f,0f,0f,0f,1f],start_interpolation:0}
execute if entity @s[tag=aj.assembler.bone.bone10] run data modify entity @s {} merge value {transformation:[-0.7695273304945811f,0.507423022454112f,0.38774935706641406f,-0.588298494831454f,0f,0.6071733942224543f,-0.7945693609423813f,0.5848175745288899f,-0.6386138799164043f,-0.611442839218776f,-0.46723652120333925f,-0.35171885086836147f,0f,0f,0f,1f],start_interpolation:0}
execute if entity @s[tag=aj.assembler.bone.bone9] run data modify entity @s {} merge value {transformation:[-0.7695273304945811f,0.10904479169020001f,0.6292351873720387f,-0.504771325354256f,0f,0.9853139857442601f,-0.17075230451376058f,0.5656172129159229f,-0.6386138799164043f,-0.131398565068272f,-0.7582260411487562f,-0.45236877686115473f,0f,0f,0f,1f],start_interpolation:0}
execute if entity @s[tag=aj.assembler.bone.bone8] run data modify entity @s {} merge value {transformation:[-0.7695273304945811f,0.10904479169020001f,0.6292351873720387f,-1.089348801795621f,0f,0.9853139857442601f,-0.17075230451376058f,0.19617069848209784f,-0.6386138799164043f,-0.131398565068272f,-0.7582260411487562f,-0.04155975256070518f,0f,0f,0f,1f],start_interpolation:0}
execute if entity @s[tag=aj.assembler.bone.bone7] run data modify entity @s {} merge value {transformation:[-0.7695273304945811f,0.10294463590992174f,0.6302619213940005f,-0.8435093615831802f,0f,0.9869217397475027f,-0.16120012287142488f,-0.234375f,-0.6386138799164043f,-0.12404790022864605f,-0.7594632517949635f,-0.23992714190329895f,0f,0f,0f,1f],start_interpolation:0}
execute if entity @s[tag=aj.assembler.bone.octagon2] run data modify entity @s {} merge value {transformation:[-0.7695273304945811f,0f,0.6386138799164043f,-0.8593749999999999f,0f,1f,0f,-0.40625f,-0.6386138799164043f,0f,-0.7695273304945811f,-0.171875f,0f,0f,0f,1f],start_interpolation:0}