execute if entity @s[tag=aj.assembler.bone.bone21] run data modify entity @s {} merge value {transformation:[0.1945236542268495f,0.9808978274755396f,1.2246467991473532e-16f,0.5131197153848966f,0.9808978274755396f,-0.1945236542268495f,0f,0.5989816668507566f,2.382227705073577e-17f,1.201253384708512e-16f,-1f,-1.3704999999999998f,0f,0f,0f,1f],start_interpolation:0}
execute if entity @s[tag=aj.assembler.bone.arm4] run data modify entity @s {} merge value {transformation:[0.9892324582115555f,0.14635280530527414f,1.2246467991473532e-16f,1.0356776219321815f,0.14635280530527414f,-0.9892324582115555f,0f,0.6762919238311144f,1.2114603635614491e-16f,1.7923049456333972e-17f,-1f,-1.3704999999999998f,0f,0f,0f,1f],start_interpolation:0}
execute if entity @s[tag=aj.assembler.bone.small_arm_base4] run data modify entity @s {} merge value {transformation:[0.9851093261547741f,0.17192910027940944f,1.2246467991473532e-16f,1.0521638545948826f,0.17192910027940944f,-0.9851093261547741f,0f,0.6791692320378685f,1.20641098308565e-16f,2.1055242233746308e-17f,-1f,-1.2767499999999998f,0f,0f,0f,1f],start_interpolation:0}
execute if entity @s[tag=aj.assembler.bone.bone25] run data modify entity @s {} merge value {transformation:[-0.5358267949789965f,0.8443279255020152f,1.2246467991473532e-16f,2.6414183864572156e-16f,0.8443279255020152f,0.5358267949789965f,0f,0.5000000000000001f,-6.561985693684132e-17f,1.0340034913967678e-16f,-1f,-1.7142499999999998f,0f,0f,0f,1f],start_interpolation:0}
execute if entity @s[tag=aj.assembler.bone.bone16] run data modify entity @s {} merge value {transformation:[-0.7322017383661813f,-0.6810878169028882f,1.2246467991473532e-16f,0.29812540457410514f,-0.6810878169028882f,0.7322017383661813f,0f,1.3033592196513797f,-8.966885152202719e-17f,-8.340920149083807e-17f,-1f,-1.3704999999999998f,0f,0f,0f,1f],start_interpolation:0}
execute if entity @s[tag=aj.assembler.bone.arm3] run data modify entity @s {} merge value {transformation:[-0.898099548617177f,0.4397922245488465f,1.2246467991473532e-16f,-0.17629192383111375f,0.4397922245488465f,0.898099548617177f,0f,1.5356776219321815f,-1.0998547375297086e-16f,5.3859014008363897e-17f,-1f,-1.3704999999999998f,0f,0f,0f,1f],start_interpolation:0}
execute if entity @s[tag=aj.assembler.bone.small_arm_base3] run data modify entity @s {} merge value {transformation:[-0.17192910027940916f,0.9851093261547741f,1.2246467991473532e-16f,-0.17916923203786794f,0.9851093261547741f,0.17192910027940916f,0f,1.5521638545948826f,-2.1055242233746278e-17f,1.2064109830856502e-16f,-1f,-1.2767499999999998f,0f,0f,0f,1f],start_interpolation:0}
execute if entity @s[tag=aj.assembler.bone.bone15] run data modify entity @s {} merge value {transformation:[-0.8443279255020153f,-0.5358267949789963f,1.2246467991473532e-16f,2.6414183864572156e-16f,-0.5358267949789963f,0.8443279255020153f,0f,0.5000000000000001f,-1.0340034913967679e-16f,-6.561985693684129e-17f,-1f,-1.7142499999999998f,0f,0f,0f,1f],start_interpolation:0}
execute if entity @s[tag=aj.assembler.bone.bone26] run data modify entity @s {} merge value {transformation:[0.5015107371594574f,0.8651514205697047f,1.2246467991473532e-16f,0.46089533649209935f,0.8651514205697047f,-0.5015107371594574f,0f,-0.09065566850609341f,6.141735190003588e-17f,1.0595049179784745e-16f,-1f,-1.3704999999999998f,0f,0f,0f,1f],start_interpolation:0}
execute if entity @s[tag=aj.assembler.bone.arm5] run data modify entity @s {} merge value {transformation:[-0.5387707850068628f,-0.8424523970071478f,1.2246467991473532e-16f,0.17629192383111472f,-0.8424523970071478f,0.5387707850068628f,0f,-0.5356776219321813f,-6.598039173327613e-17f,-1.0317066314288189e-16f,-1f,-1.3704999999999998f,0f,0f,0f,1f],start_interpolation:0}
execute if entity @s[tag=aj.assembler.bone.small_arm_base5] run data modify entity @s {} merge value {transformation:[0.17192910027940972f,-0.9851093261547741f,1.2246467991473532e-16f,0.1791692320378689f,-0.9851093261547741f,-0.17192910027940972f,0f,-0.5521638545948823f,2.105524223374634e-17f,-1.20641098308565e-16f,-1f,-1.2767499999999998f,0f,0f,0f,1f],start_interpolation:0}
execute if entity @s[tag=aj.assembler.bone.bone20] run data modify entity @s {} merge value {transformation:[0.8443279255020151f,0.5358267949789968f,1.2246467991473532e-16f,2.6414183864572156e-16f,0.5358267949789968f,-0.8443279255020151f,0f,0.5000000000000001f,1.0340034913967676e-16f,6.561985693684134e-17f,-1f,-1.7142499999999998f,0f,0f,0f,1f],start_interpolation:0}
execute if entity @s[tag=aj.assembler.bone.bone11] run data modify entity @s {} merge value {transformation:[0.5055820836746523f,0.8627785096229491f,1.2246467991473532e-16f,-0.5464511369955171f,0.8627785096229491f,-0.5055820836746523f,0f,0.5229593947742238f,6.191594804784122e-17f,1.0565989401828686e-16f,-1f,-1.3704999999999998f,0f,0f,0f,1f],start_interpolation:0}
execute if entity @s[tag=aj.assembler.bone.arm2] run data modify entity @s {} merge value {transformation:[0.9261341417906621f,0.37719431518737656f,1.2246467991473532e-16f,-1.035677621932181f,0.37719431518737656f,-0.9261341417906621f,0f,0.3237080761688859f,1.1341872123250155e-16f,4.619298107507986e-17f,-1f,-1.3704999999999998f,0f,0f,0f,1f],start_interpolation:0}
execute if entity @s[tag=aj.assembler.bone.small_arm_base2] run data modify entity @s {} merge value {transformation:[0.9851093261547741f,0.17192910027940944f,1.2246467991473532e-16f,-1.0521638545948822f,0.17192910027940944f,-0.9851093261547741f,0f,0.3208307679621317f,1.20641098308565e-16f,2.1055242233746308e-17f,-1f,-1.2767499999999998f,0f,0f,0f,1f],start_interpolation:0}
execute if entity @s[tag=aj.assembler.bone.bone2] run data modify entity @s {} merge value {transformation:[-0.5358267949789965f,0.8443279255020152f,1.2246467991473532e-16f,2.6414183864572156e-16f,0.8443279255020152f,0.5358267949789965f,0f,0.5000000000000001f,-6.561985693684132e-17f,1.0340034913967678e-16f,-1f,-1.7142499999999998f,0f,0f,0f,1f],start_interpolation:0}
execute if entity @s[tag=aj.assembler.bone.ring] run data modify entity @s {} merge value {transformation:[-0.9640859258491592f,1.5191563344827086f,2.2034447591230768e-16f,2.220446049250313e-16f,1.5191563344827086f,0.9640859258491592f,0f,0.5000000000000001f,-1.1806647431941852e-16f,1.860429942428675e-16f,-1.7992491881391441f,-1.3704999999999998f,0f,0f,0f,1f],start_interpolation:0}
execute if entity @s[tag=aj.assembler.bone.wheel] run data modify entity @s {} merge value {transformation:[-1f,7.198293278059972e-17f,-9.907600726170914e-17f,1.0625000000000002f,0f,-0.8090169943749472f,-0.5877852522924736f,-0.6249999999999999f,-1.2246467991473532e-16f,-0.5877852522924736f,0.8090169943749472f,-1.4954999999999996f,0f,0f,0f,1f],start_interpolation:0}
execute if entity @s[tag=aj.assembler.bone.wheel2] run data modify entity @s {} merge value {transformation:[-1f,7.198293278059972e-17f,-9.907600726170914e-17f,1.0625000000000002f,0f,-0.8090169943749472f,-0.5877852522924736f,-0.6249999999999999f,-1.2246467991473532e-16f,-0.5877852522924736f,0.8090169943749472f,-1.2454999999999996f,0f,0f,0f,1f],start_interpolation:0}
execute if entity @s[tag=aj.assembler.bone.rails] run data modify entity @s {} merge value {transformation:[-1.137300743709099f,0f,1.3927917154512523e-16f,-0.43749999999999983f,0f,1.137300743709099f,0f,-0.9999999999999999f,-1.3927917154512523e-16f,0f,-1.137300743709099f,-0.9329999999999998f,0f,0f,0f,1f],start_interpolation:0}
execute if entity @s[tag=aj.assembler.bone.wheel3] run data modify entity @s {} merge value {transformation:[-1f,7.198293278059972e-17f,-9.907600726170914e-17f,-1.0625f,0f,-0.8090169943749472f,-0.5877852522924736f,-0.6249999999999999f,-1.2246467991473532e-16f,-0.5877852522924736f,0.8090169943749472f,-1.2454999999999998f,0f,0f,0f,1f],start_interpolation:0}
execute if entity @s[tag=aj.assembler.bone.wheel4] run data modify entity @s {} merge value {transformation:[-1f,7.198293278059972e-17f,-9.907600726170914e-17f,-1.0625f,0f,-0.8090169943749472f,-0.5877852522924736f,-0.6249999999999999f,-1.2246467991473532e-16f,-0.5877852522924736f,0.8090169943749472f,-1.4954999999999998f,0f,0f,0f,1f],start_interpolation:0}
execute if entity @s[tag=aj.assembler.bone.rails2] run data modify entity @s {} merge value {transformation:[-1.2038220325092979f,0f,1.4742567988555726e-16f,0.4375000000000001f,0f,1.2038220325092979f,0f,-0.9999999999999999f,-1.4742567988555726e-16f,0f,-1.2038220325092979f,-0.9329999999999997f,0f,0f,0f,1f],start_interpolation:0}
execute if entity @s[tag=aj.assembler.bone.bone6] run data modify entity @s {} merge value {transformation:[-0.0871557427476586f,-0.8253758980927597f,-0.5578158328280709f,0.41703600615248937f,0f,0.5599465986885813f,-0.8285286999356684f,0.17823599378054372f,0.9961946980917454f,-0.07221103423064514f,-0.04880256170772842f,-0.11646653762743187f,0f,0f,0f,1f],start_interpolation:0}
execute if entity @s[tag=aj.assembler.bone.bone5] run data modify entity @s {} merge value {transformation:[-0.0871557427476586f,-0.7553318296582325f,-0.6495211340759058f,0.328620887564969f,0f,0.6520021992890467f,-0.7582170745388462f,0.08026262418311786f,0.9961946980917454f,-0.06608297229538997f,-0.05682573595214378f,-0.12420185818814014f,0f,0f,0f,1f],start_interpolation:0}
execute if entity @s[tag=aj.assembler.bone.bone4] run data modify entity @s {} merge value {transformation:[-0.0871557427476586f,-0.7553318296582325f,-0.6495211340759058f,1.0608777203546524f,0f,0.6520021992890467f,-0.7582170745388462f,0.22976037614632006f,0.9961946980917454f,-0.06608297229538997f,-0.05682573595214378f,-0.24835390606902205f,0f,0f,0f,1f],start_interpolation:0}
execute if entity @s[tag=aj.assembler.bone.bone3] run data modify entity @s {} merge value {transformation:[-0.0871557427476586f,-0.2757002170813179f,-0.9572843186887676f,0.7998364483301302f,0f,0.9609409892689528f,-0.2767533471212342f,-0.234375f,0.9961946980917454f,-0.024120643526251748f,-0.08375152565640541f,-0.2084533182370956f,0f,0f,0f,1f],start_interpolation:0}
execute if entity @s[tag=aj.assembler.bone.octagon] run data modify entity @s {} merge value {transformation:[-0.0871557427476586f,0f,-0.9961946980917454f,0.859375f,0f,1f,0f,-0.40625f,0.9961946980917454f,0f,-0.0871557427476586f,-0.1718749999999999f,0f,0f,0f,1f],start_interpolation:0}
execute if entity @s[tag=aj.assembler.bone.bone10] run data modify entity @s {} merge value {transformation:[-0.8874709081674821f,-0.03212212059442676f,0.4597429243880775f,-0.2055337840752801f,0f,0.9975680101302975f,0.06969982184108348f,0.19363768788846442f,-0.4608637403358876f,0.06185656418841823f,-0.885312587909163f,-1.2275342222669958f,0f,0f,0f,1f],start_interpolation:0}
execute if entity @s[tag=aj.assembler.bone.bone9] run data modify entity @s {} merge value {transformation:[-0.8874709081674821f,0.3457970156027809f,0.3046634391530998f,-0.16409093778334705f,0f,0.6610705344947606f,-0.7503237624004798f,0.09673840537692141f,-0.4608637403358876f,-0.6658905108371957f,-0.586680867610828f,-1.3073394167675256f,0f,0f,0f,1f],start_interpolation:0}
execute if entity @s[tag=aj.assembler.bone.bone8] run data modify entity @s {} merge value {transformation:[-0.8874709081674821f,0.3457970156027809f,0.3046634391530998f,-0.8252058841582628f,0f,0.6610705344947606f,-0.7503237624004798f,0.25991193048183686f,-0.4608637403358876f,-0.6658905108371957f,-0.586680867610828f,-0.44109578134617045f,0f,0f,0f,1f],start_interpolation:0}
execute if entity @s[tag=aj.assembler.bone.bone7] run data modify entity @s {} merge value {transformation:[-0.8874709081674821f,0.42181927105659967f,0.18564452515941154f,-0.8583044821092407f,0f,0.40281868350959815f,-0.9152797977753001f,-0.234375f,-0.4608637403358876f,-0.8122841933589949f,-0.35748986288109263f,-0.24174392364596411f,0f,0f,0f,1f],start_interpolation:0}
execute if entity @s[tag=aj.assembler.bone.octagon2] run data modify entity @s {} merge value {transformation:[-0.8874709081674821f,0f,0.4608637403358876f,-0.8593749999999999f,0f,1f,0f,-0.40625f,-0.4608637403358876f,0f,-0.8874709081674821f,-0.171875f,0f,0f,0f,1f],start_interpolation:0}