execute if entity @s[tag=aj.assembler.bone.bone21] run data modify entity @s {} merge value {transformation:[0.831532622470488f,0.5554759200607648f,1.2246467991473532e-16f,-0.4154579592008203f,0.5554759200607648f,-0.831532622470488f,0f,0.15792669522940023f,1.0183337644950879e-16f,6.802618075058467e-17f,-1f,-1.5f,0f,0f,0f,1f],start_interpolation:0}
execute if entity @s[tag=aj.assembler.bone.arm4] run data modify entity @s {} merge value {transformation:[-0.5114525366769366f,-0.8593115283334252f,1.2246467991473532e-16f,-0.6856306214963814f,-0.8593115283334252f,0.5114525366769366f,0f,-0.29600102377174037f,-6.263487119572048e-17f,-1.0523531126439495e-16f,-1f,-1.5f,0f,0f,0f,1f],start_interpolation:0}
execute if entity @s[tag=aj.assembler.bone.small_arm_base4] run data modify entity @s {} merge value {transformation:[-0.6494480483301837f,-0.760405965600031f,1.2246467991473532e-16f,-0.6964994168095895f,-0.760405965600031f,0.6494480483301837f,0f,-0.30872674804837597f,-7.953444736000551e-17f,-9.312287318246305e-17f,-1f,-1.40625f,0f,0f,0f,1f],start_interpolation:0}
execute if entity @s[tag=aj.assembler.bone.bone25] run data modify entity @s {} merge value {transformation:[0.9510565162951536f,-0.30901699437494734f,1.2246467991473532e-16f,2.6414183864572156e-16f,-0.30901699437494734f,-0.9510565162951536f,0f,0.5000000000000001f,1.1647083184890926e-16f,-3.7843667304341493e-17f,-1f,-1.84375f,0f,0f,0f,1f],start_interpolation:0}
execute if entity @s[tag=aj.assembler.bone.bone16] run data modify entity @s {} merge value {transformation:[0.8984313596655362f,-0.4391139851673325f,1.2246467991473532e-16f,0.39419920889426063f,-0.4391139851673325f,-0.8984313596655362f,0f,0.15729640148462112f,1.1002610888680036e-16f,-5.377595363960122e-17f,-1f,-1.5f,0f,0f,0f,1f],start_interpolation:0}
execute if entity @s[tag=aj.assembler.bone.arm3] run data modify entity @s {} merge value {transformation:[0.7606341652571421f,-0.649180765768342f,1.2246467991473532e-16f,0.7960010237717404f,-0.649180765768342f,-0.7606341652571421f,0f,-0.1856306214963818f,9.315081958042782e-17f,-7.950171468662278e-17f,-1f,-1.5f,0f,0f,0f,1f],start_interpolation:0}
execute if entity @s[tag=aj.assembler.bone.small_arm_base3] run data modify entity @s {} merge value {transformation:[0.7604059656000309f,-0.6494480483301839f,1.2246467991473532e-16f,0.8087267480483761f,-0.6494480483301839f,-0.7604059656000309f,0f,-0.19649941680958982f,9.312287318246304e-17f,-7.953444736000553e-17f,-1f,-1.40625f,0f,0f,0f,1f],start_interpolation:0}
execute if entity @s[tag=aj.assembler.bone.bone15] run data modify entity @s {} merge value {transformation:[0.30901699437494756f,0.9510565162951535f,1.2246467991473532e-16f,2.6414183864572156e-16f,0.9510565162951535f,-0.30901699437494756f,0f,0.5000000000000001f,3.784366730434152e-17f,1.1647083184890926e-16f,-1f,-1.84375f,0f,0f,0f,1f],start_interpolation:0}
execute if entity @s[tag=aj.assembler.bone.bone26] run data modify entity @s {} merge value {transformation:[-0.7336694135352353f,0.6795065795434685f,1.2246467991473532e-16f,-0.31887249572422105f,0.6795065795434685f,0.7336694135352353f,0f,0.9589325640440574f,-8.984858989182417e-17f,8.321555576374752e-17f,-1f,-1.5f,0f,0f,0f,1f],start_interpolation:0}
execute if entity @s[tag=aj.assembler.bone.arm5] run data modify entity @s {} merge value {transformation:[-0.9032320069595953f,0.429152585456201f,1.2246467991473532e-16f,-0.7960010237717404f,0.429152585456201f,0.9032320069595953f,0f,1.1856306214963817f,-1.1061401862105083e-16f,5.2556034012474765e-17f,-1f,-1.5f,0f,0f,0f,1f],start_interpolation:0}
execute if entity @s[tag=aj.assembler.bone.small_arm_base5] run data modify entity @s {} merge value {transformation:[-0.7604059656000313f,0.6494480483301834f,1.2246467991473532e-16f,-0.8087267480483761f,0.6494480483301834f,0.7604059656000313f,0f,1.1964994168095897f,-9.312287318246307e-17f,7.953444736000549e-17f,-1f,-1.40625f,0f,0f,0f,1f],start_interpolation:0}
execute if entity @s[tag=aj.assembler.bone.bone20] run data modify entity @s {} merge value {transformation:[-0.3090169943749471f,-0.9510565162951538f,1.2246467991473532e-16f,2.6414183864572156e-16f,-0.9510565162951538f,0.3090169943749471f,0f,0.5000000000000001f,-3.784366730434147e-17f,-1.1647083184890926e-16f,-1f,-1.84375f,0f,0f,0f,1f],start_interpolation:0}
execute if entity @s[tag=aj.assembler.bone.bone11] run data modify entity @s {} merge value {transformation:[0.4724738548350732f,-0.8813446865428339f,1.2246467991473532e-16f,0.22933635542668873f,-0.8813446865428339f,-0.4724738548350732f,0f,1.0298447082701734f,5.786135940045838e-17f,-1.0793359493202091e-16f,-1f,-1.5f,0f,0f,0f,1f],start_interpolation:0}
execute if entity @s[tag=aj.assembler.bone.arm2] run data modify entity @s {} merge value {transformation:[-0.8637915393422831f,-0.5038493589960087f,1.2246467991473532e-16f,0.6856306214963819f,-0.5038493589960087f,0.8637915393422831f,0f,1.2960010237717405f,-1.0578395437860923e-16f,-6.17037504746908e-17f,-1f,-1.5f,0f,0f,0f,1f],start_interpolation:0}
execute if entity @s[tag=aj.assembler.bone.small_arm_base2] run data modify entity @s {} merge value {transformation:[-0.6494480483301837f,-0.760405965600031f,1.2246467991473532e-16f,0.6964994168095899f,-0.760405965600031f,0.6494480483301837f,0f,1.3087267480483762f,-7.953444736000551e-17f,-9.312287318246305e-17f,-1f,-1.40625f,0f,0f,0f,1f],start_interpolation:0}
execute if entity @s[tag=aj.assembler.bone.bone2] run data modify entity @s {} merge value {transformation:[0.9510565162951536f,-0.30901699437494734f,1.2246467991473532e-16f,2.6414183864572156e-16f,-0.30901699437494734f,-0.9510565162951536f,0f,0.5000000000000001f,1.1647083184890926e-16f,-3.7843667304341493e-17f,-1f,-1.84375f,0f,0f,0f,1f],start_interpolation:0}
execute if entity @s[tag=aj.assembler.bone.ring] run data modify entity @s {} merge value {transformation:[1.7111876648184978f,-0.5559985762503225f,2.2034447591230768e-16f,2.220446049250313e-16f,-0.5559985762503225f,-1.7111876648184978f,0f,0.5000000000000001f,2.0956004964604076e-16f,-6.80901876735443e-17f,-1.7992491881391441f,-1.5f,0f,0f,0f,1f],start_interpolation:0}
execute if entity @s[tag=aj.assembler.bone.wheel] run data modify entity @s {} merge value {transformation:[-1f,1.4997597826618576e-32f,-1.2246467991473532e-16f,1.0625000000000002f,0f,-1f,-1.2246467991473532e-16f,-0.6249999999999999f,-1.2246467991473532e-16f,-1.2246467991473532e-16f,1f,-1.6249999999999998f,0f,0f,0f,1f],start_interpolation:0}
execute if entity @s[tag=aj.assembler.bone.wheel2] run data modify entity @s {} merge value {transformation:[-1f,1.4997597826618576e-32f,-1.2246467991473532e-16f,1.0625000000000002f,0f,-1f,-1.2246467991473532e-16f,-0.6249999999999999f,-1.2246467991473532e-16f,-1.2246467991473532e-16f,1f,-1.3749999999999998f,0f,0f,0f,1f],start_interpolation:0}
execute if entity @s[tag=aj.assembler.bone.rails] run data modify entity @s {} merge value {transformation:[-1.137300743709099f,0f,1.3927917154512523e-16f,-0.43749999999999983f,0f,1.137300743709099f,0f,-0.9999999999999999f,-1.3927917154512523e-16f,0f,-1.137300743709099f,-1.0625f,0f,0f,0f,1f],start_interpolation:0}
execute if entity @s[tag=aj.assembler.bone.wheel3] run data modify entity @s {} merge value {transformation:[-1f,1.4997597826618576e-32f,-1.2246467991473532e-16f,-1.0625f,0f,-1f,-1.2246467991473532e-16f,-0.6249999999999999f,-1.2246467991473532e-16f,-1.2246467991473532e-16f,1f,-1.3750000000000002f,0f,0f,0f,1f],start_interpolation:0}
execute if entity @s[tag=aj.assembler.bone.wheel4] run data modify entity @s {} merge value {transformation:[-1f,1.4997597826618576e-32f,-1.2246467991473532e-16f,-1.0625f,0f,-1f,-1.2246467991473532e-16f,-0.6249999999999999f,-1.2246467991473532e-16f,-1.2246467991473532e-16f,1f,-1.6250000000000002f,0f,0f,0f,1f],start_interpolation:0}
execute if entity @s[tag=aj.assembler.bone.rails2] run data modify entity @s {} merge value {transformation:[-1.2038220325092979f,0f,1.4742567988555726e-16f,0.4375000000000001f,0f,1.2038220325092979f,0f,-0.9999999999999999f,-1.4742567988555726e-16f,0f,-1.2038220325092979f,-1.0625f,0f,0f,0f,1f],start_interpolation:0}
execute if entity @s[tag=aj.assembler.bone.bone6] run data modify entity @s {} merge value {transformation:[-0.26870809182629996f,-0.903353288614742f,-0.3342884941723236f,-0.056232575116490255f,0f,0.3470525102769851f,-0.9378456989880815f,0.4225669046870198f,0.963221657453293f,-0.25200672820258985f,-0.09325581780005601f,-0.32997066073699055f,0f,0f,0f,1f],start_interpolation:0}
execute if entity @s[tag=aj.assembler.bone.bone5] run data modify entity @s {} merge value {transformation:[-0.26870809182629996f,-0.5752435985146507f,-0.7725870590134062f,-0.16029610383430115f,0f,0.8020864699575853f,-0.5972079158140654f,0.34638378804193465f,0.963221657453293f,-0.16047459948195908f,-0.2155271248219956f,-0.3590010630479252f,0f,0f,0f,1f],start_interpolation:0}
execute if entity @s[tag=aj.assembler.bone.bone4] run data modify entity @s {} merge value {transformation:[-0.26870809182629996f,-0.5752435985146507f,-0.7725870590134062f,0.9309671966395965f,0f,0.8020864699575853f,-0.5972079158140654f,0.2842786355486191f,0.963221657453293f,-0.16047459948195908f,-0.2155271248219956f,-0.24923268488462774f,0f,0f,0f,1f],start_interpolation:0}
execute if entity @s[tag=aj.assembler.bone.bone3] run data modify entity @s {} merge value {transformation:[-0.26870809182629996f,-0.5239683304741405f,-0.8082407747987049f,0.807570774278741f,0f,0.8391015386174463f,-0.5439748228455379f,-0.234375f,0.963221657453293f,-0.14617043664837404f,-0.22547337329040634f,-0.21876993253455904f,0f,0f,0f,1f],start_interpolation:0}
execute if entity @s[tag=aj.assembler.bone.octagon] run data modify entity @s {} merge value {transformation:[-0.26870809182629996f,0f,-0.963221657453293f,0.859375f,0f,1f,0f,-0.40625f,0.963221657453293f,0f,-0.26870809182629996f,-0.1718749999999999f,0f,0f,0f,1f],start_interpolation:0}
execute if entity @s[tag=aj.assembler.bone.bone10] run data modify entity @s {} merge value {transformation:[-0.9706157535798158f,-0.0016660443230153352f,0.2406289325891636f,-0.5956100672655793f,0f,0.9999760319995932f,0.006923541460032101f,0.7774261471832518f,-0.24063470012175403f,0.006720098411670011f,-0.9705924898610391f,-0.8461933708411469f,0f,0f,0f,1f],start_interpolation:0}
execute if entity @s[tag=aj.assembler.bone.bone9] run data modify entity @s {} merge value {transformation:[-0.9706157535798158f,0.04816134001344757f,0.2357658673998329f,-0.564288629983849f,0f,0.9797667056353151f,-0.20014295523080977f,0.754322803956256f,-0.24063470012175403f,-0.1942619053150439f,-0.9509769993226349f,-0.9725304304382353f,0f,0f,0f,1f],start_interpolation:0}
execute if entity @s[tag=aj.assembler.bone.bone8] run data modify entity @s {} merge value {transformation:[-0.9706157535798158f,0.04816134001344757f,0.2357658673998329f,-0.95771644357837f,0f,0.9797667056353151f,-0.20014295523080977f,0.2877319794630626f,-0.24063470012175403f,-0.1942619053150439f,-0.9509769993226349f,-0.16480305914489626f,0f,0f,0f,1f],start_interpolation:0}
execute if entity @s[tag=aj.assembler.bone.bone7] run data modify entity @s {} merge value {transformation:[-0.9706157535798158f,0.13766822799559575f,0.1973639224965879f,-0.8746670735417595f,0f,0.8201806406005767f,-0.5721046379675903f,-0.234375f,-0.24063470012175403f,-0.5552937743074203f,-0.7960802505481048f,-0.24005831897754332f,0f,0f,0f,1f],start_interpolation:0}
execute if entity @s[tag=aj.assembler.bone.octagon2] run data modify entity @s {} merge value {transformation:[-0.9706157535798158f,0f,0.24063470012175403f,-0.8593749999999999f,0f,1f,0f,-0.40625f,-0.24063470012175403f,0f,-0.9706157535798158f,-0.171875f,0f,0f,0f,1f],start_interpolation:0}