execute if entity @s[tag=aj.assembler.bone.bone21] run data modify entity @s {} merge value {transformation:[-0.9731138784728767f,0.23032450916799058f,1.2246467991473532e-16f,0.6093407703297962f,0.23032450916799058f,0.9731138784728767f,0f,1.1337615089380408f,-1.191720796477675e-16f,2.820661729177651e-17f,-1f,-1.2607421875f,0f,0f,0f,1f],start_interpolation:0}
execute if entity @s[tag=aj.assembler.bone.arm4] run data modify entity @s {} merge value {transformation:[-0.6811531780314829f,0.732140934559468f,1.2246467991473532e-16f,0.24952445436127924f,0.732140934559468f,0.6811531780314829f,0f,1.520511893931119f,-8.341720592053028e-17f,8.966140520330045e-17f,-1f,-1.2607421875f,0f,0f,0f,1f],start_interpolation:0}
execute if entity @s[tag=aj.assembler.bone.small_arm_base4] run data modify entity @s {} merge value {transformation:[0.2334453638559061f,0.9723699203976767f,1.2246467991473532e-16f,0.25343126397151805f,0.9723699203976767f,-0.2334453638559061f,0f,1.5367849271024339f,2.8588811762192463e-17f,1.1908097106021814e-16f,-1f,-1.1669921875f,0f,0f,0f,1f],start_interpolation:0}
execute if entity @s[tag=aj.assembler.bone.bone25] run data modify entity @s {} merge value {transformation:[-0.9876883405951379f,-0.15643446504023023f,1.2246467991473532e-16f,2.6414183864572156e-16f,-0.15643446504023023f,0.9876883405951379f,0f,0.5000000000000001f,-1.2095693648649964e-16f,-1.915769668878465e-17f,-1f,-1.6044921875f,0f,0f,0f,1f],start_interpolation:0}
execute if entity @s[tag=aj.assembler.bone.bone16] run data modify entity @s {} merge value {transformation:[-0.9858216701580027f,-0.1677964083253468f,1.2246467991473532e-16f,-0.6579377709740175f,-0.1677964083253468f,0.9858216701580027f,0f,1.1336906252969028f,-1.2072833528890958e-16f,-2.0549133436405817e-17f,-1f,-1.2607421875f,0f,0f,0f,1f],start_interpolation:0}
execute if entity @s[tag=aj.assembler.bone.arm3] run data modify entity @s {} merge value {transformation:[-0.6863738667865646f,-0.7272488673022871f,1.2246467991473532e-16f,-1.0205118939311189f,-0.7272488673022871f,0.6863738667865646f,0f,0.7495244543612793f,-8.405655589785582e-17f,-8.90622997525284e-17f,-1f,-1.2607421875f,0f,0f,0f,1f],start_interpolation:0}
execute if entity @s[tag=aj.assembler.bone.small_arm_base3] run data modify entity @s {} merge value {transformation:[-0.9723699203976766f,0.23344536385590633f,1.2246467991473532e-16f,-1.0367849271024336f,0.23344536385590633f,0.9723699203976766f,0f,0.7534312639715182f,-1.1908097106021811e-16f,2.858881176219249e-17f,-1f,-1.1669921875f,0f,0f,0f,1f],start_interpolation:0}
execute if entity @s[tag=aj.assembler.bone.bone15] run data modify entity @s {} merge value {transformation:[0.15643446504023f,-0.9876883405951379f,1.2246467991473532e-16f,2.6414183864572156e-16f,-0.9876883405951379f,-0.15643446504023f,0f,0.5000000000000001f,1.915769668878462e-17f,-1.2095693648649964e-16f,-1f,-1.6044921875f,0f,0f,0f,1f],start_interpolation:0}
execute if entity @s[tag=aj.assembler.bone.bone26] run data modify entity @s {} merge value {transformation:[-0.4229777297312962f,0.9061400775549876f,1.2246467991473532e-16f,0.5203674083291209f,0.9061400775549876f,0.4229777297312962f,0f,0.08047808962433767f,-5.179983228260462e-17f,1.1097015455568497e-16f,-1f,-1.2607421875f,0f,0f,0f,1f],start_interpolation:0}
execute if entity @s[tag=aj.assembler.bone.arm5] run data modify entity @s {} merge value {transformation:[0.9468025509786242f,0.3218150547447559f,1.2246467991473532e-16f,1.0205118939311193f,0.3218150547447559f,-0.9468025509786242f,0f,0.2504755456387213f,1.1594987134805207e-16f,3.941097767105956e-17f,-1f,-1.2607421875f,0f,0f,0f,1f],start_interpolation:0}
execute if entity @s[tag=aj.assembler.bone.small_arm_base5] run data modify entity @s {} merge value {transformation:[0.9723699203976768f,-0.23344536385590592f,1.2246467991473532e-16f,1.036784927102434f,-0.23344536385590592f,-0.9723699203976768f,0f,0.2465687360284825f,1.1908097106021814e-16f,-2.858881176219244e-17f,-1f,-1.1669921875f,0f,0f,0f,1f],start_interpolation:0}
execute if entity @s[tag=aj.assembler.bone.bone20] run data modify entity @s {} merge value {transformation:[-0.15643446504023045f,0.9876883405951379f,1.2246467991473532e-16f,2.6414183864572156e-16f,0.9876883405951379f,0.15643446504023045f,0f,0.5000000000000001f,-1.9157696688784676e-17f,1.2095693648649964e-16f,-1f,-1.6044921875f,0f,0f,0f,1f],start_interpolation:0}
execute if entity @s[tag=aj.assembler.bone.bone11] run data modify entity @s {} merge value {transformation:[-0.3320311628812447f,0.9432684171940291f,1.2246467991473532e-16f,-0.5372277455330292f,0.9432684171940291f,0.3320311628812447f,0f,-0.07748767588159422f,-4.0662090083968965e-17f,1.155170647853458e-16f,-1f,-1.2607421875f,0f,0f,0f,1f],start_interpolation:0}
execute if entity @s[tag=aj.assembler.bone.arm2] run data modify entity @s {} merge value {transformation:[-0.5446390350150265f,0.8386705679454247f,1.2246467991473532e-16f,-0.24952445436127876f,0.8386705679454247f,0.5446390350150265f,0f,-0.520511893931119f,-6.669904509218555e-17f,1.0270752265734573e-16f,-1f,-1.2607421875f,0f,0f,0f,1f],start_interpolation:0}
execute if entity @s[tag=aj.assembler.bone.small_arm_base2] run data modify entity @s {} merge value {transformation:[0.2334453638559061f,0.9723699203976767f,1.2246467991473532e-16f,-0.2534312639715176f,0.9723699203976767f,-0.2334453638559061f,0f,-0.5367849271024338f,2.8588811762192463e-17f,1.1908097106021814e-16f,-1f,-1.1669921875f,0f,0f,0f,1f],start_interpolation:0}
execute if entity @s[tag=aj.assembler.bone.bone2] run data modify entity @s {} merge value {transformation:[-0.9876883405951379f,-0.15643446504023023f,1.2246467991473532e-16f,2.6414183864572156e-16f,-0.15643446504023023f,0.9876883405951379f,0f,0.5000000000000001f,-1.2095693648649964e-16f,-1.915769668878465e-17f,-1f,-1.6044921875f,0f,0f,0f,1f],start_interpolation:0}
execute if entity @s[tag=aj.assembler.bone.ring] run data modify entity @s {} merge value {transformation:[-1.7770974449503003f,-0.28146458422061554f,2.2034447591230768e-16f,2.220446049250313e-16f,-0.28146458422061554f,1.7770974449503003f,0f,0.5000000000000001f,-2.176316697731325e-16f,-3.446947021391175e-17f,-1.7992491881391441f,-1.2607421875f,0f,0f,0f,1f],start_interpolation:0}
execute if entity @s[tag=aj.assembler.bone.wheel] run data modify entity @s {} merge value {transformation:[-1f,1.2246467991473532e-16f,2.719262146893782e-32f,1.0625000000000002f,0f,2.220446049250313e-16f,-1f,-0.6249999999999999f,-1.2246467991473532e-16f,-1f,-2.220446049250313e-16f,-1.3857421874999998f,0f,0f,0f,1f],start_interpolation:0}
execute if entity @s[tag=aj.assembler.bone.wheel2] run data modify entity @s {} merge value {transformation:[-1f,1.2246467991473532e-16f,2.719262146893782e-32f,1.0625000000000002f,0f,2.220446049250313e-16f,-1f,-0.6249999999999999f,-1.2246467991473532e-16f,-1f,-2.220446049250313e-16f,-1.1357421874999998f,0f,0f,0f,1f],start_interpolation:0}
execute if entity @s[tag=aj.assembler.bone.rails] run data modify entity @s {} merge value {transformation:[-1.137300743709099f,0f,1.3927917154512523e-16f,-0.43749999999999983f,0f,1.137300743709099f,0f,-0.9999999999999999f,-1.3927917154512523e-16f,0f,-1.137300743709099f,-0.8232421875f,0f,0f,0f,1f],start_interpolation:0}
execute if entity @s[tag=aj.assembler.bone.wheel3] run data modify entity @s {} merge value {transformation:[-1f,1.2246467991473532e-16f,2.719262146893782e-32f,-1.0625f,0f,2.220446049250313e-16f,-1f,-0.6249999999999999f,-1.2246467991473532e-16f,-1f,-2.220446049250313e-16f,-1.1357421875f,0f,0f,0f,1f],start_interpolation:0}
execute if entity @s[tag=aj.assembler.bone.wheel4] run data modify entity @s {} merge value {transformation:[-1f,1.2246467991473532e-16f,2.719262146893782e-32f,-1.0625f,0f,2.220446049250313e-16f,-1f,-0.6249999999999999f,-1.2246467991473532e-16f,-1f,-2.220446049250313e-16f,-1.3857421875f,0f,0f,0f,1f],start_interpolation:0}
execute if entity @s[tag=aj.assembler.bone.rails2] run data modify entity @s {} merge value {transformation:[-1.2038220325092979f,0f,1.4742567988555726e-16f,0.4375000000000001f,0f,1.2038220325092979f,0f,-0.9999999999999999f,-1.4742567988555726e-16f,0f,-1.2038220325092979f,-0.8232421874999999f,0f,0f,0f,1f],start_interpolation:0}
execute if entity @s[tag=aj.assembler.bone.bone6] run data modify entity @s {} merge value {transformation:[-0.7408144030214663f,0.034422835032899585f,-0.6708271675359058f,0.2686537434829749f,0f,0.9986860302748803f,0.051246589484576166f,0.6774836403324386f,0.6717097738428022f,0.03796421159590249f,-0.7398409953239635f,-0.683799685912377f,0f,0f,0f,1f],start_interpolation:0}
execute if entity @s[tag=aj.assembler.bone.bone5] run data modify entity @s {} merge value {transformation:[-0.7408144030214663f,-0.23053678746823686f,-0.6309095100723823f,0.1844904045523723f,0f,0.9392590887326164f,-0.343208922135155f,0.6353354876231607f,0.6717097738428022f,-0.25425411276319576f,-0.6958166611019397f,-0.7766216398486303f,0f,0f,0f,1f],start_interpolation:0}
execute if entity @s[tag=aj.assembler.bone.bone4] run data modify entity @s {} merge value {transformation:[-0.7408144030214663f,-0.23053678746823686f,-0.6309095100723823f,1.042655173210926f,0f,0.9392590887326164f,-0.343208922135155f,0.2425358380068337f,0.6717097738428022f,-0.25425411276319576f,-0.6958166611019397f,-0.10930840689760676f,0f,0f,0f,1f],start_interpolation:0}
execute if entity @s[tag=aj.assembler.bone.bone3] run data modify entity @s {} merge value {transformation:[-0.7408144030214663f,-0.21937998313055043f,-0.6348751399114536f,0.8405435892292457f,0f,0.9451628733632678f,-0.32659936132162215f,-0.234375f,0.6717097738428022f,-0.24194951088466968f,-0.700190269788663f,-0.2391668306214291f,0f,0f,0f,1f],start_interpolation:0}
execute if entity @s[tag=aj.assembler.bone.octagon] run data modify entity @s {} merge value {transformation:[-0.7408144030214663f,0f,-0.6717097738428022f,0.859375f,0f,1f,0f,-0.40625f,0.6717097738428022f,0f,-0.7408144030214663f,-0.1718749999999999f,0f,0f,0f,1f],start_interpolation:0}
execute if entity @s[tag=aj.assembler.bone.bone10] run data modify entity @s {} merge value {transformation:[-0.9398253089492654f,0.07056156920344271f,0.33428947576907886f,-0.520287909672666f,0f,0.9784405857250511f,-0.2065284973218452f,0.03721276197609168f,-0.3416553653294761f,-0.1941007088023306f,-0.9195632257675463f,-0.8302361798710661f,0f,0f,0f,1f],start_interpolation:0}
execute if entity @s[tag=aj.assembler.bone.bone9] run data modify entity @s {} merge value {transformation:[-0.9398253089492654f,0.30811090453371437f,0.14763488465072927f,-0.4997254229743168f,0f,0.4321163945672483f,-0.9018178427743612f,-0.08048868199395776f,-0.3416553653294761f,-0.847551232701374f,-0.40611392402620694f,-0.8867994520310247f,0f,0f,0f,1f],start_interpolation:0}
execute if entity @s[tag=aj.assembler.bone.bone8] run data modify entity @s {} merge value {transformation:[-0.9398253089492654f,0.30811090453371437f,0.14763488465072927f,-0.9415145540615283f,0f,0.4321163945672483f,-0.9018178427743612f,0.29403998011103516f,-0.3416553653294761f,-0.847551232701374f,-0.40611392402620694f,-0.22032489983168008f,0f,0f,0f,1f],start_interpolation:0}
execute if entity @s[tag=aj.assembler.bone.bone7] run data modify entity @s {} merge value {transformation:[-0.9398253089492654f,0.2202018951930354f,0.26122693967470745f,-0.8673910805715722f,0f,0.7645919431787429f,-0.6445146704506842f,-0.234375f,-0.3416553653294761f,-0.6057311992786483f,-0.7185828592180813f,-0.2412908119758752f,0f,0f,0f,1f],start_interpolation:0}
execute if entity @s[tag=aj.assembler.bone.octagon2] run data modify entity @s {} merge value {transformation:[-0.9398253089492654f,0f,0.3416553653294761f,-0.8593749999999999f,0f,1f,0f,-0.40625f,-0.3416553653294761f,0f,-0.9398253089492654f,-0.171875f,0f,0f,0f,1f],start_interpolation:0}