execute if entity @s[tag=aj.assembler.bone.bone21] run data modify entity @s {} merge value {transformation:[0.9247707530020688f,0.380524709305436f,1.2246467991473532e-16f,0.4257729930462153f,0.380524709305436f,-0.9247707530020688f,0f,0.14554722526351493f,1.1325175426090712e-16f,4.660083672473792e-17f,-1f,-1.6909687499999997f,0f,0f,0f,1f],start_interpolation:0}
execute if entity @s[tag=aj.assembler.bone.arm4] run data modify entity @s {} merge value {transformation:[0.38143617329254764f,-0.9243951783214458f,1.2246467991473532e-16f,0.6272650554452983f,-0.9243951783214458f,-0.38143617329254764f,0f,-0.3427606594973332f,4.6712458870173357e-17f,-1.1320575962786053e-16f,-1f,-1.6909687499999997f,0f,0f,0f,1f],start_interpolation:0}
execute if entity @s[tag=aj.assembler.bone.small_arm_base4] run data modify entity @s {} merge value {transformation:[0.6004202253258842f,-0.7996846584870905f,1.2246467991473532e-16f,0.6373133488349791f,-0.7996846584870905f,-0.6004202253258842f,0f,-0.35614372976839814f,7.353027070886766e-17f,-9.793312573434596e-17f,-1f,-1.5972187499999997f,0f,0f,0f,1f],start_interpolation:0}
execute if entity @s[tag=aj.assembler.bone.bone25] run data modify entity @s {} merge value {transformation:[0.5090414157503711f,0.8607420270039436f,1.2246467991473532e-16f,2.6414183864572156e-16f,0.8607420270039436f,-0.5090414157503711f,0f,0.5000000000000001f,6.23395940432129e-17f,1.0541049682619842e-16f,-1f,-2.0347187499999997f,0f,0f,0f,1f],start_interpolation:0}
execute if entity @s[tag=aj.assembler.bone.bone16] run data modify entity @s {} merge value {transformation:[0.6996159327392939f,0.7145191016742154f,1.2246467991473532e-16f,0.654357755184319f,0.7145191016742154f,-0.6996159327392939f,0f,0.6337592427380203f,8.567824126616662e-17f,8.7503353079497e-17f,-1f,-1.6909687499999997f,0f,0f,0f,1f],start_interpolation:0}
execute if entity @s[tag=aj.assembler.bone.arm3] run data modify entity @s {} merge value {transformation:[0.3566576370438966f,0.9342351577297143f,1.2246467991473532e-16f,0.8427606594973337f,0.9342351577297143f,-0.3566576370438966f,0f,1.127265055445298f,4.3677963359726646e-17f,1.1441080955646172e-16f,-1f,-1.6909687499999997f,0f,0f,0f,1f],start_interpolation:0}
execute if entity @s[tag=aj.assembler.bone.small_arm_base3] run data modify entity @s {} merge value {transformation:[0.7996846584870907f,0.600420225325884f,1.2246467991473532e-16f,0.8561437297683987f,0.600420225325884f,-0.7996846584870907f,0f,1.137313348834979f,9.793312573434598e-17f,7.353027070886763e-17f,-1f,-1.5972187499999997f,0f,0f,0f,1f],start_interpolation:0}
execute if entity @s[tag=aj.assembler.bone.bone15] run data modify entity @s {} merge value {transformation:[-0.8607420270039435f,0.5090414157503713f,1.2246467991473532e-16f,2.6414183864572156e-16f,0.5090414157503713f,0.8607420270039435f,0f,0.5000000000000001f,-1.0541049682619841e-16f,6.233959404321292e-17f,-1f,-2.0347187499999997f,0f,0f,0f,1f],start_interpolation:0}
execute if entity @s[tag=aj.assembler.bone.bone26] run data modify entity @s {} merge value {transformation:[0.5935399837388493f,-0.804804502785171f,1.2246467991473532e-16f,-0.4217665174813812f,-0.804804502785171f,-0.5935399837388493f,0f,0.1918079360749845f,7.268768412517538e-17f,-9.856012582752368e-17f,-1f,-1.6909687499999997f,0f,0f,0f,1f],start_interpolation:0}
execute if entity @s[tag=aj.assembler.bone.arm5] run data modify entity @s {} merge value {transformation:[-0.7969663548884035f,-0.6040236991839735f,1.2246467991473532e-16f,-0.8427606594973329f,-0.6040236991839735f,0.7969663548884035f,0f,-0.12726505544529823f,-9.760022955422169e-17f,-7.397156898147968e-17f,-1f,-1.6909687499999997f,0f,0f,0f,1f],start_interpolation:0}
execute if entity @s[tag=aj.assembler.bone.small_arm_base5] run data modify entity @s {} merge value {transformation:[-0.7996846584870902f,-0.6004202253258843f,1.2246467991473532e-16f,-0.8561437297683979f,-0.6004202253258843f,0.7996846584870902f,0f,-0.13731334883497903f,-9.793312573434593e-17f,-7.353027070886768e-17f,-1f,-1.5972187499999997f,0f,0f,0f,1f],start_interpolation:0}
execute if entity @s[tag=aj.assembler.bone.bone20] run data modify entity @s {} merge value {transformation:[0.8607420270039438f,-0.5090414157503709f,1.2246467991473532e-16f,2.6414183864572156e-16f,-0.5090414157503709f,-0.8607420270039438f,0f,0.5000000000000001f,1.0541049682619843e-16f,-6.233959404321287e-17f,-1f,-2.0347187499999997f,0f,0f,0f,1f],start_interpolation:0}
execute if entity @s[tag=aj.assembler.bone.bone11] run data modify entity @s {} merge value {transformation:[0.9999629817487634f,-0.008604367037885918f,1.2246467991473532e-16f,-0.16837298694056763f,-0.008604367037885918f,-0.9999629817487634f,0f,1.0811087705439002f,1.224601464864466e-16f,-1.0537310551636144e-18f,-1f,-1.6909687499999997f,0f,0f,0f,1f],start_interpolation:0}
execute if entity @s[tag=aj.assembler.bone.arm2] run data modify entity @s {} merge value {transformation:[0.8687093301872049f,-0.4953222180012705f,1.2246467991473532e-16f,-0.6272650554452979f,-0.4953222180012705f,-0.8687093301872049f,0f,1.3427606594973336f,1.0638621006032013e-16f,-6.065947688218235e-17f,-1f,-1.6909687499999997f,0f,0f,0f,1f],start_interpolation:0}
execute if entity @s[tag=aj.assembler.bone.small_arm_base2] run data modify entity @s {} merge value {transformation:[0.6004202253258842f,-0.7996846584870905f,1.2246467991473532e-16f,-0.6373133488349787f,-0.7996846584870905f,-0.6004202253258842f,0f,1.3561437297683985f,7.353027070886766e-17f,-9.793312573434596e-17f,-1f,-1.5972187499999997f,0f,0f,0f,1f],start_interpolation:0}
execute if entity @s[tag=aj.assembler.bone.bone2] run data modify entity @s {} merge value {transformation:[0.5090414157503711f,0.8607420270039436f,1.2246467991473532e-16f,2.6414183864572156e-16f,0.8607420270039436f,-0.5090414157503711f,0f,0.5000000000000001f,6.23395940432129e-17f,1.0541049682619842e-16f,-1f,-2.0347187499999997f,0f,0f,0f,1f],start_interpolation:0}
execute if entity @s[tag=aj.assembler.bone.ring] run data modify entity @s {} merge value {transformation:[0.9158923540180557f,1.5486893932840868f,2.2034447591230768e-16f,2.220446049250313e-16f,1.5486893932840868f,-0.9158923540180557f,0f,0.5000000000000001f,1.1216446397117463e-16f,1.8965975083588133e-16f,-1.7992491881391441f,-1.69096875f,0f,0f,0f,1f],start_interpolation:0}
execute if entity @s[tag=aj.assembler.bone.wheel] run data modify entity @s {} merge value {transformation:[-1f,-9.907600726170914e-17f,-7.19829327805997e-17f,1.0625000000000002f,0f,-0.5877852522924734f,0.8090169943749472f,-0.6249999999999999f,-1.2246467991473532e-16f,0.8090169943749472f,0.5877852522924734f,-1.8159687499999997f,0f,0f,0f,1f],start_interpolation:0}
execute if entity @s[tag=aj.assembler.bone.wheel2] run data modify entity @s {} merge value {transformation:[-1f,-9.907600726170914e-17f,-7.19829327805997e-17f,1.0625000000000002f,0f,-0.5877852522924734f,0.8090169943749472f,-0.6249999999999999f,-1.2246467991473532e-16f,0.8090169943749472f,0.5877852522924734f,-1.5659687499999997f,0f,0f,0f,1f],start_interpolation:0}
execute if entity @s[tag=aj.assembler.bone.rails] run data modify entity @s {} merge value {transformation:[-1.137300743709099f,0f,1.3927917154512523e-16f,-0.43749999999999983f,0f,1.137300743709099f,0f,-0.9999999999999999f,-1.3927917154512523e-16f,0f,-1.137300743709099f,-1.25346875f,0f,0f,0f,1f],start_interpolation:0}
execute if entity @s[tag=aj.assembler.bone.wheel3] run data modify entity @s {} merge value {transformation:[-1f,-9.907600726170914e-17f,-7.19829327805997e-17f,-1.0625f,0f,-0.5877852522924734f,0.8090169943749472f,-0.6249999999999999f,-1.2246467991473532e-16f,0.8090169943749472f,0.5877852522924734f,-1.56596875f,0f,0f,0f,1f],start_interpolation:0}
execute if entity @s[tag=aj.assembler.bone.wheel4] run data modify entity @s {} merge value {transformation:[-1f,-9.907600726170914e-17f,-7.19829327805997e-17f,-1.0625f,0f,-0.5877852522924734f,0.8090169943749472f,-0.6249999999999999f,-1.2246467991473532e-16f,0.8090169943749472f,0.5877852522924734f,-1.81596875f,0f,0f,0f,1f],start_interpolation:0}
execute if entity @s[tag=aj.assembler.bone.rails2] run data modify entity @s {} merge value {transformation:[-1.2038220325092979f,0f,1.4742567988555726e-16f,0.4375000000000001f,0f,1.2038220325092979f,0f,-0.9999999999999999f,-1.4742567988555726e-16f,0f,-1.2038220325092979f,-1.2534687499999997f,0f,0f,0f,1f],start_interpolation:0}
execute if entity @s[tag=aj.assembler.bone.bone6] run data modify entity @s {} merge value {transformation:[-0.9608093987773478f,0.05564905685308741f,-0.27156671683487493f,0.44893749715569553f,0f,0.9796431110468801f,0.20074704226560885f,0.7135807386701036f,0.27720984690503203f,0.19287964498555032f,-0.9412503085413235f,-1.2562600379041335f,0f,0f,0f,1f],start_interpolation:0}
execute if entity @s[tag=aj.assembler.bone.bone5] run data modify entity @s {} merge value {transformation:[-0.9608093987773478f,-0.1060076584305618f,-0.25613995310216764f,0.41472603150112064f,0f,0.9239929820743971f,-0.3824094259785744f,0.6662000208014695f,0.27720984690503203f,-0.3674225706612649f,-0.8877811415813902f,-1.3748369864283503f,0f,0f,0f,1f],start_interpolation:0}
execute if entity @s[tag=aj.assembler.bone.bone4] run data modify entity @s {} merge value {transformation:[-0.9608093987773478f,-0.1060076584305618f,-0.25613995310216764f,0.914000184715521f,0f,0.9239929820743971f,-0.3824094259785744f,0.2919090831232076f,0.27720984690503203f,-0.3674225706612649f,-0.8877811415813902f,-0.3207355458142894f,0f,0f,0f,1f],start_interpolation:0}
execute if entity @s[tag=aj.assembler.bone.bone3] run data modify entity @s {} merge value {transformation:[-0.9608093987773478f,-0.2186882814659072f,-0.17035473216379823f,0.8720746782802277f,0f,0.6145334809198146f,-0.7888907407420724f,-0.234375f,0.27720984690503203f,-0.7579736383134072f,-0.5904495443311178f,-0.24058839513936636f,0f,0f,0f,1f],start_interpolation:0}
execute if entity @s[tag=aj.assembler.bone.octagon] run data modify entity @s {} merge value {transformation:[-0.9608093987773478f,0f,-0.27720984690503203f,0.859375f,0f,1f,0f,-0.40625f,0.27720984690503203f,0f,-0.9608093987773478f,-0.1718749999999999f,0f,0f,0f,1f],start_interpolation:0}
execute if entity @s[tag=aj.assembler.bone.bone10] run data modify entity @s {} merge value {transformation:[-0.6063564251518799f,0.6214294103429452f,0.49614249327975546f,-0.49242921945041535f,0f,0.6239271494375481f,-0.781482509205891f,0.3971358903215759f,-0.7951929864360178f,-0.4738569406008051f,-0.37832223588815445f,-0.33378529588384287f,0f,0f,0f,1f],start_interpolation:0}
execute if entity @s[tag=aj.assembler.bone.bone9] run data modify entity @s {} merge value {transformation:[-0.6063564251518799f,0.36584367244260474f,0.7060384500937189f,-0.39787534769126354f,0f,0.8878831455218421f,-0.4600690381869219f,0.3393689711345576f,-0.7951929864360178f,-0.2789658173180857f,-0.5383736500712305f,-0.40588521205779127f,0f,0f,0f,1f],start_interpolation:0}
execute if entity @s[tag=aj.assembler.bone.bone8] run data modify entity @s {} merge value {transformation:[-0.6063564251518799f,0.36584367244260474f,0.7060384500937189f,-1.1065476560198682f,0f,0.8878831455218421f,-0.4600690381869219f,0.2016738818931348f,-0.7951929864360178f,-0.2789658173180857f,-0.5383736500712305f,-0.10129499105016188f,0f,0f,0f,1f],start_interpolation:0}
execute if entity @s[tag=aj.assembler.bone.bone7] run data modify entity @s {} merge value {transformation:[-0.6063564251518799f,0.14228894641407674f,0.7823590872517585f,-0.828624076633745f,0f,0.9838606484172105f,-0.1789363699644822f,-0.234375f,-0.7951929864360178f,-0.10849921762131765f,-0.5965702256218703f,-0.23462205739811803f,0f,0f,0f,1f],start_interpolation:0}
execute if entity @s[tag=aj.assembler.bone.octagon2] run data modify entity @s {} merge value {transformation:[-0.6063564251518799f,0f,0.7951929864360178f,-0.8593749999999999f,0f,1f,0f,-0.40625f,-0.7951929864360178f,0f,-0.6063564251518799f,-0.171875f,0f,0f,0f,1f],start_interpolation:0}