execute if entity @s[tag=aj.assembler.bone.bone21] run data modify entity @s {} merge value {transformation:[0.13620188827289126f,0.9906811018844054f,1.2246467991473532e-16f,0.7639652507704894f,0.9906811018844054f,-0.13620188827289126f,0f,0.9093117055915432f,1.6679920651122164e-17f,1.2132344403985095e-16f,-1f,-1.2607421875f,0f,0f,0f,1f],start_interpolation:0}
execute if entity @s[tag=aj.assembler.bone.arm4] run data modify entity @s {} merge value {transformation:[-0.3999991445514488f,0.9165155123390492f,1.2246467991473532e-16f,0.5526673764817662f,0.9165155123390492f,0.3999991445514488f,0f,1.3934571897701284f,-4.898576720366111e-17f,1.1224077885549127e-16f,-1f,-1.2607421875f,0f,0f,0f,1f],start_interpolation:0}
execute if entity @s[tag=aj.assembler.bone.small_arm_base4] run data modify entity @s {} merge value {transformation:[0.522498564715949f,0.8526401643540924f,1.2246467991473532e-16f,0.5614116170194718f,0.8526401643540924f,-0.522498564715949f,0f,1.4077264934442435f,6.39876194838473e-17f,1.0441830481007122e-16f,-1f,-1.1669921875f,0f,0f,0f,1f],start_interpolation:0}
execute if entity @s[tag=aj.assembler.bone.bone25] run data modify entity @s {} merge value {transformation:[-0.9876883405951378f,0.15643446504023087f,1.2246467991473532e-16f,2.6414183864572156e-16f,0.15643446504023087f,0.9876883405951378f,0f,0.5000000000000001f,-1.2095693648649962e-16f,1.9157696688784726e-17f,-1f,-1.6044921875f,0f,0f,0f,1f],start_interpolation:0}
execute if entity @s[tag=aj.assembler.bone.bone16] run data modify entity @s {} merge value {transformation:[-0.5492280935322148f,-0.8356724844548666f,1.2246467991473532e-16f,-0.3661522060971989f,-0.8356724844548666f,0.5492280935322148f,0f,1.0841807977993814f,-6.7261042674603e-17f,-1.0234036332231683e-16f,-1f,-1.2607421875f,0f,0f,0f,1f],start_interpolation:0}
execute if entity @s[tag=aj.assembler.bone.arm3] run data modify entity @s {} merge value {transformation:[-0.9982189508384665f,-0.05965673630824636f,1.2246467991473532e-16f,-0.8934571897701283f,-0.05965673630824636f,0.9982189508384665f,0f,1.0526673764817664f,-1.222465642992557e-16f,-7.305843116747151e-18f,-1f,-1.2607421875f,0f,0f,0f,1f],start_interpolation:0}
execute if entity @s[tag=aj.assembler.bone.small_arm_base3] run data modify entity @s {} merge value {transformation:[-0.8526401643540923f,0.5224985647159491f,1.2246467991473532e-16f,-0.9077264934442433f,0.5224985647159491f,0.8526401643540923f,0f,1.061411617019472f,-1.0441830481007121e-16f,6.398761948384734e-17f,-1f,-1.1669921875f,0f,0f,0f,1f],start_interpolation:0}
execute if entity @s[tag=aj.assembler.bone.bone15] run data modify entity @s {} merge value {transformation:[-0.1564344650402311f,-0.9876883405951378f,1.2246467991473532e-16f,2.6414183864572156e-16f,-0.9876883405951378f,0.1564344650402311f,0f,0.5000000000000001f,-1.9157696688784753e-17f,-1.2095693648649962e-16f,-1f,-1.6044921875f,0f,0f,0f,1f],start_interpolation:0}
execute if entity @s[tag=aj.assembler.bone.bone26] run data modify entity @s {} merge value {transformation:[0.8457278217039734f,0.5336145159156118f,1.2246467991473532e-16f,0.36521640284996504f,0.5336145159156118f,-0.8457278217039734f,0f,-0.05036247661062958f,1.0357178697996343e-16f,6.534893088946181e-17f,-1f,-1.2607421875f,0f,0f,0f,1f],start_interpolation:0}
execute if entity @s[tag=aj.assembler.bone.arm5] run data modify entity @s {} merge value {transformation:[0.9999904807207347f,-0.004363309284746375f,1.2246467991473532e-16f,0.8934571897701289f,-0.004363309284746375f,-0.9999904807207347f,0f,-0.052667376481765615f,1.2246351413924705e-16f,-5.343512749254581e-19f,-1f,-1.2607421875f,0f,0f,0f,1f],start_interpolation:0}
execute if entity @s[tag=aj.assembler.bone.small_arm_base5] run data modify entity @s {} merge value {transformation:[0.8526401643540925f,-0.5224985647159488f,1.2246467991473532e-16f,0.9077264934442438f,-0.5224985647159488f,-0.8526401643540925f,0f,-0.06141161701947129f,1.0441830481007124e-16f,-6.398761948384728e-17f,-1f,-1.1669921875f,0f,0f,0f,1f],start_interpolation:0}
execute if entity @s[tag=aj.assembler.bone.bone20] run data modify entity @s {} merge value {transformation:[0.15643446504023065f,0.9876883405951378f,1.2246467991473532e-16f,2.6414183864572156e-16f,0.9876883405951378f,-0.15643446504023065f,0f,0.5000000000000001f,1.9157696688784698e-17f,1.2095693648649962e-16f,-1f,-1.6044921875f,0f,0f,0f,1f],start_interpolation:0}
execute if entity @s[tag=aj.assembler.bone.bone11] run data modify entity @s {} merge value {transformation:[-0.72388742973398f,0.6899181031637978f,1.2246467991473532e-16f,-0.56206381017794f,0.6899181031637978f,0.72388742973398f,0f,0.13470504720184906f,-8.86506423766723e-17f,8.449059967133582e-17f,-1f,-1.2607421875f,0f,0f,0f,1f],start_interpolation:0}
execute if entity @s[tag=aj.assembler.bone.arm2] run data modify entity @s {} merge value {transformation:[-0.01778799456907154f,0.9998417811079967f,1.2246467991473532e-16f,-0.5526673764817657f,0.9998417811079967f,0.01778799456907154f,0f,-0.39345718977012845f,-2.17840106122639e-18f,1.2244530368876966e-16f,-1f,-1.2607421875f,0f,0f,0f,1f],start_interpolation:0}
execute if entity @s[tag=aj.assembler.bone.small_arm_base2] run data modify entity @s {} merge value {transformation:[0.522498564715949f,0.8526401643540924f,1.2246467991473532e-16f,-0.5614116170194714f,0.8526401643540924f,-0.522498564715949f,0f,-0.4077264934442434f,6.39876194838473e-17f,1.0441830481007122e-16f,-1f,-1.1669921875f,0f,0f,0f,1f],start_interpolation:0}
execute if entity @s[tag=aj.assembler.bone.bone2] run data modify entity @s {} merge value {transformation:[-0.9876883405951378f,0.15643446504023087f,1.2246467991473532e-16f,2.6414183864572156e-16f,0.15643446504023087f,0.9876883405951378f,0f,0.5000000000000001f,-1.2095693648649962e-16f,1.9157696688784726e-17f,-1f,-1.6044921875f,0f,0f,0f,1f],start_interpolation:0}
execute if entity @s[tag=aj.assembler.bone.ring] run data modify entity @s {} merge value {transformation:[-1.7770974449503f,0.2814645842206167f,2.2034447591230768e-16f,2.220446049250313e-16f,0.2814645842206167f,1.7770974449503f,0f,0.5000000000000001f,-2.1763166977313247e-16f,3.4469470213911886e-17f,-1.7992491881391441f,-1.2607421875f,0f,0f,0f,1f],start_interpolation:0}
execute if entity @s[tag=aj.assembler.bone.wheel] run data modify entity @s {} merge value {transformation:[-1f,1.2246467991473532e-16f,2.719262146893782e-32f,1.0625000000000002f,0f,2.220446049250313e-16f,-1f,-0.6249999999999999f,-1.2246467991473532e-16f,-1f,-2.220446049250313e-16f,-1.3857421874999998f,0f,0f,0f,1f],start_interpolation:0}
execute if entity @s[tag=aj.assembler.bone.wheel2] run data modify entity @s {} merge value {transformation:[-1f,1.2246467991473532e-16f,2.719262146893782e-32f,1.0625000000000002f,0f,2.220446049250313e-16f,-1f,-0.6249999999999999f,-1.2246467991473532e-16f,-1f,-2.220446049250313e-16f,-1.1357421874999998f,0f,0f,0f,1f],start_interpolation:0}
execute if entity @s[tag=aj.assembler.bone.rails] run data modify entity @s {} merge value {transformation:[-1.137300743709099f,0f,1.3927917154512523e-16f,-0.43749999999999983f,0f,1.137300743709099f,0f,-0.9999999999999999f,-1.3927917154512523e-16f,0f,-1.137300743709099f,-0.8232421875f,0f,0f,0f,1f],start_interpolation:0}
execute if entity @s[tag=aj.assembler.bone.wheel3] run data modify entity @s {} merge value {transformation:[-1f,1.2246467991473532e-16f,2.719262146893782e-32f,-1.0625f,0f,2.220446049250313e-16f,-1f,-0.6249999999999999f,-1.2246467991473532e-16f,-1f,-2.220446049250313e-16f,-1.1357421875f,0f,0f,0f,1f],start_interpolation:0}
execute if entity @s[tag=aj.assembler.bone.wheel4] run data modify entity @s {} merge value {transformation:[-1f,1.2246467991473532e-16f,2.719262146893782e-32f,-1.0625f,0f,2.220446049250313e-16f,-1f,-0.6249999999999999f,-1.2246467991473532e-16f,-1f,-2.220446049250313e-16f,-1.3857421875f,0f,0f,0f,1f],start_interpolation:0}
execute if entity @s[tag=aj.assembler.bone.rails2] run data modify entity @s {} merge value {transformation:[-1.2038220325092979f,0f,1.4742567988555726e-16f,0.4375000000000001f,0f,1.2038220325092979f,0f,-0.9999999999999999f,-1.4742567988555726e-16f,0f,-1.2038220325092979f,-0.8232421874999999f,0f,0f,0f,1f],start_interpolation:0}
execute if entity @s[tag=aj.assembler.bone.bone6] run data modify entity @s {} merge value {transformation:[0.27893822679709934f,0.04768703384400147f,-0.9591242945700265f,0.6724809142074692f,0f,0.9987662801137638f,0.04965800748836641f,0.39243341462819925f,0.9603090469381667f,-0.013851516555081989f,0.27859409515966826f,-0.019963586320246647f,0f,0f,0f,1f],start_interpolation:0}
execute if entity @s[tag=aj.assembler.bone.bone5] run data modify entity @s {} merge value {transformation:[0.27893822679709934f,-0.2591340008491574f,-0.9246853709425702f,0.5493968064400063f,0f,0.9629039462773173f,-0.2698443815304833f,0.3600612915312156f,0.9603090469381667f,0.07526991329527295f,0.2685907193505243f,0.01578830300853301f,0f,0f,0f,1f],start_interpolation:0}
execute if entity @s[tag=aj.assembler.bone.bone4] run data modify entity @s {} merge value {transformation:[0.27893822679709934f,-0.2591340008491574f,-0.9246853709425702f,1.1973244677802743f,0f,0.9629039462773173f,-0.2698443815304833f,0.05921727846526492f,0.9603090469381667f,0.07526991329527295f,0.2685907193505243f,-0.3676630391621046f,0f,0f,0f,1f],start_interpolation:0}
execute if entity @s[tag=aj.assembler.bone.bone3] run data modify entity @s {} merge value {transformation:[0.27893822679709934f,0.18957322780633934f,-0.9414114174633615f,0.7906388649789552f,0f,0.9803213043394124f,0.19740856176537278f,-0.234375f,0.9603090469381667f,-0.05506479417339875f,0.2734490863238553f,-0.18445101854199888f,0f,0f,0f,1f],start_interpolation:0}
execute if entity @s[tag=aj.assembler.bone.octagon] run data modify entity @s {} merge value {transformation:[0.27893822679709934f,0f,-0.9603090469381667f,0.859375f,0f,1f,0f,-0.40625f,0.9603090469381667f,0f,0.27893822679709934f,-0.1718749999999999f,0f,0f,0f,1f],start_interpolation:0}
execute if entity @s[tag=aj.assembler.bone.bone10] run data modify entity @s {} merge value {transformation:[-0.17633317516176628f,-0.452305776689716f,0.8742574539061604f,-0.013953480106900173f,0f,0.8881746716855852f,0.459505987530307f,0.41738463064492043f,-0.9843305396752504f,0.08102614978706202f,-0.15661465995657856f,-0.22808158785115995f,0f,0f,0f,1f],start_interpolation:0}
execute if entity @s[tag=aj.assembler.bone.bone9] run data modify entity @s {} merge value {transformation:[-0.17633317516176628f,0.5398454346557393f,0.8230877948425219f,0.09666294133010589f,0f,0.8361904478896636f,-0.5484391806372733f,0.34776287407957485f,-0.9843305396752504f,-0.09670802210488788f,-0.14744811671632385f,-0.24789743631955607f,0f,0f,0f,1f],start_interpolation:0}
execute if entity @s[tag=aj.assembler.bone.bone8] run data modify entity @s {} merge value {transformation:[-0.17633317516176628f,0.5398454346557393f,0.8230877948425219f,-0.7013997476055283f,0f,0.8361904478896636f,-0.5484391806372733f,0.283384145309891f,-0.9843305396752504f,-0.09670802210488788f,-0.14744811671632385f,-0.29541711613897387f,0f,0f,0f,1f],start_interpolation:0}
execute if entity @s[tag=aj.assembler.bone.bone7] run data modify entity @s {} merge value {transformation:[-0.17633317516176628f,0.8301759570144874f,0.5288804134513297f,-0.8033647529941019f,0f,0.5372996083468238f,-0.8433914458128856f,-0.234375f,-0.9843305396752504f,-0.14871789154445886f,-0.09474374595296889f,-0.21365615281246197f,0f,0f,0f,1f],start_interpolation:0}
execute if entity @s[tag=aj.assembler.bone.octagon2] run data modify entity @s {} merge value {transformation:[-0.17633317516176628f,0f,0.9843305396752504f,-0.8593749999999999f,0f,1f,0f,-0.40625f,-0.9843305396752504f,0f,-0.17633317516176628f,-0.171875f,0f,0f,0f,1f],start_interpolation:0}