execute if entity @s[tag=aj.assembler.bone.bone21] run data modify entity @s {} merge value {transformation:[0.14579165747814116f,0.9893153150587413f,1.2246467991473532e-16f,0.7461598531042675f,0.9893153150587413f,-0.14579165747814116f,0f,0.9614218759881171f,1.785432866729928e-17f,1.2115618339341426e-16f,-1f,-1.1630703125f,0f,0f,0f,1f],start_interpolation:0}
execute if entity @s[tag=aj.assembler.bone.arm4] run data modify entity @s {} merge value {transformation:[-0.4745587626839685f,0.8802238242400969f,1.2246467991473532e-16f,0.49547617253626614f,0.8802238242400969f,0.4745587626839685f,0f,1.4263964277931918f,-5.811668697282504e-17f,1.077963288888877e-16f,-1f,-1.1630703125f,0f,0f,0f,1f],start_interpolation:0}
execute if entity @s[tag=aj.assembler.bone.small_arm_base4] run data modify entity @s {} merge value {transformation:[0.46792981426057345f,0.8837656300886936f,1.2246467991473532e-16f,0.5033071813216832f,0.8837656300886936f,-0.46792981426057345f,0f,1.44118662966227f,5.730487492598267e-17f,1.0823007500845623e-16f,-1f,-1.0693203125f,0f,0f,0f,1f],start_interpolation:0}
execute if entity @s[tag=aj.assembler.bone.bone25] run data modify entity @s {} merge value {transformation:[-0.99556196460308f,0.09410831331851431f,1.2246467991473532e-16f,1.531195361832059e-16f,0.09410831331851431f,0.99556196460308f,0f,0.5000000000000001f,-1.2192117733040124e-16f,1.1524944467867478e-17f,-1f,-1.5068203125f,0f,0f,0f,1f],start_interpolation:0}
execute if entity @s[tag=aj.assembler.bone.bone16] run data modify entity @s {} merge value {transformation:[-0.7496464716786416f,-0.661838475384866f,1.2246467991473532e-16f,-0.4320207146353681f,-0.661838475384866f,0.7496464716786416f,0f,1.181584462972624f,-9.180521520333555e-17f,-8.105183704326403e-17f,-1f,-1.1630703125f,0f,0f,0f,1f],start_interpolation:0}
execute if entity @s[tag=aj.assembler.bone.arm3] run data modify entity @s {} merge value {transformation:[-0.9358819297913563f,-0.3523137997439317f,1.2246467991473532e-16f,-0.9263964277931912f,-0.3523137997439317f,0.9358819297913563f,0f,0.9954761725362663f,-1.1461248096988323e-16f,-4.314599671518474e-17f,-1f,-1.1630703125f,0f,0f,0f,1f],start_interpolation:0}
execute if entity @s[tag=aj.assembler.bone.small_arm_base3] run data modify entity @s {} merge value {transformation:[-0.8837656300886935f,0.4679298142605737f,1.2246467991473532e-16f,-0.9411866296622695f,0.4679298142605737f,0.8837656300886935f,0f,1.0033071813216834f,-1.0823007500845622e-16f,5.73048749259827e-17f,-1f,-1.0693203125f,0f,0f,0f,1f],start_interpolation:0}
execute if entity @s[tag=aj.assembler.bone.bone15] run data modify entity @s {} merge value {transformation:[-0.09410831331851453f,-0.99556196460308f,1.2246467991473532e-16f,1.531195361832059e-16f,-0.99556196460308f,0.09410831331851453f,0f,0.5000000000000001f,-1.1524944467867506e-17f,-1.2192117733040124e-16f,-1f,-1.5068203125f,0f,0f,0f,1f],start_interpolation:0}
execute if entity @s[tag=aj.assembler.bone.bone26] run data modify entity @s {} merge value {transformation:[0.9491511060531284f,0.3148208663321462f,1.2246467991473532e-16f,0.4235791716755152f,0.3148208663321462f,-0.9491511060531284f,0f,-0.1573972906146088f,1.1623748639351337e-16f,3.855443662584595e-17f,-1f,-1.1630703125f,0f,0f,0f,1f],start_interpolation:0}
execute if entity @s[tag=aj.assembler.bone.arm5] run data modify entity @s {} merge value {transformation:[0.9518622607530477f,0.306526078097928f,1.2246467991473532e-16f,0.9263964277931916f,0.306526078097928f,-0.9518622607530477f,0f,0.0045238274637342f,1.1656950708603832e-16f,3.7538618039781906e-17f,-1f,-1.1630703125f,0f,0f,0f,1f],start_interpolation:0}
execute if entity @s[tag=aj.assembler.bone.small_arm_base5] run data modify entity @s {} merge value {transformation:[0.8837656300886936f,-0.46792981426057323f,1.2246467991473532e-16f,0.94118662966227f,-0.46792981426057323f,-0.8837656300886936f,0f,-0.0033071813216828394f,1.0823007500845624e-16f,-5.730487492598265e-17f,-1f,-1.0693203125f,0f,0f,0f,1f],start_interpolation:0}
execute if entity @s[tag=aj.assembler.bone.bone20] run data modify entity @s {} merge value {transformation:[0.09410831331851409f,0.99556196460308f,1.2246467991473532e-16f,1.531195361832059e-16f,0.99556196460308f,-0.09410831331851409f,0f,0.5000000000000001f,1.152494446786745e-17f,1.2192117733040124e-16f,-1f,-1.5068203125f,0f,0f,0f,1f],start_interpolation:0}
execute if entity @s[tag=aj.assembler.bone.bone11] run data modify entity @s {} merge value {transformation:[-0.4973650270857578f,0.8675413706746113f,1.2246467991473532e-16f,-0.6900353330395197f,0.8675413706746113f,0.4973650270857578f,0f,0.06471493900024683f,-6.090964884284099e-17f,1.0624317627245705e-16f,-1f,-1.1630703125f,0f,0f,0f,1f],start_interpolation:0}
execute if entity @s[tag=aj.assembler.bone.arm2] run data modify entity @s {} merge value {transformation:[-0.36831178746081167f,0.9297023325868458f,1.2246467991473532e-16f,-0.4954761725362659f,0.9297023325868458f,0.36831178746081167f,0f,-0.4263964277931913f,-4.510518516021233e-17f,1.1385569857623088e-16f,-1f,-1.1630703125f,0f,0f,0f,1f],start_interpolation:0}
execute if entity @s[tag=aj.assembler.bone.small_arm_base2] run data modify entity @s {} merge value {transformation:[0.46792981426057345f,0.8837656300886936f,1.2246467991473532e-16f,-0.503307181321683f,0.8837656300886936f,-0.46792981426057345f,0f,-0.4411866296622696f,5.730487492598267e-17f,1.0823007500845623e-16f,-1f,-1.0693203125f,0f,0f,0f,1f],start_interpolation:0}
execute if entity @s[tag=aj.assembler.bone.bone2] run data modify entity @s {} merge value {transformation:[-0.99556196460308f,0.09410831331851431f,1.2246467991473532e-16f,1.531195361832059e-16f,0.09410831331851431f,0.99556196460308f,0f,0.5000000000000001f,-1.2192117733040124e-16f,1.1524944467867478e-17f,-1f,-1.5068203125f,0f,0f,0f,1f],start_interpolation:0}
execute if entity @s[tag=aj.assembler.bone.ring] run data modify entity @s {} merge value {transformation:[-1.791264056554303f,0.16932430633548107f,2.2034447591230768e-16f,1.1102230246251565e-16f,0.16932430633548107f,1.791264056554303f,0f,0.5000000000000001f,-2.1936657932869305e-16f,2.073624697715928e-17f,-1.7992491881391441f,-1.1630703125f,0f,0f,0f,1f],start_interpolation:0}
execute if entity @s[tag=aj.assembler.bone.wheel] run data modify entity @s {} merge value {transformation:[-1f,9.907600726170915e-17f,7.198293278059966e-17f,1.0625f,0f,0.5877852522924731f,-0.8090169943749473f,-0.6249999999999999f,-1.2246467991473532e-16f,-0.8090169943749473f,-0.5877852522924731f,-1.2880703124999997f,0f,0f,0f,1f],start_interpolation:0}
execute if entity @s[tag=aj.assembler.bone.wheel2] run data modify entity @s {} merge value {transformation:[-1f,9.907600726170915e-17f,7.198293278059966e-17f,1.0625f,0f,0.5877852522924731f,-0.8090169943749473f,-0.6249999999999999f,-1.2246467991473532e-16f,-0.8090169943749473f,-0.5877852522924731f,-1.0380703124999997f,0f,0f,0f,1f],start_interpolation:0}
execute if entity @s[tag=aj.assembler.bone.rails] run data modify entity @s {} merge value {transformation:[-1.137300743709099f,0f,1.3927917154512523e-16f,-0.43749999999999994f,0f,1.137300743709099f,0f,-0.9999999999999999f,-1.3927917154512523e-16f,0f,-1.137300743709099f,-0.7255703124999999f,0f,0f,0f,1f],start_interpolation:0}
execute if entity @s[tag=aj.assembler.bone.wheel3] run data modify entity @s {} merge value {transformation:[-1f,9.907600726170915e-17f,7.198293278059966e-17f,-1.0625f,0f,0.5877852522924731f,-0.8090169943749473f,-0.6249999999999999f,-1.2246467991473532e-16f,-0.8090169943749473f,-0.5877852522924731f,-1.0380703125f,0f,0f,0f,1f],start_interpolation:0}
execute if entity @s[tag=aj.assembler.bone.wheel4] run data modify entity @s {} merge value {transformation:[-1f,9.907600726170915e-17f,7.198293278059966e-17f,-1.0625f,0f,0.5877852522924731f,-0.8090169943749473f,-0.6249999999999999f,-1.2246467991473532e-16f,-0.8090169943749473f,-0.5877852522924731f,-1.2880703125f,0f,0f,0f,1f],start_interpolation:0}
execute if entity @s[tag=aj.assembler.bone.rails2] run data modify entity @s {} merge value {transformation:[-1.2038220325092979f,0f,1.4742567988555726e-16f,0.4375f,0f,1.2038220325092979f,0f,-0.9999999999999999f,-1.4742567988555726e-16f,0f,-1.2038220325092979f,-0.7255703124999998f,0f,0f,0f,1f],start_interpolation:0}
execute if entity @s[tag=aj.assembler.bone.bone6] run data modify entity @s {} merge value {transformation:[-0.22746970189411075f,0.025176094035871344f,-0.9734596545359757f,0.6402713981560668f,0f,0.9996657333896874f,0.025853848581176037f,0.5087827068886553f,0.9737851584000468f,0.0058809672295755885f,-0.2273936663679098f,-0.12678233389613286f,0f,0f,0f,1f],start_interpolation:0}
execute if entity @s[tag=aj.assembler.bone.bone5] run data modify entity @s {} merge value {transformation:[-0.22746970189411075f,-0.13801763037296685f,-0.9639547024764366f,0.5124113857297893f,0f,0.9899049026997271f,-0.14173314224642042f,0.49343296784717394f,0.9737851584000468f,-0.03223999561530885f,-0.22517337312062563f,-0.15664957787689845f,0f,0f,0f,1f],start_interpolation:0}
execute if entity @s[tag=aj.assembler.bone.bone4] run data modify entity @s {} merge value {transformation:[-0.22746970189411075f,-0.13801763037296685f,-0.9639547024764366f,1.220757804919006f,0f,0.9899049026997271f,-0.14173314224642042f,0.09990509262225f,0.9737851584000468f,-0.03223999561530885f,-0.22517337312062563f,-0.18373219559988668f,0f,0f,0f,1f],start_interpolation:0}
execute if entity @s[tag=aj.assembler.bone.bone3] run data modify entity @s {} merge value {transformation:[-0.22746970189411075f,0.10053613309639466f,-0.9685814476141014f,0.805621855784188f,0f,0.9946562024066015f,0.10324262208060146f,-0.234375f,0.9737851584000468f,0.02348456846744075f,-0.22625414984855793f,-0.21652264256838327f,0f,0f,0f,1f],start_interpolation:0}
execute if entity @s[tag=aj.assembler.bone.octagon] run data modify entity @s {} merge value {transformation:[-0.22746970189411075f,0f,-0.9737851584000468f,0.859375f,0f,1f,0f,-0.40625f,0.9737851584000468f,0f,-0.22746970189411075f,-0.1718749999999999f,0f,0f,0f,1f],start_interpolation:0}
execute if entity @s[tag=aj.assembler.bone.bone10] run data modify entity @s {} merge value {transformation:[-0.4552147115898353f,-0.8903328895190313f,-0.009322670908893216f,-0.4316702031811161f,0f,-0.010470420652521295f,0.9999451836432632f,0.8135361624558408f,-0.890381696999766f,0.4551897583778129f,0.004766289517561681f,-0.28525055126037574f,0f,0f,0f,1f],start_interpolation:0}
execute if entity @s[tag=aj.assembler.bone.bone9] run data modify entity @s {} merge value {transformation:[-0.4552147115898353f,-0.08038806294213158f,0.886745355605878f,-0.3147594423549037f,0f,0.995915974681262f,0.09028494544868526f,0.8288686373296433f,-0.890381696999766f,0.04109903540332721f,-0.45335560318224033f,-0.3450221059212376f,0f,0f,0f,1f],start_interpolation:0}
execute if entity @s[tag=aj.assembler.bone.bone8] run data modify entity @s {} merge value {transformation:[-0.4552147115898353f,-0.08038806294213158f,0.886745355605878f,-0.9095069458005787f,0f,0.995915974681262f,0.09028494544868526f,0.29119797694054417f,-0.890381696999766f,0.04109903540332721f,-0.45335560318224033f,-0.2515365664831786f,0f,0f,0f,1f],start_interpolation:0}
execute if entity @s[tag=aj.assembler.bone.bone7] run data modify entity @s {} merge value {transformation:[-0.4552147115898353f,0.5398081819386981f,0.7080866423427437f,-0.8179516036746969f,0f,0.7952619025399056f,-0.6062660359682123f,-0.234375f,-0.890381696999766f,-0.27598121870998243f,-0.3620149176030868f,-0.2281503475056074f,0f,0f,0f,1f],start_interpolation:0}
execute if entity @s[tag=aj.assembler.bone.octagon2] run data modify entity @s {} merge value {transformation:[-0.4552147115898353f,0f,0.890381696999766f,-0.8593749999999999f,0f,1f,0f,-0.40625f,-0.890381696999766f,0f,-0.4552147115898353f,-0.171875f,0f,0f,0f,1f],start_interpolation:0}