execute if entity @s[tag=aj.assembler.bone.bone21] run data modify entity @s {} merge value {transformation:[0.6682672463876459f,-0.7439212911360138f,1.2246467991473532e-16f,-0.3594095841929882f,-0.7439212911360138f,-0.6682672463876459f,0f,0.8810678462691034f,8.183913442636462e-17f,-9.110408280072855e-17f,-1f,-1.19921875f,0f,0f,0f,1f],start_interpolation:0}
execute if entity @s[tag=aj.assembler.bone.arm4] run data modify entity @s {} merge value {transformation:[-0.6048984719987811f,0.7963026049018929f,1.2246467991473532e-16f,-0.6789446707921534f,0.7963026049018929f,0.6048984719987811f,0f,1.3017113651321828f,-7.407869775424321e-17f,9.751894362458025e-17f,-1f,-1.19921875f,0f,0f,0f,1f],start_interpolation:0}
execute if entity @s[tag=aj.assembler.bone.small_arm_base4] run data modify entity @s {} merge value {transformation:[-0.6494480483301838f,0.760405965600031f,1.2246467991473532e-16f,-0.6898134661053614f,0.760405965600031f,0.6494480483301838f,0f,1.3144370894088184f,-7.953444736000551e-17f,9.312287318246303e-17f,-1f,-1.10546875f,0f,0f,0f,1f],start_interpolation:0}
execute if entity @s[tag=aj.assembler.bone.bone25] run data modify entity @s {} merge value {transformation:[-0.45399049973954675f,-0.8910065241883679f,1.2246467991473532e-16f,1.531195361832059e-16f,-0.8910065241883679f,0.45399049973954675f,0f,0.5000000000000001f,-5.559780123493432e-17f,-1.0911682878666935e-16f,-1f,-1.54296875f,0f,0f,0f,1f],start_interpolation:0}
execute if entity @s[tag=aj.assembler.bone.bone16] run data modify entity @s {} merge value {transformation:[-0.4799747054430127f,-0.8772823274949141f,1.2246467991473532e-16f,-0.3683377356092213f,-0.8772823274949141f,0.4799747054430127f,0f,0.12309992651682847f,-5.877994866924791e-17f,-1.0743609943151864e-16f,-1f,-1.19921875f,0f,0f,0f,1f],start_interpolation:0}
execute if entity @s[tag=aj.assembler.bone.arm3] run data modify entity @s {} merge value {transformation:[-0.8204014435255138f,-0.5717879602276124f,1.2246467991473532e-16f,-0.8017113651321827f,-0.5717879602276124f,0.8204014435255138f,0f,-0.17894467079215318f,-1.0047020018293885e-16f,-7.002382952837395e-17f,-1f,-1.19921875f,0f,0f,0f,1f],start_interpolation:0}
execute if entity @s[tag=aj.assembler.bone.small_arm_base3] run data modify entity @s {} merge value {transformation:[-0.7604059656000312f,-0.6494480483301837f,1.2246467991473532e-16f,-0.8144370894088183f,-0.6494480483301837f,0.7604059656000312f,0f,-0.1898134661053612f,-9.312287318246305e-17f,-7.953444736000549e-17f,-1f,-1.10546875f,0f,0f,0f,1f],start_interpolation:0}
execute if entity @s[tag=aj.assembler.bone.bone15] run data modify entity @s {} merge value {transformation:[0.8910065241883678f,-0.45399049973954697f,1.2246467991473532e-16f,1.531195361832059e-16f,-0.45399049973954697f,-0.8910065241883678f,0f,0.5000000000000001f,1.0911682878666934e-16f,-5.559780123493434e-17f,-1f,-1.54296875f,0f,0f,0f,1f],start_interpolation:0}
execute if entity @s[tag=aj.assembler.bone.bone26] run data modify entity @s {} merge value {transformation:[0.05306216623122029f,0.9985912109140811f,1.2246467991473532e-16f,0.4355908661333803f,0.9985912109140811f,-0.05306216623122029f,0f,0.7981567747892506f,6.498241203088861e-18f,1.222921530102609e-16f,-1f,-1.19921875f,0f,0f,0f,1f],start_interpolation:0}
execute if entity @s[tag=aj.assembler.bone.arm5] run data modify entity @s {} merge value {transformation:[0.6930873625456359f,0.720853596702919f,1.2246467991473532e-16f,0.8017113651321826f,0.720853596702919f,-0.6930873625456359f,0f,1.1789446707921538f,8.487872200709941e-17f,8.827910498560869e-17f,-1f,-1.19921875f,0f,0f,0f,1f],start_interpolation:0}
execute if entity @s[tag=aj.assembler.bone.small_arm_base5] run data modify entity @s {} merge value {transformation:[0.7604059656000308f,0.649448048330184f,1.2246467991473532e-16f,0.8144370894088181f,0.649448048330184f,-0.7604059656000308f,0f,1.1898134661053619f,9.312287318246302e-17f,7.953444736000553e-17f,-1f,-1.10546875f,0f,0f,0f,1f],start_interpolation:0}
execute if entity @s[tag=aj.assembler.bone.bone20] run data modify entity @s {} merge value {transformation:[-0.891006524188368f,0.4539904997395465f,1.2246467991473532e-16f,1.531195361832059e-16f,0.4539904997395465f,0.891006524188368f,0f,0.5000000000000001f,-1.0911682878666936e-16f,5.559780123493429e-17f,-1f,-1.54296875f,0f,0f,0f,1f],start_interpolation:0}
execute if entity @s[tag=aj.assembler.bone.bone11] run data modify entity @s {} merge value {transformation:[-0.519256750162757f,0.8546182933979429f,1.2246467991473532e-16f,0.1864993460665964f,0.8546182933979429f,0.519256750162757f,0f,-0.11055372420357534f,-6.359061170224775e-17f,1.0466055575025641e-16f,-1f,-1.19921875f,0f,0f,0f,1f],start_interpolation:0}
execute if entity @s[tag=aj.assembler.bone.arm2] run data modify entity @s {} merge value {transformation:[-0.9322275924055325f,0.36187251340463034f,1.2246467991473532e-16f,0.6789446707921536f,0.36187251340463034f,0.9322275924055325f,0f,-0.3017113651321825f,-1.141649537116279e-16f,4.4316601524038803e-17f,-1f,-1.19921875f,0f,0f,0f,1f],start_interpolation:0}
execute if entity @s[tag=aj.assembler.bone.small_arm_base2] run data modify entity @s {} merge value {transformation:[-0.6494480483301838f,0.760405965600031f,1.2246467991473532e-16f,0.6898134661053617f,0.760405965600031f,0.6494480483301838f,0f,-0.3144370894088181f,-7.953444736000551e-17f,9.312287318246303e-17f,-1f,-1.10546875f,0f,0f,0f,1f],start_interpolation:0}
execute if entity @s[tag=aj.assembler.bone.bone2] run data modify entity @s {} merge value {transformation:[-0.45399049973954675f,-0.8910065241883679f,1.2246467991473532e-16f,1.531195361832059e-16f,-0.8910065241883679f,0.45399049973954675f,0f,0.5000000000000001f,-5.559780123493432e-17f,-1.0911682878666935e-16f,-1f,-1.54296875f,0f,0f,0f,1f],start_interpolation:0}
execute if entity @s[tag=aj.assembler.bone.ring] run data modify entity @s {} merge value {transformation:[-0.8168420380792638f,-1.6031427652726016f,2.2034447591230768e-16f,1.1102230246251565e-16f,-1.6031427652726016f,0.8168420380792638f,0f,0.5000000000000001f,-1.0003429873427708e-16f,-1.9632836560673282e-16f,-1.7992491881391441f,-1.19921875f,0f,0f,0f,1f],start_interpolation:0}
execute if entity @s[tag=aj.assembler.bone.wheel] run data modify entity @s {} merge value {transformation:[-1f,1.2246467991473532e-16f,2.719262146893782e-32f,1.0625f,0f,2.220446049250313e-16f,-1f,-0.6249999999999999f,-1.2246467991473532e-16f,-1f,-2.220446049250313e-16f,-1.3242187499999998f,0f,0f,0f,1f],start_interpolation:0}
execute if entity @s[tag=aj.assembler.bone.wheel2] run data modify entity @s {} merge value {transformation:[-1f,1.2246467991473532e-16f,2.719262146893782e-32f,1.0625f,0f,2.220446049250313e-16f,-1f,-0.6249999999999999f,-1.2246467991473532e-16f,-1f,-2.220446049250313e-16f,-1.0742187499999998f,0f,0f,0f,1f],start_interpolation:0}
execute if entity @s[tag=aj.assembler.bone.rails] run data modify entity @s {} merge value {transformation:[-1.137300743709099f,0f,1.3927917154512523e-16f,-0.43749999999999994f,0f,1.137300743709099f,0f,-0.9999999999999999f,-1.3927917154512523e-16f,0f,-1.137300743709099f,-0.76171875f,0f,0f,0f,1f],start_interpolation:0}
execute if entity @s[tag=aj.assembler.bone.wheel3] run data modify entity @s {} merge value {transformation:[-1f,1.2246467991473532e-16f,2.719262146893782e-32f,-1.0625f,0f,2.220446049250313e-16f,-1f,-0.6249999999999999f,-1.2246467991473532e-16f,-1f,-2.220446049250313e-16f,-1.07421875f,0f,0f,0f,1f],start_interpolation:0}
execute if entity @s[tag=aj.assembler.bone.wheel4] run data modify entity @s {} merge value {transformation:[-1f,1.2246467991473532e-16f,2.719262146893782e-32f,-1.0625f,0f,2.220446049250313e-16f,-1f,-0.6249999999999999f,-1.2246467991473532e-16f,-1f,-2.220446049250313e-16f,-1.32421875f,0f,0f,0f,1f],start_interpolation:0}
execute if entity @s[tag=aj.assembler.bone.rails2] run data modify entity @s {} merge value {transformation:[-1.2038220325092979f,0f,1.4742567988555726e-16f,0.4375f,0f,1.2038220325092979f,0f,-0.9999999999999999f,-1.4742567988555726e-16f,0f,-1.2038220325092979f,-0.7617187499999999f,0f,0f,0f,1f],start_interpolation:0}
execute if entity @s[tag=aj.assembler.bone.bone6] run data modify entity @s {} merge value {transformation:[-0.9472285201272127f,0.0763451866875925f,-0.311335097808209f,0.6886170278989252f,0f,0.9712252960511801f,0.2381626005700681f,0.8933831498291676f,0.3205590907424253f,0.22559440768763414f,-0.9199722998886734f,-0.3839944599589803f,0f,0f,0f,1f],start_interpolation:0}
execute if entity @s[tag=aj.assembler.bone.bone5] run data modify entity @s {} merge value {transformation:[-0.9472285201272127f,0.09993615031176065f,-0.3045831520594592f,0.6487070033822023f,0f,0.9501622660397331f,0.311755782936323f,0.9378272164373986f,0.3205590907424253f,0.2953039689118738f,-0.9000207971415353f,-0.5019256450445789f,0f,0f,0f,1f],start_interpolation:0}
execute if entity @s[tag=aj.assembler.bone.bone4] run data modify entity @s {} merge value {transformation:[-0.9472285201272127f,0.09993615031176065f,-0.3045831520594592f,0.9668265292547629f,0f,0.9501622660397331f,0.311755782936323f,0.2820427530091747f,0.3205590907424253f,0.2953039689118738f,-0.9000207971415353f,-0.14682141932383044f,0f,0f,0f,1f],start_interpolation:0}
execute if entity @s[tag=aj.assembler.bone.bone3] run data modify entity @s {} merge value {transformation:[-0.9472285201272127f,-0.16914480891150557f,-0.27230160534947406f,0.8689409480825738f,0f,0.8494583782316536f,-0.527655629792812f,-0.234375f,0.3205590907424253f,-0.4998104613454377f,-0.8046312025220314f,-0.24109425409365148f,0f,0f,0f,1f],start_interpolation:0}
execute if entity @s[tag=aj.assembler.bone.octagon] run data modify entity @s {} merge value {transformation:[-0.9472285201272127f,0f,-0.3205590907424253f,0.859375f,0f,1f,0f,-0.40625f,0.3205590907424253f,0f,-0.9472285201272127f,-0.1718749999999999f,0f,0f,0f,1f],start_interpolation:0}
execute if entity @s[tag=aj.assembler.bone.bone10] run data modify entity @s {} merge value {transformation:[-0.9618926995941617f,0.003978312651637186f,0.27339825803377327f,-0.5566987545840041f,0f,0.9998941459746089f,-0.014549805693119477f,0.0009245971537459041f,-0.2734272014036933f,-0.013995351876725126f,-0.9617908793799153f,-0.8937931917265933f,0f,0f,0f,1f],start_interpolation:0}
execute if entity @s[tag=aj.assembler.bone.bone9] run data modify entity @s {} merge value {transformation:[-0.9618926995941617f,0.2563767622691054f,0.09504414887759523f,-0.5432629218169949f,0f,0.3476031221095306f,-0.9376417596820796f,-0.1217996729857379f,-0.2734272014036933f,-0.9019107634728157f,-0.33435690551329544f,-0.9410592624949995f,0f,0f,0f,1f],start_interpolation:0}
execute if entity @s[tag=aj.assembler.bone.bone8] run data modify entity @s {} merge value {transformation:[-0.9618926995941617f,0.2563767622691054f,0.09504414887759523f,-0.9039264395150173f,0f,0.3476031221095306f,-0.9376417596820796f,0.28558414338967153f,-0.2734272014036933f,-0.9019107634728157f,-0.33435690551329544f,-0.35801703456279277f,0f,0f,0f,1f],start_interpolation:0}
execute if entity @s[tag=aj.assembler.bone.bone7] run data modify entity @s {} merge value {transformation:[-0.9618926995941617f,0.2276103658740054f,0.15151222991612678f,-0.8723449467745866f,0f,0.5541227395749523f,-0.8324349761308385f,-0.234375f,-0.2734272014036933f,-0.8007131264270938f,-0.5330066178762635f,-0.24053789376850052f,0f,0f,0f,1f],start_interpolation:0}
execute if entity @s[tag=aj.assembler.bone.octagon2] run data modify entity @s {} merge value {transformation:[-0.9618926995941617f,0f,0.2734272014036933f,-0.8593749999999999f,0f,1f,0f,-0.40625f,-0.2734272014036933f,0f,-0.9618926995941617f,-0.171875f,0f,0f,0f,1f],start_interpolation:0}