execute if entity @s[tag=aj.assembler.bone.bone21] run data modify entity @s {} merge value {transformation:[0.8322639341027074f,-0.5543796027920621f,1.2246467991473532e-16f,-0.2039733334874388f,-0.5543796027920621f,-0.8322639341027074f,0f,-0.08376546629254084f,1.0192293629446643e-16f,-6.789192060718799e-17f,-1f,-1.2514999999999998f,0f,0f,0f,1f],start_interpolation:0}
execute if entity @s[tag=aj.assembler.bone.arm4] run data modify entity @s {} merge value {transformation:[0.47150457282671726f,-0.8818636163282252f,1.2246467991473532e-16f,0.045096984068911536f,-0.8818636163282252f,-0.47150457282671726f,0f,-0.5496062314063602f,5.774265658955793e-17f,-1.0799714550208704e-16f,-1f,-1.2514999999999998f,0f,0f,0f,1f],start_interpolation:0}
execute if entity @s[tag=aj.assembler.bone.small_arm_base4] run data modify entity @s {} merge value {transformation:[0.04710645070964253f,-0.9988898749619701f,1.2246467991473532e-16f,0.04588533099213536f,-0.9988898749619701f,-0.04710645070964253f,0f,-0.5663230875418305f,5.768876408075632e-18f,-1.2232872880728764e-16f,-1f,-1.1577499999999998f,0f,0f,0f,1f],start_interpolation:0}
execute if entity @s[tag=aj.assembler.bone.bone25] run data modify entity @s {} merge value {transformation:[0.9048270524660196f,0.42577929156507255f,1.2246467991473532e-16f,2.6414183864572156e-16f,0.42577929156507255f,-0.9048270524660196f,0f,0.5000000000000001f,1.108093553584445e-16f,5.2142924655839374e-17f,-1f,-1.5952499999999998f,0f,0f,0f,1f],start_interpolation:0}
execute if entity @s[tag=aj.assembler.bone.bone16] run data modify entity @s {} merge value {transformation:[0.9806890081985185f,-0.19557369250133458f,1.2246467991473532e-16f,0.526430606802214f,-0.19557369250133458f,-0.9806890081985185f,0f,0.4720839211999221f,1.200997654849308e-16f,-2.3950869651918808e-17f,-1f,-1.2514999999999996f,0f,0f,0f,1f],start_interpolation:0}
execute if entity @s[tag=aj.assembler.bone.arm3] run data modify entity @s {} merge value {transformation:[0.9904018343595665f,0.13821796734580513f,1.2246467991473532e-16f,1.0496062314063606f,0.13821796734580513f,-0.9904018343595665f,0f,0.5450969840689112f,1.2128924363181104e-16f,1.692681912946937e-17f,-1f,-1.2514999999999996f,0f,0f,0f,1f],start_interpolation:0}
execute if entity @s[tag=aj.assembler.bone.small_arm_base3] run data modify entity @s {} merge value {transformation:[0.9988898749619701f,0.047106450709642256f,1.2246467991473532e-16f,1.0663230875418308f,0.047106450709642256f,-0.9988898749619701f,0f,0.545885330992135f,1.2232872880728766e-16f,5.768876408075601e-18f,-1f,-1.1577499999999996f,0f,0f,0f,1f],start_interpolation:0}
execute if entity @s[tag=aj.assembler.bone.bone15] run data modify entity @s {} merge value {transformation:[-0.4257792915650723f,0.9048270524660197f,1.2246467991473532e-16f,2.6414183864572156e-16f,0.9048270524660197f,0.4257792915650723f,0f,0.5000000000000001f,-5.214292465583935e-17f,1.1080935535844452e-16f,-1f,-1.5952499999999998f,0f,0f,0f,1f],start_interpolation:0}
execute if entity @s[tag=aj.assembler.bone.bone26] run data modify entity @s {} merge value {transformation:[-0.9816616182600917f,0.19063175820145595f,1.2246467991473532e-16f,-0.5286207395508368f,0.19063175820145595f,0.9816616182600917f,0f,0.5421827891062533f,-1.2021887586480318e-16f,2.3345657249724518e-17f,-1f,-1.2515f,0f,0f,0f,1f],start_interpolation:0}
execute if entity @s[tag=aj.assembler.bone.arm5] run data modify entity @s {} merge value {transformation:[-0.9862557859014248f,-0.1652256783189683f,1.2246467991473532e-16f,-1.0496062314063601f,-0.1652256783189683f,0.9862557859014248f,0f,0.4549030159310885f,-1.2078149913447369e-16f,-2.023430980902747e-17f,-1f,-1.2515f,0f,0f,0f,1f],start_interpolation:0}
execute if entity @s[tag=aj.assembler.bone.small_arm_base5] run data modify entity @s {} merge value {transformation:[-0.9988898749619701f,-0.04710645070964281f,1.2246467991473532e-16f,-1.0663230875418304f,-0.04710645070964281f,0.9988898749619701f,0f,0.4541146690078647f,-1.2232872880728764e-16f,-5.7688764080756566e-18f,-1f,-1.15775f,0f,0f,0f,1f],start_interpolation:0}
execute if entity @s[tag=aj.assembler.bone.bone20] run data modify entity @s {} merge value {transformation:[0.42577929156507277f,-0.9048270524660195f,1.2246467991473532e-16f,2.6414183864572156e-16f,-0.9048270524660195f,-0.42577929156507277f,0f,0.5000000000000001f,5.21429246558394e-17f,-1.1080935535844449e-16f,-1f,-1.5952499999999998f,0f,0f,0f,1f],start_interpolation:0}
execute if entity @s[tag=aj.assembler.bone.bone11] run data modify entity @s {} merge value {transformation:[0.4641354734341468f,0.8857642250057634f,1.2246467991473532e-16f,-0.25894273727004363f,0.8857642250057634f,-0.4641354734341468f,0f,1.0665807296289802f,5.684020219118692e-17f,1.0847483229525439e-16f,-1f,-1.2514999999999998f,0f,0f,0f,1f],start_interpolation:0}
execute if entity @s[tag=aj.assembler.bone.arm2] run data modify entity @s {} merge value {transformation:[-0.4048224272693422f,-0.9143953206243777f,1.2246467991473532e-16f,-0.04509698406891109f,-0.9143953206243777f,0.4048224272693422f,0f,1.5496062314063606f,-4.95764489778462e-17f,-1.1198113025579618e-16f,-1f,-1.2514999999999998f,0f,0f,0f,1f],start_interpolation:0}
execute if entity @s[tag=aj.assembler.bone.small_arm_base2] run data modify entity @s {} merge value {transformation:[0.04710645070964253f,-0.9988898749619701f,1.2246467991473532e-16f,-0.045885330992134946f,-0.9988898749619701f,-0.04710645070964253f,0f,1.5663230875418308f,5.768876408075632e-18f,-1.2232872880728764e-16f,-1f,-1.1577499999999998f,0f,0f,0f,1f],start_interpolation:0}
execute if entity @s[tag=aj.assembler.bone.bone2] run data modify entity @s {} merge value {transformation:[0.9048270524660196f,0.42577929156507255f,1.2246467991473532e-16f,2.6414183864572156e-16f,0.42577929156507255f,-0.9048270524660196f,0f,0.5000000000000001f,1.108093553584445e-16f,5.2142924655839374e-17f,-1f,-1.5952499999999998f,0f,0f,0f,1f],start_interpolation:0}
execute if entity @s[tag=aj.assembler.bone.ring] run data modify entity @s {} merge value {transformation:[1.6280093395558206f,0.7660830446749167f,2.2034447591230768e-16f,2.220446049250313e-16f,0.7660830446749167f,-1.6280093395558206f,0f,0.5000000000000001f,1.993736426669032e-16f,9.381811485421956e-17f,-1.7992491881391441f,-1.2514999999999998f,0f,0f,0f,1f],start_interpolation:0}
execute if entity @s[tag=aj.assembler.bone.wheel] run data modify entity @s {} merge value {transformation:[-1f,1.1647083184890928e-16f,-3.784366730434137e-17f,1.0625000000000002f,0f,-0.30901699437494634f,-0.951056516295154f,-0.6249999999999999f,-1.2246467991473532e-16f,-0.951056516295154f,0.30901699437494634f,-1.3764999999999996f,0f,0f,0f,1f],start_interpolation:0}
execute if entity @s[tag=aj.assembler.bone.wheel2] run data modify entity @s {} merge value {transformation:[-1f,1.1647083184890928e-16f,-3.784366730434137e-17f,1.0625000000000002f,0f,-0.30901699437494634f,-0.951056516295154f,-0.6249999999999999f,-1.2246467991473532e-16f,-0.951056516295154f,0.30901699437494634f,-1.1264999999999996f,0f,0f,0f,1f],start_interpolation:0}
execute if entity @s[tag=aj.assembler.bone.rails] run data modify entity @s {} merge value {transformation:[-1.137300743709099f,0f,1.3927917154512523e-16f,-0.43749999999999983f,0f,1.137300743709099f,0f,-0.9999999999999999f,-1.3927917154512523e-16f,0f,-1.137300743709099f,-0.8139999999999998f,0f,0f,0f,1f],start_interpolation:0}
execute if entity @s[tag=aj.assembler.bone.wheel3] run data modify entity @s {} merge value {transformation:[-1f,1.1647083184890928e-16f,-3.784366730434137e-17f,-1.0625f,0f,-0.30901699437494634f,-0.951056516295154f,-0.6249999999999999f,-1.2246467991473532e-16f,-0.951056516295154f,0.30901699437494634f,-1.1264999999999998f,0f,0f,0f,1f],start_interpolation:0}
execute if entity @s[tag=aj.assembler.bone.wheel4] run data modify entity @s {} merge value {transformation:[-1f,1.1647083184890928e-16f,-3.784366730434137e-17f,-1.0625f,0f,-0.30901699437494634f,-0.951056516295154f,-0.6249999999999999f,-1.2246467991473532e-16f,-0.951056516295154f,0.30901699437494634f,-1.3765f,0f,0f,0f,1f],start_interpolation:0}
execute if entity @s[tag=aj.assembler.bone.rails2] run data modify entity @s {} merge value {transformation:[-1.2038220325092979f,0f,1.4742567988555726e-16f,0.4375000000000001f,0f,1.2038220325092979f,0f,-0.9999999999999999f,-1.4742567988555726e-16f,0f,-1.2038220325092979f,-0.8139999999999997f,0f,0f,0f,1f],start_interpolation:0}
execute if entity @s[tag=aj.assembler.bone.bone6] run data modify entity @s {} merge value {transformation:[0.03476322559375654f,-0.7751543317858807f,-0.630814774763482f,0.27736822093592545f,0f,0.6311962846883602f,-0.775623136707261f,0.33634784932325085f,0.9993955764092203f,0.02696316207709158f,0.021942418838562436f,-0.05782363170474146f,0f,0f,0f,1f],start_interpolation:0}
execute if entity @s[tag=aj.assembler.bone.bone5] run data modify entity @s {} merge value {transformation:[0.03476322559375654f,-0.6269331821588242f,-0.7782970533507936f,0.17237358053154084f,0f,0.7787677589560453f,-0.6273123445386507f,0.256106733028149f,0.9993955764092203f,0.02180740055094544f,0.027072479289733213f,-0.05417147188267474f,0f,0f,0f,1f],start_interpolation:0}
execute if entity @s[tag=aj.assembler.bone.bone4] run data modify entity @s {} merge value {transformation:[0.03476322559375654f,-0.6269331821588242f,-0.7782970533507936f,0.9726262902966276f,0f,0.7787677589560453f,-0.6273123445386507f,0.26480439120628246f,0.9993955764092203f,0.02180740055094544f,0.027072479289733213f,-0.26962106017804294f,0f,0f,0f,1f],start_interpolation:0}
execute if entity @s[tag=aj.assembler.bone.bone3] run data modify entity @s {} merge value {transformation:[0.03476322559375654f,-0.4265401455794503f,-0.9038003221704333f,0.7958264256746188f,0f,0.9043469307896518f,-0.4267981124271015f,-0.234375f,0.9993955764092203f,0.014836879065292794f,0.031438016370061994f,-0.20093341016317823f,0f,0f,0f,1f],start_interpolation:0}
execute if entity @s[tag=aj.assembler.bone.octagon] run data modify entity @s {} merge value {transformation:[0.03476322559375654f,0f,-0.9993955764092203f,0.859375f,0f,1f,0f,-0.40625f,0.9993955764092203f,0f,0.03476322559375654f,-0.1718749999999999f,0f,0f,0f,1f],start_interpolation:0}
execute if entity @s[tag=aj.assembler.bone.bone10] run data modify entity @s {} merge value {transformation:[-0.9635553428869646f,-0.12872395015017005f,0.23450212334160328f,-0.5689522868327745f,0f,0.876613737000928f,0.48119471744946224f,0.8475129263242139f,-0.26750906749862513f,0.46365774096741263f,-0.8446658499353527f,-0.867508829193341f,0f,0f,0f,1f],start_interpolation:0}
execute if entity @s[tag=aj.assembler.bone.bone9] run data modify entity @s {} merge value {transformation:[-0.9635553428869646f,0.04488833925259543f,0.26371601808219364f,-0.5339483550024079f,0f,0.9858208566464723f,-0.16780118772170638f,0.8287042920976663f,-0.26750906749862513f,-0.16168573097202882f,-0.9498929535511129f,-0.9935913797871604f,0f,0f,0f,1f],start_interpolation:0}
execute if entity @s[tag=aj.assembler.bone.bone8] run data modify entity @s {} merge value {transformation:[-0.9635553428869646f,0.04488833925259543f,0.26371601808219364f,-0.9646158117837045f,0f,0.9858208566464723f,-0.16780118772170638f,0.28260890523978477f,-0.26750906749862513f,-0.16168573097202882f,-0.9498929535511129f,-0.14325785234391442f,0f,0f,0f,1f],start_interpolation:0}
execute if entity @s[tag=aj.assembler.bone.bone7] run data modify entity @s {} merge value {transformation:[-0.9635553428869646f,0.14222808972770232f,0.22656626334561075f,-0.8727667877465535f,0f,0.8469479762467311f,-0.5316757710593616f,-0.234375f,-0.26750906749862513f,-0.5122990298877945f,-0.8160812476598398f,-0.24045686728976734f,0f,0f,0f,1f],start_interpolation:0}
execute if entity @s[tag=aj.assembler.bone.octagon2] run data modify entity @s {} merge value {transformation:[-0.9635553428869646f,0f,0.26750906749862513f,-0.8593749999999999f,0f,1f,0f,-0.40625f,-0.26750906749862513f,0f,-0.9635553428869646f,-0.171875f,0f,0f,0f,1f],start_interpolation:0}