execute if entity @s[tag=aj.assembler.bone.bone21] run data modify entity @s {} merge value {transformation:[-0.2813411209756743f,0.959607822836054f,1.2246467991473532e-16f,0.7684594556761543f,0.959607822836054f,0.2813411209756743f,0f,0.5091027085707249f,-3.445435032713878e-17f,1.1751806486729334e-16f,-1f,-1.93115625f,0f,0f,0f,1f],start_interpolation:0}
execute if entity @s[tag=aj.assembler.bone.arm4] run data modify entity @s {} merge value {transformation:[0.2769031722092493f,0.9608978266290622f,1.2246467991473532e-16f,0.9147323976776416f,0.9608978266290622f,-0.2769031722092493f,0f,1.0166929645525349f,3.391085835198054e-17f,1.176760447688929e-16f,-1f,-1.93115625f,0f,0f,0f,1f],start_interpolation:0}
execute if entity @s[tag=aj.assembler.bone.small_arm_base4] run data modify entity @s {} merge value {transformation:[0.8686315144381915f,0.4954586684324075f,1.2246467991473532e-16f,0.9292693235446214f,0.4954586684324075f,-0.8686315144381915f,0f,1.0249846806754674f,1.063766803795249e-16f,6.067618724055576e-17f,-1f,-1.83740625f,0f,0f,0f,1f],start_interpolation:0}
execute if entity @s[tag=aj.assembler.bone.bone25] run data modify entity @s {} merge value {transformation:[-0.7901550123756903f,0.6129070536529766f,1.2246467991473532e-16f,2.6414183864572156e-16f,0.6129070536529766f,0.7901550123756903f,0f,0.5000000000000001f,-9.676608067361264e-17f,7.505946614309529e-17f,-1f,-2.27490625f,0f,0f,0f,1f],start_interpolation:0}
execute if entity @s[tag=aj.assembler.bone.bone16] run data modify entity @s {} merge value {transformation:[-0.41744456810270175f,-0.9087023894331683f,1.2246467991473532e-16f,-0.34221829300444995f,-0.9087023894331683f,0.41744456810270175f,0f,0.9161321264005012f,-5.112221541484229e-17f,-1.112839472596881e-16f,-1f,-1.93115625f,0f,0f,0f,1f],start_interpolation:0}
execute if entity @s[tag=aj.assembler.bone.arm3] run data modify entity @s {} merge value {transformation:[-0.3302906837092272f,0.9438792636004308f,1.2246467991473532e-16f,-0.5166929645525342f,0.9438792636004308f,0.3302906837092272f,0f,1.4147323976776416f,-4.044894285926959e-17f,1.1559187189498284e-16f,-1f,-1.93115625f,0f,0f,0f,1f],start_interpolation:0}
execute if entity @s[tag=aj.assembler.bone.small_arm_base3] run data modify entity @s {} merge value {transformation:[-0.49545866843240727f,0.8686315144381916f,1.2246467991473532e-16f,-0.5249846806754668f,0.8686315144381916f,0.49545866843240727f,0f,1.4292693235446214f,-6.067618724055573e-17f,1.0637668037952492e-16f,-1f,-1.83740625f,0f,0f,0f,1f],start_interpolation:0}
execute if entity @s[tag=aj.assembler.bone.bone15] run data modify entity @s {} merge value {transformation:[-0.6129070536529768f,-0.7901550123756902f,1.2246467991473532e-16f,2.6414183864572156e-16f,-0.7901550123756902f,0.6129070536529768f,0f,0.5000000000000001f,-7.505946614309531e-17f,-9.676608067361262e-17f,-1f,-2.27490625f,0f,0f,0f,1f],start_interpolation:0}
execute if entity @s[tag=aj.assembler.bone.bone26] run data modify entity @s {} merge value {transformation:[0.02704930381533205f,0.9996341006403828f,1.2246467991473532e-16f,0.4163514614283243f,0.9996341006403828f,-0.02704930381533205f,0f,0.10389581624850458f,3.312584333661068e-18f,1.2241987016677878e-16f,-1f,-1.93115625f,0f,0f,0f,1f],start_interpolation:0}
execute if entity @s[tag=aj.assembler.bone.arm5] run data modify entity @s {} merge value {transformation:[0.1899522915116847f,-0.9817933219112159f,1.2246467991473532e-16f,0.5166929645525351f,-0.9817933219112159f,-0.1899522915116847f,0f,-0.4147323976776411f,2.3262446579048956e-17f,-1.2023500491028173e-16f,-1f,-1.93115625f,0f,0f,0f,1f],start_interpolation:0}
execute if entity @s[tag=aj.assembler.bone.small_arm_base5] run data modify entity @s {} merge value {transformation:[0.4954586684324077f,-0.8686315144381913f,1.2246467991473532e-16f,0.5249846806754677f,-0.8686315144381913f,-0.4954586684324077f,0f,-0.4292693235446209f,6.067618724055578e-17f,-1.0637668037952489e-16f,-1f,-1.83740625f,0f,0f,0f,1f],start_interpolation:0}
execute if entity @s[tag=aj.assembler.bone.bone20] run data modify entity @s {} merge value {transformation:[0.6129070536529764f,0.7901550123756904f,1.2246467991473532e-16f,2.6414183864572156e-16f,0.7901550123756904f,-0.6129070536529764f,0f,0.5000000000000001f,7.505946614309526e-17f,9.676608067361265e-17f,-1f,-2.27490625f,0f,0f,0f,1f],start_interpolation:0}
execute if entity @s[tag=aj.assembler.bone.bone11] run data modify entity @s {} merge value {transformation:[-0.8626211439391822f,0.5058505332892882f,1.2246467991473532e-16f,-0.40294150147529917f,0.5058505332892882f,0.8626211439391822f,0f,0.11412645332513925f,-1.0564062228019477e-16f,6.194882364397084e-17f,-1f,-1.93115625f,0f,0f,0f,1f],start_interpolation:0}
execute if entity @s[tag=aj.assembler.bone.arm2] run data modify entity @s {} merge value {transformation:[0.9688498824669988f,0.24764875376969533f,1.2246467991473532e-16f,-0.9147323976776411f,0.24764875376969533f,-0.9688498824669988f,0f,-0.016692964552534596f,1.1864989074174992e-16f,3.0328225361688846e-17f,-1f,-1.93115625f,0f,0f,0f,1f],start_interpolation:0}
execute if entity @s[tag=aj.assembler.bone.small_arm_base2] run data modify entity @s {} merge value {transformation:[0.8686315144381915f,0.4954586684324075f,1.2246467991473532e-16f,-0.929269323544621f,0.4954586684324075f,-0.8686315144381915f,0f,-0.024984680675467108f,1.063766803795249e-16f,6.067618724055576e-17f,-1f,-1.83740625f,0f,0f,0f,1f],start_interpolation:0}
execute if entity @s[tag=aj.assembler.bone.bone2] run data modify entity @s {} merge value {transformation:[-0.7901550123756903f,0.6129070536529766f,1.2246467991473532e-16f,2.6414183864572156e-16f,0.6129070536529766f,0.7901550123756903f,0f,0.5000000000000001f,-9.676608067361264e-17f,7.505946614309529e-17f,-1f,-2.27490625f,0f,0f,0f,1f],start_interpolation:0}
execute if entity @s[tag=aj.assembler.bone.ring] run data modify entity @s {} merge value {transformation:[-1.4216857645210361f,1.102772518689873f,2.2034447591230768e-16f,2.220446049250313e-16f,1.102772518689873f,1.4216857645210361f,0f,0.5000000000000001f,-1.7410629209140448e-16f,1.3505068352012176e-16f,-1.7992491881391441f,-1.93115625f,0f,0f,0f,1f],start_interpolation:0}
execute if entity @s[tag=aj.assembler.bone.wheel] run data modify entity @s {} merge value {transformation:[-1f,-3.7843667304341524e-17f,1.1647083184890923e-16f,1.0625000000000002f,0f,0.9510565162951535f,0.3090169943749476f,-0.6249999999999999f,-1.2246467991473532e-16f,0.3090169943749476f,-0.9510565162951535f,-2.05615625f,0f,0f,0f,1f],start_interpolation:0}
execute if entity @s[tag=aj.assembler.bone.wheel2] run data modify entity @s {} merge value {transformation:[-1f,-3.7843667304341524e-17f,1.1647083184890923e-16f,1.0625000000000002f,0f,0.9510565162951535f,0.3090169943749476f,-0.6249999999999999f,-1.2246467991473532e-16f,0.3090169943749476f,-0.9510565162951535f,-1.8061562499999997f,0f,0f,0f,1f],start_interpolation:0}
execute if entity @s[tag=aj.assembler.bone.rails] run data modify entity @s {} merge value {transformation:[-1.137300743709099f,0f,1.3927917154512523e-16f,-0.43749999999999983f,0f,1.137300743709099f,0f,-0.9999999999999999f,-1.3927917154512523e-16f,0f,-1.137300743709099f,-1.49365625f,0f,0f,0f,1f],start_interpolation:0}
execute if entity @s[tag=aj.assembler.bone.wheel3] run data modify entity @s {} merge value {transformation:[-1f,-3.7843667304341524e-17f,1.1647083184890923e-16f,-1.0625f,0f,0.9510565162951535f,0.3090169943749476f,-0.6249999999999999f,-1.2246467991473532e-16f,0.3090169943749476f,-0.9510565162951535f,-1.8061562500000001f,0f,0f,0f,1f],start_interpolation:0}
execute if entity @s[tag=aj.assembler.bone.wheel4] run data modify entity @s {} merge value {transformation:[-1f,-3.7843667304341524e-17f,1.1647083184890923e-16f,-1.0625f,0f,0.9510565162951535f,0.3090169943749476f,-0.6249999999999999f,-1.2246467991473532e-16f,0.3090169943749476f,-0.9510565162951535f,-2.05615625f,0f,0f,0f,1f],start_interpolation:0}
execute if entity @s[tag=aj.assembler.bone.rails2] run data modify entity @s {} merge value {transformation:[-1.2038220325092979f,0f,1.4742567988555726e-16f,0.4375000000000001f,0f,1.2038220325092979f,0f,-0.9999999999999999f,-1.4742567988555726e-16f,0f,-1.2038220325092979f,-1.49365625f,0f,0f,0f,1f],start_interpolation:0}
execute if entity @s[tag=aj.assembler.bone.bone6] run data modify entity @s {} merge value {transformation:[0.4809887689193876f,0.3066840153610568f,-0.8213371529983476f,0.5754879251050556f,0f,0.9368222740453933f,0.349805698713468f,0.6328613541317221f,0.876726755707508f,-0.1682526123851772f,0.4506009922893549f,0.09080261667658798f,0f,0f,0f,1f],start_interpolation:0}
execute if entity @s[tag=aj.assembler.bone.bone5] run data modify entity @s {} merge value {transformation:[0.4809887689193876f,-0.1347572883966713f,-0.8663084193273136f,0.4605432117858317f,0f,0.9881167806133772f,-0.15370500274960103f,0.615923401595222f,0.876726755707508f,0.07393038004928167f,0.47527307385581685f,0.15386344582693073f,0f,0f,0f,1f],start_interpolation:0}
execute if entity @s[tag=aj.assembler.bone.bone4] run data modify entity @s {} merge value {transformation:[0.4809887689193876f,-0.1347572883966713f,-0.8663084193273136f,0.9537265957865927f,0f,0.9881167806133772f,-0.15370500274960103f,0.24746018077760168f,0.876726755707508f,0.07393038004928167f,0.47527307385581685f,-0.3305698921054599f,0f,0f,0f,1f],start_interpolation:0}
execute if entity @s[tag=aj.assembler.bone.bone3] run data modify entity @s {} merge value {transformation:[0.4809887689193876f,-0.3042641062991771f,-0.8222366799111892f,0.7895486787395499f,0f,0.9378482800466766f,-0.3470455353602612f,-0.234375f,0.876726755707508f,0.16692500481190184f,0.451094489652816f,-0.1692109130583978f,0f,0f,0f,1f],start_interpolation:0}
execute if entity @s[tag=aj.assembler.bone.octagon] run data modify entity @s {} merge value {transformation:[0.4809887689193876f,0f,-0.876726755707508f,0.859375f,0f,1f,0f,-0.40625f,0.876726755707508f,0f,0.4809887689193876f,-0.1718749999999999f,0f,0f,0f,1f],start_interpolation:0}
execute if entity @s[tag=aj.assembler.bone.bone10] run data modify entity @s {} merge value {transformation:[-0.8870492064652566f,0.09282484253221313f,0.45224689486853115f,-0.33841616257651097f,0f,0.9795787107663374f,-0.2010610589183303f,0.5793165655673639f,-0.4616748913568491f,-0.17835105276456908f,-0.8689345180555387f,-0.9697657457040847f,0f,0f,0f,1f],start_interpolation:0}
execute if entity @s[tag=aj.assembler.bone.bone9] run data modify entity @s {} merge value {transformation:[-0.8870492064652566f,0.14666895160693497f,0.4377578371016114f,-0.28006464446917834f,0f,0.9481950292229535f,-0.31768882032089557f,0.5405714656961125f,-0.4616748913568491f,-0.2818056159685339f,-0.8410956482465218f,-1.0818807183876313f,0f,0f,0f,1f],start_interpolation:0}
execute if entity @s[tag=aj.assembler.bone.bone8] run data modify entity @s {} merge value {transformation:[-0.8870492064652566f,0.14666895160693497f,0.4377578371016114f,-0.8141000597476968f,0f,0.9481950292229535f,-0.31768882032089557f,0.25010979884672746f,-0.4616748913568491f,-0.2818056159685339f,-0.8410956482465218f,-0.46192997663086377f,0f,0f,0f,1f],start_interpolation:0}
execute if entity @s[tag=aj.assembler.bone.bone7] run data modify entity @s {} merge value {transformation:[-0.8870492064652566f,0.4310074526936342f,0.16545779229731983f,-0.8582406069922361f,0f,0.35838594516380173f,-0.9335735184274715f,-0.234375f,-0.4616748913568491f,-0.8281256486980663f,-0.3179059682658513f,-0.24174291575898008f,0f,0f,0f,1f],start_interpolation:0}
execute if entity @s[tag=aj.assembler.bone.octagon2] run data modify entity @s {} merge value {transformation:[-0.8870492064652566f,0f,0.4616748913568491f,-0.8593749999999999f,0f,1f,0f,-0.40625f,-0.4616748913568491f,0f,-0.8870492064652566f,-0.171875f,0f,0f,0f,1f],start_interpolation:0}