execute if entity @s[tag=aj.assembler.bone.bone21] run data modify entity @s {} merge value {transformation:[0.9187283511697556f,0.3948901325139719f,1.2246467991473532e-16f,0.4015927968869806f,0.3948901325139719f,-0.9187283511697556f,0f,-0.055682405744355165f,1.1251177345459664e-16f,4.836009367981099e-17f,-1f,-1.6909687499999997f,0f,0f,0f,1f],start_interpolation:0}
execute if entity @s[tag=aj.assembler.bone.arm4] run data modify entity @s {} merge value {transformation:[0.9934837448157998f,0.11397389519874657f,1.2246467991473532e-16f,0.9263964277931919f,0.11397389519874657f,-0.9934837448157998f,0f,0.00452382746373442f,1.216666688093595e-16f,1.3957776594150088e-17f,-1f,-1.6909687499999997f,0f,0f,0f,1f],start_interpolation:0}
execute if entity @s[tag=aj.assembler.bone.small_arm_base4] run data modify entity @s {} merge value {transformation:[0.8837656300886937f,-0.46792981426057306f,1.2246467991473532e-16f,0.9411866296622702f,-0.46792981426057306f,-0.8837656300886937f,0f,-0.0033071813216826174f,1.0823007500845625e-16f,-5.730487492598262e-17f,-1f,-1.5972187499999997f,0f,0f,0f,1f],start_interpolation:0}
execute if entity @s[tag=aj.assembler.bone.bone25] run data modify entity @s {} merge value {transformation:[0.09410831331851388f,0.99556196460308f,1.2246467991473532e-16f,2.6414183864572156e-16f,0.99556196460308f,-0.09410831331851388f,0f,0.5000000000000001f,1.1524944467867426e-17f,1.2192117733040124e-16f,-1f,-2.0347187499999997f,0f,0f,0f,1f],start_interpolation:0}
execute if entity @s[tag=aj.assembler.bone.bone16] run data modify entity @s {} merge value {transformation:[-0.8728752125124571f,0.48794350429259054f,1.2246467991473532e-16f,0.47636156804347124f,0.48794350429259054f,0.8728752125124571f,0f,0.8984965571505349f,-1.0689638350584464e-16f,5.975584506966637e-17f,-1f,-1.6909687499999997f,0f,0f,0f,1f],start_interpolation:0}
execute if entity @s[tag=aj.assembler.bone.arm3] run data modify entity @s {} merge value {transformation:[0.03618505615020895f,0.9993451064128981f,1.2246467991473532e-16f,0.49547617253626614f,0.9993451064128981f,-0.03618505615020895f,0f,1.4263964277931918f,4.4313913191320544e-18f,1.2238447858121267e-16f,-1f,-1.6909687499999997f,0f,0f,0f,1f],start_interpolation:0}
execute if entity @s[tag=aj.assembler.bone.small_arm_base3] run data modify entity @s {} merge value {transformation:[0.4679298142605733f,0.8837656300886936f,1.2246467991473532e-16f,0.5033071813216832f,0.8837656300886936f,-0.4679298142605733f,0f,1.44118662966227f,5.730487492598265e-17f,1.0823007500845624e-16f,-1f,-1.5972187499999997f,0f,0f,0f,1f],start_interpolation:0}
execute if entity @s[tag=aj.assembler.bone.bone15] run data modify entity @s {} merge value {transformation:[-0.99556196460308f,0.0941083133185141f,1.2246467991473532e-16f,2.6414183864572156e-16f,0.0941083133185141f,0.99556196460308f,0f,0.5000000000000001f,-1.2192117733040124e-16f,1.1524944467867454e-17f,-1f,-2.0347187499999997f,0f,0f,0f,1f],start_interpolation:0}
execute if entity @s[tag=aj.assembler.bone.bone26] run data modify entity @s {} merge value {transformation:[0.48360977241516595f,-0.8752837185876083f,1.2246467991473532e-16f,-0.2990581119729927f,-0.8752837185876083f,-0.48360977241516595f,0f,0.0639744390147911f,5.92251159824613e-17f,-1.0719134043141073e-16f,-1f,-1.6909687499999997f,0f,0f,0f,1f],start_interpolation:0}
execute if entity @s[tag=aj.assembler.bone.arm5] run data modify entity @s {} merge value {transformation:[-0.3718307932071646f,-0.9283005231189579f,1.2246467991473532e-16f,-0.49547617253626525f,-0.9283005231189579f,0.3718307932071646f,0f,-0.42639642779319165f,-4.553613907255754e-17f,-1.1368402642844455e-16f,-1f,-1.6909687499999997f,0f,0f,0f,1f],start_interpolation:0}
execute if entity @s[tag=aj.assembler.bone.small_arm_base5] run data modify entity @s {} merge value {transformation:[-0.4679298142605729f,-0.8837656300886938f,1.2246467991473532e-16f,-0.5033071813216823f,-0.8837656300886938f,0.4679298142605729f,0f,-0.44118662966226996f,-5.73048749259826e-17f,-1.0823007500845627e-16f,-1f,-1.5972187499999997f,0f,0f,0f,1f],start_interpolation:0}
execute if entity @s[tag=aj.assembler.bone.bone20] run data modify entity @s {} merge value {transformation:[0.99556196460308f,-0.09410831331851366f,1.2246467991473532e-16f,2.6414183864572156e-16f,-0.09410831331851366f,-0.99556196460308f,0f,0.5000000000000001f,1.2192117733040124e-16f,-1.1524944467867398e-17f,-1f,-2.0347187499999997f,0f,0f,0f,1f],start_interpolation:0}
execute if entity @s[tag=aj.assembler.bone.bone11] run data modify entity @s {} merge value {transformation:[0.9855320179570173f,-0.16948935536360343f,1.2246467991473532e-16f,-0.4391086884499869f,-0.16948935536360343f,-0.9855320179570173f,0f,1.199422980834996f,1.2069286312482928e-16f,-2.0756459653558532e-17f,-1f,-1.6909687499999997f,0f,0f,0f,1f],start_interpolation:0}
execute if entity @s[tag=aj.assembler.bone.arm2] run data modify entity @s {} merge value {transformation:[0.9224639838134596f,0.3860831498097289f,1.2246467991473532e-16f,-0.9263964277931914f,0.3860831498097289f,-0.9224639838134596f,0f,0.995476172536266f,1.1296925651058691e-16f,4.728154936192125e-17f,-1f,-1.6909687499999997f,0f,0f,0f,1f],start_interpolation:0}
execute if entity @s[tag=aj.assembler.bone.small_arm_base2] run data modify entity @s {} merge value {transformation:[0.8837656300886937f,-0.46792981426057306f,1.2246467991473532e-16f,-0.9411866296622697f,-0.46792981426057306f,-0.8837656300886937f,0f,1.003307181321683f,1.0823007500845625e-16f,-5.730487492598262e-17f,-1f,-1.5972187499999997f,0f,0f,0f,1f],start_interpolation:0}
execute if entity @s[tag=aj.assembler.bone.bone2] run data modify entity @s {} merge value {transformation:[0.09410831331851388f,0.99556196460308f,1.2246467991473532e-16f,2.6414183864572156e-16f,0.99556196460308f,-0.09410831331851388f,0f,0.5000000000000001f,1.1524944467867426e-17f,1.2192117733040124e-16f,-1f,-2.0347187499999997f,0f,0f,0f,1f],start_interpolation:0}
execute if entity @s[tag=aj.assembler.bone.ring] run data modify entity @s {} merge value {transformation:[0.16932430633548032f,1.791264056554303f,2.2034447591230768e-16f,2.220446049250313e-16f,1.791264056554303f,-0.16932430633548032f,0f,0.5000000000000001f,2.0736246977159185e-17f,2.1936657932869305e-16f,-1.7992491881391441f,-1.6909687499999997f,0f,0f,0f,1f],start_interpolation:0}
execute if entity @s[tag=aj.assembler.bone.wheel] run data modify entity @s {} merge value {transformation:[-1f,-9.907600726170914e-17f,-7.19829327805997e-17f,1.0625000000000002f,0f,-0.5877852522924734f,0.8090169943749472f,-0.6249999999999999f,-1.2246467991473532e-16f,0.8090169943749472f,0.5877852522924734f,-1.8159687499999995f,0f,0f,0f,1f],start_interpolation:0}
execute if entity @s[tag=aj.assembler.bone.wheel2] run data modify entity @s {} merge value {transformation:[-1f,-9.907600726170914e-17f,-7.19829327805997e-17f,1.0625000000000002f,0f,-0.5877852522924734f,0.8090169943749472f,-0.6249999999999999f,-1.2246467991473532e-16f,0.8090169943749472f,0.5877852522924734f,-1.5659687499999995f,0f,0f,0f,1f],start_interpolation:0}
execute if entity @s[tag=aj.assembler.bone.rails] run data modify entity @s {} merge value {transformation:[-1.137300743709099f,0f,1.3927917154512523e-16f,-0.43749999999999983f,0f,1.137300743709099f,0f,-0.9999999999999999f,-1.3927917154512523e-16f,0f,-1.137300743709099f,-1.2534687499999997f,0f,0f,0f,1f],start_interpolation:0}
execute if entity @s[tag=aj.assembler.bone.wheel3] run data modify entity @s {} merge value {transformation:[-1f,-9.907600726170914e-17f,-7.19829327805997e-17f,-1.0625f,0f,-0.5877852522924734f,0.8090169943749472f,-0.6249999999999999f,-1.2246467991473532e-16f,0.8090169943749472f,0.5877852522924734f,-1.56596875f,0f,0f,0f,1f],start_interpolation:0}
execute if entity @s[tag=aj.assembler.bone.wheel4] run data modify entity @s {} merge value {transformation:[-1f,-9.907600726170914e-17f,-7.19829327805997e-17f,-1.0625f,0f,-0.5877852522924734f,0.8090169943749472f,-0.6249999999999999f,-1.2246467991473532e-16f,0.8090169943749472f,0.5877852522924734f,-1.81596875f,0f,0f,0f,1f],start_interpolation:0}
execute if entity @s[tag=aj.assembler.bone.rails2] run data modify entity @s {} merge value {transformation:[-1.2038220325092979f,0f,1.4742567988555726e-16f,0.4375000000000001f,0f,1.2038220325092979f,0f,-0.9999999999999999f,-1.4742567988555726e-16f,0f,-1.2038220325092979f,-1.2534687499999997f,0f,0f,0f,1f],start_interpolation:0}
execute if entity @s[tag=aj.assembler.bone.bone6] run data modify entity @s {} merge value {transformation:[-0.9195065225059874f,0.0818220674029784f,-0.38446443834878735f,0.29042318880314605f,0f,0.9780949891810281f,0.20815905490505282f,0.38372987158813976f,0.39307474488822863f,0.19140360870387796f,-0.8993647221823784f,-1.2643005678374966f,0f,0f,0f,1f],start_interpolation:0}
execute if entity @s[tag=aj.assembler.bone.bone5] run data modify entity @s {} merge value {transformation:[-0.9195065225059874f,-0.2038624929369955f,-0.3360771325789059f,0.2453136727270785f,0f,0.8549954860988842f,-0.5186354391579242f,0.3181109636855961f,0.39307474488822863f,-0.4768886691084685f,-0.7861739261811013f,-1.3698237407160474f,0f,0f,0f,1f],start_interpolation:0}
execute if entity @s[tag=aj.assembler.bone.bone4] run data modify entity @s {} merge value {transformation:[-0.9195065225059874f,-0.2038624929369955f,-0.3360771325789059f,0.7922554617561175f,0f,0.8549954860988842f,-0.5186354391579242f,0.1827023871136335f,0.39307474488822863f,-0.4768886691084685f,-0.7861739261811013f,-0.5673897340922328f,0f,0f,0f,1f],start_interpolation:0}
execute if entity @s[tag=aj.assembler.bone.bone3] run data modify entity @s {} merge value {transformation:[-0.9195065225059874f,-0.39026492094886f,-0.04691531248671456f,0.8635424072727979f,0f,0.11935468532849902f,-0.992851680307857f,-0.234375f,0.39307474488822863f,-0.912933595924104f,-0.10974741165120454f,-0.24162774343438126f,0f,0f,0f,1f],start_interpolation:0}
execute if entity @s[tag=aj.assembler.bone.octagon] run data modify entity @s {} merge value {transformation:[-0.9195065225059874f,0f,-0.39307474488822863f,0.859375f,0f,1f,0f,-0.40625f,0.39307474488822863f,0f,-0.9195065225059874f,-0.1718749999999999f,0f,0f,0f,1f],start_interpolation:0}
execute if entity @s[tag=aj.assembler.bone.bone10] run data modify entity @s {} merge value {transformation:[0.9339788937118592f,0.3374202685265168f,0.11760522304840353f,-1.0318622978571117f,0f,-0.32912384359205593f,0.9442867655427518f,0.894026130856008f,0.357328177031663f,-0.8819439086283689f,-0.30739472333230333f,0.01660578590221426f,0f,0f,0f,1f],start_interpolation:0}
execute if entity @s[tag=aj.assembler.bone.bone9] run data modify entity @s {} merge value {transformation:[0.9339788937118592f,0.1510204783080663f,-0.3238460146927461f,-1.074143494047124f,0f,0.9062985667207824f,0.42263803420877255f,0.952973725938749f,0.357328177031663f,-0.3947350036308642f,0.8464637327185198f,0.12711972625364204f,0f,0f,0f,1f],start_interpolation:0}
execute if entity @s[tag=aj.assembler.bone.bone8] run data modify entity @s {} merge value {transformation:[0.9339788937118592f,0.1510204783080663f,-0.3238460146927461f,-0.7771371426920513f,0f,0.9062985667207824f,0.42263803420877255f,0.2938142023313277f,0.357328177031663f,-0.3947350036308642f,0.8464637327185198f,-0.12446318615698691f,0f,0f,0f,1f],start_interpolation:0}
execute if entity @s[tag=aj.assembler.bone.bone7] run data modify entity @s {} merge value {transformation:[0.9339788937118592f,-0.2289687169465611f,-0.27432964251173636f,-0.8525211706359832f,0f,0.7677246300322628f,-0.6407799095179446f,-0.234375f,0.357328177031663f,0.5984749110043551f,0.7170386006328792f,-0.10233481361076933f,0f,0f,0f,1f],start_interpolation:0}
execute if entity @s[tag=aj.assembler.bone.octagon2] run data modify entity @s {} merge value {transformation:[0.9339788937118592f,0f,-0.357328177031663f,-0.8593749999999999f,0f,1f,0f,-0.40625f,0.357328177031663f,0f,0.9339788937118592f,-0.171875f,0f,0f,0f,1f],start_interpolation:0}