execute if entity @s[tag=aj.assembler.bone.bone21] run data modify entity @s {} merge value {transformation:[0.1305261922200514f,0.9914448613738105f,1.2246467991473532e-16f,0.7090849787975049f,0.9914448613738105f,-0.1305261922200514f,0f,1.036199834937511f,1.598484835071781e-17f,1.2141697760125282e-16f,-1f,-1.0625f,0f,0f,0f,1f],start_interpolation:0}
execute if entity @s[tag=aj.assembler.bone.arm4] run data modify entity @s {} merge value {transformation:[-0.573576436351046f,0.8191520442889918f,1.2246467991473532e-16f,0.4060956264603057f,0.8191520442889918f,0.573576436351046f,0f,1.4689134745419663f,-7.024285468436541e-17f,1.0031719290535247e-16f,-1f,-1.0625f,0f,0f,0f,1f],start_interpolation:0}
execute if entity @s[tag=aj.assembler.bone.small_arm_base4] run data modify entity @s {} merge value {transformation:[0.38268343236508984f,0.9238795325112868f,1.2246467991473532e-16f,0.4125000000000002f,0.9238795325112868f,-0.38268343236508984f,0f,1.484375f,4.686520405326299e-17f,1.1314261122877005e-16f,-1f,-0.96875f,0f,0f,0f,1f],start_interpolation:0}
execute if entity @s[tag=aj.assembler.bone.bone25] run data modify entity @s {} merge value {transformation:[-1f,0f,1.2246467991473532e-16f,1.531195361832059e-16f,0f,1f,0f,0.5000000000000001f,-1.2246467991473532e-16f,0f,-1f,-1.40625f,0f,0f,0f,1f],start_interpolation:0}
execute if entity @s[tag=aj.assembler.bone.bone16] run data modify entity @s {} merge value {transformation:[-0.8870108331782219f,-0.4617486132350337f,1.2246467991473532e-16f,-0.5642537030236057f,-0.4617486132350337f,0.8870108331782219f,0f,1.2456454914936441f,-1.0862749776607363e-16f,-5.654789612090133e-17f,-1f,-1.0625f,0f,0f,0f,1f],start_interpolation:0}
execute if entity @s[tag=aj.assembler.bone.arm3] run data modify entity @s {} merge value {transformation:[-0.7660444431189783f,-0.6427876096865391f,1.2246467991473532e-16f,-0.968913474541966f,-0.6427876096865391f,0.7660444431189783f,0f,0.906095626460306f,-9.381338752702734e-17f,-7.871877887341985e-17f,-1f,-1.0625f,0f,0f,0f,1f],start_interpolation:0}
execute if entity @s[tag=aj.assembler.bone.small_arm_base3] run data modify entity @s {} merge value {transformation:[-0.9238795325112867f,0.38268343236509006f,1.2246467991473532e-16f,-0.9843749999999998f,0.38268343236509006f,0.9238795325112867f,0f,0.9125000000000004f,-1.1314261122877005e-16f,4.6865204053263017e-17f,-1f,-0.9687500000000001f,0f,0f,0f,1f],start_interpolation:0}
execute if entity @s[tag=aj.assembler.bone.bone15] run data modify entity @s {} merge value {transformation:[-2.220446049250313e-16f,-1f,1.2246467991473532e-16f,1.531195361832059e-16f,-1f,2.220446049250313e-16f,0f,0.5000000000000001f,-2.719262146893782e-32f,-1.2246467991473532e-16f,-1f,-1.40625f,0f,0f,0f,1f],start_interpolation:0}
execute if entity @s[tag=aj.assembler.bone.bone26] run data modify entity @s {} merge value {transformation:[0.9990482215818577f,-0.04361938736533577f,1.2246467991473532e-16f,0.5953872763112067f,-0.04361938736533577f,-0.9990482215818577f,0f,-0.27962182469106517f,1.2234812067540777e-16f,-5.341834311772719e-18f,-1f,-1.0625f,0f,0f,0f,1f],start_interpolation:0}
execute if entity @s[tag=aj.assembler.bone.arm5] run data modify entity @s {} merge value {transformation:[0.7071067811865475f,0.7071067811865477f,1.2246467991473532e-16f,0.9689134745419664f,0.7071067811865477f,-0.7071067811865475f,0f,0.09390437353969472f,8.659560562354933e-17f,8.659560562354933e-17f,-1f,-1.0625f,0f,0f,0f,1f],start_interpolation:0}
execute if entity @s[tag=aj.assembler.bone.small_arm_base5] run data modify entity @s {} merge value {transformation:[0.923879532511287f,-0.3826834323650896f,1.2246467991473532e-16f,0.9843750000000002f,-0.3826834323650896f,-0.923879532511287f,0f,0.08750000000000024f,1.1314261122877005e-16f,-4.686520405326297e-17f,-1f,-0.9687499999999999f,0f,0f,0f,1f],start_interpolation:0}
execute if entity @s[tag=aj.assembler.bone.bone20] run data modify entity @s {} merge value {transformation:[-2.220446049250313e-16f,1f,1.2246467991473532e-16f,1.531195361832059e-16f,1f,2.220446049250313e-16f,0f,0.5000000000000001f,-2.719262146893782e-32f,1.2246467991473532e-16f,-1f,-1.40625f,0f,0f,0f,1f],start_interpolation:0}
execute if entity @s[tag=aj.assembler.bone.bone11] run data modify entity @s {} merge value {transformation:[-0.0871557427476583f,0.9961946980917455f,1.2246467991473532e-16f,-0.8251812086341809f,0.9961946980917455f,0.0871557427476583f,0f,-0.14733779706707723f,-1.0673500138322989e-17f,1.2199866483456202e-16f,-1f,-1.0625f,0f,0f,0f,1f],start_interpolation:0}
execute if entity @s[tag=aj.assembler.bone.arm2] run data modify entity @s {} merge value {transformation:[-0.7933533402912353f,0.6087614290087207f,1.2246467991473532e-16f,-0.4060956264603055f,0.6087614290087207f,0.7933533402912353f,0f,-0.4689134745419661f,-9.715776287805221e-17f,7.455177354798985e-17f,-1f,-1.0625f,0f,0f,0f,1f],start_interpolation:0}
execute if entity @s[tag=aj.assembler.bone.small_arm_base2] run data modify entity @s {} merge value {transformation:[0.38268343236508984f,0.9238795325112868f,1.2246467991473532e-16f,-0.4125f,0.9238795325112868f,-0.38268343236508984f,0f,-0.4843749999999999f,4.686520405326299e-17f,1.1314261122877005e-16f,-1f,-0.96875f,0f,0f,0f,1f],start_interpolation:0}
execute if entity @s[tag=aj.assembler.bone.bone2] run data modify entity @s {} merge value {transformation:[-1f,0f,1.2246467991473532e-16f,1.531195361832059e-16f,0f,1f,0f,0.5000000000000001f,-1.2246467991473532e-16f,0f,-1f,-1.40625f,0f,0f,0f,1f],start_interpolation:0}
execute if entity @s[tag=aj.assembler.bone.ring] run data modify entity @s {} merge value {transformation:[-1.7992491881391441f,0f,2.2034447591230768e-16f,1.1102230246251565e-16f,0f,1.7992491881391441f,0f,0.5000000000000001f,-2.2034447591230768e-16f,0f,-1.7992491881391441f,-1.0625f,0f,0f,0f,1f],start_interpolation:0}
execute if entity @s[tag=aj.assembler.bone.wheel] run data modify entity @s {} merge value {transformation:[-1f,0f,1.2246467991473532e-16f,1.0625f,0f,1f,0f,-0.6249999999999999f,-1.2246467991473532e-16f,0f,-1f,-1.1874999999999998f,0f,0f,0f,1f],start_interpolation:0}
execute if entity @s[tag=aj.assembler.bone.wheel2] run data modify entity @s {} merge value {transformation:[-1f,0f,1.2246467991473532e-16f,1.0625f,0f,1f,0f,-0.6249999999999999f,-1.2246467991473532e-16f,0f,-1f,-0.9374999999999998f,0f,0f,0f,1f],start_interpolation:0}
execute if entity @s[tag=aj.assembler.bone.rails] run data modify entity @s {} merge value {transformation:[-1.137300743709099f,0f,1.3927917154512523e-16f,-0.43749999999999994f,0f,1.137300743709099f,0f,-0.9999999999999999f,-1.3927917154512523e-16f,0f,-1.137300743709099f,-0.625f,0f,0f,0f,1f],start_interpolation:0}
execute if entity @s[tag=aj.assembler.bone.wheel3] run data modify entity @s {} merge value {transformation:[-1f,0f,1.2246467991473532e-16f,-1.0625f,0f,1f,0f,-0.6249999999999999f,-1.2246467991473532e-16f,0f,-1f,-0.9375f,0f,0f,0f,1f],start_interpolation:0}
execute if entity @s[tag=aj.assembler.bone.wheel4] run data modify entity @s {} merge value {transformation:[-1f,0f,1.2246467991473532e-16f,-1.0625f,0f,1f,0f,-0.6249999999999999f,-1.2246467991473532e-16f,0f,-1f,-1.1875f,0f,0f,0f,1f],start_interpolation:0}
execute if entity @s[tag=aj.assembler.bone.rails2] run data modify entity @s {} merge value {transformation:[-1.2038220325092979f,0f,1.4742567988555726e-16f,0.4375f,0f,1.2038220325092979f,0f,-0.9999999999999999f,-1.4742567988555726e-16f,0f,-1.2038220325092979f,-0.6249999999999999f,0f,0f,0f,1f],start_interpolation:0}
execute if entity @s[tag=aj.assembler.bone.bone6] run data modify entity @s {} merge value {transformation:[-0.7071067811865476f,0f,-0.7071067811865475f,0.6684296525753377f,0f,1f,0f,0.62365625f,0.7071067811865475f,0f,-0.7071067811865476f,-0.23023782595218462f,0f,0f,0f,1f],start_interpolation:0}
execute if entity @s[tag=aj.assembler.bone.bone5] run data modify entity @s {} merge value {transformation:[-0.7071067811865476f,0f,-0.7071067811865475f,0.5749839817282644f,0f,1f,0f,0.6270713238171903f,0.7071067811865475f,0f,-0.7071067811865476f,-0.323683496799258f,0f,0f,0f,1f],start_interpolation:0}
execute if entity @s[tag=aj.assembler.bone.bone4] run data modify entity @s {} merge value {transformation:[-0.7071067811865476f,0f,-0.7071067811865475f,1.146637129857035f,0f,1f,0f,0.140625f,0.7071067811865475f,0f,-0.7071067811865476f,-0.01719539161544259f,0f,0f,0f,1f],start_interpolation:0}
execute if entity @s[tag=aj.assembler.bone.bone3] run data modify entity @s {} merge value {transformation:[-0.7071067811865476f,0f,-0.7071067811865475f,0.8372779130879204f,0f,1f,0f,-0.234375f,0.7071067811865475f,0f,-0.7071067811865476f,-0.23816626073623873f,0f,0f,0f,1f],start_interpolation:0}
execute if entity @s[tag=aj.assembler.bone.octagon] run data modify entity @s {} merge value {transformation:[-0.7071067811865476f,0f,-0.7071067811865475f,0.859375f,0f,1f,0f,-0.40625f,0.7071067811865475f,0f,-0.7071067811865476f,-0.1718749999999999f,0f,0f,0f,1f],start_interpolation:0}
execute if entity @s[tag=aj.assembler.bone.machine_arm_root] run data modify entity @s {} merge value {transformation:[-1f,0f,1.2246467991473532e-16f,0.8589150429449561f,0f,1f,0f,-0.297334957055045f,-1.2246467991473532e-16f,0f,-1f,-0.062499999999999445f,0f,0f,0f,1f],start_interpolation:0}
execute if entity @s[tag=aj.assembler.bone.bone10] run data modify entity @s {} merge value {transformation:[-0.7071067811865474f,-0.541675220419702f,0.4545194776720437f,-0.6684296525753375f,0f,0.6427876096865393f,0.766044443118978f,0.62365625f,-0.7071067811865477f,0.5416752204197017f,-0.45451947767204354f,-0.23023782595218467f,0f,0f,0f,1f],start_interpolation:0}
execute if entity @s[tag=aj.assembler.bone.bone9] run data modify entity @s {} merge value {transformation:[-0.7071067811865474f,0f,0.7071067811865477f,-0.574983981728264f,0f,1f,0f,0.6270713238171903f,-0.7071067811865477f,0f,-0.7071067811865474f,-0.323683496799258f,0f,0f,0f,1f],start_interpolation:0}
execute if entity @s[tag=aj.assembler.bone.bone8] run data modify entity @s {} merge value {transformation:[-0.7071067811865474f,0f,0.7071067811865477f,-1.1466371298570348f,0f,1f,0f,0.140625f,-0.7071067811865477f,0f,-0.7071067811865474f,-0.017195391615442812f,0f,0f,0f,1f],start_interpolation:0}
execute if entity @s[tag=aj.assembler.bone.bone7] run data modify entity @s {} merge value {transformation:[-0.7071067811865474f,0f,0.7071067811865477f,-0.8372779130879202f,0f,1f,0f,-0.234375f,-0.7071067811865477f,0f,-0.7071067811865474f,-0.2381662607362388f,0f,0f,0f,1f],start_interpolation:0}
execute if entity @s[tag=aj.assembler.bone.octagon2] run data modify entity @s {} merge value {transformation:[-0.7071067811865474f,0f,0.7071067811865477f,-0.8593749999999999f,0f,1f,0f,-0.40625f,-0.7071067811865477f,0f,-0.7071067811865474f,-0.171875f,0f,0f,0f,1f],start_interpolation:0}
execute if entity @s[tag=aj.assembler.bone.machine_arm_root2] run data modify entity @s {} merge value {transformation:[-1f,0f,1.2246467991473532e-16f,-0.858915042944956f,0f,1f,0f,-0.297334957055045f,-1.2246467991473532e-16f,0f,-1f,-0.062499999999999556f,0f,0f,0f,1f],start_interpolation:0}
execute if entity @s[tag=aj.assembler.bone.base] run data modify entity @s {} merge value {transformation:[-2.290514517383802f,0f,2.8050712721146177e-16f,0.5000000000000001f,0f,2.290514517383802f,0f,-0.7144235124920634f,-2.8050712721146177e-16f,0f,-2.290514517383802f,-0.8749999999999999f,0f,0f,0f,1f],start_interpolation:0}