execute if entity @s[tag=aj.assembler.bone.bone21] run data modify entity @s {} merge value {transformation:[-0.03759616519763426f,-0.9992930142668028f,1.2246467991473532e-16f,-0.5204058125138284f,-0.9992930142668028f,0.03759616519763426f,0f,0.6171577839711859f,-4.604202336949777e-18f,-1.2237809913321507e-16f,-1f,-1.5654062499999997f,0f,0f,0f,1f],start_interpolation:0}
execute if entity @s[tag=aj.assembler.bone.arm4] run data modify entity @s {} merge value {transformation:[-0.8722933909463843f,0.48898286279915637f,1.2246467991473532e-16f,-0.9811911461168764f,0.48898286279915637f,0.8722933909463843f,0f,0.8754609350665172f,-1.0682513091398805e-16f,5.988312977648963e-17f,-1f,-1.5654062499999997f,0f,0f,0f,1f],start_interpolation:0}
execute if entity @s[tag=aj.assembler.bone.small_arm_base4] run data modify entity @s {} merge value {transformation:[-0.9354440308298674f,0.35347484377925714f,1.2246467991473532e-16f,-0.9968462084797447f,0.35347484377925714f,0.9354440308298674f,0f,0.8813764901833319f,-1.1455885381372952e-16f,4.32881836013378e-17f,-1f,-1.4716562499999997f,0f,0f,0f,1f],start_interpolation:0}
execute if entity @s[tag=aj.assembler.bone.bone25] run data modify entity @s {} merge value {transformation:[0.03141075907812829f,-0.9995065603657315f,1.2246467991473532e-16f,2.6414183864572156e-16f,-0.9995065603657315f,-0.03141075907812829f,0f,0.5000000000000001f,3.846708556381848e-18f,-1.224042509878674e-16f,-1f,-1.9091562499999997f,0f,0f,0f,1f],start_interpolation:0}
execute if entity @s[tag=aj.assembler.bone.bone16] run data modify entity @s {} merge value {transformation:[-0.4756649893381316f,-0.8796265218363731f,1.2246467991473532e-16f,-0.49081087404603185f,-0.8796265218363731f,0.4756649893381316f,0f,0.03430670364282146f,-5.825216066594027e-17f,-1.0772318044120338e-16f,-1f,-1.5654062499999997f,0f,0f,0f,1f],start_interpolation:0}
execute if entity @s[tag=aj.assembler.bone.arm3] run data modify entity @s {} merge value {transformation:[0.21836413201592808f,-0.9758673607867673f,1.2246467991473532e-16f,-0.3754609350665171f,-0.9758673607867673f,-0.21836413201592808f,0f,-0.48119114611687647f,2.6741893532189633e-17f,-1.1950928397798899e-16f,-1f,-1.5654062499999997f,0f,0f,0f,1f],start_interpolation:0}
execute if entity @s[tag=aj.assembler.bone.small_arm_base3] run data modify entity @s {} merge value {transformation:[-0.35347484377925736f,-0.9354440308298673f,1.2246467991473532e-16f,-0.3813764901833318f,-0.9354440308298673f,0.35347484377925736f,0f,-0.4968462084797447f,-4.328818360133783e-17f,-1.145588538137295e-16f,-1f,-1.4716562499999997f,0f,0f,0f,1f],start_interpolation:0}
execute if entity @s[tag=aj.assembler.bone.bone15] run data modify entity @s {} merge value {transformation:[0.9995065603657315f,0.03141075907812807f,1.2246467991473532e-16f,2.6414183864572156e-16f,0.03141075907812807f,-0.9995065603657315f,0f,0.5000000000000001f,1.224042509878674e-16f,3.846708556381821e-18f,-1f,-1.9091562499999997f,0f,0f,0f,1f],start_interpolation:0}
execute if entity @s[tag=aj.assembler.bone.bone26] run data modify entity @s {} merge value {transformation:[-0.892107538621187f,0.4518231285970737f,1.2246467991473532e-16f,0.5616588103010489f,0.4518231285970737f,0.892107538621187f,0f,0.9868491665242113f,-1.0925166416676603e-16f,5.5332374821714935e-17f,-1f,-1.5654062499999997f,0f,0f,0f,1f],start_interpolation:0}
execute if entity @s[tag=aj.assembler.bone.arm5] run data modify entity @s {} merge value {transformation:[-0.35248338896840953f,0.9358180701938519f,1.2246467991473532e-16f,0.3754609350665171f,0.9358180701938519f,0.35248338896840953f,0f,1.481191146116877f,-4.316676540527742e-17f,1.146046604247154e-16f,-1f,-1.5654062499999997f,0f,0f,0f,1f],start_interpolation:0}
execute if entity @s[tag=aj.assembler.bone.small_arm_base5] run data modify entity @s {} merge value {transformation:[0.353474843779257f,0.9354440308298675f,1.2246467991473532e-16f,0.3813764901833318f,0.9354440308298675f,-0.353474843779257f,0f,1.4968462084797451f,4.328818360133777e-17f,1.1455885381372952e-16f,-1f,-1.4716562499999997f,0f,0f,0f,1f],start_interpolation:0}
execute if entity @s[tag=aj.assembler.bone.bone20] run data modify entity @s {} merge value {transformation:[-0.9995065603657315f,-0.031410759078128514f,1.2246467991473532e-16f,2.6414183864572156e-16f,-0.031410759078128514f,0.9995065603657315f,0f,0.5000000000000001f,-1.224042509878674e-16f,-3.846708556381875e-18f,-1f,-1.9091562499999997f,0f,0f,0f,1f],start_interpolation:0}
execute if entity @s[tag=aj.assembler.bone.bone11] run data modify entity @s {} merge value {transformation:[-0.4302348268970722f,-0.9027170064449026f,1.2246467991473532e-16f,0.46399733631502016f,-0.9027170064449026f,0.4302348268970722f,0f,0.017048578693581215f,-5.268857036412151e-17f,-1.1055094924786307e-16f,-1f,-1.5654062499999997f,0f,0f,0f,1f],start_interpolation:0}
execute if entity @s[tag=aj.assembler.bone.arm2] run data modify entity @s {} merge value {transformation:[-0.9790779116185757f,-0.20348573163887557f,1.2246467991473532e-16f,0.981191146116877f,-0.20348573163887557f,0.9790779116185757f,0f,0.12453906493348299f,-1.199024630579564e-16f,-2.4919814992370633e-17f,-1f,-1.5654062499999997f,0f,0f,0f,1f],start_interpolation:0}
execute if entity @s[tag=aj.assembler.bone.small_arm_base2] run data modify entity @s {} merge value {transformation:[-0.9354440308298674f,0.35347484377925714f,1.2246467991473532e-16f,0.9968462084797451f,0.35347484377925714f,0.9354440308298674f,0f,0.1186235098166683f,-1.1455885381372952e-16f,4.32881836013378e-17f,-1f,-1.4716562499999997f,0f,0f,0f,1f],start_interpolation:0}
execute if entity @s[tag=aj.assembler.bone.bone2] run data modify entity @s {} merge value {transformation:[0.03141075907812829f,-0.9995065603657315f,1.2246467991473532e-16f,2.6414183864572156e-16f,-0.9995065603657315f,-0.03141075907812829f,0f,0.5000000000000001f,3.846708556381848e-18f,-1.224042509878674e-16f,-1f,-1.9091562499999997f,0f,0f,0f,1f],start_interpolation:0}
execute if entity @s[tag=aj.assembler.bone.ring] run data modify entity @s {} merge value {transformation:[0.05651578277015658f,-1.798361367277791f,2.2034447591230768e-16f,2.220446049250313e-16f,-1.798361367277791f,-0.05651578277015658f,0f,0.5000000000000001f,6.921187247077939e-18f,-2.2023574921470044e-16f,-1.7992491881391441f,-1.5654062499999997f,0f,0f,0f,1f],start_interpolation:0}
execute if entity @s[tag=aj.assembler.bone.wheel] run data modify entity @s {} merge value {transformation:[-1f,-3.784366730434133e-17f,-1.164708318489093e-16f,1.0625000000000002f,0f,-0.9510565162951541f,0.30901699437494606f,-0.6249999999999999f,-1.2246467991473532e-16f,0.30901699437494606f,0.9510565162951541f,-1.6904062499999994f,0f,0f,0f,1f],start_interpolation:0}
execute if entity @s[tag=aj.assembler.bone.wheel2] run data modify entity @s {} merge value {transformation:[-1f,-3.784366730434133e-17f,-1.164708318489093e-16f,1.0625000000000002f,0f,-0.9510565162951541f,0.30901699437494606f,-0.6249999999999999f,-1.2246467991473532e-16f,0.30901699437494606f,0.9510565162951541f,-1.4404062499999994f,0f,0f,0f,1f],start_interpolation:0}
execute if entity @s[tag=aj.assembler.bone.rails] run data modify entity @s {} merge value {transformation:[-1.137300743709099f,0f,1.3927917154512523e-16f,-0.43749999999999983f,0f,1.137300743709099f,0f,-0.9999999999999999f,-1.3927917154512523e-16f,0f,-1.137300743709099f,-1.1279062499999997f,0f,0f,0f,1f],start_interpolation:0}
execute if entity @s[tag=aj.assembler.bone.wheel3] run data modify entity @s {} merge value {transformation:[-1f,-3.784366730434133e-17f,-1.164708318489093e-16f,-1.0625f,0f,-0.9510565162951541f,0.30901699437494606f,-0.6249999999999999f,-1.2246467991473532e-16f,0.30901699437494606f,0.9510565162951541f,-1.4404062499999999f,0f,0f,0f,1f],start_interpolation:0}
execute if entity @s[tag=aj.assembler.bone.wheel4] run data modify entity @s {} merge value {transformation:[-1f,-3.784366730434133e-17f,-1.164708318489093e-16f,-1.0625f,0f,-0.9510565162951541f,0.30901699437494606f,-0.6249999999999999f,-1.2246467991473532e-16f,0.30901699437494606f,0.9510565162951541f,-1.6904062499999999f,0f,0f,0f,1f],start_interpolation:0}
execute if entity @s[tag=aj.assembler.bone.rails2] run data modify entity @s {} merge value {transformation:[-1.2038220325092979f,0f,1.4742567988555726e-16f,0.4375000000000001f,0f,1.2038220325092979f,0f,-0.9999999999999999f,-1.4742567988555726e-16f,0f,-1.2038220325092979f,-1.1279062499999997f,0f,0f,0f,1f],start_interpolation:0}
execute if entity @s[tag=aj.assembler.bone.bone6] run data modify entity @s {} merge value {transformation:[0.16266097167637217f,-0.23494497619881954f,-0.9583017616869095f,0.3200414904619361f,0f,0.971236672412018f,-0.23811620306486947f,0.2294767427259291f,0.986682019848998f,0.03873221296242f,0.15798230086226522f,0.01205306301148873f,0f,0f,0f,1f],start_interpolation:0}
execute if entity @s[tag=aj.assembler.bone.bone5] run data modify entity @s {} merge value {transformation:[0.16266097167637217f,-0.7423418969122407f,-0.6499768583434601f,0.23161050851866904f,0f,0.6587500788176243f,-0.7523618369227494f,0.132300199787436f,0.986682019848998f,0.12237990744607466f,0.10715292791236151f,0.026631487630383588f,0f,0f,0f,1f],start_interpolation:0}
execute if entity @s[tag=aj.assembler.bone.bone4] run data modify entity @s {} merge value {transformation:[0.16266097167637217f,-0.7423418969122407f,-0.6499768583434601f,0.9239189752521257f,0f,0.6587500788176243f,-0.7523618369227494f,0.27620790958339814f,0.986682019848998f,0.12237990744607466f,0.10715292791236151f,-0.2775309090296595f,0f,0f,0f,1f],start_interpolation:0}
execute if entity @s[tag=aj.assembler.bone.bone3] run data modify entity @s {} merge value {transformation:[0.16266097167637217f,-0.4830958785877034f,-0.8603253921539648f,0.792624218394551f,0f,0.8719378430404855f,-0.48961658251524287f,-0.234375f,0.986682019848998f,0.07964150906079406f,0.14183025679036546f,-0.19254250239050782f,0f,0f,0f,1f],start_interpolation:0}
execute if entity @s[tag=aj.assembler.bone.octagon] run data modify entity @s {} merge value {transformation:[0.16266097167637217f,0f,-0.986682019848998f,0.859375f,0f,1f,0f,-0.40625f,0.986682019848998f,0f,0.16266097167637217f,-0.1718749999999999f,0f,0f,0f,1f],start_interpolation:0}
execute if entity @s[tag=aj.assembler.bone.bone10] run data modify entity @s {} merge value {transformation:[-0.3527133958178682f,-0.8094971382166651f,0.4693694106241446f,-0.508768657898859f,0f,0.501606987457506f,0.8650956190698259f,0.4166109516714046f,-0.9357314039886807f,0.3051308135092793f,-0.17692350391210773f,-0.20384309831353756f,0f,0f,0f,1f],start_interpolation:0}
execute if entity @s[tag=aj.assembler.bone.bone9] run data modify entity @s {} merge value {transformation:[-0.3527133958178682f,0.38331404768778543f,0.8536179480633205f,-0.39465217777131023f,0f,0.9122467669938823f,-0.40964110646907637f,0.3655913948931885f,-0.9357314039886807f,-0.14448590572929682f,-0.32176165501028386f,-0.2468580180362242f,0f,0f,0f,1f],start_interpolation:0}
execute if entity @s[tag=aj.assembler.bone.bone8] run data modify entity @s {} merge value {transformation:[-0.3527133958178682f,0.38331404768778543f,0.8536179480633205f,-1.1185939762198944f,0f,0.9122467669938823f,-0.40964110646907637f,0.20004597400467689f,-0.9357314039886807f,-0.14448590572929682f,-0.32176165501028386f,-0.17435433822372576f,0f,0f,0f,1f],start_interpolation:0}
execute if entity @s[tag=aj.assembler.bone.bone7] run data modify entity @s {} merge value {transformation:[-0.3527133958178682f,0.1624880530883526f,0.9215155413850513f,-0.8119140808700157f,0f,0.984807753012208f,-0.17364817766693033f,-0.234375f,-0.9357314039886807f,-0.0612480384224875f,-0.3473548867927003f,-0.22316119361326303f,0f,0f,0f,1f],start_interpolation:0}
execute if entity @s[tag=aj.assembler.bone.octagon2] run data modify entity @s {} merge value {transformation:[-0.3527133958178682f,0f,0.9357314039886807f,-0.8593749999999999f,0f,1f,0f,-0.40625f,-0.9357314039886807f,0f,-0.3527133958178682f,-0.171875f,0f,0f,0f,1f],start_interpolation:0}