execute if entity @s[tag=aj.assembler.bone.bone21] run data modify entity @s {} merge value {transformation:[0.916978444649057f,0.398936751940701f,1.2246467991473532e-16f,0.4223528486697936f,0.398936751940701f,-0.916978444649057f,0f,0.15238253036526506f,1.1229747171265862e-16f,4.885566163264211e-17f,-1f,-1.7485f,0f,0f,0f,1f],start_interpolation:0}
execute if entity @s[tag=aj.assembler.bone.arm4] run data modify entity @s {} merge value {transformation:[0.4374373343206772f,-0.899248896881403f,1.2246467991473532e-16f,0.6534272900417454f,-0.899248896881403f,-0.4374373343206772f,0f,-0.32264193645101397f,5.357062313033679e-17f,-1.1012622832025985e-16f,-1f,-1.7485f,0f,0f,0f,1f],start_interpolation:0}
execute if entity @s[tag=aj.assembler.bone.small_arm_base4] run data modify entity @s {} merge value {transformation:[0.6252426563357054f,-0.7804304073383297f,1.2246467991473532e-16f,0.6638909976012211f,-0.7804304073383297f,-0.6252426563357054f,0f,-0.3357027784619694f,7.657014177719101e-17f,-9.557516003041505e-17f,-1f,-1.65475f,0f,0f,0f,1f],start_interpolation:0}
execute if entity @s[tag=aj.assembler.bone.bone25] run data modify entity @s {} merge value {transformation:[0.481753674101715f,0.8763066800438637f,1.2246467991473532e-16f,2.6414183864572156e-16f,0.8763066800438637f,-0.481753674101715f,0f,0.5000000000000001f,5.899780949661425e-17f,1.0731661707871615e-16f,-1f,-2.09225f,0f,0f,0f,1f],start_interpolation:0}
execute if entity @s[tag=aj.assembler.bone.bone16] run data modify entity @s {} merge value {transformation:[0.6495394789914242f,0.760327866930806f,1.2246467991473532e-16f,0.6595916464635652f,0.760327866930806f,-0.6495394789914242f,0f,0.6509750590142988f,7.954564438666871e-17f,9.311330885393464e-17f,-1f,-1.7485f,0f,0f,0f,1f],start_interpolation:0}
execute if entity @s[tag=aj.assembler.bone.arm3] run data modify entity @s {} merge value {transformation:[0.3086636660846246f,0.9511712470629038f,1.2246467991473532e-16f,0.8226419364510146f,0.9511712470629038f,-0.3086636660846246f,0f,1.1534272900417453f,3.7800397068362296e-17f,1.1648488231565815e-16f,-1f,-1.7485f,0f,0f,0f,1f],start_interpolation:0}
execute if entity @s[tag=aj.assembler.bone.small_arm_base3] run data modify entity @s {} merge value {transformation:[0.7804304073383297f,0.6252426563357052f,1.2246467991473532e-16f,0.8357027784619699f,0.6252426563357052f,-0.7804304073383297f,0f,1.1638909976012208f,9.557516003041506e-17f,7.657014177719101e-17f,-1f,-1.65475f,0f,0f,0f,1f],start_interpolation:0}
execute if entity @s[tag=aj.assembler.bone.bone15] run data modify entity @s {} merge value {transformation:[-0.8763066800438636f,0.4817536741017152f,1.2246467991473532e-16f,2.6414183864572156e-16f,0.4817536741017152f,0.8763066800438636f,0f,0.5000000000000001f,-1.0731661707871613e-16f,5.899780949661427e-17f,-1f,-2.09225f,0f,0f,0f,1f],start_interpolation:0}
execute if entity @s[tag=aj.assembler.bone.bone26] run data modify entity @s {} merge value {transformation:[0.575202192708503f,-0.8180112697899281f,1.2246467991473532e-16f,-0.40988636625665786f,-0.8180112697899281f,-0.575202192708503f,0f,0.17623387055043302f,7.044195241630072e-17f,-1.0017748832146974e-16f,-1f,-1.7485f,0f,0f,0f,1f],start_interpolation:0}
execute if entity @s[tag=aj.assembler.bone.arm5] run data modify entity @s {} merge value {transformation:[-0.7813702600764838f,-0.6240677180146464f,1.2246467991473532e-16f,-0.8226419364510137f,-0.6240677180146464f,0.7813702600764838f,0f,-0.1534272900417453f,-9.569025879516008e-17f,-7.642625333178298e-17f,-1f,-1.7485f,0f,0f,0f,1f],start_interpolation:0}
execute if entity @s[tag=aj.assembler.bone.small_arm_base5] run data modify entity @s {} merge value {transformation:[-0.7804304073383295f,-0.6252426563357056f,1.2246467991473532e-16f,-0.8357027784619692f,-0.6252426563357056f,0.7804304073383295f,0f,-0.16389099760122094f,-9.557516003041503e-17f,-7.657014177719104e-17f,-1f,-1.65475f,0f,0f,0f,1f],start_interpolation:0}
execute if entity @s[tag=aj.assembler.bone.bone20] run data modify entity @s {} merge value {transformation:[0.8763066800438638f,-0.48175367410171477f,1.2246467991473532e-16f,2.6414183864572156e-16f,-0.48175367410171477f,-0.8763066800438638f,0f,0.5000000000000001f,1.0731661707871616e-16f,-5.899780949661422e-17f,-1f,-2.09225f,0f,0f,0f,1f],start_interpolation:0}
execute if entity @s[tag=aj.assembler.bone.bone11] run data modify entity @s {} merge value {transformation:[0.9990903772975263f,-0.04264291255867614f,1.2246467991473532e-16f,-0.1784331275078314f,-0.04264291255867614f,-0.9990903772975263f,0f,1.091505208326391f,1.223532832616337e-16f,-5.222250637130317e-18f,-1f,-1.7485f,0f,0f,0f,1f],start_interpolation:0}
execute if entity @s[tag=aj.assembler.bone.arm2] run data modify entity @s {} merge value {transformation:[0.899191529115337f,-0.4375552467600204f,1.2246467991473532e-16f,-0.6534272900417449f,-0.4375552467600204f,-0.899191529115337f,0f,1.322641936451014f,1.1011920279515115e-16f,-5.358506323947892e-17f,-1f,-1.7485f,0f,0f,0f,1f],start_interpolation:0}
execute if entity @s[tag=aj.assembler.bone.small_arm_base2] run data modify entity @s {} merge value {transformation:[0.6252426563357054f,-0.7804304073383297f,1.2246467991473532e-16f,-0.6638909976012206f,-0.7804304073383297f,-0.6252426563357054f,0f,1.3357027784619695f,7.657014177719101e-17f,-9.557516003041505e-17f,-1f,-1.65475f,0f,0f,0f,1f],start_interpolation:0}
execute if entity @s[tag=aj.assembler.bone.bone2] run data modify entity @s {} merge value {transformation:[0.481753674101715f,0.8763066800438637f,1.2246467991473532e-16f,2.6414183864572156e-16f,0.8763066800438637f,-0.481753674101715f,0f,0.5000000000000001f,5.899780949661425e-17f,1.0731661707871615e-16f,-1f,-2.09225f,0f,0f,0f,1f],start_interpolation:0}
execute if entity @s[tag=aj.assembler.bone.ring] run data modify entity @s {} merge value {transformation:[0.8667949070105605f,1.5766940826298306f,2.2034447591230768e-16f,2.220446049250313e-16f,1.5766940826298306f,-0.8667949070105605f,0f,0.5000000000000001f,1.0615176083877108e-16f,1.9308933615271944e-16f,-1.7992491881391441f,-1.7485000000000002f,0f,0f,0f,1f],start_interpolation:0}
execute if entity @s[tag=aj.assembler.bone.wheel] run data modify entity @s {} merge value {transformation:[-1f,-1.1647083184890928e-16f,-3.7843667304341425e-17f,1.0625000000000002f,0f,-0.3090169943749468f,0.9510565162951539f,-0.6249999999999999f,-1.2246467991473532e-16f,0.9510565162951539f,0.3090169943749468f,-1.8735f,0f,0f,0f,1f],start_interpolation:0}
execute if entity @s[tag=aj.assembler.bone.wheel2] run data modify entity @s {} merge value {transformation:[-1f,-1.1647083184890928e-16f,-3.7843667304341425e-17f,1.0625000000000002f,0f,-0.3090169943749468f,0.9510565162951539f,-0.6249999999999999f,-1.2246467991473532e-16f,0.9510565162951539f,0.3090169943749468f,-1.6235f,0f,0f,0f,1f],start_interpolation:0}
execute if entity @s[tag=aj.assembler.bone.rails] run data modify entity @s {} merge value {transformation:[-1.137300743709099f,0f,1.3927917154512523e-16f,-0.43749999999999983f,0f,1.137300743709099f,0f,-0.9999999999999999f,-1.3927917154512523e-16f,0f,-1.137300743709099f,-1.3110000000000002f,0f,0f,0f,1f],start_interpolation:0}
execute if entity @s[tag=aj.assembler.bone.wheel3] run data modify entity @s {} merge value {transformation:[-1f,-1.1647083184890928e-16f,-3.7843667304341425e-17f,-1.0625f,0f,-0.3090169943749468f,0.9510565162951539f,-0.6249999999999999f,-1.2246467991473532e-16f,0.9510565162951539f,0.3090169943749468f,-1.6235000000000002f,0f,0f,0f,1f],start_interpolation:0}
execute if entity @s[tag=aj.assembler.bone.wheel4] run data modify entity @s {} merge value {transformation:[-1f,-1.1647083184890928e-16f,-3.7843667304341425e-17f,-1.0625f,0f,-0.3090169943749468f,0.9510565162951539f,-0.6249999999999999f,-1.2246467991473532e-16f,0.9510565162951539f,0.3090169943749468f,-1.8735000000000002f,0f,0f,0f,1f],start_interpolation:0}
execute if entity @s[tag=aj.assembler.bone.rails2] run data modify entity @s {} merge value {transformation:[-1.2038220325092979f,0f,1.4742567988555726e-16f,0.4375000000000001f,0f,1.2038220325092979f,0f,-0.9999999999999999f,-1.4742567988555726e-16f,0f,-1.2038220325092979f,-1.311f,0f,0f,0f,1f],start_interpolation:0}
execute if entity @s[tag=aj.assembler.bone.bone6] run data modify entity @s {} merge value {transformation:[-0.9590461833728994f,0.0633495987198469f,-0.27607471180807086f,0.4297761038054707f,0f,0.9746688796125085f,0.22365280037347535f,0.7187241258070819f,0.2832497452035483f,0.21449336459884238f,-0.9347524690447162f,-1.2954600593541394f,0f,0f,0f,1f],start_interpolation:0}
execute if entity @s[tag=aj.assembler.bone.bone5] run data modify entity @s {} merge value {transformation:[-0.9590461833728994f,-0.10620821531915621f,-0.2625837640765224f,0.3947123898561521f,0f,0.927039718562942f,-0.37496314513128015f,0.6723378546806615f,0.2832497452035483f,-0.3596069732436528f,-0.8890739039228762f,-1.4141811583397983f,0f,0f,0f,1f],start_interpolation:0}
execute if entity @s[tag=aj.assembler.bone.bone4] run data modify entity @s {} merge value {transformation:[-0.9590461833728994f,-0.10620821531915621f,-0.2625837640765224f,0.9019332499260033f,0f,0.927039718562942f,-0.37496314513128015f,0.2855222059467125f,0.2832497452035483f,-0.3596069732436528f,-0.8890739039228762f,-0.35875839083728644f,0f,0f,0f,1f],start_interpolation:0}
execute if entity @s[tag=aj.assembler.bone.bone3] run data modify entity @s {} merge value {transformation:[-0.9590461833728994f,-0.23587996240856962f,-0.156815373901945f,0.8716420841551813f,0f,0.5536293555683685f,-0.8327631936228649f,-0.234375f,0.2832497452035483f,-0.7986583624974354f,-0.5309561204610416f,-0.24066694099841698f,0f,0f,0f,1f],start_interpolation:0}
execute if entity @s[tag=aj.assembler.bone.octagon] run data modify entity @s {} merge value {transformation:[-0.9590461833728994f,0f,-0.2832497452035483f,0.859375f,0f,1f,0f,-0.40625f,0.2832497452035483f,0f,-0.9590461833728994f,-0.1718749999999999f,0f,0f,0f,1f],start_interpolation:0}
execute if entity @s[tag=aj.assembler.bone.bone10] run data modify entity @s {} merge value {transformation:[-0.5434880104618242f,0.6479949453511481f,0.5335947275635424f,-0.46516368916091666f,0f,0.6356730588225329f,-0.7719583941425889f,0.3197974716223786f,-0.8394169300676799f,-0.4195501317918604f,-0.34548068604364063f,-0.3154259777242229f,0f,0f,0f,1f],start_interpolation:0}
execute if entity @s[tag=aj.assembler.bone.bone9] run data modify entity @s {} merge value {transformation:[-0.5434880104618242f,0.47520947692419546f,0.6919513967943709f,-0.3720979592765542f,0f,0.8243238514841256f,-0.566118528114367f,0.2477988262388371f,-0.8394169300676799f,-0.3076786325304536f,-0.44801013001933565f,-0.37568221817549846f,0f,0f,0f,1f],start_interpolation:0}
execute if entity @s[tag=aj.assembler.bone.bone8] run data modify entity @s {} merge value {transformation:[-0.5434880104618242f,0.47520947692419546f,0.6919513967943709f,-1.1080850055802043f,0f,0.8243238514841256f,-0.566118528114367f,0.204250711992905f,-0.8394169300676799f,-0.3076786325304536f,-0.44801013001933565f,-0.1225301456957215f,0f,0f,0f,1f],start_interpolation:0}
execute if entity @s[tag=aj.assembler.bone.bone7] run data modify entity @s {} merge value {transformation:[-0.5434880104618242f,0.15729104784159514f,0.8245485484512973f,-0.8238954421977019f,0f,0.9822872507286887f,-0.18738131458572463f,-0.234375f,-0.8394169300676799f,-0.10183949786191666f,-0.53386134360055f,-0.232074779718479f,0f,0f,0f,1f],start_interpolation:0}
execute if entity @s[tag=aj.assembler.bone.octagon2] run data modify entity @s {} merge value {transformation:[-0.5434880104618242f,0f,0.8394169300676799f,-0.8593749999999999f,0f,1f,0f,-0.40625f,-0.8394169300676799f,0f,-0.5434880104618242f,-0.171875f,0f,0f,0f,1f],start_interpolation:0}