execute if entity @s[tag=aj.assembler.bone.bone21] run data modify entity @s {} merge value {transformation:[-0.8804217514903429f,-0.47419145869856943f,1.2246467991473532e-16f,0.34810445633390064f,-0.47419145869856943f,0.8804217514903429f,0f,1.2832721072422826f,-1.0782056798623549e-16f,-5.807170520782175e-17f,-1f,-1.8605000000000005f,0f,0f,0f,1f],start_interpolation:0}
execute if entity @s[tag=aj.assembler.bone.arm4] run data modify entity @s {} merge value {transformation:[-0.8689472949168512f,0.49490463592159545f,1.2246467991473532e-16f,-0.11091331604348748f,0.49490463592159545f,0.8689472949168512f,0f,1.544703410209525f,-1.064153523347673e-16f,6.060833782645681e-17f,-1f,-1.8605000000000005f,0f,0f,0f,1f],start_interpolation:0}
execute if entity @s[tag=aj.assembler.bone.small_arm_base4] run data modify entity @s {} merge value {transformation:[-0.10973431109104531f,0.9939609554551798f,1.2246467991473532e-16f,-0.11274976742578204f,0.9939609554551798f,0.10973431109104531f,0f,1.561337778735136f,-1.3438577283428851e-17f,1.2172511025756309e-16f,-1f,-1.7667500000000005f,0f,0f,0f,1f],start_interpolation:0}
execute if entity @s[tag=aj.assembler.bone.bone25] run data modify entity @s {} merge value {transformation:[-0.8763066800438636f,-0.4817536741017153f,1.2246467991473532e-16f,2.6414183864572156e-16f,-0.4817536741017153f,0.8763066800438636f,0f,0.5000000000000001f,-1.0731661707871613e-16f,-5.899780949661428e-17f,-1f,-2.2042500000000005f,0f,0f,0f,1f],start_interpolation:0}
execute if entity @s[tag=aj.assembler.bone.bone16] run data modify entity @s {} merge value {transformation:[0.2388300625342932f,-0.9710613787139647f,1.2246467991473532e-16f,-0.5839744405775933f,-0.9710613787139647f,-0.2388300625342932f,0f,0.6474903566690897f,2.924824716227844e-17f,-1.1892072092176726e-16f,-1f,-1.8605000000000005f,0f,0f,0f,1f],start_interpolation:0}
execute if entity @s[tag=aj.assembler.bone.arm3] run data modify entity @s {} merge value {transformation:[-0.8721866906764169f,-0.489173156057158f,1.2246467991473532e-16f,-1.0447034102095247f,-0.489173156057158f,0.8721866906764169f,0f,0.3890866839565127f,-1.0681206389957965e-16f,-5.990643397942073e-17f,-1f,-1.8605000000000005f,0f,0f,0f,1f],start_interpolation:0}
execute if entity @s[tag=aj.assembler.bone.small_arm_base3] run data modify entity @s {} merge value {transformation:[-0.9939609554551798f,-0.10973431109104503f,1.2246467991473532e-16f,-1.0613377787351357f,-0.10973431109104503f,0.9939609554551798f,0f,0.38725023257421815f,-1.2172511025756309e-16f,-1.343857728342882e-17f,-1f,-1.7667500000000005f,0f,0f,0f,1f],start_interpolation:0}
execute if entity @s[tag=aj.assembler.bone.bone15] run data modify entity @s {} merge value {transformation:[0.4817536741017151f,-0.8763066800438637f,1.2246467991473532e-16f,2.6414183864572156e-16f,-0.8763066800438637f,-0.4817536741017151f,0f,0.5000000000000001f,5.899780949661426e-17f,-1.0731661707871615e-16f,-1f,-2.2042500000000005f,0f,0f,0f,1f],start_interpolation:0}
execute if entity @s[tag=aj.assembler.bone.bone26] run data modify entity @s {} merge value {transformation:[-0.19594614424251816f,0.9806146585466131f,1.2246467991473532e-16f,0.5175586606954236f,0.9806146585466131f,0.19594614424251816f,0f,0.6450022378387714f,-2.3996481835186542e-17f,1.2009066027860844e-16f,-1f,-1.8605000000000005f,0f,0f,0f,1f],start_interpolation:0}
execute if entity @s[tag=aj.assembler.bone.arm5] run data modify entity @s {} merge value {transformation:[0.9979156182721792f,-0.06453230825295753f,1.2246467991473532e-16f,1.0447034102095252f,-0.06453230825295753f,-0.9979156182721792f,0f,0.6109133160434881f,1.2220941677361762e-16f,-7.902928474357474e-18f,-1f,-1.8605000000000005f,0f,0f,0f,1f],start_interpolation:0}
execute if entity @s[tag=aj.assembler.bone.small_arm_base5] run data modify entity @s {} merge value {transformation:[0.9939609554551798f,0.10973431109104553f,1.2246467991473532e-16f,1.0613377787351361f,0.10973431109104553f,-0.9939609554551798f,0f,0.6127497674257827f,1.2172511025756309e-16f,1.3438577283428882e-17f,-1f,-1.7667500000000005f,0f,0f,0f,1f],start_interpolation:0}
execute if entity @s[tag=aj.assembler.bone.bone20] run data modify entity @s {} merge value {transformation:[-0.48175367410171555f,0.8763066800438635f,1.2246467991473532e-16f,2.6414183864572156e-16f,0.8763066800438635f,0.48175367410171555f,0f,0.5000000000000001f,-5.899780949661431e-17f,1.0731661707871612e-16f,-1f,-2.2042500000000005f,0f,0f,0f,1f],start_interpolation:0}
execute if entity @s[tag=aj.assembler.bone.bone11] run data modify entity @s {} merge value {transformation:[-0.7777468204835883f,0.6285776668222228f,1.2246467991473532e-16f,0.2017341438183829f,0.6285776668222228f,0.7777468204835883f,0f,-0.024323530917739977f,-9.524651542522574e-17f,7.697856276893466e-17f,-1f,-1.8605000000000005f,0f,0f,0f,1f],start_interpolation:0}
execute if entity @s[tag=aj.assembler.bone.arm2] run data modify entity @s {} merge value {transformation:[0.17192910027941188f,0.9851093261547736f,1.2246467991473532e-16f,0.1109133160434879f,0.9851093261547736f,-0.17192910027941188f,0f,-0.544703410209525f,2.1055242233746613e-17f,1.2064109830856495e-16f,-1f,-1.8605000000000005f,0f,0f,0f,1f],start_interpolation:0}
execute if entity @s[tag=aj.assembler.bone.small_arm_base2] run data modify entity @s {} merge value {transformation:[-0.10973431109104531f,0.9939609554551798f,1.2246467991473532e-16f,0.11274976742578245f,0.9939609554551798f,0.10973431109104531f,0f,-0.5613377787351358f,-1.3438577283428851e-17f,1.2172511025756309e-16f,-1f,-1.7667500000000005f,0f,0f,0f,1f],start_interpolation:0}
execute if entity @s[tag=aj.assembler.bone.bone2] run data modify entity @s {} merge value {transformation:[-0.8763066800438636f,-0.4817536741017153f,1.2246467991473532e-16f,2.6414183864572156e-16f,-0.4817536741017153f,0.8763066800438636f,0f,0.5000000000000001f,-1.0731661707871613e-16f,-5.899780949661428e-17f,-1f,-2.2042500000000005f,0f,0f,0f,1f],start_interpolation:0}
execute if entity @s[tag=aj.assembler.bone.ring] run data modify entity @s {} merge value {transformation:[-1.5766940826298304f,-0.8667949070105612f,2.2034447591230768e-16f,2.220446049250313e-16f,-0.8667949070105612f,1.5766940826298304f,0f,0.5000000000000001f,-1.9308933615271942e-16f,-1.0615176083877114e-16f,-1.7992491881391441f,-1.8605000000000005f,0f,0f,0f,1f],start_interpolation:0}
execute if entity @s[tag=aj.assembler.bone.wheel] run data modify entity @s {} merge value {transformation:[-1f,-1.1647083184890914e-16f,3.784366730434189e-17f,1.0625000000000002f,0f,0.30901699437495056f,0.9510565162951526f,-0.6249999999999999f,-1.2246467991473532e-16f,0.9510565162951526f,-0.30901699437495056f,-1.9855000000000003f,0f,0f,0f,1f],start_interpolation:0}
execute if entity @s[tag=aj.assembler.bone.wheel2] run data modify entity @s {} merge value {transformation:[-1f,-1.1647083184890914e-16f,3.784366730434189e-17f,1.0625000000000002f,0f,0.30901699437495056f,0.9510565162951526f,-0.6249999999999999f,-1.2246467991473532e-16f,0.9510565162951526f,-0.30901699437495056f,-1.7355000000000003f,0f,0f,0f,1f],start_interpolation:0}
execute if entity @s[tag=aj.assembler.bone.rails] run data modify entity @s {} merge value {transformation:[-1.137300743709099f,0f,1.3927917154512523e-16f,-0.43749999999999983f,0f,1.137300743709099f,0f,-0.9999999999999999f,-1.3927917154512523e-16f,0f,-1.137300743709099f,-1.4230000000000005f,0f,0f,0f,1f],start_interpolation:0}
execute if entity @s[tag=aj.assembler.bone.wheel3] run data modify entity @s {} merge value {transformation:[-1f,-1.1647083184890914e-16f,3.784366730434189e-17f,-1.0625f,0f,0.30901699437495056f,0.9510565162951526f,-0.6249999999999999f,-1.2246467991473532e-16f,0.9510565162951526f,-0.30901699437495056f,-1.7355000000000007f,0f,0f,0f,1f],start_interpolation:0}
execute if entity @s[tag=aj.assembler.bone.wheel4] run data modify entity @s {} merge value {transformation:[-1f,-1.1647083184890914e-16f,3.784366730434189e-17f,-1.0625f,0f,0.30901699437495056f,0.9510565162951526f,-0.6249999999999999f,-1.2246467991473532e-16f,0.9510565162951526f,-0.30901699437495056f,-1.9855000000000007f,0f,0f,0f,1f],start_interpolation:0}
execute if entity @s[tag=aj.assembler.bone.rails2] run data modify entity @s {} merge value {transformation:[-1.2038220325092979f,0f,1.4742567988555726e-16f,0.4375000000000001f,0f,1.2038220325092979f,0f,-0.9999999999999999f,-1.4742567988555726e-16f,0f,-1.2038220325092979f,-1.4230000000000005f,0f,0f,0f,1f],start_interpolation:0}
execute if entity @s[tag=aj.assembler.bone.bone6] run data modify entity @s {} merge value {transformation:[-0.8562143742364005f,0.012910242329088356f,-0.5164593604476285f,0.11453749922970204f,0f,0.9996877064544445f,0.024989789191837364f,0.7389895552559533f,0.5166206977570384f,0.021396616715188582f,-0.8559469840137145f,-1.2248536688602214f,0f,0f,0f,1f],start_interpolation:0}
execute if entity @s[tag=aj.assembler.bone.bone5] run data modify entity @s {} merge value {transformation:[-0.8562143742364005f,-0.13741065650485942f,-0.49801130190977877f,0.04825497486458419f,0f,0.9639786095910321f,-0.26597977413882534f,0.7071318183314792f,0.5166206977570384f,-0.22773570587381345f,-0.8253723419882608f,-1.3347061203173216f,0f,0f,0f,1f],start_interpolation:0}
execute if entity @s[tag=aj.assembler.bone.bone4] run data modify entity @s {} merge value {transformation:[-0.8562143742364005f,-0.13741065650485942f,-0.49801130190977877f,0.7592610611710222f,0f,0.9639786095910321f,-0.26597977413882534f,0.21180344872526613f,0.5166206977570384f,-0.22773570587381345f,-0.8253723419882608f,-0.5192652502667381f,0f,0f,0f,1f],start_interpolation:0}
execute if entity @s[tag=aj.assembler.bone.bone3] run data modify entity @s {} merge value {transformation:[-0.8562143742364005f,-0.5048003524112339f,-0.10987970493436613f,0.8538429055850726f,0f,0.21268932005902996f,-0.9771198765416798f,-0.234375f,0.5166206977570384f,-0.8366240836470832f,-0.18210765308110782f,-0.24153279519468238f,0f,0f,0f,1f],start_interpolation:0}
execute if entity @s[tag=aj.assembler.bone.octagon] run data modify entity @s {} merge value {transformation:[-0.8562143742364005f,0f,-0.5166206977570384f,0.859375f,0f,1f,0f,-0.40625f,0.5166206977570384f,0f,-0.8562143742364005f,-0.1718749999999999f,0f,0f,0f,1f],start_interpolation:0}
execute if entity @s[tag=aj.assembler.bone.bone10] run data modify entity @s {} merge value {transformation:[-0.9485893716582527f,-0.01964636757916452f,0.31589907283489416f,-0.3182302636452935f,0f,0.9980716750247105f,0.06207198654279161f,-0.09879473743326395f,-0.3165094058270645f,0.058880826712206236f,-0.9467601830815899f,-1.4975043105681987f,0f,0f,0f,1f],start_interpolation:0}
execute if entity @s[tag=aj.assembler.bone.bone9] run data modify entity @s {} merge value {transformation:[-0.9485893716582527f,0.2655812570072673f,0.17217665318922076f,-0.2945697717222302f,0f,0.5439858974784947f,-0.8390943590231771f,-0.2078250964970481f,-0.3165094058270645f,-0.7959559907877799f,-0.516019240680076f,-1.5684156034183292f,0f,0f,0f,1f],start_interpolation:0}
execute if entity @s[tag=aj.assembler.bone.bone8] run data modify entity @s {} merge value {transformation:[-0.9485893716582527f,0.2655812570072673f,0.17217665318922076f,-0.8011490543110048f,0f,0.5439858974784947f,-0.8390943590231771f,0.11101800574537657f,-0.3165094058270645f,-0.7959559907877799f,-0.516019240680076f,-0.6425798526599963f,0f,0f,0f,1f],start_interpolation:0}
execute if entity @s[tag=aj.assembler.bone.bone7] run data modify entity @s {} merge value {transformation:[-0.9485893716582527f,0.315592661924077f,-0.024072301856628918f,-0.8692365800001287f,0f,-0.07605556553280324f,-0.9971035808538075f,-0.234375f,-0.3165094058270645f,-0.9458418592403071f,0.07214550111987489f,-0.24105275466073656f,0f,0f,0f,1f],start_interpolation:0}
execute if entity @s[tag=aj.assembler.bone.octagon2] run data modify entity @s {} merge value {transformation:[-0.9485893716582527f,0f,0.3165094058270645f,-0.8593749999999999f,0f,1f,0f,-0.40625f,-0.3165094058270645f,0f,-0.9485893716582527f,-0.171875f,0f,0f,0f,1f],start_interpolation:0}