execute if entity @s[tag=aj.assembler.bone.bone21] run data modify entity @s {} merge value {transformation:[0.032108538581782364f,-0.9994843879471764f,1.2246467991473532e-16f,-0.6066364949991769f,-0.9994843879471764f,-0.032108538581782364f,0f,0.5575886984012732f,3.932161899947913e-18f,-1.2240153564972613e-16f,-1f,-1.3705000000000003f,0f,0f,0f,1f],start_interpolation:0}
execute if entity @s[tag=aj.assembler.bone.arm4] run data modify entity @s {} merge value {transformation:[-0.6339209606143567f,0.7733978379164059f,1.2246467991473532e-16f,-0.9415025897631634f,0.7733978379164059f,0.6339209606143567f,0f,0.9661328699506501f,-7.763292753287874e-17f,9.471391866718102e-17f,-1f,-1.3705000000000003f,0f,0f,0f,1f],start_interpolation:0}
execute if entity @s[tag=aj.assembler.bone.small_arm_base4] run data modify entity @s {} merge value {transformation:[-0.8980275757606159f,0.43993916985591475f,1.2246467991473532e-16f,-0.956531471490738f,0.43993916985591475f,0.8980275757606159f,0f,0.9734954431383296f,-1.0997665962012956e-16f,5.387700961835898e-17f,-1f,-1.2767500000000003f,0f,0f,0f,1f],start_interpolation:0}
execute if entity @s[tag=aj.assembler.bone.bone25] run data modify entity @s {} merge value {transformation:[-0.06279051952931292f,-0.9980267284282716f,1.2246467991473532e-16f,2.6414183864572156e-16f,-0.9980267284282716f,0.06279051952931292f,0f,0.5000000000000001f,-7.689620875837244e-18f,-1.2222302384331876e-16f,-1f,-1.7142500000000003f,0f,0f,0f,1f],start_interpolation:0}
execute if entity @s[tag=aj.assembler.bone.bone16] run data modify entity @s {} merge value {transformation:[-0.44713474135516723f,-0.89446661372756f,1.2246467991473532e-16f,-0.5527729381650611f,-0.89446661372756f,0.44713474135516723f,0f,0.07958966704867226f,-5.475821297881852e-17f,-1.0954056754456285e-16f,-1f,-1.3705000000000003f,0f,0f,0f,1f],start_interpolation:0}
execute if entity @s[tag=aj.assembler.bone.arm3] run data modify entity @s {} merge value {transformation:[0.16401467968527106f,-0.9864578981627843f,1.2246467991473532e-16f,-0.46613286995065f,-0.9864578981627843f,-0.16401467968527106f,0f,-0.4415025897631633f,2.008600524897458e-17f,-1.2080625074786796e-16f,-1f,-1.3705000000000003f,0f,0f,0f,1f],start_interpolation:0}
execute if entity @s[tag=aj.assembler.bone.small_arm_base3] run data modify entity @s {} merge value {transformation:[-0.43993916985591497f,-0.8980275757606158f,1.2246467991473532e-16f,-0.47349544313832953f,-0.8980275757606158f,0.43993916985591497f,0f,-0.45653147149073803f,-5.3877009618359006e-17f,-1.0997665962012955e-16f,-1f,-1.2767500000000003f,0f,0f,0f,1f],start_interpolation:0}
execute if entity @s[tag=aj.assembler.bone.bone15] run data modify entity @s {} merge value {transformation:[0.9980267284282716f,-0.06279051952931314f,1.2246467991473532e-16f,2.6414183864572156e-16f,-0.06279051952931314f,-0.9980267284282716f,0f,0.5000000000000001f,1.2222302384331876e-16f,-7.689620875837272e-18f,-1f,-1.7142500000000003f,0f,0f,0f,1f],start_interpolation:0}
execute if entity @s[tag=aj.assembler.bone.bone26] run data modify entity @s {} merge value {transformation:[-0.5190735844719381f,0.8547295560020456f,1.2246467991473532e-16f,0.5446033378007744f,0.8547295560020456f,0.5190735844719381f,0f,0.9191176481685266f,-6.356818037455024e-17f,1.0467418148945437e-16f,-1f,-1.3705000000000003f,0f,0f,0f,1f],start_interpolation:0}
execute if entity @s[tag=aj.assembler.bone.arm5] run data modify entity @s {} merge value {transformation:[-0.14854915184670586f,0.9889050255133829f,1.2246467991473532e-16f,0.46613286995065006f,0.9889050255133829f,0.14854915184670586f,0f,1.4415025897631637f,-1.8192024332512258e-17f,1.2110593741556962e-16f,-1f,-1.3705000000000003f,0f,0f,0f,1f],start_interpolation:0}
execute if entity @s[tag=aj.assembler.bone.small_arm_base5] run data modify entity @s {} merge value {transformation:[0.4399391698559146f,0.898027575760616f,1.2246467991473532e-16f,0.47349544313832953f,0.898027575760616f,-0.4399391698559146f,0f,1.4565314714907385f,5.3877009618358957e-17f,1.0997665962012958e-16f,-1f,-1.2767500000000003f,0f,0f,0f,1f],start_interpolation:0}
execute if entity @s[tag=aj.assembler.bone.bone20] run data modify entity @s {} merge value {transformation:[-0.9980267284282716f,0.0627905195293127f,1.2246467991473532e-16f,2.6414183864572156e-16f,0.0627905195293127f,0.9980267284282716f,0f,0.5000000000000001f,-1.2222302384331876e-16f,7.689620875837216e-18f,-1f,-1.7142500000000003f,0f,0f,0f,1f],start_interpolation:0}
execute if entity @s[tag=aj.assembler.bone.bone11] run data modify entity @s {} merge value {transformation:[-0.9929029511387832f,-0.11892741323973664f,1.2246467991473532e-16f,0.4220286716582873f,-0.11892741323973664f,0.9929029511387832f,0f,-0.06199991297492306f,-1.2159554209760719e-16f,-1.4564407595491802e-17f,-1f,-1.3705000000000003f,0f,0f,0f,1f],start_interpolation:0}
execute if entity @s[tag=aj.assembler.bone.arm2] run data modify entity @s {} merge value {transformation:[-0.9833942890254127f,-0.18148187874331462f,1.2246467991473532e-16f,0.9415025897631638f,-0.18148187874331462f,0.9833942890254127f,0f,0.03386713004935009f,-1.204310668354759e-16f,-2.2225120190624833e-17f,-1f,-1.3705000000000003f,0f,0f,0f,1f],start_interpolation:0}
execute if entity @s[tag=aj.assembler.bone.small_arm_base2] run data modify entity @s {} merge value {transformation:[-0.8980275757606159f,0.43993916985591475f,1.2246467991473532e-16f,0.9565314714907385f,0.43993916985591475f,0.8980275757606159f,0f,0.02650455686167058f,-1.0997665962012956e-16f,5.387700961835898e-17f,-1f,-1.2767500000000003f,0f,0f,0f,1f],start_interpolation:0}
execute if entity @s[tag=aj.assembler.bone.bone2] run data modify entity @s {} merge value {transformation:[-0.06279051952931292f,-0.9980267284282716f,1.2246467991473532e-16f,2.6414183864572156e-16f,-0.9980267284282716f,0.06279051952931292f,0f,0.5000000000000001f,-7.689620875837244e-18f,-1.2222302384331876e-16f,-1f,-1.7142500000000003f,0f,0f,0f,1f],start_interpolation:0}
execute if entity @s[tag=aj.assembler.bone.ring] run data modify entity @s {} merge value {transformation:[-0.11297579128595134f,-1.7956987808657336f,2.2034447591230768e-16f,2.220446049250313e-16f,-1.7956987808657336f,0.11297579128595134f,0f,0.5000000000000001f,-1.3835544117947976e-17f,-2.1990967642200253e-16f,-1.7992491881391441f,-1.3705000000000003f,0f,0f,0f,1f],start_interpolation:0}
execute if entity @s[tag=aj.assembler.bone.wheel] run data modify entity @s {} merge value {transformation:[-1f,7.19829327805995e-17f,-9.90760072617093e-17f,1.0625000000000002f,0f,-0.8090169943749486f,-0.5877852522924718f,-0.6249999999999999f,-1.2246467991473532e-16f,-0.5877852522924718f,0.8090169943749486f,-1.4955f,0f,0f,0f,1f],start_interpolation:0}
execute if entity @s[tag=aj.assembler.bone.wheel2] run data modify entity @s {} merge value {transformation:[-1f,7.19829327805995e-17f,-9.90760072617093e-17f,1.0625000000000002f,0f,-0.8090169943749486f,-0.5877852522924718f,-0.6249999999999999f,-1.2246467991473532e-16f,-0.5877852522924718f,0.8090169943749486f,-1.2455f,0f,0f,0f,1f],start_interpolation:0}
execute if entity @s[tag=aj.assembler.bone.rails] run data modify entity @s {} merge value {transformation:[-1.137300743709099f,0f,1.3927917154512523e-16f,-0.43749999999999983f,0f,1.137300743709099f,0f,-0.9999999999999999f,-1.3927917154512523e-16f,0f,-1.137300743709099f,-0.9330000000000003f,0f,0f,0f,1f],start_interpolation:0}
execute if entity @s[tag=aj.assembler.bone.wheel3] run data modify entity @s {} merge value {transformation:[-1f,7.19829327805995e-17f,-9.90760072617093e-17f,-1.0625f,0f,-0.8090169943749486f,-0.5877852522924718f,-0.6249999999999999f,-1.2246467991473532e-16f,-0.5877852522924718f,0.8090169943749486f,-1.2455000000000003f,0f,0f,0f,1f],start_interpolation:0}
execute if entity @s[tag=aj.assembler.bone.wheel4] run data modify entity @s {} merge value {transformation:[-1f,7.19829327805995e-17f,-9.90760072617093e-17f,-1.0625f,0f,-0.8090169943749486f,-0.5877852522924718f,-0.6249999999999999f,-1.2246467991473532e-16f,-0.5877852522924718f,0.8090169943749486f,-1.4955000000000003f,0f,0f,0f,1f],start_interpolation:0}
execute if entity @s[tag=aj.assembler.bone.rails2] run data modify entity @s {} merge value {transformation:[-1.2038220325092979f,0f,1.4742567988555726e-16f,0.4375000000000001f,0f,1.2038220325092979f,0f,-0.9999999999999999f,-1.4742567988555726e-16f,0f,-1.2038220325092979f,-0.9330000000000002f,0f,0f,0f,1f],start_interpolation:0}
execute if entity @s[tag=aj.assembler.bone.bone6] run data modify entity @s {} merge value {transformation:[0.13504257659858399f,-0.30525899173608106f,-0.9426454532165777f,0.3839024657040521f,0f,0.9513601052976941f,-0.30808107706894394f,0.584987657212373f,0.9908397965895475f,0.04160406244865712f,0.1284741198925008f,-0.012455650195040888f,0f,0f,0f,1f],start_interpolation:0}
execute if entity @s[tag=aj.assembler.bone.bone5] run data modify entity @s {} merge value {transformation:[0.13504257659858399f,-0.27833942404263595f,-0.9509419895709883f,0.25728290178757063f,0f,0.9597333422053831f,-0.28091264097453006f,0.5511420121515432f,0.9908397965895475f,0.03793516683631351f,0.12960486337898547f,0.004801460609274111f,0f,0f,0f,1f],start_interpolation:0}
execute if entity @s[tag=aj.assembler.bone.bone4] run data modify entity @s {} merge value {transformation:[0.13504257659858399f,-0.27833942404263595f,-0.9509419895709883f,0.9254373389712739f,0f,0.9597333422053831f,-0.28091264097453006f,0.27660454433306225f,0.9908397965895475f,0.03793516683631351f,0.12960486337898547f,-0.27549541252703236f,0f,0f,0f,1f],start_interpolation:0}
execute if entity @s[tag=aj.assembler.bone.bone3] run data modify entity @s {} merge value {transformation:[0.13504257659858399f,-0.48753173327220445f,-0.8625985807768385f,0.7932274321944476f,0f,0.8705732084499301f,-0.49203890977156933f,-0.234375f,0.9908397965895475f,0.06644620216231091f,0.11756444918677471f,-0.19439858260601175f,0f,0f,0f,1f],start_interpolation:0}
execute if entity @s[tag=aj.assembler.bone.octagon] run data modify entity @s {} merge value {transformation:[0.13504257659858399f,0f,-0.9908397965895475f,0.859375f,0f,1f,0f,-0.40625f,0.9908397965895475f,0f,0.13504257659858399f,-0.1718749999999999f,0f,0f,0f,1f],start_interpolation:0}
execute if entity @s[tag=aj.assembler.bone.bone10] run data modify entity @s {} merge value {transformation:[-0.5936098752935531f,-0.5652641053506599f,0.5728034629400299f,-0.45552904955665796f,0f,0.7117755337746963f,0.7024069970606401f,0.2814052825043111f,-0.8047529533676607f,0.4169557299304857f,-0.42251698584099967f,-0.3532684868702338f,0f,0f,0f,1f],start_interpolation:0}
execute if entity @s[tag=aj.assembler.bone.bone9] run data modify entity @s {} merge value {transformation:[-0.5936098752935531f,0.5176337764448982f,0.6161838925494283f,-0.37233127501169794f,0f,0.7656808092109202f,-0.6432207229296257f,0.19901714714012608f,-0.8047529533676607f,-0.38182217312448424f,-0.45451568967036116f,-0.41463765658332946f,0f,0f,0f,1f],start_interpolation:0}
execute if entity @s[tag=aj.assembler.bone.bone8] run data modify entity @s {} merge value {transformation:[-0.5936098752935531f,0.5176337764448982f,0.6161838925494283f,-1.0690193668808294f,0f,0.7656808092109202f,-0.6432207229296257f,0.23125111291677863f,-0.8047529533676607f,-0.38182217312448424f,-0.45451568967036116f,-0.13373041618497067f,0f,0f,0f,1f],start_interpolation:0}
execute if entity @s[tag=aj.assembler.bone.bone7] run data modify entity @s {} merge value {transformation:[-0.5936098752935531f,0.227231318503125f,0.7720059869232256f,-0.8276282490174446f,0f,0.9593080506167783f,-0.28236158382796483f,-0.234375f,-0.8047529533676607f,-0.16761262456380835f,-0.5694547322947273f,-0.23412414699858647f,0f,0f,0f,1f],start_interpolation:0}
execute if entity @s[tag=aj.assembler.bone.octagon2] run data modify entity @s {} merge value {transformation:[-0.5936098752935531f,0f,0.8047529533676607f,-0.8593749999999999f,0f,1f,0f,-0.40625f,-0.8047529533676607f,0f,-0.5936098752935531f,-0.171875f,0f,0f,0f,1f],start_interpolation:0}