execute if entity @s[tag=aj.assembler.bone.bone21] run data modify entity @s {} merge value {transformation:[-0.05877239555751122f,0.9982714087463549f,1.2246467991473532e-16f,0.7882177873735898f,0.9982714087463549f,0.05877239555751122f,0f,0.6756102864660597f,-7.197542609772813e-18f,1.2225298854015427e-16f,-1f,-1.7760625f,0f,0f,0f,1f],start_interpolation:0}
execute if entity @s[tag=aj.assembler.bone.arm4] run data modify entity @s {} merge value {transformation:[-0.015576433632494946f,0.9998786799983751f,1.2246467991473532e-16f,0.7799896014877516f,0.9998786799983751f,0.015576433632494946f,0f,1.203792015122474f,-1.9075629590166007e-18f,1.2244982249956907e-16f,-1f,-1.7760625f,0f,0f,0f,1f],start_interpolation:0}
execute if entity @s[tag=aj.assembler.bone.small_arm_base4] run data modify entity @s {} merge value {transformation:[0.7396310949786098f,0.6730125135097735f,1.2246467991473532e-16f,0.7923676492766017f,0.6730125135097735f,-0.7396310949786098f,0f,1.2150551720006457f,9.057868530154065e-17f,8.242026204558588e-17f,-1f,-1.6823125f,0f,0f,0f,1f],start_interpolation:0}
execute if entity @s[tag=aj.assembler.bone.bone25] run data modify entity @s {} merge value {transformation:[-0.9048270524660196f,0.4257792915650726f,1.2246467991473532e-16f,2.6414183864572156e-16f,0.4257792915650726f,0.9048270524660196f,0f,0.5000000000000001f,-1.108093553584445e-16f,5.214292465583938e-17f,-1f,-2.1198125f,0f,0f,0f,1f],start_interpolation:0}
execute if entity @s[tag=aj.assembler.bone.bone16] run data modify entity @s {} merge value {transformation:[-0.20516736072267058f,-0.978726904756426f,1.2246467991473532e-16f,-0.5853403582624634f,-0.978726904756426f,0.20516736072267058f,0f,0.7651956169496958f,-2.5125755159852892e-17f,-1.1985947711493533e-16f,-1f,-1.7760625f,0f,0f,0f,1f],start_interpolation:0}
execute if entity @s[tag=aj.assembler.bone.arm3] run data modify entity @s {} merge value {transformation:[-0.22423586405778811f,0.9745349030538913f,1.2246467991473532e-16f,-0.7037920151224734f,0.9745349030538913f,0.22423586405778811f,0f,1.2799896014877519f,-2.746097331724111e-17f,1.193461049682324e-16f,-1f,-1.7760625f,0f,0f,0f,1f],start_interpolation:0}
execute if entity @s[tag=aj.assembler.bone.small_arm_base3] run data modify entity @s {} merge value {transformation:[-0.6730125135097733f,0.7396310949786099f,1.2246467991473532e-16f,-0.7150551720006452f,0.7396310949786099f,0.6730125135097733f,0f,1.2923676492766019f,-8.242026204558585e-17f,9.057868530154065e-17f,-1f,-1.6823125f,0f,0f,0f,1f],start_interpolation:0}
execute if entity @s[tag=aj.assembler.bone.bone15] run data modify entity @s {} merge value {transformation:[-0.4257792915650728f,-0.9048270524660195f,1.2246467991473532e-16f,2.6414183864572156e-16f,-0.9048270524660195f,0.4257792915650728f,0f,0.5000000000000001f,-5.2142924655839405e-17f,-1.1080935535844449e-16f,-1f,-2.1198125f,0f,0f,0f,1f],start_interpolation:0}
execute if entity @s[tag=aj.assembler.bone.bone26] run data modify entity @s {} merge value {transformation:[-0.48175367410171516f,0.8763066800438637f,1.2246467991473532e-16f,0.42152262258697804f,0.8763066800438637f,0.48175367410171516f,0f,0.16651642486250073f,-5.899780949661425e-17f,1.0731661707871615e-16f,-1f,-1.7760625f,0f,0f,0f,1f],start_interpolation:0}
execute if entity @s[tag=aj.assembler.bone.arm5] run data modify entity @s {} merge value {transformation:[0.534352349389827f,-0.845261833221856f,1.2246467991473532e-16f,0.7037920151224741f,-0.845261833221856f,-0.534352349389827f,0f,-0.2799896014877512f,6.543928942971196e-17f,-1.0351471984965698e-16f,-1f,-1.7760625f,0f,0f,0f,1f],start_interpolation:0}
execute if entity @s[tag=aj.assembler.bone.small_arm_base5] run data modify entity @s {} merge value {transformation:[0.6730125135097738f,-0.7396310949786096f,1.2246467991473532e-16f,0.7150551720006459f,-0.7396310949786096f,-0.6730125135097738f,0f,-0.2923676492766013f,8.24202620455859e-17f,-9.057868530154063e-17f,-1f,-1.6823125f,0f,0f,0f,1f],start_interpolation:0}
execute if entity @s[tag=aj.assembler.bone.bone20] run data modify entity @s {} merge value {transformation:[0.4257792915650724f,0.9048270524660197f,1.2246467991473532e-16f,2.6414183864572156e-16f,0.9048270524660197f,-0.4257792915650724f,0f,0.5000000000000001f,5.2142924655839356e-17f,1.1080935535844452e-16f,-1f,-2.1198125f,0f,0f,0f,1f],start_interpolation:0}
execute if entity @s[tag=aj.assembler.bone.bone11] run data modify entity @s {} merge value {transformation:[-0.9762369875407987f,0.216705662494701f,1.2246467991473532e-16f,-0.2587784587677626f,0.216705662494701f,0.9762369875407987f,0f,-0.11787003752667123f,-1.1955455020010934e-16f,2.6538789593124242e-17f,-1f,-1.7760625f,0f,0f,0f,1f],start_interpolation:0}
execute if entity @s[tag=aj.assembler.bone.arm2] run data modify entity @s {} merge value {transformation:[0.9866829560897536f,0.16265529244997196f,1.2246467991473532e-16f,-0.7799896014877512f,0.16265529244997196f,-0.9866829560897536f,0f,-0.20379201512247355f,1.2083381239485651e-16f,1.9919528326323457e-17f,-1f,-1.7760625f,0f,0f,0f,1f],start_interpolation:0}
execute if entity @s[tag=aj.assembler.bone.small_arm_base2] run data modify entity @s {} merge value {transformation:[0.7396310949786098f,0.6730125135097735f,1.2246467991473532e-16f,-0.7923676492766013f,0.6730125135097735f,-0.7396310949786098f,0f,-0.2150551720006454f,9.057868530154065e-17f,8.242026204558588e-17f,-1f,-1.6823125f,0f,0f,0f,1f],start_interpolation:0}
execute if entity @s[tag=aj.assembler.bone.bone2] run data modify entity @s {} merge value {transformation:[-0.9048270524660196f,0.4257792915650726f,1.2246467991473532e-16f,2.6414183864572156e-16f,0.4257792915650726f,0.9048270524660196f,0f,0.5000000000000001f,-1.108093553584445e-16f,5.214292465583938e-17f,-1f,-2.1198125f,0f,0f,0f,1f],start_interpolation:0}
execute if entity @s[tag=aj.assembler.bone.ring] run data modify entity @s {} merge value {transformation:[-1.6280093395558206f,0.7660830446749168f,2.2034447591230768e-16f,2.220446049250313e-16f,0.7660830446749168f,1.6280093395558206f,0f,0.5000000000000001f,-1.993736426669032e-16f,9.381811485421957e-17f,-1.7992491881391441f,-1.7760625f,0f,0f,0f,1f],start_interpolation:0}
execute if entity @s[tag=aj.assembler.bone.wheel] run data modify entity @s {} merge value {transformation:[-1f,-1.164708318489092e-16f,-3.784366730434164e-17f,1.0625000000000002f,0f,-0.30901699437494856f,0.9510565162951533f,-0.6249999999999999f,-1.2246467991473532e-16f,0.9510565162951533f,0.30901699437494856f,-1.9010624999999999f,0f,0f,0f,1f],start_interpolation:0}
execute if entity @s[tag=aj.assembler.bone.wheel2] run data modify entity @s {} merge value {transformation:[-1f,-1.164708318489092e-16f,-3.784366730434164e-17f,1.0625000000000002f,0f,-0.30901699437494856f,0.9510565162951533f,-0.6249999999999999f,-1.2246467991473532e-16f,0.9510565162951533f,0.30901699437494856f,-1.6510624999999999f,0f,0f,0f,1f],start_interpolation:0}
execute if entity @s[tag=aj.assembler.bone.rails] run data modify entity @s {} merge value {transformation:[-1.137300743709099f,0f,1.3927917154512523e-16f,-0.43749999999999983f,0f,1.137300743709099f,0f,-0.9999999999999999f,-1.3927917154512523e-16f,0f,-1.137300743709099f,-1.3385625f,0f,0f,0f,1f],start_interpolation:0}
execute if entity @s[tag=aj.assembler.bone.wheel3] run data modify entity @s {} merge value {transformation:[-1f,-1.164708318489092e-16f,-3.784366730434164e-17f,-1.0625f,0f,-0.30901699437494856f,0.9510565162951533f,-0.6249999999999999f,-1.2246467991473532e-16f,0.9510565162951533f,0.30901699437494856f,-1.6510625000000003f,0f,0f,0f,1f],start_interpolation:0}
execute if entity @s[tag=aj.assembler.bone.wheel4] run data modify entity @s {} merge value {transformation:[-1f,-1.164708318489092e-16f,-3.784366730434164e-17f,-1.0625f,0f,-0.30901699437494856f,0.9510565162951533f,-0.6249999999999999f,-1.2246467991473532e-16f,0.9510565162951533f,0.30901699437494856f,-1.9010625000000003f,0f,0f,0f,1f],start_interpolation:0}
execute if entity @s[tag=aj.assembler.bone.rails2] run data modify entity @s {} merge value {transformation:[-1.2038220325092979f,0f,1.4742567988555726e-16f,0.4375000000000001f,0f,1.2038220325092979f,0f,-0.9999999999999999f,-1.4742567988555726e-16f,0f,-1.2038220325092979f,-1.3385625f,0f,0f,0f,1f],start_interpolation:0}
execute if entity @s[tag=aj.assembler.bone.bone6] run data modify entity @s {} merge value {transformation:[0.9429553052541759f,0.018244079349101827f,-0.3324190816750869f,0.7593185522152499f,0f,0.9984973346899197f,0.05480029760071026f,0.21442024887275196f,0.3329193480304268f,-0.05167423135209753f,0.9415383590280143f,0.3931229773669585f,0f,0f,0f,1f],start_interpolation:0}
execute if entity @s[tag=aj.assembler.bone.bone5] run data modify entity @s {} merge value {transformation:[0.9429553052541759f,-0.16799772168595073f,-0.2874231337268005f,0.7207612468078071f,0f,0.8633416334232753f,-0.5046198807003455f,0.15068202965359526f,0.3329193480304268f,0.47583399364312007f,0.8140925734832835f,0.5023320572998282f,0f,0f,0f,1f],start_interpolation:0}
execute if entity @s[tag=aj.assembler.bone.bone4] run data modify entity @s {} merge value {transformation:[0.9429553052541759f,-0.16799772168595073f,-0.2874231337268005f,0.91484398598363f,0f,0.8633416334232753f,-0.5046198807003455f,-0.04313816445684879f,0.3329193480304268f,0.47583399364312007f,0.8140925734832835f,-0.6105841812909143f,0f,0f,0f,1f],start_interpolation:0}
execute if entity @s[tag=aj.assembler.bone.bone3] run data modify entity @s {} merge value {transformation:[0.9429553052541759f,0.1346827499929105f,-0.30445993028205137f,0.8091001874589053f,0f,0.9145155788729517f,0.40455068409121514f,-0.234375f,0.3329193480304268f,-0.38147321380801746f,0.8623473168358435f,-0.12334402304756473f,0f,0f,0f,1f],start_interpolation:0}
execute if entity @s[tag=aj.assembler.bone.octagon] run data modify entity @s {} merge value {transformation:[0.9429553052541759f,0f,-0.3329193480304268f,0.859375f,0f,1f,0f,-0.40625f,0.3329193480304268f,0f,0.9429553052541759f,-0.1718749999999999f,0f,0f,0f,1f],start_interpolation:0}
execute if entity @s[tag=aj.assembler.bone.bone10] run data modify entity @s {} merge value {transformation:[-0.17047091208041087f,0.4078381876072564f,0.8969992646951841f,-0.5112537053367016f,0f,0.9103239411975943f,-0.41389651131953126f,0.7775758020690686f,-0.9853627089221881f,-0.07055731579154059f,-0.15518375254458822f,-0.13695847122069646f,0f,0f,0f,1f],start_interpolation:0}
execute if entity @s[tag=aj.assembler.bone.bone9] run data modify entity @s {} merge value {transformation:[-0.17047091208041087f,-0.08593623425522318f,0.9816081864860868f,-0.3818255662867047f,0f,0.9961897051693706f,0.0872127932964118f,0.7925032202865513f,-0.9853627089221881f,0.014867244418319658f,-0.1698213676453382f,-0.15934995479617803f,0f,0f,0f,1f],start_interpolation:0}
execute if entity @s[tag=aj.assembler.bone.bone8] run data modify entity @s {} merge value {transformation:[-0.17047091208041087f,-0.08593623425522318f,0.9816081864860868f,-0.9655084522996307f,0f,0.9961897051693706f,0.0872127932964118f,0.2731058141242567f,-0.9853627089221881f,0.014867244418319658f,-0.1698213676453382f,-0.24865620239296943f,0f,0f,0f,1f],start_interpolation:0}
execute if entity @s[tag=aj.assembler.bone.bone7] run data modify entity @s {} merge value {transformation:[-0.17047091208041087f,0.4644209281757146f,0.8690528577749921f,-0.8031170466948759f,0f,0.8819623981158995f,-0.47131977288211835f,-0.234375f,-0.9853627089221881f,-0.08034631156474682f,-0.15034893442744385f,-0.21332201665884407f,0f,0f,0f,1f],start_interpolation:0}
execute if entity @s[tag=aj.assembler.bone.octagon2] run data modify entity @s {} merge value {transformation:[-0.17047091208041087f,0f,0.9853627089221881f,-0.8593749999999999f,0f,1f,0f,-0.40625f,-0.9853627089221881f,0f,-0.17047091208041087f,-0.171875f,0f,0f,0f,1f],start_interpolation:0}