execute if entity @s[tag=aj.assembler.bone.bone21] run data modify entity @s {} merge value {transformation:[-0.5920988028539054f,-0.8058653781240215f,1.2246467991473532e-16f,-0.6196379389045079f,-0.8058653781240215f,0.5920988028539054f,0f,0.8267017472385703f,-7.251119036940149e-17f,-9.869004558632543e-17f,-1f,-1.9130000000000003f,0f,0f,0f,1f],start_interpolation:0}
execute if entity @s[tag=aj.assembler.bone.arm4] run data modify entity @s {} merge value {transformation:[-0.8153946227938447f,-0.5789055269375857f,1.2246467991473532e-16f,-1.0503667363273088f,-0.5789055269375857f,0.8153946227938447f,0f,0.5208973250989329f,-9.985704148464452e-17f,-7.089548005728261e-17f,-1f,-1.9130000000000003f,0f,0f,0f,1f],start_interpolation:0}
execute if entity @s[tag=aj.assembler.bone.small_arm_base4] run data modify entity @s {} merge value {transformation:[-0.9998766324816606f,0.015707317311820956f,1.2246467991473532e-16f,-1.067100106278677f,0.015707317311820956f,0.9998766324816606f,0f,0.5211601938799243f,-1.2244957175109e-16f,1.923591586911334e-18f,-1f,-1.8192500000000003f,0f,0f,0f,1f],start_interpolation:0}
execute if entity @s[tag=aj.assembler.bone.bone25] run data modify entity @s {} merge value {transformation:[0.3681245526846777f,-0.9297764858882515f,1.2246467991473532e-16f,2.6414183864572156e-16f,-0.9297764858882515f,-0.3681245526846777f,0f,0.5000000000000001f,4.508225551328417e-17f,-1.1386477973655213e-16f,-1f,-2.2567500000000003f,0f,0f,0f,1f],start_interpolation:0}
execute if entity @s[tag=aj.assembler.bone.bone16] run data modify entity @s {} merge value {transformation:[0.992965508106537f,0.11840396830649952f,1.2246467991473532e-16f,-0.09897702801074153f,0.11840396830649952f,-0.992965508106537f,0f,-0.0279232451029916f,1.2160320311663956e-16f,1.450030407928994e-17f,-1f,-1.9130000000000003f,0f,0f,0f,1f],start_interpolation:0}
execute if entity @s[tag=aj.assembler.bone.arm3] run data modify entity @s {} merge value {transformation:[0.14780941112961096f,-0.9890158633619168f,1.2246467991473532e-16f,-0.020897325098932846f,-0.9890158633619168f,-0.14780941112961096f,0f,-0.550366736327309f,1.8101432222373336e-17f,-1.2111951113721273e-16f,-1f,-1.9130000000000003f,0f,0f,0f,1f],start_interpolation:0}
execute if entity @s[tag=aj.assembler.bone.small_arm_base3] run data modify entity @s {} merge value {transformation:[-0.015707317311821234f,-0.9998766324816606f,1.2246467991473532e-16f,-0.02116019387992425f,-0.9998766324816606f,0.015707317311821234f,0f,-0.567100106278677f,-1.9235915869113526e-18f,-1.2244957175109e-16f,-1f,-1.8192500000000003f,0f,0f,0f,1f],start_interpolation:0}
execute if entity @s[tag=aj.assembler.bone.bone15] run data modify entity @s {} merge value {transformation:[0.9297764858882516f,0.3681245526846775f,1.2246467991473532e-16f,2.6414183864572156e-16f,0.3681245526846775f,-0.9297764858882516f,0f,0.5000000000000001f,1.1386477973655213e-16f,4.508225551328415e-17f,-1f,-2.2567500000000003f,0f,0f,0f,1f],start_interpolation:0}
execute if entity @s[tag=aj.assembler.bone.bone26] run data modify entity @s {} merge value {transformation:[-0.27217948231516126f,-0.9622465013740765f,1.2246467991473532e-16f,0.20004238800809818f,-0.9622465013740765f,0.27217948231516126f,0f,1.0534254038093542f,-3.333237318108461e-17f,-1.1784120978985023e-16f,-1f,-1.9130000000000003f,0f,0f,0f,1f],start_interpolation:0}
execute if entity @s[tag=aj.assembler.bone.arm5] run data modify entity @s {} merge value {transformation:[-0.33913200573123786f,0.940738796206847f,1.2246467991473532e-16f,0.020897325098932745f,0.940738796206847f,0.33913200573123786f,0f,1.5503667363273093f,-4.153169253071823e-17f,1.1520727556084497e-16f,-1f,-1.9130000000000003f,0f,0f,0f,1f],start_interpolation:0}
execute if entity @s[tag=aj.assembler.bone.small_arm_base5] run data modify entity @s {} merge value {transformation:[0.01570731731182068f,0.9998766324816606f,1.2246467991473532e-16f,0.021160193879924117f,0.9998766324816606f,-0.01570731731182068f,0f,1.5671001062786774f,1.9235915869113095e-18f,1.2244957175109002e-16f,-1f,-1.8192500000000003f,0f,0f,0f,1f],start_interpolation:0}
execute if entity @s[tag=aj.assembler.bone.bone20] run data modify entity @s {} merge value {transformation:[-0.9297764858882513f,-0.3681245526846779f,1.2246467991473532e-16f,2.6414183864572156e-16f,-0.3681245526846779f,0.9297764858882513f,0f,0.5000000000000001f,-1.1386477973655213e-16f,-4.50822555132842e-17f,-1f,-2.2567500000000003f,0f,0f,0f,1f],start_interpolation:0}
execute if entity @s[tag=aj.assembler.bone.bone11] run data modify entity @s {} merge value {transformation:[0.7953927130712811f,-0.6060944084819684f,1.2246467991473532e-16f,0.5437480314515842f,-0.6060944084819684f,-0.7953927130712811f,0f,0.3294994349645849f,9.740751401278733e-17f,-7.422515773285508e-17f,-1f,-1.9130000000000003f,0f,0f,0f,1f],start_interpolation:0}
execute if entity @s[tag=aj.assembler.bone.arm2] run data modify entity @s {} merge value {transformation:[-0.9590586239743731f,-0.2832076195662504f,1.2246467991473532e-16f,1.0503667363273093f,-0.2832076195662504f,0.9590586239743731f,0f,0.47910267490106734f,-1.174508074044881e-16f,-3.468293047959498e-17f,-1f,-1.9130000000000003f,0f,0f,0f,1f],start_interpolation:0}
execute if entity @s[tag=aj.assembler.bone.small_arm_base2] run data modify entity @s {} merge value {transformation:[-0.9998766324816606f,0.015707317311820956f,1.2246467991473532e-16f,1.0671001062786774f,0.015707317311820956f,0.9998766324816606f,0f,0.47883980612007593f,-1.2244957175109e-16f,1.923591586911334e-18f,-1f,-1.8192500000000003f,0f,0f,0f,1f],start_interpolation:0}
execute if entity @s[tag=aj.assembler.bone.bone2] run data modify entity @s {} merge value {transformation:[0.3681245526846777f,-0.9297764858882515f,1.2246467991473532e-16f,2.6414183864572156e-16f,-0.9297764858882515f,-0.3681245526846777f,0f,0.5000000000000001f,4.508225551328417e-17f,-1.1386477973655213e-16f,-1f,-2.2567500000000003f,0f,0f,0f,1f],start_interpolation:0}
execute if entity @s[tag=aj.assembler.bone.ring] run data modify entity @s {} merge value {transformation:[0.662347802551992f,-1.6728995873853028f,2.2034447591230768e-16f,2.220446049250313e-16f,-1.6728995873853028f,-0.662347802551992f,0f,0.5000000000000001f,8.1114211631758e-17f,-2.0487111249863388e-16f,-1.7992491881391441f,-1.9130000000000003f,0f,0f,0f,1f],start_interpolation:0}
execute if entity @s[tag=aj.assembler.bone.wheel] run data modify entity @s {} merge value {transformation:[-1f,-7.198293278059952e-17f,9.907600726170927e-17f,1.0625000000000002f,0f,0.8090169943749483f,0.5877852522924719f,-0.6249999999999999f,-1.2246467991473532e-16f,0.5877852522924719f,-0.8090169943749483f,-2.0380000000000003f,0f,0f,0f,1f],start_interpolation:0}
execute if entity @s[tag=aj.assembler.bone.wheel2] run data modify entity @s {} merge value {transformation:[-1f,-7.198293278059952e-17f,9.907600726170927e-17f,1.0625000000000002f,0f,0.8090169943749483f,0.5877852522924719f,-0.6249999999999999f,-1.2246467991473532e-16f,0.5877852522924719f,-0.8090169943749483f,-1.788f,0f,0f,0f,1f],start_interpolation:0}
execute if entity @s[tag=aj.assembler.bone.rails] run data modify entity @s {} merge value {transformation:[-1.137300743709099f,0f,1.3927917154512523e-16f,-0.43749999999999983f,0f,1.137300743709099f,0f,-0.9999999999999999f,-1.3927917154512523e-16f,0f,-1.137300743709099f,-1.4755000000000003f,0f,0f,0f,1f],start_interpolation:0}
execute if entity @s[tag=aj.assembler.bone.wheel3] run data modify entity @s {} merge value {transformation:[-1f,-7.198293278059952e-17f,9.907600726170927e-17f,-1.0625f,0f,0.8090169943749483f,0.5877852522924719f,-0.6249999999999999f,-1.2246467991473532e-16f,0.5877852522924719f,-0.8090169943749483f,-1.7880000000000005f,0f,0f,0f,1f],start_interpolation:0}
execute if entity @s[tag=aj.assembler.bone.wheel4] run data modify entity @s {} merge value {transformation:[-1f,-7.198293278059952e-17f,9.907600726170927e-17f,-1.0625f,0f,0.8090169943749483f,0.5877852522924719f,-0.6249999999999999f,-1.2246467991473532e-16f,0.5877852522924719f,-0.8090169943749483f,-2.0380000000000003f,0f,0f,0f,1f],start_interpolation:0}
execute if entity @s[tag=aj.assembler.bone.rails2] run data modify entity @s {} merge value {transformation:[-1.2038220325092979f,0f,1.4742567988555726e-16f,0.4375000000000001f,0f,1.2038220325092979f,0f,-0.9999999999999999f,-1.4742567988555726e-16f,0f,-1.2038220325092979f,-1.4755000000000003f,0f,0f,0f,1f],start_interpolation:0}
execute if entity @s[tag=aj.assembler.bone.bone6] run data modify entity @s {} merge value {transformation:[0.14912562143860753f,0.3845766599098943f,-0.9109678049651913f,0.32057034212689445f,0f,0.9212691986763999f,0.3889255244518468f,0.25275308383443146f,0.9888182588476757f,-0.057998760527218016f,0.13738484176486612f,0.004193329929739654f,0f,0f,0f,1f],start_interpolation:0}
execute if entity @s[tag=aj.assembler.bone.bone5] run data modify entity @s {} merge value {transformation:[0.14912562143860753f,-0.720963269978834f,-0.6767374028173528f,0.22867590668520288f,0f,0.684390075488687f,-0.729116056998191f,0.1587360828253377f,0.9888182588476757f,0.10872988510072241f,0.10206009531366597f,0.018052110013313416f,0f,0f,0f,1f],start_interpolation:0}
execute if entity @s[tag=aj.assembler.bone.bone4] run data modify entity @s {} merge value {transformation:[0.14912562143860753f,-0.720963269978834f,-0.6767374028173528f,0.9225959190995393f,0f,0.684390075488687f,-0.729116056998191f,0.276984778195525f,0.9888182588476757f,0.10872988510072241f,0.10206009531366597f,-0.27621961330525735f,0f,0f,0f,1f],start_interpolation:0}
execute if entity @s[tag=aj.assembler.bone.bone3] run data modify entity @s {} merge value {transformation:[0.14912562143860753f,-0.48885239764352556f,-0.8595259637432283f,0.7929136831520638f,0f,0.869245643526932f,-0.4943804316611347f,-0.234375f,0.9888182588476757f,0.07372478909855375f,0.12962679677375605f,-0.19345521924907677f,0f,0f,0f,1f],start_interpolation:0}
execute if entity @s[tag=aj.assembler.bone.octagon] run data modify entity @s {} merge value {transformation:[0.14912562143860753f,0f,-0.9888182588476757f,0.859375f,0f,1f,0f,-0.40625f,0.9888182588476757f,0f,0.14912562143860753f,-0.1718749999999999f,0f,0f,0f,1f],start_interpolation:0}
execute if entity @s[tag=aj.assembler.bone.bone10] run data modify entity @s {} merge value {transformation:[0.13985885553650734f,-0.3832288752751283f,0.9130033568850547f,-0.5098016627309245f,0f,0.9220659278988177f,0.38703284693691337f,0.22187869086862028f,-0.9901714500671176f,-0.054129971027632916f,0.12895908540513631f,-0.02781820370794202f,0f,0f,0f,1f],start_interpolation:0}
execute if entity @s[tag=aj.assembler.bone.bone9] run data modify entity @s {} merge value {transformation:[0.13985885553650734f,0.6697142552370541f,0.7293300465909083f,-0.41113201629466767f,0f,0.7365694562709028f,-0.6763619120624597f,0.1350114591829955f,-0.9901714500671176f,0.09459520294953942f,0.10301576117719595f,-0.013881401323030507f,0f,0f,0f,1f],start_interpolation:0}
execute if entity @s[tag=aj.assembler.bone.bone8] run data modify entity @s {} merge value {transformation:[0.13985885553650734f,0.6697142552370541f,0.7293300465909083f,-1.0855726615225554f,0f,0.7365694562709028f,-0.6763619120624597f,0.20004597400467689f,-0.9901714500671176f,0.09459520294953942f,0.10301576117719595f,-0.2985053386722367f,0f,0f,0f,1f],start_interpolation:0}
execute if entity @s[tag=aj.assembler.bone.bone7] run data modify entity @s {} merge value {transformation:[0.13985885553650734f,0.17194146788197687f,0.9751285208374378f,-0.7931186951352892f,0f,0.984807753012208f,-0.17364817766693033f,-0.234375f,-0.9901714500671176f,0.02428623539449697f,0.1377340852597668f,-0.1940766793435657f,0f,0f,0f,1f],start_interpolation:0}
execute if entity @s[tag=aj.assembler.bone.octagon2] run data modify entity @s {} merge value {transformation:[0.13985885553650734f,0f,0.9901714500671176f,-0.8593749999999999f,0f,1f,0f,-0.40625f,-0.9901714500671176f,0f,0.13985885553650734f,-0.171875f,0f,0f,0f,1f],start_interpolation:0}