execute if entity @s[tag=aj.assembler.bone.bone21] run data modify entity @s {} merge value {transformation:[0.37912623188085803f,0.9253449628651046f,1.2246467991473532e-16f,0.5225612241966202f,0.9253449628651046f,-0.37912623188085803f,0f,0.5299712783900543f,4.6429572634569e-17f,1.1332207468798767e-16f,-1f,-1.1156562499999998f,0f,0f,0f,1f],start_interpolation:0}
execute if entity @s[tag=aj.assembler.bone.arm4] run data modify entity @s {} merge value {transformation:[0.999427927237204f,-0.03382038229154352f,1.2246467991473532e-16f,1.050504844593148f,-0.03382038229154352f,-0.999427927237204f,0f,0.5121058029679788f,1.2239462120695157e-16f,-4.141802291927858e-18f,-1f,-1.1156562499999998f,0f,0f,0f,1f],start_interpolation:0}
execute if entity @s[tag=aj.assembler.bone.small_arm_base4] run data modify entity @s {} merge value {transformation:[0.9998766324816606f,0.01570731731182079f,1.2246467991473532e-16f,1.067238214544516f,0.01570731731182079f,-0.9998766324816606f,0f,0.5123686717489702f,1.2244957175109002e-16f,1.9235915869113156e-18f,-1f,-1.0219062499999998f,0f,0f,0f,1f],start_interpolation:0}
execute if entity @s[tag=aj.assembler.bone.bone25] run data modify entity @s {} merge value {transformation:[-0.39714789063478073f,0.917754625683981f,1.2246467991473532e-16f,1.531195361832059e-16f,0.917754625683981f,0.39714789063478073f,0f,0.5000000000000001f,-4.863658930540073e-17f,1.1239252647465647e-16f,-1f,-1.4594062499999998f,0f,0f,0f,1f],start_interpolation:0}
execute if entity @s[tag=aj.assembler.bone.bone16] run data modify entity @s {} merge value {transformation:[-0.9965883339575659f,-0.08253297898224082f,1.2246467991473532e-16f,0.41280582650754916f,-0.08253297898224082f,0.9965883339575659f,0f,1.2366677074249954f,-1.2204687132487266e-16f,-1.0107374853469713e-17f,-1f,-1.1156562499999998f,0f,0f,0f,1f],start_interpolation:0}
execute if entity @s[tag=aj.assembler.bone.arm3] run data modify entity @s {} merge value {transformation:[-0.804382386109239f,0.5941119228876048f,1.2246467991473532e-16f,-0.012105802967978281f,0.5941119228876048f,0.804382386109239f,0f,1.550504844593148f,-9.850843144391899e-17f,7.275772646995843e-17f,-1f,-1.1156562499999998f,0f,0f,0f,1f],start_interpolation:0}
execute if entity @s[tag=aj.assembler.bone.small_arm_base3] run data modify entity @s {} merge value {transformation:[-0.015707317311820568f,0.9998766324816606f,1.2246467991473532e-16f,-0.012368671748969674f,0.9998766324816606f,0.015707317311820568f,0f,1.567238214544516f,-1.923591586911291e-18f,1.2244957175109002e-16f,-1f,-1.0219062499999998f,0f,0f,0f,1f],start_interpolation:0}
execute if entity @s[tag=aj.assembler.bone.bone15] run data modify entity @s {} merge value {transformation:[-0.9177546256839811f,-0.3971478906347805f,1.2246467991473532e-16f,1.531195361832059e-16f,-0.3971478906347805f,0.9177546256839811f,0f,0.5000000000000001f,-1.1239252647465647e-16f,-4.8636589305400704e-17f,-1f,-1.4594062499999998f,0f,0f,0f,1f],start_interpolation:0}
execute if entity @s[tag=aj.assembler.bone.bone26] run data modify entity @s {} merge value {transformation:[-0.020321617621738064f,0.9997934946063795f,1.2246467991473532e-16f,0.17992241230240483f,0.9997934946063795f,0.020321617621738064f,0f,-0.049624392627864444f,-2.4886803973957825e-18f,1.2243939029780489e-16f,-1f,-1.1156562499999998f,0f,0f,0f,1f],start_interpolation:0}
execute if entity @s[tag=aj.assembler.bone.arm5] run data modify entity @s {} merge value {transformation:[-0.3176865853537718f,-0.9481957780365091f,1.2246467991473532e-16f,0.012105802967978994f,-0.9481957780365091f,0.3176865853537718f,0f,-0.5505048445931477f,-3.8905385988554916e-17f,-1.1612049245374449e-16f,-1f,-1.1156562499999998f,0f,0f,0f,1f],start_interpolation:0}
execute if entity @s[tag=aj.assembler.bone.small_arm_base5] run data modify entity @s {} merge value {transformation:[0.015707317311821067f,-0.9998766324816607f,1.2246467991473532e-16f,0.012368671748970371f,-0.9998766324816607f,-0.015707317311821067f,0f,-0.5672382145445157f,1.923591586911334e-18f,-1.2244957175109002e-16f,-1f,-1.0219062499999998f,0f,0f,0f,1f],start_interpolation:0}
execute if entity @s[tag=aj.assembler.bone.bone20] run data modify entity @s {} merge value {transformation:[0.9177546256839809f,0.39714789063478095f,1.2246467991473532e-16f,1.531195361832059e-16f,0.39714789063478095f,-0.9177546256839809f,0f,0.5000000000000001f,1.1239252647465647e-16f,4.8636589305400754e-17f,-1f,-1.4594062499999998f,0f,0f,0f,1f],start_interpolation:0}
execute if entity @s[tag=aj.assembler.bone.bone11] run data modify entity @s {} merge value {transformation:[0.9075213081361826f,0.420006041955103f,1.2246467991473532e-16f,-0.5235568580619678f,0.420006041955103f,-0.9075213081361826f,0f,0.5249004265101155f,1.111393065166995e-16f,5.1435905490286594e-17f,-1f,-1.1156562499999998f,0f,0f,0f,1f],start_interpolation:0}
execute if entity @s[tag=aj.assembler.bone.arm2] run data modify entity @s {} merge value {transformation:[0.99754313452092f,0.07005494108324886f,1.2246467991473532e-16f,-1.0505048445931475f,0.07005494108324886f,-0.99754313452092f,0f,0.48789419703202147f,1.2216380067024625e-16f,8.579255936205714e-18f,-1f,-1.1156562499999998f,0f,0f,0f,1f],start_interpolation:0}
execute if entity @s[tag=aj.assembler.bone.small_arm_base2] run data modify entity @s {} merge value {transformation:[0.9998766324816606f,0.01570731731182079f,1.2246467991473532e-16f,-1.0672382145445156f,0.01570731731182079f,-0.9998766324816606f,0f,0.48763132825103006f,1.2244957175109002e-16f,1.9235915869113156e-18f,-1f,-1.0219062499999998f,0f,0f,0f,1f],start_interpolation:0}
execute if entity @s[tag=aj.assembler.bone.bone2] run data modify entity @s {} merge value {transformation:[-0.39714789063478073f,0.917754625683981f,1.2246467991473532e-16f,1.531195361832059e-16f,0.917754625683981f,0.39714789063478073f,0f,0.5000000000000001f,-4.863658930540073e-17f,1.1239252647465647e-16f,-1f,-1.4594062499999998f,0f,0f,0f,1f],start_interpolation:0}
execute if entity @s[tag=aj.assembler.bone.ring] run data modify entity @s {} merge value {transformation:[-0.7145680197958029f,1.651269265172847f,2.2034447591230768e-16f,1.1102230246251565e-16f,1.651269265172847f,0.7145680197958029f,0f,0.5000000000000001f,-8.750934382159925e-17f,2.0222216201243292e-16f,-1.7992491881391441f,-1.1156562499999998f,0f,0f,0f,1f],start_interpolation:0}
execute if entity @s[tag=aj.assembler.bone.wheel] run data modify entity @s {} merge value {transformation:[-1f,9.907600726170909e-17f,7.198293278059977e-17f,1.0625f,0f,0.587785252292474f,-0.8090169943749468f,-0.6249999999999999f,-1.2246467991473532e-16f,-0.8090169943749468f,-0.587785252292474f,-1.2406562499999996f,0f,0f,0f,1f],start_interpolation:0}
execute if entity @s[tag=aj.assembler.bone.wheel2] run data modify entity @s {} merge value {transformation:[-1f,9.907600726170909e-17f,7.198293278059977e-17f,1.0625f,0f,0.587785252292474f,-0.8090169943749468f,-0.6249999999999999f,-1.2246467991473532e-16f,-0.8090169943749468f,-0.587785252292474f,-0.9906562499999996f,0f,0f,0f,1f],start_interpolation:0}
execute if entity @s[tag=aj.assembler.bone.rails] run data modify entity @s {} merge value {transformation:[-1.137300743709099f,0f,1.3927917154512523e-16f,-0.43749999999999994f,0f,1.137300743709099f,0f,-0.9999999999999999f,-1.3927917154512523e-16f,0f,-1.137300743709099f,-0.6781562499999998f,0f,0f,0f,1f],start_interpolation:0}
execute if entity @s[tag=aj.assembler.bone.wheel3] run data modify entity @s {} merge value {transformation:[-1f,9.907600726170909e-17f,7.198293278059977e-17f,-1.0625f,0f,0.587785252292474f,-0.8090169943749468f,-0.6249999999999999f,-1.2246467991473532e-16f,-0.8090169943749468f,-0.587785252292474f,-0.9906562499999998f,0f,0f,0f,1f],start_interpolation:0}
execute if entity @s[tag=aj.assembler.bone.wheel4] run data modify entity @s {} merge value {transformation:[-1f,9.907600726170909e-17f,7.198293278059977e-17f,-1.0625f,0f,0.587785252292474f,-0.8090169943749468f,-0.6249999999999999f,-1.2246467991473532e-16f,-0.8090169943749468f,-0.587785252292474f,-1.2406562499999998f,0f,0f,0f,1f],start_interpolation:0}
execute if entity @s[tag=aj.assembler.bone.rails2] run data modify entity @s {} merge value {transformation:[-1.2038220325092979f,0f,1.4742567988555726e-16f,0.4375f,0f,1.2038220325092979f,0f,-0.9999999999999999f,-1.4742567988555726e-16f,0f,-1.2038220325092979f,-0.6781562499999997f,0f,0f,0f,1f],start_interpolation:0}
execute if entity @s[tag=aj.assembler.bone.bone6] run data modify entity @s {} merge value {transformation:[-0.2373547629508579f,-0.6344306898722247f,-0.7356360623656205f,0.5251714915444644f,0f,0.7572767316268189f,-0.653094136963886f,0.5139444532260495f,0.9714230368405632f,-0.15501500406365826f,-0.17974323912348406f,-0.15702543917415457f,0f,0f,0f,1f],start_interpolation:0}
execute if entity @s[tag=aj.assembler.bone.bone5] run data modify entity @s {} merge value {transformation:[-0.2373547629508579f,-0.2604969549741025f,-0.9358440323866807f,0.4006080882538381f,0f,0.9633743455687453f,-0.2681601579280409f,0.4817965103223457f,0.9714230368405632f,-0.06364909071787475f,-0.2286614894254074f,-0.18746090955023056f,0f,0f,0f,1f],start_interpolation:0}
execute if entity @s[tag=aj.assembler.bone.bone4] run data modify entity @s {} merge value {transformation:[-0.2373547629508579f,-0.2604969549741025f,-0.9358440323866807f,1.1096764136189388f,0f,0.9633743455687453f,-0.2681601579280409f,0.20481474868053906f,0.9714230368405632f,-0.06364909071787475f,-0.2286614894254074f,-0.20722496186203082f,0f,0f,0f,1f],start_interpolation:0}
execute if entity @s[tag=aj.assembler.bone.bone3] run data modify entity @s {} merge value {transformation:[-0.2373547629508579f,-0.18383426002354922f,-0.9538698450764319f,0.8060783965396792f,0f,0.9819304349408668f,-0.18924222820723716f,-0.234375f,0.9714230368405632f,-0.04491754421642093f,-0.23306586561962223f,-0.2170666425856961f,0f,0f,0f,1f],start_interpolation:0}
execute if entity @s[tag=aj.assembler.bone.octagon] run data modify entity @s {} merge value {transformation:[-0.2373547629508579f,0f,-0.9714230368405632f,0.859375f,0f,1f,0f,-0.40625f,0.9714230368405632f,0f,-0.2373547629508579f,-0.1718749999999999f,0f,0f,0f,1f],start_interpolation:0}
execute if entity @s[tag=aj.assembler.bone.bone10] run data modify entity @s {} merge value {transformation:[-0.8876623455750503f,0.01808750435029116f,0.46013954669706236f,-0.3932319801708898f,0f,0.9992283057919842f,-0.03927840251436926f,0.18720417325234143f,-0.46049490795034836f,-0.03486595890634603f,-0.8869773416842963f,-0.8668394845789503f,0f,0f,0f,1f],start_interpolation:0}
execute if entity @s[tag=aj.assembler.bone.bone9] run data modify entity @s {} merge value {transformation:[-0.8876623455750503f,0.3665213961437823f,0.2787788127118207f,-0.35513906723896116f,0f,0.6053895665267144f,-0.7959293139095938f,0.08408786512259431f,-0.46049490795034836f,-0.7065164816969306f,-0.5373815226097662f,-0.9402684060700601f,0f,0f,0f,1f],start_interpolation:0}
execute if entity @s[tag=aj.assembler.bone.bone8] run data modify entity @s {} merge value {transformation:[-0.8876623455750503f,0.3665213961437823f,0.2787788127118207f,-0.9140623569409205f,0f,0.6053895665267144f,-0.7959293139095938f,0.2959548081368262f,-0.46049490795034836f,-0.7065164816969306f,-0.5373815226097662f,-0.27004349585966897f,0f,0f,0f,1f],start_interpolation:0}
execute if entity @s[tag=aj.assembler.bone.bone7] run data modify entity @s {} merge value {transformation:[-0.8876623455750503f,0.3252856431881831f,0.32595215996193344f,-0.8583335165523235f,0f,0.7078301069880198f,-0.7063827147101834f,-0.234375f,-0.46049490795034836f,-0.627029337413313f,-0.6283141330376245f,-0.24174436247188902f,0f,0f,0f,1f],start_interpolation:0}
execute if entity @s[tag=aj.assembler.bone.octagon2] run data modify entity @s {} merge value {transformation:[-0.8876623455750503f,0f,0.46049490795034836f,-0.8593749999999999f,0f,1f,0f,-0.40625f,-0.46049490795034836f,0f,-0.8876623455750503f,-0.171875f,0f,0f,0f,1f],start_interpolation:0}