execute if entity @s[tag=aj.assembler.bone.bone21] run data modify entity @s {} merge value {transformation:[0.7930851998539935f,0.6091107171709851f,1.2246467991473532e-16f,-0.12986393871859164f,0.6091107171709851f,-0.7930851998539935f,0f,-0.07678560193015249f,9.712492514523319e-17f,7.459454901097957e-17f,-1f,-1.80078125f,0f,0f,0f,1f],start_interpolation:0}
execute if entity @s[tag=aj.assembler.bone.arm4] run data modify entity @s {} merge value {transformation:[-0.8003914567904726f,-0.5994777025851964f,1.2246467991473532e-16f,-0.5526673764817656f,-0.5994777025851964f,0.8003914567904726f,0f,-0.39345718977012856f,-9.801968356233393e-17f,-7.341484496311698e-17f,-1f,-1.80078125f,0f,0f,0f,1f],start_interpolation:0}
execute if entity @s[tag=aj.assembler.bone.small_arm_base4] run data modify entity @s {} merge value {transformation:[-0.5224985647159488f,-0.8526401643540924f,1.2246467991473532e-16f,-0.5614116170194713f,-0.8526401643540924f,0.5224985647159488f,0f,-0.4077264934442435f,-6.398761948384729e-17f,-1.0441830481007124e-16f,-1f,-1.70703125f,0f,0f,0f,1f],start_interpolation:0}
execute if entity @s[tag=aj.assembler.bone.bone25] run data modify entity @s {} merge value {transformation:[0.9876883405951378f,-0.15643446504023073f,1.2246467991473532e-16f,2.6414183864572156e-16f,-0.15643446504023073f,-0.9876883405951378f,0f,0.5000000000000001f,1.2095693648649962e-16f,-1.915769668878471e-17f,-1f,-2.14453125f,0f,0f,0f,1f],start_interpolation:0}
execute if entity @s[tag=aj.assembler.bone.bone16] run data modify entity @s {} merge value {transformation:[-0.18079541246013853f,0.983520726183932f,1.2246467991473532e-16f,0.4383234709392382f,0.983520726183932f,0.18079541246013853f,0f,0.2154686701673441f,-2.2141052316983397e-17f,1.2044655092162328e-16f,-1f,-1.80078125f,0f,0f,0f,1f],start_interpolation:0}
execute if entity @s[tag=aj.assembler.bone.arm3] run data modify entity @s {} merge value {transformation:[0.8615945560347358f,-0.5075971050068224f,1.2246467991473532e-16f,0.8934571897701288f,-0.5075971050068224f,-0.8615945560347358f,0f,-0.05266737648176595f,1.0551490152107238e-16f,-6.21627169903068e-17f,-1f,-1.80078125f,0f,0f,0f,1f],start_interpolation:0}
execute if entity @s[tag=aj.assembler.bone.small_arm_base3] run data modify entity @s {} merge value {transformation:[0.8526401643540924f,-0.522498564715949f,1.2246467991473532e-16f,0.9077264934442437f,-0.522498564715949f,-0.8526401643540924f,0f,-0.06141161701947162f,1.0441830481007122e-16f,-6.398761948384731e-17f,-1f,-1.70703125f,0f,0f,0f,1f],start_interpolation:0}
execute if entity @s[tag=aj.assembler.bone.bone15] run data modify entity @s {} merge value {transformation:[0.15643446504023095f,0.9876883405951378f,1.2246467991473532e-16f,2.6414183864572156e-16f,0.9876883405951378f,-0.15643446504023095f,0f,0.5000000000000001f,1.9157696688784738e-17f,1.2095693648649962e-16f,-1f,-2.14453125f,0f,0f,0f,1f],start_interpolation:0}
execute if entity @s[tag=aj.assembler.bone.bone26] run data modify entity @s {} merge value {transformation:[-0.7231912777780346f,0.6906477942814079f,1.2246467991473532e-16f,-0.3914599887213772f,0.6906477942814079f,0.7231912777780346f,0f,0.8882214836517247f,-8.856538835021542e-17f,8.457996106049058e-17f,-1f,-1.80078125f,0f,0f,0f,1f],start_interpolation:0}
execute if entity @s[tag=aj.assembler.bone.arm5] run data modify entity @s {} merge value {transformation:[-0.9503098488929695f,0.3113056232981052f,1.2246467991473532e-16f,-0.8934571897701286f,0.3113056232981052f,0.9503098488929695f,0f,1.0526673764817658f,-1.1637939146449798e-16f,3.812394351285963e-17f,-1f,-1.80078125f,0f,0f,0f,1f],start_interpolation:0}
execute if entity @s[tag=aj.assembler.bone.small_arm_base5] run data modify entity @s {} merge value {transformation:[-0.8526401643540925f,0.5224985647159486f,1.2246467991473532e-16f,-0.9077264934442435f,0.5224985647159486f,0.8526401643540925f,0f,1.0614116170194714f,-1.0441830481007125e-16f,6.398761948384726e-17f,-1f,-1.70703125f,0f,0f,0f,1f],start_interpolation:0}
execute if entity @s[tag=aj.assembler.bone.bone20] run data modify entity @s {} merge value {transformation:[-0.1564344650402305f,-0.9876883405951378f,1.2246467991473532e-16f,2.6414183864572156e-16f,-0.9876883405951378f,0.1564344650402305f,0f,0.5000000000000001f,-1.9157696688784682e-17f,-1.2095693648649962e-16f,-1f,-2.14453125f,0f,0f,0f,1f],start_interpolation:0}
execute if entity @s[tag=aj.assembler.bone.bone11] run data modify entity @s {} merge value {transformation:[0.7770812318958685f,-0.6294003169964247f,1.2246467991473532e-16f,0.11816994530582414f,-0.6294003169964247f,-0.7770812318958685f,0f,1.0930314521394167f,9.516500433187572e-17f,-7.707930835920011e-17f,-1f,-1.80078125f,0f,0f,0f,1f],start_interpolation:0}
execute if entity @s[tag=aj.assembler.bone.arm2] run data modify entity @s {} merge value {transformation:[-0.8225288653055527f,-0.5687233648613009f,1.2246467991473532e-16f,0.5526673764817661f,-0.5687233648613009f,0.8225288653055527f,0f,1.3934571897701287f,-1.0073073421027495e-16f,-6.964852483777044e-17f,-1f,-1.80078125f,0f,0f,0f,1f],start_interpolation:0}
execute if entity @s[tag=aj.assembler.bone.small_arm_base2] run data modify entity @s {} merge value {transformation:[-0.5224985647159488f,-0.8526401643540924f,1.2246467991473532e-16f,0.5614116170194717f,-0.8526401643540924f,0.5224985647159488f,0f,1.4077264934442437f,-6.398761948384729e-17f,-1.0441830481007124e-16f,-1f,-1.70703125f,0f,0f,0f,1f],start_interpolation:0}
execute if entity @s[tag=aj.assembler.bone.bone2] run data modify entity @s {} merge value {transformation:[0.9876883405951378f,-0.15643446504023073f,1.2246467991473532e-16f,2.6414183864572156e-16f,-0.15643446504023073f,-0.9876883405951378f,0f,0.5000000000000001f,1.2095693648649962e-16f,-1.915769668878471e-17f,-1f,-2.14453125f,0f,0f,0f,1f],start_interpolation:0}
execute if entity @s[tag=aj.assembler.bone.ring] run data modify entity @s {} merge value {transformation:[1.7770974449503f,-0.2814645842206165f,2.2034447591230768e-16f,2.220446049250313e-16f,-0.2814645842206165f,-1.7770974449503f,0f,0.5000000000000001f,2.1763166977313247e-16f,-3.446947021391186e-17f,-1.7992491881391441f,-1.80078125f,0f,0f,0f,1f],start_interpolation:0}
execute if entity @s[tag=aj.assembler.bone.wheel] run data modify entity @s {} merge value {transformation:[-1f,-1.2246467991473532e-16f,-2.719262146893782e-32f,1.0625000000000002f,0f,-2.220446049250313e-16f,1f,-0.6249999999999999f,-1.2246467991473532e-16f,1f,2.220446049250313e-16f,-1.9257812499999998f,0f,0f,0f,1f],start_interpolation:0}
execute if entity @s[tag=aj.assembler.bone.wheel2] run data modify entity @s {} merge value {transformation:[-1f,-1.2246467991473532e-16f,-2.719262146893782e-32f,1.0625000000000002f,0f,-2.220446049250313e-16f,1f,-0.6249999999999999f,-1.2246467991473532e-16f,1f,2.220446049250313e-16f,-1.6757812499999998f,0f,0f,0f,1f],start_interpolation:0}
execute if entity @s[tag=aj.assembler.bone.rails] run data modify entity @s {} merge value {transformation:[-1.137300743709099f,0f,1.3927917154512523e-16f,-0.43749999999999983f,0f,1.137300743709099f,0f,-0.9999999999999999f,-1.3927917154512523e-16f,0f,-1.137300743709099f,-1.36328125f,0f,0f,0f,1f],start_interpolation:0}
execute if entity @s[tag=aj.assembler.bone.wheel3] run data modify entity @s {} merge value {transformation:[-1f,-1.2246467991473532e-16f,-2.719262146893782e-32f,-1.0625f,0f,-2.220446049250313e-16f,1f,-0.6249999999999999f,-1.2246467991473532e-16f,1f,2.220446049250313e-16f,-1.6757812500000002f,0f,0f,0f,1f],start_interpolation:0}
execute if entity @s[tag=aj.assembler.bone.wheel4] run data modify entity @s {} merge value {transformation:[-1f,-1.2246467991473532e-16f,-2.719262146893782e-32f,-1.0625f,0f,-2.220446049250313e-16f,1f,-0.6249999999999999f,-1.2246467991473532e-16f,1f,2.220446049250313e-16f,-1.9257812500000002f,0f,0f,0f,1f],start_interpolation:0}
execute if entity @s[tag=aj.assembler.bone.rails2] run data modify entity @s {} merge value {transformation:[-1.2038220325092979f,0f,1.4742567988555726e-16f,0.4375000000000001f,0f,1.2038220325092979f,0f,-0.9999999999999999f,-1.4742567988555726e-16f,0f,-1.2038220325092979f,-1.36328125f,0f,0f,0f,1f],start_interpolation:0}
execute if entity @s[tag=aj.assembler.bone.bone6] run data modify entity @s {} merge value {transformation:[-0.25160486216799294f,-0.9625525786138549f,-0.10093327864111168f,-0.22996101270635405f,0f,0.10428822633320184f,-0.9945471159519166f,0.28564884293661935f,0.967830043619966f,-0.2502328900286569f,-0.02623942481230966f,-0.3582013478132153f,0f,0f,0f,1f],start_interpolation:0}
execute if entity @s[tag=aj.assembler.bone.bone5] run data modify entity @s {} merge value {transformation:[-0.25160486216799294f,-0.6815229959859957f,-0.6871836721544671f,-0.3231012534972698f,0f,0.7100251502672928f,-0.7041763174006268f,0.19501522743578703f,0.967830043619966f,-0.17717418528154957f,-0.17864578006881068f,-0.3824148319894659f,0f,0f,0f,1f],start_interpolation:0}
execute if entity @s[tag=aj.assembler.bone.bone4] run data modify entity @s {} merge value {transformation:[-0.25160486216799294f,-0.6815229959859957f,-0.6871836721544671f,0.9263559861761735f,0f,0.7100251502672928f,-0.7041763174006268f,0.28497951825407464f,0.967830043619966f,-0.17717418528154957f,-0.17864578006881068f,-0.2513282663169345f,0f,0f,0f,1f],start_interpolation:0}
execute if entity @s[tag=aj.assembler.bone.bone3] run data modify entity @s {} merge value {transformation:[-0.25160486216799294f,-0.5316859973091937f,-0.8087057521736528f,0.8067482742165019f,0f,0.8355865345415998f,-0.5493588474692658f,-0.234375f,0.967830043619966f,-0.13822135709827207f,-0.21023763485277008f,-0.2178449927486234f,0f,0f,0f,1f],start_interpolation:0}
execute if entity @s[tag=aj.assembler.bone.octagon] run data modify entity @s {} merge value {transformation:[-0.25160486216799294f,0f,-0.967830043619966f,0.859375f,0f,1f,0f,-0.40625f,0.967830043619966f,0f,-0.25160486216799294f,-0.1718749999999999f,0f,0f,0f,1f],start_interpolation:0}
execute if entity @s[tag=aj.assembler.bone.bone10] run data modify entity @s {} merge value {transformation:[-0.9845574923989365f,0.007508482337596684f,0.17490044841024283f,-0.5536466811374209f,0f,0.999079777829401f,-0.04289052963481571f,0.8478935360769798f,-0.17506154392418116f,-0.04222819230491642f,-0.9836514807662016f,-1.355784968624782f,0f,0f,0f,1f],start_interpolation:0}
execute if entity @s[tag=aj.assembler.bone.bone9] run data modify entity @s {} merge value {transformation:[-0.9845574923989365f,0.04707176186941139f,0.16861433330422249f,-0.5312031834485689f,0f,0.963171748201016f,-0.2688869343560576f,0.8156488562316386f,-0.17506154392418116f,-0.26473464582843753f,-0.9482979611582921f,-1.4820086572195064f,0f,0f,0f,1f],start_interpolation:0}
execute if entity @s[tag=aj.assembler.bone.bone8] run data modify entity @s {} merge value {transformation:[-0.9845574923989365f,0.04707176186941139f,0.16861433330422249f,-0.9167573777336189f,0f,0.963171748201016f,-0.2688869343560576f,0.2779614657880558f,-0.17506154392418116f,-0.26473464582843753f,-0.9482979611582921f,-0.3846787331079068f,0f,0f,0f,1f],start_interpolation:0}
execute if entity @s[tag=aj.assembler.bone.bone7] run data modify entity @s {} merge value {transformation:[-0.9845574923989365f,0.15155860452404735f,0.08761582936799393f,-0.8792010751422054f,0f,0.5004858714483873f,-0.8657447039864283f,-0.234375f,-0.17506154392418116f,-0.8523754348145375f,-0.4927571145743207f,-0.2388805165225642f,0f,0f,0f,1f],start_interpolation:0}
execute if entity @s[tag=aj.assembler.bone.octagon2] run data modify entity @s {} merge value {transformation:[-0.9845574923989365f,0f,0.17506154392418116f,-0.8593749999999999f,0f,1f,0f,-0.40625f,-0.17506154392418116f,0f,-0.9845574923989365f,-0.171875f,0f,0f,0f,1f],start_interpolation:0}