execute if entity @s[tag=aj.assembler.bone.bone21] run data modify entity @s {} merge value {transformation:[0.9196860420855435f,0.39265453517440485f,1.2246467991473532e-16f,-0.6039151684236941f,0.39265453517440485f,-0.9196860420855435f,0f,0.2605330303245861f,1.1262905676605588e-16f,4.808631196720267e-17f,-1f,-1.3705000000000003f,0f,0f,0f,1f],start_interpolation:0}
execute if entity @s[tag=aj.assembler.bone.arm4] run data modify entity @s {} merge value {transformation:[-0.24674844869069834f,-0.9690795648803734f,1.2246467991473532e-16f,-0.7342590039107687f,-0.9690795648803734f,0.24674844869069834f,0f,-0.25137919465150116f,-3.021796978836387e-17f,-1.186780187249859e-16f,-1f,-1.3705000000000003f,0f,0f,0f,1f],start_interpolation:0}
execute if entity @s[tag=aj.assembler.bone.small_arm_base4] run data modify entity @s {} merge value {transformation:[-0.695912796592314f,-0.7181262977631893f,1.2246467991473532e-16f,-0.745905406977883f,-0.7181262977631893f,0.695912796592314f,0f,-0.26339735031381795f,-8.522473788324605e-17f,-8.794510719392288e-17f,-1f,-1.2767500000000003f,0f,0f,0f,1f],start_interpolation:0}
execute if entity @s[tag=aj.assembler.bone.bone25] run data modify entity @s {} merge value {transformation:[0.9297764858882516f,-0.3681245526846775f,1.2246467991473532e-16f,2.6414183864572156e-16f,-0.3681245526846775f,-0.9297764858882516f,0f,0.5000000000000001f,1.1386477973655215e-16f,-4.508225551328415e-17f,-1f,-1.7142500000000003f,0f,0f,0f,1f],start_interpolation:0}
execute if entity @s[tag=aj.assembler.bone.bone16] run data modify entity @s {} merge value {transformation:[0.7655096574616678f,-0.6434244045207799f,1.2246467991473532e-16f,0.3950128234610434f,-0.6434244045207799f,-0.7655096574616678f,0f,0.15567259395479832f,9.374789517268184e-17f,-7.879676374896649e-17f,-1f,-1.3705000000000003f,0f,0f,0f,1f],start_interpolation:0}
execute if entity @s[tag=aj.assembler.bone.arm3] run data modify entity @s {} merge value {transformation:[0.6746222322535443f,-0.7381631552368656f,1.2246467991473532e-16f,0.7513791946515013f,-0.7381631552368656f,-0.6746222322535443f,0f,-0.23425900391076904f,8.261739573629455e-17f,-9.039891453093384e-17f,-1f,-1.3705000000000003f,0f,0f,0f,1f],start_interpolation:0}
execute if entity @s[tag=aj.assembler.bone.small_arm_base3] run data modify entity @s {} merge value {transformation:[0.718126297763189f,-0.6959127965923142f,1.2246467991473532e-16f,0.7633973503138181f,-0.6959127965923142f,-0.718126297763189f,0f,-0.24590540697788332f,8.794510719392287e-17f,-8.522473788324607e-17f,-1f,-1.2767500000000003f,0f,0f,0f,1f],start_interpolation:0}
execute if entity @s[tag=aj.assembler.bone.bone15] run data modify entity @s {} merge value {transformation:[0.3681245526846777f,0.9297764858882515f,1.2246467991473532e-16f,2.6414183864572156e-16f,0.9297764858882515f,-0.3681245526846777f,0f,0.5000000000000001f,4.508225551328417e-17f,1.1386477973655215e-16f,-1f,-1.7142500000000003f,0f,0f,0f,1f],start_interpolation:0}
execute if entity @s[tag=aj.assembler.bone.bone26] run data modify entity @s {} merge value {transformation:[-0.7378127505788818f,0.6750054407804615f,1.2246467991473532e-16f,-0.2863762632418612f,0.6750054407804615f,0.7378127505788818f,0f,0.9836279696993382f,-9.035600233665319e-17f,8.266432524588403e-17f,-1f,-1.3705000000000003f,0f,0f,0f,1f],start_interpolation:0}
execute if entity @s[tag=aj.assembler.bone.arm5] run data modify entity @s {} merge value {transformation:[-0.8802775484793354f,0.47445910007419156f,1.2246467991473532e-16f,-0.7513791946515013f,0.47445910007419156f,0.8802775484793354f,0f,1.234259003910769f,-1.078029082106497e-16f,5.810448182321922e-17f,-1f,-1.3705000000000003f,0f,0f,0f,1f],start_interpolation:0}
execute if entity @s[tag=aj.assembler.bone.small_arm_base5] run data modify entity @s {} merge value {transformation:[-0.7181262977631894f,0.695912796592314f,1.2246467991473532e-16f,-0.7633973503138181f,0.695912796592314f,0.7181262977631894f,0f,1.2459054069778832f,-8.794510719392288e-17f,8.522473788324602e-17f,-1f,-1.2767500000000003f,0f,0f,0f,1f],start_interpolation:0}
execute if entity @s[tag=aj.assembler.bone.bone20] run data modify entity @s {} merge value {transformation:[-0.36812455268467725f,-0.9297764858882517f,1.2246467991473532e-16f,2.6414183864572156e-16f,-0.9297764858882517f,0.36812455268467725f,0f,0.5000000000000001f,-4.5082255513284124e-17f,-1.1386477973655215e-16f,-1f,-1.7142500000000003f,0f,0f,0f,1f],start_interpolation:0}
execute if entity @s[tag=aj.assembler.bone.bone11] run data modify entity @s {} merge value {transformation:[0.32681144714968213f,-0.9450895608416858f,1.2246467991473532e-16f,0.2699945513880629f,-0.9450895608416858f,-0.32681144714968213f,0f,0.9993828461596206f,4.0022859267657254e-17f,-1.1574009055923485e-16f,-1f,-1.3705000000000003f,0f,0f,0f,1f],start_interpolation:0}
execute if entity @s[tag=aj.assembler.bone.arm2] run data modify entity @s {} merge value {transformation:[-0.8788795650682993f,-0.47704371928090306f,1.2246467991473532e-16f,0.7342590039107691f,-0.47704371928090306f,0.8788795650682993f,0f,1.2513791946515016f,-1.0763170461969109e-16f,-5.842100638707065e-17f,-1f,-1.3705000000000003f,0f,0f,0f,1f],start_interpolation:0}
execute if entity @s[tag=aj.assembler.bone.small_arm_base2] run data modify entity @s {} merge value {transformation:[-0.695912796592314f,-0.7181262977631893f,1.2246467991473532e-16f,0.7459054069778834f,-0.7181262977631893f,0.695912796592314f,0f,1.2633973503138183f,-8.522473788324605e-17f,-8.794510719392288e-17f,-1f,-1.2767500000000003f,0f,0f,0f,1f],start_interpolation:0}
execute if entity @s[tag=aj.assembler.bone.bone2] run data modify entity @s {} merge value {transformation:[0.9297764858882516f,-0.3681245526846775f,1.2246467991473532e-16f,2.6414183864572156e-16f,-0.3681245526846775f,-0.9297764858882516f,0f,0.5000000000000001f,1.1386477973655215e-16f,-4.508225551328415e-17f,-1f,-1.7142500000000003f,0f,0f,0f,1f],start_interpolation:0}
execute if entity @s[tag=aj.assembler.bone.ring] run data modify entity @s {} merge value {transformation:[1.672899587385303f,-0.6623478025519915f,2.2034447591230768e-16f,2.220446049250313e-16f,-0.6623478025519915f,-1.672899587385303f,0f,0.5000000000000001f,2.0487111249863393e-16f,-8.111421163175796e-17f,-1.7992491881391441f,-1.3705000000000003f,0f,0f,0f,1f],start_interpolation:0}
execute if entity @s[tag=aj.assembler.bone.wheel] run data modify entity @s {} merge value {transformation:[-1f,7.19829327805995e-17f,-9.90760072617093e-17f,1.0625000000000002f,0f,-0.8090169943749486f,-0.5877852522924718f,-0.6249999999999999f,-1.2246467991473532e-16f,-0.5877852522924718f,0.8090169943749486f,-1.4955f,0f,0f,0f,1f],start_interpolation:0}
execute if entity @s[tag=aj.assembler.bone.wheel2] run data modify entity @s {} merge value {transformation:[-1f,7.19829327805995e-17f,-9.90760072617093e-17f,1.0625000000000002f,0f,-0.8090169943749486f,-0.5877852522924718f,-0.6249999999999999f,-1.2246467991473532e-16f,-0.5877852522924718f,0.8090169943749486f,-1.2455f,0f,0f,0f,1f],start_interpolation:0}
execute if entity @s[tag=aj.assembler.bone.rails] run data modify entity @s {} merge value {transformation:[-1.137300743709099f,0f,1.3927917154512523e-16f,-0.43749999999999983f,0f,1.137300743709099f,0f,-0.9999999999999999f,-1.3927917154512523e-16f,0f,-1.137300743709099f,-0.9330000000000003f,0f,0f,0f,1f],start_interpolation:0}
execute if entity @s[tag=aj.assembler.bone.wheel3] run data modify entity @s {} merge value {transformation:[-1f,7.19829327805995e-17f,-9.90760072617093e-17f,-1.0625f,0f,-0.8090169943749486f,-0.5877852522924718f,-0.6249999999999999f,-1.2246467991473532e-16f,-0.5877852522924718f,0.8090169943749486f,-1.2455000000000003f,0f,0f,0f,1f],start_interpolation:0}
execute if entity @s[tag=aj.assembler.bone.wheel4] run data modify entity @s {} merge value {transformation:[-1f,7.19829327805995e-17f,-9.90760072617093e-17f,-1.0625f,0f,-0.8090169943749486f,-0.5877852522924718f,-0.6249999999999999f,-1.2246467991473532e-16f,-0.5877852522924718f,0.8090169943749486f,-1.4955000000000003f,0f,0f,0f,1f],start_interpolation:0}
execute if entity @s[tag=aj.assembler.bone.rails2] run data modify entity @s {} merge value {transformation:[-1.2038220325092979f,0f,1.4742567988555726e-16f,0.4375000000000001f,0f,1.2038220325092979f,0f,-0.9999999999999999f,-1.4742567988555726e-16f,0f,-1.2038220325092979f,-0.9330000000000002f,0f,0f,0f,1f],start_interpolation:0}
execute if entity @s[tag=aj.assembler.bone.bone6] run data modify entity @s {} merge value {transformation:[-0.24598412657485802f,-0.8275903810116948f,-0.504565130315326f,0.06325808059504379f,0f,0.5205599292462652f,-0.8538251343589761f,0.5320190461923187f,0.9692738567985851f,-0.21002742992295353f,-0.12804947952551243f,-0.27719314549137003f,0f,0f,0f,1f],start_interpolation:0}
execute if entity @s[tag=aj.assembler.bone.bone5] run data modify entity @s {} merge value {transformation:[-0.24598412657485802f,-0.46127329818890206f,-0.8524780078401649f,-0.05097399059337171f,0f,0.8795017031159953f,-0.47589573880847447f,0.47213197148274405f,0.9692738567985851f,-0.11706279765149935f,-0.2163434582620882f,-0.306183173501543f,0f,0f,0f,1f],start_interpolation:0}
execute if entity @s[tag=aj.assembler.bone.bone4] run data modify entity @s {} merge value {transformation:[-0.24598412657485802f,-0.46127329818890206f,-0.8524780078401649f,0.9308557640710673f,0f,0.8795017031159953f,-0.47589573880847447f,0.28389514962858264f,0.9692738567985851f,-0.11706279765149935f,-0.2163434582620882f,-0.250456369082466f,0f,0f,0f,1f],start_interpolation:0}
execute if entity @s[tag=aj.assembler.bone.bone3] run data modify entity @s {} merge value {transformation:[-0.24598412657485802f,-0.52446178471932f,-0.8151267667315494f,0.8064823879055527f,0f,0.8409664214237984f,-0.5410873109190885f,-0.234375f,0.9692738567985851f,-0.13309888957717061f,-0.20686439065271703f,-0.2175388159358843f,0f,0f,0f,1f],start_interpolation:0}
execute if entity @s[tag=aj.assembler.bone.octagon] run data modify entity @s {} merge value {transformation:[-0.24598412657485802f,0f,-0.9692738567985851f,0.859375f,0f,1f,0f,-0.40625f,0.9692738567985851f,0f,-0.24598412657485802f,-0.1718749999999999f,0f,0f,0f,1f],start_interpolation:0}
execute if entity @s[tag=aj.assembler.bone.bone10] run data modify entity @s {} merge value {transformation:[-0.8964864303834409f,-0.00224621575940806f,0.44306549702399345f,-0.5912802419260198f,0f,0.9999871492430481f,0.005069649767184742f,0.6382378205095287f,-0.4430711908241791f,0.004544872223077673f,-0.8964749098542133f,-0.5027322430483888f,0f,0f,0f,1f],start_interpolation:0}
execute if entity @s[tag=aj.assembler.bone.bone9] run data modify entity @s {} merge value {transformation:[-0.8964864303834409f,0.07544377375949371f,0.43660086708489537f,-0.5333248591165846f,0f,0.9853966498538351f,-0.17027460896104962f,0.619100869687796f,-0.4430711908241791f,-0.15264887637242766f,-0.883394725139266f,-0.6199960492545428f,0f,0f,0f,1f],start_interpolation:0}
execute if entity @s[tag=aj.assembler.bone.bone8] run data modify entity @s {} merge value {transformation:[-0.8964864303834409f,0.07544377375949371f,0.43660086708489537f,-0.9992973293705787f,0f,0.9853966498538351f,-0.17027460896104962f,0.2612815349546652f,-0.4430711908241791f,-0.15264887637242766f,-0.883394725139266f,-0.10035495932793329f,0f,0f,0f,1f],start_interpolation:0}
execute if entity @s[tag=aj.assembler.bone.bone7] run data modify entity @s {} merge value {transformation:[-0.8964864303834409f,0.1813899403113432f,0.4042397428410565f,-0.8596982515229712f,0f,0.9123584453530137f,-0.40939231452609365f,-0.234375f,-0.4430711908241791f,-0.3670146546759126f,-0.8179169659047089f,-0.24175137661222065f,0f,0f,0f,1f],start_interpolation:0}
execute if entity @s[tag=aj.assembler.bone.octagon2] run data modify entity @s {} merge value {transformation:[-0.8964864303834409f,0f,0.4430711908241791f,-0.8593749999999999f,0f,1f,0f,-0.40625f,-0.4430711908241791f,0f,-0.8964864303834409f,-0.171875f,0f,0f,0f,1f],start_interpolation:0}