execute if entity @s[tag=aj.assembler.bone.bone21] run data modify entity @s {} merge value {transformation:[-0.2835969536482781f,0.9589435686636709f,1.2246467991473532e-16f,0.6379889908746847f,0.9589435686636709f,0.2835969536482781f,0f,0.4251790169821787f,-3.473061015333039e-17f,1.174367171926905e-16f,-1f,-1.6295000000000002f,0f,0f,0f,1f],start_interpolation:0}
execute if entity @s[tag=aj.assembler.bone.arm4] run data modify entity @s {} merge value {transformation:[0.6955602033418002f,0.7184678166258485f,1.2246467991473532e-16f,1.0054157576763092f,0.7184678166258485f,-0.6955602033418002f,0f,0.8047066346428102f,8.518155766368179e-17f,8.798693119212328e-17f,-1f,-1.6295000000000002f,0f,0f,0f,1f],start_interpolation:0}
execute if entity @s[tag=aj.assembler.bone.small_arm_base4] run data modify entity @s {} merge value {transformation:[0.9557930147983302f,0.29404032523230417f,1.2246467991473532e-16f,1.0214113691287523f,0.29404032523230417f,-0.9557930147983302f,0f,0.8096275272638536f,1.170508856220174e-16f,3.60095543115988e-17f,-1f,-1.5357500000000002f,0f,0f,0f,1f],start_interpolation:0}
execute if entity @s[tag=aj.assembler.bone.bone25] run data modify entity @s {} merge value {transformation:[-0.6374239897486899f,0.7705132427757891f,1.2246467991473532e-16f,2.6414183864572156e-16f,0.7705132427757891f,0.6374239897486899f,0f,0.5000000000000001f,-7.806192487454684e-17f,9.436065764660176e-17f,-1f,-1.9732500000000002f,0f,0f,0f,1f],start_interpolation:0}
execute if entity @s[tag=aj.assembler.bone.bone16] run data modify entity @s {} merge value {transformation:[-0.3326913694000211f,-0.9430357642882582f,1.2246467991473532e-16f,0.1767185699619725f,-0.9430357642882582f,0.3326913694000211f,0f,1.2879912560655349f,-4.0742942063968546e-17f,-1.1548857302170935e-16f,-1f,-1.6295000000000002f,0f,0f,0f,1f],start_interpolation:0}
execute if entity @s[tag=aj.assembler.bone.arm3] run data modify entity @s {} merge value {transformation:[-0.911365865159091f,0.4115972058005517f,1.2246467991473532e-16f,-0.3047066346428096f,0.4115972058005517f,0.911365865159091f,0f,1.505415757676309f,-1.1161012896192394e-16f,5.0406120062164e-17f,-1f,-1.6295000000000002f,0f,0f,0f,1f],start_interpolation:0}
execute if entity @s[tag=aj.assembler.bone.small_arm_base3] run data modify entity @s {} merge value {transformation:[-0.2940403252323039f,0.9557930147983302f,1.2246467991473532e-16f,-0.309627527263853f,0.9557930147983302f,0.2940403252323039f,0f,1.521411369128752f,-3.6009554311598786e-17f,1.170508856220174e-16f,-1f,-1.5357500000000002f,0f,0f,0f,1f],start_interpolation:0}
execute if entity @s[tag=aj.assembler.bone.bone15] run data modify entity @s {} merge value {transformation:[-0.7705132427757893f,-0.6374239897486896f,1.2246467991473532e-16f,2.6414183864572156e-16f,-0.6374239897486896f,0.7705132427757893f,0f,0.5000000000000001f,-9.436065764660177e-17f,-7.806192487454681e-17f,-1f,-1.9732500000000002f,0f,0f,0f,1f],start_interpolation:0}
execute if entity @s[tag=aj.assembler.bone.bone26] run data modify entity @s {} merge value {transformation:[0.448539214018395f,0.8937631529033633f,1.2246467991473532e-16f,0.4449855424696044f,0.8937631529033633f,-0.448539214018395f,0f,0.0038636052949111432f,5.493021127396969e-17f,1.0945441843989501e-16f,-1f,-1.6295000000000002f,0f,0f,0f,1f],start_interpolation:0}
execute if entity @s[tag=aj.assembler.bone.arm5] run data modify entity @s {} merge value {transformation:[-0.26555611748680863f,-0.9640954042341104f,1.2246467991473532e-16f,0.30470663464281056f,-0.9640954042341104f,0.26555611748680863f,0f,-0.505415757676309f,-3.252124492742185e-17f,-1.180676350867977e-16f,-1f,-1.6295000000000002f,0f,0f,0f,1f],start_interpolation:0}
execute if entity @s[tag=aj.assembler.bone.small_arm_base5] run data modify entity @s {} merge value {transformation:[0.29404032523230433f,-0.9557930147983302f,1.2246467991473532e-16f,0.30962752726385395f,-0.9557930147983302f,-0.29404032523230433f,0f,-0.521411369128752f,3.600955431159883e-17f,-1.1705088562201738e-16f,-1f,-1.5357500000000002f,0f,0f,0f,1f],start_interpolation:0}
execute if entity @s[tag=aj.assembler.bone.bone20] run data modify entity @s {} merge value {transformation:[0.770513242775789f,0.6374239897486901f,1.2246467991473532e-16f,2.6414183864572156e-16f,0.6374239897486901f,-0.770513242775789f,0f,0.5000000000000001f,9.436065764660175e-17f,7.806192487454686e-17f,-1f,-1.9732500000000002f,0f,0f,0f,1f],start_interpolation:0}
execute if entity @s[tag=aj.assembler.bone.bone11] run data modify entity @s {} merge value {transformation:[-0.041017506067036746f,0.9991584279762848f,1.2246467991473532e-16f,-0.5069049873249762f,0.9991584279762848f,0.041017506067036746f,0f,0.37002359563567033f,-5.0231957514003634e-18f,1.2236161706622583e-16f,-1f,-1.6295000000000002f,0f,0f,0f,1f],start_interpolation:0}
execute if entity @s[tag=aj.assembler.bone.arm2] run data modify entity @s {} merge value {transformation:[0.9437098331512123f,0.33077447122429415f,1.2246467991473532e-16f,-1.0054157576763088f,0.33077447122429415f,-0.9437098331512123f,0f,0.19529336535719f,1.155711226492515e-16f,4.0508189742449003e-17f,-1f,-1.6295000000000002f,0f,0f,0f,1f],start_interpolation:0}
execute if entity @s[tag=aj.assembler.bone.small_arm_base2] run data modify entity @s {} merge value {transformation:[0.9557930147983302f,0.29404032523230417f,1.2246467991473532e-16f,-1.0214113691287519f,0.29404032523230417f,-0.9557930147983302f,0f,0.1903724727361466f,1.170508856220174e-16f,3.60095543115988e-17f,-1f,-1.5357500000000002f,0f,0f,0f,1f],start_interpolation:0}
execute if entity @s[tag=aj.assembler.bone.bone2] run data modify entity @s {} merge value {transformation:[-0.6374239897486899f,0.7705132427757891f,1.2246467991473532e-16f,2.6414183864572156e-16f,0.7705132427757891f,0.6374239897486899f,0f,0.5000000000000001f,-7.806192487454684e-17f,9.436065764660176e-17f,-1f,-1.9732500000000002f,0f,0f,0f,1f],start_interpolation:0}
execute if entity @s[tag=aj.assembler.bone.ring] run data modify entity @s {} merge value {transformation:[-1.1468845960557443f,1.3863453265147978f,2.2034447591230768e-16f,2.220446049250313e-16f,1.3863453265147978f,1.1468845960557443f,0f,0.5000000000000001f,-1.4045285495510726e-16f,1.6977833666292394e-16f,-1.7992491881391441f,-1.6295000000000002f,0f,0f,0f,1f],start_interpolation:0}
execute if entity @s[tag=aj.assembler.bone.wheel] run data modify entity @s {} merge value {transformation:[-1f,-7.19829327805997e-17f,-9.907600726170914e-17f,1.0625000000000002f,0f,-0.8090169943749472f,0.5877852522924734f,-0.6249999999999999f,-1.2246467991473532e-16f,0.5877852522924734f,0.8090169943749472f,-1.7545f,0f,0f,0f,1f],start_interpolation:0}
execute if entity @s[tag=aj.assembler.bone.wheel2] run data modify entity @s {} merge value {transformation:[-1f,-7.19829327805997e-17f,-9.907600726170914e-17f,1.0625000000000002f,0f,-0.8090169943749472f,0.5877852522924734f,-0.6249999999999999f,-1.2246467991473532e-16f,0.5877852522924734f,0.8090169943749472f,-1.5045f,0f,0f,0f,1f],start_interpolation:0}
execute if entity @s[tag=aj.assembler.bone.rails] run data modify entity @s {} merge value {transformation:[-1.137300743709099f,0f,1.3927917154512523e-16f,-0.43749999999999983f,0f,1.137300743709099f,0f,-0.9999999999999999f,-1.3927917154512523e-16f,0f,-1.137300743709099f,-1.1920000000000002f,0f,0f,0f,1f],start_interpolation:0}
execute if entity @s[tag=aj.assembler.bone.wheel3] run data modify entity @s {} merge value {transformation:[-1f,-7.19829327805997e-17f,-9.907600726170914e-17f,-1.0625f,0f,-0.8090169943749472f,0.5877852522924734f,-0.6249999999999999f,-1.2246467991473532e-16f,0.5877852522924734f,0.8090169943749472f,-1.5045000000000004f,0f,0f,0f,1f],start_interpolation:0}
execute if entity @s[tag=aj.assembler.bone.wheel4] run data modify entity @s {} merge value {transformation:[-1f,-7.19829327805997e-17f,-9.907600726170914e-17f,-1.0625f,0f,-0.8090169943749472f,0.5877852522924734f,-0.6249999999999999f,-1.2246467991473532e-16f,0.5877852522924734f,0.8090169943749472f,-1.7545000000000004f,0f,0f,0f,1f],start_interpolation:0}
execute if entity @s[tag=aj.assembler.bone.rails2] run data modify entity @s {} merge value {transformation:[-1.2038220325092979f,0f,1.4742567988555726e-16f,0.4375000000000001f,0f,1.2038220325092979f,0f,-0.9999999999999999f,-1.4742567988555726e-16f,0f,-1.2038220325092979f,-1.1920000000000002f,0f,0f,0f,1f],start_interpolation:0}
execute if entity @s[tag=aj.assembler.bone.bone6] run data modify entity @s {} merge value {transformation:[-0.14953534344370956f,0.7267021185302162f,-0.6704798371203028f,0.37548170430262834f,0f,0.6781041821548841f,0.734965793859861f,0.408469428233789f,0.9887563810470059f,0.10990336240421297f,-0.10140054176914637f,-0.15024090463756695f,0f,0f,0f,1f],start_interpolation:0}
execute if entity @s[tag=aj.assembler.bone.bone5] run data modify entity @s {} merge value {transformation:[-0.14953534344370956f,-0.5042745783298745f,-0.8504976958883541f,0.2613644830208084f,0f,0.8601691095917398f,-0.5100089243377547f,0.3440082009889619f,0.9887563810470059f,-0.07626435966020303f,-0.12862568322247064f,-0.16749951171643998f,0f,0f,0f,1f],start_interpolation:0}
execute if entity @s[tag=aj.assembler.bone.bone4] run data modify entity @s {} merge value {transformation:[-0.14953534344370956f,-0.5042745783298745f,-0.8504976958883541f,1.0138280689329513f,0f,0.8601691095917398f,-0.5100089243377547f,0.2549276056209301f,0.9887563810470059f,-0.07626435966020303f,-0.12862568322247064f,-0.24333224532908698f,0f,0f,0f,1f],start_interpolation:0}
execute if entity @s[tag=aj.assembler.bone.bone3] run data modify entity @s {} merge value {transformation:[-0.14953534344370956f,-0.37542622569343986f,-0.9147099704948833f,0.802250705667178f,0f,0.9251115725051362f,-0.37969537581734397f,-0.234375f,0.9887563810470059f,-0.056777878426834905f,-0.13833687671830575f,-0.21211959587295068f,0f,0f,0f,1f],start_interpolation:0}
execute if entity @s[tag=aj.assembler.bone.octagon] run data modify entity @s {} merge value {transformation:[-0.14953534344370956f,0f,-0.9887563810470059f,0.859375f,0f,1f,0f,-0.40625f,0.9887563810470059f,0f,-0.14953534344370956f,-0.1718749999999999f,0f,0f,0f,1f],start_interpolation:0}
execute if entity @s[tag=aj.assembler.bone.bone10] run data modify entity @s {} merge value {transformation:[-0.8873176478973525f,-0.03180276725755088f,0.4600608391557274f,-0.12793186566094183f,0f,0.997619236774125f,0.06896273209649056f,0.15140233482018617f,-0.46115874894650977f,0.06119184923643328f,-0.8852051546715687f,-1.3759558133877705f,0f,0f,0f,1f],start_interpolation:0}
execute if entity @s[tag=aj.assembler.bone.bone9] run data modify entity @s {} merge value {transformation:[-0.8873176478973525f,0.33824185038378984f,0.31346426013001855f,-0.08535177353357859f,0f,0.6797317861714851f,-0.7334607684587652f,0.05679526251349093f,-0.46115874894650977f,-0.6508126838938162f,-0.6031380097067484f,-1.457884362461198f,0f,0f,0f,1f],start_interpolation:0}
execute if entity @s[tag=aj.assembler.bone.bone8] run data modify entity @s {} merge value {transformation:[-0.8873176478973525f,0.33824185038378984f,0.31346426013001855f,-0.7700004747123753f,0f,0.6797317861714851f,-0.7334607684587652f,0.19469368364496192f,-0.46115874894650977f,-0.6508126838938162f,-0.6031380097067484f,-0.5471331816033812f,0f,0f,0f,1f],start_interpolation:0}
execute if entity @s[tag=aj.assembler.bone.bone7] run data modify entity @s {} merge value {transformation:[-0.8873176478973525f,0.4554758804409078f,0.07217419252398927f,-0.8582812546876353f,0f,0.1565061764281107f,-0.9876769799584544f,-0.234375f,-0.46115874894650977f,-0.8763832147390963f,-0.13887069234959926f,-0.24174356389816296f,0f,0f,0f,1f],start_interpolation:0}
execute if entity @s[tag=aj.assembler.bone.octagon2] run data modify entity @s {} merge value {transformation:[-0.8873176478973525f,0f,0.46115874894650977f,-0.8593749999999999f,0f,1f,0f,-0.40625f,-0.46115874894650977f,0f,-0.8873176478973525f,-0.171875f,0f,0f,0f,1f],start_interpolation:0}