execute if entity @s[tag=aj.assembler.bone.bone21] run data modify entity @s {} merge value {transformation:[-0.4102178179660694f,0.9119875776693217f,1.2246467991473532e-16f,0.7257848791647674f,0.9119875776693217f,0.4102178179660694f,0f,0.4065689995346805f,-5.023719377253585e-17f,1.116862667854883e-16f,-1f,-1.7485f,0f,0f,0f,1f],start_interpolation:0}
execute if entity @s[tag=aj.assembler.bone.arm4] run data modify entity @s {} merge value {transformation:[0.4893824517488464f,0.8720692724321206f,1.2246467991473532e-16f,0.9842991114506683f,0.8720692724321206f,-0.4893824517488464f,0f,0.8672359434704062f,5.993206530931089e-17f,1.0679768431187577e-16f,-1f,-1.7485f,0f,0f,0f,1f],start_interpolation:0}
execute if entity @s[tag=aj.assembler.bone.small_arm_base4] run data modify entity @s {} merge value {transformation:[0.9354440308298675f,0.3534748437792572f,1.2246467991473532e-16f,0.9999541738135365f,0.3534748437792572f,-0.9354440308298675f,0f,0.8731514985872209f,1.1455885381372952e-16f,4.3288183601337804e-17f,-1f,-1.65475f,0f,0f,0f,1f],start_interpolation:0}
execute if entity @s[tag=aj.assembler.bone.bone25] run data modify entity @s {} merge value {transformation:[-0.6845471059286887f,0.7289686274214116f,1.2246467991473532e-16f,2.6414183864572156e-16f,0.7289686274214116f,0.6845471059286887f,0f,0.5000000000000001f,-8.383284221411528e-17f,8.927290962504712e-17f,-1f,-2.09225f,0f,0f,0f,1f],start_interpolation:0}
execute if entity @s[tag=aj.assembler.bone.bone16] run data modify entity @s {} merge value {transformation:[-0.15752936028459613f,-0.9875143040221375f,1.2246467991473532e-16f,0.10426878004766177f,-0.9875143040221375f,0.15752936028459613f,0f,1.2461249373057774f,-1.9291782684426097e-17f,-1.2093562315329368e-16f,-1f,-1.7485f,0f,0f,0f,1f],start_interpolation:0}
execute if entity @s[tag=aj.assembler.bone.arm3] run data modify entity @s {} merge value {transformation:[-0.8925858184521256f,0.4508775406894309f,1.2246467991473532e-16f,-0.3672359434704056f,0.4508775406894309f,0.8925858184521256f,0f,1.484299111450668f,-1.093102365531716e-16f,5.5216573701274214e-17f,-1f,-1.7485f,0f,0f,0f,1f],start_interpolation:0}
execute if entity @s[tag=aj.assembler.bone.small_arm_base3] run data modify entity @s {} merge value {transformation:[-0.35347484377925703f,0.9354440308298676f,1.2246467991473532e-16f,-0.3731514985872203f,0.9354440308298676f,0.35347484377925703f,0f,1.4999541738135362f,-4.328818360133777e-17f,1.1455885381372952e-16f,-1f,-1.65475f,0f,0f,0f,1f],start_interpolation:0}
execute if entity @s[tag=aj.assembler.bone.bone15] run data modify entity @s {} merge value {transformation:[-0.7289686274214117f,-0.6845471059286886f,1.2246467991473532e-16f,2.6414183864572156e-16f,-0.6845471059286886f,0.7289686274214117f,0f,0.5000000000000001f,-8.927290962504714e-17f,-8.383284221411526e-17f,-1f,-2.09225f,0f,0f,0f,1f],start_interpolation:0}
execute if entity @s[tag=aj.assembler.bone.bone26] run data modify entity @s {} merge value {transformation:[0.4214315458880423f,0.9068602164228041f,1.2246467991473532e-16f,0.4297823442597588f,0.9068602164228041f,-0.4214315458880423f,0f,0.04023076308246837f,5.161047937315116e-17f,1.1105834613162632e-16f,-1f,-1.7485f,0f,0f,0f,1f],start_interpolation:0}
execute if entity @s[tag=aj.assembler.bone.arm5] run data modify entity @s {} merge value {transformation:[-0.11840396830650102f,-0.9929655081065372f,1.2246467991473532e-16f,0.3672359434704064f,-0.9929655081065372f,0.11840396830650102f,0f,-0.4842991114506678f,-1.4500304079290075e-17f,-1.2160320311663959e-16f,-1f,-1.7485f,0f,0f,0f,1f],start_interpolation:0}
execute if entity @s[tag=aj.assembler.bone.small_arm_base5] run data modify entity @s {} merge value {transformation:[0.3534748437792573f,-0.9354440308298675f,1.2246467991473532e-16f,0.3731514985872211f,-0.9354440308298675f,-0.3534748437792573f,0f,-0.499954173813536f,4.328818360133784e-17f,-1.145588538137295e-16f,-1f,-1.65475f,0f,0f,0f,1f],start_interpolation:0}
execute if entity @s[tag=aj.assembler.bone.bone20] run data modify entity @s {} merge value {transformation:[0.7289686274214114f,0.6845471059286888f,1.2246467991473532e-16f,2.6414183864572156e-16f,0.6845471059286888f,-0.7289686274214114f,0f,0.5000000000000001f,8.927290962504709e-17f,8.383284221411531e-17f,-1f,-2.09225f,0f,0f,0f,1f],start_interpolation:0}
execute if entity @s[tag=aj.assembler.bone.bone11] run data modify entity @s {} merge value {transformation:[-0.3207978811518756f,0.9471476756284987f,1.2246467991473532e-16f,-0.48160545551917766f,0.9471476756284987f,0.3207978811518756f,0f,0.2950684921303582f,-3.928640983258975e-17f,1.1599213692782964e-16f,-1f,-1.7485f,0f,0f,0f,1f],start_interpolation:0}
execute if entity @s[tag=aj.assembler.bone.arm2] run data modify entity @s {} merge value {transformation:[0.9516282784240375f,0.3072517204243174f,1.2246467991473532e-16f,-0.9842991114506677f,0.3072517204243174f,-0.9516282784240375f,0f,0.1327640565295941f,1.1654085251501038e-16f,3.762748359501578e-17f,-1f,-1.7485f,0f,0f,0f,1f],start_interpolation:0}
execute if entity @s[tag=aj.assembler.bone.small_arm_base2] run data modify entity @s {} merge value {transformation:[0.9354440308298675f,0.3534748437792572f,1.2246467991473532e-16f,-0.999954173813536f,0.3534748437792572f,-0.9354440308298675f,0f,0.12684850141277942f,1.1455885381372952e-16f,4.3288183601337804e-17f,-1f,-1.65475f,0f,0f,0f,1f],start_interpolation:0}
execute if entity @s[tag=aj.assembler.bone.bone2] run data modify entity @s {} merge value {transformation:[-0.6845471059286887f,0.7289686274214116f,1.2246467991473532e-16f,2.6414183864572156e-16f,0.7289686274214116f,0.6845471059286887f,0f,0.5000000000000001f,-8.383284221411528e-17f,8.927290962504712e-17f,-1f,-2.09225f,0f,0f,0f,1f],start_interpolation:0}
execute if entity @s[tag=aj.assembler.bone.ring] run data modify entity @s {} merge value {transformation:[-1.231670824585194f,1.311596211066881f,2.2034447591230768e-16f,2.220446049250313e-16f,1.311596211066881f,1.231670824585194f,0f,0.5000000000000001f,-1.508361732931439e-16f,1.606242101656852e-16f,-1.7992491881391441f,-1.7485f,0f,0f,0f,1f],start_interpolation:0}
execute if entity @s[tag=aj.assembler.bone.wheel] run data modify entity @s {} merge value {transformation:[-1f,-1.164708318489092e-16f,-3.7843667304341506e-17f,1.0625000000000002f,0f,-0.30901699437494745f,0.9510565162951534f,-0.6249999999999999f,-1.2246467991473532e-16f,0.9510565162951534f,0.30901699437494745f,-1.8734999999999997f,0f,0f,0f,1f],start_interpolation:0}
execute if entity @s[tag=aj.assembler.bone.wheel2] run data modify entity @s {} merge value {transformation:[-1f,-1.164708318489092e-16f,-3.7843667304341506e-17f,1.0625000000000002f,0f,-0.30901699437494745f,0.9510565162951534f,-0.6249999999999999f,-1.2246467991473532e-16f,0.9510565162951534f,0.30901699437494745f,-1.6234999999999997f,0f,0f,0f,1f],start_interpolation:0}
execute if entity @s[tag=aj.assembler.bone.rails] run data modify entity @s {} merge value {transformation:[-1.137300743709099f,0f,1.3927917154512523e-16f,-0.43749999999999983f,0f,1.137300743709099f,0f,-0.9999999999999999f,-1.3927917154512523e-16f,0f,-1.137300743709099f,-1.311f,0f,0f,0f,1f],start_interpolation:0}
execute if entity @s[tag=aj.assembler.bone.wheel3] run data modify entity @s {} merge value {transformation:[-1f,-1.164708318489092e-16f,-3.7843667304341506e-17f,-1.0625f,0f,-0.30901699437494745f,0.9510565162951534f,-0.6249999999999999f,-1.2246467991473532e-16f,0.9510565162951534f,0.30901699437494745f,-1.6235000000000002f,0f,0f,0f,1f],start_interpolation:0}
execute if entity @s[tag=aj.assembler.bone.wheel4] run data modify entity @s {} merge value {transformation:[-1f,-1.164708318489092e-16f,-3.7843667304341506e-17f,-1.0625f,0f,-0.30901699437494745f,0.9510565162951534f,-0.6249999999999999f,-1.2246467991473532e-16f,0.9510565162951534f,0.30901699437494745f,-1.8735000000000002f,0f,0f,0f,1f],start_interpolation:0}
execute if entity @s[tag=aj.assembler.bone.rails2] run data modify entity @s {} merge value {transformation:[-1.2038220325092979f,0f,1.4742567988555726e-16f,0.4375000000000001f,0f,1.2038220325092979f,0f,-0.9999999999999999f,-1.4742567988555726e-16f,0f,-1.2038220325092979f,-1.311f,0f,0f,0f,1f],start_interpolation:0}
execute if entity @s[tag=aj.assembler.bone.bone6] run data modify entity @s {} merge value {transformation:[-0.0871557427476586f,0.9588400806641703f,-0.2702398494264518f,0.4254938022573982f,0f,0.27127212174899956f,0.9625026940023577f,0.5923158064218723f,0.9961946980917454f,0.08388763719239782f,-0.023642923257767328f,-0.11572657634983863f,0f,0f,0f,1f],start_interpolation:0}
execute if entity @s[tag=aj.assembler.bone.bone5] run data modify entity @s {} merge value {transformation:[-0.0871557427476586f,-0.2355987011436819f,-0.9679344649951845f,0.29677460915740583f,0f,0.9716318174040731f,-0.23649864990747446f,0.5643801992780713f,0.9961946980917454f,-0.020612215491504417f,-0.08468329272310937f,-0.12698804652429235f,0f,0f,0f,1f],start_interpolation:0}
execute if entity @s[tag=aj.assembler.bone.bone4] run data modify entity @s {} merge value {transformation:[-0.0871557427476586f,-0.2355987011436819f,-0.9679344649951845f,0.9890341593742504f,0f,0.9716318174040731f,-0.23649864990747446f,0.2628445910171554f,0.9961946980917454f,-0.020612215491504417f,-0.08468329272310937f,-0.2546394032021407f,0f,0f,0f,1f],start_interpolation:0}
execute if entity @s[tag=aj.assembler.bone.bone3] run data modify entity @s {} merge value {transformation:[-0.0871557427476586f,-0.4154360576483263f,-0.9054373299747037f,0.7998364483301302f,0f,0.9088959534808894f,-0.41702295589819166f,-0.234375f,0.9961946980917454f,-0.03634594546413097f,-0.07921550190596827f,-0.2084533182370956f,0f,0f,0f,1f],start_interpolation:0}
execute if entity @s[tag=aj.assembler.bone.octagon] run data modify entity @s {} merge value {transformation:[-0.0871557427476586f,0f,-0.9961946980917454f,0.859375f,0f,1f,0f,-0.40625f,0.9961946980917454f,0f,-0.0871557427476586f,-0.1718749999999999f,0f,0f,0f,1f],start_interpolation:0}
execute if entity @s[tag=aj.assembler.bone.bone10] run data modify entity @s {} merge value {transformation:[-0.887240980986751f,-0.013510060873343693f,0.4611083602721451f,-0.14195850877384827f,0f,0.9995710574569485f,0.029286534352805205f,0.19326079642462118f,-0.4613062341413432f,0.02598421346888513f,-0.886860405584067f,-1.3484715236993947f,0f,0f,0f,1f],start_interpolation:0}
execute if entity @s[tag=aj.assembler.bone.bone9] run data modify entity @s {} merge value {transformation:[-0.887240980986751f,0.31867044046661314f,0.3335454871984967f,-0.0967914774243952f,0f,0.7230456961401026f,-0.6908002035996186f,0.10443932904665304f,-0.4613062341413432f,-0.6129062503075728f,-0.641515772741593f,-1.4353423228277444f,0f,0f,0f,1f],start_interpolation:0}
execute if entity @s[tag=aj.assembler.bone.bone8] run data modify entity @s {} merge value {transformation:[-0.887240980986751f,0.31867044046661314f,0.3335454871984967f,-0.7582473609822624f,0f,0.7230456961401026f,-0.6908002035996186f,0.17508758473620467f,-0.4613062341413432f,-0.6129062503075728f,-0.641515772741593f,-0.5696033896639368f,0f,0f,0f,1f],start_interpolation:0}
execute if entity @s[tag=aj.assembler.bone.bone7] run data modify entity @s {} merge value {transformation:[-0.887240980986751f,0.4591499791171341f,0.0445504021800371f,-0.8582696410220019f,0f,0.09657446373548673f,-0.9953257622277257f,-0.234375f,-0.4613062341413432f,-0.883093805680313f,-0.08568482194294265f,-0.2417433811285889f,0f,0f,0f,1f],start_interpolation:0}
execute if entity @s[tag=aj.assembler.bone.octagon2] run data modify entity @s {} merge value {transformation:[-0.887240980986751f,0f,0.4613062341413432f,-0.8593749999999999f,0f,1f,0f,-0.40625f,-0.4613062341413432f,0f,-0.887240980986751f,-0.171875f,0f,0f,0f,1f],start_interpolation:0}