execute if entity @s[tag=aj.assembler.bone.bone21] run data modify entity @s {} merge value {transformation:[-0.7701098557212428f,-0.6379112870305765f,1.2246467991473532e-16f,0.5440534695581474f,-0.6379112870305765f,0.7701098557212428f,0f,1.185015883365181f,-9.431125698008499e-17f,-7.81216015801964e-17f,-1f,-1.4335000000000004f,0f,0f,0f,1f],start_interpolation:0}
execute if entity @s[tag=aj.assembler.bone.arm4] run data modify entity @s {} merge value {transformation:[-0.7414636428139284f,0.6709930449603031f,1.2246467991473532e-16f,0.15237840294108612f,0.6709930449603031f,0.7414636428139284f,0f,1.5394651515545377f,-9.080310768562137e-17f,8.217294847607711e-17f,-1f,-1.4335000000000004f,0f,0f,0f,1f],start_interpolation:0}
execute if entity @s[tag=aj.assembler.bone.small_arm_base4] run data modify entity @s {} merge value {transformation:[0.140901231937583f,0.9900236577165576f,1.2246467991473532e-16f,0.154736446287657f,0.9900236577165576f,-0.140901231937583f,0f,1.556033627691499f,1.7255424268827975e-17f,1.212429303502737e-16f,-1f,-1.3397500000000004f,0f,0f,0f,1f],start_interpolation:0}
execute if entity @s[tag=aj.assembler.bone.bone25] run data modify entity @s {} merge value {transformation:[-0.9685831611286312f,-0.2486898871648545f,1.2246467991473532e-16f,2.6414183864572156e-16f,-0.2486898871648545f,0.9685831611286312f,0f,0.5000000000000001f,-1.1861722679842032e-16f,-3.045572742967555e-17f,-1f,-1.7772500000000004f,0f,0f,0f,1f],start_interpolation:0}
execute if entity @s[tag=aj.assembler.bone.bone16] run data modify entity @s {} merge value {transformation:[-0.7920100228608382f,-0.6105080865049821f,1.2246467991473532e-16f,-0.6789327471463698f,-0.6105080865049821f,0.7920100228608382f,0f,1.038461330433504f,-9.699325393891473e-17f,-7.476567739919018e-17f,-1f,-1.4335000000000004f,0f,0f,0f,1f],start_interpolation:0}
execute if entity @s[tag=aj.assembler.bone.arm3] run data modify entity @s {} merge value {transformation:[-0.6825087750257622f,-0.7308773987563397f,1.2246467991473532e-16f,-1.0394651515545372f,-0.7308773987563397f,0.6825087750257622f,0f,0.6523784029410863f,-8.358321867252806e-17f,-8.95066666956095e-17f,-1f,-1.4335000000000004f,0f,0f,0f,1f],start_interpolation:0}
execute if entity @s[tag=aj.assembler.bone.small_arm_base3] run data modify entity @s {} merge value {transformation:[-0.9900236577165575f,0.1409012319375832f,1.2246467991473532e-16f,-1.0560336276914986f,0.1409012319375832f,0.9900236577165575f,0f,0.6547364462876571f,-1.2124293035027368e-16f,1.7255424268828e-17f,-1f,-1.3397500000000004f,0f,0f,0f,1f],start_interpolation:0}
execute if entity @s[tag=aj.assembler.bone.bone15] run data modify entity @s {} merge value {transformation:[0.24868988716485427f,-0.9685831611286312f,1.2246467991473532e-16f,2.6414183864572156e-16f,-0.9685831611286312f,-0.24868988716485427f,0f,0.5000000000000001f,3.0455727429675526e-17f,-1.1861722679842032e-16f,-1f,-1.7772500000000004f,0f,0f,0f,1f],start_interpolation:0}
execute if entity @s[tag=aj.assembler.bone.bone26] run data modify entity @s {} merge value {transformation:[-0.9953351679365088f,-0.09647747648442408f,1.2246467991473532e-16f,0.5119609309999615f,-0.09647747648442408f,0.9953351679365088f,0f,0.3196405530012132f,-1.2189340274922384e-16f,-1.1815083276646394e-17f,-1f,-1.4335000000000004f,0f,0f,0f,1f],start_interpolation:0}
execute if entity @s[tag=aj.assembler.bone.arm5] run data modify entity @s {} merge value {transformation:[0.9985961178236529f,0.05296974105590521f,1.2246467991473532e-16f,1.0394651515545377f,0.05296974105590521f,-0.9985961178236529f,0f,0.3476215970589144f,1.2229275393337092e-16f,6.486922383577844e-18f,-1f,-1.4335000000000004f,0f,0f,0f,1f],start_interpolation:0}
execute if entity @s[tag=aj.assembler.bone.small_arm_base5] run data modify entity @s {} merge value {transformation:[0.9900236577165578f,-0.1409012319375828f,1.2246467991473532e-16f,1.056033627691499f,-0.1409012319375828f,-0.9900236577165578f,0f,0.3452635537123435f,1.212429303502737e-16f,-1.7255424268827957e-17f,-1f,-1.3397500000000004f,0f,0f,0f,1f],start_interpolation:0}
execute if entity @s[tag=aj.assembler.bone.bone20] run data modify entity @s {} merge value {transformation:[-0.2486898871648547f,0.9685831611286312f,1.2246467991473532e-16f,2.6414183864572156e-16f,0.9685831611286312f,0.2486898871648547f,0f,0.5000000000000001f,-3.0455727429675576e-17f,1.1861722679842032e-16f,-1f,-1.7772500000000004f,0f,0f,0f,1f],start_interpolation:0}
execute if entity @s[tag=aj.assembler.bone.bone11] run data modify entity @s {} merge value {transformation:[-0.4698932659560565f,0.8827232400980225f,1.2246467991473532e-16f,-0.3442643453917222f,0.8827232400980225f,0.4698932659560565f,0f,-0.04730315930068518f,-5.754532840939805e-17f,1.0810241905190237e-16f,-1f,-1.4335000000000004f,0f,0f,0f,1f],start_interpolation:0}
execute if entity @s[tag=aj.assembler.bone.arm2] run data modify entity @s {} merge value {transformation:[-0.36325123047297714f,0.9316912275855496f,1.2246467991473532e-16f,-0.15237840294108568f,0.9316912275855496f,0.36325123047297714f,0f,-0.5394651515545373f,-4.448544566850689e-17f,1.1409926796563114e-16f,-1f,-1.4335000000000004f,0f,0f,0f,1f],start_interpolation:0}
execute if entity @s[tag=aj.assembler.bone.small_arm_base2] run data modify entity @s {} merge value {transformation:[0.140901231937583f,0.9900236577165576f,1.2246467991473532e-16f,-0.15473644628765656f,0.9900236577165576f,-0.140901231937583f,0f,-0.5560336276914987f,1.7255424268827975e-17f,1.212429303502737e-16f,-1f,-1.3397500000000004f,0f,0f,0f,1f],start_interpolation:0}
execute if entity @s[tag=aj.assembler.bone.bone2] run data modify entity @s {} merge value {transformation:[-0.9685831611286312f,-0.2486898871648545f,1.2246467991473532e-16f,2.6414183864572156e-16f,-0.2486898871648545f,0.9685831611286312f,0f,0.5000000000000001f,-1.1861722679842032e-16f,-3.045572742967555e-17f,-1f,-1.7772500000000004f,0f,0f,0f,1f],start_interpolation:0}
execute if entity @s[tag=aj.assembler.bone.ring] run data modify entity @s {} merge value {transformation:[-1.7427224663059355f,-0.4474550775797798f,2.2034447591230768e-16f,2.220446049250313e-16f,-0.4474550775797798f,1.7427224663059355f,0f,0.5000000000000001f,-2.1342194901637448e-16f,-5.4797442852030796e-17f,-1.7992491881391441f,-1.4335000000000004f,0f,0f,0f,1f],start_interpolation:0}
execute if entity @s[tag=aj.assembler.bone.wheel] run data modify entity @s {} merge value {transformation:[-1f,7.19829327805995e-17f,-9.90760072617093e-17f,1.0625000000000002f,0f,-0.8090169943749486f,-0.5877852522924718f,-0.6249999999999999f,-1.2246467991473532e-16f,-0.5877852522924718f,0.8090169943749486f,-1.5585000000000002f,0f,0f,0f,1f],start_interpolation:0}
execute if entity @s[tag=aj.assembler.bone.wheel2] run data modify entity @s {} merge value {transformation:[-1f,7.19829327805995e-17f,-9.90760072617093e-17f,1.0625000000000002f,0f,-0.8090169943749486f,-0.5877852522924718f,-0.6249999999999999f,-1.2246467991473532e-16f,-0.5877852522924718f,0.8090169943749486f,-1.3085000000000002f,0f,0f,0f,1f],start_interpolation:0}
execute if entity @s[tag=aj.assembler.bone.rails] run data modify entity @s {} merge value {transformation:[-1.137300743709099f,0f,1.3927917154512523e-16f,-0.43749999999999983f,0f,1.137300743709099f,0f,-0.9999999999999999f,-1.3927917154512523e-16f,0f,-1.137300743709099f,-0.9960000000000004f,0f,0f,0f,1f],start_interpolation:0}
execute if entity @s[tag=aj.assembler.bone.wheel3] run data modify entity @s {} merge value {transformation:[-1f,7.19829327805995e-17f,-9.90760072617093e-17f,-1.0625f,0f,-0.8090169943749486f,-0.5877852522924718f,-0.6249999999999999f,-1.2246467991473532e-16f,-0.5877852522924718f,0.8090169943749486f,-1.3085000000000004f,0f,0f,0f,1f],start_interpolation:0}
execute if entity @s[tag=aj.assembler.bone.wheel4] run data modify entity @s {} merge value {transformation:[-1f,7.19829327805995e-17f,-9.90760072617093e-17f,-1.0625f,0f,-0.8090169943749486f,-0.5877852522924718f,-0.6249999999999999f,-1.2246467991473532e-16f,-0.5877852522924718f,0.8090169943749486f,-1.5585000000000004f,0f,0f,0f,1f],start_interpolation:0}
execute if entity @s[tag=aj.assembler.bone.rails2] run data modify entity @s {} merge value {transformation:[-1.2038220325092979f,0f,1.4742567988555726e-16f,0.4375000000000001f,0f,1.2038220325092979f,0f,-0.9999999999999999f,-1.4742567988555726e-16f,0f,-1.2038220325092979f,-0.9960000000000003f,0f,0f,0f,1f],start_interpolation:0}
execute if entity @s[tag=aj.assembler.bone.bone6] run data modify entity @s {} merge value {transformation:[-0.7702072490006401f,-0.01086747765516971f,-0.6377010988827607f,0.16467895222465123f,0f,0.9998548227375312f,-0.017039173938308505f,0.6648775541179064f,0.6377936920249887f,-0.013123695284267933f,-0.7700954324206964f,-0.8638071049531137f,0f,0f,0f,1f],start_interpolation:0}
execute if entity @s[tag=aj.assembler.bone.bone5] run data modify entity @s {} merge value {transformation:[-0.7702072490006401f,-0.2612578651955427f,-0.5818291170613017f,0.08689677727171641f,0f,0.9122528559572294f,-0.40962754643441446f,0.6138598101214816f,0.6377936920249887f,-0.3154981056541323f,-0.7026237625797948f,-0.9577377846397971f,0f,0f,0f,1f],start_interpolation:0}
execute if entity @s[tag=aj.assembler.bone.bone4] run data modify entity @s {} merge value {transformation:[-0.7702072490006401f,-0.2612578651955427f,-0.5818291170613017f,0.9473128093749548f,0f,0.9122528559572294f,-0.40962754643441446f,0.2887429075704673f,0.6377936920249887f,-0.3154981056541323f,-0.7026237625797948f,-0.2126713610859198f,0f,0f,0f,1f],start_interpolation:0}
execute if entity @s[tag=aj.assembler.bone.bone3] run data modify entity @s {} merge value {transformation:[-0.7702072490006401f,-0.3707310881347315f,-0.5189790495552823f,0.8435818707797083f,0f,0.813709912852115f,-0.5812711740024645f,-0.234375f,0.6377936920249887f,-0.4476992718518106f,-0.626725273462378f,-0.2399440059383208f,0f,0f,0f,1f],start_interpolation:0}
execute if entity @s[tag=aj.assembler.bone.octagon] run data modify entity @s {} merge value {transformation:[-0.7702072490006401f,0f,-0.6377936920249887f,0.859375f,0f,1f,0f,-0.40625f,0.6377936920249887f,0f,-0.7702072490006401f,-0.1718749999999999f,0f,0f,0f,1f],start_interpolation:0}
execute if entity @s[tag=aj.assembler.bone.bone10] run data modify entity @s {} merge value {transformation:[-0.9403437198257517f,0.06427764034243297f,0.334098897837567f,-0.4586152355909783f,0f,0.9819912621590514f,-0.1889263376114434f,-0.0031928562521157805f,-0.3402259375536619f,-0.17765569508260048f,-0.9234093162950272f,-1.0039747795067264f,0f,0f,0f,1f],start_interpolation:0}
execute if entity @s[tag=aj.assembler.bone.bone9] run data modify entity @s {} merge value {transformation:[-0.9403437198257517f,0.3094554982880596f,0.1413894733123967f,-0.43887350144837356f,0f,0.41557523312018557f,-0.9095588082235824f,-0.12197377462104592f,-0.3402259375536619f,-0.8552979131252408f,-0.39078356057968916f,-1.058538566891514f,0f,0f,0f,1f],start_interpolation:0}
execute if entity @s[tag=aj.assembler.bone.bone8] run data modify entity @s {} merge value {transformation:[-0.9403437198257517f,0.3094554982880596f,0.1413894733123967f,-0.8980209277739832f,0f,0.41557523312018557f,-0.9095588082235824f,0.2894158840157157f,-0.3402259375536619f,-0.8552979131252408f,-0.39078356057968916f,-0.3406144704051344f,0f,0f,0f,1f],start_interpolation:0}
execute if entity @s[tag=aj.assembler.bone.bone7] run data modify entity @s {} merge value {transformation:[-0.9403437198257517f,0.27527255927851374f,0.1999467596449749f,-0.8674966201474508f,0f,0.5876881729907452f,-0.80908751771783f,-0.234375f,-0.3402259375536619f,-0.7608203660753681f,-0.5526288826877171f,-0.2412785430376614f,0f,0f,0f,1f],start_interpolation:0}
execute if entity @s[tag=aj.assembler.bone.octagon2] run data modify entity @s {} merge value {transformation:[-0.9403437198257517f,0f,0.3402259375536619f,-0.8593749999999999f,0f,1f,0f,-0.40625f,-0.3402259375536619f,0f,-0.9403437198257517f,-0.171875f,0f,0f,0f,1f],start_interpolation:0}