execute if entity @s[tag=aj.assembler.bone.bone21] run data modify entity @s {} merge value {transformation:[-0.17627630651879228f,-0.9843407254401766f,1.2246467991473532e-16f,-0.5375816379773135f,-0.9843407254401766f,0.17627630651879228f,0f,0.8171709401775455f,-2.1587621454375673e-17f,-1.2054697186806957e-16f,-1f,-1.9130000000000003f,0f,0f,0f,1f],start_interpolation:0}
execute if entity @s[tag=aj.assembler.bone.arm4] run data modify entity @s {} merge value {transformation:[-0.9500946319083678f,-0.3119618412865637f,1.2246467991473532e-16f,-1.0394651515545374f,-0.3119618412865637f,0.9500946319083678f,0f,0.6523784029410852f,-1.1635303498536653e-16f,-3.820430703877047e-17f,-1f,-1.9130000000000003f,0f,0f,0f,1f],start_interpolation:0}
execute if entity @s[tag=aj.assembler.bone.small_arm_base4] run data modify entity @s {} merge value {transformation:[-0.9900236577165578f,0.1409012319375822f,1.2246467991473532e-16f,-1.0560336276914988f,0.1409012319375822f,0.9900236577165578f,0f,0.654736446287656f,-1.212429303502737e-16f,1.7255424268827883e-17f,-1f,-1.8192500000000003f,0f,0f,0f,1f],start_interpolation:0}
execute if entity @s[tag=aj.assembler.bone.bone25] run data modify entity @s {} merge value {transformation:[0.2486898871648553f,-0.968583161128631f,1.2246467991473532e-16f,2.6414183864572156e-16f,-0.968583161128631f,-0.2486898871648553f,0f,0.5000000000000001f,3.045572742967565e-17f,-1.186172267984203e-16f,-1f,-2.2567500000000003f,0f,0f,0f,1f],start_interpolation:0}
execute if entity @s[tag=aj.assembler.bone.bone16] run data modify entity @s {} merge value {transformation:[0.13284024142694736f,-0.9911374628464158f,1.2246467991473532e-16f,-0.29295727672091476f,-0.9911374628464158f,-0.13284024142694736f,0f,-0.03026850803040304f,1.6268237646147278e-17f,-1.2137933213898918e-16f,-1f,-1.9130000000000003f,0f,0f,0f,1f],start_interpolation:0}
execute if entity @s[tag=aj.assembler.bone.arm3] run data modify entity @s {} merge value {transformation:[0.2661239704527355f,-0.9639388115178638f,1.2246467991473532e-16f,-0.15237840294108504f,-0.9639388115178638f,-0.2661239704527355f,0f,-0.5394651515545376f,3.259078685913274e-17f,-1.1804845800992555e-16f,-1f,-1.9130000000000003f,0f,0f,0f,1f],start_interpolation:0}
execute if entity @s[tag=aj.assembler.bone.small_arm_base3] run data modify entity @s {} merge value {transformation:[-0.14090123193758242f,-0.9900236577165576f,1.2246467991473532e-16f,-0.15473644628765593f,-0.9900236577165576f,0.14090123193758242f,0f,-0.5560336276914989f,-1.72554242688279e-17f,-1.212429303502737e-16f,-1f,-1.8192500000000003f,0f,0f,0f,1f],start_interpolation:0}
execute if entity @s[tag=aj.assembler.bone.bone15] run data modify entity @s {} merge value {transformation:[0.968583161128631f,0.24868988716485507f,1.2246467991473532e-16f,2.6414183864572156e-16f,0.24868988716485507f,-0.968583161128631f,0f,0.5000000000000001f,1.186172267984203e-16f,3.0455727429675625e-17f,-1f,-2.2567500000000003f,0f,0f,0f,1f],start_interpolation:0}
execute if entity @s[tag=aj.assembler.bone.bone26] run data modify entity @s {} merge value {transformation:[-0.62739240696043f,-0.7787032603555725f,1.2246467991473532e-16f,0.44630052205819404f,-0.7787032603555725f,0.62739240696043f,0f,1.100542117956211f,-7.683341029934444e-17f,-9.5363645528006e-17f,-1f,-1.9130000000000003f,0f,0f,0f,1f],start_interpolation:0}
execute if entity @s[tag=aj.assembler.bone.arm5] run data modify entity @s {} merge value {transformation:[-0.556411637397467f,0.8309067876535068f,1.2246467991473532e-16f,0.1523784029410851f,0.8309067876535068f,0.556411637397467f,0f,1.5394651515545377f,-6.814077307471458e-17f,1.0175673378896767e-16f,-1f,-1.9130000000000003f,0f,0f,0f,1f],start_interpolation:0}
execute if entity @s[tag=aj.assembler.bone.small_arm_base5] run data modify entity @s {} merge value {transformation:[0.140901231937582f,0.9900236577165578f,1.2246467991473532e-16f,0.15473644628765595f,0.9900236577165578f,-0.140901231937582f,0f,1.556033627691499f,1.7255424268827858e-17f,1.2124293035027373e-16f,-1f,-1.8192500000000003f,0f,0f,0f,1f],start_interpolation:0}
execute if entity @s[tag=aj.assembler.bone.bone20] run data modify entity @s {} merge value {transformation:[-0.968583161128631f,-0.24868988716485552f,1.2246467991473532e-16f,2.6414183864572156e-16f,-0.24868988716485552f,0.968583161128631f,0f,0.5000000000000001f,-1.186172267984203e-16f,-3.0455727429675674e-17f,-1f,-2.2567500000000003f,0f,0f,0f,1f],start_interpolation:0}
execute if entity @s[tag=aj.assembler.bone.bone11] run data modify entity @s {} merge value {transformation:[0.9425355302416044f,-0.33410593265037675f,1.2246467991473532e-16f,0.528600655831871f,-0.33410593265037675f,-0.9425355302416044f,0f,0.21322997328914642f,1.154273120193034e-16f,-4.0916176099642494e-17f,-1f,-1.9130000000000003f,0f,0f,0f,1f],start_interpolation:0}
execute if entity @s[tag=aj.assembler.bone.arm2] run data modify entity @s {} merge value {transformation:[-0.9670961525696702f,-0.2544111469353128f,1.2246467991473532e-16f,1.039465151554538f,-0.2544111469353128f,0.9670961525696702f,0f,0.34762159705891504f,-1.1843512077121667e-16f,-3.115637967617378e-17f,-1f,-1.9130000000000003f,0f,0f,0f,1f],start_interpolation:0}
execute if entity @s[tag=aj.assembler.bone.small_arm_base2] run data modify entity @s {} merge value {transformation:[-0.9900236577165578f,0.1409012319375822f,1.2246467991473532e-16f,1.0560336276914992f,0.1409012319375822f,0.9900236577165578f,0f,0.3452635537123442f,-1.212429303502737e-16f,1.7255424268827883e-17f,-1f,-1.8192500000000003f,0f,0f,0f,1f],start_interpolation:0}
execute if entity @s[tag=aj.assembler.bone.bone2] run data modify entity @s {} merge value {transformation:[0.2486898871648553f,-0.968583161128631f,1.2246467991473532e-16f,2.6414183864572156e-16f,-0.968583161128631f,-0.2486898871648553f,0f,0.5000000000000001f,3.045572742967565e-17f,-1.186172267984203e-16f,-1f,-2.2567500000000003f,0f,0f,0f,1f],start_interpolation:0}
execute if entity @s[tag=aj.assembler.bone.ring] run data modify entity @s {} merge value {transformation:[0.44745507757978126f,-1.742722466305935f,2.2034447591230768e-16f,2.220446049250313e-16f,-1.742722466305935f,-0.44745507757978126f,0f,0.5000000000000001f,5.4797442852030975e-17f,-2.1342194901637443e-16f,-1.7992491881391441f,-1.9130000000000003f,0f,0f,0f,1f],start_interpolation:0}
execute if entity @s[tag=aj.assembler.bone.wheel] run data modify entity @s {} merge value {transformation:[-1f,-7.198293278059952e-17f,9.907600726170927e-17f,1.0625000000000002f,0f,0.8090169943749483f,0.5877852522924719f,-0.6249999999999999f,-1.2246467991473532e-16f,0.5877852522924719f,-0.8090169943749483f,-2.0380000000000003f,0f,0f,0f,1f],start_interpolation:0}
execute if entity @s[tag=aj.assembler.bone.wheel2] run data modify entity @s {} merge value {transformation:[-1f,-7.198293278059952e-17f,9.907600726170927e-17f,1.0625000000000002f,0f,0.8090169943749483f,0.5877852522924719f,-0.6249999999999999f,-1.2246467991473532e-16f,0.5877852522924719f,-0.8090169943749483f,-1.788f,0f,0f,0f,1f],start_interpolation:0}
execute if entity @s[tag=aj.assembler.bone.rails] run data modify entity @s {} merge value {transformation:[-1.137300743709099f,0f,1.3927917154512523e-16f,-0.43749999999999983f,0f,1.137300743709099f,0f,-0.9999999999999999f,-1.3927917154512523e-16f,0f,-1.137300743709099f,-1.4755000000000003f,0f,0f,0f,1f],start_interpolation:0}
execute if entity @s[tag=aj.assembler.bone.wheel3] run data modify entity @s {} merge value {transformation:[-1f,-7.198293278059952e-17f,9.907600726170927e-17f,-1.0625f,0f,0.8090169943749483f,0.5877852522924719f,-0.6249999999999999f,-1.2246467991473532e-16f,0.5877852522924719f,-0.8090169943749483f,-1.7880000000000005f,0f,0f,0f,1f],start_interpolation:0}
execute if entity @s[tag=aj.assembler.bone.wheel4] run data modify entity @s {} merge value {transformation:[-1f,-7.198293278059952e-17f,9.907600726170927e-17f,-1.0625f,0f,0.8090169943749483f,0.5877852522924719f,-0.6249999999999999f,-1.2246467991473532e-16f,0.5877852522924719f,-0.8090169943749483f,-2.0380000000000003f,0f,0f,0f,1f],start_interpolation:0}
execute if entity @s[tag=aj.assembler.bone.rails2] run data modify entity @s {} merge value {transformation:[-1.2038220325092979f,0f,1.4742567988555726e-16f,0.4375000000000001f,0f,1.2038220325092979f,0f,-0.9999999999999999f,-1.4742567988555726e-16f,0f,-1.2038220325092979f,-1.4755000000000003f,0f,0f,0f,1f],start_interpolation:0}
execute if entity @s[tag=aj.assembler.bone.bone6] run data modify entity @s {} merge value {transformation:[0.16884654170260116f,-0.35121621170707923f,-0.9209440905881312f,0.3685346513146279f,0f,0.9343592927512558f,-0.35633230564933827f,0.5076122548969696f,0.9856423516443841f,0.06016547750580501f,0.15776333528873787f,0.0073245799581371125f,0f,0f,0f,1f],start_interpolation:0}
execute if entity @s[tag=aj.assembler.bone.bone5] run data modify entity @s {} merge value {transformation:[0.16884654170260116f,-0.3910529487258555f,-0.9047477198909568f,0.24763483375677176f,0f,0.9179269928707227f,-0.3967493361800527f,0.4583157714777798f,0.9856423516443841f,0.0669897533368046f,0.15498879828168977f,0.02803545551361908f,0f,0f,0f,1f],start_interpolation:0}
execute if entity @s[tag=aj.assembler.bone.bone4] run data modify entity @s {} merge value {transformation:[0.16884654170260116f,-0.3910529487258555f,-0.9047477198909568f,0.9227302315631738f,0f,0.9179269928707227f,-0.3967493361800527f,0.27635711029000964f,0.9856423516443841f,0.0669897533368046f,0.15498879828168977f,-0.27784377414404515f,0f,0f,0f,1f],start_interpolation:0}
execute if entity @s[tag=aj.assembler.bone.bone3] run data modify entity @s {} merge value {transformation:[0.16884654170260116f,-0.48348260856130304f,-0.8589152534294809f,0.7924958985940197f,0f,0.8714268943461292f,-0.49052539976056314f,-0.234375f,0.9856423516443841f,0.08282351736685703f,0.14713741745698192f,-0.19212341463247432f,0f,0f,0f,1f],start_interpolation:0}
execute if entity @s[tag=aj.assembler.bone.octagon] run data modify entity @s {} merge value {transformation:[0.16884654170260116f,0f,-0.9856423516443841f,0.859375f,0f,1f,0f,-0.40625f,0.9856423516443841f,0f,0.16884654170260116f,-0.1718749999999999f,0f,0f,0f,1f],start_interpolation:0}
execute if entity @s[tag=aj.assembler.bone.bone10] run data modify entity @s {} merge value {transformation:[0.06620718862076837f,0.7275217707973171f,0.6828826262183495f,-0.7614529099477203f,0f,0.6843842356932144f,-0.729121538520578f,0.512144841326487f,-0.9978058970435754f,0.048273087228296735f,0.04531115618162104f,-0.07142144827895436f,0f,0f,0f,1f],start_interpolation:0}
execute if entity @s[tag=aj.assembler.bone.bone9] run data modify entity @s {} merge value {transformation:[0.06620718862076837f,0.04148449713197702f,0.9969431501708815f,-0.6295630715022289f,0f,0.9991353560093701f,-0.04157571853893878f,0.5100626423491748f,-0.9978058970435754f,0.0027526114393514965f,0.06614994297299093f,-0.0626701917099205f,0f,0f,0f,1f],start_interpolation:0}
execute if entity @s[tag=aj.assembler.bone.bone8] run data modify entity @s {} merge value {transformation:[0.06620718862076837f,0.04148449713197702f,0.9969431501708815f,-1.2001784936163322f,0f,0.9991353560093701f,-0.04157571853893878f,0.10166916550879213f,-0.9978058970435754f,0.0027526114393514965f,0.06614994297299093f,-0.2884444064638243f,0f,0f,0f,1f],start_interpolation:0}
execute if entity @s[tag=aj.assembler.bone.bone7] run data modify entity @s {} merge value {transformation:[0.06620718862076837f,-0.09875524813732361f,0.9929068481686838f,-0.7949431567903774f,0f,0.9950901784711765f,0.0989724037810641f,-0.234375f,-0.9978058970435754f,-0.006552684605383759f,0.06588212314071525f,-0.1989184849938137f,0f,0f,0f,1f],start_interpolation:0}
execute if entity @s[tag=aj.assembler.bone.octagon2] run data modify entity @s {} merge value {transformation:[0.06620718862076837f,0f,0.9978058970435754f,-0.8593749999999999f,0f,1f,0f,-0.40625f,-0.9978058970435754f,0f,0.06620718862076837f,-0.171875f,0f,0f,0f,1f],start_interpolation:0}