execute if entity @s[tag=aj.assembler.bone.bone21] run data modify entity @s {} merge value {transformation:[0.8394721526758402f,0.5434027096746861f,1.2246467991473532e-16f,0.4516844902476227f,0.5434027096746861f,-0.8394721526758402f,0f,-0.0945463906597837f,1.0280568847478058e-16f,6.654763890511027e-17f,-1f,-1.5654062499999997f,0f,0f,0f,1f],start_interpolation:0}
execute if entity @s[tag=aj.assembler.bone.arm4] run data modify entity @s {} merge value {transformation:[0.9540920105140471f,0.2995136649190881f,1.2246467991473532e-16f,0.9556796023460246f,0.2995136649190881f,-0.9540920105140471f,0f,0.06367044950070362f,1.1684257267680904e-16f,3.6679845104405404e-17f,-1f,-1.5654062499999997f,0f,0f,0f,1f],start_interpolation:0}
execute if entity @s[tag=aj.assembler.bone.small_arm_base4] run data modify entity @s {} merge value {transformation:[0.9114032766354455f,-0.4115143586051084f,1.2246467991473532e-16f,0.9709323322402894f,-0.4115143586051084f,-0.9114032766354455f,0f,0.05678357788160365f,1.116147105464008e-16f,-5.039597420689221e-17f,-1f,-1.4716562499999997f,0f,0f,0f,1f],start_interpolation:0}
execute if entity @s[tag=aj.assembler.bone.bone25] run data modify entity @s {} merge value {transformation:[0.03141075907812785f,0.9995065603657315f,1.2246467991473532e-16f,2.6414183864572156e-16f,0.9995065603657315f,-0.03141075907812785f,0f,0.5000000000000001f,3.8467085563817935e-18f,1.224042509878674e-16f,-1f,-1.9091562499999999f,0f,0f,0f,1f],start_interpolation:0}
execute if entity @s[tag=aj.assembler.bone.bone16] run data modify entity @s {} merge value {transformation:[-0.8242823601871956f,0.5661789387501329f,1.2246467991473532e-16f,0.42001934433346366f,0.5661789387501329f,0.8242823601871956f,0f,0.9276856452742811f,-1.0094547539968748e-16f,6.933692250849955e-17f,-1f,-1.5654062499999999f,0f,0f,0f,1f],start_interpolation:0}
execute if entity @s[tag=aj.assembler.bone.arm3] run data modify entity @s {} merge value {transformation:[0.03087616728636089f,0.9995232174860696f,1.2246467991473532e-16f,0.43632955049929695f,0.9995232174860696f,-0.03087616728636089f,0f,1.4556796023460243f,3.781239943717999e-18f,1.224062908967779e-16f,-1f,-1.5654062499999999f,0f,0f,0f,1f],start_interpolation:0}
execute if entity @s[tag=aj.assembler.bone.small_arm_base3] run data modify entity @s {} merge value {transformation:[0.4115143586051086f,0.9114032766354454f,1.2246467991473532e-16f,0.4432164221183969f,0.9114032766354454f,-0.4115143586051086f,0f,1.4709323322402892f,5.039597420689223e-17f,1.116147105464008e-16f,-1f,-1.4716562499999999f,0f,0f,0f,1f],start_interpolation:0}
execute if entity @s[tag=aj.assembler.bone.bone15] run data modify entity @s {} merge value {transformation:[-0.9995065603657315f,0.03141075907812807f,1.2246467991473532e-16f,2.6414183864572156e-16f,0.03141075907812807f,0.9995065603657315f,0f,0.5000000000000001f,-1.224042509878674e-16f,3.8467085563818204e-18f,-1f,-1.9091562499999999f,0f,0f,0f,1f],start_interpolation:0}
execute if entity @s[tag=aj.assembler.bone.bone26] run data modify entity @s {} merge value {transformation:[0.4981634862723791f,-0.8670831222812201f,1.2246467991473532e-16f,-0.2963046201518301f,-0.8670831222812201f,-0.4981634862723791f,0f,0.05366964955353137f,6.100743189155558e-17f,-1.0618705702963892e-16f,-1f,-1.5654062499999999f,0f,0f,0f,1f],start_interpolation:0}
execute if entity @s[tag=aj.assembler.bone.arm5] run data modify entity @s {} merge value {transformation:[-0.2650753233718253f,-0.9642277080333889f,1.2246467991473532e-16f,-0.43632955049929606f,-0.9642277080333889f,0.2650753233718253f,0f,-0.45567960234602434f,-3.2462364630025537e-17f,-1.1808383762922785e-16f,-1f,-1.5654062499999999f,0f,0f,0f,1f],start_interpolation:0}
execute if entity @s[tag=aj.assembler.bone.small_arm_base5] run data modify entity @s {} merge value {transformation:[-0.4115143586051082f,-0.9114032766354455f,1.2246467991473532e-16f,-0.443216422118396f,-0.9114032766354455f,0.4115143586051082f,0f,-0.4709323322402892f,-5.039597420689218e-17f,-1.1161471054640083e-16f,-1f,-1.4716562499999999f,0f,0f,0f,1f],start_interpolation:0}
execute if entity @s[tag=aj.assembler.bone.bone20] run data modify entity @s {} merge value {transformation:[0.9995065603657315f,-0.031410759078127626f,1.2246467991473532e-16f,2.6414183864572156e-16f,-0.031410759078127626f,-0.9995065603657315f,0f,0.5000000000000001f,1.224042509878674e-16f,-3.8467085563817665e-18f,-1f,-1.9091562499999999f,0f,0f,0f,1f],start_interpolation:0}
execute if entity @s[tag=aj.assembler.bone.bone11] run data modify entity @s {} merge value {transformation:[0.9970678112701985f,0.07652306664566022f,1.2246467991473532e-16f,-0.49911614247845465f,0.07652306664566022f,-0.9970678112701985f,0f,1.2020238271467323f,1.2210559036049056e-16f,9.371372862854746e-18f,-1f,-1.56540625f,0f,0f,0f,1f],start_interpolation:0}
execute if entity @s[tag=aj.assembler.bone.arm2] run data modify entity @s {} merge value {transformation:[0.864301138831779f,0.502974692617919f,1.2246467991473532e-16f,-0.9556796023460241f,0.502974692617919f,-0.864301138831779f,0f,0.9363295504992966f,1.0584636231697501e-16f,6.159663473666585e-17f,-1f,-1.56540625f,0f,0f,0f,1f],start_interpolation:0}
execute if entity @s[tag=aj.assembler.bone.small_arm_base2] run data modify entity @s {} merge value {transformation:[0.9114032766354455f,-0.4115143586051084f,1.2246467991473532e-16f,-0.970932332240289f,-0.4115143586051084f,-0.9114032766354455f,0f,0.9432164221183965f,1.116147105464008e-16f,-5.039597420689221e-17f,-1f,-1.47165625f,0f,0f,0f,1f],start_interpolation:0}
execute if entity @s[tag=aj.assembler.bone.bone2] run data modify entity @s {} merge value {transformation:[0.03141075907812785f,0.9995065603657315f,1.2246467991473532e-16f,2.6414183864572156e-16f,0.9995065603657315f,-0.03141075907812785f,0f,0.5000000000000001f,3.8467085563817935e-18f,1.224042509878674e-16f,-1f,-1.9091562499999999f,0f,0f,0f,1f],start_interpolation:0}
execute if entity @s[tag=aj.assembler.bone.ring] run data modify entity @s {} merge value {transformation:[0.05651578277015578f,1.798361367277791f,2.2034447591230768e-16f,2.220446049250313e-16f,1.798361367277791f,-0.05651578277015578f,0f,0.5000000000000001f,6.921187247077841e-18f,2.2023574921470044e-16f,-1.7992491881391441f,-1.5654062499999999f,0f,0f,0f,1f],start_interpolation:0}
execute if entity @s[tag=aj.assembler.bone.wheel] run data modify entity @s {} merge value {transformation:[-1f,-3.784366730434133e-17f,-1.164708318489093e-16f,1.0625000000000002f,0f,-0.9510565162951541f,0.30901699437494606f,-0.6249999999999999f,-1.2246467991473532e-16f,0.30901699437494606f,0.9510565162951541f,-1.6904062499999997f,0f,0f,0f,1f],start_interpolation:0}
execute if entity @s[tag=aj.assembler.bone.wheel2] run data modify entity @s {} merge value {transformation:[-1f,-3.784366730434133e-17f,-1.164708318489093e-16f,1.0625000000000002f,0f,-0.9510565162951541f,0.30901699437494606f,-0.6249999999999999f,-1.2246467991473532e-16f,0.30901699437494606f,0.9510565162951541f,-1.4404062499999997f,0f,0f,0f,1f],start_interpolation:0}
execute if entity @s[tag=aj.assembler.bone.rails] run data modify entity @s {} merge value {transformation:[-1.137300743709099f,0f,1.3927917154512523e-16f,-0.43749999999999983f,0f,1.137300743709099f,0f,-0.9999999999999999f,-1.3927917154512523e-16f,0f,-1.137300743709099f,-1.1279062499999999f,0f,0f,0f,1f],start_interpolation:0}
execute if entity @s[tag=aj.assembler.bone.wheel3] run data modify entity @s {} merge value {transformation:[-1f,-3.784366730434133e-17f,-1.164708318489093e-16f,-1.0625f,0f,-0.9510565162951541f,0.30901699437494606f,-0.6249999999999999f,-1.2246467991473532e-16f,0.30901699437494606f,0.9510565162951541f,-1.4404062499999999f,0f,0f,0f,1f],start_interpolation:0}
execute if entity @s[tag=aj.assembler.bone.wheel4] run data modify entity @s {} merge value {transformation:[-1f,-3.784366730434133e-17f,-1.164708318489093e-16f,-1.0625f,0f,-0.9510565162951541f,0.30901699437494606f,-0.6249999999999999f,-1.2246467991473532e-16f,0.30901699437494606f,0.9510565162951541f,-1.6904062499999999f,0f,0f,0f,1f],start_interpolation:0}
execute if entity @s[tag=aj.assembler.bone.rails2] run data modify entity @s {} merge value {transformation:[-1.2038220325092979f,0f,1.4742567988555726e-16f,0.4375000000000001f,0f,1.2038220325092979f,0f,-0.9999999999999999f,-1.4742567988555726e-16f,0f,-1.2038220325092979f,-1.1279062499999997f,0f,0f,0f,1f],start_interpolation:0}
execute if entity @s[tag=aj.assembler.bone.bone6] run data modify entity @s {} merge value {transformation:[-0.9092623201297594f,0.07203939143256036f,-0.4099418974370309f,0.30856612396764205f,0f,0.9849080133041321f,0.17307861025934862f,0.33778297859547035f,0.41622353752790925f,0.15737385872924964f,-0.8955397452913072f,-1.1499065620472346f,0f,0f,0f,1f],start_interpolation:0}
execute if entity @s[tag=aj.assembler.bone.bone5] run data modify entity @s {} merge value {transformation:[-0.9092623201297594f,-0.2312202204188315f,-0.34609137935191886f,0.2620397751407123f,0f,0.8315036228068007f,-0.5555193293299214f,0.26720955941024416f,0.41622353752790925f,-0.5051127942634523f,-0.7560549132696119f,-1.251545830534553f,0f,0f,0f,1f],start_interpolation:0}
execute if entity @s[tag=aj.assembler.bone.bone4] run data modify entity @s {} merge value {transformation:[-0.9092623201297594f,-0.2312202204188315f,-0.34609137935191886f,0.7884814653597837f,0f,0.8315036228068007f,-0.5555193293299214f,0.19401042594931645f,0.41622353752790925f,-0.5051127942634523f,-0.7560549132696119f,-0.5519852184869924f,0f,0f,0f,1f],start_interpolation:0}
execute if entity @s[tag=aj.assembler.bone.bone3] run data modify entity @s {} merge value {transformation:[-0.9092623201297594f,-0.4112360046278822f,-0.06424158847618368f,0.8617754764085607f,0f,0.15434395867599404f,-0.9880171771888498f,-0.234375f,0.41622353752790925f,-0.8983667908587892f,-0.14033914596374605f,-0.24171088055585702f,0f,0f,0f,1f],start_interpolation:0}
execute if entity @s[tag=aj.assembler.bone.octagon] run data modify entity @s {} merge value {transformation:[-0.9092623201297594f,0f,-0.41622353752790925f,0.859375f,0f,1f,0f,-0.40625f,0.41622353752790925f,0f,-0.9092623201297594f,-0.1718749999999999f,0f,0f,0f,1f],start_interpolation:0}
execute if entity @s[tag=aj.assembler.bone.bone10] run data modify entity @s {} merge value {transformation:[0.5323779312855005f,0.7578191725897674f,0.37720530210421377f,-0.9979746238996264f,0f,-0.4456022189836372f,0.8952310665056584f,0.9388550384676988f,0.846506785726004f,-0.4766012632087947f,-0.2372287875187373f,-0.1954573495900832f,0f,0f,0f,1f],start_interpolation:0}
execute if entity @s[tag=aj.assembler.bone.bone9] run data modify entity @s {} merge value {transformation:[0.5323779312855005f,0.5694774098584757f,-0.6263139930905682f,-1.0787985479107207f,0f,0.7398806526440447f,0.6727381510238752f,1.0302855685044816f,0.846506785726004f,-0.35815094513892326f,0.3938961312528025f,-0.14462624676968552f,0f,0f,0f,1f],start_interpolation:0}
execute if entity @s[tag=aj.assembler.bone.bone8] run data modify entity @s {} merge value {transformation:[0.5323779312855005f,0.5694774098584757f,-0.6263139930905682f,-0.8688351190769573f,0f,0.7398806526440447f,0.6727381510238752f,0.2959001101100679f,0.846506785726004f,-0.35815094513892326f,0.3938961312528025f,-0.05517616156224159f,0f,0f,0f,1f],start_interpolation:0}
execute if entity @s[tag=aj.assembler.bone.bone7] run data modify entity @s {} merge value {transformation:[0.5323779312855005f,-0.6071271400491658f,-0.5898901373102381f,-0.8956448637552032f,0f,0.6968522252356436f,-0.7172147350578708f,-0.234375f,0.846506785726004f,0.3818292969375876f,0.3709887460826496f,-0.11214804224071859f,0f,0f,0f,1f],start_interpolation:0}
execute if entity @s[tag=aj.assembler.bone.octagon2] run data modify entity @s {} merge value {transformation:[0.5323779312855005f,0f,-0.846506785726004f,-0.8593749999999999f,0f,1f,0f,-0.40625f,0.846506785726004f,0f,0.5323779312855005f,-0.171875f,0f,0f,0f,1f],start_interpolation:0}