execute if entity @s[tag=aj.assembler.bone.bone21] run data modify entity @s {} merge value {transformation:[0.4068710667728367f,0.913485596505568f,1.2246467991473532e-16f,-0.20056552271787892f,0.913485596505568f,-0.4068710667728367f,0f,-0.021726321471327026f,4.982733495890237e-17f,1.1186972118277545e-16f,-1f,-1.5654062499999999f,0f,0f,0f,1f],start_interpolation:0}
execute if entity @s[tag=aj.assembler.bone.arm4] run data modify entity @s {} merge value {transformation:[0.15317243677257708f,-0.9881994761247097f,1.2246467991473532e-16f,-0.1196528239520781f,-0.9881994761247097f,-0.15317243677257708f,0f,-0.5437385595538116f,1.8758213441113682e-17f,-1.2101953253552172e-16f,-1f,-1.5654062499999999f,0f,0f,0f,1f],start_interpolation:0}
execute if entity @s[tag=aj.assembler.bone.small_arm_base4] run data modify entity @s {} merge value {transformation:[-0.10973431109104531f,-0.9939609554551796f,1.2246467991473532e-16f,-0.12148927533437266f,-0.9939609554551796f,0.10973431109104531f,0f,-0.5603729280794224f,-1.3438577283428857e-17f,-1.2172511025756306e-16f,-1f,-1.4716562499999999f,0f,0f,0f,1f],start_interpolation:0}
execute if entity @s[tag=aj.assembler.bone.bone25] run data modify entity @s {} merge value {transformation:[0.9602936856769428f,0.2789911060392291f,1.2246467991473532e-16f,2.6414183864572156e-16f,0.2789911060392291f,-0.9602936856769428f,0f,0.5000000000000001f,1.1760205884056826e-16f,3.4166556500152175e-17f,-1f,-1.9091562499999999f,0f,0f,0f,1f],start_interpolation:0}
execute if entity @s[tag=aj.assembler.bone.bone16] run data modify entity @s {} merge value {transformation:[0.9352913750164773f,0.3538785721399181f,1.2246467991473532e-16f,0.6320565407655458f,0.3538785721399181f,-0.9352913750164773f,0f,0.7113480173397035f,1.1454015886840556e-16f,4.333762606579865e-17f,-1f,-1.5654062499999997f,0f,0f,0f,1f],start_interpolation:0}
execute if entity @s[tag=aj.assembler.bone.arm3] run data modify entity @s {} merge value {transformation:[0.7793379649314738f,-0.6266038113644607f,1.2246467991473532e-16f,1.043738559553812f,-0.6266038113644607f,-0.7793379649314738f,0f,0.38034717604792156f,9.544137442073416e-17f,-7.673683519210187e-17f,-1f,-1.5654062499999997f,0f,0f,0f,1f],start_interpolation:0}
execute if entity @s[tag=aj.assembler.bone.small_arm_base3] run data modify entity @s {} merge value {transformation:[0.9939609554551795f,-0.10973431109104559f,1.2246467991473532e-16f,1.060372928079423f,-0.10973431109104559f,-0.9939609554551795f,0f,0.378510724665627f,1.2172511025756306e-16f,-1.3438577283428882e-17f,-1f,-1.4716562499999997f,0f,0f,0f,1f],start_interpolation:0}
execute if entity @s[tag=aj.assembler.bone.bone15] run data modify entity @s {} merge value {transformation:[-0.2789911060392289f,0.960293685676943f,1.2246467991473532e-16f,2.6414183864572156e-16f,0.960293685676943f,0.2789911060392289f,0f,0.5000000000000001f,-3.416655650015215e-17f,1.1760205884056826e-16f,-1f,-1.9091562499999999f,0f,0f,0f,1f],start_interpolation:0}
execute if entity @s[tag=aj.assembler.bone.bone26] run data modify entity @s {} merge value {transformation:[-0.6929605016923345f,0.7209755495814737f,1.2246467991473532e-16f,-0.5158944052166686f,0.7209755495814737f,0.6929605016923345f,0f,0.640248703674886f,-8.486318603330613e-17f,8.829403990584554e-17f,-1f,-1.56540625f,0f,0f,0f,1f],start_interpolation:0}
execute if entity @s[tag=aj.assembler.bone.arm5] run data modify entity @s {} merge value {transformation:[-0.9992396322115211f,-0.03898919616744742f,1.2246467991473532e-16f,-1.0437385595538113f,-0.03898919616744742f,0.9992396322115211f,0f,0.6196528239520781f,-1.2237156171690177e-16f,-4.7747994287792706e-18f,-1f,-1.56540625f,0f,0f,0f,1f],start_interpolation:0}
execute if entity @s[tag=aj.assembler.bone.small_arm_base5] run data modify entity @s {} merge value {transformation:[-0.9939609554551796f,0.10973431109104514f,1.2246467991473532e-16f,-1.0603729280794223f,0.10973431109104514f,0.9939609554551796f,0f,0.6214892753343727f,-1.2172511025756306e-16f,1.3438577283428838e-17f,-1f,-1.47165625f,0f,0f,0f,1f],start_interpolation:0}
execute if entity @s[tag=aj.assembler.bone.bone20] run data modify entity @s {} merge value {transformation:[0.27899110603922933f,-0.9602936856769427f,1.2246467991473532e-16f,2.6414183864572156e-16f,-0.9602936856769427f,-0.27899110603922933f,0f,0.5000000000000001f,3.41665565001522e-17f,-1.1760205884056826e-16f,-1f,-1.9091562499999999f,0f,0f,0f,1f],start_interpolation:0}
execute if entity @s[tag=aj.assembler.bone.bone11] run data modify entity @s {} merge value {transformation:[0.907545950218716f,0.41995279287273146f,1.2246467991473532e-16f,-0.2406183843138776f,0.41995279287273146f,-0.907545950218716f,0f,1.1574118868737628f,1.1114232430144936e-16f,5.1429384358458214e-17f,-1f,-1.5654062499999999f,0f,0f,0f,1f],start_interpolation:0}
execute if entity @s[tag=aj.assembler.bone.arm2] run data modify entity @s {} merge value {transformation:[-0.6820143155628058f,-0.731338822549027f,1.2246467991473532e-16f,0.11965282395207853f,-0.731338822549027f,0.6820143155628058f,0f,1.5437385595538118f,-8.35226648526663e-17f,-8.956317481268602e-17f,-1f,-1.5654062499999999f,0f,0f,0f,1f],start_interpolation:0}
execute if entity @s[tag=aj.assembler.bone.small_arm_base2] run data modify entity @s {} merge value {transformation:[-0.10973431109104531f,-0.9939609554551796f,1.2246467991473532e-16f,0.12148927533437308f,-0.9939609554551796f,0.10973431109104531f,0f,1.5603729280794227f,-1.3438577283428857e-17f,-1.2172511025756306e-16f,-1f,-1.4716562499999999f,0f,0f,0f,1f],start_interpolation:0}
execute if entity @s[tag=aj.assembler.bone.bone2] run data modify entity @s {} merge value {transformation:[0.9602936856769428f,0.2789911060392291f,1.2246467991473532e-16f,2.6414183864572156e-16f,0.2789911060392291f,-0.9602936856769428f,0f,0.5000000000000001f,1.1760205884056826e-16f,3.4166556500152175e-17f,-1f,-1.9091562499999999f,0f,0f,0f,1f],start_interpolation:0}
execute if entity @s[tag=aj.assembler.bone.ring] run data modify entity @s {} merge value {transformation:[1.7278076343293858f,0.5019745210391249f,2.2034447591230768e-16f,2.220446049250313e-16f,0.5019745210391249f,-1.7278076343293858f,0f,0.5000000000000001f,2.115954088923843e-16f,6.1474149044409e-17f,-1.7992491881391441f,-1.5654062499999999f,0f,0f,0f,1f],start_interpolation:0}
execute if entity @s[tag=aj.assembler.bone.wheel] run data modify entity @s {} merge value {transformation:[-1f,-3.784366730434133e-17f,-1.164708318489093e-16f,1.0625000000000002f,0f,-0.9510565162951541f,0.30901699437494606f,-0.6249999999999999f,-1.2246467991473532e-16f,0.30901699437494606f,0.9510565162951541f,-1.6904062499999997f,0f,0f,0f,1f],start_interpolation:0}
execute if entity @s[tag=aj.assembler.bone.wheel2] run data modify entity @s {} merge value {transformation:[-1f,-3.784366730434133e-17f,-1.164708318489093e-16f,1.0625000000000002f,0f,-0.9510565162951541f,0.30901699437494606f,-0.6249999999999999f,-1.2246467991473532e-16f,0.30901699437494606f,0.9510565162951541f,-1.4404062499999997f,0f,0f,0f,1f],start_interpolation:0}
execute if entity @s[tag=aj.assembler.bone.rails] run data modify entity @s {} merge value {transformation:[-1.137300743709099f,0f,1.3927917154512523e-16f,-0.43749999999999983f,0f,1.137300743709099f,0f,-0.9999999999999999f,-1.3927917154512523e-16f,0f,-1.137300743709099f,-1.1279062499999999f,0f,0f,0f,1f],start_interpolation:0}
execute if entity @s[tag=aj.assembler.bone.wheel3] run data modify entity @s {} merge value {transformation:[-1f,-3.784366730434133e-17f,-1.164708318489093e-16f,-1.0625f,0f,-0.9510565162951541f,0.30901699437494606f,-0.6249999999999999f,-1.2246467991473532e-16f,0.30901699437494606f,0.9510565162951541f,-1.4404062499999999f,0f,0f,0f,1f],start_interpolation:0}
execute if entity @s[tag=aj.assembler.bone.wheel4] run data modify entity @s {} merge value {transformation:[-1f,-3.784366730434133e-17f,-1.164708318489093e-16f,-1.0625f,0f,-0.9510565162951541f,0.30901699437494606f,-0.6249999999999999f,-1.2246467991473532e-16f,0.30901699437494606f,0.9510565162951541f,-1.6904062499999999f,0f,0f,0f,1f],start_interpolation:0}
execute if entity @s[tag=aj.assembler.bone.rails2] run data modify entity @s {} merge value {transformation:[-1.2038220325092979f,0f,1.4742567988555726e-16f,0.4375000000000001f,0f,1.2038220325092979f,0f,-0.9999999999999999f,-1.4742567988555726e-16f,0f,-1.2038220325092979f,-1.1279062499999997f,0f,0f,0f,1f],start_interpolation:0}
execute if entity @s[tag=aj.assembler.bone.bone6] run data modify entity @s {} merge value {transformation:[0.3008690874599026f,-0.9437502385918477f,-0.13716150833552376f,0.0853441236562387f,0f,0.14382560279213918f,-0.9896030497029997f,0.3456133267791261f,0.9536654508846618f,0.29774096651167814f,0.04327267786544134f,0.17062662164136083f,0f,0f,0f,1f],start_interpolation:0}
execute if entity @s[tag=aj.assembler.bone.bone5] run data modify entity @s {} merge value {transformation:[0.3008690874599026f,-0.6230513682027569f,-0.7220005434843647f,-0.012197556091836259f,0f,0.7570794798266052f,-0.6533227848663147f,0.26186080818675633f,0.9536654508846618f,0.19656463009949035f,0.22778181223004842f,0.20139975717634906f,0f,0f,0f,1f],start_interpolation:0}
execute if entity @s[tag=aj.assembler.bone.bone4] run data modify entity @s {} merge value {transformation:[0.3008690874599026f,-0.6230513682027569f,-0.7220005434843647f,0.8771913257140872f,0f,0.7570794798266052f,-0.6533227848663147f,0.2842602051784956f,0.9536654508846618f,0.19656463009949035f,0.22778181223004842f,-0.2758007336705933f,0f,0f,0f,1f],start_interpolation:0}
execute if entity @s[tag=aj.assembler.bone.bone3] run data modify entity @s {} merge value {transformation:[0.3008690874599026f,-0.518636777929953f,-0.8003084935132714f,0.7903687503365867f,0f,0.8391920801690679f,-0.5438351336402538f,-0.234375f,0.9536654508846618f,0.16362318038697735f,0.25248695536404486f,-0.18287272737390164f,0f,0f,0f,1f],start_interpolation:0}
execute if entity @s[tag=aj.assembler.bone.octagon] run data modify entity @s {} merge value {transformation:[0.3008690874599026f,0f,-0.9536654508846618f,0.859375f,0f,1f,0f,-0.40625f,0.9536654508846618f,0f,0.3008690874599026f,-0.1718749999999999f,0f,0f,0f,1f],start_interpolation:0}
execute if entity @s[tag=aj.assembler.bone.bone10] run data modify entity @s {} merge value {transformation:[-0.9802656622027693f,-0.05854176566374355f,0.1888176188260445f,-0.5585745292282297f,0f,0.9551454453948429f,0.2961370934913204f,0.8606760839852196f,-0.19768467696350694f,0.29029302405407253f,-0.9362962825299348f,-1.1892243250016554f,0f,0f,0f,1f],start_interpolation:0}
execute if entity @s[tag=aj.assembler.bone.bone9] run data modify entity @s {} merge value {transformation:[-0.9802656622027693f,0.04530100919547733f,0.19242414108431763f,-0.5329905618570352f,0f,0.9733892582875281f,-0.229157919021918f,0.8337165718911699f,-0.19768467696350694f,-0.22463563923902907f,-0.9541800658562862f,-1.3160884052233497f,0f,0f,0f,1f],start_interpolation:0}
execute if entity @s[tag=aj.assembler.bone.bone8] run data modify entity @s {} merge value {transformation:[-0.9802656622027693f,0.04530100919547733f,0.19242414108431763f,-0.9256508621300155f,0f,0.9733892582875281f,-0.229157919021918f,0.2916903949384413f,-0.19768467696350694f,-0.22463563923902907f,-0.9541800658562862f,-0.3174707465351456f,0f,0f,0f,1f],start_interpolation:0}
execute if entity @s[tag=aj.assembler.bone.bone7] run data modify entity @s {} merge value {transformation:[-0.9802656622027693f,0.15635175873514717f,0.1209684216917474f,-0.8776530096336173f,0f,0.6119261419238804f,-0.7909149112452963f,-0.234375f,-0.19768467696350694f,-0.775306729217915f,-0.5998501847321984f,-0.23931925004278268f,0f,0f,0f,1f],start_interpolation:0}
execute if entity @s[tag=aj.assembler.bone.octagon2] run data modify entity @s {} merge value {transformation:[-0.9802656622027693f,0f,0.19768467696350694f,-0.8593749999999999f,0f,1f,0f,-0.40625f,-0.19768467696350694f,0f,-0.9802656622027693f,-0.171875f,0f,0f,0f,1f],start_interpolation:0}