execute if entity @s[tag=aj.assembler.bone.bone21] run data modify entity @s {} merge value {transformation:[-0.045112757499130074f,0.9989819012929236f,1.2246467991473532e-16f,0.5490503549568984f,0.9989819012929236f,0.045112757499130074f,0f,0.5068209751108688f,-5.524719407202044e-18f,1.2233999878245162e-16f,-1f,-1.5f,0f,0f,0f,1f],start_interpolation:0}
execute if entity @s[tag=aj.assembler.bone.arm4] run data modify entity @s {} merge value {transformation:[0.8963897459106542f,0.4432667632771859f,1.2246467991473532e-16f,1.0225644872371693f,0.4432667632771859f,-0.8963897459106542f,0f,0.7409747879354988f,1.097760833117992e-16f,5.428452228158133e-17f,-1f,-1.5f,0f,0f,0f,1f],start_interpolation:0}
execute if entity @s[tag=aj.assembler.bone.small_arm_base4] run data modify entity @s {} merge value {transformation:[0.9723699203976766f,0.23344536385590542f,1.2246467991473532e-16f,1.038837520408484f,0.23344536385590542f,-0.9723699203976766f,0f,0.7448815975457376f,1.1908097106021814e-16f,2.8588811762192377e-17f,-1f,-1.40625f,0f,0f,0f,1f],start_interpolation:0}
execute if entity @s[tag=aj.assembler.bone.bone25] run data modify entity @s {} merge value {transformation:[-0.5877852522924731f,0.8090169943749473f,1.2246467991473532e-16f,2.6414183864572156e-16f,0.8090169943749473f,0.5877852522924731f,0f,0.5000000000000001f,-7.198293278059966e-17f,9.907600726170915e-17f,-1f,-1.84375f,0f,0f,0f,1f],start_interpolation:0}
execute if entity @s[tag=aj.assembler.bone.bone16] run data modify entity @s {} merge value {transformation:[-0.5358550016466812f,-0.8443100243454623f,1.2246467991473532e-16f,0.24078583725696606f,-0.8443100243454623f,0.5358550016466812f,0f,1.3058842123074568f,-6.562331125737076e-17f,-1.0339815688026944e-16f,-1f,-1.5f,0f,0f,0f,1f],start_interpolation:0}
execute if entity @s[tag=aj.assembler.bone.arm3] run data modify entity @s {} merge value {transformation:[-0.9120008358069946f,0.4101883414814993f,1.2246467991473532e-16f,-0.24097478793549815f,0.4101883414814993f,0.9120008358069946f,0f,1.522564487237169f,-1.1168789043907469e-16f,5.023358394428795e-17f,-1f,-1.5f,0f,0f,0f,1f],start_interpolation:0}
execute if entity @s[tag=aj.assembler.bone.small_arm_base3] run data modify entity @s {} merge value {transformation:[-0.23344536385590514f,0.9723699203976766f,1.2246467991473532e-16f,-0.24488159754573696f,0.9723699203976766f,0.23344536385590514f,0f,1.5388375204084839f,-2.8588811762192346e-17f,1.1908097106021811e-16f,-1f,-1.40625f,0f,0f,0f,1f],start_interpolation:0}
execute if entity @s[tag=aj.assembler.bone.bone15] run data modify entity @s {} merge value {transformation:[-0.8090169943749475f,-0.5877852522924729f,1.2246467991473532e-16f,2.6414183864572156e-16f,-0.5877852522924729f,0.8090169943749475f,0f,0.5000000000000001f,-9.907600726170916e-17f,-7.198293278059964e-17f,-1f,-1.84375f,0f,0f,0f,1f],start_interpolation:0}
execute if entity @s[tag=aj.assembler.bone.bone26] run data modify entity @s {} merge value {transformation:[0.4752403447099617f,0.8798560193349573f,1.2246467991473532e-16f,0.4558317176262413f,0.8798560193349573f,-0.4752403447099617f,0f,-0.03998792202360907f,5.820015669747394e-17f,1.0775128577890871e-16f,-1f,-1.5f,0f,0f,0f,1f],start_interpolation:0}
execute if entity @s[tag=aj.assembler.bone.arm5] run data modify entity @s {} merge value {transformation:[-0.4067366430758002f,-0.9135454576426011f,1.2246467991473532e-16f,0.24097478793549904f,-0.9135454576426011f,0.4067366430758002f,0f,-0.522564487237169f,-4.9810872803871815e-17f,-1.1187705205776154e-16f,-1f,-1.5f,0f,0f,0f,1f],start_interpolation:0}
execute if entity @s[tag=aj.assembler.bone.small_arm_base5] run data modify entity @s {} merge value {transformation:[0.2334453638559057f,-0.9723699203976767f,1.2246467991473532e-16f,0.24488159754573785f,-0.9723699203976767f,-0.2334453638559057f,0f,-0.5388375204084838f,2.858881176219241e-17f,-1.1908097106021814e-16f,-1f,-1.40625f,0f,0f,0f,1f],start_interpolation:0}
execute if entity @s[tag=aj.assembler.bone.bone20] run data modify entity @s {} merge value {transformation:[0.8090169943749472f,0.5877852522924734f,1.2246467991473532e-16f,2.6414183864572156e-16f,0.5877852522924734f,-0.8090169943749472f,0f,0.5000000000000001f,9.907600726170914e-17f,7.198293278059969e-17f,-1f,-1.84375f,0f,0f,0f,1f],start_interpolation:0}
execute if entity @s[tag=aj.assembler.bone.bone11] run data modify entity @s {} merge value {transformation:[0.24208455593955402f,0.9702551560159568f,1.2246467991473532e-16f,-0.5285436958587599f,0.9702551560159568f,-0.24208455593955402f,0f,0.44607359942803965f,2.9646807655438324e-17f,1.1882198711711575e-16f,-1f,-1.5f,0f,0f,0f,1f],start_interpolation:0}
execute if entity @s[tag=aj.assembler.bone.arm2] run data modify entity @s {} merge value {transformation:[0.9352100422552123f,0.3540934578116404f,1.2246467991473532e-16f,-1.0225644872371689f,0.3540934578116404f,-0.9352100422552123f,0f,0.25902521206450146f,1.1453019847783068e-16f,4.336394197080438e-17f,-1f,-1.5f,0f,0f,0f,1f],start_interpolation:0}
execute if entity @s[tag=aj.assembler.bone.small_arm_base2] run data modify entity @s {} merge value {transformation:[0.9723699203976766f,0.23344536385590542f,1.2246467991473532e-16f,-1.0388375204084837f,0.23344536385590542f,-0.9723699203976766f,0f,0.25511840245426265f,1.1908097106021814e-16f,2.8588811762192377e-17f,-1f,-1.40625f,0f,0f,0f,1f],start_interpolation:0}
execute if entity @s[tag=aj.assembler.bone.bone2] run data modify entity @s {} merge value {transformation:[-0.5877852522924731f,0.8090169943749473f,1.2246467991473532e-16f,2.6414183864572156e-16f,0.8090169943749473f,0.5877852522924731f,0f,0.5000000000000001f,-7.198293278059966e-17f,9.907600726170915e-17f,-1f,-1.84375f,0f,0f,0f,1f],start_interpolation:0}
execute if entity @s[tag=aj.assembler.bone.ring] run data modify entity @s {} merge value {transformation:[-1.0575721379873944f,1.4556231703198945f,2.2034447591230768e-16f,2.220446049250313e-16f,1.4556231703198945f,1.0575721379873944f,0f,0.5000000000000001f,-1.2951523336536853e-16f,1.7826242562969813e-16f,-1.7992491881391441f,-1.5f,0f,0f,0f,1f],start_interpolation:0}
execute if entity @s[tag=aj.assembler.bone.wheel] run data modify entity @s {} merge value {transformation:[-1f,1.4997597826618576e-32f,-1.2246467991473532e-16f,1.0625000000000002f,0f,-1f,-1.2246467991473532e-16f,-0.6249999999999999f,-1.2246467991473532e-16f,-1.2246467991473532e-16f,1f,-1.6249999999999998f,0f,0f,0f,1f],start_interpolation:0}
execute if entity @s[tag=aj.assembler.bone.wheel2] run data modify entity @s {} merge value {transformation:[-1f,1.4997597826618576e-32f,-1.2246467991473532e-16f,1.0625000000000002f,0f,-1f,-1.2246467991473532e-16f,-0.6249999999999999f,-1.2246467991473532e-16f,-1.2246467991473532e-16f,1f,-1.3749999999999998f,0f,0f,0f,1f],start_interpolation:0}
execute if entity @s[tag=aj.assembler.bone.rails] run data modify entity @s {} merge value {transformation:[-1.137300743709099f,0f,1.3927917154512523e-16f,-0.43749999999999983f,0f,1.137300743709099f,0f,-0.9999999999999999f,-1.3927917154512523e-16f,0f,-1.137300743709099f,-1.0625f,0f,0f,0f,1f],start_interpolation:0}
execute if entity @s[tag=aj.assembler.bone.wheel3] run data modify entity @s {} merge value {transformation:[-1f,1.4997597826618576e-32f,-1.2246467991473532e-16f,-1.0625f,0f,-1f,-1.2246467991473532e-16f,-0.6249999999999999f,-1.2246467991473532e-16f,-1.2246467991473532e-16f,1f,-1.3750000000000002f,0f,0f,0f,1f],start_interpolation:0}
execute if entity @s[tag=aj.assembler.bone.wheel4] run data modify entity @s {} merge value {transformation:[-1f,1.4997597826618576e-32f,-1.2246467991473532e-16f,-1.0625f,0f,-1f,-1.2246467991473532e-16f,-0.6249999999999999f,-1.2246467991473532e-16f,-1.2246467991473532e-16f,1f,-1.6250000000000002f,0f,0f,0f,1f],start_interpolation:0}
execute if entity @s[tag=aj.assembler.bone.rails2] run data modify entity @s {} merge value {transformation:[-1.2038220325092979f,0f,1.4742567988555726e-16f,0.4375000000000001f,0f,1.2038220325092979f,0f,-0.9999999999999999f,-1.4742567988555726e-16f,0f,-1.2038220325092979f,-1.0625f,0f,0f,0f,1f],start_interpolation:0}
execute if entity @s[tag=aj.assembler.bone.bone6] run data modify entity @s {} merge value {transformation:[-0.13398618541829244f,-0.07737324777805132f,-0.9879580368848322f,0.3855020915797144f,0f,0.9969473116891643f,-0.07807725479131855f,0.24465111350709384f,0.9909831997148362f,-0.010461273537420865f,-0.13357716735625255f,-0.14134211444109138f,0f,0f,0f,1f],start_interpolation:0}
execute if entity @s[tag=aj.assembler.bone.bone5] run data modify entity @s {} merge value {transformation:[-0.13398618541829244f,-0.6948004390442668f,-0.7066116698873216f,0.28974905596037215f,0f,0.713041018344867f,-0.7011223189698892f,0.154431389831452f,0.9909831997148362f,-0.09394070503040275f,-0.09553764609480342f,-0.15428843279295584f,0f,0f,0f,1f],start_interpolation:0}
execute if entity @s[tag=aj.assembler.bone.bone4] run data modify entity @s {} merge value {transformation:[-0.13398618541829244f,-0.6948004390442668f,-0.7066116698873216f,1.0381318355683784f,0f,0.713041018344867f,-0.7011223189698892f,0.243384730679712f,0.9909831997148362f,-0.09394070503040275f,-0.09553764609480342f,-0.24230914409531185f,0f,0f,0f,1f],start_interpolation:0}
execute if entity @s[tag=aj.assembler.bone.bone3] run data modify entity @s {} merge value {transformation:[-0.13398618541829244f,-0.32709304791505167f,-0.9354452630286267f,0.8016256183121444f,0f,0.9439567323621723f,-0.3300692161170598f,-0.234375f,0.9909831997148362f,-0.04422471519153081f,-0.12647716176912346f,-0.2112173615797318f,0f,0f,0f,1f],start_interpolation:0}
execute if entity @s[tag=aj.assembler.bone.octagon] run data modify entity @s {} merge value {transformation:[-0.13398618541829244f,0f,-0.9909831997148362f,0.859375f,0f,1f,0f,-0.40625f,0.9909831997148362f,0f,-0.13398618541829244f,-0.1718749999999999f,0f,0f,0f,1f],start_interpolation:0}
execute if entity @s[tag=aj.assembler.bone.bone10] run data modify entity @s {} merge value {transformation:[-0.8873942902916353f,-0.029165989159184863f,0.46008772928015707f,-0.1513698285195682f,0f,0.9979967479582783f,0.06326524373382864f,0.15481589960339348f,-0.4610112510099995f,0.05614121606330824f,-0.8856166158677965f,-1.331347237386005f,0f,0f,0f,1f],start_interpolation:0}
execute if entity @s[tag=aj.assembler.bone.bone9] run data modify entity @s {} merge value {transformation:[-0.8873942902916353f,0.3467569417070405f,0.30379433328451816f,-0.11003855820525366f,0f,0.6589737942814952f,-0.7521658982234237f,0.05766601438717972f,-0.4610112510099995f,-0.6674677234355455f,-0.5847695824972136f,-1.4109052377755167f,0f,0f,0f,1f],start_interpolation:0}
execute if entity @s[tag=aj.assembler.bone.bone8] run data modify entity @s {} merge value {transformation:[-0.8873942902916353f,0.3467569417070405f,0.30379433328451816f,-0.7932023911656723f,0f,0.6589737942814952f,-0.7521658982234237f,0.22700317105210222f,-0.4610112510099995f,-0.6674677234355455f,-0.5847695824972136f,-0.5026070481208321f,0f,0f,0f,1f],start_interpolation:0}
execute if entity @s[tag=aj.assembler.bone.bone7] run data modify entity @s {} merge value {transformation:[-0.8873942902916353f,0.44433753091530487f,0.12286387661918893f,-0.8582928683834885f,0f,0.2665094970025449f,-0.9638322924697277f,-0.234375f,-0.4610112510099995f,-0.8552992731363339f,-0.23649900594855403f,-0.24174374473728968f,0f,0f,0f,1f],start_interpolation:0}
execute if entity @s[tag=aj.assembler.bone.octagon2] run data modify entity @s {} merge value {transformation:[-0.8873942902916353f,0f,0.4610112510099995f,-0.8593749999999999f,0f,1f,0f,-0.40625f,-0.4610112510099995f,0f,-0.8873942902916353f,-0.171875f,0f,0f,0f,1f],start_interpolation:0}