execute if entity @s[tag=aj.assembler.bone.bone21] run data modify entity @s {} merge value {transformation:[0.4535911048974248f,0.8912099132964879f,1.2246467991473532e-16f,0.5198216577670254f,0.8912099132964879f,-0.4535911048974248f,0f,0.37934271170111133f,5.554888947343427e-17f,1.0914173676869343e-16f,-1f,-1.0625f,0f,0f,0f,1f],start_interpolation:0}
execute if entity @s[tag=aj.assembler.bone.arm4] run data modify entity @s {} merge value {transformation:[0.9979449915777695f,0.06407646826133384f,1.2246467991473532e-16f,1.0469819236068907f,0.06407646826133384f,-0.9979449915777695f,0f,0.4131908379283094f,1.222130139660848e-16f,7.847104175690945e-18f,-1f,-1.0625f,0f,0f,0f,1f],start_interpolation:0}
execute if entity @s[tag=aj.assembler.bone.small_arm_base4] run data modify entity @s {} merge value {transformation:[0.9969173337331281f,-0.07845909572784499f,1.2246467991473532e-16f,1.063665768407708f,-0.07845909572784499f,-0.9969173337331281f,0f,0.41187779086608806f,1.2208716217707892e-16f,-9.608468044710115e-18f,-1f,-0.9687499999999999f,0f,0f,0f,1f],start_interpolation:0}
execute if entity @s[tag=aj.assembler.bone.bone25] run data modify entity @s {} merge value {transformation:[-0.30901699437494745f,0.9510565162951536f,1.2246467991473532e-16f,1.531195361832059e-16f,0.9510565162951536f,0.30901699437494745f,0f,0.5000000000000001f,-3.7843667304341506e-17f,1.1647083184890926e-16f,-1f,-1.40625f,0f,0f,0f,1f],start_interpolation:0}
execute if entity @s[tag=aj.assembler.bone.bone16] run data modify entity @s {} merge value {transformation:[-0.9601632015056988f,0.2794398441066111f,1.2246467991473532e-16f,0.454790602932265f,0.2794398441066111f,0.9601632015056988f,0f,1.1679920811155307f,-1.1758607913830292e-16f,3.422151106393966e-17f,-1f,-1.0625f,0f,0f,0f,1f],start_interpolation:0}
execute if entity @s[tag=aj.assembler.bone.arm3] run data modify entity @s {} merge value {transformation:[-0.6966102335412593f,0.7174497770057445f,1.2246467991473532e-16f,0.08680916207169108f,0.7174497770057445f,0.6966102335412593f,0f,1.5469819236068907f,-8.531014927595934e-17f,8.786225729590674e-17f,-1f,-1.0625f,0f,0f,0f,1f],start_interpolation:0}
execute if entity @s[tag=aj.assembler.bone.small_arm_base3] run data modify entity @s {} merge value {transformation:[0.07845909572784521f,0.9969173337331281f,1.2246467991473532e-16f,0.08812220913391243f,0.9969173337331281f,-0.07845909572784521f,0f,1.563665768407708f,9.60846804471014e-18f,1.220871621770789e-16f,-1f,-0.96875f,0f,0f,0f,1f],start_interpolation:0}
execute if entity @s[tag=aj.assembler.bone.bone15] run data modify entity @s {} merge value {transformation:[-0.9510565162951538f,-0.30901699437494723f,1.2246467991473532e-16f,1.531195361832059e-16f,-0.30901699437494723f,0.9510565162951538f,0f,0.5000000000000001f,-1.1647083184890926e-16f,-3.784366730434148e-17f,-1f,-1.40625f,0f,0f,0f,1f],start_interpolation:0}
execute if entity @s[tag=aj.assembler.bone.bone26] run data modify entity @s {} merge value {transformation:[-0.34075824083424533f,0.9401509566572547f,1.2246467991473532e-16f,0.005618106096027337f,0.9401509566572547f,0.34075824083424533f,0f,-0.02688496954110986f,-4.173084889207413e-17f,1.1513528597856292e-16f,-1f,-1.0625f,0f,0f,0f,1f],start_interpolation:0}
execute if entity @s[tag=aj.assembler.bone.arm5] run data modify entity @s {} merge value {transformation:[-0.17497018521727514f,-0.9845737322745477f,1.2246467991473532e-16f,-0.08680916207169032f,-0.9845737322745477f,0.17497018521727514f,0f,-0.5469819236068904f,-2.1427667727255566e-17f,-1.205755069754588e-16f,-1f,-1.0625f,0f,0f,0f,1f],start_interpolation:0}
execute if entity @s[tag=aj.assembler.bone.small_arm_base5] run data modify entity @s {} merge value {transformation:[-0.07845909572784471f,-0.9969173337331282f,1.2246467991473532e-16f,-0.08812220913391168f,-0.9969173337331282f,0.07845909572784471f,0f,-0.5636657684077077f,-9.60846804471009e-18f,-1.2208716217707892e-16f,-1f,-0.96875f,0f,0f,0f,1f],start_interpolation:0}
execute if entity @s[tag=aj.assembler.bone.bone20] run data modify entity @s {} merge value {transformation:[0.9510565162951535f,0.3090169943749477f,1.2246467991473532e-16f,1.531195361832059e-16f,0.3090169943749477f,-0.9510565162951535f,0f,0.5000000000000001f,1.1647083184890926e-16f,3.784366730434153e-17f,-1f,-1.40625f,0f,0f,0f,1f],start_interpolation:0}
execute if entity @s[tag=aj.assembler.bone.bone11] run data modify entity @s {} merge value {transformation:[0.9817385066889648f,0.19023539230154177f,1.2246467991473532e-16f,-0.5187376851127016f,0.19023539230154177f,-0.9817385066889648f,0f,0.5880999088107917f,1.2022829198163434e-16f,2.329711642666242e-17f,-1f,-1.0625f,0f,0f,0f,1f],start_interpolation:0}
execute if entity @s[tag=aj.assembler.bone.arm2] run data modify entity @s {} merge value {transformation:[0.9999970147507714f,0.0024434585213451987f,1.2246467991473532e-16f,-1.0469819236068902f,0.0024434585213451987f,-0.9999970147507714f,0f,0.5868091620716909f,1.224643143271441e-16f,2.9923736570147076e-19f,-1f,-1.0625f,0f,0f,0f,1f],start_interpolation:0}
execute if entity @s[tag=aj.assembler.bone.small_arm_base2] run data modify entity @s {} merge value {transformation:[0.9969173337331281f,-0.07845909572784499f,1.2246467991473532e-16f,-1.0636657684077075f,-0.07845909572784499f,-0.9969173337331281f,0f,0.5881222091339122f,1.2208716217707892e-16f,-9.608468044710115e-18f,-1f,-0.9687500000000001f,0f,0f,0f,1f],start_interpolation:0}
execute if entity @s[tag=aj.assembler.bone.bone2] run data modify entity @s {} merge value {transformation:[-0.30901699437494745f,0.9510565162951536f,1.2246467991473532e-16f,1.531195361832059e-16f,0.9510565162951536f,0.30901699437494745f,0f,0.5000000000000001f,-3.7843667304341506e-17f,1.1647083184890926e-16f,-1f,-1.40625f,0f,0f,0f,1f],start_interpolation:0}
execute if entity @s[tag=aj.assembler.bone.ring] run data modify entity @s {} merge value {transformation:[-0.5559985762503227f,1.7111876648184978f,2.2034447591230768e-16f,1.1102230246251565e-16f,1.7111876648184978f,0.5559985762503227f,0f,0.5000000000000001f,-6.809018767354432e-17f,2.0956004964604076e-16f,-1.7992491881391441f,-1.0625f,0f,0f,0f,1f],start_interpolation:0}
execute if entity @s[tag=aj.assembler.bone.wheel] run data modify entity @s {} merge value {transformation:[-1f,0f,1.2246467991473532e-16f,1.0625f,0f,1f,0f,-0.6249999999999999f,-1.2246467991473532e-16f,0f,-1f,-1.1874999999999998f,0f,0f,0f,1f],start_interpolation:0}
execute if entity @s[tag=aj.assembler.bone.wheel2] run data modify entity @s {} merge value {transformation:[-1f,0f,1.2246467991473532e-16f,1.0625f,0f,1f,0f,-0.6249999999999999f,-1.2246467991473532e-16f,0f,-1f,-0.9374999999999998f,0f,0f,0f,1f],start_interpolation:0}
execute if entity @s[tag=aj.assembler.bone.rails] run data modify entity @s {} merge value {transformation:[-1.137300743709099f,0f,1.3927917154512523e-16f,-0.43749999999999994f,0f,1.137300743709099f,0f,-0.9999999999999999f,-1.3927917154512523e-16f,0f,-1.137300743709099f,-0.625f,0f,0f,0f,1f],start_interpolation:0}
execute if entity @s[tag=aj.assembler.bone.wheel3] run data modify entity @s {} merge value {transformation:[-1f,0f,1.2246467991473532e-16f,-1.0625f,0f,1f,0f,-0.6249999999999999f,-1.2246467991473532e-16f,0f,-1f,-0.9375f,0f,0f,0f,1f],start_interpolation:0}
execute if entity @s[tag=aj.assembler.bone.wheel4] run data modify entity @s {} merge value {transformation:[-1f,0f,1.2246467991473532e-16f,-1.0625f,0f,1f,0f,-0.6249999999999999f,-1.2246467991473532e-16f,0f,-1f,-1.1875f,0f,0f,0f,1f],start_interpolation:0}
execute if entity @s[tag=aj.assembler.bone.rails2] run data modify entity @s {} merge value {transformation:[-1.2038220325092979f,0f,1.4742567988555726e-16f,0.4375f,0f,1.2038220325092979f,0f,-0.9999999999999999f,-1.4742567988555726e-16f,0f,-1.2038220325092979f,-0.6249999999999999f,0f,0f,0f,1f],start_interpolation:0}
execute if entity @s[tag=aj.assembler.bone.bone6] run data modify entity @s {} merge value {transformation:[-0.7660444431189782f,0.43426101468090306f,-0.47391273700423725f,0.6492328758861294f,0f,0.7372773368101241f,0.6755902076156604f,0.6844789016898737f,0.6427876096865393f,0.5175321243695733f,-0.5647872069009549f,-0.2764635225999198f,0f,0f,0f,1f],start_interpolation:0}
execute if entity @s[tag=aj.assembler.bone.bone5] run data modify entity @s {} merge value {transformation:[-0.7660444431189782f,0.02803800174055554f,-0.6421758183121904f,0.5644637222598385f,0f,0.9990482215818578f,0.04361938736533599f,0.6936551202837152f,0.6427876096865393f,0.033414389303469794f,-0.7653153385506798f,-0.3774874659752224f,0f,0f,0f,1f],start_interpolation:0}
execute if entity @s[tag=aj.assembler.bone.bone4] run data modify entity @s {} merge value {transformation:[-0.7660444431189782f,0.02803800174055554f,-0.6421758183121904f,1.0741772939413894f,0f,0.9990482215818578f,0.04361938736533599f,0.21290085789676355f,0.6427876096865393f,0.033414389303469794f,-0.7653153385506798f,-0.06173270326603508f,0f,0f,0f,1f],start_interpolation:0}
execute if entity @s[tag=aj.assembler.bone.bone3] run data modify entity @s {} merge value {transformation:[-0.7660444431189782f,-0.1391247020847505f,-0.6275509767631344f,0.8431396632420594f,0f,0.9762960071199334f,-0.21643961393810288f,-0.234375f,0.6427876096865393f,-0.16580236352810065f,-0.7478861310934714f,-0.23983989049764037f,0f,0f,0f,1f],start_interpolation:0}
execute if entity @s[tag=aj.assembler.bone.octagon] run data modify entity @s {} merge value {transformation:[-0.7660444431189782f,0f,-0.6427876096865393f,0.859375f,0f,1f,0f,-0.40625f,0.6427876096865393f,0f,-0.7660444431189782f,-0.1718749999999999f,0f,0f,0f,1f],start_interpolation:0}
execute if entity @s[tag=aj.assembler.bone.bone10] run data modify entity @s {} merge value {transformation:[-0.8877771344441795f,0.008563936142178014f,0.4601938923495551f,-0.46431607902471833f,0f,0.9998268899182541f,-0.01860618704602124f,0.22747159283786722f,-0.46027357034494293f,-0.0165181474186491f,-0.8876234512718637f,-0.7301826964585663f,0f,0f,0f,1f],start_interpolation:0}
execute if entity @s[tag=aj.assembler.bone.bone9] run data modify entity @s {} merge value {transformation:[-0.8877771344441795f,0.3525900108772756f,0.2958581480839151f,-0.424013672167074f,0f,0.6427876096865394f,-0.766044443118978f,0.1284323512670113f,-0.46027357034494293f,-0.6800767405690535f,-0.5706521421837396f,-0.8079181076933861f,0f,0f,0f,1f],start_interpolation:0}
execute if entity @s[tag=aj.assembler.bone.bone8] run data modify entity @s {} merge value {transformation:[-0.8877771344441795f,0.3525900108772756f,0.2958581480839151f,-0.9456980499811327f,0f,0.6427876096865394f,-0.766044443118978f,0.2914180384874835f,-0.46027357034494293f,-0.6800767405690535f,-0.5706521421837396f,-0.20905803885761276f,0f,0f,0f,1f],start_interpolation:0}
execute if entity @s[tag=aj.assembler.bone.bone7] run data modify entity @s {} merge value {transformation:[-0.8877771344441795f,0.2801967964181334f,0.3651595744809333f,-0.8583509373048216f,0f,0.7933533402912352f,-0.6087614290087207f,-0.234375f,-0.46027357034494293f,-0.5404444770055058f,-0.7043209550454708f,-0.2417446199760407f,0f,0f,0f,1f],start_interpolation:0}
execute if entity @s[tag=aj.assembler.bone.octagon2] run data modify entity @s {} merge value {transformation:[-0.8877771344441795f,0f,0.46027357034494293f,-0.8593749999999999f,0f,1f,0f,-0.40625f,-0.46027357034494293f,0f,-0.8877771344441795f,-0.171875f,0f,0f,0f,1f],start_interpolation:0}