execute if entity @s[tag=aj.assembler.bone.bone21] run data modify entity @s {} merge value {transformation:[0.9975101582795458f,-0.07052293335586508f,1.2246467991473532e-16f,0.30479744816174853f,-0.07052293335586508f,-0.9975101582795458f,0f,0.01279573661858191f,1.2215976224540154e-16f,-8.636568460074235e-18f,-1f,-1.0688437499999999f,0f,0f,0f,1f],start_interpolation:0}
execute if entity @s[tag=aj.assembler.bone.arm4] run data modify entity @s {} merge value {transformation:[-0.06024096936865975f,-0.9981838636291034f,1.2246467991473532e-16f,0.2729754081747288f,-0.9981838636291034f,0.06024096936865975f,0f,-0.514490712382826f,-7.377391031486297e-18f,-1.2224226735539196e-16f,-1f,-1.0688437499999999f,0f,0f,0f,1f],start_interpolation:0}
execute if entity @s[tag=aj.assembler.bone.small_arm_base4] run data modify entity @s {} merge value {transformation:[0.2638730499653733f,-0.9645574184577982f,1.2246467991473532e-16f,0.27739143833467694f,-0.9645574184577982f,-0.2638730499653733f,0f,-0.5306329999391729f,3.23151286021344e-17f,-1.1812421551081767e-16f,-1f,-0.9750937499999999f,0f,0f,0f,1f],start_interpolation:0}
execute if entity @s[tag=aj.assembler.bone.bone25] run data modify entity @s {} merge value {transformation:[0.7901550123756902f,0.6129070536529768f,1.2246467991473532e-16f,1.531195361832059e-16f,0.6129070536529768f,-0.7901550123756902f,0f,0.5000000000000001f,9.676608067361262e-17f,7.505946614309531e-17f,-1f,-1.4125937499999999f,0f,0f,0f,1f],start_interpolation:0}
execute if entity @s[tag=aj.assembler.bone.bone16] run data modify entity @s {} merge value {transformation:[0.8972039218650872f,0.44161648813184806f,1.2246467991473532e-16f,0.8538936785058047f,0.44161648813184806f,-0.8972039218650872f,0f,0.2697336827193042f,1.0987579110945312e-16f,5.408242186413628e-17f,-1f,-1.0688437499999996f,0f,0f,0f,1f],start_interpolation:0}
execute if entity @s[tag=aj.assembler.bone.arm3] run data modify entity @s {} merge value {transformation:[0.3040195098249363f,0.9526658058552357f,1.2246467991473532e-16f,1.0144907123828262f,0.9526658058552357f,-0.3040195098249363f,0f,0.7729754081747285f,3.723165195854556e-17f,1.1666791297977484e-16f,-1f,-1.0688437499999996f,0f,0f,0f,1f],start_interpolation:0}
execute if entity @s[tag=aj.assembler.bone.small_arm_base3] run data modify entity @s {} merge value {transformation:[0.9645574184577982f,0.26387304996537303f,1.2246467991473532e-16f,1.0306329999391732f,0.26387304996537303f,-0.9645574184577982f,0f,0.7773914383346767f,1.1812421551081767e-16f,3.231512860213437e-17f,-1f,-0.9750937499999998f,0f,0f,0f,1f],start_interpolation:0}
execute if entity @s[tag=aj.assembler.bone.bone15] run data modify entity @s {} merge value {transformation:[-0.6129070536529766f,0.7901550123756903f,1.2246467991473532e-16f,1.531195361832059e-16f,0.7901550123756903f,0.6129070536529766f,0f,0.5000000000000001f,-7.505946614309529e-17f,9.676608067361264e-17f,-1f,-1.4125937499999999f,0f,0f,0f,1f],start_interpolation:0}
execute if entity @s[tag=aj.assembler.bone.bone26] run data modify entity @s {} merge value {transformation:[-0.6317377637171147f,-0.7751821707790363f,1.2246467991473532e-16f,-0.5171521207540429f,-0.7751821707790363f,0.6317377637171147f,0f,0.40506382010417763f,-7.736556302366717e-17f,-9.49324364200644e-17f,-1f,-1.06884375f,0f,0f,0f,1f],start_interpolation:0}
execute if entity @s[tag=aj.assembler.bone.arm5] run data modify entity @s {} merge value {transformation:[-0.9414908307695762f,-0.3370385965684246f,1.2246467991473532e-16f,-1.0144907123828257f,-0.3370385965684246f,0.9414908307695762f,0f,0.2270245918252712f,-1.1529937323285443e-16f,-4.127532384766373e-17f,-1f,-1.06884375f,0f,0f,0f,1f],start_interpolation:0}
execute if entity @s[tag=aj.assembler.bone.small_arm_base5] run data modify entity @s {} merge value {transformation:[-0.9645574184577981f,-0.2638730499653735f,1.2246467991473532e-16f,-1.0306329999391728f,-0.2638730499653735f,0.9645574184577981f,0f,0.22260856166532306f,-1.1812421551081767e-16f,-3.231512860213442e-17f,-1f,-0.97509375f,0f,0f,0f,1f],start_interpolation:0}
execute if entity @s[tag=aj.assembler.bone.bone20] run data modify entity @s {} merge value {transformation:[0.612907053652977f,-0.7901550123756901f,1.2246467991473532e-16f,1.531195361832059e-16f,-0.7901550123756901f,-0.612907053652977f,0f,0.5000000000000001f,7.505946614309534e-17f,-9.676608067361261e-17f,-1f,-1.4125937499999999f,0f,0f,0f,1f],start_interpolation:0}
execute if entity @s[tag=aj.assembler.bone.bone11] run data modify entity @s {} merge value {transformation:[0.5122784291260446f,0.8588194286648108f,1.2246467991473532e-16f,-0.19909262175843326f,0.8588194286648108f,-0.5122784291260446f,0f,0.9914372013528225f,6.27360138501445e-17f,1.0517504643599192e-16f,-1f,-1.0688437499999999f,0f,0f,0f,1f],start_interpolation:0}
execute if entity @s[tag=aj.assembler.bone.arm2] run data modify entity @s {} merge value {transformation:[0.13986440451934418f,-0.9901706662734711f,1.2246467991473532e-16f,-0.27297540817472854f,-0.9901706662734711f,-0.13986440451934418f,0f,1.514490712382826f,1.7128449530926535e-17f,-1.2126093370614086e-16f,-1f,-1.0688437499999999f,0f,0f,0f,1f],start_interpolation:0}
execute if entity @s[tag=aj.assembler.bone.small_arm_base2] run data modify entity @s {} merge value {transformation:[0.2638730499653733f,-0.9645574184577982f,1.2246467991473532e-16f,-0.2773914383346767f,-0.9645574184577982f,-0.2638730499653733f,0f,1.530632999939173f,3.23151286021344e-17f,-1.1812421551081767e-16f,-1f,-0.9750937499999999f,0f,0f,0f,1f],start_interpolation:0}
execute if entity @s[tag=aj.assembler.bone.bone2] run data modify entity @s {} merge value {transformation:[0.7901550123756902f,0.6129070536529768f,1.2246467991473532e-16f,1.531195361832059e-16f,0.6129070536529768f,-0.7901550123756902f,0f,0.5000000000000001f,9.676608067361262e-17f,7.505946614309531e-17f,-1f,-1.4125937499999999f,0f,0f,0f,1f],start_interpolation:0}
execute if entity @s[tag=aj.assembler.bone.ring] run data modify entity @s {} merge value {transformation:[1.421685764521036f,1.1027725186898734f,2.2034447591230768e-16f,1.1102230246251565e-16f,1.1027725186898734f,-1.421685764521036f,0f,0.5000000000000001f,1.7410629209140445e-16f,1.350506835201218e-16f,-1.7992491881391441f,-1.0688437499999999f,0f,0f,0f,1f],start_interpolation:0}
execute if entity @s[tag=aj.assembler.bone.wheel] run data modify entity @s {} merge value {transformation:[-1f,3.784366730434138e-17f,1.1647083184890928e-16f,1.0625f,0f,0.9510565162951539f,-0.30901699437494645f,-0.6249999999999999f,-1.2246467991473532e-16f,-0.30901699437494645f,-0.9510565162951539f,-1.1938437499999996f,0f,0f,0f,1f],start_interpolation:0}
execute if entity @s[tag=aj.assembler.bone.wheel2] run data modify entity @s {} merge value {transformation:[-1f,3.784366730434138e-17f,1.1647083184890928e-16f,1.0625f,0f,0.9510565162951539f,-0.30901699437494645f,-0.6249999999999999f,-1.2246467991473532e-16f,-0.30901699437494645f,-0.9510565162951539f,-0.9438437499999996f,0f,0f,0f,1f],start_interpolation:0}
execute if entity @s[tag=aj.assembler.bone.rails] run data modify entity @s {} merge value {transformation:[-1.137300743709099f,0f,1.3927917154512523e-16f,-0.43749999999999994f,0f,1.137300743709099f,0f,-0.9999999999999999f,-1.3927917154512523e-16f,0f,-1.137300743709099f,-0.6313437499999999f,0f,0f,0f,1f],start_interpolation:0}
execute if entity @s[tag=aj.assembler.bone.wheel3] run data modify entity @s {} merge value {transformation:[-1f,3.784366730434138e-17f,1.1647083184890928e-16f,-1.0625f,0f,0.9510565162951539f,-0.30901699437494645f,-0.6249999999999999f,-1.2246467991473532e-16f,-0.30901699437494645f,-0.9510565162951539f,-0.9438437499999999f,0f,0f,0f,1f],start_interpolation:0}
execute if entity @s[tag=aj.assembler.bone.wheel4] run data modify entity @s {} merge value {transformation:[-1f,3.784366730434138e-17f,1.1647083184890928e-16f,-1.0625f,0f,0.9510565162951539f,-0.30901699437494645f,-0.6249999999999999f,-1.2246467991473532e-16f,-0.30901699437494645f,-0.9510565162951539f,-1.19384375f,0f,0f,0f,1f],start_interpolation:0}
execute if entity @s[tag=aj.assembler.bone.rails2] run data modify entity @s {} merge value {transformation:[-1.2038220325092979f,0f,1.4742567988555726e-16f,0.4375f,0f,1.2038220325092979f,0f,-0.9999999999999999f,-1.4742567988555726e-16f,0f,-1.2038220325092979f,-0.6313437499999998f,0f,0f,0f,1f],start_interpolation:0}
execute if entity @s[tag=aj.assembler.bone.bone6] run data modify entity @s {} merge value {transformation:[-0.9337288314413272f,-0.042599419249461604f,-0.3554374189851455f,0.534220991457698f,0f,0.9928943653006663f,-0.11899907291313871f,0.4231576817005306f,0.35798110192468724f,-0.11111286529378633f,-0.9270940954568696f,-0.7580949744801524f,0f,0f,0f,1f],start_interpolation:0}
execute if entity @s[tag=aj.assembler.bone.bone5] run data modify entity @s {} merge value {transformation:[-0.9337288314413272f,-0.17975486412882835f,-0.3095781939304507f,0.49269569603270513f,0f,0.8647892088884076f,-0.5021350656846839f,0.3597527796679846f,0.35798110192468724f,-0.46885798810747403f,-0.8074786174584427f,-0.866406182429313f,0f,0f,0f,1f],start_interpolation:0}
execute if entity @s[tag=aj.assembler.bone.bone4] run data modify entity @s {} merge value {transformation:[-0.9337288314413272f,-0.17975486412882835f,-0.3095781939304507f,1.042994602562374f,0f,0.8647892088884076f,-0.5021350656846839f,0.1800576921548429f,0.35798110192468724f,-0.46885798810747403f,-0.8074786174584427f,0.045178125186014106f,0f,0f,0f,1f],start_interpolation:0}
execute if entity @s[tag=aj.assembler.bone.bone3] run data modify entity @s {} merge value {transformation:[-0.9337288314413272f,-0.03987030443488383f,-0.3557538870616637f,0.8661802071122485f,0f,0.9937784010076262f,-0.1113754447386215f,-0.234375f,0.35798110192468724f,-0.10399446386705118f,-0.9279195450844815f,-0.2414199614002293f,0f,0f,0f,1f],start_interpolation:0}
execute if entity @s[tag=aj.assembler.bone.octagon] run data modify entity @s {} merge value {transformation:[-0.9337288314413272f,0f,-0.35798110192468724f,0.859375f,0f,1f,0f,-0.40625f,0.35798110192468724f,0f,-0.9337288314413272f,-0.1718749999999999f,0f,0f,0f,1f],start_interpolation:0}
execute if entity @s[tag=aj.assembler.bone.bone10] run data modify entity @s {} merge value {transformation:[-0.9101649944305269f,-0.16569930817177986f,0.379662247510432f,-0.5913515989082758f,0f,0.9165141487981613f,0.4000022688095429f,0.6966750046849598f,-0.41424592081670397f,0.3640680627632358f,-0.8341790951363777f,-0.5344507305365445f,0f,0f,0f,1f],start_interpolation:0}
execute if entity @s[tag=aj.assembler.bone.bone9] run data modify entity @s {} merge value {transformation:[-0.9101649944305269f,0.061651741805384956f,0.4096324518951607f,-0.5370072505524796f,0f,0.9888629707868997f,-0.14882884467235274f,0.6803839951437676f,-0.41424592081670397f,-0.13545880458231369f,-0.9000284602988129f,-0.6538540149939189f,0f,0f,0f,1f],start_interpolation:0}
execute if entity @s[tag=aj.assembler.bone.bone8] run data modify entity @s {} merge value {transformation:[-0.9101649944305269f,0.061651741805384956f,0.4096324518951607f,-1.0330619488376025f,0f,0.9888629707868997f,-0.14882884467235274f,0.21859732399522624f,-0.41424592081670397f,-0.13545880458231369f,-0.9000284602988129f,-0.01657164615020254f,0f,0f,0f,1f],start_interpolation:0}
execute if entity @s[tag=aj.assembler.bone.bone7] run data modify entity @s {} merge value {transformation:[-0.9101649944305269f,0.09785678239613357f,0.4025217174915594f,-0.8619272860249099f,0f,0.9716974803227276f,-0.23622871699787568f,-0.234375f,-0.41424592081670397f,-0.21500710889070204f,-0.8844050317660924f,-0.24170549717742992f,0f,0f,0f,1f],start_interpolation:0}
execute if entity @s[tag=aj.assembler.bone.octagon2] run data modify entity @s {} merge value {transformation:[-0.9101649944305269f,0f,0.41424592081670397f,-0.8593749999999999f,0f,1f,0f,-0.40625f,-0.41424592081670397f,0f,-0.9101649944305269f,-0.171875f,0f,0f,0f,1f],start_interpolation:0}