execute if entity @s[tag=aj.assembler.bone.bone21] run data modify entity @s {} merge value {transformation:[-0.9408963729204678f,-0.3386945754291144f,1.2246467991473532e-16f,-0.03965548274598629f,-0.3386945754291144f,0.9408963729204678f,0f,1.2447598835565388f,-1.1522657314264053e-16f,-4.147812276878368e-17f,-1f,-1.5f,0f,0f,0f,1f],start_interpolation:0}
execute if entity @s[tag=aj.assembler.bone.arm4] run data modify entity @s {} merge value {transformation:[-0.9569691783792289f,0.29018957877943125f,1.2246467991473532e-16f,-0.5451704467294877f,0.29018957877943125f,0.9569691783792289f,0f,1.398051314230954f,-1.1719492411847953e-16f,3.5537973879814915e-17f,-1f,-1.5f,0f,0f,0f,1f],start_interpolation:0}
execute if entity @s[tag=aj.assembler.bone.small_arm_base4] run data modify entity @s {} merge value {transformation:[-0.5224985647159489f,0.8526401643540922f,1.2246467991473532e-16f,-0.5539146872671934f,0.8526401643540922f,0.5224985647159489f,0f,1.4123206179050691f,-6.39876194838473e-17f,1.0441830481007122e-16f,-1f,-1.40625f,0f,0f,0f,1f],start_interpolation:0}
execute if entity @s[tag=aj.assembler.bone.bone25] run data modify entity @s {} merge value {transformation:[-0.587785252292473f,-0.8090169943749475f,1.2246467991473532e-16f,2.6414183864572156e-16f,-0.8090169943749475f,0.587785252292473f,0f,0.5000000000000001f,-7.198293278059965e-17f,-9.907600726170916e-17f,-1f,-1.84375f,0f,0f,0f,1f],start_interpolation:0}
execute if entity @s[tag=aj.assembler.bone.bone16] run data modify entity @s {} merge value {transformation:[0.35118806988038326f,-0.9363049394154082f,1.2246467991473532e-16f,-0.37079078371995244f,-0.9363049394154082f,-0.35118806988038326f,0f,-0.07741908227747506f,4.3008134567774856e-17f,-1.146642847080936e-16f,-1f,-1.5f,0f,0f,0f,1f],start_interpolation:0}
execute if entity @s[tag=aj.assembler.bone.arm3] run data modify entity @s {} merge value {transformation:[-0.998134798421867f,0.06104853953485706f,1.2246467991473532e-16f,-0.8980513142309541f,0.06104853953485706f,0.998134798421867f,0f,-0.04517044672948773f,-1.222362586004928e-16f,7.476289853398314e-18f,-1f,-1.5f,0f,0f,0f,1f],start_interpolation:0}
execute if entity @s[tag=aj.assembler.bone.small_arm_base3] run data modify entity @s {} merge value {transformation:[-0.8526401643540924f,-0.5224985647159487f,1.2246467991473532e-16f,-0.912320617905069f,-0.5224985647159487f,0.8526401643540924f,0f,-0.053914687267193395f,-1.0441830481007124e-16f,-6.398761948384729e-17f,-1f,-1.40625f,0f,0f,0f,1f],start_interpolation:0}
execute if entity @s[tag=aj.assembler.bone.bone15] run data modify entity @s {} merge value {transformation:[0.8090169943749473f,-0.5877852522924732f,1.2246467991473532e-16f,2.6414183864572156e-16f,-0.5877852522924732f,-0.8090169943749473f,0f,0.5000000000000001f,9.907600726170915e-17f,-7.198293278059968e-17f,-1f,-1.84375f,0f,0f,0f,1f],start_interpolation:0}
execute if entity @s[tag=aj.assembler.bone.bone26] run data modify entity @s {} merge value {transformation:[-0.7388195051356938f,0.6739033601571137f,1.2246467991473532e-16f,0.4231228690339915f,0.6739033601571137f,0.7388195051356938f,0f,0.8138987159186406f,-9.047929421120587e-17f,8.252935929510556e-17f,-1f,-1.5f,0f,0f,0f,1f],start_interpolation:0}
execute if entity @s[tag=aj.assembler.bone.arm5] run data modify entity @s {} merge value {transformation:[0.8990671223807637f,0.437810814683663f,1.2246467991473532e-16f,0.8980513142309542f,0.437810814683663f,-0.8990671223807637f,0f,1.0451704467294884f,1.1010396736422241e-16f,5.361636128344427e-17f,-1f,-1.5f,0f,0f,0f,1f],start_interpolation:0}
execute if entity @s[tag=aj.assembler.bone.small_arm_base5] run data modify entity @s {} merge value {transformation:[0.852640164354092f,0.5224985647159491f,1.2246467991473532e-16f,0.9123206179050691f,0.5224985647159491f,-0.852640164354092f,0f,1.053914687267194f,1.044183048100712e-16f,6.398761948384731e-17f,-1f,-1.40625f,0f,0f,0f,1f],start_interpolation:0}
execute if entity @s[tag=aj.assembler.bone.bone20] run data modify entity @s {} merge value {transformation:[-0.8090169943749476f,0.5877852522924728f,1.2246467991473532e-16f,2.6414183864572156e-16f,0.5877852522924728f,0.8090169943749476f,0f,0.5000000000000001f,-9.907600726170917e-17f,7.198293278059963e-17f,-1f,-1.84375f,0f,0f,0f,1f],start_interpolation:0}
execute if entity @s[tag=aj.assembler.bone.bone11] run data modify entity @s {} merge value {transformation:[-0.25372393305845725f,0.9672766748936663f,1.2246467991473532e-16f,0.20182522648264845f,0.9672766748936663f,0.25372393305845725f,0f,0.0033932040565656796f,-3.10722202487117e-17f,1.1845722837984237e-16f,-1f,-1.5f,0f,0f,0f,1f],start_interpolation:0}
execute if entity @s[tag=aj.assembler.bone.arm2] run data modify entity @s {} merge value {transformation:[-0.6499724374742293f,0.7599577820667468f,1.2246467991473532e-16f,0.5451704467294882f,0.7599577820667468f,0.6499724374742293f,0f,-0.3980513142309541f,-7.959866650868182e-17f,9.306798652951634e-17f,-1f,-1.5f,0f,0f,0f,1f],start_interpolation:0}
execute if entity @s[tag=aj.assembler.bone.small_arm_base2] run data modify entity @s {} merge value {transformation:[-0.5224985647159489f,0.8526401643540922f,1.2246467991473532e-16f,0.5539146872671938f,0.8526401643540922f,0.5224985647159489f,0f,-0.412320617905069f,-6.39876194838473e-17f,1.0441830481007122e-16f,-1f,-1.40625f,0f,0f,0f,1f],start_interpolation:0}
execute if entity @s[tag=aj.assembler.bone.bone2] run data modify entity @s {} merge value {transformation:[-0.587785252292473f,-0.8090169943749475f,1.2246467991473532e-16f,2.6414183864572156e-16f,-0.8090169943749475f,0.587785252292473f,0f,0.5000000000000001f,-7.198293278059965e-17f,-9.907600726170916e-17f,-1f,-1.84375f,0f,0f,0f,1f],start_interpolation:0}
execute if entity @s[tag=aj.assembler.bone.ring] run data modify entity @s {} merge value {transformation:[-1.0575721379873941f,-1.4556231703198947f,2.2034447591230768e-16f,2.220446049250313e-16f,-1.4556231703198947f,1.0575721379873941f,0f,0.5000000000000001f,-1.295152333653685e-16f,-1.7826242562969815e-16f,-1.7992491881391441f,-1.5f,0f,0f,0f,1f],start_interpolation:0}
execute if entity @s[tag=aj.assembler.bone.wheel] run data modify entity @s {} merge value {transformation:[-1f,1.4997597826618576e-32f,-1.2246467991473532e-16f,1.0625000000000002f,0f,-1f,-1.2246467991473532e-16f,-0.6249999999999999f,-1.2246467991473532e-16f,-1.2246467991473532e-16f,1f,-1.6249999999999998f,0f,0f,0f,1f],start_interpolation:0}
execute if entity @s[tag=aj.assembler.bone.wheel2] run data modify entity @s {} merge value {transformation:[-1f,1.4997597826618576e-32f,-1.2246467991473532e-16f,1.0625000000000002f,0f,-1f,-1.2246467991473532e-16f,-0.6249999999999999f,-1.2246467991473532e-16f,-1.2246467991473532e-16f,1f,-1.3749999999999998f,0f,0f,0f,1f],start_interpolation:0}
execute if entity @s[tag=aj.assembler.bone.rails] run data modify entity @s {} merge value {transformation:[-1.137300743709099f,0f,1.3927917154512523e-16f,-0.43749999999999983f,0f,1.137300743709099f,0f,-0.9999999999999999f,-1.3927917154512523e-16f,0f,-1.137300743709099f,-1.0625f,0f,0f,0f,1f],start_interpolation:0}
execute if entity @s[tag=aj.assembler.bone.wheel3] run data modify entity @s {} merge value {transformation:[-1f,1.4997597826618576e-32f,-1.2246467991473532e-16f,-1.0625f,0f,-1f,-1.2246467991473532e-16f,-0.6249999999999999f,-1.2246467991473532e-16f,-1.2246467991473532e-16f,1f,-1.3750000000000002f,0f,0f,0f,1f],start_interpolation:0}
execute if entity @s[tag=aj.assembler.bone.wheel4] run data modify entity @s {} merge value {transformation:[-1f,1.4997597826618576e-32f,-1.2246467991473532e-16f,-1.0625f,0f,-1f,-1.2246467991473532e-16f,-0.6249999999999999f,-1.2246467991473532e-16f,-1.2246467991473532e-16f,1f,-1.6250000000000002f,0f,0f,0f,1f],start_interpolation:0}
execute if entity @s[tag=aj.assembler.bone.rails2] run data modify entity @s {} merge value {transformation:[-1.2038220325092979f,0f,1.4742567988555726e-16f,0.4375000000000001f,0f,1.2038220325092979f,0f,-0.9999999999999999f,-1.4742567988555726e-16f,0f,-1.2038220325092979f,-1.0625f,0f,0f,0f,1f],start_interpolation:0}
execute if entity @s[tag=aj.assembler.bone.bone6] run data modify entity @s {} merge value {transformation:[-0.9447212919370022f,0.11702708677664757f,-0.30627820934805744f,0.6400705196661894f,0f,0.9341324793160515f,0.35692647854543774f,1.0101185962856243f,0.3278744890364017f,0.33719604393797065f,-0.8824948426997752f,-0.5178354689645033f,0f,0f,0f,1f],start_interpolation:0}
execute if entity @s[tag=aj.assembler.bone.bone5] run data modify entity @s {} merge value {transformation:[-0.9447212919370022f,0.11048956602826056f,-0.30869683568149536f,0.5996529037695609f,0f,0.9415091628163325f,0.3369873830470344f,1.0578675217331341f,0.3278744890364017f,0.31835915587866376f,-0.8894637526663711f,-0.6342927829174567f,0f,0f,0f,1f],start_interpolation:0}
execute if entity @s[tag=aj.assembler.bone.bone4] run data modify entity @s {} merge value {transformation:[-0.9447212919370022f,0.11048956602826056f,-0.30869683568149536f,0.9294050232587717f,0f,0.9415091628163325f,0.3369873830470344f,0.29592158015116443f,0.3278744890364017f,0.31835915587866376f,-0.8894637526663711f,-0.25602654845893363f,0f,0f,0f,1f],start_interpolation:0}
execute if entity @s[tag=aj.assembler.bone.bone3] run data modify entity @s {} merge value {transformation:[-0.9447212919370022f,-0.2292215500671486f,-0.2344337039456895f,0.8684053848082562f,0f,0.7150105048876245f,-0.699113708848814f,-0.234375f,0.3278744890364017f,-0.6604676062345207f,-0.6754856479259649f,-0.24116615852845008f,0f,0f,0f,1f],start_interpolation:0}
execute if entity @s[tag=aj.assembler.bone.octagon] run data modify entity @s {} merge value {transformation:[-0.9447212919370022f,0f,-0.3278744890364017f,0.859375f,0f,1f,0f,-0.40625f,0.3278744890364017f,0f,-0.9447212919370022f,-0.1718749999999999f,0f,0f,0f,1f],start_interpolation:0}
execute if entity @s[tag=aj.assembler.bone.bone10] run data modify entity @s {} merge value {transformation:[-0.9678283259642091f,-0.011394655250307237f,0.2513533236164652f,-0.4932744453026129f,0f,0.9989740307124974f,0.04528670844769794f,-0.05644277359598489f,-0.25161146925630556f,0.043829759225364695f,-0.9668353638261946f,-1.2074895042096896f,0f,0f,0f,1f],start_interpolation:0}
execute if entity @s[tag=aj.assembler.bone.bone9] run data modify entity @s {} merge value {transformation:[-0.9678283259642091f,0.22723769380945438f,0.10803407783416064f,-0.47822147775950885f,0f,0.42936865379578965f,-0.9031293147371486f,-0.1743269151235491f,-0.25161146925630556f,-0.8740741328112579f,-0.41555514542468514f,-1.265391031596724f,0f,0f,0f,1f],start_interpolation:0}
execute if entity @s[tag=aj.assembler.bone.bone8] run data modify entity @s {} merge value {transformation:[-0.9678283259642091f,0.22723769380945438f,0.10803407783416064f,-0.8631890465009574f,0f,0.42936865379578965f,-0.9031293147371486f,0.21416460231203394f,-0.25161146925630556f,-0.8740741328112579f,-0.41555514542468514f,-0.5298024745543889f,0f,0f,0f,1f],start_interpolation:0}
execute if entity @s[tag=aj.assembler.bone.bone7] run data modify entity @s {} merge value {transformation:[-0.9678283259642091f,0.24540246744938388f,0.0555514215036024f,-0.8738939183578623f,0f,0.220782548855174f,-0.9753230573102498f,-0.234375f,-0.25161146925630556f,-0.9439452818308735f,-0.21367960466061428f,-0.24022712878702263f,0f,0f,0f,1f],start_interpolation:0}
execute if entity @s[tag=aj.assembler.bone.octagon2] run data modify entity @s {} merge value {transformation:[-0.9678283259642091f,0f,0.25161146925630556f,-0.8593749999999999f,0f,1f,0f,-0.40625f,-0.25161146925630556f,0f,-0.9678283259642091f,-0.171875f,0f,0f,0f,1f],start_interpolation:0}