execute if entity @s[tag=aj.assembler.bone.bone21] run data modify entity @s {} merge value {transformation:[0.9450874196262294f,0.32681763915712336f,1.2246467991473532e-16f,-0.22198928354593028f,0.32681763915712336f,-0.9450874196262294f,0f,-0.06189394713900559f,1.1573982833596935e-16f,4.002361756986658e-17f,-1f,-1.3705000000000005f,0f,0f,0f,1f],start_interpolation:0}
execute if entity @s[tag=aj.assembler.bone.arm4] run data modify entity @s {} merge value {transformation:[0.3806787532801385f,-0.9247073519774133f,1.2246467991473532e-16f,-0.020897325098932572f,-0.9247073519774133f,-0.3806787532801385f,0f,-0.550366736327309f,4.661970167079266e-17f,-1.1324398987471643e-16f,-1f,-1.3705000000000005f,0f,0f,0f,1f],start_interpolation:0}
execute if entity @s[tag=aj.assembler.bone.small_arm_base4] run data modify entity @s {} merge value {transformation:[-0.015707317311820956f,-0.9998766324816608f,1.2246467991473532e-16f,-0.02116019387992397f,-0.9998766324816608f,0.015707317311820956f,0f,-0.567100106278677f,-1.9235915869113403e-18f,-1.2244957175109004e-16f,-1f,-1.2767500000000005f,0f,0f,0f,1f],start_interpolation:0}
execute if entity @s[tag=aj.assembler.bone.bone25] run data modify entity @s {} merge value {transformation:[0.9297764858882516f,0.36812455268467775f,1.2246467991473532e-16f,2.6414183864572156e-16f,0.36812455268467775f,-0.9297764858882516f,0f,0.5000000000000001f,1.1386477973655215e-16f,4.508225551328418e-17f,-1f,-1.7142500000000005f,0f,0f,0f,1f],start_interpolation:0}
execute if entity @s[tag=aj.assembler.bone.bone16] run data modify entity @s {} merge value {transformation:[0.9921754591334041f,-0.12485134478017856f,1.2246467991473532e-16f,0.5410122858929086f,-0.12485134478017856f,-0.9921754591334041f,0f,0.6191086938863934f,1.215064500220279e-16f,-1.5289879975428817e-17f,-1f,-1.3705000000000003f,0f,0f,0f,1f],start_interpolation:0}
execute if entity @s[tag=aj.assembler.bone.arm3] run data modify entity @s {} merge value {transformation:[0.9642375491616912f,-0.26503952306525047f,1.2246467991473532e-16f,1.0503667363273093f,-0.26503952306525047f,-0.9642375491616912f,0f,0.47910267490106706f,1.1808504281985538e-16f,-3.2457980356939994e-17f,-1f,-1.3705000000000003f,0f,0f,0f,1f],start_interpolation:0}
execute if entity @s[tag=aj.assembler.bone.small_arm_base3] run data modify entity @s {} merge value {transformation:[0.9998766324816608f,-0.015707317311821234f,1.2246467991473532e-16f,1.0671001062786774f,-0.015707317311821234f,-0.9998766324816608f,0f,0.47883980612007565f,1.2244957175109002e-16f,-1.9235915869113588e-18f,-1f,-1.2767500000000003f,0f,0f,0f,1f],start_interpolation:0}
execute if entity @s[tag=aj.assembler.bone.bone15] run data modify entity @s {} merge value {transformation:[-0.36812455268467753f,0.9297764858882517f,1.2246467991473532e-16f,2.6414183864572156e-16f,0.9297764858882517f,0.36812455268467753f,0f,0.5000000000000001f,-4.5082255513284154e-17f,1.1386477973655215e-16f,-1f,-1.7142500000000005f,0f,0f,0f,1f],start_interpolation:0}
execute if entity @s[tag=aj.assembler.bone.bone26] run data modify entity @s {} merge value {transformation:[-0.8775649037187089f,0.4794578602559074f,1.2246467991473532e-16f,-0.5256217297272351f,0.4794578602559074f,0.8775649037187089f,0f,0.5816123938853411f,-1.074707050383172e-16f,5.871665338884361e-17f,-1f,-1.3705000000000007f,0f,0f,0f,1f],start_interpolation:0}
execute if entity @s[tag=aj.assembler.bone.arm5] run data modify entity @s {} merge value {transformation:[-0.9933727656003964f,-0.11493715049286668f,1.2246467991473532e-16f,-1.0503667363273088f,-0.11493715049286668f,0.9933727656003964f,0f,0.5208973250989326f,-1.2165307777526796e-16f,-1.407574134542067e-17f,-1f,-1.3705000000000007f,0f,0f,0f,1f],start_interpolation:0}
execute if entity @s[tag=aj.assembler.bone.small_arm_base5] run data modify entity @s {} merge value {transformation:[-0.9998766324816607f,0.01570731731182068f,1.2246467991473532e-16f,-1.067100106278677f,0.01570731731182068f,0.9998766324816607f,0f,0.521160193879924f,-1.2244957175109004e-16f,1.9235915869113156e-18f,-1f,-1.2767500000000007f,0f,0f,0f,1f],start_interpolation:0}
execute if entity @s[tag=aj.assembler.bone.bone20] run data modify entity @s {} merge value {transformation:[0.368124552684678f,-0.9297764858882515f,1.2246467991473532e-16f,2.6414183864572156e-16f,-0.9297764858882515f,-0.368124552684678f,0f,0.5000000000000001f,4.5082255513284204e-17f,-1.1386477973655215e-16f,-1f,-1.7142500000000005f,0f,0f,0f,1f],start_interpolation:0}
execute if entity @s[tag=aj.assembler.bone.bone11] run data modify entity @s {} merge value {transformation:[0.6963066071675853f,0.7177444592713804f,1.2246467991473532e-16f,-0.26680596607281815f,0.7177444592713804f,-0.6963066071675853f,0f,1.107342518277785f,8.527296576929369e-17f,8.789834546524439e-17f,-1f,-1.3705000000000005f,0f,0f,0f,1f],start_interpolation:0}
execute if entity @s[tag=aj.assembler.bone.arm2] run data modify entity @s {} merge value {transformation:[-0.5446390350150278f,-0.8386705679454238f,1.2246467991473532e-16f,0.02089732509893302f,-0.8386705679454238f,0.5446390350150278f,0f,1.5503667363273093f,-6.669904509218571e-17f,-1.0270752265734562e-16f,-1f,-1.3705000000000005f,0f,0f,0f,1f],start_interpolation:0}
execute if entity @s[tag=aj.assembler.bone.small_arm_base2] run data modify entity @s {} merge value {transformation:[-0.015707317311820956f,-0.9998766324816608f,1.2246467991473532e-16f,0.021160193879924395f,-0.9998766324816608f,0.015707317311820956f,0f,1.5671001062786774f,-1.9235915869113403e-18f,-1.2244957175109004e-16f,-1f,-1.2767500000000005f,0f,0f,0f,1f],start_interpolation:0}
execute if entity @s[tag=aj.assembler.bone.bone2] run data modify entity @s {} merge value {transformation:[0.9297764858882516f,0.36812455268467775f,1.2246467991473532e-16f,2.6414183864572156e-16f,0.36812455268467775f,-0.9297764858882516f,0f,0.5000000000000001f,1.1386477973655215e-16f,4.508225551328418e-17f,-1f,-1.7142500000000005f,0f,0f,0f,1f],start_interpolation:0}
execute if entity @s[tag=aj.assembler.bone.ring] run data modify entity @s {} merge value {transformation:[1.672899587385303f,0.662347802551992f,2.2034447591230768e-16f,2.220446049250313e-16f,0.662347802551992f,-1.672899587385303f,0f,0.5000000000000001f,2.0487111249863393e-16f,8.111421163175801e-17f,-1.7992491881391441f,-1.3705000000000005f,0f,0f,0f,1f],start_interpolation:0}
execute if entity @s[tag=aj.assembler.bone.wheel] run data modify entity @s {} merge value {transformation:[-1f,7.19829327805995e-17f,-9.90760072617093e-17f,1.0625000000000002f,0f,-0.8090169943749486f,-0.5877852522924718f,-0.6249999999999999f,-1.2246467991473532e-16f,-0.5877852522924718f,0.8090169943749486f,-1.4955000000000003f,0f,0f,0f,1f],start_interpolation:0}
execute if entity @s[tag=aj.assembler.bone.wheel2] run data modify entity @s {} merge value {transformation:[-1f,7.19829327805995e-17f,-9.90760072617093e-17f,1.0625000000000002f,0f,-0.8090169943749486f,-0.5877852522924718f,-0.6249999999999999f,-1.2246467991473532e-16f,-0.5877852522924718f,0.8090169943749486f,-1.2455000000000003f,0f,0f,0f,1f],start_interpolation:0}
execute if entity @s[tag=aj.assembler.bone.rails] run data modify entity @s {} merge value {transformation:[-1.137300743709099f,0f,1.3927917154512523e-16f,-0.43749999999999983f,0f,1.137300743709099f,0f,-0.9999999999999999f,-1.3927917154512523e-16f,0f,-1.137300743709099f,-0.9330000000000005f,0f,0f,0f,1f],start_interpolation:0}
execute if entity @s[tag=aj.assembler.bone.wheel3] run data modify entity @s {} merge value {transformation:[-1f,7.19829327805995e-17f,-9.90760072617093e-17f,-1.0625f,0f,-0.8090169943749486f,-0.5877852522924718f,-0.6249999999999999f,-1.2246467991473532e-16f,-0.5877852522924718f,0.8090169943749486f,-1.2455000000000005f,0f,0f,0f,1f],start_interpolation:0}
execute if entity @s[tag=aj.assembler.bone.wheel4] run data modify entity @s {} merge value {transformation:[-1f,7.19829327805995e-17f,-9.90760072617093e-17f,-1.0625f,0f,-0.8090169943749486f,-0.5877852522924718f,-0.6249999999999999f,-1.2246467991473532e-16f,-0.5877852522924718f,0.8090169943749486f,-1.4955000000000007f,0f,0f,0f,1f],start_interpolation:0}
execute if entity @s[tag=aj.assembler.bone.rails2] run data modify entity @s {} merge value {transformation:[-1.2038220325092979f,0f,1.4742567988555726e-16f,0.4375000000000001f,0f,1.2038220325092979f,0f,-0.9999999999999999f,-1.4742567988555726e-16f,0f,-1.2038220325092979f,-0.9330000000000004f,0f,0f,0f,1f],start_interpolation:0}
execute if entity @s[tag=aj.assembler.bone.bone6] run data modify entity @s {} merge value {transformation:[0.3007057995042729f,-0.8509738143285179f,-0.43060374995077466f,0.28364136027971854f,0f,0.451500573218238f,-0.8922708290556196f,0.33132776575564343f,0.953716950748227f,0.26831101302551047f,0.1357688408462278f,0.10795272480264477f,0f,0f,0f,1f],start_interpolation:0}
execute if entity @s[tag=aj.assembler.bone.bone5] run data modify entity @s {} merge value {transformation:[0.3007057995042729f,-0.6214123687407365f,-0.7234795713221785f,0.18590982114921695f,0f,0.7585894019756925f,-0.6515689673474032f,0.2478121743884955f,0.953716950748227f,0.19593056725837435f,0.2281122326165689f,0.1387673607257709f,0f,0f,0f,1f],start_interpolation:0}
execute if entity @s[tag=aj.assembler.bone.bone4] run data modify entity @s {} merge value {transformation:[0.3007057995042729f,-0.6214123687407365f,-0.7234795713221785f,0.8810483870786057f,0f,0.7585894019756925f,-0.6515689673474032f,0.2833841453098911f,0.953716950748227f,0.19593056725837435f,0.2281122326165689f,-0.27700819817874067f,0f,0f,0f,1f],start_interpolation:0}
execute if entity @s[tag=aj.assembler.bone.bone3] run data modify entity @s {} merge value {transformation:[0.3007057995042729f,-0.5124317441107495f,-0.804356717987804f,0.7903706343437273f,0f,0.8433914458128857f,-0.5372996083468239f,-0.234375f,0.953716950748227f,0.16156910830126436f,0.25361269900822847f,-0.18288454224186493f,0f,0f,0f,1f],start_interpolation:0}
execute if entity @s[tag=aj.assembler.bone.octagon] run data modify entity @s {} merge value {transformation:[0.3007057995042729f,0f,-0.953716950748227f,0.859375f,0f,1f,0f,-0.40625f,0.953716950748227f,0f,0.3007057995042729f,-0.1718749999999999f,0f,0f,0f,1f],start_interpolation:0}
execute if entity @s[tag=aj.assembler.bone.bone10] run data modify entity @s {} merge value {transformation:[-0.9716723677708072f,-0.09903378005153501f,0.21458126693487786f,-0.5621157411402996f,0f,0.9079653860026039f,0.4190451739623574f,0.8654817532655616f,-0.23633199045129952f,0.4071746163869336f,-0.882244876471085f,-0.9973604009626844f,0f,0f,0f,1f],start_interpolation:0}
execute if entity @s[tag=aj.assembler.bone.bone9] run data modify entity @s {} merge value {transformation:[-0.9716723677708072f,0.04517524667827971f,0.23197415114238418f,-0.5313055849866861f,0f,0.9815605187406342f,-0.1911516362724025f,0.8435727580400666f,-0.23633199045129952f,-0.18573676302006953f,-0.9537552333550539f,-1.1240354961286056f,0f,0f,0f,1f],start_interpolation:0}
execute if entity @s[tag=aj.assembler.bone.bone8] run data modify entity @s {} merge value {transformation:[-0.9716723677708072f,0.04517524667827971f,0.23197415114238418f,-0.9464041767126662f,0f,0.9815605187406342f,-0.1911516362724025f,0.29401688650493185f,-0.23633199045129952f,-0.18573676302006953f,-0.9537552333550539f,-0.21074470096988424f,0f,0f,0f,1f],start_interpolation:0}
execute if entity @s[tag=aj.assembler.bone.bone7] run data modify entity @s {} merge value {transformation:[-0.9716723677708072f,0.15222701951822448f,0.18077539721784938f,-0.8749690120896314f,0f,0.7649214009184314f,-0.6441236297613869f,-0.234375f,-0.23633199045129952f,-0.6258771324673736f,-0.7432529887889752f,-0.23998989768727857f,0f,0f,0f,1f],start_interpolation:0}
execute if entity @s[tag=aj.assembler.bone.octagon2] run data modify entity @s {} merge value {transformation:[-0.9716723677708072f,0f,0.23633199045129952f,-0.8593749999999999f,0f,1f,0f,-0.40625f,-0.23633199045129952f,0f,-0.9716723677708072f,-0.171875f,0f,0f,0f,1f],start_interpolation:0}