execute if entity @s[tag=aj.assembler.bone.bone21] run data modify entity @s {} merge value {transformation:[-0.02670076791441349f,0.9996434709399052f,1.2246467991473532e-16f,0.7891089488941161f,0.9996434709399052f,0.02670076791441349f,0f,0.7259887445434184f,-3.2699009961162846e-18f,1.2242101769751047e-16f,-1f,-1.6715f,0f,0f,0f,1f],start_interpolation:0}
execute if entity @s[tag=aj.assembler.bone.arm4] run data modify entity @s {} merge value {transformation:[-0.1038341305888072f,0.9945946276372435f,1.2246467991473532e-16f,0.7342590039107696f,0.9945946276372435f,0.1038341305888072f,0f,1.2513791946515012f,-1.2716013566783101e-17f,1.2180271271851036e-16f,-1f,-1.6715f,0f,0f,0f,1f],start_interpolation:0}
execute if entity @s[tag=aj.assembler.bone.small_arm_base4] run data modify entity @s {} merge value {transformation:[0.6959127965923144f,0.7181262977631889f,1.2246467991473532e-16f,0.7459054069778839f,0.7181262977631889f,-0.6959127965923144f,0f,1.2633973503138178f,8.522473788324609e-17f,8.794510719392283e-17f,-1f,-1.57775f,0f,0f,0f,1f],start_interpolation:0}
execute if entity @s[tag=aj.assembler.bone.bone25] run data modify entity @s {} merge value {transformation:[-0.9297764858882515f,0.3681245526846779f,1.2246467991473532e-16f,2.6414183864572156e-16f,0.3681245526846779f,0.9297764858882515f,0f,0.5000000000000001f,-1.1386477973655213e-16f,4.50822555132842e-17f,-1f,-2.01525f,0f,0f,0f,1f],start_interpolation:0}
execute if entity @s[tag=aj.assembler.bone.bone16] run data modify entity @s {} merge value {transformation:[-0.01600410653533596f,-0.9998719260855391f,1.2246467991473532e-16f,-0.5060292284041223f,-0.9998719260855391f,0.01600410653533596f,0f,0.766448106654346f,-1.9599377841712322e-18f,-1.2244899538379546e-16f,-1f,-1.6715f,0f,0f,0f,1f],start_interpolation:0}
execute if entity @s[tag=aj.assembler.bone.arm3] run data modify entity @s {} merge value {transformation:[-0.46446173178522965f,0.8855931908653462f,1.2246467991473532e-16f,-0.7513791946515006f,0.8855931908653462f,0.46446173178522965f,0f,1.2342590039107697f,-5.68801573157218e-17f,1.0845388665399372e-16f,-1f,-1.6715f,0f,0f,0f,1f],start_interpolation:0}
execute if entity @s[tag=aj.assembler.bone.small_arm_base3] run data modify entity @s {} merge value {transformation:[-0.7181262977631887f,0.6959127965923145f,1.2246467991473532e-16f,-0.7633973503138174f,0.6959127965923145f,0.7181262977631887f,0f,1.2459054069778839f,-8.794510719392283e-17f,8.522473788324611e-17f,-1f,-1.57775f,0f,0f,0f,1f],start_interpolation:0}
execute if entity @s[tag=aj.assembler.bone.bone15] run data modify entity @s {} merge value {transformation:[-0.36812455268467814f,-0.9297764858882513f,1.2246467991473532e-16f,2.6414183864572156e-16f,-0.9297764858882513f,0.36812455268467814f,0f,0.5000000000000001f,-4.508225551328422e-17f,-1.1386477973655213e-16f,-1f,-2.01525f,0f,0f,0f,1f],start_interpolation:0}
execute if entity @s[tag=aj.assembler.bone.bone26] run data modify entity @s {} merge value {transformation:[-0.050592940076713f,0.9987193571841864f,1.2246467991473532e-16f,0.4232604789498867f,0.9987193571841864f,0.050592940076713f,0f,0.17972378550899987f,-6.195848212440045e-18f,1.2230784640221158e-16f,-1f,-1.6715f,0f,0f,0f,1f],start_interpolation:0}
execute if entity @s[tag=aj.assembler.bone.arm5] run data modify entity @s {} merge value {transformation:[0.6211477802783106f,-0.7836934573258397f,1.2246467991473532e-16f,0.7513791946515015f,-0.7836934573258397f,-0.6211477802783106f,0f,-0.23425900391076904f,7.606866409153164e-17f,-9.597476840268123e-17f,-1f,-1.6715f,0f,0f,0f,1f],start_interpolation:0}
execute if entity @s[tag=aj.assembler.bone.small_arm_base5] run data modify entity @s {} merge value {transformation:[0.7181262977631891f,-0.6959127965923142f,1.2246467991473532e-16f,0.7633973503138183f,-0.6959127965923142f,-0.7181262977631891f,0f,-0.24590540697788332f,8.794510719392284e-17f,-8.522473788324606e-17f,-1f,-1.57775f,0f,0f,0f,1f],start_interpolation:0}
execute if entity @s[tag=aj.assembler.bone.bone20] run data modify entity @s {} merge value {transformation:[0.3681245526846777f,0.9297764858882516f,1.2246467991473532e-16f,2.6414183864572156e-16f,0.9297764858882516f,-0.3681245526846777f,0f,0.5000000000000001f,4.508225551328417e-17f,1.1386477973655213e-16f,-1f,-2.01525f,0f,0f,0f,1f],start_interpolation:0}
execute if entity @s[tag=aj.assembler.bone.bone11] run data modify entity @s {} merge value {transformation:[-0.9096919830165857f,0.41528363323799833f,1.2246467991473532e-16f,-0.23463136796222944f,0.41528363323799833f,0.9096919830165857f,0f,-0.07986865000213178f,-1.11405137521127e-16f,5.085757721831982e-17f,-1f,-1.6715f,0f,0f,0f,1f],start_interpolation:0}
execute if entity @s[tag=aj.assembler.bone.arm2] run data modify entity @s {} merge value {transformation:[0.9458241245749459f,0.3246794193847793f,1.2246467991473532e-16f,-0.7342590039107691f,0.3246794193847793f,-0.9458241245749459f,0f,-0.25137919465150094f,1.158300486717055e-16f,3.976176116985909e-17f,-1f,-1.6715f,0f,0f,0f,1f],start_interpolation:0}
execute if entity @s[tag=aj.assembler.bone.small_arm_base2] run data modify entity @s {} merge value {transformation:[0.6959127965923144f,0.7181262977631889f,1.2246467991473532e-16f,-0.7459054069778834f,0.7181262977631889f,-0.6959127965923144f,0f,-0.2633973503138177f,8.522473788324609e-17f,8.794510719392283e-17f,-1f,-1.57775f,0f,0f,0f,1f],start_interpolation:0}
execute if entity @s[tag=aj.assembler.bone.bone2] run data modify entity @s {} merge value {transformation:[-0.9297764858882515f,0.3681245526846779f,1.2246467991473532e-16f,2.6414183864572156e-16f,0.3681245526846779f,0.9297764858882515f,0f,0.5000000000000001f,-1.1386477973655213e-16f,4.50822555132842e-17f,-1f,-2.01525f,0f,0f,0f,1f],start_interpolation:0}
execute if entity @s[tag=aj.assembler.bone.ring] run data modify entity @s {} merge value {transformation:[-1.6728995873853028f,0.6623478025519923f,2.2034447591230768e-16f,2.220446049250313e-16f,0.6623478025519923f,1.6728995873853028f,0f,0.5000000000000001f,-2.0487111249863388e-16f,8.111421163175805e-17f,-1.7992491881391441f,-1.6715f,0f,0f,0f,1f],start_interpolation:0}
execute if entity @s[tag=aj.assembler.bone.wheel] run data modify entity @s {} merge value {transformation:[-1f,-7.198293278059965e-17f,-9.90760072617092e-17f,1.0625000000000002f,0f,-0.8090169943749477f,0.587785252292473f,-0.6249999999999999f,-1.2246467991473532e-16f,0.587785252292473f,0.8090169943749477f,-1.7964999999999998f,0f,0f,0f,1f],start_interpolation:0}
execute if entity @s[tag=aj.assembler.bone.wheel2] run data modify entity @s {} merge value {transformation:[-1f,-7.198293278059965e-17f,-9.90760072617092e-17f,1.0625000000000002f,0f,-0.8090169943749477f,0.587785252292473f,-0.6249999999999999f,-1.2246467991473532e-16f,0.587785252292473f,0.8090169943749477f,-1.5464999999999998f,0f,0f,0f,1f],start_interpolation:0}
execute if entity @s[tag=aj.assembler.bone.rails] run data modify entity @s {} merge value {transformation:[-1.137300743709099f,0f,1.3927917154512523e-16f,-0.43749999999999983f,0f,1.137300743709099f,0f,-0.9999999999999999f,-1.3927917154512523e-16f,0f,-1.137300743709099f,-1.234f,0f,0f,0f,1f],start_interpolation:0}
execute if entity @s[tag=aj.assembler.bone.wheel3] run data modify entity @s {} merge value {transformation:[-1f,-7.198293278059965e-17f,-9.90760072617092e-17f,-1.0625f,0f,-0.8090169943749477f,0.587785252292473f,-0.6249999999999999f,-1.2246467991473532e-16f,0.587785252292473f,0.8090169943749477f,-1.5465000000000002f,0f,0f,0f,1f],start_interpolation:0}
execute if entity @s[tag=aj.assembler.bone.wheel4] run data modify entity @s {} merge value {transformation:[-1f,-7.198293278059965e-17f,-9.90760072617092e-17f,-1.0625f,0f,-0.8090169943749477f,0.587785252292473f,-0.6249999999999999f,-1.2246467991473532e-16f,0.587785252292473f,0.8090169943749477f,-1.7965000000000002f,0f,0f,0f,1f],start_interpolation:0}
execute if entity @s[tag=aj.assembler.bone.rails2] run data modify entity @s {} merge value {transformation:[-1.2038220325092979f,0f,1.4742567988555726e-16f,0.4375000000000001f,0f,1.2038220325092979f,0f,-0.9999999999999999f,-1.4742567988555726e-16f,0f,-1.2038220325092979f,-1.234f,0f,0f,0f,1f],start_interpolation:0}
execute if entity @s[tag=aj.assembler.bone.bone6] run data modify entity @s {} merge value {transformation:[0.9591370758936111f,0.019277406589394572f,-0.28228434466232843f,0.8144343507279228f,0f,0.9976763119191954f,0.06813205292160363f,0.18228065635724422f,0.2829418131811788f,-0.06534797801385567f,0.9569083405024996f,0.31180834603110624f,0f,0f,0f,1f],start_interpolation:0}
execute if entity @s[tag=aj.assembler.bone.bone5] run data modify entity @s {} merge value {transformation:[0.9591370758936111f,-0.14516390686654684f,-0.2428652090965142f,0.7818434493572167f,0f,0.8583574352829855f,-0.5130521545558652f,0.1174110727401268f,0.2829418131811788f,0.4920873433016296f,0.8232824405488623f,0.42228739290644246f,0f,0f,0f,1f],start_interpolation:0}
execute if entity @s[tag=aj.assembler.bone.bone4] run data modify entity @s {} merge value {transformation:[0.9591370758936111f,-0.14516390686654684f,-0.2428652090965142f,0.8916325738181465f,0f,0.8583574352829855f,-0.5130521545558652f,-0.042257522437129436f,0.2829418131811788f,0.4920873433016296f,0.8232824405488623f,-0.6125643192117763f,0f,0f,0f,1f],start_interpolation:0}
execute if entity @s[tag=aj.assembler.bone.bone3] run data modify entity @s {} merge value {transformation:[0.9591370758936111f,0.11400329408208423f,-0.25895814060323896f,0.811718103054501f,0f,0.9152346119921763f,0.40292133849118805f,-0.234375f,0.2829418131811788f,-0.386456794415578f,0.8778354495027997f,-0.12077086441856102f,0f,0f,0f,1f],start_interpolation:0}
execute if entity @s[tag=aj.assembler.bone.octagon] run data modify entity @s {} merge value {transformation:[0.9591370758936111f,0f,-0.2829418131811788f,0.859375f,0f,1f,0f,-0.40625f,0.2829418131811788f,0f,0.9591370758936111f,-0.1718749999999999f,0f,0f,0f,1f],start_interpolation:0}
execute if entity @s[tag=aj.assembler.bone.bone10] run data modify entity @s {} merge value {transformation:[0.12293638178262335f,0.75639669223834f,0.6424567611949425f,-0.40735768971081054f,0f,0.6473673314418333f,-0.7621781538340491f,0.6253156367163664f,-0.9924145535179325f,0.09369942450611769f,0.07958499741173129f,-0.021414315903061153f,0f,0f,0f,1f],start_interpolation:0}
execute if entity @s[tag=aj.assembler.bone.bone9] run data modify entity @s {} merge value {transformation:[0.12293638178262335f,0.21368794197047886f,0.9691357539017011f,-0.278554570576969f,0f,0.9765432706184001f,-0.21532124978719147f,0.6001954411886933f,-0.9924145535179325f,0.02647081536974978f,0.1200526963439953f,-0.005458695973365568f,0f,0f,0f,1f],start_interpolation:0}
execute if entity @s[tag=aj.assembler.bone.bone8] run data modify entity @s {} merge value {transformation:[0.12293638178262335f,0.21368794197047886f,0.9691357539017011f,-0.9394980135473214f,0f,0.9765432706184001f,-0.21532124978719147f,0.2728447228003513f,-0.9924145535179325f,0.02647081536974978f,0.1200526963439953f,-0.27626689249672354f,0f,0f,0f,1f],start_interpolation:0}
execute if entity @s[tag=aj.assembler.bone.bone7] run data modify entity @s {} merge value {transformation:[0.12293638178262335f,0.46626403440544917f,0.8760619248969513f,-0.7935073284744221f,0f,0.882758038756554f,-0.4698278887110496f,-0.234375f,-0.9924145535179325f,0.05775894069870547f,0.10852307927425554f,-0.19520443093602144f,0f,0f,0f,1f],start_interpolation:0}
execute if entity @s[tag=aj.assembler.bone.octagon2] run data modify entity @s {} merge value {transformation:[0.12293638178262335f,0f,0.9924145535179325f,-0.8593749999999999f,0f,1f,0f,-0.40625f,-0.9924145535179325f,0f,0.12293638178262335f,-0.171875f,0f,0f,0f,1f],start_interpolation:0}