execute if entity @s[tag=aj.assembler.bone.bone21] run data modify entity @s {} merge value {transformation:[0.5775932079779489f,0.8163247430390325f,1.2246467991473532e-16f,0.516519149226079f,0.8163247430390325f,-0.5775932079779489f,0f,0.15003243686451148f,7.073476733594466e-17f,9.997094836275367e-17f,-1f,-1.1535000000000002f,0f,0f,0f,1f],start_interpolation:0}
execute if entity @s[tag=aj.assembler.bone.arm4] run data modify entity @s {} merge value {transformation:[0.967971579261549f,0.2510597971438344f,1.2246467991473532e-16f,1.027846085435455f,0.2510597971438344f,-0.967971579261549f,0f,0.28265372413085726f,1.1854232962082644e-16f,3.0745957696678056e-17f,-1f,-1.1535000000000002f,0f,0f,0f,1f],start_interpolation:0}
execute if entity @s[tag=aj.assembler.bone.small_arm_base4] run data modify entity @s {} merge value {transformation:[0.979222810621766f,-0.2027872953565129f,1.2246467991473532e-16f,1.0442338047026645f,-0.2027872953565129f,-0.979222810621766f,0f,0.2792599906197382f,1.1992020806800203e-16f,-2.4834281216610243e-17f,-1f,-1.0597500000000002f,0f,0f,0f,1f],start_interpolation:0}
execute if entity @s[tag=aj.assembler.bone.bone25] run data modify entity @s {} merge value {transformation:[-0.18738131458572427f,0.9822872507286888f,1.2246467991473532e-16f,1.531195361832059e-16f,0.9822872507286888f,0.18738131458572427f,0f,0.5000000000000001f,-2.2947592712743048e-17f,1.2029549374481423e-16f,-1f,-1.4972500000000002f,0f,0f,0f,1f],start_interpolation:0}
execute if entity @s[tag=aj.assembler.bone.bone16] run data modify entity @s {} merge value {transformation:[-0.741429812275638f,0.671030426634227f,1.2246467991473532e-16f,0.44030533264281246f,0.671030426634227f,0.741429812275638f,0f,1.0489589374224328f,-9.07989646395783e-17f,8.217752641080889e-17f,-1f,-1.1535000000000002f,0f,0f,0f,1f],start_interpolation:0}
execute if entity @s[tag=aj.assembler.bone.arm3] run data modify entity @s {} merge value {transformation:[-0.4220744400750711f,0.9065611766644961f,1.2246467991473532e-16f,0.2173462758691432f,0.9065611766644961f,0.4220744400750711f,0f,1.5278460854354545f,-5.168921120398471e-17f,1.1102172432334334e-16f,-1f,-1.1535000000000002f,0f,0f,0f,1f],start_interpolation:0}
execute if entity @s[tag=aj.assembler.bone.small_arm_base3] run data modify entity @s {} merge value {transformation:[0.2027872953565131f,0.9792228106217659f,1.2246467991473532e-16f,0.22074000938026223f,0.9792228106217659f,-0.2027872953565131f,0f,1.5442338047026642f,2.483428121661027e-17f,1.1992020806800203e-16f,-1f,-1.0597500000000002f,0f,0f,0f,1f],start_interpolation:0}
execute if entity @s[tag=aj.assembler.bone.bone15] run data modify entity @s {} merge value {transformation:[-0.9822872507286888f,-0.18738131458572405f,1.2246467991473532e-16f,1.531195361832059e-16f,-0.18738131458572405f,0.9822872507286888f,0f,0.5000000000000001f,-1.2029549374481423e-16f,-2.294759271274302e-17f,-1f,-1.4972500000000002f,0f,0f,0f,1f],start_interpolation:0}
execute if entity @s[tag=aj.assembler.bone.bone26] run data modify entity @s {} merge value {transformation:[0.5851754344216141f,0.8109067214849529f,1.2246467991473532e-16f,-0.22826721180641346f,0.8109067214849529f,-0.5851754344216141f,0f,0.00028682841076999033f,7.166332227040918e-17f,9.93074320873622e-17f,-1f,-1.1535000000000002f,0f,0f,0f,1f],start_interpolation:0}
execute if entity @s[tag=aj.assembler.bone.arm5] run data modify entity @s {} merge value {transformation:[0.0206739658281678f,-0.9997862707283672f,1.2246467991473532e-16f,-0.2173462758691425f,-0.9997862707283672f,-0.0206739658281678f,0f,-0.5278460854354547f,2.531830607714746e-18f,-1.2243850562789642e-16f,-1f,-1.1535000000000002f,0f,0f,0f,1f],start_interpolation:0}
execute if entity @s[tag=aj.assembler.bone.small_arm_base5] run data modify entity @s {} merge value {transformation:[-0.2027872953565127f,-0.979222810621766f,1.2246467991473532e-16f,-0.22074000938026156f,-0.979222810621766f,0.2027872953565127f,0f,-0.5442338047026644f,-2.4834281216610218e-17f,-1.1992020806800206e-16f,-1f,-1.0597500000000002f,0f,0f,0f,1f],start_interpolation:0}
execute if entity @s[tag=aj.assembler.bone.bone20] run data modify entity @s {} merge value {transformation:[0.9822872507286888f,0.1873813145857245f,1.2246467991473532e-16f,1.531195361832059e-16f,0.1873813145857245f,-0.9822872507286888f,0f,0.5000000000000001f,1.2029549374481423e-16f,2.2947592712743076e-17f,-1f,-1.4972500000000002f,0f,0f,0f,1f],start_interpolation:0}
execute if entity @s[tag=aj.assembler.bone.bone11] run data modify entity @s {} merge value {transformation:[0.9810743580122409f,0.193631361227643f,1.2246467991473532e-16f,-0.5145421109864503f,0.193631361227643f,-0.9810743580122409f,0f,0.8420967121181042f,1.201469572265235e-16f,2.3713002674197784e-17f,-1f,-1.1535000000000002f,0f,0f,0f,1f],start_interpolation:0}
execute if entity @s[tag=aj.assembler.bone.arm2] run data modify entity @s {} merge value {transformation:[0.9717142274413225f,0.23615981916514553f,1.2246467991473532e-16f,-1.0278460854354543f,0.23615981916514553f,-0.9717142274413225f,0f,0.717346275869143f,1.1900067183219585e-16f,2.8921236662781313e-17f,-1f,-1.1535000000000002f,0f,0f,0f,1f],start_interpolation:0}
execute if entity @s[tag=aj.assembler.bone.small_arm_base2] run data modify entity @s {} merge value {transformation:[0.979222810621766f,-0.2027872953565129f,1.2246467991473532e-16f,-1.044233804702664f,-0.2027872953565129f,-0.979222810621766f,0f,0.7207400093802621f,1.1992020806800203e-16f,-2.4834281216610243e-17f,-1f,-1.0597500000000002f,0f,0f,0f,1f],start_interpolation:0}
execute if entity @s[tag=aj.assembler.bone.bone2] run data modify entity @s {} merge value {transformation:[-0.18738131458572427f,0.9822872507286888f,1.2246467991473532e-16f,1.531195361832059e-16f,0.9822872507286888f,0.18738131458572427f,0f,0.5000000000000001f,-2.2947592712743048e-17f,1.2029549374481423e-16f,-1f,-1.4972500000000002f,0f,0f,0f,1f],start_interpolation:0}
execute if entity @s[tag=aj.assembler.bone.ring] run data modify entity @s {} merge value {transformation:[-0.33714567814081f,1.7673795383930253f,2.2034447591230768e-16f,1.1102230246251565e-16f,1.7673795383930253f,0.33714567814081f,0f,0.5000000000000001f,-4.128843755815067e-17f,2.164415694571545e-16f,-1.7992491881391441f,-1.1535000000000002f,0f,0f,0f,1f],start_interpolation:0}
execute if entity @s[tag=aj.assembler.bone.wheel] run data modify entity @s {} merge value {transformation:[-1f,1.1647083184890928e-16f,3.784366730434141e-17f,1.0625f,0f,0.3090169943749467f,-0.9510565162951539f,-0.6249999999999999f,-1.2246467991473532e-16f,-0.9510565162951539f,-0.3090169943749467f,-1.2785f,0f,0f,0f,1f],start_interpolation:0}
execute if entity @s[tag=aj.assembler.bone.wheel2] run data modify entity @s {} merge value {transformation:[-1f,1.1647083184890928e-16f,3.784366730434141e-17f,1.0625f,0f,0.3090169943749467f,-0.9510565162951539f,-0.6249999999999999f,-1.2246467991473532e-16f,-0.9510565162951539f,-0.3090169943749467f,-1.0285f,0f,0f,0f,1f],start_interpolation:0}
execute if entity @s[tag=aj.assembler.bone.rails] run data modify entity @s {} merge value {transformation:[-1.137300743709099f,0f,1.3927917154512523e-16f,-0.43749999999999994f,0f,1.137300743709099f,0f,-0.9999999999999999f,-1.3927917154512523e-16f,0f,-1.137300743709099f,-0.7160000000000002f,0f,0f,0f,1f],start_interpolation:0}
execute if entity @s[tag=aj.assembler.bone.wheel3] run data modify entity @s {} merge value {transformation:[-1f,1.1647083184890928e-16f,3.784366730434141e-17f,-1.0625f,0f,0.3090169943749467f,-0.9510565162951539f,-0.6249999999999999f,-1.2246467991473532e-16f,-0.9510565162951539f,-0.3090169943749467f,-1.0285000000000002f,0f,0f,0f,1f],start_interpolation:0}
execute if entity @s[tag=aj.assembler.bone.wheel4] run data modify entity @s {} merge value {transformation:[-1f,1.1647083184890928e-16f,3.784366730434141e-17f,-1.0625f,0f,0.3090169943749467f,-0.9510565162951539f,-0.6249999999999999f,-1.2246467991473532e-16f,-0.9510565162951539f,-0.3090169943749467f,-1.2785000000000002f,0f,0f,0f,1f],start_interpolation:0}
execute if entity @s[tag=aj.assembler.bone.rails2] run data modify entity @s {} merge value {transformation:[-1.2038220325092979f,0f,1.4742567988555726e-16f,0.4375f,0f,1.2038220325092979f,0f,-0.9999999999999999f,-1.4742567988555726e-16f,0f,-1.2038220325092979f,-0.7160000000000001f,0f,0f,0f,1f],start_interpolation:0}
execute if entity @s[tag=aj.assembler.bone.bone6] run data modify entity @s {} merge value {transformation:[-0.8435281189120072f,0.2705802487806608f,-0.4639468089927621f,0.4574358174011264f,0f,0.8638237832460234f,0.503794076482175f,0.6463644252442667f,0.537085014317818f,0.4249644696540209f,-0.7286596509529712f,-0.6285941339833288f,0f,0f,0f,1f],start_interpolation:0}
execute if entity @s[tag=aj.assembler.bone.bone5] run data modify entity @s {} merge value {transformation:[-0.8435281189120072f,-0.11603461869354992f,-0.5244008770677383f,0.38773885508268213f,0f,0.976383371511137f,-0.21604516156707898f,0.621148017162034f,0.537085014317818f,-0.18224016873671878f,-0.8236068287077527f,-0.7380578984732625f,0f,0f,0f,1f],start_interpolation:0}
execute if entity @s[tag=aj.assembler.bone.bone4] run data modify entity @s {} merge value {transformation:[-0.8435281189120072f,-0.11603461869354992f,-0.5244008770677383f,0.915101701363912f,0f,0.976383371511137f,-0.21604516156707898f,0.29561401229366746f,0.537085014317818f,-0.18224016873671878f,-0.8236068287077527f,-0.2589058408896846f,0f,0f,0f,1f],start_interpolation:0}
execute if entity @s[tag=aj.assembler.bone.bone3] run data modify entity @s {} merge value {transformation:[-0.8435281189120072f,-0.3659138701936741f,-0.3931505464890742f,0.8521674403211366f,0f,0.7320080359874441f,-0.6812959967956693f,-0.234375f,0.537085014317818f,-0.5746923305993318f,-0.6174693616249616f,-0.24137941412943215f,0f,0f,0f,1f],start_interpolation:0}
execute if entity @s[tag=aj.assembler.bone.octagon] run data modify entity @s {} merge value {transformation:[-0.8435281189120072f,0f,-0.537085014317818f,0.859375f,0f,1f,0f,-0.40625f,0.537085014317818f,0f,-0.8435281189120072f,-0.1718749999999999f,0f,0f,0f,1f],start_interpolation:0}
execute if entity @s[tag=aj.assembler.bone.bone10] run data modify entity @s {} merge value {transformation:[-0.9970458961014975f,0.0505391201900365f,-0.05783838169916956f,-0.8076028425618902f,0f,0.7530247093971294f,0.6579922393443323f,0.6962100991200973f,0.07680807943935186f,0.6560484619049008f,-0.7508001961674305f,-0.7203951973742729f,0f,0f,0f,1f],start_interpolation:0}
execute if entity @s[tag=aj.assembler.bone.bone9] run data modify entity @s {} merge value {transformation:[-0.9970458961014975f,-0.010053216774726807f,-0.07614731708761734f,-0.8177002055712659f,0f,0.9913972285655669f,-0.13088749058834226f,0.6822987325043064f,0.07680807943935186f,-0.13050083534213003f,-0.9884685381476968f,-0.8514690951130446f,0f,0f,0f,1f],start_interpolation:0}
execute if entity @s[tag=aj.assembler.bone.bone8] run data modify entity @s {} merge value {transformation:[-0.9970458961014975f,-0.010053216774726807f,-0.07614731708761734f,-0.9536884252300111f,0f,0.9913972285655669f,-0.13088749058834226f,0.2934428568635772f,0.07680807943935186f,-0.13050083534213003f,-0.9884685381476968f,-0.17558311996520448f,0f,0f,0f,1f],start_interpolation:0}
execute if entity @s[tag=aj.assembler.bone.bone7] run data modify entity @s {} merge value {transformation:[-0.9970458961014975f,-0.0487740578466965f,-0.05933441116526641f,-0.8953331892181312f,0f,0.772502210683672f,-0.6350120742858673f,-0.234375f,0.07680807943935186f,-0.6331361826416232f,-0.7702201588914895f,-0.23179011602386385f,0f,0f,0f,1f],start_interpolation:0}
execute if entity @s[tag=aj.assembler.bone.octagon2] run data modify entity @s {} merge value {transformation:[-0.9970458961014975f,0f,-0.07680807943935186f,-0.8593749999999999f,0f,1f,0f,-0.40625f,0.07680807943935186f,0f,-0.9970458961014975f,-0.171875f,0f,0f,0f,1f],start_interpolation:0}