execute if entity @s[tag=aj.assembler.bone.bone21] run data modify entity @s {} merge value {transformation:[-0.9935487327308545f,-0.11340597730681179f,1.2246467991473532e-16f,0.5880698167146149f,-0.11340597730681179f,0.9935487327308545f,0f,1.1515381028036158f,-1.2167462753357502e-16f,-1.388822671129646e-17f,-1f,-1.315812500000001f,0f,0f,0f,1f],start_interpolation:0}
execute if entity @s[tag=aj.assembler.bone.arm4] run data modify entity @s {} merge value {transformation:[-0.7018011880263739f,0.7123728605756751f,1.2246467991473532e-16f,0.2173462758691417f,0.7123728605756751f,0.7018011880263739f,0f,1.527846085435455f,-8.594585785543089e-17f,8.724051435034443e-17f,-1f,-1.315812500000001f,0f,0f,0f,1f],start_interpolation:0}
execute if entity @s[tag=aj.assembler.bone.small_arm_base4] run data modify entity @s {} merge value {transformation:[0.20278729535651158f,0.9792228106217661f,1.2246467991473532e-16f,0.2207400093802607f,0.9792228106217661f,-0.20278729535651158f,0f,1.5442338047026647f,2.4834281216610082e-17f,1.1992020806800208e-16f,-1f,-1.222062500000001f,0f,0f,0f,1f],start_interpolation:0}
execute if entity @s[tag=aj.assembler.bone.bone25] run data modify entity @s {} merge value {transformation:[-0.9822872507286885f,-0.18738131458572557f,1.2246467991473532e-16f,2.6414183864572156e-16f,-0.18738131458572557f,0.9822872507286885f,0f,0.5000000000000001f,-1.202954937448142e-16f,-2.2947592712743208e-17f,-1f,-1.659562500000001f,0f,0f,0f,1f],start_interpolation:0}
execute if entity @s[tag=aj.assembler.bone.bone16] run data modify entity @s {} merge value {transformation:[-0.9071909282524409f,-0.42071916963275485f,1.2246467991473532e-16f,-0.6701534778281479f,-0.42071916963275485f,0.9071909282524409f,0f,1.1060616473075957f,-1.1109884664998678e-16f,-5.1523238443068556e-17f,-1f,-1.3158125000000012f,0f,0f,0f,1f],start_interpolation:0}
execute if entity @s[tag=aj.assembler.bone.arm3] run data modify entity @s {} merge value {transformation:[-0.6771328747954922f,-0.7358607679929623f,1.2246467991473532e-16f,-1.0278460854354545f,-0.7358607679929623f,0.6771328747954922f,0f,0.7173462758691418f,-8.29248607715745e-17f,-9.011695341406943e-17f,-1f,-1.3158125000000012f,0f,0f,0f,1f],start_interpolation:0}
execute if entity @s[tag=aj.assembler.bone.small_arm_base3] run data modify entity @s {} merge value {transformation:[-0.979222810621766f,0.2027872953565118f,1.2246467991473532e-16f,-1.0442338047026642f,0.2027872953565118f,0.979222810621766f,0f,0.7207400093802608f,-1.1992020806800206e-16f,2.483428121661011e-17f,-1f,-1.2220625000000012f,0f,0f,0f,1f],start_interpolation:0}
execute if entity @s[tag=aj.assembler.bone.bone15] run data modify entity @s {} merge value {transformation:[0.18738131458572535f,-0.9822872507286885f,1.2246467991473532e-16f,2.6414183864572156e-16f,-0.9822872507286885f,-0.18738131458572535f,0f,0.5000000000000001f,2.294759271274318e-17f,-1.202954937448142e-16f,-1f,-1.659562500000001f,0f,0f,0f,1f],start_interpolation:0}
execute if entity @s[tag=aj.assembler.bone.bone26] run data modify entity @s {} merge value {transformation:[-0.7492710423351908f,0.6622634710732102f,1.2246467991473532e-16f,0.5142545006481284f,0.6622634710732102f,0.7492710423351908f,0f,0.15909270452883423f,-9.175923836895924e-17f,8.110388400420226e-17f,-1f,-1.3158125000000007f,0f,0f,0f,1f],start_interpolation:0}
execute if entity @s[tag=aj.assembler.bone.arm5] run data modify entity @s {} merge value {transformation:[0.9722586905111974f,0.23390818439176497f,1.2246467991473532e-16f,1.0278460854354552f,0.23390818439176497f,-0.9722586905111974f,0f,0.2826537241308588f,1.190673493277735e-16f,2.864549093097439e-17f,-1f,-1.3158125000000007f,0f,0f,0f,1f],start_interpolation:0}
execute if entity @s[tag=aj.assembler.bone.small_arm_base5] run data modify entity @s {} merge value {transformation:[0.9792228106217662f,-0.20278729535651138f,1.2246467991473532e-16f,1.044233804702665f,-0.20278729535651138f,-0.9792228106217662f,0f,0.27925999061973983f,1.1992020806800208e-16f,-2.4834281216610058e-17f,-1f,-1.2220625000000007f,0f,0f,0f,1f],start_interpolation:0}
execute if entity @s[tag=aj.assembler.bone.bone20] run data modify entity @s {} merge value {transformation:[-0.1873813145857258f,0.9822872507286885f,1.2246467991473532e-16f,2.6414183864572156e-16f,0.9822872507286885f,0.1873813145857258f,0f,0.5000000000000001f,-2.2947592712743236e-17f,1.202954937448142e-16f,-1f,-1.659562500000001f,0f,0f,0f,1f],start_interpolation:0}
execute if entity @s[tag=aj.assembler.bone.bone11] run data modify entity @s {} merge value {transformation:[-0.37898016959246417f,0.925404793080124f,1.2246467991473532e-16f,-0.4742509054780766f,0.925404793080124f,0.37898016959246417f,0f,-0.06627956496961168f,-4.641168516317325e-17f,1.1332940177611929e-16f,-1f,-1.315812500000001f,0f,0f,0f,1f],start_interpolation:0}
execute if entity @s[tag=aj.assembler.bone.arm2] run data modify entity @s {} merge value {transformation:[-0.48633538042348995f,0.8737722230354656f,1.2246467991473532e-16f,-0.21734627586914124f,0.8737722230354656f,0.48633538042348995f,0f,-0.5278460854354547f,-5.955890669477374e-17f,1.0700623561242504e-16f,-1f,-1.315812500000001f,0f,0f,0f,1f],start_interpolation:0}
execute if entity @s[tag=aj.assembler.bone.small_arm_base2] run data modify entity @s {} merge value {transformation:[0.20278729535651158f,0.9792228106217661f,1.2246467991473532e-16f,-0.22074000938026025f,0.9792228106217661f,-0.20278729535651158f,0f,-0.5442338047026644f,2.4834281216610082e-17f,1.1992020806800208e-16f,-1f,-1.222062500000001f,0f,0f,0f,1f],start_interpolation:0}
execute if entity @s[tag=aj.assembler.bone.bone2] run data modify entity @s {} merge value {transformation:[-0.9822872507286885f,-0.18738131458572557f,1.2246467991473532e-16f,2.6414183864572156e-16f,-0.18738131458572557f,0.9822872507286885f,0f,0.5000000000000001f,-1.202954937448142e-16f,-2.2947592712743208e-17f,-1f,-1.659562500000001f,0f,0f,0f,1f],start_interpolation:0}
execute if entity @s[tag=aj.assembler.bone.ring] run data modify entity @s {} merge value {transformation:[-1.7673795383930246f,-0.3371456781408123f,2.2034447591230768e-16f,2.220446049250313e-16f,-0.3371456781408123f,1.7673795383930246f,0f,0.5000000000000001f,-2.1644156945715445e-16f,-4.128843755815096e-17f,-1.7992491881391441f,-1.315812500000001f,0f,0f,0f,1f],start_interpolation:0}
execute if entity @s[tag=aj.assembler.bone.wheel] run data modify entity @s {} merge value {transformation:[-1f,1.1647083184890906e-16f,-3.784366730434199e-17f,1.0625000000000002f,0f,-0.30901699437495145f,-0.9510565162951522f,-0.6249999999999999f,-1.2246467991473532e-16f,-0.9510565162951522f,0.30901699437495145f,-1.4408125000000007f,0f,0f,0f,1f],start_interpolation:0}
execute if entity @s[tag=aj.assembler.bone.wheel2] run data modify entity @s {} merge value {transformation:[-1f,1.1647083184890906e-16f,-3.784366730434199e-17f,1.0625000000000002f,0f,-0.30901699437495145f,-0.9510565162951522f,-0.6249999999999999f,-1.2246467991473532e-16f,-0.9510565162951522f,0.30901699437495145f,-1.1908125000000007f,0f,0f,0f,1f],start_interpolation:0}
execute if entity @s[tag=aj.assembler.bone.rails] run data modify entity @s {} merge value {transformation:[-1.137300743709099f,0f,1.3927917154512523e-16f,-0.43749999999999983f,0f,1.137300743709099f,0f,-0.9999999999999999f,-1.3927917154512523e-16f,0f,-1.137300743709099f,-0.8783125000000009f,0f,0f,0f,1f],start_interpolation:0}
execute if entity @s[tag=aj.assembler.bone.wheel3] run data modify entity @s {} merge value {transformation:[-1f,1.1647083184890906e-16f,-3.784366730434199e-17f,-1.0625f,0f,-0.30901699437495145f,-0.9510565162951522f,-0.6249999999999999f,-1.2246467991473532e-16f,-0.9510565162951522f,0.30901699437495145f,-1.190812500000001f,0f,0f,0f,1f],start_interpolation:0}
execute if entity @s[tag=aj.assembler.bone.wheel4] run data modify entity @s {} merge value {transformation:[-1f,1.1647083184890906e-16f,-3.784366730434199e-17f,-1.0625f,0f,-0.30901699437495145f,-0.9510565162951522f,-0.6249999999999999f,-1.2246467991473532e-16f,-0.9510565162951522f,0.30901699437495145f,-1.4408125000000012f,0f,0f,0f,1f],start_interpolation:0}
execute if entity @s[tag=aj.assembler.bone.rails2] run data modify entity @s {} merge value {transformation:[-1.2038220325092979f,0f,1.4742567988555726e-16f,0.4375000000000001f,0f,1.2038220325092979f,0f,-0.9999999999999999f,-1.4742567988555726e-16f,0f,-1.2038220325092979f,-0.8783125000000008f,0f,0f,0f,1f],start_interpolation:0}
execute if entity @s[tag=aj.assembler.bone.bone6] run data modify entity @s {} merge value {transformation:[-0.7500817888240673f,0.012975661405241395f,-0.6612177722094166f,0.22950201336689402f,0f,0.9998075071667173f,0.019620107366541018f,0.6659250098188989f,0.6613450763969498f,0.014716685230415416f,-0.7499374034553429f,-0.7445053408939457f,0f,0f,0f,1f],start_interpolation:0}
execute if entity @s[tag=aj.assembler.bone.bone5] run data modify entity @s {} merge value {transformation:[-0.7500817888240673f,-0.24964925467847268f,-0.6124153490181076f,0.14771744681934995f,0f,0.926014830796935f,-0.37748712977282256f,0.6192016886658724f,0.6613450763969498f,-0.2831462215580616f,-0.6945868607617811f,-0.837263442773822f,0f,0f,0f,1f],start_interpolation:0}
execute if entity @s[tag=aj.assembler.bone.bone4] run data modify entity @s {} merge value {transformation:[-0.7500817888240673f,-0.24964925467847268f,-0.6124153490181076f,1.012292805570291f,0f,0.926014830796935f,-0.37748712977282256f,0.26174364720480137f,0.6613450763969498f,-0.2831462215580616f,-0.6945868607617811f,-0.14019583296158103f,0f,0f,0f,1f],start_interpolation:0}
execute if entity @s[tag=aj.assembler.bone.bone3] run data modify entity @s {} merge value {transformation:[-0.7500817888240673f,-0.27223189265968883f,-0.6027164397072732f,0.8414809886259428f,0f,0.9113494017236974f,-0.4116336574891062f,-0.234375f,0.6613450763969498f,-0.3087589101496222f,-0.6835865894886545f,-0.23942214543890877f,0f,0f,0f,1f],start_interpolation:0}
execute if entity @s[tag=aj.assembler.bone.octagon] run data modify entity @s {} merge value {transformation:[-0.7500817888240673f,0f,-0.6613450763969498f,0.859375f,0f,1f,0f,-0.40625f,0.6613450763969498f,0f,-0.7500817888240673f,-0.1718749999999999f,0f,0f,0f,1f],start_interpolation:0}
execute if entity @s[tag=aj.assembler.bone.bone10] run data modify entity @s {} merge value {transformation:[-0.9431990025501557f,0.06961165470662031f,0.3248535964359913f,-0.5089051196671469f,0f,0.9778023093923804f,-0.2095295772604136f,0.0215201172674227f,-0.3322282973926086f,-0.1976280882767779f,-0.922262162910132f,-0.8846765386177875f,0f,0f,0f,1f],start_interpolation:0}
execute if entity @s[tag=aj.assembler.bone.bone9] run data modify entity @s {} merge value {transformation:[-0.9431990025501557f,0.30166373746666886f,0.1391927838863506f,-0.4894802921606223f,0f,0.41896727334414996f,-0.9080013347273055f,-0.09704339358592406f,-0.3322282973926086f,-0.8564259532290046f,-0.39516951431936076f,-0.9398237914937568f,0f,0f,0f,1f],start_interpolation:0}
execute if entity @s[tag=aj.assembler.bone.bone8] run data modify entity @s {} merge value {transformation:[-0.9431990025501557f,0.30166373746666886f,0.1391927838863506f,-0.9292068968841591f,0f,0.41896727334414996f,-0.9080013347273055f,0.2959148150911961f,-0.3322282973926086f,-0.8564259532290046f,-0.39516951431936076f,-0.2558071175574735f,0f,0f,0f,1f],start_interpolation:0}
execute if entity @s[tag=aj.assembler.bone.bone7] run data modify entity @s {} merge value {transformation:[-0.9431990025501557f,0.2320080312136922f,0.2377980551660127f,-0.8680857002426542f,0f,0.7157670103127802f,-0.6983391632637428f,-0.234375f,-0.3322282973926086f,-0.6586728022320725f,-0.6751107301853213f,-0.24120707195290375f,0f,0f,0f,1f],start_interpolation:0}
execute if entity @s[tag=aj.assembler.bone.octagon2] run data modify entity @s {} merge value {transformation:[-0.9431990025501557f,0f,0.3322282973926086f,-0.8593749999999999f,0f,1f,0f,-0.40625f,-0.3322282973926086f,0f,-0.9431990025501557f,-0.171875f,0f,0f,0f,1f],start_interpolation:0}