execute if entity @s[tag=aj.assembler.bone.bone21] run data modify entity @s {} merge value {transformation:[0.985404996814369f,-0.17022629718487658f,1.2246467991473532e-16f,-0.21696467965407917f,-0.17022629718487658f,-0.985404996814369f,0f,-0.07451077370492037f,1.2067730752125247e-16f,-2.0846708997816515e-17f,-1f,-1.3090312499999996f,0f,0f,0f,1f],start_interpolation:0}
execute if entity @s[tag=aj.assembler.bone.arm4] run data modify entity @s {} merge value {transformation:[0.43364372405189405f,-0.901084413687422f,1.2246467991473532e-16f,0.012105802967979215f,-0.901084413687422f,-0.43364372405189405f,0f,-0.550504844593148f,5.3106039863049026e-17f,-1.1035101429838708e-16f,-1f,-1.3090312499999996f,0f,0f,0f,1f],start_interpolation:0}
execute if entity @s[tag=aj.assembler.bone.small_arm_base4] run data modify entity @s {} merge value {transformation:[0.015707317311821123f,-0.9998766324816607f,1.2246467991473532e-16f,0.012368671748970593f,-0.9998766324816607f,-0.015707317311821123f,0f,-0.567238214544516f,1.9235915869113526e-18f,-1.2244957175109004e-16f,-1f,-1.2152812499999996f,0f,0f,0f,1f],start_interpolation:0}
execute if entity @s[tag=aj.assembler.bone.bone25] run data modify entity @s {} merge value {transformation:[0.917754625683981f,0.39714789063478106f,1.2246467991473532e-16f,2.6414183864572156e-16f,0.39714789063478106f,-0.917754625683981f,0f,0.5000000000000001f,1.1239252647465647e-16f,4.863658930540077e-17f,-1f,-1.6527812499999996f,0f,0f,0f,1f],start_interpolation:0}
execute if entity @s[tag=aj.assembler.bone.bone16] run data modify entity @s {} merge value {transformation:[0.9829734795115391f,-0.1837474859065514f,1.2246467991473532e-16f,0.5236312763864741f,-0.1837474859065514f,-0.9829734795115391f,0f,0.5501568825139921f,1.2037953253305424e-16f,-2.2502577046683146e-17f,-1f,-1.3090312499999994f,0f,0f,0f,1f],start_interpolation:0}
execute if entity @s[tag=aj.assembler.bone.arm3] run data modify entity @s {} merge value {transformation:[0.9974022563117029f,-0.07203290292862508f,1.2246467991473532e-16f,1.0505048445931482f,-0.07203290292862508f,-0.9974022563117029f,0f,0.5121058029679788f,1.2214654806544746e-16f,-8.82148640048326e-18f,-1f,-1.3090312499999994f,0f,0f,0f,1f],start_interpolation:0}
execute if entity @s[tag=aj.assembler.bone.small_arm_base3] run data modify entity @s {} merge value {transformation:[0.9998766324816608f,0.015707317311820845f,1.2246467991473532e-16f,1.0672382145445163f,0.015707317311820845f,-0.9998766324816608f,0f,0.5123686717489702f,1.2244957175109002e-16f,1.923591586911328e-18f,-1f,-1.2152812499999994f,0f,0f,0f,1f],start_interpolation:0}
execute if entity @s[tag=aj.assembler.bone.bone15] run data modify entity @s {} merge value {transformation:[-0.39714789063478084f,0.9177546256839811f,1.2246467991473532e-16f,2.6414183864572156e-16f,0.9177546256839811f,0.39714789063478084f,0f,0.5000000000000001f,-4.863658930540075e-17f,1.1239252647465647e-16f,-1f,-1.6527812499999996f,0f,0f,0f,1f],start_interpolation:0}
execute if entity @s[tag=aj.assembler.bone.bone26] run data modify entity @s {} merge value {transformation:[-0.9407634901048936f,0.3390634980142513f,1.2246467991473532e-16f,-0.5274709166975824f,0.3390634980142513f,0.9407634901048936f,0f,0.5619154899117487f,-1.1521029969116507e-16f,4.152330275508579e-17f,-1f,-1.3090312499999999f,0f,0f,0f,1f],start_interpolation:0}
execute if entity @s[tag=aj.assembler.bone.arm5] run data modify entity @s {} merge value {transformation:[-0.9901335942629302f,-0.14012660529667956f,1.2246467991473532e-16f,-1.0505048445931477f,-0.14012660529667956f,0.9901335942629302f,0f,0.4878941970320209f,-1.2125639369423617e-16f,-1.7160559865196314e-17f,-1f,-1.3090312499999999f,0f,0f,0f,1f],start_interpolation:0}
execute if entity @s[tag=aj.assembler.bone.small_arm_base5] run data modify entity @s {} merge value {transformation:[-0.9998766324816608f,-0.015707317311821345f,1.2246467991473532e-16f,-1.0672382145445158f,-0.015707317311821345f,0.9998766324816608f,0f,0.4876313282510295f,-1.2244957175109004e-16f,-1.9235915869113773e-18f,-1f,-1.2152812499999999f,0f,0f,0f,1f],start_interpolation:0}
execute if entity @s[tag=aj.assembler.bone.bone20] run data modify entity @s {} merge value {transformation:[0.3971478906347813f,-0.9177546256839809f,1.2246467991473532e-16f,2.6414183864572156e-16f,-0.9177546256839809f,-0.3971478906347813f,0f,0.5000000000000001f,4.86365893054008e-17f,-1.1239252647465647e-16f,-1f,-1.6527812499999996f,0f,0f,0f,1f],start_interpolation:0}
execute if entity @s[tag=aj.assembler.bone.bone11] run data modify entity @s {} merge value {transformation:[0.5862713672244085f,0.8101147350670913f,1.2246467991473532e-16f,-0.26367664120803996f,0.8101147350670913f,-0.5862713672244085f,0f,1.0860096832871955f,7.179753533031145e-17f,9.921044172420195e-17f,-1f,-1.3090312499999996f,0f,0f,0f,1f],start_interpolation:0}
execute if entity @s[tag=aj.assembler.bone.arm2] run data modify entity @s {} merge value {transformation:[-0.47623820366793834f,-0.8793163101905569f,1.2246467991473532e-16f,-0.012105802967978772f,-0.8793163101905569f,0.47623820366793834f,0f,1.550504844593148f,-5.83223591753626e-17f,-1.0768519047129268e-16f,-1f,-1.3090312499999996f,0f,0f,0f,1f],start_interpolation:0}
execute if entity @s[tag=aj.assembler.bone.small_arm_base2] run data modify entity @s {} merge value {transformation:[0.015707317311821123f,-0.9998766324816607f,1.2246467991473532e-16f,-0.012368671748970174f,-0.9998766324816607f,-0.015707317311821123f,0f,1.567238214544516f,1.9235915869113526e-18f,-1.2244957175109004e-16f,-1f,-1.2152812499999996f,0f,0f,0f,1f],start_interpolation:0}
execute if entity @s[tag=aj.assembler.bone.bone2] run data modify entity @s {} merge value {transformation:[0.917754625683981f,0.39714789063478106f,1.2246467991473532e-16f,2.6414183864572156e-16f,0.39714789063478106f,-0.917754625683981f,0f,0.5000000000000001f,1.1239252647465647e-16f,4.863658930540077e-17f,-1f,-1.6527812499999996f,0f,0f,0f,1f],start_interpolation:0}
execute if entity @s[tag=aj.assembler.bone.ring] run data modify entity @s {} merge value {transformation:[1.651269265172847f,0.7145680197958034f,2.2034447591230768e-16f,2.220446049250313e-16f,0.7145680197958034f,-1.651269265172847f,0f,0.5000000000000001f,2.0222216201243292e-16f,8.750934382159932e-17f,-1.7992491881391441f,-1.3090312499999996f,0f,0f,0f,1f],start_interpolation:0}
execute if entity @s[tag=aj.assembler.bone.wheel] run data modify entity @s {} merge value {transformation:[-1f,9.907600726170933e-17f,-7.198293278059945e-17f,1.0625000000000002f,0f,-0.5877852522924714f,-0.8090169943749488f,-0.6249999999999999f,-1.2246467991473532e-16f,-0.8090169943749488f,0.5877852522924714f,-1.4340312499999994f,0f,0f,0f,1f],start_interpolation:0}
execute if entity @s[tag=aj.assembler.bone.wheel2] run data modify entity @s {} merge value {transformation:[-1f,9.907600726170933e-17f,-7.198293278059945e-17f,1.0625000000000002f,0f,-0.5877852522924714f,-0.8090169943749488f,-0.6249999999999999f,-1.2246467991473532e-16f,-0.8090169943749488f,0.5877852522924714f,-1.1840312499999994f,0f,0f,0f,1f],start_interpolation:0}
execute if entity @s[tag=aj.assembler.bone.rails] run data modify entity @s {} merge value {transformation:[-1.137300743709099f,0f,1.3927917154512523e-16f,-0.43749999999999983f,0f,1.137300743709099f,0f,-0.9999999999999999f,-1.3927917154512523e-16f,0f,-1.137300743709099f,-0.8715312499999996f,0f,0f,0f,1f],start_interpolation:0}
execute if entity @s[tag=aj.assembler.bone.wheel3] run data modify entity @s {} merge value {transformation:[-1f,9.907600726170933e-17f,-7.198293278059945e-17f,-1.0625f,0f,-0.5877852522924714f,-0.8090169943749488f,-0.6249999999999999f,-1.2246467991473532e-16f,-0.8090169943749488f,0.5877852522924714f,-1.1840312499999996f,0f,0f,0f,1f],start_interpolation:0}
execute if entity @s[tag=aj.assembler.bone.wheel4] run data modify entity @s {} merge value {transformation:[-1f,9.907600726170933e-17f,-7.198293278059945e-17f,-1.0625f,0f,-0.5877852522924714f,-0.8090169943749488f,-0.6249999999999999f,-1.2246467991473532e-16f,-0.8090169943749488f,0.5877852522924714f,-1.4340312499999999f,0f,0f,0f,1f],start_interpolation:0}
execute if entity @s[tag=aj.assembler.bone.rails2] run data modify entity @s {} merge value {transformation:[-1.2038220325092979f,0f,1.4742567988555726e-16f,0.4375000000000001f,0f,1.2038220325092979f,0f,-0.9999999999999999f,-1.4742567988555726e-16f,0f,-1.2038220325092979f,-0.8715312499999995f,0f,0f,0f,1f],start_interpolation:0}
execute if entity @s[tag=aj.assembler.bone.bone6] run data modify entity @s {} merge value {transformation:[0.20035325516293845f,-0.8265517749689144f,-0.5259949965934575f,0.2831095024051519f,0f,0.5368809433898121f,-0.8436580187640401f,0.3343817170619678f,0.9797237228655915f,0.16902963030369084f,0.10756584464309812f,0.04166139133010921f,0f,0f,0f,1f],start_interpolation:0}
execute if entity @s[tag=aj.assembler.bone.bone5] run data modify entity @s {} merge value {transformation:[0.20035325516293845f,-0.6282506006765587f,-0.7517710794484964f,0.1816158270049355f,0f,0.7673296684596378f,-0.641252820579857f,0.2522592751709369f,0.9797237228655915f,0.12847708998559007f,0.15373699685898679f,0.06241682244839164f,0f,0f,0f,1f],start_interpolation:0}
execute if entity @s[tag=aj.assembler.bone.bone4] run data modify entity @s {} merge value {transformation:[0.20035325516293845f,-0.6282506006765587f,-0.7517710794484964f,0.9163800166772073f,0f,0.7673296684596378f,-0.641252820579857f,0.2771815663031101f,0.9797237228655915f,0.12847708998559007f,0.15373699685898679f,-0.2792227534506168f,0f,0f,0f,1f],start_interpolation:0}
execute if entity @s[tag=aj.assembler.bone.bone3] run data modify entity @s {} merge value {transformation:[0.20035325516293845f,-0.4855509820893195f,-0.8509399608302054f,0.7918812280970587f,0f,0.8685509404031713f,-0.4955999030717891f,-0.234375f,0.9797237228655915f,0.09929505383886972f,0.17401700818460672f,-0.18996928789186596f,0f,0f,0f,1f],start_interpolation:0}
execute if entity @s[tag=aj.assembler.bone.octagon] run data modify entity @s {} merge value {transformation:[0.20035325516293845f,0f,-0.9797237228655915f,0.859375f,0f,1f,0f,-0.40625f,0.9797237228655915f,0f,0.20035325516293845f,-0.1718749999999999f,0f,0f,0f,1f],start_interpolation:0}
execute if entity @s[tag=aj.assembler.bone.bone10] run data modify entity @s {} merge value {transformation:[-0.9678807823631016f,-0.11379438597884642f,0.2241821332129031f,-0.5651193587619914f,0f,0.8917007379013986f,0.4526254456237534f,0.8585557058086768f,-0.251409608273412f,0.43808747042776597f,-0.8630600078337606f,-0.9318076913887278f,0f,0f,0f,1f],start_interpolation:0}
execute if entity @s[tag=aj.assembler.bone.bone9] run data modify entity @s {} merge value {transformation:[-0.9678807823631016f,0.045028144011064516f,0.247344410446465f,-0.5322784923914313f,0f,0.9838303800126601f,-0.17910271735555816f,0.83824675268697f,-0.251409608273412f,-0.17335007819745507f,-0.952230517919241f,-1.0582389907114325f,0f,0f,0f,1f],start_interpolation:0}
execute if entity @s[tag=aj.assembler.bone.bone8] run data modify entity @s {} merge value {transformation:[-0.9678807823631016f,0.045028144011064516f,0.247344410446465f,-0.9551450104254222f,0f,0.9838303800126601f,-0.17910271735555816f,0.28949691592785287f,-0.251409608273412f,-0.17335007819745507f,-0.952230517919241f,-0.17607550526219887f,0f,0f,0f,1f],start_interpolation:0}
execute if entity @s[tag=aj.assembler.bone.bone7] run data modify entity @s {} merge value {transformation:[-0.9678807823631016f,0.14794952743052467f,0.20326762768644424f,-0.8739081739317586f,0f,0.8085117712183355f,-0.5884800045892723f,-0.234375f,-0.251409608273412f,-0.5695784872469065f,-0.7825430056765795f,-0.240224099156238f,0f,0f,0f,1f],start_interpolation:0}
execute if entity @s[tag=aj.assembler.bone.octagon2] run data modify entity @s {} merge value {transformation:[-0.9678807823631016f,0f,0.251409608273412f,-0.8593749999999999f,0f,1f,0f,-0.40625f,-0.251409608273412f,0f,-0.9678807823631016f,-0.171875f,0f,0f,0f,1f],start_interpolation:0}