execute if entity @s[tag=aj.assembler.bone.bone21] run data modify entity @s {} merge value {transformation:[-0.7059269510311634f,0.7082846460342378f,1.2246467991473532e-16f,0.07199806670850961f,0.7082846460342378f,0.7059269510311634f,0f,1.2897999912915754f,-8.645111810121649e-17f,8.673985246510455e-17f,-1f,-1.748499999999999f,0f,0f,0f,1f],start_interpolation:0}
execute if entity @s[tag=aj.assembler.bone.arm4] run data modify entity @s {} merge value {transformation:[-0.9471234639036774f,0.3208693567841897f,1.2246467991473532e-16f,-0.42831593980326865f,0.3208693567841897f,0.9471234639036774f,0f,1.45929788631562f,-1.1598917184669926e-16f,3.92951630730228e-17f,-1f,-1.748499999999999f,0f,0f,0f,1f],start_interpolation:0}
execute if entity @s[tag=aj.assembler.bone.small_arm_base4] run data modify entity @s {} merge value {transformation:[-0.4115143586051097f,0.911403276635445f,1.2246467991473532e-16f,-0.43520281142236866f,0.911403276635445f,0.4115143586051097f,0f,1.474550616209885f,-5.0395974206892373e-17f,1.1161471054640075e-16f,-1f,-1.654749999999999f,0f,0f,0f,1f],start_interpolation:0}
execute if entity @s[tag=aj.assembler.bone.bone25] run data modify entity @s {} merge value {transformation:[-0.684547105928688f,-0.7289686274214122f,1.2246467991473532e-16f,2.6414183864572156e-16f,-0.7289686274214122f,0.684547105928688f,0f,0.5000000000000001f,-8.383284221411519e-17f,-8.92729096250472e-17f,-1f,-2.092249999999999f,0f,0f,0f,1f],start_interpolation:0}
execute if entity @s[tag=aj.assembler.bone.bone16] run data modify entity @s {} merge value {transformation:[0.8413221512344802f,-0.5405340302350875f,1.2246467991473532e-16f,-0.43164720800837963f,-0.5405340302350875f,-0.8413221512344802f,0f,0.04661608837292615f,1.0303224795610715e-16f,-6.619632699576188e-17f,-1f,-1.748499999999999f,0f,0f,0f,1f],start_interpolation:0}
execute if entity @s[tag=aj.assembler.bone.arm3] run data modify entity @s {} merge value {transformation:[-0.9988733708531771f,0.04745512617633113f,1.2246467991473532e-16f,-0.9592978863156199f,0.04745512617633113f,0.9988733708531771f,0f,0.07168406019673138f,-1.2232670763688705e-16f,5.8115768374977886e-18f,-1f,-1.748499999999999f,0f,0f,0f,1f],start_interpolation:0}
execute if entity @s[tag=aj.assembler.bone.small_arm_base3] run data modify entity @s {} merge value {transformation:[-0.911403276635445f,-0.41151435860510954f,1.2246467991473532e-16f,-0.9745506162098847f,-0.41151435860510954f,0.911403276635445f,0f,0.06479718857763139f,-1.1161471054640075e-16f,-5.0395974206892336e-17f,-1f,-1.654749999999999f,0f,0f,0f,1f],start_interpolation:0}
execute if entity @s[tag=aj.assembler.bone.bone15] run data modify entity @s {} merge value {transformation:[0.7289686274214121f,-0.6845471059286881f,1.2246467991473532e-16f,2.6414183864572156e-16f,-0.6845471059286881f,-0.7289686274214121f,0f,0.5000000000000001f,8.927290962504718e-17f,-8.383284221411521e-17f,-1f,-2.092249999999999f,0f,0f,0f,1f],start_interpolation:0}
execute if entity @s[tag=aj.assembler.bone.bone26] run data modify entity @s {} merge value {transformation:[-0.9989440096178078f,-0.04594415793871445f,1.2246467991473532e-16f,0.4474193811047963f,-0.04594415793871445f,0.9989440096178078f,0f,0.7978397449147666f,-1.2233535839058714e-16f,-5.626536595916727e-18f,-1f,-1.748499999999999f,0f,0f,0f,1f],start_interpolation:0}
execute if entity @s[tag=aj.assembler.bone.arm5] run data modify entity @s {} merge value {transformation:[0.9690157314068695f,0.24699901272274427f,1.2246467991473532e-16f,0.9592978863156201f,0.24699901272274427f,-0.9690157314068695f,0f,0.9283159398032692f,1.186702013790854e-16f,3.024865503234653e-17f,-1f,-1.748499999999999f,0f,0f,0f,1f],start_interpolation:0}
execute if entity @s[tag=aj.assembler.bone.small_arm_base5] run data modify entity @s {} merge value {transformation:[0.911403276635445f,0.4115143586051099f,1.2246467991473532e-16f,0.9745506162098849f,0.4115143586051099f,-0.911403276635445f,0f,0.9352028114223692f,1.1161471054640073e-16f,5.0395974206892404e-17f,-1f,-1.654749999999999f,0f,0f,0f,1f],start_interpolation:0}
execute if entity @s[tag=aj.assembler.bone.bone20] run data modify entity @s {} merge value {transformation:[-0.7289686274214123f,0.6845471059286878f,1.2246467991473532e-16f,2.6414183864572156e-16f,0.6845471059286878f,0.7289686274214123f,0f,0.5000000000000001f,-8.927290962504723e-17f,8.383284221411516e-17f,-1f,-2.092249999999999f,0f,0f,0f,1f],start_interpolation:0}
execute if entity @s[tag=aj.assembler.bone.bone11] run data modify entity @s {} merge value {transformation:[-0.51591624780356f,0.856639028560044f,1.2246467991473532e-16f,0.2655759606993717f,0.856639028560044f,0.51591624780356f,0f,0.0432549375056307f,-6.318151815007426e-17f,1.0490802443507563e-16f,-1f,-1.748499999999999f,0f,0f,0f,1f],start_interpolation:0}
execute if entity @s[tag=aj.assembler.bone.arm2] run data modify entity @s {} merge value {transformation:[-0.3080762295645761f,0.951361675062263f,1.2246467991473532e-16f,0.42831593980326915f,0.951361675062263f,0.3080762295645761f,0f,-0.45929788631561985f,-3.7728456842964333e-17f,1.165082030196465e-16f,-1f,-1.748499999999999f,0f,0f,0f,1f],start_interpolation:0}
execute if entity @s[tag=aj.assembler.bone.small_arm_base2] run data modify entity @s {} merge value {transformation:[-0.4115143586051097f,0.911403276635445f,1.2246467991473532e-16f,0.4352028114223691f,0.911403276635445f,0.4115143586051097f,0f,-0.4745506162098847f,-5.0395974206892373e-17f,1.1161471054640075e-16f,-1f,-1.654749999999999f,0f,0f,0f,1f],start_interpolation:0}
execute if entity @s[tag=aj.assembler.bone.bone2] run data modify entity @s {} merge value {transformation:[-0.684547105928688f,-0.7289686274214122f,1.2246467991473532e-16f,2.6414183864572156e-16f,-0.7289686274214122f,0.684547105928688f,0f,0.5000000000000001f,-8.383284221411519e-17f,-8.92729096250472e-17f,-1f,-2.092249999999999f,0f,0f,0f,1f],start_interpolation:0}
execute if entity @s[tag=aj.assembler.bone.ring] run data modify entity @s {} merge value {transformation:[-1.2316708245851924f,-1.3115962110668822f,2.2034447591230768e-16f,2.220446049250313e-16f,-1.3115962110668822f,1.2316708245851924f,0f,0.5000000000000001f,-1.5083617329314373e-16f,-1.6062421016568536e-16f,-1.7992491881391441f,-1.7484999999999993f,0f,0f,0f,1f],start_interpolation:0}
execute if entity @s[tag=aj.assembler.bone.wheel] run data modify entity @s {} merge value {transformation:[-1f,-1.1647083184890906e-16f,-3.784366730434205e-17f,1.0625000000000002f,0f,-0.3090169943749519f,0.9510565162951521f,-0.6249999999999999f,-1.2246467991473532e-16f,0.9510565162951521f,0.3090169943749519f,-1.873499999999999f,0f,0f,0f,1f],start_interpolation:0}
execute if entity @s[tag=aj.assembler.bone.wheel2] run data modify entity @s {} merge value {transformation:[-1f,-1.1647083184890906e-16f,-3.784366730434205e-17f,1.0625000000000002f,0f,-0.3090169943749519f,0.9510565162951521f,-0.6249999999999999f,-1.2246467991473532e-16f,0.9510565162951521f,0.3090169943749519f,-1.623499999999999f,0f,0f,0f,1f],start_interpolation:0}
execute if entity @s[tag=aj.assembler.bone.rails] run data modify entity @s {} merge value {transformation:[-1.137300743709099f,0f,1.3927917154512523e-16f,-0.43749999999999983f,0f,1.137300743709099f,0f,-0.9999999999999999f,-1.3927917154512523e-16f,0f,-1.137300743709099f,-1.3109999999999993f,0f,0f,0f,1f],start_interpolation:0}
execute if entity @s[tag=aj.assembler.bone.wheel3] run data modify entity @s {} merge value {transformation:[-1f,-1.1647083184890906e-16f,-3.784366730434205e-17f,-1.0625f,0f,-0.3090169943749519f,0.9510565162951521f,-0.6249999999999999f,-1.2246467991473532e-16f,0.9510565162951521f,0.3090169943749519f,-1.6234999999999993f,0f,0f,0f,1f],start_interpolation:0}
execute if entity @s[tag=aj.assembler.bone.wheel4] run data modify entity @s {} merge value {transformation:[-1f,-1.1647083184890906e-16f,-3.784366730434205e-17f,-1.0625f,0f,-0.3090169943749519f,0.9510565162951521f,-0.6249999999999999f,-1.2246467991473532e-16f,0.9510565162951521f,0.3090169943749519f,-1.8734999999999993f,0f,0f,0f,1f],start_interpolation:0}
execute if entity @s[tag=aj.assembler.bone.rails2] run data modify entity @s {} merge value {transformation:[-1.2038220325092979f,0f,1.4742567988555726e-16f,0.4375000000000001f,0f,1.2038220325092979f,0f,-0.9999999999999999f,-1.4742567988555726e-16f,0f,-1.2038220325092979f,-1.310999999999999f,0f,0f,0f,1f],start_interpolation:0}
execute if entity @s[tag=aj.assembler.bone.bone6] run data modify entity @s {} merge value {transformation:[-0.9313364915661236f,0.07070156257622318f,-0.35723049775541843f,0.458424157530267f,0f,0.9809718846265879f,0.1941498430907424f,0.9441934073928856f,0.364159771909671f,0.18081883370224544f,-0.9136149133531346f,-0.9398624947461636f,0f,0f,0f,1f],start_interpolation:0}
execute if entity @s[tag=aj.assembler.bone.bone5] run data modify entity @s {} merge value {transformation:[-0.9313364915661236f,0.0313748431726127f,-0.3628056762141375f,0.41058576021321336f,0f,0.9962815890167313f,0.08615680696437594f,0.95898158855212f,0.364159771909671f,0.08024097832274166f,-0.9278733997267652f,-1.0622089167185016f,0f,0f,0f,1f],start_interpolation:0}
execute if entity @s[tag=aj.assembler.bone.bone4] run data modify entity @s {} merge value {transformation:[-0.9313364915661236f,0.0313748431726127f,-0.3628056762141375f,0.8469328093996896f,0f,0.9962815890167313f,0.08615680696437594f,0.2519855060409953f,0.364159771909671f,0.08024097832274166f,-0.9278733997267652f,-0.46113777493171015f,0f,0f,0f,1f],start_interpolation:0}
execute if entity @s[tag=aj.assembler.bone.bone3] run data modify entity @s {} merge value {transformation:[-0.9313364915661236f,-0.3388105758480548f,-0.13349057334064127f,0.865719279617087f,0f,0.3665714437391324f,-0.9303899057035218f,-0.234375f,0.364159771909671f,-0.8665060705664546f,-0.34140136232033225f,-0.24146352359505985f,0f,0f,0f,1f],start_interpolation:0}
execute if entity @s[tag=aj.assembler.bone.octagon] run data modify entity @s {} merge value {transformation:[-0.9313364915661236f,0f,-0.364159771909671f,0.859375f,0f,1f,0f,-0.40625f,0.364159771909671f,0f,-0.9313364915661236f,-0.1718749999999999f,0f,0f,0f,1f],start_interpolation:0}
execute if entity @s[tag=aj.assembler.bone.bone10] run data modify entity @s {} merge value {transformation:[-0.9660159396951846f,-0.027693635135891806f,0.2569946824893261f,-0.42350165276349894f,0f,0.9942440192406478f,0.10713930279875217f,-0.10806660081540444f,-0.2584825028020842f,0.1034982742714235f,-0.9604555705330714f,-1.43815259159919f,0f,0f,0f,1f],start_interpolation:0}
execute if entity @s[tag=aj.assembler.bone.bone9] run data modify entity @s {} merge value {transformation:[-0.9660159396951846f,0.22289664454648497f,0.13088273417356233f,-0.4054440115056368f,0f,0.5063504599140202f,-0.8623277867173598f,-0.22029583475109182f,-0.2584825028020842f,-0.8330223872110389f,-0.48914261534893105f,-1.5056386655086058f,0f,0f,0f,1f],start_interpolation:0}
execute if entity @s[tag=aj.assembler.bone.bone8] run data modify entity @s {} merge value {transformation:[-0.9660159396951846f,0.22289664454648497f,0.13088273417356233f,-0.8332600978640001f,0f,0.5063504599140202f,-0.8623277867173598f,0.12618998277750038f,-0.2584825028020842f,-0.8330223872110389f,-0.48914261534893105f,-0.6321669363484139f,0f,0f,0f,1f],start_interpolation:0}
execute if entity @s[tag=aj.assembler.bone.bone7] run data modify entity @s {} merge value {transformation:[-0.9660159396951846f,0.25829797230454904f,-0.009765334514899224f,-0.8734078416903441f,0f,-0.0377794798836979f,-0.9992861006236989f,-0.234375f,-0.2584825028020842f,-0.9653263015183393f,0.03649557976104575f,-0.2403285744435142f,0f,0f,0f,1f],start_interpolation:0}
execute if entity @s[tag=aj.assembler.bone.octagon2] run data modify entity @s {} merge value {transformation:[-0.9660159396951846f,0f,0.2584825028020842f,-0.8593749999999999f,0f,1f,0f,-0.40625f,-0.2584825028020842f,0f,-0.9660159396951846f,-0.171875f,0f,0f,0f,1f],start_interpolation:0}