execute if entity @s[tag=aj.assembler.bone.bone21] run data modify entity @s {} merge value {transformation:[0.946774179965518f,0.32189851219075444f,1.2246467991473532e-16f,0.3715820949375326f,0.32189851219075444f,-0.946774179965518f,0f,0.029125208285550375f,1.1594639690101316e-16f,3.942119826047026e-17f,-1f,-1.80078125f,0f,0f,0f,1f],start_interpolation:0}
execute if entity @s[tag=aj.assembler.bone.arm4] run data modify entity @s {} merge value {transformation:[0.9879398559897652f,-0.15483811206199377f,1.2246467991473532e-16f,0.8934571897701288f,-0.15483811206199377f,-0.9879398559897652f,0f,-0.05266737648176595f,1.2098773823879627e-16f,-1.8962199832273993e-17f,-1f,-1.80078125f,0f,0f,0f,1f],start_interpolation:0}
execute if entity @s[tag=aj.assembler.bone.small_arm_base4] run data modify entity @s {} merge value {transformation:[0.8526401643540924f,-0.522498564715949f,1.2246467991473532e-16f,0.9077264934442437f,-0.522498564715949f,-0.8526401643540924f,0f,-0.06141161701947162f,1.0441830481007122e-16f,-6.398761948384731e-17f,-1f,-1.70703125f,0f,0f,0f,1f],start_interpolation:0}
execute if entity @s[tag=aj.assembler.bone.bone25] run data modify entity @s {} merge value {transformation:[0.15643446504023095f,0.9876883405951378f,1.2246467991473532e-16f,2.6414183864572156e-16f,0.9876883405951378f,-0.15643446504023095f,0f,0.5000000000000001f,1.9157696688784735e-17f,1.2095693648649962e-16f,-1f,-2.14453125f,0f,0f,0f,1f],start_interpolation:0}
execute if entity @s[tag=aj.assembler.bone.bone16] run data modify entity @s {} merge value {transformation:[-0.8526589278377926f,0.522467944259269f,1.2246467991473532e-16f,0.5520729698160554f,0.522467944259269f,0.8526589278377926f,0f,0.8652117087575922f,-1.0442060267409665e-16f,6.398386955942113e-17f,-1f,-1.80078125f,0f,0f,0f,1f],start_interpolation:0}
execute if entity @s[tag=aj.assembler.bone.arm3] run data modify entity @s {} merge value {transformation:[0.0011252463310409966f,0.9999993669101472f,1.2246467991473532e-16f,0.5526673764817666f,0.9999993669101472f,-0.0011252463310409966f,0f,1.3934571897701284f,1.378029317561664e-19f,1.224646023835891e-16f,-1f,-1.80078125f,0f,0f,0f,1f],start_interpolation:0}
execute if entity @s[tag=aj.assembler.bone.small_arm_base3] run data modify entity @s {} merge value {transformation:[0.5224985647159492f,0.8526401643540923f,1.2246467991473532e-16f,0.5614116170194722f,0.8526401643540923f,-0.5224985647159492f,0f,1.4077264934442435f,6.398761948384734e-17f,1.0441830481007121e-16f,-1f,-1.70703125f,0f,0f,0f,1f],start_interpolation:0}
execute if entity @s[tag=aj.assembler.bone.bone15] run data modify entity @s {} merge value {transformation:[-0.9876883405951378f,0.15643446504023117f,1.2246467991473532e-16f,2.6414183864572156e-16f,0.15643446504023117f,0.9876883405951378f,0f,0.5000000000000001f,-1.2095693648649962e-16f,1.9157696688784763e-17f,-1f,-2.14453125f,0f,0f,0f,1f],start_interpolation:0}
execute if entity @s[tag=aj.assembler.bone.bone26] run data modify entity @s {} merge value {transformation:[0.4689211022374645f,-0.8832400578984185f,1.2246467991473532e-16f,-0.302348238462443f,-0.8832400578984185f,-0.4689211022374645f,0f,0.07171371502800389f,5.742627269077595e-17f,-1.0816571097840212e-16f,-1f,-1.80078125f,0f,0f,0f,1f],start_interpolation:0}
execute if entity @s[tag=aj.assembler.bone.arm5] run data modify entity @s {} merge value {transformation:[-0.47386866247299864f,-0.8805955318567382f,1.2246467991473532e-16f,-0.5526673764817656f,-0.8805955318567382f,0.47386866247299864f,0f,-0.39345718977012856f,-5.803217407137954e-17f,-1.0784184994318155e-16f,-1f,-1.80078125f,0f,0f,0f,1f],start_interpolation:0}
execute if entity @s[tag=aj.assembler.bone.small_arm_base5] run data modify entity @s {} merge value {transformation:[-0.5224985647159488f,-0.8526401643540924f,1.2246467991473532e-16f,-0.5614116170194713f,-0.8526401643540924f,0.5224985647159488f,0f,-0.4077264934442435f,-6.398761948384729e-17f,-1.0441830481007124e-16f,-1f,-1.70703125f,0f,0f,0f,1f],start_interpolation:0}
execute if entity @s[tag=aj.assembler.bone.bone20] run data modify entity @s {} merge value {transformation:[0.9876883405951378f,-0.15643446504023073f,1.2246467991473532e-16f,2.6414183864572156e-16f,-0.15643446504023073f,-0.9876883405951378f,0f,0.5000000000000001f,1.2095693648649962e-16f,-1.9157696688784707e-17f,-1f,-2.14453125f,0f,0f,0f,1f],start_interpolation:0}
execute if entity @s[tag=aj.assembler.bone.bone11] run data modify entity @s {} merge value {transformation:[0.9142185964799574f,-0.4052213689456875f,1.2246467991473532e-16f,-0.3837517454313002f,-0.4052213689456875f,-0.9142185964799574f,0f,1.1913901271061953f,1.1195948779001654e-16f,-4.962530524254448e-17f,-1f,-1.80078125f,0f,0f,0f,1f],start_interpolation:0}
execute if entity @s[tag=aj.assembler.bone.arm2] run data modify entity @s {} merge value {transformation:[0.9649020010024227f,0.2626102215480594f,1.2246467991473532e-16f,-0.8934571897701283f,0.2626102215480594f,-0.9649020010024227f,0f,1.0526673764817662f,1.1816641470184932e-16f,3.216047672422082e-17f,-1f,-1.80078125f,0f,0f,0f,1f],start_interpolation:0}
execute if entity @s[tag=aj.assembler.bone.small_arm_base2] run data modify entity @s {} merge value {transformation:[0.8526401643540924f,-0.522498564715949f,1.2246467991473532e-16f,-0.9077264934442433f,-0.522498564715949f,-0.8526401643540924f,0f,1.0614116170194718f,1.0441830481007122e-16f,-6.398761948384731e-17f,-1f,-1.70703125f,0f,0f,0f,1f],start_interpolation:0}
execute if entity @s[tag=aj.assembler.bone.bone2] run data modify entity @s {} merge value {transformation:[0.15643446504023095f,0.9876883405951378f,1.2246467991473532e-16f,2.6414183864572156e-16f,0.9876883405951378f,-0.15643446504023095f,0f,0.5000000000000001f,1.9157696688784735e-17f,1.2095693648649962e-16f,-1f,-2.14453125f,0f,0f,0f,1f],start_interpolation:0}
execute if entity @s[tag=aj.assembler.bone.ring] run data modify entity @s {} merge value {transformation:[0.2814645842206169f,1.7770974449503f,2.2034447591230768e-16f,2.220446049250313e-16f,1.7770974449503f,-0.2814645842206169f,0f,0.5000000000000001f,3.4469470213911904e-17f,2.1763166977313247e-16f,-1.7992491881391441f,-1.80078125f,0f,0f,0f,1f],start_interpolation:0}
execute if entity @s[tag=aj.assembler.bone.wheel] run data modify entity @s {} merge value {transformation:[-1f,-1.2246467991473532e-16f,-2.719262146893782e-32f,1.0625000000000002f,0f,-2.220446049250313e-16f,1f,-0.6249999999999999f,-1.2246467991473532e-16f,1f,2.220446049250313e-16f,-1.9257812499999998f,0f,0f,0f,1f],start_interpolation:0}
execute if entity @s[tag=aj.assembler.bone.wheel2] run data modify entity @s {} merge value {transformation:[-1f,-1.2246467991473532e-16f,-2.719262146893782e-32f,1.0625000000000002f,0f,-2.220446049250313e-16f,1f,-0.6249999999999999f,-1.2246467991473532e-16f,1f,2.220446049250313e-16f,-1.6757812499999998f,0f,0f,0f,1f],start_interpolation:0}
execute if entity @s[tag=aj.assembler.bone.rails] run data modify entity @s {} merge value {transformation:[-1.137300743709099f,0f,1.3927917154512523e-16f,-0.43749999999999983f,0f,1.137300743709099f,0f,-0.9999999999999999f,-1.3927917154512523e-16f,0f,-1.137300743709099f,-1.36328125f,0f,0f,0f,1f],start_interpolation:0}
execute if entity @s[tag=aj.assembler.bone.wheel3] run data modify entity @s {} merge value {transformation:[-1f,-1.2246467991473532e-16f,-2.719262146893782e-32f,-1.0625f,0f,-2.220446049250313e-16f,1f,-0.6249999999999999f,-1.2246467991473532e-16f,1f,2.220446049250313e-16f,-1.6757812500000002f,0f,0f,0f,1f],start_interpolation:0}
execute if entity @s[tag=aj.assembler.bone.wheel4] run data modify entity @s {} merge value {transformation:[-1f,-1.2246467991473532e-16f,-2.719262146893782e-32f,-1.0625f,0f,-2.220446049250313e-16f,1f,-0.6249999999999999f,-1.2246467991473532e-16f,1f,2.220446049250313e-16f,-1.9257812500000002f,0f,0f,0f,1f],start_interpolation:0}
execute if entity @s[tag=aj.assembler.bone.rails2] run data modify entity @s {} merge value {transformation:[-1.2038220325092979f,0f,1.4742567988555726e-16f,0.4375000000000001f,0f,1.2038220325092979f,0f,-0.9999999999999999f,-1.4742567988555726e-16f,0f,-1.2038220325092979f,-1.36328125f,0f,0f,0f,1f],start_interpolation:0}
execute if entity @s[tag=aj.assembler.bone.bone6] run data modify entity @s {} merge value {transformation:[-0.9263420358009438f,0.09454110709428626f,-0.36462640027506193f,0.2730594831040842f,0f,0.9679915214720763f,0.2509828965451126f,0.46290459786838445f,0.37668346487224924f,0.23249600733681725f,-0.8966912366384961f,-1.364862618119766f,0f,0f,0f,1f],start_interpolation:0}
execute if entity @s[tag=aj.assembler.bone.bone5] run data modify entity @s {} merge value {transformation:[-0.9263420358009438f,-0.1767710338532503f,-0.3326295752013282f,0.2284980884287814f,0f,0.8830479864948101f,-0.4692827010954716f,0.4039035610313108f,0.37668346487224924f,-0.43471629269894496f,-0.8180044695195267f,-1.4744482434820287f,0f,0f,0f,1f],start_interpolation:0}
execute if entity @s[tag=aj.assembler.bone.bone4] run data modify entity @s {} merge value {transformation:[-0.9263420358009438f,-0.1767710338532503f,-0.3326295752013282f,0.7986374509985422f,0f,0.8830479864948101f,-0.4692827010954716f,0.18133622518205106f,0.37668346487224924f,-0.43471629269894496f,-0.8180044695195267f,-0.5701238183877317f,0f,0f,0f,1f],start_interpolation:0}
execute if entity @s[tag=aj.assembler.bone.bone3] run data modify entity @s {} merge value {transformation:[-0.9263420358009438f,-0.374174590654858f,-0.04340286184610956f,0.8647804720642639f,0f,0.11522369812762945f,-0.9933395690245067f,-0.234375f,0.37668346487224924f,-0.9201721986117937f,-0.10673655509606166f,-0.24154273551481667f,0f,0f,0f,1f],start_interpolation:0}
execute if entity @s[tag=aj.assembler.bone.octagon] run data modify entity @s {} merge value {transformation:[-0.9263420358009438f,0f,-0.37668346487224924f,0.859375f,0f,1f,0f,-0.40625f,0.37668346487224924f,0f,-0.9263420358009438f,-0.1718749999999999f,0f,0f,0f,1f],start_interpolation:0}
execute if entity @s[tag=aj.assembler.bone.bone10] run data modify entity @s {} merge value {transformation:[0.9695786614373305f,-0.24449070752459293f,0.011895932898197053f,-0.8506597064703233f,0f,0.048598479403529155f,0.9988183958055962f,0.7190797654350637f,-0.24477994052902796f,-0.9684330032241717f,0.04712004860796344f,0.24564353690975763f,0f,0f,0f,1f],start_interpolation:0}
execute if entity @s[tag=aj.assembler.bone.bone9] run data modify entity @s {} merge value {transformation:[0.9695786614373305f,0.006007200458347725f,0.24470621738739634f,-0.8183007423478607f,0f,0.9996988186962041f,-0.024541228522912184f,0.719250634949645f,-0.24477994052902796f,0.0237946515012728f,0.9692866424719462f,0.3738180966859713f,0f,0f,0f,1f],start_interpolation:0}
execute if entity @s[tag=aj.assembler.bone.bone8] run data modify entity @s {} merge value {transformation:[0.9695786614373305f,0.006007200458347725f,0.24470621738739634f,-0.7826559701123265f,0f,0.9996988186962041f,-0.024541228522912184f,0.282101262066355f,-0.24477994052902796f,0.0237946515012728f,0.9692866424719462f,-0.2509863260869618f,0f,0f,0f,1f],start_interpolation:0}
execute if entity @s[tag=aj.assembler.bone.bone7] run data modify entity @s {} merge value {transformation:[0.9695786614373305f,0.12926041707748867f,0.2078676594911968f,-0.8137769205470191f,0f,0.8492021815265789f,-0.5280678506503679f,-0.234375f,-0.24477994052902796f,0.5120033197816718f,0.8233683144542013f,-0.11892570680169896f,0f,0f,0f,1f],start_interpolation:0}
execute if entity @s[tag=aj.assembler.bone.octagon2] run data modify entity @s {} merge value {transformation:[0.9695786614373305f,0f,0.24477994052902796f,-0.8593749999999999f,0f,1f,0f,-0.40625f,-0.24477994052902796f,0f,0.9695786614373305f,-0.171875f,0f,0f,0f,1f],start_interpolation:0}