execute if entity @s[tag=aj.mech_torso.bone.barrel_left] run data modify entity @s {} merge value {transformation:[-1.188677587352931f,1.9229276272431546f,0.3962870514671453f,-0.5930202934056821f,-1.5547759356573694f,-0.6390584012846942f,-1.5626658769867914f,1.0250741602142248f,-1.1989019462309096f,-1.0777765044679526f,1.6336096299885337f,1.9949389598016072f,0f,0f,0f,1f],start_interpolation:0}
execute if entity @s[tag=aj.mech_torso.bone.blaster_left] run data modify entity @s {} merge value {transformation:[-0.5179116504083153f,0.8378273735765767f,0.17266387710552147f,0.3572163907026096f,-0.6774221869906912f,-0.2784403397844038f,-0.6808598664582123f,1.2184796681638375f,-0.5223664450786287f,-0.46959159837727216f,0.7117703476469041f,1.2827840443756624f,0f,0f,0f,1f],start_interpolation:0}
execute if entity @s[tag=aj.mech_torso.bone.sword_left] run data modify entity @s {} merge value {transformation:[-1.3797416690841886f,2.2320126181977233f,0.459984914029836f,-0.1494805642928384f,-1.8046854482155728f,-0.741778523135408f,-1.8138435924715566f,1.9202383411351676f,-1.3916094574009792f,-1.251014715004308f,1.8961906083648221f,0.3965046075414752f,0f,0f,0f,1f],start_interpolation:0}
execute if entity @s[tag=aj.mech_torso.bone.rocket_left] run data modify entity @s {} merge value {transformation:[-1.19342144227415f,1.9306017768903767f,0.3978685806381497f,0.7059978744336937f,-1.5609808406309595f,-0.641608798780311f,-1.5689022696719372f,0.9308585399007019f,-1.2036866052151443f,-1.0820777678459224f,1.640129149802001f,1.0108541348714222f,0f,0f,0f,1f],start_interpolation:0}
execute if entity @s[tag=aj.mech_torso.bone.drillhead_left1] run data modify entity @s {} merge value {transformation:[0.17266387710552136f,0.8378273735765767f,0.5179116504083153f,-0.5458290543861019f,-0.6808598664582124f,-0.2784403397844038f,0.6774221869906911f,1.1858392196525878f,0.711770347646904f,-0.46959159837727216f,0.5223664450786288f,1.738671617396567f,0f,0f,0f,1f],start_interpolation:0}
execute if entity @s[tag=aj.mech_torso.bone.drillhead_left2] run data modify entity @s {} merge value {transformation:[-0.5445635785975884f,0.8378273735765767f,-0.038675585978287214f,-0.7025536075697283f,-0.36530270277386784f,-0.2784403397844038f,-0.8882707428069738f,1.2875934947628753f,-0.7549863867720368f,-0.46959159837727216f,0.4576890718843779f,1.3987153314308876f,0f,0f,0f,1f],start_interpolation:0}
execute if entity @s[tag=aj.mech_torso.bone.drillhead_left3] run data modify entity @s {} merge value {transformation:[0.4124123683251784f,0.8378273735765767f,-0.357716830101958f,-0.5060564202950057f,0.8864102840855987f,-0.2784403397844038f,0.369794247451247f,1.5447273150659315f,0.21022094738561597f,-0.46959159837727216f,-0.8574910401944577f,1.5968327899966102f,0f,0f,0f,1f],start_interpolation:0}
execute if entity @s[tag=aj.mech_torso.bone.drill_left] run data modify entity @s {} merge value {transformation:[0.2639694705815887f,1.2808750269554774f,0.7917861364990055f,-0.1592874980419448f,-1.0409022518322584f,-0.42568109968090373f,1.0356467088415482f,1.2249783509657135f,1.088158362905303f,-0.7179141792203315f,0.7985966507211186f,1.3045343973182006f,0f,0f,0f,1f],start_interpolation:0}
execute if entity @s[tag=aj.mech_torso.bone.left_hand] run data modify entity @s {} merge value {transformation:[-0.5179116504083153f,0.8378273735765767f,0.17266387710552147f,0.2762926953263103f,-0.6774221869906912f,-0.2784403397844038f,-0.6808598664582123f,1.112632451446542f,-0.5223664450786287f,-0.46959159837727216f,0.7117703476469041f,1.2011642873321267f,0f,0f,0f,1f],start_interpolation:0}
execute if entity @s[tag=aj.mech_torso.bone.left_arm_low] run data modify entity @s {} merge value {transformation:[-0.5179116504083153f,0.8378273735765767f,0.17266387710552147f,1.0871463369119148f,-0.6774221869906912f,-0.2784403397844038f,-0.6808598664582123f,0.7705763541484008f,-0.5223664450786287f,-0.46959159837727216f,0.7117703476469041f,0.721167609501406f,0f,0f,0f,1f],start_interpolation:0}
execute if entity @s[tag=aj.mech_torso.bone.left_arm] run data modify entity @s {} merge value {transformation:[-0.7247843989822516f,-0.06559540465652329f,0.8337606349630038f,1f,-0.6873974156976299f,0.6751659357480726f,-0.5444334033026234f,1.4375f,-0.47638676138006203f,-0.8744256289859099f,-0.4829155738723275f,-0.18117374999999988f,0f,0f,0f,1f],start_interpolation:0}
execute if entity @s[tag=aj.mech_torso.bone.drillhead_right1] run data modify entity @s {} merge value {transformation:[-0.3252379270705854f,-0.8483160965041502f,0.41782782483552977f,0.7207045500783023f,-0.3637014448279715f,-0.2956452038275473f,-0.883354499894473f,1.7613892679538854f,0.8728926336181758f,-0.43926496999616266f,-0.21237875672815235f,1.8647839235606094f,0f,0f,0f,1f],start_interpolation:0}
execute if entity @s[tag=aj.mech_torso.bone.drillhead_right2] run data modify entity @s {} merge value {transformation:[-0.2615594092125787f,-0.8483160965041502f,-0.4603764501626125f,0.7310966937120829f,0.9552956596671578f,-0.2956452038275473f,0.0020288111934184117f,2.0293813486586285f,-0.1378291626378726f,-0.43926496999616266f,0.887721469865866f,1.6643436379475531f,0f,0f,0f,1f],start_interpolation:0}
execute if entity @s[tag=aj.mech_torso.bone.drillhead_right3] run data modify entity @s {} merge value {transformation:[0.5104857417459355f,-0.8483160965041502f,0.14058487787121243f,0.8896821759221007f,-0.6769306251413367f,-0.2956452038275473f,0.6740614528361102f,1.6942430774408732f,-0.53025393560054f,-0.43926496999616266f,-0.7251738066935465f,1.583643839085023f,0f,0f,0f,1f],start_interpolation:0}
execute if entity @s[tag=aj.mech_torso.bone.drill_right] run data modify entity @s {} merge value {transformation:[-0.4972255046109493f,-1.2969102433810675f,0.6387774418426091f,0.20610812130949702f,-0.5560287389024957f,-0.451983989023075f,-1.3504771442755448f,1.6247487692466542f,1.3344829864438994f,-0.6715506654820543f,-0.3246857936709316f,1.4105920421041456f,0f,0f,0f,1f],start_interpolation:0}
execute if entity @s[tag=aj.mech_torso.bone.barrel_right] run data modify entity @s {} merge value {transformation:[-0.9589716129437479f,-1.9470006710801333f,-0.7464652207787538f,0.7069348975328593f,2.027418566244051f,-0.678545901257741f,-0.8347442186597843f,1.6670142537798582f,0.4874380948055657f,-1.0081727729662846f,2.00340716206978f,2.216958974534121f,0f,0f,0f,1f],start_interpolation:0}
execute if entity @s[tag=aj.mech_torso.bone.blaster_right] run data modify entity @s {} merge value {transformation:[-0.4178278248355298f,-0.8483160965041502f,-0.3252379270705853f,-0.15706241022112333f,0.8833544998944729f,-0.2956452038275473f,-0.36370144482797173f,1.7431230422171469f,0.21237875672815254f,-0.43926496999616266f,0.8728926336181758f,1.383150738539668f,0f,0f,0f,1f],start_interpolation:0}
execute if entity @s[tag=aj.mech_torso.bone.rocket_right] run data modify entity @s {} merge value {transformation:[-0.9627987417243142f,-1.954770893059071f,-0.7494442646749173f,-0.431805275075676f,2.0355097253987093f,-0.6812538881392997f,-0.8380755723521398f,1.2137063344194954f,0.4893833957260469f,-1.0121962570643785f,2.0114024948884586f,1.1317951732219107f,0f,0f,0f,1f],start_interpolation:0}
execute if entity @s[tag=aj.mech_torso.bone.sword_right] run data modify entity @s {} merge value {transformation:[-1.1131135203733853f,-2.2599550830317208f,-0.8664495575491811f,0.5092465984543842f,2.353299083186371f,-0.7876131125147711f,-0.9689182279248835f,2.017545892190986f,0.5657872728970402f,-1.170223111209994f,2.3254281657694453f,0.37546890193777516f,0f,0f,0f,1f],start_interpolation:0}
execute if entity @s[tag=aj.mech_torso.bone.right_hand] run data modify entity @s {} merge value {transformation:[-0.4178278248355298f,-0.8483160965041502f,-0.3252379270705853f,-0.0917768125905718f,0.8833544998944729f,-0.2956452038275473f,-0.36370144482797173f,1.6050989016086354f,0.21237875672815254f,-0.43926496999616266f,0.8728926336181758f,1.3499665578008941f,0f,0f,0f,1f],start_interpolation:0}
execute if entity @s[tag=aj.mech_torso.bone.right_arm_low] run data modify entity @s {} merge value {transformation:[-0.4178278248355298f,-0.8483160965041502f,-0.3252379270705853f,-0.9241423552634571f,0.8833544998944729f,-0.2956452038275473f,-0.36370144482797173f,1.2428783713868095f,0.21237875672815254f,-0.43926496999616266f,0.8728926336181758f,0.9247058103097898f,0f,0f,0f,1f],start_interpolation:0}
execute if entity @s[tag=aj.mech_torso.bone.right_arm] run data modify entity @s {} merge value {transformation:[-0.4624076164165027f,-0.08746795639112903f,-1.0016489062634653f,-1f,0.9776032721319639f,0.21861042075334072f,-0.4703969651145225f,1.4375f,0.23503833119496553f,-1.0813560094052446f,-0.014076303715070852f,-0.1811737500000001f,0f,0f,0f,1f],start_interpolation:0}