execute if entity @s[tag=aj.mech_torso.bone.barrel_left] run data modify entity @s {} merge value {transformation:[-1.1891433550011776f,1.9260808994548195f,0.37920831143653755f,-0.5940053130158145f,-1.5531034317519634f,-0.6519322447820782f,-1.5590069185043305f,1.0340870660298171f,-1.2006066404062203f,-1.064352014335204f,1.641141973762104f,1.8562091851636597f,0f,0f,0f,1f],start_interpolation:0}
execute if entity @s[tag=aj.mech_torso.bone.blaster_left] run data modify entity @s {} merge value {transformation:[-0.5181145872635038f,0.8392012670803375f,0.16522260074071327f,0.361292510766638f,-0.6766934702493484f,-0.28404952565933606f,-0.6792656433933637f,1.2205136609610643f,-0.52310918725125f,-0.4637424935278867f,0.7150522204076247f,1.148981313488233f,0f,0f,0f,1f],start_interpolation:0}
execute if entity @s[tag=aj.mech_torso.bone.sword_left] run data modify entity @s {} merge value {transformation:[-1.3802823026750253f,2.235672736896595f,0.440160994132296f,-0.13683446378045294f,-1.8027441115953264f,-0.7567216654168782f,-1.809596505172685f,1.9216904159635244f,-1.3935881584480472f,-1.235432416978811f,1.904933676023232f,0.2573990374642833f,0f,0f,0f,1f],start_interpolation:0}
execute if entity @s[tag=aj.mech_torso.bone.rocket_left] run data modify entity @s {} merge value {transformation:[-1.1938890687394335f,1.933767633394081f,0.3807216816165722f,0.7102641525931788f,-1.559301661983835f,-0.6545340200831488f,-1.5652287087704624f,0.9303014406928503f,-1.2053981025992806f,-1.0685997023498808f,1.647691554162613f,0.8800650199917585f,0f,0f,0f,1f],start_interpolation:0}
execute if entity @s[tag=aj.mech_torso.bone.drillhead_left1] run data modify entity @s {} merge value {transformation:[0.16522260074071315f,0.8392012670803375f,0.5181145872635038f,-0.5445448302381131f,-0.6792656433933638f,-0.28404952565933606f,0.6766934702493483f,1.193754495548191f,0.7150522204076246f,-0.4637424935278867f,0.5231091872512501f,1.5996836683935785f,0f,0f,0f,1f],start_interpolation:0}
execute if entity @s[tag=aj.mech_torso.bone.drillhead_left2] run data modify entity @s {} merge value {transformation:[-0.5419034146240271f,0.8392012670803375f,-0.04562808947979044f,-0.6987904328630554f,-0.3652395390459548f,-0.28404952565933606f,-0.8865190049233038f,1.295107751531531f,-0.7569285093959126f,-0.4637424935278867f,0.46043689183233294f,1.2584760981172873f,0f,0f,0f,1f],start_interpolation:0}
execute if entity @s[tag=aj.mech_torso.bone.drillhead_left3] run data modify entity @s {} merge value {transformation:[0.41544751071254127f,0.8392012670803375f,-0.3509196477450486f,-0.5022152745937174f,0.8851269548488618f,-0.28404952565933606f,0.36860024521517504f,1.551964855750774f,0.20965123334417562f,-0.4637424935278867f,-0.8608073303903747f,1.456874960771669f,0f,0f,0f,1f],start_interpolation:0}
execute if entity @s[tag=aj.mech_torso.bone.drill_left] run data modify entity @s {} merge value {transformation:[0.2525932069681563f,1.2829754427859499f,0.7920963874624589f,-0.15529217434452214f,-1.038464994975343f,-0.4342564534295903f,1.0345326427401675f,1.2295660078329398f,1.0931757077587037f,-0.7089720360439399f,0.7997321589778088f,1.1676868192083718f,0f,0f,0f,1f],start_interpolation:0}
execute if entity @s[tag=aj.mech_torso.bone.left_hand] run data modify entity @s {} merge value {transformation:[-0.5181145872635038f,0.8392012670803375f,0.16522260074071327f,0.2803371065067155f,-0.6766934702493484f,-0.28404952565933606f,-0.6792656433933637f,1.1147803062346036f,-0.52310918725125f,-0.4637424935278867f,0.7150522204076247f,1.0672455029802252f,0f,0f,0f,1f],start_interpolation:0}
execute if entity @s[tag=aj.mech_torso.bone.left_arm_low] run data modify entity @s {} merge value {transformation:[-0.5181145872635038f,0.8392012670803375f,0.16522260074071327f,1.0923194181562312f,-0.6766934702493484f,-0.28404952565933606f,-0.6792656433933637f,0.7672103873286407f,-0.52310918725125f,-0.4637424935278867f,0.7150522204076247f,0.5931540671368738f,0f,0f,0f,1f],start_interpolation:0}
execute if entity @s[tag=aj.mech_torso.bone.left_arm] run data modify entity @s {} merge value {transformation:[-0.7247843989822514f,-0.07068431028921471f,0.8333446356729626f,1f,-0.6873974156976302f,0.6784771320544033f,-0.5403013536032271f,1.4375f,-0.4763867613800621f,-0.8714611225362827f,-0.48824496313187493f,-0.3061737499999999f,0f,0f,0f,1f],start_interpolation:0}
execute if entity @s[tag=aj.mech_torso.bone.drillhead_right1] run data modify entity @s {} merge value {transformation:[-0.339498022684962f,-0.8427105086482611f,0.41782782483552977f,0.7035840936222233f,-0.3686356027517952f,-0.28946954917574075f,-0.8833544998944728f,1.7465728321789928f,0.8653605520110226f,-0.4539233180987539f,-0.21237875672815235f,1.7677281597184178f,0f,0f,0f,1f],start_interpolation:0}
execute if entity @s[tag=aj.mech_torso.bone.drillhead_right2] run data modify entity @s {} merge value {transformation:[-0.25610230687701474f,-0.8427105086482611f,-0.473551060632389f,0.7179093409650845f,0.9571838801572778f,-0.28946954917574075f,-0.0025297563225807895f,2.015925812232252f,-0.13494675979559323f,-0.4539233180987539f,0.8807627338318125f,1.5693653116560835f,0f,0f,0f,1f],start_interpolation:0}
execute if entity @s[tag=aj.mech_torso.bone.drillhead_right3] run data modify entity @s {} merge value {transformation:[0.5159428440814995f,-0.8427105086482611f,0.1537594883409889f,0.8764966769875322f,-0.6750424046512165f,-0.28946954917574075f,0.6786200203521092f,1.6807881824550266f,-0.5273715327582607f,-0.4539233180987539f,-0.718215070659493f,1.4886664919641623f,0f,0f,0f,1f],start_interpolation:0}
execute if entity @s[tag=aj.mech_torso.bone.drill_right] run data modify entity @s {} merge value {transformation:[-0.5190264160283927f,-1.2883403903033834f,0.6387774418426091f,0.19533778866359702f,-0.563572106263126f,-0.4425426147399305f,-1.3504771442755445f,1.6149950221616116f,1.322967899284108f,-0.6939604274606813f,-0.3246857936709316f,1.3049719074900292f,0f,0f,0f,1f],start_interpolation:0}
execute if entity @s[tag=aj.mech_torso.bone.barrel_right] run data modify entity @s {} merge value {transformation:[-0.9589716129437477f,-1.934135085525184f,-0.7791940772100688f,0.6842321091492455f,2.0274185662440503f,-0.664371934972088f,-0.8460687813180775f,1.6497786303420396f,0.4874380948055656f,-1.0418156729540153f,1.9861200116736115f,2.1189829053767086f,0f,0f,0f,1f],start_interpolation:0}
execute if entity @s[tag=aj.mech_torso.bone.blaster_right] run data modify entity @s {} merge value {transformation:[-0.4178278248355298f,-0.8427105086482611f,-0.3394980226849619f,-0.1669632044417132f,0.8833544998944727f,-0.28946954917574075f,-0.3686356027517954f,1.7348780372639692f,0.21237875672815254f,-0.4539233180987539f,0.8653605520110226f,1.2729659439876186f,0f,0f,0f,1f],start_interpolation:0}
execute if entity @s[tag=aj.mech_torso.bone.rocket_right] run data modify entity @s {} merge value {transformation:[-0.9627987417243142f,-1.9418539626550235f,-0.7823037376403537f,-0.4397945313442199f,2.035509725398709f,-0.6670233554302257f,-0.8494453298411162f,1.2082407719219819f,0.4893833957260469f,-1.045973421413084f,1.9940463537631359f,1.0138104495181186f,0f,0f,0f,1f],start_interpolation:0}
execute if entity @s[tag=aj.mech_torso.bone.sword_right] run data modify entity @s {} merge value {transformation:[-1.1131135203733853f,-2.245021526046886f,-0.904439141503835f,0.5152604745682421f,2.3532990831863705f,-0.7711608700323835f,-0.9820630631182494f,2.0139445221217294f,0.5657872728970402f,-1.209273659042122f,2.305362336317378f,0.2772797342435447f,0f,0f,0f,1f],start_interpolation:0}
execute if entity @s[tag=aj.mech_torso.bone.right_hand] run data modify entity @s {} merge value {transformation:[-0.4178278248355298f,-0.8427105086482611f,-0.3394980226849619f,-0.10167760681116167f,0.8833544998944727f,-0.28946954917574075f,-0.3686356027517954f,1.5968538966554577f,0.21237875672815254f,-0.4539233180987539f,0.8653605520110226f,1.2397817632488448f,0f,0f,0f,1f],start_interpolation:0}
execute if entity @s[tag=aj.mech_torso.bone.right_arm_low] run data modify entity @s {} merge value {transformation:[-0.4178278248355298f,-0.8427105086482611f,-0.3394980226849619f,-0.9288831896161072f,0.8833544998944727f,-0.28946954917574075f,-0.3686356027517954f,1.240654828650319f,0.21237875672815254f,-0.4539233180987539f,0.8653605520110226f,0.7996272901049257f,0f,0f,0f,1f],start_interpolation:0}
execute if entity @s[tag=aj.mech_torso.bone.right_arm] run data modify entity @s {} merge value {transformation:[-0.4624076164165027f,-0.08280426419271947f,-1.0020452228545071f,-1f,0.9776032721319636f,0.22079778233183675f,-0.46937422188297545f,1.4375f,0.23503833119496553f,-1.0812787668695216f,-0.01910993773513065f,-0.30617375000000013f,0f,0f,0f,1f],start_interpolation:0}