execute if entity @s[tag=aj.mech_torso.bone.barrel_left] run data modify entity @s {} merge value {transformation:[-1.1897110259784085f,1.9252132368868318f,0.3818247773937998f,-0.5865782671933798f,-1.5511084484263014f,-0.6486692735181531f,-1.5623505522976204f,1.026550073346082f,-1.2026216151960054f,-1.067909480976667f,1.6373512404350485f,1.9800430462191236f,0f,0f,0f,1f],start_interpolation:0}
execute if entity @s[tag=aj.mech_torso.bone.blaster_left] run data modify entity @s {} merge value {transformation:[-0.5183619238128209f,0.8388232229770707f,0.16636260558019247f,0.3678336997021644f,-0.6758242479154507f,-0.2826278358331673f,-0.680722478211037f,1.2149803726859292f,-0.523987119947224f,-0.4652924961855926f,0.7134005825080281f,1.272150476945383f,0f,0f,0f,1f],start_interpolation:0}
execute if entity @s[tag=aj.mech_torso.bone.sword_left] run data modify entity @s {} merge value {transformation:[-1.3809412191970059f,2.2346656091333603f,0.4431980221249025f,-0.1316416657642831f,-1.80042846128541f,-0.7529342150049564f,-1.8134775835406498f,1.9178273299387392f,-1.3959270135835358f,-1.2395616989757343f,1.9005336328295415f,0.3826400534989284f,0f,0f,0f,1f],start_interpolation:0}
execute if entity @s[tag=aj.mech_torso.bone.rocket_left] run data modify entity @s {} merge value {transformation:[-1.194459005216399f,1.9328965080996254f,0.3833485895431619f,0.7166489234437086f,-1.5572987169437702f,-0.6512580267327865f,-1.5685856865636676f,0.9255237611443665f,-1.2074211188867552f,-1.0721713663698536f,1.6438856925205794f,1.0022187777675846f,0f,0f,0f,1f],start_interpolation:0}
execute if entity @s[tag=aj.mech_torso.bone.drillhead_left1] run data modify entity @s {} merge value {transformation:[0.16636260558019236f,0.8388232229770707f,0.5183619238128209f,-0.5374848665527652f,-0.6807224782110372f,-0.2826278358331673f,0.6758242479154506f,1.18679493655569f,0.713400582508028f,-0.4652924961855926f,0.5239871199472241f,1.7238072368788993f,0f,0f,0f,1f],start_interpolation:0}
execute if entity @s[tag=aj.mech_torso.bone.drillhead_left2] run data modify entity @s {} merge value {transformation:[-0.5425681847644679f,0.8388232229770707f,-0.04466951394127375f,-0.6921630959308376f,-0.36387897577404876f,-0.2826278358331673f,-0.8875323078073777f,1.2888060533844468f,-0.7571075589842036f,-0.4652924961855926f,0.4585750070842948f,1.382991785584184f,0f,0f,0f,1f],start_interpolation:0}
execute if entity @s[tag=aj.mech_torso.bone.drillhead_left3] run data modify entity @s {} merge value {transformation:[0.41523975892321263f,0.8388232229770707f,-0.3520675264828492f,-0.4954942349360024f,0.8848814046737883f,-0.2826278358331673f,0.3702788220716976f,1.5453335238372023f,0.21109439185335038f,-0.4652924961855926f,-0.8596173862372983f,1.5817239912207324f,0f,0f,0f,1f],start_interpolation:0}
execute if entity @s[tag=aj.mech_torso.bone.drill_left] run data modify entity @s {} merge value {transformation:[0.2543360525417783f,1.2823974869131367f,0.7924745169187946f,-0.14873417208610784f,-1.0406922119357906f,-0.43208296632252363f,1.033203770927817f,1.2237330352780271f,1.0906506747914284f,-0.7113416885028883f,0.8010743472388826f,1.2914533926115541f,0f,0f,0f,1f],start_interpolation:0}
execute if entity @s[tag=aj.mech_torso.bone.left_hand] run data modify entity @s {} merge value {transformation:[-0.5183619238128209f,0.8388232229770707f,0.16636260558019247f,0.28683964910641113f,-0.6758242479154507f,-0.2826278358331673f,-0.680722478211037f,1.10938283394914f,-0.523987119947224f,-0.4652924961855926f,0.7134005825080281f,1.1902774894536292f,0f,0f,0f,1f],start_interpolation:0}
execute if entity @s[tag=aj.mech_torso.bone.left_arm_low] run data modify entity @s {} merge value {transformation:[-0.5183619238128209f,0.8388232229770707f,0.16636260558019247f,1.0984640832695616f,-0.6758242479154507f,-0.2826278358331673f,-0.680722478211037f,0.7632434051771623f,-0.523987119947224f,-0.4652924961855926f,0.7134005825080281f,0.7145295664747111f,0f,0f,0f,1f],start_interpolation:0}
execute if entity @s[tag=aj.mech_torso.bone.left_arm] run data modify entity @s {} merge value {transformation:[-0.7247843989822514f,-0.07672899032214162f,0.8328098315762783f,1f,-0.6873974156976299f,0.682379564060014f,-0.5353642703613241f,1.4375f,-0.47638676138006186f,-0.8678955992119316f,-0.4945552153040202f,-0.18117374999999988f,0f,0f,0f,1f],start_interpolation:0}
execute if entity @s[tag=aj.mech_torso.bone.drillhead_right1] run data modify entity @s {} merge value {transformation:[-0.36564632148862014f,-0.8316986692156303f,0.41782782483552977f,0.6624050549157391f,-0.3774946054161066f,-0.2778176567425544f,-0.8833544998944729f,1.7149115658758511f,0.8507647092255171f,-0.4807230733249921f,-0.21237875672815223f,1.9434035382519936f,0f,0f,0f,1f],start_interpolation:0}
execute if entity @s[tag=aj.mech_torso.bone.drillhead_right2] run data modify entity @s {} merge value {transformation:[-0.24609578614032285f,-0.8316986692156303f,-0.4977089387070781f,0.6839423135796974f,0.9605740737041881f,-0.2778176567425544f,-0.010714407562600947f,1.986707964064584f,-0.12936117258017488f,-0.4807230733249921f,0.8672779334225313f,1.749066396955535f,0f,0f,0f,1f],start_interpolation:0}
execute if entity @s[tag=aj.mech_torso.bone.drillhead_right3] run data modify entity @s {} merge value {transformation:[0.5259493648181914f,-0.8316986692156303f,0.177917366415678f,0.8425330488809895f,-0.6716522111043064f,-0.2778176567425544f,0.6868046715921294f,1.651571485957705f,-0.5217859455428421f,-0.4807230733249921f,-0.7047302702502118f,1.6683694747231759f,0f,0f,0f,1f],start_interpolation:0}
execute if entity @s[tag=aj.mech_torso.bone.drill_right] run data modify entity @s {} merge value {transformation:[-0.5590020768760439f,-1.2715054305313138f,0.6387774418426091f,0.16629864387143284f,-0.5771157975225898f,-0.42472913847365784f,-1.3504771442755445f,1.592804945114948f,1.300653695772812f,-0.734932038415895f,-0.3246857936709314f,1.4651371086788718f,0f,0f,0f,1f],start_interpolation:0}
execute if entity @s[tag=aj.mech_torso.bone.barrel_right] run data modify entity @s {} merge value {transformation:[-0.9589716129437479f,-1.9088614182524402f,-0.8392079747750519f,0.6327325350791392f,2.027418566244051f,-0.6376292591225365f,-0.8664013957805342f,1.6137089406253475f,0.48743809480556544f,-1.1033247514983169f,1.9526205698788983f,2.2926900730178192f,0f,0f,0f,1f],start_interpolation:0}
execute if entity @s[tag=aj.mech_torso.bone.blaster_right] run data modify entity @s {} merge value {transformation:[-0.4178278248355298f,-0.8316986692156303f,-0.36564632148862003f,-0.1941988823501991f,0.8833544998944728f,-0.2778176567425544f,-0.3774946054161068f,1.7155575989450873f,0.21237875672815243f,-0.4807230733249921f,0.8507647092255171f,1.4247434435742357f,0f,0f,0f,1f],start_interpolation:0}
execute if entity @s[tag=aj.mech_torso.bone.rocket_right] run data modify entity @s {} merge value {transformation:[-0.9627987417243142f,-1.916479431521343f,-0.8425571427272537f,-0.463158558211619f,2.0355097253987093f,-0.6401739531009413f,-0.8698590890767267f,1.1941925921531737f,0.48938339572604667f,-1.1077279745486932f,1.9604132201301083f,1.1512758313175224f,0f,0f,0f,1f],start_interpolation:0}
execute if entity @s[tag=aj.mech_torso.bone.sword_right] run data modify entity @s {} merge value {transformation:[-1.1131135203733853f,-2.2156854535594515f,-0.9740994733512225f,0.5170576926236856f,2.3532990831863705f,-0.7401196654155742f,-1.0056638744011037f,2.0028465933170936f,0.56578727289704f,-1.280669502286323f,2.2664783056710567f,0.4519755382050231f,0f,0f,0f,1f],start_interpolation:0}
execute if entity @s[tag=aj.mech_torso.bone.right_hand] run data modify entity @s {} merge value {transformation:[-0.4178278248355298f,-0.8316986692156303f,-0.36564632148862003f,-0.12891328471964758f,0.8833544998944728f,-0.2778176567425544f,-0.3774946054161068f,1.5775334583365759f,0.21237875672815243f,-0.4807230733249921f,0.8507647092255171f,1.3915592628354618f,0f,0f,0f,1f],start_interpolation:0}
execute if entity @s[tag=aj.mech_torso.bone.right_arm_low] run data modify entity @s {} merge value {transformation:[-0.4178278248355298f,-0.8316986692156303f,-0.36564632148862003f,-0.9459241624295766f,0.8833544998944728f,-0.2778176567425544f,-0.3774946054161068f,1.2327094389313635f,0.21237875672815243f,-0.4807230733249921f,0.8507647092255171f,0.9241489143782575f,0f,0f,0f,1f],start_interpolation:0}
execute if entity @s[tag=aj.mech_torso.bone.right_arm] run data modify entity @s {} merge value {transformation:[-0.4624076164165027f,-0.06604057956428225f,-1.0032894979340958f,-1f,0.9776032721319637f,0.22861388584638f,-0.4656173450904982f,1.4375f,0.2350383311949654f,-1.080808175201807f,-0.037183999516643314f,-0.1811737500000001f,0f,0f,0f,1f],start_interpolation:0}