execute if entity @s[tag=aj.mech_torso.bone.barrel_left] run data modify entity @s {} merge value {transformation:[-1.1914039253152733f,1.934817431213178f,0.3235532229289207f,-0.5891444182586558f,-1.5454092663749694f,-0.6925668807318454f,-1.549099676769198f,1.0578591438811378f,-1.2082695806799204f,-1.0219985895478012f,1.662303220479515f,1.807710360528214f,0f,0f,0f,1f],start_interpolation:0}
execute if entity @s[tag=aj.mech_torso.bone.blaster_left] run data modify entity @s {} merge value {transformation:[-0.5190995269264485f,0.8430078094345955f,0.14097345273852885f,0.3820055449650691f,-0.6733410911590794f,-0.3017542015044914f,-0.6749490179495686f,1.2223328426945659f,-0.5264479614372514f,-0.44528893440851597f,0.7242722615093653f,1.116815128799922f,0f,0f,0f,1f],start_interpolation:0}
execute if entity @s[tag=aj.mech_torso.bone.sword_left] run data modify entity @s {} merge value {transformation:[-1.382906229542527f,2.245813549711219f,0.37556009181232325f,-0.088138413604403f,-1.7938132116671937f,-0.8038877775943712f,-1.7980968063535185f,1.922791540963934f,-1.4024828142536405f,-1.1862712435627831f,1.929496311153589f,0.20961032850030148f,0f,0f,0f,1f],start_interpolation:0}
execute if entity @s[tag=aj.mech_torso.bone.rocket_left] run data modify entity @s {} merge value {transformation:[-1.1961586606904502f,1.9425390314943451f,0.324844481017067f,0.7312109893962674f,-1.5515767902111988f,-0.6953308234867093f,-1.5552819285448587f,0.924061882826866f,-1.2130916246533685f,-1.0260772506499274f,1.6689372526148318f,0.8571801839654287f,0f,0f,0f,1f],start_interpolation:0}
execute if entity @s[tag=aj.mech_torso.bone.drillhead_left1] run data modify entity @s {} merge value {transformation:[0.14097345273852874f,0.8430078094345955f,0.5190995269264485f,-0.5323664372022003f,-0.6749490179495687f,-0.3017542015044914f,0.6733410911590793f,1.214265541628823f,0.7242722615093652f,-0.44528893440851597f,0.5264479614372515f,1.5506915523243954f,0f,0f,0f,1f],start_interpolation:0}
execute if entity @s[tag=aj.mech_torso.bone.drillhead_left2] run data modify entity @s {} merge value {transformation:[-0.5335336330299754f,0.8430078094345955f,-0.06840830109073373f,-0.6785952269617787f,-0.36379424566030233f,-0.3017542015044914f,-0.8812480630894111f,1.3147947826587518f,-0.7635414915053977f,-0.44528893440851597f,0.4676774055297529f,1.2057309644526768f,0f,0f,0f,1f],start_interpolation:0}
execute if entity @s[tag=aj.mech_torso.bone.drillhead_left3] run data modify entity @s {} merge value {transformation:[0.42563722349729943f,0.8430078094345955f,-0.3288932763158816f,-0.4816431846416198f,0.8803778593810776f,-0.3017542015044914f,0.3658951032549884f,1.570379278042306f,0.20920750150293804f,-0.44528893440851597f,-0.8706032312185766f,1.4053955138461902f,0f,0f,0f,1f],start_interpolation:0}
execute if entity @s[tag=aj.mech_torso.bone.drill_left] run data modify entity @s {} merge value {transformation:[0.21552097815286508f,1.2887949053559107f,0.7936021685542586f,-0.1346256379846853f,-1.031865714615148f,-0.46132345776199124f,1.029407507428244f,1.2397662881074405f,1.107271356536934f,-0.6807601349054673f,0.8048364950383945f,1.1257523321938845f,0f,0f,0f,1f],start_interpolation:0}
execute if entity @s[tag=aj.mech_torso.bone.left_hand] run data modify entity @s {} merge value {transformation:[-0.5190995269264485f,0.8430078094345955f,0.14097345273852885f,0.30089624388281155f,-0.6733410911590794f,-0.3017542015044914f,-0.6749490179495686f,1.1171232972009597f,-0.5264479614372514f,-0.44528893440851597f,0.7242722615093653f,1.0345576348253513f,0f,0f,0f,1f],start_interpolation:0}
execute if entity @s[tag=aj.mech_torso.bone.left_arm_low] run data modify entity @s {} merge value {transformation:[-0.5190995269264485f,0.8430078094345955f,0.14097345273852885f,1.115865753282583f,-0.6733410911590794f,-0.3017542015044914f,-0.6749490179495686f,0.7521931206881017f,-0.5264479614372514f,-0.44528893440851597f,0.7242722615093653f,0.578999210999175f,0f,0f,0f,1f],start_interpolation:0}
execute if entity @s[tag=aj.mech_torso.bone.left_arm] run data modify entity @s {} merge value {transformation:[-0.7247843989822514f,-0.09384750293873656f,0.8310548716649994f,1f,-0.68739741569763f,0.6932500399569477f,-0.5212112369528674f,1.4375f,-0.47638676138006214f,-0.8575365921206407f,-0.5123071591242518f,-0.3061737499999999f,0f,0f,0f,1f],start_interpolation:0}
execute if entity @s[tag=aj.mech_torso.bone.drillhead_right1] run data modify entity @s {} merge value {transformation:[-0.4068930889778132f,-0.8123163933685591f,0.4178278248355296f,0.6111852431311651f,-0.39095125860383895f,-0.25853808406550094f,-0.883354499894473f,1.671529513670006f,0.8255877467223991f,-0.522781155123668f,-0.21237875672815223f,1.8980756709310438f,0f,0f,0f,1f],start_interpolation:0}
execute if entity @s[tag=aj.mech_torso.bone.drillhead_right2] run data modify entity @s {} merge value {transformation:[-0.2303113315835935f,-0.8123163933685591f,-0.5358159829725955f,0.6440988500740068f,0.9657237119342162f,-0.25853808406550094f,-0.02314673401884959f,1.9470374166056719f,-0.11972636615295451f,-0.522781155123668f,0.8440174530750966f,1.7106826348693747f,0f,0f,0f,1f],start_interpolation:0}
execute if entity @s[tag=aj.mech_torso.bone.drillhead_right3] run data modify entity @s {} merge value {transformation:[0.5417338193749204f,-0.8123163933685591f,0.2160244106811955f,0.8026949474550726f,-0.6665025728742783f,-0.25853808406550094f,0.6992369980483782f,1.6119026878637073f,-0.5121511391156217f,-0.522781155123668f,-0.6814697899027771f,1.629988985642141f,0f,0f,0f,1f],start_interpolation:0}
execute if entity @s[tag=aj.mech_torso.bone.drill_right] run data modify entity @s {} merge value {transformation:[-0.6220603584335127f,-1.2418737022289839f,0.6387774418426089f,0.13558952899171517f,-0.5976884018061998f,-0.3952544233339599f,-1.3504771442755448f,1.5648786220479511f,1.262163019122832f,-0.7992306616843206f,-0.3246857936709314f,1.3958758306503656f,0f,0f,0f,1f],start_interpolation:0}
execute if entity @s[tag=aj.mech_torso.bone.barrel_right] run data modify entity @s {} merge value {transformation:[-0.9589716129437474f,-1.8643764624242756f,-0.9338749088486671f,0.5650013224486956f,2.0274185662440507f,-0.5933800210200768f,-0.8972862427084378f,1.563448629998476f,0.4874380948055654f,-1.1998537621157221f,1.8948360210635022f,2.2434871374676115f,0f,0f,0f,1f],start_interpolation:0}
execute if entity @s[tag=aj.mech_torso.bone.blaster_right] run data modify entity @s {} merge value {transformation:[-0.4178278248355297f,-0.8123163933685591f,-0.40689308897781307f,-0.2214894710465628f,0.8833544998944729f,-0.25853808406550094f,-0.39095125860383917f,1.6924408873261252f,0.21237875672815243f,-0.522781155123668f,0.8255877467223991f,1.342202887526218f,0f,0f,0f,1f],start_interpolation:0}
execute if entity @s[tag=aj.mech_torso.bone.rocket_right] run data modify entity @s {} merge value {transformation:[-0.962798741724314f,-1.8718169421223678f,-0.9376018800049168f,-0.4833359319525217f,2.0355097253987093f,-0.5957481221459152f,-0.9008671933408914f,1.1798746260485051f,0.48938339572604667f,-1.2046422196711737f,1.902398060828585f,1.046132674213722f,0f,0f,0f,1f],start_interpolation:0}
execute if entity @s[tag=aj.mech_torso.bone.sword_right] run data modify entity @s {} merge value {transformation:[-1.113113520373385f,-2.1640501338928546f,-1.0839828555361948f,0.5351541695947223f,2.353299083186371f,-0.688757951957891f,-1.0415130488981268f,1.9918976988356152f,0.56578727289704f,-1.3927142650052826f,2.19940566067623f,0.408118149097772f,0f,0f,0f,1f],start_interpolation:0}
execute if entity @s[tag=aj.mech_torso.bone.right_hand] run data modify entity @s {} merge value {transformation:[-0.4178278248355297f,-0.8123163933685591f,-0.40689308897781307f,-0.15620387341601127f,0.8833544998944729f,-0.25853808406550094f,-0.39095125860383917f,1.5544167467176138f,0.21237875672815243f,-0.522781155123668f,0.8255877467223991f,1.3090187067874441f,0f,0f,0f,1f],start_interpolation:0}
execute if entity @s[tag=aj.mech_torso.bone.right_arm_low] run data modify entity @s {} merge value {transformation:[-0.4178278248355297f,-0.8123163933685591f,-0.40689308897781307f,-0.9551214367629064f,0.8833544998944729f,-0.25853808406550094f,-0.39095125860383917f,1.2284517795773382f,0.21237875672815243f,-0.522781155123668f,0.8255877467223991f,0.7987634964533414f,0f,0f,0f,1f],start_interpolation:0}
execute if entity @s[tag=aj.mech_torso.bone.right_arm] run data modify entity @s {} merge value {transformation:[-0.4624076164165026f,-0.0569929619163452f,-1.003844100000612f,-1f,0.9776032721319639f,0.2328022651981612f,-0.463537405361758f,1.4375f,0.2350383311949654f,-1.0804290287402665f,-0.04692627471341378f,-0.30617375000000013f,0f,0f,0f,1f],start_interpolation:0}