execute if entity @s[tag=aj.mech_torso.bone.barrel_left] run data modify entity @s {} merge value {transformation:[-1.1915113099004475f,1.9339221766454577f,0.32847268761482895f,-0.5863240282010733f,-1.545059156277857f,-0.6884459820158452f,-1.5512842508382811f,1.0530480781051843f,-1.2086113914041887f,-1.0264675532990934f,1.659298454179626f,1.8105136104884925f,0f,0f,0f,1f],start_interpolation:0}
execute if entity @s[tag=aj.mech_torso.bone.blaster_left] run data modify entity @s {} merge value {transformation:[-0.5191463148261513f,0.8426177433850318f,0.14311688347341633f,0.38340063941856517f,-0.6731885467684479f,-0.29995870920458023f,-0.6759008457400443f,1.2198683232858638f,-0.5265968897574423f,-0.44723608005732135f,0.7229630726342455f,1.1181804936267157f,0f,0f,0f,1f],start_interpolation:0}
execute if entity @s[tag=aj.mech_torso.bone.sword_left] run data modify entity @s {} merge value {transformation:[-1.3830308747687503f,2.2447743949019885f,0.3812702948892157f,-0.08923933640405857f,-1.7934068260375724f,-0.79910449932528f,-1.8006325215923555f,1.9211378518933202f,-1.4028795664968314f,-1.1914585336832404f,1.9260085687128077f,0.2129010997662728f,0f,0f,0f,1f],start_interpolation:0}
execute if entity @s[tag=aj.mech_torso.bone.rocket_left] run data modify entity @s {} merge value {transformation:[-1.1962664738332907f,1.9416402040841383f,0.3297835786354107f,0.7325377046365835f,-1.5512252828710285f,-0.6911934788093638f,-1.5574752209599076f,0.9224594553922509f,-1.2134347994989965f,-1.030564049444052f,1.6659204946903425f,0.857466881613095f,0f,0f,0f,1f],start_interpolation:0}
execute if entity @s[tag=aj.mech_torso.bone.drillhead_left1] run data modify entity @s {} merge value {transformation:[0.14311688347341622f,0.8426177433850318f,0.5191463148261513f,-0.5301990948845878f,-0.6759008457400444f,-0.29995870920458023f,0.6731885467684477f,1.2099312908353492f,0.7229630726342454f,-0.44723608005732135f,0.5265968897574425f,1.553642013024998f,0f,0f,0f,1f],start_interpolation:0}
execute if entity @s[tag=aj.mech_torso.bone.drillhead_left2] run data modify entity @s {} merge value {transformation:[-0.5343971148435435f,0.8426177433850318f,-0.06644593425946699f,-0.6771619140233825f,-0.3632890642941187f,-0.29995870920458023f,-0.882069061092512f,1.310811502581321f,-0.7631780784398883f,-0.44723608005732135f,0.46641088032309125f,1.2090960696295314f,0f,0f,0f,1f],start_interpolation:0}
execute if entity @s[tag=aj.mech_torso.bone.drillhead_left3] run data modify entity @s {} merge value {transformation:[0.42486019444954043f,0.8426177433850318f,-0.3308914530552512f,-0.4801923968561317f,0.8806011754666534f,-0.29995870920458023f,0.36683285368007923f,1.566338239305504f,0.2098460982221188f,-0.44723608005732135f,-0.869450690813409f,1.408817299510214f,0f,0f,0f,1f],start_interpolation:0}
execute if entity @s[tag=aj.mech_torso.bone.drill_left] run data modify entity @s {} merge value {transformation:[0.21879786667061088f,1.28819857026648f,0.7936736981487587f,-0.13323628993123815f,-1.033320874096961f,-0.4585784994083038f,1.0291742967375646f,1.2366159606638394f,1.1052698614932113f,-0.6837369417203999f,0.8050641774609976f,1.1280485072968274f,0f,0f,0f,1f],start_interpolation:0}
execute if entity @s[tag=aj.mech_torso.bone.left_hand] run data modify entity @s {} merge value {transformation:[-0.5191463148261513f,0.8426177433850318f,0.14311688347341633f,0.30228402772697904f,-0.6731885467684479f,-0.29995870920458023f,-0.6759008457400443f,1.1146826128532938f,-0.5265968897574423f,-0.44723608005732135f,0.7229630726342455f,1.0358997296021153f,0f,0f,0f,1f],start_interpolation:0}
execute if entity @s[tag=aj.mech_torso.bone.left_arm_low] run data modify entity @s {} merge value {transformation:[-0.5191463148261513f,0.8426177433850318f,0.14311688347341633f,1.1169275290439207f,-0.6731885467684479f,-0.29995870920458023f,-0.6759008457400443f,0.7515277180463092f,-0.5265968897574423f,-0.44723608005732135f,0.7229630726342455f,0.5783439399547738f,0f,0f,0f,1f],start_interpolation:0}
execute if entity @s[tag=aj.mech_torso.bone.left_arm] run data modify entity @s {} merge value {transformation:[-0.7247843989822514f,-0.09489200164218574f,0.83093625600903f,1f,-0.68739741569763f,0.6939046152655312f,-0.5203394626005631f,1.4375f,-0.47638676138006203f,-0.856891983549597f,-0.51338461278488f,-0.3061737499999999f,0f,0f,0f,1f],start_interpolation:0}
execute if entity @s[tag=aj.mech_torso.bone.drillhead_right1] run data modify entity @s {} merge value {transformation:[-0.4118301863833962f,-0.8098245528363702f,0.4178278248355298f,0.6021714925092259f,-0.3925177579262993f,-0.25615354229191734f,-0.8833544998944728f,1.665017786732832f,0.8223902402727845f,-0.5277968893378171f,-0.2123787567281524f,1.9074267355415362f,0f,0f,0f,1f],start_interpolation:0}
execute if entity @s[tag=aj.mech_torso.bone.drillhead_right2] run data modify entity @s {} merge value {transformation:[-0.22842198620250442f,-0.8098245528363702f,-0.5403772662156283f,0.636446809544559f,0.9663231852717328f,-0.25615354229191734f,-0.024593990680563615f,1.9409577487838119f,-0.11850273340980633f,-0.5277968893378171f,0.8410633423112248f,1.7209156097290599f,0f,0f,0f,1f],start_interpolation:0}
execute if entity @s[tag=aj.mech_torso.bone.drillhead_right3] run data modify entity @s {} merge value {transformation:[0.5436231647560099f,-0.8098245528363702f,0.22058569392422814f,0.7950435487482874f,-0.6659030995367615f,-0.25615354229191734f,0.700684254710092f,1.6058232236867593f,-0.5109275063724739f,-0.5277968893378171f,-0.6785156791389053f,1.6402223761776646f,0f,0f,0f,1f],start_interpolation:0}
execute if entity @s[tag=aj.mech_torso.bone.drill_right] run data modify entity @s {} merge value {transformation:[-0.629608219689779f,-1.238064162925904f,0.6387774418426092f,0.129147085243078f,-0.6000832744555817f,-0.3916089229542373f,-1.3504771442755445f,1.560260940963765f,1.2572746539428346f,-0.8068987433194721f,-0.3246857936709317f,1.4024076379179349f,0f,0f,0f,1f],start_interpolation:0}
execute if entity @s[tag=aj.mech_torso.bone.barrel_right] run data modify entity @s {} merge value {transformation:[-0.958971612943748f,-1.8586573499278964f,-0.9452062180168777f,0.5539914310395908f,2.0274185662440503f,-0.5879071737494449f,-0.900881571436309f,1.556120061439896f,0.48743809480556577f,-1.2113655534410919f,1.8874973094336773f,2.252308570758429f,0f,0f,0f,1f],start_interpolation:0}
execute if entity @s[tag=aj.mech_torso.bone.blaster_right] run data modify entity @s {} merge value {transformation:[-0.41782782483552994f,-0.8098245528363702f,-0.4118301863833961f,-0.22747372796253665f,0.8833544998944727f,-0.25615354229191734f,-0.3925177579262995f,1.6884230712141644f,0.2123787567281526f,-0.5277968893378171f,0.8223902402727845f,1.3471410786520497f,0f,0f,0f,1f],start_interpolation:0}
execute if entity @s[tag=aj.mech_torso.bone.rocket_right] run data modify entity @s {} merge value {transformation:[-0.9627987417243145f,-1.8660750054049808f,-0.9489784109282386f,-0.48838283719025f,2.035509725398709f,-0.5902534334661963f,-0.9044768705498482f,1.1769511746156824f,0.48938339572604705f,-1.2161999530320557f,1.8950300613719762f,1.0483631540793783f,0f,0f,0f,1f],start_interpolation:0}
execute if entity @s[tag=aj.mech_torso.bone.sword_right] run data modify entity @s {} merge value {transformation:[-1.1131135203733855f,-2.157411750276144f,-1.0971355216510426f,0.5345675784834029f,2.3532990831863705f,-0.682405417420212f,-1.0456862788072951f,1.9892677859135137f,0.5657872728970404f,-1.4060764233789296f,2.190887348948311f,0.4179027968562027f,0f,0f,0f,1f],start_interpolation:0}
execute if entity @s[tag=aj.mech_torso.bone.right_hand] run data modify entity @s {} merge value {transformation:[-0.41782782483552994f,-0.8098245528363702f,-0.4118301863833961f,-0.1621881303319851f,0.8833544998944727f,-0.25615354229191734f,-0.3925177579262995f,1.550398930605653f,0.2123787567281526f,-0.5277968893378171f,0.8223902402727845f,1.3139568979132759f,0f,0f,0f,1f],start_interpolation:0}
execute if entity @s[tag=aj.mech_torso.bone.right_arm_low] run data modify entity @s {} merge value {transformation:[-0.41782782483552994f,-0.8098245528363702f,-0.4118301863833961f,-0.9587681374406158f,0.8833544998944727f,-0.25615354229191734f,-0.3925177579262995f,1.226769552135134f,0.2123787567281526f,-0.5277968893378171f,0.8223902402727845f,0.7985860312884738f,0f,0f,0f,1f],start_interpolation:0}
execute if entity @s[tag=aj.mech_torso.bone.right_arm] run data modify entity @s {} merge value {transformation:[-0.4624076164165028f,-0.053405599811811505f,-1.0040413421382492f,-1f,0.9776032721319636f,0.23445711968464458f,-0.4627025825301672f,1.4375f,0.2350383311949656f,-1.0802544512622705f,-0.05078663142171142f,-0.30617375000000013f,0f,0f,0f,1f],start_interpolation:0}