execute if entity @s[tag=aj.mech_torso.bone.barrel_left] run data modify entity @s {} merge value {transformation:[-1.188880244100287f,1.9218672628057587f,0.4007973088660121f,-0.5889266729228582f,-1.554044113593748f,-0.6349546560101385f,-1.5650648457065168f,1.0194306451418684f,-1.1996495953583104f,-1.0820847020530524f,1.6302092011119598f,1.8718540957559318f,0f,0f,0f,1f],start_interpolation:0}
execute if entity @s[tag=aj.mech_torso.bone.blaster_left] run data modify entity @s {} merge value {transformation:[-0.5179999487758512f,0.8373653684865096f,0.1746290145642123f,0.35990228423812193f,-0.6771033291466401f,-0.27665232130856676f,-0.6819051068683373f,1.215177207140617f,-0.5226921988386208f,-0.47146869755481535f,0.7102887669808765f,1.1584629243680453f,0f,0f,0f,1f],start_interpolation:0}
execute if entity @s[tag=aj.mech_torso.bone.sword_left] run data modify entity @s {} merge value {transformation:[-1.3799769002030586f,2.2307818143075386f,0.4652201352014322f,-0.14907314999984667f,-1.803835995507558f,-0.7370151554948852f,-1.8166281634440826f,1.9179015437144766f,-1.3924772811623631f,-1.2560153979397433f,1.8922436058607925f,0.2742566172335814f,0f,0f,0f,1f],start_interpolation:0}
execute if entity @s[tag=aj.mech_torso.bone.rocket_left] run data modify entity @s {} merge value {transformation:[-1.193624907797762f,1.9295371806788584f,0.40239683787733094f,0.7085617898954133f,-1.560246097962344f,-0.6374886760015244f,-1.571310812358303f,0.9284345821279002f,-1.204437238111256f,-1.086403158877364f,1.6367151502638517f,0.8854509674584079f,0f,0f,0f,1f],start_interpolation:0}
execute if entity @s[tag=aj.mech_torso.bone.drillhead_left1] run data modify entity @s {} merge value {transformation:[0.17462901456421218f,0.8373653684865096f,0.5179999487758512f,-0.542346200230423f,-0.6819051068683374f,-0.27665232130856676f,0.67710332914664f,1.1806982479285038f,0.7102887669808764f,-0.47146869755481535f,0.522692198838621f,1.6157908457278052f,0f,0f,0f,1f],start_interpolation:0}
execute if entity @s[tag=aj.mech_torso.bone.drillhead_left2] run data modify entity @s {} merge value {transformation:[-0.5453971811998699f,0.8373653684865096f,-0.03689382602399241f,-0.6997523436036441f,-0.364608120350175f,-0.27665232130856676f,-0.889114397414244f,1.2828666660770105f,-0.7547203676289309f,-0.47146869755481535f,0.45619560926429104f,1.2762739613128955f,0f,0f,0f,1f],start_interpolation:0}
execute if entity @s[tag=aj.mech_torso.bone.drillhead_left3] run data modify entity @s {} merge value {transformation:[0.411741919831938f,0.8373653684865096f,-0.3595661707009745f,-0.5032219073123485f,0.8865156940374925f,-0.27665232130856676f,0.3708819452869133f,1.5398796328481117f,0.21108888099171247f,-0.47146869755481535f,-0.8562468987083299f,1.474515218526757f,0f,0f,0f,1f],start_interpolation:0}
execute if entity @s[tag=aj.mech_torso.bone.drill_left] run data modify entity @s {} merge value {transformation:[0.2669737833729298f,1.2801687110712552f,0.7919211275215772f,-0.15657187564111913f,-1.0425002210329763f,-0.422947567349944f,1.035159237242416f,1.2210425715040154f,1.0858933143578517f,-0.7207838986105801f,0.7990946648338941f,1.1810818875946858f,0f,0f,0f,1f],start_interpolation:0}
execute if entity @s[tag=aj.mech_torso.bone.left_hand] run data modify entity @s {} merge value {transformation:[-0.5179999487758512f,0.8373653684865096f,0.1746290145642123f,0.2789647922418952f,-0.6771033291466401f,-0.27665232130856676f,-0.6819051068683373f,1.1093798119614546f,-0.5226921988386208f,-0.47146869755481535f,0.7102887669808765f,1.0767922682995108f,0f,0f,0f,1f],start_interpolation:0}
execute if entity @s[tag=aj.mech_torso.bone.left_arm_low] run data modify entity @s {} merge value {transformation:[-0.5179999487758512f,0.8373653684865096f,0.1746290145642123f,1.0894123206350457f,-0.6771033291466401f,-0.27665232130856676f,-0.6819051068683373f,0.7690989979915872f,-0.5226921988386208f,-0.47146869755481535f,0.7102887669808765f,0.594851832285434f,0f,0f,0f,1f],start_interpolation:0}
execute if entity @s[tag=aj.mech_torso.bone.left_arm] run data modify entity @s {} merge value {transformation:[-0.7247843989822516f,-0.06782451662821272f,0.8335822625692761f,1f,-0.6873974156976299f,0.6766192525843702f,-0.5426261682396234f,1.4375f,-0.47638676138006203f,-0.8731312619018663f,-0.4852519259163204f,-0.3061737499999999f,0f,0f,0f,1f],start_interpolation:0}
execute if entity @s[tag=aj.mech_torso.bone.drillhead_right1] run data modify entity @s {} merge value {transformation:[-0.3366045103787339f,-0.8438704357814074f,0.41782782483552977f,0.7026445815282008f,-0.3676402029266093f,-0.2907327100762266f,-0.8833544998944728f,1.7475113872296422f,0.8669129626351044f,-0.45095141523874827f,-0.21237875672815223f,1.7619760254613845f,0f,0f,0f,1f],start_interpolation:0}
execute if entity @s[tag=aj.mech_torso.bone.drillhead_right2] run data modify entity @s {} merge value {transformation:[-0.25720960609795274f,-0.8438704357814074f,-0.4708778038355953f,0.7161717638165455f,0.9568029571356002f,-0.2907327100762266f,-0.0016101267974262257f,2.016589824190742f,-0.13554084162165703f,-0.45095141523874827f,0.8821969742334547f,1.5631850041140523f,0f,0f,0f,1f],start_interpolation:0}
execute if entity @s[tag=aj.mech_torso.bone.drillhead_right3] run data modify entity @s {} merge value {transformation:[0.5148355448605615f,-0.8438704357814074f,0.1510862315441952f,0.8747587236823933f,-0.6754233276728941f,-0.2907327100762266f,0.6777003908269547f,1.6814520650115394f,-0.5279656145843242f,-0.45095141523874827f,-0.7196493110611352f,1.48248598260875f,0f,0f,0f,1f],start_interpolation:0}
execute if entity @s[tag=aj.mech_torso.bone.drill_right] run data modify entity @s {} merge value {transformation:[-0.5146027987414397f,-1.2901136931874762f,0.6387774418426091f,0.1930945553528191f,-0.5620503336186329f,-0.4444737419667148f,-1.3504771442755445f,1.6149005415272903f,1.3253412330550953f,-0.6894169662704975f,-0.3246857936709314f,1.3009516117951385f,0f,0f,0f,1f],start_interpolation:0}
execute if entity @s[tag=aj.mech_torso.bone.barrel_right] run data modify entity @s {} merge value {transformation:[-0.9589716129437477f,-1.9367972758525236f,-0.7725530734318538f,0.6844278965383197f,2.0274185662440503f,-0.6672710608180586f,-0.8437842035107996f,1.651207216055451f,0.4874380948055654f,-1.0349947522068303f,1.9896830049249892f,2.1134261245682096f,0f,0f,0f,1f],start_interpolation:0}
execute if entity @s[tag=aj.mech_torso.bone.blaster_right] run data modify entity @s {} merge value {transformation:[-0.4178278248355298f,-0.8438704357814074f,-0.3366045103787338f,-0.16938929087777443f,0.8833544998944727f,-0.2907327100762266f,-0.36764020292660954f,1.7344742536481979f,0.21237875672815243f,-0.45095141523874827f,0.8669129626351044f,1.2698724032089226f,0f,0f,0f,1f],start_interpolation:0}
execute if entity @s[tag=aj.mech_torso.bone.rocket_right] run data modify entity @s {} merge value {transformation:[-0.9627987417243142f,-1.9445267774315997f,-0.7756362304950437f,-0.442619736827715f,2.035509725398709f,-0.6699340513037277f,-0.8471516345861896f,1.2072676203450419f,0.48938339572604667f,-1.0391252792739945f,1.9976235664489923f,1.0122998858334304f,0f,0f,0f,1f],start_interpolation:0}
execute if entity @s[tag=aj.mech_torso.bone.sword_right] run data modify entity @s {} merge value {transformation:[-1.1131135203733853f,-2.2481116279927322f,-0.8967306848669485f,0.5096097302396251f,2.3532990831863705f,-0.7745259917240547f,-0.9794112698729627f,2.01260747356169f,0.56578727289704f,-1.2013563661810953f,2.3094980332531123f,0.2717238567743594f,0f,0f,0f,1f],start_interpolation:0}
execute if entity @s[tag=aj.mech_torso.bone.right_hand] run data modify entity @s {} merge value {transformation:[-0.4178278248355298f,-0.8438704357814074f,-0.3366045103787338f,-0.1041036932472229f,0.8833544998944727f,-0.2907327100762266f,-0.36764020292660954f,1.5964501130396864f,0.21237875672815243f,-0.45095141523874827f,0.8669129626351044f,1.2366882224701488f,0f,0f,0f,1f],start_interpolation:0}
execute if entity @s[tag=aj.mech_torso.bone.right_arm_low] run data modify entity @s {} merge value {transformation:[-0.4178278248355298f,-0.8438704357814074f,-0.3366045103787338f,-0.9323787809257451f,0.8833544998944727f,-0.2907327100762266f,-0.36764020292660954f,1.2390189903785986f,0.21237875672815243f,-0.45095141523874827f,0.8669129626351044f,0.7995541650182381f,0f,0f,0f,1f],start_interpolation:0}
execute if entity @s[tag=aj.mech_torso.bone.right_arm] run data modify entity @s {} merge value {transformation:[-0.4624076164165027f,-0.07936555262700648f,-1.0023234427420353f,-1f,0.9776032721319636f,0.22240700248554598f,-0.4686138560652043f,1.4375f,0.2350383311949654f,-1.0812068316634111f,-0.022819916027048186f,-0.30617375000000013f,0f,0f,0f,1f],start_interpolation:0}