execute if entity @s[tag=aj.mech_torso.bone.barrel_left] run data modify entity @s {} merge value {transformation:[-1.189662548366599f,1.9291867018936066f,0.36137263828554095f,-0.5946409196414244f,-1.551277037873502f,-0.6653063154318544f,-1.5551705860977438f,1.043321235376771f,-1.2024521055871615f,-1.0503593048733624f,1.6487882695742482f,1.9666818757286701f,0f,0f,0f,1f],start_interpolation:0}
execute if entity @s[tag=aj.mech_torso.bone.blaster_left] run data modify entity @s {} merge value {transformation:[-0.518340801920554f,0.8405544778113451f,0.15745152554247846f,0.3658581107619256f,-0.6758977030220078f,-0.2898766625353057f,-0.6775941377896996f,1.2224807381024707f,-0.5239132639225034f,-0.4576458132100514f,0.7183837425341556f,1.2646394588669767f,0f,0f,0f,1f],start_interpolation:0}
execute if entity @s[tag=aj.mech_torso.bone.sword_left] run data modify entity @s {} merge value {transformation:[-1.3808849494551154f,2.2392777556891845f,0.41945847420223054f,-0.12330601168970295f,-1.8006241492396085f,-0.7722454396994103f,-1.8051435334550863f,1.9230443027921833f,-1.395730257563972f,-1.2191905659392155f,1.9138090119918798f,0.3676291843535595f,0f,0f,0f,1f],start_interpolation:0}
execute if entity @s[tag=aj.mech_torso.bone.rocket_left] run data modify entity @s {} merge value {transformation:[-1.194410334136857f,1.9368858306793257f,0.3628148286547077f,0.7149853197139164f,-1.5574679792091404f,-0.667961464878735f,-1.5613770660690065f,0.9295837571257729f,-1.2072509327874983f,-1.054551149836611f,1.6553683653293014f,0.9988540886824446f,0f,0f,0f,1f],start_interpolation:0}
execute if entity @s[tag=aj.mech_torso.bone.drillhead_left1] run data modify entity @s {} merge value {transformation:[0.15745152554247835f,0.8405544778113451f,0.518340801920554f,-0.5428200176274963f,-0.6775941377896997f,-0.2898766625353057f,0.6758977030220077f,1.2018440540729949f,0.7183837425341555f,-0.4576458132100514f,0.5239132639225035f,1.7099125663733021f,0f,0f,0f,1f],start_interpolation:0}
execute if entity @s[tag=aj.mech_torso.bone.drillhead_left2] run data modify entity @s {} merge value {transformation:[-0.5391385479856022f,0.8405544778113451f,-0.052894195402456934f,-0.6944795134389432f,-0.36514400349359916f,-0.2898766625353057f,-0.8846702081736784f,1.3027828728939348f,-0.7589462976974346f,-0.4576458132100514f,0.46320711011670346f,1.3674252722634952f,0f,0f,0f,1f],start_interpolation:0}
execute if entity @s[tag=aj.mech_torso.bone.drillhead_left3] run data modify entity @s {} merge value {transformation:[0.41863036753417177f,0.8405544778113451f,-0.3438266790252046f,-0.4978175086265168f,0.883752104293251f,-0.2898766625353057f,0.3673605023333942f,1.559337808927162f,0.20911918500093535f,-0.4576458132100514f,-0.864192962315625f,1.5661288056976201f,0f,0f,0f,1f],start_interpolation:0}
execute if entity @s[tag=aj.mech_torso.bone.drill_left] run data modify entity @s {} merge value {transformation:[0.24071274511177093f,1.2850442386814058f,0.7924422256554867f,-0.15077826616077394f,-1.0359095881544726f,-0.44316501184923074f,1.0333160694926034f,1.2341945274341963f,1.098268956831489f,-0.6996513981503482f,0.8009614357482362f,1.28017068545117f,0f,0f,0f,1f],start_interpolation:0}
execute if entity @s[tag=aj.mech_torso.bone.left_hand] run data modify entity @s {} merge value {transformation:[-0.518340801920554f,0.8405544778113451f,0.15745152554247846f,0.284867360461839f,-0.6758977030220078f,-0.2898766625353057f,-0.6775941377896996f,1.116871722005282f,-0.5239132639225034f,-0.4576458132100514f,0.7183837425341556f,1.1827780113790856f,0f,0f,0f,1f],start_interpolation:0}
execute if entity @s[tag=aj.mech_torso.bone.left_arm_low] run data modify entity @s {} merge value {transformation:[-0.518340801920554f,0.8405544778113451f,0.15745152554247846f,1.097945898326352f,-0.6758977030220078f,-0.2898766625353057f,-0.6775941377896996f,0.7635766362251727f,-0.5239132639225034f,-0.4576458132100514f,0.7183837425341556f,0.71483711112807f,0f,0f,0f,1f],start_interpolation:0}
execute if entity @s[tag=aj.mech_torso.bone.left_arm] run data modify entity @s {} merge value {transformation:[-0.7247843989822514f,-0.07621923720755971f,0.8328566391675473f,1f,-0.6873974156976299f,0.6820517552982492f,-0.5357818348178899f,1.4375f,-0.4763867613800619f,-0.8681981395442533f,-0.4940239089434244f,-0.18117374999999988f,0f,0f,0f,1f],start_interpolation:0}
execute if entity @s[tag=aj.mech_torso.bone.drillhead_right1] run data modify entity @s {} merge value {transformation:[-0.35502907464824046f,-0.8362859947097191f,0.41782782483552966f,0.6580499470301344f,-0.37392736640552404f,-0.2826006938583394f,-0.883354499894473f,1.7853111524174343f,0.856815429837397f,-0.469853788835592f,-0.21237875672815235f,1.9363054798576045f,0f,0f,0f,1f],start_interpolation:0}
execute if entity @s[tag=aj.mech_torso.bone.drillhead_right2] run data modify entity @s {} merge value {transformation:[-0.25015883060346666f,-0.8362859947097191f,-0.48789988165963116f,0.6766588429357099f,0.9592089504355518f,-0.2826006938583394f,-0.007418708453147904f,2.056123663726085f,-0.1316766831122112f,-0.469853788835592f,0.8728680703527913f,1.740299477964082f,0f,0f,0f,1f],start_interpolation:0}
execute if entity @s[tag=aj.mech_torso.bone.drillhead_right3] run data modify entity @s {} merge value {transformation:[0.5218863203550473f,-0.8362859947097191f,0.16810830936823115f,0.8352481979949127f,-0.6730173343729428f,-0.2826006938583394f,0.6835089724826766f,1.7209867218781347f,-0.5241014560748787f,-0.469853788835592f,-0.7103204071804718f,1.6596017691380434f,0f,0f,0f,1f],start_interpolation:0}
execute if entity @s[tag=aj.mech_torso.bone.drill_right] run data modify entity @s {} merge value {transformation:[-0.5427703723963844f,-1.2785185585946899f,0.638777441842609f,0.2990898902737315f,-0.5716621832006665f,-0.4320414715243877f,-1.3504771442755448f,1.716501894869267f,1.3099040702189908f,-0.7183150174132092f,-0.3246857936709316f,1.51663117343965f,0f,0f,0f,1f],start_interpolation:0}
execute if entity @s[tag=aj.mech_torso.bone.barrel_right] run data modify entity @s {} merge value {transformation:[-0.9589716129437477f,-1.919389953373087f,-0.8148399511003515f,0.6577345719332472f,2.027418566244051f,-0.6486069789991381f,-0.8582140977012817f,1.632716215775265f,0.4874380948055657f,-1.0783782671840005f,1.9665077955727126f,2.2736504316643367f,0f,0f,0f,1f],start_interpolation:0}
execute if entity @s[tag=aj.mech_torso.bone.blaster_right] run data modify entity @s {} merge value {transformation:[-0.4178278248355297f,-0.8362859947097191f,-0.35502907464824035f,0.030700980592442473f,0.8833544998944729f,-0.2826006938583394f,-0.37392736640552426f,1.2840133324400878f,0.21237875672815254f,-0.469853788835592f,0.856815429837397f,1.3078578843853208f,0f,0f,0f,1f],start_interpolation:0}
execute if entity @s[tag=aj.mech_torso.bone.rocket_right] run data modify entity @s {} merge value {transformation:[-0.962798741724314f,-1.92704998463213f,-0.8180918694953481f,-0.448802692506263f,2.0355097253987093f,-0.6511954836045913f,-0.8616391165744869f,1.2021570094756797f,0.4893833957260469f,-1.0826819321173224f,1.974355867903594f,1.1463924627756266f,0f,0f,0f,1f],start_interpolation:0}
execute if entity @s[tag=aj.mech_torso.bone.sword_right] run data modify entity @s {} merge value {transformation:[-1.113113520373385f,-2.227906310396436f,-0.9458146146015204f,0.5212787851023845f,2.353299083186371f,-0.7528619074721528f,-0.9961605772603597f,2.009687211768777f,0.5657872728970402f,-1.2517132030578109f,2.2825977178326013f,0.4318275663999662f,0f,0f,0f,1f],start_interpolation:0}
execute if entity @s[tag=aj.mech_torso.bone.right_hand] run data modify entity @s {} merge value {transformation:[-0.4178278248355297f,-0.8362859947097191f,-0.35502907464824035f,-0.11292733419477086f,0.8833544998944729f,-0.2826006938583394f,-0.37392736640552426f,1.5876664417788129f,0.21237875672815254f,-0.469853788835592f,0.856815429837397f,1.3808630820106234f,0f,0f,0f,1f],start_interpolation:0}
execute if entity @s[tag=aj.mech_torso.bone.right_arm_low] run data modify entity @s {} merge value {transformation:[-0.4178278248355297f,-0.8362859947097191f,-0.35502907464824035f,-0.9341937484350268f,0.8833544998944729f,-0.2826006938583394f,-0.37392736640552426f,1.2381708614768963f,0.21237875672815254f,-0.469853788835592f,0.856815429837397f,0.9245111030619404f,0f,0f,0f,1f],start_interpolation:0}
execute if entity @s[tag=aj.mech_torso.bone.right_arm] run data modify entity @s {} merge value {transformation:[-0.4624076164165026f,-0.07758011800015177f,-1.0024632163352027f,-1f,0.9776032721319639f,0.22324133075940875f,-0.46821696796642703f,1.4375f,0.23503833119496553f,-1.0811644704048866f,-0.0247456933068144f,-0.1811737500000001f,0f,0f,0f,1f],start_interpolation:0}