execute if entity @s[tag=aj.mech_torso.bone.barrel_left] run data modify entity @s {} merge value {transformation:[-1.1914384409744012f,1.9328838568672715f,0.3347878890896195f,-0.5848838560688965f,-1.5452965956524782f,-0.6834976735938052f,-1.5532346426433485f,1.0486417816458276f,-1.2083796449311959f,-1.0317167341399724f,1.6562088357638356f,1.8151143033480048f,0f,0f,0f,1f],start_interpolation:0}
execute if entity @s[tag=aj.mech_torso.bone.blaster_left] run data modify entity @s {} merge value {transformation:[-0.5191145655392515f,0.8421653432424755f,0.14586844239340352f,0.3830401183576137f,-0.6732920000678878f,-0.2978027111367651f,-0.6767506393673934f,1.2182126098131887f,-0.526495916878353f,-0.4495231694594572f,0.7216169133477586f,1.1209320622464862f,0f,0f,0f,1f],start_interpolation:0}
execute if entity @s[tag=aj.mech_torso.bone.sword_left] run data modify entity @s {} merge value {transformation:[-1.3829462931339005f,2.2435691790562116f,0.388600580844076f,-0.09279093214607215f,-1.7936824306275232f,-0.7933608162660473f,-1.8028964128889724f,1.9200334777765118f,-1.4026105698665816f,-1.1975514503931846f,1.922422335309241f,0.2177540287918236f,0f,0f,0f,1f],start_interpolation:0}
execute if entity @s[tag=aj.mech_torso.bone.rocket_left] run data modify entity @s {} merge value {transformation:[-1.1961933140970051f,1.9405977405091464f,0.3361239832434254f,0.7321279167629311f,-1.551463669834767f,-0.6862254223433552f,-1.559433396520521f,0.9218124642737366f,-1.213202128156503f,-1.0358341790709005f,1.6628185460163873f,0.8590065475887498f,0f,0f,0f,1f],start_interpolation:0}
execute if entity @s[tag=aj.mech_torso.bone.drillhead_left1] run data modify entity @s {} merge value {transformation:[0.1458684423934034f,0.8421653432424755f,0.5191145655392515f,-0.5295916397071643f,-0.6767506393673935f,-0.2978027111367651f,0.6732920000678877f,1.20601422791141f,0.7216169133477585f,-0.4495231694594572f,0.5264959168783531f,1.5583614024375003f,0f,0f,0f,1f],start_interpolation:0}
execute if entity @s[tag=aj.mech_torso.bone.drillhead_left2] run data modify entity @s {} merge value {transformation:[-0.5354207583390604f,0.8421653432424755f,-0.06389167536470602f,-0.6774793172338702f,-0.3630594407379261f,-0.2978027111367651f,-0.8828937578953977f,1.3071622973628552f,-0.762569638807296f,-0.4495231694594572f,0.46520583195875176f,1.2142900474493106f,0f,0f,0f,1f],start_interpolation:0}
execute if entity @s[tag=aj.mech_torso.bone.drillhead_left3] run data modify entity @s {} merge value {transformation:[0.42377788592134646f,0.8421653432424755f,-0.33342141209784026f,-0.4805222049171332f,0.8810219557946926f,-0.2978027111367651f,0.3675783707555265f,1.5627283995267327f,0.21026796430205236f,-0.4495231694594572f,-0.8681683611531781f,1.4139731385503782f,0f,0f,0f,1f],start_interpolation:0}
execute if entity @s[tag=aj.mech_torso.bone.drill_left] run data modify entity @s {} merge value {transformation:[0.22300446485176476f,1.287506938478039f,0.793625159666971f,-0.13360257252051883f,-1.0346200431975012f,-0.4552823978839051f,1.0293324567021205f,1.2340416829162253f,1.1032118458843339f,-0.6872334563867861f,0.8049098095765093f,1.1319478793488387f,0f,0f,0f,1f],start_interpolation:0}
execute if entity @s[tag=aj.mech_torso.bone.left_hand] run data modify entity @s {} merge value {transformation:[-0.5191145655392515f,0.8421653432424755f,0.14586844239340352f,0.30192846749210567f,-0.6732920000678878f,-0.2978027111367651f,-0.6767506393673934f,1.1130107348025813f,-0.526495916878353f,-0.4495231694594572f,0.7216169133477586f,1.0386670752342435f,0f,0f,0f,1f],start_interpolation:0}
execute if entity @s[tag=aj.mech_torso.bone.left_arm_low] run data modify entity @s {} merge value {transformation:[-0.5191145655392515f,0.8421653432424755f,0.14586844239340352f,1.1162075392131718f,-0.6732920000678878f,-0.2978027111367651f,-0.6767506393673934f,0.7519788161813421f,-0.526495916878353f,-0.4495231694594572f,0.7216169133477586f,0.5787884395120068f,0f,0f,0f,1f],start_interpolation:0}
execute if entity @s[tag=aj.mech_torso.bone.left_arm] run data modify entity @s {} merge value {transformation:[-0.7247843989822516f,-0.09418372737929769f,0.83101683437997f,1f,-0.6873974156976299f,0.6934608573325222f,-0.5209307159055712f,1.4375f,-0.4763867613800619f,-0.8573292502758864f,-0.5126540634162869f,-0.3061737499999999f,0f,0f,0f,1f],start_interpolation:0}
execute if entity @s[tag=aj.mech_torso.bone.drillhead_right1] run data modify entity @s {} merge value {transformation:[-0.4123610559354132f,-0.8095543640429843f,0.4178278248355297f,0.5991807660983521f,-0.3926856195550734f,-0.2558961346148747f,-0.8833544998944728f,1.6633870413830238f,0.8220440156965314f,-0.5283359726046722f,-0.2123787567281524f,1.908325683887136f,0f,0f,0f,1f],start_interpolation:0}
execute if entity @s[tag=aj.mech_torso.bone.drillhead_right2] run data modify entity @s {} merge value {transformation:[-0.2282188312202003f,-0.8095543640429843f,-0.5408677257291703f,0.6336025032602075f,0.9663874231359945f,-0.2558961346148747f,-0.02474907460368203f,1.9393733016645767f,-0.11837023900059668f,-0.5283359726046722f,0.8407434725115721f,1.7219100509242071f,0f,0f,0f,1f],start_interpolation:0}
execute if entity @s[tag=aj.mech_torso.bone.drillhead_right3] run data modify entity @s {} merge value {transformation:[0.5438263197383137f,-0.8095543640429843f,0.22107615343777015f,0.7921993114769778f,-0.6658388616724998f,-0.2558961346148747f,0.7008393386332105f,1.6042387983895356f,-0.5107950119632643f,-0.5283359726046722f,-0.6781958093392526f,1.641216862382007f,0f,0f,0f,1f],start_interpolation:0}
execute if entity @s[tag=aj.mech_torso.bone.drill_right] run data modify entity @s {} merge value {transformation:[-0.630419815936446f,-1.237651096835053f,0.638777441842609f,0.12643436453713763f,-0.6003399022229021f,-0.3912153967032829f,-1.3504771442755445f,1.5588344326159147f,1.2567453439352756f,-0.8077228967378746f,-0.3246857936709317f,1.4030040364382603f,0f,0f,0f,1f],start_interpolation:0}
execute if entity @s[tag=aj.mech_torso.bone.barrel_right] run data modify entity @s {} merge value {transformation:[-0.9589716129437477f,-1.8580372299464314f,-0.9464246357485375f,0.5507858073385338f,2.0274185662440503f,-0.5873163881660892f,-0.9012668366755502f,1.5544015684404866f,0.48743809480556577f,-1.2126028227640016f,1.8867026770023383f,2.2531497083023333f,0f,0f,0f,1f],start_interpolation:0}
execute if entity @s[tag=aj.mech_torso.bone.blaster_right] run data modify entity @s {} merge value {transformation:[-0.4178278248355298f,-0.8095543640429843f,-0.4123610559354131f,-0.23013653994165995f,0.8833544998944727f,-0.2558961346148747f,-0.39268561955507364f,1.6870613807394657f,0.2123787567281526f,-0.5283359726046722f,0.8220440156965314f,1.3475660668782543f,0f,0f,0f,1f],start_interpolation:0}
execute if entity @s[tag=aj.mech_torso.bone.rocket_right] run data modify entity @s {} merge value {transformation:[-0.9627987417243142f,-1.865452410606747f,-0.9502016912037994f,-0.49094373411968145f,2.035509725398709f,-0.5896602901357721f,-0.9048636733316666f,1.1757076966277067f,0.48938339572604705f,-1.2174421601330718f,1.8942322576677788f,1.0484969616361395f,0f,0f,0f,1f],start_interpolation:0}
execute if entity @s[tag=aj.mech_torso.bone.sword_right] run data modify entity @s {} merge value {transformation:[-1.1131135203733853f,-2.156691954271439f,-1.0985497837963107f,0.5324847011312739f,2.3532990831863705f,-0.6817196709271993f,-1.0461334702996614f,1.9880544347804734f,0.5657872728970404f,-1.4075125672575228f,2.189964989942985f,0.4188517386100239f,0f,0f,0f,1f],start_interpolation:0}
execute if entity @s[tag=aj.mech_torso.bone.right_hand] run data modify entity @s {} merge value {transformation:[-0.4178278248355298f,-0.8095543640429843f,-0.4123610559354131f,-0.16485094231110842f,0.8833544998944727f,-0.2558961346148747f,-0.39268561955507364f,1.5490372401309542f,0.2123787567281526f,-0.5283359726046722f,0.8220440156965314f,1.3143818861394805f,0f,0f,0f,1f],start_interpolation:0}
execute if entity @s[tag=aj.mech_torso.bone.right_arm_low] run data modify entity @s {} merge value {transformation:[-0.4178278248355298f,-0.8095543640429843f,-0.4123610559354131f,-0.9611773502998537f,0.8833544998944727f,-0.2558961346148747f,-0.39268561955507364f,1.225660023661579f,0.2123787567281526f,-0.5283359726046722f,0.8220440156965314f,0.7984611167298152f,0f,0f,0f,1f],start_interpolation:0}
execute if entity @s[tag=aj.mech_torso.bone.right_arm] run data modify entity @s {} merge value {transformation:[-0.4624076164165027f,-0.05103558930729862f,-1.0041645997734103f,-1f,0.9776032721319636f,0.2355485940752526f,-0.46214789914060816f,1.4375f,0.2350383311949656f,-1.0801315692948044f,-0.053336239236161403f,-0.30617375000000013f,0f,0f,0f,1f],start_interpolation:0}