execute if entity @s[tag=aj.mech_torso.bone.barrel_left] run data modify entity @s {} merge value {transformation:[-1.1885287696174633f,1.9203955951396965f,0.4088136683262253f,-0.5899872491136827f,-1.5553174975128714f,-0.629185150798584f,-1.5661296310955735f,1.0165618143970405f,-1.1983469193737646f,-1.0880511466072305f,1.6271932450218665f,1.8789752624342275f,0f,0f,0f,1f],start_interpolation:0}
execute if entity @s[tag=aj.mech_torso.bone.blaster_left] run data modify entity @s {} merge value {transformation:[-0.5178468099168263f,0.8367241569099708f,0.17812177492453074f,0.3564555327561718f,-0.6776581476896777f,-0.2741385244657999f,-0.6823690381849906f,1.2153744711210075f,-0.5221246176237636f,-0.4740683016686655f,0.7089747026687382f,1.1632660630602691f,0f,0f,0f,1f],start_interpolation:0}
execute if entity @s[tag=aj.mech_torso.bone.sword_left] run data modify entity @s {} merge value {transformation:[-1.3795689308809047f,2.2290735956757466f,0.4745250176180713f,-0.15652872378714855f,-1.80531405892244f,-0.7303182792055735f,-1.8178640988949941f,1.9180028745795346f,-1.3909652173728915f,-1.2629408689465722f,1.8887428750201476f,0.2813030487341103f,0f,0f,0f,1f],start_interpolation:0}
execute if entity @s[tag=aj.mech_torso.bone.rocket_left] run data modify entity @s {} merge value {transformation:[-1.1932720306267974f,1.9280596397819265f,0.4104451895671278f,0.7050366580944363f,-1.5615245637881474f,-0.6316961454583055f,-1.5723798471649155f,0.9297730584250334f,-1.2031293633192743f,-1.0923934147220566f,1.633687157892186f,0.8889608596390194f,0f,0f,0f,1f],start_interpolation:0}
execute if entity @s[tag=aj.mech_torso.bone.drillhead_left1] run data modify entity @s {} merge value {transformation:[0.17812177492453063f,0.8367241569099708f,0.5178468099168263f,-0.5444714545915323f,-0.6823690381849907f,-0.2741385244657999f,0.6776581476896776f,1.1782501303598247f,0.7089747026687381f,-0.4740683016686655f,0.5221246176237637f,1.6229858699002753f,0f,0f,0f,1f],start_interpolation:0}
execute if entity @s[tag=aj.mech_torso.bone.drillhead_left2] run data modify entity @s {} merge value {transformation:[-0.5465923208655f,0.8367241569099708f,-0.03360833251092729f,-0.7030301713572464f,-0.3649431670177066f,-0.2741385244657999f,-0.8897553339265805f,1.2804701859793388f,-0.7536931203201689f,-0.4740683016686655f,0.45519877606935044f,1.284021287667618f,0f,0f,0f,1f],start_interpolation:0}
execute if entity @s[tag=aj.mech_torso.bone.drillhead_left3] run data modify entity @s {} merge value {transformation:[0.4102638164513373f,0.8367241569099708f,-0.3627344568056393f,-0.506558297090584f,0.8872058183623013f,-0.2741385244657999f,0.37109824207047093f,1.537693736877097f,0.21106737496558553f,-0.4740683016686655f,-0.8548156576584943f,1.4820473491462922f,0f,0f,0f,1f],start_interpolation:0}
execute if entity @s[tag=aj.mech_torso.bone.drill_left] run data modify entity @s {} merge value {transformation:[0.2723135343309033f,1.2791884233398134f,0.7916870080043977f,-0.15996775987947803f,-1.0432094817428375f,-0.4191044611203224f,1.036007446836279f,1.2200183631636063f,1.0838843657196062f,-0.7247581874610232f,0.7982269435982221f,1.187286781400529f,0f,0f,0f,1f],start_interpolation:0}
execute if entity @s[tag=aj.mech_torso.bone.left_hand] run data modify entity @s {} merge value {transformation:[-0.5178468099168263f,0.8367241569099708f,0.17812177492453074f,0.2755419687066677f,-0.6776581476896777f,-0.2741385244657999f,-0.6823690381849906f,1.1094903855444953f,-0.5221246176237636f,-0.4740683016686655f,0.7089747026687382f,1.081684091556556f,0f,0f,0f,1f],start_interpolation:0}
execute if entity @s[tag=aj.mech_torso.bone.left_arm_low] run data modify entity @s {} merge value {transformation:[-0.5178468099168263f,0.8367241569099708f,0.17812177492453074f,1.0854670054632285f,-0.6776581476896777f,-0.2741385244657999f,-0.6823690381849906f,0.7716741944048096f,-0.5221246176237636f,-0.4740683016686655f,0.7089747026687382f,0.5971384607448034f,0f,0f,0f,1f],start_interpolation:0}
execute if entity @s[tag=aj.mech_torso.bone.left_arm] run data modify entity @s {} merge value {transformation:[-0.7247843989822516f,-0.06394339904038025f,0.8338889585820928f,1f,-0.6873974156976299f,0.6740859593856732f,-0.5457699980626859f,1.4375f,-0.4763867613800621f,-0.8753806826817045f,-0.4811821822382418f,-0.3061737499999999f,0f,0f,0f,1f],start_interpolation:0}
execute if entity @s[tag=aj.mech_torso.bone.drillhead_right1] run data modify entity @s {} merge value {transformation:[-0.3235565740574118f,-0.8489588047587706f,0.41782782483552977f,0.7201109302467994f,-0.3631149879852419f,-0.2963652021015009f,-0.8833544998944728f,1.761911569681924f,0.8737612081597054f,-0.43753470125910704f,-0.2123787567281523f,1.7364436249560269f,0f,0f,0f,1f],start_interpolation:0}
execute if entity @s[tag=aj.mech_torso.bone.drillhead_right2] run data modify entity @s {} merge value {transformation:[-0.2622028351546774f,-0.8489588047587706f,-0.4588230825268152f,0.7300393367534798f,0.9550712323496479f,-0.2963652021015009f,0.0025706266671173816f,2.0297418986252675f,-0.13816155172469013f,-0.43753470125910704f,0.8885239281072456f,1.535763776170094f,0f,0f,0f,1f],start_interpolation:0}
execute if entity @s[tag=aj.mech_torso.bone.drillhead_right3] run data modify entity @s {} merge value {transformation:[0.5098423158038369f,-0.8489588047587706f,0.1390315102354151f,0.8886246003876059f,-0.6771550524588464f,-0.2963652021015009f,0.673519637362411f,1.6946035511681223f,-0.5305863246873574f,-0.43753470125910704f,-0.7259762649349261f,1.4550638643928735f,0f,0f,0f,1f],start_interpolation:0}
execute if entity @s[tag=aj.mech_torso.bone.drill_right] run data modify entity @s {} merge value {transformation:[-0.49465504301708063f,-1.2978928192420676f,0.6387774418426091f,0.2047781111062078f,-0.5551321605046894f,-0.453084726284286f,-1.3504771442755445f,1.6246788202342946f,1.3358108679077685f,-0.6689054212645547f,-0.3246857936709315f,1.2832663598983174f,0f,0f,0f,1f],start_interpolation:0}
execute if entity @s[tag=aj.mech_torso.bone.barrel_right] run data modify entity @s {} merge value {transformation:[-0.9589716129437477f,-1.9484757738256915f,-0.7426062872297359f,0.7069973709955444f,2.0274185662440503f,-0.68019839509623f,-0.8333982205453319f,1.6678224779819366f,0.4874380948055655f,-1.0042015711865715f,2.0054006586239654f,2.0887202074116322f,0f,0f,0f,1f],start_interpolation:0}
execute if entity @s[tag=aj.mech_torso.bone.blaster_right] run data modify entity @s {} merge value {transformation:[-0.4178278248355298f,-0.8489588047587706f,-0.32355657405741167f,-0.15848974765447865f,0.8833544998944727f,-0.2963652021015009f,-0.3631149879852421f,1.7428777666227204f,0.21237875672815248f,-0.43753470125910704f,0.8737612081597054f,1.2563628196306185f,0f,0f,0f,1f],start_interpolation:0}
execute if entity @s[tag=aj.mech_torso.bone.rocket_right] run data modify entity @s {} merge value {transformation:[-0.9627987417243142f,-1.9562518827444466f,-0.7455699306328626f,-0.4334488820730182f,2.035509725398709f,-0.6829129768619789f,-0.8367242025373651f,1.2131377132407628f,0.4893833957260468f,-1.0082092067439796f,2.0134039472235385f,1.0059266745902347f,0f,0f,0f,1f],start_interpolation:0}
execute if entity @s[tag=aj.mech_torso.bone.sword_right] run data modify entity @s {} merge value {transformation:[-1.1131135203733853f,-2.2616672888862617f,-0.8619703518566909f,0.5059391104228539f,2.3532990831863705f,-0.7895312227165001f,-0.9673558785504377f,2.016745834268465f,0.5657872728970401f,-1.165613591664822f,2.327742090329183f,0.24728955493409366f,0f,0f,0f,1f],start_interpolation:0}
execute if entity @s[tag=aj.mech_torso.bone.right_hand] run data modify entity @s {} merge value {transformation:[-0.4178278248355298f,-0.8489588047587706f,-0.32355657405741167f,-0.09320415002392712f,0.8833544998944727f,-0.2963652021015009f,-0.3631149879852421f,1.604853626014209f,0.21237875672815248f,-0.43753470125910704f,0.8737612081597054f,1.2231786388918446f,0f,0f,0f,1f],start_interpolation:0}
execute if entity @s[tag=aj.mech_torso.bone.right_arm_low] run data modify entity @s {} merge value {transformation:[-0.4178278248355298f,-0.8489588047587706f,-0.32355657405741167f,-0.9261598586697712f,0.8833544998944727f,-0.2963652021015009f,-0.3631149879852421f,1.2419314242947648f,0.21237875672815248f,-0.43753470125910704f,0.8737612081597054f,0.7996753030922188f,0f,0f,0f,1f],start_interpolation:0}
execute if entity @s[tag=aj.mech_torso.bone.right_arm] run data modify entity @s {} merge value {transformation:[-0.4624076164165027f,-0.08548328150135297f,-1.0018202350710415f,-1f,0.9776032721319636f,0.2195419592625922f,-0.469962922978024f,1.4375f,0.23503833119496545f,-1.0813259985965984f,-0.01621869791885332f,-0.30617375000000013f,0f,0f,0f,1f],start_interpolation:0}