execute if entity @s[tag=aj.mech_torso.bone.barrel_left] run data modify entity @s {} merge value {transformation:[-1.1911147538247293f,1.934944721193699f,0.3238565463231977f,-0.5920796496301337f,-1.5463584367715075f,-0.6928084949177752f,-1.5480440781340958f,1.0600799300217827f,-1.2073399362637394f,-1.0215937591553215f,1.6632272734080158f,1.9343072887100186f,0f,0f,0f,1f],start_interpolation:0}
execute if entity @s[tag=aj.mech_torso.bone.blaster_left] run data modify entity @s {} merge value {transformation:[-0.5189735337340873f,0.8430632701958594f,0.14110561197279797f,0.37903567552576367f,-0.6737546485541375f,-0.3018594737861667f,-0.6744890893389079f,1.2243259099480643f,-0.5260429115911031f,-0.44511254816304835f,0.7246748751216318f,1.2433092038927636f,0f,0f,0f,1f],start_interpolation:0}
execute if entity @s[tag=aj.mech_torso.bone.sword_left] run data modify entity @s {} merge value {transformation:[-1.3825705775884058f,2.245961299859829f,0.37591217040011254f,-0.09124616158232313f,-1.794914948556236f,-0.8041682280409145f,-1.7968715343048356f,1.9241525388094491f,-1.4014037418860923f,-1.1858013420795221f,1.9305688932763247f,0.33568815815284814f,0f,0f,0f,1f],start_interpolation:0}
execute if entity @s[tag=aj.mech_torso.bone.rocket_left] run data modify entity @s {} merge value {transformation:[-1.195868335154761f,1.9426668294723304f,0.3251490149348635f,0.7282967967260421f,-1.5525297486211598f,-0.6955734019228756f,-1.5542221171553194f,0.9259664411347153f,-1.2121582701493674f,-1.0256708046329333f,1.669864993316265f,0.9838509045702314f,0f,0f,0f,1f],start_interpolation:0}
execute if entity @s[tag=aj.mech_torso.bone.drillhead_left1] run data modify entity @s {} merge value {transformation:[0.14110561197279786f,0.8430632701958594f,0.5189735337340873f,-0.5353327142064654f,-0.674489089338908f,-0.3018594737861667f,0.6737546485541374f,1.2163435066812063f,0.7246748751216316f,-0.44511254816304835f,0.5260429115911032f,1.677194768420959f,0f,0f,0f,1f],start_interpolation:0}
execute if entity @s[tag=aj.mech_torso.bone.drillhead_left2] run data modify entity @s {} merge value {transformation:[-0.5334678056477059f,0.8430632701958594f,-0.06823798637185272f,-0.6815822988978681f,-0.3643523299324857f,-0.3018594737861667f,-0.8809814060230261f,1.316638646677293f,-0.7633213478019535f,-0.44511254816304835f,0.46820437787103936f,1.3321748583981259f,0f,0f,0f,1f],start_interpolation:0}
execute if entity @s[tag=aj.mech_torso.bone.drillhead_left3] run data modify entity @s {} merge value {transformation:[0.4254702458162523f,0.8430632701958594f,-0.3289671600201478f,-0.4846780814027767f,0.8805839295345198f,-0.3018594737861667f,0.36531192306176186f,1.5723800050728425f,0.20867921068137574f,-0.44511254816304835f,-0.870820191829057f,1.5316856608066858f,0f,0f,0f,1f],start_interpolation:0}
execute if entity @s[tag=aj.mech_torso.bone.drill_left] run data modify entity @s {} merge value {transformation:[0.21572302390607823f,1.2888796940681433f,0.7934095494793137f,-0.1375987818874893f,-1.0311625732638898f,-0.4614843985964413f,1.0300397562139116f,1.2416661361186367f,1.1078868744081907f,-0.6804904746579709f,0.804217252639583f,1.2522384697751572f,0f,0f,0f,1f],start_interpolation:0}
execute if entity @s[tag=aj.mech_torso.bone.left_hand] run data modify entity @s {} merge value {transformation:[-0.5189735337340873f,0.8430632701958594f,0.14110561197279797f,0.29794606087981257f,-0.6737546485541375f,-0.3018594737861667f,-0.6744890893389079f,1.1190517461114804f,-0.5260429115911031f,-0.44511254816304835f,0.7246748751216318f,1.1611149989566536f,0f,0f,0f,1f],start_interpolation:0}
execute if entity @s[tag=aj.mech_torso.bone.left_arm_low] run data modify entity @s {} merge value {transformation:[-0.5189735337340873f,0.8430632701958594f,0.14110561197279797f,1.1129830355914414f,-0.6737546485541375f,-0.3018594737861667f,-0.6744890893389079f,0.7540048227488392f,-0.5260429115911031f,-0.44511254816304835f,0.7246748751216318f,0.7057708586667123f,0f,0f,0f,1f],start_interpolation:0}
execute if entity @s[tag=aj.mech_torso.bone.left_arm] run data modify entity @s {} merge value {transformation:[-0.7247843989822514f,-0.09101169240279583f,0.8313702095769031f,1f,-0.6873974156976299f,0.6914678176437422f,-0.5235733268504499f,1.4375f,-0.4763867613800621f,-0.8592794117997983f,-0.5093785670528711f,-0.18117374999999988f,0f,0f,0f,1f],start_interpolation:0}
execute if entity @s[tag=aj.mech_torso.bone.drillhead_right1] run data modify entity @s {} merge value {transformation:[-0.39767630491232664f,-0.816868083171627f,0.4178278248355297f,0.5994763342643652f,-0.3880010736058822f,-0.2629448504855508f,-0.8833544998944728f,1.737788354216158f,0.8314497720199102f,-0.5134067980643063f,-0.21237875672815223f,2.0187327088972866f,0f,0f,0f,1f],start_interpolation:0}
execute if entity @s[tag=aj.mech_torso.bone.drillhead_right2] run data modify entity @s {} merge value {transformation:[-0.23383844214514185f,-0.816868083171627f,-0.5273007848189164f,0.629847842712635f,0.964594725013086f,-0.2629448504855508f,-0.02042111848211564f,2.0124825610959407f,-0.12196966611441706f,-0.5134067980643063f,0.8494332582665304f,1.8297228566470134f,0f,0f,0f,1f],start_interpolation:0}
execute if entity @s[tag=aj.mech_torso.bone.drillhead_right3] run data modify entity @s {} merge value {transformation:[0.5382067088133723f,-0.816868083171627f,0.20750921252751625f,0.7884427419117722f,-0.6676315597954083f,-0.2629448504855508f,0.696511382511644f,1.6773474488299265f,-0.5143944390770843f,-0.5134067980643063f,-0.6868855950942109f,1.7490284453564913f,0f,0f,0f,1f],start_interpolation:0}
execute if entity @s[tag=aj.mech_torso.bone.drill_right] run data modify entity @s {} merge value {transformation:[-0.60796968902995f,-1.2488323502549006f,0.638777441842609f,0.2593548489193278f,-0.5931781430011548f,-0.4019915117069168f,-1.3504771442755445f,1.6820427047217241f,1.271124915150304f,-0.7848990938342011f,-0.3246857936709314f,1.5817849345495847f,0f,0f,0f,1f],start_interpolation:0}
execute if entity @s[tag=aj.mech_torso.bone.barrel_right] run data modify entity @s {} merge value {transformation:[-0.9589716129437479f,-1.8748232087935148f,-0.9127211374718734f,0.5821605966277333f,2.0274185662440507f,-0.6034941485398634f,-0.8905151674046651f,1.5780582119329905f,0.48743809480556544f,-1.1783383393143203f,1.9082901653797268f,2.3523093530678043f,0f,0f,0f,1f],start_interpolation:0}
execute if entity @s[tag=aj.mech_torso.bone.blaster_right] run data modify entity @s {} merge value {transformation:[-0.4178278248355298f,-0.816868083171627f,-0.39767630491232653f,-0.00372948033729803f,0.8833544998944727f,-0.2629448504855508f,-0.38800107360588243f,1.2571968528103135f,0.21237875672815243f,-0.5134067980643063f,0.8314497720199102f,1.351659126549286f,0f,0f,0f,1f],start_interpolation:0}
execute if entity @s[tag=aj.mech_torso.bone.rocket_right] run data modify entity @s {} merge value {transformation:[-0.9627987417243142f,-1.8823053800736655f,-0.9163636867264099f,-0.4761896495584628f,2.035509725398709f,-0.6059026138099566f,-0.8940690955717808f,1.1842888448322773f,0.48938339572604667f,-1.18304093166509f,1.915905898854024f,1.1668318467116414f,0f,0f,0f,1f],start_interpolation:0}
execute if entity @s[tag=aj.mech_torso.bone.sword_right] run data modify entity @s {} merge value {transformation:[-1.1131135203733853f,-2.1761760555265677f,-1.059428897307842f,0.5339032442013424f,2.3532990831863705f,-0.7004977906946142f,-1.0336536134712953f,1.9956999580321106f,0.56578727289704f,-1.3677405247052186f,2.215022379400022f,0.5148422430376144f,0f,0f,0f,1f],start_interpolation:0}
execute if entity @s[tag=aj.mech_torso.bone.right_hand] run data modify entity @s {} merge value {transformation:[-0.4178278248355298f,-0.816868083171627f,-0.39767630491232653f,-0.14735779512451141f,0.8833544998944727f,-0.2629448504855508f,-0.38800107360588243f,1.5608499621490384f,0.21237875672815243f,-0.5134067980643063f,0.8314497720199102f,1.4246643241745884f,0f,0f,0f,1f],start_interpolation:0}
execute if entity @s[tag=aj.mech_torso.bone.right_arm_low] run data modify entity @s {} merge value {transformation:[-0.4178278248355298f,-0.816868083171627f,-0.39767630491232653f,-0.9505390237724279f,0.8833544998944727f,-0.2629448504855508f,-0.38800107360588243f,1.2305704218698992f,0.21237875672815243f,-0.5134067980643063f,0.8314497720199102f,0.9239666591903948f,0f,0f,0f,1f],start_interpolation:0}
execute if entity @s[tag=aj.mech_torso.bone.right_arm] run data modify entity @s {} merge value {transformation:[-0.4624076164165027f,-0.06150081056151853f,-1.0035780114741017f,-1f,0.9776032721319636f,0.23071809713911187f,-0.4645782824276369f,1.4375f,0.2350383311949654f,-1.0806288856433606f,-0.042073422921152785f,-0.1811737500000001f,0f,0f,0f,1f],start_interpolation:0}