execute if entity @s[tag=aj.mech_torso.bone.barrel_left] run data modify entity @s {} merge value {transformation:[-1.1882463409099675f,1.9191669860679084f,0.4153519066427755f,-0.5908328580647193f,-1.5563552930682303f,-0.6244818678392927f,-1.5669808843534585f,1.0142418037030252f,-1.1972791355833743f,-1.0929176408941637f,1.6247160352411614f,1.884768906446573f,0f,0f,0f,1f],start_interpolation:0}
execute if entity @s[tag=aj.mech_torso.bone.blaster_left] run data modify entity @s {} merge value {transformation:[-0.5177237545824126f,0.8361888469496868f,0.18097051190192107f,0.3536509186249853f,-0.67811031942622f,-0.2720892849868186f,-0.6827399326852297f,1.2155504383750482f,-0.5216593798914767f,-0.4761886529856789f,0.7078953723107143f,1.1671720146806306f,0f,0f,0f,1f],start_interpolation:0}
execute if entity @s[tag=aj.mech_torso.bone.sword_left] run data modify entity @s {} merge value {transformation:[-1.3792411055223521f,2.227647504068235f,0.48211419061479305f,-0.16260093074339044f,-1.806518666283556f,-0.7248590061869925f,-1.8188521797701986f,1.9180919334116666f,-1.3897258015675888f,-1.2685895873387432f,1.8858674867787382f,0.28704829881864424f,0f,0f,0f,1f],start_interpolation:0}
execute if entity @s[tag=aj.mech_torso.bone.rocket_left] run data modify entity @s {} merge value {transformation:[-1.1929884747837116f,1.926826127493948f,0.4170095211274172f,0.7021616624401967f,-1.5625665010482082f,-0.6269740923192366f,-1.5732344976618833f,0.9308798126784651f,-1.2020573181451053f,-1.0972793305435737f,1.6312000618951226f,0.8918118708491675f,0f,0f,0f,1f],start_interpolation:0}
execute if entity @s[tag=aj.mech_torso.bone.drillhead_left1] run data modify entity @s {} merge value {transformation:[0.18097051190192096f,0.8361888469496868f,0.5177237545824126f,-0.5461868480988801f,-0.6827399326852298f,-0.2720892849868186f,0.6781103194262199f,1.176271012454636f,0.7078953723107142f,-0.4761886529856789f,0.5216593798914768f,1.6288418905509805f,0f,0f,0f,1f],start_interpolation:0}
execute if entity @s[tag=aj.mech_torso.bone.drillhead_left2] run data modify entity @s {} merge value {transformation:[-0.547568797005082f,0.8361888469496868f,-0.03092935148626405f,-0.705685967972309f,-0.36521898404988135f,-0.2720892849868186f,-0.8902710343962308f,1.2785307145663154f,-0.7528502548554927f,-0.4761886529856789f,0.4543796436150114f,1.2903307703126072f,0f,0f,0f,1f],start_interpolation:0}
execute if entity @s[tag=aj.mech_torso.bone.drillhead_left3] run data modify entity @s {} merge value {transformation:[0.4090599637020931f,0.8361888469496868f,-0.365319255354814f,-0.5092611569266394f,0.8877655057552696f,-0.2720892849868186f,0.3712678652758043f,1.5359258885501457f,0.21105059319303815f,-0.4761886529856789f,-0.8536404476596406f,1.488180439391353f,0f,0f,0f,1f],start_interpolation:0}
execute if entity @s[tag=aj.mech_torso.bone.drill_left] run data modify entity @s {} merge value {transformation:[0.2766686988525962f,1.2783700385729355f,0.7914988803425964f,-0.16272586691413038f,-1.0437765072638148f,-0.41597157270480867f,1.0366987294363685f,1.2191980484040341f,1.0822342796218867f,-0.7279997920397097f,0.7975156856330642f,1.1923372310893554f,0f,0f,0f,1f],start_interpolation:0}
execute if entity @s[tag=aj.mech_torso.bone.left_hand] run data modify entity @s {} merge value {transformation:[-0.5177237545824126f,0.8361888469496868f,0.18097051190192107f,0.27275658197148334f,-0.67811031942622f,-0.2720892849868186f,-0.6827399326852297f,1.1095957009647013f,-0.5216593798914767f,-0.4761886529856789f,0.7078953723107143f,1.0856627365725873f,0f,0f,0f,1f],start_interpolation:0}
execute if entity @s[tag=aj.mech_torso.bone.left_arm_low] run data modify entity @s {} merge value {transformation:[-0.5177237545824126f,0.8361888469496868f,0.18097051190192107f,1.0822430227567044f,-0.67811031942622f,-0.2720892849868186f,-0.6827399326852297f,0.7737888981173305f,-0.5216593798914767f,-0.4761886529856789f,0.7078953723107143f,0.598992102728401f,0f,0f,0f,1f],start_interpolation:0}
execute if entity @s[tag=aj.mech_torso.bone.left_arm] run data modify entity @s {} merge value {transformation:[-0.7247843989822514f,-0.06077187650282963f,0.8341260891209971f,1f,-0.6873974156976302f,0.6720056658186728f,-0.5483294233705227f,1.4375f,-0.47638676138006214f,-0.8772041624775586f,-0.47784986078044295f,-0.3061737499999999f,0f,0f,0f,1f],start_interpolation:0}
execute if entity @s[tag=aj.mech_torso.bone.drillhead_right1] run data modify entity @s {} merge value {transformation:[-0.31280598299446744f,-0.8529785025404067f,0.41782782483552977f,0.7341581783899511f,-0.35934207414533437f,-0.3009287312057705f,-0.8833544998944729f,1.7736341766812351f,0.8792187957225402f,-0.4264616898841095f,-0.21237875672815223f,1.7153215194504374f,0f,0f,0f,1f],start_interpolation:0}
execute if entity @s[tag=aj.mech_torso.bone.drillhead_right2] run data modify entity @s {} merge value {transformation:[-0.2663169082425984f,-0.8529785025404067f,-0.44889083148136216f,0.7411214442182026f,0.9536274007313744f,-0.3009287312057705f,0.006056344541736591f,2.0404238911841803f,-0.14025008006566886f,-0.4264616898841095f,0.8935660815534369f,1.5131364032058223f,0f,0f,0f,1f],start_interpolation:0}
execute if entity @s[tag=aj.mech_torso.bone.drillhead_right3] run data modify entity @s {} merge value {transformation:[0.5057282427159159f,-0.8529785025404067f,0.12909925918996207f,0.8997053102754905f,-0.6785988840771201f,-0.3009287312057705f,0.670033919487792f,1.705285053248236f,-0.5326748530283361f,-0.4264616898841095f,-0.7310184183811174f,1.4324357819422189f,0f,0f,0f,1f],start_interpolation:0}
execute if entity @s[tag=aj.mech_torso.bone.drill_right] run data modify entity @s {} merge value {transformation:[-0.47821948116768304f,-1.304038154983996f,0.6387774418426091f,0.2141776063425711f,-0.5493641093896221f,-0.46006147429800937f,-1.3504771442755445f,1.6326375828589736f,1.344154457335763f,-0.6519769414956468f,-0.3246857936709314f,1.2686554911996528f,0f,0f,0f,1f],start_interpolation:0}
execute if entity @s[tag=aj.mech_torso.bone.barrel_right] run data modify entity @s {} merge value {transformation:[-0.9589716129437477f,-1.9577015262434951f,-0.7179322204516592f,0.7252293516077587f,2.0274185662440507f,-0.6906723142698987f,-0.8247388707952809f,1.6813766531352328f,0.4874380948055654f,-0.9787875059969071f,2.017926563402982f,2.06821291713706f,0f,0f,0f,1f],start_interpolation:0}
execute if entity @s[tag=aj.mech_torso.bone.blaster_right] run data modify entity @s {} merge value {transformation:[-0.4178278248355298f,-0.8529785025404067f,-0.3128059829944673f,-0.14968696212753574f,0.8833544998944728f,-0.3009287312057705f,-0.3593420741453346f,1.7497281176908313f,0.21237875672815243f,-0.4264616898841095f,0.8792187957225402f,1.2451882570273816f,0f,0f,0f,1f],start_interpolation:0}
execute if entity @s[tag=aj.mech_torso.bone.rocket_right] run data modify entity @s {} merge value {transformation:[-0.9627987417243142f,-1.9655144539190559f,-0.7207973929200624f,-0.4259840334954593f,2.0355097253987093f,-0.6934286960607723f,-0.828030294468588f,1.217942106871733f,0.48938339572604667f,-0.9826937173838749f,2.025979841230636f,1.0006297168971736f,0f,0f,0f,1f],start_interpolation:0}
execute if entity @s[tag=aj.mech_torso.bone.sword_right] run data modify entity @s {} merge value {transformation:[-1.1131135203733853f,-2.272375958061933f,-0.8333302576531058f,0.5027018983111514f,2.3532990831863705f,-0.8016886848208477f,-0.9573046537234218f,2.0200130885443963f,0.56578727289704f,-1.136114554166279f,2.342281367379974f,0.22733115077254784f,0f,0f,0f,1f],start_interpolation:0}
execute if entity @s[tag=aj.mech_torso.bone.right_hand] run data modify entity @s {} merge value {transformation:[-0.4178278248355298f,-0.8529785025404067f,-0.3128059829944673f,-0.08440136449698421f,0.8833544998944728f,-0.3009287312057705f,-0.3593420741453346f,1.6117039770823198f,0.21237875672815243f,-0.4264616898841095f,0.8792187957225402f,1.2120040762886077f,0f,0f,0f,1f],start_interpolation:0}
execute if entity @s[tag=aj.mech_torso.bone.right_arm_low] run data modify entity @s {} merge value {transformation:[-0.4178278248355298f,-0.8529785025404067f,-0.3128059829944673f,-0.9210408149537475f,0.8833544998944728f,-0.3009287312057705f,-0.3593420741453346f,1.244336149816103f,0.21237875672815243f,-0.4264616898841095f,0.8792187957225402f,0.799744301475318f,0f,0f,0f,1f],start_interpolation:0}
execute if entity @s[tag=aj.mech_torso.bone.right_arm] run data modify entity @s {} merge value {transformation:[-0.4624076164165027f,-0.09051902889640655f,-1.0013777909568835f,-1f,0.9776032721319637f,0.21717636307868146f,-0.471060769084863f,1.4375f,0.2350383311949654f,-1.0813938742482299f,-0.010781935889138155f,-0.30617375000000013f,0f,0f,0f,1f],start_interpolation:0}