execute if entity @s[tag=aj.mech_torso.bone.barrel_left] run data modify entity @s {} merge value {transformation:[-1.1883021737547959f,1.9201605683953369f,0.4105725622591172f,-0.5920144303425261f,-1.5561490725079545f,-0.6282554919794004f,-1.56567672090411f,1.017489708008521f,-1.1974917542233656f,-1.0890027189259495f,1.6271862432400386f,1.881333010192509f,0f,0f,0f,1f],start_interpolation:0}
execute if entity @s[tag=aj.mech_torso.bone.blaster_left] run data modify entity @s {} merge value {transformation:[-0.5177480811795653f,0.8366217548033302f,0.17888813215156135f,0.3539296615465636f,-0.6780204682909274f,-0.273733468344205f,-0.6821717033759194f,1.2167358516361608f,-0.5217520186960753f,-0.47448290559096884f,0.708971651963971f,1.165085274304051f,0f,0f,0f,1f],start_interpolation:0}
execute if entity @s[tag=aj.mech_torso.bone.sword_left] run data modify entity @s {} merge value {transformation:[-1.3793059127529523f,2.228800791514221f,0.47656663031148017f,-0.15992570148585872f,-1.8062792985163316f,-0.7292391901199321f,-1.8173383894257793f,1.9189551164697702f,-1.3899725958205817f,-1.264045393834778f,1.8887347477951972f,0.28330352725627495f,0f,0f,0f,1f],start_interpolation:0}
execute if entity @s[tag=aj.mech_torso.bone.rocket_left] run data modify entity @s {} merge value {transformation:[-1.1930445304500334f,1.9278236750769377f,0.4122111030129038f,0.7025229095233942f,-1.5623594574889712f,-0.6307627764938216f,-1.571925129468824f,0.931292687832606f,-1.2022707853179475f,-1.0933487846399523f,1.6336801281671738f,0.8906307968350529f,0f,0f,0f,1f],start_interpolation:0}
execute if entity @s[tag=aj.mech_torso.bone.drillhead_left1] run data modify entity @s {} merge value {transformation:[0.17888813215156124f,0.8366217548033302f,0.5177480811795653f,-0.5467277987700709f,-0.6821717033759195f,-0.273733468344205f,0.6780204682909273f,1.179168477707404f,0.7089716519639709f,-0.47448290559096884f,0.5217520186960755f,1.6252969490814968f,0f,0f,0f,1f],start_interpolation:0}
execute if entity @s[tag=aj.mech_torso.bone.drillhead_left2] run data modify entity @s {} merge value {transformation:[-0.5467943796199318f,0.8366217548033302f,-0.03286252890223351f,-0.7055270425355693f,-0.36535342436746887f,-0.273733468344205f,-0.8897116744267304f,1.2812529966946786f,-0.7533477163428707f,-0.47448290559096884f,0.4553385450221996f,1.2864041258998176f,0f,0f,0f,1f],start_interpolation:0}
execute if entity @s[tag=aj.mech_torso.bone.drillhead_left3] run data modify entity @s {} merge value {transformation:[0.4098793307776533f,0.8366217548033302f,-0.3634046967102369f,-0.5090927301444673f,0.8874650421879425f,-0.273733468344205f,0.3707772743880151f,1.5386140031323539f,0.21072430589663016f,-0.47448290559096884f,-0.854670251738257f,1.484288806509218f,0f,0f,0f,1f],start_interpolation:0}
execute if entity @s[tag=aj.mech_torso.bone.drill_left] run data modify entity @s {} merge value {transformation:[0.2734851454106893f,1.2790318704445032f,0.7915360709760925f,-0.1624831040278767f,-1.0429077952178323f,-0.4184852091275741f,1.0365613645340397f,1.2210929620023319f,1.0838797017856336f,-0.7253920361832118f,0.7976573123393281f,1.1893844298561786f,0f,0f,0f,1f],start_interpolation:0}
execute if entity @s[tag=aj.mech_torso.bone.left_hand] run data modify entity @s {} merge value {transformation:[-0.5177480811795653f,0.8366217548033302f,0.17888813215156135f,0.2730315238622565f,-0.6780204682909274f,-0.273733468344205f,-0.6821717033759194f,1.1107951534657035f,-0.5217520186960753f,-0.47448290559096884f,0.708971651963971f,1.0835615213827892f,0f,0f,0f,1f],start_interpolation:0}
execute if entity @s[tag=aj.mech_torso.bone.left_arm_low] run data modify entity @s {} merge value {transformation:[-0.5177480811795653f,0.8366217548033302f,0.17888813215156135f,1.0828842777216001f,-0.6780204682909274f,-0.273733468344205f,-0.6821717033759194f,0.7733675401228179f,-0.5217520186960753f,-0.47448290559096884f,0.708971651963971f,0.5986244787471897f,0f,0f,0f,1f],start_interpolation:0}
execute if entity @s[tag=aj.mech_torso.bone.left_arm] run data modify entity @s {} merge value {transformation:[-0.7247843989822514f,-0.06140269706193734f,0.8340798896505566f,1f,-0.68739741569763f,0.6724201675383221f,-0.5478210380352165f,1.4375f,-0.47638676138006203f,-0.8768425204193069f,-0.4785131414084269f,-0.3061737499999999f,0f,0f,0f,1f],start_interpolation:0}
execute if entity @s[tag=aj.mech_torso.bone.drillhead_right1] run data modify entity @s {} merge value {transformation:[-0.31345098929335474f,-0.8527416877954468f,0.4178278248355299f,0.7344008841741854f,-0.35956955958554854f,-0.30065687974107735f,-0.8833544998944728f,1.7734410539642012f,0.8788960172457673f,-0.4271265088473583f,-0.21237875672815235f,1.7166022739628757f,0f,0f,0f,1f],start_interpolation:0}
execute if entity @s[tag=aj.mech_torso.bone.drillhead_right2] run data modify entity @s {} merge value {transformation:[-0.2660700750182432f,-0.8527416877954468f,-0.44948673959924507f,0.7415420503991198f,0.9537144556404485f,-0.30065687974107735f,0.005846175399578324f,2.040293511652947f,-0.14012655809028368f,-0.4271265088473583f,0.8932678731252112f,1.514506183855149f,0f,0f,0f,1f],start_interpolation:0}
execute if entity @s[tag=aj.mech_torso.bone.drillhead_right3] run data modify entity @s {} merge value {transformation:[0.5059750759402712f,-0.8527416877954468f,0.12969516730784486f,0.9001260003072267f,-0.6785118291680458f,-0.30065687974107735f,0.6702440886299501f,1.70515470329011f,-0.532551331052951f,-0.4271265088473583f,-0.7307202099528917f,1.4338056045527474f,0f,0f,0f,1f],start_interpolation:0}
execute if entity @s[tag=aj.mech_torso.bone.drill_right] run data modify entity @s {} merge value {transformation:[-0.4792055702912061f,-1.3036761113191546f,0.6387774418426093f,0.2146962179376395f,-0.5497118903628344f,-0.45964586630625764f,-1.3504771442755445f,1.632669164016949f,1.3436609918520892f,-0.6529933203277644f,-0.3246857936709316f,1.2695444360244603f,0f,0f,0f,1f],start_interpolation:0}
execute if entity @s[tag=aj.mech_torso.bone.barrel_right] run data modify entity @s {} merge value {transformation:[-0.958971612943748f,-1.9571580042364758f,-0.7194125975209612f,0.7252214862651064f,2.0274185662440503f,-0.6900483782319373f,-0.825260980780678f,1.6810734774796066f,0.4874380948055656f,-0.980313355822139f,2.0171857429547115f,2.0694584523531017f,0f,0f,0f,1f],start_interpolation:0}
execute if entity @s[tag=aj.mech_torso.bone.blaster_right] run data modify entity @s {} merge value {transformation:[-0.41782782483552994f,-0.8527416877954468f,-0.31345098929335463f,-0.14913379170314536f,0.8833544998944727f,-0.30065687974107735f,-0.35956955958554876f,1.7498255878223288f,0.21237875672815254f,-0.4271265088473583f,0.8788960172457673f,1.245871137547812f,0f,0f,0f,1f],start_interpolation:0}
execute if entity @s[tag=aj.mech_torso.bone.rocket_right] run data modify entity @s {} merge value {transformation:[-0.9627987417243145f,-1.9649687627876458f,-0.7222836779783095f,-0.42535276859226934f,2.035509725398709f,-0.6928022699766657f,-0.8285544881258319f,1.2181612848955636f,0.4893833957260469f,-0.9842256566738022f,2.025236064266009f,1.0009600142811814f,0f,0f,0f,1f],start_interpolation:0}
execute if entity @s[tag=aj.mech_torso.bone.sword_right] run data modify entity @s {} merge value {transformation:[-1.1131135203733855f,-2.271745072135314f,-0.835048585608646f,0.5039783234366987f,2.3532990831863705f,-0.8009644593794176f,-0.9579106859312819f,2.020327272274778f,0.5657872728970402f,-1.1378856640172903f,2.341421469916891f,0.22853555711566553f,0f,0f,0f,1f],start_interpolation:0}
execute if entity @s[tag=aj.mech_torso.bone.right_hand] run data modify entity @s {} merge value {transformation:[-0.41782782483552994f,-0.8527416877954468f,-0.31345098929335463f,-0.0838481940725938f,0.8833544998944727f,-0.30065687974107735f,-0.35956955958554876f,1.6118014472138174f,0.21237875672815254f,-0.4271265088473583f,0.8788960172457673f,1.2126869568090382f,0f,0f,0f,1f],start_interpolation:0}
execute if entity @s[tag=aj.mech_torso.bone.right_arm_low] run data modify entity @s {} merge value {transformation:[-0.41782782483552994f,-0.8527416877954468f,-0.31345098929335463f,-0.9202709862312373f,0.8833544998944727f,-0.30065687974107735f,-0.35956955958554876f,1.244698362492287f,0.21237875672815254f,-0.4271265088473583f,0.8788960172457673f,0.7997522762051006f,0f,0f,0f,1f],start_interpolation:0}
execute if entity @s[tag=aj.mech_torso.bone.right_arm] run data modify entity @s {} merge value {transformation:[-0.4624076164165028f,-0.09127633107999274f,-1.0013090462982006f,-1f,0.9776032721319636f,0.21682004427350318f,-0.4712248818262275f,1.4375f,0.23503833119496553f,-1.0814017192143908f,-0.009964089686171846f,-0.30617375000000013f,0f,0f,0f,1f],start_interpolation:0}