execute if entity @s[tag=aj.mech_torso.bone.barrel_left] run data modify entity @s {} merge value {transformation:[-1.7195045023166227f,-1.501999168288712f,0.2344168475676974f,3.1057548116644176f,-1.4906433453551875f,1.735355250809048f,0.18485957883879453f,-0.8029229549444643f,-0.29822001427109973f,-0.013753014221569599f,-2.2756370912644797f,-1.1328963155190543f,0f,0f,0f,1f],start_interpolation:0}
execute if entity @s[tag=aj.mech_torso.bone.blaster_left] run data modify entity @s {} merge value {transformation:[-0.7491950922221913f,-0.6544271351936883f,0.10213637213238172f,2.54082676324698f,-0.6494793570410411f,0.7561013276886144f,0.08054406896271332f,0.1360731316391392f,-0.1299356708827036f,-0.0059922441285731876f,-0.9915043189227999f,-0.6362448085368989f,0f,0f,0f,1f],start_interpolation:0}
execute if entity @s[tag=aj.mech_torso.bone.sword_left] run data modify entity @s {} merge value {transformation:[-1.9958919367760417f,-1.7434255188008536f,0.2720962319519847f,2.364689628776116f,-1.7302443986595906f,2.0142904818599736f,0.2145732926800015f,-0.2766795629751073f,-0.3461549074556151f,-0.015963627983651855f,-2.641415428319087f,0.5184452807928469f,0f,0f,0f,1f],start_interpolation:0}
execute if entity @s[tag=aj.mech_torso.bone.rocket_left] run data modify entity @s {} merge value {transformation:[-1.726366817196756f,-1.507993448169113f,0.23535237417960825f,2.102934985748692f,-1.4965923056492845f,1.7422808239284555f,0.18559732895046424f,0.4176766502559533f,-0.2994101708765224f,-0.01380790068101894f,-2.284718857699013f,-0.7215123991092829f,0f,0f,0f,1f],start_interpolation:0}
execute if entity @s[tag=aj.mech_torso.bone.drillhead_left1] run data modify entity @s {} merge value {transformation:[0.10213637213238155f,-0.6544271351936883f,0.7491950922221913f,3.0010538848764727f,0.08054406896271318f,0.7561013276886144f,0.6494793570410411f,-0.7390722553063949f,-0.9915043189227999f,-0.0059922441285731876f,0.12993567088270339f,-0.8523501121135545f,0f,0f,0f,1f],start_interpolation:0}
execute if entity @s[tag=aj.mech_torso.bone.drillhead_left2] run data modify entity @s {} merge value {transformation:[-0.7312519090189264f,-0.6544271351936883f,-0.19234284566460466f,2.82428725666212f,-0.6308635655261098f,0.7561013276886144f,-0.174131972822909f,-0.8896058477754282f,0.2593873690985353f,-0.0059922441285731876f,-0.9657547751693718f,-0.5415768971649331f,0f,0f,0f,1f],start_interpolation:0}
execute if entity @s[tag=aj.mech_torso.bone.drillhead_left3] run data modify entity @s {} merge value {transformation:[0.6530801141050506f,-0.6544271351936883f,-0.3810662531407316f,3.1085532471958572f,0.5692178039915067f,0.7561013276886144f,-0.32295800638256555f,-0.6431738120227593f,0.4994771828418402f,-0.0059922441285731876f,0.8663063181292647f,-0.49214439854579717f,0f,0f,0f,1f],start_interpolation:0}
execute if entity @s[tag=aj.mech_torso.bone.left_hand] run data modify entity @s {} merge value {transformation:[-0.7491950922221913f,-0.6544271351936883f,0.10213637213238172f,2.4237650300872624f,-0.6494793570410411f,0.7561013276886144f,0.08054406896271332f,0.034591982101476515f,-0.1299356708827036f,-0.0059922441285731876f,-0.9915043189227999f,-0.6565472571123213f,0f,0f,0f,1f],start_interpolation:0}
execute if entity @s[tag=aj.mech_torso.bone.left_arm_low] run data modify entity @s {} merge value {transformation:[-0.7491950922221913f,-0.6544271351936883f,0.10213637213238172f,1.7257049632588242f,-0.6494793570410411f,0.7561013276886144f,0.08054406896271332f,0.7526178521301106f,-0.1299356708827036f,-0.0059922441285731876f,-0.9915043189227999f,-0.7016449906374009f,0f,0f,0f,1f],start_interpolation:0}
execute if entity @s[tag=aj.mech_torso.bone.left_arm] run data modify entity @s {} merge value {transformation:[-0.8291298382575946f,-0.6908650152124789f,-0.2449922868182272f,1f,-0.7187750158077375f,0.6937038196850985f,0.47635015035047373f,1.4375f,-0.14379904900780793f,0.5159966277445943f,-0.9684220630462136f,-0.18117374999999988f,0f,0f,0f,1f],start_interpolation:0}
execute if entity @s[tag=aj.mech_torso.bone.drillhead_right1] run data modify entity @s {} merge value {transformation:[-0.10213637213238164f,0.6544271351936882f,0.7491950922221913f,-3.0439954935023774f,0.08054406896271346f,0.7561013276886144f,-0.6494793570410411f,-0.7013461624473747f,-0.9915043189227999f,-0.005992244128573132f,-0.12993567088270366f,-0.7818264524491397f,0f,0f,0f,1f],start_interpolation:0}
execute if entity @s[tag=aj.mech_torso.bone.drillhead_right2] run data modify entity @s {} merge value {transformation:[-0.6530801141050506f,0.6544271351936882f,-0.3810662531407317f,-3.1580377498513963f,0.5692178039915066f,0.7561013276886144f,0.32295800638256583f,-0.6002765956499815f,0.49947718284184045f,-0.005992244128573132f,-0.8663063181292646f,-0.4836933169196952f,0f,0f,0f,1f],start_interpolation:0}
execute if entity @s[tag=aj.mech_torso.bone.drillhead_right3] run data modify entity @s {} merge value {transformation:[0.7312519090189264f,0.6544271351936882f,-0.19234284566460458f,-2.8737452038609046f,-0.6308635655261099f,0.7561013276886144f,0.1741319728229087f,-0.8467295728605807f,0.25938736909853505f,-0.005992244128573132f,0.9657547751693719f,-0.5328680244159114f,0f,0f,0f,1f],start_interpolation:0}
execute if entity @s[tag=aj.mech_torso.bone.drill_right] run data modify entity @s {} merge value {transformation:[-0.15614663895466743f,1.0004917490977596f,1.145373515129369f,-2.684742286363472f,0.1231362089105699f,1.155931805319212f,-0.9929275590575276f,-0.32715399948321155f,-1.5158171734175707f,-0.009160975281751634f,-0.19864635746369463f,-0.5802553283393286f,0f,0f,0f,1f],start_interpolation:0}
execute if entity @s[tag=aj.mech_torso.bone.barrel_right] run data modify entity @s {} merge value {transformation:[-1.7195045023166227f,1.5019991682887117f,-0.23441684756769682f,-3.1074779603765283f,1.4906433453551875f,1.735355250809048f,0.18485957883879453f,-0.80142915242327f,0.29822001427109934f,-0.01375301422156947f,-2.2756370912644797f,-1.1325974634760245f,0f,0f,0f,1f],start_interpolation:0}
execute if entity @s[tag=aj.mech_torso.bone.rocket_right] run data modify entity @s {} merge value {transformation:[-1.726366817196756f,1.5079934481691128f,-0.2353523741796077f,-1.9156362126931443f,1.4965923056492845f,1.7422808239284555f,0.18559732895046424f,0.255306810995693f,0.299410170876522f,-0.013807900681018812f,-2.284718857699013f,-0.753996316829959f,0f,0f,0f,1f],start_interpolation:0}
execute if entity @s[tag=aj.mech_torso.bone.sword_right] run data modify entity @s {} merge value {transformation:[-1.9958919367760417f,1.7434255188008534f,-0.272096231951984f,-2.364689628776116f,1.7302443986595906f,2.0142904818599736f,0.2145732926800015f,-0.2766795629751073f,0.34615490745561467f,-0.015963627983651706f,-2.641415428319087f,0.5184452807928466f,0f,0f,0f,1f],start_interpolation:0}
execute if entity @s[tag=aj.mech_torso.bone.right_hand] run data modify entity @s {} merge value {transformation:[-0.7491950922221913f,0.6544271351936882f,-0.10213637213238147f,-2.4237650300872624f,0.6494793570410411f,0.7561013276886144f,0.08054406896271332f,0.034591982101476515f,0.12993567088270344f,-0.005992244128573132f,-0.9915043189227999f,-0.6565472571123216f,0f,0f,0f,1f],start_interpolation:0}
execute if entity @s[tag=aj.mech_torso.bone.right_arm_low] run data modify entity @s {} merge value {transformation:[-0.7491950922221913f,0.6544271351936882f,-0.10213637213238147f,-1.7257049632588242f,0.6494793570410411f,0.7561013276886144f,0.08054406896271332f,0.7526178521301106f,0.12993567088270344f,-0.005992244128573132f,-0.9915043189227999f,-0.7016449906374013f,0f,0f,0f,1f],start_interpolation:0}
execute if entity @s[tag=aj.mech_torso.bone.right_arm] run data modify entity @s {} merge value {transformation:[-0.8291298382575946f,0.6908650152124787f,0.24499228681822746f,-1f,0.7187750158077375f,0.6937038196850985f,0.47635015035047373f,1.4375f,0.14379904900780777f,0.5159966277445945f,-0.9684220630462136f,-0.1811737500000001f,0f,0f,0f,1f],start_interpolation:0}