execute if entity @s[tag=aj.mech_torso.bone.barrel_left] run data modify entity @s {} merge value {transformation:[-1.177447934553401f,1.276576248019398f,1.500539215701923f,0.09887053638578025f,-1.7501275944036665f,0.12490811185279801f,-1.4795606984341327f,0.7051555857097767f,-0.9046094506324038f,-1.9032602397036464f,0.9093572978980571f,2.5448327472416192f,0f,0f,0f,1f],start_interpolation:0}
execute if entity @s[tag=aj.mech_torso.bone.blaster_left] run data modify entity @s {} merge value {transformation:[-0.5130188450952544f,0.5562094536972857f,0.6537910279247479f,0.516363711554603f,-0.7625376977631315f,0.054422971415765006f,-0.6446506027860222f,1.2611518967620623f,-0.39414201002587157f,-0.8292582129831733f,0.3962106663540496f,1.5629531106876229f,0f,0f,0f,1f],start_interpolation:0}
execute if entity @s[tag=aj.mech_torso.bone.sword_left] run data modify entity @s {} merge value {transformation:[-1.3667069992446041f,1.481768868106498f,1.7417308982912114f,-0.5072185452417111f,-2.0314372828297076f,0.1449854262952164f,-1.7173803639344312f,1.8305059660343628f,-1.0500133649060732f,-2.2091839602008014f,1.0555243653493953f,1.1594514541580585f,0f,0f,0f,1f],start_interpolation:0}
execute if entity @s[tag=aj.mech_torso.bone.rocket_left] run data modify entity @s {} merge value {transformation:[-1.1821469734166214f,1.281670894861326f,1.5065276691047853f,0.755171183102409f,-1.7571121219911359f,0.12540660359472833f,-1.4854654293512348f,1.128926204520329f,-0.9082196272184032f,-1.9108558994103166f,0.9129864225140825f,1.111502481776622f,0f,0f,0f,1f],start_interpolation:0}
execute if entity @s[tag=aj.mech_torso.bone.drillhead_left1] run data modify entity @s {} merge value {transformation:[0.6537910279247477f,0.5562094536972857f,0.5130188450952545f,-0.022856697495726275f,-0.6446506027860224f,0.054422971415765006f,0.7625376977631314f,0.8939211936041276f,0.3962106663540495f,-0.8292582129831733f,0.3941420100258717f,2.336757294658671f,0f,0f,0f,1f],start_interpolation:0}
execute if entity @s[tag=aj.mech_torso.bone.drillhead_left2] run data modify entity @s {} merge value {transformation:[-0.7241626053918268f,0.5562094536972857f,0.40770033673016337f,-0.34142352382388447f,-0.45779586638125563f,0.054422971415765006f,-0.8873900410228384f,0.9672687653770884f,-0.5157629937057884f,-0.8292582129831733f,0.21521930797118846f,2.1278982385475658f,0f,0f,0f,1f],start_interpolation:0}
execute if entity @s[tag=aj.mech_torso.bone.drillhead_left3] run data modify entity @s {} merge value {transformation:[0.22377261616034128f,0.5562094536972857f,-0.800347961748216f,-0.14684543970678943f,0.9511900770820141f,0.054422971415765006f,0.30376895404730103f,1.256694639855304f,0.2125164782257342f,-0.8292582129831733f,-0.5168825424431409f,2.2774024388327194f,0f,0f,0f,1f],start_interpolation:0}
execute if entity @s[tag=aj.mech_torso.bone.left_hand] run data modify entity @s {} merge value {transformation:[-0.5130188450952544f,0.5562094536972857f,0.6537910279247479f,0.4362045170084695f,-0.7625376977631315f,0.054422971415765006f,-0.6446506027860222f,1.142005381486573f,-0.39414201002587157f,-0.8292582129831733f,0.3962106663540496f,1.5013684216210805f,0f,0f,0f,1f],start_interpolation:0}
execute if entity @s[tag=aj.mech_torso.bone.left_arm_low] run data modify entity @s {} merge value {transformation:[-0.41016376178328834f,0.7403612836462738f,0.5325700500379489f,1.1675733796069738f,-0.8455945651462451f,-0.08995345228898016f,-0.5261921776465579f,0.9827587633244975f,-0.3416658015004055f,-0.666163302876206f,0.6629411240722285f,0.8345679162783564f,0f,0f,0f,1f],start_interpolation:0}
execute if entity @s[tag=aj.mech_torso.bone.left_arm] run data modify entity @s {} merge value {transformation:[-0.4539258425436215f,-0.15223759921792765f,0.9977710265333689f,1f,-0.9358145726123862f,0.47333660388062376f,-0.3535187741083667f,1.4375f,-0.37811954946999005f,-0.988710347546311f,-0.3228768085469948f,-0.18117374999999988f,0f,0f,0f,1f],start_interpolation:0}
execute if entity @s[tag=aj.mech_torso.bone.drillhead_right1] run data modify entity @s {} merge value {transformation:[-0.7372591324664558f,-0.6611257864592153f,0.13914620394927432f,0.299633980838503f,-0.41237048383495745f,0.2772097996800947f,-0.8678164039836104f,0.4343872195738228f,0.5351631112628484f,-0.6971853565874758f,-0.47700421686129973f,2.0384750984816633f,0f,0f,0f,1f],start_interpolation:0}
execute if entity @s[tag=aj.mech_torso.bone.drillhead_right2] run data modify entity @s {} merge value {transformation:[0.153582525499396f,-0.6611257864592153f,-0.7343875695706672f,0.4765659851249209f,0.9595651657780183f,0.2772097996800947f,-0.04888168968771622f,0.712853348104421f,0.2358963765864828f,-0.6971853565874758f,0.67696785601191f,1.9814159959056707f,0f,0f,0f,1f],start_interpolation:0}
execute if entity @s[tag=aj.mech_torso.bone.drillhead_right3] run data modify entity @s {} merge value {transformation:[0.41069118521014747f,-0.6611257864592153f,0.6278896757149051f,0.5294603341024289f,-0.6439504614579897f,0.2772097996800947f,0.7130796099660711f,0.3836172760872536f,-0.6454924891729774f,-0.6971853565874758f,-0.31188463408970235f,1.8003489633789997f,0f,0f,0f,1f],start_interpolation:0}
execute if entity @s[tag=aj.mech_torso.bone.drill_right] run data modify entity @s {} merge value {transformation:[-1.1271257552016851f,-1.0107326834368584f,0.2127274703062553f,0.110117732934914f,-0.6304342293603371f,0.4237998433040104f,-1.326722419082332f,0.6628357130654774f,0.8181602632988287f,-1.0658607495716146f,-0.7292466305103964f,1.5677220450234621f,0f,0f,0f,1f],start_interpolation:0}
execute if entity @s[tag=aj.mech_torso.bone.barrel_right] run data modify entity @s {} merge value {transformation:[-0.3193594387562881f,-1.5173734828432266f,-1.6921098533760097f,0.12925945981754206f,1.9917565255372602f,0.6362341445969406f,-0.9464462740586154f,0.20501900362116648f,1.0947894707694736f,-1.6001350943791937f,1.228272033337517f,2.2739526446667284f,0f,0f,0f,1f],start_interpolation:0}
execute if entity @s[tag=aj.mech_torso.bone.rocket_right] run data modify entity @s {} merge value {transformation:[-0.32063396000687844f,-1.523429119578115f,-1.698862839838097f,-0.5874871634663072f,1.9997053622075815f,0.638773270857927f,-0.9502234158695086f,0.6753997603857325f,1.099158630644166f,-1.6065210217516361f,1.2331739044520549f,0.879129108221169f,0f,0f,0f,1f],start_interpolation:0}
execute if entity @s[tag=aj.mech_torso.bone.sword_right] run data modify entity @s {} merge value {transformation:[-0.37069221272072483f,-1.7612710495403618f,-1.9640939630820409f,0.783952760898913f,2.3119048446718637f,0.7385003048214235f,-1.0985749001763792f,1.1349300314106097f,1.2707622889223178f,-1.8573354872412708f,1.4257003946212725f,0.770729127519201f,0f,0f,0f,1f],start_interpolation:0}
execute if entity @s[tag=aj.mech_torso.bone.right_hand] run data modify entity @s {} merge value {transformation:[-0.1391462039492745f,-0.6611257864592153f,-0.7372591324664558f,-0.2456321254448648f,0.8678164039836103f,0.2772097996800947f,-0.4123704838349576f,0.7795221167812726f,0.47700421686129985f,-0.6971853565874758f,0.5351631112628483f,1.3135251462763038f,0f,0f,0f,1f],start_interpolation:0}
execute if entity @s[tag=aj.mech_torso.bone.right_arm_low] run data modify entity @s {} merge value {transformation:[-0.24818394819442463f,-0.8324847788520616f,-0.495352218969756f,-1.0780851643775797f,0.8031971169593294f,0.10902672581812795f,-0.585651401744758f,0.8200474164849187f,0.5415525082269015f,-0.5432147513065277f,0.6415906910142467f,0.7565130722997898f,0f,0f,0f,1f],start_interpolation:0}
execute if entity @s[tag=aj.mech_torso.bone.right_arm] run data modify entity @s {} merge value {transformation:[-0.274663727727072f,0.06918502615858167f,-1.0698342148952487f,-1f,0.8888935640223743f,0.632096974440091f,-0.187332926303178f,1.4375f,0.599333001798414f,-0.9057807823050493f,-0.2124455363056208f,-0.1811737500000001f,0f,0f,0f,1f],start_interpolation:0}