execute if entity @s[tag=aj.mech_torso.bone.barrel_left] run data modify entity @s {} merge value {transformation:[-0.722572255376471f,-1.5882430186234602f,-1.4909801953764157f,3.0320048792821437f,-2.0750677375423026f,0.02369399056721346f,0.9803983745767653f,1.5296945759443625f,-0.6630472938048406f,1.656674742384737f,-1.4434145549956316f,-2.644670375289726f,0f,0f,0f,1f],start_interpolation:0}
execute if entity @s[tag=aj.mech_torso.bone.blaster_left] run data modify entity @s {} merge value {transformation:[-0.3148276650480618f,-0.6920039309032007f,-0.6496261239627787f,2.674238595291284f,-0.9041154372674249f,0.010323567879118319f,0.4271635518638941f,1.565188959401275f,-0.2888923976416097f,0.7218199107538966f,-0.6289015813496724f,-1.4965138072738093f,0f,0f,0f,1f],start_interpolation:0}
execute if entity @s[tag=aj.mech_torso.bone.sword_left] run data modify entity @s {} merge value {transformation:[-0.8387161163585141f,-1.843531918782787f,-1.7306353928328342f,3.513543353648201f,-2.4086072237932217f,0.027502483802418695f,1.1379843484037542f,0.8261201155015745f,-0.7696233104498009f,1.922963130210734f,-1.6754242096252927f,-0.9635569178132608f,0f,0f,0f,1f],start_interpolation:0}
execute if entity @s[tag=aj.mech_torso.bone.rocket_left] run data modify entity @s {} merge value {transformation:[-0.7254559456101174f,-1.594581486295562f,-1.496930499994363f,2.2384431744282502f,-2.0833490582329066f,0.023788550147499563f,0.9843110147270251f,1.455780428259292f,-0.6656934277954053f,1.6632863120089465f,-1.449175031438469f,-1.220049637862717f,0f,0f,0f,1f],start_interpolation:0}
execute if entity @s[tag=aj.mech_torso.bone.drillhead_left1] run data modify entity @s {} merge value {transformation:[-0.6496261239627789f,-0.6920039309032007f,0.31482766504806164f,3.1364889611499662f,0.4271635518638939f,0.010323567879118319f,0.904115437267425f,1.4092217968672895f,-0.6289015813496726f,0.7218199107538966f,0.2888923976416095f,-2.383299462031478f,0f,0f,0f,1f],start_interpolation:0}
execute if entity @s[tag=aj.mech_torso.bone.drillhead_left2] run data modify entity @s {} merge value {transformation:[-0.04226168113411766f,-0.6920039309032007f,-0.7206556111779305f,3.2965044090500824f,-0.9987621617274043f,0.010323567879118319f,0.04865766381411285f,1.093087537330305f,-0.02623155750846956f,0.7218199107538966f,-0.6915836332866161f,-2.225372324332684f,0f,0f,0f,1f],start_interpolation:0}
execute if entity @s[tag=aj.mech_torso.bone.drillhead_left3] run data modify entity @s {} merge value {transformation:[0.5394639908783287f,-0.6920039309032007f,0.4796969482497724f,3.4160490373449406f,0.6718253333103283f,0.010323567879118319f,-0.7406376613896374f,1.4360952183067974f,0.5075719890499204f,0.7218199107538966f,0.470474964659273f,-2.115671430188491f,0f,0f,0f,1f],start_interpolation:0}
execute if entity @s[tag=aj.mech_torso.bone.left_hand] run data modify entity @s {} merge value {transformation:[-0.3148276650480618f,-0.6920039309032007f,-0.6496261239627787f,2.6250467726275244f,-0.9041154372674249f,0.010323567879118319f,0.4271635518638941f,1.4239209223282396f,-0.2888923976416097f,0.7218199107538966f,-0.6289015813496724f,-1.5416532444053108f,0f,0f,0f,1f],start_interpolation:0}
execute if entity @s[tag=aj.mech_torso.bone.left_arm_low] run data modify entity @s {} merge value {transformation:[-0.303686126179002f,-0.6760943218150488f,-0.6713204933381971f,1.9089933025094692f,-0.9092235607377823f,-0.004937166681345487f,0.4162789220996765f,1.3751659994163976f,-0.2847582366950941f,0.7367985426116217f,-0.6132215376515172f,-0.8418152646387423f,0f,0f,0f,1f],start_interpolation:0}
execute if entity @s[tag=aj.mech_torso.bone.left_arm] run data modify entity @s {} merge value {transformation:[-0.3360876643398988f,-0.8848665297028235f,-0.5734355107806468f,1f,-1.0062324108643994f,0.08927061126256154f,0.45199454844594583f,1.4375f,-0.3151402794607466f,0.6586455504370453f,-0.8316517430300452f,-0.18117374999999988f,0f,0f,0f,1f],start_interpolation:0}
execute if entity @s[tag=aj.mech_torso.bone.drillhead_right1] run data modify entity @s {} merge value {transformation:[0.6502453466547061f,0.711318166130026f,0.2668472516015816f,-3.248847245012484f,0.4113623233246801f,-0.03435237499034022f,-0.9108243262459804f,1.5570949020654834f,-0.638719052559748f,0.702030185152989f,-0.3149469654263044f,-2.268591966822594f,0f,0f,0f,1f],start_interpolation:0}
execute if entity @s[tag=aj.mech_torso.bone.drillhead_right2] run data modify entity @s {} merge value {transformation:[-0.49537283519884157f,0.711318166130026f,0.4986303447249056f,-3.478845745361888f,0.6840704068964778f,-0.03435237499034022f,0.7286066104153944f,1.616529531238163f,0.5354002545344452f,0.702030185152989f,-0.46957447394264457f,-2.0326422375187914f,0f,0f,0f,1f],start_interpolation:0}
execute if entity @s[tag=aj.mech_torso.bone.drillhead_right3] run data modify entity @s {} merge value {transformation:[-0.0023034070756596525f,0.711318166130026f,-0.7028663890450735f,-3.3776760883139265f,-0.9989134985676107f,-0.03435237499034022f,-0.03149185151653011f,1.270867179133317f,-0.046545855833359934f,0.702030185152989f,0.7106244454272594f,-2.15206464902185f,0f,0f,0f,1f],start_interpolation:0}
execute if entity @s[tag=aj.mech_torso.bone.drill_right] run data modify entity @s {} merge value {transformation:[0.9940986081280091f,1.0874670653529837f,0.4079575236711108f,-3.015458292079696f,0.6288929481113557f,-0.05251809696059666f,-1.392473163596622f,1.4544947587361208f,-0.9764771472815442f,1.0732675497253925f,-0.4814926267064636f,-1.7739038155838438f,0f,0f,0f,1f],start_interpolation:0}
execute if entity @s[tag=aj.mech_torso.bone.barrel_right] run data modify entity @s {} merge value {transformation:[-0.6124506891773054f,1.6325718119859758f,1.4924013955654716f,-3.0887908201581524f,2.0904655490388406f,-0.07884336680043366f,0.9441324087457253f,1.6460696792400666f,0.7228460659495054f,1.61125463402626f,-1.4659469849625948f,-2.590387492815962f,0f,0f,0f,1f],start_interpolation:0}
execute if entity @s[tag=aj.mech_torso.bone.rocket_right] run data modify entity @s {} merge value {transformation:[-0.614894898815621f,1.6390871900051573f,1.4983573720052674f,-2.193152493830297f,2.0988083203571177f,-0.07915802024185559f,0.9479003162264112f,1.2790605989373671f,0.725730848924908f,1.6176849380096838f,-1.4717973853511035f,-1.269913032807853f,0f,0f,0f,1f],start_interpolation:0}
execute if entity @s[tag=aj.mech_torso.bone.sword_right] run data modify entity @s {} merge value {transformation:[-0.7108939758837738f,1.894985974948419f,1.732285032013226f,-3.55383407979281f,2.4264800282950607f,-0.09151638733905755f,1.0958891118492413f,0.9278050135451336f,0.8390339383323369f,1.870242344706512f,-1.701578427440043f,-0.910843085164547f,0f,0f,0f,1f],start_interpolation:0}
execute if entity @s[tag=aj.mech_torso.bone.right_hand] run data modify entity @s {} merge value {transformation:[-0.26684725160158146f,0.711318166130026f,0.6502453466547062f,-2.6561637239616247f,0.9108243262459805f,-0.03435237499034022f,0.41136232332467987f,1.4982327227862398f,0.31494696542630424f,0.702030185152989f,-0.6387190525597481f,-1.502271443242787f,0f,0f,0f,1f],start_interpolation:0}
execute if entity @s[tag=aj.mech_torso.bone.right_arm_low] run data modify entity @s {} merge value {transformation:[-0.278039866108088f,0.692790303493365f,0.6653836699530337f,-1.9252026891504719f,0.9059677831470891f,-0.04108478137874305f,0.4213483317145205f,1.4136920903268824f,0.3192431812179318f,0.7199678021443959f,-0.6162224883280571f,-0.8215132926847636f,0f,0f,0f,1f],start_interpolation:0}
execute if entity @s[tag=aj.mech_torso.bone.right_arm] run data modify entity @s {} merge value {transformation:[-0.30770509792260203f,0.901600564228497f,0.5632104170106635f,-1f,1.0026292607968152f,0.051271323693925994f,0.4657014014309301f,1.4375f,0.35330456640199476f,0.6397340482447033f,-0.8310765364332998f,-0.1811737500000001f,0f,0f,0f,1f],start_interpolation:0}