execute if entity @s[tag=aj.mech_torso.bone.barrel_left] run data modify entity @s {} merge value {transformation:[-0.8056080532172528f,-1.0222234463753852f,-1.8904241279994902f,2.2138662573068144f,-2.065977137390035f,-0.18769660542324226f,0.9819149380394215f,1.8132915740423845f,-0.5919312678207476f,2.046332745045076f,-0.8542763980019006f,-3.1078734609379017f,0f,0f,0f,1f],start_interpolation:0}
execute if entity @s[tag=aj.mech_torso.bone.blaster_left] run data modify entity @s {} merge value {transformation:[-0.35100669926242684f,-0.44538690544113113f,-0.8236654670037278f,2.2133018538454983f,-0.9001546258765519f,-0.08178017296285321f,0.42782432472126947f,1.7483091614532715f,-0.2579068564151421f,0.8915954843827656f,-0.3722116946608754f,-1.9065004808028674f,0f,0f,0f,1f],start_interpolation:0}
execute if entity @s[tag=aj.mech_torso.bone.sword_left] run data modify entity @s {} merge value {transformation:[-0.9350988121589029f,-1.1865322431289365f,-2.194284614595503f,3.2014888651746563f,-2.3980554308087187f,-0.21786633348140086f,1.139744679233157f,1.0282047430209151f,-0.6870763309879987f,2.3752534641774328f,-0.9915899448084807f,-1.7074167380165497f,0f,0f,0f,1f],start_interpolation:0}
execute if entity @s[tag=aj.mech_torso.bone.rocket_left] run data modify entity @s {} merge value {transformation:[-0.8088231283297053f,-1.0263030048513486f,-1.8979685604832994f,1.8842845126774455f,-2.0742221786986366f,-0.18844567773250992f,0.985833630593733f,1.593508934973713f,-0.59429358716432f,2.0544993881839035f,-0.857685702036788f,-1.5242639158426554f,0f,0f,0f,1f],start_interpolation:0}
execute if entity @s[tag=aj.mech_torso.bone.drillhead_left1] run data modify entity @s {} merge value {transformation:[-0.8236654670037279f,-0.44538690544113113f,0.35100669926242667f,2.3960983989840288f,0.42782432472126924f,-0.08178017296285321f,0.900154625876552f,1.682030799599095f,-0.37221169466087545f,0.8915954843827656f,0.25790685641514205f,-2.8997691030016757f,0f,0f,0f,1f],start_interpolation:0}
execute if entity @s[tag=aj.mech_torso.bone.drillhead_left2] run data modify entity @s {} merge value {transformation:[-0.009084777189319382f,-0.44538690544113113f,-0.8952921150579812f,2.60812589646563f,-0.9953557159763132f,-0.08178017296285321f,0.050783875230690945f,1.3664248364515053f,-0.09583561705702642f,0.8915954843827656f,-0.4425754475019604f,-2.8228015073605346f,0f,0f,0f,1f],start_interpolation:0}
execute if entity @s[tag=aj.mech_torso.bone.drillhead_left3] run data modify entity @s {} merge value {transformation:[0.6394910332564818f,-0.44538690544113113f,0.6266432181442086f,2.741421148736346f,0.6679131539090891f,-0.08178017296285321f,-0.7397323990101955f,1.7079295164983022f,0.38071411481552764f,0.8915954843827656f,0.24518208541508651f,-2.7248913303242146f,0f,0f,0f,1f],start_interpolation:0}
execute if entity @s[tag=aj.mech_torso.bone.left_hand] run data modify entity @s {} merge value {transformation:[-0.35100669926242684f,-0.44538690544113113f,-0.8236654670037278f,2.158457057085744f,-0.9001546258765519f,-0.08178017296285321f,0.42782432472126947f,1.6076600011600604f,-0.2579068564151421f,0.8915954843827656f,-0.3722116946608754f,-1.9467984271177334f,0f,0f,0f,1f],start_interpolation:0}
execute if entity @s[tag=aj.mech_torso.bone.left_arm_low] run data modify entity @s {} merge value {transformation:[-0.340841530475466f,-0.4283411924607153f,-0.8368696875526525f,1.6826610912342916f,-0.9041206320027058f,-0.09462975850299521f,0.4166666432445634f,1.4695435357582887f,-0.2576682632575645f,0.8986484471955632f,-0.3550183579236902f,-1.0753485700608831f,0f,0f,0f,1f],start_interpolation:0}
execute if entity @s[tag=aj.mech_torso.bone.left_arm] run data modify entity @s {} merge value {transformation:[-0.37720733353493713f,-0.6610749496056221f,-0.8034093085503893f,1f,-1.0005850294003746f,-0.003728099497165478f,0.472850588186182f,1.4375f,-0.28515996388227766f,0.8875460499670375f,-0.5964208101002135f,-0.18117374999999988f,0f,0f,0f,1f],start_interpolation:0}
execute if entity @s[tag=aj.mech_torso.bone.drillhead_right1] run data modify entity @s {} merge value {transformation:[0.8305901804693164f,0.4481070688645575f,0.33063576174026166f,-2.4730168163974406f,0.40945574062821066f,-0.0889957134813704f,-0.9079789421834323f,1.7189061792843474f,-0.3774466168540287f,0.8895391041520077f,-0.2573989774841612f,-2.8582050887177477f,0f,0f,0f,1f],start_interpolation:0}
execute if entity @s[tag=aj.mech_torso.bone.drillhead_right2] run data modify entity @s {} merge value {transformation:[-0.6233207141388435f,0.4481070688645575f,0.6408364394750481f,-2.7648649383701587f,0.6821712324093286f,-0.0889957134813704f,0.7257562763456333f,1.778326554024265f,0.3822482138592408f,0.8895391041520077f,-0.2502128797361636f,-2.705241194830427f,0f,0f,0f,1f],start_interpolation:0}
execute if entity @s[tag=aj.mech_torso.bone.drillhead_right3] run data modify entity @s {} merge value {transformation:[-0.012385488162631242f,0.4481070688645575f,-0.8938940958058668f,-2.639514415185384f,-0.9955550888597159f,-0.0889957134813704f,-0.030819280125674697f,1.4337441200875132f,-0.09336308011465941f,0.8895391041520077f,0.4472175281179701f,-2.802861203530435f,0f,0f,0f,1f],start_interpolation:0}
execute if entity @s[tag=aj.mech_torso.bone.drill_right] run data modify entity @s {} merge value {transformation:[1.2698107669316352f,0.6850685141267585f,0.5054777434922214f,-2.412891707375229f,0.6259781541576702f,-0.13605712883043378f,-1.3881231250293016f,1.5884583682370303f,-0.577042432348947f,1.3599322007644035f,-0.393512951022247f,-2.3205417185721595f,0f,0f,0f,1f],start_interpolation:0}
execute if entity @s[tag=aj.mech_torso.bone.barrel_right] run data modify entity @s {} merge value {transformation:[-0.7588539845515366f,1.0284665909210136f,1.9063172860099287f,-2.216202948193074f,2.083935006117291f,-0.20425725102415965f,0.9397565424798451f,1.8136904859232739f,0.590765616687258f,2.041613073090505f,-0.8662912555121187f,-3.107503109112322f,0f,0f,0f,1f],start_interpolation:0}
execute if entity @s[tag=aj.mech_torso.bone.rocket_right] run data modify entity @s {} merge value {transformation:[-0.7618824703641766f,1.0325710649605342f,1.9139251459837856f,-1.7998326959390667f,2.092251714903132f,-0.2050724146781017f,0.9435069864574408f,1.36175839266278f,0.5931232840714389f,2.0497608806432437f,-0.8697485092530779f,-1.5899690329661473f,0f,0f,0f,1f],start_interpolation:0}
execute if entity @s[tag=aj.mech_torso.bone.sword_right] run data modify entity @s {} merge value {transformation:[-0.8808296500045408f,1.1937788899635098f,2.2127323859623154f,-3.2122355816090167f,2.4188997876255365f,-0.2370888821738557f,1.0908098833943498f,1.050912196948016f,0.6857233169683835f,2.3697751678509826f,-1.0055360305522807f,-1.7006886026371066f,0f,0f,0f,1f],start_interpolation:0}
execute if entity @s[tag=aj.mech_torso.bone.right_hand] run data modify entity @s {} merge value {transformation:[-0.3306357617402615f,0.4481070688645575f,0.8305901804693165f,-2.158457057085743f,0.9079789421834324f,-0.0889957134813704f,0.40945574062821044f,1.6076600011600604f,0.2573989774841611f,0.8895391041520077f,-0.37744661685402875f,-1.946798427117734f,0f,0f,0f,1f],start_interpolation:0}
execute if entity @s[tag=aj.mech_torso.bone.right_arm_low] run data modify entity @s {} merge value {transformation:[-0.3408415304754661f,0.428341192460715f,0.8368696875526527f,-1.6826610912342912f,0.9041206320027058f,-0.09462975850299521f,0.4166666432445634f,1.4695435357582887f,0.25766826325756437f,0.8986484471955634f,-0.3550183579236899f,-1.0753485700608838f,0f,0f,0f,1f],start_interpolation:0}
execute if entity @s[tag=aj.mech_torso.bone.right_arm] run data modify entity @s {} merge value {transformation:[-0.3772073335349373f,0.6610749496056219f,0.8034093085503895f,-1f,1.0005850294003746f,-0.003728099497165478f,0.472850588186182f,1.4375f,0.2851599638822775f,0.8875460499670377f,-0.5964208101002133f,-0.1811737500000001f,0f,0f,0f,1f],start_interpolation:0}