execute if entity @s[tag=aj.mech_torso.bone.barrel_left] run data modify entity @s {} merge value {transformation:[-1.6684420810476515f,0.5421230563902109f,1.479882464039025f,1.0344116892868847f,-1.4842532416921894f,0.1842981021213178f,-1.740883401475068f,0.4294567731801917f,-0.5300394609520185f,-2.222562776331709f,0.21661340805471124f,2.66091080788977f,0f,0f,0f,1f],start_interpolation:0}
execute if entity @s[tag=aj.mech_torso.bone.blaster_left] run data modify entity @s {} merge value {transformation:[-0.7269469879804432f,0.23620521649163573f,0.6447907973663249f,1.1653535759737215f,-0.6466951629335762f,0.08029943127751747f,-0.7585099653760803f,1.038246939025881f,-0.23094034490421306f,-0.9683796244441779f,0.09437934126108494f,1.6314697818099984f,0f,0f,0f,1f],start_interpolation:0}
execute if entity @s[tag=aj.mech_torso.bone.sword_left] run data modify entity @s {} merge value {transformation:[-1.9366219117509866f,0.6292621133191814f,1.7177538490724291f,0.1642500574896465f,-1.7228271709879224f,0.21392156606248497f,-2.020707209076871f,1.7674786414584056f,-0.615236240941494f,-2.579810124534472f,0.25143112678769125f,1.6581371568857812f,0f,0f,0f,1f],start_interpolation:0}
execute if entity @s[tag=aj.mech_torso.bone.rocket_left] run data modify entity @s {} merge value {transformation:[-1.6751006125629737f,0.544286597754434f,1.485788479080068f,1.2101701421829905f,-1.490176699928343f,0.1850336114537235f,-1.747831036712094f,0.9299436626202635f,-0.5321547782861974f,-2.2314327302001074f,0.21747788349593725f,1.117094249525444f,0f,0f,0f,1f],start_interpolation:0}
execute if entity @s[tag=aj.mech_torso.bone.drillhead_left1] run data modify entity @s {} merge value {transformation:[0.6447907973663248f,0.23620521649163573f,0.7269469879804433f,0.8782894815752746f,-0.7585099653760804f,0.08029943127751747f,0.646695162933576f,0.6535647259722939f,0.09437934126108488f,-0.9683796244441779f,0.23094034490421309f,2.522538665048982f,0f,0f,0f,1f],start_interpolation:0}
execute if entity @s[tag=aj.mech_torso.bone.drillhead_left2] run data modify entity @s {} merge value {transformation:[-0.9183621989094283f,0.23620521649163573f,0.3175184519305603f,0.522159566335213f,-0.3071992277751388f,0.08029943127751747f,-0.9482513568621274f,0.7874215745523324f,-0.24947846814624783f,-0.9683796244441779f,-0.0011819021765076404f,2.446771772538246f,0f,0f,0f,1f],start_interpolation:0}
execute if entity @s[tag=aj.mech_torso.bone.drillhead_left3] run data modify entity @s {} merge value {transformation:[0.4248606879222917f,0.23620521649163573f,-0.8738995889461998f,0.7979130520695297f,0.8877376218416266f,0.08029943127751747f,0.45329230757148364f,1.0329062353161156f,0.17724364762995162f,-0.9683796244441779f,-0.17557218554253623f,2.5343889510714925f,0f,0f,0f,1f],start_interpolation:0}
execute if entity @s[tag=aj.mech_torso.bone.left_hand] run data modify entity @s {} merge value {transformation:[-0.7269469879804432f,0.23620521649163573f,0.6447907973663249f,1.0517681091017772f,-0.6466951629335762f,0.08029943127751747f,-0.7585099653760803f,0.9372008198175098f,-0.23094034490421306f,-0.9683796244441779f,0.09437934126108494f,1.595385352918715f,0f,0f,0f,1f],start_interpolation:0}
execute if entity @s[tag=aj.mech_torso.bone.left_arm_low] run data modify entity @s {} merge value {transformation:[-0.6574209954694957f,0.38157927983587814f,0.6497652560085296f,1.4125637409710785f,-0.7158723644822808f,-0.0471123709943565f,-0.6966399229658309f,0.8235764284503285f,-0.2352113783099065f,-0.92313470181725f,0.30413472313159384f,0.6670541500549583f,0f,0f,0f,1f],start_interpolation:0}
execute if entity @s[tag=aj.mech_torso.bone.left_arm] run data modify entity @s {} merge value {transformation:[-0.727563980730284f,-0.38564045432271016f,0.7393943957508095f,1f,-0.792251769850414f,0.6259408917520114f,-0.45310827815833543f,1.4375f,-0.26030706030920003f,-0.827194909653401f,-0.6875760280366908f,-0.18117374999999988f,0f,0f,0f,1f],start_interpolation:0}
execute if entity @s[tag=aj.mech_torso.bone.drillhead_right1] run data modify entity @s {} merge value {transformation:[-0.7993010444777252f,-0.37480206778637176f,0.46972465368540933f,-0.5817875144719471f,-0.5660004309876682f,0.20693369498011233f,-0.798011251802662f,0.49188390761392414f,0.2018944090820534f,-0.9037155835023198f,-0.3775404504373946f,2.4243786833171894f,0f,0f,0f,1f],start_interpolation:0}
execute if entity @s[tag=aj.mech_torso.bone.drillhead_right2] run data modify entity @s {} merge value {transformation:[-0.12808972626216486f,-0.37480206778637176f,-0.9182137180466997f,-0.45049422204556033f,0.9538652499046711f,0.20693369498011233f,-0.2175305286762691f,0.7994725423096547f,0.271540249411359f,-0.9037155835023198f,0.3310045877094142f,2.440358772061059f,0f,0f,0f,1f],start_interpolation:0}
execute if entity @s[tag=aj.mech_torso.bone.drillhead_right3] run data modify entity @s {} merge value {transformation:[0.7398482606496393f,-0.37480206778637176f,0.5587020325690285f,-0.27215505453630096f,-0.5206672746037091f,0.20693369498011233f,0.8283018984878784f,0.4967437454113573f,-0.4260635402970425f,-0.9037155835023198f,-0.04204763684932575f,2.2970762176460977f,0f,0f,0f,1f],start_interpolation:0}
execute if entity @s[tag=aj.mech_torso.bone.drill_right] run data modify entity @s {} merge value {transformation:[-1.2219757663448705f,-0.5729994314096724f,0.7181175948961279f,-0.6105418063647545f,-0.8653045247296149f,0.31636135377644353f,-1.220003924316857f,0.7157182086943619f,0.30865726619935907f,-1.381605279184424f,-0.577185885639462f,1.9156695757755053f,0f,0f,0f,1f],start_interpolation:0}
execute if entity @s[tag=aj.mech_torso.bone.barrel_right] run data modify entity @s {} merge value {transformation:[-1.0780818844734739f,-0.860221656183931f,-1.8345044688015875f,-0.7857694916555391f,1.831544219415479f,0.47494093847292596f,-1.2990478708419082f,0.2218158026943331f,0.8665066163316719f,-2.0741500188379165f,0.46337509283387934f,2.574516960745629f,0f,0f,0f,1f],start_interpolation:0}
execute if entity @s[tag=aj.mech_torso.bone.rocket_right] run data modify entity @s {} merge value {transformation:[-1.0823843665826265f,-0.8636546869573257f,-1.8418257333269015f,-0.9734738617521463f,1.838853669977303f,0.47683636489657083f,-1.3042321989562422f,0.6556749789381109f,0.8699647295491574f,-2.0824276770346377f,0.46522436149840046f,1.0070190306731797f,0f,0f,0f,1f],start_interpolation:0}
execute if entity @s[tag=aj.mech_torso.bone.sword_right] run data modify entity @s {} merge value {transformation:[-1.2513691807761924f,-0.9984908240161708f,-2.1293766153724762f,0.22290457562460553f,2.1259405453461286f,0.5512813652222767f,-1.5078525048386464f,1.3471147736436697f,1.0057860077536573f,-2.407541994036716f,0.5378564640243624f,1.4478769860565002f,0f,0f,0f,1f],start_interpolation:0}
execute if entity @s[tag=aj.mech_torso.bone.right_hand] run data modify entity @s {} merge value {transformation:[-0.4697246536854095f,-0.37480206778637176f,-0.7993010444777251f,-0.853547676000455f,0.7980112518026619f,0.20693369498011233f,-0.5660004309876684f,0.7870859713354494f,0.37754045043739465f,-0.9037155835023198f,0.2018944090820533f,1.54064353446606f,0f,0f,0f,1f],start_interpolation:0}
execute if entity @s[tag=aj.mech_torso.bone.right_arm_low] run data modify entity @s {} merge value {transformation:[-0.5505353353933475f,-0.5071545072885354f,-0.6631026694413599f,-1.3470156832469486f,0.7424260933278932f,0.0657659583463805f,-0.666692083850307f,0.7856161712285146f,0.38172547783612365f,-0.8593422743352648f,0.34031825562417045f,0.6680783632542929f,0f,0f,0f,1f],start_interpolation:0}
execute if entity @s[tag=aj.mech_torso.bone.right_arm] run data modify entity @s {} merge value {transformation:[-0.6092742442236947f,0.32444481089711585f,-0.8650389809376272f,-1f,0.8216386266671017f,0.6640997668702951f,-0.3296262206582584f,1.4375f,0.42245335958928404f,-0.8236983931384003f,-0.6064866813434346f,-0.1811737500000001f,0f,0f,0f,1f],start_interpolation:0}