execute if entity @s[tag=aj.mech_torso.bone.barrel_left] run data modify entity @s {} merge value {transformation:[-0.6645199138966763f,-1.279902090092058f,-1.7854726033359987f,2.413685089286355f,-2.1075572024068823f,-0.1549360131250922f,0.8954585215801288f,1.8386883662884275f,-0.6198906484762644f,1.8988138310707492f,-1.1304380179013775f,-3.064889991412845f,0f,0f,0f,1f],start_interpolation:0}
execute if entity @s[tag=aj.mech_torso.bone.blaster_left] run data modify entity @s {} merge value {transformation:[-0.28953402419392443f,-0.5576585365900527f,-0.7779376616428287f,2.255100566231651f,-0.9182712290043322f,-0.06750624990246061f,0.3901549130883519f,1.8114989168889786f,-0.2700888720716665f,0.8273208946910182f,-0.49253643356680515f,-1.8725679909513218f,0f,0f,0f,1f],start_interpolation:0}
execute if entity @s[tag=aj.mech_torso.bone.sword_left] run data modify entity @s {} merge value {transformation:[-0.7713326345971174f,-1.4856292949718357f,-2.0724635309368087f,3.2268334826815f,-2.446318937176943f,-0.1798399125422337f,1.0393915459548355f,1.1290142250188806f,-0.719529809494403f,2.2040228506334496f,-1.3121408649495914f,-1.5195126639866763f,0f,0f,0f,1f],start_interpolation:0}
execute if entity @s[tag=aj.mech_torso.bone.rocket_left] run data modify entity @s {} merge value {transformation:[-0.6671719249191158f,-1.2850100099294992f,-1.7925981881759545f,1.8824105028036473f,-2.1159681842515496f,-0.1555543422465946f,0.8990321780194709f,1.6586505944738432f,-0.6223645500074108f,1.9063917457490793f,-1.1349494464093353f,-1.5318924569649357f,0f,0f,0f,1f],start_interpolation:0}
execute if entity @s[tag=aj.mech_torso.bone.drillhead_left1] run data modify entity @s {} merge value {transformation:[-0.7779376616428288f,-0.5576585365900527f,0.28953402419392427f,2.5700512937860736f,0.39015491308835165f,-0.06750624990246061f,0.9182712290043323f,1.719748675466233f,-0.4925364335668052f,0.8273208946910182f,0.2700888720716664f,-2.8300531795684525f,0f,0f,0f,1f],start_interpolation:0}
execute if entity @s[tag=aj.mech_torso.bone.drillhead_left2] run data modify entity @s {} merge value {transformation:[0.030209295605155284f,-0.5576585365900527f,-0.8295205573265083f,2.7782773132983185f,-0.9976778150658412f,-0.06750624990246061f,0.00904895295356073f,1.4134478166697302f,-0.061044047903866805f,0.8273208946910182f,-0.5584028665964774f,-2.714690693724842f,0f,0f,0f,1f],start_interpolation:0}
execute if entity @s[tag=aj.mech_torso.bone.drillhead_left3] run data modify entity @s {} merge value {transformation:[0.565198413441944f,-0.5576585365900527f,0.6079208089964925f,2.888241044922126f,0.6990661724763336f,-0.06750624990246061f,-0.7118633244685355f,1.7618316708596138f,0.43801511382827696f,0.8273208946910182f,0.35168579338047556f,-2.612142454314155f,0f,0f,0f,1f],start_interpolation:0}
execute if entity @s[tag=aj.mech_torso.bone.left_hand] run data modify entity @s {} merge value {transformation:[-0.28953402419392443f,-0.5576585365900527f,-0.7779376616428287f,2.2098608749513504f,-0.9182712290043322f,-0.06750624990246061f,0.3901549130883519f,1.6680190373570516f,-0.2700888720716665f,0.8273208946910182f,-0.49253643356680515f,-1.9147693772125196f,0f,0f,0f,1f],start_interpolation:0}
execute if entity @s[tag=aj.mech_torso.bone.left_arm_low] run data modify entity @s {} merge value {transformation:[-0.28953402419392443f,-0.5576585365900527f,-0.7779376616428287f,1.609795909922839f,-0.9182712290043322f,-0.06750624990246061f,0.3901549130883519f,1.5553131766758312f,-0.2700888720716665f,0.8273208946910182f,-0.49253643356680515f,-1.1197208005749433f,0f,0f,0f,1f],start_interpolation:0}
execute if entity @s[tag=aj.mech_torso.bone.left_arm] run data modify entity @s {} merge value {transformation:[-0.3204256156269417f,-0.5909726896715165f,-0.8791192657691766f,1f,-1.0162454125569254f,-0.08766709888107381f,0.42933870052070555f,1.4375f,-0.2989057792032929f,0.9315780903231982f,-0.5172906101242156f,-0.18117374999999988f,0f,0f,0f,1f],start_interpolation:0}
execute if entity @s[tag=aj.mech_torso.bone.drillhead_right1] run data modify entity @s {} merge value {transformation:[0.7782414619222362f,0.5560661979035968f,0.2917715039104719f,-2.632924322782147f,0.3902637181833159f,-0.06427261069507863f,-0.9184570005090995f,1.7458675702742872f,-0.4919699759282816f,0.8286491507649524f,-0.2670320724588141f,-2.785708788336291f,0f,0f,0f,1f],start_interpolation:0}
execute if entity @s[tag=aj.mech_torso.bone.drillhead_right2] run data modify entity @s {} merge value {transformation:[-0.5673818344901487f,0.5560661979035968f,0.6073452374388324f,-2.9029568088271356f,0.6991961650601122f,-0.06427261069507863f,0.7120349389458858f,1.8125702842899378f,0.4349742252775747f,0.8286491507649524f,-0.3523322413301075f,-2.599329431942629f,0f,0f,0f,1f],start_interpolation:0}
execute if entity @s[tag=aj.mech_torso.bone.drillhead_right3] run data modify entity @s {} merge value {transformation:[-0.028258393224304845f,0.5560661979035968f,-0.8306574786043996f,-2.7923463772014965f,-0.9978910834640191f,-0.06427261069507863f,-0.009078384076751211f,1.464014485377148f,-0.058436707259963805f,0.8286491507649524f,0.5567097414103122f,-2.700589794369984f,0f,0f,0f,1f],start_interpolation:0}
execute if entity @s[tag=aj.mech_torso.bone.drill_right] run data modify entity @s {} merge value {transformation:[1.1897797624613002f,0.8501170153802574f,0.446061855607309f,-2.5061951297134812f,0.5966372862871269f,-0.09826031537394414f,-1.4041420373537308f,1.6321594747183321f,-0.7521263640365266f,1.2668433102056926f,-0.40824007879876084f,-2.2558750971015f,0f,0f,0f,1f],start_interpolation:0}
execute if entity @s[tag=aj.mech_torso.bone.barrel_right] run data modify entity @s {} merge value {transformation:[-0.6696552337704805f,1.27624745651397f,1.7861698662434435f,-2.409111260295555f,2.107983573244286f,-0.14751437190815822f,0.8957082440524294f,1.8305010052851887f,0.6128748781494872f,1.9018623591818782f,-1.1291379206771368f,-3.068254050902121f,0f,0f,0f,1f],start_interpolation:0}
execute if entity @s[tag=aj.mech_torso.bone.rocket_right] run data modify entity @s {} merge value {transformation:[-0.6723277391748405f,1.2813407911925176f,1.7932982337673753f,-1.8070708736696188f,2.1163962566785326f,-0.14810308224187066f,0.899282897101106f,1.4238078272082804f,0.6153207806698463f,1.9094524401324056f,-1.1336441606691499f,-1.601057912711082f,0f,0f,0f,1f],start_interpolation:0}
execute if entity @s[tag=aj.mech_torso.bone.sword_right] run data modify entity @s {} merge value {transformation:[-0.7772933887068525f,1.4813872277480806f,2.0732728695648306f,-3.223488751910452f,2.4468138414445995f,-0.1712253414012064f,1.0396814079867318f,1.1213557290528895f,0.7113863475804494f,2.2075613890134536f,-1.3106317944217791f,-1.5232812165328342f,0f,0f,0f,1f],start_interpolation:0}
execute if entity @s[tag=aj.mech_torso.bone.right_hand] run data modify entity @s {} merge value {transformation:[-0.29177150391047174f,0.5560661979035968f,0.7782414619222363f,-2.206686939969175f,0.9184570005090996f,-0.06427261069507863f,0.3902637181833157f,1.6611669002966374f,0.267032072458814f,0.8286491507649524f,-0.4919699759282817f,-1.917876346483337f,0f,0f,0f,1f],start_interpolation:0}
execute if entity @s[tag=aj.mech_torso.bone.right_arm_low] run data modify entity @s {} merge value {transformation:[-0.29177150391047174f,0.5560661979035968f,0.7782414619222363f,-1.6080649773861038f,0.9184570005090996f,-0.06427261069507863f,0.3902637181833157f,1.5516864682629687f,0.267032072458814f,0.8286491507649524f,-0.4919699759282817f,-1.1212907619948194f,0f,0f,0f,1f],start_interpolation:0}
execute if entity @s[tag=aj.mech_torso.bone.right_arm] run data modify entity @s {} merge value {transformation:[-0.32290182137727963f,0.5892011391195197f,0.8794023026724026f,-1f,1.0164510047975843f,-0.08409369283464134f,0.42956674010617013f,1.4375f,0.2955228369030801f,0.9330285349439862f,-0.5166197677045103f,-0.1811737500000001f,0f,0f,0f,1f],start_interpolation:0}