execute if entity @s[tag=aj.mech_torso.bone.barrel_left] run data modify entity @s {} merge value {transformation:[-2.016031541113638f,-0.16321924933749907f,1.0847233727229106f,1.7515635093624429f,-1.075126933276588f,0.7443172841200055f,-1.8861978558343748f,-0.423008589335197f,-0.21764052019084804f,-2.1649479787414334f,-0.7302611497027176f,2.1481010637899214f,0f,0f,0f,1f],start_interpolation:0}
execute if entity @s[tag=aj.mech_torso.bone.blaster_left] run data modify entity @s {} merge value {transformation:[-0.8783931268179717f,-0.07111528954713242f,0.47261837707771565f,1.6713437890816398f,-0.46843716945289926f,0.32430206234852715f,-0.8218240630642593f,0.43377340032915046f,-0.09482685818850141f,-0.9432766232389731f,-0.31817774752012173f,1.307262501067817f,0f,0f,0f,1f],start_interpolation:0}
execute if entity @s[tag=aj.mech_torso.bone.sword_left] run data modify entity @s {} merge value {transformation:[-2.340081745510873f,-0.18945456859255558f,1.2590781997565934f,0.9009281174535523f,-1.2479392605523807f,0.8639563686961566f,-2.1893790254995684f,1.2335891245518218f,-0.25262333351231353f,-2.512934516012081f,-0.8476408979847345f,1.8563096571876456f,0f,0f,0f,1f],start_interpolation:0}
execute if entity @s[tag=aj.mech_torso.bone.rocket_left] run data modify entity @s {} merge value {transformation:[-2.0240772561581544f,-0.16387063575838015f,1.0890523601326185f,1.5280758668101229f,-1.0794176225666225f,0.7472877558852588f,-1.8937254218253503f,0.47136711983488233f,-0.21850909470066376f,-2.173587999578376f,-0.7331755252959404f,0.8009213836363693f,0f,0f,0f,1f],start_interpolation:0}
execute if entity @s[tag=aj.mech_torso.bone.drillhead_left1] run data modify entity @s {} merge value {transformation:[0.4726183770777154f,-0.07111528954713242f,0.8783931268179718f,1.6088330298449993f,-0.8218240630642594f,0.32430206234852715f,0.4684371694528991f,-0.15275656974861357f,-0.31817774752012173f,-0.9432766232389731f,0.09482685818850134f,2.1297373962406794f,0f,0f,0f,1f],start_interpolation:0}
execute if entity @s[tag=aj.mech_torso.bone.drillhead_left2] run data modify entity @s {} merge value {transformation:[-0.9923926541046337f,-0.07111528954713242f,0.10049594853419774f,1.2822034882080886f,-0.11828105987140003f,0.32430206234852715f,-0.938529575043957f,0.03635723366799409f,0.034152759110486416f,-0.9432766232389731f,-0.3302465762063576f,2.2193806130993607f,0f,0f,0f,1f],start_interpolation:0}
execute if entity @s[tag=aj.mech_torso.bone.drillhead_left3] run data modify entity @s {} merge value {transformation:[0.6306662086267969f,-0.07111528954713242f,-0.7727889420074079f,1.6154450258159223f,0.7472779663787097f,0.32430206234852715f,0.5800032873367117f,0.21421079810570948f,0.20936994593589986f,-0.9432766232389731f,0.257669241062411f,2.2554036719454467f,0f,0f,0f,1f],start_interpolation:0}
execute if entity @s[tag=aj.mech_torso.bone.left_hand] run data modify entity @s {} merge value {transformation:[-0.8783931268179717f,-0.07111528954713242f,0.47261837707771565f,1.5340948630163318f,-0.46843716945289926f,0.32430206234852715f,-0.8218240630642593f,0.36058009260213497f,-0.09482685818850141f,-0.9432766232389731f,-0.31817774752012173f,1.2924458044758635f,0f,0f,0f,1f],start_interpolation:0}
execute if entity @s[tag=aj.mech_torso.bone.left_arm_low] run data modify entity @s {} merge value {transformation:[-0.8550192639219929f,-0.007481667556784144f,0.5185422672963729f,1.4893789373174346f,-0.5040250290353809f,0.24734748882414104f,-0.8275131357738527f,0.5505662316186318f,-0.12206894948420237f,-0.9688979535652664f,-0.21525781553491163f,0.3091917348323685f,0f,0f,0f,1f],start_interpolation:0}
execute if entity @s[tag=aj.mech_torso.bone.left_arm] run data modify entity @s {} merge value {transformation:[-0.9462448317700968f,-0.4551312570897082f,0.34964015173082025f,1f,-0.5578015594874535f,0.8879962012634023f,-0.3536836797325541f,1.4375f,-0.13509299432529479f,-0.47863374713421203f,-0.9886514034393099f,-0.18117374999999988f,0f,0f,0f,1f],start_interpolation:0}
execute if entity @s[tag=aj.mech_torso.bone.drillhead_right1] run data modify entity @s {} merge value {transformation:[-0.6173908899449895f,-0.01140840144722189f,0.7865737965311029f,-1.5083293518688448f,-0.7388283758849638f,0.3517417740439864f,-0.5748133222008479f,-0.08996406272677152f,-0.2701131614714851f,-0.9360275491505622f,-0.22559101762054065f,2.174561490706238f,0f,0f,0f,1f],start_interpolation:0}
execute if entity @s[tag=aj.mech_torso.bone.drillhead_right2] run data modify entity @s {} merge value {transformation:[-0.4904341665496974f,-0.01140840144722189f,-0.8714035670440665f,-1.4873535425713553f,0.8137956422085618f,0.3517417740439864f,-0.4626168794096728f,0.22292500100775642f,0.3117867556569042f,-0.9360275491505622f,-0.16322207641165942f,2.2918837361929834f,0f,0f,0f,1f],start_interpolation:0}
execute if entity @s[tag=aj.mech_torso.bone.drillhead_right3] run data modify entity @s {} merge value {transformation:[0.9629646962998695f,-0.01140840144722189f,0.269386046514142f,-1.1888108043136725f,-0.24832088458379642f,0.3517417740439864f,0.9025599496276744f,0.004910289137467966f,-0.1050510921391169f,-0.9360275491505622f,0.3358819662791834f,2.2063191852341766f,0f,0f,0f,1f],start_interpolation:0}
execute if entity @s[tag=aj.mech_torso.bone.drill_right] run data modify entity @s {} merge value {transformation:[-0.9438705367485538f,-0.017441225928020665f,1.2025182807448147f,-1.3868438465201642f,-1.1295248230399686f,0.5377447294263891f,-0.8787777205528182f,0.24436866813313832f,-0.41295046437056443f,-1.431003987290604f,-0.344884769689628f,1.7465703029415696f,0f,0f,0f,1f],start_interpolation:0}
execute if entity @s[tag=aj.mech_torso.bone.barrel_right] run data modify entity @s {} merge value {transformation:[-1.805293705979577f,-0.02618383096257082f,-1.4169959546863014f,-1.6711963843895443f,1.3192746532605448f,0.8072951496885898f,-1.6957114801770499f,-0.42247159655444155f,0.5177620282190342f,-2.1483103690426333f,-0.6199463959481584f,2.1745795325448505f,0f,0f,0f,1f],start_interpolation:0}
execute if entity @s[tag=aj.mech_torso.bone.rocket_right] run data modify entity @s {} merge value {transformation:[-1.81249839421672f,-0.02628832716632677f,-1.4226509979919932f,-1.311011526893192f,1.3245397037863536f,0.8105169577797601f,-1.7024788402549995f,0.34604379493663473f,0.519828347944181f,-2.1568839913813735f,-0.6224205199600865f,0.7745197346728622f,0f,0f,0f,1f],start_interpolation:0}
execute if entity @s[tag=aj.mech_torso.bone.sword_right] run data modify entity @s {} merge value {transformation:[-2.095470611692358f,-0.030392532861469066f,-1.6447591713731322f,-0.6488277776513562f,1.531330472986965f,0.937057086905592f,-1.9682745033957116f,1.1182265150039523f,0.6009853745069719f,-2.4936226322686403f,-0.7195945176295077f,1.808450400151321f,0f,0f,0f,1f],start_interpolation:0}
execute if entity @s[tag=aj.mech_torso.bone.right_hand] run data modify entity @s {} merge value {transformation:[-0.786573796531103f,-0.01140840144722189f,-0.6173908899449893f,-1.4633638446807948f,0.5748133222008478f,0.3517417740439864f,-0.7388283758849639f,0.3600530119576637f,0.2255910176205406f,-0.9360275491505622f,-0.2701131614714852f,1.3158133362452462f,0f,0f,0f,1f],start_interpolation:0}
execute if entity @s[tag=aj.mech_torso.bone.right_arm_low] run data modify entity @s {} merge value {transformation:[-0.815940001630359f,-0.06029419127170782f,-0.5749839338958441f,-1.4906300337848504f,0.5422991532908995f,0.26489226272681476f,-0.7973353858242098f,0.5661348467967907f,0.20038348754182123f,-0.9623911365169354f,-0.18343870440618f,0.3351657722442538f,0f,0f,0f,1f],start_interpolation:0}
execute if entity @s[tag=aj.mech_torso.bone.right_arm] run data modify entity @s {} merge value {transformation:[-0.9029960401543088f,0.4575633512234145f,-0.44722020260366596f,-1f,0.600159309535311f,0.8738575204529568f,-0.3177323018831055f,1.4375f,0.22176323675885623f,-0.5017776321230712f,-0.9611515246084911f,-0.1811737500000001f,0f,0f,0f,1f],start_interpolation:0}