execute if entity @s[tag=aj.mech_torso.bone.barrel_left] run data modify entity @s {} merge value {transformation:[-2.0930169150391476f,-0.7840260918506456f,0.5217583483837215f,2.2692418112889436f,-0.9339064923604685f,1.891860473488384f,-0.9035104348207438f,-1.4515921539940329f,-0.12143866903779875f,-1.036250707888977f,-2.0442811972702333f,0.13962961058009699f,0f,0f,0f,1f],start_interpolation:0}
execute if entity @s[tag=aj.mech_torso.bone.blaster_left] run data modify entity @s {} merge value {transformation:[-0.9119359667699322f,-0.341603351080083f,0.22733223053990112f,2.0225992791641545f,-0.40690685004212246f,0.824291288564279f,-0.39366316437512683f,-0.2750857983594538f,-0.05291132109659395f,-0.45149864022818276f,-0.8907016166887288f,0.08942675812909386f,0f,0f,0f,1f],start_interpolation:0}
execute if entity @s[tag=aj.mech_torso.bone.sword_left] run data modify entity @s {} merge value {transformation:[-2.42944149238016f,-0.9100478381059767f,0.6056240498827727f,1.592295714765455f,-1.084019515676633f,2.1959518334808537f,-1.0487376969482827f,-0.07388153514290696f,-0.14095831678184598f,-1.2028142000021567f,-2.372872157436914f,1.2335657210075226f,0f,0f,0f,1f],start_interpolation:0}
execute if entity @s[tag=aj.mech_torso.bone.rocket_left] run data modify entity @s {} merge value {transformation:[-2.10136986852144f,-0.7871550362118095f,0.5238406168937042f,1.7235158732250548f,-0.9376335895623334f,1.899410638236929f,-0.9071162253801014f,0.04887670283015866f,-0.12192331469265975f,-1.0403862473090337f,-2.052439652953428f,-0.20025880694938586f,0f,0f,0f,1f],start_interpolation:0}
execute if entity @s[tag=aj.mech_torso.bone.drillhead_left1] run data modify entity @s {} merge value {transformation:[0.22733223053990093f,-0.341603351080083f,0.9119359667699322f,2.1649475816221635f,-0.39366316437512694f,0.824291288564279f,0.40690685004212235f,-1.2452267774556263f,-0.8907016166887288f,-0.45149864022818276f,0.05291132109659375f,0.34033191047758254f,0f,0f,0f,1f],start_interpolation:0}
execute if entity @s[tag=aj.mech_torso.bone.drillhead_left2] run data modify entity @s {} merge value {transformation:[-0.9295152529298545f,-0.341603351080083f,-0.13895519098474238f,1.9149341332880296f,-0.22528453945378013f,0.824291288564279f,-0.5194138502967924f,-1.1892851667892206f,0.29197306528830175f,-0.45149864022818276f,-0.8431492792016462f,0.6316231844449466f,0f,0f,0f,1f],start_interpolation:0}
execute if entity @s[tag=aj.mech_torso.bone.drillhead_left3] run data modify entity @s {} merge value {transformation:[0.7555226963894122f,-0.341603351080083f,-0.5590103807366459f,2.260935262929035f,0.5265812813313324f,0.824291288564279f,0.20798083024281988f,-1.0348347122300563f,0.38974043848685297f,-0.45149864022818276f,0.8026527072652143f,0.6518159780277645f,0f,0f,0f,1f],start_interpolation:0}
execute if entity @s[tag=aj.mech_torso.bone.left_hand] run data modify entity @s {} merge value {transformation:[-0.9119359667699322f,-0.341603351080083f,0.22733223053990112f,1.8801092843563525f,-0.40690685004212246f,0.824291288564279f,-0.39366316437512683f,-0.3386649936785354f,-0.05291132109659395f,-0.45149864022818276f,-0.8907016166887288f,0.08115936420775105f,0f,0f,0f,1f],start_interpolation:0}
execute if entity @s[tag=aj.mech_torso.bone.left_arm_low] run data modify entity @s {} merge value {transformation:[-0.9119359667699322f,-0.341603351080083f,0.22733223053990112f,1.4886140675575206f,-0.40690685004212246f,0.824291288564279f,-0.39366316437512683f,0.4478926428713882f,-0.05291132109659395f,-0.45149864022818276f,-0.8907016166887288f,-0.4014806591104916f,0f,0f,0f,1f],start_interpolation:0}
execute if entity @s[tag=aj.mech_torso.bone.left_arm] run data modify entity @s {} merge value {transformation:[-1.0092342147978113f,-0.4526291280931104f,-0.03667629503022593f,1f,-0.450321437318325f,0.9860135416363105f,0.22306922095037118f,1.4375f,-0.05855665040822747f,0.21834868134595714f,-1.0833591050900335f,-0.18117374999999988f,0f,0f,0f,1f],start_interpolation:0}
execute if entity @s[tag=aj.mech_torso.bone.drillhead_right1] run data modify entity @s {} merge value {transformation:[-0.22733223053990112f,0.3416033510800831f,0.9119359667699322f,-2.2107789014256354f,-0.3936631643751267f,0.824291288564279f,-0.40690685004212257f,-1.1938330999425322f,-0.8907016166887289f,-0.45149864022818265f,-0.05291132109659393f,0.3994843106233246f,0f,0f,0f,1f],start_interpolation:0}
execute if entity @s[tag=aj.mech_torso.bone.drillhead_right2] run data modify entity @s {} merge value {transformation:[-0.755522696389412f,0.3416033510800831f,-0.5590103807366461f,-2.3211822278447407f,0.5265812813313325f,0.824291288564279f,-0.20798083024281958f,-1.0080168118660184f,0.38974043848685314f,-0.45149864022818265f,-0.8026527072652144f,0.6551940536279055f,0f,0f,0f,1f],start_interpolation:0}
execute if entity @s[tag=aj.mech_torso.bone.drillhead_right3] run data modify entity @s {} merge value {transformation:[0.9295152529298546f,0.3416033510800831f,-0.1389551909847422f,-1.9751219918237952f,-0.22528453945378044f,0.824291288564279f,0.5194138502967923f,-1.1623649140024455f,0.2919730652883016f,-0.45149864022818265f,0.8431492792016463f,0.6352328424654266f,0f,0f,0f,1f],start_interpolation:0}
execute if entity @s[tag=aj.mech_torso.bone.drill_right] run data modify entity @s {} merge value {transformation:[-0.3475467454323163f,0.5222450534827161f,1.3941726456510257f,-1.9873701544471016f,-0.6018343780388341f,1.2601809868682161f,-0.6220813964231681f,-0.6865335341994891f,-1.3617094562274858f,-0.6902535667984802f,-0.08089111429546207f,0.34999449239085895f,0f,0f,0f,1f],start_interpolation:0}
execute if entity @s[tag=aj.mech_torso.bone.barrel_right] run data modify entity @s {} merge value {transformation:[-2.0930169150391476f,0.7840260918506459f,-0.521758348383721f,-2.2713392640125143f,0.9339064923604685f,1.891860473488384f,-0.9035104348207438f,-1.450656268238936f,0.12143866903779825f,-1.0362507078889769f,-2.0442811972702333f,0.13975130661861856f,0f,0f,0f,1f],start_interpolation:0}
execute if entity @s[tag=aj.mech_torso.bone.rocket_right] run data modify entity @s {} merge value {transformation:[-2.10136986852144f,0.7871550362118097f,-0.5238406168937038f,-1.4955318815325715f,0.9376335895623334f,1.899410638236929f,-0.9071162253801014f,-0.05285000968037196f,0.12192331469265924f,-1.0403862473090335f,-2.0524396529534283f,-0.21348663722353467f,0f,0f,0f,1f],start_interpolation:0}
execute if entity @s[tag=aj.mech_torso.bone.sword_right] run data modify entity @s {} merge value {transformation:[-2.42944149238016f,0.910047838105977f,-0.6056240498827722f,-1.5922957147654553f,1.084019515676633f,2.1959518334808537f,-1.0487376969482827f,-0.07388153514290696f,0.14095831678184537f,-1.2028142000021564f,-2.3728721574369143f,1.2335657210075222f,0f,0f,0f,1f],start_interpolation:0}
execute if entity @s[tag=aj.mech_torso.bone.right_hand] run data modify entity @s {} merge value {transformation:[-0.9119359667699322f,0.3416033510800831f,-0.22733223053990093f,-1.8801092843563525f,0.40690685004212246f,0.824291288564279f,-0.39366316437512683f,-0.3386649936785354f,0.05291132109659373f,-0.45149864022818265f,-0.8907016166887289f,0.0811593642077506f,0f,0f,0f,1f],start_interpolation:0}
execute if entity @s[tag=aj.mech_torso.bone.right_arm_low] run data modify entity @s {} merge value {transformation:[-0.9119359667699322f,0.3416033510800831f,-0.22733223053990093f,-1.4886140675575206f,0.40690685004212246f,0.824291288564279f,-0.39366316437512683f,0.4478926428713882f,0.05291132109659373f,-0.45149864022818265f,-0.8907016166887289f,-0.4014806591104919f,0f,0f,0f,1f],start_interpolation:0}
execute if entity @s[tag=aj.mech_torso.bone.right_arm] run data modify entity @s {} merge value {transformation:[-1.0092342147978113f,0.4526291280931104f,0.036676295030226194f,-1f,0.450321437318325f,0.9860135416363105f,0.22306922095037118f,1.4375f,0.058556650408227225f,0.21834868134595728f,-1.0833591050900335f,-0.1811737500000001f,0f,0f,0f,1f],start_interpolation:0}