execute if entity @s[tag=aj.mech_torso.bone.barrel_left] run data modify entity @s {} merge value {transformation:[-0.5632663981730945f,-2.1485964193265645f,-0.5778519576819585f,3.912256386385985f,-2.0881049626291617f,0.30466566396229977f,0.9025768619328634f,1.14035861945389f,-0.7682428803336048f,0.7472354070239002f,-2.0295542901724133f,-1.4841093788259165f,0f,0f,0f,1f],start_interpolation:0}
execute if entity @s[tag=aj.mech_torso.bone.blaster_left] run data modify entity @s {} merge value {transformation:[-0.24541745634071527f,-0.936152182420531f,-0.25177244383079367f,3.0854001693812383f,-0.9097958091641613f,0.13274406662015273f,0.39325640287791097f,1.3251792994746066f,-0.3347265417480104f,0.3255735003442716f,-0.8842850434803226f,-0.6299020371734451f,0f,0f,0f,1f],start_interpolation:0}
execute if entity @s[tag=aj.mech_torso.bone.sword_left] run data modify entity @s {} merge value {transformation:[-0.6538039655353887f,-2.4939546613237784f,-0.6707339593666862f,3.515919811548834f,-2.4237400090774353f,0.35363660943930686f,1.0476540646595607f,0.6003061013375219f,-0.8917276856662176f,0.8673435409696564f,-2.3557780962753476f,0.2777928255296912f,0f,0f,0f,1f],start_interpolation:0}
execute if entity @s[tag=aj.mech_torso.bone.rocket_left] run data modify entity @s {} merge value {transformation:[-0.565514319815902f,-2.157171183254127f,-0.5801580883622637f,2.5632418228783114f,-2.0964383131595183f,0.3058815443025126f,0.9061789267263904f,1.273974262782652f,-0.771308835986624f,0.7502175246314285f,-2.037653972718591f,-0.574684124366956f,0f,0f,0f,1f],start_interpolation:0}
execute if entity @s[tag=aj.mech_torso.bone.drillhead_left1] run data modify entity @s {} merge value {transformation:[-0.2517724438307937f,-0.936152182420531f,0.2454174563407152f,3.875794636691954f,0.39325640287791075f,0.13274406662015273f,0.9097958091641614f,1.0435953302999035f,-0.8842850434803227f,0.3255735003442716f,0.3347265417480102f,-1.1959205954891645f,0f,0f,0f,1f],start_interpolation:0}
execute if entity @s[tag=aj.mech_torso.bone.drillhead_left2] run data modify entity @s {} merge value {transformation:[-0.13038702185405418f,-0.936152182420531f,-0.3265246022603924f,3.914386949289177f,-0.9910344369041808f,0.13274406662015273f,0.015157758645598929f,0.7378540101686002f,0.02915423471889117f,0.3255735003442716f,-0.9450671544771485f,-0.9602944657535758f,0f,0f,0f,1f],start_interpolation:0}
execute if entity @s[tag=aj.mech_torso.bone.drillhead_left3] run data modify entity @s {} merge value {transformation:[0.323085307814284f,-0.936152182420531f,0.13869021315084346f,4.007542413199898f,0.6900490167984459f,0.13274406662015273f,-0.71148532465023f,1.0830214948892827f,0.6476482365374341f,0.3255735003442716f,0.6888785506774984f,-0.8331687776561725f,0f,0f,0f,1f],start_interpolation:0}
execute if entity @s[tag=aj.mech_torso.bone.left_hand] run data modify entity @s {} merge value {transformation:[-0.24541745634071527f,-0.936152182420531f,-0.25177244383079367f,3.0470536918280016f,-0.9097958091641613f,0.13274406662015273f,0.39325640287791097f,1.1830237042927063f,-0.3347265417480104f,0.3255735003442716f,-0.8842850434803226f,-0.6822030593215717f,0f,0f,0f,1f],start_interpolation:0}
execute if entity @s[tag=aj.mech_torso.bone.left_arm_low] run data modify entity @s {} merge value {transformation:[-0.23959083160130454f,-0.9316388573091057f,-0.27321287115430576f,2.0919025053202422f,-0.9139390458236496f,0.12147508487879016f,0.3872456898051261f,1.2594790266139286f,-0.32758457523447676f,0.3424804276239369f,-0.8805654449062674f,-0.38771433780311043f,0f,0f,0f,1f],start_interpolation:0}
execute if entity @s[tag=aj.mech_torso.bone.left_arm] run data modify entity @s {} merge value {transformation:[-0.2651537757199794f,-1.066769846858117f,-0.12832594277766496f,1f,-1.0114510107019326f,0.20322010388899786f,0.40055014774608755f,1.4375f,-0.36253593850197324f,0.21325023269314988f,-1.0236522896398166f,-0.18117374999999988f,0f,0f,0f,1f],start_interpolation:0}
execute if entity @s[tag=aj.mech_torso.bone.drillhead_right1] run data modify entity @s {} merge value {transformation:[0.23045657468355438f,0.9580844169586541f,0.17018818162880378f,-3.9665162552431616f,0.43618914195729364f,0.054629378901032824f,-0.8981952256605726f,1.2986498051147868f,-0.8698441237507346f,0.2812292320187977f,-0.40531632021722735f,-0.9839928511250199f,0f,0f,0f,1f],start_interpolation:0}
execute if entity @s[tag=aj.mech_torso.bone.drillhead_right2] run data modify entity @s {} merge value {transformation:[-0.24542529069316948f,0.9580844169586541f,0.14778591498911073f,-4.062384142217104f,0.6629018271825591f,0.054629378901032824f,0.746710652447728f,1.3488396391238104f,0.7073383873410222f,0.2812292320187977f,-0.6485233417942022f,-0.6671421151692635f,0f,0f,0f,1f],start_interpolation:0}
execute if entity @s[tag=aj.mech_torso.bone.drillhead_right3] run data modify entity @s {} merge value {transformation:[0.06904146467116097f,0.9580844169586541f,-0.2780423099764786f,-3.997836834258444f,-0.9967465431917601f,0.054629378901032824f,-0.059261788668279414f,1.0079661243905478f,-0.041588517541951975f,0.2812292320187977f,0.958739023022835f,-0.820824793203402f,0f,0f,0f,1f],start_interpolation:0}
execute if entity @s[tag=aj.mech_torso.bone.drill_right] run data modify entity @s {} merge value {transformation:[0.35232325968266415f,1.4647246462703156f,0.26018461392676573f,-3.5189360125134628f,0.6668483229154961f,0.08351769037303469f,-1.3731657262140224f,1.2369121434955037f,-1.3298224080457934f,0.4299447732353447f,-0.6196497858114983f,-0.659071403396361f,0f,0f,0f,1f],start_interpolation:0}
execute if entity @s[tag=aj.mech_torso.bone.barrel_right] run data modify entity @s {} merge value {transformation:[-0.39060499406610916f,2.1989338767200817f,0.5289291425834852f,-3.9862944602997494f,2.0614800477425f,0.12538184506850442f,1.0011133298171044f,1.386772648188452f,0.930256010365366f,0.6454592877871567f,-1.996410417834746f,-1.3430612537910294f,0f,0f,0f,1f],start_interpolation:0}
execute if entity @s[tag=aj.mech_torso.bone.rocket_right] run data modify entity @s {} merge value {transformation:[-0.39216384689808664f,2.2077095307775823f,0.5310400287840138f,-2.543839345513684f,2.06970714176154f,0.12588222741699664f,1.0051086406119571f,1.1518206286634367f,0.9339685389767556f,0.6480352303736021f,-2.0043778275732507f,-0.6050658158008351f,0f,0f,0f,1f],start_interpolation:0}
execute if entity @s[tag=aj.mech_torso.bone.sword_right] run data modify entity @s {} merge value {transformation:[-0.45338954162124523f,2.552383194191341f,0.613947453691432f,-3.534723091398643f,2.3928354939290064f,0.14553530581233168f,1.1620289566494244f,0.7047249322374896f,1.079782267347504f,0.7492082668442913f,-2.3173067881379388f,0.3551533947576989f,0f,0f,0f,1f],start_interpolation:0}
execute if entity @s[tag=aj.mech_torso.bone.right_hand] run data modify entity @s {} merge value {transformation:[-0.17018818162880373f,0.9580844169586541f,0.2304565746835544f,-3.0798321353179343f,0.8981952256605727f,0.054629378901032824f,0.4361891419572934f,1.3217929242557327f,0.4053163202172272f,0.2812292320187977f,-0.8698441237507347f,-0.5899860940215061f,0f,0f,0f,1f],start_interpolation:0}
execute if entity @s[tag=aj.mech_torso.bone.right_arm_low] run data modify entity @s {} merge value {transformation:[-0.17587365919375603f,0.9525550644257386f,0.24840955142400473f,-2.1085221687105857f,0.8938430044839201f,0.048798383806660545f,0.4457167273874927f,1.3286547680130074f,0.41244774134059364f,0.30042897159683934f,-0.8600170310454952f,-0.34221063847862565f,0f,0f,0f,1f],start_interpolation:0}
execute if entity @s[tag=aj.mech_torso.bone.right_arm] run data modify entity @s {} merge value {transformation:[-0.19463835270005117f,1.0850778392984988f,0.09743701994385555f,-1f,0.9892108389781616f,0.13455219735782428f,0.4776291456436997f,1.4375f,0.4564535093964772f,0.17109578423652028f,-0.9935534232793717f,-0.1811737500000001f,0f,0f,0f,1f],start_interpolation:0}