execute if entity @s[tag=aj.mech_torso.bone.barrel_left] run data modify entity @s {} merge value {transformation:[-0.36617036642389744f,-1.142046770180581f,1.9568589450759566f,3.000188440322521f,-2.0949428323892243f,0.9256837685246648f,0.1482315187862677f,0.161775167781122f,-0.8630076970831125f,-1.7625229725767473f,-1.1901172124480957f,1.991946505049087f,0f,0f,0f,1f],start_interpolation:0}
execute if entity @s[tag=aj.mech_torso.bone.blaster_left] run data modify entity @s {} merge value {transformation:[-0.15954191516939153f,-0.49759441406216587f,0.852611386505137f,2.099930141060098f,-0.9127750967778845f,0.4033241758855949f,0.0645850745012264f,0.7946338394740021f,-0.37601595711645786f,-0.7679384143538696f,-0.5185389009066328f,1.5055876188673345f,0f,0f,0f,1f],start_interpolation:0}
execute if entity @s[tag=aj.mech_torso.bone.sword_left] run data modify entity @s {} merge value {transformation:[-0.4250273732038256f,-1.3256155694582896f,2.271397943200033f,1.1415998586575875f,-2.4316769752792955f,1.0744750985610594f,0.17205776008320137f,0.4070183941512747f,-1.0017246838628378f,-2.045825052862069f,-1.3814126947288137f,2.188270280010016f,0f,0f,0f,1f],start_interpolation:0}
execute if entity @s[tag=aj.mech_torso.bone.rocket_left] run data modify entity @s {} merge value {transformation:[-0.36763170389105104f,-1.1466045276823844f,1.964668510121599f,1.8794927214403687f,-2.1033034719527524f,0.9293780499240368f,0.1488230911582512f,0.8577113857015818f,-0.8664518465769837f,-1.7695569684778891f,-1.1948668127225248f,1.0304572370842886f,0f,0f,0f,1f],start_interpolation:0}
execute if entity @s[tag=aj.mech_torso.bone.drillhead_left1] run data modify entity @s {} merge value {transformation:[0.852611386505137f,-0.49759441406216587f,0.15954191516939173f,2.7009272122246806f,0.06458507450122619f,0.4033241758855949f,0.9127750967778845f,0.18940690660357629f,-0.5185389009066329f,-0.7679384143538696f,0.37601595711645774f,2.050466352338577f,0f,0f,0f,1f],start_interpolation:0}
execute if entity @s[tag=aj.mech_torso.bone.drillhead_left2] run data modify entity @s {} merge value {transformation:[-0.4736777618639971f,-0.49759441406216587f,0.7266561614750433f,2.382194309358627f,-0.8680098676887807f,0.4033241758855949f,-0.2896350785749384f,-0.0057065304027617f,-0.1489572002637656f,-0.7679384143538696f,-0.622962554451907f,2.1545186361749202f,0f,0f,0f,1f],start_interpolation:0}
execute if entity @s[tag=aj.mech_torso.bone.drillhead_left3] run data modify entity @s {} merge value {transformation:[-0.17888274185869105f,-0.49759441406216587f,-0.848764256881289f,2.442621051307225f,0.8185785917094123f,0.4033241758855949f,-0.40897273544973733f,0.34063416110330846f,0.5458296930913086f,-0.7679384143538696f,0.33517240026516604f,2.2972638911000387f,0f,0f,0f,1f],start_interpolation:0}
execute if entity @s[tag=aj.mech_torso.bone.left_hand] run data modify entity @s {} merge value {transformation:[-0.15954191516939153f,-0.49759441406216587f,0.852611386505137f,2.0750017168148807f,-0.9127750967778845f,0.4033241758855949f,0.0645850745012264f,0.6520127306024577f,-0.37601595711645786f,-0.7679384143538696f,-0.5185389009066328f,1.446835125567888f,0f,0f,0f,1f],start_interpolation:0}
execute if entity @s[tag=aj.mech_torso.bone.left_arm_low] run data modify entity @s {} merge value {transformation:[-0.11775134271702442f,-0.39146968740260435f,0.912625939327414f,1.704692131096444f,-0.9021263834505984f,0.42632067957193964f,0.06647305056685197f,1.024027794038949f,-0.4150934949751459f,-0.815476647129902f,-0.40335496577467816f,0.5928102923215807f,0f,0f,0f,1f],start_interpolation:0}
execute if entity @s[tag=aj.mech_torso.bone.left_arm] run data modify entity @s {} merge value {transformation:[-0.13031472410209843f,-0.6896056316907964f,0.8557067978908192f,1f,-0.9983780061608738f,0.434476969874152f,0.19809870771219348f,1.4375f,-0.4593815495102733f,-0.7486292900517189f,-0.6732716811066892f,-0.18117374999999988f,0f,0f,0f,1f],start_interpolation:0}
execute if entity @s[tag=aj.mech_torso.bone.drillhead_right1] run data modify entity @s {} merge value {transformation:[-0.873441699097677f,0.48380233260218714f,-0.05508993779307922f,-2.6161257051966977f,0.342353455081812f,0.5297103487112677f,-0.7760161456192345f,-0.0584285340815926f,-0.3462567112286901f,-0.6966650913005974f,-0.6283025071509915f,1.9528401088746594f,0f,0f,0f,1f],start_interpolation:0}
execute if entity @s[tag=aj.mech_torso.bone.drillhead_right2] run data modify entity @s {} merge value {transformation:[0.3851481333558409f,0.48380233260218714f,-0.7858729021547911f,-2.364762906042288f,0.5859324385631536f,0.5297103487112677f,0.6132618722109043f,-0.005549812668901366f,0.7129825333147704f,-0.6966650913005974f,-0.07945852849872503f,2.167606596226446f,0f,0f,0f,1f],start_interpolation:0}
execute if entity @s[tag=aj.mech_torso.bone.drillhead_right3] run data modify entity @s {} merge value {transformation:[0.28335520140714915f,0.48380233260218714f,0.8280369151216608f,-2.3855530289297224f,-0.8479584291086645f,0.5297103487112677f,-0.019324827858312243f,-0.30005073501273444f,-0.4479691198498845f,-0.6966650913005974f,0.5603404484989907f,1.929244579394864f,0f,0f,0f,1f],start_interpolation:0}
execute if entity @s[tag=aj.mech_torso.bone.drill_right] run data modify entity @s {} merge value {transformation:[-1.3353224007230653f,0.7396396266781919f,-0.08422179530188922f,-2.1857916915841744f,0.5233918165436225f,0.8098240503741748f,-1.1863776868434746f,0.1447274594153502f,-0.5293591356836073f,-1.0650653651829312f,-0.9605522762376828f,1.6643026957499698f,0f,0f,0f,1f],start_interpolation:0}
execute if entity @s[tag=aj.mech_torso.bone.barrel_right] run data modify entity @s {} merge value {transformation:[0.12643889028499994f,1.1103920698055314f,-2.0046673419266297f,-2.977688138158933f,1.7810624630559235f,1.215757202614726f,0.7857476824237402f,-0.049782565909869764f,1.4420395983354133f,-1.5989410148764396f,-0.7947061854731196f,1.8735634731957362f,0f,0f,0f,1f],start_interpolation:0}
execute if entity @s[tag=aj.mech_torso.bone.rocket_right] run data modify entity @s {} merge value {transformation:[0.12694349116104378f,1.1148234975878621f,-2.012667703956323f,-1.8636869680881227f,1.7881704476097349f,1.220609128696276f,0.7888834974250165f,0.5222190656299688f,1.447794587508205f,-1.6053221768356314f,-0.7978777526743446f,0.818891959053853f,0f,0f,0f,1f],start_interpolation:0}
execute if entity @s[tag=aj.mech_torso.bone.sword_right] run data modify entity @s {} merge value {transformation:[0.1467622569610892f,1.2888727978316357f,-2.3268909027450015f,-1.096220068602558f,2.0673445193766793f,1.4111739716336715f,0.912046151421609f,-0.16019432452824045f,1.6738282470047534f,-1.8559494753708712f,-0.9224446144542737f,1.843134418178673f,0f,0f,0f,1f],start_interpolation:0}
execute if entity @s[tag=aj.mech_torso.bone.right_hand] run data modify entity @s {} merge value {transformation:[0.055089937793079025f,0.48380233260218714f,-0.873441699097677f,-2.0372255437473417f,0.7760161456192346f,0.5297103487112677f,0.3423534550818118f,0.42997083673653036f,0.6283025071509913f,-0.6966650913005974f,-0.3462567112286903f,1.3459411759436928f,0f,0f,0f,1f],start_interpolation:0}
execute if entity @s[tag=aj.mech_torso.bone.right_arm_low] run data modify entity @s {} merge value {transformation:[0.012111306024874684f,0.3774392297961968f,-0.9259551523034067f,-1.6894793690871812f,0.8012290749142399f,0.550356996887317f,0.2348172597771402f,0.937589055809743f,0.5982351425471785f,-0.7447461337852164f,-0.2957497429137167f,0.5545631662832241f,0f,0f,0f,1f],start_interpolation:0}
execute if entity @s[tag=aj.mech_torso.bone.right_arm] run data modify entity @s {} merge value {transformation:[0.01340351172844367f,0.678632582708721f,-0.8740996179460693f,-1f,0.8867155433713191f,0.5164074546831436f,0.4145248658710489f,1.4375f,0.6620633425519643f,-0.7053744657753042f,-0.5374857877331757f,-0.1811737500000001f,0f,0f,0f,1f],start_interpolation:0}