execute if entity @s[tag=aj.mech_torso.bone.barrel_left] run data modify entity @s {} merge value {transformation:[-2.1263813309135733f,-0.33403252518222143f,0.7966010300729625f,1.8303507438364113f,-0.8560602018717114f,1.097616529143843f,-1.824841740856528f,-0.870545552375577f,-0.1153770330883979f,-1.9877899085470043f,-1.141502480577728f,1.7124233711198478f,0f,0f,0f,1f],start_interpolation:0}
execute if entity @s[tag=aj.mech_torso.bone.blaster_left] run data modify entity @s {} merge value {transformation:[-0.9264729782138122f,-0.14553932727244745f,0.3470823027132217f,1.7416406154157071f,-0.37298890524854683f,0.47823597767184123f,-0.7950909546849019f,0.1153210324809486f,-0.05027024170540286f,-0.8660881328579336f,-0.4973572648725851f,1.028524504419064f,0f,0f,0f,1f],start_interpolation:0}
execute if entity @s[tag=aj.mech_torso.bone.sword_left] run data modify entity @s {} merge value {transformation:[-2.4681687934888763f,-0.3877238022546182f,0.9246440300726538f,1.1245232043080424f,-0.9936604713792159f,1.274043759256706f,-2.118160732676722f,0.8756615132132287f,-0.13392235363154234f,-2.307300646859957f,-1.3249837925550356f,1.7873042706983475f,0f,0f,0f,1f],start_interpolation:0}
execute if entity @s[tag=aj.mech_torso.bone.rocket_left] run data modify entity @s {} merge value {transformation:[-2.1348674373636043f,-0.3353656047786507f,0.7997801593481894f,1.5458021928531516f,-0.8594766248317441f,1.101996971434326f,-1.8321244427135437f,0.2464663202039774f,-0.11583748755648533f,-1.9957229149739275f,-1.1460580658917672f,0.5565408836690915f,0f,0f,0f,1f],start_interpolation:0}
execute if entity @s[tag=aj.mech_torso.bone.drillhead_left1] run data modify entity @s {} merge value {transformation:[0.3470823027132215f,-0.14553932727244745f,0.9264729782138124f,1.7146442636965122f,-0.795090954684902f,0.47823597767184123f,0.37298890524854666f,-0.590108370558261f,-0.4973572648725851f,-0.8660881328579336f,0.05027024170540275f,1.7538041114196834f,0f,0f,0f,1f],start_interpolation:0}
execute if entity @s[tag=aj.mech_torso.bone.drillhead_left2] run data modify entity @s {} merge value {transformation:[-0.9887720689119913f,-0.14553932727244745f,-0.033883623722736844f,1.4213585193161276f,-0.0403286798316696f,0.47823597767184123f,-0.8773049340128511f,-0.3919206459956167f,0.1438867378271371f,-0.8660881328579336f,-0.47873578600322236f,1.9125236515441788f,0f,0f,0f,1f],start_interpolation:0}
execute if entity @s[tag=aj.mech_torso.bone.drillhead_left3] run data modify entity @s {} merge value {transformation:[0.7231267750810418f,-0.14553932727244745f,-0.6752080948700008f,1.7728600959263376f,0.6488649509941784f,0.47823597767184123f,0.5918315850236289f,-0.2502880427833414f,0.23677403263917088f,-0.8660881328579336f,0.44026060871992995f,1.931663162690321f,0f,0f,0f,1f],start_interpolation:0}
execute if entity @s[tag=aj.mech_torso.bone.left_hand] run data modify entity @s {} merge value {transformation:[-0.9264729782138122f,-0.14553932727244745f,0.3470823027132217f,1.596879212569799f,-0.37298890524854683f,0.47823597767184123f,-0.7950909546849019f,0.05704151603586316f,-0.05027024170540286f,-0.8660881328579336f,-0.4973572648725851f,1.020669779152595f,0f,0f,0f,1f],start_interpolation:0}
execute if entity @s[tag=aj.mech_torso.bone.left_arm_low] run data modify entity @s {} merge value {transformation:[-0.9175586204082016f,-0.11537255422696344f,0.38049356347479035f,1.4360496684259103f,-0.3911100376759151f,0.4341106008344502f,-0.8115299900017847f,0.4413474273280129f,-0.07154800167539421f,-0.8934411899919877f,-0.4434452880367078f,0.10889917380474798f,0f,0f,0f,1f],start_interpolation:0}
execute if entity @s[tag=aj.mech_torso.bone.left_arm] run data modify entity @s {} merge value {transformation:[-1.015456772780471f,-0.40074720024399957f,0.18171737023436857f,1f,-0.4328391972207155f,0.9919666366215363f,-0.23113718807909617f,1.4375f,-0.07918175609081568f,-0.28315340693761865f,-1.0669237911753688f,-0.18117374999999988f,0f,0f,0f,1f],start_interpolation:0}
execute if entity @s[tag=aj.mech_torso.bone.drillhead_right1] run data modify entity @s {} merge value {transformation:[-0.44514982455513413f,0.10169511011007523f,0.8896627104011008f,-1.7064095053379995f,-0.7592888495770426f,0.483802935094263f,-0.43521852316066195f,-0.5043821360916381f,-0.47468102617073765f,-0.8692484251201587f,-0.13814882851338042f,1.816680489604711f,0f,0f,0f,1f],start_interpolation:0}
execute if entity @s[tag=aj.mech_torso.bone.drillhead_right2] run data modify entity @s {} merge value {transformation:[-0.6515897062006171f,0.10169511011007523f,-0.7517239914710009f,-1.752508229299058f,0.6926567488306081f,0.483802935094263f,-0.5349405091162834f,-0.21234780274526704f,0.30928543947752474f,-0.8692484251201587f,-0.3856808166778824f,1.973826650431214f,0f,0f,0f,1f],start_interpolation:0}
execute if entity @s[tag=aj.mech_torso.bone.drillhead_right3] run data modify entity @s {} merge value {transformation:[0.9922926317555696f,0.10169511011007523f,0.07080563214395652f,-1.414871180595332f,-0.11152222260524197f,0.483802935094263f,0.8680423456602583f,-0.37739113173867345f,0.05401968926967707f,-0.8692484251201587f,0.49141535242331563f,1.921468304043321f,0f,0f,0f,1f],start_interpolation:0}
execute if entity @s[tag=aj.mech_torso.bone.drill_right] run data modify entity @s {} merge value {transformation:[-0.6805474630081054f,0.1554720351847961f,1.360121170667551f,-1.5620293378827392f,-1.1608049060479846f,0.739640547771341f,-0.6653644356416871f,-0.09758353956686058f,-0.7256949239987155f,-1.328911700752668f,-0.21120267733741044f,1.465421569647732f,0f,0f,0f,1f],start_interpolation:0}
execute if entity @s[tag=aj.mech_torso.bone.barrel_right] run data modify entity @s {} merge value {transformation:[-2.041896766222023f,0.23340409128841264f,-1.0216793135385345f,-1.8161677596377501f,0.9988856278364482f,1.1103934526066839f,-1.742671046514714f,-0.8503785805935333f,0.3170703266540809f,-1.9950432085618433f,-1.089457432567898f,1.743697500731387f,0f,0f,0f,1f],start_interpolation:0}
execute if entity @s[tag=aj.mech_torso.bone.rocket_right] run data modify entity @s {} merge value {transformation:[-2.0500457059565007f,0.23433557612405836f,-1.0257567004523658f,-1.3323894398399587f,1.0028720481675484f,1.114824885907591f,-1.7496258160064855f,0.1567601833987474f,0.3183357123612516f,-2.0030051619491f,-1.093805312983861f,0.5469742564081934f,0f,0f,0f,1f],start_interpolation:0}
execute if entity @s[tag=aj.mech_torso.bone.sword_right] run data modify entity @s {} merge value {transformation:[-2.370104460872869f,0.2709206885968958f,-1.1859006481897303f,-0.9826932095426533f,1.159443181261956f,1.2888744028996462f,-2.022782194234305f,0.8399472616549524f,0.3680351563530233f,-2.3157198181939838f,-1.2645731966351104f,1.7777195812284299f,0f,0f,0f,1f],start_interpolation:0}
execute if entity @s[tag=aj.mech_torso.bone.right_hand] run data modify entity @s {} merge value {transformation:[-0.8896627104011009f,0.10169511011007523f,-0.4451498245551339f,-1.5778308084605757f,0.4352185231606618f,0.483802935094263f,-0.7592888495770427f,0.07111889974034652f,0.1381488285133803f,-0.8692484251201587f,-0.4746810261707377f,1.045803240232289f,0f,0f,0f,1f],start_interpolation:0}
execute if entity @s[tag=aj.mech_torso.bone.right_arm_low] run data modify entity @s {} merge value {transformation:[-0.9009209223175395f,0.08417676736389174f,-0.42574142806013027f,-1.4506509030787167f,0.4178022371373652f,0.4336101894436725f,-0.7983880599392975f,0.4536668224898307f,0.11740009528755369f,-0.8971602284134019f,-0.42581773351950203f,0.1279987016909305f,0f,0f,0f,1f],start_interpolation:0}
execute if entity @s[tag=aj.mech_torso.bone.right_arm] run data modify entity @s {} merge value {transformation:[-0.9970439293567742f,0.4156223136425617f,-0.2406937345865817f,-1f,0.46237929866020544f,0.9806682592060152f,-0.22196199695075783f,1.4375f,0.1299260006208465f,-0.30053258778754066f,-1.0571524850154892f,-0.1811737500000001f,0f,0f,0f,1f],start_interpolation:0}