execute if entity @s[tag=aj.mech_torso.bone.barrel_left] run data modify entity @s {} merge value {transformation:[-2.1994441715625848f,-0.3785638353014913f,0.5355214769100265f,1.7571063496706893f,-0.654270641994215f,1.3951784669723721f,-1.7008984289991558f,-1.2073064982054045f,-0.04498618292929341f,-1.7826426903193875f,-1.4449255259171678f,1.2845074492916038f,0f,0f,0f,1f],start_interpolation:0}
execute if entity @s[tag=aj.mech_torso.bone.blaster_left] run data modify entity @s {} merge value {transformation:[-0.9583067544931442f,-0.1649417998723349f,0.23332888151210793f,1.709476687580128f,-0.28506837481770614f,0.6078849219769659f,-0.7410883505438809f,-0.12955187218729514f,-0.01960066252983287f,-0.7767046570530738f,-0.6295599175141781f,0.7518758211644265f,0f,0f,0f,1f],start_interpolation:0}
execute if entity @s[tag=aj.mech_torso.bone.sword_left] run data modify entity @s {} merge value {transformation:[-2.552975512129537f,-0.43941292704689405f,0.621599417910862f,1.2244159321781023f,-0.7594359288191521f,1.6194348132511995f,-1.9742951851191752f,0.5617616317243239f,-0.052217112344830376f,-2.0691787471144796f,-1.677178048987117f,1.6582421832529153f,0f,0f,0f,1f],start_interpolation:0}
execute if entity @s[tag=aj.mech_torso.bone.rocket_left] run data modify entity @s {} merge value {transformation:[-2.208221862139261f,-0.3800746334625719f,0.5376586722443101f,1.4918534123489136f,-0.6568817495290556f,1.4007464395722968f,-1.7076864895033248f,0.08353063332692867f,-0.045165716831123956f,-1.7897569813510532f,-1.4506920324449653f,0.3211133942729671f,0f,0f,0f,1f],start_interpolation:0}
execute if entity @s[tag=aj.mech_torso.bone.drillhead_left1] run data modify entity @s {} merge value {transformation:[0.2333288815121077f,-0.1649417998723349f,0.9583067544931442f,1.6714232377037614f,-0.741088350543881f,0.6078849219769659f,0.28506837481770597f,-0.9272203696892676f,-0.6295599175141781f,-0.7767046570530738f,0.01960066252983273f,1.3737012444584793f,0f,0f,0f,1f],start_interpolation:0}
execute if entity @s[tag=aj.mech_torso.bone.drillhead_left2] run data modify entity @s {} merge value {transformation:[-0.9746510935904953f,-0.1649417998723349f,-0.1511603400952984f,1.4105789192281373f,0.020233396811580817f,0.6078849219769659f,-0.7937673029840191f,-0.7306132373517411f,0.22281349917883514f,-0.7767046570530738f,-0.5891383710943893f,1.5829682305657193f,0f,0f,0f,1f],start_interpolation:0}
execute if entity @s[tag=aj.mech_torso.bone.drillhead_left3] run data modify entity @s {} merge value {transformation:[0.7960688990965739f,-0.1649417998723349f,-0.5822958960408734f,1.774174490815635f,0.5469710705322497f,0.6078849219769659f,0.5755854147160637f,-0.6223487700479975f,0.25903080104878184f,-0.7767046570530738f,0.5741366734672969f,1.5904874712494566f,0f,0f,0f,1f],start_interpolation:0}
execute if entity @s[tag=aj.mech_torso.bone.left_hand] run data modify entity @s {} merge value {transformation:[-0.9583067544931442f,-0.1649417998723349f,0.23332888151210793f,1.5597412571905742f,-0.28506837481770614f,0.6078849219769659f,-0.7410883505438809f,-0.17409380575256173f,-0.01960066252983287f,-0.7767046570530738f,-0.6295599175141781f,0.7488132176441401f,0f,0f,0f,1f],start_interpolation:0}
execute if entity @s[tag=aj.mech_torso.bone.left_arm_low] run data modify entity @s {} merge value {transformation:[-0.9562313918616897f,-0.15529149324655378f,0.24800418815719866f,1.3524354328325774f,-0.2910982601184188f,0.5909426622046179f,-0.7523619959451358f,0.37514390282136945f,-0.029720837375232186f,-0.7916257462410976f,-0.610283007885637f,-0.0637414249293357f,0f,0f,0f,1f],start_interpolation:0}
execute if entity @s[tag=aj.mech_torso.bone.left_arm] run data modify entity @s {} merge value {transformation:[-1.0582557033568796f,-0.3173046639222692f,0.06468844641696023f,1f,-0.3221567463998701f,1.0540183946625359f,-0.10016103531857411f,1.4375f,-0.03289187735161811f,-0.11460782041472868f,-1.1002523121712127f,-0.18117374999999988f,0f,0f,0f,1f],start_interpolation:0}
execute if entity @s[tag=aj.mech_torso.bone.drillhead_right1] run data modify entity @s {} merge value {transformation:[-0.27669161154145755f,0.14955631719246562f,0.9492495246722106f,-1.7122451860800507f,-0.7319587546501999f,0.6072388392851661f,-0.3090264932890587f,-0.8528857641181369f,-0.6226380438051627f,-0.7803165383685206f,-0.05854883735010932f,1.430797649394211f,0f,0f,0f,1f],start_interpolation:0}
execute if entity @s[tag=aj.mech_torso.bone.drillhead_right2] run data modify entity @s {} merge value {transformation:[-0.77110691147941f,0.14955631719246562f,-0.6188917829932079f,-1.8161174919582617f,0.565611740732713f,0.6072388392851661f,-0.5579823929201659f,-0.5923432454777128f,0.2923653362045432f,-0.7803165383685206f,-0.5528368747963307f,1.6136423926012662f,0f,0f,0f,1f],start_interpolation:0}
execute if entity @s[tag=aj.mech_torso.bone.drillhead_right3] run data modify entity @s {} merge value {transformation:[0.9828775027020362f,0.14955631719246562f,-0.1076323495517752f,-1.4558923495976086f,-0.005394763574282702f,0.6072388392851661f,0.7945010312073748f,-0.7095070348687917f,0.18418119124434648f,-0.7803165383685206f,0.5976482148725811f,1.591507198772602f,0f,0f,0f,1f],start_interpolation:0}
execute if entity @s[tag=aj.mech_torso.bone.drill_right] run data modify entity @s {} merge value {transformation:[-0.42300763447080947f,0.22864250782055956f,1.4512178150871342f,-1.5779052694001319f,-1.1190225088858132f,0.9283500267095414f,-0.47244137683381826f,-0.38794266908853264f,-0.9518924139920701f,-1.192952150572377f,-0.08950977968038278f,1.1560354523783078f,0f,0f,0f,1f],start_interpolation:0}
execute if entity @s[tag=aj.mech_torso.bone.barrel_right] run data modify entity @s {} merge value {transformation:[-2.178656598849825f,0.34325206268979397f,-0.6350448324315456f,-1.7654353769487339f,0.7092577781970612f,1.393695619435126f,-1.6799447663197158f,-1.195677091243459f,0.13437753460224064f,-1.7909324485522167f,-1.4290388855337988f,1.3013687488241328f,0f,0f,0f,1f],start_interpolation:0}
execute if entity @s[tag=aj.mech_torso.bone.rocket_right] run data modify entity @s {} merge value {transformation:[-2.187351328975187f,0.34462193624014476f,-0.6375792123050938f,-1.266220112319485f,0.7120883321145499f,1.3992576741867948f,-1.686649203529497f,0.014686195148012227f,0.13491381755701873f,-1.7980798229117811f,-1.4347419905825358f,0.31835231424000565f,0f,0f,0f,1f],start_interpolation:0}
execute if entity @s[tag=aj.mech_torso.bone.sword_right] run data modify entity @s {} merge value {transformation:[-2.528846614120462f,0.3984252575560594f,-0.7371198265743335f,-1.1715398723506114f,0.8232615144025609f,1.6177136177329148f,-1.9499735003946077f,0.5568917667169663f,0.1559769325611628f,-2.0788009735130935f,-1.6587378428690709f,1.6602967476150563f,0f,0f,0f,1f],start_interpolation:0}
execute if entity @s[tag=aj.mech_torso.bone.right_hand] run data modify entity @s {} merge value {transformation:[-0.9492495246722107f,0.14955631719246562f,-0.2766916115414573f,-1.5610174263624292f,0.3090264932890585f,0.6072388392851661f,-0.7319587546502f,-0.1659291790066687f,0.058548837350109184f,-0.7803165383685206f,-0.6226380438051627f,0.7620626704996158f,0f,0f,0f,1f],start_interpolation:0}
execute if entity @s[tag=aj.mech_torso.bone.right_arm_low] run data modify entity @s {} merge value {transformation:[-0.9517387376077283f,0.14673139433819796f,-0.2695612606670623f,-1.363226150319594f,0.30305500113622147f,0.588066611074135f,-0.7498902101148586f,0.3797624254303631f,0.04848754090663344f,-0.7953914500768475f,-0.6041534569308342f,-0.05523904641298477f,0f,0f,0f,1f],start_interpolation:0}
execute if entity @s[tag=aj.mech_torso.bone.right_arm] run data modify entity @s {} merge value {transformation:[-1.0532837091011702f,0.32805790740450924f,-0.08799668212770101f,-1f,0.33538920193661637f,1.0498425921785643f,-0.10058127761238711f,1.4375f,0.05366087867738261f,-0.12239493278397993f,-1.0985954528680721f,-0.1811737500000001f,0f,0f,0f,1f],start_interpolation:0}