execute if entity @s[tag=aj.mech_torso.bone.sword_left] run data modify entity @s {} merge value {transformation:[-2.0899725904437743f,0.6790899974134528f,1.8537735424281843f,1.1335066096189668f,-1.8592485934340317f,0.23086086492286273f,-2.180716150456231f,0.8946205845857643f,-0.6639534915996126f,-2.7840914202770115f,0.27134060612561917f,1.768318111568274f,0f,0f,0f,1f],start_interpolation:0}
execute if entity @s[tag=aj.mech_torso.bone.left_hand] run data modify entity @s {} merge value {transformation:[-0.7269469879804432f,0.23620521649163573f,0.6447907973663249f,1.1562237029933555f,-0.6466951629335762f,0.08029943127751747f,-0.7585099653760803f,0.9148298084274386f,-0.23094034490421306f,-0.9683796244441779f,0.09437934126108494f,1.7755349973465306f,0f,0f,0f,1f],start_interpolation:0}
execute if entity @s[tag=aj.mech_torso.bone.left_arm_low] run data modify entity @s {} merge value {transformation:[-0.6574209954694957f,0.38157927983587814f,0.6497652560085296f,1.5375637409710785f,-0.7158723644822808f,-0.0471123709943565f,-0.6966399229658309f,0.8235764284503285f,-0.2352113783099065f,-0.92313470181725f,0.30413472313159384f,0.8545541500549583f,0f,0f,0f,1f],start_interpolation:0}
execute if entity @s[tag=aj.mech_torso.bone.left_arm] run data modify entity @s {} merge value {transformation:[-0.727563980730284f,-0.38564045432271016f,0.7393943957508095f,1.125f,-0.792251769850414f,0.6259408917520114f,-0.45310827815833543f,1.4375f,-0.26030706030920003f,-0.827194909653401f,-0.6875760280366908f,0.006326250000000129f,0f,0f,0f,1f],start_interpolation:0}
execute if entity @s[tag=aj.mech_torso.bone.sword_right] run data modify entity @s {} merge value {transformation:[-1.3504583793455522f,-1.0775559448858187f,-2.2979905028734597f,-0.9349519867234197f,2.294282348932653f,0.5949343730678229f,-1.6272512390895466f,0.7324806263319911f,1.0854287950075097f,-2.5981823025691697f,0.5804464261109032f,1.7326575861919602f,0f,0f,0f,1f],start_interpolation:0}
execute if entity @s[tag=aj.mech_torso.bone.right_hand] run data modify entity @s {} merge value {transformation:[-0.4697246536854095f,-0.37480206778637176f,-0.7993010444777251f,-0.9613434467694129f,0.7980112518026619f,0.20693369498011233f,-0.5660004309876684f,0.7638851559189528f,0.37754045043739465f,-0.9037155835023198f,0.2018944090820533f,1.7162146132836813f,0f,0f,0f,1f],start_interpolation:0}
execute if entity @s[tag=aj.mech_torso.bone.right_arm_low] run data modify entity @s {} merge value {transformation:[-0.5505353353933475f,-0.5071545072885354f,-0.6631026694413599f,-1.4720156832469486f,0.7424260933278932f,0.0657659583463805f,-0.666692083850307f,0.7856161712285146f,0.38172547783612365f,-0.8593422743352648f,0.34031825562417045f,0.8555783632542929f,0f,0f,0f,1f],start_interpolation:0}
execute if entity @s[tag=aj.mech_torso.bone.right_arm] run data modify entity @s {} merge value {transformation:[-0.6092742442236947f,0.32444481089711585f,-0.8650389809376272f,-1.125f,0.8216386266671017f,0.6640997668702951f,-0.3296262206582584f,1.4375f,0.42245335958928404f,-0.8236983931384003f,-0.6064866813434346f,0.0063262499999998546f,0f,0f,0f,1f],start_interpolation:0}