execute if entity @s[tag=aj.mech_torso.bone.barrel_left] run data modify entity @s {} merge value {transformation:[-0.9342042392554621f,1.4833803420139748f,1.4813823590600517f,-0.19082631887561968f,-1.8104851561994382f,0.24676832494575004f,-1.3888475029446758f,0.6297852924842757f,-1.0569079581445664f,-1.7338790754203905f,1.0696996836873018f,2.3915809362439857f,0f,0f,0f,1f],start_interpolation:0}
execute if entity @s[tag=aj.mech_torso.bone.blaster_left] run data modify entity @s {} merge value {transformation:[-0.40703657957301526f,0.6463148370001229f,0.6454443077160146f,0.3010267998929538f,-0.7888357324672961f,0.10751796096850477f,-0.6051264952486874f,1.2307997240629267f,-0.46049908802546524f,-0.7554581520790412f,0.466072494774188f,1.4726782033676917f,0f,0f,0f,1f],start_interpolation:0}
execute if entity @s[tag=aj.mech_torso.bone.sword_left] run data modify entity @s {} merge value {transformation:[-1.084365121417192f,1.7218139643187826f,1.7194948322303358f,-0.7044337045999415f,-2.1014965183532794f,0.2864330447215436f,-1.6120862311231072f,1.7354866986287447f,-1.2267918279557608f,-2.0125770309492497f,1.2416396529156843f,0.9539889794042861f,0f,0f,0f,1f],start_interpolation:0}
execute if entity @s[tag=aj.mech_torso.bone.rocket_left] run data modify entity @s {} merge value {transformation:[-0.937932524725776f,1.489300316623047f,1.4872943599836022f,0.6009250220669825f,-1.8177105628272834f,0.2477531446690711f,-1.394390209505114f,1.123482715396121f,-1.0611259379162594f,-1.7407987573192043f,1.0739687135425604f,1.052125675747579f,0f,0f,0f,1f],start_interpolation:0}
execute if entity @s[tag=aj.mech_torso.bone.drillhead_left1] run data modify entity @s {} merge value {transformation:[0.6454443077160145f,0.6463148370001229f,0.4070365795730154f,-0.2997579576514954f,-0.6051264952486877f,0.10751796096850477f,0.788835732467296f,0.8134357884150356f,0.4660724947741879f,-0.7554581520790412f,0.46049908802546535f,2.1721458397399083f,0f,0f,0f,1f],start_interpolation:0}
execute if entity @s[tag=aj.mech_torso.bone.drillhead_left2] run data modify entity @s {} merge value {transformation:[-0.6230536079281843f,0.6463148370001229f,0.44054662990559507f,-0.5953833695353893f,-0.4972173035232589f,0.10751796096850477f,-0.8609383492133655f,0.8684199758755229f,-0.6038039041979875f,-0.7554581520790412f,0.2543694669817672f,1.9270557554460015f,0f,0f,0f,1f],start_interpolation:0}
execute if entity @s[tag=aj.mech_torso.bone.drillhead_left3] run data modify entity @s {} merge value {transformation:[0.12905192177363706f,0.6463148370001229f,-0.7520789406438901f,-0.44101877356358504f,0.960361071956909f,0.10751796096850477f,0.2571896178677364f,1.1678194028706237f,0.24708746013569424f,-0.7554581520790412f,-0.6068202101949246f,2.1017298181013633f,0f,0f,0f,1f],start_interpolation:0}
execute if entity @s[tag=aj.mech_torso.bone.left_hand] run data modify entity @s {} merge value {transformation:[-0.40703657957301526f,0.6463148370001229f,0.6454443077160146f,0.23742733433467011f,-0.7888357324672961f,0.10751796096850477f,-0.6051264952486874f,1.1075441408649116f,-0.46049908802546524f,-0.7554581520790412f,0.466072494774188f,1.4007252208637129f,0f,0f,0f,1f],start_interpolation:0}
execute if entity @s[tag=aj.mech_torso.bone.left_arm_low] run data modify entity @s {} merge value {transformation:[-0.29646560827911045f,0.8352459887521255f,0.46311152153793544f,1.0686164576174118f,-0.8742135206595623f,-0.04209660678573468f,-0.4837133407227264f,0.9956931471403692f,-0.3845242039244217f,-0.5482627234917687f,0.7426635325809922f,0.8516379700198238f,0f,0f,0f,1f],start_interpolation:0}
execute if entity @s[tag=aj.mech_torso.bone.left_arm] run data modify entity @s {} merge value {transformation:[-0.3280967592997766f,-0.05838614191502413f,1.0553272257945834f,1f,-0.9674870037350671f,0.4614924761954068f,-0.27525546416520463f,1.4375f,-0.42555069342530133f,-1.0041851081256576f,-0.18785860235276608f,-0.18117374999999988f,0f,0f,0f,1f],start_interpolation:0}
execute if entity @s[tag=aj.mech_torso.bone.drillhead_right1] run data modify entity @s {} merge value {transformation:[-0.6975604672114366f,-0.7164397300827912f,0.011113403738734219f,0.5025496723329521f,-0.3747094827833714f,0.3515273300146209f,-0.8579168606368629f,0.2662024660009961f,0.6107390589244978f,-0.6026131839013228f,-0.5136683292673686f,1.80324935353547f,0f,0f,0f,1f],start_interpolation:0}
execute if entity @s[tag=aj.mech_torso.bone.drillhead_right2] run data modify entity @s {} merge value {transformation:[0.25667738762391734f,-0.7164397300827912f,-0.6487147538336546f,0.6928355794768506f,0.9360069391500239f,0.3515273300146209f,-0.017875852869050135f,0.5324021057118852f,0.2408479365607386f,-0.6026131839013228f,0.760821675586826f,1.7323051118620065f,0f,0f,0f,1f],start_interpolation:0}
execute if entity @s[tag=aj.mech_torso.bone.drillhead_right3] run data modify entity @s {} merge value {transformation:[0.2772122801254192f,-0.7164397300827912f,0.6402089228576591f,0.6971432017109868f,-0.6492167171274477f,0.3515273300146209f,0.6744969906938444f,0.2069174823642168f,-0.7082873752580419f,-0.6026131839013228f,-0.36767695690427055f,1.537316194500078f,0f,0f,0f,1f],start_interpolation:0}
execute if entity @s[tag=aj.mech_torso.bone.drill_right] run data modify entity @s {} merge value {transformation:[-1.066434220725375f,-1.0952969400657757f,0.01699023183338046f,0.27626057166188644f,-0.5728578869555833f,0.5374168862327233f,-1.3115879435912978f,0.5252856701245263f,0.9337011814536746f,-0.9212782997030884f,-0.78529892415407f,1.3657762732244105f,0f,0f,0f,1f],start_interpolation:0}
execute if entity @s[tag=aj.mech_torso.bone.barrel_right] run data modify entity @s {} merge value {transformation:[-0.0255067711510699f,-1.6443264969366755f,-1.60099602421371f,0.3442184072431007f,1.9690357288685034f,0.8068029715125487f,-0.860009161025916f,0.04194175434553077f,1.1789385889500035f,-1.383079112011016f,1.4017290989538929f,2.051695070670214f,0f,0f,0f,1f],start_interpolation:0}
execute if entity @s[tag=aj.mech_torso.bone.rocket_right] run data modify entity @s {} merge value {transformation:[-0.025608565298731813f,-1.6508887863476795f,-1.607385387443172f,-0.4962502154120826f,1.9768938898465784f,0.8100228153857617f,-0.8634413437592604f,0.6155410949410127f,1.183643576817622f,-1.3885987976867253f,1.4073232142590333f,0.7690755764529184f,0f,0f,0f,1f],start_interpolation:0}
execute if entity @s[tag=aj.mech_torso.bone.sword_right] run data modify entity @s {} merge value {transformation:[-0.029606644707835746f,-1.908630068860843f,-1.858334800073849f,0.8841557528183814f,2.2855319827182f,0.9364857976465675f,-0.9982441730932365f,0.9738241536148202f,1.3684372564708516f,-1.6053906482170126f,1.6270383720293766f,0.5047297713257657f,0f,0f,0f,1f],start_interpolation:0}
execute if entity @s[tag=aj.mech_torso.bone.right_hand] run data modify entity @s {} merge value {transformation:[-0.011113403738734373f,-0.7164397300827912f,-0.6975604672114366f,-0.0972111721046558f,0.8579168606368628f,0.3515273300146209f,-0.3747094827833716f,0.6776759877668787f,0.5136683292673687f,-0.6026131839013228f,0.6107390589244976f,1.1606280595376408f,0f,0f,0f,1f],start_interpolation:0}
execute if entity @s[tag=aj.mech_torso.bone.right_arm_low] run data modify entity @s {} merge value {transformation:[-0.12499754176232798f,-0.8952326730963113f,-0.42770793255936757f,-0.9979973717333018f,0.7894183449562124f,0.17139055269594214f,-0.5894437675412083f,0.7813077761673948f,0.6009944186096653f,-0.4113195101954354f,0.6852896973781365f,0.7331617012221681f,0f,0f,0f,1f],start_interpolation:0}
execute if entity @s[tag=aj.mech_torso.bone.right_arm] run data modify entity @s {} merge value {transformation:[-0.13833405031604143f,-0.005812654305007048f,-1.0979990355674807f,-1f,0.8736446774226948f,0.6697826688862499f,-0.11361396307072359f,1.4375f,0.6651170172745414f,-0.8809820475149144f,-0.07913257118453124f,-0.1811737500000001f,0f,0f,0f,1f],start_interpolation:0}