execute if entity @s[tag=aj.mech_torso.bone.barrel_left] run data modify entity @s {} merge value {transformation:[-2.1910899843857967f,-0.512014373574605f,0.45234329333809054f,1.884408839220662f,-0.6813590495626892f,1.7493376417089492f,-1.3203091131738416f,-1.4707054928032985f,-0.05022966607468099f,-1.3947428400977264f,-1.8220367405990605f,0.6365377299327195f,0f,0f,0f,1f],start_interpolation:0}
execute if entity @s[tag=aj.mech_torso.bone.blaster_left] run data modify entity @s {} merge value {transformation:[-0.9546668012252564f,-0.22308674115857555f,0.1970878092566448f,1.7904565242864146f,-0.2968709039643721f,0.7621935121671226f,-0.5752640405846022f,-0.3025257697882453f,-0.02188526942291258f,-0.6076951175791961f,-0.7938688046854425f,0.36441796374387236f,0f,0f,0f,1f],start_interpolation:0}
execute if entity @s[tag=aj.mech_torso.bone.sword_left] run data modify entity @s {} merge value {transformation:[-2.543278500692809f,-0.594313860972268f,0.5250514497704825f,1.3615002979333914f,-0.7908784369214457f,2.0305203557663027f,-1.5325312085460088f,0.15605438603597965f,-0.05830341553066122f,-1.6189291651616617f,-2.1149048660075787f,1.4323126570561242f,0f,0f,0f,1f],start_interpolation:0}
execute if entity @s[tag=aj.mech_torso.bone.rocket_left] run data modify entity @s {} merge value {transformation:[-2.199834334507186f,-0.5140577551708087f,0.45414853555096085f,1.5420644540942208f,-0.6840782633467928f,1.75631901669977f,-1.3255782920922463f,-0.003769094985654753f,-0.0504301260237326f,-1.4003090741684527f,-1.8293082480713103f,0.007534031314104017f,0f,0f,0f,1f],start_interpolation:0}
execute if entity @s[tag=aj.mech_torso.bone.drillhead_left1] run data modify entity @s {} merge value {transformation:[0.19708780925664457f,-0.22308674115857555f,0.9546668012252564f,1.802316314736356f,-0.5752640405846023f,0.7621935121671226f,0.296870903964372f,-1.219908793866257f,-0.7938688046854425f,-0.6076951175791961f,0.021885269422912402f,0.791802669264953f,0f,0f,0f,1f],start_interpolation:0}
execute if entity @s[tag=aj.mech_torso.bone.drillhead_left2] run data modify entity @s {} merge value {transformation:[-0.9574193573436843f,-0.22308674115857555f,-0.18324977517817959f,1.5544237195717692f,-0.05412893440368119f,0.7621935121671226f,-0.6450822493842692f,-1.081642358210836f,0.2835810865412724f,-0.6076951175791961f,-0.7418142701690756f,1.0562236375619434f,0f,0f,0f,1f],start_interpolation:0}
execute if entity @s[tag=aj.mech_torso.bone.drillhead_left3] run data modify entity @s {} merge value {transformation:[0.8065748786963866f,-0.22308674115857555f,-0.5474205613375844f,1.9166428358809848f,0.4944169695379331f,0.7621935121671226f,0.41786709638744357f,-0.968921022642169f,0.3240197915079201f,-0.6076951175791961f,0.7250640101270859f,1.064631123919316f,0f,0f,0f,1f],start_interpolation:0}
execute if entity @s[tag=aj.mech_torso.bone.left_hand] run data modify entity @s {} merge value {transformation:[-0.9546668012252564f,-0.22308674115857555f,0.1970878092566448f,1.6412898365949682f,-0.2968709039643721f,0.7621935121671226f,-0.5752640405846022f,-0.3489118485326784f,-0.02188526942291258f,-0.6076951175791961f,-0.7938688046854425f,0.36099839039654225f,0f,0f,0f,1f],start_interpolation:0}
execute if entity @s[tag=aj.mech_torso.bone.left_arm_low] run data modify entity @s {} merge value {transformation:[-0.9546668012252564f,-0.22308674115857555f,0.1970878092566448f,1.3646954143990844f,-0.2968709039643721f,0.7621935121671226f,-0.5752640405846022f,0.3767502308684021f,-0.02188526942291258f,-0.6076951175791961f,-0.7938688046854425f,-0.27287295666800593f,0f,0f,0f,1f],start_interpolation:0}
execute if entity @s[tag=aj.mech_torso.bone.left_arm] run data modify entity @s {} merge value {transformation:[-1.0565241800263174f,-0.3294132507553128f,-0.003942813787500454f,1f,-0.32854529767043084f,1.0526156643050257f,0.09396929909478594f,1.4375f,-0.02422030000626572f,0.0908798768734571f,-1.1026904386912493f,-0.18117374999999988f,0f,0f,0f,1f],start_interpolation:0}
execute if entity @s[tag=aj.mech_torso.bone.drillhead_right1] run data modify entity @s {} merge value {transformation:[-0.19708780925664485f,0.2230867411585757f,0.9546668012252564f,-1.852851202183484f,-0.5752640405846021f,0.7621935121671226f,-0.2968709039643722f,-1.1644095531899648f,-0.7938688046854426f,-0.607695117579196f,-0.02188526942291252f,0.8428603409834237f,0f,0f,0f,1f],start_interpolation:0}
execute if entity @s[tag=aj.mech_torso.bone.drillhead_right2] run data modify entity @s {} merge value {transformation:[-0.8065748786963864f,0.2230867411585757f,-0.5474205613375848f,-1.9797074928480953f,0.4944169695379332f,0.7621935121671226f,-0.41786709638744324f,-0.9493926790014173f,0.32401979150792026f,-0.607695117579196f,-0.725064010127086f,1.0659730600278752f,0f,0f,0f,1f],start_interpolation:0}
execute if entity @s[tag=aj.mech_torso.bone.drillhead_right3] run data modify entity @s {} merge value {transformation:[0.9574193573436844f,0.2230867411585757f,-0.18324977517817934f,-1.6174371337084732f,-0.05412893440368144f,0.7621935121671226f,0.6450822493842691f,-1.0619644459195325f,0.28358108654127234f,-0.607695117579196f,0.7418142701690758f,1.0577719795597205f,0f,0f,0f,1f],start_interpolation:0}
execute if entity @s[tag=aj.mech_torso.bone.drill_right] run data modify entity @s {} merge value {transformation:[-0.3013089103505254f,0.3410562182697452f,1.459499776825012f,-1.6969405725280657f,-0.8794667812592929f,1.165245569949288f,-0.45385784603146206f,-0.6517267123503752f,-1.2136709287257967f,-0.9290475874369618f,-0.03345831843895804f,0.6926546819442911f,0f,0f,0f,1f],start_interpolation:0}
execute if entity @s[tag=aj.mech_torso.bone.barrel_right] run data modify entity @s {} merge value {transformation:[-2.1910899843857967f,0.5120143735746053f,-0.45234329333809015f,-1.8866045728634802f,0.6813590495626892f,1.7493376417089492f,-1.3203091131738416f,-1.4700226897241804f,0.05022966607468044f,-1.3947428400977262f,-1.8220367405990607f,0.6365880660523916f,0f,0f,0f,1f],start_interpolation:0}
execute if entity @s[tag=aj.mech_torso.bone.rocket_right] run data modify entity @s {} merge value {transformation:[-2.199834334507186f,0.5140577551708091f,-0.45414853555096046f,-1.3033977537879067f,0.6840782633467928f,1.75631901669977f,-1.3255782920922463f,-0.07798682097674775f,0.05043012602373206f,-1.4003090741684525f,-1.8293082480713108f,0.0020627139583755394f,0f,0f,0f,1f],start_interpolation:0}
execute if entity @s[tag=aj.mech_torso.bone.sword_right] run data modify entity @s {} merge value {transformation:[-2.543278500692809f,0.5943138609722685f,-0.525051449770482f,-1.361500297933392f,0.7908784369214457f,2.0305203557663027f,-1.5325312085460088f,0.15605438603597965f,0.058303415530660596f,-1.6189291651616613f,-2.114904866007579f,1.4323126570561238f,0f,0f,0f,1f],start_interpolation:0}
execute if entity @s[tag=aj.mech_torso.bone.right_hand] run data modify entity @s {} merge value {transformation:[-0.9546668012252564f,0.2230867411585757f,-0.19708780925664462f,-1.6412898365949684f,0.2968709039643721f,0.7621935121671226f,-0.5752640405846022f,-0.3489118485326784f,0.021885269422912343f,-0.607695117579196f,-0.7938688046854426f,0.3609983903965418f,0f,0f,0f,1f],start_interpolation:0}
execute if entity @s[tag=aj.mech_torso.bone.right_arm_low] run data modify entity @s {} merge value {transformation:[-0.9546668012252564f,0.2230867411585757f,-0.19708780925664462f,-1.3646954143990844f,0.2968709039643721f,0.7621935121671226f,-0.5752640405846022f,0.3767502308684021f,0.021885269422912343f,-0.607695117579196f,-0.7938688046854426f,-0.27287295666800626f,0f,0f,0f,1f],start_interpolation:0}
execute if entity @s[tag=aj.mech_torso.bone.right_arm] run data modify entity @s {} merge value {transformation:[-1.0565241800263174f,0.3294132507553128f,0.003942813787500723f,-1f,0.32854529767043084f,1.0526156643050257f,0.09396929909478594f,1.4375f,0.024220300006265457f,0.0908798768734572f,-1.1026904386912493f,-0.1811737500000001f,0f,0f,0f,1f],start_interpolation:0}