execute if entity @s[tag=aj.mech_torso.bone.barrel_left] run data modify entity @s {} merge value {transformation:[-0.9575939649154909f,-1.741967265905824f,-1.1472629760960273f,3.0774229001320395f,-2.0139835757062237f,0.4437259676538181f,1.00728641203282f,1.1157883330046308f,-0.5427084379238079f,1.4269918722939408f,-1.7137124149821725f,-2.657724565484025f,0f,0f,0f,1f],start_interpolation:0}
execute if entity @s[tag=aj.mech_torso.bone.blaster_left] run data modify entity @s {} merge value {transformation:[-0.4172275779968683f,-0.758982209508656f,-0.49986713615542455f,2.6021977217604855f,-0.8775008199759666f,0.19333320547279942f,0.4388787789391491f,1.336086842901832f,-0.23646026960226005f,0.6217461518264273f,-0.7466714562568035f,-1.5746042276293148f,0f,0f,0f,1f],start_interpolation:0}
execute if entity @s[tag=aj.mech_torso.bone.sword_left] run data modify entity @s {} merge value {transformation:[-1.1115144337832605f,-2.021965290271186f,-1.3316702109629652f,3.250419224186417f,-2.3377045969556076f,0.5150490038178022f,1.1691942795682086f,0.5523737691197996f,-0.6299415871334516f,1.6563617995296076f,-1.9891688485885106f,-0.8672846525975959f,0f,0f,0f,1f],start_interpolation:0}
execute if entity @s[tag=aj.mech_torso.bone.rocket_left] run data modify entity @s {} merge value {transformation:[-0.9614155956851179f,-1.748919226702336f,-1.1518415507852375f,2.1262731119344327f,-2.0220211175918616f,0.4454968192604466f,1.0113063587817446f,1.3230738662006838f,-0.5448743154682522f,1.432686807983774f,-1.720551614408378f,-1.3473450348575047f,0f,0f,0f,1f],start_interpolation:0}
execute if entity @s[tag=aj.mech_torso.bone.drillhead_left1] run data modify entity @s {} merge value {transformation:[-0.49986713615542466f,-0.758982209508656f,0.4172275779968682f,3.1316549316148996f,0.4388787789391489f,0.19333320547279942f,0.8775008199759667f,1.0130728580672759f,-0.7466714562568035f,0.6217461518264273f,0.23646026960225988f,-2.3744335735174578f,0f,0f,0f,1f],start_interpolation:0}
execute if entity @s[tag=aj.mech_torso.bone.drillhead_left2] run data modify entity @s {} merge value {transformation:[-0.1941771483200975f,-0.758982209508656f,-0.6214830976942443f,3.22156752007592f,-0.9786566848543f,0.19333320547279942f,0.06966609542384156f,0.6980272013808115f,0.06727799239176488f,0.6217461518264273f,-0.7803239035354247f,-2.1667107893058075f,0f,0f,0f,1f],start_interpolation:0}
execute if entity @s[tag=aj.mech_torso.bone.drillhead_left3] run data modify entity @s {} merge value {transformation:[0.5767588911010287f,-0.758982209508656f,0.3021509344438148f,3.379947942671114f,0.642753409821034f,0.19333320547279942f,-0.741276146807009f,1.030934542651355f,0.5041995990670223f,0.6217461518264273f,0.5993450483566901f,-2.076889759441928f,0f,0f,0f,1f],start_interpolation:0}
execute if entity @s[tag=aj.mech_torso.bone.left_hand] run data modify entity @s {} merge value {transformation:[-0.4172275779968683f,-0.758982209508656f,-0.49986713615542455f,2.5370059126984748f,-0.8775008199759666f,0.19333320547279942f,0.4388787789391491f,1.1989773397805872f,-0.23646026960226005f,0.6217461518264273f,-0.7466714562568035f,-1.611551144754668f,0f,0f,0f,1f],start_interpolation:0}
execute if entity @s[tag=aj.mech_torso.bone.left_arm_low] run data modify entity @s {} merge value {transformation:[-0.4172275779968683f,-0.758982209508656f,-0.49986713615542455f,1.7363261315601575f,-0.8775008199759666f,0.19333320547279942f,0.4388787789391491f,1.351181705846737f,-0.23646026960226005f,0.6217461518264273f,-0.7466714562568035f,-1.027917242786407f,0f,0f,0f,1f],start_interpolation:0}
execute if entity @s[tag=aj.mech_torso.bone.left_arm] run data modify entity @s {} merge value {transformation:[-0.4617433267415959f,-0.7115185383121637f,-0.7108491038059722f,1f,-0.9711250387126191f,0.11188943117849141f,0.5188148927218604f,1.4375f,-0.2616892010172485f,0.8402345525879684f,-0.6710414571710741f,-0.18117374999999988f,0f,0f,0f,1f],start_interpolation:0}
execute if entity @s[tag=aj.mech_torso.bone.drillhead_right1] run data modify entity @s {} merge value {transformation:[0.49986713615542466f,0.7589822095086558f,0.41722757799686855f,-3.1903658482909822f,0.43887877893914934f,0.19333320547279942f,-0.8775008199759665f,1.0434153946187468f,-0.7466714562568033f,0.6217461518264276f,-0.2364602696022601f,-2.3121986545014694f,0f,0f,0f,1f],start_interpolation:0}
execute if entity @s[tag=aj.mech_torso.bone.drillhead_right2] run data modify entity @s {} merge value {transformation:[-0.576758891101029f,0.7589822095086558f,0.30215093444381463f,-3.407433539987492f,0.6427534098210337f,0.19333320547279942f,0.7412761468070094f,1.0889351697876801f,0.5041995990670225f,0.6217461518264276f,-0.5993450483566898f,-2.061372763978731f,0f,0f,0f,1f],start_interpolation:0}
execute if entity @s[tag=aj.mech_torso.bone.drillhead_right3] run data modify entity @s {} merge value {transformation:[0.19417714832009778f,0.7589822095086558f,-0.6214830976942445f,-3.249183082847698f,-0.9786566848542999f,0.19333320547279942f,-0.06966609542384206f,0.7559137200346124f,0.06727799239176463f,0.6217461518264276f,0.7803239035354246f,-2.150999659263984f,0f,0f,0f,1f],start_interpolation:0}
execute if entity @s[tag=aj.mech_torso.bone.drill_right] run data modify entity @s {} merge value {transformation:[0.7641995853680674f,1.160336113050468f,0.6378597812243268f,-2.90131363416493f,0.6709602545022241f,0.2955688517483454f,-1.3415280067086992f,1.0528066152416067f,-1.141515366795789f,0.9505288847038982f,-0.3615017409943956f,-1.8367260662039733f,0f,0f,0f,1f],start_interpolation:0}
execute if entity @s[tag=aj.mech_torso.bone.barrel_right] run data modify entity @s {} merge value {transformation:[-0.9575939649154911f,1.7419672659058236f,1.1472629760960278f,-3.078382523561432f,2.0139835757062237f,0.4437259676538181f,1.00728641203282f,1.1178065848905756f,0.5427084379238076f,1.4269918722939412f,-1.713712414982172f,-2.65718070686394f,0f,0f,0f,1f],start_interpolation:0}
execute if entity @s[tag=aj.mech_torso.bone.rocket_right] run data modify entity @s {} merge value {transformation:[-0.9614155956851181f,1.7489192267023352f,1.151841550785238f,-2.0219662174352155f,2.0220211175918616f,0.4454968192604466f,1.0113063587817446f,1.1036986612066921f,0.5448743154682519f,1.4326868079837745f,-1.7205516144083774f,-1.40646010225807f,0f,0f,0f,1f],start_interpolation:0}
execute if entity @s[tag=aj.mech_torso.bone.sword_right] run data modify entity @s {} merge value {transformation:[-1.1115144337832608f,2.0219652902711855f,1.331670210962966f,-3.2504192241864174f,2.3377045969556076f,0.5150490038178022f,1.1691942795682086f,0.5523737691197996f,0.6299415871334513f,1.656361799529608f,-1.98916884858851f,-0.8672846525975969f,0f,0f,0f,1f],start_interpolation:0}
execute if entity @s[tag=aj.mech_torso.bone.right_hand] run data modify entity @s {} merge value {transformation:[-0.41722757799686844f,0.7589822095086558f,0.4998671361554248f,-2.5370059126984748f,0.8775008199759666f,0.19333320547279942f,0.4388787789391491f,1.1989773397805872f,0.23646026960225994f,0.6217461518264276f,-0.7466714562568033f,-1.6115511447546687f,0f,0f,0f,1f],start_interpolation:0}
execute if entity @s[tag=aj.mech_torso.bone.right_arm_low] run data modify entity @s {} merge value {transformation:[-0.41722757799686844f,0.7589822095086558f,0.4998671361554248f,-1.7363261315601575f,0.8775008199759666f,0.19333320547279942f,0.4388787789391491f,1.351181705846737f,0.23646026960225994f,0.6217461518264276f,-0.7466714562568033f,-1.0279172427864074f,0f,0f,0f,1f],start_interpolation:0}
execute if entity @s[tag=aj.mech_torso.bone.right_arm] run data modify entity @s {} merge value {transformation:[-0.461743326741596f,0.7115185383121635f,0.7108491038059724f,-1f,0.9711250387126191f,0.11188943117849141f,0.5188148927218604f,1.4375f,0.2616892010172484f,0.8402345525879688f,-0.6710414571710739f,-0.1811737500000001f,0f,0f,0f,1f],start_interpolation:0}