execute if entity @s[tag=aj.mech_torso.bone.barrel_left] run data modify entity @s {} merge value {transformation:[-0.6415606089910689f,-1.0044294650647576f,-1.9614203853716392f,2.057691015476944f,-2.115064888516293f,-0.29270493705547107f,0.8417082811993766f,1.9917756371991935f,-0.6185054533367226f,2.0428151563427788f,-0.8438043224940591f,-3.1779803699297045f,0f,0f,0f,1f],start_interpolation:0}
execute if entity @s[tag=aj.mech_torso.bone.blaster_left] run data modify entity @s {} merge value {transformation:[-0.2795305618401244f,-0.4376339955469989f,-0.8545988245597543f,2.062200888931041f,-0.9215423583206772f,-0.12753272935064672f,0.36673571514803294f,1.9118893975865137f,-0.2694853369259797f,0.8900628567050441f,-0.3676489688492914f,-1.9775146604412257f,0f,0f,0f,1f],start_interpolation:0}
execute if entity @s[tag=aj.mech_torso.bone.sword_left] run data modify entity @s {} merge value {transformation:[-0.7446829273859138f,-1.16587811644699f,-2.2766925742370394f,3.1036772630283265f,-2.45503338378027f,-0.3397533550720415f,0.9770016707139253f,1.2688283595724414f,-0.7179219626954281f,2.3711704699669784f,-0.9794346227146734f,-1.7864708355404963f,0f,0f,0f,1f],start_interpolation:0}
execute if entity @s[tag=aj.mech_torso.bone.rocket_left] run data modify entity @s {} merge value {transformation:[-0.6441209924664569f,-1.00843801011647f,-1.9692481545217626f,1.7462948143350374f,-2.1235058325425276f,-0.2938730837176857f,0.8450674275435845f,1.7270530216203366f,-0.6209738267374074f,2.050967761250673f,-0.8471718338616483f,-1.5975683765364688f,0f,0f,0f,1f],start_interpolation:0}
execute if entity @s[tag=aj.mech_torso.bone.drillhead_left1] run data modify entity @s {} merge value {transformation:[-0.8545988245597544f,-0.4376339955469989f,0.27953056184012426f,2.2496289353407892f,0.3667357151480327f,-0.12753272935064672f,0.9215423583206773f,1.8725686122500786f,-0.36764896884929144f,0.8900628567050441f,0.26948533692597965f,-2.9713529557734826f,0f,0f,0f,1f],start_interpolation:0}
execute if entity @s[tag=aj.mech_torso.bone.drillhead_left2] run data modify entity @s {} merge value {transformation:[0.06878824668222672f,-0.4376339955469989f,-0.8965180773748819f,2.4856892000953024f,-0.9917378054383712f,-0.12753272935064672f,-0.01383937168581939f,1.573569818408477f,-0.10827881779308787f,0.8900628567050441f,-0.4427909311756366f,-2.898126818863887f,0f,0f,0f,1f],start_interpolation:0}
execute if entity @s[tag=aj.mech_torso.bone.drillhead_left3] run data modify entity @s {} merge value {transformation:[0.5852933762731695f,-0.4376339955469989f,0.6825746476630404f,2.5918671213931233f,0.711050440950941f,-0.12753272935064672f,-0.6914786138181332f,1.923197934846445f,0.3896651564025535f,0.8900628567050441f,0.23653578376184348f,-2.795823823971387f,0f,0f,0f,1f],start_interpolation:0}
execute if entity @s[tag=aj.mech_torso.bone.left_hand] run data modify entity @s {} merge value {transformation:[-0.2795305618401244f,-0.4376339955469989f,-0.8545988245597543f,2.0185242386435216f,-0.9215423583206772f,-0.12753272935064672f,0.36673571514803294f,1.7678984040989079f,-0.2694853369259797f,0.8900628567050441f,-0.3676489688492914f,-2.01962174433591f,0f,0f,0f,1f],start_interpolation:0}
execute if entity @s[tag=aj.mech_torso.bone.left_arm_low] run data modify entity @s {} merge value {transformation:[-0.2795305618401244f,-0.4376339955469989f,-0.8545988245597543f,1.5367133697140225f,-0.9215423583206772f,-0.12753272935064672f,0.36673571514803294f,1.594229768451595f,-0.2694853369259797f,0.8900628567050441f,-0.3676489688492914f,-1.15789075146528f,0f,0f,0f,1f],start_interpolation:0}
execute if entity @s[tag=aj.mech_torso.bone.left_arm] run data modify entity @s {} merge value {transformation:[-0.30935484219352166f,-0.5193868592141966f,-0.9269891318786113f,1f,-1.0198655522897366f,-0.12584988620386062f,0.410862556007789f,1.4375f,-0.298237850378183f,0.9691083918489796f,-0.4434581017229395f,-0.18117374999999988f,0f,0f,0f,1f],start_interpolation:0}
execute if entity @s[tag=aj.mech_torso.bone.drillhead_right1] run data modify entity @s {} merge value {transformation:[0.8548390475013824f,0.43250955334479746f,0.2866804652089374f,-2.3060775539514227f,0.36860240656689647f,-0.1172950720601171f,-0.9221573249416305f,1.8788703069655446f,-0.36521564689922786f,0.8939671986912583f,-0.25969246990254247f,-2.943175407633493f,0f,0f,0f,1f],start_interpolation:0}
execute if entity @s[tag=aj.mech_torso.bone.drillhead_right2] run data modify entity @s {} merge value {transformation:[-0.5919909549948844f,0.43250955334479746f,0.680060435159794f,-2.5962701795472443f,0.7109042441458802f,-0.1172950720601171f,0.6934385493508322f,1.9522498658495648f,0.37968653499909555f,0.8939671986912583f,-0.2380352553813931f,-2.7931496083381844f,0f,0f,0f,1f],start_interpolation:0}
execute if entity @s[tag=aj.mech_torso.bone.drillhead_right3] run data modify entity @s {} merge value {transformation:[-0.06227452664018174f,0.43250955334479746f,-0.8994761639961478f,-2.487601481151633f,-0.9930203123919847f,-0.1172950720601171f,0.012350111227713068f,1.602292808677578f,-0.10016258038142917f,0.8939671986912583f,0.4367952668647386f,-2.8916414641618453f,0f,0f,0f,1f],start_interpolation:0}
execute if entity @s[tag=aj.mech_torso.bone.drill_right] run data modify entity @s {} merge value {transformation:[1.3068825661982875f,0.661222947913607f,0.4382786480639434f,-2.259015786062703f,0.5635213557558403f,-0.17932134151381401f,-1.4097991133896082f,1.742230337773079f,-0.5583436592309603f,1.366701895681522f,-0.39701925465455223f,-2.4057479534031088f,0f,0f,0f,1f],start_interpolation:0}
execute if entity @s[tag=aj.mech_torso.bone.barrel_right] run data modify entity @s {} merge value {transformation:[-0.6579706084177019f,0.9926681741406396f,1.9619717296529586f,-2.0418428846544128f,2.116476320444347f,-0.2692081229585903f,0.8459925915645856f,1.961874822010549f,0.5960294933201633f,2.0517761515409267f,-0.838219518092432f,-3.1888931739496647f,0f,0f,0f,1f],start_interpolation:0}
execute if entity @s[tag=aj.mech_torso.bone.rocket_right] run data modify entity @s {} merge value {transformation:[-0.6605964820288219f,0.996629781436964f,1.9698016991451348f,-1.6669744305618668f,2.1249228973085934f,-0.27028249694571427f,0.8493688360244023f,1.47992295352304f,0.5984081681392748f,2.059964518594606f,-0.8415647412448426f,-1.669777472387283f,0f,0f,0f,1f],start_interpolation:0}
execute if entity @s[tag=aj.mech_torso.bone.sword_right] run data modify entity @s {} merge value {transformation:[-0.763730615539094f,1.1522263547389522f,2.2773325397643123f,-3.092052800589404f,2.456671684581876f,-0.31247974122996824f,0.9819746268771957f,1.2426259452119424f,0.691833291623085f,2.3815718257281158f,-0.9729521354291434f,-1.798648962925434f,0f,0f,0f,1f],start_interpolation:0}
execute if entity @s[tag=aj.mech_torso.bone.right_hand] run data modify entity @s {} merge value {transformation:[-0.28668046520893725f,0.43250955334479746f,0.8548390475013825f,-2.008326764005336f,0.9221573249416306f,-0.1172950720601171f,0.36860240656689625f,1.7460721703780753f,0.2596924699025424f,0.8939671986912583f,-0.3652156468992279f,-2.0290119763260748f,0f,0f,0f,1f],start_interpolation:0}
execute if entity @s[tag=aj.mech_torso.bone.right_arm_low] run data modify entity @s {} merge value {transformation:[-0.28668046520893725f,0.43250955334479746f,0.8548390475013825f,-1.531185961350562f,0.9221573249416306f,-0.1172950720601171f,0.36860240656689625f,1.5826610907143217f,0.2596924699025424f,0.8939671986912583f,-0.3652156468992279f,-1.1626885459693261f,0f,0f,0f,1f],start_interpolation:0}
execute if entity @s[tag=aj.mech_torso.bone.right_arm] run data modify entity @s {} merge value {transformation:[-0.31726759854401715f,0.5137295932332373f,0.9274670638273645f,-1f,1.0205461322618405f,-0.11445054727762514f,0.4125029002168076f,1.4375f,0.2874001415684026f,0.9735270698847015f,-0.44092877130234726f,-0.1811737500000001f,0f,0f,0f,1f],start_interpolation:0}