execute if entity @s[tag=aj.mech_torso.bone.barrel_left] run data modify entity @s {} merge value {transformation:[-0.798303526608707f,-0.7404171197417149f,-2.020431256353004f,1.8060461640403178f,-2.0743958449960216f,-0.3080891098483086f,0.9325296092386622f,1.972103454976661f,-0.5720505669239713f,2.15046787528597f,-0.5620449801356682f,-3.2243332688796595f,0f,0f,0f,1f],start_interpolation:0}
execute if entity @s[tag=aj.mech_torso.bone.blaster_left] run data modify entity @s {} merge value {transformation:[-0.34782408736536224f,-0.32260274489565716f,-0.880310100609007f,1.9637626398925652f,-0.9038226909573709f,-0.13423567589063184f,0.4063069364763068f,1.8617732350564011f,-0.2492447543260023f,0.9369675833794745f,-0.24488527954329564f,-2.036699981322933f,0f,0f,0f,1f],start_interpolation:0}
execute if entity @s[tag=aj.mech_torso.bone.sword_left] run data modify entity @s {} merge value {transformation:[-0.926620180238881f,-0.859429304868034f,-2.3451886563439244f,2.9954835993923368f,-2.4078273334738327f,-0.35761032863031134f,1.0824213169414778f,1.1771759947293865f,-0.6640000723542626f,2.49612692888945f,-0.6523862208251843f,-1.9969915475491031f,0f,0f,0f,1f],start_interpolation:0}
execute if entity @s[tag=aj.mech_torso.bone.rocket_left] run data modify entity @s {} merge value {transformation:[-0.8014894503222705f,-0.7433720264671487f,-2.0284945300787074f,1.6930943725058358f,-2.082674484252403f,-0.3093186527079351f,0.9362512114822282f,1.6788272851787651f,-0.5743335450216165f,2.159050107946566f,-0.5642880272607516f,-1.6224660124680899f,0f,0f,0f,1f],start_interpolation:0}
execute if entity @s[tag=aj.mech_torso.bone.drillhead_left1] run data modify entity @s {} merge value {transformation:[-0.8803101006090072f,-0.32260274489565716f,0.347824087365362f,2.0184851934962764f,0.40630693647630656f,-0.13423567589063184f,0.903822690957371f,1.8409071086295743f,-0.2448852795432957f,0.9369675833794745f,0.24924475432600224f,-3.0471256346514712f,0f,0f,0f,1f],start_interpolation:0}
execute if entity @s[tag=aj.mech_torso.bone.drillhead_left2] run data modify entity @s {} merge value {transformation:[0.015532535615436771f,-0.32260274489565716f,-0.946406999827845f,2.2502803685610004f,-0.9905102182392866f,-0.13423567589063184f,0.029500692902804604f,1.5318844590380591f,-0.13655858779628455f,0.9369675833794745f,-0.32162633566782395f,-3.011589831613413f,0f,0f,0f,1f],start_interpolation:0}
execute if entity @s[tag=aj.mech_torso.bone.drillhead_left3] run data modify entity @s {} merge value {transformation:[0.6582276460779881f,-0.32260274489565716f,0.6801939686033818f,2.3823753544845387f,0.6795363521502917f,-0.13423567589063184f,-0.7212566321528417f,1.8747837698850005f,0.3239856664189104f,0.9369675833794745f,0.1308626594988877f,-2.9169830091658997f,0f,0f,0f,1f],start_interpolation:0}
execute if entity @s[tag=aj.mech_torso.bone.left_hand] run data modify entity @s {} merge value {transformation:[-0.34782408736536224f,-0.32260274489565716f,-0.880310100609007f,1.9094151262417274f,-0.9038226909573709f,-0.13423567589063184f,0.4063069364763068f,1.720550939594312f,-0.2492447543260023f,0.9369675833794745f,-0.24488527954329564f,-2.075644474186371f,0f,0f,0f,1f],start_interpolation:0}
execute if entity @s[tag=aj.mech_torso.bone.left_arm_low] run data modify entity @s {} merge value {transformation:[-0.34175365651900563f,-0.31179621167470406f,-0.8865593948750373f,1.5485543299447406f,-0.9059481121392321f,-0.1415727799411488f,0.39901775159896846f,1.534825707381929f,-0.2499249014549183f,0.93954258571128f,-0.2340881741304145f,-1.1590374502575989f,0f,0f,0f,1f],start_interpolation:0}
execute if entity @s[tag=aj.mech_torso.bone.left_arm] run data modify entity @s {} merge value {transformation:[-0.3782167781065872f,-0.5291223135411162f,-0.8954069603289876f,1f,-1.0026074910071674f,-0.06789182980650116f,0.46361718794266604f,1.4375f,-0.2765904305448996f,0.9696351145108398f,-0.45615507995917937f,-0.18117374999999988f,0f,0f,0f,1f],start_interpolation:0}
execute if entity @s[tag=aj.mech_torso.bone.drillhead_right1] run data modify entity @s {} merge value {transformation:[0.8834723356299814f,0.31492712530527445f,0.34683935463476684f,-2.0699111132878647f,0.40047521294676464f,-0.12351343371423759f,-0.9079449518045478f,1.831281036898252f,-0.24309717396907166f,0.9410448115998914f,-0.23524120933453838f,-3.0321258263246906f,0f,0f,0f,1f],start_interpolation:0}
execute if entity @s[tag=aj.mech_torso.bone.drillhead_right2] run data modify entity @s {} merge value {transformation:[-0.6585280066149688f,0.31492712530527445f,0.6834923337175567f,-2.3794205377599673f,0.6855765285515604f,-0.12351343371423759f,0.7174463430747353f,1.8931718957415147f,0.31036379944012077f,0.9410448115998914f,-0.13456959001950514f,-2.920423105583442f,0f,0f,0f,1f],start_interpolation:0}
execute if entity @s[tag=aj.mech_torso.bone.drillhead_right3] run data modify entity @s {} merge value {transformation:[-0.017652444981999083f,0.31492712530527445f,-0.9489516831394071f,-2.247928496695017f,-0.9920869866867766f,-0.12351343371423759f,-0.022535361964494516f,1.5486035267951652f,-0.12430527757464536f,0.9410448115998914f,0.31461541686321665f,-3.0096528976782815f,0f,0f,0f,1f],start_interpolation:0}
execute if entity @s[tag=aj.mech_torso.bone.drill_right] run data modify entity @s {} merge value {transformation:[1.350657292186267f,0.48146229502196564f,0.5302498840788025f,-2.089533327589064f,0.6122486747937506f,-0.1888280064934257f,-1.3880711603539484f,1.6848473174346343f,-0.37164827634027575f,1.438674405299977f,-0.3596380350538595f,-2.495576020390284f,0f,0f,0f,1f],start_interpolation:0}
execute if entity @s[tag=aj.mech_torso.bone.barrel_right] run data modify entity @s {} merge value {transformation:[-0.7960434312324607f,0.7228005301767922f,2.027689015263064f,-1.7784364932272305f,2.0838569935807247f,-0.2834801076155882f,0.9191450115959163f,1.9269318323409772f,0.5399105290203667f,2.1598256678753267f,-0.5579410349584838f,-3.239442979140005f,0f,0f,0f,1f],start_interpolation:0}
execute if entity @s[tag=aj.mech_torso.bone.rocket_right] run data modify entity @s {} merge value {transformation:[-0.7992203352045173f,0.725685131424953f,2.0357812537439615f,-1.5912887091526906f,2.0921733910288576f,-0.28461143920447984f,0.9228131976818366f,1.4242808372903475f,0.5420652404807006f,2.1684452462475767f,-0.5601677037815512f,-1.6925641344219369f,0f,0f,0f,1f],start_interpolation:0}
execute if entity @s[tag=aj.mech_torso.bone.sword_right] run data modify entity @s {} merge value {transformation:[-0.923996804649159f,0.8389810832909743f,2.3536130032811595f,-2.979058542061649f,2.41880923561332f,-0.32904575723069185f,1.0668853235921396f,1.149023620554017f,0.6266939516589947f,2.5069888619346714f,-0.647622621150349f,-2.01208635188056f,0f,0f,0f,1f],start_interpolation:0}
execute if entity @s[tag=aj.mech_torso.bone.right_hand] run data modify entity @s {} merge value {transformation:[-0.3468393546347666f,0.31492712530527445f,0.8834723356299815f,-1.8906791314408933f,0.9079449518045479f,-0.12351343371423759f,0.4004752129467644f,1.6879940912894305f,0.23524120933453832f,0.9410448115998914f,-0.2430971739690717f,-2.089082664515181f,0f,0f,0f,1f],start_interpolation:0}
execute if entity @s[tag=aj.mech_torso.bone.right_arm_low] run data modify entity @s {} merge value {transformation:[-0.3528966261862552f,0.3025300698293032f,0.8854035961500469f,-1.5384241600952602f,0.9057920944326971f,-0.1267331428675477f,0.40432584899081336f,1.517284125300802f,0.23453070777530727f,0.9446768057637444f,-0.22930564703561612f,-1.1662298294572564f,0f,0f,0f,1f],start_interpolation:0}
execute if entity @s[tag=aj.mech_torso.bone.right_arm] run data modify entity @s {} merge value {transformation:[-0.3905486376366759f,0.5188144286610471f,0.8961447030403492f,-1f,1.0024348271214485f,-0.05064047796929309f,0.4661887363494121f,1.4375f,0.2595537661991372f,0.9762372197054268f,-0.4520671541349698f,-0.1811737500000001f,0f,0f,0f,1f],start_interpolation:0}