execute if entity @s[tag=aj.mech_torso.bone.barrel_left] run data modify entity @s {} merge value {transformation:[-0.6781127244224365f,-0.8038648839284098f,-2.0400031555891873f,1.8127211175055455f,-2.108669983080956f,-0.34630034354102684f,0.8373980343704087f,2.044834218127766f,-0.6011010970547618f,2.1216799508646043f,-0.636239067229788f,-3.2329455432105316f,0f,0f,0f,1f],start_interpolation:0}
execute if entity @s[tag=aj.mech_torso.bone.blaster_left] run data modify entity @s {} merge value {transformation:[-0.2954564669218647f,-0.35024719332664467f,-0.8888376565610041f,1.9315669028719697f,-0.9187560720615109f,-0.1508844655342593f,0.3648577231066173f,1.9399963957794968f,-0.2619021882385734f,0.9244245678405834f,-0.2772119444912104f,-2.040299417906964f,0f,0f,0f,1f],start_interpolation:0}
execute if entity @s[tag=aj.mech_torso.bone.sword_left] run data modify entity @s {} merge value {transformation:[-0.7871103082757489f,-0.9330754516365256f,-2.3679064775652487f,2.9922117949378855f,-2.447610582515348f,-0.4019635089324343f,0.9719986091459787f,1.304635745967697f,-0.6977200880733245f,2.462711729248093f,-0.7385060187019016f,-1.9625335060144395f,0f,0f,0f,1f],start_interpolation:0}
execute if entity @s[tag=aj.mech_torso.bone.rocket_left] run data modify entity @s {} merge value {transformation:[-0.6808189825525796f,-0.8070730022829512f,-2.0481445381742627f,1.6547258797170434f,-2.117085405886009f,-0.34768238237679333f,0.840739979090014f,1.7438021344469197f,-0.6035000119731153f,2.1301472947291202f,-0.6387782131363505f,-1.63633509742965f,0f,0f,0f,1f],start_interpolation:0}
execute if entity @s[tag=aj.mech_torso.bone.drillhead_left1] run data modify entity @s {} merge value {transformation:[-0.8888376565610042f,-0.35024719332664467f,0.2954564669218645f,2.0244243895831717f,0.36485772310661707f,-0.1508844655342593f,0.918756072061511f,1.9234733010235765f,-0.27721194449121045f,0.9244245678405834f,0.26190218823857336f,-3.0480168527619638f,0f,0f,0f,1f],start_interpolation:0}
execute if entity @s[tag=aj.mech_torso.bone.drillhead_left2] run data modify entity @s {} merge value {transformation:[0.06717726269089935f,-0.35024719332664467f,-0.9342452134981301f,2.269044992533531f,-0.9884449361514468f,-0.1508844655342593f,-0.01450814450589294f,1.625638748789885f,-0.13588165282303902f,0.9244245678405834f,-0.35633607002214945f,-3.0039471971090603f,0f,0f,0f,1f],start_interpolation:0}
execute if entity @s[tag=aj.mech_torso.bone.drillhead_left3] run data modify entity @s {} merge value {transformation:[0.6131096277653167f,-0.35024719332664467f,0.7081126237458866f,2.381270389840634f,0.7091949245447432f,-0.1508844655342593f,-0.6886773098196408f,1.9742098634943512f,0.3480504896440334f,0.9244245678405834f,0.1558848133440192f,-2.904533356362356f,0f,0f,0f,1f],start_interpolation:0}
execute if entity @s[tag=aj.mech_torso.bone.left_hand] run data modify entity @s {} merge value {transformation:[-0.2954564669218647f,-0.35024719332664467f,-0.8888376565610041f,1.8854018299154285f,-0.9187560720615109f,-0.1508844655342593f,0.3648577231066173f,1.7964407595198857f,-0.2619021882385734f,0.9244245678405834f,-0.2772119444912104f,-2.081221634819241f,0f,0f,0f,1f],start_interpolation:0}
execute if entity @s[tag=aj.mech_torso.bone.left_arm_low] run data modify entity @s {} merge value {transformation:[-0.2954564669218647f,-0.35024719332664467f,-0.8888376565610041f,1.4889124306386359f,-0.9187560720615109f,-0.1508844655342593f,0.3648577231066173f,1.5995358433288638f,-0.2619021882385734f,0.9244245678405834f,-0.2772119444912104f,-1.1818288270089188f,0f,0f,0f,1f],start_interpolation:0}
execute if entity @s[tag=aj.mech_torso.bone.left_arm] run data modify entity @s {} merge value {transformation:[-0.3269799484463707f,-0.4718741436530228f,-0.9461452765827051f,1f,-1.0167819855400537f,-0.13115527604874738f,0.41680291023435884f,1.4375f,-0.2898456239608645f,0.9924238331732725f,-0.39478656025051545f,-0.18117374999999988f,0f,0f,0f,1f],start_interpolation:0}
execute if entity @s[tag=aj.mech_torso.bone.drillhead_right1] run data modify entity @s {} merge value {transformation:[0.8882875089664607f,0.341146567302138f,0.30751312334944064f,-2.0721510312441196f,0.3697985930083148f,-0.1341580396217821f,-0.9193751252964764f,1.9096370236135933f,-0.2723863102713335f,0.9303873602015499f,-0.24532643142140328f,-3.0328958147959035f,0f,0f,0f,1f],start_interpolation:0}
execute if entity @s[tag=aj.mech_torso.bone.drillhead_right2] run data modify entity @s {} merge value {transformation:[-0.6240379934994875f,0.341146567302138f,0.702990470978876f,-2.375523607901131f,0.7078760661052116f,-0.1341580396217821f,0.6934789798113936f,1.9821585411968385f,0.33088979691816456f,0.9303873602015499f,-0.15776977616973248f,-2.9112004192942047f,0f,0f,0f,1f],start_interpolation:0}
execute if entity @s[tag=aj.mech_torso.bone.drillhead_right3] run data modify entity @s {} merge value {transformation:[-0.05582783221715376f,0.341146567302138f,-0.9383508260602224f,-2.258954383796564f,-0.9909076558176172f,-0.1341580396217821f,0.010180277347686562f,1.6332570237427193f,-0.12241434063037211f,0.9303873602015499f,0.3455344978221753f,-3.004253203502603f,0f,0f,0f,1f],start_interpolation:0}
execute if entity @s[tag=aj.mech_torso.bone.drill_right] run data modify entity @s {} merge value {transformation:[1.3580187552652654f,0.5215467199687481f,0.4701277286727097f,-2.0792135333736725f,0.5653500920668239f,-0.20510153766316178f,-1.4055456715018484f,1.7640347574237358f,-0.4164256665686619f,1.4223812358743306f,-0.3750563772085449f,-2.495807683403737f,0f,0f,0f,1f],start_interpolation:0}
execute if entity @s[tag=aj.mech_torso.bone.barrel_right] run data modify entity @s {} merge value {transformation:[-0.7057843886195542f,0.7829777110337987f,2.0387404921313292f,-1.784505889356195f,2.1100907943432663f,-0.30791092406570525f,0.8487380019296323f,1.9951721966462843f,0.5630574836190552f,2.1353653692789845f,-0.625163581213189f,-3.2497619882354445f,0f,0f,0f,1f],start_interpolation:0}
execute if entity @s[tag=aj.mech_torso.bone.rocket_right] run data modify entity @s {} merge value {transformation:[-0.7086010806989669f,0.7861024714458831f,2.0468768355936664f,-1.5641916026130482f,2.118511887418013f,-0.3091397558094576f,0.8521252029588413f,1.486577501343865f,0.5653045715115288f,2.1438873298370305f,-0.6276585263209784f,-1.7092070469520113f,0f,0f,0f,1f],start_interpolation:0}
execute if entity @s[tag=aj.mech_torso.bone.sword_right] run data modify entity @s {} merge value {transformation:[-0.8192298237372045f,0.9088309440436486f,2.3664408577829183f,-2.9703286511247766f,2.4492597702542027f,-0.35740350185767594f,0.9851613253728122f,1.2592072649991901f,0.6535614707508036f,2.4785968962993388f,-0.7256502959011624f,-1.9827897005954f,0f,0f,0f,1f],start_interpolation:0}
execute if entity @s[tag=aj.mech_torso.bone.right_hand] run data modify entity @s {} merge value {transformation:[-0.3075131233494404f,0.341146567302138f,0.8882875089664608f,-1.8671611364118812f,0.9193751252964765f,-0.1341580396217821f,0.3697985930083146f,1.7603878904158554f,0.24532643142140323f,0.9303873602015499f,-0.27238631027133353f,-2.0960449748054772f,0f,0f,0f,1f],start_interpolation:0}
execute if entity @s[tag=aj.mech_torso.bone.right_arm_low] run data modify entity @s {} merge value {transformation:[-0.3075131233494404f,0.341146567302138f,0.8882875089664608f,-1.4790360142452013f,0.9193751252964765f,-0.1341580396217821f,0.3697985930083146f,1.5803251114945533f,0.24532643142140323f,0.9303873602015499f,-0.27238631027133353f,-1.189502588763744f,0f,0f,0f,1f],start_interpolation:0}
execute if entity @s[tag=aj.mech_torso.bone.right_arm] run data modify entity @s {} merge value {transformation:[-0.3403229797842729f,0.46178779508458295f,0.946416546915628f,-1f,1.0174670881440464f,-0.11223810776892178f,0.4206367913558632f,1.4375f,0.271501330583217f,0.9994631649087421f,-0.39004152088741956f,-0.1811737500000001f,0f,0f,0f,1f],start_interpolation:0}