execute if entity @s[tag=aj.mech_torso.bone.barrel_left] run data modify entity @s {} merge value {transformation:[-1.9352879197674522f,-1.140968781107515f,0.46957363809193414f,2.7152601302716395f,-1.2164162412856714f,1.9105979316125459f,-0.370938761933823f,-1.2440580991410946f,-0.20649622027849296f,-0.5616531649573323f,-2.2157512330482416f,-0.4730473337108281f,0f,0f,0f,1f],start_interpolation:0}
execute if entity @s[tag=aj.mech_torso.bone.blaster_left] run data modify entity @s {} merge value {transformation:[-0.843212803207705f,-0.49712472984678757f,0.2045951404148269f,2.294696004379764f,-0.5299974945356558f,0.832455275136241f,-0.16161952445101746f,-0.13795232528103188f,-0.08997124147488421f,-0.24471456407946757f,-0.9654118073831831f,-0.2558471888169119f,0f,0f,0f,1f],start_interpolation:0}
execute if entity @s[tag=aj.mech_torso.bone.sword_left] run data modify entity @s {} merge value {transformation:[-2.2463596630308147f,-1.3243643080071181f,0.5450513428302189f,1.940454261927024f,-1.4119389419885564f,2.2177010883012445f,-0.43056222474785905f,-0.24673487605245825f,-0.23968773589909617f,-0.6519314265782988f,-2.5719037164394902f,0.9262600076754257f,0f,0f,0f,1f],start_interpolation:0}
execute if entity @s[tag=aj.mech_torso.bone.rocket_left] run data modify entity @s {} merge value {transformation:[-1.9430113977061665f,-1.1455222364976074f,0.47144764433015873f,1.927168835231093f,-1.2212707975033283f,1.918222875076429f,-0.3724191294363258f,0.18536198348770377f,-0.2073203193623856f,-0.5638946483998984f,-2.2245940029489515f,-0.45260071529854523f,0f,0f,0f,1f],start_interpolation:0}
execute if entity @s[tag=aj.mech_torso.bone.drillhead_left1] run data modify entity @s {} merge value {transformation:[0.2045951404148267f,-0.49712472984678757f,0.843212803207705f,2.5995494351318387f,-0.16161952445101757f,0.832455275136241f,0.5299974945356558f,-1.1026507447043148f,-0.9654118073831831f,-0.24471456407946757f,0.089971241474884f,-0.22736387211599307f,0f,0f,0f,1f],start_interpolation:0}
execute if entity @s[tag=aj.mech_torso.bone.drillhead_left2] run data modify entity @s {} merge value {transformation:[-0.8573222210142295f,-0.49712472984678757f,-0.13366230706518237f,2.370273288249322f,-0.42780472312962603f,0.832455275136241f,-0.35213823104830533f,-1.1485773960118748f,0.2863245155819056f,-0.24471456407946757f,-0.9263547127878087f,0.08216800929816209f,0f,0f,0f,1f],start_interpolation:0}
execute if entity @s[tag=aj.mech_torso.bone.drillhead_left3] run data modify entity @s {} merge value {transformation:[0.7007318798559028f,-0.49712472984678757f,-0.5117048324262448f,2.6902006270102197f,0.551502951837884f,0.832455275136241f,-0.0535042896593001f,-0.9474508236627461f,0.4525696926084574f,-0.24471456407946757f,0.8574937057842948f,0.11643276301861108f,0f,0f,0f,1f],start_interpolation:0}
execute if entity @s[tag=aj.mech_torso.bone.left_hand] run data modify entity @s {} merge value {transformation:[-0.843212803207705f,-0.49712472984678757f,0.2045951404148269f,2.16294400387856f,-0.5299974945356558f,0.832455275136241f,-0.16161952445101746f,-0.2207644338022281f,-0.08997124147488421f,-0.24471456407946757f,-0.9654118073831831f,-0.2699051952973625f,0f,0f,0f,1f],start_interpolation:0}
execute if entity @s[tag=aj.mech_torso.bone.left_arm_low] run data modify entity @s {} merge value {transformation:[-0.843212803207705f,-0.49712472984678757f,0.2045951404148269f,1.6195120719692546f,-0.5299974945356558f,0.832455275136241f,-0.16161952445101746f,0.5735153877864402f,-0.08997124147488421f,-0.24471456407946757f,-0.9654118073831831f,-0.5504120809497348f,0f,0f,0f,1f],start_interpolation:0}
execute if entity @s[tag=aj.mech_torso.bone.left_arm] run data modify entity @s {} merge value {transformation:[-0.9331786905686151f,-0.5835098330201645f,-0.1160421680745959f,1f,-0.5865451355505589f,0.8662189030333012f,0.3611116095112275f,1.4375f,-0.09957064810801243f,0.3659959908668295f,-1.0396656189558189f,-0.18117374999999988f,0f,0f,0f,1f],start_interpolation:0}
execute if entity @s[tag=aj.mech_torso.bone.drillhead_right1] run data modify entity @s {} merge value {transformation:[-0.2045951404148269f,0.49712472984678774f,0.843212803207705f,-2.6422772617871f,-0.16161952445101735f,0.832455275136241f,-0.5299974945356558f,-1.0576558143796349f,-0.9654118073831832f,-0.24471456407946746f,-0.08997124147488422f,-0.16110215254394186f,0f,0f,0f,1f],start_interpolation:0}
execute if entity @s[tag=aj.mech_torso.bone.drillhead_right2] run data modify entity @s {} merge value {transformation:[-0.7007318798559027f,0.49712472984678774f,-0.511704832426245f,-2.745906673806287f,0.5515029518378839f,0.832455275136241f,0.05350428965930032f,-0.9124747746429991f,0.4525696926084577f,-0.24471456407946746f,-0.8574937057842948f,0.12224828548634126f,0f,0f,0f,1f],start_interpolation:0}
execute if entity @s[tag=aj.mech_torso.bone.drillhead_right3] run data modify entity @s {} merge value {transformation:[0.8573222210142296f,0.49712472984678774f,-0.13366230706518217f,-2.4259261403088814f,-0.42780472312962614f,0.832455275136241f,0.3521382310483051f,-1.1135593259157706f,0.2863245155819054f,-0.24471456407946746f,0.9263547127878089f,0.08823453883581173f,0f,0f,0f,1f],start_interpolation:0}
execute if entity @s[tag=aj.mech_torso.bone.drill_right] run data modify entity @s {} merge value {transformation:[-0.3127861588898646f,0.7600069797487224f,1.2891083009466233f,-2.3431796414703414f,-0.2470848044198061f,1.2726621337610255f,-0.8102630404658727f,-0.5940249159280969f,-1.4759268004413673f,-0.37412095110191196f,-0.13754852131102766f,-0.08829718526729968f,0f,0f,0f,1f],start_interpolation:0}
execute if entity @s[tag=aj.mech_torso.bone.barrel_right] run data modify entity @s {} merge value {transformation:[-1.9352879197674522f,1.1409687811075155f,-0.4695736380919337f,-2.7171995197190175f,1.2164162412856714f,1.9105979316125459f,-0.370938761933823f,-1.2428391049036627f,0.20649622027849251f,-0.561653164957332f,-2.215751233048242f,-0.4728403998554364f,0f,0f,0f,1f],start_interpolation:0}
execute if entity @s[tag=aj.mech_torso.bone.rocket_right] run data modify entity @s {} merge value {transformation:[-1.9430113977061665f,1.1455222364976079f,-0.4714476443301583f,-1.7163656344291671f,1.2212707975033283f,1.918222875076429f,-0.3724191294363258f,0.05286260985378982f,0.20732031936238515f,-0.5638946483998982f,-2.224594002948952f,-0.47509352566726665f,0f,0f,0f,1f],start_interpolation:0}
execute if entity @s[tag=aj.mech_torso.bone.sword_right] run data modify entity @s {} merge value {transformation:[-2.2463596630308147f,1.3243643080071186f,-0.5450513428302185f,-1.9404542619270246f,1.4119389419885564f,2.2177010883012445f,-0.43056222474785905f,-0.24673487605245825f,0.23968773589909564f,-0.6519314265782985f,-2.5719037164394907f,0.9262600076754253f,0f,0f,0f,1f],start_interpolation:0}
execute if entity @s[tag=aj.mech_torso.bone.right_hand] run data modify entity @s {} merge value {transformation:[-0.843212803207705f,0.49712472984678774f,-0.2045951404148267f,-2.1629440038785606f,0.5299974945356558f,0.832455275136241f,-0.16161952445101746f,-0.2207644338022281f,0.08997124147488401f,-0.24471456407946746f,-0.9654118073831832f,-0.26990519529736295f,0f,0f,0f,1f],start_interpolation:0}
execute if entity @s[tag=aj.mech_torso.bone.right_arm_low] run data modify entity @s {} merge value {transformation:[-0.843212803207705f,0.49712472984678774f,-0.2045951404148267f,-1.6195120719692546f,0.5299974945356558f,0.832455275136241f,-0.16161952445101746f,0.5735153877864402f,0.08997124147488401f,-0.24471456407946746f,-0.9654118073831832f,-0.5504120809497351f,0f,0f,0f,1f],start_interpolation:0}
execute if entity @s[tag=aj.mech_torso.bone.right_arm] run data modify entity @s {} merge value {transformation:[-0.9331786905686151f,0.5835098330201645f,0.11604216807459615f,-1f,0.5865451355505589f,0.8662189030333012f,0.3611116095112275f,1.4375f,0.09957064810801221f,0.3659959908668296f,-1.0396656189558189f,-0.1811737500000001f,0f,0f,0f,1f],start_interpolation:0}