execute if entity @s[tag=aj.mech_torso.bone.barrel_left] run data modify entity @s {} merge value {transformation:[-2.2407319498812144f,-0.3512611722296007f,0.3512611722296011f,1.6280407490667725f,-0.4967583137021732f,1.5844367565823618f,-1.584436756582362f,-1.4007220077244236f,-2.7441052101692366e-16f,-1.622906111494238f,-1.6229061114942378f,0.9738520314378576f,0f,0f,0f,1f],start_interpolation:0}
execute if entity @s[tag=aj.mech_torso.bone.blaster_left] run data modify entity @s {} merge value {transformation:[-0.9762960071199334f,-0.15304591873303097f,0.15304591873303117f,1.6358318012329731f,-0.21643961393810307f,0.6903455270798547f,-0.6903455270798549f,-0.27549533388400854f,-1.195617780139768e-16f,-0.7071067811865476f,-0.7071067811865475f,0.5480301180986273f,0f,0f,0f,1f],start_interpolation:0}
execute if entity @s[tag=aj.mech_torso.bone.sword_left] run data modify entity @s {} merge value {transformation:[-2.600899750607847f,-0.4077217247242f,0.4077217247242005f,1.2398778036596068f,-0.5766055927791136f,1.8391138508412088f,-1.839113850841209f,0.3554811511928352f,-3.185183554485049e-16f,-1.8837666419087202f,-1.88376664190872f,1.5378722199174009f,0f,0f,0f,1f],start_interpolation:0}
execute if entity @s[tag=aj.mech_torso.bone.rocket_left] run data modify entity @s {} merge value {transformation:[-2.24967441451643f,-0.3526630090760624f,0.35266300907606285f,1.4163279606747825f,-0.4987408103826737f,1.5907600339664436f,-1.5907600339664438f,-0.007287855464400694f,-2.755056570861242e-16f,-1.629382914982081f,-1.6293829149820809f,0.15028255368119436f,0f,0f,0f,1f],start_interpolation:0}
execute if entity @s[tag=aj.mech_torso.bone.drillhead_left1] run data modify entity @s {} merge value {transformation:[0.15304591873303094f,-0.15304591873303097f,0.9762960071199334f,1.5664950873984835f,-0.6903455270798549f,0.6903455270798547f,0.2164396139381029f,-1.1255042106748498f,-0.7071067811865475f,-0.7071067811865476f,-3.74474678544007e-17f,1.0930689089206946f,0f,0f,0f,1f],start_interpolation:0}
execute if entity @s[tag=aj.mech_torso.bone.drillhead_left2] run data modify entity @s {} merge value {transformation:[-0.960548036140825f,-0.15304591873303097f,-0.23221631515715527f,1.329396717414304f,0.064219666478748f,0.6903455270798547f,-0.7206239571914024f,-0.9330368238030904f,0.27059805007309856f,-0.7071067811865476f,-0.6532814824381883f,1.3322915298891302f,0f,0f,0f,1f],start_interpolation:0}
execute if entity @s[tag=aj.mech_torso.bone.drillhead_left3] run data modify entity @s {} merge value {transformation:[0.8434117611603751f,-0.15304591873303097f,-0.5150082988608213f,1.6998286802365006f,0.46414792516286385f,0.6903455270798547f,0.5549682484681862f,-0.8508198790243092f,0.27059805007309845f,-0.7071067811865476f,0.6532814824381883f,1.3323834537706845f,0f,0f,0f,1f],start_interpolation:0}
execute if entity @s[tag=aj.mech_torso.bone.left_hand] run data modify entity @s {} merge value {transformation:[-0.9762960071199334f,-0.15304591873303097f,0.15304591873303117f,1.4832855501204836f,-0.21643961393810307f,0.6903455270798547f,-0.6903455270798549f,-0.3093140235618371f,-1.195617780139768e-16f,-0.7071067811865476f,-0.7071067811865475f,0.5480301180986273f,0f,0f,0f,1f],start_interpolation:0}
execute if entity @s[tag=aj.mech_torso.bone.left_arm_low] run data modify entity @s {} merge value {transformation:[-0.9762960071199334f,-0.15304591873303097f,0.15304591873303117f,1.274003815902864f,-0.21643961393810307f,0.6903455270798547f,-0.6903455270798549f,0.34593072992564067f,-1.195617780139768e-16f,-0.7071067811865476f,-0.7071067811865475f,-0.18117374999999986f,0f,0f,0f,1f],start_interpolation:0}
execute if entity @s[tag=aj.mech_torso.bone.left_arm] run data modify entity @s {} merge value {transformation:[-1.0804610960195888f,-0.23953245818088406f,1.355309468843381e-16f,1f,-0.23953245818088406f,1.0804610960195888f,0f,1.4375f,-1.3231832228436305e-16f,-2.933426582031169e-17f,-1.1066941666666668f,-0.18117374999999988f,0f,0f,0f,1f],start_interpolation:0}
execute if entity @s[tag=aj.mech_torso.bone.drillhead_right1] run data modify entity @s {} merge value {transformation:[-0.15304591873303122f,0.15304591873303114f,0.9762960071199334f,-1.621206605846428f,-0.6903455270798549f,0.6903455270798547f,-0.21643961393810324f,-1.068107772149709f,-0.7071067811865475f,-0.7071067811865476f,-3.74474678544007e-17f,1.1372630827448538f,0f,0f,0f,1f],start_interpolation:0}
execute if entity @s[tag=aj.mech_torso.bone.drillhead_right2] run data modify entity @s {} merge value {transformation:[-0.8434117611603751f,0.15304591873303114f,-0.5150082988608216f,-1.7643158422960834f,0.4641479251628642f,0.6903455270798547f,-0.5549682484681859f,-0.8366175751354615f,0.27059805007309856f,-0.7071067811865476f,-0.6532814824381883f,1.33229152988913f,0f,0f,0f,1f],start_interpolation:0}
execute if entity @s[tag=aj.mech_torso.bone.drillhead_right3] run data modify entity @s {} merge value {transformation:[0.960548036140825f,0.15304591873303114f,-0.232216315157155f,-1.393844087535016f,0.06421966647874769f,0.6903455270798547f,0.7206239571914026f,-0.9186550300772021f,0.27059805007309845f,-0.7071067811865476f,0.6532814824381883f,1.3323834537706842f,0f,0f,0f,1f],start_interpolation:0}
execute if entity @s[tag=aj.mech_torso.bone.drill_right] run data modify entity @s {} merge value {transformation:[-0.2339774295577846f,0.23397742955778447f,1.4925666239549926f,-1.5105871047559496f,-1.0554039811712872f,1.055403981171287f,-0.3308940541698144f,-0.5688091444265128f,-1.0810286772397253f,-1.0810286772397253f,-5.724989169625868e-17f,0.9177687409715227f,0f,0f,0f,1f],start_interpolation:0}
execute if entity @s[tag=aj.mech_torso.bone.barrel_right] run data modify entity @s {} merge value {transformation:[-2.2407319498812144f,0.35126117222960107f,-0.35126117222960074f,-1.6302862298831489f,0.4967583137021732f,1.5844367565823618f,-1.584436756582362f,-1.400224196612366f,-2.7441052101692366e-16f,-1.622906111494238f,-1.6229061114942378f,0.9738520314378571f,0f,0f,0f,1f],start_interpolation:0}
execute if entity @s[tag=aj.mech_torso.bone.rocket_right] run data modify entity @s {} merge value {transformation:[-2.24967441451643f,0.3526630090760628f,-0.35266300907606246f,-1.1722539588947993f,0.4987408103826737f,1.5907600339664436f,-1.5907600339664438f,-0.06139775894892646f,-2.755056570861242e-16f,-1.629382914982081f,-1.6293829149820809f,0.15028255368119403f,0f,0f,0f,1f],start_interpolation:0}
execute if entity @s[tag=aj.mech_torso.bone.sword_right] run data modify entity @s {} merge value {transformation:[-2.600899750607847f,0.40772172472420043f,-0.40772172472420004f,-1.2398778036596072f,0.5766055927791136f,1.8391138508412088f,-1.839113850841209f,0.3554811511928352f,-3.185183554485049e-16f,-1.8837666419087202f,-1.88376664190872f,1.5378722199174006f,0f,0f,0f,1f],start_interpolation:0}
execute if entity @s[tag=aj.mech_torso.bone.right_hand] run data modify entity @s {} merge value {transformation:[-0.9762960071199334f,0.15304591873303114f,-0.153045918733031f,-1.4832855501204838f,0.21643961393810307f,0.6903455270798547f,-0.6903455270798549f,-0.3093140235618371f,-1.195617780139768e-16f,-0.7071067811865476f,-0.7071067811865475f,0.548030118098627f,0f,0f,0f,1f],start_interpolation:0}
execute if entity @s[tag=aj.mech_torso.bone.right_arm_low] run data modify entity @s {} merge value {transformation:[-0.9762960071199334f,0.15304591873303114f,-0.153045918733031f,-1.274003815902864f,0.21643961393810307f,0.6903455270798547f,-0.6903455270798549f,0.34593072992564067f,-1.195617780139768e-16f,-0.7071067811865476f,-0.7071067811865475f,-0.18117375000000013f,0f,0f,0f,1f],start_interpolation:0}
execute if entity @s[tag=aj.mech_torso.bone.right_arm] run data modify entity @s {} merge value {transformation:[-1.0804610960195888f,0.23953245818088406f,1.355309468843381e-16f,-1f,0.23953245818088406f,1.0804610960195888f,0f,1.4375f,-1.3231832228436305e-16f,2.933426582031169e-17f,-1.1066941666666668f,-0.1811737500000001f,0f,0f,0f,1f],start_interpolation:0}
execute if entity @s[tag=aj.mech_torso.bone.torso] run data modify entity @s {} merge value {transformation:[-1.3197129166666666f,0f,1.616182199189251e-16f,0f,0f,1.3197129166666666f,0f,0.20333875f,-1.616182199189251e-16f,0f,-1.3197129166666666f,-0.005674375000000009f,0f,0f,0f,1f],start_interpolation:0}