execute if entity @s[tag=aj.mech_torso.bone.barrel_left] run data modify entity @s {} merge value {transformation:[-1.8642632796216558f,0.1444426281105796f,1.3309046716010553f,1.4741955843088221f,-1.290235662750198f,0.4146482186250706f,-1.8522978385803164f,0.046611860930400484f,-0.35701940041482627f,-2.2527431445742456f,-0.25560509727287023f,2.4868123735572167f,0f,0f,0f,1f],start_interpolation:0}
execute if entity @s[tag=aj.mech_torso.bone.blaster_left] run data modify entity @s {} merge value {transformation:[-0.8122670791619765f,0.0629342394523111f,0.5798805684054524f,1.4708039776368558f,-0.5621609161477507f,0.18066391217588962f,-0.8070536879249265f,0.7652681834027917f,-0.15555480212964573f,-0.9815293334087686f,-0.11136817854551245f,1.521907374570091f,0f,0f,0f,1f],start_interpolation:0}
execute if entity @s[tag=aj.mech_torso.bone.sword_left] run data modify entity @s {} merge value {transformation:[-2.1639187584629984f,0.1676598557225303f,1.5448298617929317f,0.5613115724949563f,-1.497623851728555f,0.4812973941256585f,-2.150030032226921f,1.5532497528958578f,-0.4144055113554792f,-2.614841584785408f,-0.29669021044054156f,1.8161978612931806f,0f,0f,0f,1f],start_interpolation:0}
execute if entity @s[tag=aj.mech_torso.bone.rocket_left] run data modify entity @s {} merge value {transformation:[-1.871703307622163f,0.14501907952136298f,1.3362161359907456f,1.4115969017692933f,-1.2953848225083961f,0.41630302478397163f,-1.8596901140893385f,0.7173216408473425f,-0.3584442175878329f,-2.261733544297714f,-0.25662518338493934f,0.9998767588738551f,0f,0f,0f,1f],start_interpolation:0}
execute if entity @s[tag=aj.mech_torso.bone.drillhead_left1] run data modify entity @s {} merge value {transformation:[0.5798805684054522f,0.0629342394523111f,0.8122670791619766f,1.3164988444555168f,-0.8070536879249266f,0.18066391217588962f,0.5621609161477504f,0.29608970737273205f,-0.11136817854551248f,-0.9815293334087686f,0.1555548021296457f,2.405339000398245f,0f,0f,0f,1f],start_interpolation:0}
execute if entity @s[tag=aj.mech_torso.bone.drillhead_left2] run data modify entity @s {} merge value {transformation:[-0.9723476156496931f,0.0629342394523111f,0.22489863459993714f,0.9661333174487516f,-0.2105228890086855f,0.18066391217588962f,-0.9607500528445158f,0.4624158173065403f,-0.10109514104937792f,-0.9815293334087686f,-0.1624190263311068f,2.4134886679353116f,0f,0f,0f,1f],start_interpolation:0}
execute if entity @s[tag=aj.mech_torso.bone.drillhead_left3] run data modify entity @s {} merge value {transformation:[0.5285262430912576f,0.0629342394523111f,-0.8465809423016799f,1.274269630161324f,0.8282150398047154f,0.18066391217588962f,0.5304907149786665f,0.6758305858147988f,0.1863326546934677f,-0.9815293334087686f,0.04336253513141639f,2.4725278321361084f,0f,0f,0f,1f],start_interpolation:0}
execute if entity @s[tag=aj.mech_torso.bone.left_hand] run data modify entity @s {} merge value {transformation:[-0.8122670791619765f,0.0629342394523111f,0.5798805684054524f,1.343887246517797f,-0.5621609161477507f,0.18066391217588962f,-0.8070536879249265f,0.6774305402547056f,-0.15555480212964573f,-0.9815293334087686f,-0.11136817854551245f,1.4976019367373339f,0f,0f,0f,1f],start_interpolation:0}
execute if entity @s[tag=aj.mech_torso.bone.left_arm_low] run data modify entity @s {} merge value {transformation:[-0.7670898957400334f,0.16858539955974744f,0.6189927745206927f,1.4838730517975638f,-0.6164114347817298f,0.07371135224482822f,-0.7839665679227454f,0.6881172225780899f,-0.17779211153443825f,-0.9829270571133542f,0.047374734517533046f,0.5050433331067502f,0f,0f,0f,1f],start_interpolation:0}
execute if entity @s[tag=aj.mech_torso.bone.left_arm] run data modify entity @s {} merge value {transformation:[-0.8489339129244365f,-0.45241804360237614f,0.5471755694873738f,1f,-0.6821789391395708f,0.7561383468634707f,-0.43319588401901477f,1.4375f,-0.1967614927145122f,-0.6695854633723797f,-0.8589017410386245f,-0.18117374999999988f,0f,0f,0f,1f],start_interpolation:0}
execute if entity @s[tag=aj.mech_torso.bone.drillhead_right1] run data modify entity @s {} merge value {transformation:[-0.7453622639748481f,-0.18228127412241607f,0.6412555126832029f,-1.1043855977609618f,-0.6658660428844366f,0.25047862848498825f,-0.7027680055364651f,0.27549730187078453f,-0.03251935386367073f,-0.9508070223639432f,-0.3080722282967122f,2.395809736938637f,0f,0f,0f,1f],start_interpolation:0}
execute if entity @s[tag=aj.mech_torso.bone.drillhead_right2] run data modify entity @s {} merge value {transformation:[-0.30720505374473406f,-0.18228127412241607f,-0.9340228006092804f,-1.020529356382035f,0.9040888792052952f,0.25047862848498825f,-0.34624233590015085f,0.5925509256985068f,0.2970662442133214f,-0.9508070223639432f,0.08785017229581016f,2.463257423821989f,0f,0f,0f,1f],start_interpolation:0}
execute if entity @s[tag=aj.mech_torso.bone.drillhead_right3] run data modify entity @s {} merge value {transformation:[0.8776806328113521f,-0.18228127412241607f,0.4432270793759935f,-0.7771104597082495f,-0.39445707363254257f,0.25047862848498825f,0.8841176809302768f,0.32597480396329076f,-0.27217700830363245f,-0.9508070223639432f,0.1479381031860846f,2.34636479958166f,0f,0f,0f,1f],start_interpolation:0}
execute if entity @s[tag=aj.mech_torso.bone.drill_right] run data modify entity @s {} merge value {transformation:[-1.1395138665436777f,-0.2786725992352512f,0.980354901257441f,-1.0447862036913582f,-1.0179796131361256f,0.3829330839870877f,-1.074395533524178f,0.5424434700556705f,-0.04971576433327991f,-1.4535989259947009f,-0.4709824913445836f,1.9111436505902895f,0f,0f,0f,1f],start_interpolation:0}
execute if entity @s[tag=aj.mech_torso.bone.barrel_right] run data modify entity @s {} merge value {transformation:[-1.4717685054817573f,-0.4183602839840132f,-1.7107076408631328f,-1.3010457186438809f,1.6129480320269394f,0.574882475720084f,-1.5282530152239409f,-0.02815624294999053f,0.7070676104186315f,-2.1822312676124542f,-0.07463633432935765f,2.474589507386759f,0f,0f,0f,1f],start_interpolation:0}
execute if entity @s[tag=aj.mech_torso.bone.rocket_right] run data modify entity @s {} merge value {transformation:[-1.4776421387881382f,-0.4200299045044436f,-1.7175348486335322f,-1.1804255988764651f,1.619385094137651f,0.5771767555909112f,-1.5343520707325777f,0.530496464355792f,0.709889423666401f,-2.190940263767715f,-0.07493419806101809f,0.9403553611519293f,0f,0f,0f,1f],start_interpolation:0}
execute if entity @s[tag=aj.mech_torso.bone.sword_right] run data modify entity @s {} merge value {transformation:[-1.7083356798044993f,-0.48560612452369906f,-1.985681097071754f,-0.21422027619336292f,1.8722079338694106f,0.6672871727510522f,-1.7738993217695458f,1.302102846816405f,0.8207193063401425f,-2.5329958632502927f,-0.0866331304615891f,1.6985353905065372f,0f,0f,0f,1f],start_interpolation:0}
execute if entity @s[tag=aj.mech_torso.bone.right_hand] run data modify entity @s {} merge value {transformation:[-0.641255512683203f,-0.18228127412241607f,-0.745362263974848f,-1.2030136984876298f,0.702768005536465f,0.25047862848498825f,-0.6658660428844367f,0.6225657791776914f,0.3080722282967122f,-0.9508070223639432f,-0.0325193538636708f,1.4948093890245584f,0f,0f,0f,1f],start_interpolation:0}
execute if entity @s[tag=aj.mech_torso.bone.right_arm_low] run data modify entity @s {} merge value {transformation:[-0.6962158991459053f,-0.27400296369775f,-0.663480065760312f,-1.4542369205437704f,0.6563205517121702f,0.1313716738160628f,-0.7429568067653722f,0.6897000183003257f,0.2907348537356522f,-0.9527139440585592f,0.08837072829672421f,0.5266861018667937f,0f,0f,0f,1f],start_interpolation:0}
execute if entity @s[tag=aj.mech_torso.bone.right_arm] run data modify entity @s {} merge value {transformation:[-0.7704980743253618f,0.4254429203802252f,-0.6708971735618525f,-1f,0.7263461260433072f,0.7558081724616205f,-0.35489053263807063f,1.4375f,0.3217545666759329f,-0.6874040343732343f,-0.8054325985981771f,-0.1811737500000001f,0f,0f,0f,1f],start_interpolation:0}