execute if entity @s[tag=aj.mech_torso.bone.sword_left] run data modify entity @s {} merge value {transformation:[-0.9275254464211848f,1.9367297302674211f,1.9116483719919475f,0.26164343849965954f,-2.3021106927681974f,0.5184971820979115f,-1.642276478062952f,0.9713199424836064f,-1.451071295451574f,-2.060549350065367f,1.3835293533068544f,1.4961669448575983f,0f,0f,0f,1f],start_interpolation:0}
execute if entity @s[tag=aj.mech_torso.bone.left_hand] run data modify entity @s {} merge value {transformation:[-0.32261754658128167f,0.6736451235712769f,0.6649211728667643f,0.27172523683032457f,-0.8007341540063295f,0.18034684594709965f,-0.5712266010653746f,0.9963428847963042f,-0.5047204505918519f,-0.7167128174140407f,0.48122760115021024f,1.5119394589385937f,0f,0f,0f,1f],start_interpolation:0}
execute if entity @s[tag=aj.mech_torso.bone.left_arm_low] run data modify entity @s {} merge value {transformation:[-0.2042277812282703f,0.8726161694143295f,0.4436575641767418f,1.1518235869617939f,-0.8857639077325836f,0.028235215208817638f,-0.46327645351389785f,0.9824205887161692f,-0.4167892910487033f,-0.48758977993675573f,0.7671654928164753f,1.035298935307081f,0f,0f,0f,1f],start_interpolation:0}
execute if entity @s[tag=aj.mech_torso.bone.left_arm] run data modify entity @s {} merge value {transformation:[-0.22601769415660292f,-0.02010884824648855f,1.0831821705901366f,1.125f,-0.9802697497315219f,0.47490414179291246f,-0.19572749526641509f,1.4375f,-0.46125827713273554f,-0.9994166642918083f,-0.11480031117729371f,0.006326250000000129f,0f,0f,0f,1f],start_interpolation:0}
execute if entity @s[tag=aj.mech_torso.bone.sword_right] run data modify entity @s {} merge value {transformation:[0.24734662347014208f,-2.049971096780017f,-2.0005157210640587f,-0.16969670094272987f,2.4000409477011635f,1.244309636083819f,-0.9783261107149563f,0.4944222667477235f,1.5634091266254073f,-1.5858552998037008f,1.8183618646652522f,1.2304030494233575f,0f,0f,0f,1f],start_interpolation:0}
execute if entity @s[tag=aj.mech_torso.bone.right_hand] run data modify entity @s {} merge value {transformation:[0.08603360816352768f,-0.7130334249669625f,-0.6958315551527161f,-0.18929044521783722f,0.8347968513743177f,0.4328033516813284f,-0.3402873428573761f,0.5340347730932125f,0.5437944788262287f,-0.5516018434099829f,0.632473692057479f,1.2301590692801152f,0f,0f,0f,1f],start_interpolation:0}
execute if entity @s[tag=aj.mech_torso.bone.right_arm_low] run data modify entity @s {} merge value {transformation:[-0.03422587327270762f,-0.9061888296528704f,-0.4214859364333303f,-1.1075811518444771f,0.7655910514844293f,0.24731433136436298f,-0.593890531486034f,0.7388653049897485f,0.642416478217742f,-0.3430122833283946f,0.6853055099735843f,0.8884870681940906f,0f,0f,0f,1f],start_interpolation:0}
execute if entity @s[tag=aj.mech_torso.bone.right_arm] run data modify entity @s {} merge value {transformation:[-0.0378775742999781f,-0.018187566080572388f,-1.1058962339836602f,-1.125f,0.8472751507300177f,0.7108020356080926f,-0.04070950337262301f,1.4375f,0.7109585690141188f,-0.848057578911647f,-0.010403582553137208f,0.0063262499999998546f,0f,0f,0f,1f],start_interpolation:0}