execute if entity @s[tag=aj.mech_torso.bone.sword_left] run data modify entity @s {} merge value {transformation:[-0.9051295370131777f,-1.9895113013467018f,-1.8676751063929888f,2.730718216651679f,-2.5993318821438467f,0.029680257652465167f,1.2280952116086956f,1.3672540786405767f,-0.8305656432196278f,2.0752322434174526f,-1.8080920463803083f,-1.372079826728333f,0f,0f,0f,1f],start_interpolation:0}
execute if entity @s[tag=aj.mech_torso.bone.left_hand] run data modify entity @s {} merge value {transformation:[-0.3148276650480618f,-0.6920039309032007f,-0.6496261239627787f,2.7405565811844306f,-0.9041154372674249f,0.010323567879118319f,0.4271635518638941f,1.3955076860551838f,-0.2888923976416097f,0.7218199107538966f,-0.6289015813496724f,-1.3630519393020326f,0f,0f,0f,1f],start_interpolation:0}
execute if entity @s[tag=aj.mech_torso.bone.left_arm_low] run data modify entity @s {} merge value {transformation:[-0.303686126179002f,-0.6760943218150488f,-0.6713204933381971f,2.033993302509469f,-0.9092235607377823f,-0.004937166681345487f,0.4162789220996765f,1.3751659994163976f,-0.2847582366950941f,0.7367985426116217f,-0.6132215376515172f,-0.6543152646387423f,0f,0f,0f,1f],start_interpolation:0}
execute if entity @s[tag=aj.mech_torso.bone.left_arm] run data modify entity @s {} merge value {transformation:[-0.3360876643398988f,-0.8848665297028235f,-0.5734355107806468f,1.125f,-1.0062324108643994f,0.08927061126256154f,0.45199454844594583f,1.4375f,-0.3151402794607466f,0.6586455504370453f,-0.8316517430300452f,0.006326250000000129f,0f,0f,0f,1f],start_interpolation:0}
execute if entity @s[tag=aj.mech_torso.bone.sword_right] run data modify entity @s {} merge value {transformation:[-0.7671858483545467f,2.045039727623825f,1.8694553716322804f,-2.7863646942247606f,2.618619937957194f,-0.09876307809722812f,1.1826666795584546f,1.4425314810861545f,0.9054725256006246f,2.0183367823148433f,-1.8363172761092759f,-1.3565283286114505f,0f,0f,0f,1f],start_interpolation:0}
execute if entity @s[tag=aj.mech_torso.bone.right_hand] run data modify entity @s {} merge value {transformation:[-0.26684725160158146f,0.711318166130026f,0.6502453466547062f,-2.772474978145747f,0.9108243262459805f,-0.03435237499034022f,0.41136232332467987f,1.4699212295628932f,0.31494696542630424f,0.702030185152989f,-0.6387190525597481f,-1.3247477926558475f,0f,0f,0f,1f],start_interpolation:0}
execute if entity @s[tag=aj.mech_torso.bone.right_arm_low] run data modify entity @s {} merge value {transformation:[-0.278039866108088f,0.692790303493365f,0.6653836699530337f,-2.050202689150472f,0.9059677831470891f,-0.04108478137874305f,0.4213483317145205f,1.4136920903268824f,0.3192431812179318f,0.7199678021443959f,-0.6162224883280571f,-0.6340132926847636f,0f,0f,0f,1f],start_interpolation:0}
execute if entity @s[tag=aj.mech_torso.bone.right_arm] run data modify entity @s {} merge value {transformation:[-0.30770509792260203f,0.901600564228497f,0.5632104170106635f,-1.125f,1.0026292607968152f,0.051271323693925994f,0.4657014014309301f,1.4375f,0.35330456640199476f,0.6397340482447033f,-0.8310765364332998f,0.0063262499999998546f,0f,0f,0f,1f],start_interpolation:0}