execute if entity @s[tag=aj.mech_torso.bone.barrel_left] run data modify entity @s {} merge value {transformation:[-0.7404510916207855f,1.5461070620586992f,1.5260844101885387f,-0.2873197742467193f,-1.837793649833779f,0.4139205085618349f,-1.3110426410583462f,0.4828053614102821f,-1.1584019919695057f,-1.6449532694562556f,1.1044827113888889f,2.289597077931249f,0f,0f,0f,1f],start_interpolation:0}
execute if entity @s[tag=aj.mech_torso.bone.blaster_left] run data modify entity @s {} merge value {transformation:[-0.32261754658128167f,0.6736451235712769f,0.6649211728667643f,0.20351634664703336f,-0.8007341540063295f,0.18034684594709965f,-0.5712266010653746f,1.1491377184764364f,-0.5047204505918519f,-0.7167128174140407f,0.48122760115021024f,1.4163266946888426f,0f,0f,0f,1f],start_interpolation:0}
execute if entity @s[tag=aj.mech_torso.bone.sword_left] run data modify entity @s {} merge value {transformation:[-0.8594687372739526f,1.794623168708188f,1.7713821423737488f,-0.8097040548480041f,-2.133194488423639f,0.4804527143672943f,-1.5217752745238762f,1.5954642593994683f,-1.3445996751984721f,-1.909357586710513f,1.2820135887982158f,0.8605611719104129f,0f,0f,0f,1f],start_interpolation:0}
execute if entity @s[tag=aj.mech_torso.bone.rocket_left] run data modify entity @s {} merge value {transformation:[-0.7434061339234922f,1.5522773707051438f,1.5321748110815094f,0.5314874900835194f,-1.845128041045246f,0.41557241052619115f,-1.3162748387130212f,1.0784947673199115f,-1.1630250209967392f,-1.6515180602334276f,1.1088905557039241f,1.0091844406487336f,0f,0f,0f,1f],start_interpolation:0}
execute if entity @s[tag=aj.mech_torso.bone.drillhead_left1] run data modify entity @s {} merge value {transformation:[0.6649211728667642f,0.6736451235712769f,0.32261754658128183f,-0.3985873320793266f,-0.5712266010653748f,0.18034684594709965f,0.8007341540063294f,0.6652155615438817f,0.4812276011502101f,-0.7167128174140407f,0.504720450591852f,2.070299522949546f,0f,0f,0f,1f],start_interpolation:0}
execute if entity @s[tag=aj.mech_torso.bone.drillhead_left2] run data modify entity @s {} merge value {transformation:[-0.5525140648003275f,0.6736451235712769f,0.49084667227807344f,-0.6847775251271062f,-0.5211829395152469f,0.18034684594709965f,-0.8341722596173885f,0.706472446427858f,-0.6504587240986671f,-0.7167128174140407f,0.25144817676483944f,1.811688159521039f,0f,0f,0f,1f],start_interpolation:0}
execute if entity @s[tag=aj.mech_torso.bone.drillhead_left3] run data modify entity @s {} merge value {transformation:[0.043605431430578434f,0.6736451235712769f,-0.7377674524119319f,-0.5624479466451112f,0.95838085222313f,0.18034684594709965f,0.22131687068319128f,1.0103822778706206f,0.28214306378470544f,-0.7167128174140407f,-0.6377444855995288f,2.003139882208278f,0f,0f,0f,1f],start_interpolation:0}
execute if entity @s[tag=aj.mech_torso.bone.left_hand] run data modify entity @s {} merge value {transformation:[-0.32261754658128167f,0.6736451235712769f,0.6649211728667643f,0.1531073549937081f,-0.8007341540063295f,0.18034684594709965f,-0.5712266010653746f,1.0240230069129475f,-0.5047204505918519f,-0.7167128174140407f,0.48122760115021024f,1.3374641242838659f,0f,0f,0f,1f],start_interpolation:0}
execute if entity @s[tag=aj.mech_torso.bone.left_arm_low] run data modify entity @s {} merge value {transformation:[-0.2042277812282703f,0.8726161694143295f,0.4436575641767418f,1.0268235869617939f,-0.8857639077325836f,0.028235215208817638f,-0.46327645351389785f,0.9824205887161692f,-0.4167892910487033f,-0.48758977993675573f,0.7671654928164753f,0.847798935307081f,0f,0f,0f,1f],start_interpolation:0}
execute if entity @s[tag=aj.mech_torso.bone.left_arm] run data modify entity @s {} merge value {transformation:[-0.22601769415660292f,-0.02010884824648855f,1.0831821705901366f,1f,-0.9802697497315219f,0.47490414179291246f,-0.19572749526641509f,1.4375f,-0.46125827713273554f,-0.9994166642918083f,-0.11480031117729371f,-0.18117374999999988f,0f,0f,0f,1f],start_interpolation:0}
execute if entity @s[tag=aj.mech_torso.bone.drillhead_right1] run data modify entity @s {} merge value {transformation:[-0.6958315551527161f,-0.7130334249669625f,-0.08603360816352783f,0.5284734437614497f,-0.34028734285737594f,0.4328033516813284f,-0.8347968513743178f,0.07343171265650988f,0.6324736920574792f,-0.5516018434099829f,-0.5437944788262286f,1.658201059669766f,0f,0f,0f,1f],start_interpolation:0}
execute if entity @s[tag=aj.mech_torso.bone.drillhead_right2] run data modify entity @s {} merge value {transformation:[0.34576789756415904f,-0.7130334249669625f,-0.609940895410321f,0.7367230029448921f,0.9014740531446557f,0.4328033516813284f,0.005078413172913243f,0.32574866280467574f,0.2603633855230179f,-0.5516018434099829f,0.7924306366021577f,1.5869807126175641f,0f,0f,0f,1f],start_interpolation:0}
execute if entity @s[tag=aj.mech_torso.bone.drillhead_right3] run data modify entity @s {} merge value {transformation:[0.18679851818340043f,-0.7130334249669625f,0.6757881683518651f,0.704168331055442f,-0.6410293964345422f,0.4328033516813284f,0.6338474356500742f,0.009032365393454922f,-0.7444377922373719f,-0.5516018434099829f,-0.3762283612853451f,1.38055771527628f,0f,0f,0f,1f],start_interpolation:0}
execute if entity @s[tag=aj.mech_torso.bone.drill_right] run data modify entity @s {} merge value {transformation:[-1.0637910506050627f,-1.0900893623538777f,-0.1315286461757789f,0.3035947965503264f,-0.5202331329834635f,0.6616721084019032f,-1.2762419481973353f,0.36741355307229395f,0.9669292063166395f,-0.8432918860485002f,-0.8313559447829653f,1.2426077112238068f,0f,0f,0f,1f],start_interpolation:0}
execute if entity @s[tag=aj.mech_torso.bone.barrel_right] run data modify entity @s {} merge value {transformation:[0.19745881696707157f,-1.6365085640060706f,-1.5970279361950586f,0.36422654960020306f,1.9159721671430376f,0.9933424812305854f,-0.7810056742217497f,-0.14681072680011448f,1.2480821943229021f,-1.266001156542974f,1.4516130342817524f,1.9064008910160932f,0f,0f,0f,1f],start_interpolation:0}
execute if entity @s[tag=aj.mech_torso.bone.rocket_right] run data modify entity @s {} merge value {transformation:[0.19824684897051273f,-1.6430396530815075f,-1.6034014633104425f,-0.4868745904790172f,1.9236185584696048f,0.9973067795972564f,-0.7841225644959303f,0.5443939975205996f,1.2530631251679174f,-1.2710535995945078f,1.4574062297702937f,0.6905146485664634f,0f,0f,0f,1f],start_interpolation:0}
execute if entity @s[tag=aj.mech_torso.bone.sword_right] run data modify entity @s {} merge value {transformation:[0.22919769043869898f,-1.8995555073941952f,-1.853728894785335f,0.9041374339665231f,2.2239391605756658f,1.1530090477077235f,-0.9065419285936215f,0.7985437043890979f,1.4486947749928831f,-1.4694939715999593f,1.684940485202907f,0.36762214897280554f,0f,0f,0f,1f],start_interpolation:0}
execute if entity @s[tag=aj.mech_torso.bone.right_hand] run data modify entity @s {} merge value {transformation:[0.08603360816352768f,-0.7130334249669625f,-0.6958315551527161f,-0.06536000375760931f,0.8347968513743177f,0.4328033516813284f,-0.3402873428573761f,0.5579594934521008f,0.5437944788262287f,-0.5516018434099829f,0.632473692057479f,1.0627345842244196f,0f,0f,0f,1f],start_interpolation:0}
execute if entity @s[tag=aj.mech_torso.bone.right_arm_low] run data modify entity @s {} merge value {transformation:[-0.03422587327270762f,-0.9061888296528704f,-0.4214859364333303f,-0.9825811518444771f,0.7655910514844293f,0.24731433136436298f,-0.593890531486034f,0.7388653049897485f,0.642416478217742f,-0.3430122833283946f,0.6853055099735843f,0.7009870681940906f,0f,0f,0f,1f],start_interpolation:0}
execute if entity @s[tag=aj.mech_torso.bone.right_arm] run data modify entity @s {} merge value {transformation:[-0.0378775742999781f,-0.018187566080572388f,-1.1058962339836602f,-1f,0.8472751507300177f,0.7108020356080926f,-0.04070950337262301f,1.4375f,0.7109585690141188f,-0.848057578911647f,-0.010403582553137208f,-0.1811737500000001f,0f,0f,0f,1f],start_interpolation:0}