execute if entity @s[tag=aj.mech_torso.bone.barrel_left] run data modify entity @s {} merge value {transformation:[-1.4631527233313073f,-1.759608330793167f,-0.1749603493999677f,3.3192354625079425f,-1.7248629530306903f,1.3702041225452497f,0.6442336138955681f,-0.17517642847300352f,-0.3894616732377152f,0.5421878624738677f,-2.1959053759931444f,-1.7587083438840012f,0f,0f,0f,1f],start_interpolation:0}
execute if entity @s[tag=aj.mech_torso.bone.blaster_left] run data modify entity @s {} merge value {transformation:[-0.6375015814233103f,-0.7666684930963781f,-0.07623093450894564f,2.6900403377040423f,-0.7515297909516714f,0.5970034987233143f,0.28069520092844236f,0.5231763337806612f,-0.16969003210240577f,0.23623345276537416f,-0.9567648868973161f,-1.0077509654187626f,0f,0f,0f,1f],start_interpolation:0}
execute if entity @s[tag=aj.mech_torso.bone.sword_left] run data modify entity @s {} merge value {transformation:[-1.6983350254881342f,-2.042441921252584f,-0.2030828940269991f,2.778041674515948f,-2.0021116870351485f,1.5904461757680144f,0.747785582208082f,-0.12207924264661474f,-0.45206244720569394f,0.6293373361171738f,-2.54886790233065f,0.046098779685389335f,0f,0f,0f,1f],start_interpolation:0}
execute if entity @s[tag=aj.mech_torso.bone.rocket_left] run data modify entity @s {} merge value {transformation:[-1.4689919721914857f,-1.7666306947447241f,-0.17565859299718026f,2.2023320356516516f,-1.7317466527783945f,1.3756724258420974f,0.6468046649797388f,0.7217950033641474f,-0.39101596322759313f,0.5443516624705932f,-2.2046689437050873f,-0.9759461119831587f,0f,0f,0f,1f],start_interpolation:0}
execute if entity @s[tag=aj.mech_torso.bone.drillhead_left1] run data modify entity @s {} merge value {transformation:[-0.07623093450894577f,-0.7666684930963781f,0.6375015814233103f,3.2522770001075187f,0.2806952009284422f,0.5970034987233143f,0.7515297909516715f,-0.1864789417317504f,-0.9567648868973161f,0.23623345276537416f,0.16969003210240555f,-1.4601548550971968f,0f,0f,0f,1f],start_interpolation:0}
execute if entity @s[tag=aj.mech_torso.bone.drillhead_left2] run data modify entity @s {} merge value {transformation:[-0.5598023473502922f,-0.7666684930963781f,-0.31438949345426853f,3.157055881869981f,-0.8017403948724402f,0.5970034987233143f,-0.02826944891407318f,-0.424097316085919f,0.20936492335366616f,0.23623345276537416f,-0.9488730603529975f,-1.1686806002267516f,0f,0f,0f,1f],start_interpolation:0}
execute if entity @s[tag=aj.mech_torso.bone.drillhead_left3] run data modify entity @s {} merge value {transformation:[0.6181469786908558f,-0.7666684930963781f,-0.1735330931802218f,3.3989633763316123f,0.5869055889930306f,0.5970034987233143f,-0.5469265509379351f,-0.13896864552214408f,0.5229112184148575f,0.23623345276537416f,0.8189979325068159f,-1.1041679744478174f,0f,0f,0f,1f],start_interpolation:0}
execute if entity @s[tag=aj.mech_torso.bone.left_hand] run data modify entity @s {} merge value {transformation:[-0.6375015814233103f,-0.7666684930963781f,-0.07623093450894564f,2.59043071560665f,-0.7515297909516714f,0.5970034987233143f,0.28069520092844236f,0.4057498039444626f,-0.16969003210240577f,0.23623345276537416f,-0.9567648868973161f,-1.0342650329347636f,0f,0f,0f,1f],start_interpolation:0}
execute if entity @s[tag=aj.mech_torso.bone.left_arm_low] run data modify entity @s {} merge value {transformation:[-0.6375015814233103f,-0.7666684930963781f,-0.07623093450894564f,1.7815361569679107f,-0.7515297909516714f,0.5970034987233143f,0.28069520092844236f,0.9645544157623112f,-0.16969003210240577f,0.23623345276537416f,-0.9567648868973161f,-0.838536109891331f,0f,0f,0f,1f],start_interpolation:0}
execute if entity @s[tag=aj.mech_torso.bone.left_arm] run data modify entity @s {} merge value {transformation:[-0.7055192814019525f,-0.7492213585881424f,-0.40704038858501296f,1f,-0.8317136357224343f,0.4883530403048311f,0.5427114470069944f,1.4375f,-0.1877949686692119f,0.6518823838656738f,-0.8743880064834855f,-0.18117374999999988f,0f,0f,0f,1f],start_interpolation:0}
execute if entity @s[tag=aj.mech_torso.bone.drillhead_right1] run data modify entity @s {} merge value {transformation:[0.07623093450894583f,0.766668493096378f,0.6375015814233103f,-3.2990129438812854f,0.2806952009284425f,0.5970034987233143f,-0.7515297909516713f,-0.15454354917799729f,-0.9567648868973162f,0.23623345276537439f,-0.16969003210240582f,-1.3891850821775733f,0f,0f,0f,1f],start_interpolation:0}
execute if entity @s[tag=aj.mech_torso.bone.drillhead_right2] run data modify entity @s {} merge value {transformation:[-0.6181469786908558f,0.766668493096378f,-0.17353309318022175f,-3.441049289485461f,0.5869055889930302f,0.5970034987233143f,0.5469265509379352f,-0.08930676422500719f,0.5229112184148579f,0.23623345276537439f,-0.8189979325068159f,-1.0930872968383127f,0f,0f,0f,1f],start_interpolation:0}
execute if entity @s[tag=aj.mech_torso.bone.drillhead_right3] run data modify entity @s {} merge value {transformation:[0.5598023473502922f,0.766668493096378f,-0.3143894934542686f,-3.199161615066802f,-0.8017403948724401f,0.5970034987233143f,0.028269448914072792f,-0.37450841554102343f,0.20936492335366597f,0.23623345276537439f,0.9488730603529977f,-1.1573511637466536f,0f,0f,0f,1f],start_interpolation:0}
execute if entity @s[tag=aj.mech_torso.bone.drill_right] run data modify entity @s {} merge value {transformation:[0.11654226559483831f,1.1720869450334137f,0.9746158708135227f,-2.9185600204230737f,0.4291283436117413f,0.9127021826171543f,-1.1489428151932828f,0.0961164895523367f,-1.4627073415650877f,0.3611549821855735f,-0.25942304023249857f,-1.0695936590228072f,0f,0f,0f,1f],start_interpolation:0}
execute if entity @s[tag=aj.mech_torso.bone.barrel_right] run data modify entity @s {} merge value {transformation:[-1.4631527233313073f,1.7596083307931665f,0.1749603493999685f,-3.3207017161452157f,1.7248629530306903f,1.3702041225452497f,0.6442336138955681f,-0.1734479099538146f,0.3894616732377148f,0.5421878624738682f,-2.1959053759931444f,-1.7583180568101666f,0f,0f,0f,1f],start_interpolation:0}
execute if entity @s[tag=aj.mech_torso.bone.rocket_right] run data modify entity @s {} merge value {transformation:[-1.4689919721914857f,1.7666306947447237f,0.17565859299718103f,-2.0429566402958246f,1.7317466527783945f,1.3756724258420974f,0.6468046649797388f,0.5339125556262295f,0.39101596322759274f,0.5443516624705937f,-2.2046689437050877f,-1.0183686200087607f,0f,0f,0f,1f],start_interpolation:0}
execute if entity @s[tag=aj.mech_torso.bone.sword_right] run data modify entity @s {} merge value {transformation:[-1.6983350254881342f,2.042441921252584f,0.203082894027f,-2.7780416745159484f,2.0021116870351485f,1.5904461757680144f,0.747785582208082f,-0.12207924264661474f,0.4520624472056935f,0.6293373361171745f,-2.5488679023306506f,0.04609877968538889f,0f,0f,0f,1f],start_interpolation:0}
execute if entity @s[tag=aj.mech_torso.bone.right_hand] run data modify entity @s {} merge value {transformation:[-0.6375015814233103f,0.766668493096378f,0.07623093450894597f,-2.59043071560665f,0.7515297909516714f,0.5970034987233143f,0.28069520092844236f,0.4057498039444626f,0.1696900321024056f,0.23623345276537439f,-0.9567648868973162f,-1.0342650329347642f,0f,0f,0f,1f],start_interpolation:0}
execute if entity @s[tag=aj.mech_torso.bone.right_arm_low] run data modify entity @s {} merge value {transformation:[-0.6375015814233103f,0.766668493096378f,0.07623093450894597f,-1.7815361569679107f,0.7515297909516714f,0.5970034987233143f,0.28069520092844236f,0.9645544157623112f,0.1696900321024056f,0.23623345276537439f,-0.9567648868973162f,-0.8385361098913314f,0f,0f,0f,1f],start_interpolation:0}
execute if entity @s[tag=aj.mech_torso.bone.right_arm] run data modify entity @s {} merge value {transformation:[-0.7055192814019525f,0.7492213585881422f,0.4070403885850132f,-1f,0.8317136357224343f,0.4883530403048311f,0.5427114470069944f,1.4375f,0.1877949686692117f,0.651882383865674f,-0.8743880064834855f,-0.1811737500000001f,0f,0f,0f,1f],start_interpolation:0}