execute if entity @s[tag=aj.mech_torso.bone.barrel_left] run data modify entity @s {} merge value {transformation:[-0.7822776100824175f,-1.547701281374929f,-1.5034330639722f,2.7816695273046665f,-2.0750796601653905f,0.10132697214935403f,0.9754105505548039f,1.5369439903163578f,-0.591383664115203f,1.6917452768653265f,-1.43384510093393f,-2.8913497066084948f,0f,0f,0f,1f],start_interpolation:0}
execute if entity @s[tag=aj.mech_torso.bone.blaster_left] run data modify entity @s {} merge value {transformation:[-0.340841530475466f,-0.6743397313993088f,-0.655051889364079f,2.452030278967736f,-0.9041206320027058f,0.04414857311612451f,0.42499033668877423f,1.6098904028712318f,-0.2576682632575645f,0.7371002850007031f,-0.6247321313664862f,-1.7365610433687915f,0f,0f,0f,1f],start_interpolation:0}
execute if entity @s[tag=aj.mech_torso.bone.sword_left] run data modify entity @s {} merge value {transformation:[-0.9080183111939478f,-1.7964736375347765f,-1.745089894107226f,3.2877226277852265f,-2.4086210628190883f,0.11761393262905631f,1.1321947981385012f,0.8665284015368232f,-0.6864407072842093f,1.9636707857556484f,-1.6643165933466688f,-1.2038983803753418f,0f,0f,0f,1f],start_interpolation:0}
execute if entity @s[tag=aj.mech_torso.bone.rocket_left] run data modify entity @s {} merge value {transformation:[-0.7853995764842683f,-1.5538779523396584f,-1.5094330663404876f,2.020663181046035f,-2.0833610284376047f,0.10173135468385892f,0.979303284959566f,1.5172577367219195f,-0.5937437980448659f,1.698496808350814f,-1.439567386952192f,-1.4473173252128397f,0f,0f,0f,1f],start_interpolation:0}
execute if entity @s[tag=aj.mech_torso.bone.drillhead_left1] run data modify entity @s {} merge value {transformation:[-0.6550518893640791f,-0.6743397313993088f,0.34084153047546584f,2.8897129040944365f,0.424990336688774f,0.04414857311612451f,0.9041206320027059f,1.4209815661898926f,-0.6247321313664863f,0.7371002850007031f,0.25766826325756437f,-2.629386516289047f,0f,0f,0f,1f],start_interpolation:0}
execute if entity @s[tag=aj.mech_torso.bone.drillhead_left2] run data modify entity @s {} merge value {transformation:[-0.064219008437022f,-0.6743397313993088f,-0.7356234400912423f,3.046625984666681f,-0.9979353075945243f,0.04414857311612451f,0.046647886854949194f,1.1055815450856836f,0.0010202017386914397f,0.7371002850007031f,-0.6757826048666055f,-2.46694296832792f,0f,0f,0f,1f],start_interpolation:0}
execute if entity @s[tag=aj.mech_torso.bone.drillhead_left3] run data modify entity @s {} merge value {transformation:[0.5655740192351878f,-0.6743397313993088f,0.47475462654139894f,3.1760421819954745f,0.672661786062414f,0.04414857311612451f,-0.7386318603087287f,1.4485914797029706f,0.47712907094147894f,0.7371002850007031f,0.4785718540766929f,-2.3690904969137465f,0f,0f,0f,1f],start_interpolation:0}
execute if entity @s[tag=aj.mech_torso.bone.left_hand] run data modify entity @s {} merge value {transformation:[-0.340841530475466f,-0.6743397313993088f,-0.655051889364079f,2.3987737898309445f,-0.9041206320027058f,0.04414857311612451f,0.42499033668877423f,1.468621554120809f,-0.2576682632575645f,0.7371002850007031f,-0.6247321313664862f,-1.7768217095027858f,0f,0f,0f,1f],start_interpolation:0}
execute if entity @s[tag=aj.mech_torso.bone.left_arm_low] run data modify entity @s {} merge value {transformation:[-0.340841530475466f,-0.6743397313993088f,-0.655051889364079f,1.6826610912342916f,-0.9041206320027058f,0.04414857311612451f,0.42499033668877423f,1.4695435357582887f,-0.2576682632575645f,0.7371002850007031f,-0.6247321313664862f,-1.0753485700608831f,0f,0f,0f,1f],start_interpolation:0}
execute if entity @s[tag=aj.mech_torso.bone.left_arm] run data modify entity @s {} merge value {transformation:[-0.37720733353493713f,-0.6610749496056221f,-0.8034093085503893f,1f,-1.0005850294003746f,-0.003728099497165478f,0.472850588186182f,1.4375f,-0.28515996388227766f,0.8875460499670375f,-0.5964208101002135f,-0.18117374999999988f,0f,0f,0f,1f],start_interpolation:0}
execute if entity @s[tag=aj.mech_torso.bone.drillhead_right1] run data modify entity @s {} merge value {transformation:[0.6550518893640791f,0.6743397313993086f,0.3408415304754663f,-2.9530938014423693f,0.42499033668877445f,0.04414857311612451f,-0.9041206320027056f,1.4539447122563225f,-0.6247321313664859f,0.7371002850007033f,-0.2576682632575645f,-2.5733765237964223f,0f,0f,0f,1f],start_interpolation:0}
execute if entity @s[tag=aj.mech_torso.bone.drillhead_right2] run data modify entity @s {} merge value {transformation:[-0.5655740192351882f,0.6743397313993086f,0.47475462654139877f,-3.198463643610978f,0.6726617860624136f,0.04414857311612451f,0.738631860308729f,1.5083480740794588f,0.4771290709414789f,0.7371002850007033f,-0.4785718540766925f,-2.3521572324972704f,0f,0f,0f,1f],start_interpolation:0}
execute if entity @s[tag=aj.mech_torso.bone.drillhead_right3] run data modify entity @s {} merge value {transformation:[0.06421900843702244f,0.6743397313993086f,-0.7356234400912424f,-3.069217759773419f,-0.9979353075945243f,0.04414857311612451f,-0.04664788685494964f,1.1652276419746328f,0.0010202017386911622f,0.7371002850007033f,0.6757826048666051f,-2.449847273557288f,0f,0f,0f,1f],start_interpolation:0}
execute if entity @s[tag=aj.mech_torso.bone.drill_right] run data modify entity @s {} merge value {transformation:[1.0014468766575382f,1.0309342340368082f,0.5210803780158496f,-2.7398135612707066f,0.6497275287607888f,0.06749457771803553f,-1.3822245195258265f,1.389102306612069f,-0.9550938663987951f,1.126882908335619f,-0.3939246365712572f,-2.063454410801835f,0f,0f,0f,1f],start_interpolation:0}
execute if entity @s[tag=aj.mech_torso.bone.barrel_right] run data modify entity @s {} merge value {transformation:[-0.7822776100824177f,1.5477012813749285f,1.5034330639722007f,-2.7824534628247592f,2.0750796601653905f,0.10132697214935403f,0.9754105505548039f,1.5390234677699641f,0.5913836641152028f,1.691745276865327f,-1.4338451009339295f,-2.890757069603003f,0f,0f,0f,1f],start_interpolation:0}
execute if entity @s[tag=aj.mech_torso.bone.rocket_right] run data modify entity @s {} merge value {transformation:[-0.7853995764842686f,1.553877952339658f,1.5094330663404882f,-1.935452798427168f,2.0833610284376047f,0.10173135468385892f,0.979303284959566f,1.2912275787212433f,0.5937437980448657f,1.6984968083508145f,-1.4395673869521917f,-1.5117343910272316f,0f,0f,0f,1f],start_interpolation:0}
execute if entity @s[tag=aj.mech_torso.bone.sword_right] run data modify entity @s {} merge value {transformation:[-0.9080183111939482f,1.7964736375347758f,1.7450898941072264f,-3.287722627785226f,2.4086210628190883f,0.11761393262905631f,1.1321947981385012f,0.8665284015368232f,0.686440707284209f,1.963670785755649f,-1.6643165933466681f,-1.203898380375343f,0f,0f,0f,1f],start_interpolation:0}
execute if entity @s[tag=aj.mech_torso.bone.right_hand] run data modify entity @s {} merge value {transformation:[-0.3408415304754661f,0.6743397313993086f,0.6550518893640792f,-2.398773789830944f,0.9041206320027058f,0.04414857311612451f,0.42499033668877423f,1.468621554120809f,0.25766826325756437f,0.7371002850007033f,-0.624732131366486f,-1.7768217095027867f,0f,0f,0f,1f],start_interpolation:0}
execute if entity @s[tag=aj.mech_torso.bone.right_arm_low] run data modify entity @s {} merge value {transformation:[-0.3408415304754661f,0.6743397313993086f,0.6550518893640792f,-1.6826610912342912f,0.9041206320027058f,0.04414857311612451f,0.42499033668877423f,1.4695435357582887f,0.25766826325756437f,0.7371002850007033f,-0.624732131366486f,-1.0753485700608838f,0f,0f,0f,1f],start_interpolation:0}
execute if entity @s[tag=aj.mech_torso.bone.right_arm] run data modify entity @s {} merge value {transformation:[-0.3772073335349373f,0.6610749496056219f,0.8034093085503895f,-1f,1.0005850294003746f,-0.003728099497165478f,0.472850588186182f,1.4375f,0.2851599638822775f,0.8875460499670377f,-0.5964208101002133f,-0.1811737500000001f,0f,0f,0f,1f],start_interpolation:0}