execute if entity @s[tag=aj.mech_torso.bone.sword_left] run data modify entity @s {} merge value {transformation:[-1.1702301662724188f,1.8581551563753533f,1.855652384683542f,0.3404428909642912f,-2.2679027308434763f,0.30911413778445124f,-1.7397386738399765f,1.0555738517046973f,-1.3239348780732125f,-2.1719421872272435f,1.3399584224757906f,1.561818242990279f,0f,0f,0f,1f],start_interpolation:0}
execute if entity @s[tag=aj.mech_torso.bone.left_hand] run data modify entity @s {} merge value {transformation:[-0.40703657957301526f,0.6463148370001229f,0.6454443077160146f,0.3531627840759479f,-0.7888357324672961f,0.10751796096850477f,-0.6051264952486874f,1.0802249683443004f,-0.46049908802546524f,-0.7554581520790412f,0.466072494774188f,1.5762088394910747f,0f,0f,0f,1f],start_interpolation:0}
execute if entity @s[tag=aj.mech_torso.bone.left_arm_low] run data modify entity @s {} merge value {transformation:[-0.29646560827911045f,0.8352459887521255f,0.46311152153793544f,1.1936164576174118f,-0.8742135206595623f,-0.04209660678573468f,-0.4837133407227264f,0.9956931471403692f,-0.3845242039244217f,-0.5482627234917687f,0.7426635325809922f,1.0391379700198238f,0f,0f,0f,1f],start_interpolation:0}
execute if entity @s[tag=aj.mech_torso.bone.left_arm] run data modify entity @s {} merge value {transformation:[-0.3280967592997766f,-0.05838614191502413f,1.0553272257945834f,1.125f,-0.9674870037350671f,0.4614924761954068f,-0.27525546416520463f,1.4375f,-0.42555069342530133f,-1.0041851081256576f,-0.18785860235276608f,0.006326250000000129f,0f,0f,0f,1f],start_interpolation:0}
execute if entity @s[tag=aj.mech_torso.bone.sword_right] run data modify entity @s {} merge value {transformation:[-0.03195103574886132f,-2.0597642239880245f,-2.00548634323288f,-0.19556896349266054f,2.4665109743309803f,1.010641073792035f,-1.0772897630021934f,0.6152115335291382f,1.4767964466436851f,-1.732512903716303f,1.7558747944079307f,1.3321265106633997f,0f,0f,0f,1f],start_interpolation:0}
execute if entity @s[tag=aj.mech_torso.bone.right_hand] run data modify entity @s {} merge value {transformation:[-0.011113403738734373f,-0.7164397300827912f,-0.6975604672114366f,-0.21830499892458322f,0.8579168606368628f,0.3515273300146209f,-0.3747094827833716f,0.6530066644869971f,0.5136683292673687f,-0.6026131839013228f,0.6107390589244976f,1.3293469839560887f,0f,0f,0f,1f],start_interpolation:0}
execute if entity @s[tag=aj.mech_torso.bone.right_arm_low] run data modify entity @s {} merge value {transformation:[-0.12499754176232798f,-0.8952326730963113f,-0.42770793255936757f,-1.122997371733302f,0.7894183449562124f,0.17139055269594214f,-0.5894437675412083f,0.7813077761673948f,0.6009944186096653f,-0.4113195101954354f,0.6852896973781365f,0.9206617012221681f,0f,0f,0f,1f],start_interpolation:0}
execute if entity @s[tag=aj.mech_torso.bone.right_arm] run data modify entity @s {} merge value {transformation:[-0.13833405031604143f,-0.005812654305007048f,-1.0979990355674807f,-1.125f,0.8736446774226948f,0.6697826688862499f,-0.11361396307072359f,1.4375f,0.6651170172745414f,-0.8809820475149144f,-0.07913257118453124f,0.0063262499999998546f,0f,0f,0f,1f],start_interpolation:0}