execute if entity @s[tag=aj.mech_torso.bone.barrel_left] run data modify entity @s {} merge value {transformation:[-0.39100109666068933f,-2.154328336231108f,0.6882122169596674f,4.10457519495535f,-2.0917344704686f,0.6100366564443361f,0.7212147227409856f,0.6950659860933807f,-0.8598915867214191f,-0.5043542316235853f,-2.067332039508845f,0.21008848820630227f,0f,0f,0f,1f],start_interpolation:0}
execute if entity @s[tag=aj.mech_torso.bone.blaster_left] run data modify entity @s {} merge value {transformation:[-0.17036076513729476f,-0.9386496018853383f,0.2998568568206024f,2.9944307147951825f,-0.911377200464286f,0.2657954477397319f,0.31423618256769215f,1.0610360300028412f,-0.3746582551815934f,-0.21974918621312617f,-0.9007449622301271f,0.4949836093061949f,0f,0f,0f,1f],start_interpolation:0}
execute if entity @s[tag=aj.mech_torso.bone.sword_left] run data modify entity @s {} merge value {transformation:[-0.4538493124294016f,-2.5006079074866325f,0.7988331596514979f,2.78441125588699f,-2.427952911934881f,0.7080919195586199f,0.8371403784424893f,0.40317778119602476f,-0.9981077002860987f,-0.5854224532824351f,-2.3996281153875665f,1.5234837944320918f,0f,0f,0f,1f],start_interpolation:0}
execute if entity @s[tag=aj.mech_torso.bone.rocket_left] run data modify entity @s {} merge value {transformation:[-0.3925615302856948f,-2.1629259754803765f,0.6909587808277871f,2.5172280978510986f,-2.100082305884352f,0.6124712319975287f,0.7240929952415629f,1.071170827710643f,-0.8633233002312761f,-0.5063670426071365f,-2.0755824880524716f,0.27027210368812493f,0f,0f,0f,1f],start_interpolation:0}
execute if entity @s[tag=aj.mech_torso.bone.drillhead_left1] run data modify entity @s {} merge value {transformation:[0.29985685682060237f,-0.9386496018853383f,0.1703607651372948f,3.911360071419617f,0.3142361825676919f,0.2657954477397319f,0.9113772004642862f,0.6360372925173892f,-0.9007449622301272f,-0.21974918621312617f,0.3746582551815932f,0.440151300350179f,0f,0f,0f,1f],start_interpolation:0}
execute if entity @s[tag=aj.mech_torso.bone.drillhead_left2] run data modify entity @s {} merge value {transformation:[-0.2721430752396245f,-0.9386496018853383f,0.21183737035663908f,3.7775769490431927f,-0.9622557228246974f,0.2657954477397319f,-0.058452577804189f,0.35672927059718995f,-0.0014389198168764383f,-0.21974918621312617f,-0.9755553416738745f,0.6737661532590782f,0f,0f,0f,1f],start_interpolation:0}
execute if entity @s[tag=aj.mech_torso.bone.drillhead_left3] run data modify entity @s {} merge value {transformation:[0.04264257286699365f,-0.9386496018853383f,-0.3422258550428049f,3.8421807211302834f,0.7217497609880826f,0.2657954477397319f,-0.6390853327017302f,0.7025070809451277f,0.6908392674804531f,-0.21974918621312617f,0.6888043275602589f,0.8160459200643666f,0f,0f,0f,1f],start_interpolation:0}
execute if entity @s[tag=aj.mech_torso.bone.left_hand] run data modify entity @s {} merge value {transformation:[-0.17036076513729476f,-0.9386496018853383f,0.2998568568206024f,2.96781184524248f,-0.911377200464286f,0.2657954477397319f,0.31423618256769215f,0.9186333424302964f,-0.3746582551815934f,-0.21974918621312617f,-0.9007449622301271f,0.43644325693407093f,0f,0f,0f,1f],start_interpolation:0}
execute if entity @s[tag=aj.mech_torso.bone.left_arm_low] run data modify entity @s {} merge value {transformation:[-0.17036076513729476f,-0.9386496018853383f,0.2998568568206024f,2.027885222311705f,-0.911377200464286f,0.2657954477397319f,0.31423618256769215f,1.1372875958462507f,-0.3746582551815934f,-0.21974918621312617f,-0.9007449622301271f,0.1651296497024037f,0f,0f,0f,1f],start_interpolation:0}
execute if entity @s[tag=aj.mech_torso.bone.left_arm] run data modify entity @s {} merge value {transformation:[-0.18853726500631415f,-1.0059224800033657f,0.4211242601202702f,1f,-1.0086158313868228f,0.32334449881668303f,0.320802771644642f,1.4375f,-0.4146321055029809f,-0.3291508436004596f,-0.9718600299309046f,-0.18117374999999988f,0f,0f,0f,1f],start_interpolation:0}
execute if entity @s[tag=aj.mech_torso.bone.drillhead_right1] run data modify entity @s {} merge value {transformation:[-0.33192562292535954f,0.9408070645345441f,0.06861084584456367f,-3.903923467150618f,0.46499140125380717f,0.22646914784920266f,-0.8558590548872385f,0.7939008864535628f,-0.8207364848754032f,-0.2521780965792834f,-0.5126381082206207f,0.6298432755195101f,0f,0f,0f,1f],start_interpolation:0}
execute if entity @s[tag=aj.mech_torso.bone.drillhead_right2] run data modify entity @s {} merge value {transformation:[0.06363428048691769f,0.9408070645345441f,-0.33291552332206853f,-3.825398192371025f,0.6127661580727141f,0.22646914784920266f,0.7571191191571258f,0.8281104369254778f,0.7876981108697154f,-0.2521780965792834f,-0.5620835291466308f,0.9535214303951601f,0f,0f,0f,1f],start_interpolation:0}
execute if entity @s[tag=aj.mech_torso.bone.drillhead_right3] run data modify entity @s {} merge value {transformation:[0.19041059285507658f,0.9408070645345441f,0.2804030553515292f,-3.7993209138749973f,-0.9686551689768333f,0.22646914784920266f,-0.10207295766714536f,0.503297479137808f,-0.15953360067095962f,-0.2521780965792834f,0.9544397507766578f,0.7591095183667852f,0f,0f,0f,1f],start_interpolation:0}
execute if entity @s[tag=aj.mech_torso.bone.drill_right] run data modify entity @s {} merge value {transformation:[-0.5074496902587472f,1.4383109362986772f,0.10489263276925061f,-3.3491826920258747f,0.7108813729402439f,0.34622725993974524f,-1.3084419590148242f,0.8150260696819596f,-1.2547463837334762f,-0.3855312400150983f,-0.7837239166374378f,0.6689579631169695f,0f,0f,0f,1f],start_interpolation:0}
execute if entity @s[tag=aj.mech_torso.bone.barrel_right] run data modify entity @s {} merge value {transformation:[-0.1574712108531677f,2.1592800060663784f,-0.761814391177481f,-4.122818505281435f,1.9643127851545017f,0.5197774563731696f,1.067218427209491f,0.8748819978863444f,1.1765740917093575f,-0.5787829858409075f,-1.8837017161615797f,0.3424168457455847f,0f,0f,0f,1f],start_interpolation:0}
execute if entity @s[tag=aj.mech_torso.bone.rocket_right] run data modify entity @s {} merge value {transformation:[-0.15809965761325145f,2.167897406774571f,-0.7648546915811343f,-2.491890771910701f,1.972152097489329f,0.5218518194053234f,1.0714775546985584f,0.9056676403076327f,1.1812696431814464f,-0.5810928321313668f,-1.891219320389503f,0.2022617570452026f,0f,0f,0f,1f],start_interpolation:0}
execute if entity @s[tag=aj.mech_torso.bone.sword_right] run data modify entity @s {} merge value {transformation:[-0.1827826095208003f,2.5063554922614784f,-0.8842659025449326f,-2.746921744222684f,2.28004988874059f,0.6033247558790886f,1.238759567524536f,0.2947766240126971f,1.365692697808297f,-0.6718146378952125f,-2.186481664638177f,1.492818792328421f,0f,0f,0f,1f],start_interpolation:0}
execute if entity @s[tag=aj.mech_torso.bone.right_hand] run data modify entity @s {} merge value {transformation:[-0.06861084584456374f,0.9408070645345441f,-0.33192562292535954f,-2.958701664206279f,0.8558590548872386f,0.22646914784920266f,0.464991401253807f,0.977335867526478f,0.5126381082206205f,-0.2521780965792834f,-0.8207364848754033f,0.5078063626947121f,0f,0f,0f,1f],start_interpolation:0}
execute if entity @s[tag=aj.mech_torso.bone.right_arm_low] run data modify entity @s {} merge value {transformation:[-0.06861084584456374f,0.9408070645345441f,-0.33192562292535954f,-2.023979097522867f,0.8558590548872386f,0.22646914784920266f,0.464991401253807f,1.1648448057344098f,0.5126381082206205f,-0.2521780965792834f,-0.8207364848754033f,0.1979403691992835f,0f,0f,0f,1f],start_interpolation:0}
execute if entity @s[tag=aj.mech_torso.bone.right_arm] run data modify entity @s {} merge value {transformation:[-0.07593122286624461f,1.0052078607134085f,-0.4566876226569293f,-1f,0.9471742235325535f,0.29452898443598907f,0.49080102499550415f,1.4375f,0.5673336039787962f,-0.3571859636395388f,-0.880524132383294f,-0.1811737500000001f,0f,0f,0f,1f],start_interpolation:0}