execute if entity @s[tag=aj.mech_torso.bone.sword_left] run data modify entity @s {} merge value {transformation:[-0.45868300611200064f,-1.4305839404287268f,2.451257736202269f,2.1913363025059303f,-2.624228403236418f,1.1595570056710853f,0.1856820891910259f,0.5952970593453175f,-1.0810458767098163f,-2.207822941267375f,-1.4907993401065693f,1.6096129551900253f,0f,0f,0f,1f],start_interpolation:0}
execute if entity @s[tag=aj.mech_torso.bone.left_hand] run data modify entity @s {} merge value {transformation:[-0.15954191516939153f,-0.49759441406216587f,0.852611386505137f,2.1963219873549735f,-0.9127750967778845f,0.4033241758855949f,0.0645850745012264f,0.6238212811196264f,-0.37601595711645786f,-0.7679384143538696f,-0.5185389009066328f,1.6213634538499146f,0f,0f,0f,1f],start_interpolation:0}
execute if entity @s[tag=aj.mech_torso.bone.left_arm_low] run data modify entity @s {} merge value {transformation:[-0.11775134271702442f,-0.39146968740260435f,0.912625939327414f,1.829692131096444f,-0.9021263834505984f,0.42632067957193964f,0.06647305056685197f,1.024027794038949f,-0.4150934949751459f,-0.815476647129902f,-0.40335496577467816f,0.7803102923215807f,0f,0f,0f,1f],start_interpolation:0}
execute if entity @s[tag=aj.mech_torso.bone.left_arm] run data modify entity @s {} merge value {transformation:[-0.13031472410209843f,-0.6896056316907964f,0.8557067978908192f,1.125f,-0.9983780061608738f,0.434476969874152f,0.19809870771219348f,1.4375f,-0.4593815495102733f,-0.7486292900517189f,-0.6732716811066892f,0.006326250000000129f,0f,0f,0f,1f],start_interpolation:0}
execute if entity @s[tag=aj.mech_torso.bone.sword_right] run data modify entity @s {} merge value {transformation:[0.1583835711551022f,1.390931706231288f,-2.5111448849058213f,-2.179444405510471f,2.2310464186552994f,1.5229172525448944f,0.984266183360209f,0.3641284751976322f,1.8063697080591001f,-2.0029121374892176f,-0.9954880447824845f,1.5168826584937685f,0f,0f,0f,1f],start_interpolation:0}
execute if entity @s[tag=aj.mech_torso.bone.right_hand] run data modify entity @s {} merge value {transformation:[0.055089937793079025f,0.48380233260218714f,-0.873441699097677f,-2.162604022060619f,0.7760161456192346f,0.5297103487112677f,0.3423534550818118f,0.4049324281454604f,0.6283025071509913f,-0.6966650913005974f,-0.3462567112286903f,1.5147463277390933f,0f,0f,0f,1f],start_interpolation:0}
execute if entity @s[tag=aj.mech_torso.bone.right_arm_low] run data modify entity @s {} merge value {transformation:[0.012111306024874684f,0.3774392297961968f,-0.9259551523034067f,-1.8144793690871812f,0.8012290749142399f,0.550356996887317f,0.2348172597771402f,0.937589055809743f,0.5982351425471785f,-0.7447461337852164f,-0.2957497429137167f,0.7420631662832241f,0f,0f,0f,1f],start_interpolation:0}
execute if entity @s[tag=aj.mech_torso.bone.right_arm] run data modify entity @s {} merge value {transformation:[0.01340351172844367f,0.678632582708721f,-0.8740996179460693f,-1.125f,0.8867155433713191f,0.5164074546831436f,0.4145248658710489f,1.4375f,0.6620633425519643f,-0.7053744657753042f,-0.5374857877331757f,0.0063262499999998546f,0f,0f,0f,1f],start_interpolation:0}