execute if entity @s[tag=aj.mech_torso.bone.barrel_left] run data modify entity @s {} merge value {transformation:[-1.4331727536039314f,0.9463087930488766f,1.5225518119185302f,0.5362529922225718f,-1.6413978760580152f,0.09102489361938869f,-1.6016166753204442f,0.652021758637372f,-0.7207477813009624f,-2.0889860292473603f,0.6199262043257909f,2.6630835482106794f,0f,0f,0f,1f],start_interpolation:0}
execute if entity @s[tag=aj.mech_torso.bone.blaster_left] run data modify entity @s {} merge value {transformation:[-0.6244391869053202f,0.4123105828008915f,0.6633820054594576f,0.8222419115563432f,-0.7151637180768233f,0.03965991567792698f,-0.6978308874182584f,1.205458759523494f,-0.3140327342866616f,-0.9101796934665203f,0.27010436389964904f,1.6337935531343746f,0f,0f,0f,1f],start_interpolation:0}
execute if entity @s[tag=aj.mech_torso.bone.sword_left] run data modify entity @s {} merge value {transformation:[-1.6635361751431401f,1.0984153209264105f,1.7672817260075924f,-0.21135037613472274f,-1.9052307112030313f,0.10565593226192192f,-1.8590552125751323f,1.8532737833502777f,-0.8365983823884905f,-2.4247626954133277f,0.7195710804729203f,1.4176432415983569f,0f,0f,0f,1f],start_interpolation:0}
execute if entity @s[tag=aj.mech_torso.bone.rocket_left] run data modify entity @s {} merge value {transformation:[-1.4388923563729894f,0.9500853861912565f,1.5286281146793699f,0.9722899553440487f,-1.647948477730716f,0.09138816192203363f,-1.6080085154863255f,1.0699299559493127f,-0.7236241903000555f,-2.097322895997974f,0.6224002477556267f,1.1465176144125517f,0f,0f,0f,1f],start_interpolation:0}
execute if entity @s[tag=aj.mech_torso.bone.drillhead_left1] run data modify entity @s {} merge value {transformation:[0.6633820054594575f,0.4123105828008915f,0.6244391869053203f,0.39518185837618036f,-0.6978308874182585f,0.03965991567792698f,0.7151637180768232f,0.8542004613745933f,0.270104363899649f,-0.9101796934665203f,0.3140327342866617f,2.4815124174807273f,0f,0f,0f,1f],start_interpolation:0}
execute if entity @s[tag=aj.mech_torso.bone.drillhead_left2] run data modify entity @s {} merge value {transformation:[-0.8307718868982774f,0.4123105828008915f,0.3739225257320897f,0.05222041153507129f,-0.3936768023182534f,0.03965991567792698f,-0.9183929803765353f,0.9545321133873118f,-0.3934928808199091f,-0.9101796934665203f,0.12936876881705228f,2.3305230137914013f,0f,0f,0f,1f],start_interpolation:0}
execute if entity @s[tag=aj.mech_torso.bone.drillhead_left3] run data modify entity @s {} merge value {transformation:[0.3230412812613535f,0.4123105828008915f,-0.8518475884284773f,0.28907527969863445f,0.9277734407334449f,0.03965991567792698f,0.371030367703299f,1.225989022362984f,0.18676395067209517f,-0.9101796934665203f,-0.36971901808068014f,2.4496464436264147f,0f,0f,0f,1f],start_interpolation:0}
execute if entity @s[tag=aj.mech_torso.bone.left_hand] run data modify entity @s {} merge value {transformation:[-0.6244391869053202f,0.4123105828008915f,0.6633820054594576f,0.7246732886023869f,-0.7151637180768233f,0.03965991567792698f,-0.6978308874182584f,1.0937144285739904f,-0.3140327342866616f,-0.9101796934665203f,0.27010436389964904f,1.5847259384020838f,0f,0f,0f,1f],start_interpolation:0}
execute if entity @s[tag=aj.mech_torso.bone.left_arm_low] run data modify entity @s {} merge value {transformation:[-0.5345631381372864f,0.5845804350373559f,0.6103343070124374f,1.294916474600301f,-0.7934821006360802f,-0.09857606119823911f,-0.6005571714073479f,0.9267783244795167f,-0.29090962052666847f,-0.8053250741968592f,0.5165492402035385f,0.7773611766786683f,0f,0f,0f,1f],start_interpolation:0}
execute if entity @s[tag=aj.mech_torso.bone.left_arm] run data modify entity @s {} merge value {transformation:[-0.5915979066915624f,-0.2736843622310579f,0.8943605342379373f,1f,-0.878142012128363f,0.5268041217491168f,-0.4196617714032574f,1.4375f,-0.3219479800640776f,-0.933994788910703f,-0.49877370716021063f,-0.18117374999999988f,0f,0f,0f,1f],start_interpolation:0}
execute if entity @s[tag=aj.mech_torso.bone.drillhead_right1] run data modify entity @s {} merge value {transformation:[-0.7850098432460177f,-0.5444067264708635f,0.2956025408891831f,-0.07725163210367111f,-0.47470792976877835f,0.22206777333086347f,-0.8516679431929518f,0.5309449482061455f,0.39800995894764185f,-0.8088925888034522f,-0.4327595780076345f,2.2789090270250303f,0f,0f,0f,1f],start_interpolation:0}
execute if entity @s[tag=aj.mech_torso.bone.drillhead_right2] run data modify entity @s {} merge value {transformation:[0.02730912396792018f,-0.5444067264708635f,-0.8383767219582039f,0.08315194559229638f,0.9685014411467956f,0.22206777333086347f,-0.1126537284977846f,0.823539173662391f,0.24750589941390305f,-0.8088925888034522f,0.5333231755082133f,2.2512798475511535f,0f,0f,0f,1f],start_interpolation:0}
execute if entity @s[tag=aj.mech_torso.bone.drillhead_right3] run data modify entity @s {} merge value {transformation:[0.5735113985396142f,-0.5444067264708635f,0.612132332031575f,0.19541927250279045f,-0.6051757212771114f,0.22206777333086347f,0.764492151970575f,0.5004386784034824f,-0.5521295338250471f,-0.8088925888034522f,-0.2021033341065544f,2.0870191072299114f,0f,0f,0f,1f],start_interpolation:0}
execute if entity @s[tag=aj.mech_torso.bone.drill_right] run data modify entity @s {} merge value {transformation:[-1.2001273004911628f,-0.8322919522984246f,0.45191876569181294f,-0.1965993309182028f,-0.7257360543651279f,0.3394984147353296f,-1.3020345647547438f,0.7437607859673965f,0.6084797811264325f,-1.2366393712642403f,-0.6616051869724525f,1.778729953368471f,0f,0f,0f,1f],start_interpolation:0}
execute if entity @s[tag=aj.mech_torso.bone.barrel_right] run data modify entity @s {} merge value {transformation:[-0.6784479840191464f,-1.2494873858309776f,-1.8017042207533183f,-0.2677346105252294f,1.9546936145234415f,0.5096757040002091f,-1.0895191799798072f,0.2873600159717282f,0.9932420147035342f,-1.8565183658805686f,0.9134869188042616f,2.482549755711048f,0f,0f,0f,1f],start_interpolation:0}
execute if entity @s[tag=aj.mech_torso.bone.rocket_right] run data modify entity @s {} merge value {transformation:[-0.6811555801259659f,-1.2544739246093146f,-1.808894583830017f,-0.7561502013156475f,1.9624945380214456f,0.5117097522756809f,-1.0938673068215183f,0.6990229719200873f,0.9972059121215933f,-1.8639274849554295f,0.917132524190739f,0.9750683138622904f,0f,0f,0f,1f],start_interpolation:0}
execute if entity @s[tag=aj.mech_torso.bone.sword_right] run data modify entity @s {} merge value {transformation:[-0.7874994563849272f,-1.45032583231016f,-2.0913041645498147f,0.5688041124178651f,2.268884564616611f,0.5915992814291313f,-1.2646448691206316f,1.273294160981997f,1.1528924325252756f,-2.154928953047522f,1.0603177677845335f,1.1109902027530907f,0f,0f,0f,1f],start_interpolation:0}
execute if entity @s[tag=aj.mech_torso.bone.right_hand] run data modify entity @s {} merge value {transformation:[-0.29560254088918325f,-0.5444067264708635f,-0.7850098432460176f,-0.5087843580996354f,0.8516679431929517f,0.22206777333086347f,-0.4747079297687785f,0.8305753166634422f,0.4327595780076346f,-0.8088925888034522f,0.39800995894764174f,1.4628288803316976f,0f,0f,0f,1f],start_interpolation:0}
execute if entity @s[tag=aj.mech_torso.bone.right_arm_low] run data modify entity @s {} merge value {transformation:[-0.395058378044396f,-0.7034963460267258f,-0.5907806437790396f,-1.2060514506166815f,0.7910420406164217f,0.06648059563149508f,-0.6081388167037927f,0.8286114467344174f,0.4670988845141237f,-0.7075826605644933f,0.5302314688455737f,0.7426222728864957f,0f,0f,0f,1f],start_interpolation:0}
execute if entity @s[tag=aj.mech_torso.bone.right_arm] run data modify entity @s {} merge value {transformation:[-0.4372088024745278f,0.1905539229807619f,-0.9986539160337076f,-1f,0.8754416119382904f,0.623298631486398f,-0.2643345959349614f,1.4375f,0.5169356107482878f,-0.8944048283399713f,-0.39697551047447444f,-0.1811737500000001f,0f,0f,0f,1f],start_interpolation:0}