execute if entity @s[tag=aj.mech_torso.bone.sword_left] run data modify entity @s {} merge value {transformation:[-0.9999942511754164f,-0.9274828915750143f,-2.530891539250895f,2.012865821745341f,-2.598490236502441f,-0.38592756818556656f,1.168132442369382f,1.6639956019975433f,-0.7165786686872566f,2.693781802215989f,-0.704045178686975f,-1.9037435259295248f,0f,0f,0f,1f],start_interpolation:0}
execute if entity @s[tag=aj.mech_torso.bone.left_hand] run data modify entity @s {} merge value {transformation:[-0.34782408736536224f,-0.32260274489565716f,-0.880310100609007f,2.0237353244755085f,-0.9038226909573709f,-0.13423567589063184f,0.4063069364763068f,1.692240061089961f,-0.2492447543260023f,0.9369675833794745f,-0.24488527954329564f,-1.8959546273568373f,0f,0f,0f,1f],start_interpolation:0}
execute if entity @s[tag=aj.mech_torso.bone.left_arm_low] run data modify entity @s {} merge value {transformation:[-0.34175365651900563f,-0.31179621167470406f,-0.8865593948750373f,1.6735543299447406f,-0.9059481121392321f,-0.1415727799411488f,0.39901775159896846f,1.534825707381929f,-0.2499249014549183f,0.93954258571128f,-0.2340881741304145f,-0.9715374502575989f,0f,0f,0f,1f],start_interpolation:0}
execute if entity @s[tag=aj.mech_torso.bone.left_arm] run data modify entity @s {} merge value {transformation:[-0.3782167781065872f,-0.5291223135411162f,-0.8954069603289876f,1.125f,-1.0026074910071674f,-0.06789182980650116f,0.46361718794266604f,1.4375f,-0.2765904305448996f,0.9696351145108398f,-0.45615507995917937f,0.006326250000000129f,0f,0f,0f,1f],start_interpolation:0}
execute if entity @s[tag=aj.mech_torso.bone.sword_right] run data modify entity @s {} merge value {transformation:[-0.997163144574954f,0.905415485252664f,2.539982964936197f,-2.0036538547060263f,2.6103417364380754f,-0.35510112192843307f,1.1513662372219478f,1.6351746033980865f,0.6763184768367977f,2.7055038333496877f,-0.6989043751610812f,-1.9456706872873601f,0f,0f,0f,1f],start_interpolation:0}
execute if entity @s[tag=aj.mech_torso.bone.right_hand] run data modify entity @s {} merge value {transformation:[-0.3468393546347666f,0.31492712530527445f,0.8834723356299815f,-2.004651111872573f,0.9079449518045479f,-0.12351343371423759f,0.4004752129467644f,1.6596880883384086f,0.23524120933453832f,0.9410448115998914f,-0.2430971739690717f,-1.9089117491331593f,0f,0f,0f,1f],start_interpolation:0}
execute if entity @s[tag=aj.mech_torso.bone.right_arm_low] run data modify entity @s {} merge value {transformation:[-0.3528966261862552f,0.3025300698293032f,0.8854035961500469f,-1.6634241600952602f,0.9057920944326971f,-0.1267331428675477f,0.40432584899081336f,1.517284125300802f,0.23453070777530727f,0.9446768057637444f,-0.22930564703561612f,-0.9787298294572564f,0f,0f,0f,1f],start_interpolation:0}
execute if entity @s[tag=aj.mech_torso.bone.right_arm] run data modify entity @s {} merge value {transformation:[-0.3905486376366759f,0.5188144286610471f,0.8961447030403492f,-1.125f,1.0024348271214485f,-0.05064047796929309f,0.4661887363494121f,1.4375f,0.2595537661991372f,0.9762372197054268f,-0.4520671541349698f,0.0063262499999998546f,0f,0f,0f,1f],start_interpolation:0}