execute if entity @s[tag=aj.mech_torso.bone.sword_left] run data modify entity @s {} merge value {transformation:[-2.6761956261004727f,0.7036142480474552f,-0.7800826627898549f,0.4580532069749854f,0.44083189186290095f,2.6899795480169333f,0.9139487263338096f,-0.3456570209819015f,0.953556088521945f,0.7311374844687094f,-2.611856382890816f,-1.3512798583861263f,0f,0f,0f,1f],start_interpolation:0}
execute if entity @s[tag=aj.mech_torso.bone.blaster_left] run data modify entity @s {} merge value {transformation:[-0.9308506525566862f,0.2447353906252018f,-0.2713331001008191f,0.4580532069749854f,0.15333283195231337f,0.9356450601798029f,0.31789520915958597f,-0.3456570209819015f,0.3316716829641548f,0.25430869024998587f,-0.9084717853533273f,-1.3512798583861263f,0f,0f,0f,1f],start_interpolation:0}
execute if entity @s[tag=aj.mech_torso.bone.drill_left] run data modify entity @s {} merge value {transformation:[-0.9308506525566862f,0.2447353906252018f,-0.2713331001008191f,0.4580532069749854f,0.15333283195231337f,0.9356450601798029f,0.31789520915958597f,-0.3456570209819015f,0.3316716829641548f,0.25430869024998587f,-0.9084717853533273f,-1.3512798583861263f,0f,0f,0f,1f],start_interpolation:0}
execute if entity @s[tag=aj.mech_torso.bone.left_hand] run data modify entity @s {} merge value {transformation:[-0.9308506525566862f,0.2447353906252018f,-0.2713331001008191f,0.48714228986738184f,0.15333283195231337f,0.9356450601798029f,0.31789520915958597f,-0.3504486719804113f,0.3316716829641548f,0.25430869024998587f,-0.9084717853533273f,-1.3616445984787562f,0f,0f,0f,1f],start_interpolation:0}
execute if entity @s[tag=aj.mech_torso.bone.left_arm_low] run data modify entity @s {} merge value {transformation:[-0.9308506525566862f,0.2447353906252018f,-0.2713331001008191f,0.6943094382220366f,0.15333283195231337f,0.9356450601798029f,0.31789520915958597f,0.5999222644841384f,0.3316716829641548f,0.25430869024998587f,-0.9084717853533273f,-1.125360911428432f,0f,0f,0f,1f],start_interpolation:0}
execute if entity @s[tag=aj.mech_torso.bone.left_arm] run data modify entity @s {} merge value {transformation:[-1.0301669872223447f,0.36681124018407313f,-0.17022770352057048f,1.038099021935439f,0.1696925506801055f,0.8149869601399535f,0.7292274484545584f,1.4331815787025661f,0.3670591167849462f,0.6527003503986253f,-0.8148753499208299f,-0.45149950142011175f,0f,0f,0f,1f],start_interpolation:0}
execute if entity @s[tag=aj.mech_torso.bone.sword_right] run data modify entity @s {} merge value {transformation:[-1.4905378649781686f,-0.4602823066540933f,-2.4149662671034373f,-0.42695795417060967f,1.1274139426981846f,2.381709142629431f,-1.1497931821528244f,-0.1916614518753495f,2.1846875462811743f,-1.5431224054159052f,-1.054295294036435f,1.7485306816236026f,0f,0f,0f,1f],start_interpolation:0}
execute if entity @s[tag=aj.mech_torso.bone.right_hand] run data modify entity @s {} merge value {transformation:[-0.5184479530358848f,-0.16009819361881505f,-0.839988266818587f,-0.44816252125356904f,0.3921439800689338f,0.8284205713493673f,-0.39992806335750414f,-0.1535188096435276f,0.7598913204456258f,-0.5367382279707497f,-0.3667114066213687f,1.7555042157634424f,0f,0f,0f,1f],start_interpolation:0}
execute if entity @s[tag=aj.mech_torso.bone.right_arm_low] run data modify entity @s {} merge value {transformation:[-0.5457420515935535f,-0.5188305505560904f,-0.6580125173065657f,-0.9705015238631911f,0.2952147275637387f,0.6158698336191437f,-0.730446858208998f,0.43029909942021805f,0.7842282051494492f,-0.5928905530092317f,-0.1829396468797312f,1.132389667378299f,0f,0f,0f,1f],start_interpolation:0}
execute if entity @s[tag=aj.mech_torso.bone.right_arm] run data modify entity @s {} merge value {transformation:[-0.6749998252183614f,0.012294212019855314f,-0.8769242081502943f,-0.9389438143239754f,0.3868150727976767f,0.9973085872879168f,-0.2837633868425166f,1.4331815787025661f,0.7870967627590254f,-0.4795794122005431f,-0.6125799963936727f,0.6226520817353243f,0f,0f,0f,1f],start_interpolation:0}
execute if entity @s[tag=aj.mech_torso.bone.torso] run data modify entity @s {} merge value {transformation:[-1.1715809400055788f,0.04738915724122031f,-0.6347677894863512f,0f,0f,1.329633125102062f,0.09926495055709125f,0.20333875f,0.6365342714995177f,0.08722269306246319f,-1.1683296199272222f,-0.005674375000000009f,0f,0f,0f,1f],start_interpolation:0}