execute if entity @s[tag=aj.mech_torso.bone.sword_left] run data modify entity @s {} merge value {transformation:[-1.5754721052672485f,0.6355307084177789f,2.319399354182625f,1.4532847770977468f,-1.2168466831941118f,2.1809826301192508f,-1.4241572654442358f,-0.02087489890844029f,-2.074318392900249f,-1.7621125065602687f,-0.926168299554469f,1.171952046593589f,0f,0f,0f,1f],start_interpolation:0}
execute if entity @s[tag=aj.mech_torso.bone.blaster_left] run data modify entity @s {} merge value {transformation:[-0.5479902974842603f,0.22105415944966225f,0.8067476014548262f,1.4532847770977468f,-0.4232510202414302f,0.758602653954522f,-0.495359048850169f,-0.02087489890844029f,-0.7215020497044344f,-0.6129086979340065f,-0.3221454954972066f,1.171952046593589f,0f,0f,0f,1f],start_interpolation:0}
execute if entity @s[tag=aj.mech_torso.bone.drill_left] run data modify entity @s {} merge value {transformation:[-0.5479902974842603f,0.22105415944966225f,0.8067476014548262f,1.4532847770977468f,-0.4232510202414302f,0.758602653954522f,-0.495359048850169f,-0.02087489890844029f,-0.7215020497044344f,-0.6129086979340065f,-0.3221454954972066f,1.171952046593589f,0f,0f,0f,1f],start_interpolation:0}
execute if entity @s[tag=aj.mech_torso.bone.left_hand] run data modify entity @s {} merge value {transformation:[-0.5479902974842603f,0.22105415944966225f,0.8067476014548262f,1.47040947389413f,-0.4232510202414302f,0.758602653954522f,-0.495359048850169f,-0.0076483045258955995f,-0.7215020497044344f,-0.6129086979340065f,-0.3221454954972066f,1.1944989856468526f,0f,0f,0f,1f],start_interpolation:0}
execute if entity @s[tag=aj.mech_torso.bone.left_arm_low] run data modify entity @s {} merge value {transformation:[-0.5479902974842603f,0.22105415944966225f,0.8067476014548262f,1.6995497990928725f,-0.4232510202414302f,0.758602653954522f,-0.495359048850169f,0.7222477847695139f,-0.7215020497044344f,-0.6129086979340065f,-0.3221454954972066f,0.5489763019252949f,0f,0f,0f,1f],start_interpolation:0}
execute if entity @s[tag=aj.mech_torso.bone.left_arm] run data modify entity @s {} merge value {transformation:[-0.6064576656157623f,-0.8188605268928436f,0.43179684557287196f,0.8500197996380925f,-0.4684094351369061f,0.7166814053518472f,0.701236296002748f,1.4375572261820087f,-0.798482109645941f,0.20151223102755741f,-0.7393180099630278f,0.7312748086457451f,0f,0f,0f,1f],start_interpolation:0}
execute if entity @s[tag=aj.mech_torso.bone.sword_right] run data modify entity @s {} merge value {transformation:[-0.4443445803773417f,-1.5729133329232374f,-2.36519059295474f,-1.8256629747037316f,-1.217195679310414f,-2.0575737946493184f,1.5970127607005717f,2.0554186855410306f,-2.5664406426327773f,1.2481821688698793f,-0.34792053856870997f,-1.3493446684184331f,0f,0f,0f,1f],start_interpolation:0}
execute if entity @s[tag=aj.mech_torso.bone.right_hand] run data modify entity @s {} merge value {transformation:[-0.1545546366529884f,-0.5471002897124304f,-0.8226749888538226f,-1.847589691152651f,-0.42337241019492655f,-0.7156778416171543f,0.5554826993741119f,2.019823365171903f,-0.89267500613314f,0.4341503196069145f,-0.12101583950216f,-1.3636735648723777f,0f,0f,0f,1f],start_interpolation:0}
execute if entity @s[tag=aj.mech_torso.bone.right_arm_low] run data modify entity @s {} merge value {transformation:[0.19172879886401856f,-0.05127803496529962f,-0.9801074588106439f,-1.935487609170284f,-0.48104458980377657f,-0.8753643948511967f,-0.048304025166796855f,1.157982112965612f,-0.8554742370794559f,0.4807366632127155f,-0.1924995852889746f,-0.8622189437912096f,0f,0f,0f,1f],start_interpolation:0}
execute if entity @s[tag=aj.mech_torso.bone.right_arm] run data modify entity @s {} merge value {transformation:[0.21218514328481597f,1.0715621497477548f,0.17749366955246626f,-0.8521922699081661f,-0.532369241442399f,0.2602378739081635f,-0.9346824157347946f,1.4375572261820087f,-0.946748347909451f,0.09382316742551806f,0.565364269758f,-0.7401102770102984f,0f,0f,0f,1f],start_interpolation:0}
execute if entity @s[tag=aj.mech_torso.bone.torso] run data modify entity @s {} merge value {transformation:[-1.0087182634348197f,0.007304594181001042f,0.8719013050194785f,0f,-5.782411586589357e-19f,1.3332865443713073f,-0.011169976553027483f,0.20333875f,-0.8719319026109887f,-0.008450519513383156f,-1.008682865774428f,-0.005674375000000009f,0f,0f,0f,1f],start_interpolation:0}