execute if entity @s[tag=aj.mech_torso.bone.sword_left] run data modify entity @s {} merge value {transformation:[-2.2564822047882775f,0.36168126911592335f,1.7444482563391013f,1.457307670699151f,-1.0440761517407675f,2.0125594513349614f,-1.7678049791219927f,-0.18344123157842485f,-1.4435435735855102f,-2.0209938432397605f,-1.4482371479654013f,1.0248787121463616f,0f,0f,0f,1f],start_interpolation:0}
execute if entity @s[tag=aj.mech_torso.bone.blaster_left] run data modify entity @s {} merge value {transformation:[-0.7848633755785313f,0.1258021805620603f,0.606764610900557f,1.457307670699151f,-0.3631569223446148f,0.7000206787252039f,-0.6148886883902583f,-0.18344123157842485f,-0.5021021125514818f,-0.7029543802573079f,-0.5037346601618787f,1.0248787121463616f,0f,0f,0f,1f],start_interpolation:0}
execute if entity @s[tag=aj.mech_torso.bone.drill_left] run data modify entity @s {} merge value {transformation:[-0.7848633755785313f,0.1258021805620603f,0.606764610900557f,1.457307670699151f,-0.3631569223446148f,0.7000206787252039f,-0.6148886883902583f,-0.18344123157842485f,-0.5021021125514818f,-0.7029543802573079f,-0.5037346601618787f,1.0248787121463616f,0f,0f,0f,1f],start_interpolation:0}
execute if entity @s[tag=aj.mech_torso.bone.left_hand] run data modify entity @s {} merge value {transformation:[-0.7848633755785313f,0.1258021805620603f,0.606764610900557f,1.4818346511859801f,-0.3631569223446148f,0.7000206787252039f,-0.6148886883902583f,-0.17209257775515563f,-0.5021021125514818f,-0.7029543802573079f,-0.5037346601618787f,1.0405694031635955f,0f,0f,0f,1f],start_interpolation:0}
execute if entity @s[tag=aj.mech_torso.bone.left_arm_low] run data modify entity @s {} merge value {transformation:[-0.7848633755785313f,0.1258021805620603f,0.606764610900557f,1.6020712453518537f,-0.3631569223446148f,0.7000206787252039f,-0.6148886883902583f,0.49736417563458346f,-0.5021021125514818f,-0.7029543802573079f,-0.5037346601618787f,0.30618262375899497f,0f,0f,0f,1f],start_interpolation:0}
execute if entity @s[tag=aj.mech_torso.bone.left_arm] run data modify entity @s {} merge value {transformation:[-0.8686037193830697f,-0.5574749261299721f,0.39940113162622326f,1.0108481434015804f,-0.40190364754340485f,0.9360580144845387f,0.4324821732101768f,1.4375568762461266f,-0.5556734790317351f,0.19439413260094268f,-0.937128531443325f,0.48810153958983843f,0f,0f,0f,1f],start_interpolation:0}
execute if entity @s[tag=aj.mech_torso.bone.sword_right] run data modify entity @s {} merge value {transformation:[-1.7941185092667822f,1.3042972175486736f,-1.829090632801209f,-2.4099876033261167f,-1.1348169692176f,-2.54638402154347f,-0.7026690979428936f,1.6519074109922698f,-1.938802264564935f,0.28348224481065426f,2.1038794156973424f,0.20884024014464564f,0f,0f,0f,1f],start_interpolation:0}
execute if entity @s[tag=aj.mech_torso.bone.right_hand] run data modify entity @s {} merge value {transformation:[-0.6240412206145329f,0.4536685974082343f,-0.6362054374960727f,-2.4153117478013137f,-0.3947189458148174f,-0.8856987901020765f,-0.2444066427627456f,1.611894356744867f,-0.6743660050660644f,0.09860251993414061f,0.7317841445903799f,0.190847631234273f,0f,0f,0f,1f],start_interpolation:0}
execute if entity @s[tag=aj.mech_torso.bone.right_arm_low] run data modify entity @s {} merge value {transformation:[-0.48172222878522364f,0.6746349121686289f,-0.5592954760923987f,-1.743100999611034f,-0.34667704513575875f,-0.7328737202591571f,-0.5854153538552276f,0.8715600643382265f,-0.8048345921182412f,-0.08811268601472041f,0.586921999837402f,0.14622733871816646f,0f,0f,0f,1f],start_interpolation:0}
execute if entity @s[tag=aj.mech_torso.bone.right_arm] run data modify entity @s {} merge value {transformation:[-0.5331191805502724f,0.7038909346982212f,0.6671532581896746f,-1.0125131820543667f,-0.38366546356898096f,0.546129621647887f,-0.8827883251137627f,1.4375568762461266f,-0.8907057482288036f,-0.6565454797212665f,-0.019059949206824484f,-0.4960269818183937f,0f,0f,0f,1f],start_interpolation:0}
execute if entity @s[tag=aj.mech_torso.bone.torso] run data modify entity @s {} merge value {transformation:[-1.199028933603524f,0.004771136487026356f,0.5831677549522054f,0f,-2.8912057932946783e-19f,1.333288711889868f,-0.010908186138582836f,0.20333875f,-0.583187271945619f,-0.009809423094970293f,-1.1989888068021937f,-0.005674375000000009f,0f,0f,0f,1f],start_interpolation:0}