execute if entity @s[tag=aj.mech_torso.bone.sword_left] run data modify entity @s {} merge value {transformation:[-2.632959395364154f,-0.020605051437519638f,1.1544372023713068f,1.4946140421562446f,-0.8419246520635164f,2.0013793966802784f,-1.8844809340482627f,-0.278939723805101f,-0.7901346104375877f,-2.0638994506513497f,-1.8389212476312564f,0.8651428659830437f,0f,0f,0f,1f],start_interpolation:0}
execute if entity @s[tag=aj.mech_torso.bone.blaster_left] run data modify entity @s {} merge value {transformation:[-0.9158119636049231f,-0.007166974413050309f,0.4015433747378458f,1.4946140421562446f,-0.29284335723948396f,0.6961319640627055f,-0.6554716292341783f,-0.278939723805101f,-0.2748294297174218f,-0.7178780697917738f,-0.6396247817847849f,0.8651428659830437f,0f,0f,0f,1f],start_interpolation:0}
execute if entity @s[tag=aj.mech_torso.bone.drill_left] run data modify entity @s {} merge value {transformation:[-0.9158119636049231f,-0.007166974413050309f,0.4015433747378458f,1.4946140421562446f,-0.29284335723948396f,0.6961319640627055f,-0.6554716292341783f,-0.278939723805101f,-0.2748294297174218f,-0.7178780697917738f,-0.6396247817847849f,0.8651428659830437f,0f,0f,0f,1f],start_interpolation:0}
execute if entity @s[tag=aj.mech_torso.bone.left_hand] run data modify entity @s {} merge value {transformation:[-0.9158119636049231f,-0.007166974413050309f,0.4015433747378458f,1.5232331660188985f,-0.29284335723948396f,0.6961319640627055f,-0.6554716292341783f,-0.26978836889136715f,-0.2748294297174218f,-0.7178780697917738f,-0.6396247817847849f,0.8737312856617131f,0f,0f,0f,1f],start_interpolation:0}
execute if entity @s[tag=aj.mech_torso.bone.left_arm_low] run data modify entity @s {} merge value {transformation:[-0.9158119636049231f,-0.007166974413050309f,0.4015433747378458f,1.499995298203752f,-0.29284335723948396f,0.6961319640627055f,-0.6554716292341783f,0.3967087518440364f,-0.2748294297174218f,-0.7178780697917738f,-0.6396247817847849f,0.12727652176049534f,0f,0f,0f,1f],start_interpolation:0}
execute if entity @s[tag=aj.mech_torso.bone.left_arm] run data modify entity @s {} merge value {transformation:[-1.0135237578851142f,-0.37211242928362637f,0.2430512511983905f,1.093108631642313f,-0.3240880352040197f,1.0328964490952153f,0.2299213983476127f,1.4375389909709178f,-0.30415212669659736f,0.13938882291332294f,-1.0549095783083984f,0.26038255616014017f,0f,0f,0f,1f],start_interpolation:0}
execute if entity @s[tag=aj.mech_torso.bone.sword_right] run data modify entity @s {} merge value {transformation:[-2.597363668780694f,1.2307976318846408f,-0.06681438052734431f,-1.8807528916493486f,-0.4036163632176095f,-0.9965021682261586f,-2.666402494010152f,0.7730087658592413f,-1.164654800119367f,-2.3995302911336056f,1.0730603797043254f,1.1886712013646499f,0f,0f,0f,1f],start_interpolation:0}
execute if entity @s[tag=aj.mech_torso.bone.right_hand] run data modify entity @s {} merge value {transformation:[-0.903430841315024f,0.4281035241337881f,-0.023239784531250196f,-1.895606870311262f,-0.1403883002496033f,-0.3466094498177943f,-0.9274443457426615f,0.7577900861696351f,-0.4050973217806494f,-0.8346192316986454f,0.37323839294063493f,1.1499300590684218f,0f,0f,0f,1f],start_interpolation:0}
execute if entity @s[tag=aj.mech_torso.bone.right_arm_low] run data modify entity @s {} merge value {transformation:[-0.8685812085802156f,0.4944240951857994f,-0.03333913917658393f,-1.375081460456599f,-0.08277131276963293f,-0.21108296912099495f,-0.9739573347582824f,0.5188575538614948f,-0.48858529847276777f,-0.8432015146136591f,0.2242668318532806f,0.32900517352745173f,0f,0f,0f,1f],start_interpolation:0}
execute if entity @s[tag=aj.mech_torso.bone.right_arm] run data modify entity @s {} merge value {transformation:[-0.961253756812008f,0.24754845355003516f,0.4893699589204625f,-1.096295144022446f,-0.09160252900949495f,0.9011882741710239f,-0.6357992212245499f,1.4375389909709178f,-0.5407144997389044f,-0.5927490499154474f,-0.7622652898633576f,-0.25828025058900106f,0f,0f,0f,1f],start_interpolation:0}
execute if entity @s[tag=aj.mech_torso.bone.torso] run data modify entity @s {} merge value {transformation:[-1.2974244596531905f,0.0012673287247763551f,0.3073531245152837f,0f,0f,1.3333219987255882f,-0.005497771564958122f,0.20333875f,-0.3073557373328244f,-0.005349707476471852f,-1.2974134303051936f,-0.005674375000000009f,0f,0f,0f,1f],start_interpolation:0}