execute if entity @s[tag=aj.mech_torso.bone.sword_left] run data modify entity @s {} merge value {transformation:[-2.105485297925956f,1.8636818687887713f,0.5993717979398456f,-0.4994758672261769f,1.3303577758469878f,0.7163343536525848f,2.44594322951711f,0.8425618624618689f,1.436211978943604f,2.0686178926339034f,-1.386989605517564f,-2.27309036249613f,0f,0f,0f,1f],start_interpolation:0}
execute if entity @s[tag=aj.mech_torso.bone.blaster_left] run data modify entity @s {} merge value {transformation:[-0.7323427123220717f,0.6482371717526161f,0.2084771471095115f,-0.4994758672261769f,0.46273313942503924f,0.24915977518350774f,0.850762862440734f,0.8425618624618689f,0.4995519926760362f,0.7195192670030968f,-0.482431167136544f,-2.27309036249613f,0f,0f,0f,1f],start_interpolation:0}
execute if entity @s[tag=aj.mech_torso.bone.drill_left] run data modify entity @s {} merge value {transformation:[-0.7323427123220717f,0.6482371717526161f,0.2084771471095115f,-0.4994758672261769f,0.46273313942503924f,0.24915977518350774f,0.850762862440734f,0.8425618624618689f,0.4995519926760362f,0.7195192670030968f,-0.482431167136544f,-2.27309036249613f,0f,0f,0f,1f],start_interpolation:0}
execute if entity @s[tag=aj.mech_torso.bone.left_hand] run data modify entity @s {} merge value {transformation:[-0.7323427123220717f,0.6482371717526161f,0.2084771471095115f,-0.4765901574661121f,0.46273313942503924f,0.24915977518350774f,0.850762862440734f,0.8281014518548364f,0.4995519926760362f,0.7195192670030968f,-0.482431167136544f,-2.288701362267256f,0f,0f,0f,1f],start_interpolation:0}
execute if entity @s[tag=aj.mech_torso.bone.left_arm_low] run data modify entity @s {} merge value {transformation:[-0.7323427123220717f,0.6482371717526161f,0.2084771471095115f,0.15527621537361147f,0.46273313942503924f,0.24915977518350774f,0.850762862440734f,1.1183079770966495f,0.4995519926760362f,0.7195192670030968f,-0.482431167136544f,-1.56864706946605f,0f,0f,0f,1f],start_interpolation:0}
execute if entity @s[tag=aj.mech_torso.bone.left_arm] run data modify entity @s {} merge value {transformation:[-0.8104794077276816f,0.7198743345619233f,0.22288124780349453f,0.8641722848755051f,0.5121040661250443f,0.2859976066514319f,0.9384704433182098f,1.423496682090518f,0.5528512762412787f,0.790416529408836f,-0.5425579737960804f,-0.7495452568145748f,0f,0f,0f,1f],start_interpolation:0}
execute if entity @s[tag=aj.mech_torso.bone.sword_right] run data modify entity @s {} merge value {transformation:[-0.36497592719122535f,-0.3363373622957265f,-2.831835932976142f,0.7445550439732787f,0.8637931967767354f,2.707777100779974f,-0.4329312713281746f,-0.10719000831472655f,2.7177709406374064f,-0.9057843845063539f,-0.24269479395181134f,1.5794382672535536f,0f,0f,0f,1f],start_interpolation:0}
execute if entity @s[tag=aj.mech_torso.bone.right_hand] run data modify entity @s {} merge value {transformation:[-0.1269481485882523f,-0.11698690862460054f,-0.9849864114699625f,0.736932073435377f,0.30044980757451667f,0.9418355133147734f,-0.15058479002719116f,-0.06836859203693624f,0.9453116315260545f,-0.3150554380891666f,-0.08441558050497786f,1.5991337732984563f,0f,0f,0f,1f],start_interpolation:0}
execute if entity @s[tag=aj.mech_torso.bone.right_arm_low] run data modify entity @s {} merge value {transformation:[-0.0952074992777458f,-0.7629129480026082f,-0.639452395297138f,-0.04298852756783722f,0.19594191738141384f,0.6154408934482407f,-0.7634391080397482f,0.5170916443668931f,0.9759827340143745f,-0.19798065673595622f,0.09089203740826934f,1.3734940322935594f,0f,0f,0f,1f],start_interpolation:0}
execute if entity @s[tag=aj.mech_torso.bone.right_arm] run data modify entity @s {} merge value {transformation:[-0.272352131742843f,-0.5349902593436023f,-0.929721311617961f,-0.5791375880004519f,0.25684745052834884f,0.8987908006355791f,-0.5924326648522767f,1.423496682090518f,1.0414536389231372f,-0.36156949212336437f,-0.09702473330772846f,0.9765360306278181f,0f,0f,0f,1f],start_interpolation:0}
execute if entity @s[tag=aj.mech_torso.bone.torso] run data modify entity @s {} merge value {transformation:[-0.8552947394820485f,0.14412265471113594f,-1.012658553902117f,0f,0f,1.3200315436220766f,0.18786830925011025f,0.20333875f,1.0228629851510476f,0.12051208246275448f,-0.8467620264077478f,-0.005674375000000009f,0f,0f,0f,1f],start_interpolation:0}