execute if entity @s[tag=aj.mech_torso.bone.sword_left] run data modify entity @s {} merge value {transformation:[-2.8068510204698085f,-0.44000701635746403f,0.4400070163574646f,1.5472670496754877f,-0.6222638900720463f,1.9847433903545824f,-1.9847433903545828f,-0.3228414994329686f,-3.4374011179018327e-16f,-2.032931995911324f,-2.032931995911324f,0.7355301180986273f,0f,0f,0f,1f],start_interpolation:0}
execute if entity @s[tag=aj.mech_torso.bone.blaster_left] run data modify entity @s {} merge value {transformation:[-0.9762960071199334f,-0.15304591873303097f,0.15304591873303117f,1.5472670496754877f,-0.21643961393810307f,0.6903455270798547f,-0.6903455270798549f,-0.3228414994329686f,-1.195617780139768e-16f,-0.7071067811865476f,-0.7071067811865475f,0.7355301180986273f,0f,0f,0f,1f],start_interpolation:0}
execute if entity @s[tag=aj.mech_torso.bone.drill_left] run data modify entity @s {} merge value {transformation:[-0.9762960071199334f,-0.15304591873303097f,0.15304591873303117f,1.5472670496754877f,-0.21643961393810307f,0.6903455270798547f,-0.6903455270798549f,-0.3228414994329686f,-1.195617780139768e-16f,-0.7071067811865476f,-0.7071067811865475f,0.7355301180986273f,0f,0f,0f,1f],start_interpolation:0}
execute if entity @s[tag=aj.mech_torso.bone.left_hand] run data modify entity @s {} merge value {transformation:[-0.9762960071199334f,-0.15304591873303097f,0.15304591873303117f,1.5777762998979856f,-0.21643961393810307f,0.6903455270798547f,-0.6903455270798549f,-0.31607776149740285f,-1.195617780139768e-16f,-0.7071067811865476f,-0.7071067811865475f,0.7355301180986273f,0f,0f,0f,1f],start_interpolation:0}
execute if entity @s[tag=aj.mech_torso.bone.left_arm_low] run data modify entity @s {} merge value {transformation:[-0.9762960071199334f,-0.15304591873303097f,0.15304591873303117f,1.399003815902864f,-0.21643961393810307f,0.6903455270798547f,-0.6903455270798549f,0.34593072992564067f,-1.195617780139768e-16f,-0.7071067811865476f,-0.7071067811865475f,0.0063262500000001625f,0f,0f,0f,1f],start_interpolation:0}
execute if entity @s[tag=aj.mech_torso.bone.left_arm] run data modify entity @s {} merge value {transformation:[-1.0804610960195888f,-0.23953245818088406f,1.355309468843381e-16f,1.125f,-0.23953245818088406f,1.0804610960195888f,0f,1.4375f,-1.3231832228436305e-16f,-2.933426582031169e-17f,-1.1066941666666668f,0.006326250000000129f,0f,0f,0f,1f],start_interpolation:0}
execute if entity @s[tag=aj.mech_torso.bone.sword_right] run data modify entity @s {} merge value {transformation:[-2.7804846224731152f,0.30654835472384484f,-0.6637457121568797f,-1.609821013267917f,0.6877325964557984f,1.9823657539295456f,-1.9654197753710303f,-0.2597751344370696f,0.24810106804023566f,-2.0595822692632235f,-1.9905254924702283f,0.8121478189784539f,0f,0f,0f,1f],start_interpolation:0}
execute if entity @s[tag=aj.mech_torso.bone.right_hand] run data modify entity @s {} merge value {transformation:[-0.9671250860776053f,0.10662551468655473f,-0.23086807379369728f,-1.6367116248738873f,0.23921133789766902f,0.6895185231059289f,-0.6836242696942714f,-0.2307523262807072f,0.08629602366616893f,-0.7163764414828603f,-0.6923566930331229f,0.7924578059216822f,0f,0f,0f,1f],start_interpolation:0}
execute if entity @s[tag=aj.mech_torso.bone.right_arm_low] run data modify entity @s {} merge value {transformation:[-0.9659258262890683f,0.16636567534280194f,-0.19826689127414604f,-1.446356607811869f,0.2588190451025207f,0.6208851530148456f,-0.739942111693848f,0.35892154058425185f,-1.1829179713786698e-16f,-0.766044443118978f,-0.6427876096865393f,0.0063262499999998155f,0f,0f,0f,1f],start_interpolation:0}
execute if entity @s[tag=aj.mech_torso.bone.right_arm] run data modify entity @s {} merge value {transformation:[-1.068984477386792f,0.2864335274371966f,1.355309468843381e-16f,-1.125f,0.2864335274371966f,1.068984477386792f,0f,1.4375f,-1.309128418569941e-16f,3.507799025444483e-17f,-1.1066941666666668f,0.0063262499999998546f,0f,0f,0f,1f],start_interpolation:0}
execute if entity @s[tag=aj.mech_torso.bone.torso] run data modify entity @s {} merge value {transformation:[-1.3333333333333333f,0f,1.6328623988631375e-16f,0f,0f,1.3333333333333333f,0f,0.20333875f,-1.6328623988631375e-16f,0f,-1.3333333333333333f,-0.005674375000000009f,0f,0f,0f,1f],start_interpolation:0}