execute if entity @s[tag=aj.mech_torso.bone.sword_left] run data modify entity @s {} merge value {transformation:[-2.719833950625043f,-0.2772994043933963f,0.889512968624088f,1.5170849604319923f,0.3083784248572177f,2.322117855310431f,1.6668222500107994f,0.1912779294082396f,-0.8792218310016824f,1.6722735142229426f,-2.1670475918905185f,-1.4233733501121089f,0f,0f,0f,1f],start_interpolation:0}
execute if entity @s[tag=aj.mech_torso.bone.blaster_left] run data modify entity @s {} merge value {transformation:[-0.9460292002174063f,-0.09645196674552915f,0.3093958151735958f,1.5170849604319923f,0.10726206081990182f,0.8076931670644977f,0.5797642608733216f,0.1912779294082396f,-0.30581628904406344f,0.5816603527731974f,-0.7537556841358326f,-1.4233733501121089f,0f,0f,0f,1f],start_interpolation:0}
execute if entity @s[tag=aj.mech_torso.bone.drill_left] run data modify entity @s {} merge value {transformation:[-0.9460292002174063f,-0.09645196674552915f,0.3093958151735958f,1.5170849604319923f,0.10726206081990182f,0.8076931670644977f,0.5797642608733216f,0.1912779294082396f,-0.30581628904406344f,0.5816603527731974f,-0.7537556841358326f,-1.4233733501121089f,0f,0f,0f,1f],start_interpolation:0}
execute if entity @s[tag=aj.mech_torso.bone.left_hand] run data modify entity @s {} merge value {transformation:[-0.9460292002174063f,-0.09645196674552915f,0.3093958151735958f,1.546648372938786f,0.10726206081990182f,0.8076931670644977f,0.5797642608733216f,0.18792599000761767f,-0.30581628904406344f,0.5816603527731974f,-0.7537556841358326f,-1.413816591079482f,0f,0f,0f,1f],start_interpolation:0}
execute if entity @s[tag=aj.mech_torso.bone.left_arm_low] run data modify entity @s {} merge value {transformation:[-0.9460292002174063f,-0.09645196674552915f,0.3093958151735958f,1.4303016129106378f,0.10726206081990182f,0.8076931670644977f,0.5797642608733216f,1.0170887296250286f,-0.30581628904406344f,0.5816603527731974f,-0.7537556841358326f,-0.8652678624681565f,0f,0f,0f,1f],start_interpolation:0}
execute if entity @s[tag=aj.mech_torso.bone.left_arm] run data modify entity @s {} merge value {transformation:[-1.0469649973769357f,-0.27476483922291145f,0.23052235450894676f,1.121428474703556f,0.11870629701403057f,0.4057581003870791f,1.0227615350381112f,1.4329104160293444f,-0.3384451031567123f,0.9922885798149168f,-0.3543871682950241f,0.1338774083058084f,0f,0f,0f,1f],start_interpolation:0}
execute if entity @s[tag=aj.mech_torso.bone.sword_right] run data modify entity @s {} merge value {transformation:[-0.2963525932738534f,0.54960849561709f,2.806373218587539f,-2.4469326743497604f,-2.660715366039027f,0.981018930776111f,-0.47309681713440427f,1.0113325090767709f,-1.0480428814622371f,-2.6459700223177918f,0.40752148362008367f,1.3739851997148294f,0f,0f,0f,1f],start_interpolation:0}
execute if entity @s[tag=aj.mech_torso.bone.right_hand] run data modify entity @s {} merge value {transformation:[-0.10307916287786205f,0.19116817238855305f,0.976129815160883f,-2.444179892802551f,-0.9254662142744441f,0.34122397592212556f,-0.16455541465544496f,0.993074939128261f,-0.3645366544216477f,-0.920337399067058f,0.14174660299828998f,1.3338328855433073f,0f,0f,0f,1f],start_interpolation:0}
execute if entity @s[tag=aj.mech_torso.bone.right_arm_low] run data modify entity @s {} merge value {transformation:[-0.5406102688766699f,0.8343962943143707f,0.10734691993504475f,-1.5895349363378146f,-0.4828818339349511f,-0.2032806530823954f,-0.851764116723646f,0.7782667147087189f,-0.6888872706333836f,-0.5123083057269723f,0.5128104213473496f,0.859077632690733f,0f,0f,0f,1f],start_interpolation:0}
execute if entity @s[tag=aj.mech_torso.bone.right_arm] run data modify entity @s {} merge value {transformation:[-0.609096247135205f,0.43747197978626545f,0.8138746876280908f,-1.1276275274262677f,-0.5337122918906582f,0.6291660945555814f,-0.7376131733371671f,1.4329104160293444f,-0.7542711248249251f,-0.798461189349608f,-0.13530254207434297f,0.06870763552873779f,0f,0f,0f,1f],start_interpolation:0}
execute if entity @s[tag=aj.mech_torso.bone.torso] run data modify entity @s {} merge value {transformation:[-1.3327739271880437f,-0.002974185593009368f,0.038504428389414744f,0f,-2.8912057932946783e-19f,1.3293734224383382f,0.10268437803462113f,0.20333875f,-0.03861912460863442f,0.10264129633054776f,-1.3288156776919156f,-0.005674375000000009f,0f,0f,0f,1f],start_interpolation:0}