execute if entity @s[tag=aj.mech_torso.bone.sword_left] run data modify entity @s {} merge value {transformation:[-2.809142078049836f,0.008148663136235617f,-0.6117837727652958f,0.9996880159155647f,0.04675192266879895f,2.8691989627401013f,-0.1764555749697272f,-0.5605060980363257f,0.6100492136349475f,-0.18236203415244787f,-2.803606435547465f,-0.703670050233932f,0f,0f,0f,1f],start_interpolation:0}
execute if entity @s[tag=aj.mech_torso.bone.blaster_left] run data modify entity @s {} merge value {transformation:[-0.9770928967129865f,0.002834317612603693f,-0.21279435574445074f,0.9996880159155647f,0.01626153831958224f,0.9979822479096004f,-0.06137585216338337f,-0.5605060980363257f,0.21219103082954693f,-0.06343027274867752f,-0.9751674558425966f,-0.703670050233932f,0f,0f,0f,1f],start_interpolation:0}
execute if entity @s[tag=aj.mech_torso.bone.drill_left] run data modify entity @s {} merge value {transformation:[-0.9770928967129865f,0.002834317612603693f,-0.21279435574445074f,0.9996880159155647f,0.01626153831958224f,0.9979822479096004f,-0.06137585216338337f,-0.5605060980363257f,0.21219103082954693f,-0.06343027274867752f,-0.9751674558425966f,-0.703670050233932f,0f,0f,0f,1f],start_interpolation:0}
execute if entity @s[tag=aj.mech_torso.bone.left_hand] run data modify entity @s {} merge value {transformation:[-0.9770928967129865f,0.002834317612603693f,-0.21279435574445074f,1.0302221689378455f,0.01626153831958224f,0.9979822479096004f,-0.06137585216338337f,-0.5610142711088126f,0.21219103082954693f,-0.06343027274867752f,-0.9751674558425966f,-0.7103010199473554f,0f,0f,0f,1f],start_interpolation:0}
execute if entity @s[tag=aj.mech_torso.bone.left_arm_low] run data modify entity @s {} merge value {transformation:[-0.9770928967129865f,0.002834317612603693f,-0.21279435574445074f,0.9958725099111543f,0.01626153831958224f,0.9979822479096004f,-0.06137585216338337f,0.43555815449316904f,0.21219103082954693f,-0.06343027274867752f,-0.9751674558425966f,-0.7975743059776907f,0f,0f,0f,1f],start_interpolation:0}
execute if entity @s[tag=aj.mech_torso.bone.left_arm] run data modify entity @s {} merge value {transformation:[-1.0813430090836982f,0.12338069617425097f,-0.20061525129311142f,1.0907598937296288f,0.01799654959930814f,0.9832121202536094f,0.5076830008213291f,1.435541764051325f,0.23483057603804644f,0.49279114128805834f,-0.9626959385806508f,-0.2900009344272055f,0f,0f,0f,1f],start_interpolation:0}
execute if entity @s[tag=aj.mech_torso.bone.sword_right] run data modify entity @s {} merge value {transformation:[-2.152737511106421f,-0.281908514170307f,-1.8846415568785544f,-0.9671099916902786f,0.9963346946215668f,2.2572587886865523f,-1.4757116714286265f,-0.21028197890081302f,1.6243963138866948f,-1.7581056141584928f,-1.5924905854967268f,1.5638242417741972f,0f,0f,0f,1f],start_interpolation:0}
execute if entity @s[tag=aj.mech_torso.bone.right_hand] run data modify entity @s {} merge value {transformation:[-0.7487782647326681f,-0.09805513536358504f,-0.6555274980447146f,-0.9935735354432864f,0.3465511981292406f,0.7851334917170616f,-0.5132910161490875f,-0.17491683234311606f,0.5650074135258069f,-0.6115149962290409f,-0.5539097688684267f,1.5623708798147211f,0f,0f,0f,1f],start_interpolation:0}
execute if entity @s[tag=aj.mech_torso.bone.right_arm_low] run data modify entity @s {} merge value {transformation:[-0.7854739731418376f,-0.28943518150673325f,-0.5470447086143324f,-1.2755578024335352f,0.289867464061292f,0.6089150099435395f,-0.7383761669664961f,0.4018655641308051f,0.5468157740916507f,-0.7385457239545995f,-0.394389050092577f,0.7944125051043645f,0f,0f,0f,1f],start_interpolation:0}
execute if entity @s[tag=aj.mech_torso.bone.right_arm] run data modify entity @s {} merge value {transformation:[-0.8921893998969831f,0.20033919971311956f,-0.6234053723732222f,-1.0467118158437079f,0.36487669722328575f,1.026991837744386f,-0.19215811084589524f,1.435541764051325f,0.5437233203283778f,-0.3604496480768756f,-0.8939871255596294f,0.4126474063334031f,0f,0f,0f,1f],start_interpolation:0}
execute if entity @s[tag=aj.mech_torso.bone.torso] run data modify entity @s {} merge value {transformation:[-1.2666499019693847f,0.019749557450454615f,-0.4159155666709731f,0f,-1.1564823173178713e-18f,1.3318326831835767f,0.06324145619616905f,0.20333875f,0.4163842019322124f,0.06007858821845902f,-1.2652243031955752f,-0.005674375000000009f,0f,0f,0f,1f],start_interpolation:0}