execute if entity @s[tag=aj.mech_torso.bone.sword_left] run data modify entity @s {} merge value {transformation:[-2.4686744601608037f,1.374718357249543f,-0.5304911384659361f,-0.05094289578568431f,0.8182343974248217f,2.1397143774638208f,1.7371643139742f,0.04185304271809798f,1.2254647610684712f,1.3406702879961694f,-2.228556550384949f,-1.7941450634865606f,0f,0f,0f,1f],start_interpolation:0}
execute if entity @s[tag=aj.mech_torso.bone.blaster_left] run data modify entity @s {} merge value {transformation:[-0.858669377447236f,0.4781629068694062f,-0.1845186568577169f,-0.05094289578568431f,0.2846032686695032f,0.7442484791178507f,0.6042310657301565f,0.04185304271809798f,0.42624861254555524f,0.4663201001725807f,-0.7751501044817214f,-1.7941450634865606f,0f,0f,0f,1f],start_interpolation:0}
execute if entity @s[tag=aj.mech_torso.bone.drill_left] run data modify entity @s {} merge value {transformation:[-0.858669377447236f,0.4781629068694062f,-0.1845186568577169f,-0.05094289578568431f,0.2846032686695032f,0.7442484791178507f,0.6042310657301565f,0.04185304271809798f,0.42624861254555524f,0.4663201001725807f,-0.7751501044817214f,-1.7941450634865606f,0f,0f,0f,1f],start_interpolation:0}
execute if entity @s[tag=aj.mech_torso.bone.left_hand] run data modify entity @s {} merge value {transformation:[-0.858669377447236f,0.4781629068694062f,-0.1845186568577169f,-0.024109477740458185f,0.2846032686695032f,0.7442484791178507f,0.6042310657301565f,0.032959190572176f,0.42624861254555524f,0.4663201001725807f,-0.7751501044817214f,-1.8074653326286092f,0f,0f,0f,1f],start_interpolation:0}
execute if entity @s[tag=aj.mech_torso.bone.left_arm_low] run data modify entity @s {} merge value {transformation:[-0.858669377447236f,0.4781629068694062f,-0.1845186568577169f,0.42145380305691826f,0.2846032686695032f,0.7442484791178507f,0.6042310657301565f,0.8049837426400162f,0.42624861254555524f,0.4663201001725807f,-0.7751501044817214f,-1.3520484040790337f,0f,0f,0f,1f],start_interpolation:0}
execute if entity @s[tag=aj.mech_torso.bone.left_arm] run data modify entity @s {} merge value {transformation:[-0.9502843911161544f,0.5650390776908701f,-0.04962252731651855f,0.9690057767020152f,0.3149687772508053f,0.606181146076591f,0.8706957367717102f,1.4300855860055823f,0.4717268530539262f,0.7335170327658039f,-0.6813211557586614f,-0.5930779935370084f,0f,0f,0f,1f],start_interpolation:0}
execute if entity @s[tag=aj.mech_torso.bone.sword_right] run data modify entity @s {} merge value {transformation:[-0.7898380128623658f,-0.5395684680192065f,-2.7112076242436762f,0.10580010628521436f,1.1955594877619f,2.475681452541446f,-0.8409898077650981f,-0.17488860335856493f,2.492472351834646f,-1.3584889450642137f,-0.45575691051062145f,1.7320607282362908f,0f,0f,0f,1f],start_interpolation:0}
execute if entity @s[tag=aj.mech_torso.bone.right_hand] run data modify entity @s {} merge value {transformation:[-0.2747262653434316f,-0.18767598887624576f,-0.9430287388673657f,0.09135003584084944f,0.4158467783519652f,0.861106592188329f,-0.29251819400525153f,-0.13498381052918074f,0.8669469049859639f,-0.4725178939353787f,-0.1585241427863031f,1.7443866348316215f,0f,0f,0f,1f],start_interpolation:0}
execute if entity @s[tag=aj.mech_torso.bone.right_arm_low] run data modify entity @s {} merge value {transformation:[-0.27325776460001927f,-0.6748656169041787f,-0.6854827446452194f,-0.5963976116897418f,0.286072216170934f,0.6233503866818779f,-0.7277341427737216f,0.4566851274356767f,0.9184186851435738f,-0.39495657298505077f,0.02272496941809521f,1.3214396332301495f,0f,0f,0f,1f],start_interpolation:0}
execute if entity @s[tag=aj.mech_torso.bone.right_arm] run data modify entity @s {} merge value {transformation:[-0.4307975838990445f,-0.21389157425171856f,-0.9967125035359472f,-0.8016626283298448f,0.3841397684440556f,0.9682319796389776f,-0.373812052291204f,1.4300855860055823f,0.9442574111652611f,-0.491476557531014f,-0.30265609756119377f,0.7951703269813092f,0f,0f,0f,1f],start_interpolation:0}
execute if entity @s[tag=aj.mech_torso.bone.torso] run data modify entity @s {} merge value {transformation:[-1.0492849807596207f,0.08243597647269961f,-0.8185249640133481f,0f,4.625929269271485e-18f,1.326622292143254f,0.13360790308345039f,0.20333875f,0.8226656714182622f,0.10514457451218863f,-1.0440036347151136f,-0.005674375000000009f,0f,0f,0f,1f],start_interpolation:0}