execute if entity @s[tag=aj.mech_torso.bone.sword_left] run data modify entity @s {} merge value {transformation:[-2.026040077769409f,-0.5050247343685784f,1.9762936575691559f,1.9177612616972368f,-0.5802732628971101f,2.813100768652987f,0.12398389319066766f,-0.0325310563124061f,-1.9555228312752744f,-0.3115109678324669f,-2.08435034801763f,0.06620008098680259f,0f,0f,0f,1f],start_interpolation:0}
execute if entity @s[tag=aj.mech_torso.bone.blaster_left] run data modify entity @s {} merge value {transformation:[-0.7047095922676206f,-0.17566077717167944f,0.6874064895892716f,1.9177612616972368f,-0.2018341783989948f,0.978469832574952f,0.043124832414145275f,-0.0325310563124061f,-0.6801818543566172f,-0.10835164098520589f,-0.7249914253974366f,0.06620008098680259f,0f,0f,0f,1f],start_interpolation:0}
execute if entity @s[tag=aj.mech_torso.bone.drill_left] run data modify entity @s {} merge value {transformation:[-0.7047095922676206f,-0.17566077717167944f,0.6874064895892716f,1.9177612616972368f,-0.2018341783989948f,0.978469832574952f,0.043124832414145275f,-0.0325310563124061f,-0.6801818543566172f,-0.10835164098520589f,-0.7249914253974366f,0.06620008098680259f,0f,0f,0f,1f],start_interpolation:0}
execute if entity @s[tag=aj.mech_torso.bone.left_hand] run data modify entity @s {} merge value {transformation:[-0.7047095922676206f,-0.17566077717167944f,0.6874064895892716f,1.9397834364556f,-0.2018341783989948f,0.978469832574952f,0.043124832414145275f,-0.02622373823743751f,-0.6801818543566172f,-0.10835164098520589f,-0.7249914253974366f,0.08745576393544688f,0f,0f,0f,1f],start_interpolation:0}
execute if entity @s[tag=aj.mech_torso.bone.left_arm_low] run data modify entity @s {} merge value {transformation:[-0.7047095922676206f,-0.17566077717167944f,0.6874064895892716f,1.7635819373252222f,-0.2018341783989948f,0.978469832574952f,0.043124832414145275f,0.947286427275488f,-0.6801818543566172f,-0.10835164098520589f,-0.7249914253974366f,-0.06480754204207317f,0f,0f,0f,1f],start_interpolation:0}
execute if entity @s[tag=aj.mech_torso.bone.left_arm] run data modify entity @s {} merge value {transformation:[-0.7798979949566209f,-0.7587421362126836f,0.2020927181569981f,0.9702672691671296f,-0.2233687078681269f,0.4874586871833586f,0.968123146696136f,1.4365008527848535f,-0.7527532904889845f,0.6414564502434428f,-0.49665690837147947f,0.5660035593652795f,0f,0f,0f,1f],start_interpolation:0}
execute if entity @s[tag=aj.mech_torso.bone.sword_right] run data modify entity @s {} merge value {transformation:[-1.1013818508526383f,1.7393291438702765f,-2.0068176668287316f,-2.437419910075694f,-2.114243882880299f,-1.8889709446714376f,-0.47685068301339245f,1.8777337554452795f,-1.6070332362199773f,1.2931155785430002f,2.002728458432084f,-0.8909919465293277f,0f,0f,0f,1f],start_interpolation:0}
execute if entity @s[tag=aj.mech_torso.bone.right_hand] run data modify entity @s {} merge value {transformation:[-0.3830893394270046f,0.6049840500418353f,-0.6980235362882545f,-2.4304857003689806f,-0.735389176654017f,-0.6570333720596304f,-0.16586110713509303f,1.834220550797978f,-0.5589680821634704f,0.44977933166713047f,0.6966012029328988f,-0.8944040949823383f,0f,0f,0f,1f],start_interpolation:0}
execute if entity @s[tag=aj.mech_torso.bone.right_arm_low] run data modify entity @s {} merge value {transformation:[0.0765690555704783f,0.3923064948242366f,-0.9166421296491707f,-2.069217055082858f,-0.47766188038481927f,-0.7925441351321286f,-0.3790948718921234f,1.0447566346812462f,-0.8752007242663159f,0.4668719396005595f,0.12670550207993386f,-0.3962225858084585f,0f,0f,0f,1f],start_interpolation:0}
execute if entity @s[tag=aj.mech_torso.bone.right_arm] run data modify entity @s {} merge value {transformation:[0.07959551083366097f,1.0362419634492273f,0.3803145098152942f,-1.0180821668683375f,-0.5268068066425522f,0.37073629181606826f,-0.8998895315201617f,1.4365008527848535f,-0.9700057327996745f,-0.11631497604087723f,0.5199343066372955f,-0.4870712339031944f,0f,0f,0f,1f],start_interpolation:0}
execute if entity @s[tag=aj.mech_torso.bone.torso] run data modify entity @s {} merge value {transformation:[-1.1782811472802768f,-0.019763570768894678f,0.6237312859013207f,0f,-1.1564823173178713e-18f,1.3326645004218478f,0.0422268527499321f,0.20333875f,-0.6240443219368733f,0.03731632837816898f,-1.177690092372564f,-0.005674375000000009f,0f,0f,0f,1f],start_interpolation:0}