execute if entity @s[tag=aj.mech_torso.bone.sword_left] run data modify entity @s {} merge value {transformation:[-2.612351566682192f,0.9470603223048777f,-0.7377811585889668f,0.27463042612204003f,0.5713312096804402f,2.534681839329328f,1.230688271748448f,-0.22826608075025517f,1.0558527079560778f,0.9716427940811782f,-2.491327023859361f,-1.5231030328354254f,0f,0f,0f,1f],start_interpolation:0}
execute if entity @s[tag=aj.mech_torso.bone.blaster_left] run data modify entity @s {} merge value {transformation:[-0.908644023193806f,0.3294122860190879f,-0.2566195334222493f,0.27463042612204003f,0.19872389901928353f,0.8816284658536793f,0.4280654858255471f,-0.22826608075025517f,0.36725311581080966f,0.3379627109847576f,-0.8665485300380386f,-1.5231030328354254f,0f,0f,0f,1f],start_interpolation:0}
execute if entity @s[tag=aj.mech_torso.bone.drill_left] run data modify entity @s {} merge value {transformation:[-0.908644023193806f,0.3294122860190879f,-0.2566195334222493f,0.27463042612204003f,0.19872389901928353f,0.8816284658536793f,0.4280654858255471f,-0.22826608075025517f,0.36725311581080966f,0.3379627109847576f,-0.8665485300380386f,-1.5231030328354254f,0f,0f,0f,1f],start_interpolation:0}
execute if entity @s[tag=aj.mech_torso.bone.left_hand] run data modify entity @s {} merge value {transformation:[-0.908644023193806f,0.3294122860190879f,-0.2566195334222493f,0.3030255518468465f,0.19872389901928353f,0.8816284658536793f,0.4280654858255471f,-0.23447620259460777f,0.36725311581080966f,0.3379627109847576f,-0.8665485300380386f,-1.5345796927045132f,0f,0f,0f,1f],start_interpolation:0}
execute if entity @s[tag=aj.mech_torso.bone.left_arm_low] run data modify entity @s {} merge value {transformation:[-0.908644023193806f,0.3294122860190879f,-0.2566195334222493f,0.5960233517216826f,0.19872389901928353f,0.8816284658536793f,0.4280654858255471f,0.6667394315354725f,0.36725311581080966f,0.3379627109847576f,-0.8665485300380386f,-1.2122199634143564f,0f,0f,0f,1f],start_interpolation:0}
execute if entity @s[tag=aj.mech_torso.bone.left_arm] run data modify entity @s {} merge value {transformation:[-1.0055910400451165f,0.4411233528227386f,-0.13772736223944243f,1.0160482022404613f,0.2199265798218968f,0.7469007792950194f,0.7864753676437448f,1.4322048219223058f,0.40643688095798086f,0.6872564237727767f,-0.7663286816466091f,-0.5021189680857969f,0f,0f,0f,1f],start_interpolation:0}
execute if entity @s[tag=aj.mech_torso.bone.sword_right] run data modify entity @s {} merge value {transformation:[-1.2486734538574162f,-0.4964624851639296f,-2.5416460427165393f,-0.2406983773417196f,1.15803168399884f,2.41679695239766f,-1.0409995723996204f,-0.1865125342151153f,2.316333789523134f,-1.4758870186116f,-0.8496942295950707f,1.7631026461335388f,0f,0f,0f,1f],start_interpolation:0}
execute if entity @s[tag=aj.mech_torso.bone.right_hand] run data modify entity @s {} merge value {transformation:[-0.43432120134171f,-0.17268260353527987f,-0.8840507974666224f,-0.2596672462441255f,0.40279362921698786f,0.8406250269209252f,-0.3620868077911723f,-0.1476557012108055f,0.8056813180950032f,-0.5133520064736f,-0.2955458189895898f,1.7722379371217076f,0f,0f,0f,1f],start_interpolation:0}
execute if entity @s[tag=aj.mech_torso.bone.right_arm_low] run data modify entity @s {} merge value {transformation:[-0.45350545980409135f,-0.5806599214080712f,-0.676141149168021f,-0.8472845329448195f,0.29368051455527816f,0.6189119040589399f,-0.7284914621220242f,0.4393133285769688f,0.8414776011864054f,-0.5289443360926649f,-0.11015142312772541f,1.2135551940192262f,0f,0f,0f,1f],start_interpolation:0}
execute if entity @s[tag=aj.mech_torso.bone.right_arm] run data modify entity @s {} merge value {transformation:[-0.5923495613118186f,-0.06318997649665954f,-0.932684835632099f,-0.8947934124088819f,0.38870992940883403f,0.9875328080997922f,-0.3137762295642335f,1.4322048219223058f,0.8501756092282956f,-0.49553804932711165f,-0.5063748154049585f,0.6858138261935307f,0f,0f,0f,1f],start_interpolation:0}
execute if entity @s[tag=aj.mech_torso.bone.torso] run data modify entity @s {} merge value {transformation:[-1.13235058645887f,0.058677878093372715f,-0.7015103946104363f,0f,0f,1.3286933364197884f,0.11113863203867791f,0.20333875f,0.7039601743877496f,0.09438592137542512f,-1.128410009039205f,-0.005674375000000009f,0f,0f,0f,1f],start_interpolation:0}