execute if entity @s[tag=aj.mech_torso.bone.sword_left] run data modify entity @s {} merge value {transformation:[-1.4375490283176047f,0.3730919759275171f,2.4616823858251107f,1.5892616757331364f,-1.1359997200430438f,2.4311337236688146f,-1.0318519533839767f,0.0153527760657429f,-2.2155320867108284f,-1.4886289648998179f,-1.0681883624230604f,1.0346877904446938f,0f,0f,0f,1f],start_interpolation:0}
execute if entity @s[tag=aj.mech_torso.bone.blaster_left] run data modify entity @s {} merge value {transformation:[-0.5000170533278625f,0.12977112206174507f,0.8562373515913428f,1.5892616757331364f,-0.3951303374062761f,0.8456117299717616f,-0.35890502726399187f,0.0153527760657429f,-0.7706198562472446f,-0.517783987791241f,-0.37154377823410795f,1.0346877904446938f,0f,0f,0f,1f],start_interpolation:0}
execute if entity @s[tag=aj.mech_torso.bone.drill_left] run data modify entity @s {} merge value {transformation:[-0.5000170533278625f,0.12977112206174507f,0.8562373515913428f,1.5892616757331364f,-0.3951303374062761f,0.8456117299717616f,-0.35890502726399187f,0.0153527760657429f,-0.7706198562472446f,-0.517783987791241f,-0.37154377823410795f,1.0346877904446938f,0f,0f,0f,1f],start_interpolation:0}
execute if entity @s[tag=aj.mech_torso.bone.left_hand] run data modify entity @s {} merge value {transformation:[-0.5000170533278625f,0.12977112206174507f,0.8562373515913428f,1.604887208649632f,-0.3951303374062761f,0.8456117299717616f,-0.35890502726399187f,0.027700599109689028f,-0.7706198562472446f,-0.517783987791241f,-0.37154377823410795f,1.0587696609524202f,0f,0f,0f,1f],start_interpolation:0}
execute if entity @s[tag=aj.mech_torso.bone.left_arm_low] run data modify entity @s {} merge value {transformation:[-0.5000170533278625f,0.12977112206174507f,0.8562373515913428f,1.7457902150321107f,-0.3951303374062761f,0.8456117299717616f,-0.35890502726399187f,0.8497487239355048f,-0.7706198562472446f,-0.517783987791241f,-0.37154377823410795f,0.505293059583637f,0f,0f,0f,1f],start_interpolation:0}
execute if entity @s[tag=aj.mech_torso.bone.left_arm] run data modify entity @s {} merge value {transformation:[-0.5533659561518011f,-0.894046751484951f,0.3453092863874892f,0.821329499176122f,-0.4372884394805576f,0.5903343754713191f,0.8276811731382889f,1.4375f,-0.8528404996263309f,0.2774125264477465f,-0.6484422494725468f,0.7632123974076748f,0f,0f,0f,1f],start_interpolation:0}
execute if entity @s[tag=aj.mech_torso.bone.sword_right] run data modify entity @s {} merge value {transformation:[-0.18067421209063678f,-1.9265979067620234f,-2.1263119090918012f,-1.603730254898164f,-1.1141177246547207f,-1.916254946101586f,1.830937922801151f,2.10302554036398f,-2.6441867416458344f,0.9390487139661063f,-0.6261700951841959f,-1.5112596241423568f,0f,0f,0f,1f],start_interpolation:0}
execute if entity @s[tag=aj.mech_torso.bone.right_hand] run data modify entity @s {} merge value {transformation:[-0.06284320420543887f,-0.6701210110476603f,-0.7395867509884526f,-1.6266353866248233f,-0.38751920857555505f,-0.6665234595135952f,0.6368479731482265f,2.070086706986194f,-0.9197171275289859f,0.3266256396403848f,-0.21779829397711162f,-1.5297937331388756f,0f,0f,0f,1f],start_interpolation:0}
execute if entity @s[tag=aj.mech_torso.bone.right_arm_low] run data modify entity @s {} merge value {transformation:[0.35106098432161226f,-0.2133356458389732f,-0.911725883970401f,-1.879433122097922f,-0.45987734746614145f,-0.8874557251878694f,0.030580404163097874f,1.1979577865367381f,-0.8156402458036548f,0.40854649435008106f,-0.4096593113547069f,-1.108560334587265f,0f,0f,0f,1f],start_interpolation:0}
execute if entity @s[tag=aj.mech_torso.bone.right_arm] run data modify entity @s {} merge value {transformation:[0.38851714349298644f,1.0357272991618596f,0.03309636712628971f,-0.8375445086466573f,-0.5089435778229185f,0.22150709644733077f,-0.9574356476287623f,1.4375f,-0.902664302129471f,0.32089803135635f,0.5540700223498488f,-0.7568655697275608f,0f,0f,0f,1f],start_interpolation:0}
execute if entity @s[tag=aj.mech_torso.bone.torso] run data modify entity @s {} merge value {transformation:[-0.9830364490801654f,0f,0.900786943487547f,0f,0f,1.3333333333333333f,0f,0.20333875f,-0.900786943487547f,0f,-0.9830364490801654f,-0.005674375000000009f,0f,0f,0f,1f],start_interpolation:0}