execute if entity @s[tag=aj.mech_torso.bone.sword_left] run data modify entity @s {} merge value {transformation:[-2.844752634836965f,-0.394739831639083f,-0.13110267695852765f,1.3775756728581539f,-0.30555195776462835f,2.598086320187854f,-1.192564662380594f,-0.5382757980533721f,0.28221525064097164f,-1.1660844472722742f,-2.612704846348965f,0.022228805412116522f,0f,0f,0f,1f],start_interpolation:0}
execute if entity @s[tag=aj.mech_torso.bone.blaster_left] run data modify entity @s {} merge value {transformation:[-0.9894791773345964f,-0.13730081100489844f,-0.045600931116009616f,1.3775756728581539f,-0.10627894183117507f,0.9036821983262101f,-0.4148050999584675f,-0.5382757980533721f,0.09816182630990318f,-0.40559459035557366f,-0.9087669030779009f,0.022228805412116522f,0f,0f,0f,1f],start_interpolation:0}
execute if entity @s[tag=aj.mech_torso.bone.drill_left] run data modify entity @s {} merge value {transformation:[-0.9894791773345964f,-0.13730081100489844f,-0.045600931116009616f,1.3775756728581539f,-0.10627894183117507f,0.9036821983262101f,-0.4148050999584675f,-0.5382757980533721f,0.09816182630990318f,-0.40559459035557366f,-0.9087669030779009f,0.022228805412116522f,0f,0f,0f,1f],start_interpolation:0}
execute if entity @s[tag=aj.mech_torso.bone.left_hand] run data modify entity @s {} merge value {transformation:[-0.9894791773345964f,-0.13730081100489844f,-0.045600931116009616f,1.40849689714986f,-0.10627894183117507f,0.9036821983262101f,-0.4148050999584675f,-0.5349545811211479f,0.09816182630990318f,-0.40559459035557366f,-0.9087669030779009f,0.019161248339932047f,0f,0f,0f,1f],start_interpolation:0}
execute if entity @s[tag=aj.mech_torso.bone.left_arm_low] run data modify entity @s {} merge value {transformation:[-0.9894791773345964f,-0.13730081100489844f,-0.045600931116009616f,1.2388498327558801f,-0.10627894183117507f,0.9036821983262101f,-0.4148050999584675f,0.3524437408991359f,0.09816182630990318f,-0.40559459035557366f,-0.9087669030779009f,-0.4117647506646415f,0f,0f,0f,1f],start_interpolation:0}
execute if entity @s[tag=aj.mech_torso.bone.left_arm] run data modify entity @s {} merge value {transformation:[-1.09505083359433f,-0.0883368918204705f,-0.13353742517320233f,1.1181305357072204f,-0.11761828496406745f,1.0700827046848724f,0.2566338300194414f,1.4369054716230147f,0.10863512056651638f,0.26812604724613126f,-1.0682129056989023f,-0.1361360721577659f,0f,0f,0f,1f],start_interpolation:0}
execute if entity @s[tag=aj.mech_torso.bone.sword_right] run data modify entity @s {} merge value {transformation:[-2.584263458875108f,-0.018193522087554367f,-1.259712812857324f,-1.3672314602385798f,0.837277826113527f,2.1232015799824513f,-1.7483151582762848f,-0.23494962339721726f,0.9413677374020569f,-1.9383779421243093f,-1.9031927743832096f,1.2251155378966465f,0f,0f,0f,1f],start_interpolation:0}
execute if entity @s[tag=aj.mech_torso.bone.right_hand] run data modify entity @s {} merge value {transformation:[-0.898874246565255f,-0.006328181595671084f,-0.43816097838515616f,-1.3955190361186087f,0.2912270699525311f,0.7385048973852004f,-0.6081096202700121f,-0.20277049941791314f,0.327432256487672f,-0.6742184146519337f,-0.6619800954376381f,1.2142784704540133f,0f,0f,0f,1f],start_interpolation:0}
execute if entity @s[tag=aj.mech_torso.bone.right_arm_low] run data modify entity @s {} merge value {transformation:[-0.9230868385958074f,-0.04934963949847132f,-0.3814122461229696f,-1.427941344602304f,0.2742909885285663f,0.6106881853755181f,-0.7428488364766946f,0.37613206642619046f,0.26958327474682053f,-0.790331926043816f,-0.5501820650045331f,0.3983288775429673f,0f,0f,0f,1f],start_interpolation:0}
execute if entity @s[tag=aj.mech_torso.bone.right_arm] run data modify entity @s {} merge value {transformation:[-1.02243443554378f,0.2883119663343867f,-0.31028376305681765f,-1.1059896718017683f,0.32699476692018864f,1.0525958454690825f,-0.09944036927760741f,1.4369054716230147f,0.2692103749024383f,-0.18354883465621594f,-1.0576424622126617f,0.20414220006979233f,0f,0f,0f,1f],start_interpolation:0}
execute if entity @s[tag=aj.mech_torso.bone.torso] run data modify entity @s {} merge value {transformation:[-1.3179971600053266f,0.004597985732520583f,-0.20159395457918483f,0f,0f,1.332986660693498f,0.030402963522904187f,0.20333875f,0.20164638354225672f,0.030053264684199943f,-1.3176544748392607f,-0.005674375000000009f,0f,0f,0f,1f],start_interpolation:0}