execute if entity @s[tag=aj.mech_torso.bone.sword_left] run data modify entity @s {} merge value {transformation:[-2.73127298506352f,0.4566267588800672f,-0.7728291429138097f,0.6455998456026014f,0.30842923676544776f,2.8019138936185612f,0.5654864619560352f,-0.44292945437900605f,0.8429972046041978f,0.4543077545254498f,-2.7108273971626358f,-1.1552970391869033f,0f,0f,0f,1f],start_interpolation:0}
execute if entity @s[tag=aj.mech_torso.bone.blaster_left] run data modify entity @s {} merge value {transformation:[-0.9500079948047025f,0.15882669874089295f,-0.26881013666567294f,0.6455998456026014f,0.10727973452711227f,0.9745787456064561f,0.19669094328905573f,-0.44292945437900605f,0.29321641899276446f,0.15802008853059124f,-0.9428964859696124f,-1.1552970391869033f,0f,0f,0f,1f],start_interpolation:0}
execute if entity @s[tag=aj.mech_torso.bone.drill_left] run data modify entity @s {} merge value {transformation:[-0.9500079948047025f,0.15882669874089295f,-0.26881013666567294f,0.6455998456026014f,0.10727973452711227f,0.9745787456064561f,0.19669094328905573f,-0.44292945437900605f,0.29321641899276446f,0.15802008853059124f,-0.9428964859696124f,-1.1552970391869033f,0f,0f,0f,1f],start_interpolation:0}
execute if entity @s[tag=aj.mech_torso.bone.left_hand] run data modify entity @s {} merge value {transformation:[-0.9500079948047025f,0.15882669874089295f,-0.26881013666567294f,0.6752875954402484f,0.10727973452711227f,0.9745787456064561f,0.19669094328905573f,-0.44628194608297833f,0.29321641899276446f,0.15802008853059124f,-0.9428964859696124f,-1.1644600522804271f,0f,0f,0f,1f],start_interpolation:0}
execute if entity @s[tag=aj.mech_torso.bone.left_arm_low] run data modify entity @s {} merge value {transformation:[-0.9500079948047025f,0.15882669874089295f,-0.26881013666567294f,0.7960262275726921f,0.10727973452711227f,0.9745787456064561f,0.19669094328905573f,0.537795883205233f,0.29321641899276446f,0.15802008853059124f,-0.9428964859696124f,-1.0267424658428623f,0f,0f,0f,1f],start_interpolation:0}
execute if entity @s[tag=aj.mech_torso.bone.left_arm] run data modify entity @s {} merge value {transformation:[-1.0513683061370613f,0.2871260049637917f,-0.19223766711559653f,1.0582138352759487f,0.11872585640270375f,0.8783947805598636f,0.6626452739140762f,1.4340726876000915f,0.32450090047018165f,0.608895102043652f,-0.8652848657149388f,-0.3986126140044201f,0f,0f,0f,1f],start_interpolation:0}
execute if entity @s[tag=aj.mech_torso.bone.sword_right] run data modify entity @s {} merge value {transformation:[-1.7276713886508515f,-0.4126942822296545f,-2.2606326553096125f,-0.6142795901446196f,1.0895904642396959f,2.3430104706414685f,-1.260444189443693f,-0.1971202102368767f,2.0232570753799832f,-1.6141903121625392f,-1.2515771822166797f,1.7102569332987747f,0f,0f,0f,1f],start_interpolation:0}
execute if entity @s[tag=aj.mech_torso.bone.right_hand] run data modify entity @s {} merge value {transformation:[-0.6009291786611657f,-0.14354583729727113f,-0.7863070105424739f,-0.6375444343933208f,0.3789879875616334f,0.8149601637013804f,-0.4384153702412845f,-0.15980933050990753f,0.7037415914365159f,-0.5614574998826223f,-0.43533119381449725f,1.714703311159834f,0f,0f,0f,1f],start_interpolation:0}
execute if entity @s[tag=aj.mech_torso.bone.right_arm_low] run data modify entity @s {} merge value {transformation:[-0.6340440673880978f,-0.44830567831446533f,-0.6300874061596251f,-1.0857264670443962f,0.2950513671418656f,0.6129163443717871f,-0.7329926640489938f,0.4209806378871652f,0.71479564307407f,-0.6506578006855309f,-0.25634276866998756f,1.0336974351073012f,0f,0f,0f,1f],start_interpolation:0}
execute if entity @s[tag=aj.mech_torso.bone.right_arm] run data modify entity @s {} merge value {transformation:[-0.7543998959527881f,0.08341630303187654f,-0.8054157286202851f,-0.9796281959989757f,0.3820801795458434f,1.0072205042884268f,-0.253561768950312f,1.4340726876000915f,0.713910016681841f,-0.45091080566281566f,-0.7153907407507256f,0.5551692560105693f,0f,0f,0f,1f],start_interpolation:0}
execute if entity @s[tag=aj.mech_torso.bone.torso] run data modify entity @s {} merge value {transformation:[-1.2076100926073625f,0.03696611490486392f,-0.5639939258178721f,0f,0f,1.3304785643181378f,0.08720417230685741f,0.20333875f,0.5652040711199937f,0.07898147894642435f,-1.2050245067012528f,-0.005674375000000009f,0f,0f,0f,1f],start_interpolation:0}