execute if entity @s[tag=aj.mech_torso.bone.sword_left] run data modify entity @s {} merge value {transformation:[-2.236823979845136f,1.4299486262528447f,1.1033994786419692f,-0.08904749454469195f,1.51447563304887f,0.5278677357489452f,2.386072968384769f,0.9442712136911816f,0.9841783578655818f,2.437668472092315f,-1.163954629732673f,-2.3700201891094923f,0f,0f,0f,1f],start_interpolation:0}
execute if entity @s[tag=aj.mech_torso.bone.blaster_left] run data modify entity @s {} merge value {transformation:[-0.7780257321200472f,0.49737343521838073f,0.3837911230059023f,-0.08904749454469195f,0.5267741332343896f,0.18360616895615486f,0.8299384237860066f,0.9442712136911816f,0.3423229070836806f,0.847884685945153f,-0.4048537842548428f,-2.3700201891094923f,0f,0f,0f,1f],start_interpolation:0}
execute if entity @s[tag=aj.mech_torso.bone.drill_left] run data modify entity @s {} merge value {transformation:[-0.7780257321200472f,0.49737343521838073f,0.3837911230059023f,-0.08904749454469195f,0.5267741332343896f,0.18360616895615486f,0.8299384237860066f,0.9442712136911816f,0.3423229070836806f,0.847884685945153f,-0.4048537842548428f,-2.3700201891094923f,0f,0f,0f,1f],start_interpolation:0}
execute if entity @s[tag=aj.mech_torso.bone.left_hand] run data modify entity @s {} merge value {transformation:[-0.7780257321200472f,0.49737343521838073f,0.3837911230059023f,-0.06473419041594047f,0.5267741332343896f,0.18360616895615486f,0.8299384237860066f,0.9278095220276069f,0.3423229070836806f,0.847884685945153f,-0.4048537842548428f,-2.3807177799558574f,0f,0f,0f,1f],start_interpolation:0}
execute if entity @s[tag=aj.mech_torso.bone.left_arm_low] run data modify entity @s {} merge value {transformation:[-0.7780257321200472f,0.49737343521838073f,0.3837911230059023f,0.42031941326762323f,0.5267741332343896f,0.18360616895615486f,0.8299384237860066f,1.1538129583906491f,0.3423229070836806f,0.847884685945153f,-0.4048537842548428f,-1.5347871839223033f,0f,0f,0f,1f],start_interpolation:0}
execute if entity @s[tag=aj.mech_torso.bone.left_arm] run data modify entity @s {} merge value {transformation:[-0.861036539253819f,0.571091738566596f,0.39653787050522316f,0.9765442787964816f,0.5829778604013884f,0.24910164064537474f,0.9071147476717757f,1.423496682090518f,0.3788467643858847f,0.9146445087042248f,-0.4946438419161619f,-0.5943159453196675f,0f,0f,0f,1f],start_interpolation:0}
execute if entity @s[tag=aj.mech_torso.bone.sword_right] run data modify entity @s {} merge value {transformation:[-2.2210426181937044f,-0.6067053921739447f,-1.7217732880011578f,0.14677487902815867f,-0.9937547102919377f,2.676430328793998f,0.3388174595327654f,-0.3575926355851251f,1.5313543887486807f,0.8568863764926541f,-2.2773503186469677f,1.6394765346640081f,0f,0f,0f,1f],start_interpolation:0}
execute if entity @s[tag=aj.mech_torso.bone.right_hand] run data modify entity @s {} merge value {transformation:[-0.7725365628499842f,-0.2110279624952851f,-0.5988776653917071f,0.11603848761111901f,-0.3456538122754566f,0.9309322882761732f,0.11784955114183143f,-0.3393026832101027f,0.5326450047821498f,0.29804743530179273f,-0.7921218499641627f,1.6654356734166313f,0f,0f,0f,1f],start_interpolation:0}
execute if entity @s[tag=aj.mech_torso.bone.right_arm_low] run data modify entity @s {} merge value {transformation:[-0.8145866375510664f,-0.4652460449851499f,-0.3464025513025616f,-0.3345768046787651f,-0.1944671070732678f,0.7816911703222998f,-0.5925719015501051f,0.429947712284796f,0.546471549295846f,-0.4153372507563331f,-0.7272302344817416f,1.2102952419172486f,0f,0f,0f,1f],start_interpolation:0}
execute if entity @s[tag=aj.mech_torso.bone.right_arm] run data modify entity @s {} merge value {transformation:[-0.9199297114235722f,-0.4199038834804554f,-0.44964656477304915f,-0.7354500348772849f,-0.20474745437671807f,0.9716946588732411f,-0.48852834961494024f,1.423496682090518f,0.5801549659361932f,-0.3228965733625486f,-0.8853982137684303f,0.8656756539536604f,0f,0f,0f,1f],start_interpolation:0}
execute if entity @s[tag=aj.mech_torso.bone.torso] run data modify entity @s {} merge value {transformation:[-1.0145151488437134f,0.121904957011042f,-0.8565488730951267f,0f,0f,1.3200315436220766f,0.18786830925011017f,0.20333875f,0.8651802069767869f,0.14294643429141926f,-1.004393998467111f,-0.005674375000000009f,0f,0f,0f,1f],start_interpolation:0}