execute if entity @s[tag=aj.mech_torso.bone.sword_left] run data modify entity @s {} merge value {transformation:[-2.1691400552525844f,1.8385481286607543f,0.4244964066948672f,-0.45359416431657007f,1.272719200445825f,0.9480670763876551f,2.397285893565118f,0.724222818799185f,1.393069365651027f,1.9966308114590952f,-1.529198530347463f,-2.2276225746230627f,0f,0f,0f,1f],start_interpolation:0}
execute if entity @s[tag=aj.mech_torso.bone.blaster_left] run data modify entity @s {} merge value {transformation:[-0.7544834974791598f,0.6394950012733058f,0.1476509240677799f,-0.45359416431657007f,0.44268493928550434f,0.32976246135222786f,0.8338385716748237f,0.724222818799185f,0.4845458663134007f,0.6944802822466418f,-0.5318951409904219f,-2.2276225746230627f,0f,0f,0f,1f],start_interpolation:0}
execute if entity @s[tag=aj.mech_torso.bone.drill_left] run data modify entity @s {} merge value {transformation:[-0.7544834974791598f,0.6394950012733058f,0.1476509240677799f,-0.45359416431657007f,0.44268493928550434f,0.32976246135222786f,0.8338385716748237f,0.724222818799185f,0.4845458663134007f,0.6944802822466418f,-0.5318951409904219f,-2.2276225746230627f,0f,0f,0f,1f],start_interpolation:0}
execute if entity @s[tag=aj.mech_torso.bone.left_hand] run data modify entity @s {} merge value {transformation:[-0.7544834974791598f,0.6394950012733058f,0.1476509240677799f,-0.4300165550203463f,0.44268493928550434f,0.32976246135222786f,0.8338385716748237f,0.7103889144465131f,0.4845458663134007f,0.6944802822466418f,-0.5318951409904219f,-2.2427646329453563f,0f,0f,0f,1f],start_interpolation:0}
execute if entity @s[tag=aj.mech_torso.bone.left_arm_low] run data modify entity @s {} merge value {transformation:[-0.7544834974791598f,0.6394950012733058f,0.1476509240677799f,0.19051492833385386f,0.44268493928550434f,0.32976246135222786f,0.8338385716748237f,1.0800427355162512f,0.4845458663134007f,0.6944802822466418f,-0.5318951409904219f,-1.5497640155323713f,0f,0f,0f,1f],start_interpolation:0}
execute if entity @s[tag=aj.mech_torso.bone.left_arm] run data modify entity @s {} merge value {transformation:[-0.8349824855064509f,0.7002869066871642f,0.1928068353405052f,0.8788076746896896f,0.4899168399784552f,0.3261044484731271f,0.9372349530003619f,1.4253751835336677f,0.5362440837314871f,0.7924809874959707f,-0.5560468915967581f,-0.7290325380318188f,0f,0f,0f,1f],start_interpolation:0}
execute if entity @s[tag=aj.mech_torso.bone.sword_right] run data modify entity @s {} merge value {transformation:[-0.189358639969177f,-0.530036739144793f,-2.819366836831592f,0.6646530346303223f,1.1311394154535321f,2.5827948889768866f,-0.5615328879792467f,-0.1141141565394156f,2.6363406320649205f,-1.1462358468620784f,0.03842466775274195f,1.5557615930403303f,0f,0f,0f,1f],start_interpolation:0}
execute if entity @s[tag=aj.mech_torso.bone.right_hand] run data modify entity @s {} merge value {transformation:[-0.06586387477188765f,-0.184360604919928f,-0.980649334550119f,0.6568335196399531f,0.3934397966794895f,0.8983634396441345f,-0.19531578712321623f,-0.07374530540430235f,0.9169880459356246f,-0.3986907293433316f,0.013365101827040676f,1.5719583841838396f,0f,0f,0f,1f],start_interpolation:0}
execute if entity @s[tag=aj.mech_torso.bone.right_arm_low] run data modify entity @s {} merge value {transformation:[-0.020372375742888027f,-0.7750003874776552f,-0.6316323026223997f,-0.13726874055268695f,0.2505231791085507f,0.607651307241317f,-0.7536564373355166f,0.5025253888231375f,0.967896225344399f,-0.17359230460306319f,0.18177626012948356f,1.3737998306678103f,0f,0f,0f,1f],start_interpolation:0}
execute if entity @s[tag=aj.mech_torso.bone.right_arm] run data modify entity @s {} merge value {transformation:[-0.20367344107062152f,-0.48140981867988875f,-0.9754658858284468f,-0.6208903833715789f,0.33323751191074663f,0.9170899171225649f,-0.5221789186683907f,1.4253751835336677f,1.0354911243424614f,-0.3898238691059736f,-0.023821440285204512f,0.9482884612546205f,0f,0f,0f,1f],start_interpolation:0}
execute if entity @s[tag=aj.mech_torso.bone.torso] run data modify entity @s {} merge value {transformation:[-0.8887099603326034f,0.12973885817338715f,-0.9854644655507704f,0f,0f,1.321926481831747f,0.17403492296006876f,0.20333875f,0.9939679995771492f,0.11599992711024781f,-0.8811069234234826f,-0.005674375000000009f,0f,0f,0f,1f],start_interpolation:0}