execute if entity @s[tag=aj.mech_torso.bone.sword_left] run data modify entity @s {} merge value {transformation:[-2.2091878253436787f,1.828461650539786f,0.20455352565671653f,-0.4282170035654097f,1.2060190811214324f,1.1977366781211691f,2.318743156508345f,0.5975738713072036f,1.3894718882814017f,1.8675598631338683f,-1.6873686702339608f,-2.1552543572659206f,0f,0f,0f,1f],start_interpolation:0}
execute if entity @s[tag=aj.mech_torso.bone.blaster_left] run data modify entity @s {} merge value {transformation:[-0.7684131566412795f,0.6359866610573168f,0.07114905240233618f,-0.4282170035654097f,0.41948489778136777f,0.4166040619551893f,0.8065193587855113f,0.5975738713072036f,0.48329456983700925f,0.6495860393509107f,-0.5869108418205081f,-2.1552543572659206f,0f,0f,0f,1f],start_interpolation:0}
execute if entity @s[tag=aj.mech_torso.bone.drill_left] run data modify entity @s {} merge value {transformation:[-0.7684131566412795f,0.6359866610573168f,0.07114905240233618f,-0.4282170035654097f,0.41948489778136777f,0.4166040619551893f,0.8065193587855113f,0.5975738713072036f,0.48329456983700925f,0.6495860393509107f,-0.5869108418205081f,-2.1552543572659206f,0f,0f,0f,1f],start_interpolation:0}
execute if entity @s[tag=aj.mech_torso.bone.left_hand] run data modify entity @s {} merge value {transformation:[-0.7684131566412795f,0.6359866610573168f,0.07114905240233618f,-0.4042040924203697f,0.41948489778136777f,0.4166040619551893f,0.8065193587855113f,0.5844649682515359f,0.48329456983700925f,0.6495860393509107f,-0.5869108418205081f,-2.1703573125733273f,0f,0f,0f,1f],start_interpolation:0}
execute if entity @s[tag=aj.mech_torso.bone.left_arm_low] run data modify entity @s {} merge value {transformation:[-0.7684131566412795f,0.6359866610573168f,0.07114905240233618f,0.20999306537948015f,0.41948489778136777f,0.4166040619551893f,0.8065193587855113f,1.0393816632244401f,0.48329456983700925f,0.6495860393509107f,-0.5869108418205081f,-1.524009281721901f,0f,0f,0f,1f],start_interpolation:0}
execute if entity @s[tag=aj.mech_torso.bone.left_arm] run data modify entity @s {} merge value {transformation:[-0.8503983580448237f,0.6921270942402282f,0.1501822112877367f,0.88955572594411f,0.4642414893794027f,0.36752446608301126f,0.9349746439894611f,1.4260942562577403f,0.5348592812202941f,0.7814459871181144f,-0.5727474985048248f,-0.7145344376064194f,0f,0f,0f,1f],start_interpolation:0}
execute if entity @s[tag=aj.mech_torso.bone.sword_right] run data modify entity @s {} merge value {transformation:[-0.21853619983460443f,-0.5426400005569161f,-2.814855015654881f,0.5946846067484723f,1.1654793798048944f,2.562362563757582f,-0.58444923398296f,-0.13080324187001324f,2.619069442495072f,-1.1855230582528797f,0.02520582748673584f,1.5777291572628978f,0f,0f,0f,1f],start_interpolation:0}
execute if entity @s[tag=aj.mech_torso.bone.right_hand] run data modify entity @s {} merge value {transformation:[-0.07601259124681893f,-0.1887443480197969f,-0.979080005445176f,0.5864109523963906f,0.4053841321060502f,0.8912565439156808f,-0.20328669008102956f,-0.09028322074433415f,0.9109806756504598f,-0.41235584634882777f,0.008767244343212466f,1.5933111831785738f,0f,0f,0f,1f],start_interpolation:0}
execute if entity @s[tag=aj.mech_torso.bone.right_arm_low] run data modify entity @s {} merge value {transformation:[-0.03594201520087198f,-0.7646936307341567f,-0.6433908785939644f,-0.19726545531880035f,0.25920539229378486f,0.614640623472186f,-0.7450029990433242f,0.49297589049856705f,0.965153219001587f,-0.19354729420050193f,0.17612128990709508f,1.375106641193869f,0f,0f,0f,1f],start_interpolation:0}
execute if entity @s[tag=aj.mech_torso.bone.right_arm] run data modify entity @s {} merge value {transformation:[-0.21699382994940652f,-0.445422653331408f,-0.989587952734432f,-0.6439285377680302f,0.34733906068511816f,0.9275831091925513f,-0.4936771525978159f,1.4260942562577403f,1.0281251058214151f,-0.40738214734314987f,-0.04207768220584817f,0.9319545580893412f,0f,0f,0f,1f],start_interpolation:0}
execute if entity @s[tag=aj.mech_torso.bone.torso] run data modify entity @s {} merge value {transformation:[-0.9087314155331201f,0.12327101423547228f,-0.9678787368520436f,0f,9.25185853854297e-18f,1.3226490815365883f,0.1684552904725659f,0.20333875f,0.9756971826345248f,0.1148104609238833f,-0.901449579088744f,-0.005674375000000009f,0f,0f,0f,1f],start_interpolation:0}