execute if entity @s[tag=aj.mech_torso.bone.sword_left] run data modify entity @s {} merge value {transformation:[-2.8424337144005833f,-0.30366648905773397f,-0.30656523394255397f,1.2777250298892897f,-0.19620389315896497f,2.728750252588438f,-0.8837709495722299f,-0.5689556649807271f,0.3843170716324859f,-0.8528386262487673f,-2.718564265569226f,-0.2149489541739694f,0f,0f,0f,1f],start_interpolation:0}
execute if entity @s[tag=aj.mech_torso.bone.blaster_left] run data modify entity @s {} merge value {transformation:[-0.9886725963132463f,-0.10562312662877704f,-0.10663138571914921f,1.2777250298892897f,-0.06824483240311825f,0.9491305226394566f,-0.30739859115555823f,-0.5689556649807271f,0.13367550317651683f,-0.29663952217348427f,-0.9455875706327742f,-0.2149489541739694f,0f,0f,0f,1f],start_interpolation:0}
execute if entity @s[tag=aj.mech_torso.bone.drill_left] run data modify entity @s {} merge value {transformation:[-0.9886725963132463f,-0.10562312662877704f,-0.10663138571914921f,1.2777250298892897f,-0.06824483240311825f,0.9491305226394566f,-0.30739859115555823f,-0.5689556649807271f,0.13367550317651683f,-0.29663952217348427f,-0.9455875706327742f,-0.2149489541739694f,0f,0f,0f,1f],start_interpolation:0}
execute if entity @s[tag=aj.mech_torso.bone.left_hand] run data modify entity @s {} merge value {transformation:[-0.9886725963132463f,-0.10562312662877704f,-0.10663138571914921f,1.3086210485240786f,-0.06824483240311825f,0.9491305226394566f,-0.30739859115555823f,-0.5668230139681297f,0.13367550317651683f,-0.29663952217348427f,-0.9455875706327742f,-0.21912631364823554f,0f,0f,0f,1f],start_interpolation:0}
execute if entity @s[tag=aj.mech_torso.bone.left_arm_low] run data modify entity @s {} merge value {transformation:[-0.9886725963132463f,-0.10562312662877704f,-0.10663138571914921f,1.168769672456789f,-0.06824483240311825f,0.9491305226394566f,-0.30739859115555823f,0.3705686516851183f,0.13367550317651683f,-0.29663952217348427f,-0.9455875706327742f,-0.5411380879297278f,0f,0f,0f,1f],start_interpolation:0}
execute if entity @s[tag=aj.mech_torso.bone.left_arm] run data modify entity @s {} merge value {transformation:[-1.094158195083058f,-0.025681928350624657f,-0.16410442170400588f,1.111766920575655f,-0.0755261579256753f,1.0507424501733433f,0.3391284143311098f,1.4365587865777005f,0.14793789959168266f,0.34648624863613325f,-1.0405929251654986f,-0.18474324917687462f,0f,0f,0f,1f],start_interpolation:0}
execute if entity @s[tag=aj.mech_torso.bone.sword_right] run data modify entity @s {} merge value {transformation:[-2.4713756473129123f,-0.11139713764356468f,-1.464758713096974f,-1.2554279726609392f,0.8900719138470938f,2.1670229744683875f,-1.6665558545415613f,-0.22646336188530425f,1.1686314209575468f,-1.8860612677882453f,-1.8283048148762673f,1.346390087693908f,0f,0f,0f,1f],start_interpolation:0}
execute if entity @s[tag=aj.mech_torso.bone.right_hand] run data modify entity @s {} merge value {transformation:[-0.8596089208044912f,-0.03874683048471815f,-0.509481291511991f,-1.283501589888727f,0.309590230903337f,0.7537471215542217f,-0.5796716015796735f,-0.19323406962100553f,0.4064804942461032f,-0.6560213105350419f,-0.6359321095221799f,1.3385919371848787f,0f,0f,0f,1f],start_interpolation:0}
execute if entity @s[tag=aj.mech_torso.bone.right_arm_low] run data modify entity @s {} merge value {transformation:[-0.8897666274868877f,-0.12563102895464956f,-0.4387849053629876f,-1.3950394400270048f,0.27996134368762204f,0.6090433750817049f,-0.7420834274592762f,0.3838704063623588f,0.36046774425908235f,-0.7831238802596189f,-0.5067346381646778f,0.5283679824745173f,0f,0f,0f,1f],start_interpolation:0}
execute if entity @s[tag=aj.mech_torso.bone.right_arm] run data modify entity @s {} merge value {transformation:[-0.9899575128971689f,0.27094081347115695f,-0.41394103056844633f,-1.0916633153977933f,0.3403438438565797f,1.0450131865089947f,-0.1299441668766752f,1.4365587865777005f,0.35905733405879314f,-0.24353745944296296f,-1.0181057485549756f,0.27066337703534177f,0f,0f,0f,1f],start_interpolation:0}
execute if entity @s[tag=aj.mech_torso.bone.torso] run data modify entity @s {} merge value {transformation:[-1.3057364361324137f,0.008236603124395706f,-0.2697448711337652f,0f,0f,1.3327121853693633f,0.04069408735667888f,0.20333875f,0.26987059331094304f,0.03985181444757825f,-1.3051281444858251f,-0.005674375000000009f,0f,0f,0f,1f],start_interpolation:0}