execute if entity @s[tag=aj.mech_torso.bone.sword_left] run data modify entity @s {} merge value {transformation:[-2.3951924945983154f,1.5425288065898735f,-0.3863713170776528f,-0.18276179183366337f,0.9308098897130292f,1.9263769370562827f,1.9204920842299964f,0.18080174695158346f,1.2892908372560155f,1.4748904288855076f,-2.104293791215857f,-1.897011100814798f,0f,0f,0f,1f],start_interpolation:0}
execute if entity @s[tag=aj.mech_torso.bone.blaster_left] run data modify entity @s {} merge value {transformation:[-0.8331104329037619f,0.536531758813869f,-0.1343900233313575f,-0.18276179183366337f,0.32375996163931453f,0.6700441520195766f,0.6679972466886944f,0.18080174695158346f,0.4484489868716576f,0.5130053665688722f,-0.7319282752055155f,-1.897011100814798f,0f,0f,0f,1f],start_interpolation:0}
execute if entity @s[tag=aj.mech_torso.bone.drill_left] run data modify entity @s {} merge value {transformation:[-0.8331104329037619f,0.536531758813869f,-0.1343900233313575f,-0.18276179183366337f,0.32375996163931453f,0.6700441520195766f,0.6679972466886944f,0.18080174695158346f,0.4484489868716576f,0.5130053665688722f,-0.7319282752055155f,-1.897011100814798f,0f,0f,0f,1f],start_interpolation:0}
execute if entity @s[tag=aj.mech_torso.bone.left_hand] run data modify entity @s {} merge value {transformation:[-0.8331104329037619f,0.536531758813869f,-0.1343900233313575f,-0.1567270908054208f,0.32375996163931453f,0.6700441520195766f,0.6679972466886944f,0.17068424815035488f,0.4484489868716576f,0.5130053665688722f,-0.7319282752055155f,-1.9110251316545375f,0f,0f,0f,1f],start_interpolation:0}
execute if entity @s[tag=aj.mech_torso.bone.left_arm_low] run data modify entity @s {} merge value {transformation:[-0.8331104329037619f,0.536531758813869f,-0.1343900233313575f,0.3495702787511008f,0.32375996163931453f,0.6700441520195766f,0.6679972466886944f,0.8717208129301818f,0.4484489868716576f,0.5130053665688722f,-0.7319282752055155f,-1.4068784928460984f,0f,0f,0f,1f],start_interpolation:0}
execute if entity @s[tag=aj.mech_torso.bone.left_arm] run data modify entity @s {} merge value {transformation:[-0.9219984562837347f,0.6121191670671315f,0.000974912036689518f,0.9457798107657325f,0.3583032609464532f,0.5382602892551853f,0.8981462089994537f,1.4290019669225842f,0.49629587781844003f,0.7485706144740075f,-0.6466099406446352f,-0.6319117375334656f,0f,0f,0f,1f],start_interpolation:0}
execute if entity @s[tag=aj.mech_torso.bone.sword_right] run data modify entity @s {} merge value {transformation:[-0.5917662332609624f,-0.5492835908165267f,-2.759297965431033f,0.25715170219816397f,1.2018597618460911f,2.5000940723814398f,-0.7554387745532039f,-0.16716120619574737f,2.5438102991432743f,-1.3089851664945988f,-0.28497718482313344f,1.6958557937624807f,0f,0f,0f,1f],start_interpolation:0}
execute if entity @s[tag=aj.mech_torso.bone.right_hand] run data modify entity @s {} merge value {transformation:[-0.20583173330816085f,-0.1910551620231397f,-0.959755814062968f,0.2447489867190608f,0.41803817803342297f,0.8695979382196313f,-0.2627613128880709f,-0.12692257756283942f,0.8848035823107041f,-0.45529918834594746f,-0.09912249906891597f,1.7092778060738794f,0f,0f,0f,1f],start_interpolation:0}
execute if entity @s[tag=aj.mech_torso.bone.right_arm_low] run data modify entity @s {} merge value {transformation:[-0.1932999834017834f,-0.7077100062626377f,-0.6795451886759317f,-0.478156182208394f,0.2804857416969723f,0.6238428998039289f,-0.7294846023521844f,0.46535874898955343f,0.9401929935505635f,-0.33161209778891154f,0.07791374383552499f,1.3507194817313728f,0f,0f,0f,1f],start_interpolation:0}
execute if entity @s[tag=aj.mech_torso.bone.right_arm] run data modify entity @s {} merge value {transformation:[-0.35885506388755833f,-0.28325383816290495f,-1.0078503285817133f,-0.7559622432205362f,0.37804495869429333f,0.958464207105402f,-0.4039806325031822f,1.4290019669225842f,0.9762566419042253f,-0.4752742423041922f,-0.21403117126738697f,0.8400169229982181f,0f,0f,0f,1f],start_interpolation:0}
execute if entity @s[tag=aj.mech_torso.bone.torso] run data modify entity @s {} merge value {transformation:[-1.0084397356955666f,0.09410321957804381f,-0.8671629958162883f,0f,0f,1.3255511580852533f,0.14384681114512549f,0.20333875f,0.8722540210558125f,0.1087956301588803f,-1.0025538446328337f,-0.005674375000000009f,0f,0f,0f,1f],start_interpolation:0}