execute if entity @s[tag=aj.mech_torso.bone.sword_left] run data modify entity @s {} merge value {transformation:[-2.775878057111041f,0.22028013734419533f,-0.7152640583316451f,0.8288850697473741f,0.176328446904757f,2.862794105634101f,0.19734028366961737f,-0.5154419971703523f,0.7273474347666242f,0.1466682305009205f,-2.7776031284724856f,-0.9377853227968242f,0f,0f,0f,1f],start_interpolation:0}
execute if entity @s[tag=aj.mech_torso.bone.blaster_left] run data modify entity @s {} merge value {transformation:[-0.9655228024734055f,0.07661917820667663f,-0.24878749855013743f,0.8288850697473741f,0.061331633706002434f,0.9957544715249047f,0.068640098667693f,-0.5154419971703523f,0.25299041209273887f,0.05101503669597235f,-0.9661228272947776f,-0.9377853227968242f,0f,0f,0f,1f],start_interpolation:0}
execute if entity @s[tag=aj.mech_torso.bone.drill_left] run data modify entity @s {} merge value {transformation:[-0.9655228024734055f,0.07661917820667663f,-0.24878749855013743f,0.8288850697473741f,0.061331633706002434f,0.9957544715249047f,0.068640098667693f,-0.5154419971703523f,0.25299041209273887f,0.05101503669597235f,-0.9661228272947776f,-0.9377853227968242f,0f,0f,0f,1f],start_interpolation:0}
execute if entity @s[tag=aj.mech_torso.bone.left_hand] run data modify entity @s {} merge value {transformation:[-0.9655228024734055f,0.07661917820667663f,-0.24878749855013743f,0.859057657324668f,0.061331633706002434f,0.9957544715249047f,0.068640098667693f,-0.517358610723665f,0.25299041209273887f,0.05101503669597235f,-0.9661228272947776f,-0.9456912731747223f,0f,0f,0f,1f],start_interpolation:0}
execute if entity @s[tag=aj.mech_torso.bone.left_arm_low] run data modify entity @s {} merge value {transformation:[-0.9655228024734055f,0.07661917820667663f,-0.24878749855013743f,0.897729638624359f,0.061331633706002434f,0.9957544715249047f,0.068640098667693f,0.4824574774379178f,0.25299041209273887f,0.05101503669597235f,-0.9661228272947776f,-0.9169616244538137f,0f,0f,0f,1f],start_interpolation:0}
execute if entity @s[tag=aj.mech_torso.bone.left_arm] run data modify entity @s {} merge value {transformation:[-1.06853845328097f,0.20493169905171763f,-0.20248592819679098f,1.0758785262813542f,0.06787536125456961f,0.9350223006473617f,0.588131117320538f,1.434862599841491f,0.27998301328563024f,0.5554352118383555f,-0.9153541479971604f,-0.3444330058276266f,0f,0f,0f,1f],start_interpolation:0}
execute if entity @s[tag=aj.mech_torso.bone.sword_right] run data modify entity @s {} merge value {transformation:[-1.9509711055964432f,-0.3531241037064379f,-2.0819798540113963f,-0.7963508372334178f,1.0454684975928514f,2.301245640504776f,-1.369996030139762f,-0.20327011030156183f,1.834756759265036f,-1.6867711372439615f,-1.4332116957700196f,1.6480517064587352f,0f,0f,0f,1f],start_interpolation:0}
execute if entity @s[tag=aj.mech_torso.bone.right_hand] run data modify entity @s {} merge value {transformation:[-0.6785986454248498f,-0.12282577520223925f,-0.7241669057430944f,-0.8213953503780144f,0.36364121655403525f,0.8004332662625309f,-0.4765203583094825f,-0.16689278271354413f,0.6381762640921864f,-0.5867030042587692f,-0.49850841592000683f,1.6496602458285294f,0f,0f,0f,1f],start_interpolation:0}
execute if entity @s[tag=aj.mech_torso.bone.right_arm_low] run data modify entity @s {} merge value {transformation:[-0.7148822224848811f,-0.3709855370826881f,-0.5927167445336317f,-1.188563216274726f,0.2932133163592868f,0.610484594252235f,-0.7357543824472083f,0.41143657095098796f,0.6347986760262387f,-0.6997701704532377f,-0.3276466838824725f,0.9198136578781443f,0f,0f,0f,1f],start_interpolation:0}
execute if entity @s[tag=aj.mech_torso.bone.right_arm] run data modify entity @s {} merge value {transformation:[-0.8275892554083426f,0.14697014717819998f,-0.7199081738007364f,-1.0157931904030926f,0.3746590296939639f,1.0171801874363446f,-0.22304048128034593f,1.434862599841491f,0.6320590275721647f,-0.4105072723587355f,-0.8104055426384672f,0.48466857396965024f,0f,0f,0f,1f],start_interpolation:0}
execute if entity @s[tag=aj.mech_torso.bone.torso] run data modify entity @s {} merge value {transformation:[-1.239509165442635f,0.027686916351239182f,-0.49053872550945427f,0f,0f,1.3312146054119691f,0.07513622372486614f,0.20333875f,0.4913194546946825f,0.06984902847278995f,-1.2375395284344273f,-0.005674375000000009f,0f,0f,0f,1f],start_interpolation:0}