execute if entity @s[tag=aj.mech_torso.bone.sword_left] run data modify entity @s {} merge value {transformation:[-2.830523572711602f,-0.46257193931166196f,0.19947056245320038f,1.50035920313278f,-0.49106823642911174f,2.279934572046106f,-1.681182718909322f,-0.43499771852268065f,0.11230891101934057f,-1.6892455559066561f,-2.3236740650003527f,0.4392509890159854f,0f,0f,0f,1f],start_interpolation:0}
execute if entity @s[tag=aj.mech_torso.bone.blaster_left] run data modify entity @s {} merge value {transformation:[-0.9845299383344702f,-0.16089458758666503f,0.06938106520111317f,1.50035920313278f,-0.170806343105778f,0.793020720711689f,-0.5847592065771555f,-0.43499771852268065f,0.03906396905020541f,-0.5875636716197065f,-0.8082344573914271f,0.4392509890159854f,0f,0f,0f,1f],start_interpolation:0}
execute if entity @s[tag=aj.mech_torso.bone.drill_left] run data modify entity @s {} merge value {transformation:[-0.9845299383344702f,-0.16089458758666503f,0.06938106520111317f,1.50035920313278f,-0.170806343105778f,0.793020720711689f,-0.5847592065771555f,-0.43499771852268065f,0.03906396905020541f,-0.5875636716197065f,-0.8082344573914271f,0.4392509890159854f,0f,0f,0f,1f],start_interpolation:0}
execute if entity @s[tag=aj.mech_torso.bone.left_hand] run data modify entity @s {} merge value {transformation:[-0.9845299383344702f,-0.16089458758666503f,0.06938106520111317f,1.531125763705732f,-0.170806343105778f,0.793020720711689f,-0.5847592065771555f,-0.4296600203006251f,0.03906396905020541f,-0.5875636716197065f,-0.8082344573914271f,0.4380302399831665f,0f,0f,0f,1f],start_interpolation:0}
execute if entity @s[tag=aj.mech_torso.bone.left_arm_low] run data modify entity @s {} merge value {transformation:[-0.9845299383344702f,-0.16089458758666503f,0.06938106520111317f,1.3416327738336495f,-0.170806343105778f,0.793020720711689f,-0.5847592065771555f,0.33974927698347224f,0.03906396905020541f,-0.5875636716197065f,-0.8082344573914271f,-0.1735700093972032f,0f,0f,0f,1f],start_interpolation:0}
execute if entity @s[tag=aj.mech_torso.bone.left_arm] run data modify entity @s {} merge value {transformation:[-1.0895735396634514f,-0.18355120652830648f,-0.0625334692887598f,1.1242788853756118f,-0.18903038354482973f,1.08497180557156f,0.10897556490200774f,1.4373299079908906f,0.04323186667470954f,0.11797081940386826f,-1.0995389351937603f,-0.05242708509071101f,0f,0f,0f,1f],start_interpolation:0}
execute if entity @s[tag=aj.mech_torso.bone.sword_right] run data modify entity @s {} merge value {transformation:[-2.7248280283040787f,0.16314632250543723f,-0.902397082010717f,-1.5249725211999552f,0.7448667685876399f,2.0439690886494772f,-1.879624659792277f,-0.25020960260846503f,0.5348931792632173f,-2.0152415840534794f,-1.9794735776663728f,0.9914513696775812f,0f,0f,0f,1f],start_interpolation:0}
execute if entity @s[tag=aj.mech_torso.bone.right_hand] run data modify entity @s {} merge value {transformation:[-0.9477662707144621f,0.05674654695841295f,-0.31387724591677113f,-1.5528168875673318f,0.2590840934217878f,0.7109457699650356f,-0.6537824903625311f,-0.2198961693776268f,0.18604980148285818f,-0.7009535944533841f,-0.688512548753521f,0.9753606261472523f,0f,0f,0f,1f],start_interpolation:0}
execute if entity @s[tag=aj.mech_torso.bone.right_arm_low] run data modify entity @s {} merge value {transformation:[-0.9581828546814546f,0.07960259279140303f,-0.2748618638796301f,-1.4518605138133718f,0.264085274135834f,0.615898819955955f,-0.7422449808260502f,0.3645548301107693f,0.11020247265419969f,-0.7837933852730248f,-0.6111655620395771f,0.16902448979004686f,0f,0f,0f,1f],start_interpolation:0}
execute if entity @s[tag=aj.mech_torso.bone.right_arm] run data modify entity @s {} merge value {transformation:[-1.0588151215868282f,0.2957653317309488f,-0.1273003746230935f,-1.1213048989331038f,0.3023352200650939f,1.0637172412998608f,-0.04325533266121993f,1.4373299079908906f,0.1107968029380332f,-0.07616086686431148f,-1.0984969591907003f,0.0884752486364033f,0f,0f,0f,1f],start_interpolation:0}
execute if entity @s[tag=aj.mech_torso.bone.torso] run data modify entity @s {} merge value {transformation:[-1.330716316627387f,0.0007946114550116375f,-0.0834938981725786f,0f,0f,1.3332729552381508f,0.012688759131830742f,0.20333875f,0.08349767924569736f,0.012663854110861444f,-1.3306560570400674f,-0.005674375000000009f,0f,0f,0f,1f],start_interpolation:0}