execute if entity @s[tag=aj.mech_torso.bone.sword_left] run data modify entity @s {} merge value {transformation:[-2.831059495336997f,-0.16877449433184655f,-0.4714258201724372f,1.1509656737052396f,-0.078120278395496f,2.8224940686745255f,-0.54134042376358f,-0.5777066449990405f,0.4945951434917611f,-0.5202570541185882f,-2.7839420327431768f,-0.45992091540899066f,0f,0f,0f,1f],start_interpolation:0}
execute if entity @s[tag=aj.mech_torso.bone.blaster_left] run data modify entity @s {} merge value {transformation:[-0.9847163462041729f,-0.05870417194151185f,-0.16397419832084772f,1.1509656737052396f,-0.02717227074625948f,0.9817370673650523f,-0.1882923213090713f,-0.5777066449990405f,0.17203309338843864f,-0.1809589753455959f,-0.968327663562844f,-0.45992091540899066f,0f,0f,0f,1f],start_interpolation:0}
execute if entity @s[tag=aj.mech_torso.bone.drill_left] run data modify entity @s {} merge value {transformation:[-0.9847163462041729f,-0.05870417194151185f,-0.16397419832084772f,1.1509656737052396f,-0.02717227074625948f,0.9817370673650523f,-0.1882923213090713f,-0.5777066449990405f,0.17203309338843864f,-0.1809589753455959f,-0.968327663562844f,-0.45992091540899066f,0f,0f,0f,1f],start_interpolation:0}
execute if entity @s[tag=aj.mech_torso.bone.left_hand] run data modify entity @s {} merge value {transformation:[-0.9847163462041729f,-0.05870417194151185f,-0.16397419832084772f,1.18173805952412f,-0.02717227074625948f,0.9817370673650523f,-0.1882923213090713f,-0.5768575115382198f,0.17203309338843864f,-0.1809589753455959f,-0.968327663562844f,-0.4652969495773794f,0f,0f,0f,1f],start_interpolation:0}
execute if entity @s[tag=aj.mech_torso.bone.left_arm_low] run data modify entity @s {} merge value {transformation:[-0.9847163462041729f,-0.05870417194151185f,-0.16397419832084772f,1.0871373080662012f,-0.02717227074625948f,0.9817370673650523f,-0.1882923213090713f,0.3981462873251034f,0.17203309338843864f,-0.1809589753455959f,-0.968327663562844f,-0.6711401302409254f,0f,0f,0f,1f],start_interpolation:0}
execute if entity @s[tag=aj.mech_torso.bone.left_arm] run data modify entity @s {} merge value {transformation:[-1.089779836165472f,0.04559194608232749f,-0.18727856704281667f,1.1027110049208253f,-0.030071393529972682f,1.0219060174046544f,0.4237638274054924f,1.4361065234328727f,0.19038802092660695f,0.42237595170489123f,-1.0050487229199712f,-0.2364016217954645f,0f,0f,0f,1f],start_interpolation:0}
execute if entity @s[tag=aj.mech_torso.bone.sword_right] run data modify entity @s {} merge value {transformation:[-2.327291957998008f,-0.200481250609996f,-1.6760502410105884f,-1.1213858818884404f,0.9438612722239931f,2.212118496804391f,-1.5752087654947797f,-0.21810048577936805f,1.3994509784317222f,-1.8253668190941053f,-1.7248762085195457f,1.4614528236488418f,0f,0f,0f,1f],start_interpolation:0}
execute if entity @s[tag=aj.mech_torso.bone.right_hand] run data modify entity @s {} merge value {transformation:[-0.8094928549558288f,-0.06973260890782469f,-0.5829739968732481f,-1.1488616776341796f,0.32829957294747586f,0.7694325206276144f,-0.5478987010416625f,-0.18379635785514647f,0.48676555771538166f,-0.6349101979457757f,-0.599956942093755f,1.456823303641642f,0f,0f,0f,1f],start_interpolation:0}
execute if entity @s[tag=aj.mech_torso.bone.right_arm_low] run data modify entity @s {} merge value {transformation:[-0.8440100355132413f,-0.2066250328956617f,-0.4949274247137695f,-1.3445778789423577f,0.2853141096624342f,0.6084166661100252f,-0.7405572356186217f,0.3925618287148458f,0.45413975688159003f,-0.7662475162637912f,-0.4545567346757734f,0.6621790220166833f,0f,0f,0f,1f],start_interpolation:0}
execute if entity @s[tag=aj.mech_torso.bone.right_arm] run data modify entity @s {} merge value {transformation:[-0.9465716429191386f,0.24184031322449703f,-0.5198916870415103f,-1.0720087037316977f,0.35322485717806223f,1.0363760916330687f,-0.1610241456953916f,1.4361065234328727f,0.45167056980384285f,-0.30366072865102317f,-0.9636160214433079f,0.3407415049922379f,0f,0f,0f,1f],start_interpolation:0}
execute if entity @s[tag=aj.mech_torso.bone.torso] run data modify entity @s {} merge value {transformation:[-1.288722790312606f,0.013261593487118938f,-0.34175353347822274f,0f,0f,1.3323306033389732f,0.05170049500908897f,0.20333875f,0.3420107418001199f,0.049970704641492086f,-1.2877536095654099f,-0.005674375000000009f,0f,0f,0f,1f],start_interpolation:0}