execute if entity @s[tag=aj.mech_torso.bone.sword_left] run data modify entity @s {} merge value {transformation:[-2.0794811745392003f,1.7280608896154068f,0.977337509010409f,-0.40461362174408005f,1.4956708509998542f,0.432937428055818f,2.4168489586355584f,1.0142610010115252f,1.3055082344460478f,2.256545090435823f,-1.2121375766073508f,-2.379121031086824f,0f,0f,0f,1f],start_interpolation:0}
execute if entity @s[tag=aj.mech_torso.bone.blaster_left] run data modify entity @s {} merge value {transformation:[-0.7232977998397219f,0.6010646572575328f,0.33994348139492486f,-0.40461362174408005f,0.5202333394782102f,0.15058693149767582f,0.8406431160471507f,1.0142610010115252f,0.4540898206768862f,0.7848852488472428f,-0.4216130701242959f,-2.379121031086824f,0f,0f,0f,1f],start_interpolation:0}
execute if entity @s[tag=aj.mech_torso.bone.drill_left] run data modify entity @s {} merge value {transformation:[-0.7232977998397219f,0.6010646572575328f,0.33994348139492486f,-0.40461362174408005f,0.5202333394782102f,0.15058693149767582f,0.8406431160471507f,1.0142610010115252f,0.4540898206768862f,0.7848852488472428f,-0.4216130701242959f,-2.379121031086824f,0f,0f,0f,1f],start_interpolation:0}
execute if entity @s[tag=aj.mech_torso.bone.left_hand] run data modify entity @s {} merge value {transformation:[-0.7232977998397219f,0.6010646572575328f,0.33994348139492486f,-0.38201056549908874f,0.5202333394782102f,0.15058693149767582f,0.8406431160471507f,0.9980037091528311f,0.4540898206768862f,0.7848852488472428f,-0.4216130701242959f,-2.3933113379829765f,0f,0f,0f,1f],start_interpolation:0}
execute if entity @s[tag=aj.mech_torso.bone.left_arm_low] run data modify entity @s {} merge value {transformation:[-0.7232977998397219f,0.6010646572575328f,0.33994348139492486f,0.2070742693070442f,0.5202333394782102f,0.15058693149767582f,0.8406431160471507f,1.1911180298856745f,0.4540898206768862f,0.7848852488472428f,-0.4216130701242959f,-1.607411190680965f,0f,0f,0f,1f],start_interpolation:0}
execute if entity @s[tag=aj.mech_torso.bone.left_arm] run data modify entity @s {} merge value {transformation:[-0.8004694558454545f,0.6826778775503316f,0.3434698593703433f,0.8784412685448215f,0.5757392021060549f,0.21163132492584188f,0.9211452285076678f,1.422507241395376f,0.5025385556858227f,0.8449467890627991f,-0.5082242637219324f,-0.7342978259731625f,0f,0f,0f,1f],start_interpolation:0}
execute if entity @s[tag=aj.mech_torso.bone.sword_right] run data modify entity @s {} merge value {transformation:[-0.8840128839880808f,-0.06571775230392117f,-2.734927311278162f,0.612057665675299f,0.3505418393362931f,2.8477566354615815f,-0.18173487298607185f,-0.1923899012023214f,2.7131654280227377f,-0.3893434502038731f,-0.8676232119794512f,1.6627783134017433f,0f,0f,0f,1f],start_interpolation:0}
execute if entity @s[tag=aj.mech_torso.bone.right_hand] run data modify entity @s {} merge value {transformation:[-0.30748274225672373f,-0.022858348627450842f,-0.9512790647924041f,0.6017345065851685f,0.12192759629088457f,0.9905240471170718f,-0.06321212973428586f,-0.15762578734582278f,0.9437097140948653f,-0.13542380876656457f,-0.3017819867754613f,1.6880372479432526f,0f,0f,0f,1f],start_interpolation:0}
execute if entity @s[tag=aj.mech_torso.bone.right_arm_low] run data modify entity @s {} merge value {transformation:[-0.31131372936005414f,-0.6768406933748152f,-0.6670610449605301f,-0.08622329040216159f,0.09229978666627625f,0.6770881820802103f,-0.730090640310281f,0.49376269389137006f,0.945814205482924f,-0.2888568321491038f,-0.14831459546345963f,1.3649888907645744f,0f,0f,0f,1f],start_interpolation:0}
execute if entity @s[tag=aj.mech_torso.bone.right_arm] run data modify entity @s {} merge value {transformation:[-0.46518816635914767f,-0.5053321055075907f,-0.8677623012995593f,-0.5867784619956231f,0.1319559521396575f,0.9172975969337963f,-0.6049171215037868f,1.422507241395376f,0.9954695249520994f,-0.35773811697494035f,-0.3253242122696889f,0.9732241039694622f,0f,0f,0f,1f],start_interpolation:0}
execute if entity @s[tag=aj.mech_torso.bone.torso] run data modify entity @s {} merge value {transformation:[-0.868278358838782f,0.14781628140014974f,-1.0010098982043285f,0f,0f,1.3190297772839843f,0.19477737141654883f,0.20333875f,1.011864847373407f,0.12684073229436965f,-0.8589637577097166f,-0.005674375000000009f,0f,0f,0f,1f],start_interpolation:0}