execute if entity @s[tag=aj.mech_torso.bone.sword_left] run data modify entity @s {} merge value {transformation:[-2.115546060545681f,1.5903509773628557f,1.1228862963411128f,-0.2732082929893462f,1.56241614223738f,0.397671138552341f,2.3804072055088707f,1.026385848745362f,1.1614412013467206f,2.3618353952728155f,-1.1568979650128142f,-2.398182890200284f,0f,0f,0f,1f],start_interpolation:0}
execute if entity @s[tag=aj.mech_torso.bone.blaster_left] run data modify entity @s {} merge value {transformation:[-0.735842108015889f,0.553165557343602f,0.39056914655343056f,-0.2732082929893462f,0.5434490929521322f,0.13832039601820556f,0.8279677236552594f,1.026385848745362f,0.4039795482945115f,0.8215079635731531f,-0.4023992921783701f,-2.398182890200284f,0f,0f,0f,1f],start_interpolation:0}
execute if entity @s[tag=aj.mech_torso.bone.drill_left] run data modify entity @s {} merge value {transformation:[-0.735842108015889f,0.553165557343602f,0.39056914655343056f,-0.2732082929893462f,0.5434490929521322f,0.13832039601820556f,0.8279677236552594f,1.026385848745362f,0.4039795482945115f,0.8215079635731531f,-0.4023992921783701f,-2.398182890200284f,0f,0f,0f,1f],start_interpolation:0}
execute if entity @s[tag=aj.mech_torso.bone.left_hand] run data modify entity @s {} merge value {transformation:[-0.735842108015889f,0.553165557343602f,0.39056914655343056f,-0.25021322711384963f,0.5434490929521322f,0.13832039601820556f,0.8279677236552594f,1.009403064590608f,0.4039795482945115f,0.8215079635731531f,-0.4023992921783701f,-2.4108072510844876f,0f,0f,0f,1f],start_interpolation:0}
execute if entity @s[tag=aj.mech_torso.bone.left_arm_low] run data modify entity @s {} merge value {transformation:[-0.735842108015889f,0.553165557343602f,0.39056914655343056f,0.2921625501840506f,0.5434490929521322f,0.13832039601820556f,0.8279677236552594f,1.1905802361277946f,0.4039795482945115f,0.8215079635731531f,-0.4023992921783701f,-1.5892499045077049f,0f,0f,0f,1f],start_interpolation:0}
execute if entity @s[tag=aj.mech_torso.bone.left_arm] run data modify entity @s {} merge value {transformation:[-0.8143521685288877f,0.6386101334952824f,0.3921474487274703f,0.9183408709778846f,0.6014319410504159f,0.21144668059046776f,0.9046225180071686f,1.422507241395376f,0.44708180955017085f,0.8787715159234728f,-0.5026434689767034f,-0.6833182639876128f,0f,0f,0f,1f],start_interpolation:0}
execute if entity @s[tag=aj.mech_torso.bone.sword_right] run data modify entity @s {} merge value {transformation:[-1.6123133179388542f,-0.09047954229845905f,-2.3786307441934875f,0.3694661353023857f,-0.339293178044877f,2.852322969432902f,0.12148587316097419f,-0.3073063218635861f,2.3560456073958354f,0.348843991593575f,-1.6102738790031508f,1.6716860517029055f,0f,0f,0f,1f],start_interpolation:0}
execute if entity @s[tag=aj.mech_torso.bone.right_hand] run data modify entity @s {} merge value {transformation:[-0.560804632326558f,-0.0314711451472901f,-0.8273498240673001f,0.35095751725632796f,-0.118015018450392f,0.9921123371940528f,0.04225595588207798f,-0.27999078065284666f,0.819494124311595f,0.12133704055428696f,-0.5600952622619655f,1.7010870256049644f,0f,0f,0f,1f],start_interpolation:0}
execute if entity @s[tag=aj.mech_torso.bone.right_arm_low] run data modify entity @s {} merge value {transformation:[-0.5850122028463128f,-0.5563628438365162f,-0.5901026254127741f,-0.2055644022853903f,-0.05015591897744886f,0.7510273946770769f,-0.658363301100608f,0.45203013333288156f,0.8094721158337896f,-0.3555534255814543f,-0.4672650802754914f,1.305635562645095f,0f,0f,0f,1f],start_interpolation:0}
execute if entity @s[tag=aj.mech_torso.bone.right_arm] run data modify entity @s {} merge value {transformation:[-0.7103042227599943f,-0.4484132335342499f,-0.7205313745109971f,-0.6413378031856221f,-0.03367625425867311f,0.9537501968273028f,-0.5603556464291355f,1.422507241395376f,0.8480010610621036f,-0.3377249066581669f,-0.6257859589302935f,0.9383791286721785f,0f,0f,0f,1f],start_interpolation:0}
execute if entity @s[tag=aj.mech_torso.bone.torso] run data modify entity @s {} merge value {transformation:[-0.9242540291339298f,0.14038664683348667f,-0.9506965114053614f,0f,9.25185853854297e-18f,1.3190297772839843f,0.19477737141654883f,0.20333875f,0.9610058623169133f,0.13501782773689586f,-0.9143389396517647f,-0.005674375000000009f,0f,0f,0f,1f],start_interpolation:0}