execute if entity @s[tag=aj.mech_torso.bone.barrel_left] run data modify entity @s {} merge value {transformation:[-2.0734964968405927f,-0.9825557386157383f,0.053338462236617874f,2.144127614208726f,0.3222102184836235f,-0.7955157684487716f,-2.128610751336372f,0.7008756178877862f,0.929753379206132f,-1.9155645058606974f,0.8566328100137983f,2.095211603293809f,0f,0f,0f,1f],start_interpolation:0}
execute if entity @s[tag=aj.mech_torso.bone.blaster_left] run data modify entity @s {} merge value {transformation:[-0.9034308413150242f,-0.42810352413378794f,0.023239784531250127f,1.899056025807418f,0.1403883002496033f,-0.3466094498177943f,-0.9274443457426615f,0.7324946866052613f,0.4050973217806492f,-0.8346192316986455f,0.37323839294063493f,0.9177311487012062f,0f,0f,0f,1f],start_interpolation:0}
execute if entity @s[tag=aj.mech_torso.bone.sword_left] run data modify entity @s {} merge value {transformation:[-2.4067834270872215f,-1.1404884799627444f,0.061911909247502686f,1.7326197293993553f,0.3740012172994553f,-0.9233843271046785f,-2.4707565635351614f,1.9475376816415555f,1.0791988449275356f,-2.223465973174724f,0.9943251186495103f,0.7426090230332452f,0f,0f,0f,1f],start_interpolation:0}
execute if entity @s[tag=aj.mech_torso.bone.rocket_left] run data modify entity @s {} merge value {transformation:[-2.081771546917521f,-0.9864769885203353f,0.05355132897968057f,1.5452956813182546f,0.32349611681878476f,-0.7986905665884984f,-2.13710575510823f,0.5231603620014482f,0.9334639018830918f,-1.9232092702650436f,0.8600515181771374f,0.5870453889388996f,0f,0f,0f,1f],start_interpolation:0}
execute if entity @s[tag=aj.mech_torso.bone.drillhead_left1] run data modify entity @s {} merge value {transformation:[0.023239784531249925f,-0.42810352413378794f,0.9034308413150242f,2.0877841082958772f,-0.9274443457426615f,-0.3466094498177943f,-0.1403883002496035f,0.9241769941188062f,0.37323839294063504f,-0.8346192316986455f,-0.40509732178064917f,1.8934511689303124f,0f,0f,0f,1f],start_interpolation:0}
execute if entity @s[tag=aj.mech_torso.bone.drillhead_left2] run data modify entity @s {} merge value {transformation:[-0.8435547438422469f,-0.42810352413378794f,-0.3242572539905201f,1.9084320062738205f,0.48461946276105466f,-0.3466094498177943f,-0.8031225719715473f,1.2645910245812217f,0.23142897496732817f,-0.8346192316986455f,0.499851345526182f,1.8440760151988083f,0f,0f,0f,1f],start_interpolation:0}
execute if entity @s[tag=aj.mech_torso.bone.drillhead_left3] run data modify entity @s {} merge value {transformation:[0.8257677828185593f,-0.42810352413378794f,-0.3671987765273085f,2.2512324299731623f,0.22521570835173893f,-0.3466094498177943f,0.9105711251783855f,1.2114417782725821f,-0.5170932735692328f,-0.8346192316986455f,-0.1898032784443338f,1.6903148345730155f,0f,0f,0f,1f],start_interpolation:0}
execute if entity @s[tag=aj.mech_torso.bone.left_hand] run data modify entity @s {} merge value {transformation:[-0.9034308413150242f,-0.42810352413378794f,0.023239784531250127f,1.7578949568519455f,0.1403883002496033f,-0.3466094498177943f,-0.9274443457426615f,0.7544303585192618f,0.4050973217806492f,-0.8346192316986455f,0.37323839294063493f,0.9810276052294327f,0f,0f,0f,1f],start_interpolation:0}
execute if entity @s[tag=aj.mech_torso.bone.left_arm_low] run data modify entity @s {} merge value {transformation:[-0.8685812085802157f,-0.4944240951857992f,0.033339139176583904f,1.210226384229151f,0.08277131276963293f,-0.21108296912099495f,-0.9739573347582824f,0.5180844297351725f,0.4885852984727676f,-0.8432015146136592f,0.2242668318532806f,0.17537101026573643f,0f,0f,0f,1f],start_interpolation:0}
execute if entity @s[tag=aj.mech_torso.bone.left_arm] run data modify entity @s {} merge value {transformation:[-0.9612537568120081f,-0.24754845355003505f,-0.4893699589204623f,0.9314400677949979f,0.09160252900949495f,0.9011882741710239f,-0.6357992212245499f,1.4367658668445955f,0.5407144997389042f,-0.5927490499154474f,-0.7622652898633578f,-0.41191441385071637f,0f,0f,0f,1f],start_interpolation:0}
execute if entity @s[tag=aj.mech_torso.bone.drillhead_right1] run data modify entity @s {} merge value {transformation:[-0.40154337473784585f,0.007166974413050448f,0.915811963604923f,-1.504754094929448f,-0.6554716292341782f,0.6961319640627055f,-0.2928433572394841f,-1.0235542924587775f,-0.6396247817847849f,-0.7178780697917737f,-0.27482942971742175f,1.2711741548512023f,0f,0f,0f,1f],start_interpolation:0}
execute if entity @s[tag=aj.mech_torso.bone.drillhead_right2] run data modify entity @s {} merge value {transformation:[-0.6924359319154195f,0.007166974413050448f,-0.7214437709691501f,-1.5678436631631387f,0.5213901168787233f,0.6961319640627055f,-0.4935105212975621f,-0.7871797242920968f,0.49868309196684824f,-0.7178780697917737f,-0.4857635748987577f,1.4997585593290843f,0f,0f,0f,1f],start_interpolation:0}
execute if entity @s[tag=aj.mech_torso.bone.drillhead_right3] run data modify entity @s {} merge value {transformation:[0.9997639256917003f,0.007166974413050448f,0.020511639702460838f,-1.2202900472293983f,-0.019713851092177492f,0.6961319640627055f,0.717643123485006f,-0.898212826722229f,-0.0091354781285021f,-0.7178780697917737f,0.6961089138571641f,1.395558714054802f,0f,0f,0f,1f],start_interpolation:0}
execute if entity @s[tag=aj.mech_torso.bone.drill_right] run data modify entity @s {} merge value {transformation:[-0.613881686325832f,0.010956909303782928f,1.4000982906073425f,-1.4182311352396362f,-1.0020885772445367f,1.0642503173738695f,-0.44770051078257506f,-0.5284581054831425f,-0.9778618310268138f,-1.0974958816038751f,-0.4201607208114053f,1.0322032302034883f,0f,0f,0f,1f],start_interpolation:0}
execute if entity @s[tag=aj.mech_torso.bone.barrel_right] run data modify entity @s {} merge value {transformation:[-2.101912854265022f,0.01644917979197522f,-0.9215965879984244f,-1.5868856380425822f,0.6721152827539741f,1.597717415449028f,-1.5043964239887437f,-1.3490778716791438f,0.6307708721990192f,-1.6476276819432676f,-1.468025756562274f,1.115046836110429f,0f,0f,0f,1f],start_interpolation:0}
execute if entity @s[tag=aj.mech_torso.bone.blaster_right] run data modify entity @s {} merge value {transformation:[-0.9158119636049231f,0.007166974413050448f,-0.4015433747378456f,-1.1586299174348351f,0.29284335723948396f,0.6961319640627055f,-0.6554716292341783f,-0.36207504215502817f,0.2748294297174216f,-0.7178780697917737f,-0.639624781784785f,0.5765837248633983f,0f,0f,0f,1f],start_interpolation:0}
execute if entity @s[tag=aj.mech_torso.bone.rocket_right] run data modify entity @s {} merge value {transformation:[-2.1103013102633246f,0.01651482629135942f,-0.9252745580012834f,-1.2660002627373868f,0.6747976058882222f,1.604093694184857f,-1.5104002709993498f,-0.02752197220960992f,0.6332881952629683f,-1.6542031459466977f,-1.4738844530530968f,0.2034334001419706f,0f,0f,0f,1f],start_interpolation:0}
execute if entity @s[tag=aj.mech_torso.bone.sword_right] run data modify entity @s {} merge value {transformation:[-2.439767335288423f,0.019093166240129692f,-1.0697309582313999f,-0.9087510047554735f,0.7801488577815853f,1.8545291986413106f,-1.7462081014085975f,0.35333010450539926f,0.7321588841896475f,-1.9124618753653253f,-1.7039913338724537f,1.5566114206849075f,0f,0f,0f,1f],start_interpolation:0}
execute if entity @s[tag=aj.mech_torso.bone.right_hand] run data modify entity @s {} merge value {transformation:[-0.9158119636049231f,0.007166974413050448f,-0.4015433747378456f,-1.4734402799240274f,0.29284335723948396f,0.6961319640627055f,-0.6554716292341783f,-0.2614101381039555f,0.2748294297174216f,-0.7178780697917737f,-0.639624781784785f,0.6710563413287619f,0f,0f,0f,1f],start_interpolation:0}
execute if entity @s[tag=aj.mech_torso.bone.right_arm_low] run data modify entity @s {} merge value {transformation:[-0.9158119636049231f,0.007166974413050448f,-0.4015433747378456f,-1.421583288246227f,0.29284335723948396f,0.6961319640627055f,-0.6554716292341783f,0.3959356277177142f,0.2748294297174216f,-0.7178780697917737f,-0.639624781784785f,-0.08398684225112518f,0f,0f,0f,1f],start_interpolation:0}
execute if entity @s[tag=aj.mech_torso.bone.right_arm] run data modify entity @s {} merge value {transformation:[-1.0135237578851142f,0.3721124292836263f,-0.24305125119839024f,-1.0146966216847881f,0.3240880352040197f,1.0328964490952153f,0.2299213983476127f,1.4367658668445955f,0.30415212669659714f,0.13938882291332302f,-1.0549095783083984f,0.049119192148519786f,0f,0f,0f,1f],start_interpolation:0}
execute if entity @s[tag=aj.mech_torso.bone.torso] run data modify entity @s {} merge value {transformation:[-1.2841708633526896f,-0.0012543825658125366f,-0.30421341630050835f,0f,0f,1.3197016978454816f,-0.005441610110368461f,0.20333875f,0.30421600242730135f,-0.0052950585428161055f,-1.284159946672929f,-0.005674375000000009f,0f,0f,0f,1f],start_interpolation:0}