execute if entity @s[tag=aj.mech_torso.bone.barrel_left] run data modify entity @s {} merge value {transformation:[-0.5480402092732043f,0.5881017419682438f,2.149752721492497f,1.831902075099822f,1.1698341421019451f,-1.8084151914822104f,0.7929508614281622f,3.068267104737713f,1.8970473115984976f,1.2850756124683778f,0.13206309570290747f,-1.9840919637239016f,0f,0f,0f,1f],start_interpolation:0}
execute if entity @s[tag=aj.mech_torso.bone.blaster_left] run data modify entity @s {} merge value {transformation:[-0.2387833440242444f,0.25623831645472417f,0.9366559879683942f,1.723320991209959f,0.509701484814927f,-0.7879338404366961f,0.34549190941632524f,1.9279474207347682f,0.8265512149855316f,0.5599126612920343f,0.05754042692588962f,-1.6161228938383596f,0f,0f,0f,1f],start_interpolation:0}
execute if entity @s[tag=aj.mech_torso.bone.sword_left] run data modify entity @s {} merge value {transformation:[-0.6361303696755483f,0.6826312598873472f,2.4952968236538875f,0.49107264519902216f,1.3578693911187318f,-2.099093834392313f,0.9204071454607123f,1.8026529603124115f,2.2019723866968475f,1.4916343921272754f,0.15329047845120472f,-1.59238281405653f,0f,0f,0f,1f],start_interpolation:0}
execute if entity @s[tag=aj.mech_torso.bone.rocket_left] run data modify entity @s {} merge value {transformation:[-0.5502273652114062f,0.5904487781810038f,2.1583321000689595f,1.8726712511815575f,1.1745027953272311f,-1.8156323371548435f,0.7961154233634534f,1.6352146018572729f,1.9046181763314252f,1.2902041791488705f,0.13259014203837072f,-1.2034216591679852f,0f,0f,0f,1f],start_interpolation:0}
execute if entity @s[tag=aj.mech_torso.bone.drillhead_left1] run data modify entity @s {} merge value {transformation:[0.9366559879683942f,0.25623831645472417f,0.2387833440242446f,1.5955330573812747f,0.34549190941632535f,-0.7879338404366961f,-0.5097014848149269f,2.8798072106672743f,0.0575404269258898f,0.5599126612920343f,-0.8265512149855316f,-1.9355335046308273f,0f,0f,0f,1f],start_interpolation:0}
execute if entity @s[tag=aj.mech_torso.bone.drillhead_left2] run data modify entity @s {} merge value {transformation:[-0.5790497726696603f,0.25623831645472417f,0.7739788666053257f,1.2333252102594376f,0.3386887397613154f,-0.7879338404366961f,0.5142472174485455f,2.859675049406304f,0.741613982021717f,0.5599126612920343f,0.3694678787049894f,-1.7981036461293625f,0f,0f,0f,1f],start_interpolation:0}
execute if entity @s[tag=aj.mech_torso.bone.drillhead_left3] run data modify entity @s {} merge value {transformation:[-0.13783568417245853f,0.25623831645472417f,-0.9567357259709496f,1.3238088894334614f,-0.6031167992609315f,-0.7879338404366961f,-0.12413859006742758f,2.6662258184256244f,-0.7856535181732213f,0.5599126612920343f,0.2631470332474076f,-2.1117428853440665f,0f,0f,0f,1f],start_interpolation:0}
execute if entity @s[tag=aj.mech_torso.bone.left_hand] run data modify entity @s {} merge value {transformation:[-0.2387833440242444f,0.25623831645472417f,0.9366559879683942f,1.6860110937061707f,0.509701484814927f,-0.7879338404366961f,0.34549190941632524f,2.0075882777371006f,0.8265512149855316f,0.5599126612920343f,0.05754042692588962f,-1.4869742664968704f,0f,0f,0f,1f],start_interpolation:0}
execute if entity @s[tag=aj.mech_torso.bone.left_arm_low] run data modify entity @s {} merge value {transformation:[0.27780925069000667f,0.027530975217151588f,0.960241670432319f,1.7609126992924578f,0.46139334572663565f,-0.8805681744332737f,-0.1082398757133117f,1.1524746912957007f,0.8425783054115734f,0.4731191557935956f,-0.2573325934873334f,-0.9692356101615307f,0f,0f,0f,1f],start_interpolation:0}
execute if entity @s[tag=aj.mech_torso.bone.left_arm] run data modify entity @s {} merge value {transformation:[0.306147461422223f,-1.054977352139048f,-0.13441910903007792f,0.6971297243329639f,0.5099139214057167f,0.26836101356596953f,-0.9448503255481887f,1.4396732325719892f,0.9332917567167308f,0.19944205024406697f,0.5603225356641208f,-0.740140995263883f,0f,0f,0f,1f],start_interpolation:0}
execute if entity @s[tag=aj.mech_torso.bone.drillhead_right1] run data modify entity @s {} merge value {transformation:[-0.8210909739698745f,0.0236407782153695f,0.5703075714652355f,-1.937668998821803f,-0.19626878703328923f,0.9265253868655048f,-0.32098172958940796f,-0.9177467860928836f,-0.5359927011645627f,-0.37548877626248467f,-0.7561216854443588f,0.7716897077414407f,0f,0f,0f,1f],start_interpolation:0}
execute if entity @s[tag=aj.mech_torso.bone.drillhead_right2] run data modify entity @s {} merge value {transformation:[-0.21267758031016287f,0.0236407782153695f,-0.97683640413264f,-1.8194584974033587f,0.3716572633657585f,0.9265253868655048f,-0.058494325205114814f,-0.8026845714130142f,0.9036808758742712f,-0.37548877626248467f,-0.205837444309854f,1.063050350543055f,0f,0f,0f,1f],start_interpolation:0}
execute if entity @s[tag=aj.mech_torso.bone.drillhead_right3] run data modify entity @s {} merge value {transformation:[0.8411134047157354f,0.0236407782153695f,0.5403418862284098f,-1.6029506862376521f,-0.22143963718969456f,0.9265253868655048f,0.3041631052166303f,-0.9244543700819148f,-0.49344982266568976f,-0.37548877626248467f,0.784547928052902f,0.7762124915086649f,0f,0f,0f,1f],start_interpolation:0}
execute if entity @s[tag=aj.mech_torso.bone.drill_right] run data modify entity @s {} merge value {transformation:[-1.2552883285812533f,0.03614214978987223f,0.8718893044220641f,-1.756007705703809f,-0.30005678473908903f,1.4164770301191627f,-0.49071860684732216f,-0.39836088176632506f,-0.8194285448341814f,-0.5740492750476247f,-1.1559629283664652f,0.688316950153232f,0f,0f,0f,1f],start_interpolation:0}
execute if entity @s[tag=aj.mech_torso.bone.barrel_right] run data modify entity @s {} merge value {transformation:[-1.3089333432911734f,0.0542587972099806f,-1.8845153167848263f,-2.188723336701539f,0.7366966694259605f,2.1265016158880496f,-0.45046352608497103f,-1.1125831552185823f,1.7354019746237428f,-0.8617977454145114f,-1.2301760548479135f,0.5816964463939722f,0f,0f,0f,1f],start_interpolation:0}
execute if entity @s[tag=aj.mech_torso.bone.blaster_right] run data modify entity @s {} merge value {transformation:[-0.5703075714652357f,0.0236407782153695f,-0.8210909739698744f,-1.6304277672827294f,0.3209817295894079f,0.9265253868655048f,-0.19626878703328932f,-0.10247399423502583f,0.7561216854443586f,-0.37548877626248467f,-0.5359927011645629f,0.24183528362286966f,0f,0f,0f,1f],start_interpolation:0}
execute if entity @s[tag=aj.mech_torso.bone.rocket_right] run data modify entity @s {} merge value {transformation:[-1.31415712301764f,0.05447533688810912f,-1.892036167985151f,-1.7233918988730277f,0.739636728326612f,2.134988202379493f,-0.45226126639553466f,0.37861393715715297f,1.7423277342117107f,-0.8652370661514189f,-1.2350855246602885f,0.09147775967925076f,0f,0f,0f,1f],start_interpolation:0}
execute if entity @s[tag=aj.mech_torso.bone.sword_right] run data modify entity @s {} merge value {transformation:[-1.5193269352493421f,0.0629801758033581f,-2.1874260407194877f,-0.7957018394423114f,0.8551108417431129f,2.46830841267007f,-0.5228695349813894f,0.02376756590670573f,2.0143447159052346f,-1.0003202485874452f,-1.4279104622162853f,1.148474116527792f,0f,0f,0f,1f],start_interpolation:0}
execute if entity @s[tag=aj.mech_torso.bone.right_hand] run data modify entity @s {} merge value {transformation:[-0.5703075714652357f,0.0236407782153695f,-0.8210909739698744f,-1.8264709949739042f,0.3209817295894079f,0.9265253868655048f,-0.19626878703328932f,0.007863475311333135f,0.7561216854443586f,-0.37548877626248467f,-0.5359927011645629f,0.501752112994368f,0f,0f,0f,1f],start_interpolation:0}
execute if entity @s[tag=aj.mech_torso.bone.right_arm_low] run data modify entity @s {} merge value {transformation:[-0.5703075714652357f,0.0236407782153695f,-0.8210909739698744f,-1.792845086478516f,0.3209817295894079f,0.9265253868655048f,-0.19626878703328932f,0.9081941044827097f,0.7561216854443586f,-0.37548877626248467f,-0.5359927011645629f,0.06225595948021828f,0f,0f,0f,1f],start_interpolation:0}
execute if entity @s[tag=aj.mech_torso.bone.right_arm] run data modify entity @s {} merge value {transformation:[-0.6311560625464095f,0.869643600083329f,-0.2648282690330618f,-0.8909945959726442f,0.35522860774317516f,0.5326984397808588f,0.9026721370630157f,1.4396732325719892f,0.83679545857144f,0.42979571847934156f,-0.5829416603958482f,0.4755321282581643f,0f,0f,0f,1f],start_interpolation:0}
execute if entity @s[tag=aj.mech_torso.bone.torso] run data modify entity @s {} merge value {transformation:[-1.0479340893898907f,0.010408245523226185f,-0.8021022348407644f,0f,0f,1.319601822761228f,0.017123427871912518f,0.20333875f,0.8021697617782789f,0.013597066125191584f,-1.0478458739233585f,-0.005674375000000009f,0f,0f,0f,1f],start_interpolation:0}