execute if entity @s[tag=aj.mech_torso.bone.barrel_left] run data modify entity @s {} merge value {transformation:[-0.23658068039098465f,-0.43875692264181165f,-2.2403505167607864f,2.0635863003470982f,2.124070670920622f,0.783155374331341f,-0.3776770287447369f,0.634772518535033f,0.8366611381265736f,-2.112299343355605f,0.3253277077946489f,2.2218457694548275f,0f,0f,0f,1f],start_interpolation:0}
execute if entity @s[tag=aj.mech_torso.bone.blaster_left] run data modify entity @s {} merge value {transformation:[-0.10307916287786219f,-0.19116817238855285f,-0.9761298151608832f,2.3468178419884724f,0.9254662142744441f,0.34122397592212556f,-0.16455541465544496f,0.8478207764985306f,0.3645366544216476f,-0.920337399067058f,0.14174660299828973f,1.072102144339266f,0f,0f,0f,1f],start_interpolation:0}
execute if entity @s[tag=aj.mech_torso.bone.sword_left] run data modify entity @s {} merge value {transformation:[-0.274607872066164f,-0.5092812510381036f,-2.6004570071963258f,3.527558854291425f,2.4654867256941424f,0.9090371643487122f,-0.43838357815381374f,1.2064959029281999f,0.9711432666508998f,-2.451823314088931f,0.37761980147325547f,1.1811942842656824f,0f,0f,0f,1f],start_interpolation:0}
execute if entity @s[tag=aj.mech_torso.bone.rocket_left] run data modify entity @s {} merge value {transformation:[-0.23752484257329465f,-0.44050794344748556f,-2.2492914591469035f,2.1741195231469748f,2.1325475558324527f,0.786280843774131f,-0.37918428777822466f,1.15275214702401f,0.8400001419908032f,-2.120729250457143f,0.3266260476170286f,0.6777514597465124f,0f,0f,0f,1f],start_interpolation:0}
execute if entity @s[tag=aj.mech_torso.bone.drillhead_left1] run data modify entity @s {} merge value {transformation:[-0.9761298151608832f,-0.19116817238855285f,0.10307916287786197f,2.3184678347328407f,-0.16455541465544476f,0.34122397592212556f,-0.9254662142744441f,0.7212194491616497f,0.1417466029982898f,-0.920337399067058f,-0.36453665442164757f,2.0758741976534236f,0f,0f,0f,1f],start_interpolation:0}
execute if entity @s[tag=aj.mech_torso.bone.drillhead_left2] run data modify entity @s {} merge value {transformation:[0.27831597928841356f,-0.19116817238855285f,-0.9412730451565859f,2.6291375916213697f,0.9179919242934701f,0.34122397592212556f,0.20213120785239666f,0.9525630752450945f,0.282543877308823f,-0.920337399067058f,0.27045892345008565f,2.0971162141959176f,0f,0f,0f,1f],start_interpolation:0}
execute if entity @s[tag=aj.mech_torso.bone.drillhead_left3] run data modify entity @s {} merge value {transformation:[0.46878143691092133f,-0.19116817238855285f,0.8623796694457452f,2.6683774903044846f,-0.7920466625042576f,0.34122397592212556f,0.5061899669805432f,0.6014197829408655f,-0.3910320304317776f,-0.920337399067058f,0.008545352823839725f,1.9587757206296879f,0f,0f,0f,1f],start_interpolation:0}
execute if entity @s[tag=aj.mech_torso.bone.left_hand] run data modify entity @s {} merge value {transformation:[-0.10307916287786219f,-0.19116817238855285f,-0.9761298151608832f,2.3307117227888066f,0.9254662142744441f,0.34122397592212556f,-0.16455541465544496f,0.9924248724789125f,0.3645366544216476f,-0.920337399067058f,0.14174660299828973f,1.1290609965926484f,0f,0f,0f,1f],start_interpolation:0}
execute if entity @s[tag=aj.mech_torso.bone.left_arm_low] run data modify entity @s {} merge value {transformation:[-0.5406102688766701f,-0.8343962943143706f,-0.10734691993504486f,1.459172695421674f,0.4828818339349511f,-0.2032806530823954f,-0.851764116723646f,0.7927067053698377f,0.6888872706333834f,-0.5123083057269724f,0.5128104213473494f,0.675833470947367f,0f,0f,0f,1f],start_interpolation:0}
execute if entity @s[tag=aj.mech_torso.bone.left_arm] run data modify entity @s {} merge value {transformation:[-0.6090962471352053f,-0.4374719797862653f,-0.8138746876280908f,0.9972652865101271f,0.5337122918906582f,0.6291660945555814f,-0.7376131733371671f,1.4473504066904632f,0.7542711248249249f,-0.798461189349608f,-0.13530254207434317f,-0.11453652621462812f,0f,0f,0f,1f],start_interpolation:0}
execute if entity @s[tag=aj.mech_torso.bone.drillhead_right1] run data modify entity @s {} merge value {transformation:[-0.3093958151735959f,0.09645196674552901f,0.9460292002174062f,-1.5611329305119885f,0.5797642608733216f,0.8076931670644977f,0.10726206081990194f,-0.5001051681795621f,-0.7537556841358326f,0.5816603527731974f,-0.3058162890440634f,-2.2598069916309385f,0f,0f,0f,1f],start_interpolation:0}
execute if entity @s[tag=aj.mech_torso.bone.drillhead_right2] run data modify entity @s {} merge value {transformation:[-0.7556163627288572f,0.09645196674552901f,-0.6478741625403281f,-1.6553737446653236f,-0.32096339992010026f,0.8076931670644977f,0.494584920705283f,-0.6803715874526439f,0.5709872225261627f,0.5816603527731974f,-0.5793486219226016f,-1.9938619839760021f,0f,0f,0f,1f],start_interpolation:0}
execute if entity @s[tag=aj.mech_torso.bone.drillhead_right3] run data modify entity @s {} merge value {transformation:[0.9924176677489105f,0.09645196674552901f,-0.07618524037326752f,-1.2963662907963571f,-0.12276895470712383f,0.8076931670644977f,-0.5766797478995092f,-0.6397467700611736f,0.005912402213431089f,0.5816603527731974f,0.8134102762516748f,-2.1098048398037506f,0f,0f,0f,1f],start_interpolation:0}
execute if entity @s[tag=aj.mech_torso.bone.drill_right] run data modify entity @s {} merge value {transformation:[-0.47300599813139227f,0.14745628920871795f,1.4462945656172053f,-1.4474878526939552f,0.8863467424128804f,1.234805688812859f,0.16398281958429553f,-0.2023478178002424f,-1.15234577275015f,0.8892454979799084f,-0.4675335991954631f,-1.8035845499195502f,0f,0f,0f,1f],start_interpolation:0}
execute if entity @s[tag=aj.mech_torso.bone.barrel_right] run data modify entity @s {} merge value {transformation:[-2.171265516798644f,0.2213703650731387f,-0.7101054220882965f,-1.619735566690736f,-0.24618099934493606f,1.8537655300682152f,1.3306377300163752f,-0.38560139204619615f,0.7018899234020537f,1.3349895184790732f,-1.7299716802388314f,-2.6069979289318237f,0f,0f,0f,1f],start_interpolation:0}
execute if entity @s[tag=aj.mech_torso.bone.blaster_right] run data modify entity @s {} merge value {transformation:[-0.9460292002174063f,0.09645196674552901f,-0.30939581517359566f,-1.1314813774392287f,-0.10726206081990182f,0.8076931670644977f,0.5797642608733216f,0.23588537467495574f,0.3058162890440632f,0.5816603527731974f,-0.7537556841358327f,-1.6998694290132372f,0f,0f,0f,1f],start_interpolation:0}
execute if entity @s[tag=aj.mech_torso.bone.rocket_right] run data modify entity @s {} merge value {transformation:[-2.179930750093802f,0.22225382490020826f,-0.7129393588403636f,-1.1912828700351956f,-0.247163475129521f,1.8611636629397064f,1.3359481290775326f,0.6659114063099214f,0.7046910731862435f,1.3403172849519953f,-1.736875768240647f,-1.4274787057872471f,0f,0f,0f,1f],start_interpolation:0}
execute if entity @s[tag=aj.mech_torso.bone.sword_right] run data modify entity @s {} merge value {transformation:[-2.520267514123848f,0.2569527012551487f,-0.8242454057535257f,-1.0175661626246777f,-0.2857513143571581f,2.1517336355628967f,1.5445200129058043f,-0.6489487223917099f,0.8147093751340216f,1.5495712933715153f,-2.0080415740625916f,-0.8403403579811759f,0f,0f,0f,1f],start_interpolation:0}
execute if entity @s[tag=aj.mech_torso.bone.right_hand] run data modify entity @s {} merge value {transformation:[-0.9460292002174063f,0.09645196674552901f,-0.30939581517359566f,-1.456678915013962f,-0.10726206081990182f,0.8076931670644977f,0.5797642608733216f,0.1990140412681145f,0.3058162890440632f,0.5816603527731974f,-0.7537556841358327f,-1.5947450796543405f,0f,0f,0f,1f],start_interpolation:0}
execute if entity @s[tag=aj.mech_torso.bone.right_arm_low] run data modify entity @s {} merge value {transformation:[-0.9460292002174063f,0.09645196674552901f,-0.30939581517359566f,-1.31076874247902f,-0.10726206081990182f,0.8076931670644977f,0.5797642608733216f,1.0315287202861474f,0.3058162890440632f,0.5816603527731974f,-0.7537556841358327f,-1.0557531100756419f,0f,0f,0f,1f],start_interpolation:0}
execute if entity @s[tag=aj.mech_torso.bone.right_arm] run data modify entity @s {} merge value {transformation:[-1.0469649973769357f,0.27476483922291123f,-0.2305223545089467f,-1.0018956042719382f,-0.11870629701403057f,0.4057581003870791f,1.0227615350381112f,1.4473504066904632f,0.33844510315671206f,0.9922885798149168f,-0.35438716829502415f,-0.05660783930167698f,0f,0f,0f,1f],start_interpolation:0}
execute if entity @s[tag=aj.mech_torso.bone.torso] run data modify entity @s {} merge value {transformation:[-1.3191592250299655f,0.002943803357743754f,-0.038111093620782674f,0f,2.8616712226143627e-19f,1.315793457498936f,0.10163542502412934f,0.20333875f,0.038224618182280456f,0.10159278341312611f,-1.3152414102893935f,-0.005674375000000009f,0f,0f,0f,1f],start_interpolation:0}