execute if entity @s[tag=aj.mech_torso.bone.barrel_left] run data modify entity @s {} merge value {transformation:[-0.4724117867526695f,0.43849754850261397f,2.2027699601059223f,0.018857181987503552f,-0.9594544021058887f,1.9958453886006622f,-0.6030729048231235f,-1.1985812394019846f,-2.0307444072229965f,-1.0449734820603664f,-0.22749959950261817f,1.8751219066002804f,0f,0f,0f,1f],start_interpolation:0}
execute if entity @s[tag=aj.mech_torso.bone.blaster_left] run data modify entity @s {} merge value {transformation:[-0.2058317333081605f,0.19105516202313977f,0.9597558140629682f,-0.17914358284314943f,-0.41803817803342297f,0.8695979382196313f,-0.2627613128880709f,-0.032610474999803074f,-0.884803582310704f,-0.4552991883459474f,-0.09912249906891558f,1.6541514479829074f,0f,0f,0f,1f],start_interpolation:0}
execute if entity @s[tag=aj.mech_torso.bone.sword_left] run data modify entity @s {} merge value {transformation:[-0.5483456860667162f,0.5089801859624755f,2.556835876861427f,-1.417504106914472f,-1.113673911459644f,2.316650937984112f,-0.700008837663944f,0.000006822809913709094f,-2.357159508782194f,-1.2129390438810408f,-0.2640671284403795f,1.6442719868307307f,0f,0f,0f,1f],start_interpolation:0}
execute if entity @s[tag=aj.mech_torso.bone.rocket_left] run data modify entity @s {} merge value {transformation:[-0.47429711966654997f,0.4402475341804284f,2.211560923464483f,-0.055792471782044134f,-0.9632834576341006f,2.0038105433822797f,-0.6054796889652978f,0.32044744673678577f,-2.038848839368803f,-1.0491438329176201f,-0.22840752029304812f,1.282056137882079f,0f,0f,0f,1f],start_interpolation:0}
execute if entity @s[tag=aj.mech_torso.bone.drillhead_left1] run data modify entity @s {} merge value {transformation:[0.9597558140629682f,0.19105516202313977f,0.20583173330816074f,-0.23155207993048743f,-0.26276131288807103f,0.8695979382196313f,0.4180381780334229f,-1.0241447891155775f,-0.09912249906891578f,-0.4552991883459474f,0.884803582310704f,1.8503732800337338f,0f,0f,0f,1f],start_interpolation:0}
execute if entity @s[tag=aj.mech_torso.bone.drillhead_left2] run data modify entity @s {} merge value {transformation:[-0.557446374702699f,0.19105516202313977f,0.8079303586294618f,-0.59531997718967f,-0.2856625153846245f,0.8695979382196313f,-0.4027360837425618f,-1.014601784903118f,-0.779519381821227f,-0.4552991883459474f,-0.43017691994872786f,1.7159536295519675f,0f,0f,0f,1f],start_interpolation:0}
execute if entity @s[tag=aj.mech_torso.bone.drillhead_left3] run data modify entity @s {} merge value {transformation:[-0.1771189236132362f,0.19105516202313977f,-0.9654671470135073f,-0.5173426661107166f,0.4867713176021532f,0.8695979382196313f,0.08278351408360424f,-0.8559446069208279f,0.8553844581578233f,-0.4552991883459474f,-0.24702242374644712f,2.0517019167712096f,0f,0f,0f,1f],start_interpolation:0}
execute if entity @s[tag=aj.mech_torso.bone.left_hand] run data modify entity @s {} merge value {transformation:[-0.2058317333081605f,0.19105516202313977f,0.9597558140629682f,-0.21130479117254952f,-0.41803817803342297f,0.8695979382196313f,-0.2627613128880709f,-0.09792894031752541f,-0.884803582310704f,-0.4552991883459474f,-0.09912249906891558f,1.5159008882468599f,0f,0f,0f,1f],start_interpolation:0}
execute if entity @s[tag=aj.mech_torso.bone.left_arm_low] run data modify entity @s {} merge value {transformation:[-0.19329998340178306f,0.7077100062626379f,0.6795451886759318f,0.5055597532735998f,-0.2804857416969723f,0.6238428998039289f,-0.7294846023521844f,0.485587206806837f,-0.9401929935505635f,-0.33161209778891126f,0.0779137438355253f,1.1279615328558985f,0f,0f,0f,1f],start_interpolation:0}
execute if entity @s[tag=aj.mech_torso.bone.left_arm] run data modify entity @s {} merge value {transformation:[-0.35885506388755795f,0.2832538381629051f,1.0078503285817135f,0.7833658142857421f,-0.37804495869429333f,0.958464207105402f,-0.4039806325031822f,1.4492304247398677f,-0.9762566419042253f,-0.47527424230419213f,-0.21403117126738655f,0.6172589741227437f,0f,0f,0f,1f],start_interpolation:0}
execute if entity @s[tag=aj.mech_torso.bone.drillhead_right1] run data modify entity @s {} merge value {transformation:[0.13439002333135755f,-0.5365317588138694f,0.8331104329037616f,0.9049863226898902f,0.6679972466886943f,0.6700441520195766f,0.3237599616393147f,-0.368238790269086f,-0.7319282752055156f,0.5130053665688722f,0.44844898687165774f,-2.5581812386165708f,0f,0f,0f,1f],start_interpolation:0}
execute if entity @s[tag=aj.mech_torso.bone.drillhead_right2] run data modify entity @s {} merge value {transformation:[-0.8211225126854715f,-0.5365317588138694f,-0.19465736807322184f,0.7097784153057621f,-0.5547466811784614f,0.6700441520195766f,0.49325141060705485f,-0.6139366816414831f,-0.13421601574544056f,0.5130053665688722f,-0.8478275502653574f,-2.4414315956352164f,0f,0f,0f,1f],start_interpolation:0}
execute if entity @s[tag=aj.mech_torso.bone.drillhead_right3] run data modify entity @s {} merge value {transformation:[0.7182648418773347f,-0.5365317588138694f,-0.4429777519323329f,1.025881574203938f,0.04348372283194307f,0.6700441520195766f,-0.7410465573721003f,-0.49117401793937077f,0.6944096649468541f,0.5130053665688722f,0.5045995551919711f,-2.27117415857469f,0f,0f,0f,1f],start_interpolation:0}
execute if entity @s[tag=aj.mech_torso.bone.drill_right] run data modify entity @s {} merge value {transformation:[0.20545619561493914f,-0.8202526590883371f,1.2736637425047823f,0.5998950126580538f,1.0212378090560954f,1.024367129013352f,0.49496598305397654f,-0.15984948740858423f,-1.118975911745683f,0.7842853831895608f,0.6855912402280693f,-2.142000087271807f,0f,0f,0f,1f],start_interpolation:0}
execute if entity @s[tag=aj.mech_torso.bone.barrel_right] run data modify entity @s {} merge value {transformation:[-1.9121016076812694f,-1.2314132653750693f,0.3084433581903019f,1.0657787634717888f,-0.7430730893570163f,1.5378423432155777f,1.5331444174432292f,-0.19369856175808897f,-1.0292513391911717f,1.1774169995045207f,-1.6798748118540403f,-2.8423791103160156f,0f,0f,0f,1f],start_interpolation:0}
execute if entity @s[tag=aj.mech_torso.bone.blaster_right] run data modify entity @s {} merge value {transformation:[-0.8331104329037616f,-0.5365317588138694f,0.13439002333135774f,0.6335601225959722f,-0.32375996163931453f,0.6700441520195766f,0.6679972466886944f,0.2920876939799242f,-0.4484489868716579f,0.5130053665688722f,-0.7319282752055155f,-1.8300951431846544f,0f,0f,0f,1f],start_interpolation:0}
execute if entity @s[tag=aj.mech_torso.bone.rocket_right] run data modify entity @s {} merge value {transformation:[-1.9197325521173205f,-1.2363276727309047f,0.30967431480817403f,0.2955895165625197f,-0.7460385957056483f,1.5439796684630136f,1.5392629938907112f,0.6385071015040702f,-1.0333589450571714f,1.1821159149100555f,-1.6865789698848082f,-1.661380069619781f,0f,0f,0f,1f],start_interpolation:0}
execute if entity @s[tag=aj.mech_torso.bone.sword_right] run data modify entity @s {} merge value {transformation:[-2.2194464602598782f,-1.4293465378484909f,0.35802151767253143f,0.37384588349794073f,-0.8625121862052799f,1.7850300064474998f,1.7795769517122721f,-0.7243640121318754f,-1.1946897760604622f,1.3666710917988598f,-1.9498923016807952f,-1.1712531874779706f,0f,0f,0f,1f],start_interpolation:0}
execute if entity @s[tag=aj.mech_torso.bone.right_hand] run data modify entity @s {} merge value {transformation:[-0.8331104329037616f,-0.5365317588138694f,0.13439002333135774f,0.34717841128530413f,-0.32375996163931453f,0.6700441520195766f,0.6679972466886944f,0.18079520716640984f,-0.4484489868716579f,0.5130053665688722f,-0.7319282752055155f,-1.9842494824217867f,0f,0f,0f,1f],start_interpolation:0}
execute if entity @s[tag=aj.mech_torso.bone.right_arm_low] run data modify entity @s {} merge value {transformation:[-0.8331104329037616f,-0.5365317588138694f,0.13439002333135774f,-0.13308425724297523f,-0.32375996163931453f,0.6700441520195766f,0.6679972466886944f,0.8919492707474653f,-0.4484489868716579f,0.5130053665688722f,-0.7319282752055155f,-1.4660888127736083f,0f,0f,0f,1f],start_interpolation:0}
execute if entity @s[tag=aj.mech_torso.bone.right_arm] run data modify entity @s {} merge value {transformation:[-0.9219984562837344f,-0.6121191670671319f,-0.0009749120366893337f,-0.7292937892576073f,-0.3583032609464532f,0.5382602892551853f,0.8981462089994537f,1.4492304247398677f,-0.4962958778184404f,0.7485706144740075f,-0.6466099406446352f,-0.6911220574609755f,0f,0f,0f,1f],start_interpolation:0}
execute if entity @s[tag=aj.mech_torso.bone.torso] run data modify entity @s {} merge value {transformation:[-0.9981382086580186f,-0.09314192578279801f,0.858304654825589f,0f,0f,1.3120102387706756f,0.14237737101714953f,0.20333875f,-0.863343673651346f,0.10768424879817289f,-0.9923124438118326f,-0.005674375000000009f,0f,0f,0f,1f],start_interpolation:0}