execute if entity @s[tag=aj.mech_torso.bone.barrel_left] run data modify entity @s {} merge value {transformation:[-2.1752523295414625f,-0.13024103334218584f,0.7203909143715607f,1.589838158342357f,-0.5946331866590262f,1.6317171122035103f,-1.50051962083695f,-1.3101452580879274f,-0.4270095661678615f,-1.6087837121337636f,-1.58022982234387f,1.1942166486021324f,0f,0f,0f,1f],start_interpolation:0}
execute if entity @s[tag=aj.mech_torso.bone.blaster_left] run data modify entity @s {} merge value {transformation:[-0.947766270714462f,-0.05674654695841277f,0.31387724591677135f,1.617835256321963f,-0.2590840934217878f,0.7109457699650356f,-0.6537824903625311f,-0.16937725821081398f,-0.1860498014828584f,-0.7009535944533842f,-0.6885125487535211f,0.8129233194488494f,0f,0f,0f,1f],start_interpolation:0}
execute if entity @s[tag=aj.mech_torso.bone.sword_left] run data modify entity @s {} merge value {transformation:[-2.5248951538864115f,-0.1511755438469813f,0.8361841538558316f,1.0170215579884052f,-0.6902125472734915f,1.8939938935657366f,-1.7417081538128172f,0.40300755847321f,-0.4956456635574065f,-1.8673742550475476f,-1.8342307079859035f,1.7327585226084232f,0f,0f,0f,1f],start_interpolation:0}
execute if entity @s[tag=aj.mech_torso.bone.rocket_left] run data modify entity @s {} merge value {transformation:[-2.183933473678594f,-0.1307608080679303f,0.7232658991619725f,1.46099083091342f,-0.5970062890030641f,1.6382290792289858f,-1.5065079960392997f,0.10475233152689123f,-0.42871370482869386f,-1.6152041549949587f,-1.5865363104102235f,0.3903442064433656f,0f,0f,0f,1f],start_interpolation:0}
execute if entity @s[tag=aj.mech_torso.bone.drillhead_left1] run data modify entity @s {} merge value {transformation:[0.31387724591677113f,-0.05674654695841277f,0.9477662707144621f,1.4937627998909953f,-0.6537824903625312f,0.7109457699650356f,0.2590840934217876f,-1.042951609285666f,-0.6885125487535211f,-0.7009535944533842f,0.18604980148285824f,1.3087699012750347f,0f,0f,0f,1f],start_interpolation:0}
execute if entity @s[tag=aj.mech_torso.bone.drillhead_left2] run data modify entity @s {} merge value {transformation:[-0.9957374809263743f,-0.05674654695841277f,-0.0727096863333545f,1.2076688144441179f,0.010829236320497981f,0.7109457699650356f,-0.7031634517020475f,-0.8709487336698307f,0.0915947417656329f,-0.7009535944533842f,-0.7073008282928614f,1.5063857830062652f,0f,0f,0f,1f],start_interpolation:0}
execute if entity @s[tag=aj.mech_torso.bone.drillhead_left3] run data modify entity @s {} merge value {transformation:[0.7555062373089115f,-0.05674654695841277f,-0.652679212780388f,1.567254367701236f,0.4895542185437614f,0.7109457699650356f,0.504869071418353f,-0.7725552542625367f,0.4353699490012345f,-0.7009535944533842f,0.5649044750482539f,1.577071189123518f,0f,0f,0f,1f],start_interpolation:0}
execute if entity @s[tag=aj.mech_torso.bone.left_hand] run data modify entity @s {} merge value {transformation:[-0.947766270714462f,-0.05674654695841277f,0.31387724591677135f,1.4697467765228283f,-0.2590840934217878f,0.7109457699650356f,-0.6537824903625311f,-0.20985914780796833f,-0.1860498014828584f,-0.7009535944533842f,-0.6885125487535211f,0.7838530379671528f,0f,0f,0f,1f],start_interpolation:0}
execute if entity @s[tag=aj.mech_torso.bone.left_arm_low] run data modify entity @s {} merge value {transformation:[-0.9581828546814545f,-0.07960259279140282f,0.27486186387963024f,1.338847188560073f,-0.264085274135834f,0.615898819955955f,-0.7422449808260502f,0.36633918686368294f,-0.11020247265419993f,-0.7837933852730249f,-0.6111655620395771f,-0.025926925660496397f,0f,0f,0f,1f],start_interpolation:0}
execute if entity @s[tag=aj.mech_torso.bone.left_arm] run data modify entity @s {} merge value {transformation:[-1.058815121586828f,-0.29576533173094877f,0.12730037462309376f,1.008291573679805f,-0.3023352200650939f,1.0637172412998608f,-0.04325533266121993f,1.4391142647438042f,-0.11079680293803347f,-0.07616086686431157f,-1.0984969591907003f,-0.10647616681414007f,0f,0f,0f,1f],start_interpolation:0}
execute if entity @s[tag=aj.mech_torso.bone.drillhead_right1] run data modify entity @s {} merge value {transformation:[-0.0693810652011132f,0.16089458758666517f,0.9845299383344702f,-1.5598878626872061f,-0.5847592065771555f,0.793020720711689f,-0.17080634310577814f,-1.2651677307296727f,-0.8082344573914272f,-0.5875636716197064f,0.03906396905020548f,0.7199776899784394f,0f,0f,0f,1f],start_interpolation:0}
execute if entity @s[tag=aj.mech_torso.bone.drillhead_right2] run data modify entity @s {} merge value {transformation:[-0.8830360749995083f,0.16089458758666517f,-0.44086304215116484f,-1.7276358292304503f,0.3815821446985612f,0.793020720711689f,-0.47488230475472504f,-1.0714616307378118f,0.27320753484614807f,-0.5875636716197064f,-0.7616604064122416f,0.9354832040910858f,0f,0f,0f,1f],start_interpolation:0}
execute if entity @s[tag=aj.mech_torso.bone.drillhead_right3] run data modify entity @s {} merge value {transformation:[0.9361380433441244f,0.16089458758666517f,-0.3126635499848857f,-1.3540506165782282f,0.06597317586150372f,0.793020720711689f,0.6056118200536218f,-1.1361974384086577f,0.3453883377744265f,-0.5875636716197064f,0.7317621388963691f,0.9504109511367631f,0f,0f,0f,1f],start_interpolation:0}
execute if entity @s[tag=aj.mech_torso.bone.drill_right] run data modify entity @s {} merge value {transformation:[-0.10607014829356504f,0.24597651701484313f,1.5051547025962375f,-1.4624820313229152f,-0.8939830424608577f,1.2123743733529342f,-0.2611296625411388f,-0.7346016194602156f,-1.2356332163966581f,-0.8982705238087617f,0.05972120748045316f,0.5831373986643731f,0f,0f,0f,1f],start_interpolation:0}
execute if entity @s[tag=aj.mech_torso.bone.barrel_right] run data modify entity @s {} merge value {transformation:[-2.2596299404608997f,0.3692749333595438f,-0.15923896889791078f,-1.5403861764072186f,0.39202375862269906f,1.8200902726812234f,-1.3421018088867989f,-1.5696724866230483f,-0.08965711515935133f,-1.348538437099288f,-1.855007864893788f,0.5102553293911181f,0f,0f,0f,1f],start_interpolation:0}
execute if entity @s[tag=aj.mech_torso.bone.blaster_right] run data modify entity @s {} merge value {transformation:[-0.9845299383344702f,0.16089458758666517f,-0.06938106520111298f,-1.0869641738618738f,0.170806343105778f,0.793020720711689f,-0.5847592065771555f,-0.4812526457682671f,-0.03906396905020566f,-0.5875636716197064f,-0.8082344573914272f,0.2709421297193799f,0f,0f,0f,1f],start_interpolation:0}
execute if entity @s[tag=aj.mech_torso.bone.rocket_right] run data modify entity @s {} merge value {transformation:[-2.2686478244752357f,0.37074866074242613f,-0.1598744705463758f,-1.1031528783624673f,0.3935882735562383f,1.827354012057642f,-1.347457959569376f,-0.1052766411573281f,-0.09001492483919743f,-1.3539202755131279f,-1.862410955759136f,-0.07701660677589423f,0f,0f,0f,1f],start_interpolation:0}
execute if entity @s[tag=aj.mech_torso.bone.sword_right] run data modify entity @s {} merge value {transformation:[-2.622835341336715f,0.4286309579026094f,-0.18483451111391638f,-1.2828884827670797f,0.4550363536737094f,2.1126455293107744f,-1.5578267896831937f,0.09932360876286717f,-0.10406830164158533f,-1.5652980201056927f,-2.153175659156203f,1.3476236784151319f,0f,0f,0f,1f],start_interpolation:0}
execute if entity @s[tag=aj.mech_torso.bone.right_hand] run data modify entity @s {} merge value {transformation:[-0.9845299383344702f,0.16089458758666517f,-0.06938106520111298f,-1.425396340164348f,0.170806343105778f,0.793020720711689f,-0.5847592065771555f,-0.4225379653256559f,-0.03906396905020566f,-0.5875636716197064f,-0.8082344573914272f,0.25751389035837174f,0f,0f,0f,1f],start_interpolation:0}
execute if entity @s[tag=aj.mech_torso.bone.right_arm_low] run data modify entity @s {} merge value {transformation:[-0.9845299383344702f,0.16089458758666517f,-0.06938106520111298f,-1.205136789719313f,0.170806343105778f,0.793020720711689f,-0.5847592065771555f,0.3415336337363859f,-0.03906396905020566f,-0.5875636716197064f,-0.8082344573914272f,-0.3528656099891789f,0f,0f,0f,1f],start_interpolation:0}
execute if entity @s[tag=aj.mech_torso.bone.right_arm] run data modify entity @s {} merge value {transformation:[-1.0895735396634514f,0.18355120652830645f,0.06253346928876008f,-0.9877829012612754f,0.18903038354482973f,1.08497180557156f,0.10897556490200774f,1.4391142647438042f,-0.04323186667470982f,0.11797081940386833f,-1.0995389351937603f,-0.2317226856826866f,0f,0f,0f,1f],start_interpolation:0}
execute if entity @s[tag=aj.mech_torso.bone.torso] run data modify entity @s {} merge value {transformation:[-1.3171226336041892f,-0.000786494250682617f,0.08264098191090287f,0f,0f,1.3196531553525945f,0.01255913949206186f,0.20333875f,-0.08264472435917812f,0.012534488883664584f,-1.3170629895873853f,-0.005674375000000009f,0f,0f,0f,1f],start_interpolation:0}