execute if entity @s[tag=aj.mech_torso.bone.barrel_left] run data modify entity @s {} merge value {transformation:[-0.8390218058189182f,1.1642603831232161f,-1.7911417205516817f,0.4678312926170576f,1.7580707227487635f,1.4695229352893937f,0.13167448470671733f,-0.1216315140743604f,1.2136219496304024f,-1.3238763523830013f,-1.4290282224039792f,2.2185265427603387f,0f,0f,0f,1f],start_interpolation:0}
execute if entity @s[tag=aj.mech_torso.bone.blaster_left] run data modify entity @s {} merge value {transformation:[-0.3655652069186543f,0.5072729754004608f,-0.7804077190282557f,1.476130464456177f,0.7659985510293021f,0.6402771086341921f,0.05737110753723029f,0.3481544516731151f,0.5287800103176474f,-0.5768183011897268f,-0.6226333978362119f,1.7601009802630447f,0f,0f,0f,1f],start_interpolation:0}
execute if entity @s[tag=aj.mech_torso.bone.sword_left] run data modify entity @s {} merge value {transformation:[-0.9738833802162962f,1.3513997246606386f,-2.079043883197693f,2.214848233065611f,2.0406571632053607f,1.7057291641284051f,0.15283940341604582f,0.34058599093053804f,1.4086955051867116f,-1.5366718339206564f,-1.6587254657832307f,2.7545541245538914f,0f,0f,0f,1f],start_interpolation:0}
execute if entity @s[tag=aj.mech_torso.bone.rocket_left] run data modify entity @s {} merge value {transformation:[-0.8423702307954567f,1.1689067922141445f,-1.7982899300880975f,1.6238719061361016f,1.7650869503101287f,1.4753876068223541f,0.13219998014713022f,0.7915659738096166f,1.2184653541999078f,-1.3291597676809404f,-1.4347312848975762f,1.5153991189155507f,0f,0f,0f,1f],start_interpolation:0}
execute if entity @s[tag=aj.mech_torso.bone.drillhead_left1] run data modify entity @s {} merge value {transformation:[-0.7804077190282558f,0.5072729754004608f,0.36556520691865413f,0.7474491017692546f,0.057371107537230466f,0.6402771086341921f,-0.7659985510293021f,-0.06380522485343676f,-0.6226333978362117f,-0.5768183011897268f,-0.5287800103176475f,2.329049704313151f,0f,0f,0f,1f],start_interpolation:0}
execute if entity @s[tag=aj.mech_torso.bone.drillhead_left2] run data modify entity @s {} merge value {transformation:[-0.03908910790845449f,0.5072729754004608f,-0.8608984667609095f,0.9420784844026238f,0.6857354108783408f,0.6402771086341921f,0.34613894670573003f,0.06218777189029265f,0.7268005145226817f,-0.5768183011897268f,-0.3728829032044284f,2.640067328618743f,0f,0f,0f,1f],start_interpolation:0}
execute if entity @s[tag=aj.mech_torso.bone.drillhead_left3] run data modify entity @s {} merge value {transformation:[0.6363873170323415f,0.5072729754004608f,0.5811069704871398f,1.080892284301855f,-0.7296453555802088f,0.6402771086341921f,0.24013096268342754f,-0.22847496404718948f,-0.25025754294448166f,-0.5768183011897268f,0.7775936018332384f,2.439504678970469f,0f,0f,0f,1f],start_interpolation:0}
execute if entity @s[tag=aj.mech_torso.bone.left_hand] run data modify entity @s {} merge value {transformation:[-0.3655652069186543f,0.5072729754004608f,-0.7804077190282557f,1.4190109008751373f,0.7659985510293021f,0.6402771086341921f,0.05737110753723029f,0.4678417252714436f,0.5287800103176474f,-0.5768183011897268f,-0.6226333978362119f,1.8427228568751772f,0f,0f,0f,1f],start_interpolation:0}
execute if entity @s[tag=aj.mech_torso.bone.left_arm_low] run data modify entity @s {} merge value {transformation:[-0.7971477014516483f,-0.3606929351635994f,-0.4842067209296267f,0.9933647743417588f,0.4431579298118651f,0.1951550324958855f,-0.8749431767471485f,0.6633521541072223f,0.4100812008800404f,-0.9120389902929575f,0.004276548864049212f,0.9564475837892236f,0f,0f,0f,1f],start_interpolation:0}
execute if entity @s[tag=aj.mech_torso.bone.left_arm] run data modify entity @s {} merge value {transformation:[-0.8879241993518339f,0.02049396757498718f,-0.6602594884077532f,0.9891251950169521f,0.4917924514198072f,0.7590207923174281f,-0.637808435261206f,1.4488147793257f,0.441024692580732f,-0.8051331645491241f,-0.6180855817855743f,0.1504500323958922f,0f,0f,0f,1f],start_interpolation:0}
execute if entity @s[tag=aj.mech_torso.bone.drillhead_right1] run data modify entity @s {} merge value {transformation:[-0.24603631895545852f,-0.10410946790559103f,0.9636531266214325f,-0.8271674446245764f,0.753343452800414f,0.6050299637403842f,0.2577060051668557f,-0.05283726208496123f,-0.60986865133207f,0.7893668105948742f,-0.07042915911522676f,-2.929056664261994f,0f,0f,0f,1f],start_interpolation:0}
execute if entity @s[tag=aj.mech_torso.bone.drillhead_right2] run data modify entity @s {} merge value {transformation:[-0.7961453771017022f,-0.10410946790559103f,-0.5960820054422072f,-0.9422289449538578f,-0.5263813618463364f,0.6050299637403842f,0.5973787783953373f,-0.30953624728784324f,0.2984546873821635f,0.7893668105948742f,-0.5364930921371598f,-2.747478741032898f,0f,0f,0f,1f],start_interpolation:0}
execute if entity @s[tag=aj.mech_torso.bone.drillhead_right3] run data modify entity @s {} merge value {transformation:[0.9844534231503959f,-0.10410946790559103f,-0.14146616676747348f,-0.5765423950351158f,-0.05020275468852456f,0.6050299637403842f,-0.7946184155920331f,-0.21184860467366323f,0.168318570185086f,0.7893668105948742f,0.5903972368347639f,-2.7741235384251506f,0f,0f,0f,1f],start_interpolation:0}
execute if entity @s[tag=aj.mech_torso.bone.drill_right] run data modify entity @s {} merge value {transformation:[-0.3761416571158327f,-0.15916311846035205f,1.4732381197666153f,-0.8302568416221401f,1.1517155512516424f,0.9249730858119363f,0.393982336606617f,0.10433926484365513f,-0.9323704976116634f,1.2067882557743346f,-0.10767247994663721f,-2.3952031686781114f,0f,0f,0f,1f],start_interpolation:0}
execute if entity @s[tag=aj.mech_torso.bone.barrel_right] run data modify entity @s {} merge value {transformation:[-2.211714821812554f,-0.23894537037938862f,-0.5646867719361016f,-0.8396357593066976f,-0.5914702869236353f,1.3886259500209233f,1.7290255533292893f,0.1545725076404254f,0.1616444867968916f,1.8117040526403423f,-1.3997313952989068f,-3.235508388373991f,0f,0f,0f,1f],start_interpolation:0}
execute if entity @s[tag=aj.mech_torso.bone.blaster_right] run data modify entity @s {} merge value {transformation:[-0.9636531266214325f,-0.10410946790559103f,-0.2460363189554583f,-0.5929648552388331f,-0.25770600516685555f,0.6050299637403842f,0.7533434528004141f,0.5132713697703317f,0.07042915911522662f,0.7893668105948742f,-0.60986865133207f,-2.113898535845601f,0f,0f,0f,1f],start_interpolation:0}
execute if entity @s[tag=aj.mech_torso.bone.rocket_right] run data modify entity @s {} merge value {transformation:[-2.22054148293027f,-0.23989896972645885f,-0.5669403621026007f,-0.750739339747104f,-0.5938307665534616f,1.3941677723929669f,1.7359258654638356f,0.838710379456157f,0.1622895885489041f,1.8189343237225535f,-1.4053175380331704f,-1.7507291875893658f,0f,0f,0f,1f],start_interpolation:0}
execute if entity @s[tag=aj.mech_torso.bone.sword_right] run data modify entity @s {} merge value {transformation:[-2.567218505887283f,-0.27735265445810997f,-0.6554526454527572f,-0.51837985800829f,-0.6865412535547529f,1.6118290665192978f,2.0069433698605224f,-0.5755051807992146f,0.18762668395898766f,2.102911336153924f,-1.624719564133449f,-1.5276383712725123f,0f,0f,0f,1f],start_interpolation:0}
execute if entity @s[tag=aj.mech_torso.bone.right_hand] run data modify entity @s {} merge value {transformation:[-0.9636531266214325f,-0.10410946790559103f,-0.2460363189554583f,-0.9242206175149505f,-0.25770600516685555f,0.6050299637403842f,0.7533434528004141f,0.42468493049422507f,0.07042915911522662f,0.7893668105948742f,-0.60986865133207f,-2.089688512399742f,0f,0f,0f,1f],start_interpolation:0}
execute if entity @s[tag=aj.mech_torso.bone.right_arm_low] run data modify entity @s {} merge value {transformation:[-0.9636531266214325f,-0.10410946790559103f,-0.2460363189554583f,-0.9757903999740601f,-0.25770600516685555f,0.6050299637403842f,0.7533434528004141f,1.0693635024575507f,0.07042915911522662f,0.7893668105948742f,-0.60986865133207f,-1.3237819196036966f,0f,0f,0f,1f],start_interpolation:0}
execute if entity @s[tag=aj.mech_torso.bone.right_arm] run data modify entity @s {} merge value {transformation:[-1.0664692939220342f,-0.02137268199222055f,-0.2948871515002396f,-0.9674024473911209f,-0.2852017326331289f,0.36535463155503445f,1.0049616626709568f,1.4488147793257f,0.0779435395560598f,1.044428638155701f,-0.35758300151954714f,-0.2642782937323183f,0f,0f,0f,1f],start_interpolation:0}
execute if entity @s[tag=aj.mech_torso.bone.torso] run data modify entity @s {} merge value {transformation:[-1.2910274007506575f,-0.02710929089672419f,0.27231511025816774f,0f,0f,1.3132216591059824f,0.1307327673988853f,0.20333875f,-0.2736611644494726f,0.12789113659221205f,-1.284677238324923f,-0.005674375000000009f,0f,0f,0f,1f],start_interpolation:0}