execute if entity @s[tag=aj.mech_torso.bone.barrel_left] run data modify entity @s {} merge value {transformation:[-0.7057146598850037f,0.05246301502568838f,2.183314669104869f,-0.13504872261860706f,-0.27984039531940963f,2.2733872343167465f,-0.14508042405447497f,-1.2354175896927924f,-2.1659419810838805f,-0.31081603618662307f,-0.6926306517028868f,1.414997259553489f,0f,0f,0f,1f],start_interpolation:0}
execute if entity @s[tag=aj.mech_torso.bone.blaster_left] run data modify entity @s {} merge value {transformation:[-0.3074827422567235f,0.022858348627450897f,0.9512790647924043f,-0.4845958532712062f,-0.12192759629088457f,0.9905240471170718f,-0.06321212973428586f,-0.10829966423659854f,-0.9437097140948653f,-0.1354238087665645f,-0.30178198677546103f,1.6493944768227307f,0f,0f,0f,1f],start_interpolation:0}
execute if entity @s[tag=aj.mech_torso.bone.sword_left] run data modify entity @s {} merge value {transformation:[-0.8191488870377872f,0.060895745563712855f,2.534253407095097f,-1.7039627002177635f,-0.3248210096860706f,2.638803936848823f,-0.1684001688650747f,-0.2649751462590026f,-2.5140882909849025f,-0.3607755720382183f,-0.8039617988991891f,1.8020233251703595f,0f,0f,0f,1f],start_interpolation:0}
execute if entity @s[tag=aj.mech_torso.bone.rocket_left] run data modify entity @s {} merge value {transformation:[-0.708531073686266f,0.05267238797480389f,2.1920279889720904f,-0.4617559158855685f,-0.28095720129826895f,2.2824600218699858f,-0.14565942082445363f,0.3639604142930938f,-2.1745859688526084f,-0.31205646184833774f,-0.6953948489592555f,1.4153665554386594f,0f,0f,0f,1f],start_interpolation:0}
execute if entity @s[tag=aj.mech_torso.bone.drillhead_left1] run data modify entity @s {} merge value {transformation:[0.9512790647924042f,0.022858348627450897f,0.30748274225672373f,-0.40246782697118194f,-0.06321212973428589f,0.9905240471170718f,0.12192759629088455f,-1.1035218944995564f,-0.30178198677546125f,-0.1354238087665645f,0.9437097140948651f,1.484538012903775f,0f,0f,0f,1f],start_interpolation:0}
execute if entity @s[tag=aj.mech_torso.bone.drillhead_left2] run data modify entity @s {} merge value {transformation:[-0.6481157498232404f,0.022858348627450897f,0.7611987064683472f,-0.7826633973412319f,-0.08845617588762344f,0.9905240471170718f,-0.10506006391657556f,-1.10528085289909f,-0.7563871229591346f,-0.1354238087665645f,-0.6399522734085411f,1.407498874942948f,0f,0f,0f,1f],start_interpolation:0}
execute if entity @s[tag=aj.mech_torso.bone.drillhead_left3] run data modify entity @s {} merge value {transformation:[-0.0799617254803795f,0.022858348627450897f,-0.9965358088680139f,-0.6661138901306245f,0.13683664543527121f,0.9905240471170718f,0.011740721819334166f,-1.0590076661381347f,0.9873610560095138f,-0.1354238087665645f,-0.08233187168366007f,1.7656252187030974f,0f,0f,0f,1f],start_interpolation:0}
execute if entity @s[tag=aj.mech_torso.bone.left_hand] run data modify entity @s {} merge value {transformation:[-0.3074827422567235f,0.022858348627450897f,0.9512790647924043f,-0.5326400317488192f,-0.12192759629088457f,0.9905240471170718f,-0.06321212973428586f,-0.12735085115704925f,-0.9437097140948653f,-0.1354238087665645f,-0.30178198677546103f,1.501939833995408f,0f,0f,0f,1f],start_interpolation:0}
execute if entity @s[tag=aj.mech_torso.bone.left_arm_low] run data modify entity @s {} merge value {transformation:[-0.3113137293600539f,0.6768406933748153f,0.6670610449605302f,0.14558921119600932f,-0.09229978666627625f,0.6770881820802103f,-0.730090640310281f,0.5211532617468225f,-0.945814205482924f,-0.28885683214910357f,-0.14831459546345943f,1.1493347828953886f,0f,0f,0f,1f],start_interpolation:0}
execute if entity @s[tag=aj.mech_torso.bone.left_arm] run data modify entity @s {} merge value {transformation:[-0.46518816635914745f,0.5053321055075908f,0.8677623012995594f,0.6461443827894708f,-0.1319559521396575f,0.9172975969337963f,-0.6049171215037868f,1.4498978092508286f,-0.9954695249520995f,-0.3577381169749401f,-0.32532421226968866f,0.7575699961002766f,0f,0f,0f,1f],start_interpolation:0}
execute if entity @s[tag=aj.mech_torso.bone.drillhead_right1] run data modify entity @s {} merge value {transformation:[-0.339943481394925f,-0.6010646572575331f,0.7232977998397216f,1.1373381884437248f,0.8406431160471506f,0.15058693149767582f,0.5202333394782104f,0.9875674421477423f,-0.4216130701242961f,0.7848852488472426f,0.4540898206768864f,-3.228823061423933f,0f,0f,0f,1f],start_interpolation:0}
execute if entity @s[tag=aj.mech_torso.bone.drillhead_right2] run data modify entity @s {} merge value {transformation:[-0.5381492949120164f,-0.6010646572575331f,-0.590860909336185f,1.093801797014586f,-0.8023331275169228f,0.15058693149767582f,0.5775682890801984f,0.6569570704593439f,-0.2581799544399469f,0.7848852488472426f,-0.5632923373057621f,-3.1987327835954686f,0f,0f,0f,1f],start_interpolation:0}
execute if entity @s[tag=aj.mech_torso.bone.drillhead_right3] run data modify entity @s {} merge value {transformation:[0.7983307714527124f,-0.6010646572575331f,0.03727274000662023f,1.3682986274496f,0.15893274143090647f,0.15058693149767582f,-0.9757376490447475f,0.8542483766442417f,0.5808686280502449f,0.7848852488472426f,0.21574703494840405f,-3.0263752942773356f,0f,0f,0f,1f],start_interpolation:0}
execute if entity @s[tag=aj.mech_torso.bone.drill_right] run data modify entity @s {} merge value {transformation:[-0.5197074357170856f,-0.9189109037822101f,1.105781594258049f,0.8968108235683274f,1.2851797492964292f,0.2302181165528591f,0.7953355473248769f,0.8918384502315133f,-0.644564345343487f,1.1999368198994291f,0.6942149775040193f,-2.7361810954982912f,0f,0f,0f,1f],start_interpolation:0}
execute if entity @s[tag=aj.mech_torso.bone.barrel_right] run data modify entity @s {} merge value {transformation:[-1.6600666985833066f,-1.3795250330219828f,-0.7802164654575753f,1.134418337871194f,-1.194006179131105f,0.34561746251202785f,1.9293901386848076f,1.294059193792167f,-1.04219781898743f,1.801418259684057f,-0.9676592650439513f,-3.436527686568227f,0f,0f,0f,1f],start_interpolation:0}
execute if entity @s[tag=aj.mech_torso.bone.blaster_right] run data modify entity @s {} merge value {transformation:[-0.7232977998397218f,-0.6010646572575331f,-0.3399434813949248f,0.8302092410251223f,-0.5202333394782102f,0.15058693149767582f,0.8406431160471507f,1.1879671955952242f,-0.4540898206768865f,0.7848852488472426f,-0.421613070124296f,-2.277337718008121f,0f,0f,0f,1f],start_interpolation:0}
execute if entity @s[tag=aj.mech_torso.bone.rocket_right] run data modify entity @s {} merge value {transformation:[-1.6666918050557549f,-1.3850305348388545f,-0.7833302061040355f,0.440621276074199f,-1.1987712997568338f,0.3469967760599917f,1.9370900793598342f,1.267028980520927f,-1.0463570925407382f,1.8086074815279773f,-0.9715210650941772f,-1.9538168311557267f,0f,0f,0f,1f],start_interpolation:0}
execute if entity @s[tag=aj.mech_torso.bone.sword_right] run data modify entity @s {} merge value {transformation:[-1.9269002981666778f,-1.6012652983925024f,-0.9056258650376805f,1.1784530692640134f,-1.3859267609813601f,0.40117086387816414f,2.239513892233552f,0.02172347383675166f,-1.2097172299578918f,2.0909722390494156f,-1.1231975967761807f,-2.046469580319672f,0f,0f,0f,1f],start_interpolation:0}
execute if entity @s[tag=aj.mech_torso.bone.right_hand] run data modify entity @s {} merge value {transformation:[-0.7232977998397218f,-0.6010646572575331f,-0.3399434813949248f,0.5815756223302179f,-0.5202333394782102f,0.15058693149767582f,0.8406431160471507f,1.0091369851495895f,-0.4540898206768865f,0.7848852488472426f,-0.421613070124296f,-2.433431093865801f,0f,0f,0f,1f],start_interpolation:0}
execute if entity @s[tag=aj.mech_torso.bone.right_arm_low] run data modify entity @s {} merge value {transformation:[-0.7232977998397218f,-0.6010646572575331f,-0.3399434813949248f,0.015093843769075965f,-0.5202333394782102f,0.15058693149767582f,0.8406431160471507f,1.218508597741127f,-0.4540898206768865f,0.7848852488472426f,-0.421613070124296f,-1.633340639667637f,0f,0f,0f,1f],start_interpolation:0}
execute if entity @s[tag=aj.mech_torso.bone.right_arm] run data modify entity @s {} merge value {transformation:[-0.8004694558454544f,-0.682677877550332f,-0.3434698593703432f,-0.6562731554687018f,-0.5757392021060549f,0.21163132492584188f,0.9211452285076678f,1.4498978092508286f,-0.5025385556858231f,0.844946789062799f,-0.5082242637219325f,-0.7602272749598347f,0f,0f,0f,1f],start_interpolation:0}
execute if entity @s[tag=aj.mech_torso.bone.torso] run data modify entity @s {} merge value {transformation:[-0.8594086240662564f,-0.1463062918930593f,0.9907842692785784f,0f,0f,1.305555475912223f,0.1927876596996002f,0.20333875f,-1.0015283317497232f,0.1255450145762538f,-0.8501891744985371f,-0.005674375000000009f,0f,0f,0f,1f],start_interpolation:0}