execute if entity @s[tag=aj.mech_torso.bone.barrel_left] run data modify entity @s {} merge value {transformation:[-1.7869160950738852f,-1.2935890961019427f,0.6334087251236383f,2.7216554338369803f,0.6625851813726039f,-1.634445655663688f,-1.4687466662288047f,1.7225691004219383f,1.2788902376834481f,-0.9606576614897493f,1.6459723906644717f,1.4977847360776466f,0f,0f,0f,1f],start_interpolation:0}
execute if entity @s[tag=aj.mech_torso.bone.blaster_left] run data modify entity @s {} merge value {transformation:[-0.7785665968530773f,-0.5636220206728255f,0.27597875294540153f,2.1793858758858247f,0.28869105337887574f,-0.7121346074275289f,-0.6399388850531234f,1.186957695841019f,0.5572176683878687f,-0.4185624430317665f,0.7171568526617218f,0.5668796820049894f,0f,0f,0f,1f],start_interpolation:0}
execute if entity @s[tag=aj.mech_torso.bone.sword_left] run data modify entity @s {} merge value {transformation:[-2.0741390447354457f,-1.5015163048034066f,0.7352207368196088f,1.7694703761837558f,0.7690869196022384f,-1.897161014026296f,-1.704828120160965f,2.1696563676729133f,1.4844548007725877f,-1.115070578754706f,1.910540518072039f,-0.06634293519302248f,0f,0f,0f,1f],start_interpolation:0}
execute if entity @s[tag=aj.mech_torso.bone.rocket_left] run data modify entity @s {} merge value {transformation:[-1.7940474406983105f,-1.2987516389687972f,0.6359365755094711f,1.7931725068502062f,0.6652294711336154f,-1.6409685119449708f,-1.474608239774689f,0.8360021889018836f,1.2839941193518525f,-0.9644915190669023f,1.6525412486194975f,0.48948602446606826f,0f,0f,0f,1f],start_interpolation:0}
execute if entity @s[tag=aj.mech_torso.bone.drillhead_left1] run data modify entity @s {} merge value {transformation:[0.27597875294540136f,-0.5636220206728255f,0.7785665968530774f,2.578070884322884f,-0.6399388850531232f,-0.7121346074275289f,-0.2886910533788759f,1.8223004993369691f,0.7171568526617219f,-0.4185624430317665f,-0.5572176683878686f,1.2464234555051394f,0f,0f,0f,1f],start_interpolation:0}
execute if entity @s[tag=aj.mech_torso.bone.drillhead_left2] run data modify entity @s {} merge value {transformation:[-0.824914239966508f,-0.5636220206728255f,-0.04297341635429747f,2.3369159969349895f,0.5116097644718847f,-0.7121346074275289f,-0.48074915475855196f,2.0935989396089876f,0.2403579530564805f,-0.4185624430317665f,0.8758045076875194f,1.1095721820864817f,0f,0f,0f,1f],start_interpolation:0}
execute if entity @s[tag=aj.mech_torso.bone.drillhead_left3] run data modify entity @s {} merge value {transformation:[0.6136892470925414f,-0.5636220206728255f,-0.5529156588627882f,2.6323042952482685f,-0.021821746399848962f,-0.7121346074275289f,0.7017037211587952f,1.98413939405088f,-0.7892460448979459f,-0.4185624430317665f,-0.44932856786123554f,0.8980447969921154f,0f,0f,0f,1f],start_interpolation:0}
execute if entity @s[tag=aj.mech_torso.bone.left_hand] run data modify entity @s {} merge value {transformation:[-0.7785665968530773f,-0.5636220206728255f,0.27597875294540153f,2.0577348451275315f,0.28869105337887574f,-0.7121346074275289f,-0.6399388850531234f,1.2320656729314683f,0.5572176683878687f,-0.4185624430317665f,0.7171568526617218f,0.6539449426905939f,0f,0f,0f,1f],start_interpolation:0}
execute if entity @s[tag=aj.mech_torso.bone.left_arm_low] run data modify entity @s {} merge value {transformation:[-0.7062970181262364f,-0.6674633735276634f,0.23587532127176403f,1.3534990117567212f,0.22509080328846318f,-0.5276483411745587f,-0.8190978930083332f,0.692888697805928f,0.6711770649098054f,-0.5254330338442832f,0.5229163169038152f,0.18680161030641773f,0f,0f,0f,1f],start_interpolation:0}
execute if entity @s[tag=aj.mech_torso.bone.left_arm] run data modify entity @s {} merge value {transformation:[-0.7816547898943668f,-0.44333094555279806f,-0.6459453852180408f,0.8807631451650656f,0.24910667896965638f,0.7244667574771212f,-0.7986649850452457f,1.4363729508745458f,0.7427877425361364f,-0.7094910630584969f,-0.41189899188056084f,-0.5134508644316841f,0f,0f,0f,1f],start_interpolation:0}
execute if entity @s[tag=aj.mech_torso.bone.drillhead_right1] run data modify entity @s {} merge value {transformation:[-0.5081172625704027f,-0.06029775719843744f,0.8591746201761308f,-1.4564659178331985f,-0.6383503511900949f,0.696048506812607f,-0.3286720330350953f,-0.9779288800044341f,-0.5782090250190176f,-0.7154583542322911f,-0.3921653563814357f,1.3516455533174352f,0f,0f,0f,1f],start_interpolation:0}
execute if entity @s[tag=aj.mech_torso.bone.drillhead_right2] run data modify entity @s {} merge value {transformation:[-0.5993257883494909f,-0.06029775719843744f,-0.7982310316544325f,-1.479410206309759f,0.5479394676748841f,0.696048506812607f,-0.46398148231163816f,-0.7394755420050432f,0.5835845604395528f,-0.7154583542322911f,-0.38412029909365053f,1.5855635417015244f,0f,0f,0f,1f],start_interpolation:0}
execute if entity @s[tag=aj.mech_torso.bone.drillhead_right3] run data modify entity @s {} merge value {transformation:[0.9882219045182814f,-0.06029775719843744f,0.14064724635448433f,-1.1533335633446178f,-0.059367260785112036f,0.696048506812607f,0.7155361657602031f,-0.8641059268744316f,-0.14104253180205326f,-0.7154583542322911f,0.6842706683631035f,1.4368330350159275f,0f,0f,0f,1f],start_interpolation:0}
execute if entity @s[tag=aj.mech_torso.bone.drill_right] run data modify entity @s {} merge value {transformation:[-0.7768124233194705f,-0.09218353781782265f,1.3135108131877946f,-1.3828081932584193f,-0.9759134746304859f,1.0641227274778589f,-0.5024755844108993f,-0.4864073411739669f,-0.8839690894146264f,-1.0937966073497454f,-0.5995445210649526f,1.1012565036078352f,0f,0f,0f,1f],start_interpolation:0}
execute if entity @s[tag=aj.mech_torso.bone.barrel_right] run data modify entity @s {} merge value {transformation:[-1.9719224578567944f,-0.13839154321576672f,-1.166198136860573f,-1.5712977761462112f,0.754346960433364f,1.5975258697237753f,-1.4651007652373047f,-1.2997731084776545f,0.9000727620229699f,-1.6420741060562247f,-1.3270682524778776f,1.2091083035382164f,0f,0f,0f,1f],start_interpolation:0}
execute if entity @s[tag=aj.mech_torso.bone.blaster_right] run data modify entity @s {} merge value {transformation:[-0.8591746201761309f,-0.06029775719843744f,-0.5081172625704025f,-1.179336653030987f,0.3286720330350951f,0.696048506812607f,-0.638350351190095f,-0.3299825774994283f,0.39216535638143557f,-0.7154583542322911f,-0.5782090250190177f,0.6146397392836163f,0f,0f,0f,1f],start_interpolation:0}
execute if entity @s[tag=aj.mech_torso.bone.rocket_right] run data modify entity @s {} merge value {transformation:[-1.9797921393881825f,-0.13894384554763892f,-1.1708522792701916f,-1.3217904811823682f,0.757357459309285f,1.6039013840259675f,-1.470947788474893f,0.008957782054534458f,0.9036648332851919f,-1.6486274064733448f,-1.3323644062266244f,0.25753800026454177f,0f,0f,0f,1f],start_interpolation:0}
execute if entity @s[tag=aj.mech_torso.bone.sword_right] run data modify entity @s {} merge value {transformation:[-2.2888827149225213f,-0.16063613956823528f,-1.3536489464885766f,-0.7740789780510938f,0.8755981818204235f,1.8543068644932812f,-1.7005961891707206f,0.3739177236285697f,1.0447474640590362f,-1.906015636161945f,-1.5403767894202058f,1.550048132654699f,0f,0f,0f,1f],start_interpolation:0}
execute if entity @s[tag=aj.mech_torso.bone.right_hand] run data modify entity @s {} merge value {transformation:[-0.8591746201761309f,-0.06029775719843744f,-0.5081172625704025f,-1.474677928716532f,0.3286720330350951f,0.696048506812607f,-0.638350351190095f,-0.21700156614361432f,0.39216535638143557f,-0.7154583542322911f,-0.5782090250190177f,0.7494465805397348f,0f,0f,0f,1f],start_interpolation:0}
execute if entity @s[tag=aj.mech_torso.bone.right_arm_low] run data modify entity @s {} merge value {transformation:[-0.8591746201761309f,-0.06029775719843744f,-0.5081172625704025f,-1.4971559366092864f,0.3286720330350951f,0.696048506812607f,-0.638350351190095f,0.43855649012960873f,0.39216535638143557f,-0.7154583542322911f,-0.5782090250190177f,-0.008591140498240252f,0f,0f,0f,1f],start_interpolation:0}
execute if entity @s[tag=aj.mech_torso.bone.right_arm] run data modify entity @s {} merge value {transformation:[-0.9508435402969732f,0.4591264814806217f,-0.3314685722851724f,-1.003585834992854f,0.36373942170641377f,0.9916840119455345f,0.33019453672391474f,1.4363729508745458f,0.43400711227608924f,0.174750316133795f,-1.0029317683865322f,0.156794554036662f,0f,0f,0f,1f],start_interpolation:0}
execute if entity @s[tag=aj.mech_torso.bone.torso] run data modify entity @s {} merge value {transformation:[-1.2433998443110332f,-0.002778819491663136f,-0.4422570380970447f,0f,0f,1.3196868666635468f,-0.00829194624862437f,0.20333875f,0.4422657680446657f,-0.0078124602285598085f,-1.2433753006626274f,-0.005674375000000009f,0f,0f,0f,1f],start_interpolation:0}