execute if entity @s[tag=aj.mech_torso.bone.barrel_left] run data modify entity @s {} merge value {transformation:[-1.0533741027471555f,-0.25716681593659996f,2.0228486650991346f,2.6658988910416626f,1.0248288771873746f,-2.0351371522706683f,0.2749382428495421f,2.875987599813115f,1.762888897689014f,1.0294321219387703f,1.0488759384103297f,-0.8093543368861095f,0f,0f,0f,1f],start_interpolation:0}
execute if entity @s[tag=aj.mech_torso.bone.blaster_left] run data modify entity @s {} merge value {transformation:[-0.45895937288264577f,-0.11204862570730922f,0.8813633754134964f,2.2423152686914185f,0.44652210222301636f,-0.8867175191609218f,0.11979170855880733f,1.7522696261193036f,0.768097849410807f,0.4485277546486988f,0.4569995044201797f,-0.7361771521232089f,0f,0f,0f,1f],start_interpolation:0}
execute if entity @s[tag=aj.mech_torso.bone.sword_left] run data modify entity @s {} merge value {transformation:[-1.2226899523957244f,-0.29850295456784764f,2.347994631331366f,1.0961914883553483f,1.1895564622237231f,-2.362258329058122f,0.3191309015332431f,1.9012692233631419f,2.0462497955597785f,1.1948996172256083f,1.2174687680847391f,-1.1821566131038632f,0f,0f,0f,1f],start_interpolation:0}
execute if entity @s[tag=aj.mech_torso.bone.rocket_left] run data modify entity @s {} merge value {transformation:[-1.0575779793696882f,-0.2581931346611515f,2.0309215863831827f,2.169663764788194f,1.0289188335928614f,-2.0432591152805495f,0.27603548498672886f,1.3861669267961145f,1.7699243539488463f,1.033540449284788f,1.0530618634543583f,-0.3633355168021597f,0f,0f,0f,1f],start_interpolation:0}
execute if entity @s[tag=aj.mech_torso.bone.drillhead_left1] run data modify entity @s {} merge value {transformation:[0.8813633754134963f,-0.11204862570730922f,0.458959372882646f,2.4027073499370712f,0.11979170855880743f,-0.8867175191609218f,-0.44652210222301636f,2.7401576368828575f,0.4569995044201799f,0.4485277546486988f,-0.7680978494108069f,-0.8869803764676868f,0f,0f,0f,1f],start_interpolation:0}
execute if entity @s[tag=aj.mech_torso.bone.drillhead_left2] run data modify entity @s {} merge value {transformation:[-0.7613063325246103f,-0.11204862570730922f,0.6386374351187307f,2.0174116988344104f,0.36669032885759445f,-0.8867175191609218f,0.2815497184076187f,2.784389783871161f,0.5347437430959217f,0.4485277546486988f,0.7161508099063771f,-0.8957879218458334f,0f,0f,0f,1f],start_interpolation:0}
execute if entity @s[tag=aj.mech_torso.bone.drillhead_left3] run data modify entity @s {} merge value {transformation:[0.08674000919637437f,-0.11204862570730922f,-0.9899097313804508f,2.1914475345382782f,-0.45837493325792034f,-0.8867175191609218f,0.06020350300354009f,2.614943073718408f,-0.8845160209772407f,0.4485277546486988f,-0.1282741670968341f,-1.1872991803734034f,0f,0f,0f,1f],start_interpolation:0}
execute if entity @s[tag=aj.mech_torso.bone.left_hand] run data modify entity @s {} merge value {transformation:[-0.45895937288264577f,-0.11204862570730922f,0.8813633754134964f,2.170602866678505f,0.44652210222301636f,-0.8867175191609218f,0.11979170855880733f,1.82203870459165f,0.768097849410807f,0.4485277546486988f,0.4569995044201797f,-0.6161618631527703f,0f,0f,0f,1f],start_interpolation:0}
execute if entity @s[tag=aj.mech_torso.bone.left_arm_low] run data modify entity @s {} merge value {transformation:[-0.23047926478330066f,-0.48269013863012045f,0.844919841508166f,1.6999115190465586f,0.43097119389207195f,-0.8291271753402574f,-0.35610666540733027f,1.008718895575668f,0.8724351772711779f,0.2820609104103602f,0.39912216710962994f,-0.2671011864407856f,0f,0f,0f,1f],start_interpolation:0}
execute if entity @s[tag=aj.mech_torso.bone.left_arm] run data modify entity @s {} merge value {transformation:[-0.25507005787330095f,-0.9275182510800625f,-0.5471938760840815f,0.7498487072577453f,0.476953306281725f,0.4068743138822473f,-0.9119982537613815f,1.4357911691762477f,0.965518921480812f,-0.44602148507696426f,0.3059575553018708f,-0.6932367156771609f,0f,0f,0f,1f],start_interpolation:0}
execute if entity @s[tag=aj.mech_torso.bone.drillhead_right1] run data modify entity @s {} merge value {transformation:[-0.6904706016915936f,-0.18026111961889768f,0.7005399895462001f,-1.3734295097818139f,-0.5838744760625243f,0.7105820637086906f,-0.39263688942611f,-0.8721959728228983f,-0.4270139861905715f,-0.6801316486454957f,-0.5958858918521218f,1.4922120682185374f,0f,0f,0f,1f],start_interpolation:0}
execute if entity @s[tag=aj.mech_torso.bone.drillhead_right2] run data modify entity @s {} merge value {transformation:[-0.3829828982448773f,-0.18026111961889768f,-0.9059967044121604f,-1.3159664571500305f,0.5861882744196556f,0.7105820637086906f,-0.38917404547118145f,-0.6366258790665307f,0.7139379570977165f,-0.6801316486454957f,-0.16647382354562362f,1.7230990288210353f,0f,0f,0f,1f],start_interpolation:0}
execute if entity @s[tag=aj.mech_torso.bone.drillhead_right3] run data modify entity @s {} merge value {transformation:[0.911446217849933f,-0.18026111961889768f,0.36982660899507236f,-1.0500594239634657f,-0.1393100972797051f,0.7105820637086906f,0.6896853105086536f,-0.7855345706890446f,-0.38711560129110256f,-0.6801316486454957f,0.6225451403294291f,1.4970478735480468f,0f,0f,0f,1f],start_interpolation:0}
execute if entity @s[tag=aj.mech_torso.bone.drill_right] run data modify entity @s {} merge value {transformation:[-1.0555951959152008f,-0.2755841760877687f,1.0709893306098408f,-1.3241205628307466f,-0.8926304616577991f,1.0863417079840245f,-0.6002654033377881f,-0.38440312158987266f,-0.652821295080571f,-1.039788948495664f,-0.9109935791787714f,1.228886562855283f,0f,0f,0f,1f],start_interpolation:0}
execute if entity @s[tag=aj.mech_torso.bone.barrel_right] run data modify entity @s {} merge value {transformation:[-1.607834432690443f,-0.41372375499411845f,-1.5847238198056037f,-1.5475819001438729f,0.9011549944104027f,1.6308823569417654f,-1.3400712321798256f,-1.1808839290629274f,1.367639062967596f,-1.5609945181903537f,-0.9800551010404862f,1.385115750526002f,0f,0f,0f,1f],start_interpolation:0}
execute if entity @s[tag=aj.mech_torso.bone.blaster_right] run data modify entity @s {} merge value {transformation:[-0.7005399895462002f,-0.18026111961889768f,-0.6904706016915935f,-1.238100054314497f,0.3926368894261099f,0.7105820637086906f,-0.5838744760625244f,-0.2373586983158563f,0.5958858918521217f,-0.6801316486454957f,-0.4270139861905716f,0.7057769573296825f,0f,0f,0f,1f],start_interpolation:0}
execute if entity @s[tag=aj.mech_torso.bone.rocket_right] run data modify entity @s {} merge value {transformation:[-1.6142510871030238f,-0.41537487174102766f,-1.5910482428210144f,-1.4370606507496266f,0.9047513847188419f,1.6373909925694772f,-1.3454192790995263f,0.11824988716827906f,1.3730971294511731f,-1.5672242407037595f,-0.9839663712314975f,0.39488706123116035f,0f,0f,0f,1f],start_interpolation:0}
execute if entity @s[tag=aj.mech_torso.bone.sword_right] run data modify entity @s {} merge value {transformation:[-1.8662723915839057f,-0.48022433528552505f,-1.8394470556521536f,-0.55062764674275f,1.0460036508808126f,1.8930249625196978f,-1.5554698248302414f,0.4144124385678769f,1.5874688170454918f,-1.8119035850212852f,-1.1375858982210154f,1.5040716105749974f,0f,0f,0f,1f],start_interpolation:0}
execute if entity @s[tag=aj.mech_torso.bone.right_hand] run data modify entity @s {} merge value {transformation:[-0.7005399895462002f,-0.18026111961889768f,-0.6904706016915935f,-1.4789106757210033f,0.3926368894261099f,0.7105820637086906f,-0.5838744760625244f,-0.10238976757563101f,0.5958858918521217f,-0.6801316486454957f,-0.4270139861905716f,0.9106127326538493f,0f,0f,0f,1f],start_interpolation:0}
execute if entity @s[tag=aj.mech_torso.bone.right_arm_low] run data modify entity @s {} merge value {transformation:[-0.7005399895462002f,-0.18026111961889768f,-0.6904706016915935f,-1.6369652522961258f,0.3926368894261099f,0.7105820637086906f,-0.5838744760625244f,0.5654064131669738f,0.5958858918521217f,-0.6801316486454957f,-0.4270139861905716f,0.1798940286991406f,0f,0f,0f,1f],start_interpolation:0}
execute if entity @s[tag=aj.mech_torso.bone.right_arm] run data modify entity @s {} merge value {transformation:[-0.7752835199475075f,0.656488749174044f,-0.43901020994930157f,-0.9477256450100187f,0.4345289551460209f,0.868292232959437f,0.5310604145067209f,1.4357911691762477f,0.6594634405117074f,0.19965745396614187f,-0.8660351322193851f,0.36423258341510206f,0f,0f,0f,1f],start_interpolation:0}
execute if entity @s[tag=aj.mech_torso.bone.torso] run data modify entity @s {} merge value {transformation:[-1.120155399844909f,-0.006576304852339463f,-0.697746956159338f,0f,0f,1.3196543044006812f,-0.012437817075133238f,0.20333875f,0.6977779464952529f,-0.01055705963247212f,-1.1201056505051765f,-0.005674375000000009f,0f,0f,0f,1f],start_interpolation:0}