execute if entity @s[tag=aj.mech_torso.bone.barrel_left] run data modify entity @s {} merge value {transformation:[-0.6305340959475506f,0.43074188712614003f,2.164379050437634f,0.15324910991295515f,-0.9544248421718198f,1.9763565960509875f,-0.6713689889634047f,-1.2126767855220792f,-1.9897609072307154f,-1.0844927502622872f,-0.36383444055729314f,1.9004182193906443f,0f,0f,0f,1f],start_interpolation:0}
execute if entity @s[tag=aj.mech_torso.bone.blaster_left] run data modify entity @s {} merge value {transformation:[-0.27472626534343125f,0.18767598887624587f,0.9430287388673657f,-0.02315014561902539f,-0.4158467783519652f,0.861106592188329f,-0.29251819400525153f,-0.04227938328523444f,-0.8669469049859643f,-0.4725178939353787f,-0.15852414278630267f,1.68460975481914f,0f,0f,0f,1f],start_interpolation:0}
execute if entity @s[tag=aj.mech_torso.bone.sword_left] run data modify entity @s {} merge value {transformation:[-0.7318840493110592f,0.4999779053724481f,2.512274140065041f,-1.258038347646445f,-1.1078359167905891f,2.2940295817416643f,-0.779282607209367f,0.02820838476473686f,-2.30958845731635f,-1.2588105078087224f,-0.42231597838294505f,1.7537536807713607f,0f,0f,0f,1f],start_interpolation:0}
execute if entity @s[tag=aj.mech_torso.bone.rocket_left] run data modify entity @s {} merge value {transformation:[-0.6330504740688192f,0.4324609209859177f,2.1730168007570176f,0.08670116603839678f,-0.9582338253920326f,1.984243973641019f,-0.674048333737912f,0.3050154665661073f,-1.9977017796525096f,-1.0888208172882792f,-0.3652864556534895f,1.3029825950232499f,0f,0f,0f,1f],start_interpolation:0}
execute if entity @s[tag=aj.mech_torso.bone.drillhead_left1] run data modify entity @s {} merge value {transformation:[0.9430287388673656f,0.18767598887624587f,0.2747262653434315f,-0.09283918544204073f,-0.29251819400525164f,0.861106592188329f,0.41584677835196515f,-1.0307742487225124f,-0.15852414278630286f,-0.4725178939353787f,0.8669469049859643f,1.8905497770150654f,0f,0f,0f,1f],start_interpolation:0}
execute if entity @s[tag=aj.mech_torso.bone.drillhead_left2] run data modify entity @s {} merge value {transformation:[-0.6146954482027467f,0.18767598887624587f,0.7661117602270233f,-0.4640257176585506f,-0.27225046066897135f,0.861106592188329f,-0.4293892448063126f,-1.0107481654079886f,-0.7402899382163437f,-0.4725178939353787f,-0.4782234282074822f,1.779615973647616f,0f,0f,0f,1f],start_interpolation:0}
execute if entity @s[tag=aj.mech_torso.bone.drillhead_left3] run data modify entity @s {} merge value {transformation:[-0.10706750101462426f,0.18767598887624587f,-0.9763781405919569f,-0.3599044602335333f,0.49613419369130524f,0.861106592188329f,0.11111389985092304f,-0.8529186374225336f,0.8616190643647357f,-0.4725178939353787f,-0.18530900634915826f,2.1085963338322085f,0f,0f,0f,1f],start_interpolation:0}
execute if entity @s[tag=aj.mech_torso.bone.left_hand] run data modify entity @s {} merge value {transformation:[-0.27472626534343125f,0.18767598887624587f,0.9430287388673657f,-0.06607612457893652f,-0.4158467783519652f,0.861106592188329f,-0.29251819400525153f,-0.107255442402729f,-0.8669469049859643f,-0.4725178939353787f,-0.15852414278630267f,1.5491493009150832f,0f,0f,0f,1f],start_interpolation:0}
execute if entity @s[tag=aj.mech_torso.bone.left_arm_low] run data modify entity @s {} merge value {transformation:[-0.27325776460001894f,0.6748656169041788f,0.6854827446452194f,0.6131322178079042f,-0.286072216170934f,0.6233503866818779f,-0.7277341427737216f,0.47547373880678667f,-0.918418685143574f,-0.3949565729850505f,0.022724969418095542f,1.0975017154028748f,0f,0f,0f,1f],start_interpolation:0}
execute if entity @s[tag=aj.mech_torso.bone.left_arm] run data modify entity @s {} merge value {transformation:[-0.4307975838990441f,0.2138915742517187f,0.9967125035359472f,0.8183972344480073f,-0.3841397684440556f,0.9682319796389776f,-0.373812052291204f,1.4488741973766923f,-0.9442574111652614f,-0.49147655753101394f,-0.3026560975611933f,0.5712324091540345f,0f,0f,0f,1f],start_interpolation:0}
execute if entity @s[tag=aj.mech_torso.bone.drillhead_right1] run data modify entity @s {} merge value {transformation:[0.18451865685771693f,-0.47816290686940627f,0.8586693774472358f,0.719619622331988f,0.6042310657301564f,0.7442484791178507f,0.2846032686695033f,-0.586872801640784f,-0.7751501044817214f,0.46632010017258047f,0.4262486125455553f,-2.42571497069067f,0f,0f,0f,1f],start_interpolation:0}
execute if entity @s[tag=aj.mech_torso.bone.drillhead_right2] run data modify entity @s {} merge value {transformation:[-0.8639192959594173f,-0.47816290686940627f,-0.158125534190985f,0.5057340277161843f,-0.49416835298479733f,0.7442484791178507f,0.4493237588188042f,-0.8075504751489548f,-0.09716526631094907f,0.46632010017258047f,-0.8792635982444383f,-2.292830145005901f,0f,0f,0f,1f],start_interpolation:0}
execute if entity @s[tag=aj.mech_torso.bone.drillhead_right3] run data modify entity @s {} merge value {transformation:[0.7226948300760025f,-0.47816290686940627f,-0.4990715550656212f,0.8315289155529809f,0.031709916634332425f,0.7442484791178507f,-0.667149670252343f,-0.6996373821531141f,0.6904394714733955f,0.46632010017258047f,0.5530270340648575f,-2.1309909378942042f,0f,0f,0f,1f],start_interpolation:0}
execute if entity @s[tag=aj.mech_torso.bone.drill_right] run data modify entity @s {} merge value {transformation:[0.28209312208013565f,-0.7310180420710272f,1.3127383953671286f,0.4343457760575983f,0.9237517262065358f,1.1378111062212988f,0.4351030187429753f,-0.326967991536876f,-1.1850536784613883f,0.7129126950443836f,0.6516511877062963f,-2.024738809235967f,0f,0f,0f,1f],start_interpolation:0}
execute if entity @s[tag=aj.mech_torso.bone.barrel_right] run data modify entity @s {} merge value {transformation:[-1.9707628571651763f,-1.097448821726804f,0.42349538127268405f,0.8926588111737532f,-0.6532031602071708f,1.7081513533272146f,1.386792370570471f,-0.44541898509933464f,-0.9782984645619207f,1.070267971709679f,-1.779074781008076f,-2.7209016702057527f,0f,0f,0f,1f],start_interpolation:0}
execute if entity @s[tag=aj.mech_torso.bone.blaster_right] run data modify entity @s {} merge value {transformation:[-0.8586693774472358f,-0.47816290686940627f,0.18451865685771712f,0.5059191982033113f,-0.2846032686695032f,0.7442484791178507f,0.6042310657301565f,0.14068632340250575f,-0.42624861254555546f,0.46632010017258047f,-0.7751501044817213f,-1.7439507456444736f,0f,0f,0f,1f],start_interpolation:0}
execute if entity @s[tag=aj.mech_torso.bone.rocket_right] run data modify entity @s {} merge value {transformation:[-1.9786279108836855f,-1.101828594719183f,0.425185495286727f,0.19786990668653712f,-0.6558100075634882f,1.714968359292401f,1.392326875369615f,0.5238934481318f,-0.9822027242492493f,1.074539269527218f,-1.7861748329859182f,-1.5991983845144366f,0f,0f,0f,1f],start_interpolation:0}
execute if entity @s[tag=aj.mech_torso.bone.sword_right] run data modify entity @s {} merge value {transformation:[-2.28753672387268f,-1.2738490951072639f,0.4915666202707066f,0.16796394386972213f,-0.758196863560209f,1.9827139203797786f,1.6097007636066474f,-0.804822403377873f,-1.1355469058376328f,1.2422992856645962f,-2.065037343927689f,-1.0183490828171813f,0f,0f,0f,1f],start_interpolation:0}
execute if entity @s[tag=aj.mech_torso.bone.right_hand] run data modify entity @s {} merge value {transformation:[-0.8586693774472358f,-0.47816290686940627f,0.18451865685771712f,0.21075159970582397f,-0.2846032686695032f,0.7442484791178507f,0.6042310657301565f,0.04285394979736401f,-0.42624861254555546f,0.46632010017258047f,-0.7751501044817213f,-1.8904737062070083f,0f,0f,0f,1f],start_interpolation:0}
execute if entity @s[tag=aj.mech_torso.bone.right_arm_low] run data modify entity @s {} merge value {transformation:[-0.8586693774472358f,-0.47816290686940627f,0.18451865685771712f,-0.20797826304632638f,-0.2846032686695032f,0.7442484791178507f,0.6042310657301565f,0.8237723540111261f,-0.42624861254555546f,0.46632010017258047f,-0.7751501044817213f,-1.4217365085153844f,0f,0f,0f,1f],start_interpolation:0}
execute if entity @s[tag=aj.mech_torso.bone.right_arm] run data modify entity @s {} merge value {transformation:[-0.9502843911161541f,-0.5650390776908704f,0.0496225273165188f,-0.7555302366914234f,-0.3149687772508053f,0.606181146076591f,0.8706957367717102f,1.4488741973766923f,-0.4717268530539264f,0.7335170327658037f,-0.6813211557586614f,-0.6627660979733593f,0f,0f,0f,1f],start_interpolation:0}
execute if entity @s[tag=aj.mech_torso.bone.torso] run data modify entity @s {} merge value {transformation:[-1.0385662067796044f,-0.08159386721178835f,0.8101634757169007f,0f,-4.57867395618298e-18f,1.3130704308595442f,0.1322430566009832f,0.20333875f,-0.8142618845017026f,0.10407048982586704f,-1.0333388113353625f,-0.005674375000000009f,0f,0f,0f,1f],start_interpolation:0}