execute if entity @s[tag=aj.mech_torso.bone.barrel_left] run data modify entity @s {} merge value {transformation:[-0.1555789959691218f,1.540801599938555f,1.6939226957245503f,1.0492407725449016f,0.9000106939192327f,-1.5200412599876847f,1.4652999052128437f,3.09396571243202f,2.1055698564272234f,0.7635793940465775f,-0.501169215079299f,-1.9587916138541877f,0f,0f,0f,1f],start_interpolation:0}
execute if entity @s[tag=aj.mech_torso.bone.blaster_left] run data modify entity @s {} merge value {transformation:[-0.06778640013788079f,0.6713335121872837f,0.7380489952371956f,1.4388878857944012f,0.39213831305666336f,-0.6622881477912606f,0.6384371172858732f,1.9794524186717986f,0.9174053342930929f,0.3326946418406946f,-0.218361461574772f,-1.7273714006839078f,0f,0f,0f,1f],start_interpolation:0}
execute if entity @s[tag=aj.mech_torso.bone.sword_left] run data modify entity @s {} merge value {transformation:[-0.18058624630998776f,1.7884649242533461f,1.9661981956799923f,0.40237693746665215f,1.044675419334749f,-1.7643676363097283f,1.7008273382435684f,1.4487728183935478f,2.444012151814624f,0.8863146061046328f,-0.5817254877725021f,-1.3046155665520867f,0f,0f,0f,1f],start_interpolation:0}
execute if entity @s[tag=aj.mech_torso.bone.rocket_left] run data modify entity @s {} merge value {transformation:[-0.1561998911500514f,1.5469507351878935f,1.7006829170005082f,1.8100910790688238f,0.9036025174758678f,-1.5261075434680578f,1.4711477231917167f,1.749482276021639f,2.1139729070371254f,0.7666267383430708f,-0.5031693150833816f,-1.4313270876286879f,0f,0f,0f,1f],start_interpolation:0}
execute if entity @s[tag=aj.mech_torso.bone.drillhead_left1] run data modify entity @s {} merge value {transformation:[0.7380489952371956f,0.6713335121872837f,0.06778640013788095f,0.9170919370662374f,0.6384371172858733f,-0.6622881477912606f,-0.3921383130566632f,2.83679603143447f,-0.2183614615747718f,0.3326946418406946f,-0.9174053342930929f,-1.858065209088521f,0f,0f,0f,1f],start_interpolation:0}
execute if entity @s[tag=aj.mech_torso.bone.drillhead_left2] run data modify entity @s {} merge value {transformation:[-0.3450655904209843f,0.6713335121872837f,0.6559276284177276f,0.654533940805003f,0.11796925395432323f,-0.6622881477912606f,0.7399038210583062f,2.6952411128867526f,0.9311353249817549f,0.3326946418406946f,0.14933613715914199f,-1.6100484796615706f,0f,0f,0f,1f],start_interpolation:0}
execute if entity @s[tag=aj.mech_torso.bone.drillhead_left3] run data modify entity @s {} merge value {transformation:[-0.21981265508096734f,0.6713335121872837f,-0.7078090929626029f,0.6801592897689406f,-0.606607868738786f,-0.6622881477912606f,-0.4397741498535462f,2.5463627036908285f,-0.7640086977583722f,0.3326946418406946f,0.552815507235505f,-1.9581261064990763f,0f,0f,0f,1f],start_interpolation:0}
execute if entity @s[tag=aj.mech_torso.bone.left_hand] run data modify entity @s {} merge value {transformation:[-0.06778640013788079f,0.6713335121872837f,0.7380489952371956f,1.4282962607728573f,0.39213831305666336f,-0.6622881477912606f,0.6384371172858732f,2.0407240300869023f,0.9174053342930929f,0.3326946418406946f,-0.218361461574772f,-1.584026817200612f,0f,0f,0f,1f],start_interpolation:0}
execute if entity @s[tag=aj.mech_torso.bone.left_arm_low] run data modify entity @s {} merge value {transformation:[0.31014081899155027f,0.19079721369510544f,0.9313479992148128f,1.6675819006303976f,0.47072456456198153f,-0.8819557314539286f,0.023926388643054047f,1.188936283563193f,0.8259727941725341f,0.4309878316167986f,-0.363343408203681f,-1.112770167454395f,0f,0f,0f,1f],start_interpolation:0}
execute if entity @s[tag=aj.mech_torso.bone.left_arm] run data modify entity @s {} merge value {transformation:[0.3432310352231713f,-1.0501077436215014f,-0.0651011657331694f,0.6097962205545576f,0.5209481297074517f,0.22911602674870468f,-0.9491527121465875f,1.4365522622134077f,0.914099273136111f,0.2637262816009702f,0.5653697425393295f,-0.8188699383908747f,0f,0f,0f,1f],start_interpolation:0}
execute if entity @s[tag=aj.mech_torso.bone.drillhead_right1] run data modify entity @s {} merge value {transformation:[-0.8410993157133996f,-0.19367170955484045f,0.5050180294054425f,-1.4755829236672793f,-0.4347214596093051f,0.7976041219491724f,-0.4181446127894567f,-0.8007068579466757f,-0.3218216799123485f,-0.5712433225586053f,-0.7550575294443457f,1.45085040366738f,0f,0f,0f,1f],start_interpolation:0}
execute if entity @s[tag=aj.mech_torso.bone.drillhead_right2] run data modify entity @s {} merge value {transformation:[-0.14470104781973941f,-0.19367170955484045f,-0.9703364754959874f,-1.339460582317159f,0.5526759496720869f,0.7976041219491724f,-0.2416132432292283f,-0.6014330453290189f,0.8207380224005261f,-0.5712433225586053f,-0.00837645618855043f,1.6829381367697362f,0f,0f,0f,1f],start_interpolation:0}
execute if entity @s[tag=aj.mech_torso.bone.drillhead_right3] run data modify entity @s {} merge value {transformation:[0.7884505940140036f,-0.19367170955484045f,0.5838124096977303f,-1.1477240419658314f,-0.21995454909998566f,0.7976041219491724f,0.5616472745237098f,-0.7600399368199311f,-0.5744263722438125f,-0.5712433225586053f,0.5862724701902846f,1.3964762255062033f,0f,0f,0f,1f],start_interpolation:0}
execute if entity @s[tag=aj.mech_torso.bone.drill_right] run data modify entity @s {} merge value {transformation:[-1.285877189817272f,-0.2960863586225335f,0.7720742988693664f,-1.402099438306776f,-0.6646045221919452f,1.2193815019915553f,-0.6392617489825073f,-0.29872413137798715f,-0.49200272745076457f,-0.8733198857622597f,-1.154336040909467f,1.2220992739560301f,0f,0f,0f,1f],start_interpolation:0}
execute if entity @s[tag=aj.mech_torso.bone.barrel_right] run data modify entity @s {} merge value {transformation:[-1.1590849757678188f,-0.44450288050224007f,-1.9304371788859698f,-1.7126628270520312f,0.9596986843283736f,1.8306098010999157f,-0.9977447994682858f,-1.0693810525014678f,1.732959592055856f,-1.3110810191566469f,-0.7386244695103618f,1.3576075634533655f,0f,0f,0f,1f],start_interpolation:0}
execute if entity @s[tag=aj.mech_torso.bone.blaster_right] run data modify entity @s {} merge value {transformation:[-0.5050180294054427f,-0.19367170955484045f,-0.8410993157133995f,-1.3952520492781275f,0.4181446127894566f,0.7976041219491724f,-0.4347214596093052f,-0.10933834839639248f,0.7550575294443456f,-0.5712433225586053f,-0.32182167991234867f,0.705619469740541f,0f,0f,0f,1f],start_interpolation:0}
execute if entity @s[tag=aj.mech_torso.bone.rocket_right] run data modify entity @s {} merge value {transformation:[-1.1637107304929935f,-0.4462768326652167f,-1.938141298159856f,-1.5920020515443953f,0.9635287147546029f,1.837915522521919f,-1.0017266669043654f,0.30149467880162373f,1.7398756044182622f,-1.3163133699732326f,-0.7415722220059922f,0.470670596852124f,0f,0f,0f,1f],start_interpolation:0}
execute if entity @s[tag=aj.mech_torso.bone.sword_right] run data modify entity @s {} merge value {transformation:[-1.345392439540854f,-0.5159507950533901f,-2.240729230194089f,-0.4759977060032554f,1.113957458794064f,2.1248559317384896f,-1.1581189799364036f,0.3526762831839697f,2.0115097528869934f,-1.5218198213900485f,-0.8573485100010261f,1.395700778010234f,0f,0f,0f,1f],start_interpolation:0}
execute if entity @s[tag=aj.mech_torso.bone.right_hand] run data modify entity @s {} merge value {transformation:[-0.5050180294054427f,-0.19367170955484045f,-0.8410993157133995f,-1.5688519968862484f,0.4181446127894566f,0.7976041219491724f,-0.4347214596093052f,0.03439886224998323f,0.7550575294443456f,-0.5712433225586053f,-0.32182167991234867f,0.9651704954870348f,0f,0f,0f,1f],start_interpolation:0}
execute if entity @s[tag=aj.mech_torso.bone.right_arm_low] run data modify entity @s {} merge value {transformation:[-0.5050180294054427f,-0.19367170955484045f,-0.8410993157133995f,-1.7572444332192925f,0.4181446127894566f,0.7976041219491724f,-0.4347214596093052f,0.7922839002870238f,0.7550575294443456f,-0.5712433225586053f,-0.32182167991234867f,0.3366791498408969f,0f,0f,0f,1f],start_interpolation:0}
execute if entity @s[tag=aj.mech_torso.bone.right_arm] run data modify entity @s {} merge value {transformation:[-0.5589005072044987f,0.8698264239610188f,-0.39472039947254833f,-0.8572483929344924f,0.4627582037971837f,0.6466393171382044f,0.7697300935285489f,1.4365522622134077f,0.8356177633338022f,0.22367736641030656f,-0.690277746918435f,0.5404608168091848f,0f,0f,0f,1f],start_interpolation:0}
execute if entity @s[tag=aj.mech_torso.bone.torso] run data modify entity @s {} merge value {transformation:[-0.9680388628738784f,-0.0047551720451112795f,-0.8969505731764209f,0f,0f,1.3196943712855407f,-0.006996342909068422f,0.20333875f,0.8969631778298865f,-0.0051319735894355695f,-0.9680252594231356f,-0.005674375000000009f,0f,0f,0f,1f],start_interpolation:0}