execute if entity @s[tag=aj.mech_torso.bone.barrel_left] run data modify entity @s {} merge value {transformation:[-0.621341738443893f,-2.084452736905753f,-0.7325569773910657f,3.416418388537599f,2.0986237675703827f,-0.3188317107405774f,-0.8727961479438515f,1.5315504113053615f,0.6909133228610589f,-0.9061189884794656f,1.9922940677672902f,0.8040604578140838f,0f,0f,0f,1f],start_interpolation:0}
execute if entity @s[tag=aj.mech_torso.bone.blaster_left] run data modify entity @s {} merge value {transformation:[-0.2707211178614597f,-0.908204519589764f,-0.31917804896416035f,2.657992600857488f,0.9143788951795733f,-0.13891627071044554f,-0.3802808248940319f,1.3327761221116399f,0.30103373962734614f,-0.39479972179401096f,0.8680506133154603f,-0.10851785467917116f,0f,0f,0f,1f],start_interpolation:0}
execute if entity @s[tag=aj.mech_torso.bone.sword_left] run data modify entity @s {} merge value {transformation:[-0.7212141428369586f,-2.419500736738912f,-0.8503057493795565f,3.157117318344036f,2.435949571738317f,-0.37007965945904464f,-1.013086497757571f,2.044532290719843f,0.8019684323313322f,-1.0517655408457987f,2.31252878965203f,-0.9911139980479319f,0f,0f,0f,1f],start_interpolation:0}
execute if entity @s[tag=aj.mech_torso.bone.rocket_left] run data modify entity @s {} merge value {transformation:[-0.623821431083038f,-2.092771511886645f,-0.7354805153287236f,2.141641538336493f,2.1069990972590213f,-0.32010412589850556f,-0.876279361849537f,1.3824221375723484f,0.6936706664853204f,-0.9097351894312146f,2.0002450496975044f,-0.20462803042718752f,0f,0f,0f,1f],start_interpolation:0}
execute if entity @s[tag=aj.mech_torso.bone.drillhead_left1] run data modify entity @s {} merge value {transformation:[-0.3191780489641604f,-0.908204519589764f,0.27072111786145964f,3.4022846222466137f,-0.3802808248940317f,-0.13891627071044554f,-0.9143788951795734f,1.623924210915513f,0.8680506133154604f,-0.39479972179401096f,-0.301033739627346f,0.5124911076488428f,0f,0f,0f,1f],start_interpolation:0}
execute if entity @s[tag=aj.mech_torso.bone.drillhead_left2] run data modify entity @s {} merge value {transformation:[-0.1279695484975807f,-0.908204519589764f,-0.3984825532618106f,3.4588778946573595f,0.990303117549767f,-0.13891627071044554f,-0.0014160166365866922f,1.9261457031817555f,-0.0540696775331449f,-0.39479972179401096f,0.9171748195643149f,0.2759616896653393f,0f,0f,0f,1f],start_interpolation:0}
execute if entity @s[tag=aj.mech_torso.bone.drillhead_left3] run data modify entity @s {} merge value {transformation:[0.3722578511239759f,-0.908204519589764f,0.19128158006793575f,3.561643500772064f,-0.6992487748836154f,-0.13891627071044554f,0.7012513248156225f,1.5792374968339595f,-0.6103074988072186f,-0.39479972179401096f,-0.6867735700877319f,0.16162271946053552f,0f,0f,0f,1f],start_interpolation:0}
execute if entity @s[tag=aj.mech_torso.bone.left_hand] run data modify entity @s {} merge value {transformation:[-0.2707211178614597f,-0.908204519589764f,-0.31917804896416035f,2.615692426191635f,0.9143788951795733f,-0.13891627071044554f,-0.3802808248940319f,1.4756478244834481f,0.30103373962734614f,-0.39479972179401096f,0.8680506133154603f,-0.06148133286239832f,0f,0f,0f,1f],start_interpolation:0}
execute if entity @s[tag=aj.mech_torso.bone.left_arm_low] run data modify entity @s {} merge value {transformation:[-0.21867290265096512f,-0.8198692391667354f,0.5291470422428535f,1.7986919756793034f,0.49116335413652407f,-0.5610479337526323f,-0.6663210754473112f,0.9244750667566202f,0.8431730078694176f,0.11419127243384455f,0.5253757056625082f,0.12182624336523823f,0f,0f,0f,1f],start_interpolation:0}
execute if entity @s[tag=aj.mech_torso.bone.left_arm] run data modify entity @s {} merge value {transformation:[-0.2518527642401109f,-0.8428854664251292f,-0.6714806431818683f,0.9347527073531936f,0.5416012705793364f,0.49716080098168075f,-0.8272068545461468f,1.4451527373958242f,0.9316706646586504f,-0.5168628512386764f,0.29935688426686013f,-0.3772782210927337f,0f,0f,0f,1f],start_interpolation:0}
execute if entity @s[tag=aj.mech_torso.bone.drillhead_right1] run data modify entity @s {} merge value {transformation:[-0.4830846491588608f,0.21296832722876124f,0.8492783485668545f,-2.073696415560824f,0.3236729970411178f,0.9446954978869192f,-0.05278453616927996f,-0.8270129392357941f,-0.8135508667154627f,0.24938906926641513f,-0.5252999899076244f,-1.2409550500298423f,0f,0f,0f,1f],start_interpolation:0}
execute if entity @s[tag=aj.mech_torso.bone.drillhead_right2] run data modify entity @s {} merge value {transformation:[-0.5997623919829052f,0.21296832722876124f,-0.7713167732911863f,-2.1016664796165294f,-0.07509774087169105f,0.9446954978869192f,0.3192346246699343f,-0.9062662017905865f,0.7966463471823066f,0.24938906926641513f,-0.5505993912560372f,-0.9168552876764164f,0f,0f,0f,1f],start_interpolation:0}
execute if entity @s[tag=aj.mech_torso.bone.drillhead_right3] run data modify entity @s {} merge value {transformation:[0.9694993753089014f,0.21296832722876124f,0.12130726636534833f,-1.779348194042253f,-0.17263084607149f,0.9446954978869192f,-0.2788350897158158f,-0.9263371735876244f,-0.17398147102577272f,0.24938906926641513f,0.9526465975744307f,-1.1160726373592293f,0f,0f,0f,1f],start_interpolation:0}
execute if entity @s[tag=aj.mech_torso.bone.drill_right] run data modify entity @s {} merge value {transformation:[-0.7385424283425827f,0.32558713224576935f,1.2983813395467285f,-1.8639744630848882f,0.4948330311051949f,1.4442555942701356f,-0.08069728481183279f,-0.40557770356895606f,-1.2437609717684608f,0.381267359951954f,-0.8030814699457215f,-0.944100532586703f,0f,0f,0f,1f],start_interpolation:0}
execute if entity @s[tag=aj.mech_torso.bone.barrel_right] run data modify entity @s {} merge value {transformation:[-1.9492091702699452f,0.488791239187789f,-1.1087448888177627f,-2.2119424856789434f,0.12114768040799401f,2.168204488788943f,0.7428734937914635f,-0.8270285253191066f,1.2056348300866266f,0.5723817893149982f,-1.8672097464380497f,-1.5844298737269158f,0f,0f,0f,1f],start_interpolation:0}
execute if entity @s[tag=aj.mech_torso.bone.blaster_right] run data modify entity @s {} merge value {transformation:[-0.8492783485668546f,0.21296832722876124f,-0.4830846491588606f,-1.540118028891048f,0.05278453616928003f,0.9446954978869192f,0.3236729970411178f,0.02328917235237131f,0.5252999899076242f,0.24938906926641513f,-0.8135508667154628f,-1.061809761040818f,0f,0f,0f,1f],start_interpolation:0}
execute if entity @s[tag=aj.mech_torso.bone.rocket_right] run data modify entity @s {} merge value {transformation:[-1.9569882060768389f,0.4907419403284014f,-1.1131697429187872f,-1.543446501027239f,0.12163116476574785f,2.1768575059264625f,0.7458382035806113f,0.5208150338767707f,1.2104463591191847f,0.5746660892773663f,-1.8746615333976353f,-0.938715281523487f,0f,0f,0f,1f],start_interpolation:0}
execute if entity @s[tag=aj.mech_torso.bone.sword_right] run data modify entity @s {} merge value {transformation:[-2.2625185690356147f,0.5673579172065694f,-1.2869608544505808f,-1.2180015237364494f,0.14062055560754352f,2.5167144666531507f,0.8622805083123949f,-0.5431305864190782f,1.3994245626134232f,0.6643845343307445f,-2.167338830555218f,-0.008193183045034358f,0f,0f,0f,1f],start_interpolation:0}
execute if entity @s[tag=aj.mech_torso.bone.right_hand] run data modify entity @s {} merge value {transformation:[-0.8492783485668546f,0.21296832722876124f,-0.4830846491588606f,-1.8320574612109044f,0.05278453616928003f,0.9446954978869192f,0.3236729970411178f,0.04143385666056132f,0.5252999899076242f,0.24938906926641513f,-0.8135508667154628f,-0.8812378895100721f,0f,0f,0f,1f],start_interpolation:0}
execute if entity @s[tag=aj.mech_torso.bone.right_arm_low] run data modify entity @s {} merge value {transformation:[-0.8492783485668546f,0.21296832722876124f,-0.4830846491588606f,-1.5811056324829291f,0.05278453616928003f,0.9446954978869192f,0.3236729970411178f,0.9929451021944354f,0.5252999899076242f,0.24938906926641513f,-0.8135508667154628f,-0.6901035341977417f,0f,0f,0f,1f],start_interpolation:0}
execute if entity @s[tag=aj.mech_torso.bone.right_arm] run data modify entity @s {} merge value {transformation:[-0.939891394235238f,0.5526070933870268f,-0.18974073340985617f,-0.9928179142136486f,0.05841633826874789f,0.4464720556181363f,1.010951142988332f,1.4451527373958242f,0.5813464345808266f,0.8485635405934464f,-0.40834815918490786f,0.1560804751637512f,0f,0f,0f,1f],start_interpolation:0}
execute if entity @s[tag=aj.mech_torso.bone.torso] run data modify entity @s {} merge value {transformation:[-1.2719199235344785f,0.01892879076005539f,-0.3514307775554792f,0f,0f,1.3178027470896656f,0.07097958988167614f,0.20333875f,0.3519401803330882f,0.06840908609339101f,-1.2700789301550592f,-0.005674375000000009f,0f,0f,0f,1f],start_interpolation:0}