execute if entity @s[tag=aj.mech_torso.bone.barrel_left] run data modify entity @s {} merge value {transformation:[-1.947819921613699f,1.0690773363973467f,0.5750823377717791f,-0.3122018113939416f,1.1447884643296984f,1.979395965535424f,0.19773587689246952f,-1.071044330837004f,-0.4038631183373292f,0.4546578426403058f,-2.2131040014475616f,0.8902147373313025f,0f,0f,0f,1f],start_interpolation:0}
execute if entity @s[tag=aj.mech_torso.bone.blaster_left] run data modify entity @s {} merge value {transformation:[-0.8486730472874839f,0.46580133553345093f,0.25056570919227905f,0.2835790180631467f,0.4987889813332173f,0.8624308578114326f,0.08615432429778608f,-0.30861244033047375f,-0.17596480019693642f,0.19809626778384826f,-0.9642583978279693f,1.6052412301871728f,0f,0f,0f,1f],start_interpolation:0}
execute if entity @s[tag=aj.mech_torso.bone.sword_left] run data modify entity @s {} merge value {transformation:[-2.260906017171143f,1.240917271592331f,0.6675191599641758f,-0.32319380872665054f,1.3287979544057889f,2.2975574893677844f,0.2295192840549765f,-0.4626714083629696f,-0.4687787326899815f,0.5277380320291147f,-2.568830977636272f,2.6742551919694995f,0f,0f,0f,1f],start_interpolation:0}
execute if entity @s[tag=aj.mech_torso.bone.rocket_left] run data modify entity @s {} merge value {transformation:[-1.9555934131130825f,1.0733438825469432f,0.5773774152656015f,0.39953487901572027f,1.1493571635699682f,1.9872954728467858f,0.1985250146054021f,0.20592341217716942f,-0.40547488258846637f,0.4564723219130942f,-2.221936206597333f,1.6165287141840774f,0f,0f,0f,1f],start_interpolation:0}
execute if entity @s[tag=aj.mech_torso.bone.drillhead_left1] run data modify entity @s {} merge value {transformation:[0.2505657091922789f,0.46580133553345093f,0.848673047287484f,-0.330109985647805f,0.08615432429778619f,0.8624308578114326f,-0.4987889813332173f,-0.9959494832619289f,-0.9642583978279693f,0.19809626778384826f,0.1759648001969362f,1.1865007972840704f,0f,0f,0f,1f],start_interpolation:0}
execute if entity @s[tag=aj.mech_torso.bone.drillhead_left2] run data modify entity @s {} merge value {transformation:[-0.8799590038095843f,0.46580133553345093f,-0.09328058441979295f,-0.5759749887921144f,0.4278510983605419f,0.8624308578114326f,0.2704744962585468f,-0.9304160780746863f,0.20643543602328215f,0.19809626778384826f,-0.9581974115201874f,1.479319115486364f,0f,0f,0f,1f],start_interpolation:0}
execute if entity @s[tag=aj.mech_torso.bone.drillhead_left3] run data modify entity @s {} merge value {transformation:[0.6881843125561958f,0.46580133553345093f,-0.5562656449636363f,-0.2539817570650009f,-0.4937907634312857f,0.8624308578114326f,0.1112820625464178f,-1.1196908866450543f,0.531575990712057f,0.19809626778384826f,0.8235197840905859f,1.5462136526448083f,0f,0f,0f,1f],start_interpolation:0}
execute if entity @s[tag=aj.mech_torso.bone.left_hand] run data modify entity @s {} merge value {transformation:[-0.8486730472874839f,0.46580133553345093f,0.25056570919227905f,0.15097385442447736f,0.4987889813332173f,0.8624308578114326f,0.08615432429778608f,-0.23067666199715853f,-0.17596480019693642f,0.19809626778384826f,-0.9642583978279693f,1.5777467301564014f,0f,0f,0f,1f],start_interpolation:0}
execute if entity @s[tag=aj.mech_torso.bone.left_arm_low] run data modify entity @s {} merge value {transformation:[-0.927308955990838f,0.37311796214314685f,-0.02968310066902509f,0.4652074099222898f,0.30708563201177513f,0.7130579696390426f,-0.6302751355925243f,0.48187806165535363f,-0.21400120268613193f,-0.5935750317023042f,-0.7758042066066011f,0.9465527418297576f,0f,0f,0f,1f],start_interpolation:0}
execute if entity @s[tag=aj.mech_torso.bone.left_arm] run data modify entity @s {} merge value {transformation:[-1.0262474122928171f,0.4073595449951189f,0.07514272019094262f,0.850326686161984f,0.3398498776145782f,0.942779831364803f,-0.4695106269203476f,1.4498488445749276f,-0.23683388267239322f,-0.4123061595551917f,-0.999342444482969f,0.520739086597001f,0f,0f,0f,1f],start_interpolation:0}
execute if entity @s[tag=aj.mech_torso.bone.drillhead_right1] run data modify entity @s {} merge value {transformation:[-0.33542589951722085f,-0.40260995392716836f,0.8517010572564923f,0.31903366602359906f,0.8462725828159515f,0.2684341116742684f,0.46018022910992706f,0.6738941210431922f,-0.4138987575568232f,0.8751276208007664f,0.2506780122079083f,-3.3112685946568448f,0f,0f,0f,1f],start_interpolation:0}
execute if entity @s[tag=aj.mech_torso.bone.drillhead_right2] run data modify entity @s {} merge value {transformation:[-0.6585072400860991f,-0.40260995392716836f,-0.6358250071780382f,0.24987768529141724f,-0.7490055916494943f,0.2684341116742684f,0.6057505686067802f,0.3531303945133423f,-0.07320408753600971f,0.8751276208007664f,-0.4783229127687805f,-3.24469425922599f,0f,0f,0f,1f],start_interpolation:0}
execute if entity @s[tag=aj.mech_torso.bone.drillhead_right3] run data modify entity @s {} merge value {transformation:[0.9152311091488946f,-0.40260995392716836f,-0.016038760701742483f,0.5730960629553656f,0.10129659823253823f,0.2684341116742684f,-0.9579572677714608f,0.5276340413374789f,0.38998848192299224f,0.8751276208007664f,0.28646226850842005f,-3.1495216206977625f,0f,0f,0f,1f],start_interpolation:0}
execute if entity @s[tag=aj.mech_torso.bone.drill_right] run data modify entity @s {} merge value {transformation:[-0.5128009320722163f,-0.6155122783677721f,1.302085189714452f,0.18013097531334107f,1.293786108585517f,0.4103835239457264f,0.7035260269061642f,0.6379136733087478f,-0.6327706625044748f,1.3378998469548244f,0.383237902902683f,-2.7735651358316664f,0f,0f,0f,1f],start_interpolation:0}
execute if entity @s[tag=aj.mech_torso.bone.barrel_right] run data modify entity @s {} merge value {transformation:[-1.954769615797261f,-0.9240445321149267f,-0.7698480014100393f,0.30292443998414875f,-1.0561761336217363f,0.6160927485926151f,1.9423105295884417f,0.9649843477386066f,-0.5753400884471415f,2.0085367612395846f,-0.9499538698408106f,-3.53950948367235f,0f,0f,0f,1f],start_interpolation:0}
execute if entity @s[tag=aj.mech_torso.bone.blaster_right] run data modify entity @s {} merge value {transformation:[-0.8517010572564924f,-0.40260995392716836f,-0.3354258995172207f,0.2424972703054818f,-0.4601802291099269f,0.2684341116742684f,0.8462725828159516f,0.9680253963315906f,-0.2506780122079084f,0.8751276208007664f,-0.41389875755682315f,-2.337902485072648f,0f,0f,0f,1f],start_interpolation:0}
execute if entity @s[tag=aj.mech_torso.bone.rocket_right] run data modify entity @s {} merge value {transformation:[-1.9625708426062896f,-0.9277322715387519f,-0.7729203628888255f,-0.05961879949572483f,-1.0603911927786211f,0.6185514932080048f,1.9500620338334596f,1.1119925921156661f,-0.5776361945897941f,2.0165525656096106f,-0.9537450100022155f,-1.9497084106640576f,0f,0f,0f,1f],start_interpolation:0}
execute if entity @s[tag=aj.mech_torso.bone.sword_right] run data modify entity @s {} merge value {transformation:[-2.2689727820823964f,-1.072572376743083f,-0.893590808565686f,0.5128049398620871f,-1.2259423723932523f,0.7151214478156487f,2.2545110637965315f,-0.2139479117687907f,-0.6678183406257915f,2.3313822796482473f,-1.1026462952379923f,-2.0837939606891007f,0f,0f,0f,1f],start_interpolation:0}
execute if entity @s[tag=aj.mech_torso.bone.right_hand] run data modify entity @s {} merge value {transformation:[-0.8517010572564924f,-0.40260995392716836f,-0.3354258995172207f,-0.05027496812643745f,-0.4601802291099269f,0.2684341116742684f,0.8462725828159516f,0.8098384425750532f,-0.2506780122079084f,0.8751276208007664f,-0.41389875755682315f,-2.4240730517691165f,0f,0f,0f,1f],start_interpolation:0}
execute if entity @s[tag=aj.mech_torso.bone.right_arm_low] run data modify entity @s {} merge value {transformation:[-0.8517010572564924f,-0.40260995392716836f,-0.3354258995172207f,-0.4101356653349882f,-0.4601802291099269f,0.2684341116742684f,0.8462725828159516f,1.1334798367816905f,-0.2506780122079084f,0.8751276208007664f,-0.41389875755682315f,-1.5462123913790065f,0f,0f,0f,1f],start_interpolation:0}
execute if entity @s[tag=aj.mech_torso.bone.right_arm] run data modify entity @s {} merge value {transformation:[-0.9425725918095929f,-0.4455660874531327f,-0.37121388634462765f,-0.8364562054637872f,-0.5092787751712863f,0.2970744655242614f,0.9365649308123474f,1.4498488445749276f,-0.2774238938220877f,0.968498633029087f,-0.4580593405787171f,-0.553860130096647f,0f,0f,0f,1f],start_interpolation:0}
execute if entity @s[tag=aj.mech_torso.bone.torso] run data modify entity @s {} merge value {transformation:[-1.1130345848454402f,-0.0925536733515053f,0.7030149450075166f,0f,0f,1.3084225897178101f,0.17225710183611823f,0.20333875f,-0.7090812332552447f,0.14528016616910122f,-1.103512419676344f,-0.005674375000000009f,0f,0f,0f,1f],start_interpolation:0}