execute if entity @s[tag=aj.mech_torso.bone.barrel_left] run data modify entity @s {} merge value {transformation:[-2.129548457705819f,-0.059771210682022576f,0.8538730948490345f,1.5260672275603437f,-0.6290641610606753f,1.6619413580991889f,-1.4525418055805301f,-1.3064659544069046f,-0.5804740657449668f,-1.5817796363791399f,-1.5584195630139142f,1.2930611406639039f,0f,0f,0f,1f],start_interpolation:0}
execute if entity @s[tag=aj.mech_torso.bone.blaster_left] run data modify entity @s {} merge value {transformation:[-0.9278529082145764f,-0.02604255914353184f,0.37203597383990755f,1.5545258134603943f,-0.2740858087458187f,0.7241145966012275f,-0.6328783614828302f,-0.15767037575693585f,-0.2529149069586514f,-0.6891878090203694f,-0.6790097302217395f,0.9367201561300513f,0f,0f,0f,1f],start_interpolation:0}
execute if entity @s[tag=aj.mech_torso.bone.sword_left] run data modify entity @s {} merge value {transformation:[-2.471844993707529f,-0.06937863628206076f,0.9911218160482494f,0.8828705095145383f,-0.7301778419796172f,1.9290762842178393f,-1.6860185441110647f,0.3832773437779623f,-0.6737775363583504f,-1.8360296339743667f,-1.8089147401143415f,1.8260755388981873f,0f,0f,0f,1f],start_interpolation:0}
execute if entity @s[tag=aj.mech_torso.bone.rocket_left] run data modify entity @s {} merge value {transformation:[-2.138047203739686f,-0.06000974967271101f,0.8572807893544189f,1.419779765345095f,-0.6315746728663667f,1.6685739460896407f,-1.4583387076723955f,0.12200611733446681f,-0.5827906609114968f,-1.5880923095481791f,-1.5646390092220241f,0.5101701892687186f,0f,0f,0f,1f],start_interpolation:0}
execute if entity @s[tag=aj.mech_torso.bone.drillhead_left1] run data modify entity @s {} merge value {transformation:[0.37203597383990733f,-0.02604255914353184f,0.9278529082145766f,1.4170362771187783f,-0.6328783614828303f,0.7241145966012275f,0.27408580874581856f,-1.043694938830669f,-0.6790097302217396f,-0.6891878090203694f,0.2529149069586512f,1.4062380525258569f,0f,0f,0f,1f],start_interpolation:0}
execute if entity @s[tag=aj.mech_torso.bone.drillhead_left2] run data modify entity @s {} merge value {transformation:[-0.9995963145128655f,-0.02604255914353184f,-0.011357514056889895f,1.1150464702961898f,-0.011030205210221272f,0.7241145966012275f,-0.6895914627966778f,-0.8816118132302468f,0.026182868164454698f,-0.6891878090203694f,-0.7241095368191097f,1.5879466417897097f,0f,0f,0f,1f],start_interpolation:0}
execute if entity @s[tag=aj.mech_torso.bone.drillhead_left3] run data modify entity @s {} merge value {transformation:[0.7148523076481763f,-0.02604255914353184f,-0.6987903572340798f,1.4670684121932058f,0.4954143324939084f,0.7241145966012275f,0.4798152666898551f,-0.777528706736436f,0.4935086801766433f,-0.6891878090203694f,0.5305368474366419f,1.6840025260691975f,0f,0f,0f,1f],start_interpolation:0}
execute if entity @s[tag=aj.mech_torso.bone.left_hand] run data modify entity @s {} merge value {transformation:[-0.9278529082145764f,-0.02604255914353184f,0.37203597383990755f,1.4095487965518667f,-0.2740858087458187f,0.7241145966012275f,-0.6328783614828302f,-0.20049628337347003f,-0.2529149069586514f,-0.6891878090203694f,-0.6790097302217395f,0.897202201917762f,0f,0f,0f,1f],start_interpolation:0}
execute if entity @s[tag=aj.mech_torso.bone.left_arm_low] run data modify entity @s {} merge value {transformation:[-0.9452394737941469f,-0.0197216159760199f,0.3257812073227349f,1.3409303761925482f,-0.26882314260184287f,0.6130969484875162f,-0.742863547198922f,0.37258473285146465f,-0.18508499448370658f,-0.7897614764082825f,-0.5848250637569974f,0.07759713011184168f,0f,0f,0f,1f],start_interpolation:0}
execute if entity @s[tag=aj.mech_torso.bone.left_arm] run data modify entity @s {} merge value {transformation:[-1.04488191207755f,-0.29571717285699395f,0.21341303152492264f,1.0108171523043994f,-0.31402560994000933f,1.0588794913538027f,-0.07024327459725357f,1.4401119350782792f,-0.18542298845881008f,-0.1268761403960838f,-1.0836478851007025f,-0.05661350441449804f,0f,0f,0f,1f],start_interpolation:0}
execute if entity @s[tag=aj.mech_torso.bone.drillhead_right1] run data modify entity @s {} merge value {transformation:[-0.014413050449846958f,0.15486251432517928f,0.9878308891878274f,-1.4902793871820503f,-0.5077592784419954f,0.8499394320508211f,-0.14065374862118607f,-1.3662079762417294f,-0.8613784180792983f,-0.5036075490915631f,0.06638265861800341f,0.44102128882309444f,0f,0f,0f,1f],start_interpolation:0}
execute if entity @s[tag=aj.mech_torso.bone.drillhead_right2] run data modify entity @s {} merge value {transformation:[-0.9071211044860601f,0.15486251432517928f,-0.3913424375823227f,-1.6738147734929476f,0.3242581830115056f,0.8499394320508211f,-0.41528254549788707f,-1.1994629551341291f,0.2683056699849399f,-0.5036075490915631f,-0.8212134338598714f,0.6659988876500487f,0f,0f,0f,1f],start_interpolation:0}
execute if entity @s[tag=aj.mech_torso.bone.drillhead_right3] run data modify entity @s {} merge value {transformation:[0.9181523757200574f,0.15486251432517928f,-0.36471059295899033f,-1.2989841732599026f,0.06436394396730272f,0.8499394320508211f,0.5229342640926311f,-1.2527674838906835f,0.39096482920665454f,-0.5036075490915631f,0.7704063465609564f,0.6912995177220305f,0f,0f,0f,1f],start_interpolation:0}
execute if entity @s[tag=aj.mech_torso.bone.drill_right] run data modify entity @s {} merge value {transformation:[-0.02203474959841597f,0.23675465073895335f,1.5102012141410002f,-1.407337396785581f,-0.7762651352448808f,1.2993920075578855f,-0.21503221276654097f,-0.8221207647518043f,-1.3168799913593958f,-0.769917948925406f,0.1014861680679378f,0.35853921646509374f,0f,0f,0f,1f],start_interpolation:0}
execute if entity @s[tag=aj.mech_torso.bone.barrel_right] run data modify entity @s {} merge value {transformation:[-2.2672060710485122f,0.35543050586781566f,-0.03307990855508438f,-1.45084461070484f,0.32281945855314287f,1.9507264466628216f,-1.1653765146597013f,-1.6487063524820238f,-0.1523572185061139f,-1.1558477318572224f,-1.9769804733937788f,0.20495668646696946f,0f,0f,0f,1f],start_interpolation:0}
execute if entity @s[tag=aj.mech_torso.bone.blaster_right] run data modify entity @s {} merge value {transformation:[-0.9878308891878274f,0.15486251432517928f,-0.01441305044984674f,-1.029170725733131f,0.14065374862118596f,0.8499394320508211f,-0.5077592784419954f,-0.5279656241542753f,-0.0663826586180036f,-0.5036075490915631f,-0.8613784180792983f,0.08811737589061745f,0f,0f,0f,1f],start_interpolation:0}
execute if entity @s[tag=aj.mech_torso.bone.rocket_right] run data modify entity @s {} merge value {transformation:[-2.2762541903972684f,0.35684898197298665f,-0.033211926091767284f,-1.0452494300850157f,0.3241077882847843f,1.958511537718977f,-1.170027378083864f,-0.1215445740982532f,-0.15296525599961372f,-1.1604605671704222f,-1.984870340795711f,-0.2237459240305581f,0f,0f,0f,1f],start_interpolation:0}
execute if entity @s[tag=aj.mech_torso.bone.sword_right] run data modify entity @s {} merge value {transformation:[-2.6316292339560166f,0.41256122318380334f,-0.03839706302916346f,-1.2904394061800954f,0.37470838459135614f,2.2642797273892703f,-1.352695259467934f,-0.058624514217770374f,-0.17684661105352814f,-1.3416348518114638f,-2.294753739053458f,1.2044308975270515f,0f,0f,0f,1f],start_interpolation:0}
execute if entity @s[tag=aj.mech_torso.bone.right_hand] run data modify entity @s {} merge value {transformation:[-0.9878308891878274f,0.15486251432517928f,-0.01441305044984674f,-1.3687375938914468f,0.14065374862118596f,0.8499394320508211f,-0.5077592784419954f,-0.47961589806574256f,-0.0663826586180036f,-0.5036075490915631f,-0.8613784180792983f,0.06529833699067872f,0f,0f,0f,1f],start_interpolation:0}
execute if entity @s[tag=aj.mech_torso.bone.right_arm_low] run data modify entity @s {} merge value {transformation:[-0.9878308891878274f,0.15486251432517928f,-0.01441305044984674f,-1.152586056818586f,0.14065374862118596f,0.8499394320508211f,-0.5077592784419954f,0.34566519724494205f,-0.0663826586180036f,-0.5036075490915631f,-0.8613784180792983f,-0.46107837150223724f,0f,0f,0f,1f],start_interpolation:0}
execute if entity @s[tag=aj.mech_torso.bone.right_arm] run data modify entity @s {} merge value {transformation:[-1.093226682717315f,0.1410959486111103f,0.09858667260057878f,-0.9782865241812959f,0.15566068311886622f,1.0809619705199836f,0.1790612983158286f,1.4401119350782792f,-0.07346530106036932f,0.19074886659981277f,-1.0876532986043963f,-0.2650998689352746f,0f,0f,0f,1f],start_interpolation:0}
execute if entity @s[tag=aj.mech_torso.bone.torso] run data modify entity @s {} merge value {transformation:[-1.3125229072236633f,-0.0021675413223979597f,0.13755399737775223f,0f,1.4308356113071814e-19f,1.319549100430924f,0.0207931231126816f,0.20333875f,-0.1375710741034719f,0.020679838814527327f,-1.3123599834852717f,-0.005674375000000009f,0f,0f,0f,1f],start_interpolation:0}