execute if entity @s[tag=aj.mech_torso.bone.barrel_left] run data modify entity @s {} merge value {transformation:[-1.9729192367913833f,0.0889292390735694f,1.169328768562117f,1.3452806198028926f,-0.7105516325961895f,1.7299520279509502f,-1.3304250643512319f,-1.294760507469105f,-0.9329279478952758f,-1.5056580172392688f,-1.4595505721316133f,1.5070379761107022f,0f,0f,0f,1f],start_interpolation:0}
execute if entity @s[tag=aj.mech_torso.bone.blaster_left] run data modify entity @s {} merge value {transformation:[-0.8596089208044911f,0.03874683048471832f,0.5094812915119912f,1.361140772489166f,-0.309590230903337f,0.7537471215542217f,-0.5796716015796735f,-0.13038919801758764f,-0.4064804942461034f,-0.6560213105350419f,-0.6359321095221799f,1.204535117977709f,0f,0f,0f,1f],start_interpolation:0}
execute if entity @s[tag=aj.mech_torso.bone.sword_left] run data modify entity @s {} merge value {transformation:[-2.29003971278767f,0.10322342917476303f,1.3572827855170344f,0.528946314432681f,-0.8247633386543168f,2.008018762931322f,-1.5442731640689933f,0.33200388544605275f,-1.0828836832288413f,-1.7476724789620275f,-1.6941538764857145f,1.9972162012592047f,0f,0f,0f,1f],start_interpolation:0}
execute if entity @s[tag=aj.mech_torso.bone.rocket_left] run data modify entity @s {} merge value {transformation:[-1.9807928963355685f,0.0892841438962967f,1.173995404908495f,1.2780428745753227f,-0.7133873501153345f,1.7368560375230861f,-1.3357346146918676f,0.16188141408214723f,-0.9366511398556974f,-1.5116668991015572f,-1.465375445283124f,0.7732661286390982f,0f,0f,0f,1f],start_interpolation:0}
execute if entity @s[tag=aj.mech_torso.bone.drillhead_left1] run data modify entity @s {} merge value {transformation:[0.509481291511991f,0.03874683048471832f,0.8596089208044912f,1.2047482155135323f,-0.5796716015796736f,0.7537471215542217f,0.30959023090333687f,-1.0436922325590459f,-0.63593210952218f,-0.6560213105350419f,0.4064804942461032f,1.6117314947166999f,0f,0f,0f,1f],start_interpolation:0}
execute if entity @s[tag=aj.mech_torso.bone.drillhead_left2] run data modify entity @s {} merge value {transformation:[-0.9891451372569928f,0.03874683048471832f,0.14174124512023145f,0.869213141902005f,-0.0641933596599579f,0.7537471215542217f,-0.6540217804662873f,-0.9063490572683394f,-0.1321783265759266f,-0.6560213105350419f,-0.7430780107818251f,1.7497164975937496f,0f,0f,0f,1f],start_interpolation:0}
execute if entity @s[tag=aj.mech_torso.bone.drillhead_left3] run data modify entity @s {} merge value {transformation:[0.5992050385337775f,0.03874683048471832f,-0.7996574297304583f,1.1953222907999197f,0.5078547959341145f,0.7537471215542217f,0.41707167608870804f,-0.7888008478072287f,0.6188996914221667f,-0.6560213105350419f,0.43197130932671124f,1.904036668007818f,0f,0f,0f,1f],start_interpolation:0}
execute if entity @s[tag=aj.mech_torso.bone.left_hand] run data modify entity @s {} merge value {transformation:[-0.8596089208044911f,0.03874683048471832f,0.5094812915119912f,1.2268268786134642f,-0.309590230903337f,0.7537471215542217f,-0.5796716015796735f,-0.17876267159623405f,-0.4064804942461034f,-0.6560213105350419f,-0.6359321095221799f,1.1410225407517554f,0f,0f,0f,1f],start_interpolation:0}
execute if entity @s[tag=aj.mech_torso.bone.left_arm_low] run data modify entity @s {} merge value {transformation:[-0.8897666274868876f,0.12563102895464975f,0.43878490536298775f,1.3105595216427768f,-0.27996134368762204f,0.6090433750817049f,-0.7420834274592762f,0.38959301239689204f,-0.3604677442590825f,-0.7831238802596189f,-0.5067346381646778f,0.3195339690332976f,0f,0f,0f,1f],start_interpolation:0}
execute if entity @s[tag=aj.mech_torso.bone.left_arm] run data modify entity @s {} merge value {transformation:[-0.9899575128971688f,-0.27094081347115695f,0.41394103056844656f,1.0071833970135653f,-0.3403438438565797f,1.0450131865089947f,-0.1299441668766752f,1.4422813926122338f,-0.35905733405879336f,-0.243537459442963f,-1.0181057485549756f,0.061829363594121944f,0f,0f,0f,1f],start_interpolation:0}
execute if entity @s[tag=aj.mech_torso.bone.drillhead_right1] run data modify entity @s {} merge value {transformation:[0.10663138571914922f,0.10562312662877713f,0.9886725963132463f,-1.237811768939189f,-0.30739859115555823f,0.9491305226394566f,-0.06824483240311832f,-1.5130951539841142f,-0.9455875706327742f,-0.29663952217348427f,0.13367550317651683f,-0.21364449997973367f,0f,0f,0f,1f],start_interpolation:0}
execute if entity @s[tag=aj.mech_torso.bone.drillhead_right2] run data modify entity @s {} merge value {transformation:[-0.954220440773452f,0.10562312662877713f,-0.2798340678532196f,-1.4548924215207888f,0.18068635182450604f,0.9491305226394566f,-0.2578830999862197f,-1.415356695445361f,0.23836063574858546f,-0.29663952217348427f,-0.9247644030834108f,0.021785413293030853f,0f,0f,0f,1f],start_interpolation:0}
execute if entity @s[tag=aj.mech_torso.bone.drillhead_right3] run data modify entity @s {} merge value {transformation:[0.8726083114037524f,0.10562312662877713f,-0.47686317743169626f,-1.0797581744521072f,0.05458634411069789f,0.9491305226394566f,0.31011543339663095f,-1.4412119793657525f,0.48536075851444827f,-0.29663952217348427f,0.822453602325971f,0.07263100807440545f,0f,0f,0f,1f],start_interpolation:0}
execute if entity @s[tag=aj.mech_torso.bone.drill_right] run data modify entity @s {} merge value {transformation:[0.163018640074108f,0.16147720811534372f,1.5114880205535877f,-1.2053030384405938f,-0.4699526312343195f,1.4510358841348656f,-0.10433306943739615f,-0.9591056333393686f,-1.4456193999160596f,-0.45350410829623455f,0.20436383333190114f,-0.17178338203651775f,0f,0f,0f,1f],start_interpolation:0}
execute if entity @s[tag=aj.mech_torso.bone.barrel_right] run data modify entity @s {} merge value {transformation:[-2.2691379032332333f,0.2424194227544106f,0.24473351432200818f,-1.150748478079076f,0.1566311602882245f,2.1783834730202116f,-0.7055215216773049f,-1.7330812303250187f,-0.30680343737928817f,-0.6808279969232417f,-2.1702519169138945f,-0.49844801165138924f,0f,0f,0f,1f],start_interpolation:0}
execute if entity @s[tag=aj.mech_torso.bone.blaster_right] run data modify entity @s {} merge value {transformation:[-0.9886725963132463f,0.10562312662877713f,0.10663138571914944f,-0.8393151987855895f,0.06824483240311825f,0.9491305226394566f,-0.30739859115555823f,-0.5824269180595709f,-0.13367550317651705f,-0.29663952217348427f,-0.9455875706327742f,-0.3355859961009924f,0f,0f,0f,1f],start_interpolation:0}
execute if entity @s[tag=aj.mech_torso.bone.rocket_right] run data modify entity @s {} merge value {transformation:[-2.278193732268547f,0.2433868865846941f,0.24571021338545151f,-0.8725272297681209f,0.1572562545176902f,2.187077113136538f,-0.7083371646895433f,-0.12067611564927261f,-0.30802784929025867f,-0.6835450913465498f,-2.1789131050660697f,-0.5555370587750814f,0f,0f,0f,1f],start_interpolation:0}
execute if entity @s[tag=aj.mech_torso.bone.sword_right] run data modify entity @s {} merge value {transformation:[-2.633871582420644f,0.28138511445684933f,0.2840711654061239f,-1.235545677453713f,0.18180753202213987f,2.5285295869534403f,-0.8189247044369797f,-0.3910509715089805f,-0.35611800144489497f,-0.7902620246470672f,-2.519090991564958f,0.8224619020032097f,0f,0f,0f,1f],start_interpolation:0}
execute if entity @s[tag=aj.mech_torso.bone.right_hand] run data modify entity @s {} merge value {transformation:[-0.9886725963132463f,0.10562312662877713f,0.10663138571914944f,-1.179171403768268f,0.06824483240311825f,0.9491305226394566f,-0.30739859115555823f,-0.558967756920999f,-0.13367550317651705f,-0.29663952217348427f,-0.9455875706327742f,-0.3815369503179201f,0f,0f,0f,1f],start_interpolation:0}
execute if entity @s[tag=aj.mech_torso.bone.right_arm_low] run data modify entity @s {} merge value {transformation:[-0.9886725963132463f,0.10562312662877713f,0.10663138571914944f,-1.0084240090661893f,0.06824483240311825f,0.9491305226394566f,-0.30739859115555823f,0.37629125771965155f,-0.13367550317651705f,-0.29663952217348427f,-0.9455875706327742f,-0.6993713651251463f,0f,0f,0f,1f],start_interpolation:0}
execute if entity @s[tag=aj.mech_torso.bone.right_arm] run data modify entity @s {} merge value {transformation:[-1.094158195083058f,0.02568192835062457f,0.16410442170400613f,-0.9514212571850554f,0.0755261579256753f,1.0507424501733433f,0.3391284143311098f,1.4422813926122338f,-0.1479378995916829f,0.34648624863613325f,-1.0405929251654986f,-0.3429765263722931f,0f,0f,0f,1f],start_interpolation:0}
execute if entity @s[tag=aj.mech_torso.bone.torso] run data modify entity @s {} merge value {transformation:[-1.2923979303946849f,-0.008152463649541537f,0.2669893429798619f,0f,0f,1.3190981139232574f,0.0402783845374281f,0.20333875f,-0.26711378086571164f,0.039444715709304225f,-1.2917958526373572f,-0.005674375000000009f,0f,0f,0f,1f],start_interpolation:0}