execute if entity @s[tag=aj.mech_torso.bone.barrel_left] run data modify entity @s {} merge value {transformation:[-2.063038492952419f,0.014524036340065632f,1.0056389622601645f,1.444943601073009f,-0.6684056838847275f,1.69496905308093f,-1.3956941800764313f,-1.3012611671481993f,-0.7515015048540472f,-1.5474228429608445f,-1.5193342379923431f,1.3992536516688363f,0f,0f,0f,1f],start_interpolation:0}
execute if entity @s[tag=aj.mech_torso.bone.blaster_left] run data modify entity @s {} merge value {transformation:[-0.898874246565255f,0.0063281815956712645f,0.4381609783851563f,1.469601516962747f,-0.2912270699525311f,0.7385048973852004f,-0.6081096202700121f,-0.1444192596009038f,-0.32743225648767216f,-0.6742184146519336f,-0.661980095437638f,1.0696647288846926f,0f,0f,0f,1f],start_interpolation:0}
execute if entity @s[tag=aj.mech_torso.bone.sword_left] run data modify entity @s {} merge value {transformation:[-2.394644438438424f,0.01685858163297871f,1.1672820241986783f,0.7195027764482186f,-0.7758429903285907f,1.9674127410375477f,-1.620033420364292f,0.35968510078813776f,-0.8722953571755556f,-1.796150443856126f,-1.7635469699504807f,1.916971611166749f,0f,0f,0f,1f],start_interpolation:0}
execute if entity @s[tag=aj.mech_torso.bone.rocket_left] run data modify entity @s {} merge value {transformation:[-2.0712718065200204f,0.014581999846739649f,1.009652334255098f,1.3597015678838338f,-0.6710732025008802f,1.7017334502306043f,-1.401264210819096f,0.14132210814473767f,-0.7545006478933673f,-1.5535984027147167f,-1.525397699841512f,0.6400204755176746f,0f,0f,0f,1f],start_interpolation:0}
execute if entity @s[tag=aj.mech_torso.bone.drillhead_left1] run data modify entity @s {} merge value {transformation:[0.43816097838515605f,0.0063281815956712645f,0.8988742465652552f,1.320893488355781f,-0.6081096202700123f,0.7385048973852004f,0.291227069952531f,-1.043869727584798f,-0.6619800954376381f,-0.6742184146519336f,0.327432256487672f,1.5092835772985866f,0f,0f,0f,1f],start_interpolation:0}
execute if entity @s[tag=aj.mech_torso.bone.drillhead_left2] run data modify entity @s {} merge value {transformation:[-0.9981284658400206f,0.0063281815956712645f,0.06082367793499016f,1.0020335549270436f,-0.03634525250321646f,0.7385048973852004f,-0.6732678064177378f,-0.8934199261810203f,-0.049179144973501066f,-0.6742184146519336f,-0.7368927608844509f,1.6710859090271228f,0f,0f,0f,1f],start_interpolation:0}
execute if entity @s[tag=aj.mech_torso.bone.drillhead_left3] run data modify entity @s {} merge value {transformation:[0.6627745715662657f,0.0063281815956712645f,-0.7487922418153419f,1.3430510560806148f,0.5017722059815359f,0.7385048973852004f,0.4503722569636124f,-0.7828358523384096f,0.5558367751323913f,-0.6742184146519336f,0.4862869613249534f,1.795414908292815f,0f,0f,0f,1f],start_interpolation:0}
execute if entity @s[tag=aj.mech_torso.bone.left_hand] run data modify entity @s {} merge value {transformation:[-0.898874246565255f,0.0063281815956712645f,0.4381609783851563f,1.329152415936926f,-0.2912270699525311f,0.7385048973852004f,-0.6081096202700121f,-0.1899234892809868f,-0.32743225648767216f,-0.6742184146519336f,-0.661980095437638f,1.0185034388084937f,0f,0f,0f,1f],start_interpolation:0}
execute if entity @s[tag=aj.mech_torso.bone.left_arm_low] run data modify entity @s {} merge value {transformation:[-0.9230868385958074f,0.049349639498471515f,0.38141224612296964f,1.3327282607145023f,-0.2742909885285663f,0.6106881853755181f,-0.7428488364766946f,0.3804074831715991f,-0.26958327474682076f,-0.7903319260438159f,-0.550182065004533f,0.19412936856160998f,0f,0f,0f,1f],start_interpolation:0}
execute if entity @s[tag=aj.mech_torso.bone.left_arm] run data modify entity @s {} merge value {transformation:[-1.02243443554378f,-0.28831196633438666f,0.31028376305681793f,1.0107765879139667f,-0.32699476692018864f,1.0525958454690825f,-0.09944036927760741f,1.4411808883684234f,-0.26921037490243854f,-0.18354883465621602f,-1.0576424622126617f,-0.00005730891156505158f,0f,0f,0f,1f],start_interpolation:0}
execute if entity @s[tag=aj.mech_torso.bone.drillhead_right1] run data modify entity @s {} merge value {transformation:[0.045600931116009595f,0.13730081100489852f,0.9894791773345964f,-1.3844135926914813f,-0.4148050999584675f,0.9036821983262101f,-0.10627894183117517f,-1.4526867561382328f,-0.9087669030779009f,-0.40559459035557366f,0.0981618263099032f,0.1260383897932647f,0f,0f,0f,1f],start_interpolation:0}
execute if entity @s[tag=aj.mech_torso.bone.drillhead_right2] run data modify entity @s {} merge value {transformation:[-0.9316102806240583f,0.13730081100489852f,-0.33652752091465044f,-1.5848144268704727f,0.2569279785094309f,0.9036821983262101f,-0.34255875158484267f,-1.3181046485963932f,0.2570803354879965f,-0.40559459035557366f,-0.8771560461968405f,0.3580539540478366f,0f,0f,0f,1f],start_interpolation:0}
execute if entity @s[tag=aj.mech_torso.bone.drillhead_right3] run data modify entity @s {} merge value {transformation:[0.896708838947021f,0.13730081100489852f,-0.42078705475772715f,-1.2093661916988203f,0.06055010031987014f,0.9036821983262101f,0.4239011320810104f,-1.358377869865206f,0.43845973989129156f,-0.40559459035557366f,0.8020262369578414f,0.3954192306316808f,0f,0f,0f,1f],start_interpolation:0}
execute if entity @s[tag=aj.mech_torso.bone.drill_right] run data modify entity @s {} merge value {transformation:[0.06971495049519902f,0.20990622357701513f,1.5127211259880082f,-1.3229356710177642f,-0.6341562836774632f,1.381554239746351f,-0.16247982194910218f,-0.9000133051442194f,-1.3893277639128865f,-0.6200752067062988f,0.1500703317724725f,0.10399113483194833f,0f,0f,0f,1f],start_interpolation:0}
execute if entity @s[tag=aj.mech_torso.bone.barrel_right] run data modify entity @s {} merge value {transformation:[-2.2709891162378204f,0.3151240112830703f,0.10466033103771913f,-1.322075651091497f,0.2439246077254789f,2.074073395323925f,-0.952034048764094f,-1.707023492441198f,-0.2252947250293021f,-0.9308946781312316f,-2.0857434834014508f,-0.1357128972400539f,0f,0f,0f,1f],start_interpolation:0}
execute if entity @s[tag=aj.mech_torso.bone.blaster_right] run data modify entity @s {} merge value {transformation:[-0.9894791773345964f,0.13730081100489852f,0.04560093111600982f,-0.9473732706196014f,0.10627894183117507f,0.9036821983262101f,-0.4148050999584675f,-0.5638913336979815f,-0.0981618263099034f,-0.40559459035557366f,-0.9087669030779009f,-0.11655399300540784f,0f,0f,0f,1f],start_interpolation:0}
execute if entity @s[tag=aj.mech_torso.bone.rocket_right] run data modify entity @s {} merge value {transformation:[-2.2800523332192144f,0.3163816295032039f,0.10507801656635381f,-0.96863647979752f,0.24489807854976f,2.082350747726344f,-0.9558334906442552f,-0.128011902485608f,-0.22619384645753982f,-0.9346097555811426f,-2.094067409580768f,-0.3853518908421169f,0f,0f,0f,1f],start_interpolation:0}
execute if entity @s[tag=aj.mech_torso.bone.sword_right] run data modify entity @s {} merge value {transformation:[-2.63602035324627f,0.36577599672291494f,0.1214830845380541f,-1.277259745966139f,0.2831322378537723f,2.407453054313943f,-1.1050608352025222f,-0.22527699437523396f,-0.26150784977785435f,-1.080523592445782f,-2.420998953533177f,1.0285283280683752f,0f,0f,0f,1f],start_interpolation:0}
execute if entity @s[tag=aj.mech_torso.bone.right_hand] run data modify entity @s {} merge value {transformation:[-0.9894791773345964f,0.13730081100489852f,0.04560093111600982f,-1.2875067378283689f,0.10627894183117507f,0.9036821983262101f,-0.4148050999584675f,-0.527357947443515f,-0.0981618263099034f,-0.40559459035557366f,-0.9087669030779009f,-0.15029712079943713f,0f,0f,0f,1f],start_interpolation:0}
execute if entity @s[tag=aj.mech_torso.bone.right_arm_low] run data modify entity @s {} merge value {transformation:[-0.9894791773345964f,0.13730081100489852f,0.04560093111600982f,-1.0869384491426828f,0.10627894183117507f,0.9036821983262101f,-0.4148050999584675f,0.35671915764454454f,-0.0981618263099034f,-0.40559459035557366f,-0.9087669030779009f,-0.5781555627318262f,0f,0f,0f,1f],start_interpolation:0}
execute if entity @s[tag=aj.mech_torso.bone.right_arm] run data modify entity @s {} merge value {transformation:[-1.09505083359433f,0.08833689182047043f,0.13353742517320258f,-0.9662191520940233f,0.11761828496406745f,1.0700827046848724f,0.2566338300194414f,1.4411808883684234f,-0.10863512056651663f,0.26812604724613126f,-1.0682129056989023f,-0.30252688422495055f,0f,0f,0f,1f],start_interpolation:0}
execute if entity @s[tag=aj.mech_torso.bone.torso] run data modify entity @s {} merge value {transformation:[-1.3045334071417596f,-0.00455101587139235f,0.19953460933504794f,0f,0f,1.3193697853961823f,0.03009238774959162f,0.20333875f,-0.199586502719878f,0.029746261193805624f,-1.3041942226117542f,-0.005674375000000009f,0f,0f,0f,1f],start_interpolation:0}