execute if entity @s[tag=aj.mech_torso.bone.barrel_left] run data modify entity @s {} merge value {transformation:[-0.33996640101044423f,0.44116418210309866f,2.2265321700042886f,-0.09938234496872145f,-0.9575128429662746f,2.013368220058104f,-0.5451293969924947f,-1.1836779601317327f,-2.0579699937533937f,-1.009639078255226f,-0.11417937607680897f,1.8415407068588656f,0f,0f,0f,1f],start_interpolation:0}
execute if entity @s[tag=aj.mech_torso.bone.blaster_left] run data modify entity @s {} merge value {transformation:[-0.14812474106018164f,0.19221702510843341f,0.9701091053816154f,-0.31553788750767997f,-0.4171922328342692f,0.8772327070219608f,-0.23751509129670018f,-0.021678629597619292f,-0.8966658808879765f,-0.4399038451632206f,-0.04974841768340173f,1.6166976345536148f,0f,0f,0f,1f],start_interpolation:0}
execute if entity @s[tag=aj.mech_torso.bone.sword_left] run data modify entity @s {} merge value {transformation:[-0.3946114695468085f,0.5120754453784135f,2.584417545343384f,-1.552092100559801f,-1.111420272561747f,2.336990331087343f,-0.6327516831104887f,-0.020602685133627563f,-2.3887612455364793f,-1.1719251055340028f,-0.1325321892154369f,1.5416589780236216f,0f,0f,0f,1f],start_interpolation:0}
execute if entity @s[tag=aj.mech_torso.bone.rocket_left] run data modify entity @s {} merge value {transformation:[-0.34132316191991335f,0.4429248099626647f,2.2354179651974566f,-0.1819420466577657f,-0.9613341499889394f,2.021403306140797f,-0.5473049362641511f,0.33690674432696277f,-2.0661830796115437f,-1.0136684141836523f,-0.11463505085428155f,1.2535323919780454f,0f,0f,0f,1f],start_interpolation:0}
execute if entity @s[tag=aj.mech_torso.bone.drillhead_left1] run data modify entity @s {} merge value {transformation:[0.9701091053816154f,0.19221702510843341f,0.14812474106018186f,-0.35256529389411173f,-0.23751509129670026f,0.8772327070219608f,0.41719223283426915f,-1.0155248900298615f,-0.04974841768340193f,-0.4399038451632206f,0.8966658808879765f,1.8045500654948117f,0f,0f,0f,1f],start_interpolation:0}
execute if entity @s[tag=aj.mech_torso.bone.drillhead_left2] run data modify entity @s {} merge value {transformation:[-0.5080940987400995f,0.19221702510843341f,0.8395790624378091f,-0.7088818552163456f,-0.2945422746623356f,0.8772327070219608f,-0.3790878871286449f,-1.0143624045342252f,-0.8093733596197885f,-0.4399038451632206f,-0.38910072185539524f,1.6511748680332352f,0f,0f,0f,1f],start_interpolation:0}
execute if entity @s[tag=aj.mech_torso.bone.drillhead_left3] run data modify entity @s {} merge value {transformation:[-0.23439526569202698f,0.19221702510843341f,-0.9529488310920101f,-0.6528025918725382f,0.47632845541419344f,0.8772327070219608f,0.05978277589449721f,-0.8560294992942663f,0.8474491500874213f,-0.4399038451632206f,-0.2971776321103601f,1.9914178413334236f,0f,0f,0f,1f],start_interpolation:0}
execute if entity @s[tag=aj.mech_torso.bone.left_hand] run data modify entity @s {} merge value {transformation:[-0.14812474106018164f,0.19221702510843341f,0.9701091053816154f,-0.33868237829833336f,-0.4171922328342692f,0.8772327070219608f,-0.23751509129670018f,-0.08686491597797386f,-0.8966658808879765f,-0.4399038451632206f,-0.04974841768340173f,1.4765935906648684f,0f,0f,0f,1f],start_interpolation:0}
execute if entity @s[tag=aj.mech_torso.bone.left_arm_low] run data modify entity @s {} merge value {transformation:[-0.12504185968226578f,0.73253691440889f,0.6691443807994679f,0.40695018178039843f,-0.274060509864724f,0.6226946284361853f,-0.7328998817365224f,0.4957978092873999f,-0.9535488295099984f,-0.27502921434826455f,0.12289654590381412f,1.1458080915317232f,0f,0f,0f,1f],start_interpolation:0}
execute if entity @s[tag=aj.mech_torso.bone.left_arm] run data modify entity @s {} merge value {transformation:[-0.2972515121766897f,0.3457401332572744f,1.0084033306658313f,0.7500156388817615f,-0.36974954254289194f,0.9484454069516527f,-0.4341757298095598f,1.4494907457877524f,-0.9998493850735827f,-0.45352734076523316f,-0.13923410817907567f,0.6565459557464499f,0f,0f,0f,1f],start_interpolation:0}
execute if entity @s[tag=aj.mech_torso.bone.drillhead_right1] run data modify entity @s {} merge value {transformation:[0.08049778942030514f,-0.5825892093125076f,0.8087706220499553f,1.052822515266213f,0.7161412961428514f,0.5981799646428115f,0.35961420141418426f,-0.16010006212085104f,-0.6932977353614255f,0.550245893299125f,0.46536835630516077f,-2.6649228740479196f,0f,0f,0f,1f],start_interpolation:0}
execute if entity @s[tag=aj.mech_torso.bone.drillhead_right2] run data modify entity @s {} merge value {transformation:[-0.7780117945615399f,-0.5825892093125076f,-0.23513285758430222f,0.8770989240736822f,-0.606295609553287f,0.5981799646428115f,0.5240098889680738f,-0.42588252824625755f,-0.16463074244970388f,0.550245893299125f,-0.8186123475418066f,-2.5620396379736996f,0f,0f,0f,1f],start_interpolation:0}
execute if entity @s[tag=aj.mech_torso.bone.drillhead_right3] run data modify entity @s {} merge value {transformation:[0.7164014538552108f,-0.5825892093125076f,-0.3838733776999492f,1.1839734390080805f,0.05818479102062568f,0.5981799646428115f,-0.7992466828168954f,-0.28952136644139914f,0.6952578564878119f,0.550245893299125f,0.4624348277318886f,-2.3853672315994454f,0f,0f,0f,1f],start_interpolation:0}
execute if entity @s[tag=aj.mech_torso.bone.drill_right] run data modify entity @s {} merge value {transformation:[0.1230654564954552f,-0.8906655388885121f,1.236452907830841f,0.7350533418976312f,1.0948406926418786f,0.9145007700874055f,0.5497801390322625f,0.0012080112001309762f,-1.0599173331832805f,0.841218902174291f,0.7114576638645931f,-2.2374699319871567f,0f,0f,0f,1f],start_interpolation:0}
execute if entity @s[tag=aj.mech_torso.bone.barrel_right] run data modify entity @s {} merge value {transformation:[-1.8562384356141428f,-1.33712137040647f,0.18475336100266365f,1.1987247913947032f,-0.8253634398412447f,1.3729042716337834f,1.643641550507237f,0.04164047850966124f,-1.0680835902554093f,1.2628890668553319f,-1.591212475596858f,-2.9389670506808128f,0f,0f,0f,1f],start_interpolation:0}
execute if entity @s[tag=aj.mech_torso.bone.blaster_right] run data modify entity @s {} merge value {transformation:[-0.8087706220499553f,-0.5825892093125076f,0.08049778942030532f,0.7363748809258102f,-0.3596142014141841f,0.5981799646428115f,0.7161412961428515f,0.4362106299666909f,-0.46536835630516094f,0.550245893299125f,-0.6932977353614254f,-1.900666985302655f,0f,0f,0f,1f],start_interpolation:0}
execute if entity @s[tag=aj.mech_torso.bone.rocket_right] run data modify entity @s {} merge value {transformation:[-1.863646437524361f,-1.3424576448182686f,0.18549068721300804f,0.3742891422911421f,-0.8286573560869479f,1.3783833508682595f,1.6502011063876987f,0.7463456119144452f,-1.0723461704956827f,1.2679290899688294f,-1.597562793978712f,-1.7125034305167905f,0f,0f,0f,1f],start_interpolation:0}
execute if entity @s[tag=aj.mech_torso.bone.sword_right] run data modify entity @s {} merge value {transformation:[-2.1546040277211467f,-1.5520458120869705f,0.21445000174218204f,0.556590332225369f,-0.9580296139204548f,1.5935803378400746f,1.9078350264205368f,-0.6321493403318313f,-1.239763794000837f,1.4658816549670453f,-1.8469786763933798f,-1.2998485690073613f,0f,0f,0f,1f],start_interpolation:0}
execute if entity @s[tag=aj.mech_torso.bone.right_hand] run data modify entity @s {} merge value {transformation:[-0.8087706220499553f,-0.5825892093125076f,0.08049778942030532f,0.45835997959613795f,-0.3596142014141841f,0.5981799646428115f,0.7161412961428515f,0.3125932482305651f,-0.46536835630516094f,0.550245893299125f,-0.6932977353614254f,-2.060637357782554f,0f,0f,0f,1f],start_interpolation:0}
execute if entity @s[tag=aj.mech_torso.bone.right_arm_low] run data modify entity @s {} merge value {transformation:[-0.8087706220499553f,-0.5825892093125076f,0.08049778942030532f,-0.07116550991886283f,-0.3596142014141841f,0.5981799646428115f,0.7161412961428515f,0.9556285159662272f,-0.46536835630516094f,0.550245893299125f,-0.6932977353614254f,-1.5029714964444012f,0f,0f,0f,1f],start_interpolation:0}
execute if entity @s[tag=aj.mech_torso.bone.right_arm] run data modify entity @s {} merge value {transformation:[-0.8950617295940569f,-0.6487468090009505f,-0.05257429563206526f,-0.7053691609512588f,-0.3979829389555693f,0.4747710951449895f,0.9170463271008411f,1.4494907457877524f,-0.5150204452741766f,0.7605865917566125f,-0.6172794795906288f,-0.7152612772185174f,0f,0f,0f,1f],start_interpolation:0}
execute if entity @s[tag=aj.mech_torso.bone.torso] run data modify entity @s {} merge value {transformation:[-0.960345059529984f,-0.10399703862713773f,0.8992019600790344f,0f,-9.15734791236596e-18f,1.3109742221369347f,0.15162048446466175f,0.20333875f,-0.9051958622603132f,0.11033307421659366f,-0.9539859779355061f,-0.005674375000000009f,0f,0f,0f,1f],start_interpolation:0}