execute if entity @s[tag=aj.mech_torso.bone.barrel_left] run data modify entity @s {} merge value {transformation:[-0.29136324480022163f,0.26850084601521335f,2.260677608311122f,-0.34236602392625104f,-0.6895731194823781f,2.1616404357146304f,-0.34561254754638243f,-1.1498702016845688f,-2.169618599182244f,-0.7230950254449778f,-0.19374522370860867f,1.624120115172143f,0f,0f,0f,1f],start_interpolation:0}
execute if entity @s[tag=aj.mech_torso.bone.blaster_left] run data modify entity @s {} merge value {transformation:[-0.126948148588252f,0.11698690862460065f,0.9849864114699626f,-0.6518999635499904f,-0.30044980757451667f,0.9418355133147734f,-0.15058479002719116f,0.011118856303047958f,-0.9453116315260544f,-0.3150554380891666f,-0.08441558050497751f,1.5623688613408515f,0f,0f,0f,1f],start_interpolation:0}
execute if entity @s[tag=aj.mech_torso.bone.sword_left] run data modify entity @s {} merge value {transformation:[-0.33819600366628516f,0.31165877894318633f,2.624051407832535f,-1.8856281307306269f,-0.8004128091192119f,2.509095329520367f,-0.4011651588972886f,-0.07575996183080533f,-2.5183558764475995f,-0.8393229147490475f,-0.22488718655165119f,1.491198924485199f,0f,0f,0f,1f],start_interpolation:0}
execute if entity @s[tag=aj.mech_torso.bone.rocket_left] run data modify entity @s {} merge value {transformation:[-0.2925260369462281f,0.26957239735366945f,2.2696996734291823f,-0.5516805067377317f,-0.6923251145323407f,2.17026725658513f,-0.34699184147936896f,0.425679781150217f,-2.178277259847176f,-0.7259808019847753f,-0.19451843525287568f,1.2518602260887612f,0f,0f,0f,1f],start_interpolation:0}
execute if entity @s[tag=aj.mech_torso.bone.drillhead_left1] run data modify entity @s {} merge value {transformation:[0.9849864114699626f,0.11698690862460065f,0.12694814858825224f,-0.6084190456723785f,-0.15058479002719122f,0.9418355133147734f,0.3004498075745166f,-0.9988831007882453f,-0.08441558050497772f,-0.3150554380891666f,0.9453116315260544f,1.6113117920014994f,0f,0f,0f,1f],start_interpolation:0}
execute if entity @s[tag=aj.mech_torso.bone.drillhead_left2] run data modify entity @s {} merge value {transformation:[-0.4942227769451858f,0.11698690862460065f,0.8614278321246932f,-0.965749022293918f,-0.21995312345546864f,0.9418355133147734f,-0.2540993690296785f,-1.0049700483825894f,-0.8410496241190365f,-0.3150554380891666f,-0.43974492686064126f,1.4604309406053066f,0f,0f,0f,1f],start_interpolation:0}
execute if entity @s[tag=aj.mech_torso.bone.drillhead_left3] run data modify entity @s {} merge value {transformation:[-0.25965318460341014f,0.11698690862460065f,-0.9585897385929848f,-0.917707071601154f,0.3352057320746324f,0.9418355133147734f,0.02414504179758492f,-0.890945919562514f,0.9056585123045094f,-0.3150554380891666f,-0.2837652727534258f,1.819136868294715f,0f,0f,0f,1f],start_interpolation:0}
execute if entity @s[tag=aj.mech_torso.bone.left_hand] run data modify entity @s {} merge value {transformation:[-0.126948148588252f,0.11698690862460065f,0.9849864114699626f,-0.6717356117669048f,-0.30044980757451667f,0.9418355133147734f,-0.15058479002719116f,-0.03582642613047027f,-0.9453116315260544f,-0.3150554380891666f,-0.08441558050497751f,1.4146639189149055f,0f,0f,0f,1f],start_interpolation:0}
execute if entity @s[tag=aj.mech_torso.bone.left_arm_low] run data modify entity @s {} merge value {transformation:[-0.09520749927774551f,0.7629129480026083f,0.639452395297138f,0.10520975488388007f,-0.19594191738141384f,0.6154408934482407f,-0.7634391080397482f,0.54351062535519f,-0.9759827340143744f,-0.197980656735956f,0.09089203740826964f,1.1585247174720594f,0f,0f,0f,1f],start_interpolation:0}
execute if entity @s[tag=aj.mech_torso.bone.left_arm] run data modify entity @s {} merge value {transformation:[-0.2723521317428427f,0.5349902593436024f,0.9297213116179611f,0.6413588153164947f,-0.25684745052834884f,0.8987908006355791f,-0.5924326648522767f,1.4499156630788148f,-1.0414536389231372f,-0.36156949212336426f,-0.0970247333077281f,0.7615667158063182f,0f,0f,0f,1f],start_interpolation:0}
execute if entity @s[tag=aj.mech_torso.bone.drillhead_right1] run data modify entity @s {} merge value {transformation:[-0.20847714710951157f,-0.6482371717526163f,0.7323427123220716f,1.2945496112131747f,0.8507628624407338f,0.24915977518350774f,0.4627331394250394f,0.7233012508630929f,-0.4824311671365442f,0.7195192670030965f,0.49955199267603645f,-3.0664890156731657f,0f,0f,0f,1f],start_interpolation:0}
execute if entity @s[tag=aj.mech_torso.bone.drillhead_right2] run data modify entity @s {} merge value {transformation:[-0.5968156924726137f,-0.6482371717526163f,-0.4728631920297922f,1.213036332684929f,-0.7530825288570543f,0.24915977518350774f,0.6089220895654617f,0.4008144568590739f,-0.2769074465389093f,0.7195192670030965f,-0.6368785523650708f,-3.0282540423765574f,0f,0f,0f,1f],start_interpolation:0}
execute if entity @s[tag=aj.mech_torso.bone.drillhead_right3] run data modify entity @s {} merge value {transformation:[0.756377192923713f,-0.6482371717526163f,-0.08764765360814761f,1.490948130619492f,0.10193682420191674f,0.24915977518350774f,-0.9630827016939572f,0.576286212192515f,0.6461442763783274f,0.7195192670030965f,0.2545380099608991f,-2.8386381960238802f,0f,0f,0f,1f],start_interpolation:0}
execute if entity @s[tag=aj.mech_torso.bone.drill_right] run data modify entity @s {} merge value {transformation:[-0.3187209917522348f,-0.9910284994600802f,1.1196095054543416f,1.0025054074940454f,1.3006508723982322f,0.3809168139159955f,0.7074289300241722f,0.6764323260759301f,-0.7375433814871708f,1.1000049527903637f,0.7637177923097516f,-2.595079377776743f,0f,0f,0f,1f],start_interpolation:0}
execute if entity @s[tag=aj.mech_torso.bone.barrel_right] run data modify entity @s {} merge value {transformation:[-1.6808260013309115f,-1.4877923613880844f,-0.4784833707621444f,1.3431455057997703f,-1.0620354095652371f,0.571855528248946f,1.9526163312569662f,1.0183257326144664f,-1.1465396790038425f,1.6513944524725412f,-1.107245058811905f,-3.284860087146536f,0f,0f,0f,1f],start_interpolation:0}
execute if entity @s[tag=aj.mech_torso.bone.blaster_right] run data modify entity @s {} merge value {transformation:[-0.7323427123220716f,-0.6482371717526163f,-0.2084771471095114f,0.9280362460356874f,-0.46273313942503924f,0.24915977518350774f,0.850762862440734f,0.999124538913458f,-0.49955199267603656f,0.7195192670030965f,-0.4824311671365441f,-2.155773869661673f,0f,0f,0f,1f],start_interpolation:0}
execute if entity @s[tag=aj.mech_torso.bone.rocket_right] run data modify entity @s {} merge value {transformation:[-1.687533955432985f,-1.4937299437825167f,-0.4803929345641895f,0.5222307091848406f,-1.0662738523168955f,0.574137727973054f,1.960408964592397f,1.1334958735866603f,-1.1511153671100913f,1.657984949158595f,-1.1116639272898892f,-1.872999183419537f,0f,0f,0f,1f],start_interpolation:0}
execute if entity @s[tag=aj.mech_torso.bone.sword_right] run data modify entity @s {} merge value {transformation:[-1.950996382190428f,-1.7269351570122713f,-0.555393196295182f,1.126380595512385f,-1.2327434488633768f,0.6637736838113318f,2.2664733857471333f,-0.18493106677353355f,-1.330830653501941f,1.9168341040608212f,-1.2852199467581653f,-1.8502086211154047f,0f,0f,0f,1f],start_interpolation:0}
execute if entity @s[tag=aj.mech_torso.bone.right_hand] run data modify entity @s {} merge value {transformation:[-0.7323427123220716f,-0.6482371717526163f,-0.2084771471095114f,0.6762934386749753f,-0.46273313942503924f,0.24915977518350774f,0.850762862440734f,0.8400600222361008f,-0.49955199267603656f,0.7195192670030965f,-0.4824311671365441f,-2.3274948671440603f,0f,0f,0f,1f],start_interpolation:0}
execute if entity @s[tag=aj.mech_torso.bone.right_arm_low] run data modify entity @s {} merge value {transformation:[-0.7323427123220716f,-0.6482371717526163f,-0.2084771471095114f,0.06731277559531623f,-0.46273313942503924f,0.24915977518350774f,0.850762862440734f,1.1447269580849464f,-0.49955199267603656f,0.7195192670030965f,-0.4824311671365441f,-1.5918295745717286f,0f,0f,0f,1f],start_interpolation:0}
execute if entity @s[tag=aj.mech_torso.bone.right_arm] run data modify entity @s {} merge value {transformation:[-0.8104794077276815f,-0.7198743345619235f,-0.2228812478034944f,-0.6415832939065776f,-0.5121040661250443f,0.2859976066514319f,0.9384704433182098f,1.4499156630788148f,-0.552851276241279f,0.7904165294088357f,-0.5425579737960805f,-0.7727277619202537f,0f,0f,0f,1f],start_interpolation:0}
execute if entity @s[tag=aj.mech_torso.bone.torso] run data modify entity @s {} merge value {transformation:[-0.846557636438633f,-0.14265039675493213f,1.002313930318209f,0f,0f,1.3065470088941198f,0.18594917576227374f,0.20333875f,-1.012414120113047f,0.11928101388037163f,-0.8381120876948591f,-0.005674375000000009f,0f,0f,0f,1f],start_interpolation:0}