execute if entity @s[tag=aj.mech_torso.bone.barrel_left] run data modify entity @s {} merge value {transformation:[-1.4322593669094867f,-1.041231054369712f,1.4601778969587464f,2.9670743665272905f,0.9059335966351459f,-2.032799030703255f,-0.5609464437094764f,2.474650068102349f,1.5477615830089722f,0.22630617675781023f,1.6795440125145624f,0.3568266166388935f,0f,0f,0f,1f],start_interpolation:0}
execute if entity @s[tag=aj.mech_torso.bone.blaster_left] run data modify entity @s {} merge value {transformation:[-0.6240412206145329f,-0.4536685974082342f,0.6362054374960725f,2.333455080106388f,0.3947189458148174f,-0.8856987901020765f,-0.2444066427627456f,1.5378519001250714f,0.6743660050660641f,0.09860251993414051f,0.73178414459038f,-0.05360713227265075f,0f,0f,0f,1f],start_interpolation:0}
execute if entity @s[tag=aj.mech_torso.bone.sword_left] run data modify entity @s {} merge value {transformation:[-1.6624759737094457f,-1.2085950708110773f,1.6948820354190162f,1.5088972291464868f,1.0515503497330547f,-2.359544385606787f,-0.6511111093076879f,2.109316270403152f,1.7965436318529067f,0.26268187889301386f,1.949508330755761f,-0.7804022226319142f,0f,0f,0f,1f],start_interpolation:0}
execute if entity @s[tag=aj.mech_torso.bone.rocket_left] run data modify entity @s {} merge value {transformation:[-1.4379753244731404f,-1.0453864696933892f,1.4660052736806113f,2.0488771805247548f,0.9095490577125821f,-2.040911662579427f,-0.563185106721082f,1.1414019251849268f,1.5539384946295418f,0.22720933475602362f,1.6862468503689498f,0.14680032502289078f,0f,0f,0f,1f],start_interpolation:0}
execute if entity @s[tag=aj.mech_torso.bone.drillhead_left1] run data modify entity @s {} merge value {transformation:[0.6362054374960724f,-0.4536685974082342f,0.624041220614533f,2.7340260705681736f,-0.2444066427627455f,-0.8856987901020765f,-0.3947189458148175f,2.4422385839142753f,0.7317841445903801f,0.09860251993414051f,-0.674366005066064f,0.16090991086053616f,0f,0f,0f,1f],start_interpolation:0}
execute if entity @s[tag=aj.mech_torso.bone.drillhead_left2] run data modify entity @s {} merge value {transformation:[-0.8200041916794583f,-0.4536685974082342f,0.3489669459329403f,2.4003343216008686f,0.45820312807801733f,-0.8856987901020765f,-0.07474989385435415f,2.5998500504837043f,0.3429912812997415f,0.09860251993414051f,0.9341490908923472f,0.04134722136928696f,0f,0f,0f,1f],start_interpolation:0}
execute if entity @s[tag=aj.mech_torso.bone.drillhead_left3] run data modify entity @s {} merge value {transformation:[0.33307363065879697f,-0.4536685974082342f,-0.8265874184170798f,2.637041715901601f,-0.2711423821874658f,-0.8856987901020765f,0.3768546958622427f,2.450107199553878f,-0.9030746177041371f,0.09860251993414051f,-0.4180116959143173f,-0.21463356231930872f,0f,0f,0f,1f],start_interpolation:0}
execute if entity @s[tag=aj.mech_torso.bone.left_hand] run data modify entity @s {} merge value {transformation:[-0.6240412206145329f,-0.4536685974082342f,0.6362054374960725f,2.2359486393853674f,0.3947189458148174f,-0.8856987901020765f,-0.2444066427627456f,1.5995267354086367f,0.6743660050660641f,0.09860251993414051f,0.73178414459038f,0.05176255601892177f,0f,0f,0f,1f],start_interpolation:0}
execute if entity @s[tag=aj.mech_torso.bone.left_arm_low] run data modify entity @s {} merge value {transformation:[-0.48172222878522375f,-0.6746349121686288f,0.5592954760923986f,1.5486840715455497f,0.34667704513575875f,-0.7328737202591571f,-0.5854153538552276f,0.8700261006624884f,0.804834592118241f,-0.08811268601472054f,0.5869219998374021f,0.03229334450651011f,0f,0f,0f,1f],start_interpolation:0}
execute if entity @s[tag=aj.mech_torso.bone.left_arm] run data modify entity @s {} merge value {transformation:[-0.5331191805502726f,-0.703890934698221f,-0.6671532581896745f,0.8180962539888824f,0.38366546356898096f,0.546129621647887f,-0.8827883251137627f,1.4360229125703885f,0.8907057482288034f,-0.6565454797212666f,-0.01905994920682461f,-0.6099609760300502f,0f,0f,0f,1f],start_interpolation:0}
execute if entity @s[tag=aj.mech_torso.bone.drillhead_right1] run data modify entity @s {} merge value {transformation:[-0.606764610900557f,-0.1258021805620601f,0.7848633755785311f,-1.40961374842576f,-0.6148886883902582f,0.7000206787252039f,-0.3631569223446149f,-0.9250350653581167f,-0.5037346601618786f,-0.7029543802573078f,-0.5021021125514817f,1.4294558419655874f,0f,0f,0f,1f],start_interpolation:0}
execute if entity @s[tag=aj.mech_torso.bone.drillhead_right2] run data modify entity @s {} merge value {transformation:[-0.4929204445776305f,-0.1258021805620601f,-0.8609316155672424f,-1.3912441199015584f,0.5708209614396327f,0.7000206787252039f,-0.42910893644649045f,-0.6865067893243775f,0.6566527737690022f,-0.7029543802573078f,-0.2732439825111247f,1.6637011799056656f,0f,0f,0f,1f],start_interpolation:0}
execute if entity @s[tag=aj.mech_torso.bone.drillhead_right3] run data modify entity @s {} merge value {transformation:[0.9573179724518173f,-0.1258021805620601f,0.2602231945591565f,-1.093351775876526f,-0.10020553384832831f,0.7000206787252039f,0.7070572115064497f,-0.8242253861400921f,-0.2711109562649827f,-0.7029543802573078f,0.657536302169052f,1.473245901686749f,0f,0f,0f,1f],start_interpolation:0}
execute if entity @s[tag=aj.mech_torso.bone.drill_right] run data modify entity @s {} merge value {transformation:[-0.927625023786414f,-0.19232705507175554f,1.1999033799277428f,-1.349443012496773f,-0.9400451574580889f,1.0701954054137681f,-0.5551962699804432f,-0.43630095623889276f,-0.7701122770182226f,-1.0746804642069319f,-0.7676164293884816f,1.1701644752379547f,0f,0f,0f,1f],start_interpolation:0}
execute if entity @s[tag=aj.mech_torso.bone.barrel_right] run data modify entity @s {} merge value {transformation:[-1.8013680575612454f,-0.28873309251945434f,-1.3926072008764252f,-1.5557410942414285f,0.8334944655961761f,1.6066425438165366f,-1.4112530622358161f,-1.2413869972426703f,1.152392550509272f,-1.6133757873271732f,-1.1561394690295173f,1.3043351615904217f,0f,0f,0f,1f],start_interpolation:0}
execute if entity @s[tag=aj.mech_torso.bone.blaster_right] run data modify entity @s {} merge value {transformation:[-0.7848633755785313f,-0.1258021805620601f,-0.6067646109005568f,-1.2061638493325126f,0.3631569223446148f,0.7000206787252039f,-0.6148886883902583f,-0.28711307966358585f,0.5021021125514816f,-0.7029543802573078f,-0.5037346601618787f,0.6603808852897968f,0f,0f,0f,1f],start_interpolation:0}
execute if entity @s[tag=aj.mech_torso.bone.rocket_right] run data modify entity @s {} merge value {transformation:[-1.8085570790551382f,-0.28988538807582753f,-1.3981649118936863f,-1.380568669255315f,0.8368208316894684f,1.6130544415583765f,-1.4168851864178504f,0.05851267814443262f,1.15699159665103f,-1.6198145565526716f,-1.1607534686271581f,0.32449235195272685f,0f,0f,0f,1f],start_interpolation:0}
execute if entity @s[tag=aj.mech_torso.bone.sword_right] run data modify entity @s {} merge value {transformation:[-2.09091396760436f,-0.3351430894560553f,-1.616450250395277f,-0.6509893692821034f,0.9674675937106338f,1.8648889224567484f,-1.6380931854915872f,0.39653633399517485f,1.3376242961059206f,-1.8727044451338473f,-1.3419734818464861f,1.531646089089452f,0f,0f,0f,1f],start_interpolation:0}
execute if entity @s[tag=aj.mech_torso.bone.right_hand] run data modify entity @s {} merge value {transformation:[-0.7848633755785313f,-0.1258021805620601f,-0.6067646109005568f,-1.4759606346876328f,0.3631569223446148f,0.7000206787252039f,-0.6148886883902583f,-0.16227788760762452f,0.5021021125514816f,-0.7029543802573078f,-0.5037346601618787f,0.8329784864793686f,0f,0f,0f,1f],start_interpolation:0}
execute if entity @s[tag=aj.mech_torso.bone.right_arm_low] run data modify entity @s {} merge value {transformation:[-0.7848633755785313f,-0.1258021805620601f,-0.6067646109005568f,-1.5716702483666771f,0.3631569223446148f,0.7000206787252039f,-0.6148886883902583f,0.49583021195884536f,0.5021021125514816f,-0.7029543802573078f,-0.5037346601618787f,0.08290101605753439f,0f,0f,0f,1f],start_interpolation:0}
execute if entity @s[tag=aj.mech_torso.bone.right_arm] run data modify entity @s {} merge value {transformation:[-0.8686037193830697f,0.557474926129972f,-0.399401131626223f,-0.9804471464164038f,0.40190364754340485f,0.9360580144845387f,0.4324821732101768f,1.4360229125703885f,0.5556734790317349f,0.19439413260094277f,-0.937128531443325f,0.26481993188837794f,0f,0f,0f,1f],start_interpolation:0}
execute if entity @s[tag=aj.mech_torso.bone.torso] run data modify entity @s {} merge value {transformation:[-1.1867804783502223f,-0.004722397836831227f,-0.577210514095445f,0f,2.8616712226143627e-19f,1.3196687510451905f,-0.010796755608369044f,0.20333875f,0.5772298317166717f,-0.009709216772610456f,-1.1867407614567071f,-0.005674375000000009f,0f,0f,0f,1f],start_interpolation:0}