execute if entity @s[tag=aj.mech_torso.bone.barrel_left] run data modify entity @s {} merge value {transformation:[-0.6780019709692945f,0.6300994830363236f,2.1002229553763594f,2.0261521299960576f,1.0333495663873844f,-1.8470908540617288f,0.8877457653738569f,3.0321457758621175f,1.9339468696061566f,1.2078404330744892f,0.2619532157116522f,-1.5743613543715642f,0f,0f,0f,1f],start_interpolation:0}
execute if entity @s[tag=aj.mech_torso.bone.blaster_left] run data modify entity @s {} merge value {transformation:[-0.295408211192712f,0.2745369027336393f,0.9150756677987582f,1.9617344382942707f,0.45023460109835955f,-0.8047849836317147f,0.3867944338982944f,1.8690194006079113f,0.8426285022082526f,0.5262609800833817f,0.11413407952034162f,-1.2735167664536033f,0f,0f,0f,1f],start_interpolation:0}
execute if entity @s[tag=aj.mech_torso.bone.sword_left] run data modify entity @s {} merge value {transformation:[-0.7869817526809257f,0.7313795781660473f,2.437805807673169f,0.7374143919852361f,1.1994467386650831f,-2.1439860943357636f,1.0304390669693615f,1.682888786248606f,2.2448030569270583f,1.4019846868894998f,0.30405870432270027f,-1.3065939194649636f,0f,0f,0f,1f],start_interpolation:0}
execute if entity @s[tag=aj.mech_torso.bone.rocket_left] run data modify entity @s {} merge value {transformation:[-0.6807077870970649f,0.6326141266749875f,2.1086046672118677f,2.1100375858996516f,1.037473527735695f,-1.8544623491847185f,0.8912886412240177f,1.561150717332316f,1.9416649955911747f,1.2126607643766445f,0.26299863632419207f,-0.8715921929718518f,0f,0f,0f,1f],start_interpolation:0}
execute if entity @s[tag=aj.mech_torso.bone.drillhead_left1] run data modify entity @s {} merge value {transformation:[0.915075667798758f,0.2745369027336393f,0.2954082111927122f,1.7979828248853087f,0.3867944338982945f,-0.8047849836317147f,-0.45023460109835944f,2.8299971093596463f,0.1141340795203418f,0.5262609800833817f,-0.8426285022082526f,-1.545724786904147f,0f,0f,0f,1f],start_interpolation:0}
execute if entity @s[tag=aj.mech_torso.bone.drillhead_left2] run data modify entity @s {} merge value {transformation:[-0.6231058974837239f,0.2745369027336393f,0.7323718519703117f,1.4323272886667011f,0.26794271119924684f,-0.8047849836317147f,0.5296487832857715f,2.7846037725650667f,0.7348100054001717f,0.5262609800833817f,0.42790610746456825f,-1.4243894324160886f,0f,0f,0f,1f],start_interpolation:0}
execute if entity @s[tag=aj.mech_torso.bone.drillhead_left3] run data modify entity @s {} merge value {transformation:[-0.07726269737028701f,0.2745369027336393f,-0.9584675083864287f,1.54429986678617f,-0.5639823543670692f,-0.8047849836317147f,-0.18505413825007694f,2.613713658281642f,-0.8221644480015208f,0.5262609800833817f,0.21701382740284939f,-1.7441364951524643f,0f,0f,0f,1f],start_interpolation:0}
execute if entity @s[tag=aj.mech_torso.bone.left_hand] run data modify entity @s {} merge value {transformation:[-0.295408211192712f,0.2745369027336393f,0.9150756677987582f,1.9155769052954095f,0.45023460109835955f,-0.8047849836317147f,0.3867944338982944f,1.93936855702953f,0.8426285022082526f,0.5262609800833817f,0.11413407952034162f,-1.141856062983564f,0f,0f,0f,1f],start_interpolation:0}
execute if entity @s[tag=aj.mech_torso.bone.left_arm_low] run data modify entity @s {} merge value {transformation:[0.0051949901558179246f,-0.19605536405292778f,0.9805790668290628f,1.7504893239656285f,0.47316018160916357f,-0.8633933953731417f,-0.17513219968247168f,1.1000747917668838f,0.8809610971075081f,0.46488077939630074f,0.08828027147117251f,-0.6191564565345697f,0f,0f,0f,1f],start_interpolation:0}
execute if entity @s[tag=aj.mech_torso.bone.left_arm] run data modify entity @s {} merge value {transformation:[0.005749265301334456f,-1.0480624904801934f,-0.35539265683322413f,0.6852531704216572f,0.523643612885802f,0.31567182728502613f,-0.9224535991996914f,1.4357544038834522f,0.9749545072291462f,-0.16336551668273047f,0.4975413503685754f,-0.7576941687003015f,0f,0f,0f,1f],start_interpolation:0}
execute if entity @s[tag=aj.mech_torso.bone.drillhead_right1] run data modify entity @s {} merge value {transformation:[-0.7568380943776807f,-0.21462803397040078f,0.6173580046721364f,-1.361502963439094f,-0.5444060928915758f,0.7296964943318129f,-0.413720959322091f,-0.8280301545404933f,-0.36168785564529243f,-0.6492132416963343f,-0.6691069136429896f,1.5272578609401994f,0f,0f,0f,1f],start_interpolation:0}
execute if entity @s[tag=aj.mech_torso.bone.drillhead_right2] run data modify entity @s {} merge value {transformation:[-0.28073502504748965f,-0.21462803397040078f,-0.9354799050463811f,-1.2699453118529769f,0.5905635187168308f,0.7296964943318129f,-0.34464148984220977f,-0.5993437182245247f,0.7565861326196648f,-0.6492132416963343f,-0.07809987665647156f,1.75402595910999f,0f,0f,0f,1f],start_interpolation:0}
execute if entity @s[tag=aj.mech_torso.bone.drillhead_right3] run data modify entity @s {} merge value {transformation:[0.859993824449699f,-0.21462803397040078f,0.46297454459438847f,-1.035592743120383f,-0.17389313426039843f,0.7296964943318129f,0.6612898033517208f,-0.7562578119936187f,-0.4797622325334456f,-0.6492132416963343f,0.5902121373206936f,1.5001828693003176f,0f,0f,0f,1f],start_interpolation:0}
execute if entity @s[tag=aj.mech_torso.bone.drill_right] run data modify entity @s {} merge value {transformation:[-1.1570581782242761f,-0.3281245009024661f,0.9438202615652875f,-1.3162507207066723f,-0.8322909836789776f,1.1155639530571533f,-0.6324988436001424f,-0.3385037782260287f,-0.5529503528530745f,-0.9925207204770817f,-1.0229342739065181f,1.2664327832379274f,0f,0f,0f,1f],start_interpolation:0}
execute if entity @s[tag=aj.mech_torso.bone.barrel_right] run data modify entity @s {} merge value {transformation:[-1.4169204785181884f,-0.49260049160335084f,-1.7370462304379302f,-1.5599185482064886f,0.9495457987411733f,1.6747525715986575f,-1.2494859316804514f,-1.1265826751939287f,1.5356912538330976f,-1.490032574491751f,-0.830122757973005f,1.4346048588697942f,0f,0f,0f,1f],start_interpolation:0}
execute if entity @s[tag=aj.mech_torso.bone.blaster_right] run data modify entity @s {} merge value {transformation:[-0.6173580046721366f,-0.21462803397040078f,-0.7568380943776806f,-1.2768394066768332f,0.4137209593220909f,0.7296964943318129f,-0.5444060928915759f,-0.18649991467377744f,0.6691069136429895f,-0.6492132416963343f,-0.3616878556452926f,0.7391692594794926f,0f,0f,0f,1f],start_interpolation:0}
execute if entity @s[tag=aj.mech_torso.bone.rocket_right] run data modify entity @s {} merge value {transformation:[-1.422575220608483f,-0.49456639496617216f,-1.7439785520332234f,-1.4893331174986515f,0.9533353103448305f,1.681436287446531f,-1.254472464655466f,0.18310929162285156f,1.5418199943675197f,-1.495979097280172f,-0.8334356680274427f,0.4546859208075249f,0f,0f,0f,1f],start_interpolation:0}
execute if entity @s[tag=aj.mech_torso.bone.sword_right] run data modify entity @s {} merge value {transformation:[-1.6446715634167979f,-0.5717794561854563f,-2.0162532639300363f,-0.48218667051491204f,1.1021726321470842f,1.9439467295638426f,-1.450324144424315f,0.4194392718639875f,1.7825331581124169f,-1.72953545451905f,-0.9635539290187491f,1.4713324998675836f,0f,0f,0f,1f],start_interpolation:0}
execute if entity @s[tag=aj.mech_torso.bone.right_hand] run data modify entity @s {} merge value {transformation:[-0.6173580046721366f,-0.21462803397040078f,-0.7568380943776806f,-1.4890562207828801f,0.4137209593220909f,0.7296964943318129f,-0.5444060928915759f,-0.04428333490680869f,0.6691069136429895f,-0.6492132416963343f,-0.3616878556452926f,0.9691747610442702f,0f,0f,0f,1f],start_interpolation:0}
execute if entity @s[tag=aj.mech_torso.bone.right_arm_low] run data modify entity @s {} merge value {transformation:[-0.6173580046721366f,-0.21462803397040078f,-0.7568380943776806f,-1.688750569910575f,0.4137209593220909f,0.7296964943318129f,-0.5444060928915759f,0.6425429090645117f,0.6691069136429895f,-0.6492132416963343f,-0.3616878556452926f,0.2668395917563336f,0f,0f,0f,1f],start_interpolation:0}
execute if entity @s[tag=aj.mech_torso.bone.right_arm] run data modify entity @s {} merge value {transformation:[-0.6832265025156264f,0.7460974766551566f,-0.44867814758811375f,-0.9110194537946371f,0.45786257230949534f,0.7930228796744356f,0.6214889827865219f,1.4357544038834522f,0.7404967182050336f,0.19805364469179f,-0.798255186444724f,0.44725965165034803f,0f,0f,0f,1f],start_interpolation:0}
execute if entity @s[tag=aj.mech_torso.bone.torso] run data modify entity @s {} merge value {transformation:[-1.0533108003498197f,-0.007649607366255719f,-0.7950597611440315f,0f,0f,1.3196518368026149f,-0.012696930350458793f,0.20333875f,0.7950965603517992f,-0.010133881165009186f,-1.0532620502923815f,-0.005674375000000009f,0f,0f,0f,1f],start_interpolation:0}