execute if entity @s[tag=aj.mech_torso.bone.barrel_left] run data modify entity @s {} merge value {transformation:[-2.236505634084787f,-0.5153256415475698f,-0.01142476788758172f,1.6809257390079198f,-0.04248681935236998f,0.2349991291085363f,-2.2826779827540817f,-0.2982387241346047f,0.5136982697450114f,-2.2241545328354566f,-0.23853552183934018f,2.003507917158689f,0f,0f,0f,1f],start_interpolation:0}
execute if entity @s[tag=aj.mech_torso.bone.blaster_left] run data modify entity @s {} merge value {transformation:[-0.9744545841701251f,-0.22452947405693988f,-0.004977817749021413f,1.6862701215328733f,-0.018511679672860312f,0.10239007456357649f,-0.994572063928278f,0.2885800130034609f,0.22382042155602758f,-0.9690731592148132f,-0.10393089523285592f,0.9532054477648408f,0f,0f,0f,1f],start_interpolation:0}
execute if entity @s[tag=aj.mech_torso.bone.sword_left] run data modify entity @s {} merge value {transformation:[-2.5959941108674482f,-0.5981573711456006f,-0.013261147077917583f,1.4943546093714395f,-0.04931600937968406f,0.2727721074909717f,-2.6495880492880226f,1.4527144074709974f,0.5962684210122994f,-2.5816577346842915f,-0.2768769282269311f,1.3309061589857516f,0f,0f,0f,1f],start_interpolation:0}
execute if entity @s[tag=aj.mech_torso.bone.rocket_left] run data modify entity @s {} merge value {transformation:[-2.2454312320530416f,-0.5173822379759838f,-0.011470362624072026f,1.4214357421185073f,-0.04265637862497352f,0.23593697952900755f,-2.291787848454638f,0.27472184634084734f,0.5157483715479556f,-2.233030839193381f,-0.23948748553513344f,0.49714512807351f,0f,0f,0f,1f],start_interpolation:0}
execute if entity @s[tag=aj.mech_torso.bone.drillhead_left1] run data modify entity @s {} merge value {transformation:[-0.004977817749021629f,-0.22452947405693988f,0.9744545841701251f,1.6559856652957867f,-0.994572063928278f,0.10239007456357649f,0.01851167967286009f,-0.004287859738920929f,-0.10393089523285587f,-0.9690731592148132f,-0.2238204215560276f,1.921555185636004f,0f,0f,0f,1f],start_interpolation:0}
execute if entity @s[tag=aj.mech_torso.bone.drillhead_left2] run data modify entity @s {} merge value {transformation:[-0.8983737172946921f,-0.22452947405693988f,-0.3775065288890123f,1.4726981419505785f,0.36350368919634435f,0.10239007456357649f,-0.9259488865868963f,0.3286737814259726f,0.24655573815014778f,-0.9690731592148132f,-0.010367259746748417f,1.9992019739801887f,0f,0f,0f,1f],start_interpolation:0}
execute if entity @s[tag=aj.mech_torso.bone.drillhead_left3] run data modify entity @s {} merge value {transformation:[0.9021835740584591f,-0.22452947405693988f,-0.36830872101922735f,1.842451926825549f,0.39770881312066564f,0.10239007456357649f,0.91178066035479f,0.33582726322735124f,-0.1670104747171761f,-0.9690731592148132f,0.18167199405567241f,1.914287665363715f,0f,0f,0f,1f],start_interpolation:0}
execute if entity @s[tag=aj.mech_torso.bone.left_hand] run data modify entity @s {} merge value {transformation:[-0.9744545841701251f,-0.22452947405693988f,-0.004977817749021413f,1.5340115927562912f,-0.018511679672860312f,0.10239007456357649f,-0.994572063928278f,0.2856875630545765f,0.22382042155602758f,-0.9690731592148132f,-0.10393089523285592f,0.9881773886329701f,0f,0f,0f,1f],start_interpolation:0}
execute if entity @s[tag=aj.mech_torso.bone.left_arm_low] run data modify entity @s {} merge value {transformation:[-0.9546928802024f,-0.29733885911560887f,0.012292572988353151f,1.1773885715339183f,-0.057944053006569116f,0.1452126802430661f,-0.987702264965408f,0.396413044204563f,0.2918972271399949f,-0.9436646016230835f,-0.15586253055667054f,0.057885659626240316f,0f,0f,0f,1f],start_interpolation:0}
execute if entity @s[tag=aj.mech_torso.bone.left_arm] run data modify entity @s {} merge value {transformation:[-1.056553041478195f,-0.17728304079610435f,-0.2775578723857248f,0.9673389386330995f,-0.06412634545539417f,1.0255635838836232f,-0.4109490549500536f,1.4371297284197246f,0.3230409585420074f,-0.37624730881681206f,-0.989370749641607f,-0.3154633693191029f,0f,0f,0f,1f],start_interpolation:0}
execute if entity @s[tag=aj.mech_torso.bone.drillhead_right1] run data modify entity @s {} merge value {transformation:[-0.2980694575683809f,0.06877967449233151f,0.9520629994079279f,-1.5495145439143692f,-0.6680965523175042f,0.6973406746743378f,-0.2595437925017738f,-1.0563236667952507f,-0.6817635919043754f,-0.7134320849397427f,-0.16190449324270176f,1.2003836864700932f,0f,0f,0f,1f],start_interpolation:0}
execute if entity @s[tag=aj.mech_torso.bone.drillhead_right2] run data modify entity @s {} merge value {transformation:[-0.7655252757088215f,0.06877967449233151f,-0.6397190075553969f,-1.6480246415291886f,0.4954566794748905f,0.6973406746743378f,-0.5179176210638669f,-0.8227879391119672f,0.4104798789400629f,-0.7134320849397427f,-0.5679092613823825f,1.4191549931576117f,0f,0f,0f,1f],start_interpolation:0}
execute if entity @s[tag=aj.mech_torso.bone.drillhead_right3] run data modify entity @s {} merge value {transformation:[0.9936577619197585f,0.06877967449233151f,-0.08895846532705975f,-1.2867291576106143f,0.015882284109400124f,0.6973406746743378f,0.7165638397911297f,-0.9211840053357421f,0.11131938388297469f,-0.7134320849397427f,0.6918255957612777f,1.357809569605466f,0f,0f,0f,1f],start_interpolation:0}
execute if entity @s[tag=aj.mech_torso.bone.drill_right] run data modify entity @s {} merge value {transformation:[-0.45569020127343585f,0.10515073892044657f,1.4555190705027536f,-1.4525095091711664f,-1.0213896280393255f,1.0660982007041155f,-0.39679195583892113f,-0.5579991985590256f,-1.042283872189532f,-1.090698835879672f,-0.24752046625211419f,0.972400556984961f,0f,0f,0f,1f],start_interpolation:0}
execute if entity @s[tag=aj.mech_torso.bone.barrel_right] run data modify entity @s {} merge value {transformation:[-2.185113905531948f,0.1578586955323527f,-0.6841098928874201f,-1.6006300836521268f,0.595688258490052f,1.6004915704859153f,-1.5333723373503623f,-1.3842588125119444f,0.3715928040189991f,-1.6374235427949142f,-1.5647400496417754f,1.0362719182727629f,0f,0f,0f,1f],start_interpolation:0}
execute if entity @s[tag=aj.mech_torso.bone.blaster_right] run data modify entity @s {} merge value {transformation:[-0.952062999407928f,0.06877967449233151f,-0.29806945756838066f,-1.146029754710838f,0.2595437925017736f,0.6973406746743378f,-0.6680965523175043f,-0.38160083151610746f,0.16190449324270162f,-0.7134320849397427f,-0.6817635919043754f,0.5509518342379817f,0f,0f,0f,1f],start_interpolation:0}
execute if entity @s[tag=aj.mech_torso.bone.rocket_right] run data modify entity @s {} merge value {transformation:[-2.193834405913608f,0.15848868869250474f,-0.6868400849231391f,-1.2195251647571892f,0.5980655714861213f,1.6068789205073177f,-1.539491823396027f,-0.05035429815174128f,0.37307578171689665f,-1.6439582834295934f,-1.570984720075456f,0.1668041135155901f,0f,0f,0f,1f],start_interpolation:0}
execute if entity @s[tag=aj.mech_torso.bone.sword_right] run data modify entity @s {} merge value {transformation:[-2.5363418468010255f,0.18323237719850494f,-0.7940714416526152f,-1.0415328533442219f,0.6914372078413625f,1.857749262131712f,-1.7798415067071938f,0.3403340294435764f,0.4313213953823972f,-1.900617556830247f,-1.8162511607401983f,1.552245364419398f,0f,0f,0f,1f],start_interpolation:0}
execute if entity @s[tag=aj.mech_torso.bone.right_hand] run data modify entity @s {} merge value {transformation:[-0.952062999407928f,0.06877967449233151f,-0.29806945756838066f,-1.4733014107573132f,0.2595437925017736f,0.6973406746743378f,-0.6680965523175043f,-0.29238265284362275f,0.16190449324270162f,-0.7134320849397427f,-0.6817635919043754f,0.6066065037901603f,0f,0f,0f,1f],start_interpolation:0}
execute if entity @s[tag=aj.mech_torso.bone.right_arm_low] run data modify entity @s {} merge value {transformation:[-0.952062999407928f,0.06877967449233151f,-0.29806945756838066f,-1.3543324693509982f,0.2595437925017736f,0.6973406746743378f,-0.6680965523175043f,0.3678585175394322f,0.16190449324270162f,-0.7134320849397427f,-0.6817635919043754f,-0.13824972422426296f,0f,0f,0f,1f],start_interpolation:0}
execute if entity @s[tag=aj.mech_torso.bone.right_arm] run data modify entity @s {} merge value {transformation:[-1.053642567743924f,0.30472596915796635f,-0.14748356414447159f,-1.0148140577952223f,0.2872356011562566f,1.059850954846183f,0.137781136132876f,1.4371297284197246f,0.17917875822882065f,0.0928978781587632f,-1.0881346127052505f,-0.048874737246718314f,0f,0f,0f,1f],start_interpolation:0}
execute if entity @s[tag=aj.mech_torso.bone.torso] run data modify entity @s {} merge value {transformation:[-1.3079364560979967f,-0.0003684252560619516f,-0.17590984477704477f,0f,0f,1.3197100222134113f,-0.002763998248521837f,0.20333875f,0.17591023059121175f,-0.0027393337052150964f,-1.3079335874734f,-0.005674375000000009f,0f,0f,0f,1f],start_interpolation:0}