execute if entity @s[tag=aj.mech_torso.bone.barrel_left] run data modify entity @s {} merge value {transformation:[-0.2389533199598131f,0.4392919521914855f,2.2399938359447944f,-0.19953459624779524f,-0.948117663635623f,2.02966398823429f,-0.4991848196987757f,-1.1683077987414037f,-2.07644472602403f,-0.9773101703427448f,-0.029843326931224656f,1.8040776584088258f,0f,0f,0f,1f],start_interpolation:0}
execute if entity @s[tag=aj.mech_torso.bone.blaster_left] run data modify entity @s {} merge value {transformation:[-0.10411293157005437f,0.19140128693537112f,0.975974407881361f,-0.4304051069677473f,-0.41309871505889356f,0.8843328393712165f,-0.21749685245155453f,-0.009190490987873182f,-0.904715396738986f,-0.4258180087421455f,-0.013002858696986919f,1.5789866900386595f,0f,0f,0f,1f],start_interpolation:0}
execute if entity @s[tag=aj.mech_torso.bone.sword_left] run data modify entity @s {} merge value {transformation:[-0.27736188182765076f,0.5099022794580306f,2.600042994692327f,-1.6628057510596397f,-1.1005149433547872f,2.355905426838824f,-0.5794221272788098f,-0.0324818149877264f,-2.4102055448235014f,-1.1343997564928316f,-0.034640244040276845f,1.455113988786574f,0f,0f,0f,1f],start_interpolation:0}
execute if entity @s[tag=aj.mech_torso.bone.rocket_left] run data modify entity @s {} merge value {transformation:[-0.2399069510326066f,0.4410451082292772f,2.248933354864984f,-0.2899737085652977f,-0.9519014757410977f,2.0377641085709137f,-0.5011770002435434f,0.3548357011915608f,-2.0847315420934107f,-0.9812104858786524f,-0.029962427699031263f,1.2239032262585585f,0f,0f,0f,1f],start_interpolation:0}
execute if entity @s[tag=aj.mech_torso.bone.drillhead_left1] run data modify entity @s {} merge value {transformation:[0.975974407881361f,0.19140128693537112f,0.10411293157005459f,-0.4544526852237282f,-0.21749685245155462f,0.8843328393712165f,0.4130987150588935f,-1.0050147185653708f,-0.01300285869698712f,-0.4258180087421455f,0.904715396738986f,1.7582791208858022f,0f,0f,0f,1f],start_interpolation:0}
execute if entity @s[tag=aj.mech_torso.bone.drillhead_left2] run data modify entity @s {} merge value {transformation:[-0.46967704285584705f,0.19140128693537112f,0.8618404856895916f,-0.8043991988472963f,-0.2984210057248594f,0.8843328393712165f,-0.3590269245499642f,-1.0098476068850633f,-0.8308720591982566f,-0.4258180087421455f,-0.358232668351902f,1.5909445003358227f,0f,0f,0f,1f],start_interpolation:0}
execute if entity @s[tag=aj.mech_torso.bone.drillhead_left3] run data modify entity @s {} merge value {transformation:[-0.2773014297612038f,0.19140128693537112f,-0.9415250737032321f,-0.7650208140595569f,0.4648858897743883f,0.8843328393712165f,0.04285485618127302f,-0.8530705739853288f,0.8408240163916991f,-0.4258180087421455f,-0.3342065183233364f,1.9342370553173236f,0f,0f,0f,1f],start_interpolation:0}
execute if entity @s[tag=aj.mech_torso.bone.left_hand] run data modify entity @s {} merge value {transformation:[-0.10411293157005437f,0.19140128693537112f,0.975974407881361f,-0.4466727525255683f,-0.41309871505889356f,0.8843328393712165f,-0.21749685245155453f,-0.0737371652158253f,-0.904715396738986f,-0.4258180087421455f,-0.013002858696986919f,1.437624909298193f,0f,0f,0f,1f],start_interpolation:0}
execute if entity @s[tag=aj.mech_torso.bone.left_arm_low] run data modify entity @s {} merge value {transformation:[-0.07166227067238273f,0.7509785723103823f,0.6564264641928585f,0.32034025487381695f,-0.26696705068617965f,0.6196654202226388f,-0.7380673145643447f,0.5061782107587915f,-0.9610375189398183f,-0.22813581680867318f,0.15607990350791007f,1.1543017445404034f,0f,0f,0f,1f],start_interpolation:0}
execute if entity @s[tag=aj.mech_torso.bone.left_arm] run data modify entity @s {} merge value {transformation:[-0.2490357357241714f,0.40004714097377964f,1.0013568124624976f,0.7199724930975253f,-0.3594783217665876f,0.9381245089032937f,-0.4641871610771455f,1.4496695622185816f,-1.0166260458232548f,-0.4297169642074733f,-0.08115905470195356f,0.6887701060958307f,0f,0f,0f,1f],start_interpolation:0}
execute if entity @s[tag=aj.mech_torso.bone.drillhead_right1] run data modify entity @s {} merge value {transformation:[0.007508588547211321f,-0.617115664461807f,0.7868366271176575f,1.162432877319896f,0.7666861309637346f,0.5087132038531603f,0.39166727309453914f,0.0767296515462139f,-0.6419781909737186f,0.6003158609443162f,0.4769537392796038f,-2.7892658191724635f,0f,0f,0f,1f],start_interpolation:0}
execute if entity @s[tag=aj.mech_torso.bone.drillhead_right2] run data modify entity @s {} merge value {transformation:[-0.7298156676616832f,-0.617115664461807f,-0.2941723098991383f,1.0110040991017204f,-0.6552514573104661f,0.5087132038531603f,0.5584410478447692f,-0.20907801434224038f,-0.19497338004979675f,0.6003158609443162f,-0.7756328049861236f,-2.7027362674970354f,0f,0f,0f,1f],start_interpolation:0}
execute if entity @s[tag=aj.mech_torso.bone.drillhead_right3] run data modify entity @s {} merge value {transformation:[0.724068842786755f,-0.617115664461807f,-0.3080463724527727f,1.3095653305076527f,0.06845529702264064f,0.5087132038531603f,-0.8582102006705556f,-0.06056100551581689f,0.6863222153005042f,0.6003158609443162f,0.4105882169323578f,-2.521674502539086f,0f,0f,0f,1f],start_interpolation:0}
execute if entity @s[tag=aj.mech_torso.bone.drill_right] run data modify entity @s {} merge value {transformation:[0.011479170842497964f,-0.9434497705390598f,1.202920097569205f,0.8418870228614215f,1.1721139099005669f,0.7777235015805657f,0.598783048637994f,0.18136377267315695f,-0.9814597357424887f,0.917766139922584f,0.7291694601100793f,-2.3465293110508045f,0f,0f,0f,1f],start_interpolation:0}
execute if entity @s[tag=aj.mech_torso.bone.barrel_right] run data modify entity @s {} merge value {transformation:[-1.805896937876874f,-1.4163642748176033f,0.01723323063246138f,1.2856575700250152f,-0.8989295932232291f,1.167565903053193f,1.7596488120945606f,0.3082884755791773f,-1.0946736178629433f,1.3778064437716508f,-1.4734271503222913f,-3.050576203160482f,0f,0f,0f,1f],start_interpolation:0}
execute if entity @s[tag=aj.mech_torso.bone.blaster_right] run data modify entity @s {} merge value {transformation:[-0.7868366271176575f,-0.617115664461807f,0.007508588547211495f,0.8152576184671678f,-0.39166727309453897f,0.5087132038531603f,0.7666861309637347f,0.5905959159258796f,-0.47695373927960394f,0.6003158609443162f,-0.6419781909737184f,-1.9798071035900047f,0f,0f,0f,1f],start_interpolation:0}
execute if entity @s[tag=aj.mech_torso.bone.rocket_right] run data modify entity @s {} merge value {transformation:[-1.8131040335326771f,-1.4220167971725464f,0.017302006174975272f,0.4334031392281847f,-0.9025171022500779f,1.172225504036653f,1.7666713376016336f,0.8561515941850801f,-1.0990423153840196f,1.383305086926292f,-1.4793074030606974f,-1.764487223111167f,0f,0f,0f,1f],start_interpolation:0}
execute if entity @s[tag=aj.mech_torso.bone.sword_right] run data modify entity @s {} merge value {transformation:[-2.096170805078417f,-1.6440259573833695f,0.02000324280488454f,0.735294229104861f,-1.043420546108718f,1.355236562869672f,2.0424889093837195f,-0.5280074146352091f,-1.27062781420493f,1.5992704688222708f,-1.7102609296998832f,-1.4534700208506277f,0f,0f,0f,1f],start_interpolation:0}
execute if entity @s[tag=aj.mech_torso.bone.right_hand] run data modify entity @s {} merge value {transformation:[-0.7868366271176575f,-0.617115664461807f,0.007508588547211495f,0.5447825278954731f,-0.39166727309453897f,0.5087132038531603f,0.7666861309637347f,0.45596029079963174f,-0.47695373927960394f,0.6003158609443162f,-0.6419781909737184f,-2.1437599514673686f,0f,0f,0f,1f],start_interpolation:0}
execute if entity @s[tag=aj.mech_torso.bone.right_arm_low] run data modify entity @s {} merge value {transformation:[-0.7868366271176575f,-0.617115664461807f,0.007508588547211495f,-0.02292120397937991f,-0.39166727309453897f,0.5087132038531603f,0.7666861309637347f,1.0131116408138174f,-0.47695373927960394f,0.6003158609443162f,-0.6419781909737184f,-1.5336963002860058f,0f,0f,0f,1f],start_interpolation:0}
execute if entity @s[tag=aj.mech_torso.bone.right_arm] run data modify entity @s {} merge value {transformation:[-0.8707875053507868f,-0.675207427685661f,-0.1029370130569894f,-0.6847085962542614f,-0.4334558864079666f,0.4174138742938034f,0.9287914893125093f,1.4496695622185816f,-0.5278419210305919f,0.7711242219507685f,-0.5928931769362711f,-0.7349121046581979f,0f,0f,0f,1f],start_interpolation:0}
execute if entity @s[tag=aj.mech_torso.bone.torso] run data modify entity @s {} merge value {transformation:[-0.9268878887074784f,-0.11375050527941291f,0.9325137246887638f,0f,0f,1.310002636325524f,0.15979760710666877f,0.20333875f,-0.9394259013803234f,0.11223233841320215f,-0.9200679651237247f,-0.005674375000000009f,0f,0f,0f,1f],start_interpolation:0}