execute if entity @s[tag=aj.mech_torso.bone.barrel_left] run data modify entity @s {} merge value {transformation:[-1.8578960582364252f,0.16004580945616795f,1.338004510125347f,1.227197933504862f,-0.7534921139397825f,1.765952149424427f,-1.257501941797507f,-1.2871955190349331f,-1.1171930739450577f,-1.45720514625411f,-1.3769826762564688f,1.6105975301187738f,0f,0f,0f,1f],start_interpolation:0}
execute if entity @s[tag=aj.mech_torso.bone.blaster_left] run data modify entity @s {} merge value {transformation:[-0.8094928549558287f,0.06973260890782482f,0.5829739968732484f,1.2289615788843848f,-0.32829957294747586f,0.7694325206276144f,-0.5478987010416625f,-0.11631310154449932f,-0.48676555771538177f,-0.6349101979457759f,-0.5999569420937549f,1.3339184310483234f,0f,0f,0f,1f],start_interpolation:0}
execute if entity @s[tag=aj.mech_torso.bone.sword_left] run data modify entity @s {} merge value {transformation:[-2.1565280910903173f,0.18577104053987586f,1.5530709047468494f,0.31507758054818824f,-0.8746059301447683f,2.049805424190462f,-1.4596286213455394f,0.3002029681109889f,-1.2967669727557334f,-1.691431454653781f,-1.598314291656631f,2.059196778133811f,0f,0f,0f,1f],start_interpolation:0}
execute if entity @s[tag=aj.mech_torso.bone.rocket_left] run data modify entity @s {} merge value {transformation:[-1.8653106754991309f,0.16068453109850991f,1.3433443090308739f,1.173780499556027f,-0.7564992012364926f,1.7729998307164923f,-1.2625204656079232f,0.18286268168116082f,-1.1216516436347481f,-1.4630206591213775f,-1.3824780318639882f,0.9029089048015475f,0f,0f,0f,1f],start_interpolation:0}
execute if entity @s[tag=aj.mech_torso.bone.drillhead_left1] run data modify entity @s {} merge value {transformation:[0.5829739968732481f,0.06973260890782482f,0.8094928549558288f,1.0694075831382608f,-0.5478987010416626f,0.7694325206276144f,0.32829957294747575f,-1.0433457238383674f,-0.599956942093755f,-0.6349101979457759f,0.48676555771538166f,1.7074729701102593f,0f,0f,0f,1f],start_interpolation:0}
execute if entity @s[tag=aj.mech_torso.bone.drillhead_left2] run data modify entity @s {} merge value {transformation:[-0.9709683705108677f,0.06973260890782482f,0.22881823948798052f,0.7185221175190784f,-0.09363750047537134f,0.7694325206276144f,-0.6318272032014458f,-0.9203031171030212f,-0.22011915403298102f,-0.6349101979457759f,-0.7405650535721091f,1.8180473857152566f,0f,0f,0f,1f],start_interpolation:0}
execute if entity @s[tag=aj.mech_torso.bone.drillhead_left3] run data modify entity @s {} merge value {transformation:[0.5247793903047683f,0.06973260890782482f,-0.8483772479070053f,1.025605359114268f,0.5129810114813667f,0.7694325206276144f,0.38055758836237935f,-0.7956598484403646f,0.6793063177763843f,-0.6349101979457759f,0.36801082480485015f,2.002826745621989f,0f,0f,0f,1f],start_interpolation:0}
execute if entity @s[tag=aj.mech_torso.bone.left_hand] run data modify entity @s {} merge value {transformation:[-0.8094928549558287f,0.06973260890782482f,0.5829739968732484f,1.1024783202975366f,-0.32829957294747586f,0.7694325206276144f,-0.5478987010416625f,-0.16760990981754242f,-0.48676555771538177f,-0.6349101979457759f,-0.5999569420937549f,1.257861312655295f,0f,0f,0f,1f],start_interpolation:0}
execute if entity @s[tag=aj.mech_torso.bone.left_arm_low] run data modify entity @s {} merge value {transformation:[-0.8440100355132412f,0.20662503289566186f,0.49492742471376966f,1.271819207995926f,-0.2853141096624342f,0.6084166661100252f,-0.7405572356186217f,0.3998322108254988f,-0.45413975688159014f,-0.7662475162637912f,-0.45455673467577323f,0.4490251636277866f,0f,0f,0f,1f],start_interpolation:0}
execute if entity @s[tag=aj.mech_torso.bone.left_arm] run data modify entity @s {} merge value {transformation:[-0.9465716429191386f,-0.24184031322449698f,0.5198916870415106f,0.9992500327852659f,-0.35322485717806223f,1.0363760916330687f,-0.1610241456953916f,1.4433769055435257f,-0.451670569803843f,-0.3036607286510232f,-0.9636160214433078f,0.1275876466033411f,0f,0f,0f,1f],start_interpolation:0}
execute if entity @s[tag=aj.mech_torso.bone.drillhead_right1] run data modify entity @s {} merge value {transformation:[0.16397419832084772f,0.05870417194151187f,0.9847163462041729f,-1.0499178840396037f,-0.1882923213090713f,0.9817370673650523f,-0.02717227074625952f,-1.537724656306923f,-0.9683276635628442f,-0.1809589753455959f,0.17203309338843864f,-0.5648270943388121f,0f,0f,0f,1f],start_interpolation:0}
execute if entity @s[tag=aj.mech_torso.bone.drillhead_right2] run data modify entity @s {} merge value {transformation:[-0.9725094866200698f,0.05870417194151187f,-0.22534222558284514f,-1.2820633874142913f,0.09716025660087012f,0.9817370673650523f,-0.1635610439521577f,-1.4806335407028413f,0.2116251000501159f,-0.1809589753455959f,-0.9604523237884589f,-0.33040625514485156f,0f,0f,0f,1f],start_interpolation:0}
execute if entity @s[tag=aj.mech_torso.bone.drillhead_right3] run data modify entity @s {} merge value {transformation:[0.8470090685545978f,0.05870417194151187f,-0.5283270369600008f,-0.9084377791791978f,0.046952447012221385f,0.9817370673650523f,0.18435779962082194f,-1.4909194789397242f,0.5295008078424783f,-0.1809589753455959f,0.8287838944719154f,-0.2650030603864456f,0f,0f,0f,1f],start_interpolation:0}
execute if entity @s[tag=aj.mech_torso.bone.drill_right] run data modify entity @s {} merge value {transformation:[0.25068464258648626f,0.0897472560451147f,1.5054396839571482f,-1.053494006868892f,-0.28786232073404866f,1.5008849463301401f,-0.041541114700014765f,-0.9914712022378169f,-1.4803845771630537f,-0.2766510617027968f,0.26300512501816753f,-0.4584883196544951f,0f,0f,0f,1f],start_interpolation:0}
execute if entity @s[tag=aj.mech_torso.bone.barrel_right] run data modify entity @s {} merge value {transformation:[-2.26005777184227f,0.13473404858912513f,0.3763430583082847f,-0.9378499361364997f,0.062364052262775214f,2.2532199222211124f,-0.4321564537779632f,-1.7176396855960272f,-0.3948393171549858f,-0.41532542867896044f,-2.222443519051028f,-0.8684029299194023f,0f,0f,0f,1f],start_interpolation:0}
execute if entity @s[tag=aj.mech_torso.bone.blaster_right] run data modify entity @s {} merge value {transformation:[-0.9847163462041729f,0.05870417194151187f,0.16397419832084795f,-0.7051373490981339f,0.02717227074625948f,0.9817370673650523f,-0.1882923213090713f,-0.5780784640357729f,-0.17203309338843886f,-0.1809589753455959f,-0.9683276635628442f,-0.560563452194867f,0f,0f,0f,1f],start_interpolation:0}
execute if entity @s[tag=aj.mech_torso.bone.rocket_right] run data modify entity @s {} merge value {transformation:[-2.2690773632750223f,0.13527175434403774f,0.37784499364232094f,-0.757854033188966f,0.06261293894103147f,2.2622122247010648f,-0.4338811329860204f,-0.0964308000526019f,-0.39641506860996834f,-0.416982937493553f,-2.231312996979404f,-0.7276915213455089f,0f,0f,0f,1f],start_interpolation:0}
execute if entity @s[tag=aj.mech_torso.bone.sword_right] run data modify entity @s {} merge value {transformation:[-2.6233319409113167f,0.15639075142049813f,0.43683518974632446f,-1.1594084182738995f,0.07238824259445466f,2.615394998085422f,-0.501619844762896f,-0.5460784871092258f,-0.4583044757196483f,-0.48208345667114255f,-2.5796716982351557f,0.5915268553044506f,0f,0f,0f,1f],start_interpolation:0}
execute if entity @s[tag=aj.mech_torso.bone.right_hand] run data modify entity @s {} merge value {transformation:[-0.9847163462041729f,0.05870417194151187f,0.16397419832084795f,-1.0436335931058183f,0.02717227074625948f,0.9817370673650523f,-0.1882923213090713f,-0.5687379959667462f,-0.17203309338843886f,-0.1809589753455959f,-0.9683276635628442f,-0.6196998280471429f,0f,0f,0f,1f],start_interpolation:0}
execute if entity @s[tag=aj.mech_torso.bone.right_arm_low] run data modify entity @s {} merge value {transformation:[-0.9847163462041729f,0.05870417194151187f,0.16397419832084795f,-0.918260455829019f,0.02717227074625948f,0.9817370673650523f,-0.1882923213090713f,0.4054166694357564f,-0.17203309338843886f,-0.1809589753455959f,-0.9683276635628442f,-0.8201669745423003f,0f,0f,0f,1f],start_interpolation:0}
execute if entity @s[tag=aj.mech_torso.bone.right_arm] run data modify entity @s {} merge value {transformation:[-1.089779836165472f,-0.0455919460823276f,0.18727856704281687f,-0.9338341526836432f,0.030071393529972682f,1.0219060174046544f,0.4237638274054924f,1.4433769055435257f,-0.1903880209266072f,0.4223759517048913f,-1.0050487229199714f,-0.38542846609683923f,0f,0f,0f,1f],start_interpolation:0}
execute if entity @s[tag=aj.mech_torso.bone.torso] run data modify entity @s {} merge value {transformation:[-1.2755580842836907f,-0.013126122165400066f,0.33826241433576376f,0f,0f,1.3187204298725521f,0.05117235829616643f,0.20333875f,-0.33851699519427514f,0.04946023827773404f,-1.2745988040206961f,-0.005674375000000009f,0f,0f,0f,1f],start_interpolation:0}