execute if entity @s[tag=aj.mech_torso.bone.barrel_left] run data modify entity @s {} merge value {transformation:[-1.7730763479571672f,0.4843378385582515f,1.3745055896235174f,-0.08160151456777039f,0.7933224504816737f,2.136616053229642f,0.2704807277678666f,-1.2325773608198836f,-1.2224926369215174f,0.6840593487942432f,-1.8180272422190398f,0.7128395624325116f,0f,0f,0f,1f],start_interpolation:0}
execute if entity @s[tag=aj.mech_torso.bone.blaster_left] run data modify entity @s {} merge value {transformation:[-0.772536562849984f,0.21102796249528505f,0.5988776653917073f,0.05546757283256552f,0.3456538122754566f,0.9309322882761732f,0.11784955114183143f,-0.37296920748588547f,-0.53264500478215f,0.2980474353017929f,-0.7921218499641625f,1.543385140890826f,0f,0f,0f,1f],start_interpolation:0}
execute if entity @s[tag=aj.mech_torso.bone.sword_left] run data modify entity @s {} merge value {transformation:[-2.058074742699562f,0.5621886917722934f,1.5954390463573356f,-0.8969865128814796f,0.9208384625027431f,2.4800486110283257f,0.3139569003034775f,-0.6171791145349386f,-1.4189920372482123f,0.794012773270016f,-2.110250894193944f,2.296970580872903f,0f,0f,0f,1f],start_interpolation:0}
execute if entity @s[tag=aj.mech_torso.bone.rocket_left] run data modify entity @s {} merge value {transformation:[-1.7801524609826382f,0.4862707667663906f,1.3799910595061446f,0.07770257022187976f,0.7964884953796951f,2.145143005101798f,0.2715601805523461f,0.1538709417666057f,-1.2273714432299032f,0.6867893391151763f,-1.8252827483139407f,1.5596754609217514f,0f,0f,0f,1f],start_interpolation:0}
execute if entity @s[tag=aj.mech_torso.bone.drillhead_left1] run data modify entity @s {} merge value {transformation:[0.5988776653917071f,0.21102796249528505f,0.7725365628499841f,-0.22761948035415408f,0.11784955114183152f,0.9309322882761732f,-0.3456538122754566f,-1.1586687387974397f,-0.7921218499641626f,0.2980474353017929f,0.5326450047821498f,0.9716090301409637f,0f,0f,0f,1f],start_interpolation:0}
execute if entity @s[tag=aj.mech_torso.bone.drillhead_left2] run data modify entity @s {} merge value {transformation:[-0.9429112790926099f,0.21102796249528505f,0.2576538740345803f,-0.5768702794239808f,0.27424341176215167f,0.9309322882761732f,0.24115477550723047f,-1.132926418732381f,-0.18896790961693427f,0.2980474353017929f,-0.935659583099019f,1.1384862507199327f,0f,0f,0f,1f],start_interpolation:0}
execute if entity @s[tag=aj.mech_torso.bone.drillhead_left3] run data modify entity @s {} merge value {transformation:[0.48455015797482937f,0.21102796249528505f,-0.848927761032502f,-0.28381203175916603f,-0.3644415532294342f,0.9309322882761732f,0.023397199076069866f,-1.2640987820401555f,0.7952317264082751f,0.2980474353017929f,0.5279907457747134f,1.3406993762062467f,0f,0f,0f,1f],start_interpolation:0}
execute if entity @s[tag=aj.mech_torso.bone.left_hand] run data modify entity @s {} merge value {transformation:[-0.772536562849984f,0.21102796249528505f,0.5988776653917073f,-0.06524126511274447f,0.3456538122754566f,0.9309322882761732f,0.11784955114183143f,-0.3189607993178454f,-0.53264500478215f,0.2980474353017929f,-0.7921218499641625f,1.460159358893615f,0f,0f,0f,1f],start_interpolation:0}
execute if entity @s[tag=aj.mech_torso.bone.left_arm_low] run data modify entity @s {} merge value {transformation:[-0.8145866375510662f,0.46524604498515f,0.3464025513025618f,0.35991819475366893f,0.1944671070732678f,0.7816911703222998f,-0.5925719015501051f,0.45636669327309287f,-0.5464715492958462f,-0.4153372507563329f,-0.7272302344817415f,0.9879416914787373f,0f,0f,0f,1f],start_interpolation:0}
execute if entity @s[tag=aj.mech_torso.bone.left_arm] run data modify entity @s {} merge value {transformation:[-0.9199297114235718f,0.41990388348045543f,0.4496465647730495f,0.7607914249521888f,0.20474745437671807f,0.9716946588732411f,-0.48852834961494024f,1.4499156630788148f,-0.5801549659361935f,-0.32289657336254846f,-0.8853982137684301f,0.6433221035151494f,0f,0f,0f,1f],start_interpolation:0}
execute if entity @s[tag=aj.mech_torso.bone.drillhead_right1] run data modify entity @s {} merge value {transformation:[-0.38379112300590235f,-0.49737343521838084f,0.7780257321200469f,0.7080319366207951f,0.8299384237860065f,0.18360616895615486f,0.5267741332343898f,0.8832665477236782f,-0.40485378425484303f,0.8478846859451528f,0.3423229070836807f,-3.308675348087151f,0f,0f,0f,1f],start_interpolation:0}
execute if entity @s[tag=aj.mech_torso.bone.drillhead_right2] run data modify entity @s {} merge value {transformation:[-0.5719315454096695f,-0.49737343521838084f,-0.6523143209407363f,0.6662007551282989f,-0.8042795246177279f,0.18360616895615486f,0.5651753895932885f,0.5543670797203301f,-0.16133429159973672f,0.8478846859451528f,-0.5050374299927685f,-3.261991814925419f,0f,0f,0f,1f],start_interpolation:0}
execute if entity @s[tag=aj.mech_torso.bone.drillhead_right3] run data modify entity @s {} merge value {transformation:[0.8656725539359716f,-0.49737343521838084f,0.05683920566861339f,0.9614695944307459f,0.16907215528552494f,0.18360616895615486f,-0.9683508563678513f,0.7541416571780275f,0.4711959631290145f,0.8478846859451528f,0.24303481987281111f,-3.1320460405514647f,0f,0f,0f,1f],start_interpolation:0}
execute if entity @s[tag=aj.mech_torso.bone.drill_right] run data modify entity @s {} merge value {transformation:[-0.5867419477200064f,-0.760387201867968f,1.1894499535711767f,0.5301415589325773f,1.2688143577838422f,0.2806981056335847f,0.8053351482486235f,0.8068118229176987f,-0.6189426583268021f,1.296250700581665f,0.5233451145986111f,-2.7869251700142867f,0f,0f,0f,1f],start_interpolation:0}
execute if entity @s[tag=aj.mech_torso.bone.barrel_right] run data modify entity @s {} merge value {transformation:[-1.785674737044121f,-1.1415395937178012f,-0.8808527589260873f,0.6814438356678117f,-1.2090181892593552f,0.42140109759232536f,1.9048214158914496f,1.1826633502072423f,-0.785677570618593f,1.9460105252473001f,-0.9291944275038927f,-3.5248733087854367f,0f,0f,0f,1f],start_interpolation:0}
execute if entity @s[tag=aj.mech_torso.bone.blaster_right] run data modify entity @s {} merge value {transformation:[-0.778025732120047f,-0.49737343521838084f,-0.3837911230059022f,0.523430212186556f,-0.5267741332343896f,0.18360616895615486f,0.8299384237860066f,1.1188454196516506f,-0.3423229070836808f,0.8478846859451528f,-0.404853784254843f,-2.33387413312257f,0f,0f,0f,1f],start_interpolation:0}
execute if entity @s[tag=aj.mech_torso.bone.rocket_right] run data modify entity @s {} merge value {transformation:[-1.7928011285729522f,-1.1460953271454704f,-0.8843681256998533f,0.17781663700324235f,-1.21384322083056f,0.4230828535973933f,1.9124233060456526f,1.2131345806256293f,-0.7888131058129348f,1.9537767956852716f,-0.9329027194785902f,-1.9673279242050166f,0f,0f,0f,1f],start_interpolation:0}
execute if entity @s[tag=aj.mech_torso.bone.sword_right] run data modify entity @s {} merge value {transformation:[-2.0726981549448578f,-1.3250268711378022f,-1.022438101592002f,0.8893135424997747f,-1.403351751686187f,0.4891357083973628f,2.210996074656405f,-0.0429565699944614f,-0.9119647700781014f,2.258805784451041f,-1.0785500491878075f,-2.1079453724467587f,0f,0f,0f,1f],start_interpolation:0}
execute if entity @s[tag=aj.mech_torso.bone.right_hand] run data modify entity @s {} merge value {transformation:[-0.778025732120047f,-0.49737343521838084f,-0.3837911230059022f,0.2559838667702899f,-0.5267741332343896f,0.18360616895615486f,0.8299384237860066f,0.9377668113523291f,-0.3423229070836808f,0.8478846859451528f,-0.404853784254843f,-2.4515476324325856f,0f,0f,0f,1f],start_interpolation:0}
execute if entity @s[tag=aj.mech_torso.bone.right_arm_low] run data modify entity @s {} merge value {transformation:[-0.778025732120047f,-0.49737343521838084f,-0.3837911230059022f,-0.2047564327845225f,-0.5267741332343896f,0.18360616895615486f,0.8299384237860066f,1.180231939378946f,-0.3423229070836808f,0.8478846859451528f,-0.404853784254843f,-1.5949194455526667f,0f,0f,0f,1f],start_interpolation:0}
execute if entity @s[tag=aj.mech_torso.bone.right_arm] run data modify entity @s {} merge value {transformation:[-0.8610365392538187f,-0.5710917385665962f,-0.39653787050522304f,-0.760981298313381f,-0.5829778604013884f,0.24910164064537474f,0.9071147476717757f,1.4499156630788148f,-0.37884676438588494f,0.9146445087042245f,-0.494643841916162f,-0.6544482069500314f,0f,0f,0f,1f],start_interpolation:0}
execute if entity @s[tag=aj.mech_torso.bone.torso] run data modify entity @s {} merge value {transformation:[-1.0041515595622905f,-0.12065965977987517f,0.8477989586849375f,0f,0f,1.3065470088941198f,0.18594917576227366f,0.20333875f,-0.8563421207937045f,0.14148619179437166f,-0.9941337998996447f,-0.005674375000000009f,0f,0f,0f,1f],start_interpolation:0}