execute if entity @s[tag=aj.mech_torso.bone.barrel_left] run data modify entity @s {} merge value {transformation:[-0.35472388479008765f,1.2556694793460468f,1.8881508461055094f,1.4110475080121379f,0.9716971894830747f,-1.642577859418189f,1.2749082481302518f,3.077548683881402f,2.048810394097223f,0.9964339555829494f,-0.27774778964232216f,-1.8906684044708113f,0f,0f,0f,1f],start_interpolation:0}
execute if entity @s[tag=aj.mech_torso.bone.blaster_left] run data modify entity @s {} merge value {transformation:[-0.15455463665298863f,0.5471002897124302f,0.8226749888538227f,1.648568869949802f,0.42337241019492655f,-0.7156778416171543f,0.5554826993741119f,1.9370680046948086f,0.8926750061331399f,0.43415031960691475f,-0.12101583950215966f,-1.5899900166191618f,0f,0f,0f,1f],start_interpolation:0}
execute if entity @s[tag=aj.mech_torso.bone.sword_left] run data modify entity @s {} merge value {transformation:[-0.4117410221843333f,1.4575016149745836f,2.191645932931045f,0.5144538647821459f,1.1278845637591106f,-1.9066003611637774f,1.479832759463104f,1.5242972014475922f,2.3781293622973148f,1.1565974353649353f,-0.32239204553266265f,-1.3105232055530167f,0f,0f,0f,1f],start_interpolation:0}
execute if entity @s[tag=aj.mech_torso.bone.rocket_left] run data modify entity @s {} merge value {transformation:[-0.35613954086406374f,1.2606806900413583f,1.8956862062221649f,1.9493870396323514f,0.9755751043552892f,-1.6491331702483012f,1.279996238205394f,1.6800986916900706f,2.0569869252054827f,1.0004105916145822f,-0.27885624430889544f,-1.2409978770762862f,0f,0f,0f,1f],start_interpolation:0}
execute if entity @s[tag=aj.mech_torso.bone.drillhead_left1] run data modify entity @s {} merge value {transformation:[0.8226749888538227f,0.5471002897124302f,0.15455463665298882f,1.2405429184633752f,0.555482699374112f,-0.7156778416171543f,-0.42337241019492644f,2.8377845265832287f,-0.12101583950215947f,0.43415031960691475f,-0.8926750061331399f,-1.805893986291324f,0f,0f,0f,1f],start_interpolation:0}
execute if entity @s[tag=aj.mech_torso.bone.drillhead_left2] run data modify entity @s {} merge value {transformation:[-0.457613953913908f,0.5471002897124302f,0.7009070852686927f,0.932884542742516f,0.1785710783931549f,-0.7156778416171543f,0.6752167037179375f,2.7302229485388687f,0.8710349241820246f,0.43415031960691475f,0.2298078781078416f,-1.595504763138578f,0f,0f,0f,1f],start_interpolation:0}
execute if entity @s[tag=aj.mech_torso.bone.drillhead_left3] run data modify entity @s {} merge value {transformation:[-0.1720342229970778f,0.5471002897124302f,-0.819198082953303f,0.9914227722920542f,-0.6037191304249759f,-0.7156778416171543f,-0.351181489513787f,2.5695036623860235f,-0.7784134105195661f,0.43415031960691475f,0.4534159925592736f,-1.9342112146253894f,0f,0f,0f,1f],start_interpolation:0}
execute if entity @s[tag=aj.mech_torso.bone.left_hand] run data modify entity @s {} merge value {transformation:[-0.15455463665298863f,0.5471002897124302f,0.8226749888538227f,1.6244197079727725f,0.42337241019492655f,-0.7156778416171543f,0.5554826993741119f,2.003219943787766f,0.8926750061331399f,0.43415031960691475f,-0.12101583950215966f,-1.4505095469108586f,0f,0f,0f,1f],start_interpolation:0}
execute if entity @s[tag=aj.mech_torso.bone.left_arm_low] run data modify entity @s {} merge value {transformation:[0.19172879886401833f,0.051278034965299424f,0.9801074588106439f,1.7183091509549056f,0.48104458980377657f,-0.8753643948511967f,-0.048304025166796855f,1.1564113350128427f,0.8554742370794559f,0.48073666321271546f,-0.1924995852889742f,-0.9223213559209577f,0f,0f,0f,1f],start_interpolation:0}
execute if entity @s[tag=aj.mech_torso.bone.left_arm] run data modify entity @s {} merge value {transformation:[0.21218514328481575f,-1.0715621497477548f,-0.17749366955246648f,0.6350138116927878f,0.532369241442399f,0.2602378739081635f,-0.9346824157347946f,1.4359864482292393f,0.946748347909451f,0.09382316742551763f,0.5653642697579999f,-0.800212689140047f,0f,0f,0f,1f],start_interpolation:0}
execute if entity @s[tag=aj.mech_torso.bone.drillhead_right1] run data modify entity @s {} merge value {transformation:[-0.8067476014548263f,-0.22105415944966203f,0.5479902974842602f,-1.3903001565785418f,-0.4953590488501689f,0.758602653954522f,-0.4232510202414303f,-0.8015249340808144f,-0.3221454954972068f,-0.6129086979340065f,-0.7215020497044344f,1.5201522167798782f,0f,0f,0f,1f],start_interpolation:0}
execute if entity @s[tag=aj.mech_torso.bone.drillhead_right2] run data modify entity @s {} merge value {transformation:[-0.19754807868344287f,-0.22105415944966203f,-0.9550444048307303f,-1.2718094487319316f,0.5805986557826667f,0.758602653954522f,-0.2956809332989131f,-0.5845572528251167f,0.7898607203246918f,-0.6129086979340065f,-0.021516748941235675f,1.7459597399294438f,0f,0f,0f,1f],start_interpolation:0}
execute if entity @s[tag=aj.mech_torso.bone.drillhead_right3] run data modify entity @s {} merge value {transformation:[0.8150059610375158f,-0.22105415944966203f,0.5356307889426435f,-1.0637717081269558f,-0.20146725364848897f,0.758602653954522f,0.6196232396549464f,-0.745093868588051f,-0.5433012324490444f,-0.6129086979340065f,0.5737305106199169f,1.472230371716197f,0f,0f,0f,1f],start_interpolation:0}
execute if entity @s[tag=aj.mech_torso.bone.drill_right] run data modify entity @s {} merge value {transformation:[-1.2333601029869796f,-0.33794879634334035f,0.8377705350747151f,-1.3380622469067294f,-0.7573075970769861f,1.1597558464633821f,-0.6470684523547916f,-0.3071823998033374f,-0.492497778470897f,-0.9370181373236229f,-1.1030362417242419f,1.2699318752096491f,0f,0f,0f,1f],start_interpolation:0}
execute if entity @s[tag=aj.mech_torso.bone.barrel_right] run data modify entity @s {} merge value {transformation:[-1.2577121680751195f,-0.5073493224602996f,-1.8515953285546904f,-1.609626817698239f,0.9714185830509985f,1.7410961343527902f,-1.1369163033819403f,-1.0870248168481378f,1.6559452081000952f,-1.4067087151900144f,-0.7393676702625618f,1.43370822727398f,0f,0f,0f,1f],start_interpolation:0}
execute if entity @s[tag=aj.mech_torso.bone.blaster_right] run data modify entity @s {} merge value {transformation:[-0.5479902974842604f,-0.22105415944966203f,-0.8067476014548262f,-1.3272062897516488f,0.4232510202414302f,0.758602653954522f,-0.495359048850169f,-0.14148502630411192f,0.7215020497044343f,-0.6129086979340065f,-0.32214549549720695f,0.7454399512449073f,0f,0f,0f,1f],start_interpolation:0}
execute if entity @s[tag=aj.mech_torso.bone.rocket_right] run data modify entity @s {} merge value {transformation:[-1.2627315308707845f,-0.5093740864549587f,-1.8589848004391827f,-1.5395291849565558f,0.9752953860418182f,1.7480446185785743f,-1.1414535858698038f,0.2465361432676476f,1.6625538662495336f,-1.4123227034844656f,-0.7423183887740263f,0.4864923259691193f,0f,0f,0f,1f],start_interpolation:0}
execute if entity @s[tag=aj.mech_torso.bone.sword_right] run data modify entity @s {} merge value {transformation:[-1.4598726386957817f,-0.5888989650582731f,-2.149214603076394f,-0.4542049021096468f,1.1275611750558152f,2.020954135929788f,-1.319660448490878f,0.4022816281482171f,1.9221163330116822f,-1.6328183952165936f,-0.858211170370175f,1.4360083273874336f,0f,0f,0f,1f],start_interpolation:0}
execute if entity @s[tag=aj.mech_torso.bone.right_hand] run data modify entity @s {} merge value {transformation:[-0.5479902974842604f,-0.22105415944966203f,-0.8067476014548262f,-1.5155779545118633f,0.4232510202414302f,0.758602653954522f,-0.495359048850169f,0.0040075119038797125f,0.7215020497044343f,-0.6129086979340065f,-0.32214549549720695f,0.9934562808308065f,0f,0f,0f,1f],start_interpolation:0}
execute if entity @s[tag=aj.mech_torso.bone.right_arm_low] run data modify entity @s {} merge value {transformation:[-0.5479902974842604f,-0.22105415944966203f,-0.8067476014548262f,-1.7275935829142224f,0.4232510202414302f,0.758602653954522f,-0.495359048850169f,0.7206770068167445f,0.7215020497044343f,-0.6129086979340065f,-0.32214549549720695f,0.3253866580559852f,0f,0f,0f,1f],start_interpolation:0}
execute if entity @s[tag=aj.mech_torso.bone.right_arm] run data modify entity @s {} merge value {transformation:[-0.6064576656157624f,0.8188605268928436f,-0.4317968455728717f,-0.8780635834594425f,0.4684094351369061f,0.7166814053518472f,0.701236296002748f,1.4359864482292393f,0.7984821096459409f,0.20151223102755772f,-0.739318009963028f,0.5076851647764358f,0f,0f,0f,1f],start_interpolation:0}
execute if entity @s[tag=aj.mech_torso.bone.torso] run data modify entity @s {} merge value {transformation:[-0.9984138911493761f,-0.007229975468756432f,-0.8629945607195464f,0f,5.723342445228725e-19f,1.3196666056685094f,-0.011055871751920633f,0.20333875f,0.8630248457470976f,-0.0083641948157666f,-0.9983788550871469f,-0.005674375000000009f,0f,0f,0f,1f],start_interpolation:0}