execute if entity @s[tag=aj.mech_torso.bone.barrel_left] run data modify entity @s {} merge value {transformation:[-1.2871228071520078f,0.07223055294358009f,1.8988802279188897f,0.019840042200768182f,0.27086049771698917f,2.2770325757861536f,0.09698315851670962f,-1.2911291500768183f,-1.8808503299136632f,0.2784849896867637f,-1.2854947064976672f,1.0335297993701262f,0f,0f,0f,1f],start_interpolation:0}
execute if entity @s[tag=aj.mech_torso.bone.blaster_left] run data modify entity @s {} merge value {transformation:[-0.5608046323265578f,0.03147114514729016f,0.8273498240673001f,-0.1980072804312835f,0.118015018450392f,0.9921123371940528f,0.04225595588207798f,-0.2726074318983132f,-0.8194941243115951f,0.12133704055428687f,-0.560095262261965f,1.6357557731677166f,0f,0f,0f,1f],start_interpolation:0}
execute if entity @s[tag=aj.mech_torso.bone.sword_left] run data modify entity @s {} merge value {transformation:[-1.4940106460751792f,0.08384065177772977f,2.2040999198901177f,-1.3342256880753673f,0.3143977132110694f,2.6430352183812547f,0.11257190884105671f,-0.495772806763205f,-2.1831719560487644f,0.32324774066024703f,-1.4921208499368843f,2.0761002122599113f,0f,0f,0f,1f],start_interpolation:0}
execute if entity @s[tag=aj.mech_torso.bone.rocket_left] run data modify entity @s {} merge value {transformation:[-1.2922595439155222f,0.07251881552015212f,1.9064584075782527f,-0.2181880676544568f,0.2719414661130704f,2.2861199114147106f,0.09737020546594116f,0.2445295805742168f,-1.8883565546364722f,0.2795963864211407f,-1.2906249457269607f,1.5333723826298005f,0f,0f,0f,1f],start_interpolation:0}
execute if entity @s[tag=aj.mech_torso.bone.drillhead_left1] run data modify entity @s {} merge value {transformation:[0.8273498240673f,0.03147114514729016f,0.560804632326558f,-0.21155857580712922f,0.042255955882078006f,0.9921123371940528f,-0.11801501845039199f,-1.1888488937228319f,-0.5600952622619653f,0.12133704055428687f,0.819494124311595f,1.2059792032657721f,0f,0f,0f,1f],start_interpolation:0}
execute if entity @s[tag=aj.mech_torso.bone.drillhead_left2] run data modify entity @s {} merge value {transformation:[-0.834728991984752f,0.03147114514729016f,0.549760927097623f,-0.59791313187938f,0.09286100584043762f,0.9921123371940528f,0.08420180509737721f,-1.180742900825575f,-0.5427746710509087f,0.12133704055428687f,-0.8310673733549558f,1.23990919475958f,0f,0f,0f,1f],start_interpolation:0}
execute if entity @s[tag=aj.mech_torso.bone.drillhead_left3] run data modify entity @s {} merge value {transformation:[0.20150285110329696f,0.03147114514729016f,-0.9789822102675619f,-0.38522547263756757f,-0.12520231431008044f,0.9921123371940528f,0.0061229795650736205f,-1.2255287502945218f,0.9714530258785767f,0.12133704055428687f,0.20385372476578634f,1.5509359795107422f,0f,0f,0f,1f],start_interpolation:0}
execute if entity @s[tag=aj.mech_torso.bone.left_hand] run data modify entity @s {} merge value {transformation:[-0.5608046323265578f,0.03147114514729016f,0.8273498240673001f,-0.28563300423230814f,0.118015018450392f,0.9921123371940528f,0.04225595588207798f,-0.2541675852654395f,-0.8194941243115951f,0.12133704055428687f,-0.560095262261965f,1.5077098162440299f,0f,0f,0f,1f],start_interpolation:0}
execute if entity @s[tag=aj.mech_torso.bone.left_arm_low] run data modify entity @s {} merge value {transformation:[-0.5850122028463126f,0.5563628438365164f,0.5901026254127741f,0.2526072839704629f,0.05015591897744886f,0.7510273946770769f,-0.658363301100608f,0.479420701188334f,-0.8094721158337898f,-0.35555342558145403f,-0.4672650802754911f,1.086962349664355f,0f,0f,0f,1f],start_interpolation:0}
execute if entity @s[tag=aj.mech_torso.bone.left_arm] run data modify entity @s {} merge value {transformation:[-0.710304222759994f,0.44841323353425f,0.7205313745109972f,0.6883806848706948f,0.03367625425867311f,0.9537501968273028f,-0.5603556464291355f,1.4498978092508286f,-0.8480010610621038f,-0.33772490665816673f,-0.6257859589302932f,0.7197059156914387f,0f,0f,0f,1f],start_interpolation:0}
execute if entity @s[tag=aj.mech_torso.bone.drillhead_right1] run data modify entity @s {} merge value {transformation:[-0.39056914655343067f,-0.5531655573436021f,0.7358421080158888f,0.9511384401843979f,0.8279677236552593f,0.13832039601820556f,0.5434490929521324f,1.0090973244139694f,-0.40239929217837034f,0.821507963573153f,0.40397954829451166f,-3.291541620754709f,0f,0f,0f,1f],start_interpolation:0}
execute if entity @s[tag=aj.mech_torso.bone.drillhead_right2] run data modify entity @s {} merge value {transformation:[-0.5303651211768685f,-0.5531655573436021f,-0.6424334241053993f,0.9191840399675558f,-0.8189310243162038f,0.13832039601820556f,0.5569734692584385f,0.6775761476332736f,-0.21923689391035286f,0.821507963573153f,-0.5263647500872678f,-3.2572387678248016f,0f,0f,0f,1f],start_interpolation:0}
execute if entity @s[tag=aj.mech_torso.bone.drillhead_right3] run data modify entity @s {} merge value {transformation:[0.8292938043348099f,-0.5531655573436021f,0.07924425695683229f,1.1984473424353317f,0.1852319635643942f,0.13832039601820556f,-0.9729113976716721f,0.8836782322157865f,0.5272199785345557f,0.821507963573153f,0.21717218979398323f,-3.1038979312397723f,0f,0f,0f,1f],start_interpolation:0}
execute if entity @s[tag=aj.mech_torso.bone.drill_right] run data modify entity @s {} merge value {transformation:[-0.597104226833762f,-0.8456825003803344f,1.1249594005461092f,0.7458153818528455f,1.2658015407493302f,0.2114649706681111f,0.8308279169878069f,0.90964340778465f,-0.6151902175451253f,1.255925824545439f,0.6176061216552027f,-2.783934568082322f,0f,0f,0f,1f],start_interpolation:0}
execute if entity @s[tag=aj.mech_torso.bone.barrel_right] run data modify entity @s {} merge value {transformation:[-1.688857589782804f,-1.269590092425106f,-0.8964092436491966f,0.9259678800284437f,-1.2472894868269362f,0.31746409738224096f,1.900298391404617f,1.3140757785882144f,-0.927187937224548f,1.8854723645654385f,-0.9235610347865474f,-3.4999679052072445f,0f,0f,0f,1f],start_interpolation:0}
execute if entity @s[tag=aj.mech_torso.bone.blaster_right] run data modify entity @s {} merge value {transformation:[-0.7358421080158889f,-0.5531655573436021f,-0.3905691465534305f,0.7005043980165003f,-0.5434490929521322f,0.13832039601820556f,0.8279677236552594f,1.2066214739936019f,-0.40397954829451177f,0.821507963573153f,-0.4023992921783702f,-2.3230482560387715f,0f,0f,0f,1f],start_interpolation:0}
execute if entity @s[tag=aj.mech_torso.bone.rocket_right] run data modify entity @s {} merge value {transformation:[-1.695597596891351f,-1.2746568584447244f,-0.8999866942944815f,0.3305258500586203f,-1.2522672540812554f,0.3187310545762693f,1.9078822307667476f,1.276581302266896f,-0.9308882215621138f,1.8929970352167835f,-0.9272468446365294f,-1.9753173126659536f,0f,0f,0f,1f],start_interpolation:0}
execute if entity @s[tag=aj.mech_torso.bone.sword_right] run data modify entity @s {} merge value {transformation:[-1.9603189414562157f,-1.4736597810986276f,-1.040495083927089f,1.0964076333822632f,-1.4477746503306397f,0.3684922204783072f,2.205746034257588f,0.05223414044363184f,-1.076221042334747f,2.188536921177119f,-1.0720111636623004f,-2.1100956983796126f,0f,0f,0f,1f],start_interpolation:0}
execute if entity @s[tag=aj.mech_torso.bone.right_hand] run data modify entity @s {} merge value {transformation:[-0.7358421080158889f,-0.5531655573436021f,-0.3905691465534305f,0.4475586733860385f,-0.5434490929521322f,0.13832039601820556f,0.8279677236552594f,1.0198108482913064f,-0.40397954829451177f,0.821507963573153f,-0.4023992921783702f,-2.46191622576501f,0f,0f,0f,1f],start_interpolation:0}
execute if entity @s[tag=aj.mech_torso.bone.right_arm_low] run data modify entity @s {} merge value {transformation:[-0.7358421080158889f,-0.5531655573436021f,-0.3905691465534305f,-0.07182203803636522f,-0.5434490929521322f,0.13832039601820556f,0.8279677236552594f,1.217970803983247f,-0.40397954829451177f,0.821507963573153f,-0.4023992921783702f,-1.627734518304024f,0f,0f,0f,1f],start_interpolation:0}
execute if entity @s[tag=aj.mech_torso.bone.right_arm] run data modify entity @s {} merge value {transformation:[-0.8143521685288876f,-0.6386101334952825f,-0.39214744872747026f,-0.6980003588301995f,-0.6014319410504159f,0.21144668059046776f,0.9046225180071686f,1.4498978092508286f,-0.4470818095501712f,0.8787715159234727f,-0.5026434689767035f,-0.7218028777839318f,0f,0f,0f,1f],start_interpolation:0}
execute if entity @s[tag=aj.mech_torso.bone.torso] run data modify entity @s {} merge value {transformation:[-0.9148124853969423f,-0.13895255336525553f,0.940984849448696f,0f,-9.15734791236596e-18f,1.305555475912223f,0.1927876596996002f,0.20333875f,-0.9511888871190144f,0.13363857843349228f,-0.9049986816523029f,-0.005674375000000009f,0f,0f,0f,1f],start_interpolation:0}