execute if entity @s[tag=aj.mech_torso.bone.barrel_left] run data modify entity @s {} merge value {transformation:[-1.5574760675660337f,0.2819018379236044f,1.6620614146850994f,0.9434854848550809f,-0.8346059865900929f,1.8371030715911758f,-1.0936789496689328f,-1.2696128919156897f,-1.4647012117007743f,-1.3465630885986206f,-1.1441445285962448f,1.7840074069497807f,0f,0f,0f,1f],start_interpolation:0}
execute if entity @s[tag=aj.mech_torso.bone.blaster_left] run data modify entity @s {} merge value {transformation:[-0.6785986454248497f,0.12282577520223939f,0.7241669057430947f,0.902544482192819f,-0.36364121655403525f,0.8004332662625309f,-0.4765203583094825f,-0.09034489502943938f,-0.6381762640921866f,-0.5867030042587692f,-0.4985084159200068f,1.549122550655036f,0f,0f,0f,1f],start_interpolation:0}
execute if entity @s[tag=aj.mech_torso.bone.sword_left] run data modify entity @s {} merge value {transformation:[-1.8078195903463286f,0.32721380171790054f,1.9292156383000487f,-0.1583157566387947f,-0.9687577768920834f,2.132392908931252f,-1.2694732663537798f,0.2256431785217759f,-1.7001324127276831f,-1.5630051606572337f,-1.3280505145843342f,2.1053827150446756f,0f,0f,0f,1f],start_interpolation:0}
execute if entity @s[tag=aj.mech_torso.bone.rocket_left] run data modify entity @s {} merge value {transformation:[-1.5636917484086896f,0.2830268708470505f,1.6686944818054952f,0.9031867630552495f,-0.8379367886165542f,1.8444347067962796f,-1.0980436776008982f,0.2232702756209154f,-1.470546640373082f,-1.3519370436580458f,-1.148710657974232f,1.1248992312662467f,0f,0f,0f,1f],start_interpolation:0}
execute if entity @s[tag=aj.mech_torso.bone.drillhead_left1] run data modify entity @s {} merge value {transformation:[0.7241669057430946f,0.12282577520223939f,0.6785986454248498f,0.7518165192320122f,-0.47652035830948253f,0.8004332662625309f,0.36364121655403514f,-1.0424637772728476f,-0.49850841592000694f,-0.5867030042587692f,0.6381762640921865f,1.8575713620753818f,0f,0f,0f,1f],start_interpolation:0}
execute if entity @s[tag=aj.mech_torso.bone.drillhead_left2] run data modify entity @s {} merge value {transformation:[-0.9040700763928767f,0.12282577520223939f,0.40935452350859325f,0.37801023653841925f,-0.1536042308420624f,0.8004332662625309f,-0.5794068747673907f,-0.9502778843795419f,-0.39882707686213675f,-0.5867030042587692f,-0.7047812054498461f,1.9050836616584153f,0f,0f,0f,1f],start_interpolation:0}
execute if entity @s[tag=aj.mech_torso.bone.drillhead_left3] run data modify entity @s {} merge value {transformation:[0.3498167222029288f,0.12282577520223939f,-0.9287314411675575f,0.6354078061022116f,0.5183171234614928f,0.8004332662625309f,0.3010879369667605f,-0.812233640766095f,0.7803689001964409f,-0.5867030042587692f,0.21634223905639016f,2.1473020580012747f,0f,0f,0f,1f],start_interpolation:0}
execute if entity @s[tag=aj.mech_torso.bone.left_hand] run data modify entity @s {} merge value {transformation:[-0.6785986454248497f,0.12282577520223939f,0.7241669057430947f,0.7965134438451863f,-0.36364121655403525f,0.8004332662625309f,-0.4765203583094825f,-0.1471638351160074f,-0.6381762640921866f,-0.5867030042587692f,-0.4985084159200068f,1.4494075093906318f,0f,0f,0f,1f],start_interpolation:0}
execute if entity @s[tag=aj.mech_torso.bone.left_arm_low] run data modify entity @s {} merge value {transformation:[-0.714882222484881f,0.37098553708268833f,0.5927167445336319f,1.1413412402892456f,-0.2932133163592868f,0.610484594252235f,-0.7357543824472083f,0.4220026024122969f,-0.634798676026239f,-0.6997701704532377f,-0.3276466838824724f,0.6997234628144267f,0f,0f,0f,1f],start_interpolation:0}
execute if entity @s[tag=aj.mech_torso.bone.left_arm] run data modify entity @s {} merge value {transformation:[-0.8275892554083425f,-0.14697014717819987f,0.7199081738007366f,0.9685712144176124f,-0.3746590296939639f,1.0171801874363446f,-0.22304048128034593f,1.4454286313028f,-0.6320590275721649f,-0.4105072723587356f,-0.8104055426384671f,0.2645783789059326f,0f,0f,0f,1f],start_interpolation:0}
execute if entity @s[tag=aj.mech_torso.bone.drillhead_right1] run data modify entity @s {} merge value {transformation:[0.24878749855013743f,-0.07661917820667664f,0.9655228024734055f,-0.5698904149482451f,0.06864009866769298f,0.9957544715249047f,0.06133163370600245f,-1.4555955573488149f,-0.9661228272947778f,0.05101503669597229f,0.25299041209273887f,-1.2470782158076301f,0f,0f,0f,1f],start_interpolation:0}
execute if entity @s[tag=aj.mech_torso.bone.drillhead_right2] run data modify entity @s {} merge value {transformation:[-0.9872336092528088f,-0.07661917820667664f,-0.13963990222213002f,-0.8217851032171716f,-0.08293046963248621f,0.9957544715249047f,0.03994458216946534f,-1.4861693207048807f,0.13598653598135307f,0.05101503669597229f,-0.9893963452846899f,-1.0286328654736074f,0f,0f,0f,1f],start_interpolation:0}
execute if entity @s[tag=aj.mech_torso.bone.drillhead_right3] run data modify entity @s {} merge value {transformation:[0.796819901503426f,-0.07661917820667664f,-0.5993392579324368f,-0.45545343890395873f,0.03039561252042385f,0.9957544715249047f,-0.08688578236780825f,-1.4629061855015915f,0.6034518632895078f,0.05101503669597229f,0.7957658667744743f,-0.9325110063515147f,0f,0f,0f,1f],start_interpolation:0}
execute if entity @s[tag=aj.mech_torso.bone.drill_right] run data modify entity @s {} merge value {transformation:[0.3803476753824006f,-0.11713581466291588f,1.4760964903365223f,-0.6609101134303292f,0.10493735464370348f,1.5223148297373283f,0.09376413382275245f,-0.9551378808623766f,-1.477013811533571f,0.0779920644322512f,0.38677311237211137f,-1.021310440710503f,0f,0f,0f,1f],start_interpolation:0}
execute if entity @s[tag=aj.mech_torso.bone.barrel_right] run data modify entity @s {} merge value {transformation:[-2.216005981857135f,-0.175851421422696f,0.5710011028077857f,-0.41409065742746326f,-0.14076443023552065f,2.2853917687987053f,0.1575383500557578f,-1.542593266833227f,-0.5806473602838123f,0.11708643875974097f,-2.217383120325556f,-1.5714927111075427f,0f,0f,0f,1f],start_interpolation:0}
execute if entity @s[tag=aj.mech_torso.bone.blaster_right] run data modify entity @s {} merge value {transformation:[-0.9655228024734055f,-0.07661917820667664f,0.24878749855013765f,-0.3721457890167144f,-0.061331633706002434f,0.9957544715249047f,0.068640098667693f,-0.4876264437292303f,-0.2529904120927391f,0.05101503669597229f,-0.9661228272947777f,-0.9945995667042064f,0f,0f,0f,1f],start_interpolation:0}
execute if entity @s[tag=aj.mech_torso.bone.rocket_right] run data modify entity @s {} merge value {transformation:[-2.2248497684266235f,-0.17655322117041156f,0.5732798926330472f,-0.4854239221925509f,-0.14132620244542027f,2.2945124648601767f,0.15816706475951275f,0.008790957540015132f,-0.5829646470459099f,0.11755371523961076f,-2.226232402872398f,-1.053192576195838f,0f,0f,0f,1f],start_interpolation:0}
execute if entity @s[tag=aj.mech_torso.bone.sword_right] run data modify entity @s {} merge value {transformation:[-2.5721994127246055f,-0.2041171940028666f,0.6627819208666633f,-0.8954950838523855f,-0.16339043655508628f,2.652738040275137f,0.1828605404555031f,-0.7879289739901307f,-0.6739786856849748f,0.13590652348484383f,-2.5737979078499404f,0.08735338299424167f,0f,0f,0f,1f],start_interpolation:0}
execute if entity @s[tag=aj.mech_torso.bone.right_hand] run data modify entity @s {} merge value {transformation:[-0.9655228024734055f,-0.07661917820667664f,0.24878749855013765f,-0.7040442523669476f,-0.061331633706002434f,0.9957544715249047f,0.068640098667693f,-0.5087091928156686f,-0.2529904120927391f,0.05101503669597229f,-0.9661228272947777f,-1.0815650208610854f,0f,0f,0f,1f],start_interpolation:0}
execute if entity @s[tag=aj.mech_torso.bone.right_arm_low] run data modify entity @s {} merge value {transformation:[-0.9655228024734055f,-0.07661917820667664f,0.24878749855013765f,-0.7125436460893446f,-0.061331633706002434f,0.9957544715249047f,0.068640098667693f,0.49302350889922675f,-0.2529904120927391f,0.05101503669597229f,-0.9661228272947777f,-1.0449294217622787f,0f,0f,0f,1f],start_interpolation:0}
execute if entity @s[tag=aj.mech_torso.bone.right_arm] run data modify entity @s {} merge value {transformation:[-1.06853845328097f,-0.20493169905171776f,0.20248592819679118f,-0.89069253374634f,-0.06787536125456961f,0.9350223006473617f,0.588131117320538f,1.4454286313028f,-0.2799830132856305f,0.5554352118383555f,-0.9153541479971605f,-0.4724008031360917f,0f,0f,0f,1f],start_interpolation:0}
execute if entity @s[tag=aj.mech_torso.bone.torso] run data modify entity @s {} merge value {transformation:[-1.2268471919710242f,-0.02740408584854993f,0.48552771913502374f,0f,0f,1.3176158322131215f,0.07436868371944673f,0.20333875f,-0.48630047292764705f,0.069135498819119f,-1.2248976754203669f,-0.005674375000000009f,0f,0f,0f,1f],start_interpolation:0}