execute if entity @s[tag=aj.mech_torso.bone.barrel_left] run data modify entity @s {} merge value {transformation:[-1.1899084747309758f,0.36744710102648087f,1.9278871707549f,0.6216418139855342f,-0.9000237004821625f,1.9013377383744066f,-0.9178892289674115f,-1.24927909892869f,-1.7440537989937388f,-1.2318871401355034f,-0.8416524898287733f,1.8878295975634836f,0f,0f,0f,1f],start_interpolation:0}
execute if entity @s[tag=aj.mech_torso.bone.blaster_left] run data modify entity @s {} merge value {transformation:[-0.5184479530358845f,0.16009819361881522f,0.8399882668185868f,0.5256529602987191f,-0.3921439800689338f,0.8284205713493673f,-0.39992806335750414f,-0.06906171884929885f,-0.7598913204456259f,-0.5367382279707497f,-0.36671140662136836f,1.6747729252386465f,0f,0f,0f,1f],start_interpolation:0}
execute if entity @s[tag=aj.mech_torso.bone.sword_left] run data modify entity @s {} merge value {transformation:[-1.3811704052053266f,0.42650932587988205f,2.2377693422376117f,-0.6412988990187821f,-1.0446905165293432f,2.20695244240233f,-1.0654276906407867f,0.14248552982103668f,-2.0243872057476358f,-1.4298965816617624f,-0.9769369116239788f,2.0327804657496014f,0f,0f,0f,1f],start_interpolation:0}
execute if entity @s[tag=aj.mech_torso.bone.rocket_left] run data modify entity @s {} merge value {transformation:[-1.194657241960804f,0.3689135337724485f,1.9355811132838467f,0.5771938311224315f,-0.9036155759462688f,1.9089257256327283f,-0.921552403391073f,0.2588805659797699f,-1.7510140868676372f,-1.2368034386627869f,-0.8450114135170055f,1.2647513295198072f,0f,0f,0f,1f],start_interpolation:0}
execute if entity @s[tag=aj.mech_torso.bone.drillhead_left1] run data modify entity @s {} merge value {transformation:[0.8399882668185867f,0.16009819361881522f,0.5184479530358848f,0.401486451594596f,-0.39992806335750425f,0.8284205713493673f,0.3921439800689337f,-1.0406532811992162f,-0.36671140662136853f,-0.5367382279707497f,0.7598913204456258f,1.9296895157070804f,0f,0f,0f,1f],start_interpolation:0}
execute if entity @s[tag=aj.mech_torso.bone.drillhead_left2] run data modify entity @s {} merge value {transformation:[-0.8004330455747665f,0.16009819361881522f,0.5776465250928948f,0.018896331593957316f,-0.20924795299842902f,0.8284205713493673f,-0.5195523564869622f,-0.9797898836062926f,-0.5617136581193938f,-0.5367382279707497f,-0.6295949816484788f,1.909509293885979f,0f,0f,0f,1f],start_interpolation:0}
execute if entity @s[tag=aj.mech_torso.bone.drillhead_left3] run data modify entity @s {} merge value {transformation:[0.15753385938968711f,0.16009819361881522f,-0.9744494094337492f,0.2155102647189135f,0.5153396409679747f,0.8284205713493673f,0.2194183479387884f,-0.8309403302608245f,0.8423824176659847f,-0.5367382279707497f,0.04799934418333396f,2.197894878319481f,0f,0f,0f,1f],start_interpolation:0}
execute if entity @s[tag=aj.mech_torso.bone.left_hand] run data modify entity @s {} merge value {transformation:[-0.5184479530358845f,0.16009819361881522f,0.8399882668185868f,0.4446454676368622f,-0.3921439800689338f,0.8284205713493673f,-0.39992806335750414f,-0.13033421573506976f,-0.7598913204456259f,-0.5367382279707497f,-0.36671140662136836f,1.5560399064190176f,0f,0f,0f,1f],start_interpolation:0}
execute if entity @s[tag=aj.mech_torso.bone.left_arm_low] run data modify entity @s {} merge value {transformation:[-0.5457420515935533f,0.5188305505560905f,0.6580125173065656f,0.9499300311341858f,-0.2952147275637387f,0.6158698336191437f,-0.730446858208998f,0.44425823309230905f,-0.7842282051494495f,-0.5928905530092314f,-0.1829396468797309f,0.9084182266229539f,0f,0f,0f,1f],start_interpolation:0}
execute if entity @s[tag=aj.mech_torso.bone.left_arm] run data modify entity @s {} merge value {transformation:[-0.6749998252183612f,-0.01229421201985513f,0.8769242081502943f,0.9183723215949704f,-0.3868150727976767f,0.9973085872879168f,-0.2837633868425166f,1.4471407123746571f,-0.7870967627590256f,-0.4795794122005431f,-0.6125799963936723f,0.3986806409799792f,0f,0f,0f,1f],start_interpolation:0}
execute if entity @s[tag=aj.mech_torso.bone.drillhead_right1] run data modify entity @s {} merge value {transformation:[0.2713331001008192f,-0.24473539062520183f,0.9308506525566862f,-0.019452269940561068f,0.3178952091595859f,0.9356450601798029f,0.15333283195231345f,-1.1956691946885518f,-0.9084717853533271f,0.2543086902499857f,0.33167168296415483f,-1.8279052901840243f,0f,0f,0f,1f],start_interpolation:0}
execute if entity @s[tag=aj.mech_torso.bone.drillhead_right2] run data modify entity @s {} merge value {transformation:[-0.9638285477827395f,-0.24473539062520183f,-0.10554202506369337f,-0.2709838136788987f,-0.26331429487634356f,0.9356450601798029f,0.23501894280016514f,-1.3124542023745827f,0.04123242162169721f,0.2543086902499857f,-0.9662437464069545f,-1.6402961098361832f,0f,0f,0f,1f],start_interpolation:0}
execute if entity @s[tag=aj.mech_torso.bone.drillhead_right3] run data modify entity @s {} merge value {transformation:[0.7561591836610555f,-0.24473539062520183f,-0.6069002204156594f,0.08218870244077564f,0.02000783532912659f,0.9356450601798029f,-0.3523748116517068f,-1.2543139606655878f,0.6540817804300074f,0.2543086902499857f,0.7123932302968973f,-1.51432643217215f,0f,0f,0f,1f],start_interpolation:0}
execute if entity @s[tag=aj.mech_torso.bone.drill_right] run data modify entity @s {} merge value {transformation:[0.41481551315509124f,-0.37415279083784114f,1.4230895197363633f,-0.20200977009270898f,0.4859999176955579f,1.4304192360802919f,0.23441606404153656f,-0.7777333952311976f,-1.3888765863370038f,0.3887885031595837f,0.5070614654705493f,-1.5089758522068726f,0f,0f,0f,1f],start_interpolation:0}
execute if entity @s[tag=aj.mech_torso.bone.barrel_right] run data modify entity @s {} merge value {transformation:[-2.136428688164567f,-0.5617009647087315f,0.6227463208108109f,0.16132089215671508f,-0.35191967704023275f,2.1474325048999887f,0.7296126857871608f,-1.183654024695543f,-0.7612315644730052f,0.5836729877208096f,-2.0850661481367294f,-2.150804082710656f,0f,0f,0f,1f],start_interpolation:0}
execute if entity @s[tag=aj.mech_torso.bone.blaster_right] run data modify entity @s {} merge value {transformation:[-0.9308506525566861f,-0.24473539062520183f,0.2713331001008194f,0.0028484725786240284f,-0.15333283195231337f,0.9356450601798029f,0.31789520915958597f,-0.28857302832322246f,-0.33167168296415506f,0.2543086902499857f,-0.908471785353327f,-1.3626184624016435f,0f,0f,0f,1f],start_interpolation:0}
execute if entity @s[tag=aj.mech_torso.bone.rocket_right] run data modify entity @s {} merge value {transformation:[-2.1449548922875477f,-0.5639426389137789f,0.6252316189522761f,-0.18982815265486497f,-0.35332414189223593f,2.1560026237991274f,0.7325244734467253f,0.1847429993436237f,-0.7642695388924222f,0.586002349361545f,-2.093387371160655f,-1.3233378241391232f,0f,0f,0f,1f],start_interpolation:0}
execute if entity @s[tag=aj.mech_torso.bone.sword_right] run data modify entity @s {} merge value {transformation:[-2.4798311295258855f,-0.6519869095027513f,0.7228444931017545f,-0.504549075657471f,-0.40848607540784054f,2.4926036631635706f,0.8468882021362465f,-0.8977673564164632f,-0.8835893942145191f,0.6774906424126574f,-2.420212745650889f,-0.4107107577840745f,0f,0f,0f,1f],start_interpolation:0}
execute if entity @s[tag=aj.mech_torso.bone.right_hand] run data modify entity @s {} merge value {transformation:[-0.9308506525566861f,-0.24473539062520183f,0.2713331001008194f,-0.3171314392377368f,-0.15333283195231337f,0.9356450601798029f,0.31789520915958597f,-0.34128118930683016f,-0.33167168296415506f,0.2543086902499857f,-0.908471785353327f,-1.4766306034205718f,0f,0f,0f,1f],start_interpolation:0}
execute if entity @s[tag=aj.mech_torso.bone.right_arm_low] run data modify entity @s {} merge value {transformation:[-0.9308506525566861f,-0.24473539062520183f,0.2713331001008194f,-0.49520950469999514f,-0.15333283195231337f,0.9356450601798029f,0.31789520915958597f,0.6138813981562294f,-0.33167168296415506f,0.2543086902499857f,-0.908471785353327f,-1.229982176277618f,0f,0f,0f,1f],start_interpolation:0}
execute if entity @s[tag=aj.mech_torso.bone.right_arm] run data modify entity @s {} merge value {transformation:[-1.0301669872223447f,-0.36681124018407324f,0.17022770352057073f,-0.8389990884133975f,-0.1696925506801055f,0.8149869601399535f,0.7292274484545584f,1.4471407123746571f,-0.36705911678494646f,0.6527003503986251f,-0.8148753499208297f,-0.5561207662692979f,0f,0f,0f,1f],start_interpolation:0}
execute if entity @s[tag=aj.mech_torso.bone.torso] run data modify entity @s {} merge value {transformation:[-1.159612874584378f,-0.04690506219088962f,0.6282834381518142f,0f,0f,1.316050507218793f,0.09825092806685352f,0.20333875f,-0.6300318749991906f,0.08633168599573855f,-1.156394767756659f,-0.005674375000000009f,0f,0f,0f,1f],start_interpolation:0}