execute if entity @s[tag=aj.mech_torso.bone.barrel_left] run data modify entity @s {} merge value {transformation:[-1.37921409124081f,0.32945719490680375f,1.8046813958972434f,0.7849755604356089f,-0.8698289106555925f,1.8704442744502376f,-1.0062228261248725f,-1.259791663482366f,-1.6151825439129746f,-1.288621226874352f,-0.9991442222914306f,1.8457696959274204f,0f,0f,0f,1f],start_interpolation:0}
execute if entity @s[tag=aj.mech_torso.bone.blaster_left] run data modify entity @s {} merge value {transformation:[-0.6009291786611656f,0.14354583729727124f,0.786307010542474f,0.7173516953012037f,-0.3789879875616334f,0.8149601637013804f,-0.4384153702412845f,-0.07910901549956709f,-0.703741591436516f,-0.5614574998826222f,-0.43533119381449703f,1.6245558457454912f,0f,0f,0f,1f],start_interpolation:0}
execute if entity @s[tag=aj.mech_torso.bone.sword_left] run data modify entity @s {} merge value {transformation:[-1.6009043768636473f,0.3824130486087333f,2.0947598809239936f,-0.4026392512924134f,-1.0096423166169235f,2.1710932658417232f,-1.1679597363990104f,0.1845048072847848f,-1.8748016137637984f,-1.4957499167997999f,-1.1597433413295213f,2.083714109781563f,0f,0f,0f,1f],start_interpolation:0}
execute if entity @s[tag=aj.mech_torso.bone.rocket_left] run data modify entity @s {} merge value {transformation:[-1.3847183521301882f,0.3307720149656812f,1.8118836404858911f,0.7443736179429368f,-0.8733002827099955f,1.8779089699830072f,-1.0102385282432116f,0.24175323265453758f,-1.6216285236648698f,-1.2937639436326518f,-1.003131674638774f,1.2066592725288183f,0f,0f,0f,1f],start_interpolation:0}
execute if entity @s[tag=aj.mech_torso.bone.drillhead_left1] run data modify entity @s {} merge value {transformation:[0.7863070105424739f,0.14354583729727124f,0.6009291786611658f,0.5781020865885073f,-0.43841537024128463f,0.8149601637013804f,0.37898798756163327f,-1.0417891461575337f,-0.4353311938144972f,-0.5614574998826222f,0.7037415914365159f,1.9042815444560248f,0f,0f,0f,1f],start_interpolation:0}
execute if entity @s[tag=aj.mech_torso.bone.drillhead_left2] run data modify entity @s {} merge value {transformation:[-0.8560928343409961f,0.14354583729727124f,0.496487312611939f,0.19801633525203896f,-0.18236494609028867f,0.8149601637013804f,-0.5500754112095045f,-0.965407756888827f,-0.4835784170405934f,-0.5614574998826222f,-0.6715038275379147f,1.9179745881564219f,0f,0f,0f,1f],start_interpolation:0}
execute if entity @s[tag=aj.mech_torso.bone.drillhead_left3] run data modify entity @s {} merge value {transformation:[0.2542795029667426f,0.14354583729727124f,-0.9564185940087174f,0.4259344386992278f,0.5179135434613816f,0.8149601637013804f,0.260010563399057f,-0.8215451922153872f,0.8167664879696412f,-0.5614574998826222f,0.13288333211992143f,2.185063289051236f,0f,0f,0f,1f],start_interpolation:0}
execute if entity @s[tag=aj.mech_torso.bone.left_hand] run data modify entity @s {} merge value {transformation:[-0.6009291786611656f,0.14354583729727124f,0.786307010542474f,0.6234565111353966f,-0.3789879875616334f,0.8149601637013804f,-0.4384153702412845f,-0.1383258885560723f,-0.703741591436516f,-0.5614574998826222f,-0.43533119381449703f,1.5145962220835356f,0f,0f,0f,1f],start_interpolation:0}
execute if entity @s[tag=aj.mech_torso.bone.left_arm_low] run data modify entity @s {} merge value {transformation:[-0.6340440673880977f,0.44830567831446544f,0.6300874061596251f,1.0518246666805942f,-0.2950513671418656f,0.6129163443717871f,-0.7329926640489938f,0.4332437246178171f,-0.7147956430740701f,-0.6506578006855308f,-0.2563427686699874f,0.8112529821849385f,0f,0f,0f,1f],start_interpolation:0}
execute if entity @s[tag=aj.mech_torso.bone.left_arm] run data modify entity @s {} merge value {transformation:[-0.754399895952788f,-0.08341630303187644f,0.8054157286202852f,0.9457263956351737f,-0.3820801795458434f,1.0072205042884268f,-0.253561768950312f,1.4463357743307435f,-0.7139100166818412f,-0.4509108056628157f,-0.7153907407507255f,0.3327248030882065f,0f,0f,0f,1f],start_interpolation:0}
execute if entity @s[tag=aj.mech_torso.bone.drillhead_right1] run data modify entity @s {} merge value {transformation:[0.2688101366656729f,-0.158826698740893f,0.9500079948047027f,-0.2971368821651207f,0.1966909432890557f,0.9745787456064561f,0.10727973452711231f,-1.346108850786404f,-0.9428964859696125f,0.15802008853059124f,0.29321641899276446f,-1.554330219115833f,0f,0f,0f,1f],start_interpolation:0}
execute if entity @s[tag=aj.mech_torso.bone.drillhead_right2] run data modify entity @s {} merge value {transformation:[-0.9805621278759024f,-0.158826698740893f,-0.11520413682916306f,-0.5516090213067116f,-0.17438391627582656f,0.9745787456064561f,0.14066455970304584f,-1.4207224549082476f,0.0899342155121643f,0.15802008853059124f,-0.9833318303100922f,-1.3499266953031113f,0f,0f,0f,1f],start_interpolation:0}
execute if entity @s[tag=aj.mech_torso.bone.drillhead_right3] run data modify entity @s {} merge value {transformation:[0.7748237563684052f,-0.158826698740893f,-0.611900503623117f,-0.19116699552581426f,0.023843185689860408f,0.9745787456064561f,-0.22277291376714778f,-1.380041131763567f,0.6317275117195019f,0.15802008853059124f,0.7589136990181893f,-1.238544248134702f,0f,0f,0f,1f],start_interpolation:0}
execute if entity @s[tag=aj.mech_torso.bone.drill_right] run data modify entity @s {} merge value {transformation:[0.41095839298938763f,-0.24281511734636207f,1.452377368334068f,-0.43477525812433226f,0.3007021795095845f,1.4899412652513555f,0.16400983924361134f,-0.8830298456629666f,-1.4415052551063092f,0.2415819672877141f,0.4482708496117412f,-1.2780566731229543f,0f,0f,0f,1f],start_interpolation:0}
execute if entity @s[tag=aj.mech_torso.bone.barrel_right] run data modify entity @s {} merge value {transformation:[-2.18039739082942f,-0.36452884757026177f,0.6169557770246169f,-0.1259193656972419f,-0.24622156290366262f,2.2367906014464287f,0.4514324320348464f,-1.3834403483612356f,-0.6729715101519749f,0.3626775675730657f,-2.1640755120729382f,-1.880486396434549f,0f,0f,0f,1f],start_interpolation:0}
execute if entity @s[tag=aj.mech_torso.bone.blaster_right] run data modify entity @s {} merge value {transformation:[-0.9500079948047025f,-0.158826698740893f,0.2688101366656731f,-0.1858850050637001f,-0.10727973452711227f,0.9745787456064561f,0.19669094328905573f,-0.40049394231260393f,-0.2932164189927647f,0.15802008853059124f,-0.9428964859696124f,-1.1892986109325527f,0f,0f,0f,1f],start_interpolation:0}
execute if entity @s[tag=aj.mech_torso.bone.rocket_right] run data modify entity @s {} merge value {transformation:[-2.1890990682251665f,-0.3659836339529372f,0.6194179658722508f,-0.33756097040548283f,-0.24720420057204157f,2.245717336681706f,0.4532340391208144f,0.08903113933427331f,-0.6756572503764406f,0.3641249657423023f,-2.1727120510108837f,-1.1967086363209296f,0f,0f,0f,1f],start_interpolation:0}
execute if entity @s[tag=aj.mech_torso.bone.sword_right] run data modify entity @s {} merge value {transformation:[-2.53086721521281f,-0.42312200206951145f,0.7161231965672921f,-0.7125565807148215f,-0.2857983979673959f,2.59632488293497f,0.5239941796509702f,-0.8611328369775542f,-0.7811427123236432f,0.42097315348310743f,-2.511921811953203f,-0.1669840118143151f,0f,0f,0f,1f],start_interpolation:0}
execute if entity @s[tag=aj.mech_torso.bone.right_hand] run data modify entity @s {} merge value {transformation:[-0.9500079948047025f,-0.158826698740893f,0.2688101366656731f,-0.5124502532778166f,-0.10727973452711227f,0.9745787456064561f,0.19669094328905573f,-0.43737135105629876f,-0.2932164189927647f,0.15802008853059124f,-0.9428964859696124f,-1.2900917549613156f,0f,0f,0f,1f],start_interpolation:0}
execute if entity @s[tag=aj.mech_torso.bone.right_arm_low] run data modify entity @s {} merge value {transformation:[-0.9500079948047025f,-0.158826698740893f,0.2688101366656731f,-0.6035011355726134f,-0.10727973452711227f,0.9745787456064561f,0.19669094328905573f,0.5500589699358849f,-0.2932164189927647f,0.15802008853059124f,-0.9428964859696124f,-1.1432111554302269f,0f,0f,0f,1f],start_interpolation:0}
execute if entity @s[tag=aj.mech_torso.bone.right_arm] run data modify entity @s {} merge value {transformation:[-1.0513683061370613f,-0.2871260049637918f,0.19223766711559673f,-0.8656887432758701f,-0.11872585640270375f,0.8783947805598636f,0.6626452739140762f,1.4463357743307435f,-0.32450090047018193f,0.608895102043652f,-0.8652848657149388f,-0.5150813035917846f,0f,0f,0f,1f],start_interpolation:0}
execute if entity @s[tag=aj.mech_torso.bone.torso] run data modify entity @s {} merge value {transformation:[-1.1952739781332242f,-0.036588494489199846f,0.5582325516175409f,0f,0f,1.3168873100090768f,0.08631335443543901f,0.20333875f,-0.559430334907231f,0.07817465845727446f,-1.1927148047951412f,-0.005674375000000009f,0f,0f,0f,1f],start_interpolation:0}