# This file was generated by Animated Java via MC-Build. It is not recommended to edit this file directly.
$data merge entity $(bone_drillhead_right1) { transformation: [-0.7743755006576049f,0.10353479880234286f,-0.6241979889572236f,-1.148227548170588f,-0.6187818744940083f,0.08205119722434964f,0.7812660192480743f,0.782439330810811f,0.13210441241292822f,0.9912356664643428f,0.000527019948112134f,2.5128780244158757f,0f,0f,0f,1f], start_interpolation: 0, interpolation_duration: 1 }
$data merge entity $(bone_drillhead_right2) { transformation: [-0.259080182023491f,0.3388203482120335f,0.9044767719074666f,-1.0487625607158446f,0.9617244221722295f,0.0039739007339026425f,0.2739896784742974f,1.102050454386645f,0.08923897735948352f,0.9408426966025905f,-0.32688136252989425f,2.505164009661737f,0f,0f,0f,1f], start_interpolation: 0, interpolation_duration: 1 }
$data merge entity $(bone_drillhead_right3) { transformation: [0.8517615310856652f,0.12115317856553173f,-0.5097295375844647f,-0.8205451799539578f,-0.4881292789388868f,-0.16995786639365923f,-0.8560631581218276f,0.8043964346769963f,-0.19034731730498902f,0.977975577902835f,-0.08562515880516888f,2.4477324398770386f,0f,0f,0f,1f], start_interpolation: 0, interpolation_duration: 1 }
$data merge entity $(bone_drill_right) { transformation: [-1.1838694599393083f,-0.3016102571713782f,0.9190921371774246f,-1.1414665069054435f,-0.9459970814615934f,0.057716359710959154f,-1.199585072313424f,0.9172982970499822f,0.2019619412624519f,-1.4976468464294481f,-0.23132509524643383f,1.8261919803495612f,0f,0f,0f,1f], start_interpolation: 0, interpolation_duration: 1 }
$data merge entity $(bone_right_hand) { transformation: [-0.601183203014396f,-0.1972849218633687f,-0.7743755006576047f,-1.293949513350989f,0.7846551688238658f,0.03775258713878782f,-0.6187818744940086f,0.9703758023752767f,0.15131101232673802f,-0.9796190084771186f,0.1321044124129282f,1.5678729689245117f,0f,0f,0f,1f], start_interpolation: 0, interpolation_duration: 1 }
$data merge entity $(bone_right_arm_low) { transformation: [-0.601183203014396f,-0.1972849218633687f,-0.7743755006576047f,-1.4778597194215082f,0.7846551688238658f,0.03775258713878782f,-0.6187818744940086f,0.9397505078846351f,0.15131101232673802f,-0.9796190084771186f,0.1321044124129282f,0.5829252850648761f,0f,0f,0f,1f], start_interpolation: 0, interpolation_duration: 1 }
$data merge entity $(bone_right_arm) { transformation: [-0.6653259438740146f,0.4516027806423913f,-0.7603737866722129f,-1f,0.8683732981822209f,0.513771666625391f,-0.45468502076836437f,1.4375f,0.16745501469442908f,-0.8699802190987199f,-0.6632233522461798f,-0.30617375000000013f,0f,0f,0f,1f], start_interpolation: 0, interpolation_duration: 1 }