# This file was generated by Animated Java via MC-Build. It is not recommended to edit this file directly.
$data merge entity $(bone_drillhead_right1) { transformation: [-0.1830127018922194f,-0.3244692640906444f,0.9280226546839174f,-1.6695380666617028f,-0.6830127018922193f,0.7209158734973701f,0.11736248290409665f,-1.0548025274924344f,-0.7071067811865475f,-0.6123724356957944f,-0.35355339059327423f,1.0122630827448535f,0f,0f,0f,1f], start_interpolation: 0, interpolation_duration: 1 }
$data merge entity $(bone_drillhead_right2) { transformation: [-0.8223631719059994f,0.4278563990949892f,-0.3750436177915486f,-1.8024136342538262f,0.500495263503403f,0.8574941985371932f,-0.11919811527753328f,-0.8172903206314617f,0.27059805007309856f,-0.2857316944766999f,-0.9193117502067027f,1.20729152988913f,0f,0f,0f,1f], start_interpolation: 0, interpolation_duration: 1 }
$data merge entity $(bone_drillhead_right3) { transformation: [0.9624350297590465f,0.25877470962717786f,-0.08218554100371625f,-1.4358729100390417f,0.022260026714733733f,0.22647274281373803f,0.9737631067015643f,-0.915409445072948f,0.27059805007309845f,-0.9390131769148888f,0.21220496902015423f,1.2073834537706842f,0f,0f,0f,1f], start_interpolation: 0, interpolation_duration: 1 }
$data merge entity $(bone_drill_right) { transformation: [-0.279790809971627f,0.2797908099716268f,1.4767126353289535f,-1.5108305915183575f,-1.0441935183049602f,1.0441935183049602f,-0.3956839580892282f,-0.470805128822581f,-1.0810286772397253f,-1.0810286772397253f,-5.919144533871843e-17f,0.6607956571560801f,0f,0f,0f,1f], start_interpolation: 0, interpolation_duration: 1 }
$data merge entity $(bone_right_hand) { transformation: [-0.9659258262890683f,0.18301270189221933f,-0.1830127018922192f,-1.5590205269130233f,0.2588190451025207f,0.6830127018922193f,-0.6830127018922194f,-0.28657082405492806f,-1.1829179713786698e-16f,-0.7071067811865476f,-0.7071067811865475f,0.42303011809862695f,0f,0f,0f,1f], start_interpolation: 0, interpolation_duration: 1 }
$data merge entity $(bone_right_arm_low) { transformation: [-0.9659258262890683f,0.18301270189221933f,-0.1830127018922192f,-1.321356607811869f,0.2588190451025207f,0.6830127018922193f,-0.6830127018922194f,0.35892154058425185f,-1.1829179713786698e-16f,-0.7071067811865476f,-0.7071067811865475f,-0.3061737500000002f,0f,0f,0f,1f], start_interpolation: 0, interpolation_duration: 1 }
$data merge entity $(bone_right_arm) { transformation: [-1.068984477386792f,0.2864335274371966f,1.355309468843381e-16f,-1f,0.2864335274371966f,1.068984477386792f,0f,1.4375f,-1.309128418569941e-16f,3.507799025444483e-17f,-1.1066941666666668f,-0.30617375000000013f,0f,0f,0f,1f], start_interpolation: 0, interpolation_duration: 1 }