# This file was generated by Animated Java via MC-Build. It is not recommended to edit this file directly.
$data merge entity $(bone_drillhead_right1) { transformation: [-0.7497107964701758f,0.3648463074089777f,-0.5521058717547641f,-1.3234057064517049f,-0.6600849895149868f,-0.3528617814011826f,0.663156369073979f,0.6504759731294263f,0.047133091061947546f,0.8616122882111291f,0.5053738581788023f,2.464048393322706f,0f,0f,0f,1f], start_interpolation: 0, interpolation_duration: 1 }
$data merge entity $(bone_drillhead_right2) { transformation: [-0.31334258695824196f,-0.24399224933464975f,0.9177604292313621f,-1.2399530169013702f,0.9433984359820593f,-0.19060073925410176f,0.271423560477704f,0.9744662123353672f,0.10870057122628482f,0.9508623141445912f,0.28990523512808697f,2.4770880855161126f,0f,0f,0f,1f], start_interpolation: 0, interpolation_duration: 1 }
$data merge entity $(bone_drillhead_right3) { transformation: [0.8871463887069859f,0.2861333387781792f,-0.36207595535164233f,-0.9933293441247536f,-0.43819125710152057f,0.27614983299139667f,-0.855412001282781f,0.6908359058431003f,-0.14477467735740965f,0.9175341858364051f,0.3703664544982207f,2.425029591450902f,0f,0f,0f,1f], start_interpolation: 0, interpolation_duration: 1 }
$data merge entity $(bone_drill_right) { transformation: [-1.1461619265770857f,-0.19231189747572577f,0.9932648056705365f,-1.2726040827805902f,-1.0091415074308718f,0.11041464167933357f,-1.1431045564218139f,0.8161413966502398f,0.07205732491974866f,-1.512637016280327f,-0.20972124578425366f,1.786003750211665f,0f,0f,0f,1f], start_interpolation: 0, interpolation_duration: 1 }
$data merge entity $(bone_right_hand) { transformation: [-0.6496999518985243f,-0.1257922658954423f,-0.7497107964701757f,-1.4080127940673592f,0.7477109538990145f,0.07222282213002379f,-0.660084989514987f,0.8734554387490256f,0.13717981601708326f,-0.9894241607139302f,0.04713309106194752f,1.5192143539160123f,0f,0f,0f,1f], start_interpolation: 0, interpolation_duration: 1 }
$data merge entity $(bone_right_arm_low) { transformation: [-0.6496999518985243f,-0.1257922658954423f,-0.7497107964701757f,-1.5166272753588368f,0.7477109538990145f,0.07222282213002379f,-0.660084989514987f,0.8783186703380177f,0.13717981601708326f,-0.9894241607139302f,0.04713309106194752f,0.5226893637967002f,0f,0f,0f,1f], start_interpolation: 0, interpolation_duration: 1 }
$data merge entity $(bone_right_arm) { transformation: [-0.7190191468497108f,0.48824803879241335f,-0.6851257531379942f,-1f,0.8274873510328083f,0.5730681736583124f,-0.4600320975265308f,1.4375f,0.1518161021705126f,-0.8111588620543548f,-0.7373907716851794f,-0.30617375000000013f,0f,0f,0f,1f], start_interpolation: 0, interpolation_duration: 1 }