# This file was generated by Animated Java via MC-Build. It is not recommended to edit this file directly.
$data merge entity $(bone_drillhead_right1) { transformation: [-0.7078390054901718f,0.5953064516409818f,-0.38022910322765663f,-1.5078382568902824f,-0.7041437600511428f,-0.6373967061480581f,0.31290094945948144f,0.4667686392283722f,-0.056084824041120224f,0.4892194473099261f,0.8703555738237374f,2.376718294649887f,0f,0f,0f,1f], start_interpolation: 0, interpolation_duration: 1 }
$data merge entity $(bone_drillhead_right2) { transformation: [-0.380378107839934f,-0.7180950393875172f,0.5827967136859571f,-1.446415223989637f,0.9152988906003078f,-0.38254732002425895f,0.1260376483758075f,0.7936732906156203f,0.13244031086477268f,0.5813751476880465f,0.8027842186470441f,2.4149886486732597f,0f,0f,0f,1f], start_interpolation: 0, interpolation_duration: 1 }
$data merge entity $(bone_drillhead_right3) { transformation: [0.9221346282056755f,0.3366667124311056f,-0.19058660027612737f,-1.1788459225040169f,-0.37637058865064443f,0.6667080899250416f,-0.6433082486858612f,0.5285142620529879f,-0.08951484492947664f,0.6649480036584322f,0.7415060653615168f,2.3694163762559137f,0f,0f,0f,1f], start_interpolation: 0, interpolation_duration: 1 }
$data merge entity $(bone_drill_right) { transformation: [-1.082148105721321f,-0.06937220575742994f,1.077677584614919f,-1.410032710282579f,-1.0764987944782207f,0.19043035678323586f,-1.068706052538156f,0.6758471796270749f,-0.08574278278686148f,-1.5153117759435182f,-0.1836420401656625f,1.7160439311643287f,0f,0f,0f,1f], start_interpolation: 0, interpolation_duration: 1 }
$data merge entity $(bone_right_hand) { transformation: [-0.7049148131386368f,-0.04537673990499441f,-0.7078390054901716f,-1.5255745602151027f,0.6990464848484843f,0.12456153981874357f,-0.7041437600511429f,0.7412475313512685f,0.12012126472318935f,-0.99117373566574f,-0.05608482404112025f,1.4418726792097052f,0f,0f,0f,1f], start_interpolation: 0, interpolation_duration: 1 }
$data merge entity $(bone_right_arm_low) { transformation: [-0.7049148131386368f,-0.04537673990499441f,-0.7078390054901716f,-1.5490140932205003f,0.6990464848484843f,0.12456153981874357f,-0.7041437600511429f,0.8001141733653836f,0.12012126472318935f,-0.99117373566574f,-0.05608482404112025f,0.4414387137474809f,0f,0f,0f,1f], start_interpolation: 0, interpolation_duration: 1 }
$data merge entity $(bone_right_arm) { transformation: [-0.7801251116974528f,0.5184104752394416f,-0.5894296970759797f,-1f,0.7736306670106561f,0.6485041196414438f,-0.4535526170167596f,1.4375f,0.13293750296177612f,-0.7317547160791793f,-0.8195331807414484f,-0.30617375000000013f,0f,0f,0f,1f], start_interpolation: 0, interpolation_duration: 1 }