# This file was generated by Animated Java via MC-Build. It is not recommended to edit this file directly.
$data merge entity $(bone_drillhead_right1) { transformation: [-0.5689096242418945f,0.777360331259003f,0.2684264421211883f,-1.7933137602017122f,-0.7699255652903382f,-0.38871786812846f,-0.5060761236316317f,-0.026116765624853266f,-0.28906134877790146f,-0.49457995752209627f,0.8196549287719447f,2.0658734743294422f,0f,0f,0f,1f], start_interpolation: 0, interpolation_duration: 1 }
$data merge entity $(bone_drillhead_right2) { transformation: [-0.5360951313937986f,-0.7058487813216655f,-0.46301134759591556f,-1.7912792767148613f,0.8235238731981755f,-0.31677474000855044f,-0.4705976990649142f,0.29490298186933767f,0.18550051312204507f,-0.6335860336207191f,0.7511047181533497f,2.16098521210199f,0f,0f,0f,1f], start_interpolation: 0, interpolation_duration: 1 }
$data merge entity $(bone_drillhead_right3) { transformation: [0.9715197068146423f,0.23695094365847663f,0.0019260244416114403f,-1.4816093285798444f,-0.23424835721629772f,0.95914955495868f,0.15861853096038986f,0.07778443488092879f,0.03573746510677443f,-0.1545521967554128f,0.9873380637177007f,2.1302682247047784f,0f,0f,0f,1f], start_interpolation: 0, interpolation_duration: 1 }
$data merge entity $(bone_drill_right) { transformation: [-0.8697521151348063f,0.15757905557975646f,1.247375685786148f,-1.6197744659342508f,-1.1770663746460144f,0.43106253125861616f,-0.8751833212830006f,0.3015072027615283f,-0.44191855576062833f,-1.458286644462208f,-0.12391147923793762f,1.472310483355913f,0f,0f,0f,1f], start_interpolation: 0, interpolation_duration: 1 }
$data merge entity $(bone_right_hand) { transformation: [-0.8159152709609478f,0.10307332369565658f,-0.5689096242418943f,-1.6963461163351012f,0.572462205943257f,0.2819603636664789f,-0.7699255652903383f,0.39649800948093844f,0.08105117753187198f,-0.9538732846994915f,-0.28906134877790146f,1.1931859063593158f,0f,0f,0f,1f], start_interpolation: 0, interpolation_duration: 1 }
$data merge entity $(bone_right_arm_low) { transformation: [-0.8159152709609478f,0.10307332369565658f,-0.5689096242418943f,-1.5600565139619447f,0.572462205943257f,0.2819603636664789f,-0.7699255652903383f,0.6186193113606407f,0.08105117753187198f,-0.9538732846994915f,-0.28906134877790146f,0.22521375591477277f,0f,0f,0f,1f], start_interpolation: 0, interpolation_duration: 1 }
$data merge entity $(bone_right_arm) { transformation: [-0.9029686708667338f,0.5258608942584599f,-0.36454063951346344f,-1f,0.6335405839545346f,0.8231543329437698f,-0.3818576320730969f,1.4375f,0.08969886537598712f,-0.5202492119932697f,-0.9726596781529859f,-0.30617375000000013f,0f,0f,0f,1f], start_interpolation: 0, interpolation_duration: 1 }