# This file was generated by Animated Java via MC-Build. It is not recommended to edit this file directly.
$data merge entity $(bone_drillhead_right1) { transformation: [-0.47978868795169705f,0.5942084243793979f,0.6455378868123407f,-1.8550948206617952f,-0.7791487983724722f,0.04972401344598498f,-0.6248637231281362f,-0.2983648430917122f,-0.4033980229355637f,-0.8027726146820012f,0.4391197606670662f,1.851073312204073f,0f,0f,0f,1f], start_interpolation: 0, interpolation_duration: 1 }
$data merge entity $(bone_drillhead_right2) { transformation: [-0.6143559641123331f,-0.2856213990633849f,-0.7355182973636214f,-1.8867132014392645f,0.7603732040062289f,0.034626075668632905f,-0.6485627383014629f,0.01149863365441342f,0.2107115089142207f,-0.9577167907481129f,0.19590612223773812f,1.9739104557813332f,0f,0f,0f,1f], start_interpolation: 0, interpolation_duration: 1 }
$data merge entity $(bone_drillhead_right3) { transformation: [0.98157032794293f,0.19071291682700114f,0.012176808175643039f,-1.5589196553710467f,-0.1640385310376029f,0.8081651756295143f,0.5656504302435752f,-0.17823249236277497f,0.09803597113832478f,-0.5572231440411045f,0.8245552232009158f,1.9508244315386132f,0f,0f,0f,1f], start_interpolation: 0, interpolation_duration: 1 }
$data merge entity $(bone_drill_right) { transformation: [-0.7335035449959475f,0.23589933619327697f,1.3204431281548212f,-1.6627866473454205f,-1.19116690334116f,0.5773928719216155f,-0.7648430439430566f,0.09581548588086505f,-0.616717082536514f,-1.3957847171634388f,-0.09322588412007864f,1.3057203895050917f,0f,0f,0f,1f], start_interpolation: 0, interpolation_duration: 1 }
$data merge entity $(bone_right_hand) { transformation: [-0.863709085381089f,0.15430304839422956f,-0.4797886879516969f,-1.7246992661478426f,0.500288025935101f,0.37767584129871473f,-0.7791487983724723f,0.21082619530726232f,0.060979561626190275f,-0.9129904315794093f,-0.4033980229355637f,1.0305179824660062f,0f,0f,0f,1f], start_interpolation: 0, interpolation_duration: 1 }
$data merge entity $(bone_right_arm_low) { transformation: [-0.863709085381089f,0.15430304839422956f,-0.4797886879516969f,-1.5314077964157855f,0.500288025935101f,0.37767584129871473f,-0.7791487983724723f,0.5328856350358935f,0.060979561626190275f,-0.9129904315794093f,-0.4033980229355637f,0.10111014006822377f,0f,0f,0f,1f], start_interpolation: 0, interpolation_duration: 1 }
$data merge entity $(bone_right_arm) { transformation: [-0.9558618064882533f,0.49620909063269303f,-0.25470909643064754f,-1f,0.5536658399555584f,0.9052742206997858f,-0.314173043937142f,1.4375f,0.06748572513759529f,-0.39878202347134356f,-1.0301410355833718f,-0.30617375000000013f,0f,0f,0f,1f], start_interpolation: 0, interpolation_duration: 1 }