# This file was generated by Animated Java via MC-Build. It is not recommended to edit this file directly.
$data merge entity $(bone_drillhead_right1) { transformation: [-0.23295330617227772f,-0.31023998694497834f,0.9216745128535262f,-1.739314770600466f,-0.713079420392649f,0.6989202755248005f,0.055028980299660135f,-0.9431179844714339f,-0.661249194597535f,-0.6444079445201748f,-0.3840415390076898f,1.1717303318590686f,0f,0f,0f,1f], start_interpolation: 0, interpolation_duration: 1 }
$data merge entity $(bone_drillhead_right2) { transformation: [-0.791599492842448f,0.45643582463527f,-0.40624694573756537f,-1.8560220535908034f,0.5517138886375981f,0.8196705678848959f,-0.15411666109682054f,-0.6891536563905426f,0.26264429941645295f,-0.3461307529428342f,-0.9006727895585988f,1.3560821428776775f,0f,0f,0f,1f], start_interpolation: 0, interpolation_duration: 1 }
$data merge entity $(bone_drillhead_right3) { transformation: [0.9698942344160538f,0.2412150330318672f,-0.03347359983527892f,-1.4942605234941229f,-0.005946528348062585f,0.16087108632911518f,0.9869575129578254f,-0.8035792165924933f,0.24345392345801883f,-0.9570453497210705f,0.15746233114675884f,1.352227268866672f,0f,0f,0f,1f], start_interpolation: 0, interpolation_duration: 1 }
$data merge entity $(bone_drill_right) { transformation: [-0.3561402763065866f,0.2937776131071578f,1.4574308970440657f,-1.5654864423572494f,-1.090159680409809f,0.9674237930874717f,-0.4613990440024466f,-0.38778726917541917f,-1.0109213504671821f,-1.1467484120916194f,-0.015877800990664038f,0.7829349042644062f,0f,0f,0f,1f], start_interpolation: 0, interpolation_duration: 1 }
$data merge entity $(bone_right_hand) { transformation: [-0.9533135356242899f,0.1921615464626599f,-0.2329533061722775f,-1.612431694075998f,0.3018036428785414f,0.6327972039743264f,-0.7130794203926492f,-0.21535767926383476f,0.01038575662904374f,-0.7500944198588294f,-0.661249194597535f,0.536234315789571f,0f,0f,0f,1f], start_interpolation: 0, interpolation_duration: 1 }
$data merge entity $(bone_right_arm_low) { transformation: [-0.9533135356242899f,0.1921615464626599f,-0.2329533061722775f,-1.3679678424547037f,0.3018036428785414f,0.6327972039743264f,-0.7130794203926492f,0.3762930651433125f,0.01038575662904374f,-0.7500944198588294f,-0.661249194597535f,-0.23517325118974652f,0f,0f,0f,1f], start_interpolation: 0, interpolation_duration: 1 }
$data merge entity $(bone_right_arm) { transformation: [-1.0550265288797773f,0.3326740317671525f,-0.031921630310876845f,-1f,0.33400433105243166f,1.0532170309133313f,-0.0628249247222174f,1.4375f,0.011493856277782372f,-0.06952591542671162f,-1.1044482861981233f,-0.30617375000000013f,0f,0f,0f,1f], start_interpolation: 0, interpolation_duration: 1 }