execute if entity @s[tag=aj.mech_torso.bone.drillhead_left1] run data modify entity @s {} merge value {transformation:[0.7863045814526065f,-0.3340605613676221f,-0.5197390177054162f,1.077802886776118f,-0.5868973373597053f,-0.14097966044432553f,-0.7972930770683333f,0.8149120688804272f,0.19307154266418933f,0.9319486448725339f,-0.30691220688255194f,2.5308238488871124f,0f,0f,0f,1f],start_interpolation:0}
execute if entity @s[tag=aj.mech_torso.bone.drillhead_left2] run data modify entity @s {} merge value {transformation:[-0.8224435522811369f,-0.32583284754400443f,-0.46628270263065874f,0.7046313599781345f,-0.523247725047723f,0.11176566314357385f,0.8448196581368477f,0.8598141866985125f,-0.22315559939998814f,0.9387978440556003f,-0.2624122452420796f,2.4348363192589417f,0f,0f,0f,1f],start_interpolation:0}
execute if entity @s[tag=aj.mech_torso.bone.drillhead_left3] run data modify entity @s {} merge value {transformation:[0.2206320800517793f,-0.10481256400001049f,0.9697091376695227f,0.9187297602833164f,0.9724395000612112f,-0.05320376343005927f,-0.22700391687717786f,1.1670370802673504f,0.07538503812247843f,0.9930678154006515f,0.0901854203441472f,2.4961179820383994f,0f,0f,0f,1f],start_interpolation:0}
execute if entity @s[tag=aj.mech_torso.bone.drill_left] run data modify entity @s {} merge value {transformation:[1.2021067032745612f,0.38389548721938754f,0.8630235980923677f,0.9960946960039949f,-0.8972518283827615f,0.027597915077450207f,1.2375069751627708f,0.9820086174641268f,0.2951688202292021f,-1.4795636559490462f,0.24700760633740462f,1.9787152660427205f,0f,0f,0f,1f],start_interpolation:0}
execute if entity @s[tag=aj.mech_torso.bone.left_hand] run data modify entity @s {} merge value {transformation:[-0.5645084643761024f,0.2511081417126417f,0.7863045814526066f,1.223113257581698f,-0.8094600932674422f,0.018051947472571994f,-0.5868973373597051f,1.021480964511621f,-0.1615690287623182f,-0.9677906944985943f,0.19307154266418936f,1.578788282519748f,0f,0f,0f,1f],start_interpolation:0}
execute if entity @s[tag=aj.mech_torso.bone.left_arm_low] run data modify entity @s {} merge value {transformation:[-0.5645084643761024f,0.2511081417126417f,0.7863045814526066f,1.4635116384412272f,-0.8094600932674422f,0.018051947472571994f,-0.5868973373597051f,0.970601114362487f,-0.1615690287623182f,-0.9677906944985943f,0.19307154266418936f,0.6069330094317644f,0f,0f,0f,1f],start_interpolation:0}
execute if entity @s[tag=aj.mech_torso.bone.left_arm] run data modify entity @s {} merge value {transformation:[-0.6247382245589903f,-0.4386156061578194f,0.8013054844088598f,1f,-0.8958247633685342f,0.4841855973453062f,-0.4333985223707007f,1.4375f,-0.17880750164525647f,-0.8932819464716646f,-0.6283686974994888f,-0.3061737499999999f,0f,0f,0f,1f],start_interpolation:0}