execute if entity @s[tag=aj.mech_torso.bone.drillhead_left1] run data modify entity @s {} merge value {transformation:[0.7863045814526065f,0.26336307202630205f,0.5588962314057149f,1.077802886776118f,-0.5868973373597053f,0.035705930472614444f,0.808873662526586f,0.8149120688804272f,0.19307154266418933f,-0.9640357767333917f,0.18264282244675406f,2.6558238488871124f,0f,0f,0f,1f],start_interpolation:0}
execute if entity @s[tag=aj.mech_torso.bone.drillhead_left2] run data modify entity @s {} merge value {transformation:[-0.8224435522811369f,0.2621831966918454f,0.5048233103607939f,0.7046313599781345f,-0.523247725047723f,-0.0005383993124851499f,-0.8521804552784364f,0.8598141866985126f,-0.2231555993999881f,-0.9650179695210994f,0.13762956425785375f,2.5598363192589417f,0f,0f,0f,1f],start_interpolation:0}
execute if entity @s[tag=aj.mech_torso.bone.drillhead_left3] run data modify entity @s {} merge value {transformation:[0.2206320800517793f,0.2304883192862155f,-0.9477323566939356f,0.9187297602833164f,0.9724395000612112f,0.02311864096946528f,0.23200635155190735f,1.1670370802673504f,0.0753850381224784f,-0.9728004230634055f,-0.21903523213157286f,2.6211179820383994f,0f,0f,0f,1f],start_interpolation:0}
execute if entity @s[tag=aj.mech_torso.bone.drill_left] run data modify entity @s {} merge value {transformation:[1.2021067032745612f,0.38389548721938754f,0.8630235980923677f,0.9960946960039949f,-0.8972518283827615f,0.027597915077450207f,1.2375069751627708f,0.9820086174641268f,0.2951688202292021f,-1.4795636559490462f,0.24700760633740462f,2.1037152660427205f,0f,0f,0f,1f],start_interpolation:0}
execute if entity @s[tag=aj.mech_torso.bone.left_hand] run data modify entity @s {} merge value {transformation:[-0.5645084643761024f,0.2511081417126417f,0.7863045814526066f,1.223113257581698f,-0.8094600932674422f,0.018051947472571994f,-0.5868973373597051f,1.021480964511621f,-0.1615690287623182f,-0.9677906944985943f,0.19307154266418936f,1.703788282519748f,0f,0f,0f,1f],start_interpolation:0}
execute if entity @s[tag=aj.mech_torso.bone.left_arm_low] run data modify entity @s {} merge value {transformation:[-0.5645084643761024f,0.2511081417126417f,0.7863045814526066f,1.4635116384412272f,-0.8094600932674422f,0.018051947472571994f,-0.5868973373597051f,0.970601114362487f,-0.1615690287623182f,-0.9677906944985943f,0.19307154266418936f,0.7319330094317644f,0f,0f,0f,1f],start_interpolation:0}
execute if entity @s[tag=aj.mech_torso.bone.left_arm] run data modify entity @s {} merge value {transformation:[-0.6247382245589903f,-0.4386156061578194f,0.8013054844088598f,1f,-0.8958247633685342f,0.4841855973453062f,-0.4333985223707007f,1.4375f,-0.17880750164525647f,-0.8932819464716646f,-0.6283686974994888f,-0.18117374999999988f,0f,0f,0f,1f],start_interpolation:0}