execute if entity @s[tag=aj.mech_torso.bone.drillhead_left1] run data modify entity @s {} merge value {transformation:[0.7863045814526062f,-0.015965635828660202f,-0.6176327417318712f,1.0932702772556635f,-0.5868973373597053f,0.29308914206227205f,-0.754751793774145f,0.8065920295208718f,0.19307154266418894f,0.9559518048927925f,0.22108714602048296f,2.6434654592450153f,0f,0f,0f,1f],start_interpolation:0}
execute if entity @s[tag=aj.mech_torso.bone.drillhead_left2] run data modify entity @s {} merge value {transformation:[-0.8224435522811366f,-0.036663372352937096f,-0.5676639855045367f,0.7200987504576801f,-0.5232477250477228f,-0.3427200544546358f,0.7802273915385143f,0.8514941473389572f,-0.22315559939998772f,0.9387218764907531f,0.2626838728474034f,2.547477929616845f,0f,0f,0f,1f],start_interpolation:0}
execute if entity @s[tag=aj.mech_torso.bone.drillhead_left3] run data modify entity @s {} merge value {transformation:[0.2206320800517796f,-0.592664673976125f,0.7746418975712572f,0.934197150762862f,0.9724395000612107f,0.07227903265274077f,-0.22166903292856754f,1.158717040907795f,0.0753850381224784f,0.8021996794187572f,0.5922776125835881f,2.6087595923963027f,0f,0f,0f,1f],start_interpolation:0}
execute if entity @s[tag=aj.mech_torso.bone.drill_left] run data modify entity @s {} merge value {transformation:[1.2021067032745605f,0.3838954872193874f,0.8630235980923678f,1.0115620864835404f,-0.8972518283827615f,0.027597915077450547f,1.2375069751627703f,0.9736885781045715f,0.2951688202292015f,-1.479563655949046f,0.24700760633740437f,2.091356876400624f,0f,0f,0f,1f],start_interpolation:0}
execute if entity @s[tag=aj.mech_torso.bone.left_hand] run data modify entity @s {} merge value {transformation:[-0.5645084643761025f,0.25110814171264156f,0.7863045814526063f,1.2385806480612436f,-0.809460093267442f,0.018051947472572216f,-0.5868973373597051f,1.0131609251520657f,-0.16156902876231805f,-0.9677906944985941f,0.19307154266418897f,1.691429892877651f,0f,0f,0f,1f],start_interpolation:0}
execute if entity @s[tag=aj.mech_torso.bone.left_arm_low] run data modify entity @s {} merge value {transformation:[-0.5645084643761025f,0.25110814171264156f,0.7863045814526063f,1.4789790289207727f,-0.809460093267442f,0.018051947472572216f,-0.5868973373597051f,0.962281075002932f,-0.16156902876231805f,-0.9677906944985941f,0.19307154266418897f,0.7195746197896679f,0f,0f,0f,1f],start_interpolation:0}
execute if entity @s[tag=aj.mech_torso.bone.left_arm] run data modify entity @s {} merge value {transformation:[-0.6247382245589904f,-0.45383131355094697f,0.7927870257197265f,1f,-0.895824763368534f,0.492370254257001f,-0.42407723894667343f,1.4375f,-0.17880750164525627f,-0.8811246507149517f,-0.6453055135297261f,-0.18117374999999988f,0f,0f,0f,1f],start_interpolation:0}