# This file was generated by Animated Java via MC-Build. It is not recommended to edit this file directly.
$data merge entity $(bone_foot) { transformation: [-0.9996930622809316f,-0.02185949424717291f,0.011659491353882775f,0.763106843936124f,-0.020055263104880802f,0.9903445730150358f,0.13716928636345832f,-1.6790501981130816f,-0.01454536521258437f,0.1368933497688044f,-0.9904789968191694f,0.008523037186462995f,0f,0f,0f,1f], start_interpolation: 0, interpolation_duration: 1 }
$data merge entity $(bone_leg_low) { transformation: [-0.9995413296609686f,-0.026351415762373716f,0.014924248285977722f,0.7675708625672079f,-0.0256646240418155f,0.998680658605867f,0.04447773824447554f,-0.5479517313248816f,-0.016076609480087916f,0.0440743124038292f,-0.9988988925881109f,-0.1763301824068061f,0f,0f,0f,1f], start_interpolation: 0, interpolation_duration: 1 }
$data merge entity $(bone_bone4) { transformation: [-0.9995413296609686f,-0.0026168380151907183f,-0.030170887596907715f,0.7655945649988358f,-0.0256646240418155f,-0.4556781280588525f,0.8897745617186257f,-0.7856808718967079f,-0.016076609480087916f,0.8901407730059232f,0.45540196185352827f,0.3260531171228386f,0f,0f,0f,1f], start_interpolation: 0, interpolation_duration: 1 }
$data merge entity $(bone_leg) { transformation: [-0.9995413296609686f,-0.01641733372839612f,0.025448014713007658f,0.7634921283582444f,-0.0256646240418155f,0.9052903764655233f,-0.4240172889773519f,-0.1405990625000001f,-0.016076609480087916f,-0.4244759185538814f,-0.9052964913195364f,0.05979300771247304f,0f,0f,0f,1f], start_interpolation: 0, interpolation_duration: 1 }
$data merge entity $(bone_foot2) { transformation: [-0.9999946020229442f,0.001053110355730624f,0.003112375869367452f,-0.6868600160490377f,0.0010269687004021155f,0.9999642847316245f,-0.008388956815906734f,-2.0268747328709606f,-0.0031210992073245937f,-0.00838571521990869f,-0.9999599684587321f,-0.4820317608390575f,0f,0f,0f,1f], start_interpolation: 0, interpolation_duration: 1 }
$data merge entity $(bone_leg_low2) { transformation: [-0.9968741063460748f,-0.07879558126404637f,-0.005768229362303985f,-0.8069964044233813f,-0.07832330307355002f,0.9760370481082694f,0.20302005052640648f,-0.8870797201816958f,-0.010367077329889628f,0.2028372182153878f,-0.9791575902857922f,-0.485024930396495f,0f,0f,0f,1f], start_interpolation: 0, interpolation_duration: 1 }
$data merge entity $(bone_bone3) { transformation: [-0.9968741063460748f,-0.04430750346727565f,-0.06541300507706733f,-0.8177724339201909f,-0.07832330307355002f,0.4455804786970332f,0.891809114777244f,-0.8282077773908204f,-0.010367077329889628f,0.8941447769464518f,-0.447657951528861f,0.1063953476384047f,0f,0f,0f,1f], start_interpolation: 0, interpolation_duration: 1 }
$data merge entity $(bone_leg2) { transformation: [-0.9968741063460748f,-0.07491674388358799f,0.025089790405580563f,-0.8809507858159858f,-0.07832330307355002f,0.978769142703305f,-0.18941073223945432f,-0.1405990625000001f,-0.010367077329889628f,-0.1907837696915498f,-0.9815773412879486f,0.005241217838857098f,0f,0f,0f,1f], start_interpolation: 0, interpolation_duration: 1 }
$data merge entity $(bone_hips) { transformation: [-0.9994502159417572f,0f,0.0331551783885264f,-0.057650625000000004f,0f,1f,0f,0.25610718749999994f,-0.0331551783885264f,0f,-0.9994502159417572f,-6.938893903907228e-18f,0f,0f,0f,1f], start_interpolation: 0, interpolation_duration: 1 }