# This file was generated by Animated Java via MC-Build. It is not recommended to edit this file directly.
$data merge entity $(bone_foot) { transformation: [-0.9892263709774071f,-0.030457654791754038f,0.1431904962888793f,0.689697640882259f,-0.03084359959334134f,0.9995241097143617f,-0.0004758821685240111f,-2.016364279086511f,-0.14310785906788928f,-0.004887265523687678f,-0.9896950314661109f,1.0763937134642214f,0f,0f,0f,1f], start_interpolation: 0, interpolation_duration: 1 }
$data merge entity $(bone_leg_low) { transformation: [-0.9892263709774071f,0.04521814535508381f,0.1392354347625479f,0.8033169911482269f,-0.03084359959334134f,0.8653753296233996f,-0.5001741809043305f,-1.1625953347321474f,-0.14310785906788928f,-0.49908001183160877f,-0.8546574064870476f,0.3202564146036721f,0f,0f,0f,1f], start_interpolation: 0, interpolation_duration: 1 }
$data merge entity $(bone_bone4) { transformation: [-0.9892263709774071f,-0.11133253330776151f,0.09505921307345963f,0.7428924972982077f,-0.03084359959334134f,0.7932654898524623f,0.6080941826504005f,-0.7128103130966686f,-0.14310785906788928f,0.5986108332100325f,-0.7881530378274234f,0.6409971059812097f,0f,0f,0f,1f], start_interpolation: 0, interpolation_duration: 1 }
$data merge entity $(bone_leg) { transformation: [-0.9892263709774071f,0.07971415668504554f,0.12278778516962195f,0.8045258437392334f,-0.03084359959334134f,0.7064337764300626f,-0.707106775446881f,-0.19707687500000004f,-0.14310785906788928f,-0.7032758866495795f,-0.6963642494630614f,0.1748965177461721f,0f,0f,0f,1f], start_interpolation: 0, interpolation_duration: 1 }
$data merge entity $(bone_foot2) { transformation: [-0.984807753012208f,-2.7755575615628914e-17f,0.17364817766693041f,-0.5807936165425923f,0f,1f,1.1102230246251565e-16f,-2.0246200194358313f,-0.17364817766693044f,1.1102230246251565e-16f,-0.984807753012208f,-1.2094026631921861f,0f,0f,0f,1f], start_interpolation: 0, interpolation_duration: 1 }
$data merge entity $(bone_leg_low2) { transformation: [-0.984807753012208f,-0.09960050292505128f,0.1422442597229241f,-0.6891045289689047f,0f,0.8191520442889918f,0.5735764363510462f,-0.9712662401993533f,-0.17364817766693044f,0.5648625214636235f,-0.8067072841115986f,-0.7708950305966269f,0f,0f,0f,1f], start_interpolation: 0, interpolation_duration: 1 }
$data merge entity $(bone_bone3) { transformation: [-0.984807753012208f,-0.17216259343480464f,0.022665635416815426f,-0.7844057357964077f,0f,0.13052619222005157f,0.9914448613738105f,-0.8839087904672364f,-0.17364817766693044f,0.9763825861650423f,-0.12854320606946856f,-0.23041502892818216f,0f,0f,0f,1f], start_interpolation: 0, interpolation_duration: 1 }
$data merge entity $(bone_leg2) { transformation: [-0.984807753012208f,-0.02266563541681543f,0.17216259343480464f,-0.8158251306600205f,0f,0.9914448613738104f,0.13052619222005157f,-0.19707687500000004f,-0.17364817766693044f,0.12854320606946854f,-0.9763825861650423f,-0.1108150772576677f,0f,0f,0f,1f], start_interpolation: 0, interpolation_duration: 1 }
$data merge entity $(bone_hips) { transformation: [-0.984807753012208f,0f,0.17364817766693044f,0f,0f,1f,0f,0.199629375f,-0.17364817766693044f,0f,-0.984807753012208f,0f,0f,0f,0f,1f], start_interpolation: 0, interpolation_duration: 1 }
execute on vehicle unless entity @s[tag=aj.transforms_only] positioned ^0 ^0 ^0 rotated ~0 ~0 run function animated_java:mech_legs/animations/walking/zzz/frames/zzz/0