# This file was generated by Animated Java via MC-Build. It is not recommended to edit this file directly.
$data merge entity $(bone_foot) { transformation: [-0.9945283297929388f,-0.02713339064070642f,0.10088201203191172f,0.7233892853831648f,-0.027341115303001477f,0.9996259327424672f,-0.0006767589971020116f,-2.0481286250119752f,-0.10082591260809859f,-0.0034312827180235095f,-0.9948981664701435f,0.940651387318494f,0f,0f,0f,1f], start_interpolation: 0, interpolation_duration: 1 }
$data merge entity $(bone_leg_low) { transformation: [-0.994446303826026f,0.03594360423176565f,0.09891716798203275f,0.8172922185507259f,-0.012493727722990209f,0.8929104104129764f,-0.45006100224715495f,-1.1522656355530871f,-0.10450098360464974f,-0.4487973443448169f,-0.8875023876783098f,0.23200046825660092f,0f,0f,0f,1f], start_interpolation: 0, interpolation_duration: 1 }
$data merge entity $(bone_bone4) { transformation: [-0.994446303826026f,-0.07343623878464742f,0.07539010306346405f,0.7744531032563494f,-0.012493727722990209f,0.7936350009421964f,0.6082658892680597f,-0.7278685985832843f,-0.10450098360464974f,0.6039458619053898f,-0.7901448856463078f,0.5889243703170357f,0f,0f,0f,1f], start_interpolation: 0, interpolation_duration: 1 }
$data merge entity $(bone_leg) { transformation: [-0.994446303826026f,0.06113883348826054f,0.08566558145749223f,0.8243995487771498f,-0.012493727722990209f,0.7396281936718989f,-0.6728997264773018f,-0.19029687500000003f,-0.10450098360464974f,-0.6702329282908581f,-0.7347566714636364f,0.14671242848245272f,0f,0f,0f,1f], start_interpolation: 0, interpolation_duration: 1 }
$data merge entity $(bone_foot2) { transformation: [-0.9895611222080053f,-0.01031368623154015f,0.14374426350554137f,-0.6134269657959988f,0.002492965962802386f,0.9960615265794742f,0.08862968119583814f,-1.8982586881410437f,-0.14409222926702706f,0.08806283634135881f,-0.9856380503614772f,-1.1971367270370152f,0f,0f,0f,1f], start_interpolation: 0, interpolation_duration: 1 }
$data merge entity $(bone_leg_low2) { transformation: [-0.9898156708706509f,-0.08075670081272951f,0.11723179164683417f,-0.7066389394396017f,0.005687611872905155f,0.8004252597399889f,0.5994055844262336f,-0.8596599470132509f,-0.14224130472569013f,0.5939678096025195f,-0.791814152680993f,-0.7215333579108272f,0f,0f,0f,1f], start_interpolation: 0, interpolation_duration: 1 }
$data merge entity $(bone_bone3) { transformation: [-0.9898156708706509f,-0.14232298262395215f,-0.003017667295388481f,-0.7857370134433833f,0.005687611872905155f,-0.06071920122111505f,0.9981386825858685f,-0.8821121989988873f,-0.14224130472569013f,0.9879561464053412f,0.06091029477716729f,-0.17201074462770224f,0f,0f,0f,1f], start_interpolation: 0, interpolation_duration: 1 }
$data merge entity $(bone_leg2) { transformation: [-0.9898156708706509f,-0.006458208142831454f,0.14220840075912292f,-0.8049355424566211f,0.005687611872905155f,0.9963786256931593f,0.08483681590556322f,-0.19029687500000003f,-0.14224130472569013f,0.0847816360386794f,-0.9861944460503407f,-0.08227568524943873f,0f,0f,0f,1f], start_interpolation: 0, interpolation_duration: 1 }
$data merge entity $(bone_hips) { transformation: [-0.9902680687415704f,0f,0.13917310096006555f,0.014259999999999995f,0f,1f,0f,0.206409375f,-0.13917310096006555f,0f,-0.9902680687415704f,6.938893903907228e-18f,0f,0f,0f,1f], start_interpolation: 0, interpolation_duration: 1 }