# This file was generated by Animated Java via MC-Build. It is not recommended to edit this file directly.
$data merge entity $(bone_foot) { transformation: [-0.9965089698207328f,-0.02447989696418917f,0.07981608679611155f,0.7340259474211661f,-0.02476872190111479f,0.9996897474686544f,-0.0026304413019335726f,-2.0696396199720364f,-0.07972693072109929f,-0.004598200809051489f,-0.9968061361504112f,0.819851835920747f,0f,0f,0f,1f], start_interpolation: 0, interpolation_duration: 1 }
$data merge entity $(bone_leg_low) { transformation: [-0.9964108711931969f,0.03487291398561962f,0.07713141797066696f,0.8216680329215212f,0.0009178955222612362f,0.9155937206066103f,-0.4021035889588086f,-1.137479022407568f,-0.08464356582649601f,-0.4005895888011765f,-0.9123395465002487f,0.15881487248802478f,0f,0f,0f,1f], start_interpolation: 0, interpolation_duration: 1 }
$data merge entity $(bone_bone4) { transformation: [-0.9964108711931969f,-0.052304446084335834f,0.066555395632698f,0.7887852110242299f,0.0009178955222612362f,0.7795332009743486f,0.6263602366422184f,-0.7404394653662978f,-0.08464356582649601f,0.6241732399730835f,-0.7766873458900169f,0.5502119234280626f,0f,0f,0f,1f], start_interpolation: 0, interpolation_duration: 1 }
$data merge entity $(bone_leg) { transformation: [-0.9964108711931969f,0.05475475536857831f,0.06455457019097327f,0.8349885205311486f,0.0009178955222612362f,0.7695629577735388f,-0.6385702870402385f,-0.18325531250000004f,-0.08464356582649601f,-0.6362191216769341f,-0.7668511563379206f,0.13255119879280094f,0f,0f,0f,1f], start_interpolation: 0, interpolation_duration: 1 }
$data merge entity $(bone_foot2) { transformation: [-0.9915728245166254f,-0.015100403247673241f,0.12866744538491084f,-0.6303998071930151f,0.004127684582621245f,0.9889969180172751f,0.14787852573081178f,-1.8103143157124244f,-0.1294847323050395f,0.14716342607485605f,-0.9806001377349501f,-1.1697318211826837f,0f,0f,0f,1f], start_interpolation: 0, interpolation_duration: 1 }
$data merge entity $(bone_leg_low2) { transformation: [-0.9918937920911102f,-0.07082295296814155f,0.10550267553000638f,-0.7152927180875631f,0.008626317803564001f,0.790828557897526f,0.6119769429111458f,-0.7794324812283071f,-0.12677654298910862f,0.6079262301847094f,-0.7838069958868312f,-0.6761224423845645f,0f,0f,0f,1f], start_interpolation: 0, interpolation_duration: 1 }
$data merge entity $(bone_bone3) { transformation: [-0.9918937920911102f,-0.12609538489802358f,-0.015705385017142436f,-0.7854563735794767f,0.008626317803564001f,-0.19013141101912828f,0.9817207511227557f,-0.8778969551203498f,-0.12677654298910862f,0.973627238963298f,0.18967790513508972f,-0.13386512215931692f,0f,0f,0f,1f], start_interpolation: 0, interpolation_duration: 1 }
$data merge entity $(bone_leg2) { transformation: [-0.9918937920911102f,0.002275894011853805f,0.12704930349106286f,-0.7980948087065215f,0.008626317803564001f,0.9987390439186984f,0.04945612998927609f,-0.18325531250000004f,-0.12677654298910862f,0.0501511959858493f,-0.990662690167001f,-0.06796622070550012f,0f,0f,0f,1f], start_interpolation: 0, interpolation_duration: 1 }
$data merge entity $(bone_hips) { transformation: [-0.992546151641322f,0f,0.12186934340514759f,0.022411875000000005f,0f,1f,0f,0.2134509375f,-0.12186934340514759f,0f,-0.992546151641322f,6.938893903907228e-18f,0f,0f,0f,1f], start_interpolation: 0, interpolation_duration: 1 }