# This file was generated by Animated Java via MC-Build. It is not recommended to edit this file directly.
$data merge entity $(bone_foot) { transformation: [-0.9979593608262728f,-0.021594954638680334f,0.06008970022699592f,0.7383065558713864f,-0.02194557241289367f,0.999745742158844f,-0.005181012133991858f,-2.0884671562303136f,-0.059962538227524474f,-0.006489142425272376f,-0.9981795354744042f,0.6734170989442724f,0f,0f,0f,1f], start_interpolation: 0, interpolation_duration: 1 }
$data merge entity $(bone_leg_low) { transformation: [-0.9977808731473667f,0.03698820629729396f,0.055364264432817924f,0.8232465922397868f,0.015867253519553894f,0.9396387315803252f,-0.3418000649208013f,-1.115627305330012f,-0.0646649785202498f,-0.3401630883988247f,-0.9381404552858539f,0.0734652704205424f,0f,0f,0f,1f], start_interpolation: 0, interpolation_duration: 1 }
$data merge entity $(bone_bone4) { transformation: [-0.9977808731473667f,-0.03022152188073201f,0.059329493479133966f,0.8010519744986418f,0.015867253519553894f,0.7574605625396326f,0.6526880774634156f,-0.7543087005032618f,-0.0646649785202498f,0.6521810759385431f,-0.7553001289160619f,0.5045873338774884f,0f,0f,0f,1f], start_interpolation: 0, interpolation_duration: 1 }
$data merge entity $(bone_leg) { transformation: [-0.9977808731473667f,0.05118563660626595f,0.04258356239782495f,0.8454962235673119f,0.015867253519553894f,0.80391916643885f,-0.5945268741596219f,-0.17476187500000007f,-0.0646649785202498f,-0.5925318594282302f,-0.8029473433018505f,0.1183495927239446f,0f,0f,0f,1f], start_interpolation: 0, interpolation_duration: 1 }
$data merge entity $(bone_foot2) { transformation: [-0.9933631987269357f,-0.01752842916065645f,0.11367633696662877f,-0.6491681569529661f,0.0059261168197689805f,0.9792073626855018f,0.20277529928949184f,-1.7262310390189985f,-0.11486703858996769f,0.20210317917752896f,-0.9726046824953635f,-1.1130275568512533f,0f,0f,0f,1f], start_interpolation: 0, interpolation_duration: 1 }
$data merge entity $(bone_leg_low2) { transformation: [-0.9937046464105598f,-0.059413655918106024f,0.09497943562955727f,-0.7237958430314546f,0.011579292418623335f,0.7887826632448263f,0.6145631213728036f,-0.6969454110695144f,-0.11143157402257367f,0.6117940238796422f,-0.7831290293789446f,-0.6144534034957472f,0f,0f,0f,1f], start_interpolation: 0, interpolation_duration: 1 }
$data merge entity $(bone_bone3) { transformation: [-0.9937046464105598f,-0.10931748929837191f,-0.024510451557746754f,-0.7845730173577421f,0.011579292418623335f,-0.31782842264236977f,0.9480775357257167f,-0.8716280963380396f,-0.11143157402257367f,0.9418252387222186f,0.31709339951611754f,-0.09061750561354574f,0f,0f,0f,1f], start_interpolation: 0, interpolation_duration: 1 }
$data merge entity $(bone_leg2) { transformation: [-0.9937046464105598f,0.010721089665097274f,0.11151741540430915f,-0.7908378906721382f,0.011579292418623335f,0.9999080985448908f,0.007050847567845425f,-0.17476187500000007f,-0.11143157402257367f,0.008297752752036178f,-0.9937374661398843f,-0.053636052992331054f,0f,0f,0f,1f], start_interpolation: 0, interpolation_duration: 1 }
$data merge entity $(bone_hips) { transformation: [-0.9945218953682733f,0f,0.1045284632676536f,0.03072999999999999f,0f,1f,0f,0.22194437499999997f,-0.1045284632676536f,0f,-0.9945218953682733f,6.938893903907228e-18f,0f,0f,0f,1f], start_interpolation: 0, interpolation_duration: 1 }