# This file was generated by Animated Java via MC-Build. It is not recommended to edit this file directly.
$data merge entity $(bone_foot) { transformation: [-0.9989279433118873f,-0.018560953579953104f,0.04240819582210353f,0.7357927664395123f,-0.018913231367621613f,0.9997897537122618f,-0.007920735522047528f,-2.100439792845328f,-0.04225226325201844f,-0.008714320064023173f,-0.9990689700295492f,0.5093076778553319f,0f,0f,0f,1f], start_interpolation: 0, interpolation_duration: 1 }
$data merge entity $(bone_leg_low) { transformation: [-0.9985042905791465f,0.042354295856107615f,0.03457304322111204f,0.8218856418640057f,0.03138777708697327f,0.9618396502560409f,-0.2718074587734407f,-1.086728800465218f,-0.044765937324868485f,-0.2703157428228525f,-0.9617304248268096f,-0.018472979762800823f,0f,0f,0f,1f], start_interpolation: 0, interpolation_duration: 1 }
$data merge entity $(bone_bone4) { transformation: [-0.9985042905791465f,-0.007806050315048071f,0.054113281858657526f,0.8107456242970531f,0.03138777708697327f,0.7285551397302045f,0.684267649258856f,-0.7680298950060699f,-0.044765937324868485f,0.6849426793178983f,-0.7272204183768802f,0.45346186182951526f,0f,0f,0f,1f], start_interpolation: 0, interpolation_duration: 1 }
$data merge entity $(bone_leg) { transformation: [-0.9985042905791465f,0.05064505706437912f,0.020597570001855997f,0.8555357409189591f,0.03138777708697327f,0.8394697653958078f,-0.5424991432581676f,-0.16555343750000007f,-0.044765937324868485f,-0.5410412102430397f,-0.8398037983208774f,0.10411193622266629f,0f,0f,0f,1f], start_interpolation: 0, interpolation_duration: 1 }
$data merge entity $(bone_foot2) { transformation: [-0.9949469620308786f,-0.016809916024329727f,0.09898469310343117f,-0.6695325227072217f,0.00778846793939724f,0.9699917020557657f,0.2430132459560908f,-1.6606910362124094f,-0.10009936319818645f,0.24255622990600234f,-0.9649593736635258f,-1.0216371651070912f,0f,0f,0f,1f], start_interpolation: 0, interpolation_duration: 1 }
$data merge entity $(bone_leg_low2) { transformation: [-0.9952585503310388f,-0.04614434822918487f,0.0856219429787887f,-0.7315274556018907f,0.01450978247452701f,0.8000104651611959f,0.5998105716350028f,-0.6221929921044477f,-0.09617631831953811f,0.5982089557663532f,-0.7955477113507575f,-0.5407496288719793f,0f,0f,0f,1f], start_interpolation: 0, interpolation_duration: 1 }
$data merge entity $(bone_bone3) { transformation: [-0.9952585503310388f,-0.09314624910650292f,-0.02800346889848688f,-0.78314594768856f,0.01450978247452701f,-0.4268726957545107f,0.9041953150906162f,-0.8634184824942467f,-0.09617631831953811f,0.8995017942709543f,0.4262002321653904f,-0.0429803541891064f,0f,0f,0f,1f], start_interpolation: 0, interpolation_duration: 1 }
$data merge entity $(bone_leg2) { transformation: [-0.9952585503310388f,0.018403611718370023f,0.09550772256042278f,-0.7835507150995492f,0.01450978247452701f,0.9990412068537387f,-0.04130536552031952f,-0.16555343750000007f,-0.09617631831953811f,-0.03972372192965766f,-0.9945713356570026f,-0.03928954721783641f,0f,0f,0f,1f], start_interpolation: 0, interpolation_duration: 1 }
$data merge entity $(bone_hips) { transformation: [-0.9961946980917455f,0f,0.0871557427476583f,0.038828125f,0f,1f,0f,0.23115281249999997f,-0.0871557427476583f,0f,-0.9961946980917455f,6.938893903907228e-18f,0f,0f,0f,1f], start_interpolation: 0, interpolation_duration: 1 }