# This file was generated by Animated Java via MC-Build. It is not recommended to edit this file directly.
$data merge entity $(bone_foot) { transformation: [-0.9992077457506607f,0.0056765257408925105f,-0.039391088933871804f,0.6499356561094214f,0.006033965533667431f,0.9999416425566038f,-0.008961179673471653f,-2.0462403665199957f,0.03933792180354376f,-0.009191764613757009f,-0.9991836865018683f,-0.5181766818518887f,0f,0f,0f,1f], start_interpolation: 0, interpolation_duration: 1 }
$data merge entity $(bone_leg_low) { transformation: [-0.9940758395591643f,0.09372979421000079f,-0.05502681966181175f,0.7724446357460351f,0.07887897869750843f,0.9704507483486529f,0.22804265335497648f,-0.906845523829015f,0.07477520929011602f,0.22235123275325192f,-0.9720949528563189f,-0.4995937815254012f,0f,0f,0f,1f], start_interpolation: 0, interpolation_duration: 1 }
$data merge entity $(bone_bone4) { transformation: [-0.9940758395591643f,0.10333166248750539f,0.033701524183795f,0.8226686903601536f,0.07887897869750843f,0.47255269854813203f,0.877765375151308f,-0.8313166550096713f,0.07477520929011602f,0.8752236940476684f,-0.47790391654931313f,0.08842034293334726f,0f,0f,0f,1f], start_interpolation: 0, interpolation_duration: 1 }
$data merge entity $(bone_leg) { transformation: [-0.9940758395591643f,0.06557095862114792f,-0.08668145470771907f,0.8813080545046166f,0.07887897869750843f,0.9839102529383625f,-0.1603082059110062f,-0.1410768750000001f,0.07477520929011602f,-0.1661958589985661f,-0.9832535809888252f,0.003804280731707254f,0f,0f,0f,1f], start_interpolation: 0, interpolation_duration: 1 }
$data merge entity $(bone_foot2) { transformation: [-0.9996826719366526f,0.021206186617902377f,-0.013596068502390108f,-0.7667118542903667f,0.02143027391124138f,0.9996332943185899f,-0.016553557015103595f,-1.613863242274669f,0.013240044927573063f,-0.016839671579036777f,-0.9997705370090808f,0.2245203630483696f,0f,0f,0f,1f], start_interpolation: 0, interpolation_duration: 1 }
$data merge entity $(bone_leg_low2) { transformation: [-0.9994524773080143f,0.02954553670574965f,-0.014893181783701696f,-0.7675841602271773f,0.03130983033267922f,0.9900762120789721f,-0.1369992291945205f,-0.534892632415102f,0.010697669251384805f,-0.1373905220025135f,-0.9904591886274087f,-0.16199748125972918f,0f,0f,0f,1f], start_interpolation: 0, interpolation_duration: 1 }
$data merge entity $(bone_bone3) { transformation: [-0.9994524773080143f,0.0003163659253193722f,0.033085427539544965f,-0.7698646731870501f,0.03130983033267922f,-0.314262071409326f,0.9488198169294622f,-0.7799134528436111f,0.010697669251384805f,0.9493362156718349f,0.31408010043055407f,0.34206521329540257f,0f,0f,0f,1f], start_interpolation: 0, interpolation_duration: 1 }
$data merge entity $(bone_leg2) { transformation: [-0.9994524773080143f,0.023285459291409048f,-0.0235060202599529f,-0.763037144254185f,0.03130983033267922f,0.8952986230355631f,-0.4443647939645573f,-0.1410768750000001f,0.010697669251384805f,-0.44485746366247786f,-0.89553749050298f,0.06122608038242532f,0f,0f,0f,1f], start_interpolation: 0, interpolation_duration: 1 }
$data merge entity $(bone_hips) { transformation: [-0.9993908270190958f,0f,-0.03489949670250088f,0.057999999999999996f,0f,1f,0f,0.25562937499999994f,0.03489949670250088f,0f,-0.9993908270190958f,6.938893903907228e-18f,0f,0f,0f,1f], start_interpolation: 0, interpolation_duration: 1 }