# This file was generated by Animated Java via MC-Build. It is not recommended to edit this file directly.
$data merge entity $(bone_foot) { transformation: [-0.9986553671197307f,0.008045592260781696f,-0.051212558695389446f,0.6437343509746567f,0.008534703959329627f,0.9999199667509089f,-0.009339107087289522f,-2.0450799067390104f,0.05113332134021866f,-0.009763633444292596f,-0.9986441082341013f,-0.6384675963954201f,0f,0f,0f,1f], start_interpolation: 0, interpolation_duration: 1 }
$data merge entity $(bone_leg_low) { transformation: [-0.9936274973357495f,0.09374708089979703f,-0.06257700345224107f,0.7644745498198245f,0.07145012535581556f,0.9532631452462783f,0.2935715509067783f,-0.909330579287283f,0.08717382706370716f,0.2872296306754228f,-0.9538867139954971f,-0.5432328789719374f,0f,0f,0f,1f], start_interpolation: 0, interpolation_duration: 1 }
$data merge entity $(bone_bone4) { transformation: [-0.9936274973357495f,0.10946916643660382f,0.026849546327079934f,0.8202155292033335f,0.07145012535581556f,0.4275027833379818f,0.9011860239844585f,-0.8420761355041149f,0.08717382706370716f,0.8973616170964489f,-0.43260010637667806f,0.03699209346012182f,0f,0f,0f,1f], start_interpolation: 0, interpolation_duration: 1 }
$data merge entity $(bone_leg) { transformation: [-0.9936274973357495f,0.06138292436554844f,-0.09453323825315749f,0.8761865545536647f,0.07145012535581556f,0.9916797804053031f,-0.10707984274329121f,-0.148076875f,0.08717382706370716f,-0.11315188788360135f,-0.9897461160032122f,-0.01056500546897831f,0f,0f,0f,1f], start_interpolation: 0, interpolation_duration: 1 }
$data merge entity $(bone_foot2) { transformation: [-0.9992701591173304f,0.021579275298617983f,-0.03151958082226698f,-0.765453309780838f,0.023722598021358014f,0.9973145322734355f,-0.06928897502009768f,-1.5961153514151207f,0.02993973013809619f,-0.06998613143905824f,-0.9970985678284032f,0.38540609461544456f,0f,0f,0f,1f], start_interpolation: 0, interpolation_duration: 1 }
$data merge entity $(bone_leg_low2) { transformation: [-0.9991163396731f,0.02472854423856038f,-0.033985863209104454f,-0.7762041068135209f,0.032739740110800296f,0.9649535572660772f,-0.26037039335727213f,-0.5742674786113803f,0.026356198809836976f,-0.2612530026992704f,-0.9649104722019091f,-0.13352138301181044f,0f,0f,0f,1f], start_interpolation: 0, interpolation_duration: 1 }
$data merge entity $(bone_bone3) { transformation: [-0.9991163396731f,0.019340600549497527f,0.037315961311631424f,-0.7686820488651749f,0.032739740110800296f,-0.1986143754664234f,0.9795307240079607f,-0.7691824753046136f,0.026356198809836976f,0.9798868664435029f,0.19780566158689428f,0.39375030134077654f,0f,0f,0f,1f], start_interpolation: 0, interpolation_duration: 1 }
$data merge entity $(bone_leg2) { transformation: [-0.9991163396731f,0.015303481134596654f,-0.03914515632092228f,-0.7669060538809365f,0.032739740110800296f,0.8674057482403886f,-0.49652328982335636f,-0.148076875f,0.026356198809836976f,-0.49736613413530134f,-0.8671402881884809f,0.07554582929545844f,0f,0f,0f,1f], start_interpolation: 0, interpolation_duration: 1 }
$data merge entity $(bone_hips) { transformation: [-0.9986295347545738f,0f,-0.052335956242943675f,0.05293750000000001f,0f,1f,0f,0.24862937500000004f,0.052335956242943675f,0f,-0.9986295347545738f,6.938893903907228e-18f,0f,0f,0f,1f], start_interpolation: 0, interpolation_duration: 1 }