# This file was generated by Animated Java via MC-Build. It is not recommended to edit this file directly.
$data merge entity $(bone_foot) { transformation: [-0.9978639400988658f,0.009485631021839976f,-0.06463420034690845f,0.6383372541317198f,0.01016068049048178f,0.9998971328264907f,-0.010123454812129062f,-2.043297205142142f,0.06453152425239261f,-0.010758557964726578f,-0.9978576731218649f,-0.7562896876500028f,0f,0f,0f,1f], start_interpolation: 0, interpolation_duration: 1 }
$data merge entity $(bone_leg_low) { transformation: [-0.9931836638752866f,0.09281941161624163f,-0.07050366400745524f,0.7561607102260725f,0.0617689586563775f,0.9320760469351366f,0.35695775447001543f,-0.916113039345115f,0.09884738518427363f,0.35016967252602543f,-0.9314560617040656f,-0.5855622106657852f,0f,0f,0f,1f], start_interpolation: 0, interpolation_duration: 1 }
$data merge entity $(bone_bone4) { transformation: [-0.9931836638752866f,0.11495867400187407f,0.01925391084928653f,0.8169612744281557f,0.0617689586563775f,0.3790076071801688f,0.9233297511973009f,-0.8523973520505026f,0.09884738518427363f,0.9182253192824155f,-0.3835250415174192f,-0.014475020444113723f,0f,0f,0f,1f], start_interpolation: 0, interpolation_duration: 1 }
$data merge entity $(bone_leg) { transformation: [-0.9931836638752866f,0.05601962797801579f,-0.10221551297364868f,0.8694392849657031f,0.0617689586563775f,0.9966299699543043f,-0.053974982495497016f,-0.15657687500000006f,0.09884738518427363f,-0.05992081666739191f,-0.9932968791716527f,-0.02493107346665261f,0f,0f,0f,1f], start_interpolation: 0, interpolation_duration: 1 }
$data merge entity $(bone_foot2) { transformation: [-0.9985816779750383f,0.020134943312142203f,-0.04928708218563676f,-0.7606740195254573f,0.025923671658917687f,0.9924616067838551f,-0.1197828130731976f,-1.579141097121095f,0.04650371662864724f,-0.1208906246068106f,-0.9915759482873197f,0.5310928589239623f,0f,0f,0f,1f], start_interpolation: 0, interpolation_duration: 1 }
$data merge entity $(bone_leg_low2) { transformation: [-0.9985363691281816f,0.015529768737602864f,-0.0518068124020807f,-0.7859104512223832f,0.033817483995845644f,0.9268202304709129f,-0.3739794622249115f,-0.6267217759933377f,0.04220778724949384f,-0.3751840703878563f,-0.925988885474713f,-0.10595889806655129f,0f,0f,0f,1f], start_interpolation: 0, interpolation_duration: 1 }
$data merge entity $(bone_bone3) { transformation: [-0.9985363691281816f,0.04009779849220993f,0.03629443599762831f,-0.7672160584731695f,0.033817483995845644f,-0.06081319605438534f,0.9975761289053791f,-0.7589293975993379f,0.04220778724949384f,0.9973434321946122f,0.05936818132444727f,0.4422328384458452f,0f,0f,0f,1f], start_interpolation: 0, interpolation_duration: 1 }
$data merge entity $(bone_leg2) { transformation: [-0.9985363691281816f,0.005342083907506498f,-0.05381990029564317f,-0.771900231219173f,0.033817483995845644f,0.838259873254568f,-0.5442212442264877f,-0.15657687500000006f,0.04220778724949384f,-0.5452447588292443f,-0.8372136260625126f,0.08984256621705938f,0f,0f,0f,1f], start_interpolation: 0, interpolation_duration: 1 }
$data merge entity $(bone_hips) { transformation: [-0.9975640502598242f,0f,-0.06975647374412518f,0.04650000000000001f,0f,1f,0f,0.24012937499999998f,0.06975647374412518f,0f,-0.9975640502598242f,6.938893903907228e-18f,0f,0f,0f,1f], start_interpolation: 0, interpolation_duration: 1 }