# This file was generated by Animated Java via MC-Build. It is not recommended to edit this file directly.
$data merge entity $(bone_foot) { transformation: [-0.9967558519402115f,0.00975280591940414f,-0.07989151644349711f,0.6328690743604849f,0.010652379758417523f,0.9998844878554728f,-0.010841482900471044f,-2.0401978587634746f,0.07977655312449637f,-0.011657346297386295f,-0.9967446051265476f,-0.868387256548531f,0f,0f,0f,1f], start_interpolation: 0, interpolation_duration: 1 }
$data merge entity $(bone_leg_low) { transformation: [-0.9926247584640677f,0.09165289199499085f,-0.07934630598273447f,0.7472891645105201f,0.05060997368137885f,0.9080611110852932f,0.41576874473499426f,-0.9257800129168835f,0.11015770262728487f,0.40868663536198147f,-0.9060024915133411f,-0.6264052537969761f,0f,0f,0f,1f], start_interpolation: 0, interpolation_duration: 1 }
$data merge entity $(bone_bone4) { transformation: [-0.9926247584640677f,0.12071143061744558f,0.011173155437959735f,0.8129434750234968f,0.05060997368137885f,0.3288858952744412f,0.9430125653741308f,-0.8615652047838092f,0.11015770262728487f,0.9366230930357307f,-0.3325694846856214f,-0.06430035428755358f,0f,0f,0f,1f], start_interpolation: 0, interpolation_duration: 1 }
$data merge entity $(bone_leg) { transformation: [-0.9926247584640677f,0.04993261709259862f,-0.11046638689861778f,0.8614413400995492f,0.05060997368137885f,0.9987129271796216f,-0.0033346136630793147f,-0.16582687500000004f,0.11015770262728487f,-0.008900721015501144f,-0.9938742665535127f,-0.0392895472178362f,0f,0f,0f,1f], start_interpolation: 0, interpolation_duration: 1 }
$data merge entity $(bone_foot2) { transformation: [-0.9976194484735179f,0.015734539107250426f,-0.06714060102856252f,-0.7515557759888952f,0.02799744437580094f,0.9821833632994228f,-0.18582783420752047f,-1.5608127751830485f,0.06302046600762436f,-0.18726522671578988f,-0.980285752078069f,0.6784114033889267f,0f,0f,0f,1f], start_interpolation: 0, interpolation_duration: 1 }
$data merge entity $(bone_leg_low2) { transformation: [-0.9977034975235524f,0.001299480813402018f,-0.06772032471043501f,-0.7964638710440468f,0.03450657323635139f,0.8700925678408296f,-0.4916789804248656f,-0.6996458208704919f,0.05828402382090203f,-0.4928866347729126f,-0.8681392387339012f,-0.07653834435956064f,0f,0f,0f,1f], start_interpolation: 0, interpolation_duration: 1 }
$data merge entity $(bone_bone3) { transformation: [-0.9977034975235524f,0.06174055384490684f,0.02785381554105855f,-0.7652594429953383f,0.03450657323635139f,0.10945059685234948f,0.9933931061025885f,-0.7491890738446203f,0.05828402382090203f,0.9920729161002171f,-0.1113296982285315f,0.48694943044570693f,0f,0f,0f,1f], start_interpolation: 0, interpolation_duration: 1 }
$data merge entity $(bone_leg2) { transformation: [-0.9977034975235524f,-0.006354358950820163f,-0.06743406521629323f,-0.7776451159189591f,0.03450657323635139f,0.8090197604824575f,-0.5867676912990281f,-0.16582687500000004f,0.05828402382090203f,-0.5877470963528711f,-0.8069425774465079f,0.1041119362226661f,0f,0f,0f,1f], start_interpolation: 0, interpolation_duration: 1 }
$data merge entity $(bone_hips) { transformation: [-0.9961946980917455f,0f,-0.08715574274765805f,0.0390625f,0f,1f,0f,0.230879375f,0.08715574274765805f,0f,-0.9961946980917455f,6.938893903907228e-18f,0f,0f,0f,1f], start_interpolation: 0, interpolation_duration: 1 }