# This file was generated by Animated Java via MC-Build. It is not recommended to edit this file directly.
$data merge entity $(bone_foot) { transformation: [-0.9952551886420237f,0.008791474700448436f,-0.09690108076652744f,0.6264715383230267f,0.009911101635658023f,0.9998895062405118f,-0.011079051153995101f,-2.035835273041176f,0.0967929726038898f,-0.011986879606326162f,-0.995232352353864f,-0.9712180378115647f,0f,0f,0f,1f], start_interpolation: 0, interpolation_duration: 1 }
$data merge entity $(bone_leg_low) { transformation: [-0.991839513522848f,0.09089584112299029f,-0.08939980694220806f,0.737655926854111f,0.03875203927561592f,0.8829744732723362f,0.46781872450920686f,-0.9369531657547737f,0.12146052390279358f,0.46053667130423415f,-0.8792913712287154f,-0.6651616249401502f,0f,0f,0f,1f], start_interpolation: 0, interpolation_duration: 1 }
$data merge entity $(bone_bone4) { transformation: [-0.991839513522848f,0.12745803675378092f,0.002971242439081638f,0.8081915953787377f,0.03875203927561592f,0.2791901992788063f,0.9594535486820825f,-0.8691902895692014f,0.12146052390279358f,0.9517390826763037f,-0.28185113027931363f,-0.11079127190272217f,0f,0f,0f,1f], start_interpolation: 0, interpolation_duration: 1 }
$data merge entity $(bone_leg) { transformation: [-0.991839513522848f,0.04359512842941532f,-0.11980752977998818f,0.8525678906721381f,0.03875203927561592f,0.9983462747310653f,0.04246169076456233f,-0.17507687500000002f,0.12146052390279358f,0.03747239661173249f,-0.9918886835857297f,-0.05363605299233083f,0f,0f,0f,1f], start_interpolation: 0, interpolation_duration: 1 }
$data merge entity $(bone_foot2) { transformation: [-0.996400845719446f,0.008164014430132791f,-0.08437240969628097f,-0.7378488786760729f,0.029778557694812427f,0.9656227162695388f,-0.25823634005665086f,-1.5389920451361654f,0.07936367022252205f,-0.2598193962979324f,-0.9623904037116061f,0.8218486762846366f,0f,0f,0f,1f], start_interpolation: 0, interpolation_duration: 1 }
$data merge entity $(bone_leg_low2) { transformation: [-0.9966059596594578f,-0.017265678150278817f,-0.0804888658713865f,-0.8065422825067087f,0.034770513834740197f,0.7979669441586006f,-0.6016974051779289f,-0.7845515528159578f,0.07461616807984181f,-0.6024538591362789f,-0.7946582756587166f,-0.03819500960856037f,0f,0f,0f,1f], start_interpolation: 0, interpolation_duration: 1 }
$data merge entity $(bone_bone3) { transformation: [-0.9966059596594578f,0.08154000303034188f,0.011304383090770621f,-0.762640710816476f,0.034770513834740197f,0.29248984298145847f,0.9556362818145563f,-0.7400742948110081f,0.07461616807984181f,0.9527858729318427f,-0.29433230845863173f,0.52744742360978f,0f,0f,0f,1f], start_interpolation: 0, interpolation_duration: 1 }
$data merge entity $(bone_leg2) { transformation: [-0.9966059596594578f,-0.019494363046319116f,-0.07997831569037554f,-0.783766223567312f,0.034770513834740197f,0.7809487543303741f,-0.6236265344559234f,-0.17507687500000002f,0.07461616807984181f,-0.6242908079727388f,-0.7776203537342792f,0.11834959272394438f,0f,0f,0f,1f], start_interpolation: 0, interpolation_duration: 1 }
$data merge entity $(bone_hips) { transformation: [-0.9945218953682733f,0f,-0.10452846326765333f,0.030999999999999993f,0f,1f,0f,0.22162937500000002f,0.10452846326765333f,0f,-0.9945218953682733f,6.938893903907228e-18f,0f,0f,0f,1f], start_interpolation: 0, interpolation_duration: 1 }