# This file was generated by Animated Java via MC-Build. It is not recommended to edit this file directly.
$data merge entity $(bone_foot) { transformation: [-0.9908853190285452f,0.004207379866472738f,-0.13464242454871916f,0.60815740750785f,0.005421491865373922f,0.999947874452422f,-0.008651924874665762f,-2.026577009116341f,0.13459900430408844f,-0.009303028149069248f,-0.9908564788644246f,-1.1335418808546236f,0f,0f,0f,1f], start_interpolation: 0, interpolation_duration: 1 }
$data merge entity $(bone_leg_low) { transformation: [-0.98923458909167f,0.09252806601710561f,-0.11337320999146579f,0.715458227424769f,0.016071317659989294f,0.8387391463210305f,0.5442962035301555f,-0.9586314776925183f,0.14545322441701514f,0.5366145743714039f,-0.8311968227074082f,-0.7316049980185262f,0f,0f,0f,1f], start_interpolation: 0, interpolation_duration: 1 }
$data merge entity $(bone_bone4) { transformation: [-0.98923458909167f,0.1458414243638944f,-0.012050173614737782f,0.7968024406364598f,0.016071317659989294f,0.1901182136582863f,0.9816296539856841f,-0.879544598448962f,0.14545322441701514f,0.9708683452327062f,-0.19041537682603465f,-0.1871173849744035f,0f,0f,0f,1f], start_interpolation: 0, interpolation_duration: 1 }
$data merge entity $(bone_leg) { transformation: [-0.98923458909167f,0.03182261149128045f,-0.1428364419275063f,0.8336955424566213f,0.016071317659989294f,0.9937902581956315f,0.11010284039992693f,-0.19057687499999998f,0.14545322441701514f,0.10662196824920787f,-0.983603129007507f,-0.08227568524943854f,0f,0f,0f,1f], start_interpolation: 0, interpolation_duration: 1 }
$data merge entity $(bone_foot2) { transformation: [-0.9933477520068079f,0.010425390278745936f,-0.11468022855120925f,-0.7203080755699992f,0.031077007207426156f,0.9832115264242348f,-0.17980354259456632f,-1.6953703377663203f,0.11088040045946505f,-0.18217136312840804f,-0.9769949494495285f,0.9337143159839558f,0f,0f,0f,1f], start_interpolation: 0, interpolation_duration: 1 }
$data merge entity $(bone_leg_low2) { transformation: [-0.9935549721384305f,-0.03929865494498803f,-0.10632089662205524f,-0.8196860239357366f,0.033876827564176225f,0.7921584343261956f,-0.6093745773168238f,-0.9492747692505865f,0.10817059625050632f,-0.6090489558692187f,-0.7857216373891105f,0.06939966966193845f,0f,0f,0f,1f], start_interpolation: 0, interpolation_duration: 1 }
$data merge entity $(bone_bone3) { transformation: [-0.9935549721384305f,0.10605748526539852f,-0.04000408926825813f,-0.7548544348967032f,0.033876827564176225f,0.6146235271331683f,0.7880928120777214f,-0.7243437352134432f,0.10817059625050632f,0.781658320312375f,-0.614255152516645f,0.5944388185257687f,0f,0f,0f,1f], start_interpolation: 0, interpolation_duration: 1 }
$data merge entity $(bone_leg2) { transformation: [-0.9935549721384305f,-0.04878583299532654f,-0.10231549168114815f,-0.7956395487771497f,0.033876827564176225f,0.7335842725930799f,-0.6787536191861292f,-0.19057687499999998f,0.10817059625050632f,-0.6778451574681597f,-0.7272035922654507f,0.14671242848245253f,0f,0f,0f,1f], start_interpolation: 0, interpolation_duration: 1 }
$data merge entity $(bone_hips) { transformation: [-0.9902680687415704f,0f,-0.13917310096006533f,0.01450000000000002f,0f,1f,0f,0.20612937500000006f,0.13917310096006533f,0f,-0.9902680687415704f,6.938893903907228e-18f,0f,0f,0f,1f], start_interpolation: 0, interpolation_duration: 1 }