# This file was generated by Animated Java via MC-Build. It is not recommended to edit this file directly.
$data merge entity $(bone_foot) { transformation: [-0.9987109799229288f,-0.020500606030854993f,0.04643386408378477f,0.7612628776349363f,-0.023626132534857427f,0.9974195073504277f,-0.0677947801698276f,-1.6969137801979035f,-0.044924207759615274f,-0.06880444396401716f,-0.9966181636153202f,0.4191028381403469f,0f,0f,0f,1f], start_interpolation: 0, interpolation_duration: 1 }
$data merge entity $(bone_leg_low) { transformation: [-0.9985352443424501f,-0.01666778101740581f,0.05147378829967232f,0.7851449059020865f,-0.03092948083491144f,0.9564378410519025f,-0.29029299581501833f,-0.6917027388827303f,-0.04439293886696985f,-0.29145984505576616f,-0.9555524191266652f,-0.1309469713959036f,0f,0f,0f,1f], start_interpolation: 0, interpolation_duration: 1 }
$data merge entity $(bone_bone4) { transformation: [-0.9985352443424501f,-0.03840429428914719f,-0.038111362952750104f,0.7629006659030277f,-0.03092948083491144f,-0.17278004467113633f,0.9844746941281542f,-0.764187577546508f,-0.04439293886696985f,0.9842114439202547f,0.17133913923899802f,0.4198968491545687f,0f,0f,0f,1f], start_interpolation: 0, interpolation_duration: 1 }
$data merge entity $(bone_leg) { transformation: [-0.9985352443424501f,-0.0033319290637363955f,0.054002444895374f,0.7689800502185319f,-0.03092948083491144f,0.8540890638879534f,-0.5192063541235626f,-0.15164468750000004f,-0.04439293886696985f,-0.5201161112633541f,-0.852941086935692f,0.08555622066710233f,0f,0f,0f,1f], start_interpolation: 0, interpolation_duration: 1 }
$data merge entity $(bone_foot2) { transformation: [-0.9995987016833152f,-0.002434966990185721f,0.028222447250147838f,-0.6742863594592378f,-0.002725238657347783f,0.999943741014856f,-0.010251237948420422f,-2.0270141062591094f,-0.02819589805789432f,-0.010324037048138668f,-0.9995491011409784f,-0.7285756166830276f,0f,0f,0f,1f], start_interpolation: 0, interpolation_duration: 1 }
$data merge entity $(bone_leg_low2) { transformation: [-0.996774966766322f,-0.07818522975157065f,0.018075825754078987f,-0.7881313607739027f,-0.06750816974971542f,0.9387677816826951f,0.3378723118155665f,-0.8969869355510105f,-0.04338562717123404f,0.3355623964678491f,-0.9410183661500519f,-0.5747826033044392f,0f,0f,0f,1f], start_interpolation: 0, interpolation_duration: 1 }
$data merge entity $(bone_bone3) { transformation: [-0.996774966766322f,-0.0653603254160141f,-0.046558495352732945f,-0.816653121573108f,-0.06750816974971542f,0.3692981227408545f,0.926855729634944f,-0.8468616713207087f,-0.04338562717123404f,0.9270096679116102f,-0.3725194799649613f,0.002503331216809769f,0f,0f,0f,1f], start_interpolation: 0, interpolation_duration: 1 }
$data merge entity $(bone_leg2) { transformation: [-0.996774966766322f,-0.06393595840574362f,0.048495967365717485f,-0.872937917516552f,-0.06750816974971542f,0.9948199139117889f,-0.07599990724720931f,-0.15164468750000004f,-0.04338562717123404f,-0.07902867901768212f,-0.9959277861610646f,-0.020621851386131637f,0f,0f,0f,1f], start_interpolation: 0, interpolation_duration: 1 }
$data merge entity $(bone_hips) { transformation: [-0.997915618272179f,0f,0.0645323082529581f,-0.04987937500000001f,0f,1f,0f,0.2450615625f,-0.0645323082529581f,0f,-0.997915618272179f,0f,0f,0f,0f,1f], start_interpolation: 0, interpolation_duration: 1 }