# This file was generated by Animated Java via MC-Build. It is not recommended to edit this file directly.
$data merge entity $(bone_foot) { transformation: [-0.9873838091684519f,-0.00011504057218887642f,-0.1583451930361791f,0.6063252179041342f,-0.002139353002370641f,0.9999181545175779f,0.012613779564136118f,-2.007738058026841f,0.15833078210104726f,0.012793397978180854f,-0.9873032423766483f,-1.1907009696847966f,0f,0f,0f,1f], start_interpolation: 0, interpolation_duration: 1 }
$data merge entity $(bone_leg_low) { transformation: [-0.9878363651129258f,0.08476715394073817f,-0.1303604440513671f,0.7008883093653298f,-0.0048207840607994885f,0.8212490451943188f,0.5705495296715781f,-0.9525970965997288f,0.15542225002077906f,0.5642380130585026f,-0.81085102751262f,-0.7533112634971405f,0f,0f,0f,1f], start_interpolation: 0, interpolation_duration: 1 }
$data merge entity $(bone_bone4) { transformation: [-0.9878363651129258f,0.15456508284426068f,-0.016998556580758325f,0.7863264132422106f,-0.0048207840607994885f,0.07882325823916661f,0.9968769502810269f,-0.883787194614362f,0.15542225002077906f,0.9848332494010895f,-0.07711935601760406f,-0.2081474684596423f,0f,0f,0f,1f], start_interpolation: 0, interpolation_duration: 1 }
$data merge entity $(bone_leg) { transformation: [-0.9878363651129258f,0.013494086967727355f,-0.15491037853349215f,0.8108223663087631f,-0.0048207840607994885f,0.9930909133857099f,0.11724844473073284f,-0.195326875f,0.15542225002077906f,0.11656906694163759f,-0.980946266026246f,-0.09656008782262772f,0f,0f,0f,1f], start_interpolation: 0, interpolation_duration: 1 }
$data merge entity $(bone_foot2) { transformation: [-0.9917808456254662f,0.029386653795956584f,-0.12452782351391073f,-0.7161130674036135f,0.029150713341442567f,0.9995681174510531f,0.0037167845031595426f,-1.9129678790778004f,0.12458326597950524f,0.00005616079126335993f,-0.9922091547067311f,0.929241215369759f,0f,0f,0f,1f], start_interpolation: 0, interpolation_duration: 1 }
$data merge entity $(bone_leg_low2) { transformation: [-0.9914557168610278f,-0.043604962294218626f,-0.12293969565158824f,-0.8241616211181055f,0.0243633079632208f,0.8639874078929264f,-0.5029236405534655f,-1.0615992348159946f,0.12814831535636603f,-0.5016217362373585f,-0.855542893726284f,0.16958910852414844f,0f,0f,0f,1f], start_interpolation: 0, interpolation_duration: 1 }
$data merge entity $(bone_bone3) { transformation: [-0.9914557168610278f,0.09285860340275592f,-0.09161245154276278f,-0.7559435036784877f,0.0243633079632208f,0.8217768178048712f,0.5692884075260876f,-0.7084397144464792f,0.12814831535636603f,0.5621922638142481f,-0.817017666748239f,0.6302358849561395f,0f,0f,0f,1f], start_interpolation: 0, interpolation_duration: 1 }
$data merge entity $(bone_leg2) { transformation: [-0.9914557168610278f,-0.07421089164076318f,-0.10727676852640687f,-0.8142681756685953f,0.0243633079632208f,0.7025782024608925f,-0.7111893549905752f,-0.195326875f,0.12814831535636603f,-0.7077263687250208f,-0.6947671525645275f,0.16082896814515335f,0f,0f,0f,1f], start_interpolation: 0, interpolation_duration: 1 }
$data merge entity $(bone_hips) { transformation: [-0.9876883405951378f,0f,-0.15643446504023076f,-0.006812500000000006f,0f,1f,0f,0.20137937500000003f,0.15643446504023076f,0f,-0.9876883405951378f,0f,0f,0f,0f,1f], start_interpolation: 0, interpolation_duration: 1 }