# This file was generated by Animated Java via MC-Build. It is not recommended to edit this file directly.
$data merge entity $(bone_foot) { transformation: [-0.9897276823854994f,-0.000337136107020769f,-0.14296503439328695f,0.6316628975086767f,-0.004131598541331523f,0.9996469984025498f,0.02624516104477026f,-1.985125724215011f,0.14290571931634385f,0.026566236542235333f,-0.9893796998436244f,-1.1411413246610125f,0f,0f,0f,1f], start_interpolation: 0, interpolation_duration: 1 }
$data merge entity $(bone_leg_low) { transformation: [-0.9903727374590127f,0.06912982851023403f,-0.11992876097120082f,0.7112203257396599f,-0.008699363465949348f,0.8335777116655335f,0.5523337031991982f,-0.920322923313572f,0.13815267631583944f,0.548059545509973f,-0.8249512546824646f,-0.7246800507919104f,0f,0f,0f,1f], start_interpolation: 0, interpolation_duration: 1 }
$data merge entity $(bone_bone4) { transformation: [-0.9903727374590127f,0.13803305206051647f,-0.010426765404502934f,0.7875781679271738f,-0.008699363465949348f,0.013111802304146838f,0.9998761931937495f,-0.8820678242543845f,0.13815267631583944f,0.9903408287954182f,-0.011784771850790562f,-0.17488599518341408f,0f,0f,0f,1f], start_interpolation: 0, interpolation_duration: 1 }
$data merge entity $(bone_leg) { transformation: [-0.9903727374590127f,0.003643153010943605f,-0.13837835211506402f,0.8046955424566211f,-0.008699363465949348f,0.9960395661478129f,0.08848448306547374f,-0.19057687499999998f,0.13815267631583944f,0.08883642329706692f,-0.9864187386310924f,-0.08227568524943853f,0f,0f,0f,1f], start_interpolation: 0, interpolation_duration: 1 }
$data merge entity $(bone_foot2) { transformation: [-0.9939529915449552f,0.026468015114614066f,-0.1065687326317005f,-0.7235691796852772f,0.025978180268384582f,0.9996446103864836f,0.0059822299520087f,-1.9367419134001536f,0.10668919696378645f,0.003177593609629048f,-0.9942873418434303f,0.8777190623718865f,0f,0f,0f,1f], start_interpolation: 0, interpolation_duration: 1 }
$data merge entity $(bone_leg_low2) { transformation: [-0.9932518023870032f,-0.04310114717602693f,-0.10767148260834908f,-0.8275191883625793f,0.014010403827276497f,0.8769897717733203f,-0.48030474574958787f,-1.0657931405841348f,0.11512847449508826f,-0.4785720753628342f,-0.8704678070114619f,0.14000840591285652f,0f,0f,0f,1f], start_interpolation: 0, interpolation_duration: 1 }
$data merge entity $(bone_bone3) { transformation: [-0.9932518023870032f,0.07600696400585154f,-0.08760021962063076f,-0.7685100658232504f,0.014010403827276497f,0.8284216974291644f,0.5599296382700052f,-0.7128740578501678f,0.11512847449508826f,0.5549238079693422f,-0.8238962323674255f,0.6061518051663459f,0f,0f,0f,1f], start_interpolation: 0, interpolation_duration: 1 }
$data merge entity $(bone_leg2) { transformation: [-0.9932518023870032f,-0.07033251234091678f,-0.09221819106219956f,-0.8246395487771498f,0.014010403827276497f,0.7165493101103588f,-0.6973957232195832f,-0.19057687499999998f,0.11512847449508826f,-0.6939815731618411f,-0.7107285068661945f,0.14671242848245253f,0f,0f,0f,1f], start_interpolation: 0, interpolation_duration: 1 }
$data merge entity $(bone_hips) { transformation: [-0.9902680687415704f,0f,-0.1391731009600653f,-0.014500000000000013f,0f,1f,0f,0.20612937500000006f,0.1391731009600653f,0f,-0.9902680687415704f,0f,0f,0f,0f,1f], start_interpolation: 0, interpolation_duration: 1 }