# This file was generated by Animated Java via MC-Build. It is not recommended to edit this file directly.
$data merge entity $(bone_foot) { transformation: [-0.9918434041163127f,-0.0007387028852112662f,-0.12746025274183276f,0.6558185390091977f,-0.0059450031378316575f,0.9991630324836923f,0.04047087169413688f,-1.9571201836641021f,0.12732367670097994f,0.040898518751166346f,-0.9910176549967737f,-1.063441374634916f,0f,0f,0f,1f], start_interpolation: 0, interpolation_duration: 1 }
$data merge entity $(bone_leg_low) { transformation: [-0.9924996438356621f,0.05341956456675937f,-0.10995820618572012f,0.7201676417237315f,-0.011776388463932343f,0.8535091641747229f,0.5209447411621627f,-0.8772507048146494f,0.12167897789195169f,0.5183323806123479f,-0.8464784519099738f,-0.6848710595596329f,0f,0f,0f,1f], start_interpolation: 0, interpolation_duration: 1 }
$data merge entity $(bone_bone4) { transformation: [-0.9924996438356621f,0.1221779063700802f,-0.004125067406409813f,0.7879029521619665f,-0.011776388463932343f,-0.06196872065215993f,0.9980086143593556f,-0.878392291066056f,0.12167897789195169f,0.990571772692801f,0.06294274766334439f,-0.1324845348998922f,0f,0f,0f,1f], start_interpolation: 0, interpolation_duration: 1 }
$data merge entity $(bone_leg) { transformation: [-0.9924996438356621f,-0.005959192174503388f,-0.12210219086777618f,0.7978191837065215f,-0.011776388463932343f,0.998826601784708f,0.04697591129460847f,-0.18357687500000008f,0.12167897789195169f,0.04806149806071071f,-0.9914052242868856f,-0.06796622070549996f,0f,0f,0f,1f], start_interpolation: 0, interpolation_duration: 1 }
$data merge entity $(bone_foot2) { transformation: [-0.9956903372898216f,0.022648583757816084f,-0.08993216266412093f,-0.7280820468891136f,0.02214179845902351f,0.9997328629967854f,0.006628982218320922f,-1.9693348185706794f,0.09005827551469493f,0.004609153720155024f,-0.9959258319339364f,0.7830870980171853f,0f,0f,0f,1f], start_interpolation: 0, interpolation_duration: 1 }
$data merge entity $(bone_leg_low2) { transformation: [-0.994622851319651f,-0.044434181910853084f,-0.09354671084907445f,-0.8302490114760543f,0.0008158986159988637f,0.8998893548079792f,-0.4361175110136344f,-1.0627253818987623f,0.10356021408927049f,-0.43384876694672353f,-0.8950142621637893f,0.08940444542201387f,0f,0f,0f,1f], start_interpolation: 0, interpolation_duration: 1 }
$data merge entity $(bone_bone3) { transformation: [-0.994622851319651f,0.06024525581677371f,-0.08423712236501565f,-0.779858389567953f,0.0008158986159988637f,0.817919846889888f,0.5753316073127486f,-0.7239321084011211f,0.10356021408927049f,0.5721692347681705f,-0.8135709242853943f,0.5707016647970548f,0f,0f,0f,1f], start_interpolation: 0, interpolation_duration: 1 }
$data merge entity $(bone_leg2) { transformation: [-0.994622851319651f,-0.0685915477100714f,-0.077592417255194f,-0.8352641455311486f,0.0008158986159988637f,0.7440129688997899f,-0.6681646776194988f,-0.18357687500000008f,0.10356021408927049f,-0.664635164350832f,-0.739956336797062f,0.13255119879280078f,0f,0f,0f,1f], start_interpolation: 0, interpolation_duration: 1 }
$data merge entity $(bone_hips) { transformation: [-0.992546151641322f,0f,-0.12186934340514738f,-0.022687499999999985f,0f,1f,0f,0.21312937499999995f,0.12186934340514738f,0f,-0.992546151641322f,0f,0f,0f,0f,1f], start_interpolation: 0, interpolation_duration: 1 }