# This file was generated by Animated Java via MC-Build. It is not recommended to edit this file directly.
$data merge entity $(bone_foot) { transformation: [-0.9937236887864982f,-0.00144507091396133f,-0.1118532168272692f,0.6780362539154627f,-0.007628079272655896f,0.9984643857575014f,0.054869689087017504f,-1.923834891472234f,0.11160216284268218f,0.055378535046979205f,-0.9922087356523758f,-0.960833736860584f,0f,0f,0f,1f], start_interpolation: 0, interpolation_duration: 1 }
$data merge entity $(bone_leg_low) { transformation: [-0.994282289999997f,0.03823638288643566f,-0.09970309331271275f,0.7278244418553654f,-0.01419250895531999f,0.8780906620368062f,0.47828376716476273f,-0.8263538220096578f,0.10583619646375608f,0.47696411633111946f,-0.8725273240710343f,-0.634289987356947f,0f,0f,0f,1f], start_interpolation: 0, interpolation_duration: 1 }
$data merge entity $(bone_bone4) { transformation: [-0.994282289999997f,0.10677877906919563f,0.001010016263991451f,0.7871760283840854f,-0.01419250895531999f,-0.1415179011109492f,0.9898339539310143f,-0.8723307793934426f,0.10583619646375608f,0.9841600357694087f,0.14222420157076537f,-0.08287464043935028f,0f,0f,0f,1f], start_interpolation: 0, interpolation_duration: 1 }
$data merge entity $(bone_leg) { transformation: [-0.994282289999997f,-0.014583582447266943f,-0.10578301808591671f,0.7905678906721381f,-0.01419250895531999f,0.9998893842539925f,-0.004448813968342497f,-0.17507687500000002f,0.10583619646375608f,-0.0029220505087224026f,-0.9943792843472301f,-0.05363605299233085f,0f,0f,0f,1f], start_interpolation: 0, interpolation_duration: 1 }
$data merge entity $(bone_foot2) { transformation: [-0.9969882851086932f,0.018721586027671253f,-0.07525863121686055f,-0.7288832620024224f,0.018326448258124177f,0.999814425730384f,0.005937625423056814f,-2.0034960422001653f,0.07535582691649802f,0.004540519577178215f,-0.9971463699135148f,0.6533682069830141f,0f,0f,0f,1f], start_interpolation: 0, interpolation_duration: 1 }
$data merge entity $(bone_leg_low2) { transformation: [-0.9955686843895649f,-0.04786760528513095f,-0.08094249209838839f,-0.8319668255699232f,-0.014184888516505161f,0.9273440530298912f,-0.3739408994050646f,-1.0519452764102044f,0.09296119405754791f,-0.3711356890334871f,-0.9239136954959775f,0.022892750780540427f,0f,0f,0f,1f], start_interpolation: 0, interpolation_duration: 1 }
$data merge entity $(bone_bone3) { transformation: [-0.9955686843895649f,0.04545086905312745f,-0.08232383108885437f,-0.7894877653114428f,-0.014184888516505161f,0.7928380975157705f,0.609267215649544f,-0.7390204741871275f,0.09296119405754791f,0.6077351146921569f,-0.7886800661672044f,0.5255715948183658f,0f,0f,0f,1f], start_interpolation: 0, interpolation_duration: 1 }
$data merge entity $(bone_leg2) { transformation: [-0.9955686843895649f,-0.06918104993282535f,-0.06369440315304545f,-0.845766223567312f,-0.014184888516505161f,0.7800620663850893f,-0.6255413347851593f,-0.17507687500000002f,0.09296119405754791f,-0.6218658656955022f,-0.7775866906539608f,0.11834959272394441f,0f,0f,0f,1f], start_interpolation: 0, interpolation_duration: 1 }
$data merge entity $(bone_hips) { transformation: [-0.9945218953682733f,0f,-0.10452846326765335f,-0.030999999999999993f,0f,1f,0f,0.22162937500000002f,0.10452846326765335f,0f,-0.9945218953682733f,0f,0f,0f,0f,1f], start_interpolation: 0, interpolation_duration: 1 }