# This file was generated by Animated Java via MC-Build. It is not recommended to edit this file directly.
$data merge entity $(bone_foot) { transformation: [-0.9953582444568159f,-0.002580394059871975f,-0.09620450487550655f,0.6977093190537362f,-0.00925728553851609f,0.9975722156330018f,0.06902157098706402f,-1.8857577380930948f,0.09579283823075696f,0.06959178229905971f,-0.9929656167159749f,-0.8377172012486109f,0f,0f,0f,1f], start_interpolation: 0, interpolation_duration: 1 }
$data merge entity $(bone_leg_low) { transformation: [-0.9957704832377251f,0.024089404188242715f,-0.08866140828095948f,0.7342744069685664f,-0.016088349215024257f,0.9043853326207595f,0.4264133383935987f,-0.7709243575116869f,0.09045612047862181f,0.4260362317295253f,-0.9001726609499221f,-0.5743089445174231f,0f,0f,0f,1f], start_interpolation: 0, interpolation_duration: 1 }
$data merge entity $(bone_bone4) { transformation: [-0.9957704832377251f,0.09177368023283311f,0.004328548143340157f,0.7853894342530972f,-0.016088349215024257f,-0.22056082741263122f,0.9752405274754485f,-0.86360905101934f,0.09045612047862181f,0.9710460921231172f,0.2211044487123221f,-0.028102768060131483f,0f,0f,0f,1f], start_interpolation: 0, interpolation_duration: 1 }
$data merge entity $(bone_leg) { transformation: [-0.9957704832377251f,-0.021675330408397017f,-0.0892822757561339f,0.7833163400995492f,-0.016088349215024257f,0.9978947104877773f,-0.06282763563950595f,-0.16582687500000004f,0.09045612047862181f,-0.061125500670357776f,-0.9940228183677452f,-0.03928954721783621f,0f,0f,0f,1f], start_interpolation: 0, interpolation_duration: 1 }
$data merge entity $(bone_foot2) { transformation: [-0.9978978180441214f,0.015161206390046113f,-0.06300859118866287f,-0.7260715204207117f,0.014927498590756053f,0.9998798487329663f,0.004178263223314271f,-2.032161731165405f,0.06306436813767813f,0.0032289190975851034f,-0.9980042382439347f,0.49755943349553455f,0f,0f,0f,1f], start_interpolation: 0, interpolation_duration: 1 }
$data merge entity $(bone_leg_low2) { transformation: [-0.9961112538467075f,-0.053191054501672774f,-0.07023590022873137f,-0.832624729313561f,-0.029952491442166412f,0.95415676341783f,-0.29780483387684953f,-1.0331321057789156f,0.08285661238758907f,-0.2945430062741451f,-0.952039494579212f,-0.05394813952746602f,0f,0f,0f,1f], start_interpolation: 0, interpolation_duration: 1 }
$data merge entity $(bone_bone3) { transformation: [-0.9961112538467075f,0.031763171976198885f,-0.08217950392859916f,-0.7971710472716474f,-0.029952491442166412f,0.7551081558663584f,0.6549156596085591f,-0.7555720458349969f,0.08285661238758907f,0.6548303397446682f,-0.7512203457931202f,0.4726172815679488f,0f,0f,0f,1f], start_interpolation: 0, interpolation_duration: 1 }
$data merge entity $(bone_leg2) { transformation: [-0.9961112538467075f,-0.07190568723849054f,-0.05091111963707545f,-0.8557701159189591f,-0.029952491442166412f,0.8198143113542927f,-0.5718455588313104f,-0.16582687500000004f,0.08285661238758907f,-0.5680968817388873f,-0.8187800160862536f,0.1041119362226661f,0f,0f,0f,1f], start_interpolation: 0, interpolation_duration: 1 }
$data merge entity $(bone_hips) { transformation: [-0.9961946980917455f,0f,-0.08715574274765805f,-0.03906250000000001f,0f,1f,0f,0.230879375f,0.08715574274765805f,0f,-0.9961946980917455f,0f,0f,0f,0f,1f], start_interpolation: 0, interpolation_duration: 1 }