# This file was generated by Animated Java via MC-Build. It is not recommended to edit this file directly.
$data merge entity $(bone_foot) { transformation: [-0.997862801293378f,-0.006405010702258383f,-0.06502926750960764f,0.727866111608313f,-0.01257449047220458f,0.9954062891681027f,0.0949115465786553f,-1.8010294418700603f,0.06412263238745422f,0.09552641164877793f,-0.9933594478803792f,-0.55489303761682f,0f,0f,0f,1f], start_interpolation: 0, interpolation_duration: 1 }
$data merge entity $(bone_leg_low) { transformation: [-0.9979956243373332f,0.00048164226010658645f,-0.06328113324103388f,0.7439917513098501f,-0.01888162655315025f,0.9521568842300385f,0.3050258218447291f,-0.6610717018910007f,0.06040047998355289f,0.30560928623665595f,-0.9502393099549599f,-0.4373741172975628f,0f,0f,0f,1f], start_interpolation: 0, interpolation_duration: 1 }
$data merge entity $(bone_bone4) { transformation: [-0.9979956243373332f,0.06315240548784612f,0.00406294039272851f,0.7791673295564596f,-0.01888162655315025f,-0.3584342177878378f,0.9333640210001284f,-0.8388635028477364f,0.06040047998355289f,0.9314164939488239f,0.3589082011013915f,0.08825208289852426f,0f,0f,0f,1f], start_interpolation: 0, interpolation_duration: 1 }
$data merge entity $(bone_leg) { transformation: [-0.9979956243373332f,-0.02987506356661728f,-0.055787224168502764f,0.7703115545536647f,-0.01888162655315025f,0.9819714506162655f,-0.18808390242999182f,-0.148076875f,0.06040047998355289f,-0.18665355810023526f,-0.9805673007327332f,-0.010565005468978317f,0f,0f,0f,1f], start_interpolation: 0, interpolation_duration: 1 }
$data merge entity $(bone_foot2) { transformation: [-0.9989155615922325f,0.00942307337963378f,-0.0455950271077569f,-0.7131949189091812f,0.009492612358651396f,0.9999540875453743f,-0.0013088590094223057f,-2.0551851676002704f,0.04558060025365428f,-0.0017402555502580574f,-0.9989591485096558f,0.14917700061781874f,0f,0f,0f,1f], start_interpolation: 0, interpolation_duration: 1 }
$data merge entity $(bone_leg_low2) { transformation: [-0.9962775983021052f,-0.06677363336853243f,-0.05451815301488217f,-0.831289846956697f,-0.05962698951762498f,0.9905422220314617f,-0.12357478907139419f,-0.9753122574244473f,0.06225407008745961f,-0.11986404072839896f,-0.9908365367192544f,-0.2162028943747824f,0f,0f,0f,1f], start_interpolation: 0, interpolation_duration: 1 }
$data merge entity $(bone_bone3) { transformation: [-0.9962775983021052f,0.00828912167881227f,-0.08580348234881342f,-0.8071131778715458f,-0.05962698951762498f,0.6525682891100374f,0.7553802023941742f,-0.7850971909516448f,0.06225407008745961f,0.7576845771888145f,-0.6496449124312088f,0.35289444393569797f,0f,0f,0f,1f], start_interpolation: 0, interpolation_duration: 1 }
$data merge entity $(bone_leg2) { transformation: [-0.9962775983021052f,-0.08103969137794718f,-0.029385634972829255f,-0.8727810538809364f,-0.05962698951762498f,0.8940369087612065f,-0.44400746378160283f,-0.148076875f,0.06225407008745961f,-0.4406025126960505f,-0.8955410970823574f,0.07554582929545844f,0f,0f,0f,1f], start_interpolation: 0, interpolation_duration: 1 }
$data merge entity $(bone_hips) { transformation: [-0.9986295347545738f,0f,-0.052335956242943675f,-0.05293750000000002f,0f,1f,0f,0.24862937500000004f,0.052335956242943675f,0f,-0.9986295347545738f,0f,0f,0f,0f,1f], start_interpolation: 0, interpolation_duration: 1 }