# This file was generated by Animated Java via MC-Build. It is not recommended to edit this file directly.
$data merge entity $(bone_foot) { transformation: [-0.9987310378351929f,-0.009064054296629051f,-0.04953944876910143f,0.7382346843066281f,-0.014272508198283363f,0.9942830910415206f,0.10581791142641758f,-1.7596826670107142f,0.048297096955910286f,0.10639068468915397f,-0.9931507502071397f,-0.4108431298020029f,0f,0f,0f,1f], start_interpolation: 0, interpolation_duration: 1 }
$data merge entity $(bone_leg_low) { transformation: [-0.9987683700755335f,-0.008485334711817814f,-0.048884987792680995f,0.7477123206427091f,-0.02006030153981866f,0.9702070001088191f,0.2414455657948133f,-0.6143915647837079f,0.04537981091624004f,0.2421288418067422f,-0.9691822825075436f,-0.36850110108249556f,0f,0f,0f,1f], start_interpolation: 0, interpolation_duration: 1 }
$data merge entity $(bone_bone4) { transformation: [-0.9987683700755335f,0.04961511721167146f,0.0002882372881028508f,0.7752802279342647f,-0.02006030153981866f,-0.4091201062052732f,0.9122600084409694f,-0.8243578781232249f,0.04537981091624004f,0.9111306595887652f,0.4096115158519695f,0.14542713709884422f,0f,0f,0f,1f], start_interpolation: 0, interpolation_duration: 1 }
$data merge entity $(bone_leg) { transformation: [-0.9987683700755335f,-0.03070324302501127f,-0.038975040787781697f,0.7653080545046166f,-0.02006030153981866f,0.9683536320019218f,-0.2487746524282931f,-0.1410768750000001f,0.04537981091624004f,-0.24768640305118403f,-0.9677768950046145f,0.00380428073170724f,0f,0f,0f,1f], start_interpolation: 0, interpolation_duration: 1 }
$data merge entity $(bone_foot2) { transformation: [-0.9992154266983257f,0.0069840018570532245f,-0.0389840321945238f,-0.7055415860973474f,0.007154525573883762f,0.9999654322490985f,-0.004236398315379773f,-2.0486531189207238f,0.03895309759050792f,-0.004511986805675196f,-0.9992308532882528f,-0.021160935777379097f,0f,0f,0f,1f], start_interpolation: 0, interpolation_duration: 1 }
$data merge entity $(bone_leg_low2) { transformation: [-0.9961480584594875f,-0.07320724080663604f,-0.048267437479866206f,-0.8293777556578643f,-0.0714627279391491f,0.9967593545395298f,-0.03693057883970041f,-0.9418063454364728f,0.05081460560595495f,-0.033339001656009115f,-0.9981514849088249f,-0.29158505630481174f,0f,0f,0f,1f], start_interpolation: 0, interpolation_duration: 1 }
$data merge entity $(bone_bone3) { transformation: [-0.9961480584594875f,-0.001818046805966405f,-0.0876683542289058f,-0.8100596427078017f,-0.0714627279391491f,0.5962059788029835f,0.7996446144100964f,-0.7960164659459505f,0.05081460560595495f,0.8028294498493362f,-0.5940393508108058f,0.2921495382847092f,0f,0f,0f,1f], start_interpolation: 0, interpolation_duration: 1 }
$data merge entity $(bone_leg2) { transformation: [-0.9961480584594875f,-0.0853556320848687f,-0.02008635603553125f,-0.879037144254185f,-0.0714627279391491f,0.9229924039291397f,-0.37812445147676305f,-0.1410768750000001f,0.05081460560595495f,-0.37523251239798017f,-0.9255368374606227f,0.06122608038242531f,0f,0f,0f,1f], start_interpolation: 0, interpolation_duration: 1 }
$data merge entity $(bone_hips) { transformation: [-0.9993908270190958f,0f,-0.03489949670250088f,-0.058f,0f,1f,0f,0.25562937499999994f,0.03489949670250088f,0f,-0.9993908270190958f,-6.938893903907228e-18f,0f,0f,0f,1f], start_interpolation: 0, interpolation_duration: 1 }