# This file was generated by Animated Java via MC-Build. It is not recommended to edit this file directly.
$data merge entity $(bone_foot) { transformation: [-0.9993473438185118f,-0.012096172572595019f,-0.03403775862155205f,0.7460110457439023f,-0.015933054848599876f,0.9932591876299802f,0.11481430203517277f,-1.7243154924069102f,0.03241950286596863f,0.11528169324626696f,-0.9928036598624106f,-0.27662773611348357f,0f,0f,0f,1f], start_interpolation: 0, interpolation_duration: 1 }
$data merge entity $(bone_leg_low) { transformation: [-0.9993193331693738f,-0.01548466877585031f,-0.03348276253268501f,0.7512767631124562f,-0.021281189220587214f,0.9833669022895781f,0.18037917414922738f,-0.5785825169861953f,0.0301327287061018f,0.18096894903353442f,-0.9830270892230909f,-0.3056553622848456f,0f,0f,0f,1f], start_interpolation: 0, interpolation_duration: 1 }
$data merge entity $(bone_bone4) { transformation: [-0.9993193331693738f,0.036444921302096756f,-0.005712973411625763f,0.7714308491468763f,-0.021281189220587214f,-0.4430369634085274f,0.8962507238708981f,-0.810270989429396f,0.0301327287061018f,0.8957622545994195f,0.4435109941091533f,0.19910349120665424f,0f,0f,0f,1f], start_interpolation: 0, interpolation_duration: 1 }
$data merge entity $(bone_leg) { transformation: [-0.9993193331693738f,-0.029434914066196756f,-0.022236370833244833f,0.7618037668466022f,-0.021281189220587214f,0.9523509167766242f,-0.30426114162028794f,-0.13632687500000007f,0.0301327287061018f,-0.30358082473805714f,-0.9523290930723924f,0.01817240811162912f,0f,0f,0f,1f], start_interpolation: 0, interpolation_duration: 1 }
$data merge entity $(bone_foot2) { transformation: [-0.9994785403807526f,0.004764783684033982f,-0.03193656454292604f,-0.698509300077213f,0.00497791709041619f,0.9999658463169744f,-0.006597464741706839f,-2.035194179748963f,0.03190403829926644f,-0.006753002000702071f,-0.9994681232056266f,-0.17444279685864428f,0f,0f,0f,1f], start_interpolation: 0, interpolation_duration: 1 }
$data merge entity $(bone_leg_low2) { transformation: [-0.9960770211977653f,-0.0782135790899205f,-0.04139086720197291f,-0.8263409493238396f,-0.0799272037984142f,0.9959362468105144f,0.04150463084949568f,-0.9110944862701751f,0.037976439205820334f,0.04465006534072369f,-0.9982806027016231f,-0.35783671823755736f,0f,0f,0f,1f], start_interpolation: 0, interpolation_duration: 1 }
$data merge entity $(bone_bone3) { transformation: [-0.9960770211977653f,-0.011667355489746466f,-0.0877179608612882f,-0.8122772221808716f,-0.0799272037984142f,0.5440341828174688f,0.83524753817003f,-0.8045009468815882f,0.037976439205820334f,0.8389819311177118f,-0.5428324873506024f,0.23538053585294536f,0f,0f,0f,1f], start_interpolation: 0, interpolation_duration: 1 }
$data merge entity $(bone_leg2) { transformation: [-0.9960770211977653f,-0.08784245473703421f,-0.010689760874720265f,-0.8832931387597283f,-0.0799272037984142f,0.9449401045038799f,-0.3173323825158146f,-0.13632687500000007f,0.037976439205820334f,-0.31523309160995233f,-0.9482541262864497f,0.046887681412197256f,0f,0f,0f,1f], start_interpolation: 0, interpolation_duration: 1 }
$data merge entity $(bone_hips) { transformation: [-0.9998476951563913f,0f,-0.01745240643728339f,-0.0613125f,0f,1f,0f,0.26037937499999997f,0.01745240643728339f,0f,-0.9998476951563913f,-6.938893903907228e-18f,0f,0f,0f,1f], start_interpolation: 0, interpolation_duration: 1 }