# This file was generated by Animated Java via MC-Build. It is not recommended to edit this file directly.
$data merge entity $(bone_foot) { transformation: [-0.997861793987619f,-0.018040972275236534f,0.06282008770429022f,0.7562992225185854f,-0.02565444002424078f,0.9921266714050634f,-0.12258269695903823f,-1.6945389124619545f,-0.060113973474169885f,-0.12393220407171374f,-0.9904681312324357f,0.5785963644563978f,0f,0f,0f,1f], start_interpolation: 0, interpolation_duration: 1 }
$data merge entity $(bone_leg_low) { transformation: [-0.9977185508614367f,-0.006955911271325596f,0.06715138543127909f,0.7947312732378912f,-0.03362845319260749f,0.9136993100127466f,-0.4049971580370693f,-0.764128323742131f,-0.05853905023851484f,-0.4063313748415396f,-0.9118486680456119f,-0.08956042530367941f,0f,0f,0f,1f], start_interpolation: 0, interpolation_duration: 1 }
$data merge entity $(bone_bone4) { transformation: [-0.9977185508614367f,-0.057537551608219835f,-0.035314634670150516f,0.7617843888783445f,-0.03362845319260749f,-0.03001533393397715f,0.9989835868845416f,-0.7529858941490036f,-0.05853905023851484f,0.9978920331798242f,0.028011956615155542f,0.46557353936049134f,0f,0f,0f,1f], start_interpolation: 0, interpolation_duration: 1 }
$data merge entity $(bone_leg) { transformation: [-0.9977185508614367f,0.005421459524723039f,0.06729265222575602f,0.7735245458573556f,-0.03362845319260749f,0.8243969864723739f,-0.5650121554720227f,-0.15962187500000002f,-0.05853905023851484f,-0.5659860567822235f,-0.8223338513798896f,0.0984077506341627f,0f,0f,0f,1f], start_interpolation: 0, interpolation_duration: 1 }
$data merge entity $(bone_foot2) { transformation: [-0.9990047892465259f,-0.003840850530162499f,0.044437359616757724f,-0.665659975974479f,-0.004333874223280704f,0.9999300646708422f,-0.011003785784083231f,-2.0279657239667914f,-0.04439198797892343f,-0.01118542062553568f,-0.9989515692808681f,-0.8506605940024194f,0f,0f,0f,1f], start_interpolation: 0, interpolation_duration: 1 }
$data merge entity $(bone_leg_low2) { transformation: [-0.9964044234918058f,-0.07827369661474233f,0.032426120092068765f,-0.7762201921561417f,-0.05856624703188976f,0.9128898486094431f,0.4039828201971313f,-0.9111460229534458f,-0.061222704567518514f,0.40063119289951865f,-0.9141916799672524f,-0.6181426896309958f,0f,0f,0f,1f], start_interpolation: 0, interpolation_duration: 1 }
$data merge entity $(bone_bone3) { transformation: [-0.9964044234918058f,-0.07719997921708288f,-0.034905415838290224f,-0.8143847059561078f,-0.05856624703188976f,0.3298938687244525f,0.9421995702008219f,-0.8553424893870616f,-0.061222704567518514f,0.9408560987669133f,-0.333229023133554f,-0.05039438311399916f,0f,0f,0f,1f], start_interpolation: 0, interpolation_duration: 1 }
$data merge entity $(bone_leg2) { transformation: [-0.9964044234918058f,-0.057345304307493926f,0.06236778751761929f,-0.8665230898634344f,-0.05856624703188976f,0.9981225582404881f,-0.017926333703882472f,-0.15962187500000002f,-0.061222704567518514f,-0.02151452545012805f,-0.9978922314759716f,-0.03354734901301469f,0f,0f,0f,1f], start_interpolation: 0, interpolation_duration: 1 }
$data merge entity $(bone_hips) { transformation: [-0.9967788784562471f,0f,0.08019892432885904f,-0.04389000000000002f,0f,1f,0f,0.237084375f,-0.08019892432885904f,0f,-0.9967788784562471f,0f,0f,0f,0f,1f], start_interpolation: 0, interpolation_duration: 1 }