# This file was generated by Animated Java via MC-Build. It is not recommended to edit this file directly.
$data merge entity $(bone_foot) { transformation: [-0.9997132274891055f,-0.01534920683235685f,-0.018381094443296962f,0.7521959720354839f,-0.01747128101878221f,0.9924388677306848f,0.1214901154703519f,-1.7003209034452453f,0.016377335646515064f,0.12177641671134129f,-0.9924224338506596f,-0.16079963832829317f,0f,0f,0f,1f], start_interpolation: 0, interpolation_duration: 1 }
$data merge entity $(bone_leg_low) { transformation: [-0.9996377126936978f,-0.020687352446962883f,-0.017218501945496394f,0.755459930181517f,-0.02268495313526614f,0.9918568451599856f,0.12532115388285908f,-0.557964974089579f,0.014485726138606344f,0.12566635252928932f,-0.9919667996360672f,-0.25346386589279735f,0f,0f,0f,1f], start_interpolation: 0, interpolation_duration: 1 }
$data merge entity $(bone_bone4) { transformation: [-0.9996377126936978f,0.023255590468109634f,-0.013550677934756353f,0.7681760706742407f,-0.02268495313526614f,-0.4569983838722617f,0.8891781992600764f,-0.7985235577562976f,0.014485726138606344f,0.8891634577793448f,0.4573603711386862f,0.2473376355478749f,0f,0f,0f,1f], start_interpolation: 0, interpolation_duration: 1 }
$data merge entity $(bone_leg) { transformation: [-0.9996377126936978f,-0.02633109166707888f,-0.005578258879956486f,0.76017375f,-0.02268495313526614f,0.9357644042075699f,-0.3518954002531186f,-0.13457687500000004f,0.014485726138606344f,-0.3516413704751926f,-0.9360227082227042f,0.0325350000000001f,0f,0f,0f,1f], start_interpolation: 0, interpolation_duration: 1 }
$data merge entity $(bone_foot2) { transformation: [-0.9997385036913897f,0.0029888679434060795f,-0.022671367522012733f,-0.6929506937309915f,0.003166029355140745f,0.9999647041676186f,-0.007782459578407591f,-2.0220727206638136f,0.02264730657327006f,-0.007852202709051737f,-0.9997126799323856f,-0.30080227724702097f,0f,0f,0f,1f], start_interpolation: 0, interpolation_duration: 1 }
$data merge entity $(bone_leg_low2) { transformation: [-0.9961946980304833f,-0.08101295388720813f,-0.032140705008186665f,-0.8217509694658189f,-0.08399862825958708f,0.9907960552823694f,0.10614804419961782f,-0.8886683750857373f,0.023245517126144668f,0.10844389396994847f,-0.9938307540995965f,-0.41206529995590746f,0f,0f,0f,1f], start_interpolation: 0, interpolation_duration: 1 }
$data merge entity $(bone_bone3) { transformation: [-0.9961946980304833f,-0.022219472041237146f,-0.08427584872407318f,-0.8142875103251519f,-0.08399862825958708f,0.5026693633124845f,0.8603881342961031f,-0.811635698294511f,0.023245517126144668f,0.8641931533223519f,-0.5026229597663718f,0.1861445626625836f,0f,0f,0f,1f], start_interpolation: 0, interpolation_duration: 1 }
$data merge entity $(bone_leg2) { transformation: [-0.9961946980304833f,-0.08715574344788284f,3.183738290890375e-8f,-0.88517375f,-0.08399862825958708f,0.960108609166262f,-0.2667127463308302f,-0.13457687500000004f,0.023245517126144668f,-0.26569782646621876f,-0.9637760688794182f,0.03253499999999989f,0f,0f,0f,1f], start_interpolation: 0, interpolation_duration: 1 }
$data merge entity $(bone_hips) { transformation: [-1f,0f,1.2246467991473532e-16f,-0.0625f,0f,1f,0f,0.262129375f,-1.2246467991473532e-16f,0f,-1f,-6.938893903907228e-18f,0f,0f,0f,1f], start_interpolation: 0, interpolation_duration: 1 }