# This file was generated by Animated Java via MC-Build. It is not recommended to edit this file directly.
$data merge entity $(bone_foot) { transformation: [-0.9954396999336674f,-0.004985177548190868f,0.09526254143567123f,0.730665377722194f,-0.029718119270711114f,0.9651429219913965f,-0.2600307164873427f,-1.6684903729619571f,-0.09064566830787756f,-0.2616759219621132f,-0.9608897307611814f,0.9185960181083243f,0f,0f,0f,1f], start_interpolation: 0, interpolation_duration: 1 }
$data merge entity $(bone_leg_low) { transformation: [-0.9955174633509108f,0.025420023163807263f,0.0910977638897864f,0.8109627210129788f,-0.037578872192277464f,0.7775937717015379f,-0.6276430152369521f,-0.9429073169734914f,-0.08679175380256035f,-0.6282529336448243f,-0.7731529233201847f,0.035048652456751594f,0f,0f,0f,1f], start_interpolation: 0, interpolation_duration: 1 }
$data merge entity $(bone_bone4) { transformation: [-0.9955174633509108f,-0.09429805646315646f,-0.007270262074996106f,0.7583342030654611f,-0.037578872192277464f,0.32383877665947436f,0.9453656832657148f,-0.7313323033519191f,-0.08679175380256035f,0.9414012551930055f,-0.3259307720865112f,0.5471002742290875f,0f,0f,0f,1f], start_interpolation: 0, interpolation_duration: 1 }
$data merge entity $(bone_leg) { transformation: [-0.9955174633509108f,0.027250004055862455f,0.09056719848997898f,0.7845101389762119f,-0.037578872192277464f,0.7647922830821114f,-0.6431800619599524f,-0.17693187500000007f,-0.08679175380256035f,-0.643700396937121f,-0.760340049224601f,0.12403480371656364f,0f,0f,0f,1f], start_interpolation: 0, interpolation_duration: 1 }
$data merge entity $(bone_foot2) { transformation: [-0.9964266593810359f,-0.004674346133431075f,0.0843330478695857f,-0.6410725569976017f,-0.0056331563909967075f,0.9999221370874063f,-0.01113495898639022f,-2.024987014376602f,-0.08427443280036673f,-0.011570231232732486f,-0.9963754060219461f,-1.0644810054931384f,0f,0f,0f,1f], start_interpolation: 0, interpolation_duration: 1 }
$data merge entity $(bone_leg_low2) { transformation: [-0.9944425623624409f,-0.0824657518314902f,0.06544761215575391f,-0.7485127466683089f,-0.03714080585317691f,0.8564764914971913f,0.5148481135764587f,-0.9447159310938552f,-0.09851167800113617f,0.5095561002358118f,-0.8547795212859699f,-0.6969958029426189f,0f,0f,0f,1f], start_interpolation: 0, interpolation_duration: 1 }
$data merge entity $(bone_bone3) { transformation: [-0.9944425623624409f,-0.10472258098247379f,-0.010824564397338782f,-0.8059757444117449f,-0.03714080585317691f,0.2527536976285498f,0.9668175261525166f,-0.8679892036664213f,-0.09851167800113617f,0.9618465310887517f,-0.25523851576503037f,-0.1458534477260975f,0f,0f,0f,1f], start_interpolation: 0, interpolation_duration: 1 }
$data merge entity $(bone_leg2) { transformation: [-0.9944425623624409f,-0.045039527092395636f,0.09516002922086708f,-0.8505834223948774f,-0.03714080585317691f,0.9958401100633888f,0.08320478189091197f,-0.17693187500000007f,-0.09851167800113617f,0.07920805633413167f,-0.9919785950861891f,-0.05937032521678364f,0f,0f,0f,1f], start_interpolation: 0, interpolation_duration: 1 }
$data merge entity $(bone_hips) { transformation: [-0.9937679191605964f,0f,0.11146893220632559f,-0.02940999999999999f,0f,1f,0f,0.21977437499999997f,-0.11146893220632559f,0f,-0.9937679191605964f,0f,0f,0f,0f,1f], start_interpolation: 0, interpolation_duration: 1 }