# This file was generated by Animated Java via MC-Build. It is not recommended to edit this file directly.
$data merge entity $(bone_foot) { transformation: [-0.9940100197062979f,-0.0031155858818201834f,0.10924455981008127f,0.7173772012273835f,-0.031047539435409315f,0.9664590952147825f,-0.25493698745303817f,-1.7123673611950418f,-0.10478612035232587f,-0.2568016947008662f,-0.960766755555307f,1.0300365663095095f,0f,0f,0f,1f], start_interpolation: 0, interpolation_duration: 1 }
$data merge entity $(bone_leg_low) { transformation: [-0.994163481378779f,0.03821616403292664f,0.10088853799830183f,0.8142831391168258f,-0.038198470649280745f,0.749885298989389f,-0.6604641664766153f,-1.0255498399456513f,-0.10089523840539943f,-0.6604631429279024f,-0.7440487804579179f,0.11764119502929332f,0f,0f,0f,1f], start_interpolation: 0, interpolation_duration: 1 }
$data merge entity $(bone_bone4) { transformation: [-0.994163481378779f,-0.10657198902395561f,0.01677448801913888f,0.7556452343575831f,-0.038198470649280745f,0.4931357348770654f,0.8691133549930714f,-0.7223011700437125f,-0.10089523840539943f,0.8633999989244467f,-0.494328425972433f,0.5806167413264671f,0f,0f,0f,1f], start_interpolation: 0, interpolation_duration: 1 }
$data merge entity $(bone_leg) { transformation: [-0.994163481378779f,0.039842468135020626f,0.10025741880647146f,0.7902695986488545f,-0.038198470649280745f,0.7391080009991774f,-0.6725029663124589f,-0.1848434375000001f,-0.10089523840539943f,-0.6724075702964015f,-0.7332722620386017f,0.13680400374002194f,0f,0f,0f,1f], start_interpolation: 0, interpolation_duration: 1 }
$data merge entity $(bone_foot2) { transformation: [-0.9942608974333953f,-0.0039182417835191274f,0.1069107815716707f,-0.6255015454480936f,-0.00503013907613031f,0.9999360124533345f,-0.010132556429603201f,-2.0223459189921873f,-0.10686423880706954f,-0.010612180749035083f,-0.9942169864189283f,-1.144774912443404f,0f,0f,0f,1f], start_interpolation: 0, interpolation_duration: 1 }
$data merge entity $(bone_leg_low2) { transformation: [-0.9927259830022582f,-0.08667452907985976f,0.0835622443510519f,-0.7333514302985484f,-0.026074819033558676f,0.8323722797818474f,0.5536031897154646f,-0.959657743833526f,-0.11753819159986906f,0.5473974003039785f,-0.8285776123308415f,-0.7292792728241047f,0f,0f,0f,1f], start_interpolation: 0, interpolation_duration: 1 }
$data merge entity $(bone_bone3) { transformation: [-0.9927259830022582f,-0.12039548100047479f,0.00022544814187581974f,-0.8002418266104483f,-0.026074819033558676f,0.21682837502902635f,0.9758614448755718f,-0.8725197655668766f,-0.11753819159986906f,0.9687571336186052f,-0.2183904521230181f,-0.18365468438216553f,0f,0f,0f,1f], start_interpolation: 0, interpolation_duration: 1 }
$data merge entity $(bone_leg2) { transformation: [-0.9927259830022582f,-0.0397427567333288f,0.11364697954383043f,-0.8417414427305444f,-0.026074819033558676f,0.9925136899732797f,0.11931755540569652f,-0.1848434375000001f,-0.11753819159986906f,0.11548631305423054f,-0.9863304137116389f,-0.07226143236068872f,0f,0f,0f,1f], start_interpolation: 0, interpolation_duration: 1 }
$data merge entity $(bone_hips) { transformation: [-0.9918944425900297f,0f,0.12706460860135058f,-0.021601875f,0f,1f,0f,0.21186281249999994f,-0.12706460860135058f,0f,-0.9918944425900297f,0f,0f,0f,0f,1f], start_interpolation: 0, interpolation_duration: 1 }