# This file was generated by Animated Java via MC-Build. It is not recommended to edit this file directly.
$data merge entity $(bone_foot) { transformation: [-0.9925199226704498f,-0.009061851340642815f,0.12174598947203383f,0.7072704426748161f,-0.031563941833844734f,0.9823817895346689f,-0.18420026375271853f,-1.8113083132294931f,-0.11793184759917122f,-0.1866652148659237f,-0.9753195255304307f,1.087751177555279f,0f,0f,0f,1f], start_interpolation: 0, interpolation_duration: 1 }
$data merge entity $(bone_leg_low) { transformation: [-0.9926596658486342f,0.044009942875094805f,0.11264951276152425f,0.8133914113569899f,-0.03749316854799643f,0.7735669154420444f,-0.6326045286319982f,-1.0914094325799477f,-0.11498282528060204f,-0.6321845871749895f,-0.7662386035882548f,0.20228049849671093f,0f,0f,0f,1f], start_interpolation: 0, interpolation_duration: 1 }
$data merge entity $(bone_bone4) { transformation: [-0.9926596658486342f,-0.11262597304457672f,0.0440701485479707f,0.7521991952638699f,-0.03749316854799643f,0.63301791524125f,0.7732286733533965f,-0.7156390190370266f,-0.11498282528060204f,0.765900587008121f,-0.6325940568098205f,0.6080299764327831f,0f,0f,0f,1f], start_interpolation: 0, interpolation_duration: 1 }
$data merge entity $(bone_leg) { transformation: [-0.9926596658486342f,0.053067151920457925f,0.10867688431460006f,0.7957524911836678f,-0.03749316854799643f,0.7192915090558422f,-0.6936958896464653f,-0.19131187500000002f,-0.11498282528060204f,-0.6926785707579096f,-0.7120220133558163f,0.14953944942259967f,0f,0f,0f,1f], start_interpolation: 0, interpolation_duration: 1 }
$data merge entity $(bone_foot2) { transformation: [-0.9915070353579052f,-0.0026092491661256004f,0.13002688435307047f,-0.6090089511506709f,-0.003697509002573831f,0.9999601248157526f,-0.008128788694550082f,-2.0208872227872563f,-0.13000048947197687f,-0.008540526755056232f,-0.9914771465544694f,-1.199724593695985f,0f,0f,0f,1f], start_interpolation: 0, interpolation_duration: 1 }
$data merge entity $(bone_leg_low2) { transformation: [-0.9905100358614349f,-0.09164108870716382f,0.10242938893864714f,-0.7179261642033359f,-0.015721443249331536f,0.8159183947574609f,0.5779532933711569f,-0.9706106059594435f,-0.1365382916252322f,0.5708581995180364f,-0.8096160886266335f,-0.7540448312291252f,0f,0f,0f,1f], start_interpolation: 0, interpolation_duration: 1 }
$data merge entity $(bone_bone3) { transformation: [-0.9905100358614349f,-0.13709018456180114f,0.009805618521552699f,-0.7941634969977219f,-0.015721443249331536f,0.18388929463202572f,0.9828212266439377f,-0.8765048114052014f,-0.1365382916252322f,0.973340129973355f,-0.18429944737713053f,-0.21182064305165865f,0f,0f,0f,1f], start_interpolation: 0, interpolation_duration: 1 }
$data merge entity $(bone_leg2) { transformation: [-0.9905100358614349f,-0.03472693106989183f,0.13298085996204825f,-0.8327733558998855f,-0.015721443249331536f,0.989829836195103f,0.1413850473003903f,-0.19131187500000002f,-0.1365382916252322f,0.13795265722863964f,-0.9809823440223685f,-0.08513471007742983f,0f,0f,0f,1f], start_interpolation: 0, interpolation_duration: 1 }
$data merge entity $(bone_hips) { transformation: [-0.989776230907789f,0f,0.14262893370551175f,-0.013870000000000021f,0f,1f,0f,0.20539437500000002f,-0.14262893370551175f,0f,-0.989776230907789f,0f,0f,0f,0f,1f], start_interpolation: 0, interpolation_duration: 1 }