# This file was generated by Animated Java via MC-Build. It is not recommended to edit this file directly.
$data merge entity $(bone_foot) { transformation: [-0.9909436354531479f,-0.019847209441462108f,0.13280361302421423f,0.6987461036495974f,-0.031454459739285394f,0.9958085779605401f,-0.08588301940847914f,-1.9245862424130016f,-0.13054243875999935f,-0.08928249737543359f,-0.9874144557099607f,1.1000702842726269f,0f,0f,0f,1f], start_interpolation: 0, interpolation_duration: 1 }
$data merge entity $(bone_leg_low) { transformation: [-0.9910144809163196f,0.0450248451620823f,0.12594864799706276f,0.8090805433737285f,-0.03514696539559166f,0.8208882662914492f,-0.5700062675870331f,-1.1369834274020376f,-0.12905421123558344f,-0.5693111781645868f,-0.8119296724342644f,0.2747930587147415f,0f,0f,0f,1f], start_interpolation: 0, interpolation_duration: 1 }
$data merge entity $(bone_bone4) { transformation: [-0.9910144809163196f,-0.11325226814482359f,0.07116334993668078f,0.7479583705578244f,-0.03514696539559166f,0.7338411284531843f,0.6784112978231115f,-0.7122301219753463f,-0.12905421123558344f,0.6698142443622785f,-0.731227658538537f,0.6284751912165166f,0f,0f,0f,1f], start_interpolation: 0, interpolation_duration: 1 }
$data merge entity $(bone_leg) { transformation: [-0.9910144809163196f,0.06649983504914929f,0.11605201658133066f,0.8006181214834229f,-0.03514696539559166f,0.7076872161170245f,-0.7056511141973895f,-0.1956265625f,-0.12905421123558344f,-0.7033893488552212f,-0.6989910117300433f,0.16223799848363915f,0f,0f,0f,1f], start_interpolation: 0, interpolation_duration: 1 }
$data merge entity $(bone_foot2) { transformation: [-0.9882859079072878f,-0.0011517563127724645f,0.15260942857262677f,-0.5933305915649265f,-0.0019151111853973042f,0.9999863799968344f,-0.00485511791562282f,-2.02175163822901f,-0.15260175811901788f,-0.005090508640894886f,-0.988274653191491f,-1.2234208214217865f,0f,0f,0f,1f], start_interpolation: 0, interpolation_duration: 1 }
$data merge entity $(bone_leg_low2) { transformation: [-0.9878428334699804f,-0.09638356582122651f,0.12197026113600726f,-0.7028917449946007f,-0.0067926511050701984f,0.8106096598249197f,0.5855474697148754f,-0.9753706024154412f,-0.15530742497693176f,0.5776003701852288f,-0.8014096431344718f,-0.7688248872386538f,0f,0f,0f,1f], start_interpolation: 0, interpolation_duration: 1 }
$data merge entity $(bone_bone3) { transformation: [-0.9878428334699804f,-0.15447695133371026f,0.01741860696620192f,-0.7885485051727147f,-0.0067926511050701984f,0.15483354173010877f,0.9879172203409937f,-0.8803360887517152f,-0.15530742497693176f,0.9757886276555765f,-0.15400051261304792f,-0.2281560789159275f,0f,0f,0f,1f], start_interpolation: 0, interpolation_duration: 1 }
$data merge entity $(bone_leg2) { transformation: [-0.9878428334699804f,-0.029345902517667905f,0.15266091303088697f,-0.8240207169196723f,-0.0067926511050701984f,0.9892309783152116f,0.1462051005693519f,-0.1956265625f,-0.15530742497693176f,0.14339068849459177f,-0.9774040690523453f,-0.09798698207835735f,0f,0f,0f,1f], start_interpolation: 0, interpolation_duration: 1 }
$data merge entity $(bone_hips) { transformation: [-0.9874138067509114f,0f,0.15815806725448364f,-0.006555625000000009f,0f,1f,0f,0.20107968750000005f,-0.15815806725448364f,0f,-0.9874138067509114f,0f,0f,0f,0f,1f], start_interpolation: 0, interpolation_duration: 1 }