# This file was generated by Animated Java via MC-Build. It is not recommended to edit this file directly.
execute unless entity @s[type=item_display,tag=aj.assembler.root] run return run function animated_java:global/errors/function_not_executed_as_root_entity {'export_namespace': 'assembler', 'function_path': 'animated_java:assembler/set_default_pose'}
execute on passengers if entity @s[tag=aj.assembler.bone.bone21] run data merge entity @s {transformation: [-0.3420201433256687f,0.9396926207859085f,1.2246467991473532e-16f,0.8107551792153866f,0.9396926207859085f,0.3420201433256687f,0f,1.1293635559775936f,-4.1885387376769924e-17f,1.1507915602278505e-16f,-1f,-1.375f,0f,0f,0f,1f], start_interpolation: -1}
execute on passengers if entity @s[tag=aj.assembler.bone.arm4] run data merge entity @s {transformation: [-0.766044443118978f,0.6427876096865395f,1.2246467991473532e-16f,0.4060955535822252f,0.6427876096865395f,0.766044443118978f,0f,1.4689132985987157f,-9.381338752702732e-17f,7.871877887341989e-17f,-1f,-1.375f,0f,0f,0f,1f], start_interpolation: -1}
execute on passengers if entity @s[tag=aj.assembler.bone.small_arm_base4] run data merge entity @s {transformation: [0.38268343236508984f,0.9238795325112868f,1.2246467991473532e-16f,0.4125000000000002f,0.9238795325112868f,-0.38268343236508984f,0f,1.484375f,4.686520405326299e-17f,1.1314261122877005e-16f,-1f,-1.28125f,0f,0f,0f,1f], start_interpolation: -1}
execute on passengers if entity @s[tag=aj.assembler.bone.bone25] run data merge entity @s {transformation: [-1f,0f,1.2246467991473532e-16f,2.6414183864572156e-16f,0f,1f,0f,0.4999999999999999f,-1.2246467991473532e-16f,0f,-1f,-1.71875f,0f,0f,0f,1f], start_interpolation: -1}
execute on passengers if entity @s[tag=aj.assembler.bone.bone16] run data merge entity @s {transformation: [-1f,4.440892098500626e-16f,1.2246467991473532e-16f,-0.5953872350290893f,4.440892098500626e-16f,1f,0f,1.2796216171518509f,-1.2246467991473535e-16f,3.697785493223493e-32f,-1f,-1.375f,0f,0f,0f,1f], start_interpolation: -1}
execute on passengers if entity @s[tag=aj.assembler.bone.arm3] run data merge entity @s {transformation: [-0.7071067811865478f,-0.7071067811865472f,1.2246467991473532e-16f,-0.9689132985987154f,-0.7071067811865472f,0.7071067811865478f,0f,0.906095553582225f,-8.659560562354937e-17f,-8.659560562354932e-17f,-1f,-1.375f,0f,0f,0f,1f], start_interpolation: -1}
execute on passengers if entity @s[tag=aj.assembler.bone.small_arm_base3] run data merge entity @s {transformation: [-0.9238795325112867f,0.38268343236509006f,1.2246467991473532e-16f,-0.9843749999999997f,0.38268343236509006f,0.9238795325112867f,0f,0.9125000000000001f,-1.1314261122877005e-16f,4.6865204053263017e-17f,-1f,-1.28125f,0f,0f,0f,1f], start_interpolation: -1}
execute on passengers if entity @s[tag=aj.assembler.bone.bone15] run data merge entity @s {transformation: [-2.220446049250313e-16f,-1f,1.2246467991473532e-16f,2.6414183864572156e-16f,-1f,2.220446049250313e-16f,0f,0.4999999999999999f,-2.719262146893782e-32f,-1.2246467991473532e-16f,-1f,-1.71875f,0f,0f,0f,1f], start_interpolation: -1}
execute on passengers if entity @s[tag=aj.assembler.bone.bone26] run data merge entity @s {transformation: [0.9990482215818577f,-0.04361938736533577f,1.2246467991473532e-16f,0.5953872350290901f,-0.04361938736533577f,-0.9990482215818577f,0f,-0.27962161715185097f,1.2234812067540777e-16f,-5.341834311772719e-18f,-1f,-1.375f,0f,0f,0f,1f], start_interpolation: -1}
execute on passengers if entity @s[tag=aj.assembler.bone.arm5] run data merge entity @s {transformation: [0.7071067811865475f,0.7071067811865477f,1.2246467991473532e-16f,0.9689132985987161f,0.7071067811865477f,-0.7071067811865475f,0f,0.09390444641777515f,8.659560562354933e-17f,8.659560562354933e-17f,-1f,-1.375f,0f,0f,0f,1f], start_interpolation: -1}
execute on passengers if entity @s[tag=aj.assembler.bone.small_arm_base5] run data merge entity @s {transformation: [0.923879532511287f,-0.3826834323650896f,1.2246467991473532e-16f,0.9843750000000003f,-0.3826834323650896f,-0.923879532511287f,0f,0.08750000000000013f,1.1314261122877005e-16f,-4.686520405326297e-17f,-1f,-1.28125f,0f,0f,0f,1f], start_interpolation: -1}
execute on passengers if entity @s[tag=aj.assembler.bone.bone20] run data merge entity @s {transformation: [-2.220446049250313e-16f,1f,1.2246467991473532e-16f,2.6414183864572156e-16f,1f,2.220446049250313e-16f,0f,0.4999999999999999f,-2.719262146893782e-32f,1.2246467991473532e-16f,-1f,-1.71875f,0f,0f,0f,1f], start_interpolation: -1}
execute on passengers if entity @s[tag=aj.assembler.bone.bone11] run data merge entity @s {transformation: [-0.17364817766693064f,0.9848077530122081f,1.2246467991473532e-16f,-0.8251809846702058f,0.9848077530122081f,0.17364817766693064f,0f,-0.14733773705611114f,-2.1265768495757738e-17f,1.2060416625018979e-16f,-1f,-1.375f,0f,0f,0f,1f], start_interpolation: -1}
execute on passengers if entity @s[tag=aj.assembler.bone.arm2] run data merge entity @s {transformation: [-0.7933533402912353f,0.6087614290087207f,1.2246467991473532e-16f,-0.4060955535822247f,0.6087614290087207f,0.7933533402912353f,0f,-0.4689132985987159f,-9.715776287805221e-17f,7.455177354798985e-17f,-1f,-1.375f,0f,0f,0f,1f], start_interpolation: -1}
execute on passengers if entity @s[tag=aj.assembler.bone.small_arm_base2] run data merge entity @s {transformation: [0.38268343236508984f,0.9238795325112868f,1.2246467991473532e-16f,-0.41249999999999976f,0.9238795325112868f,-0.38268343236508984f,0f,-0.4843750000000001f,4.686520405326299e-17f,1.1314261122877005e-16f,-1f,-1.28125f,0f,0f,0f,1f], start_interpolation: -1}
execute on passengers if entity @s[tag=aj.assembler.bone.bone2] run data merge entity @s {transformation: [-1f,0f,1.2246467991473532e-16f,2.6414183864572156e-16f,0f,1f,0f,0.4999999999999999f,-1.2246467991473532e-16f,0f,-1f,-1.71875f,0f,0f,0f,1f], start_interpolation: -1}
execute on passengers if entity @s[tag=aj.assembler.bone.ring] run data merge entity @s {transformation: [-1.799249166666667f,0f,2.2034447328268763e-16f,2.220446049250313e-16f,0f,1.799249166666667f,0f,0.4999999999999999f,-2.2034447328268763e-16f,0f,-1.799249166666667f,-1.375f,0f,0f,0f,1f], start_interpolation: -1}
execute on passengers if entity @s[tag=aj.assembler.bone.wheel] run data merge entity @s {transformation: [-1f,0f,1.2246467991473532e-16f,1.0625000000000002f,0f,1f,0f,-0.625f,-1.2246467991473532e-16f,0f,-1f,-1.4999999999999998f,0f,0f,0f,1f], start_interpolation: -1}
execute on passengers if entity @s[tag=aj.assembler.bone.wheel2] run data merge entity @s {transformation: [-1f,0f,1.2246467991473532e-16f,1.0625000000000002f,0f,1f,0f,-0.625f,-1.2246467991473532e-16f,0f,-1f,-1.2499999999999998f,0f,0f,0f,1f], start_interpolation: -1}
execute on passengers if entity @s[tag=aj.assembler.bone.rails] run data merge entity @s {transformation: [-1.1373008333333334f,0f,1.3927918252092842e-16f,-0.43749999999999983f,0f,1.1373008333333334f,0f,-1f,-1.3927918252092842e-16f,0f,-1.1373008333333334f,-0.9375f,0f,0f,0f,1f], start_interpolation: -1}
execute on passengers if entity @s[tag=aj.assembler.bone.wheel3] run data merge entity @s {transformation: [-1f,0f,1.2246467991473532e-16f,-1.0625f,0f,1f,0f,-0.625f,-1.2246467991473532e-16f,0f,-1f,-1.25f,0f,0f,0f,1f], start_interpolation: -1}
execute on passengers if entity @s[tag=aj.assembler.bone.wheel4] run data merge entity @s {transformation: [-1f,0f,1.2246467991473532e-16f,-1.0625f,0f,1f,0f,-0.625f,-1.2246467991473532e-16f,0f,-1f,-1.5f,0f,0f,0f,1f], start_interpolation: -1}
execute on passengers if entity @s[tag=aj.assembler.bone.rails2] run data merge entity @s {transformation: [-1.2038220833333333f,0f,1.4742568610970649e-16f,0.4375000000000001f,0f,1.2038220833333333f,0f,-1f,-1.4742568610970649e-16f,0f,-1.2038220833333333f,-0.9374999999999999f,0f,0f,0f,1f], start_interpolation: -1}
execute on passengers if entity @s[tag=aj.assembler.bone.bone6] run data merge entity @s {transformation: [-1f,0f,1.2246467991473532e-16f,0.7656250000000001f,0f,1f,0f,0.62365625f,-1.2246467991473532e-16f,0f,-1f,-0.34816249999999993f,0f,0f,0f,1f], start_interpolation: -1}
execute on passengers if entity @s[tag=aj.assembler.bone.bone5] run data merge entity @s {transformation: [-1f,0f,1.2246467991473532e-16f,0.7656250000000001f,0f,1f,0f,0.62707125f,-1.2246467991473532e-16f,0f,-1f,-0.48031437499999996f,0f,0f,0f,1f], start_interpolation: -1}
execute on passengers if entity @s[tag=aj.assembler.bone.bone4] run data merge entity @s {transformation: [-1f,0f,1.2246467991473532e-16f,0.953125f,0f,1f,0f,0.140625f,-1.2246467991473532e-16f,0f,-1f,0.1406250000000001f,0f,0f,0f,1f], start_interpolation: -1}
execute on passengers if entity @s[tag=aj.assembler.bone.bone3] run data merge entity @s {transformation: [-1f,0f,1.2246467991473532e-16f,0.890625f,0f,1f,0f,-0.234375f,-1.2246467991473532e-16f,0f,-1f,-0.2343749999999999f,0f,0f,0f,1f], start_interpolation: -1}
execute on passengers if entity @s[tag=aj.assembler.bone.octagon] run data merge entity @s {transformation: [-1f,0f,1.2246467991473532e-16f,0.859375f,0f,1f,0f,-0.40625f,-1.2246467991473532e-16f,0f,-1f,-0.1718749999999999f,0f,0f,0f,1f], start_interpolation: -1}
execute on passengers if entity @s[tag=aj.assembler.bone.machine_arm_root] run data merge entity @s {transformation: [-1f,0f,1.2246467991473532e-16f,0.858915f,0f,1f,0f,-0.297335f,-1.2246467991473532e-16f,0f,-1f,-0.06249999999999989f,0f,0f,0f,1f], start_interpolation: -1}
execute on passengers if entity @s[tag=aj.assembler.bone.bone10] run data merge entity @s {transformation: [-1f,0f,1.2246467991473532e-16f,-0.7656249999999999f,0f,1f,0f,0.62365625f,-1.2246467991473532e-16f,0f,-1f,-0.34816250000000004f,0f,0f,0f,1f], start_interpolation: -1}
execute on passengers if entity @s[tag=aj.assembler.bone.bone9] run data merge entity @s {transformation: [-1f,0f,1.2246467991473532e-16f,-0.7656249999999999f,0f,1f,0f,0.62707125f,-1.2246467991473532e-16f,0f,-1f,-0.48031437500000007f,0f,0f,0f,1f], start_interpolation: -1}
execute on passengers if entity @s[tag=aj.assembler.bone.bone8] run data merge entity @s {transformation: [-1f,0f,1.2246467991473532e-16f,-0.953125f,0f,1f,0f,0.140625f,-1.2246467991473532e-16f,0f,-1f,0.140625f,0f,0f,0f,1f], start_interpolation: -1}
execute on passengers if entity @s[tag=aj.assembler.bone.bone7] run data merge entity @s {transformation: [-1f,0f,1.2246467991473532e-16f,-0.890625f,0f,1f,0f,-0.234375f,-1.2246467991473532e-16f,0f,-1f,-0.234375f,0f,0f,0f,1f], start_interpolation: -1}
execute on passengers if entity @s[tag=aj.assembler.bone.octagon2] run data merge entity @s {transformation: [-1f,0f,1.2246467991473532e-16f,-0.859375f,0f,1f,0f,-0.40625f,-1.2246467991473532e-16f,0f,-1f,-0.171875f,0f,0f,0f,1f], start_interpolation: -1}
execute on passengers if entity @s[tag=aj.assembler.bone.machine_arm_root2] run data merge entity @s {transformation: [-1f,0f,1.2246467991473532e-16f,-0.858915f,0f,1f,0f,-0.297335f,-1.2246467991473532e-16f,0f,-1f,-0.0625f,0f,0f,0f,1f], start_interpolation: -1}
execute on passengers if entity @s[tag=aj.assembler.bone.base] run data merge entity @s {transformation: [-2.2905141666666666f,0f,2.8050708426100006e-16f,0.5000000000000001f,0f,2.2905141666666666f,0f,-0.71442375f,-2.8050708426100006e-16f,0f,-2.2905141666666666f,-0.8749999999999999f,0f,0f,0f,1f], start_interpolation: -1}