execute if entity @s[tag=aj.mech_legs.bone.foot] run data modify entity @s {} merge value {transformation:[-0.9979004163254285f,0.004274020127011297f,-0.0646257831634578f,0.648422171714273f,-0.011612275128915835f,0.9698443914740229f,0.2434481698282251f,-1.6703182860420391f,0.0637174557234258f,0.2436874823997652f,-0.9677584909251881f,-0.6983560863880349f,0f,0f,0f,1f],start_interpolation:0}
execute if entity @s[tag=aj.mech_legs.bone.leg_low] run data modify entity @s {} merge value {transformation:[-0.9980077622353342f,0.01527547480086072f,-0.061214102849170685f,0.6816229203482583f,-0.014324225795841866f,0.8900487756537285f,0.4556402018178908f,-0.5647458745386198f,0.06144365771477408f,0.45560930283183065f,-0.8880567775202904f,-0.3980533474068365f,0f,0f,0f,1f],start_interpolation:0}
execute if entity @s[tag=aj.mech_legs.bone.bone4] run data modify entity @s {} merge value {transformation:[-0.9980077622353342f,0.060041842897939054f,0.019377399707901553f,0.7152678416847618f,-0.014324225795841866f,-0.5147480077599524f,0.8572218528843684f,-0.8378643643025239f,0.06144365771477408f,0.8552364968876031f,0.514582560254475f,0.0847577813664598f,0f,0f,0f,1f],start_interpolation:0}
execute if entity @s[tag=aj.mech_legs.bone.leg] run data modify entity @s {} merge value {transformation:[-0.9980077622353342f,-0.02501963737982001f,-0.057918255009995694f,0.7098659586315038f,-0.014324225795841866f,0.9838904575869782f,-0.1781975982572054f,-0.14610812499999998f,0.06144365771477408f,-0.17701295210992032f,-0.9822887007962378f,-0.007294008203794361f,0f,0f,0f,1f],start_interpolation:0}
execute if entity @s[tag=aj.mech_legs.bone.foot2] run data modify entity @s {} merge value {transformation:[-0.9987868110264365f,0.00844983916200781f,-0.04851295020690559f,-0.648629798135934f,0.008948975480528117f,0.9999091429636742f,-0.010080756692812762f,-2.0621577683758625f,0.048423361691340774f,-0.010502668031837387f,-0.9987716816203404f,0.10952284081936303f,0f,0f,0f,1f],start_interpolation:0}
execute if entity @s[tag=aj.mech_legs.bone.leg_low2] run data modify entity @s {} merge value {transformation:[-0.9961582009273633f,-0.06633143648213755f,-0.05717498805749718f,-0.7668496512967505f,-0.06059675351599691f,0.9934590701139727f,-0.0967838285644988f,-0.9727471272231312f,0.06322082084630277f,-0.09294738588307311f,-0.9936618696865764f,-0.22630881803486602f,0f,0f,0f,1f],start_interpolation:0}
execute if entity @s[tag=aj.mech_legs.bone.bone3] run data modify entity @s {} merge value {transformation:[-0.9961582009273633f,0.014384508363794225f,-0.08638243249811113f,-0.7425410557890606f,-0.06059675351599691f,0.5988993467646304f,0.7985284001888853f,-0.7908855824073904f,0.06322082084630277f,0.8006951094917659f,-0.5957268413018576f,0.331030132987468f,0f,0f,0f,1f],start_interpolation:0}
execute if entity @s[tag=aj.mech_legs.bone.leg2] run data modify entity @s {} merge value {transformation:[-0.9961582009273633f,-0.08144325194692364f,-0.03218439742279966f,-0.8083979579587756f,-0.06059675351599691f,0.9063902505228281f,-0.41807265782455394f,-0.14610812499999998f,0.06322082084630277f,-0.4145162366777385f,-0.9078432779626916f,0.07227483203027449f,0f,0f,0f,1f],start_interpolation:0}
execute if entity @s[tag=aj.mech_legs.bone.hips] run data modify entity @s {} merge value {transformation:[-0.9986295347545738f,0f,-0.0523359562429437f,-0.050968750000000014f,0f,1f,0f,0.250598125f,0.0523359562429437f,0f,-0.9986295347545738f,0f,0f,0f,0f,1f],start_interpolation:0}