execute if entity @s[tag=aj.mech_legs.bone.foot] run data modify entity @s {} merge value {transformation:[-0.9978034036931639f,-0.0072068433842107085f,-0.06585156783837953f,0.7369259326239341f,-0.013391370125386966f,0.9954855726517761f,0.09396353467346191f,-1.827039968153809f,0.06487710524138801f,0.09463897743848168f,-0.9933954022265739f,-0.49476887636646266f,0f,0f,0f,1f],start_interpolation:0}
execute if entity @s[tag=aj.mech_legs.bone.leg_low] run data modify entity @s {} merge value {transformation:[-0.9979107455903491f,-0.002287335658004326f,-0.06456711183645523f,0.7496417755998566f,-0.01948207447946036f,0.9635077946437951f,0.2669703699563447f,-0.6832796413873861f,0.061600264685230485f,0.2676705022153887f,-0.961539343778751f,-0.42248468667375977f,0f,0f,0f,1f],start_interpolation:0}
execute if entity @s[tag=aj.mech_legs.bone.bone4] run data modify entity @s {} merge value {transformation:[-0.9979107455903491f,0.06459306198937335f,0.0013711958834046675f,0.785556168187439f,-0.01948207447946036f,-0.32108230926273273f,0.946850885542432f,-0.8400133485059211f,0.061600264685230485f,0.944845959414204f,0.321669893476778f,0.10975102199576021f,0f,0f,0f,1f],start_interpolation:0}
execute if entity @s[tag=aj.mech_legs.bone.leg] run data modify entity @s {} merge value {transformation:[-0.9979107455903491f,-0.03245277649220205f,-0.055865563035387665f,0.7749053045536647f,-0.01948207447946036f,0.9755916694382533f,-0.21872664057370514f,-0.15267062500000006f,0.061600264685230485f,-0.21718128791548597f,-0.9741856576495469f,-0.010565005468978317f,0f,0f,0f,1f],start_interpolation:0}
execute if entity @s[tag=aj.mech_legs.bone.foot2] run data modify entity @s {} merge value {transformation:[-0.9988111709695882f,0.009911852702571116f,-0.047728397441802045f,-0.7233868753493476f,0.009963646329830527f,0.9999500025990241f,-0.0008473806852004745f,-2.0728570137514097f,0.04771761203344251f,-0.001321922166441697f,-0.9988599912017758f,0.09189382103838611f,0f,0f,0f,1f],start_interpolation:0}
execute if entity @s[tag=aj.mech_legs.bone.leg_low2] run data modify entity @s {} merge value {transformation:[-0.9967317563901528f,-0.05842794576028235f,-0.05578513204819578f,-0.8324350719904218f,-0.05345518220884986f,0.9947892310254889f,-0.086815490154322f,-0.9793940432717938f,0.06056689936276909f,-0.08354975158520822f,-0.9946612939647497f,-0.23371576854118642f,0f,0f,0f,1f],start_interpolation:0}
execute if entity @s[tag=aj.mech_legs.bone.bone3] run data modify entity @s {} merge value {transformation:[-0.9967317563901528f,0.013353087900261431f,-0.07967120462832872f,-0.8076506923140148f,-0.05345518220884986f,0.630417002180218f,0.7744139376697231f,-0.7979852422122526f,0.06056689936276909f,0.7761418030267633f,-0.6276428540945441f,0.3342614461216901f,0f,0f,0f,1f],start_interpolation:0}
execute if entity @s[tag=aj.mech_legs.bone.leg2] run data modify entity @s {} merge value {transformation:[-0.9967317563901528f,-0.07383027292359175f,-0.03278561580066923f,-0.8681873038809365f,-0.05345518220884986f,0.9070811295283377f,-0.4175480426832506f,-0.15267062500000006f,0.06056689936276909f,-0.4144308328944927f,-0.9080631781148035f,0.07554582929545844f,0f,0f,0f,1f],start_interpolation:0}
execute if entity @s[tag=aj.mech_legs.bone.hips] run data modify entity @s {} merge value {transformation:[-0.9986295347545738f,0f,-0.052335956242943675f,-0.048343750000000026f,0f,1f,0f,0.24403562499999998f,0.052335956242943675f,0f,-0.9986295347545738f,0f,0f,0f,0f,1f],start_interpolation:0}