execute if entity @s[tag=aj.mech_legs.bone.foot] run data modify entity @s {} merge value {transformation:[-0.9880263818451938f,0.001690820805295895f,-0.15427575928479315f,0.5955442177429393f,0.0025366516019446513f,0.9999828121573846f,-0.005285904696354815f,-2.0241427701184076f,0.15426417009968782f,-0.005613957143848991f,-0.9880136888265474f,-1.184579519200038f,0f,0f,0f,1f],start_interpolation:0}
execute if entity @s[tag=aj.mech_legs.bone.leg_low] run data modify entity @s {} merge value {transformation:[-0.9872794520739264f,0.09539882060029056f,-0.12719413721033335f,0.702756200213175f,0.006817602477282905f,0.8246554505569857f,0.5655942964379295f,-0.9667018658178046f,0.15884836734782412f,0.557532468018436f,-0.8148157726113323f,-0.7557453944458642f,0f,0f,0f,1f],start_interpolation:0}
execute if entity @s[tag=aj.mech_legs.bone.bone4] run data modify entity @s {} merge value {transformation:[-0.9872794520739264f,0.15796712022314044f,-0.01804639689842342f,0.7905496844284666f,0.006817602477282905f,0.15545924110196657f,0.9878187812814971f,-0.8824641812843899f,0.15884836734782412f,0.9751301519717296f,-0.15455867140514049f,-0.2137039156282482f,0f,0f,0f,1f],start_interpolation:0}
execute if entity @s[tag=aj.mech_legs.bone.leg] run data modify entity @s {} merge value {transformation:[-0.9872794520739264f,0.02690666026233632f,-0.1567013565548644f,0.8244473663087631f,0.006817602477282905f,0.9918342862681248f,0.12735096732833012f,-0.195326875f,0.15884836734782412f,0.12466266568835624f,-0.979401049608588f,-0.0965600878226277f,0f,0f,0f,1f],start_interpolation:0}
execute if entity @s[tag=aj.mech_legs.bone.foot2] run data modify entity @s {} merge value {transformation:[-0.991444346487247f,0.020470075684999527f,-0.1289150255785814f,-0.7136055667981395f,0.031066920945120605f,0.9962514360479964f,-0.08073365218602829f,-1.828227012559243f,0.12677915539025147f,-0.08404791593939331f,-0.9883637961726335f,0.9493186492351163f,0f,0f,0f,1f],start_interpolation:0}
execute if entity @s[tag=aj.mech_legs.bone.leg_low2] run data modify entity @s {} merge value {transformation:[-0.991562396287654f,-0.04241600969454383f,-0.12249447493612835f,-0.8202195167090964f,0.03264600405005358f,0.8327873747910441f,-0.5526295565821692f,-1.0232736026227043f,0.12545219283794642f,-0.5519656425088733f,-0.8243759317216373f,0.1404565748720792f,0f,0f,0f,1f],start_interpolation:0}
execute if entity @s[tag=aj.mech_legs.bone.bone3] run data modify entity @s {} merge value {transformation:[-0.991562396287654f,0.1099464990058219f,-0.06867154887322853f,-0.7494468510851439f,0.03264600405005358f,0.7244712389142223f,0.6885315260797111f,-0.7180144625061892f,0.12545219283794642f,0.6804801182565549f,-0.721947751551105f,0.6204005394305014f,0f,0f,0f,1f],start_interpolation:0}
execute if entity @s[tag=aj.mech_legs.bone.leg2] run data modify entity @s {} merge value {transformation:[-0.991562396287654f,-0.06423115084691608f,-0.11259828386421404f,-0.8006431756685953f,0.03264600405005358f,0.7168825108007926f,-0.6964292527798609f,-0.195326875f,0.12545219283794642f,-0.6942289427622794f,-0.7087368498556559f,0.16082896814515335f,0f,0f,0f,1f],start_interpolation:0}
execute if entity @s[tag=aj.mech_legs.bone.hips] run data modify entity @s {} merge value {transformation:[-0.9876883405951378f,0f,-0.15643446504023076f,0.006812500000000006f,0f,1f,0f,0.20137937500000003f,0.15643446504023076f,0f,-0.9876883405951378f,6.938893903907228e-18f,0f,0f,0f,1f],start_interpolation:0}