execute if entity @s[tag=aj.mech_legs.bone.foot] run data modify entity @s {} merge value {transformation:[-0.999838492869588f,-0.00045373338435743954f,-0.017966143222366344f,0.667941053140449f,-0.000245565736933801f,0.9999328362887318f,-0.011587174333773431f,-2.0533859284610827f,0.017970194037335966f,-0.01158089105329696f,-0.999771451427111f,-0.28180082938291673f,0f,0f,0f,1f],start_interpolation:0}
execute if entity @s[tag=aj.mech_legs.bone.leg_low] run data modify entity @s {} merge value {transformation:[-0.9953975849368155f,0.08808626226001476f,-0.03774199654251222f,0.788224412002299f,0.08389659819109702f,0.9913399562830605f,0.10102698594267506f,-0.9205721470779316f,0.0463142387815748f,0.09739559270192744f,-0.9941675360865108f,-0.40765484050799317f,0f,0f,0f,1f],start_interpolation:0}
execute if entity @s[tag=aj.mech_legs.bone.bone4] run data modify entity @s {} merge value {transformation:[-0.9953975849368155f,0.08481423534157541f,0.04461158353364031f,0.8248560026704338f,0.08389659819109702f,0.546267156713922f,0.8333987966799862f,-0.8129766370341438f,0.0463142387815748f,0.8333059096028967f,-0.5508686343466762f,0.18473532571148352f,0f,0f,0f,1f],start_interpolation:0}
execute if entity @s[tag=aj.mech_legs.bone.leg] run data modify entity @s {} merge value {transformation:[-0.9953975849368155f,0.06889636794924373f,-0.06661034743459554f,0.88517375f,0.08389659819109702f,0.9624253655869968f,-0.2582610626608222f,-0.13457687500000004f,0.0463142387815748f,-0.2626608196098877f,-0.9637760554858921f,0.03253500000000012f,0f,0f,0f,1f],start_interpolation:0}
execute if entity @s[tag=aj.mech_legs.bone.foot2] run data modify entity @s {} merge value {transformation:[-0.9996446886932879f,0.014489154430565098f,0.022373215486086343f,-0.7570106119610822f,0.01698915075632f,0.9931118930957936f,0.11593160288837667f,-1.6455522580785171f,-0.0205393554883947f,0.1162705130098619f,-0.9930051876402987f,-0.1697581936365393f,0f,0f,0f,1f],start_interpolation:0}
execute if entity @s[tag=aj.mech_legs.bone.leg_low2] run data modify entity @s {} merge value {transformation:[-0.9994172542864419f,0.024240025878594685f,0.024032748073298558f,-0.7546825643914578f,0.027539539319560203f,0.9885828462870245f,0.14814023694159484f,-0.501356384779448f,-0.020167439317275083f,0.14871575966403328f,-0.9886743130166442f,-0.23597575586022312f,0f,0f,0f,1f],start_interpolation:0}
execute if entity @s[tag=aj.mech_legs.bone.bone3] run data modify entity @s {} merge value {transformation:[-0.9994172542864419f,-0.030873973146900286f,0.01455848950523563f,-0.7724428180279432f,0.027539539319560203f,-0.4773215342718782f,0.8782970606203844f,-0.8032600840943952f,-0.020167439317275083f,0.8781861708672398f,0.4778936321912223f,0.23188806057977907f,0f,0f,0f,1f],start_interpolation:0}
execute if entity @s[tag=aj.mech_legs.bone.leg2] run data modify entity @s {} merge value {transformation:[-0.9994172542864419f,0.032652989143661874f,0.009946563956134554f,-0.76017375f,0.027539539319560203f,0.9435001840503372f,-0.33022564478102895f,-0.13457687500000004f,-0.020167439317275083f,-0.32975928341286137f,-0.9438496116407635f,0.03253499999999991f,0f,0f,0f,1f],start_interpolation:0}
execute if entity @s[tag=aj.mech_legs.bone.hips] run data modify entity @s {} merge value {transformation:[-1f,0f,1.2246467991473532e-16f,0.0625f,0f,1f,0f,0.262129375f,-1.2246467991473532e-16f,0f,-1f,1.3877787807814457e-17f,0f,0f,0f,1f],start_interpolation:0}