execute if entity @s[tag=aj.mech_legs.bone.foot] run data modify entity @s {} merge value {transformation:[-0.9948082456898357f,-0.0036195270051673015f,0.10170276953834723f,0.6579629209567756f,-0.029528752387867632f,0.9666391547402178f,-0.2544342691257095f,-1.7149116699763098f,-0.09738894747314655f,-0.25611646481118067f,-0.9617274818589185f,0.9719218450856271f,0f,0f,0f,1f],start_interpolation:0}
execute if entity @s[tag=aj.mech_legs.bone.leg_low] run data modify entity @s {} merge value {transformation:[-0.9948834839794478f,0.03523470705190984f,0.09468563103175497f,0.7500897639678614f,-0.033821199219202965f,0.7669806845003393f,-0.6407782425198021f,-1.0044312950791396f,-0.09519968376150481f,-0.6407020719666492f,-0.7618647354940066f,0.0773243582180746f,0f,0f,0f,1f],start_interpolation:0}
execute if entity @s[tag=aj.mech_legs.bone.bone4] run data modify entity @s {} merge value {transformation:[-0.9948834839794478f,-0.09989950347300143f,0.015064611205182779f,0.6948186848538199f,-0.033821199219202965f,0.46983921568687004f,0.882103870236449f,-0.7302143593279005f,-0.09519968376150481f,0.877081068435863f,-0.4708139968215843f,0.557514379158504f,0f,0f,0f,1f],start_interpolation:0}
execute if entity @s[tag=aj.mech_legs.bone.leg] run data modify entity @s {} merge value {transformation:[-0.9948834839794478f,0.03725734908900014f,0.09390816388246509f,0.727855011053566f,-0.033821199219202965f,0.7530613314692491f,-0.6570804802527135f,-0.18357687500000003f,-0.09519968376150481f,-0.6568946041676869f,-0.74794819287641f,0.12493436482997922f,0f,0f,0f,1f],start_interpolation:0}
execute if entity @s[tag=aj.mech_legs.bone.foot2] run data modify entity @s {} merge value {transformation:[-0.9948920355467821f,-0.003662614551488752f,0.10087825761891175f,-0.5705729644855545f,-0.004947367516123308f,0.9999097770944521f,-0.012488443681403893f,-1.9888558417906719f,-0.1008234157338498f,-0.012923734969830125f,-0.9948203937968847f,-1.1207742287698461f,0f,0f,0f,1f],start_interpolation:0}
execute if entity @s[tag=aj.mech_legs.bone.leg_low2] run data modify entity @s {} merge value {transformation:[-0.9933339376936131f,-0.08381001791050482f,0.079142713650353f,-0.6762680094008662f,-0.02758864812550626f,0.83946956716832f,0.5427059169502764f,-0.9208165181718357f,-0.11192209219232774f,0.5369047650152439f,-0.8361858158227857f,-0.7186611321028489f,0f,0f,0f,1f],start_interpolation:0}
execute if entity @s[tag=aj.mech_legs.bone.bone3] run data modify entity @s {} merge value {transformation:[-0.9933339376936131f,-0.11512851529780538f,-0.005754406261631477f,-0.7398944749422618f,-0.02758864812550626f,0.1889735710620132f,0.9815945476288451f,-0.8721805021415066f,-0.11192209219232774f,0.9752099335042651f,-0.19089010156081654f,-0.1659505419633014f,0f,0f,0f,1f],start_interpolation:0}
execute if entity @s[tag=aj.mech_legs.bone.leg2] run data modify entity @s {} merge value {transformation:[-0.9933339376936131f,-0.03965057547627436f,0.10823825613202193f,-0.7811600492289388f,-0.02758864812550626f,0.9934659504089867f,0.11074417308633336f,-0.18357687500000003f,-0.11192209219232774f,0.10701979836632579f,-0.9879373502590754f,-0.060349386742678396f,0f,0f,0f,1f],start_interpolation:0}
execute if entity @s[tag=aj.mech_legs.bone.hips] run data modify entity @s {} merge value {transformation:[-0.992546151641322f,0f,0.12186934340514759f,-0.0226875f,0f,1f,0f,0.21312937499999995f,-0.12186934340514759f,0f,-0.992546151641322f,0f,0f,0f,0f,1f],start_interpolation:0}