execute if entity @s[tag=aj.mech_legs.bone.foot] run data modify entity @s {} merge value {transformation:[-0.984807753012208f,1.3877787807814457e-17f,-0.1736481776669302f,0.5807936165425927f,0f,1f,1.1102230246251565e-16f,-2.0246200194358313f,0.17364817766693022f,1.1102230246251565e-16f,-0.984807753012208f,-1.209402663192186f,0f,0f,0f,1f],start_interpolation:0}
execute if entity @s[tag=aj.mech_legs.bone.leg_low] run data modify entity @s {} merge value {transformation:[-0.984807753012208f,0.09960050292505114f,-0.14224425972292393f,0.689104528968905f,0f,0.8191520442889918f,0.5735764363510462f,-0.9712662401993533f,0.17364817766693022f,0.5648625214636235f,-0.8067072841115986f,-0.7708950305966268f,0f,0f,0f,1f],start_interpolation:0}
execute if entity @s[tag=aj.mech_legs.bone.bone4] run data modify entity @s {} merge value {transformation:[-0.984807753012208f,0.17216259343480442f,-0.022665635416815398f,0.7844057357964078f,0f,0.13052619222005157f,0.9914448613738105f,-0.8839087904672364f,0.17364817766693022f,0.9763825861650423f,-0.12854320606946856f,-0.230415028928182f,0f,0f,0f,1f],start_interpolation:0}
execute if entity @s[tag=aj.mech_legs.bone.leg] run data modify entity @s {} merge value {transformation:[-0.984807753012208f,0.0226656354168154f,-0.17216259343480442f,0.8158251306600205f,0f,0.9914448613738104f,0.13052619222005157f,-0.19707687500000004f,0.17364817766693022f,0.12854320606946854f,-0.9763825861650423f,-0.11081507725766754f,0f,0f,0f,1f],start_interpolation:0}
execute if entity @s[tag=aj.mech_legs.bone.foot2] run data modify entity @s {} merge value {transformation:[-0.9892263709774071f,0.03045765479175406f,-0.14319049628887912f,-0.7056002550693401f,0.03084359959334134f,0.9995241097143617f,-0.0004758821685240111f,-1.9146351897806213f,0.14310785906788906f,-0.004887265523687678f,-0.9896950314661107f,0.9445422781776751f,0f,0f,0f,1f],start_interpolation:0}
execute if entity @s[tag=aj.mech_legs.bone.leg_low2] run data modify entity @s {} merge value {transformation:[-0.9892263709774071f,-0.04521814535508369f,-0.13923543476254774f,-0.8192196053353077f,0.03084359959334134f,0.8653753296233996f,-0.5001741809043305f,-1.0608662454262576f,0.14310785906788906f,-0.49908001183160866f,-0.8546574064870475f,0.1884049793171259f,0f,0f,0f,1f],start_interpolation:0}
execute if entity @s[tag=aj.mech_legs.bone.bone3] run data modify entity @s {} merge value {transformation:[-0.9892263709774071f,0.11133253330776138f,-0.09505921307345945f,-0.7428924972982078f,0.03084359959334134f,0.7932654898524623f,0.6080941826504005f,-0.7128103130966686f,0.14310785906788906f,0.5986108332100325f,-0.7881530378274233f,0.6409971059812095f,0f,0f,0f,1f],start_interpolation:0}
execute if entity @s[tag=aj.mech_legs.bone.leg2] run data modify entity @s {} merge value {transformation:[-0.9892263709774071f,-0.07971415668504539f,-0.1227877851696218f,-0.8045258437392334f,0.03084359959334134f,0.7064337764300626f,-0.707106775446881f,-0.19707687500000004f,0.14310785906788906f,-0.7032758866495794f,-0.6963642494630614f,0.17489651774617193f,0f,0f,0f,1f],start_interpolation:0}
execute if entity @s[tag=aj.mech_legs.bone.hips] run data modify entity @s {} merge value {transformation:[-0.984807753012208f,0f,-0.17364817766693022f,0f,0f,1f,0f,0.199629375f,0.17364817766693022f,0f,-0.984807753012208f,0f,0f,0f,0f,1f],start_interpolation:0}