execute if entity @s[tag=aj.mech_legs.bone.foot] run data modify entity @s {} merge value {transformation:[-0.9984824176155831f,-0.018940197239977676f,0.05171199707080718f,0.6951043628433662f,-0.024896879818065223f,0.992808857604474f,-0.11709277363451492f,-1.6873791038795098f,-0.04912236850830022f,-0.11820254308012862f,-0.9917737401854945f,0.5375146526580815f,0f,0f,0f,1f],start_interpolation:0}
execute if entity @s[tag=aj.mech_legs.bone.leg_low] run data modify entity @s {} merge value {transformation:[-0.9983552336366468f,-0.010400396610460532f,0.05637959933044504f,0.7271617621989039f,-0.03133667903363319f,0.9224980380730702f,-0.38472767290445714f,-0.7424082462097938f,-0.04800874938445546f,-0.38586163517727573f,-0.9213066582201928f,-0.11023281598110435f,0f,0f,0f,1f],start_interpolation:0}
execute if entity @s[tag=aj.mech_legs.bone.bone4] run data modify entity @s {} merge value {transformation:[-0.9983552336366468f,-0.04643165882114141f,-0.03362928083431936f,0.7008642164517954f,-0.03133667903363319f,-0.049250800538537476f,0.9982947316266154f,-0.7548188335728563f,-0.04800874938445546f,0.9977066000109602f,0.04771478048896616f,0.4447326718278065f,0f,0f,0f,1f],start_interpolation:0}
execute if entity @s[tag=aj.mech_legs.bone.leg] run data modify entity @s {} merge value {transformation:[-0.9983552336366468f,0.0005687073147860669f,0.05732803888418395f,0.709552478077934f,-0.03133667903363319f,0.8319436872295867f,-0.5539744703738456f,-0.156576875f,-0.04800874938445546f,-0.5548597821529596f,-0.8305575128380398f,0.08548278660805175f,0f,0f,0f,1f],start_interpolation:0}
execute if entity @s[tag=aj.mech_legs.bone.foot2] run data modify entity @s {} merge value {transformation:[-0.9994413703814633f,-0.0035307424623623636f,0.03323373327940862f,-0.6114572573202741f,-0.003834895184601255f,0.9999513075572463f,-0.009092639522002344f,-2.0088415039909386f,-0.0332000112792981f,-0.0092150079879742f,-0.9994062451670173f,-0.8063134605207336f,0f,0f,0f,1f],start_interpolation:0}
execute if entity @s[tag=aj.mech_legs.bone.leg_low2] run data modify entity @s {} merge value {transformation:[-0.9968218102586168f,-0.07648293357599986f,0.022285409225390823f,-0.7224054759923169f,-0.06219895984139226f,0.9220048892971102f,0.38214954338174034f,-0.8870429658671215f,-0.04977517440836156f,0.37954887034983115f,-0.9238317417304865f,-0.5993523181202328f,0f,0f,0f,1f],start_interpolation:0}
execute if entity @s[tag=aj.mech_legs.bone.bone3] run data modify entity @s {} merge value {transformation:[-0.9968218102586168f,-0.06768983472159325f,-0.04200434344323607f,-0.7533291307099693f,-0.06219895984139226f,0.33186107841249335f,0.9412754719153931f,-0.8523721722033666f,-0.04977517440836156f,0.9408965463377259f,-0.3350165982490373f,-0.023384749679414642f,0f,0f,0f,1f],start_interpolation:0}
execute if entity @s[tag=aj.mech_legs.bone.leg2] run data modify entity @s {} merge value {transformation:[-0.9968218102586168f,-0.06014169956864247f,0.052242267999476136f,-0.8070915318244641f,-0.06219895984139226f,0.9973136615404817f,-0.03868785209037007f,-0.156576875f,-0.04977517440836156f,-0.04181430948506298f,-0.9978847606486956f,-0.02057129385764498f,0f,0f,0f,1f],start_interpolation:0}
execute if entity @s[tag=aj.mech_legs.bone.hips] run data modify entity @s {} merge value {transformation:[-0.9975640502598242f,0f,0.06975647374412543f,-0.04650000000000002f,0f,1f,0f,0.24012937499999998f,-0.06975647374412543f,0f,-0.9975640502598242f,0f,0f,0f,0f,1f],start_interpolation:0}