execute if entity @s[tag=aj.mech_legs.bone.foot] run data modify entity @s {} merge value {transformation:[-0.999844802281233f,-0.012535037985254974f,0.012379183087350596f,0.6542954091954026f,-0.012639356647842295f,0.9998849628680808f,-0.008384968325841652f,-2.071165933395795f,-0.012272653125163136f,-0.008540131907935677f,-0.9998882178185041f,0.18113296121243716f,0f,0f,0f,1f],start_interpolation:0}
execute if entity @s[tag=aj.mech_legs.bone.leg_low] run data modify entity @s {} merge value {transformation:[-0.9982106694670442f,0.05974885662278795f,-0.002352338076237335f,0.7512061742609686f,0.05953669603313012f,0.9894730687847151f,-0.13190310070357464f,-0.9944465145987604f,-0.005553484276925362f,-0.13180713289510643f,-0.9912598239262789f,-0.1994691651961472f,0f,0f,0f,1f],start_interpolation:0}
execute if entity @s[tag=aj.mech_legs.bone.bone4] run data modify entity @s {} merge value {transformation:[-0.9982106694670442f,0.033622318911958354f,0.04944693148354057f,0.7605436876172934f,0.05953669603313012f,0.6356617412879074f,0.7696684562123384f,-0.7867108971483066f,-0.005553484276925362f,0.771235171872891f,-0.6365260941065793f,0.3492110328352733f,0f,0f,0f,1f],start_interpolation:0}
execute if entity @s[tag=aj.mech_legs.bone.leg] run data modify entity @s {} merge value {transformation:[-0.9982106694670442f,0.05591990088078187f,-0.021176025303132763f,0.8103667079587755f,0.05953669603313012f,0.8965919898179786f,-0.4388373111070849f,-0.14807687499999994f,-0.005553484276925362f,-0.4393128366889833f,-0.8983169765359355f,0.07227483203027465f,0f,0f,0f,1f],start_interpolation:0}
execute if entity @s[tag=aj.mech_legs.bone.foot2] run data modify entity @s {} merge value {transformation:[-0.9977420220939619f,-0.006356169363091f,0.06686147215609006f,-0.641109379050429f,0.010075503741504451f,0.9700809664205046f,0.24257246919841238f,-1.6316330325655768f,-0.06640287322252578f,0.24269840893522027f,-0.9678265034230598f,-0.7856469197684932f,0f,0f,0f,1f],start_interpolation:0}
execute if entity @s[tag=aj.mech_legs.bone.leg_low2] run data modify entity @s {} merge value {transformation:[-0.9978366902892498f,-0.018767079628237548f,0.06300584286257199f,-0.6777990835005269f,0.015966839430505912f,0.8605097049000927f,0.5091837662488424f,-0.5465497918129971f,-0.06377303153525135f,0.5090882482389302f,-0.8583485049522841f,-0.41846493756866276f,0f,0f,0f,1f],start_interpolation:0}
execute if entity @s[tag=aj.mech_legs.bone.bone3] run data modify entity @s {} merge value {transformation:[-0.9978366902892498f,-0.06184249723283243f,-0.02230347615513858f,-0.7124881313312192f,0.015966839430505912f,-0.5570770690430289f,0.8303072920220734f,-0.8435861788950951f,-0.06377303153525135f,0.8281549641718242f,0.5568593680332299f,0.04993481793918733f,0f,0f,0f,1f],start_interpolation:0}
execute if entity @s[tag=aj.mech_legs.bone.leg2] run data modify entity @s {} merge value {transformation:[-0.9978366902892498f,0.024006950527214303f,0.061201354878626726f,-0.7078972086315038f,0.015966839430505912f,0.991564508744f,-0.12862692190156116f,-0.14807687499999994f,-0.06377303153525135f,-0.1273714698260712f,-0.989802762737683f,-0.007294008203794521f,0f,0f,0f,1f],start_interpolation:0}
execute if entity @s[tag=aj.mech_legs.bone.hips] run data modify entity @s {} merge value {transformation:[-0.9986295347545738f,0f,0.052335956242943925f,0.05293750000000001f,0f,1f,0f,0.24862937500000004f,-0.052335956242943925f,0f,-0.9986295347545738f,6.938893903907228e-18f,0f,0f,0f,1f],start_interpolation:0}