execute if entity @s[tag=aj.mech_legs.bone.foot] run data modify entity @s {} merge value {transformation:[-0.9998298384749449f,-0.018345379648813453f,-0.0019342028607588178f,0.7600948674122139f,-0.018445530506400788f,0.9928850691537499f,0.11763928704259768f,-1.7106419617754793f,-0.0002376962412502946f,0.11765494675998175f,-0.9930545085761421f,-0.08881279941625203f,0f,0f,0f,1f],start_interpolation:0}
execute if entity @s[tag=aj.mech_legs.bone.leg_low] run data modify entity @s {} merge value {transformation:[-0.9997165369848058f,-0.02380826798194425f,-0.00010979438663558105f,0.7638825938932272f,-0.023731385623295156f,0.9960961185047834f,0.08502554931373729f,-0.5729708983466093f,-0.0019149453010121557f,0.08500405328808874f,-0.9963787652841113f,-0.2276097244242722f,0f,0f,0f,1f],start_interpolation:0}
execute if entity @s[tag=aj.mech_legs.bone.bone4] run data modify entity @s {} merge value {transformation:[-0.9997165369848058f,0.00843678693425498f,-0.022263564524428542f,0.7682082136204703f,-0.023731385623295156f,-0.42832362909935434f,0.9033137273901893f,-0.7962591171751222f,-0.0019149453010121557f,0.9035860165924354f,0.4284024318361293f,0.2813057268997817f,0f,0f,0f,1f],start_interpolation:0}
execute if entity @s[tag=aj.mech_legs.bone.leg] run data modify entity @s {} merge value {transformation:[-0.9997165369848058f,-0.02122941355126396f,0.01077764720970299f,0.7632306387597283f,-0.023731385623295156f,0.9249416800998402f,-0.3793675127768367f,-0.13895187500000006f,-0.0019149453010121557f,-0.37951574461984355f,-0.9251832967418618f,0.04688768141219745f,0f,0f,0f,1f],start_interpolation:0}
execute if entity @s[tag=aj.mech_legs.bone.foot2] run data modify entity @s {} merge value {transformation:[-0.9999724646051648f,0.0027216546239723963f,-0.0069038125394750155f,-0.6929108486840045f,0.0027753385804193593f,0.9999658967079039f,-0.007778362097599745f,-2.0348866102849366f,0.006882407081569548f,-0.007797308334620834f,-0.999945915765197f,-0.36766700451658757f,0f,0f,0f,1f],start_interpolation:0}
execute if entity @s[tag=aj.mech_legs.bone.leg_low2] run data modify entity @s {} merge value {transformation:[-0.9968815800235361f,-0.0773414917766005f,-0.01566553732076204f,-0.8137430494297854f,-0.07878832678652654f,0.9866218289676221f,0.14272268974050212f,-0.8974080256476561f,0.004417575348271429f,0.14351188192743558f,-0.9896387344752064f,-0.4391962333776153f,0f,0f,0f,1f],start_interpolation:0}
execute if entity @s[tag=aj.mech_legs.bone.bone3] run data modify entity @s {} merge value {transformation:[-0.9968815800235361f,-0.03413359162352331f,-0.07114782732210936f,-0.817184214386125f,-0.07878832678652654f,0.4810000788888744f,0.8731731349916096f,-0.8206831762213338f,0.004417575348271429f,0.8760558327137461f,-0.4821894472054187f,0.15266431099855055f,0f,0f,0f,1f],start_interpolation:0}
execute if entity @s[tag=aj.mech_legs.bone.leg2] run data modify entity @s {} merge value {transformation:[-0.9968815800235361f,-0.07756809066178985f,0.014501955759914054f,-0.8818662668466022f,-0.07878832678652654f,0.9680788129205374f,-0.23794077316959059f,-0.13895187500000006f,0.004417575348271429f,-0.23834135873877915f,-0.9711713966868026f,0.018172408111628922f,0f,0f,0f,1f],start_interpolation:0}
execute if entity @s[tag=aj.mech_legs.bone.hips] run data modify entity @s {} merge value {transformation:[-0.9998476951563913f,0f,0.017452406437283633f,-0.058750000000000004f,0f,1f,0f,0.257754375f,-0.017452406437283633f,0f,-0.9998476951563913f,-6.938893903907228e-18f,0f,0f,0f,1f],start_interpolation:0}