execute if entity @s[tag=aj.mech_legs.bone.foot] run data modify entity @s {} merge value {transformation:[-0.9987495365595105f,-0.003177743017266356f,-0.049892536230178273f,0.6653162570493504f,-0.013573198246334722f,0.9777283064925322f,0.2094352572338561f,-1.68026784589889f,0.048115813528705205f,0.20985056738680014f,-0.9765488251264806f,-0.52218457596565f,0f,0f,0f,1f],start_interpolation:0}
execute if entity @s[tag=aj.mech_legs.bone.leg_low] run data modify entity @s {} merge value {transformation:[-0.9988065987551233f,0.0003448039040712999f,-0.04883911745199718f,0.6847074394508731f,-0.01712026036549621f,0.9340544257179505f,0.35672009542739225f,-0.5485134485222765f,0.04574139228576078f,0.35713052362823583f,-0.9329338208709034f,-0.3423781581415848f,0f,0f,0f,1f],start_interpolation:0}
execute if entity @s[tag=aj.mech_legs.bone.bone4] run data modify entity @s {} merge value {transformation:[-0.9988065987551233f,0.04795846639511843f,0.009239252364262724f,0.7114879242991761f,-0.01712026036549621f,-0.5209646835646422f,0.8534065239751865f,-0.8251425916629958f,0.04574139228576078f,0.8522298891610298f,0.5211640250941536f,0.13886128231038106f,0f,0f,0f,1f],start_interpolation:0}
execute if entity @s[tag=aj.mech_legs.bone.leg] run data modify entity @s {} merge value {transformation:[-0.9988065987551233f,-0.027427619277296908f,-0.04041168128155383f,0.7038461278159232f,-0.01712026036549621f,0.9715415718103354f,-0.23624959455906075f,-0.14007687499999993f,0.04574139228576078f,-0.2352757954934647f,-0.9708517008723204f,0.005985499275613572f,0f,0f,0f,1f],start_interpolation:0}
execute if entity @s[tag=aj.mech_legs.bone.foot2] run data modify entity @s {} merge value {transformation:[-0.9991611446054757f,0.006367435902243356f,-0.04045321829850437f,-0.6421459610679547f,0.006798226116156867f,0.9999215488003502f,-0.010520473676718685f,-2.046657059215682f,0.040383056253201384f,-0.010786658645741581f,-0.9991260464840817f,-0.040936716102814685f,0f,0f,0f,1f],start_interpolation:0}
execute if entity @s[tag=aj.mech_legs.bone.leg_low2] run data modify entity @s {} merge value {transformation:[-0.9960874435816768f,-0.07312977699785794f,-0.049616937180396316f,-0.7662105835032372f,-0.07195462629237254f,0.9970927010776973f,-0.02507343639605164f,-0.936664778035124f,0.051306300724617004f,-0.021405166988963387f,-0.9984535454051581f,-0.29803492108784757f,0f,0f,0f,1f],start_interpolation:0}
execute if entity @s[tag=aj.mech_legs.bone.bone3] run data modify entity @s {} merge value {transformation:[-0.9960874435816768f,0.0017520918493765178f,-0.08835572937320575f,-0.7464152734288851f,-0.07195462629237254f,0.5643710586123594f,0.8223793771465149f,-0.7983299125161296f,0.051306300724617004f,0.8255193749240027f,-0.562036853890418f,0.2802896304668152f,0f,0f,0f,1f],start_interpolation:0}
execute if entity @s[tag=aj.mech_legs.bone.leg2] run data modify entity @s {} merge value {transformation:[-0.9960874435816768f,-0.08568950377042601f,-0.02161281292423481f,-0.8155752175654916f,-0.07195462629237254f,0.928385033132357f,-0.36458711169068686f,-0.14007687499999993f,0.051306300724617004f,-0.3616055021697133f,-0.9309184305332797f,0.059044861838518974f,0f,0f,0f,1f],start_interpolation:0}
execute if entity @s[tag=aj.mech_legs.bone.hips] run data modify entity @s {} merge value {transformation:[-0.9993908270190958f,0f,-0.034899496702500844f,-0.057f,0f,1f,0f,0.25662937500000005f,0.034899496702500844f,0f,-0.9993908270190958f,-6.938893903907228e-18f,0f,0f,0f,1f],start_interpolation:0}