execute if entity @s[tag=aj.mech_legs.bone.foot] run data modify entity @s {} merge value {transformation:[-0.9967600410101004f,-0.011933306907886508f,0.07954254730510567f,0.7526201391232044f,-0.026463657830094082f,0.9825292633206327f,-0.1842170500601576f,-1.7196698971444326f,-0.07595456181029869f,-0.185725181127539f,-0.9796617077518894f,0.6872834160588246f,0f,0f,0f,1f],start_interpolation:0}
execute if entity @s[tag=aj.mech_legs.bone.leg_low] run data modify entity @s {} merge value {transformation:[-0.9966886079167031f,0.005437599358077395f,0.08113107519493058f,0.8082036879153165f,-0.034468791491917304f,0.8754271440034052f,-0.4821195058853439f,-0.8502755001010887f,-0.07364591816354232f,-0.4833195092847614f,-0.8723408340107588f,-0.05745696375166243f,0f,0f,0f,1f],start_interpolation:0}
execute if entity @s[tag=aj.mech_legs.bone.bone4] run data modify entity @s {} merge value {transformation:[-0.9966886079167031f,-0.07702782489401175f,-0.02604866678281073f,0.7645994358707774f,-0.034468791491917304f,0.11008863646622458f,0.9933239121928428f,-0.7581019711699678f,-0.07364591816354232f,0.990932493317837f,-0.11237914586231712f,0.489521770769178f,0f,0f,0f,1f],start_interpolation:0}
execute if entity @s[tag=aj.mech_legs.bone.leg] run data modify entity @s {} merge value {transformation:[-0.9966886079167031f,0.014846007327107842f,0.07994632521578401f,0.7824867316882254f,-0.034468791491917304f,0.8133451981381856f,-0.5807594089454275f,-0.17192062500000005f,-0.07364591816354232f,-0.5815919400507534f,-0.8101401693570377f,0.11123499996126088f,0f,0f,0f,1f],start_interpolation:0}
execute if entity @s[tag=aj.mech_legs.bone.foot2] run data modify entity @s {} merge value {transformation:[-0.9975482689443542f,-0.0019601684313515326f,0.06995433414623661f,-0.6652189559668769f,-0.0027050516162976115f,0.9999406356497962f,-0.010554992753886772f,-2.073469681421522f,-0.06992949178905676f,-0.010718344835009386f,-0.9974943524963549f,-0.8889740919608511f,0f,0f,0f,1f],start_interpolation:0}
execute if entity @s[tag=aj.mech_legs.bone.leg_low2] run data modify entity @s {} merge value {transformation:[-0.9956927211721864f,-0.07275884896876615f,0.057464379414267366f,-0.7636888083884605f,-0.0413581798072011f,0.9032737893793177f,0.42706669547432907f,-0.9614823970416805f,-0.08297894894346287f,0.42285057800252357f,-0.9023923108688205f,-0.6294315147821348f,0f,0f,0f,1f],start_interpolation:0}
execute if entity @s[tag=aj.mech_legs.bone.bone3] run data modify entity @s {} merge value {transformation:[-0.9956927211721864f,-0.09181182280579021f,-0.012907137475241349f,-0.8135830414474318f,-0.0413581798072011f,0.3152387304988553f,0.9481107760997686f,-0.8678613738717803f,-0.08297894894346287f,0.9445608143399494f,-0.3176780792652996f,-0.07739596650709119f,0f,0f,0f,1f],start_interpolation:0}
execute if entity @s[tag=aj.mech_legs.bone.leg2] run data modify entity @s {} merge value {transformation:[-0.9956927211721864f,-0.04142404436548852f,0.08294608823285542f,-0.8552859148047165f,-0.0413581798072011f,0.9991412245039083f,0.002512858902913583f,-0.17192062500000005f,-0.08297894894346287f,-0.0009284639124746215f,-0.9965508677368163f,-0.04646456933350856f,0f,0f,0f,1f],start_interpolation:0}
execute if entity @s[tag=aj.mech_legs.bone.hips] run data modify entity @s {} merge value {transformation:[-0.9953961983671789f,0f,0.0958457525202241f,-0.033281250000000005f,0f,1f,0f,0.224785625f,-0.0958457525202241f,0f,-0.9953961983671789f,0f,0f,0f,0f,1f],start_interpolation:0}