execute if entity @s[tag=aj.mech_legs.bone.foot] run data modify entity @s {} merge value {transformation:[-0.991803938236677f,-0.0010646333294839772f,-0.12776468469061122f,0.6613248006758019f,-0.00623410159517112f,0.9991775157652917f,0.04006779213285788f,-1.9757469916662458f,0.12761694274475716f,0.040535892058453205f,-0.9909948321658935f,-1.0358458133093005f,0f,0f,0f,1f],start_interpolation:0}
execute if entity @s[tag=aj.mech_legs.bone.leg_low] run data modify entity @s {} merge value {transformation:[-0.9924337503805912f,0.05158003014440389f,-0.11142150418934642f,0.723265234921386f,-0.012033847615520905f,0.8622478412115571f,0.5063436055067512f,-0.8895022481999817f,0.12219016988727271f,0.5038533127968023f,-0.8551031525883924f,-0.6755540957742835f,0f,0f,0f,1f],start_interpolation:0}
execute if entity @s[tag=aj.mech_legs.bone.bone4] run data modify entity @s {} merge value {transformation:[-0.9924337503805912f,0.12261256351342661f,-0.006435089290761855f,0.7911649690393353f,-0.012033847615520905f,-0.044976514054984575f,0.9989155618444576f,-0.8811739921828643f,0.12219016988727271f,0.9914349562387479f,0.04611171142770266f,-0.12324936613363924f,0f,0f,0f,1f],start_interpolation:0}
execute if entity @s[tag=aj.mech_legs.bone.leg] run data modify entity @s {} merge value {transformation:[-0.9924337503805912f,-0.007833617657951951f,-0.1225311615055663f,0.7997879337065215f,-0.012033847615520905f,0.999363701281785f,0.03357646604301422f,-0.18554562500000005f,0.12219016988727271f,0.03479693944530594f,-0.9918965346184848f,-0.06796622070549996f,0f,0f,0f,1f],start_interpolation:0}
execute if entity @s[tag=aj.mech_legs.bone.foot2] run data modify entity @s {} merge value {transformation:[-0.9955844121934629f,0.023179348814881918f,-0.09096370697104757f,-0.7325453242197923f,0.022658242751819158f,0.9997204319218421f,0.006757368822598087f,-1.991830730662619f,0.09109490783131742f,0.004666453313065533f,-0.9958312818849789f,0.7722540235279399f,0f,0f,0f,1f],start_interpolation:0}
execute if entity @s[tag=aj.mech_legs.bone.leg_low2] run data modify entity @s {} merge value {transformation:[-0.9946927920600852f,-0.040257097123770944f,-0.09468693444651738f,-0.8302984669289045f,0.0034651901820561644f,0.9066484455205558f,-0.42187271622156564f,-1.074213309143403f,0.10283113283784241f,-0.4199618582280142f,-0.9016971751940664f,0.09255043177498323f,0f,0f,0f,1f],start_interpolation:0}
execute if entity @s[tag=aj.mech_legs.bone.bone3] run data modify entity @s {} merge value {transformation:[-0.9946927920600852f,0.06299671313525215f,-0.08134902309103997f,-0.7803541569204769f,0.0034651901820561644f,0.8107072588182017f,0.5854414855102765f,-0.7314213128041843f,0.10283113283784241f,0.582052535973886f,-0.8066229624091134f,0.5641139006522811f,0f,0f,0f,1f],start_interpolation:0}
execute if entity @s[tag=aj.mech_legs.bone.leg2] run data modify entity @s {} merge value {transformation:[-0.9946927920600852f,-0.0651501770156738f,-0.07963481561815898f,-0.8332953955311486f,0.0034651901820561644f,0.7523324242765448f,-0.6587745561564892f,-0.18554562500000005f,0.10283113283784241f,-0.6555542523826715f,-0.7481138819072151f,0.13255119879280078f,0f,0f,0f,1f],start_interpolation:0}
execute if entity @s[tag=aj.mech_legs.bone.hips] run data modify entity @s {} merge value {transformation:[-0.992546151641322f,0f,-0.12186934340514738f,-0.020718749999999987f,0f,1f,0f,0.211160625f,0.12186934340514738f,0f,-0.992546151641322f,0f,0f,0f,0f,1f],start_interpolation:0}