execute if entity @s[tag=aj.mech_legs.bone.foot] run data modify entity @s {} merge value {transformation:[-0.9995596705071341f,-0.016390992952936334f,0.02473460017235442f,0.6674751023582927f,-0.016503833875942935f,0.9998542752371041f,-0.004364831896010002f,-2.0792083728762467f,-0.024659451799760725f,-0.004771125664027265f,-0.999684524135906f,0.3707676844738893f,0f,0f,0f,1f],start_interpolation:0}
execute if entity @s[tag=aj.mech_legs.bone.leg_low] run data modify entity @s {} merge value {transformation:[-0.9986716611235423f,0.04962348585137217f,0.013871658902355437f,0.7568589855734561f,0.04537542640813377f,0.9745484527476762f,-0.21953674846227983f,-1.0393884466482834f,-0.024412782451508214f,-0.2186156968268037f,-0.9755056089812636f,-0.10289825716389028f,0f,0f,0f,1f],start_interpolation:0}
execute if entity @s[tag=aj.mech_legs.bone.bone4] run data modify entity @s {} merge value {transformation:[-0.9986716611235423f,0.01348004911083508f,0.04973129341485203f,0.7564389709204559f,0.04537542640813377f,0.6873782843865535f,0.7248807935323425f,-0.7728067934059242f,-0.024412782451508214f,0.7261744848380227f,-0.6870768760649767f,0.40977222374198513f,0f,0f,0f,1f],start_interpolation:0}
execute if entity @s[tag=aj.mech_legs.bone.leg] run data modify entity @s {} merge value {transformation:[-0.9986716611235423f,0.05148964832822782f,-0.001931161251697143f,0.802552478077934f,0.04537542640813377f,0.861088861836038f,-0.5064257524062107f,-0.156576875f,-0.024412782451508214f,-0.5058406746565088f,-0.8622814087732746f,0.08548278660805175f,0f,0f,0f,1f],start_interpolation:0}
execute if entity @s[tag=aj.mech_legs.bone.foot2] run data modify entity @s {} merge value {transformation:[-0.9965536587086854f,-0.013678823459118677f,0.08181500536642117f,-0.6207525019810417f,0.008543067238506017f,0.9641401489322811f,0.2652560823411927f,-1.6268537403312957f,-0.08250952258067928f,0.26504087044381175f,-0.9607005338178464f,-0.9418208800947594f,0f,0f,0f,1f],start_interpolation:0}
execute if entity @s[tag=aj.mech_legs.bone.leg_low2] run data modify entity @s {} merge value {transformation:[-0.9967432662740094f,-0.034890606572841355f,0.07270149042762733f,-0.6732100921030781f,0.014144425116484734f,0.8119321602381218f,0.5835804164030708f,-0.5788130504752589f,-0.07939015288776904f,0.5827081711663535f,-0.8087944058167196f,-0.48091601412823026f,0f,0f,0f,1f],start_interpolation:0}
execute if entity @s[tag=aj.mech_legs.bone.bone3] run data modify entity @s {} merge value {transformation:[-0.9967432662740094f,-0.07519454216697685f,-0.029131460068419653f,-0.7154187837549125f,0.014144425116484734f,-0.5186748970589186f,0.8548545410764599f,-0.8541484759112945f,-0.07939015288776904f,0.8516584597062481f,0.5180492945996911f,-0.0000406601132865933f,0f,0f,0f,1f],start_interpolation:0}
execute if entity @s[tag=aj.mech_legs.bone.leg2] run data modify entity @s {} merge value {transformation:[-0.9967432662740094f,0.020097380945347645f,0.07809581561490196f,-0.7140915318244642f,0.014144425116484734f,0.9970040457623882f,-0.07604517059980842f,-0.156576875f,-0.07939015288776904f,-0.07469289131214153f,-0.9940413349614236f,-0.020571293857644966f,0f,0f,0f,1f],start_interpolation:0}
execute if entity @s[tag=aj.mech_legs.bone.hips] run data modify entity @s {} merge value {transformation:[-0.9975640502598242f,0f,0.06975647374412541f,0.04650000000000001f,0f,1f,0f,0.24012937499999998f,-0.06975647374412541f,0f,-0.9975640502598242f,6.938893903907228e-18f,0f,0f,0f,1f],start_interpolation:0}