execute if entity @s[tag=aj.mech_legs.bone.foot] run data modify entity @s {} merge value {transformation:[-0.9991785589610529f,0.005215518222993288f,-0.04018713329138616f,0.5911354808418108f,0.005487507813310996f,0.9999627601895358f,-0.006660742610515025f,-1.5028603830864964f,0.040150897505695504f,-0.006875798411115963f,-0.9991699699378963f,-0.5061976697287349f,0f,0f,0f,1f],start_interpolation:0}
execute if entity @s[tag=aj.mech_legs.bone.leg_low] run data modify entity @s {} merge value {transformation:[-0.9940870372079283f,0.09301461033847212f,-0.05602896321319106f,0.7126073082590235f,0.07851663681914706f,0.9721508383744882f,0.22081187737617175f,-0.3632475139975874f,0.07500733429320817f,0.2151070192052355f,-0.973705741017719f,-0.49612366467509633f,0f,0f,0f,1f],start_interpolation:0}
execute if entity @s[tag=aj.mech_legs.bone.bone4] run data modify entity @s {} merge value {transformation:[-0.9940870372079283f,0.100738463450961f,0.04053053708874725f,0.7599360255042883f,0.07851663681914706f,0.4090241474090333f,0.9091393647724881f,-0.32969378768884344f,0.07500733429320817f,0.906945978996463f,-0.4145152481928429f,0.09600961105319422f,0f,0f,0f,1f],start_interpolation:0}
execute if entity @s[tag=aj.mech_legs.bone.leg] run data modify entity @s {} merge value {transformation:[-0.9940870372079283f,0.06449293876194578f,-0.08735916268492294f,0.8178461278159233f,0.07851663681914706f,0.9826513092291704f,-0.16802244556251208f,0.35992312499999995f,0.07500733429320817f,-0.17388808274302497f,-0.9819046972502891f,0.005985499275613558f,0f,0f,0f,1f],start_interpolation:0}
execute if entity @s[tag=aj.mech_legs.bone.foot2] run data modify entity @s {} merge value {transformation:[-0.9996968484286681f,0.018795636759480962f,-0.015903939153375176f,-0.6961639800493177f,0.019196228243062875f,0.9994924825197892f,-0.025422081104208974f,-1.201602403851145f,0.015418043424145857f,-0.025719670006327675f,-0.9995502901363876f,0.13358614806187669f,0f,0f,0f,1f],start_interpolation:0}
execute if entity @s[tag=aj.mech_legs.bone.leg_low2] run data modify entity @s {} merge value {transformation:[-0.999623150743251f,0.02174233385881736f,-0.016757906089585294f,-0.7062298048970737f,0.023289471457023345f,0.9948687904853308f,-0.09845653984122749f,-0.1084439589055719f,0.014531242802600562f,-0.0988097193429191f,-0.9950002423848877f,-0.21061971365646098f,0f,0f,0f,1f],start_interpolation:0}
execute if entity @s[tag=aj.mech_legs.bone.bone3] run data modify entity @s {} merge value {transformation:[-0.999623150743251f,0.0054350645029276855f,0.026907556038864827f,-0.7028075500374028f,0.023289471457023345f,-0.35095995133409724f,0.9361008028406023f,-0.2893928763479083f,0.014531242802600562f,0.9363746967071551f,0.35070111255768033f,0.3148115888923327f,0f,0f,0f,1f],start_interpolation:0}
execute if entity @s[tag=aj.mech_legs.bone.leg2] run data modify entity @s {} merge value {transformation:[-0.999623150743251f,0.015294040870147073f,-0.02279580689508285f,-0.7015752175654915f,0.023289471457023345f,0.9120846345255167f,-0.409339980922591f,0.35992312499999995f,0.014531242802600562f,-0.40971662374904555f,-0.9120971062372114f,0.059044861838519015f,0f,0f,0f,1f],start_interpolation:0}
execute if entity @s[tag=aj.mech_legs.bone.hips] run data modify entity @s {} merge value {transformation:[-0.9993908270190958f,0f,-0.03489949670250088f,0.056999999999999995f,0f,1f,0f,0.7566293749999999f,0.03489949670250088f,0f,-0.9993908270190958f,6.938893903907228e-18f,0f,0f,0f,1f],start_interpolation:0}