execute if entity @s[tag=aj.mech_legs.bone.foot] run data modify entity @s {} merge value {transformation:[-0.9997147671764262f,-0.015273285152081189f,-0.018360584142318625f,0.6895878841675562f,-0.017392618897002114f,0.9924461455555726f,0.12144194077743965f,-1.700317077166001f,0.01636707357127689f,0.12172664019248518f,-0.9924287097671863f,-0.16072122293134755f,0f,0f,0f,1f],start_interpolation:0}
execute if entity @s[tag=aj.mech_legs.bone.leg_low] run data modify entity @s {} merge value {transformation:[-0.9996398030904086f,-0.020618847495475077f,-0.017179266728462f,0.6929379447960065f,-0.02261160916393376f,0.9918623387572443f,0.12529092579284207f,-0.5579643303821391f,0.014456113183937332f,0.12563424725355865f,-0.9919712983290622f,-0.2534216050023239f,0f,0f,0f,1f],start_interpolation:0}
execute if entity @s[tag=aj.mech_legs.bone.bone4] run data modify entity @s {} merge value {transformation:[-0.9996398030904086f,0.023195291350861107f,-0.01349972357190948f,0.7056213506632042f,-0.02261160916393376f,-0.45697185768005405f,0.8891937001685619f,-0.7985079459598268f,0.014456113183937332f,0.8891786658189622f,0.45733174069161675f,0.2473879161436119f,0f,0f,0f,1f],start_interpolation:0}
execute if entity @s[tag=aj.mech_legs.bone.leg] run data modify entity @s {} merge value {transformation:[-0.9996398030904086f,-0.02625243748203187f,-0.005574370244369167f,0.69767375f,-0.02261160916393376f,0.9357398041453344f,-0.35196552966031863f,-0.13457687499999998f,0.014456113183937332f,-0.3517127072829515f,-0.9359963634156439f,0.032535000000000085f,0f,0f,0f,1f],start_interpolation:0}
execute if entity @s[tag=aj.mech_legs.bone.foot2] run data modify entity @s {} merge value {transformation:[-0.999738482136806f,0.002989114313861318f,-0.02267228551368382f,-0.6304548528012549f,0.003166036749207509f,0.9999647886789796f,-0.0077715901530123754f,-2.0220284444748753f,0.0226482570211925f,-0.007841339032486794f,-0.9997127436699402f,-0.3008205218232795f,0f,0f,0f,1f],start_interpolation:0}
execute if entity @s[tag=aj.mech_legs.bone.leg_low2] run data modify entity @s {} merge value {transformation:[-0.9961946980304833f,-0.08101260328168426f,-0.03214158872051323f,-0.7592549430821356f,-0.08399862825958708f,0.9907948973278802f,0.1061588521016652f,-0.8886228572317545f,0.023245517126144668f,0.10845473497528801f,-0.9938295711010908f,-0.41207111003146346f,0f,0f,0f,1f],start_interpolation:0}
execute if entity @s[tag=aj.mech_legs.bone.bone3] run data modify entity @s {} merge value {transformation:[-0.9961946980304833f,-0.02221303682816668f,-0.08427754511626863f,-0.7517875103251519f,-0.08399862825958708f,0.5026036641967995f,0.8604265146928345f,-0.811635698294511f,0.023245517126144668f,0.8642315301647014f,-0.5025569701065907f,0.18614456266258364f,0f,0f,0f,1f],start_interpolation:0}
execute if entity @s[tag=aj.mech_legs.bone.leg2] run data modify entity @s {} merge value {transformation:[-0.9961946980304833f,-0.08715574344788284f,3.183738290890375e-8f,-0.82267375f,-0.08399862825958708f,0.960108609166262f,-0.2667127463308302f,-0.13457687499999998f,0.023245517126144668f,-0.26569782646621876f,-0.9637760688794182f,0.032534999999999904f,0f,0f,0f,1f],start_interpolation:0}
execute if entity @s[tag=aj.mech_legs.bone.hips] run data modify entity @s {} merge value {transformation:[-1f,0f,1.2246467991473532e-16f,-0.0625f,0f,1f,0f,0.262129375f,-1.2246467991473532e-16f,0f,-1f,-6.938893903907228e-18f,0f,0f,0f,1f],start_interpolation:0}