execute if entity @s[tag=aj.mech_legs.bone.foot] run data modify entity @s {} merge value {transformation:[-0.9906879539925274f,0.003724889742934244f,-0.13610107644872999f,0.551739733512511f,0.003888361850962585f,0.9999920029100895f,-0.0009352849748003322f,-1.5309358761650391f,0.13609650420277533f,-0.0014557857916231987f,-0.9906945150910612f,-1.0714162385279828f,0f,0f,0f,1f],start_interpolation:0}
execute if entity @s[tag=aj.mech_legs.bone.leg_low] run data modify entity @s {} merge value {transformation:[-0.9891213618374834f,0.08819632013683412f,-0.11772994806370762f,0.6531557900989048f,0.014619311704490125f,0.8553051586584632f,0.5179182959671422f,-0.4505693451699832f,0.14637351974332374f,0.5105629194198715f,-0.8472899728141532f,-0.7025025304618175f,0f,0f,0f,1f],start_interpolation:0}
execute if entity @s[tag=aj.mech_legs.bone.bone4] run data modify entity @s {} merge value {transformation:[-0.9891213618374834f,0.14663351029961477f,-0.01172796717146652f,0.7349313192209072f,0.014619311704490125f,0.17732042304340412f,0.984044583998609f,-0.3786572220413586f,0.14637351974332374f,0.9731680642257641f,-0.17753509931568412f,-0.15708545552379355f,0f,0f,0f,1f],start_interpolation:0}
execute if entity @s[tag=aj.mech_legs.bone.leg] run data modify entity @s {} merge value {transformation:[-0.9891213618374834f,0.025964844386693456f,-0.1447921213766033f,0.7678037881602731f,0.014619311704490125f,0.9967770881705597f,0.07887783100153924f,0.31342312499999997f,0.14637351974332374f,0.07590298646427043f,-0.9863130990531128f,-0.07357736643943447f,0f,0f,0f,1f],start_interpolation:0}
execute if entity @s[tag=aj.mech_legs.bone.foot2] run data modify entity @s {} merge value {transformation:[-0.9934399208837936f,0.008528580121726907f,-0.11403677878434315f,-0.6512477476755436f,0.028960917169968122f,0.9834693811857154f,-0.1787435077054828f,-1.3473297315929627f,0.11062725193674558f,-0.18087354585812987f,-0.9772647397392538f,0.988108177646851f,0f,0f,0f,1f],start_interpolation:0}
execute if entity @s[tag=aj.mech_legs.bone.leg_low2] run data modify entity @s {} merge value {transformation:[-0.9934609196510931f,-0.041402739052700456f,-0.10640119512927679f,-0.7530010940782574f,0.029250015752260175f,0.8085343126011242f,-0.5877216194127282f,-0.5779234362359047f,0.11036230200796364f,-0.5869906971541895f,-0.8020362109966994f,0.14476092355294562f,0f,0f,0f,1f],start_interpolation:0}
execute if entity @s[tag=aj.mech_legs.bone.bone3] run data modify entity @s {} merge value {transformation:[-0.9934609196510931f,0.10547267853362013f,-0.04371401616127337f,-0.6950630017278832f,0.029250015752260175f,0.6052198406586472f,0.7955208237699463f,-0.22979575991805473f,0.11036230200796364f,0.7890402135227744f,-0.6043473370003692f,0.5740423867986044f,0f,0f,0f,1f],start_interpolation:0}
execute if entity @s[tag=aj.mech_legs.bone.leg2] run data modify entity @s {} merge value {transformation:[-0.9934609196510931f,-0.051493211344228025f,-0.10190117914657862f,-0.7377477944808015f,0.029250015752260175f,0.7479417307343723f,-0.6631196000757059f,0.31342312499999997f,0.11036230200796364f,-0.6617640188250873f,-0.7415447024178468f,0.13801410967244845f,0f,0f,0f,1f],start_interpolation:0}
execute if entity @s[tag=aj.mech_legs.bone.hips] run data modify entity @s {} merge value {transformation:[-0.9902680687415704f,0f,-0.13917310096006533f,0.010500000000000023f,0f,1f,0f,0.710129375f,0.13917310096006533f,0f,-0.9902680687415704f,6.938893903907228e-18f,0f,0f,0f,1f],start_interpolation:0}