execute if entity @s[tag=aj.mech_legs.bone.foot] run data modify entity @s {} merge value {transformation:[-0.9936706677936235f,-0.0019351175784958832f,-0.11231589062341746f,0.6857982085236772f,-0.008076905756582447f,0.998494503301655f,0.05425394427855251f,-1.9498795068553694f,0.11204181165963607f,0.054817717905239205f,-0.9921903296463275f,-0.9192816032676868f,0f,0f,0f,1f],start_interpolation:0}
execute if entity @s[tag=aj.mech_legs.bone.leg_low] run data modify entity @s {} merge value {transformation:[-0.9941932381032083f,0.035647545859932f,-0.10153353034353328f,0.7322505104448329f,-0.014584795531884099f,0.8901930064805098f,0.4553500795569096f,-0.8442055969352578f,0.1066165514784186f,0.45418681584492826f,-0.8845039554821079f,-0.6211176041075742f,0f,0f,0f,1f],start_interpolation:0}
execute if entity @s[tag=aj.mech_legs.bone.bone4] run data modify entity @s {} merge value {transformation:[-0.9941932381032083f,0.10758987887933336f,-0.0020550602393914433f,0.7919516122978807f,-0.014584795531884099f,-0.11580169782035166f,0.9931652684831549f,-0.8757867103886766f,0.1066165514784186f,0.9874281668783073f,0.11669844131861991f,-0.06872844060002112f,0f,0f,0f,1f],start_interpolation:0}
execute if entity @s[tag=aj.mech_legs.bone.leg] run data modify entity @s {} merge value {transformation:[-0.9941932381032083f,-0.017150645294249478f,-0.10623399020957458f,0.7935678906721381f,-0.014584795531884099f,0.9995839770579251f,-0.024882856515168198f,-0.17807687500000002f,0.1066165514784186f,-0.023188966666329764f,-0.9940297695621583f,-0.05363605299233085f,0f,0f,0f,1f],start_interpolation:0}
execute if entity @s[tag=aj.mech_legs.bone.foot2] run data modify entity @s {} merge value {transformation:[-0.996854287272862f,0.01946796679455405f,-0.07682791299130953f,-0.7361077966503835f,0.019051618464868823f,0.9997995957009398f,0.006148517716166424f,-2.0299407459560697f,0.07693221548599233f,0.004665480159970925f,-0.9970254096638126f,0.62694357491202f,0f,0f,0f,1f],start_interpolation:0}
execute if entity @s[tag=aj.mech_legs.bone.leg_low2] run data modify entity @s {} merge value {transformation:[-0.995720666712826f,-0.041753003369378934f,-0.08244416650437762f,-0.8326923742952071f,-0.010147540270600804f,0.9361209470388443f,-0.3515317907978645f,-1.0631581687714626f,0.0918552192715332f,-0.3491908636043241f,-0.9325386637924694f,0.01901491985419773f,0f,0f,0f,1f],start_interpolation:0}
execute if entity @s[tag=aj.mech_legs.bone.bone3] run data modify entity @s {} merge value {transformation:[-0.995720666712826f,0.04945031390799705f,-0.07807061121424287f,-0.79013082986681f,-0.010147540270600804f,0.7811785692191496f,0.6242251760536246f,-0.7498535495112798f,0.0918552192715332f,0.6223461331502932f,-0.777333846712888f,0.514998501372882f,0f,0f,0f,1f],start_interpolation:0}
execute if entity @s[tag=aj.mech_legs.bone.leg2] run data modify entity @s {} merge value {transformation:[-0.995720666712826f,-0.0640871577812861f,-0.0665822054942719f,-0.842766223567312f,-0.010147540270600804f,0.7919422576512828f,-0.6105116607998946f,-0.17807687500000002f,0.0918552192715332f,-0.6072234323160672f,-0.78920359980101f,0.11834959272394441f,0f,0f,0f,1f],start_interpolation:0}
execute if entity @s[tag=aj.mech_legs.bone.hips] run data modify entity @s {} merge value {transformation:[-0.9945218953682733f,0f,-0.10452846326765335f,-0.027999999999999997f,0f,1f,0f,0.21862937500000001f,0.10452846326765335f,0f,-0.9945218953682733f,0f,0f,0f,0f,1f],start_interpolation:0}