execute if entity @s[tag=aj.mech_legs.bone.foot] run data modify entity @s {} merge value {transformation:[-0.99933573756513f,-0.023347869508627408f,0.027981433390122434f,0.7702530685354462f,-0.020647105023313524f,0.9954333405705394f,0.09319957904804381f,-1.7281961768612044f,-0.03002966332335434f,0.09255993447482777f,-0.9952541775097965f,0.08647395063820468f,0f,0f,0f,1f],start_interpolation:0}
execute if entity @s[tag=aj.mech_legs.bone.leg_low] run data modify entity @s {} merge value {transformation:[-0.9991567344326038f,-0.025874306899633333f,0.03188009222757771f,0.7792253986314382f,-0.02665162760669585f,0.9993517227769597f,-0.02420382053801695f,-0.612456978757493f,-0.03123316800917385f,-0.02503306663567434f,-0.9991985962714942f,-0.1754800929161736f,0f,0f,0f,1f],start_interpolation:0}
execute if entity @s[tag=aj.mech_legs.bone.bone4] run data modify entity @s {} merge value {transformation:[-0.9991567344326038f,-0.019916869293601293f,-0.03590457290536787f,0.7674417316989514f,-0.02665162760669585f,-0.3505974426198722f,0.9361469563985771f,-0.788466918797452f,-0.03123316800917385f,0.9363144512106749f,0.34977097888498937f,0.3516736541545973f,0f,0f,0f,1f],start_interpolation:0}
execute if entity @s[tag=aj.mech_legs.bone.leg] run data modify entity @s {} merge value {transformation:[-0.9991567344326038f,-0.01008507140922802f,0.03980089663118214f,0.7692822632693923f,-0.02665162760669585f,0.8966941719776252f,-0.4418475446206248f,-0.14878687499999999f,-0.03123316800917385f,-0.44253570847563456f,-0.8962068042254974f,0.07268358098279756f,0f,0f,0f,1f],start_interpolation:0}
execute if entity @s[tag=aj.mech_legs.bone.foot2] run data modify entity @s {} merge value {transformation:[-0.9997634370845244f,0.0015897044133160523f,0.021691996423027916f,-0.6889541515643122f,0.0014097416487470662f,0.999964485559514f,-0.00830904616549552f,-2.058990421115123f,-0.021704434971271665f,-0.008276500442507606f,-0.9997301721179588f,-0.5231613537286882f,0f,0f,0f,1f],start_interpolation:0}
execute if entity @s[tag=aj.mech_legs.bone.leg_low2] run data modify entity @s {} merge value {transformation:[-0.997286936372268f,-0.07234341366684491f,0.013608711924491066f,-0.797313991948452f,-0.06732843633098187f,0.9711707070617317f,0.228679556161982f,-0.9182860556047158f,-0.029759842110484172f,0.22714288068139837f,-0.9734066280611178f,-0.49813981651818295f,0f,0f,0f,1f],start_interpolation:0}
execute if entity @s[tag=aj.mech_legs.bone.bone3] run data modify entity @s {} merge value {transformation:[-0.997286936372268f,-0.0560230785073698f,-0.047751243080919964f,-0.819902349229052f,-0.06732843633098187f,0.43195130693221545f,0.8993803144948058f,-0.8390590587261361f,-0.029759842110484172f,0.9001552550055508f,-0.43455134182677535f,0.07957977457334778f,0f,0f,0f,1f],start_interpolation:0}
execute if entity @s[tag=aj.mech_legs.bone.leg2] run data modify entity @s {} merge value {transformation:[-0.997286936372268f,-0.061296524077672145f,0.04076153428431498f,-0.8741009177899928f,-0.06732843633098187f,0.983408141211402f,-0.16844972383580856f,-0.14878687499999999f,-0.029759842110484172f,-0.17073711938278271f,-0.9848670914709398f,-0.007691265625990436f,0f,0f,0f,1f],start_interpolation:0}
execute if entity @s[tag=aj.mech_legs.bone.hips] run data modify entity @s {} merge value {transformation:[-0.9988061373414341f,0f,0.04884976979561338f,-0.05082000000000001f,0f,1f,0f,0.24791937500000005f,-0.04884976979561338f,0f,-0.9988061373414341f,0f,0f,0f,0f,1f],start_interpolation:0}