execute if entity @s[tag=aj.mech_legs.bone.foot] run data modify entity @s {} merge value {transformation:[-0.9999645016530622f,-0.007931443907174275f,0.0028438761032150393f,0.6977430517724066f,-0.00796964164874421f,0.9998746398015012f,-0.01368172115667406f,-2.082133556931003f,-0.0027350037904344763f,-0.013703900151625766f,-0.9999023566703403f,-0.003869591136905659f,0f,0f,0f,1f],start_interpolation:0}
execute if entity @s[tag=aj.mech_legs.bone.leg_low] run data modify entity @s {} merge value {transformation:[-0.997346707049174f,0.07121720977236834f,-0.01508823947342627f,0.8044941314752733f,0.07173916734769253f,0.9967196854045356f,-0.03746145479480678f,-0.9754644719634957f,0.012370845016761882f,-0.03844447631743819f,-0.9991841594191979f,-0.2821897757919276f,0f,0f,0f,1f],start_interpolation:0}
execute if entity @s[tag=aj.mech_legs.bone.bone4] run data modify entity @s {} merge value {transformation:[-0.997346707049174f,0.05413507909209825f,0.04867174899118834f,0.8241982485240834f,0.07173916734769253f,0.6172586349806196f,0.7834827818210952f,-0.7994789580189623f,0.012370845016761882f,0.7848956432249795f,-0.6195044724939577f,0.28582170675310425f,0f,0f,0f,1f],start_interpolation:0}
execute if entity @s[tag=aj.mech_legs.bone.leg] run data modify entity @s {} merge value {transformation:[-0.997346707049174f,0.0622707294876892f,-0.03770811832006486f,0.8789771442541849f,0.07173916734769253f,0.9287359152895668f,-0.3637349193018321f,-0.1410068750000001f,0.012370845016761882f,-0.36547497301500903f,-0.9307389571159304f,0.061226080382425496f,0f,0f,0f,1f],start_interpolation:0}
execute if entity @s[tag=aj.mech_legs.bone.foot2] run data modify entity @s {} merge value {transformation:[-0.9984858692632039f,0.0018918826042569666f,0.054976264532210585f,-0.7308119841707084f,0.01312005011101179f,0.9787564093567785f,0.20460634259013435f,-1.6339588549456912f,-0.05342128009312789f,0.20501783318345387f,-0.9772992657881074f,-0.5460794343614052f,0f,0f,0f,1f],start_interpolation:0}
execute if entity @s[tag=aj.mech_legs.bone.leg_low2] run data modify entity @s {} merge value {transformation:[-0.9984565921743759f,0.0016378309600583816f,0.05551352135541629f,-0.7464006225559029f,0.022798962168469352f,0.9235454920770013f,0.3828105685430992f,-0.5076833344803291f,-0.05064228339611758f,0.3834853863890987f,-0.9221574255833067f,-0.33433707161665926f,0f,0f,0f,1f],start_interpolation:0}
execute if entity @s[tag=aj.mech_legs.bone.bone3] run data modify entity @s {} merge value {transformation:[-0.9984565921743759f,-0.0548952248760972f,-0.008423053444844366f,-0.7766977750239242f,0.022798962168469352f,-0.5434337075706663f,0.8391424270051185f,-0.8293515333123224f,-0.05064228339611758f,0.8376552511396338f,0.5438465218888735f,0.11818380566263481f,0f,0f,0f,1f],start_interpolation:0}
execute if entity @s[tag=aj.mech_legs.bone.leg2] run data modify entity @s {} merge value {transformation:[-0.9984565921743759f,0.032915029551058246f,0.04473292269889088f,-0.7653680545046166f,0.022798962168469352f,0.977374808753405f,-0.21028240663043063f,-0.1410068750000001f,-0.05064228339611758f,-0.20893799090614912f,-0.9766167493385157f,0.003804280731707077f,0f,0f,0f,1f],start_interpolation:0}
execute if entity @s[tag=aj.mech_legs.bone.hips] run data modify entity @s {} merge value {transformation:[-0.9993908270190958f,0f,0.034899496702501094f,0.057939999999999985f,0f,1f,0f,0.25569937499999995f,-0.034899496702501094f,0f,-0.9993908270190958f,6.938893903907228e-18f,0f,0f,0f,1f],start_interpolation:0}