execute if entity @s[tag=aj.mech_legs.bone.foot] run data modify entity @s {} merge value {transformation:[-0.9987250687199736f,-0.02188038790873378f,0.045491600710980684f,0.76976248837817f,-0.02227624165313248f,0.9997181184356304f,-0.008212961057583346f,-1.7454332850344834f,-0.04529907469358736f,-0.009215871987254987f,-0.9989309593437473f,0.288249899370404f,0f,0f,0f,1f],start_interpolation:0}
execute if entity @s[tag=aj.mech_legs.bone.leg_low] run data modify entity @s {} merge value {transformation:[-0.9985361951289068f,-0.02014364924211041f,0.0501966175423849f,0.7894467441855716f,-0.029186644283973356f,0.9820182225028584f,-0.18651635442439551f,-0.6872009919470494f,-0.04553687311318646f,-0.18770840169671876f,-0.9811686649702673f,-0.15144468300146507f,0f,0f,0f,1f],start_interpolation:0}
execute if entity @s[tag=aj.mech_legs.bone.bone4] run data modify entity @s {} merge value {transformation:[-0.9985361951289068f,-0.03840118414890112f,-0.03808957959137676f,0.7672082513825194f,-0.029186644283973356f,-0.21033198537624814f,0.9771942466690675f,-0.7808104319230159f,-0.04553687311318646f,0.9768755319812489f,0.20890329868967045f,0.39620129508701185f,0f,0f,0f,1f],start_interpolation:0}
execute if entity @s[tag=aj.mech_legs.bone.leg] run data modify entity @s {} merge value {transformation:[-0.9985361951289068f,-0.0033176021234708336f,0.053985743799969836f,0.773298175218532f,-0.029186644283973356f,0.8733750486247542f,-0.4861729776891646f,-0.15591687500000007f,-0.04553687311318646f,-0.4870369780169248f,-0.8721934276473398f,0.08555622066710233f,0f,0f,0f,1f],start_interpolation:0}
execute if entity @s[tag=aj.mech_legs.bone.foot2] run data modify entity @s {} merge value {transformation:[-0.9993392918602315f,0.00043047021545354613f,0.03634273572097524f,-0.6844056825686016f,0.00009791084325788462f,0.9999581154536422f,-0.00915192612880561f,-2.070571110996053f,-0.03634515315358864f,-0.009142321028817069f,-0.9992974771350365f,-0.6367896949365771f,0f,0f,0f,1f],start_interpolation:0}
execute if entity @s[tag=aj.mech_legs.bone.leg_low2] run data modify entity @s {} merge value {transformation:[-0.9971098861473621f,-0.07065221121849313f,0.027930986325804628f,-0.7874976118819271f,-0.05946387005744653f,0.954602077556489f,0.29188854325345864f,-0.933350119367353f,-0.04728554858501661f,0.28938406758972157f,-0.9560444227755538f,-0.5384288687076056f,0f,0f,0f,1f],start_interpolation:0}
execute if entity @s[tag=aj.mech_legs.bone.bone3] run data modify entity @s {} merge value {transformation:[-0.9971098861473621f,-0.0670909523743024f,-0.035646585484502426f,-0.819416735879105f,-0.05946387005744653f,0.39716543958059425f,0.915818574697273f,-0.8502054863904267f,-0.04728554858501661f,0.9152914386752794f,-0.4000070739158892f,0.030090969760628895f,0f,0f,0f,1f],start_interpolation:0}
execute if entity @s[tag=aj.mech_legs.bone.leg2] run data modify entity @s {} merge value {transformation:[-0.9971098861473621f,-0.05351805331188297f,0.05392302770525134f,-0.868619792516552f,-0.05946387005744653f,0.9915275531029745f,-0.11548662085029235f,-0.15591687500000007f,-0.04728554858501661f,-0.11835932328014774f,-0.9918443161543448f,-0.020621851386131637f,0f,0f,0f,1f],start_interpolation:0}
execute if entity @s[tag=aj.mech_legs.bone.hips] run data modify entity @s {} merge value {transformation:[-0.997915618272179f,0f,0.0645323082529581f,-0.045561250000000005f,0f,1f,0f,0.24078937499999997f,-0.0645323082529581f,0f,-0.997915618272179f,0f,0f,0f,0f,1f],start_interpolation:0}