execute if entity @s[tag=aj.mech_legs.bone.foot] run data modify entity @s {} merge value {transformation:[-0.9954287547507904f,-0.003355150462126727f,0.09544808631223105f,0.7351929171758331f,-0.028728332384049912f,0.9636178896753137f,-0.2657352923797032f,-1.6906675671361793f,-0.09108390161670818f,-0.26726261553586467f,-0.9593093438527567f,0.8810672507400895f,0f,0f,0f,1f],start_interpolation:0}
execute if entity @s[tag=aj.mech_legs.bone.leg_low] run data modify entity @s {} merge value {transformation:[-0.9954943077192887f,0.024488623131286018f,0.09160453392506239f,0.8145642401220364f,-0.036441311929565644f,0.7930759872254303f,-0.6080316679838815f,-0.9431492249794728f,-0.0875392145460888f,-0.6086302537859445f,-0.7886102333175183f,0.015913563202429093f,0f,0f,0f,1f],start_interpolation:0}
execute if entity @s[tag=aj.mech_legs.bone.bone4] run data modify entity @s {} merge value {transformation:[-0.9954943077192887f,-0.09445570695312427f,-0.008318817372654323f,0.7618135106698737f,-0.036441311929565644f,0.30011490878961333f,0.9532067311486287f,-0.7445478911508571f,-0.0875392145460888f,0.9492150235569324f,-0.3022047732423602f,0.5331190005228031f,0f,0f,0f,1f],start_interpolation:0}
execute if entity @s[tag=aj.mech_legs.bone.leg] run data modify entity @s {} merge value {transformation:[-0.9954943077192887f,0.026329001770419608f,0.09109262848478633f,0.7873301389762118f,-0.036441311929565644f,0.7806664220367933f,-0.6238845793006296f,-0.17972187500000003f,-0.0875392145460888f,-0.6243930822567182f,-0.7761895159989016f,0.12403480371656364f,0f,0f,0f,1f],start_interpolation:0}
execute if entity @s[tag=aj.mech_legs.bone.foot2] run data modify entity @s {} merge value {transformation:[-0.9959973787579176f,-0.002583072795985672f,0.08934511314161445f,-0.6500843426133308f,-0.0035426534245968583f,0.9999377202816122f,-0.010583249251787608f,-2.063577577791051f,-0.08931221144989325f,-0.010857407284564302f,-0.9959444992533403f,-1.007650316989386f,0f,0f,0f,1f],start_interpolation:0}
execute if entity @s[tag=aj.mech_legs.bone.leg_low2] run data modify entity @s {} merge value {transformation:[-0.9943708052621196f,-0.07698165191791233f,0.07280471763802854f,-0.7496436911339964f,-0.031877234637318f,0.87263953576067f,0.4873233859966909f,-0.9714905644457488f,-0.10104723427309158f,0.48225933468974114f,-0.8701812400588553f,-0.674471276184549f,0f,0f,0f,1f],start_interpolation:0}
execute if entity @s[tag=aj.mech_legs.bone.bone3] run data modify entity @s {} merge value {transformation:[-0.9943708052621196f,-0.1059129797091333f,-0.003023635476772181f,-0.8083156667990428f,-0.031877234637318f,0.27182316233573556f,0.9618191151821f,-0.8730782714073465f,-0.10104723427309158f,0.956501233217675f,-0.2736692297260068f,-0.12814669511988222f,0f,0f,0f,1f],start_interpolation:0}
execute if entity @s[tag=aj.mech_legs.bone.leg2] run data modify entity @s {} merge value {transformation:[-0.9943708052621196f,-0.03745333350092148f,0.09911583855283893f,-0.8477634223948775f,-0.031877234637318f,0.9978504524906319f,0.05725658369234533f,-0.17972187500000003f,-0.10104723427309158f,0.05377473639089199f,-0.9934272666742388f,-0.05937032521678364f,0f,0f,0f,1f],start_interpolation:0}
execute if entity @s[tag=aj.mech_legs.bone.hips] run data modify entity @s {} merge value {transformation:[-0.9937679191605964f,0f,0.11146893220632559f,-0.026590000000000003f,0f,1f,0f,0.216984375f,-0.11146893220632559f,0f,-0.9937679191605964f,0f,0f,0f,0f,1f],start_interpolation:0}