execute if entity @s[tag=aj.mech_legs.bone.foot] run data modify entity @s {} merge value {transformation:[-0.9933049525515513f,0.006793284847862818f,-0.11532182151499326f,0.6184050370200553f,0.008053544073464751f,0.9999128001432147f,-0.010465779359987326f,-2.030909713190792f,0.11524066844832571f,-0.011324459842790346f,-0.9932730465208708f,-1.060965137418874f,0f,0f,0f,1f],start_interpolation:0}
execute if entity @s[tag=aj.mech_legs.bone.leg_low] run data modify entity @s {} merge value {transformation:[-0.9907342579073922f,0.09107233024511212f,-0.10075445832524625f,0.7270849714320536f,0.02697766413673228f,0.8590335067775351f,0.5112080201554119f,-0.9483166834203749f,0.13310836129415093f,0.5037531785480025f,-0.8535308425923283f,-0.7007493887686174f,0f,0f,0f,1f],start_interpolation:0}
execute if entity @s[tag=aj.mech_legs.bone.bone4] run data modify entity @s {} merge value {transformation:[-0.9907342579073922f,0.13572562850789335f,-0.004917720490824451f,0.8027662283650744f,0.02697766413673228f,0.23215379542510783f,0.9723049012050915f,-0.875159747546014f,0.13310836129415093f,0.9631631061434269f,-0.23366427865151157f,-0.15227587463369358f,0f,0f,0f,1f],start_interpolation:0}
execute if entity @s[tag=aj.mech_legs.bone.leg] run data modify entity @s {} merge value {transformation:[-0.9907342579073922f,0.03744539339791195f,-0.13055065194001966f,0.8431941837065214f,0.02697766413673228f,0.9963450546946155f,0.08104774903295708f,-0.18357687500000008f,0.13310836129415093f,0.07677482985236203f,-0.9881233676291268f,-0.0679662207054999f,0f,0f,0f,1f],start_interpolation:0}
execute if entity @s[tag=aj.mech_legs.bone.foot2] run data modify entity @s {} merge value {transformation:[-0.9949831090985686f,0.005509316097385891f,-0.09989124108091105f,-0.7269543596963073f,0.030753601587493774f,0.9669788324233597f,-0.2529943747093075f,-1.6021810341559655f,0.09519888968860564f,-0.2547971449629978f,-0.9622970364293768f,0.9106134405612818f,0f,0f,0f,1f],start_interpolation:0}
execute if entity @s[tag=aj.mech_legs.bone.leg_low2] run data modify entity @s {} merge value {transformation:[-0.995229068405054f,-0.03157841808837968f,-0.09231416420378628f,-0.8144344481001029f,0.03457278691000074f,0.770633330599054f,-0.636340311606207f,-0.8865388338171064f,0.0912349922282224f,-0.6364959334362195f,-0.7658649377744561f,0.019671322882488296f,0f,0f,0f,1f],start_interpolation:0}
execute if entity @s[tag=aj.mech_legs.bone.bone3] run data modify entity @s {} merge value {transformation:[-0.995229068405054f,0.09679838912962047f,-0.012213650703974607f,-0.7592146570137259f,0.03457278691000074f,0.4669491234291528f,0.8836080797129582f,-0.7317394589681377f,0.0912349922282224f,0.8789701860647244f,-0.46806793118356205f,0.5633716535174422f,0f,0f,0f,1f],start_interpolation:0}
execute if entity @s[tag=aj.mech_legs.bone.leg2] run data modify entity @s {} merge value {transformation:[-0.995229068405054f,-0.03375345601430983f,-0.09154127816836607f,-0.7898891455311486f,0.03457278691000074f,0.755363757589152f,-0.6543930899131442f,-0.18357687500000008f,0.0912349922282224f,-0.6544358623485472f,-0.750593017730134f,0.13255119879280075f,0f,0f,0f,1f],start_interpolation:0}
execute if entity @s[tag=aj.mech_legs.bone.hips] run data modify entity @s {} merge value {transformation:[-0.992546151641322f,0f,-0.12186934340514734f,0.022687499999999985f,0f,1f,0f,0.21312937499999995f,0.12186934340514734f,0f,-0.992546151641322f,6.938893903907228e-18f,0f,0f,0f,1f],start_interpolation:0}