execute if entity @s[tag=aj.mech_legs.bone.foot] run data modify entity @s {} merge value {transformation:[-0.9931790987456183f,-0.008613022390781863f,0.11628023761644599f,0.6476874398343353f,-0.030264548437780675f,0.982130929953961f,-0.18574954518282166f,-1.3165209838424385f,-0.11260255291377044f,-0.18800173476078302f,-0.9756925810952126f,1.031982247081709f,0f,0f,0f,1f],start_interpolation:0}
execute if entity @s[tag=aj.mech_legs.bone.leg_low] run data modify entity @s {} merge value {transformation:[-0.993246921664458f,0.04222260919390025f,0.10806388794105597f,0.7507443837393049f,-0.03352370119108644f,0.7872514006391704f,-0.6157202235188602f,-0.5774300373099419f,-0.1110707615105284f,-0.615184918105543f,-0.7805195721267646f,0.16209821981507444f,0f,0f,0f,1f],start_interpolation:0}
execute if entity @s[tag=aj.mech_legs.bone.bone4] run data modify entity @s {} merge value {transformation:[-0.993246921664458f,-0.10806388794105595f,0.04222260919390027f,0.6913444759635284f,-0.03352370119108644f,0.6157202235188605f,0.7872514006391703f,-0.22359297041505527f,-0.1110707615105284f,0.7805195721267645f,-0.6151849181055432f,0.5864839609721648f,0f,0f,0f,1f],start_interpolation:0}
execute if entity @s[tag=aj.mech_legs.bone.leg] run data modify entity @s {} merge value {transformation:[-0.993246921664458f,0.05119576735850749f,0.1041131404225783f,0.7337477944808015f,-0.03352370119108644f,0.7324546465079589f,-0.679989964828417f,0.30942312499999997f,-0.1110707615105284f,-0.6788881971381404f,-0.7257920512956839f,0.13801410967244862f,0f,0f,0f,1f],start_interpolation:0}
execute if entity @s[tag=aj.mech_legs.bone.foot2] run data modify entity @s {} merge value {transformation:[-0.9920261541338782f,-0.0022755437107529614f,0.12601163206294713f,-0.5520913516168177f,-0.003684858418466681f,0.9999332351158938f,-0.010952037668785275f,-1.490474995167125f,-0.12597829707049926f,-0.011329042831726255f,-0.9919683066790661f,-1.1814007069674881f,0f,0f,0f,1f],start_interpolation:0}
execute if entity @s[tag=aj.mech_legs.bone.leg_low2] run data modify entity @s {} merge value {transformation:[-0.9909985122602948f,-0.08932651205223006f,0.09971320345102369f,-0.6590664138786426f,-0.01660019985623236f,0.8210803996070133f,0.5705711268070972f,-0.4361718221679464f,-0.13283968557105055f,0.5637798786989212f,-0.8151722924091656f,-0.7448511252646804f,0f,0f,0f,1f],start_interpolation:0}
execute if entity @s[tag=aj.mech_legs.bone.bone3] run data modify entity @s {} merge value {transformation:[-0.9909985122602948f,-0.13379957741807727f,0.004429647912237711f,-0.7335151353586482f,-0.01660019985623236f,0.15564934409451828f,0.9876728785623706f,-0.3763965798329872f,-0.13283968557105055f,0.9787088202145162f,-0.15646936815777782f,-0.19692532324054737f,0f,0f,0f,1f],start_interpolation:0}
execute if entity @s[tag=aj.mech_legs.bone.leg2] run data modify entity @s {} merge value {transformation:[-0.9909985122602948f,-0.03442751036061948f,0.12937038002669654f,-0.7718037881602731f,-0.01660019985623236f,0.9905105786497743f,0.1364303006946123f,0.30942312499999997f,-0.13283968557105055f,0.13305465085166557f,-0.9821660133725489f,-0.07357736643943463f,0f,0f,0f,1f],start_interpolation:0}
execute if entity @s[tag=aj.mech_legs.bone.hips] run data modify entity @s {} merge value {transformation:[-0.9902680687415704f,0f,0.13917310096006555f,-0.01450000000000002f,0f,1f,0f,0.706129375f,-0.13917310096006555f,0f,-0.9902680687415704f,0f,0f,0f,0f,1f],start_interpolation:0}