execute if entity @s[tag=aj.mech_legs.bone.foot] run data modify entity @s {} merge value {transformation:[-0.9974939966613353f,-0.014122561556384566f,0.0693273386167551f,0.6858261296815229f,-0.026686337244024107f,0.9826006462877468f,-0.183803724987825f,-1.6809316307736208f,-0.06552530830979969f,-0.18519320497790404f,-0.9805151252280189f,0.6996683405864963f,0f,0f,0f,1f],start_interpolation:0}
execute if entity @s[tag=aj.mech_legs.bone.leg_low] run data modify entity @s {} merge value {transformation:[-0.9974355644176615f,0.0035793706192855726f,0.07148064731653624f,0.737080674770334f,-0.03266161483970539f,0.8659181008078891f,-0.4991182841865449f,-0.8262504078856207f,-0.06368291569081916f,-0.5001730008699268f,-0.8635806015942508f,-0.062215745529865696f,0f,0f,0f,1f],start_interpolation:0}
execute if entity @s[tag=aj.mech_legs.bone.bone4] run data modify entity @s {} merge value {transformation:[-0.9974355644176615f,-0.06711788525376329f,-0.02484923165580595f,0.6994228943206915f,-0.03266161483970539f,0.1179325500354268f,0.9924843235831002f,-0.7458734752815332f,-0.06368291569081916f,0.9907507775021952f,-0.11982229812481399f,0.48637674122762203f,0f,0f,0f,1f],start_interpolation:0}
execute if entity @s[tag=aj.mech_legs.bone.leg] run data modify entity @s {} merge value {transformation:[-0.9974355644176615f,0.01163481754503689f,0.0706181694432456f,0.715382947288225f,-0.03266161483970539f,0.8039626086390815f,-0.5937822351892196f,-0.16582687499999998f,-0.06368291569081916f,-0.5945660223481802f,-0.8015208863892316f,0.09866470230093766f,0f,0f,0f,1f],start_interpolation:0}
execute if entity @s[tag=aj.mech_legs.bone.foot2] run data modify entity @s {} merge value {transformation:[-0.9985535785432691f,-0.004430804088130447f,0.05358282144086737f,-0.6011821008290825f,-0.0050253930606882075f,0.9999272325710669f,-0.010966995365788712f,-2.0013186875461444f,-0.053530329748814894f,-0.011220407207416683f,-0.9985031828988242f,-0.9271824900439236f,0f,0f,0f,1f],start_interpolation:0}
execute if entity @s[tag=aj.mech_legs.bone.leg_low2] run data modify entity @s {} merge value {transformation:[-0.9962235900104546f,-0.07702116636126467f,0.04007865565400336f,-0.7085337470753742f,-0.051146014530922296f,0.8935965454249448f,0.4459476417722235f,-0.8960441201933628f,-0.07016155574304543f,0.4422136971385612f,-0.8941612841980805f,-0.6436015727764073f,0f,0f,0f,1f],start_interpolation:0}
execute if entity @s[tag=aj.mech_legs.bone.bone3] run data modify entity @s {} merge value {transformation:[-0.9962235900104546f,-0.08175462545797613f,-0.02923593547174137f,-0.7502769900908921f,-0.051146014530922296f,0.2804771918660285f,0.958497068352611f,-0.860667184820493f,-0.07016155574304543f,0.9563726920291968f,-0.2835994182584697f,-0.07667836613271113f,0f,0f,0f,1f],start_interpolation:0}
execute if entity @s[tag=aj.mech_legs.bone.leg2] run data modify entity @s {} merge value {transformation:[-0.9962235900104546f,-0.05238432229326221f,0.06924190555261617f,-0.7991791714688151f,-0.051146014530922296f,0.9985000415080337f,0.01953848269589011f,-0.16582687499999998f,-0.07016155574304543f,0.015923249867113933f,-0.9974085452859249f,-0.03384231329610777f,0f,0f,0f,1f],start_interpolation:0}
execute if entity @s[tag=aj.mech_legs.bone.hips] run data modify entity @s {} merge value {transformation:[-0.9961946980917455f,0f,0.0871557427476583f,-0.03906250000000001f,0f,1f,0f,0.230879375f,-0.0871557427476583f,0f,-0.9961946980917455f,0f,0f,0f,0f,1f],start_interpolation:0}