execute if entity @s[tag=aj.mech_legs.bone.foot] run data modify entity @s {} merge value {transformation:[-0.9996433932814698f,-0.020935036266229452f,0.016577410088443625f,0.6999533256185088f,-0.021141227859950023f,0.9997000685309207f,-0.012362097873970052f,-1.695892425138417f,-0.01631363703416404f,-0.012708156270820614f,-0.9997861611419282f,0.2218204140425124f,0f,0f,0f,1f],start_interpolation:0}
execute if entity @s[tag=aj.mech_legs.bone.leg_low] run data modify entity @s {} merge value {transformation:[-0.9994805865282589f,-0.02460046816948905f,0.02081763961090247f,0.707763994465777f,-0.02752694333088295f,0.9876030619440215f,-0.15453950766600544f,-0.6239329158373645f,-0.01675782038290836f,-0.1550322837496595f,-0.9877672633021298f,-0.1836622436608199f,0f,0f,0f,1f],start_interpolation:0}
execute if entity @s[tag=aj.mech_legs.bone.bone4] run data modify entity @s {} merge value {transformation:[-0.9994805865282589f,-0.00781552971563847f,-0.031264590967921384f,0.7029540850707523f,-0.02752694333088295f,-0.29743235667142787f,0.9543459857911797f,-0.7748726946400366f,-0.01675782038290836f,0.954710904253295f,0.29706272865485783f,0.3511520457860981f,0f,0f,0f,1f],start_interpolation:0}
execute if entity @s[tag=aj.mech_legs.bone.leg] run data modify entity @s {} merge value {transformation:[-0.9994805865282589f,-0.01671476736808829f,0.027553106992826613f,0.7005752175654915f,-0.02752694333088295f,0.8873825420595669f,-0.46021135518233297f,-0.14107687499999993f,-0.01675782038290836f,-0.46073076801938434f,-0.8873817300667636f,0.05904486183851917f,0f,0f,0f,1f],start_interpolation:0}
execute if entity @s[tag=aj.mech_legs.bone.foot2] run data modify entity @s {} merge value {transformation:[-0.9999995246273118f,-0.00022890986215017093f,0.0009478108596363624f,-0.6230066618657565f,-0.00023457028201847446f,0.999982114244157f,-0.00597630057552187f,-2.01727595388252f,-0.0009464258731818331f,-0.005976520062812463f,-0.9999816925754219f,-0.5464506835156406f,0f,0f,0f,1f],start_interpolation:0}
execute if entity @s[tag=aj.mech_legs.bone.leg_low2] run data modify entity @s {} merge value {transformation:[-0.9968060040392448f,-0.07943670594657327f,-0.00822192554520386f,-0.7444365712985561f,-0.07908206627044818f,0.9674927924654217f,0.24021599306011454f,-0.8783431480806825f,-0.011127313499208338f,0.2400989510094082f,-0.9706846432382004f,-0.5056925825975451f,0f,0f,0f,1f],start_interpolation:0}
execute if entity @s[tag=aj.mech_legs.bone.bone3] run data modify entity @s {} merge value {transformation:[-0.9968060040392448f,-0.044160494336790576f,-0.066540521873844f,-0.7547940352428261f,-0.07908206627044818f,0.42973057383262203f,0.8994874433297454f,-0.8312303836676342f,-0.011127313499208338f,0.9018766460294977f,-0.43185031925526546f,0.08731735544734437f,0f,0f,0f,1f],start_interpolation:0}
execute if entity @s[tag=aj.mech_legs.bone.leg2] run data modify entity @s {} merge value {transformation:[-0.9968060040392448f,-0.07623130178351233f,0.02380291872238139f,-0.8188461278159233f,-0.07908206627044818f,0.9837476610653677f,-0.16120349296096206f,-0.14107687499999993f,-0.011127313499208338f,-0.16257099365141858f,-0.9866341038690487f,0.005985499275613381f,0f,0f,0f,1f],start_interpolation:0}
execute if entity @s[tag=aj.mech_legs.bone.hips] run data modify entity @s {} merge value {transformation:[-0.9993908270190958f,0f,0.034899496702501094f,-0.058f,0f,1f,0f,0.25562937500000005f,-0.034899496702501094f,0f,-0.9993908270190958f,-6.938893903907228e-18f,0f,0f,0f,1f],start_interpolation:0}