execute if entity @s[tag=aj.mech_legs.bone.foot] run data modify entity @s {} merge value {transformation:[-0.9954891862551323f,0.015713794497108392f,-0.09356471937433f,0.6097007760245574f,-0.0075662166741406085f,0.9698985745612262f,0.24339167493844466f,-1.7026909436003455f,0.09457289471267354f,0.24300171136558724f,-0.9654046487660298f,-0.9783809773806742f,0f,0f,0f,1f],start_interpolation:0}
execute if entity @s[tag=aj.mech_legs.bone.leg_low] run data modify entity @s {} merge value {transformation:[-0.9956228264495155f,0.04609548141578831f,-0.08130432980920868f,0.6726667770602527f,-0.008962923544352916f,0.8188168937694916f,0.5739848085787804f,-0.6493434619587721f,0.09303146486117451f,0.5722011019481943f,-0.8148196398437241f,-0.5310905264878775f,0f,0f,0f,1f],start_interpolation:0}
execute if entity @s[tag=aj.mech_legs.bone.bone4] run data modify entity @s {} merge value {transformation:[-0.9956228264495155f,0.08873487222281606f,0.029348081781921814f,0.7224007044765168f,-0.008962923544352916f,-0.4032125999513977f,0.9150624378926131f,-0.8596350815393303f,0.09303146486117451f,0.9107940061792429f,0.40224299229911936f,-0.019098097395474446f,0f,0f,0f,1f],start_interpolation:0}
execute if entity @s[tag=aj.mech_legs.bone.leg] run data modify entity @s {} merge value {transformation:[-0.9956228264495155f,-0.015164086941210773f,-0.09222384680719659f,0.7249604214688151f,-0.008962923544352916f,0.9976934371599281f,-0.06728648786752585f,-0.16192062499999998f,0.09303146486117451f,-0.0661653679446281f,-0.9934622743871737f,-0.03384231329610759f,0f,0f,0f,1f],start_interpolation:0}
execute if entity @s[tag=aj.mech_legs.bone.foot2] run data modify entity @s {} merge value {transformation:[-0.9976075204293136f,0.013564074041190161f,-0.06778828127546854f,-0.6593378838454957f,0.014097630478355858f,0.9998732497495945f,-0.00739873300510846f,-2.080020519507336f,0.06767933213155003f,-0.008336685827729007f,-0.9976722947299065f,0.42760273861065073f,0f,0f,0f,1f],start_interpolation:0}
execute if entity @s[tag=aj.mech_legs.bone.leg_low2] run data modify entity @s {} merge value {transformation:[-0.9958901633966052f,-0.05125624432987767f,-0.07466980559154437f,-0.7647568413473312f,-0.03188070375526455f,0.9700765682543244f,-0.24069705534547386f,-1.0497764524510624f,0.08477265583873263f,-0.23732730382555833f,-0.9677237972071056f,-0.06337423388554242f,0f,0f,0f,1f],start_interpolation:0}
execute if entity @s[tag=aj.mech_legs.bone.bone3] run data modify entity @s {} merge value {transformation:[-0.9958901633966052f,0.041827843270654114f,-0.08033189887715057f,-0.7314267256204872f,-0.03188070375526455f,0.6683010114426083f,0.7432074937948727f,-0.7719025546647333f,0.08477265583873263f,0.7427140699031576f,-0.6642209024036623f,0.43268135618442927f,0f,0f,0f,1f],start_interpolation:0}
execute if entity @s[tag=aj.mech_legs.bone.leg2] run data modify entity @s {} merge value {transformation:[-0.9958901633966052f,-0.07151792381275887f,-0.05556949723900305f,-0.789601697288225f,-0.03188070375526455f,0.8511069323713898f,-0.5240234826774766f,-0.16192062499999998f,0.08477265583873263f,-0.5200982371080245f,-0.8498890636895929f,0.09866470230093746f,0f,0f,0f,1f],start_interpolation:0}
execute if entity @s[tag=aj.mech_legs.bone.hips] run data modify entity @s {} merge value {transformation:[-0.9961946980917455f,0f,-0.08715574274765805f,-0.03515625000000001f,0f,1f,0f,0.234785625f,0.08715574274765805f,0f,-0.9961946980917455f,0f,0f,0f,0f,1f],start_interpolation:0}