execute if entity @s[tag=aj.mech_legs.bone.foot] run data modify entity @s {} merge value {transformation:[-0.9999632017537208f,-0.00836006115850951f,0.001924711893662688f,0.6382570821326282f,-0.008381501022008313f,0.9998997240265408f,-0.011414566670060439f,-2.052872466978771f,-0.0018290924158443286f,-0.011430278608728743f,-0.9999329993313858f,0.0011487207590759052f,0f,0f,0f,1f],start_interpolation:0}
execute if entity @s[tag=aj.mech_legs.bone.leg_low] run data modify entity @s {} merge value {transformation:[-0.9973708109260102f,0.07070301068174768f,-0.01589181529371463f,0.7442434444125623f,0.07135994119139814f,0.996412700833565f,-0.04549163011720109f,-0.9484233346836783f,0.012618411387851775f,-0.046506063025123f,-0.9988383061316533f,-0.28613752501373624f,0f,0f,0f,1f],start_interpolation:0}
execute if entity @s[tag=aj.mech_legs.bone.bone4] run data modify entity @s {} merge value {transformation:[-0.9973708109260102f,0.05190627521506368f,0.05056880566209701f,0.7623062581252423f,0.07135994119139814f,0.5819693863015731f,0.8100736955369742f,-0.7976907403502609f,0.012618411387851775f,0.8115524456257084f,-0.584143307496524f,0.28913727542193224f,0f,0f,0f,1f],start_interpolation:0}
execute if entity @s[tag=aj.mech_legs.bone.leg] run data modify entity @s {} merge value {transformation:[-0.9973708109260102f,0.06151055325476992f,-0.03831340954659324f,0.8165752175654915f,0.07135994119139814f,0.9257041257494929f,-0.37145609479927394f,-0.14107687500000005f,0.012618411387851775f,-0.3732135091454476f,-0.9276596640392358f,0.0590448618385192f,0f,0f,0f,1f],start_interpolation:0}
execute if entity @s[tag=aj.mech_legs.bone.foot2] run data modify entity @s {} merge value {transformation:[-0.9986773720480997f,0.0012768579123191692f,0.05139918475008624f,-0.6590632753902548f,0.011674935571841148f,0.9792092544245726f,0.20251649791724696f,-1.649314832395072f,-0.05007197258442199f,0.20284872610678306f,-0.9779290321277718f,-0.610055953259004f,0f,0f,0f,1f],start_interpolation:0}
execute if entity @s[tag=aj.mech_legs.bone.leg_low2] run data modify entity @s {} merge value {transformation:[-0.998683747696597f,-0.003740560318683358f,0.05115447483048186f,-0.6817143433290314f,0.017658758733397714f,0.9112900049445598f,0.41138630887298655f,-0.5302227576153404f,-0.04815537692382607f,0.4117481452255091f,-0.9100244637242879f,-0.36369394500005536f,0f,0f,0f,1f],start_interpolation:0}
execute if entity @s[tag=aj.mech_legs.bone.bone3] run data modify entity @s {} merge value {transformation:[-0.998683747696597f,-0.04968805741725754f,-0.012722776299983769f,-0.7095078250008456f,0.017658758733397714f,-0.565972474450432f,0.8242349946492513f,-0.832291697439544f,-0.04815537692382607f,0.8229254250018984f,0.5661049412951363f,0.10193912322001875f,0f,0f,0f,1f],start_interpolation:0}
execute if entity @s[tag=aj.mech_legs.bone.leg2] run data modify entity @s {} merge value {transformation:[-0.998683747696597f,0.0261918701657714f,0.04409941069787083f,-0.7028461278159233f,0.017658758733397714f,0.9828030659742061f,-0.1838105050090883f,-0.14107687500000005f,-0.04815537692382607f,-0.18278982315468165f,-0.9819719650908597f,0.005985499275613371f,0f,0f,0f,1f],start_interpolation:0}
execute if entity @s[tag=aj.mech_legs.bone.hips] run data modify entity @s {} merge value {transformation:[-0.9993908270190958f,0f,0.03489949670250113f,0.05799999999999999f,0f,1f,0f,0.25562937499999994f,-0.03489949670250113f,0f,-0.9993908270190958f,6.938893903907228e-18f,0f,0f,0f,1f],start_interpolation:0}