execute if entity @s[tag=aj.mech_legs.bone.foot] run data modify entity @s {} merge value {transformation:[-0.9952961698874363f,-0.0032276035892857893f,-0.09682518671538998f,0.7070068092064463f,-0.009871601869340151f,0.9976215855042138f,0.06821820587344818f,-1.9160283341669178f,0.09637471496161709f,0.06885313871661441f,-0.992960804667001f,-0.7844444725566261f,0f,0f,0f,1f],start_interpolation:0}
execute if entity @s[tag=aj.mech_legs.bone.leg_low] run data modify entity @s {} merge value {transformation:[-0.9956691294492013f,0.021019292840289156f,-0.09056033342674805f,0.7396798664880545f,-0.016599081811785297f,0.9182600404419986f,0.39562983786674255f,-0.7928559763455358f,0.0914737948533637f,0.39541963463636143f,-0.9139342741133913f,-0.558633251000248f,0f,0f,0f,1f],start_interpolation:0}
execute if entity @s[tag=aj.mech_legs.bone.bone4] run data modify entity @s {} merge value {transformation:[-0.9956691294492013f,0.09296309955558807f,0.0009202080674676656f,0.7913513507355371f,-0.016599081811785297f,-0.18750398235875426f,0.9821235803515839f,-0.8669661445866244f,0.0914737948533637f,0.9778548556511986f,0.1882350289783996f,-0.009650440427876918f,0f,0f,0f,1f],start_interpolation:0}
execute if entity @s[tag=aj.mech_legs.bone.leg] run data modify entity @s {} merge value {transformation:[-0.9956691294492013f,-0.024639816424954462f,-0.08964298136727801f,0.7872225900995492f,-0.016599081811785297f,0.9958609246936545f,-0.08936156417221525f,-0.16973312500000004f,0.0914737948533637f,-0.0874865596240007f,-0.9919569782708729f,-0.03928954721783621f,0f,0f,0f,1f],start_interpolation:0}
execute if entity @s[tag=aj.mech_legs.bone.foot2] run data modify entity @s {} merge value {transformation:[-0.9977563662352504f,0.01599033089340045f,-0.0650118678008002f,-0.7354260042505518f,0.015732036098740364f,0.9998661936538379f,0.004483060157288721f,-2.0593011324910004f,0.06507485441564266f,0.0034502327610619887f,-0.9978744205643703f,0.4560629289884144f,0f,0f,0f,1f],start_interpolation:0}
execute if entity @s[tag=aj.mech_legs.bone.leg_low2] run data modify entity @s {} merge value {transformation:[-0.9963737638523275f,-0.04552861865757053f,-0.07187814403474871f,-0.8337809877477428f,-0.024696797534438424f,0.9631742485211139f,-0.26774135873512434f,-1.0429337603484992f,0.08142107158647273f,-0.2649953053714744f,-0.9608059623216281f,-0.0644157390589577f,0f,0f,0f,1f],start_interpolation:0}
execute if entity @s[tag=aj.mech_legs.bone.bone3] run data modify entity @s {} merge value {transformation:[-0.9963737638523275f,0.03668063486856604f,-0.0767714382591957f,-0.7978781675565578f,-0.024696797534438424f,0.7387712581000163f,0.6735035979093669f,-0.7687333194482319f,0.08142107158647273f,0.6729573234841556f,-0.7351864048462488f,0.4581087135256273f,0f,0f,0f,1f],start_interpolation:0}
execute if entity @s[tag=aj.mech_legs.bone.leg2] run data modify entity @s {} merge value {transformation:[-0.9963737638523275f,-0.06544488646406944f,-0.05437177155888541f,-0.8518638659189591f,-0.024696797534438424f,0.8339766370249635f,-0.5512468023381861f,-0.16973312500000004f,0.08142107158647273f,-0.5479050426234798f,-0.8325687199081367f,0.1041119362226661f,0f,0f,0f,1f],start_interpolation:0}
execute if entity @s[tag=aj.mech_legs.bone.hips] run data modify entity @s {} merge value {transformation:[-0.9961946980917455f,0f,-0.08715574274765805f,-0.03515625000000001f,0f,1f,0f,0.226973125f,0.08715574274765805f,0f,-0.9961946980917455f,0f,0f,0f,0f,1f],start_interpolation:0}