execute if entity @s[tag=aj.mech_legs.bone.foot] run data modify entity @s {} merge value {transformation:[-0.999814737209994f,-0.01922128537756202f,-0.0010165855326216228f,0.6968645121071099f,-0.01924801627110966f,0.9986088931165581f,0.04908963697309023f,-1.7004325441848664f,0.00007160543214889477f,0.04910010974485696f,-0.9987938596605931f,0.041470849809848664f,0f,0f,0f,1f],start_interpolation:0}
execute if entity @s[tag=aj.mech_legs.bone.leg_low] run data modify entity @s {} merge value {transformation:[-0.9996824097763461f,-0.025144092306304756f,0.0016894395075304717f,0.6995761470753681f,-0.02517439121366624f,0.9994562471991932f,-0.02129459935115674f,-0.5839374831568731f,-0.001153087498355198f,-0.021330367005680695f,-0.9997718168825442f,-0.21738395034430996f,0f,0f,0f,1f],start_interpolation:0}
execute if entity @s[tag=aj.mech_legs.bone.bone4] run data modify entity @s {} merge value {transformation:[-0.9996824097763461f,0.008728550220190031f,-0.02364089665835878f,0.7040710525089803f,-0.02517439121366624f,-0.38881138787548886f,0.920973373494238f,-0.7861403531383278f,-0.001153087498355198f,0.9212760265356901f,0.3889076411178254f,0.3002318062226685f,0f,0f,0f,1f],start_interpolation:0}
execute if entity @s[tag=aj.mech_legs.bone.leg] run data modify entity @s {} merge value {transformation:[-0.9996824097763461f,-0.022517692348582453f,0.011315171896713286f,0.6981776578124538f,-0.02517439121366624f,0.9128565338583745f,-0.4075036179214801f,-0.13632687500000001f,-0.001153087498355198f,-0.4076590513203024f,-0.9131334887440347f,0.04579690600986722f,0f,0f,0f,1f],start_interpolation:0}
execute if entity @s[tag=aj.mech_legs.bone.foot2] run data modify entity @s {} merge value {transformation:[-0.9999318692160528f,0.0015010792158217747f,-0.011575996167868662f,-0.6264650949502308f,0.0015698577953509236f,0.9999811573437888f,-0.005934686502157643f,-2.018930891913963f,0.011566869610791772f,-0.0059524548351369f,-0.999915384324515f,-0.41911051289798806f,0f,0f,0f,1f],start_interpolation:0}
execute if entity @s[tag=aj.mech_legs.bone.leg_low2] run data modify entity @s {} merge value {transformation:[-0.9964927106038588f,-0.0810386664317372f,-0.020856947435802284f,-0.7526513332559132f,-0.0834112001221011f,0.9818952375610119f,0.17007149716867442f,-0.8804658629319094f,0.006696970028676287f,0.1712147102265727f,-0.9852109792295586f,-0.45846521876789337f,0f,0f,0f,1f],start_interpolation:0}
execute if entity @s[tag=aj.mech_legs.bone.bone3] run data modify entity @s {} merge value {transformation:[-0.9964927106038588f,-0.03345876856202853f,-0.07669933845664381f,-0.7536628622539941f,-0.0834112001221011f,0.4705184621978531f,0.8784389269750961f,-0.8203753743357904f,0.006696970028676287f,0.8817555713105986f,-0.47165905382506434f,0.13945271716844018f,0f,0f,0f,1f],start_interpolation:0}
execute if entity @s[tag=aj.mech_legs.bone.leg2] run data modify entity @s {} merge value {transformation:[-0.9964927106038588f,-0.08286075482544965f,0.01167788607286922f,-0.8219382858993277f,-0.0834112001221011f,0.9724075715676243f,-0.21786713027014068f,-0.13632687500000001f,0.006696970028676287f,-0.2180770736866037f,-0.9759085718061516f,0.01926318351395915f,0f,0f,0f,1f],start_interpolation:0}
execute if entity @s[tag=aj.mech_legs.bone.hips] run data modify entity @s {} merge value {transformation:[-0.9998476951563913f,0f,0.017452406437283633f,-0.0613125f,0f,1f,0f,0.26037937499999997f,-0.017452406437283633f,0f,-0.9998476951563913f,-6.938893903907228e-18f,0f,0f,0f,1f],start_interpolation:0}