execute if entity @s[tag=aj.mech_legs.bone.foot] run data modify entity @s {} merge value {transformation:[-0.9977455565112672f,0.00822480098914077f,-0.0666044826622858f,0.5802751334165718f,0.008511447006079451f,0.9999556921165249f,-0.0040210786642990715f,-1.5112511050263293f,0.06656845898685354f,-0.004578913894233871f,-0.9977713534751658f,-0.7124398962988879f,0f,0f,0f,1f],start_interpolation:0}
execute if entity @s[tag=aj.mech_legs.bone.leg_low] run data modify entity @s {} merge value {transformation:[-0.9931811537304946f,0.09037306935646025f,-0.07364716022804792f,0.6946165282161183f,0.060681133129560846f,0.9401435099350359f,0.3353326420275005f,-0.3800698024812812f,0.09954393982898131f,0.3285770671579556f,-0.9392167561224618f,-0.5677703140269518f,0f,0f,0f,1f],start_interpolation:0}
execute if entity @s[tag=aj.mech_legs.bone.bone4] run data modify entity @s {} merge value {transformation:[-0.9931811537304946f,0.11397249321588612f,0.024524817322828896f,0.7540310384351105f,0.060681133129560846f,0.32576412923844755f,0.9435017393643896f,-0.3491400486885147f,0.09954393982898131f,0.9385563397535975f,-0.3304587737549924f,0.006172403111053132f,0f,0f,0f,1f],start_interpolation:0}
execute if entity @s[tag=aj.mech_legs.bone.leg] run data modify entity @s {} merge value {transformation:[-0.9931811537304946f,0.05246299951376508f,-0.10410969962775812f,0.8040915318244641f,0.060681133129560846f,0.995151284974258f,-0.07740620192333306f,0.3464231250000001f,0.09954393982898131f,-0.08319587547530213f,-0.9915490156049885f,-0.020571293857644786f,0f,0f,0f,1f],start_interpolation:0}
execute if entity @s[tag=aj.mech_legs.bone.foot2] run data modify entity @s {} merge value {transformation:[-0.9986106200613007f,0.016706240412554155f,-0.0499773051700695f,-0.6941811323911398f,0.023077696269933442f,0.9912766471334292f,-0.12976143025868325f,-1.2053280928994021f,0.04737350985157226f,-0.13073450339976977f,-0.9902849287882544f,0.4600042124412652f,0f,0f,0f,1f],start_interpolation:0}
execute if entity @s[tag=aj.mech_legs.bone.leg_low2] run data modify entity @s {} merge value {transformation:[-0.9986078683866159f,0.008372694265166462f,-0.05207900908313574f,-0.7275092420609759f,0.02554036888747502f,0.9406156946956525f,-0.33851115852997543f,-0.2293560229775532f,0.04615208287207616f,-0.3393700235479803f,-0.9395200755511357f,-0.1399475670087581f,0f,0f,0f,1f],start_interpolation:0}
execute if entity @s[tag=aj.mech_legs.bone.bone3] run data modify entity @s {} merge value {transformation:[-0.9986078683866159f,0.043420578469059556f,0.029949600360464387f,-0.7029395299415536f,0.02554036888747502f,-0.09876727908709948f,0.9947827472060532f,-0.2693268440530035f,0.04615208287207616f,0.9941628025364573f,0.09752080444410682f,0.41379509791685787f,0f,0f,0f,1f],start_interpolation:0}
execute if entity @s[tag=aj.mech_legs.bone.leg2] run data modify entity @s {} merge value {transformation:[-0.9986078683866159f,-0.0016765740169143936f,-0.05272109915304398f,-0.712552478077934f,0.02554036888747502f,0.85914753351756f,-0.511090212396779f,0.3464231250000001f,0.04615208287207616f,-0.5117252238753323f,-0.8579086667567299f,0.08548278660805156f,0f,0f,0f,1f],start_interpolation:0}
execute if entity @s[tag=aj.mech_legs.bone.hips] run data modify entity @s {} merge value {transformation:[-0.9975640502598242f,0f,-0.06975647374412518f,0.04350000000000001f,0f,1f,0f,0.7431293750000001f,0.06975647374412518f,0f,-0.9975640502598242f,6.938893903907228e-18f,0f,0f,0f,1f],start_interpolation:0}