execute if entity @s[tag=aj.mech_legs.bone.foot] run data modify entity @s {} merge value {transformation:[-0.9897043787027309f,-0.0005119471821869309f,-0.14312575130536195f,0.6346737593062428f,-0.004283015848728077f,0.9996516980283714f,0.02604109068823962f,-1.995169585555824f,0.14306256866099257f,0.026385991341547566f,-0.989361855394194f,-1.1269971914135453f,0f,0f,0f,1f],start_interpolation:0}
execute if entity @s[tag=aj.mech_legs.bone.leg_low] run data modify entity @s {} merge value {transformation:[-0.9903353991113786f,0.0681237401970741f,-0.12080957449005492f,0.7128948664702348f,-0.008830142848449078f,0.8383193851876016f,0.5451079131657854f,-0.9267440005376434f,0.1384117980671538f,0.5409064285440163f,-0.8296158205552581f,-0.7196612004925975f,0f,0f,0f,1f],start_interpolation:0}
execute if entity @s[tag=aj.mech_legs.bone.bone4] run data modify entity @s {} merge value {transformation:[-0.9903353991113786f,0.1381941970055618f,-0.011754198436922839f,0.7893011114651658f,-0.008830142848449078f,0.021753125192656875f,0.9997243770768164f,-0.8836931330850383f,0.1384117980671538f,0.9901662312250104f,-0.0203226154192038f,-0.17022859790393347f,0f,0f,0f,1f],start_interpolation:0}
execute if entity @s[tag=aj.mech_legs.bone.leg] run data modify entity @s {} merge value {transformation:[-0.9903353991113786f,0.002592975349845851f,-0.13866893576335573f,0.8056955424566212f,-0.008830142848449078f,0.9966179935426421f,0.0816982467640166f,-0.19157687499999998f,0.1384117980671538f,0.08213313232717512f,-0.9869631820538922f,-0.08227568524943853f,0f,0f,0f,1f],start_interpolation:0}
execute if entity @s[tag=aj.mech_legs.bone.foot2] run data modify entity @s {} merge value {transformation:[-0.9938903917948944f,0.02674101728122843f,-0.10708317838277082f,-0.7251604444922324f,0.026244396881891882f,0.9996372820628711f,0.006044496857625703f,-1.9537876812492745f,0.10720597338813273f,0.003197233917176745f,-0.9942316917928041f,0.8802987796365629f,0f,0f,0f,1f],start_interpolation:0}
execute if entity @s[tag=aj.mech_legs.bone.leg_low2] run data modify entity @s {} merge value {transformation:[-0.9932749931330108f,-0.040885931491805125f,-0.10831956712738755f,-0.8267794642763305f,0.015355652203047397f,0.8807850591472424f,-0.47326724324466807f,-1.0768880509794054f,0.11475622842371672f,-0.4717478353835194f,-0.8742339434321498f,0.14934392803652102f,0f,0f,0f,1f],start_interpolation:0}
execute if entity @s[tag=aj.mech_legs.bone.bone3] run data modify entity @s {} merge value {transformation:[-0.9932749931330108f,0.07745078449105723f,-0.08605907272529148f,-0.7688062559332599f,0.015355652203047397f,0.8248637579023548f,0.565122982053132f,-0.7168102528374471f,0.11475622842371672f,0.5600010329284448f,-0.8205058507756287f,0.6029498838923955f,0f,0f,0f,1f],start_interpolation:0}
execute if entity @s[tag=aj.mech_legs.bone.leg2] run data modify entity @s {} merge value {transformation:[-0.9932749931330108f,-0.06852419342132587f,-0.09332321754297758f,-0.8236395487771497f,0.015355652203047397f,0.720956053514652f,-0.6928106327460609f,-0.19157687499999998f,0.11475622842371672f,-0.6895845153543798f,-0.7150553854222963f,0.14671242848245253f,0f,0f,0f,1f],start_interpolation:0}
execute if entity @s[tag=aj.mech_legs.bone.hips] run data modify entity @s {} merge value {transformation:[-0.9902680687415704f,0f,-0.1391731009600653f,-0.013500000000000012f,0f,1f,0f,0.20512937500000006f,0.1391731009600653f,0f,-0.9902680687415704f,0f,0f,0f,0f,1f],start_interpolation:0}