execute if entity @s[tag=aj.mech_legs.bone.foot] run data modify entity @s {} merge value {transformation:[-0.9913303929071391f,-0.019069267504647644f,0.13000159666486227f,0.638517000326469f,-0.030682296275261065f,0.9956547968371987f,-0.08792111367785221f,-1.429309154091663f,-0.1277601220798354f,-0.0911476196722269f,-0.9876079498638277f,1.0585308490753695f,0f,0f,0f,1f],start_interpolation:0}
execute if entity @s[tag=aj.mech_legs.bone.leg_low] run data modify entity @s {} merge value {transformation:[-0.9913638232656932f,0.04432731637986604f,0.12342146872642086f,0.74748598365612f,-0.032553216481965214f,0.8285023359382714f,-0.5590386099738605f,-0.630669854570559f,-0.12703565647764384f,-0.5582284195267984f,-0.819904246614144f,0.2437453486155884f,0f,0f,0f,1f],start_interpolation:0}
execute if entity @s[tag=aj.mech_legs.bone.bone4] run data modify entity @s {} merge value {transformation:[-0.9913638232656932f,-0.11094939103375129f,0.06991425140318225f,0.686897789116858f,-0.032553216481965214f,0.7246387545135224f,0.6883596178987907f,-0.21780672519140004f,-0.12703565647764384f,0.6801388888207545f,-0.7219924057058797f,0.6107676685522925f,0f,0f,0f,1f],start_interpolation:0}
execute if entity @s[tag=aj.mech_legs.bone.leg] run data modify entity @s {} merge value {transformation:[-0.9913638232656932f,0.06545679928208575f,0.11363616214820159f,0.7389126543813992f,-0.032553216481965214f,0.7165706587002951f,-0.696754461188806f,0.30467312499999993f,-0.12703565647764384f,-0.694436389108153f,-0.7082513984918944f,0.1510518140801391f,0f,0f,0f,1f],start_interpolation:0}
execute if entity @s[tag=aj.mech_legs.bone.foot2] run data modify entity @s {} merge value {transformation:[-0.9885893588804202f,-0.0008436591467547161f,0.15063322258932144f,-0.5340546712971875f,-0.001923689137764325f,0.9999734785483547f,-0.0070243590458327065f,-1.5017608104342246f,-0.1506233014128332f,-0.007233978099747074f,-0.988564762993478f,-1.2095958017856603f,0f,0f,0f,1f],start_interpolation:0}
execute if entity @s[tag=aj.mech_legs.bone.leg_low2] run data modify entity @s {} merge value {transformation:[-0.9881249739625465f,-0.09504016199095303f,0.12073277699220908f,-0.6424088610589596f,-0.007151005123314286f,0.8133467303370941f,0.5817353000941964f,-0.45321747645696153f,-0.15348582656793888f,0.5739638175518487f,-0.8043678494221813f,-0.7597173424659585f,0f,0f,0f,1f],start_interpolation:0}
execute if entity @s[tag=aj.mech_legs.bone.bone3] run data modify entity @s {} merge value {transformation:[-0.9881249739625465f,-0.1530373203261814f,0.013733696476143125f,-0.7274544458805852f,-0.007151005123314286f,0.13508822468831197f,0.9908077687807492f,-0.3803028271398657f,-0.15348582656793888f,0.9789436909945035f,-0.13457841916449576f,-0.21560030492503318f,0f,0f,0f,1f],start_interpolation:0}
execute if entity @s[tag=aj.mech_legs.bone.leg2] run data modify entity @s {} merge value {transformation:[-0.9881249739625465f,-0.029124520845501715f,0.15086682245290717f,-0.762716845021567f,-0.007151005123314286f,0.9895243288825809f,0.1441889929058533f,0.30467312499999993f,-0.15348582656793888f,0.14139789544048317f,-0.9779819713101867f,-0.08678293375761348f,0f,0f,0f,1f],start_interpolation:0}
execute if entity @s[tag=aj.mech_legs.bone.hips] run data modify entity @s {} merge value {transformation:[-0.9876883405951378f,0f,0.15643446504023098f,-0.006812500000000006f,0f,1f,0f,0.7013793749999999f,-0.15643446504023098f,0f,-0.9876883405951378f,0f,0f,0f,0f,1f],start_interpolation:0}