execute if entity @s[tag=aj.mech_legs.bone.foot] run data modify entity @s {} merge value {transformation:[-0.9980790254950578f,-0.023235104481218433f,0.05743160094044751f,0.6766037987061411f,-0.02305728588367234f,0.9997270860610304f,0.003756988634518621f,-2.0592736741272732f,-0.057503221079471305f,0.0024255547134952593f,-0.9983423742633674f,0.73188029032088f,0f,0f,0f,1f],start_interpolation:0}
execute if entity @s[tag=aj.mech_legs.bone.leg_low] run data modify entity @s {} merge value {transformation:[-0.9978781079948509f,0.037033729654990286f,0.05355169887555248f,0.7611718516200421f,0.01415914430267359f,0.9262293536681327f,-0.37669444253417045f,-1.1096192324896033f,-0.06355155558468117f,-0.37513689137614104f,-0.924788360929901f,0.09581498885321593f,0f,0f,0f,1f],start_interpolation:0}
execute if entity @s[tag=aj.mech_legs.bone.bone4] run data modify entity @s {} merge value {transformation:[-0.9978781079948509f,-0.02963428487966625f,0.05797491478465096f,0.7394320988939926f,0.01415914430267359f,0.7703404871783607f,0.6374755308609281f,-0.7397020435464605f,-0.06355155558468117f,0.6369437518128871f,-0.7682863117414567f,0.519586428105336f,0f,0f,0f,1f],start_interpolation:0}
execute if entity @s[tag=aj.mech_legs.bone.leg] run data modify entity @s {} merge value {transformation:[-0.9978781079948509f,0.050718175064598824f,0.0408282782239646f,0.7836086051067948f,0.01415914430267359f,0.7810999813668225f,-0.6242454146738811f,-0.17507687499999997f,-0.06355155558468117f,-0.6223427398362309f,-0.7801606975206459f,0.11181656376971627f,0f,0f,0f,1f],start_interpolation:0}
execute if entity @s[tag=aj.mech_legs.bone.foot2] run data modify entity @s {} merge value {transformation:[-0.9935053386131472f,-0.01883848706228205f,0.11221521087793802f,-0.5816028838124262f,0.005369761523569637f,0.9773382776075239f,0.21161535101296086f,-1.7255598568151866f,-0.11365873397304696f,0.21084354988560328f,-0.9708896382510637f,-1.1389247472152761f,0f,0f,0f,1f],start_interpolation:0}
execute if entity @s[tag=aj.mech_legs.bone.leg_low2] run data modify entity @s {} merge value {transformation:[-0.9938068011936527f,-0.062123310120525625f,0.09213433801199483f,-0.6599408036890245f,0.010074553269000398f,0.7753436629661299f,0.6314591892392529f,-0.7074188595850384f,-0.11066411016074537f,0.6284766492384053f,-0.7699159409210833f,-0.6185148492544861f,0f,0f,0f,1f],start_interpolation:0}
execute if entity @s[tag=aj.mech_legs.bone.bone3] run data modify entity @s {} merge value {transformation:[-0.9938068011936527f,-0.10802850804370583f,-0.026036193099040074f,-0.7203432326116623f,0.010074553269000398f,-0.32093111055906515f,0.9470489563120564f,-0.8715220566575899f,-0.11066411016074537f,0.9409213908319739f,0.320031859347088f,-0.09101701651883135f,0f,0f,0f,1f],start_interpolation:0}
execute if entity @s[tag=aj.mech_legs.bone.leg2] run data modify entity @s {} merge value {transformation:[-0.9938068011936527f,0.008104848892393662f,0.11082577915661582f,-0.728410272211621f,0.010074553269000398f,0.9998008892649418f,0.01722455228624691f,-0.17507687499999997f,-0.11066411016074537f,0.018234397425279658f,-0.9936905763228648f,-0.04710302403810271f,0f,0f,0f,1f],start_interpolation:0}
execute if entity @s[tag=aj.mech_legs.bone.hips] run data modify entity @s {} merge value {transformation:[-0.9945218953682733f,0f,0.1045284632676536f,0.030999999999999993f,0f,1f,0f,0.22162937500000002f,-0.1045284632676536f,0f,-0.9945218953682733f,6.938893903907228e-18f,0f,0f,0f,1f],start_interpolation:0}