execute if entity @s[tag=aj.mech_legs.bone.foot] run data modify entity @s {} merge value {transformation:[-0.9966741993310134f,-0.0049928580127200604f,-0.08133641101467332f,0.7241789725750419f,-0.011650104383851301f,0.9965986460410822f,0.08158071939452169f,-1.8743508676828458f,0.08065243614255196f,0.08225697586191183f,-0.9933423249143898f,-0.6397620365826916f,0f,0f,0f,1f],start_interpolation:0}
execute if entity @s[tag=aj.mech_legs.bone.leg_low] run data modify entity @s {} merge value {transformation:[-0.99690035412964f,0.008250661868587906f,-0.07824072159002979f,0.7454670302217101f,-0.01819280173328977f,0.9433564560845246f,0.331281781462157f,-0.7381116263949126f,0.0765421838027341f,0.3316783431916792f,-0.9402822824856011f,-0.491163291682178f,0f,0f,0f,1f],start_interpolation:0}
execute if entity @s[tag=aj.mech_legs.bone.bone4] run data modify entity @s {} merge value {transformation:[-0.99690035412964f,0.07864539518677635f,0.002141436927415266f,0.7892142786439611f,-0.01819280173328977f,-0.25692029602629346f,0.9662613432477031f,-0.8547723741108124f,0.0765421838027341f,0.963227316527972f,0.2575547141735731f,0.050881101746855645f,0f,0f,0f,1f],start_interpolation:0}
execute if entity @s[tag=aj.mech_legs.bone.leg] run data modify entity @s {} merge value {transformation:[-0.99690035412964f,-0.0298201472339197f,-0.07280413968412561f,0.7809392849657031f,-0.01819280173328977f,0.9876785851168072f,-0.1554349846937786f,-0.161076875f,0.0765421838027341f,-0.153628680006727f,-0.985159643295491f,-0.024931073466652603f,0f,0f,0f,1f],start_interpolation:0}
execute if entity @s[tag=aj.mech_legs.bone.foot2] run data modify entity @s {} merge value {transformation:[-0.9983769806504345f,0.012831607217893686f,-0.0554865241615259f,-0.7308918326912832f,0.01273791923481852f,0.999916784708159f,0.002041830664996358f,-2.0741007431619227f,0.05550810680332323f,0.0013317338709280535f,-0.9984573483950167f,0.2729409718214631f,0f,0f,0f,1f],start_interpolation:0}
execute if entity @s[tag=aj.mech_legs.bone.leg_low2] run data modify entity @s {} merge value {transformation:[-0.9966891178996153f,-0.05128543930566176f,-0.06309204367994287f,-0.8336468478225693f,-0.03939497031251639f,0.9834136307485264f,-0.17704707614664839f,-1.0141712721347795f,0.07112551282460104f,-0.17397538496358184f,-0.9821780525201176f,-0.15081049441841027f,0f,0f,0f,1f],start_interpolation:0}
execute if entity @s[tag=aj.mech_legs.bone.bone3] run data modify entity @s {} merge value {transformation:[-0.9966891178996153f,0.024684326092283472f,-0.0774692603931156f,-0.8036277120654406f,-0.03939497031251639f,0.6868791456210799f,0.7257031594425722f,-0.7853447832894306f,0.07112551282460104f,0.7263523410551005f,-0.6836325314591256f,0.3965930620055033f,0f,0f,0f,1f],start_interpolation:0}
execute if entity @s[tag=aj.mech_legs.bone.leg2] run data modify entity @s {} merge value {transformation:[-0.9966891178996153f,-0.0689143962994217f,-0.04314635839990194f,-0.860400231219173f,-0.03939497031251639f,0.8735246626529297f,-0.48518316134338507f,-0.161076875f,0.07112551282460104f,-0.4818770275908279f,-0.8733474060794283f,0.08984256621705937f,0f,0f,0f,1f],start_interpolation:0}
execute if entity @s[tag=aj.mech_legs.bone.hips] run data modify entity @s {} merge value {transformation:[-0.9975640502598242f,0f,-0.06975647374412516f,-0.042000000000000016f,0f,1f,0f,0.23562937500000003f,0.06975647374412516f,0f,-0.9975640502598242f,0f,0f,0f,0f,1f],start_interpolation:0}