execute if entity @s[tag=aj.mech_legs.bone.foot] run data modify entity @s {} merge value {transformation:[-0.9996976480266746f,-0.020936144756686415f,0.012895362447881469f,0.7654652453215844f,-0.019316654048818317f,0.9931812058515083f,0.11496938383631777f,-1.718005952943946f,-0.015214447288463374f,0.11468552736100303f,-0.99328533181943f,-0.02262669177888585f,0f,0f,0f,1f],start_interpolation:0}
execute if entity @s[tag=aj.mech_legs.bone.leg_low] run data modify entity @s {} merge value {transformation:[-0.999555204790546f,-0.025476877644064925f,0.015502299237175641f,0.7710461995045134f,-0.024704002254731836f,0.9985343020787614f,0.04815557957993444f,-0.586236534683483f,-0.016706431358246322f,0.04775119137352013f,-0.9987195396474836f,-0.20329550111722933f,0f,0f,0f,1f],start_interpolation:0}
execute if entity @s[tag=aj.mech_legs.bone.bone4] run data modify entity @s {} merge value {transformation:[-0.999555204790546f,-0.005382015012112561f,-0.02933302729925752f,0.7675497742334514f,-0.024704002254731836f,-0.4015684912050962f,0.9154957450167975f,-0.793507259243754f,-0.016706431358246322f,0.9158131800676774f,0.4012569181529463f,0.31239132271636855f,0f,0f,0f,1f],start_interpolation:0}
execute if entity @s[tag=aj.mech_legs.bone.leg] run data modify entity @s {} merge value {transformation:[-0.999555204790546f,-0.015816721512116244f,0.025282877540694432f,0.7658715033582444f,-0.024704002254731836f,0.9140498878043947f,-0.4048487555586305f,-0.14295312500000001f,-0.016706431358246322f,-0.405293269035376f,-0.9140340591169951f,0.05979300771247304f,0f,0f,0f,1f],start_interpolation:0}
execute if entity @s[tag=aj.mech_legs.bone.foot2] run data modify entity @s {} merge value {transformation:[-0.9999683247618026f,0.0023910192941692552f,0.007591607195393822f,-0.6913227353683665f,0.002332179693192453f,0.9999672484702473f,-0.007750027401344561f,-2.045321733728055f,-0.007609889023691845f,-0.0077320769252408605f,-0.9999411505561063f,-0.4305216500774224f,0f,0f,0f,1f],start_interpolation:0}
execute if entity @s[tag=aj.mech_legs.bone.leg_low2] run data modify entity @s {} merge value {transformation:[-0.9971874868436429f,-0.07494361140201547f,-0.0007557727723192659f,-0.8059712626095199f,-0.07389579711840204f,0.9814621127387532f,0.17683758770866298f,-0.9054617808938927f,-0.01251108511263697f,0.17639607809814478f,-0.984239755537693f,-0.4644242304112069f,0f,0f,0f,1f],start_interpolation:0}
execute if entity @s[tag=aj.mech_legs.bone.bone3] run data modify entity @s {} merge value {transformation:[-0.9971874868436429f,-0.04524053876846371f,-0.059752905656535335f,-0.8190271519111566f,-0.07389579711840204f,0.4603980896173526f,0.8846315675154987f,-0.8284875951119328f,-0.01251108511263697f,0.8865590181869627f,-0.4624462996075037f,0.1215441775492801f,0f,0f,0f,1f],start_interpolation:0}
execute if entity @s[tag=aj.mech_legs.bone.leg2] run data modify entity @s {} merge value {transformation:[-0.9971874868436429f,-0.06956827703943444f,0.027881372136682576f,-0.8785714108159859f,-0.07389579711840204f,0.9747298878267759f,-0.210810476365471f,-0.14295312500000001f,-0.01251108511263697f,-0.21227788534599018f,-0.9771292504793514f,0.005241217838857098f,0f,0f,0f,1f],start_interpolation:0}
execute if entity @s[tag=aj.mech_legs.bone.hips] run data modify entity @s {} merge value {transformation:[-0.9994502159417572f,0f,0.0331551783885264f,-0.05527125f,0f,1f,0f,0.253753125f,-0.0331551783885264f,0f,-0.9994502159417572f,-6.938893903907228e-18f,0f,0f,0f,1f],start_interpolation:0}