execute if entity @s[tag=aj.mech_legs.bone.foot] run data modify entity @s {} merge value {transformation:[-0.9965868952974509f,0.00832816565291726f,-0.08212917738687668f,0.5753854014153498f,0.0086086817050159f,0.9999582564383015f,-0.003062022236027473f,-2.0179009703039723f,0.08210024799407863f,-0.003758595180352875f,-0.9966169887381917f,-0.8105580125208529f,0f,0f,0f,1f],start_interpolation:0}
execute if entity @s[tag=aj.mech_legs.bone.leg_low] run data modify entity @s {} merge value {transformation:[-0.9925950359706116f,0.08825842856269872f,-0.08345983677280534f,0.6850314500112791f,0.049192988643865794f,0.9202857765557153f,0.38814190618577693f,-0.8962248550302465f,0.11106369539496151f,0.38116209052958944f,-0.9178127893575727f,-0.6022437828611981f,0f,0f,0f,1f],start_interpolation:0}
execute if entity @s[tag=aj.mech_legs.bone.bone4] run data modify entity @s {} merge value {transformation:[-0.9925950359706116f,0.12052144203684688f,0.015155084158765323f,0.7500798877742495f,0.049192988643865794f,0.28476453577204486f,0.9573344290449478f,-0.8583201073049791f,0.11106369539496151f,0.9509909259166938f,-0.2885846745572684f,-0.037683884383206176f,0f,0f,0f,1f],start_interpolation:0}
execute if entity @s[tag=aj.mech_legs.bone.leg] run data modify entity @s {} merge value {transformation:[-0.9925950359706116f,0.0450831599015618f,-0.11279451786230796f,0.7952729214688151f,0.049192988643865794f,0.9982131076086116f,-0.033921109454774744f,-0.16192062499999998f,0.11106369539496151f,-0.03921862429571603f,-0.9930391508261729f,-0.03384231329610758f,0f,0f,0f,1f],start_interpolation:0}
execute if entity @s[tag=aj.mech_legs.bone.foot2] run data modify entity @s {} merge value {transformation:[-0.9976901925372536f,0.011807139865049821f,-0.0668944778227988f,-0.6862809764132863f,0.02486102211355087f,0.9799216575435983f,-0.1978268805205105f,-1.7024247281399045f,0.06321557794125829f,-0.19903300360797943f,-0.9779517647513801f,0.6326973986927112f,0f,0f,0f,1f],start_interpolation:0}
execute if entity @s[tag=aj.mech_legs.bone.leg_low2] run data modify entity @s {} merge value {transformation:[-0.9977185891052909f,-0.005214559603765236f,-0.06730843425519888f,-0.7383971897237753f,0.026554161841433527f,0.8863356419630546f,-0.46228130643022836f,-0.8163772590822155f,0.06206845771119664f,-0.4630139718778241f,-0.8841750779134611f,-0.0924082244502844f,0f,0f,0f,1f],start_interpolation:0}
execute if entity @s[tag=aj.mech_legs.bone.bone3] run data modify entity @s {} merge value {transformation:[-0.9977185891052909f,0.06392628567489878f,0.02170361614014777f,-0.7025595282225284f,0.026554161841433527f,0.07603233077614796f,0.9967517048722041f,-0.7592130417473346f,0.06206845771119664f,0.9950540260089187f,-0.0775563787240981f,0.4592077565769267f,0f,0f,0f,1f],start_interpolation:0}
execute if entity @s[tag=aj.mech_legs.bone.leg2] run data modify entity @s {} merge value {transformation:[-0.9977185891052909f,-0.012534939933119986f,-0.06633620606140152f,-0.719289197288225f,0.026554161841433527f,0.8305416172579133f,-0.5563231960753648f,-0.16192062499999998f,0.06206845771119664f,-0.5568154966265603f,-0.8283139557401351f,0.09866470230093746f,0f,0f,0f,1f],start_interpolation:0}
execute if entity @s[tag=aj.mech_legs.bone.hips] run data modify entity @s {} merge value {transformation:[-0.9961946980917455f,0f,-0.08715574274765805f,0.03515625f,0f,1f,0f,0.234785625f,0.08715574274765805f,0f,-0.9961946980917455f,6.938893903907228e-18f,0f,0f,0f,1f],start_interpolation:0}