execute if entity @s[tag=aj.mech_legs.bone.foot] run data modify entity @s {} merge value {transformation:[-0.9920756199277354f,0.014582258422047918f,-0.12479311713516819f,0.5728135264619452f,-0.0037943289712149353f,0.9893117402020088f,0.14576653856812022f,-1.8388623166761606f,0.12558490121291407f,0.14508493525444227f,-0.9814167280770982f,-1.1230405280972495f,0f,0f,0f,1f],start_interpolation:0}
execute if entity @s[tag=aj.mech_legs.bone.leg_low] run data modify entity @s {} merge value {transformation:[-0.9921538648248692f,0.07028208811718344f,-0.10339795260527856f,0.6576025430511117f,-0.0043513723823304686f,0.8071194448373494f,0.5903721430791253f,-0.7949209754102688f,0.1249470850859085f,0.586189926436251f,-0.8004808530334735f,-0.6576679026789017f,0f,0f,0f,1f],start_interpolation:0}
execute if entity @s[tag=aj.mech_legs.bone.bone4] run data modify entity @s {} merge value {transformation:[-0.9921538648248692f,0.12385723108104776f,0.017032170208487952f,0.7266633880962828f,-0.0043513723823304686f,-0.17035953850039443f,0.9853723627138742f,-0.8748040069040601f,0.1249470850859085f,0.9775668846431269f,0.16956182346762547f,-0.11206587078110111f,0f,0f,0f,1f],start_interpolation:0}
execute if entity @s[tag=aj.mech_legs.bone.leg] run data modify entity @s {} merge value {transformation:[-0.9921538648248692f,-0.0006399598279340766f,-0.12502119406122147f,0.7403787992289388f,-0.0043513723823304686f,0.9995578007996858f,0.029415445243712725f,-0.17898312499999997f,0.1249470850859085f,0.02972866145513788f,-0.9917179198827762f,-0.0603493867426782f,0f,0f,0f,1f],start_interpolation:0}
execute if entity @s[tag=aj.mech_legs.bone.foot2] run data modify entity @s {} merge value {transformation:[-0.9953645520843536f,0.020335060578529476f,-0.09399943491947849f,-0.6603174226567919f,0.02080182220415043f,0.999775663672769f,-0.003988297965497489f,-2.0692138238085684f,0.0938972451507532f,-0.005925169950492026f,-0.9955642619711482f,0.7323381740777956f,0f,0f,0f,1f],start_interpolation:0}
execute if entity @s[tag=aj.mech_legs.bone.leg_low2] run data modify entity @s {} merge value {transformation:[-0.9943847695218256f,-0.04044892705854175f,-0.09778964384247586f,-0.759005485805179f,-0.0014522164045242592f,0.9291981476441957f,-0.3695790760880684f,-1.1141702545261705f,0.10581503300826371f,-0.36736179267094254f,-0.9240392264807006f,0.10645733175130989f,0f,0f,0f,1f],start_interpolation:0}
execute if entity @s[tag=aj.mech_legs.bone.bone3] run data modify entity @s {} merge value {transformation:[-0.9943847695218256f,0.07125335866103713f,-0.07824250138222265f,-0.7149313441556668f,-0.0014522164045242592f,0.7300999741313449f,0.6833388023820425f,-0.7478051136535846f,0.10581503300826371f,0.6796153225560259f,-0.7258968192081632f,0.5256671112367945f,0f,0f,0f,1f],start_interpolation:0}
execute if entity @s[tag=aj.mech_legs.bone.leg2] run data modify entity @s {} merge value {transformation:[-0.9943847695218256f,-0.06638014501978116f,-0.08241727058194981f,-0.768636261053566f,-0.0014522164045242592f,0.787293351341395f,-0.6165768970705513f,-0.17898312499999997f,0.10581503300826371f,-0.6129949879736273f,-0.7829689160552111f,0.12493436482997902f,0f,0f,0f,1f],start_interpolation:0}
execute if entity @s[tag=aj.mech_legs.bone.hips] run data modify entity @s {} merge value {transformation:[-0.992546151641322f,0f,-0.12186934340514734f,-0.01809375f,0f,1f,0f,0.21772312500000002f,0.12186934340514734f,0f,-0.992546151641322f,0f,0f,0f,0f,1f],start_interpolation:0}