execute if entity @s[tag=aj.mech_legs.bone.foot] run data modify entity @s {} merge value {transformation:[-0.984807753012208f,1.3877787807814457e-17f,-0.1736481776669302f,0.5192431319793297f,0f,1f,1.1102230246251565e-16f,-1.5246200194358313f,0.17364817766693022f,1.1102230246251565e-16f,-0.984807753012208f,-1.198549652088003f,0f,0f,0f,1f],start_interpolation:0}
execute if entity @s[tag=aj.mech_legs.bone.leg_low] run data modify entity @s {} merge value {transformation:[-0.984807753012208f,0.09960050292505114f,-0.14224425972292393f,0.627554044405642f,0f,0.8191520442889918f,0.5735764363510462f,-0.47126624019935337f,0.17364817766693022f,0.5648625214636235f,-0.8067072841115986f,-0.7600420194924438f,0f,0f,0f,1f],start_interpolation:0}
execute if entity @s[tag=aj.mech_legs.bone.bone4] run data modify entity @s {} merge value {transformation:[-0.984807753012208f,0.17216259343480442f,-0.022665635416815398f,0.7228552512331449f,0f,0.13052619222005157f,0.9914448613738105f,-0.3839087904672364f,0.17364817766693022f,0.9763825861650423f,-0.12854320606946856f,-0.21956201782399887f,0f,0f,0f,1f],start_interpolation:0}
execute if entity @s[tag=aj.mech_legs.bone.leg] run data modify entity @s {} merge value {transformation:[-0.984807753012208f,0.0226656354168154f,-0.17216259343480442f,0.7542746460967575f,0f,0.9914448613738104f,0.13052619222005157f,0.302923125f,0.17364817766693022f,0.12854320606946854f,-0.9763825861650423f,-0.09996206615348441f,0f,0f,0f,1f],start_interpolation:0}
execute if entity @s[tag=aj.mech_legs.bone.foot2] run data modify entity @s {} merge value {transformation:[-0.9892263709774071f,0.03045765479175406f,-0.14319049628887912f,-0.6281471563189964f,0.03084359959334134f,0.9995241097143617f,-0.0004758821685240111f,-1.5163642790865113f,0.14310785906788906f,-0.004887265523687678f,-0.9896950314661107f,1.065540702360038f,0f,0f,0f,1f],start_interpolation:0}
execute if entity @s[tag=aj.mech_legs.bone.leg_low2] run data modify entity @s {} merge value {transformation:[-0.9892263709774071f,-0.04521814535508369f,-0.13923543476254774f,-0.741766506584964f,0.03084359959334134f,0.8653753296233996f,-0.5001741809043305f,-0.6625953347321476f,0.14310785906788906f,-0.49908001183160866f,-0.8546574064870475f,0.3094034034994888f,0f,0f,0f,1f],start_interpolation:0}
execute if entity @s[tag=aj.mech_legs.bone.bone3] run data modify entity @s {} merge value {transformation:[-0.9892263709774071f,0.11133253330776138f,-0.09505921307345945f,-0.6813420127349449f,0.03084359959334134f,0.7932654898524623f,0.6080941826504005f,-0.2128103130966687f,0.14310785906788906f,0.5986108332100325f,-0.7881530378274233f,0.6301440948770265f,0f,0f,0f,1f],start_interpolation:0}
execute if entity @s[tag=aj.mech_legs.bone.leg2] run data modify entity @s {} merge value {transformation:[-0.9892263709774071f,-0.07971415668504539f,-0.1227877851696218f,-0.7429753591759705f,0.03084359959334134f,0.7064337764300626f,-0.707106775446881f,0.302923125f,0.14310785906788906f,-0.7032758866495794f,-0.6963642494630614f,0.1640435066419888f,0f,0f,0f,1f],start_interpolation:0}
execute if entity @s[tag=aj.mech_legs.bone.hips] run data modify entity @s {} merge value {transformation:[-0.984807753012208f,0f,-0.17364817766693022f,0f,0f,1f,0f,0.699629375f,0.17364817766693022f,0f,-0.984807753012208f,0f,0f,0f,0f,1f],start_interpolation:0}