execute if entity @s[tag=aj.mech_legs.bone.foot] run data modify entity @s {} merge value {transformation:[-0.9946385398059313f,-0.028961191681780227f,0.09927449072695445f,0.6587789957799789f,-0.028386792098494658f,0.9995711267495464f,0.007193928203667543f,-2.019096177992086f,-0.09944025928708063f,0.0043372739150144834f,-0.9950340812695334f,0.9913362202430147f,0f,0f,0f,1f],start_interpolation:0}
execute if entity @s[tag=aj.mech_legs.bone.leg_low] run data modify entity @s {} merge value {transformation:[-0.9945297783432735f,0.03741749449943333f,0.09752154169138333f,0.7540092034237842f,-0.01401130876970208f,0.8774100155448878f,-0.479536596985131f,-1.1474956067183093f,-0.1035094353913662f,-0.4782798299394454f,-0.8720861202072051f,0.25321832076197853f,0f,0f,0f,1f],start_interpolation:0}
execute if entity @s[tag=aj.mech_legs.bone.bone4] run data modify entity @s {} merge value {transformation:[-0.9945297783432735f,-0.07191120907155565f,0.07575815466566191f,0.7120133648744688f,-0.01401130876970208f,0.8105701971398416f,0.5854738582850976f,-0.7130260289723538f,-0.1035094353913662f,0.5812097156092157f,-0.8071437686474543f,0.5979079083734855f,0f,0f,0f,1f],start_interpolation:0}
execute if entity @s[tag=aj.mech_legs.bone.leg] run data modify entity @s {} merge value {transformation:[-0.9945297783432735f,0.062186816982275295f,0.08392448857212259f,0.7627477944808017f,-0.01401130876970208f,0.7167783064523354f,-0.6971603421207219f,-0.19057687499999992f,-0.1035094353913662f,-0.6945226124417656f,-0.7119860515431645f,0.1380141096724486f,0f,0f,0f,1f],start_interpolation:0}
execute if entity @s[tag=aj.mech_legs.bone.foot2] run data modify entity @s {} merge value {transformation:[-0.9895961540084086f,-0.011275866769042305f,0.1434304946668347f,-0.5490973061815447f,0.002348110925186161f,0.9955254589027245f,0.09446452800709132f,-1.9002372935065088f,-0.14385387845605388f,0.09381852431756926f,-0.9851416883616406f,-1.2016208384546918f,0f,0f,0f,1f],start_interpolation:0}
execute if entity @s[tag=aj.mech_legs.bone.leg_low2] run data modify entity @s {} merge value {transformation:[-0.9898437114731167f,-0.08207929231631635f,0.11607073976665283f,-0.6440660882348206f,0.0053820752232806085f,0.7942580817478603f,0.6075566910540118f,-0.8666476744097744f,-0.14205794635787294f,0.6020108714558747f,-0.7857496105793f,-0.7155675373057977f,0f,0f,0f,1f],start_interpolation:0}
execute if entity @s[tag=aj.mech_legs.bone.bone3] run data modify entity @s {} merge value {transformation:[-0.9898437114731167f,-0.14213881420262262f,-0.0024462939720487804f,-0.7230643862469639f,0.0053820752232806085f,-0.05466496981576158f,0.9984902474943522f,-0.8820630403104475f,-0.14205794635787294f,0.9883361263113446f,0.05487477840018576f,-0.16570036093014537f,0f,0f,0f,1f],start_interpolation:0}
execute if entity @s[tag=aj.mech_legs.bone.leg2] run data modify entity @s {} merge value {transformation:[-0.9898437114731167f,-0.007244640910460888f,0.14197514583617737f,-0.7428037881602729f,0.0053820752232806085f,0.9960748811540274f,0.08835080305396815f,-0.19057687499999992f,-0.14205794635787294f,0.08821760772129675f,-0.9859194660643004f,-0.0735773664394346f,0f,0f,0f,1f],start_interpolation:0}
execute if entity @s[tag=aj.mech_legs.bone.hips] run data modify entity @s {} merge value {transformation:[-0.9902680687415704f,0f,0.13917310096006552f,0.014500000000000013f,0f,1f,0f,0.20612937500000006f,-0.13917310096006552f,0f,-0.9902680687415704f,6.938893903907228e-18f,0f,0f,0f,1f],start_interpolation:0}