execute if entity @s[tag=aj.mech_legs.bone.foot] run data modify entity @s {} merge value {transformation:[-0.999961463130522f,-0.0041360873127135305f,-0.007743709421682132f,0.622080168981535f,-0.004037838098056051f,0.9999116993018379f,-0.012660547492313615f,-2.0304107273050005f,0.007795390776588813f,-0.012628791749524276f,-0.9998898666861201f,-0.15847636310429547f,0f,0f,0f,1f],start_interpolation:0}
execute if entity @s[tag=aj.mech_legs.bone.leg_low] run data modify entity @s {} merge value {transformation:[-0.996359099419968f,0.08076467319277664f,-0.027305907183142828f,0.7366356147295068f,0.07982075575020635f,0.996227408008949f,0.034052877752654254f,-0.9077326423076922f,0.02995316267936202f,0.03174931646248935f,-0.999046940313451f,-0.3585897038470184f,0f,0f,0f,1f],start_interpolation:0}
execute if entity @s[tag=aj.mech_legs.bone.bone4] run data modify entity @s {} merge value {transformation:[-0.996359099419968f,0.06793138576531314f,0.05151574352598083f,0.7625683651778038f,0.07982075575020635f,0.5309911298538172f,0.8436095465130967f,-0.8060669224791266f,0.02995316267936202f,0.844650073607154f,-0.5344801784920867f,0.2331106611950574f,0f,0f,0f,1f],start_interpolation:0}
execute if entity @s[tag=aj.mech_legs.bone.leg] run data modify entity @s {} merge value {transformation:[-0.996359099419968f,0.06651300150765325f,-0.053334469468377964f,0.8208026578124538f,0.07982075575020635f,0.947551967293179f,-0.3094736115249443f,-0.13632687500000001f,0.02995316267936202f,-0.31260404653374074f,-0.9494111428334062f,0.045796906009867244f,0f,0f,0f,1f],start_interpolation:0}
execute if entity @s[tag=aj.mech_legs.bone.foot2] run data modify entity @s {} merge value {transformation:[-0.9993440374433914f,0.008021625772361088f,0.03531498755924867f,-0.673544200176008f,0.013395624211536769f,0.9878739847265244f,0.1546788529583864f,-1.669056505895626f,-0.033645981607392364f,0.15505045572492526f,-0.9873334310663081f,-0.4274397116791061f,0f,0f,0f,1f],start_interpolation:0}
execute if entity @s[tag=aj.mech_legs.bone.leg_low2] run data modify entity @s {} merge value {transformation:[-0.9992858828046636f,0.008615679306897273f,0.03678986949398956f,-0.6857341250841094f,0.019228578691027662f,0.9541070882416874f,0.2988476634148107f,-0.5283533546349775f,-0.03252669963010447f,0.2993416680601779f,-0.9535914112313111f,-0.3168860674075835f,0f,0f,0f,1f],start_interpolation:0}
execute if entity @s[tag=aj.mech_legs.bone.bone3] run data modify entity @s {} merge value {transformation:[-0.9992858828046636f,-0.03774236854715739f,-0.0017994565164588423f,-0.706727901232603f,0.019228578691027662f,-0.5489464300254386f,0.8356363316203103f,-0.820793166108845f,-0.03252669963010447f,0.8350049883556246f,0.5492801500440337f,0.15520554899558411f,0f,0f,0f,1f],start_interpolation:0}
execute if entity @s[tag=aj.mech_legs.bone.leg2] run data modify entity @s {} merge value {transformation:[-0.9992858828046636f,0.026480533914473404f,0.026953770625062927f,-0.6993132858993277f,0.019228578691027662f,0.9704510116380677f,-0.24053086241098864f,-0.13632687500000001f,-0.03252669963010447f,-0.23984081248664796f,-0.9702671789135803f,0.01926318351395917f,0f,0f,0f,1f],start_interpolation:0}
execute if entity @s[tag=aj.mech_legs.bone.hips] run data modify entity @s {} merge value {transformation:[-0.9998476951563913f,0f,0.017452406437283633f,0.0613125f,0f,1f,0f,0.26037937499999997f,-0.017452406437283633f,0f,-0.9998476951563913f,1.3877787807814457e-17f,0f,0f,0f,1f],start_interpolation:0}