execute if entity @s[tag=aj.mech_legs.bone.foot] run data modify entity @s {} merge value {transformation:[-0.993083855127928f,0.005837023067774581f,-0.11726203923673979f,0.5620866938512307f,0.00605908012602825f,0.9999804619546298f,-0.0015372888575488353f,-1.5288361538854827f,0.11725077497517361f,-0.0022371568365767147f,-0.9930998192009752f,-0.9916942641506672f,0f,0f,0f,1f],start_interpolation:0}
execute if entity @s[tag=aj.mech_legs.bone.leg_low] run data modify entity @s {} merge value {transformation:[-0.9906352020745891f,0.08646900686114437f,-0.10566459796490632f,0.664447703174778f,0.025310359273228916f,0.8767865747715109f,0.48021316934659525f,-0.4335695563683391f,0.13416885675930157f,0.47304166111759016f,-0.8707642073047174f,-0.669999244045542f,0f,0f,0f,1f],start_interpolation:0}
execute if entity @s[tag=aj.mech_legs.bone.bone4] run data modify entity @s {} merge value {transformation:[-0.9906352020745891f,0.13648827735226857f,-0.0035842092639981338f,0.7404760870626504f,0.025310359273228916f,0.20937275825943535f,0.977508278129805f,-0.37336673000091697f,0.13416885675930157f,0.9682633930105208f,-0.21086659202361982f,-0.12000098026121667f,0f,0f,0f,1f],start_interpolation:0}
execute if entity @s[tag=aj.mech_legs.bone.leg] run data modify entity @s {} merge value {transformation:[-0.9906352020745891f,0.03111208397093524f,-0.13294335125015988f,0.7765662992289388f,0.025310359273228916f,0.9986613313730914f,0.04511020875128434f,0.32101687500000003f,0.13416885675930157f,0.041322916778826844f,-0.9900965278319038f,-0.060349386742678195f,0f,0f,0f,1f],start_interpolation:0}
execute if entity @s[tag=aj.mech_legs.bone.foot2] run data modify entity @s {} merge value {transformation:[-0.9951127344013421f,0.001831869580398493f,-0.09872836515472151f,-0.6604043568555635f,0.02780712287058433f,0.9645641168752066f,-0.2623791690558022f,-1.2404286729983862f,0.09474919392767332f,-0.26384220414974047f,-0.9599009748716074f,0.9251136315416975f,0f,0f,0f,1f],start_interpolation:0}
execute if entity @s[tag=aj.mech_legs.bone.leg_low2] run data modify entity @s {} merge value {transformation:[-0.9951515422682009f,-0.03587059704948851f,-0.09157897241470946f,-0.752522288081362f,0.028400557653057105f,0.7866530661433323f,-0.6167417302666405f,-0.5024050983795838f,0.09416377353428584f,-0.6163523779418775f,-0.7818202670429926f,0.0530987968740087f,0f,0f,0f,1f],start_interpolation:0}
execute if entity @s[tag=aj.mech_legs.bone.bone3] run data modify entity @s {} merge value {transformation:[-0.9951515422682009f,0.09685252681245003f,-0.017117125087599806f,-0.6989746170720625f,0.028400557653057105f,0.4495977436885873f,0.8927795232839555f,-0.23927293845580405f,0.09416377353428584f,0.8879647836035925f,-0.450168553803582f,0.5396441591921859f,0f,0f,0f,1f],start_interpolation:0}
execute if entity @s[tag=aj.mech_legs.bone.leg2] run data modify entity @s {} merge value {transformation:[-0.9951515422682009f,-0.037737660449510796f,-0.09082553002883231f,-0.7324487610535659f,0.028400557653057105f,0.7738638269885288f,-0.6327149323381452f,0.32101687500000003f,0.09416377353428584f,-0.6322267364343789f,-0.7690400103319189f,0.12493436482997902f,0f,0f,0f,1f],start_interpolation:0}
execute if entity @s[tag=aj.mech_legs.bone.hips] run data modify entity @s {} merge value {transformation:[-0.992546151641322f,0f,-0.12186934340514734f,0.018093749999999978f,0f,1f,0f,0.717723125f,0.12186934340514734f,0f,-0.992546151641322f,6.938893903907228e-18f,0f,0f,0f,1f],start_interpolation:0}