execute if entity @s[tag=aj.mech_legs.bone.foot] run data modify entity @s {} merge value {transformation:[-0.9939994915148834f,-0.0019874537742673587f,0.10936663520310255f,0.7207501205535614f,-0.030392790862737457f,0.9654833394652254f,-0.25868552235996906f,-1.728664256764377f,-0.10507753866420391f,-0.2604572349591608f,-0.9597503527614359f,1.0048714827816267f,0f,0f,0f,1f],start_interpolation:0}
execute if entity @s[tag=aj.mech_legs.bone.leg_low] run data modify entity @s {} merge value {transformation:[-0.9941419921768794f,0.03743855407770309f,0.10139060143404177f,0.8169014339457744f,-0.03745204106947311f,0.7606438299390601f,-0.6480881950748434f,-1.0268968688572746f,-0.10138562033304487f,-0.6480889743269893f,-0.7547858221677686f,0.10384327011015476f,0f,0f,0f,1f],start_interpolation:0}
execute if entity @s[tag=aj.mech_legs.bone.bone4] run data modify entity @s {} merge value {transformation:[-0.9941419921768794f,-0.10690440200257917f,0.015910632390221415f,0.7580491167924513f,-0.03745204106947311f,0.47882101570300173f,0.8771133219492656f,-0.7313652257755279f,-0.10138562033304487f,0.8713792995898034f,-0.4800198665014472f,0.5717527865600103f,0f,0f,0f,1f],start_interpolation:0}
execute if entity @s[tag=aj.mech_legs.bone.leg] run data modify entity @s {} merge value {transformation:[-0.9941419921768794f,0.03907307786841543f,0.10077199003926916f,0.7921202236488545f,-0.03745204106947311f,0.7500652366430745f,-0.6603025710985072f,-0.18667437500000006f,-0.10138562033304487f,-0.6602086301809887f,-0.7442079821019297f,0.13680400374002194f,0f,0f,0f,1f],start_interpolation:0}
execute if entity @s[tag=aj.mech_legs.bone.foot2] run data modify entity @s {} merge value {transformation:[-0.9939165649757201f,-0.002563218282899994f,0.11010582082205879f,-0.6320404367304295f,-0.003666405643108539f,0.9999450802329635f,-0.009818043977929625f,-2.049303311198374f,-0.11007460804620328f,-0.010162009148125484f,-0.993871377107495f,-1.1082914455353787f,0f,0f,0f,1f],start_interpolation:0}
execute if entity @s[tag=aj.mech_legs.bone.leg_low2] run data modify entity @s {} merge value {transformation:[-0.9926130404324166f,-0.08288529541058509f,0.08859672549374328f,-0.7344546216944343f,-0.02261914086788968f,0.8438778648435263f,0.53605832116807f,-0.9777314664972026f,-0.11919616784910585f,0.5300944982093581f,-0.8395189673487173f,-0.7148203561414567f,0f,0f,0f,1f],start_interpolation:0}
execute if entity @s[tag=aj.mech_legs.bone.bone3] run data modify entity @s {} merge value {transformation:[-0.9926130404324166f,-0.12119815469921491f,0.005509923866881095f,-0.8019308718811335f,-0.02261914086788968f,0.2294876401719671f,0.9730487127963843f,-0.8763194017609407f,-0.11919616784910585f,0.9657362115535519f,-0.2305338223868265f,-0.1721523052800368f,0f,0f,0f,1f],start_interpolation:0}
execute if entity @s[tag=aj.mech_legs.bone.leg2] run data modify entity @s {} merge value {transformation:[-0.9926130404324166f,-0.03454234382737354f,0.11630209992268052f,-0.8398908177305444f,-0.02261914086788968f,0.9944942708955313f,0.10232067055274904f,-0.18667437500000006f,-0.11919616784910585f,0.09893417831506539f,-0.9879293000671712f,-0.07226143236068872f,0f,0f,0f,1f],start_interpolation:0}
execute if entity @s[tag=aj.mech_legs.bone.hips] run data modify entity @s {} merge value {transformation:[-0.9918944425900297f,0f,0.12706460860135058f,-0.019751249999999998f,0f,1f,0f,0.21003187499999998f,-0.12706460860135058f,0f,-0.9918944425900297f,0f,0f,0f,0f,1f],start_interpolation:0}