execute if entity @s[tag=aj.mech_torso.bone.drillhead_left1] run data modify entity @s {} merge value {transformation:[0.47978868795169677f,0.33393268222230854f,0.8113518217502221f,1.8821989845863165f,-0.7791487983724724f,0.5873331342370565f,0.21901355990442206f,-0.34873135427655017f,-0.40339802293556365f,-0.7372440255241749f,0.5419790419569636f,1.9506574164836734f,0f,0f,0f,1f],start_interpolation:0}
execute if entity @s[tag=aj.mech_torso.bone.drillhead_left2] run data modify entity @s {} merge value {transformation:[-0.9815703279429301f,-0.06956282533008859f,0.17799074311352392f,1.5559309755563713f,-0.1640385310376024f,-0.17110802794647256f,-0.971500593467289f,-0.1801010491581791f,0.09803597113832475f,-0.9827934961650716f,0.15654357942311403f,2.0755565794941875f,0f,0f,0f,1f],start_interpolation:0}
execute if entity @s[tag=aj.mech_torso.bone.drillhead_left3] run data modify entity @s {} merge value {transformation:[0.6143559641123334f,-0.5458971412204743f,-0.5697043624257401f,1.8835997765657218f,0.7603732040062285f,0.6024310720144089f,0.2427125750777496f,0.009832655546586036f,0.21071150891422075f,-0.5822998494580632f,0.7851926803862915f,2.098747487222871f,0f,0f,0f,1f],start_interpolation:0}
execute if entity @s[tag=aj.mech_torso.bone.drill_left] run data modify entity @s {} merge value {transformation:[0.733503544995947f,-0.23589933619327658f,1.3204431281548217f,1.6733692330364085f,-1.1911669033411603f,0.5773928719216155f,0.7648430439430559f,0.055948244755763044f,-0.6167170825365139f,-1.3957847171634388f,0.09322588412007868f,1.587276171462785f,0f,0f,0f,1f],start_interpolation:0}
execute if entity @s[tag=aj.mech_torso.bone.left_hand] run data modify entity @s {} merge value {transformation:[-0.863709085381089f,-0.15430304839422931f,0.47978868795169693f,1.7246992661478424f,-0.500288025935101f,0.37767584129871473f,-0.7791487983724723f,0.21082619530726232f,-0.06097956162619048f,-0.9129904315794093f,-0.40339802293556365f,1.1555179824660067f,0f,0f,0f,1f],start_interpolation:0}
execute if entity @s[tag=aj.mech_torso.bone.left_arm_low] run data modify entity @s {} merge value {transformation:[-0.863709085381089f,-0.15430304839422931f,0.47978868795169693f,1.5314077964157855f,-0.500288025935101f,0.37767584129871473f,-0.7791487983724723f,0.5328856350358935f,-0.06097956162619048f,-0.9129904315794093f,-0.40339802293556365f,0.22611014006822414f,0f,0f,0f,1f],start_interpolation:0}
execute if entity @s[tag=aj.mech_torso.bone.left_arm] run data modify entity @s {} merge value {transformation:[-0.9558618064882533f,-0.4962090906326929f,0.2547090964306478f,1f,-0.5536658399555584f,0.9052742206997858f,-0.314173043937142f,1.4375f,-0.06748572513759553f,-0.39878202347134367f,-1.0301410355833718f,-0.18117374999999988f,0f,0f,0f,1f],start_interpolation:0}