# This file was generated by Animated Java via MC-Build. It is not recommended to edit this file directly.
execute unless entity @s[type=item_display,tag=aj.mech_torso.root] run return run function animated_java:global/errors/function_not_executed_as_root_entity {'export_namespace': 'mech_torso', 'function_path': 'animated_java:mech_torso/apply_default_pose'}
execute on passengers if entity @s[tag=aj.mech_torso.bone.barrel_left] run data merge entity @s {transformation: [-5.096225293617825e-16f,-2.295135833333333f,2.8107307519000596e-16f,4.201704375f,-2.295135833333333f,5.096225293617825e-16f,0f,1.4363499999999993f,-6.241075993562849e-32f,-2.8107307519000596e-16f,-2.295135833333333f,-0.7494249999999996f,0f,0f,0f,1f], start_interpolation: 0}
execute on passengers if entity @s[tag=aj.mech_torso.bone.blaster_left] run data merge entity @s {transformation: [-2.220446049250313e-16f,-1f,1.2246467991473532e-16f,3.125f,-1f,2.220446049250313e-16f,0f,1.6874999999999996f,-2.719262146893782e-32f,-1.2246467991473532e-16f,-1f,-0.2749237499999997f,0f,0f,0f,1f], start_interpolation: 0}
execute on passengers if entity @s[tag=aj.mech_torso.bone.sword_left] run data merge entity @s {transformation: [-5.915375596761882e-16f,-2.6640483333333336f,3.262518264190508e-16f,3.328733125f,-2.6640483333333336f,5.915375596761882e-16f,0f,1.4374999999999996f,-7.244245790328803e-32f,-3.262518264190508e-16f,-2.6640483333333336f,0.9211912500000004f,0f,0f,0f,1f], start_interpolation: 0}
execute on passengers if entity @s[tag=aj.mech_torso.bone.rocket_left] run data merge entity @s {transformation: [-5.116563654243104e-16f,-2.3042954166666667f,2.82194800631075e-16f,2.625f,-2.3042954166666667f,5.116563654243104e-16f,0f,1.5312499999999996f,-6.265983301802502e-32f,-2.82194800631075e-16f,-2.3042954166666667f,-0.33742374999999974f,0f,0f,0f,1f], start_interpolation: 0}
execute on passengers if entity @s[tag=aj.mech_torso.bone.drillhead_left1] run data merge entity @s {transformation: [1.2246467991473527e-16f,-1f,2.2204460492503136e-16f,4.08658875f,-2.220446049250313e-16f,2.220446049250313e-16f,1f,1.4358312499999992f,-1f,-1.2246467991473532e-16f,-2.2204460492503128e-16f,-0.4657112499999996f,0f,0f,0f,1f], start_interpolation: 0}
execute on passengers if entity @s[tag=aj.mech_torso.bone.drillhead_left2] run data merge entity @s {transformation: [-2.5200766984805435e-16f,-1f,2.8169819677908664e-17f,4.08658875f,-0.9238795325112867f,2.220446049250313e-16f,-0.38268343236509006f,1.2460106249999994f,0.38268343236509006f,-1.2246467991473532e-16f,-0.9238795325112867f,-0.12739937499999945f,0f,0f,0f,1f], start_interpolation: 0}
execute on passengers if entity @s[tag=aj.mech_torso.bone.drillhead_left3] run data merge entity @s {transformation: [1.582772617415284e-16f,-1f,-1.9811540277963134e-16f,4.08658875f,0.923879532511287f,2.220446049250313e-16f,-0.3826834323650896f,1.6254568749999994f,0.3826834323650896f,-1.2246467991473532e-16f,0.923879532511287f,-0.12726937499999957f,0f,0f,0f,1f], start_interpolation: 0}
execute on passengers if entity @s[tag=aj.mech_torso.bone.drill_left] run data merge entity @s {transformation: [1.8722466600399682e-16f,-1.5288054166666667f,3.39462994750998e-16f,3.569764375f,-3.394629947509979e-16f,3.394629947509979e-16f,1.5288054166666667f,1.4357606249999995f,-1.5288054166666667f,-1.872246660039969e-16f,-3.3946299475099783e-16f,-0.1967987499999996f,0f,0f,0f,1f], start_interpolation: 0}
execute on passengers if entity @s[tag=aj.mech_torso.bone.left_hand] run data merge entity @s {transformation: [-2.220446049250313e-16f,-1f,1.2246467991473532e-16f,3.125f,-1f,2.220446049250313e-16f,0f,1.5312499999999996f,-2.719262146893782e-32f,-1.2246467991473532e-16f,-1f,-0.2749237499999997f,0f,0f,0f,1f], start_interpolation: 0}
execute on passengers if entity @s[tag=aj.mech_torso.bone.left_arm_low] run data merge entity @s {transformation: [-2.220446049250313e-16f,-1f,1.2246467991473532e-16f,2.125f,-1f,2.220446049250313e-16f,0f,1.4687499999999998f,-2.719262146893782e-32f,-1.2246467991473532e-16f,-1f,-0.3061737499999998f,0f,0f,0f,1f], start_interpolation: 0}
execute on passengers if entity @s[tag=aj.mech_torso.bone.left_arm] run data merge entity @s {transformation: [-2.4573546901033677e-16f,-1.1066941666666668f,1.355309468843381e-16f,1f,-1.1066941666666668f,2.4573546901033677e-16f,0f,1.4375f,-3.0093915556048256e-32f,-1.355309468843381e-16f,-1.1066941666666668f,-0.3061737499999999f,0f,0f,0f,1f], start_interpolation: 0}
execute on passengers if entity @s[tag=aj.mech_torso.bone.drillhead_right1] run data merge entity @s {transformation: [1.2246467991473527e-16f,1f,2.2204460492503136e-16f,-4.08658875f,2.220446049250313e-16f,2.220446049250313e-16f,-1f,1.4391687499999994f,-1f,1.2246467991473532e-16f,-2.2204460492503128e-16f,-0.4032112500000005f,0f,0f,0f,1f], start_interpolation: 0}
execute on passengers if entity @s[tag=aj.mech_torso.bone.drillhead_right2] run data merge entity @s {transformation: [-2.5200766984805435e-16f,1f,2.8169819677908664e-17f,-4.08658875f,0.9238795325112867f,2.220446049250313e-16f,0.38268343236509006f,1.6289893749999993f,0.38268343236509006f,1.2246467991473532e-16f,-0.9238795325112867f,-0.12739937500000043f,0f,0f,0f,1f], start_interpolation: 0}
execute on passengers if entity @s[tag=aj.mech_torso.bone.drillhead_right3] run data merge entity @s {transformation: [1.582772617415284e-16f,1f,-1.9811540277963134e-16f,-4.08658875f,-0.923879532511287f,2.220446049250313e-16f,0.3826834323650896f,1.2495431249999993f,0.3826834323650896f,1.2246467991473532e-16f,0.923879532511287f,-0.12726937500000046f,0f,0f,0f,1f], start_interpolation: 0}
execute on passengers if entity @s[tag=aj.mech_torso.bone.drill_right] run data merge entity @s {transformation: [1.8722466600399682e-16f,1.5288054166666667f,3.39462994750998e-16f,-3.410140625f,3.394629947509979e-16f,3.394629947509979e-16f,-1.5288054166666667f,1.4370187499999996f,-1.5288054166666667f,1.872246660039969e-16f,-3.3946299475099783e-16f,-0.22381312500000036f,0f,0f,0f,1f], start_interpolation: 0}
execute on passengers if entity @s[tag=aj.mech_torso.bone.barrel_right] run data merge entity @s {transformation: [-5.096225293617825e-16f,2.295135833333333f,2.8107307519000596e-16f,-4.201704375f,2.295135833333333f,5.096225293617825e-16f,0f,1.4363499999999993f,-6.241075993562849e-32f,2.8107307519000596e-16f,-2.295135833333333f,-0.7494250000000005f,0f,0f,0f,1f], start_interpolation: 0}
execute on passengers if entity @s[tag=aj.mech_torso.bone.blaster_right] run data merge entity @s {transformation: [-2.220446049250313e-16f,1f,1.2246467991473532e-16f,-3.125f,1f,2.220446049250313e-16f,0f,1.6874999999999996f,-2.719262146893782e-32f,1.2246467991473532e-16f,-1f,-0.27492375000000036f,0f,0f,0f,1f], start_interpolation: 0}
execute on passengers if entity @s[tag=aj.mech_torso.bone.rocket_right] run data merge entity @s {transformation: [-5.116563654243104e-16f,2.3042954166666667f,2.82194800631075e-16f,-2.625f,2.3042954166666667f,5.116563654243104e-16f,0f,1.2812499999999996f,-6.265983301802502e-32f,2.82194800631075e-16f,-2.3042954166666667f,-0.3374237500000003f,0f,0f,0f,1f], start_interpolation: 0}
execute on passengers if entity @s[tag=aj.mech_torso.bone.sword_right] run data merge entity @s {transformation: [-5.915375596761882e-16f,2.6640483333333336f,3.262518264190508e-16f,-3.3287331250000003f,2.6640483333333336f,5.915375596761882e-16f,0f,1.4374999999999996f,-7.244245790328803e-32f,3.262518264190508e-16f,-2.6640483333333336f,0.9211912499999997f,0f,0f,0f,1f], start_interpolation: 0}
execute on passengers if entity @s[tag=aj.mech_torso.bone.right_hand] run data merge entity @s {transformation: [-2.220446049250313e-16f,1f,1.2246467991473532e-16f,-3.125f,1f,2.220446049250313e-16f,0f,1.5312499999999996f,-2.719262146893782e-32f,1.2246467991473532e-16f,-1f,-0.27492375000000036f,0f,0f,0f,1f], start_interpolation: 0}
execute on passengers if entity @s[tag=aj.mech_torso.bone.right_arm_low] run data merge entity @s {transformation: [-2.220446049250313e-16f,1f,1.2246467991473532e-16f,-2.125f,1f,2.220446049250313e-16f,0f,1.4687499999999998f,-2.719262146893782e-32f,1.2246467991473532e-16f,-1f,-0.30617375000000024f,0f,0f,0f,1f], start_interpolation: 0}
execute on passengers if entity @s[tag=aj.mech_torso.bone.right_arm] run data merge entity @s {transformation: [-2.4573546901033677e-16f,1.1066941666666668f,1.355309468843381e-16f,-1f,1.1066941666666668f,2.4573546901033677e-16f,0f,1.4375f,-3.0093915556048256e-32f,1.355309468843381e-16f,-1.1066941666666668f,-0.30617375000000013f,0f,0f,0f,1f], start_interpolation: 0}
execute on passengers if entity @s[tag=aj.mech_torso.bone.torso] run data merge entity @s {transformation: [-1.3197129166666666f,0f,1.616182199189251e-16f,1.3877787807814457e-17f,0f,1.3197129166666666f,0f,0.20333875f,-1.616182199189251e-16f,0f,-1.3197129166666666f,-0.130674375f,0f,0f,0f,1f], start_interpolation: 0}